[[0.1426046956441662, 0.1594672931284877, 0.14100175875774718, 0.13190525505023637, 0.14710369970762122, 0.12769499652980695, 0.1502223011819344], [0.14507692617512183, 0.16191660288358756, 0.1399245026579366, 0.1262600944756669, 0.14918904345654532, 0.12753421069310605, 0.15009861965803564], [0.14515422706978515, 0.16235573744321227, 0.14017217423071313, 0.12616469079961803, 0.14843515680940797, 0.12723144100298794, 0.15048657264427556], [0.1431706056918689, 0.165035799922623, 0.14023702810846528, 0.12704351878563486, 0.1467036153405916, 0.12647968451276176, 0.1513297476380546], [0.14419465571340143, 0.16368942595754243, 0.14068358357036836, 0.12719609034933446, 0.14664061093397388, 0.12677840433763274, 0.15081722913774673], [0.14346132433416064, 0.1628873081391274, 0.14060375313351572, 0.12704718283741173, 0.1464712017869406, 0.12766292619081498, 0.1518663035780289], [0.14418299512841046, 0.16375804002860436, 0.14093497764082696, 0.12753611099059795, 0.14614893932759124, 0.12653983608655753, 0.15089910079741145], [0.14413907570923987, 0.16310017426344137, 0.14140611498045969, 0.1283494758372393, 0.14546160160954602, 0.12660638238839642, 0.1509371752116773], [0.14445876792997833, 0.16110434494701217, 0.14035311938968936, 0.12732773865669994, 0.148408077490815, 0.12725552732540737, 0.15109242426039782], [0.1435539850511873, 0.164591913217226, 0.1412428398883195, 0.12781382446179682, 0.14492675124888404, 0.1258731946698177, 0.15199749146276853], [0.14394615041158923, 0.1621489950000935, 0.141187442161224, 0.12737025609932712, 0.14571499619310394, 0.12763547193530525, 0.15199668819935697], [0.14316762103334002, 0.16355615189639242, 0.1417861081649667, 0.12903733782070836, 0.1441895670497677, 0.12614363559363143, 0.1521195784411932], [0.14424193422838147, 0.16229374829631008, 0.14118418423374288, 0.12728250593183832, 0.14583389660331111, 0.12753157924408703, 0.15163215146232892], [0.14384427298629626, 0.16318525436673276, 0.14175521942108582, 0.1285574070985981, 0.1445309132238504, 0.1262081675951609, 0.15191876530827558], [0.14358450299983735, 0.16207232340090297, 0.14226617518349957, 0.12950959048428698, 0.14388170778946827, 0.12663933664013158, 0.1520463635018732], [0.14383028455197228, 0.16285669730879024, 0.14190222564658375, 0.12876324431642427, 0.14441605080783534, 0.12642390953692792, 0.15180758783146622], [0.1431073224581871, 0.16250133162312944, 0.1423899963694975, 0.13014057722509373, 0.1434376027310438, 0.12623914678951847, 0.15218402280353], [0.1439215545948919, 0.15679217059459086, 0.14229583839257642, 0.13324222741234046, 0.1458413607155295, 0.12731449174808443, 0.1505923565419864], [0.14446546445615338, 0.1606474505055602, 0.14216210000903545, 0.13081197714984275, 0.14524757104022315, 0.1249713789749217, 0.15169405786426343], [0.14357975714197438, 0.16451993592256356, 0.14106470949538583, 0.12716448546043227, 0.14519182751361204, 0.12569659647818654, 0.1527826879878454], [0.14315389459948635, 0.16415563121821797, 0.14143050270832327, 0.1280936843596792, 0.14447750465103298, 0.12573510807502647, 0.15295367438823393], [0.14520783425432016, 0.1564194336429798, 0.14281777025642825, 0.1336992580584335, 0.1454899727407967, 0.126982587914161, 0.14938314313288062], [0.1428882999051186, 0.16363363149995888, 0.14195314933433803, 0.1292989411029859, 0.1437560631890478, 0.12575936580808053, 0.1527105491604703], [0.14336292568642867, 0.16356564789290318, 0.14195140525197578, 0.12881970293301997, 0.14390739822117096, 0.12591633380140288, 0.15247658621309865], [0.1441726265286652, 0.16480300967585, 0.14131604345564627, 0.12774380224768506, 0.14511329199921705, 0.1251655143973943, 0.1516857116955421], [0.1435061929102756, 0.16413522670695369, 0.1417250576179863, 0.1284414660437922, 0.1442316778783003, 0.12582094820346013, 0.1521394306392317], [0.1435360019865456, 0.16577959483170776, 0.14084853585479026, 0.12687994001362837, 0.14527218480436604, 0.125326082496336, 0.15235766001262596], [0.14375315268577665, 0.16380833879625695, 0.14171692608552386, 0.12818029058113087, 0.14439714367646733, 0.1258558055171009, 0.15228834265774344], [0.1435039008642724, 0.16222251616507646, 0.14229204479384588, 0.12927273827464963, 0.14371045364005736, 0.12640577074604112, 0.1525925755160572], [0.14358866728425027, 0.16507201417114925, 0.14140614462550263, 0.12774534357717865, 0.14452404296474622, 0.12538300350718679, 0.15228078386998614], [0.14324675177926238, 0.16261443267939762, 0.14243305635365258, 0.12968006764406445, 0.14325257858572554, 0.12599753308856168, 0.15277557986933568], [0.14395076755792494, 0.16263270864659493, 0.14242995350214327, 0.12942226196448664, 0.14362579168783057, 0.1259123438118692, 0.15202617282915057], [0.1434763018337639, 0.16367774154556605, 0.14189378255111915, 0.12860590557964371, 0.14400159419766745, 0.12563591744297978, 0.15270875684926], [0.14390728038968414, 0.16150429354654597, 0.14269060468183037, 0.12961811097018697, 0.14333605898851057, 0.12652060567790202, 0.15242304574533988], [0.14321686724958, 0.16291237942322986, 0.1424769949730682, 0.1296584181023729, 0.14313504211265984, 0.12561257217399047, 0.15298772596509863], [0.1438579515188459, 0.1651292076063114, 0.14153062037218594, 0.12784481075853998, 0.1444373129450536, 0.12485705877779926, 0.15234303802126387], [0.14403633050287573, 0.16024877926412254, 0.14145190601558014, 0.12922449932328592, 0.14642057312289208, 0.12631607719672142, 0.15230183457452234], [0.14332661726344686, 0.16318012841323593, 0.14230238349920746, 0.12909469463202514, 0.14335614826480506, 0.12574780744691375, 0.15299222048036573], [0.14380340153784177, 0.15762343684962762, 0.14354986432667677, 0.13524784357455666, 0.14328425315539825, 0.12586116190984634, 0.15063003864605243], [0.14380340153784177, 0.15762343684962762, 0.14354986432667677, 0.13524784357455666, 0.14328425315539825, 0.12586116190984634, 0.15063003864605243], [0.14335832522971903, 0.16278144986358448, 0.1426722206528577, 0.1299289575136918, 0.142942333271646, 0.125635190362527, 0.15268152310597397], [0.14380328365369932, 0.16234767124629398, 0.1427345703908209, 0.12962487290522562, 0.1430751181463716, 0.12580755278077876, 0.15260693087680993], [0.14390163801484543, 0.16512702212809863, 0.14164956379488153, 0.12761431816566463, 0.14414682852092556, 0.12477636679706317, 0.15278426257852099], [0.14300296142515417, 0.15851093798102198, 0.14381917534611188, 0.13547017024106323, 0.14224755835580954, 0.12525706986975024, 0.15169212678108895], [0.14330812824378594, 0.1626826697741611, 0.14264957061503292, 0.12970762157712507, 0.14282199575814958, 0.12551091134970083, 0.15331910268204457], [0.14342307925007242, 0.16116014478653343, 0.1422162320717703, 0.12989805089067244, 0.1443194873884384, 0.12549266729682426, 0.15349033831568892], [0.1438275262054262, 0.16388540970601806, 0.14249385045087753, 0.12902643514808626, 0.14302506480720917, 0.12437432950714734, 0.15336738417523557], [0.14325523799399462, 0.15942333545692255, 0.14386185200318216, 0.1356992329337548, 0.14180033666978153, 0.1245928669875253, 0.15136713795483892], [0.14255573976719596, 0.15841730523609546, 0.1448784994573572, 0.13687222927979673, 0.14031081490431777, 0.124394819703304, 0.15257059165193274], [0.14390396708083214, 0.1615576741104029, 0.14225635582527893, 0.12934129425480267, 0.1443085541031601, 0.1252470513767635, 0.15338510324875987], [0.14272618465984482, 0.15941010913917816, 0.1445141047358959, 0.1370475300369688, 0.1404855491667047, 0.12431849418741522, 0.15149802807399249], [0.14351075369375352, 0.16192779120020506, 0.1432245225234531, 0.13029053567939727, 0.14221834054382837, 0.12433204303685058, 0.1544960133225121], [0.14600728832564025, 0.16091091086278958, 0.14455411337415863, 0.12964924944416728, 0.14112147091833196, 0.12315593446364811, 0.15460103261126412], [0.14553221748702833, 0.16075598692741083, 0.1448255386899409, 0.12989348752878951, 0.14049849269952816, 0.12313715251261104, 0.1553571241546912], [0.14605149320518845, 0.16070800346218633, 0.14487936908023444, 0.1296807190025901, 0.1405462942075319, 0.12297244574340413, 0.15516167529886463], [0.14571084864589712, 0.15749920940298212, 0.14618194067191168, 0.1321237017946976, 0.13921829552091416, 0.12494602651516785, 0.15431997744842932], [0.14366266635783914, 0.16381246549239484, 0.14141552451992495, 0.12801759747177854, 0.1448495760307451, 0.1261588235796585, 0.15208334654765882], [0.14353000253952017, 0.16404748088907897, 0.14157143342417225, 0.12807560409365928, 0.1445059677212847, 0.1259505402041368, 0.15231897112814782], [0.14409801459916377, 0.16337958676435638, 0.1403579966239019, 0.12720462943598082, 0.14742007449410036, 0.12721036237962866, 0.15032933570286816], [0.14368670218775426, 0.1649163392524592, 0.14055847595587262, 0.12725777704094196, 0.14629905393648435, 0.12609342978297136, 0.1511882218435163], [0.14458427970120774, 0.16285884439042572, 0.1422507923472374, 0.12988136748497348, 0.14438440353796747, 0.12418283907514883, 0.1518574734630393], [0.14451557069632232, 0.15906725060718546, 0.1412359676912841, 0.12963275834679464, 0.1478707370627056, 0.12581306265140452, 0.15186465294430332], [0.14285011414922116, 0.15846092177517285, 0.14341515485573134, 0.1344320189172691, 0.14294350442435963, 0.12560671234468143, 0.15229157353356437], [0.14324677590905235, 0.1589980574926785, 0.14322118001212458, 0.13523921118991186, 0.1429980898014482, 0.12551966119928556, 0.1507770243954989], [0.1432557529808576, 0.15872925989506043, 0.1439941950954847, 0.13457739812623118, 0.14207392808056607, 0.12469650140025385, 0.15267296442154618], [0.14407652071561383, 0.15914713559141785, 0.14365832406575463, 0.13313003166363788, 0.14283983078785453, 0.12427773440635682, 0.15287042276936438], [0.14288171324123922, 0.15812336896622023, 0.14502538534113857, 0.1359967113285993, 0.14032772141864, 0.12423722490785082, 0.15340787479631182], [0.14298561470614451, 0.1582579197893677, 0.14511022773402102, 0.1359578132086656, 0.1402075186385349, 0.1240987888503058, 0.15338211707296048], [0.1430321457461082, 0.15825372866701728, 0.14503873060249564, 0.13564026571117205, 0.1403258635283918, 0.12409112681669374, 0.15361813892812123], [0.1427019617554572, 0.1593087523719095, 0.14542787755627792, 0.13722495188009867, 0.13913652631394746, 0.12335136307289792, 0.15284856704941138], [0.1444810535136774, 0.16666666666666666, 0.1372493796774829, 0.12416978106218124, 0.15230213945902307, 0.12799798154322342, 0.14713299807774521], [0.1429943936437639, 0.16174747632985886, 0.1400237155064382, 0.12810514958843902, 0.1482403783550407, 0.12769548998178482, 0.1511933965946745], [0.14412681838379376, 0.16259923518837321, 0.14023228656099762, 0.12638738637981015, 0.14769840246642119, 0.12814677282039014, 0.150809098200214], [0.14428978474264362, 0.16330561922114945, 0.13997506632481085, 0.12587346730459922, 0.1481063923414534, 0.12750550264601074, 0.15094416741933264], [0.14402711467276158, 0.1626645856387103, 0.14038813733789493, 0.12646748714754924, 0.14728203714516752, 0.1281048219492911, 0.15106581610862524], [0.14399283011063826, 0.16291654007125395, 0.1405063246208674, 0.1266792382793655, 0.1469816188837968, 0.12780482733218182, 0.1511186207018963], [0.1436055535571801, 0.163423682763334, 0.13965485522475835, 0.12590970286897216, 0.1485443149580293, 0.12757728425504364, 0.15128460637268243], [0.14359708851766834, 0.16384159618744584, 0.14029906616954943, 0.1265054712228559, 0.1469777952711287, 0.12723927337909188, 0.15153970925225982], [0.145570708816479, 0.16193782004484847, 0.14050192281690002, 0.12681463917841107, 0.1481369727956615, 0.12671055744469967, 0.15032737890300013], [0.14374443415339164, 0.1620947774537265, 0.14036838928364467, 0.12628432527588937, 0.14726553836403217, 0.12830380701274235, 0.15193872845657333], [0.1437117978125226, 0.16142187906924862, 0.14016723903436648, 0.12601963085194642, 0.14781126035902026, 0.12868354508753718, 0.15218464778535837], [0.14479813448244871, 0.16258459199252326, 0.14054831149211952, 0.1263467710854245, 0.1473383334821603, 0.12752440481806016, 0.1508594526472637], [0.14397982184456348, 0.16423747703578215, 0.1403106741001153, 0.12649484610428854, 0.14708297741957238, 0.1268528652404539, 0.15104133825522417], [0.14379648686734497, 0.16393571856159245, 0.14030575016940944, 0.1261834909863218, 0.14692349120504322, 0.12719342573782894, 0.1516616364724591], [0.14440094331897027, 0.16666666666666666, 0.13637143586087844, 0.12041850358979, 0.15351925976551611, 0.130828668831433, 0.1477945219667455], [0.14407416093038408, 0.16490803931560294, 0.1404510016547752, 0.12659199447131605, 0.1466219009297771, 0.12579537137192645, 0.15155753132621813], [0.14509141117237345, 0.16280851266609686, 0.14111005721759518, 0.1271377637861525, 0.14635330507296684, 0.12638548233415237, 0.15111346775066278], [0.14402796412858127, 0.16420729438883627, 0.1400424310415241, 0.12574772174382406, 0.147506178987715, 0.12685817321324952, 0.1516102364962697], [0.1437965872894284, 0.1641133936386305, 0.14062203537421292, 0.12664758358313893, 0.14632069507322074, 0.1267301010399238, 0.1517696040014447], [0.1440192291977085, 0.16105338327643254, 0.14133516743144922, 0.12756836936175706, 0.14575271434058248, 0.1281512610184418, 0.15211987537362834], [0.1421476035088099, 0.1622518259061133, 0.14202369083129915, 0.13064218550623294, 0.14378175085091918, 0.12615635431994648, 0.1529965890766791], [0.14420507697434704, 0.1635840326268663, 0.14148672185926764, 0.12764953110804908, 0.14503962269626497, 0.1258912768256265, 0.15214373790957847], [0.1455273356679219, 0.1623557269626526, 0.142339938538916, 0.12854608644852183, 0.14433007558573147, 0.1246247551212079, 0.15227608167504833], [0.14516249860468727, 0.1636037902687631, 0.14147137688922118, 0.1270328649452452, 0.14539911479984913, 0.12538945817027394, 0.15194089632196023], [0.1442870832944295, 0.16199080100642835, 0.14187157427111988, 0.1278321265710304, 0.14469894375847023, 0.1270560458367019, 0.1522634252618198], [0.1437008920287729, 0.1637159730210139, 0.1412661111412908, 0.12770530762702353, 0.14531001984228806, 0.12525777575503363, 0.1530439205845771], [0.14250773960779278, 0.1618538130959384, 0.14273883530964934, 0.13122780602115866, 0.14281446944939266, 0.12547826368904608, 0.1533790728270221], [0.14384604954651417, 0.15895149142081355, 0.14437852378460161, 0.1320986545381598, 0.1411242622667739, 0.1265294596593608, 0.1530715587837762], [0.1452605356967229, 0.1603399624616111, 0.1433995785178953, 0.12797759085493807, 0.14254338432721445, 0.12607880999567603, 0.15440013814594217], [0.14508766129316045, 0.1618959186128814, 0.14352368402232618, 0.1284513454449745, 0.14214164449750005, 0.12410040335240574, 0.15479934277675175], [0.14555865481453079, 0.1602644399421948, 0.14434628933068092, 0.12931098288736598, 0.1412559235027477, 0.12444573034413185, 0.15481797917834794], [0.14427710539120328, 0.15785744132618557, 0.14577581524398178, 0.13137620107773545, 0.13904709816945093, 0.12479165929357802, 0.15687467949786488], [0.1458138803726806, 0.15657411054837442, 0.14732920283473705, 0.13480625451584577, 0.13811326106182437, 0.12399063380003439, 0.15337265686650334], [0.139566274447911, 0.16666666666666666, 0.14532677901640992, 0.14344151733374919, 0.13382722296511815, 0.12256402329122522, 0.14860751627891977], [0.1417440605054404, 0.16666666666666666, 0.14596607941603573, 0.13866112601826386, 0.13472598807691769, 0.12035665935104096, 0.1518794199656347], [0.1414149129320442, 0.14543961853716572, 0.15399559622152212, 0.15668561590555816, 0.126834560065093, 0.12763158534094216, 0.14799811099767457], [0.1412733200537098, 0.14610646874982403, 0.14735927038201527, 0.1503455956875901, 0.1345967650612029, 0.13398077422670723, 0.1463378058389507], [0.14001489105100473, 0.14833524701378006, 0.14821570505121917, 0.15828202393915597, 0.1303945429698699, 0.1308059381186283, 0.14395165185634193], [0.14982969775605023, 0.14782043034179904, 0.15840958918647427, 0.14750840213982774, 0.1270440623502502, 0.1207732844282438, 0.14861453379735462], [0.15104364601652254, 0.1448250636046148, 0.15684625183312506, 0.14539452965934013, 0.12993195764416637, 0.12346102899295563, 0.14849752224927545], [0.14138948724560502, 0.14573703907023644, 0.15172953328412422, 0.15982901474509542, 0.12832353628371634, 0.1276267422441018, 0.14536464712712072], [0.141136797026553, 0.1458581500627852, 0.15110993459914865, 0.15956819679314804, 0.12879337556169687, 0.12836067876097593, 0.14517286719569225], [0.1403330984252644, 0.1472890706415208, 0.1518569632588341, 0.16666666666666666, 0.12539870423978963, 0.12409392723403513, 0.14436156953388918], [0.14326817392954727, 0.16423629385195504, 0.140050479234412, 0.12725539396755015, 0.1474291617015955, 0.12684534643466258, 0.15091515088027763], [0.1423393925916496, 0.16381139320953986, 0.14047045361953328, 0.12863016540938754, 0.1464184419603882, 0.1270945164182092, 0.1512356367912924], [0.14303301792517628, 0.16388289957085656, 0.14008956968538955, 0.12762737386100229, 0.14746313844294326, 0.12687353028254783, 0.15103047023208424], [0.14266123842358777, 0.1639284041970844, 0.14005838969460258, 0.12764500727296643, 0.1472611203422489, 0.12704700358270946, 0.15139883648680033], [0.14385637884535624, 0.16090046705685496, 0.13916284204691065, 0.12571675567007976, 0.15060204817690548, 0.1289562682164185, 0.15080523998747444], [0.1434338213835174, 0.1638267185050217, 0.13972674678744487, 0.12604375652737035, 0.14803640254316358, 0.1274317661060398, 0.15150078814744242], [0.14398941668463974, 0.16313570630732505, 0.13965467462112588, 0.125802611358578, 0.1488282786614928, 0.12759304828119913, 0.1509962640856394], [0.14283587636711786, 0.16462243353736447, 0.14043570379155965, 0.12769263356346508, 0.14635904929647078, 0.12635942249775306, 0.15169488094626904], [0.14377646249540027, 0.16321907625401968, 0.14048911323966362, 0.1265471578169157, 0.14671899607036268, 0.12744086513456374, 0.1518083289890743], [0.1440138260252659, 0.1645014658282667, 0.1403791237278995, 0.12635320238382672, 0.1468038301376846, 0.12648269479216, 0.1514658571048966], [0.14432385844128134, 0.163068617180501, 0.13983530300177813, 0.12543932883244613, 0.1484633809211117, 0.12733380092429472, 0.151535710698587], [0.14326073232318334, 0.1650672534433022, 0.1411659536208194, 0.12830754330492722, 0.14499067715455646, 0.1255149470653696, 0.15169289308784162], [0.14276543380913306, 0.16428396438669007, 0.14100958483753434, 0.12794451399255852, 0.14511941519100569, 0.12604202169342457, 0.15283506608965358], [0.1430480009337998, 0.16457927251215745, 0.14154229633114576, 0.12861186137665112, 0.14428861130178736, 0.12552730547253665, 0.15240265207192197], [0.14660847752199258, 0.15719630076817054, 0.14785703238313533, 0.13319345381448208, 0.13663405817351393, 0.12115537048699598, 0.1573553068517095], [0.14811018990762417, 0.15396799358626276, 0.14794205917319944, 0.1312390260551124, 0.13756246910286576, 0.12148283347204421, 0.15969542870289125], [0.14796746463460286, 0.15512082548317782, 0.15284331036522097, 0.1381252357543629, 0.13069870051895457, 0.11950133872464551, 0.15574312451903538], [0.1473794177217872, 0.1527767601148468, 0.1574095492734032, 0.14360334886823173, 0.12712073087854617, 0.11823461396769898, 0.1534755791754858], [0.14248774611479292, 0.14909603953918274, 0.15333891927191404, 0.15836295346528714, 0.1263116034434348, 0.12431769494230728, 0.1460850432230811], [0.1429571684226155, 0.16345291194524805, 0.13989972312959964, 0.12769967912560773, 0.1479884700442259, 0.12758120621909014, 0.15042084111361323], [0.14304175524559584, 0.16089716034913568, 0.13963204505392507, 0.12765575571435725, 0.14938709409467923, 0.1284609006973777, 0.15092528884492926], [0.14343280530581215, 0.16417966800809192, 0.14017646755007074, 0.12737463221055703, 0.1472942468178198, 0.12692990152265443, 0.15061227858499387], [0.1425034880140962, 0.16381017485836646, 0.14039317177652177, 0.12828745447492387, 0.14652094355101028, 0.12678179482754345, 0.1517029724975379], [0.1432755947179671, 0.16361439139417783, 0.14126617710999184, 0.1288721533988034, 0.14523270327834475, 0.12656075031615846, 0.15117822978455656], [0.14356311581070216, 0.16349603560049117, 0.14062733662950408, 0.12702506260417282, 0.14641513976539525, 0.12724737226719507, 0.15162593732253934], [0.1442564724068246, 0.1615365043354853, 0.14098145478303517, 0.12730032735774002, 0.1465251777291129, 0.1283051497977112, 0.15109491359009086], [0.14398777373139313, 0.16249767062939202, 0.14071330083585049, 0.1268802721830466, 0.1466576960043186, 0.12782761712165222, 0.15143566949434703], [0.14371309458481774, 0.1640578366162446, 0.13995602780304026, 0.1258266173141527, 0.14764166558358013, 0.1270879329324392, 0.15171682516572538], [0.14345872789758077, 0.16468937067634135, 0.14103633623437184, 0.12802757000477819, 0.14541806894015702, 0.12576770355251624, 0.15160222269425472], [0.14357679032632248, 0.1634958023837543, 0.1410113449167793, 0.1272809479300173, 0.1455922358836623, 0.1268652754680215, 0.1521776030914428], [0.1437481891380906, 0.16350518245973708, 0.14054026261802005, 0.1262270014988178, 0.14652298927983143, 0.12701778069376551, 0.15243859431173756], [0.14436750694077455, 0.16276023569206993, 0.143202498972898, 0.1291659229406139, 0.14219476455978672, 0.12435834927638911, 0.15395072161746795], [0.14251415036820278, 0.16357113689812638, 0.1415362544546885, 0.1291684626575176, 0.14427191300487122, 0.12606960053207947, 0.15286848208451387], [0.14480840708403028, 0.16293025356839358, 0.14193615721848257, 0.12945306061732356, 0.14501339738910446, 0.12450411860600241, 0.15135460551666322], [0.14371803928557159, 0.16563107185644327, 0.14060767620621487, 0.12677207022966874, 0.14592297165085574, 0.12556037716115434, 0.15178779361009156], [0.14336316300520982, 0.16666666666666669, 0.14069204792916054, 0.12693953321660528, 0.14518980279379606, 0.1250910965705669, 0.15205768981799472], [0.14270603279933847, 0.16086946620587975, 0.14231211834125038, 0.1301545675354174, 0.14374538570124681, 0.12743198430875394, 0.1527804451081134], [0.1436335114896744, 0.16396013464886197, 0.14070670316518394, 0.12647929354054546, 0.14597388889627494, 0.1260963955901934, 0.15315007266926595], [0.1437872166584132, 0.15788114712076, 0.14297386005745413, 0.13454405770325215, 0.14413383319326453, 0.12606874310519547, 0.1506111421616604], [0.1449510000603219, 0.1608253478804853, 0.14333415374527897, 0.13208015615839405, 0.14330819846667242, 0.1244113548682098, 0.15108978882063748], [0.1441886862586693, 0.16478241427835333, 0.14089748119812548, 0.12684140958510612, 0.1458413123652655, 0.1255973211138177, 0.1518513752006627], [0.1427875207148876, 0.16366773080944164, 0.1420028517974199, 0.12930563884892396, 0.1436089904573078, 0.12551343161283207, 0.15311383575918705], [0.1441080218078981, 0.16411014517067835, 0.14214650866334502, 0.1284212275887283, 0.14369631180336181, 0.12492992484037485, 0.15258786012561357], [0.14420958042678497, 0.1646043098267385, 0.14177456892895718, 0.12791265104021687, 0.14428555287699357, 0.12448283873345704, 0.15273049816685175], [0.14364391922105563, 0.158171344268034, 0.1437980981402233, 0.13529627586995233, 0.14264258440970345, 0.12527369072453007, 0.15117408736650126], [0.14381224204929885, 0.16189452081347644, 0.1416694592208504, 0.12839284061602904, 0.14514530808364598, 0.1255989256831316, 0.15348670353356766], [0.14383399933025054, 0.16125395912484355, 0.14173081371296029, 0.12838076799901638, 0.14512138015259873, 0.12571600305490083, 0.15396307662542952], [0.1437219709299713, 0.1617816039848655, 0.14250381754291147, 0.12920106087738156, 0.1435583817496444, 0.12481913728259936, 0.15441402763262632], [0.14469945287680988, 0.16142189768439077, 0.1428399616826854, 0.1310951329500709, 0.14388240035148933, 0.12419444319603243, 0.1518667112585214], [0.14366602538295786, 0.157084011398832, 0.1422531450532161, 0.13294347088743955, 0.1456138102685166, 0.1272124867111691, 0.15122705029786873], [0.1424246837328474, 0.15105178183076667, 0.13590989298358908, 0.1254208176197074, 0.15819076244518518, 0.14239210900128552, 0.14460995238661878], [0.14663407297467168, 0.15123479147597485, 0.15197057366381464, 0.13549114468007392, 0.1327461268040689, 0.12135167532551207, 0.16057161507588402], [0.14260122494688626, 0.15017734804983957, 0.15320508307257877, 0.1460652092439904, 0.13027186893429152, 0.12380013830182338, 0.15387912745059015], [0.14277060510981202, 0.1477683470550573, 0.15291800680067677, 0.14732960474517162, 0.13088951742244062, 0.1262675369422424, 0.15205638192459905], [0.14787792368069638, 0.14417216170224997, 0.16133759120185903, 0.14778890510023163, 0.12608913873314004, 0.12238339722647788, 0.15035088235534505], [0.1517756471899533, 0.14279606266166453, 0.15774182311985643, 0.1390831019611374, 0.1298890263927769, 0.12617107764564353, 0.1525432610289678], [0.14872721622127094, 0.1447262662967445, 0.16666666666666666, 0.14539215068070055, 0.12399228702090004, 0.11953891757791285, 0.1509564955358044], [0.1454959915742747, 0.14747871556511766, 0.15970045716555273, 0.15284883007561384, 0.1244310192434977, 0.12108851669889217, 0.14895646967705117], [0.13915524430965256, 0.14261758949005535, 0.13765841020733752, 0.12902317910911482, 0.14296259612870327, 0.16666666666666669, 0.14191631408846983], [0.13939054216303795, 0.14280622417211977, 0.13783687088712304, 0.12904133326209855, 0.14304044850714304, 0.16582875235736477, 0.142055828651113], [0.14468841325837653, 0.14745543734260882, 0.15879007033791906, 0.15491065873228232, 0.12443953747115903, 0.12146067205893263, 0.14825521079872164], [0.1467754529792901, 0.1494000617782519, 0.14935899426680208, 0.13136662674912594, 0.13406456037238876, 0.12236763718747462, 0.16666666666666669], [0.1486313613524415, 0.1459749937448736, 0.1622317886351414, 0.14606292490663147, 0.12574307065313817, 0.11946872943062427, 0.15188713127714965], [0.14911589443163292, 0.15549972043659924, 0.14757983850509943, 0.1326320340766592, 0.1386034779431144, 0.12078353763306518, 0.15578549697382962], [0.14861035924175603, 0.15517755698691335, 0.14884138595331262, 0.134632273799481, 0.1371368460730468, 0.12033293113175862, 0.15526864681373154], [0.15106168507027418, 0.15421829771498008, 0.14671207127879862, 0.1312193407177804, 0.14048239000614354, 0.12209793059754516, 0.15420828461447816], [0.15108691685424197, 0.15481613585932563, 0.14761817220275944, 0.13118083504591954, 0.13897178879784416, 0.12088565449922889, 0.15544049674068036], [0.1532221815497661, 0.1522855248413753, 0.14450751672500103, 0.12913451622315494, 0.14403282139488732, 0.12818868082777882, 0.14862875843803652], [0.15614915233251922, 0.1500093745667951, 0.15209241615849903, 0.1354305415280264, 0.1336654653148909, 0.12124053395372697, 0.1514125161455424], [0.15361168736420275, 0.1461464157586597, 0.15967434176858267, 0.1419914663829169, 0.12739519908359753, 0.12012723041703935, 0.15105365922500127], [0.1512923609038021, 0.14665639116838422, 0.15692808990157625, 0.1459902443271549, 0.12908297657375903, 0.12205505199960509, 0.14799488512571854], [0.15125278125518313, 0.1473830169472704, 0.14394419170210418, 0.1343724137095199, 0.14400361369862566, 0.13521891373468214, 0.14382506895261482], [0.1433881144800674, 0.15649764379261674, 0.13585263999466346, 0.12273947292258351, 0.15846749017570333, 0.13819301037758303, 0.1448616282567826], [0.14193396956259982, 0.15563374964475965, 0.13381875865176301, 0.12103494518983578, 0.16666666666666666, 0.13702391597918845, 0.14388799430518667], [0.14396279150540242, 0.1631154792619029, 0.14220416711301564, 0.12872440165538954, 0.14390420647323582, 0.12473846794657252, 0.15335048604448115], [0.14354552094895492, 0.16666666666666666, 0.14217885456217777, 0.1312977271732064, 0.13974661381334194, 0.1268000237817305, 0.14976459305392173], [0.1462435026625586, 0.16666666666666669, 0.13931529766930553, 0.12838040839317633, 0.14623587427544868, 0.1277474790311075, 0.14541077130173685], [0.15419600191941613, 0.15330403088774108, 0.14630540028984848, 0.12821428308367247, 0.14163928400821676, 0.12212380380244708, 0.15421719600865788], [0.1651793646320457, 0.14490478283331815, 0.14860163267736265, 0.13005642661151942, 0.13718424140714533, 0.12502828602103977, 0.14904526581756894], [0.16236406187125094, 0.14346725768666588, 0.15089586909709463, 0.13159164011631236, 0.13548607647214067, 0.125228369778766, 0.15096672497776953], [0.16055341492305572, 0.1478127512652656, 0.14698259411364048, 0.13006418070497483, 0.13990252982358814, 0.1261832407788903, 0.148501288390585], [0.1607719475977324, 0.14653664823289855, 0.14752261995220034, 0.13044828479145515, 0.13966127658440208, 0.12625435982184058, 0.1488048630194708], [0.1627174330813665, 0.14317528064017346, 0.15103069862884988, 0.13154139025148084, 0.1354650508007753, 0.12489582705360507, 0.15117431954374902], [0.16078839452324667, 0.14295209962878555, 0.152877076874565, 0.13314612234133918, 0.13402855493674556, 0.12394485427214556, 0.15226289742317245], [0.16666666666666669, 0.1441676272037279, 0.14949925154280577, 0.13046581298887144, 0.135917967070806, 0.1238942400803733, 0.14938843444674899], [0.16369790510629756, 0.14403258588261272, 0.15043150007631348, 0.13104746835361492, 0.1355872896509236, 0.12443255714352844, 0.15077069378670926], [0.16405376948437378, 0.14564704848942792, 0.1484873222843624, 0.13014082219249756, 0.13723098250016527, 0.12549233146372213, 0.14894772358545091], [0.16243950252244255, 0.14602503023029928, 0.14713437408103022, 0.12978488912964625, 0.13954648564655772, 0.12718012506724793, 0.14788959332277613], [0.14706944779162104, 0.1446918474013621, 0.1485009232748098, 0.13659203965021727, 0.13685155229292142, 0.13813605010271346, 0.14815813948635498], [0.1627088248664192, 0.145692207894269, 0.14771038541101913, 0.12984257970663787, 0.13879311834697836, 0.12689195015866733, 0.14836093361600913], [0.15968024771688843, 0.1480363419533429, 0.14613905124097012, 0.12969033875108119, 0.1412278767445406, 0.12728680659911082, 0.1479393369940658], [0.16467635149926543, 0.14539207640672613, 0.14834293640337184, 0.13009940392203365, 0.13757697935544064, 0.12524948663165883, 0.14866276578150361], [0.16030695589195088, 0.14851732764274603, 0.14705931301048278, 0.13051762764169297, 0.13963312528019023, 0.1259188954642684, 0.1480467550686687], [0.1614104558397376, 0.1477130790525176, 0.1475541002406091, 0.1305634122967775, 0.13898280489567824, 0.12553680263508438, 0.14823934503959557], [0.15041786040050367, 0.1476183174328415, 0.14098905892531619, 0.12774421341461578, 0.14937546913874553, 0.1386006232458961, 0.14525445744208126], [0.1616269126819641, 0.1450476774468769, 0.15184457276391458, 0.13262675894378384, 0.13399917175016185, 0.12354274822315005, 0.1513121581901486], [0.16004199885219403, 0.14511614471192466, 0.1500175611871243, 0.13151428570524032, 0.13635112309677025, 0.12538604355531535, 0.15157284289143116], [0.16030207676960984, 0.14823208302046817, 0.14640646696533413, 0.12978940512153075, 0.14059902432054772, 0.12675354847901887, 0.14791739532349063], [0.16017153971307319, 0.14585892368361517, 0.14756389742584233, 0.13060175150363965, 0.14002499529447385, 0.1268034442472073, 0.1489754481321487], [0.16031748648295596, 0.14537548788577045, 0.14794253689178755, 0.13105422686116677, 0.13968458406647713, 0.12672925829048162, 0.14889641952136048], [0.1601579011817616, 0.14550143880914665, 0.14822358748249778, 0.1311019953425081, 0.13925816592284274, 0.1262924197465955, 0.14946449151464766]]