[[0.15934253047990848, 0.1479768430886146, 0.16666666666666666, 0.11877540723742688, 0.14066301783480348, 0.14262625160231024, 0.12394928309026965], [0.15325180065788033, 0.15292197454785178, 0.16666666666666666, 0.12166211466957916, 0.13873422991219703, 0.1465664050557714, 0.12019680849005354], [0.15299184221862547, 0.1535920830610239, 0.16374242582058998, 0.1222643521855396, 0.14020726248755064, 0.14613879544179456, 0.12106323878487603], [0.1547171865465543, 0.15206232927073712, 0.1636305876381935, 0.12141486206309912, 0.14193763368819864, 0.1441876436228634, 0.12204975717035386], [0.15304911610220545, 0.15292423634462965, 0.16388486098312613, 0.12182624807284509, 0.1418653865879813, 0.14415436180791316, 0.12229579010129929], [0.15198962032273244, 0.1520452317492653, 0.16378043769621528, 0.12294573739792136, 0.14295472530137007, 0.14402872269555955, 0.12225552483693608], [0.1534666962844682, 0.15291081697637854, 0.16402621040556165, 0.12142868998971089, 0.14208022277316112, 0.1435354983832356, 0.12255186518748386], [0.15317921329558454, 0.1526121013627385, 0.16457606113543657, 0.12114719973529613, 0.14278569402689353, 0.14257189861808503, 0.12312783182596579], [0.155873737179771, 0.15182552036927835, 0.16666666666666666, 0.12067308458284938, 0.13884510397062155, 0.14535853059065443, 0.12075735664015855], [0.15348901070036253, 0.15237367376671518, 0.16666666666666666, 0.12008942479698931, 0.14323159560810025, 0.1418444279830213, 0.12230520047814473], [0.1517584693630599, 0.15239772164884072, 0.16433813166223865, 0.12269165581993534, 0.14335998409226428, 0.14306119051679722, 0.12239284689686404], [0.15388710581238696, 0.15172906452834906, 0.16481912713753563, 0.1203470137999616, 0.1445887150509461, 0.14097432766496013, 0.12365464600586051], [0.15201445506478145, 0.15280189263085994, 0.16349454975232242, 0.12282110025876768, 0.14299958630334939, 0.14332636865199222, 0.12254204733792673], [0.15285816423780657, 0.15249259268560492, 0.16492545287572052, 0.12073444101867484, 0.14405171997252184, 0.14153611448709202, 0.12340151472257921], [0.15242590547645335, 0.15195162199002793, 0.16358824686724613, 0.12128098019091113, 0.14538623435560732, 0.1408315435325987, 0.1245354675871554], [0.15272292901654308, 0.1524191628518042, 0.16447798363025992, 0.12099721607134044, 0.14431512207926173, 0.14141557866580148, 0.1236520076849893], [0.15393645865531, 0.15140122819910623, 0.16366067725058286, 0.12039827923280208, 0.1456584526964779, 0.14008152532815657, 0.12486337863756428], [0.16098756116414356, 0.14886272873186268, 0.1609000820496273, 0.11983719330210514, 0.1406368292545468, 0.1418843487295935, 0.12689125676812105], [0.15994897672711436, 0.15140399702280938, 0.16666666666666666, 0.11645936308592868, 0.14115378564698416, 0.14087490227131944, 0.12349230857917735], [0.15413079087335052, 0.15278115036671236, 0.1639745834933663, 0.1207251307548014, 0.14343121746139484, 0.14258598802460282, 0.12237113902577175], [0.15395170807192185, 0.1521610562937981, 0.16440583035162873, 0.12043670892671278, 0.14433888322647717, 0.14160522123035132, 0.12310059189911007], [0.1589900239202557, 0.15020815335286378, 0.15970034132313038, 0.12038137058290109, 0.14053743880461866, 0.1419673519982549, 0.12821532001797553], [0.15484981539463577, 0.1515684624139261, 0.16400701154959105, 0.11995434878462569, 0.14511925183065877, 0.14050489676120254, 0.12399621326536016], [0.15362523906620004, 0.15211045447809654, 0.1648210441440276, 0.12029189906198208, 0.1447892440165301, 0.14076612277412384, 0.12359599645903988], [0.15513463007575048, 0.15337359526590172, 0.16364443528128686, 0.11997327585966146, 0.1425831943517755, 0.14241673403763522, 0.12287413512798871], [0.1540115651627625, 0.1523571090825911, 0.16511512202617454, 0.12019921744297059, 0.14399270402090375, 0.14114387648006055, 0.12318040578453712], [0.1547628945387928, 0.15298819719681978, 0.16386045141900948, 0.1205336098377645, 0.14279525063140533, 0.14279199562883516, 0.1222676007473732], [0.1533696615085993, 0.15267077737182058, 0.1653082424624758, 0.12029793604796778, 0.14405005350470437, 0.1413643455822104, 0.12293898352222185], [0.1526266196080861, 0.15203685205870676, 0.16373291439851667, 0.121037681808712, 0.14562937998685616, 0.14064964263788637, 0.12428690950123607], [0.15434811498206819, 0.15277654626564055, 0.1650851271514014, 0.12000276096803256, 0.1434761477248056, 0.14163833281084479, 0.12267297009720696], [0.1534741113091001, 0.15179995865383508, 0.1637781878278622, 0.1204363086389226, 0.14583816609637437, 0.14005086299344072, 0.12462240448046487], [0.15320845811861636, 0.15256843160377315, 0.1639724545479221, 0.12039897170901011, 0.14495921132085507, 0.1405087501463386, 0.12438372255348475], [0.15376197443319511, 0.15247791708668906, 0.16467624955685325, 0.1201076940560205, 0.14455047945132188, 0.14094784582453476, 0.1234778395913853], [0.15240300540901325, 0.15228824189331905, 0.1629408700986636, 0.12132772398526193, 0.1458960164481279, 0.14031825145008303, 0.12482589071553113], [0.15408288750447402, 0.15191961890545072, 0.16365015545542888, 0.11996264615058992, 0.14592281985569963, 0.13989658466807314, 0.12456528746028363], [0.155563768487956, 0.15321205320054032, 0.16360848083433535, 0.11967374748870381, 0.14322859911163105, 0.1416814473459119, 0.12303190353092137], [0.15855967700772064, 0.15111614831755887, 0.16666666666666666, 0.11866629475635289, 0.14028284956113252, 0.1425822596580396, 0.1221261040325288], [0.15372894614703778, 0.1521665621693703, 0.16402869440793355, 0.12027307303733474, 0.14549764766267875, 0.14023731993886313, 0.12406775663678175], [0.16328568584050168, 0.14872105780594416, 0.16019057036900655, 0.11772149422425868, 0.14248055776726323, 0.1386200521657779, 0.12898058182724798], [0.16328568584050168, 0.14872105780594416, 0.16019057036900655, 0.11772149422425868, 0.14248055776726323, 0.1386200521657779, 0.12898058182724798], [0.15434603191935803, 0.15197004068484332, 0.16374708880534888, 0.11985358919180444, 0.14573145260832368, 0.13959942080331186, 0.12475237598700968], [0.1532830199219769, 0.1524815990923402, 0.1635599266249527, 0.12034283407480482, 0.14574206011180912, 0.13991985695148124, 0.12467070322263515], [0.15532206695436726, 0.15338539088339553, 0.16387057250684373, 0.11964992640682771, 0.14354596185211513, 0.14139090153517336, 0.12283517986127741], [0.16666666666666669, 0.14805846975864956, 0.1600963342757059, 0.11597398109968719, 0.1439545719039267, 0.13677335025745033, 0.1284766260379138], [0.15403827737494083, 0.15198138367097808, 0.16432272375672013, 0.11977528282647981, 0.14582656091962393, 0.1394989082935555, 0.12455686315770176], [0.15915637420635032, 0.1512250603154843, 0.16342082818273143, 0.11869145828600962, 0.1430536138093844, 0.1406281326645954, 0.12382453253544469], [0.1561117704154336, 0.1529758640769103, 0.16417667178920486, 0.11858145083969446, 0.1444966565522837, 0.1397868202391801, 0.12387076608729297], [0.16422943940016593, 0.14840162035284102, 0.15948611650293867, 0.11687282887293642, 0.14375525191414368, 0.13723766306269422, 0.13001707989428005], [0.16272990642244328, 0.1482321902382277, 0.15897217677266207, 0.11618710479923812, 0.14759800078514615, 0.1351934298630001, 0.1310871911192825], [0.15861741992376385, 0.15208339844859853, 0.16350669611463192, 0.1187759617102332, 0.142691174964746, 0.14081549048679917, 0.1235098583512276], [0.16403391332151387, 0.14791725054685523, 0.15816474959364216, 0.11674392199824284, 0.14558775341062416, 0.13580268440804646, 0.13174972672107532], [0.15766584647011114, 0.1517845432151999, 0.16666666666666666, 0.11697830550280747, 0.14496127673911802, 0.13797154305187145, 0.12397181835422535], [0.15824163097009822, 0.15512632977153712, 0.164591946716631, 0.11636937856125865, 0.14465815324500844, 0.1371370769491694, 0.12387548378629729], [0.1573882120608783, 0.15463209745031908, 0.16537406193654705, 0.11623297676502096, 0.1459637410250773, 0.13634798296897555, 0.12406092779318167], [0.1573189747984727, 0.15517995041027005, 0.16666666666666669, 0.11570253493978083, 0.14540458531013586, 0.13620034698790245, 0.12352694088677152], [0.15487542132847376, 0.15267815594836748, 0.16666666666666666, 0.11732501181588229, 0.14843656365704866, 0.13420436382634715, 0.12581381675721398], [0.1535207212967696, 0.1525373330404402, 0.16453738411893418, 0.12092445519303538, 0.1434262877780834, 0.14203040125346883, 0.1230234173192684], [0.153427006493945, 0.15248253015524113, 0.16524931587282005, 0.12046770504519898, 0.1439727051657288, 0.14152180714706625, 0.1228789301199999], [0.15362732711600854, 0.15254527496686426, 0.16321018166192522, 0.12224850882285285, 0.14112694589592892, 0.144999706607323, 0.1222420549290972], [0.15481625836872742, 0.1525955842061928, 0.16366449782054693, 0.12102030610871771, 0.14182074968284009, 0.1437523648806984, 0.12233023893227665], [0.15777704723423477, 0.1528131324455927, 0.16666666666666669, 0.11661458278898501, 0.1423853557200728, 0.14041494297958307, 0.12332827216486511], [0.15747492407689065, 0.1517959008724635, 0.16666666666666669, 0.11770487051539026, 0.13993465943477246, 0.1441403193363532, 0.12228265909746328], [0.16440396078139516, 0.14854018358220333, 0.16096634965783524, 0.1166731414839783, 0.14421579529076703, 0.13778196553735386, 0.12741860366646704], [0.16295522181337155, 0.14814154674399127, 0.1595161893946281, 0.11822948453677125, 0.14268183709212612, 0.13880463502295823, 0.12967108539615338], [0.16391538987842358, 0.1493717200232246, 0.16099412557700601, 0.11587811282882313, 0.14509883217166653, 0.13690672600949383, 0.1278350935113622], [0.16266520441995436, 0.150658610471938, 0.16283568053399503, 0.11570646758162896, 0.14376337246136764, 0.13802191825700452, 0.12634874627411138], [0.16116070219736842, 0.1491413458494632, 0.16044466217530737, 0.11594611940284177, 0.14812280428646193, 0.13518084781178488, 0.13000351827677237], [0.1608187620365941, 0.14935634517088142, 0.16051171450572627, 0.11589170487150939, 0.1482781284080411, 0.13510619667902624, 0.1300371483282214], [0.16135356838571055, 0.14940977202746555, 0.16084941746262424, 0.11578013659991876, 0.14783938442392355, 0.13518398727842248, 0.12958373382193475], [0.16231529958459023, 0.14855326019415882, 0.15855515097659534, 0.11586312348203638, 0.14820083707979126, 0.13437718562307754, 0.1321351430597503], [0.15134898258757745, 0.1505641860140927, 0.16666666666666669, 0.12458137296472313, 0.13539091564185074, 0.15103294794844904, 0.1204149281766404], [0.1566410630389352, 0.1501341325957523, 0.16666666666666666, 0.1207092940437509, 0.13971927551553642, 0.1449371765657639, 0.1211923915735945], [0.1519365493707347, 0.1526258422971771, 0.16298198788432233, 0.12366351957490984, 0.14160201498906197, 0.1454907242112253, 0.12169936167256876], [0.15289412832338556, 0.15304846325657487, 0.16293249654856307, 0.12302366571863647, 0.140914151655425, 0.14598224396810422, 0.12120485052931086], [0.15192680808925008, 0.15256643634905373, 0.16324433876754704, 0.1235725445726946, 0.1419433933407367, 0.14500370947495606, 0.12174276940576177], [0.15208616858340723, 0.15257160793613966, 0.1636321819088327, 0.12312379256755435, 0.1421131354018758, 0.1446104909445899, 0.12186262265760031], [0.15383517252920484, 0.15223065428324162, 0.16337279537810218, 0.12281107095849186, 0.14047551159399024, 0.1463346357983808, 0.12094015945858845], [0.15265921943646882, 0.15245704573480132, 0.1639446045014649, 0.12249387770395997, 0.1421654105673571, 0.14460808534668237, 0.1216717567092655], [0.15396888091622524, 0.1537101818812287, 0.16490508789122346, 0.12113702142961341, 0.13947096746289753, 0.14555223874248216, 0.12125562167632943], [0.1518175613458644, 0.15218532506962795, 0.1637359594691419, 0.12364188232278253, 0.14233440445193185, 0.14490787785949577, 0.12137698948115559], [0.1519324546158105, 0.15205073540340064, 0.16237925870020709, 0.1243799107872772, 0.1421686056706699, 0.14567487003728555, 0.12141416478534901], [0.1525497143444697, 0.15347245527131922, 0.162779331337484, 0.12300080152648436, 0.1414060352638108, 0.1451045915499163, 0.12168707070651572], [0.15372099511826595, 0.1529224630240112, 0.1631722900975289, 0.12222332524913969, 0.14133146040232294, 0.14480579038143138, 0.12182367572730006], [0.1528161908081285, 0.15273727931581674, 0.1639334781315001, 0.12255130505182191, 0.14193748646440268, 0.1446016599831505, 0.12142260024517944], [0.1495324265573517, 0.15095985996781483, 0.16666666666666666, 0.1282866955608541, 0.1348294892926118, 0.1525867200328614, 0.11713814192183951], [0.15435786107274918, 0.15328124197061854, 0.16339825291312685, 0.12101585758996843, 0.14176329417738942, 0.14427785400381846, 0.12190563827232921], [0.15320066151885353, 0.15387398302016267, 0.16342469202929302, 0.12138940314971257, 0.14204243326712448, 0.14383383687196952, 0.12223499014288429], [0.1538310197741208, 0.1531303897805077, 0.1628002370161477, 0.12248098992384433, 0.14110955774523762, 0.14539936812376453, 0.1212484376363773], [0.15299235334111258, 0.15279481492591598, 0.16448618280763525, 0.12179841825207492, 0.14241430610233755, 0.14380821368342722, 0.12170571088749665], [0.15100417654031945, 0.15188560401244733, 0.16666666666666666, 0.12251007784385821, 0.14340212321796206, 0.1426895391256179, 0.12184181259312836], [0.15766996576372194, 0.14962359234505565, 0.16666666666666669, 0.11844216788275631, 0.1443915077489572, 0.1394238849897252, 0.12378221460311721], [0.15332392472446776, 0.153210342927493, 0.1647715175248738, 0.1205160799453996, 0.14348337195184893, 0.14218864764166894, 0.12250611528424786], [0.1541985521913898, 0.1542596584259401, 0.16666666666666669, 0.11811247424320839, 0.14325128613760468, 0.1408701435886151, 0.12264121874657533], [0.1542651973386488, 0.15444954571348915, 0.16372774781873786, 0.12024248806363837, 0.14247700074232522, 0.14274720451600817, 0.12209081580715235], [0.15227038258502648, 0.1529192640277365, 0.163746811890354, 0.1220565003258672, 0.14415026815572052, 0.14192623714222224, 0.12293053587307314], [0.1563121950539703, 0.15244036677292655, 0.16666666666666663, 0.11882542134970653, 0.14210967210806924, 0.14199253129672515, 0.12165314675193538], [0.15840102821793428, 0.15016481646882648, 0.16504444810209853, 0.11796514425878048, 0.1451974870687389, 0.13846362325453052, 0.12476345262909076], [0.1529814447451562, 0.15078972888102432, 0.16666666666666663, 0.11928832589542232, 0.14789540767125592, 0.13651616965887098, 0.12586225648160337], [0.15381856535446567, 0.15374530211509163, 0.16666666666666669, 0.11984150365117431, 0.1450596258279419, 0.13883625824746723, 0.12203207813719266], [0.15544186355881925, 0.1545551630649014, 0.16666666666666666, 0.11746098588726132, 0.14506846899124978, 0.13831627088363938, 0.12249058094746218], [0.15460005179277475, 0.15438247178267692, 0.16666666666666666, 0.11770077904791859, 0.1461102940049372, 0.13719646296089946, 0.1233432737441264], [0.1574551579703885, 0.15153634222438211, 0.16666666666666669, 0.11671234489407363, 0.1493439765739602, 0.13371821128760508, 0.12456730038292385], [0.1544588929152318, 0.1521021559141592, 0.16666666666666666, 0.11586978925038537, 0.14947915656228547, 0.13267981861874054, 0.128743520072531], [0.16666666666666669, 0.14560890147863786, 0.14891996138539354, 0.1190265267138221, 0.1470061744042396, 0.1311931536484763, 0.14157861570276395], [0.16666666666666663, 0.14836932328741712, 0.15270787978885808, 0.11655267598414522, 0.14724042536165377, 0.1321023259976899, 0.13636070291356914], [0.14872389815995435, 0.14386865727086995, 0.14382758651330108, 0.12694327677287542, 0.15399476451772756, 0.12613219748951046, 0.15650961927576115], [0.1464917550138177, 0.14273431758082947, 0.1431122246713816, 0.13406735017445262, 0.14852381742107051, 0.13468170941848776, 0.15038882571996043], [0.14824705550470813, 0.14342701333137373, 0.14110385319604735, 0.13063341401373318, 0.14812693843196614, 0.13022003966425377, 0.15824168585791784], [0.15459282537323535, 0.15500444389015194, 0.14329562015820296, 0.11807968484604262, 0.15792496026251954, 0.12471851070801217, 0.14638395476183547], [0.14999085240379906, 0.1515639100011573, 0.1487663937648054, 0.1211438211649881, 0.15631956264737518, 0.12796179912115396, 0.14425366089672106], [0.14671438976824197, 0.14348148029396457, 0.1437294510087543, 0.12680825657049466, 0.15206110223720967, 0.12751965914092261, 0.15968566098041234], [0.14643781783899698, 0.14320519365568307, 0.14354068116435742, 0.12761055027602666, 0.1517248459532195, 0.12805172037852922, 0.15942919073318715], [0.14777187521632856, 0.14430168630393997, 0.1410712539475711, 0.12359286266371604, 0.1516826588148755, 0.12491299638690202, 0.16666666666666666], [0.1553870823851403, 0.1518000835246462, 0.16272928645637819, 0.12172539352732262, 0.14121425700830925, 0.14495573493166325, 0.12218816216654024], [0.15621835227950426, 0.1504803944996563, 0.1630597282090991, 0.12124349288939211, 0.14256723553218087, 0.1434245980972327, 0.12300619849293482], [0.155983471474087, 0.151346497535825, 0.16314292048337686, 0.12130296916448781, 0.1412869243980757, 0.14477487515502271, 0.12216234178912504], [0.1557316875711447, 0.15099748081969339, 0.16314587718267934, 0.12155702124468483, 0.14175789479310807, 0.14457214980872837, 0.1222378885799614], [0.15293016591666744, 0.15118787421522625, 0.16666666666666669, 0.12319764829598592, 0.1384053257085138, 0.14814887780875524, 0.11946344138818478], [0.1535466421928186, 0.15225979366128303, 0.16235987096847182, 0.12310406195496296, 0.14118524016860534, 0.14598143948142836, 0.12156295157242988], [0.15363724252099042, 0.1525427544383929, 0.1636500896829479, 0.12277308382231762, 0.1400072368947078, 0.14662780684082685, 0.12076178579981657], [0.15605051417526436, 0.15143486658518032, 0.1639572099947224, 0.12070927196538667, 0.14210638123013944, 0.14351238742560546, 0.12222936862370137], [0.1523353540768093, 0.15253337711620235, 0.16378126907313953, 0.12278445980439039, 0.14242982375451552, 0.14435105364315304, 0.12178466253179], [0.15349420912542786, 0.1530969470852057, 0.16395546277666279, 0.12170188697141492, 0.14175381675830703, 0.1444406888206317, 0.12155698846235019], [0.15372909617027467, 0.1531054147993908, 0.16310809973132684, 0.12273148324966092, 0.1403771419123437, 0.14633342414979697, 0.12061533998720594], [0.15575195278014575, 0.15212586704773853, 0.16406820471058847, 0.11988834604427669, 0.14307590256800182, 0.14202695787614766, 0.12306276897310102], [0.1548856371275931, 0.1516100777020715, 0.16398115452588474, 0.12066752954972834, 0.14376509393913006, 0.14226879252463007, 0.12282171463096225], [0.1551174632622206, 0.1519358698008197, 0.16446566696353235, 0.11981012666119663, 0.1441688166620442, 0.1411787102178265, 0.12332334643236001], [0.16149024999166373, 0.1531854260603495, 0.1566811836688865, 0.11731055343184021, 0.14687007839698554, 0.13409688839286354, 0.13036562005741087], [0.1606344083118722, 0.1556205333304738, 0.15714967868271434, 0.11722724092546626, 0.14664450795446599, 0.134821320389494, 0.12790231040551328], [0.16666666666666663, 0.15557574255826456, 0.14833701850495765, 0.1150861406240307, 0.1515492908142217, 0.1273316997421642, 0.13545344108969437], [0.16066285171712444, 0.1543598338188775, 0.14685675847578245, 0.11491410153539199, 0.15677487922167707, 0.12440945262139999, 0.14202212260974645], [0.1512085521364222, 0.14752500233711946, 0.14066672545937847, 0.12361491233294931, 0.15311774485587595, 0.12564190981267978, 0.15822515306557475], [0.15552171227029296, 0.15104973944145353, 0.16257684630275016, 0.12215904015969875, 0.14100139327294411, 0.14539732022490434, 0.12229394832795612], [0.15570678943482558, 0.1498659769637979, 0.16666666666666669, 0.12166591783426821, 0.13906319053562746, 0.1463138825903505, 0.12071757597446378], [0.15444490395273275, 0.15194870036786956, 0.1633680982718374, 0.12174053122454852, 0.14149009398970136, 0.14476433126476196, 0.12224334092854854], [0.1563296381255054, 0.15073591611658055, 0.16334039356757674, 0.1210025667946737, 0.14226321858626345, 0.14360187367805083, 0.12272639313134923], [0.1539756246150092, 0.15141481026120743, 0.16666666666666669, 0.12019689946723423, 0.14303928667016108, 0.14183164531690873, 0.12287506700281278], [0.15240352623955083, 0.1522765476904347, 0.16429077170326292, 0.12231596107288266, 0.14276570891930102, 0.14388164422763172, 0.12206584014693614], [0.1512624315195798, 0.15240729431647157, 0.16388560316567108, 0.12344890561032407, 0.14270344899155799, 0.14397543526422427, 0.12231688113217135], [0.151862859077859, 0.15246207668410383, 0.16409233192665365, 0.12296940795223231, 0.14255490046146455, 0.14415486017591325, 0.12190356372177343], [0.15372676982053085, 0.15273078114872377, 0.16279899527903813, 0.12267424074490632, 0.14127688662622592, 0.14552005908620988, 0.12127226729436508], [0.1550146817043461, 0.1523838828005621, 0.16437034782993074, 0.12021090665877283, 0.14271127044799173, 0.14253109741685646, 0.12277781314154007], [0.15252921425359067, 0.15243937278236594, 0.16471385746984463, 0.12182609195129132, 0.14327303198042185, 0.14292403959634753, 0.12229439196613802], [0.153234842516313, 0.15278780870070255, 0.16304019360981648, 0.1225036385385504, 0.14258111739780532, 0.14422957242783926, 0.12162282680897309], [0.15508933931043367, 0.1533620830342542, 0.16666666666666669, 0.11788473824845414, 0.1451189423130323, 0.13845030991999882, 0.12342792050716034], [0.1553600771209281, 0.15074709691876378, 0.16666666666666669, 0.11944751812561157, 0.14410784097075544, 0.1406189420308281, 0.12305185816644644], [0.15685091271874615, 0.15317035098145043, 0.16531746355919022, 0.11766383790679087, 0.14208129979511813, 0.1415004588517791, 0.12341567618692503], [0.15480357518102186, 0.1530433991639807, 0.16364778829374108, 0.12075933433239211, 0.14213316017921837, 0.14350019476207004, 0.12211254808757593], [0.15494652593774905, 0.15277387502272677, 0.1642774331244123, 0.12027174932297666, 0.14269571128332137, 0.14270025269133577, 0.12233445261747804], [0.15190180823211621, 0.1503460746075975, 0.16666666666666669, 0.12095039938505, 0.14605351558930155, 0.13995878108999563, 0.12412275442927252], [0.15445053201043007, 0.15283059111730368, 0.16324713518772654, 0.12140412323022914, 0.14265570642910977, 0.1435806056717219, 0.1218313063534788], [0.16242168640751767, 0.14864792582877123, 0.16057726935640548, 0.11832862793399115, 0.1417668226345988, 0.13983788130908448, 0.12841978652963112], [0.15744927681453222, 0.15225438669058075, 0.16666666666666666, 0.11624618852811139, 0.14319207138067208, 0.13879454633194088, 0.125396863587496], [0.1549467733071366, 0.15353216224471541, 0.16312475212191643, 0.12081186937535524, 0.14196880643306686, 0.14341471591956625, 0.12220092059824307], [0.15567663254093367, 0.15147580096368005, 0.16421052882323633, 0.11950662677326906, 0.14503461110326618, 0.1402434479704955, 0.12385235182511915], [0.15452979136285233, 0.15330413368465734, 0.1646791644764242, 0.119342197675136, 0.14422276175090057, 0.14062103399660184, 0.12330091705342767], [0.15623368843662064, 0.15355341858099789, 0.16397914218686685, 0.11898777919848519, 0.14301151095014764, 0.14137008600831683, 0.12286437463856488], [0.16448516779382766, 0.14875139089018924, 0.16038354351267967, 0.116735525896927, 0.14313177733256605, 0.1376871162542225, 0.12882547831958793], [0.15733885524824617, 0.15211048700417903, 0.1643261075728157, 0.11941558952937162, 0.14227383276232583, 0.14190495954200658, 0.12263016834105514], [0.15698962890274393, 0.15208551702410766, 0.16357144348327515, 0.11988187665024823, 0.14249336724529774, 0.14205188349830242, 0.12292628319602489], [0.15741055681943208, 0.1522436805275714, 0.16393410040116893, 0.11862442644070981, 0.14399457671986388, 0.1401376507000486, 0.12365500839120522], [0.15838498300358514, 0.1525190802721796, 0.16666666666666669, 0.11604832039357774, 0.14259599057797634, 0.13951240471197227, 0.12427255437404232], [0.16096829796335474, 0.14887713335461614, 0.16106820108090267, 0.11982245975601233, 0.14096654091230193, 0.1416704720356383, 0.12662689489717383], [0.14783107650058874, 0.14721844318331717, 0.14999692874328435, 0.14075225751536713, 0.13394863373492708, 0.15761817841198894, 0.12263448191052655], [0.1666666666666667, 0.15112936546362918, 0.15696646334189854, 0.11406645499829993, 0.15339917015886614, 0.1272927746306883, 0.13047910473995136], [0.15552571206129762, 0.14369483841295694, 0.15134878078828154, 0.11634261146334164, 0.16666666666666669, 0.12394023464470673, 0.142481155962749], [0.15335739966215226, 0.1434831097630453, 0.15039964629455635, 0.12042946818582972, 0.1620757956492561, 0.12571936998062702, 0.1445352104645333], [0.15209020805984635, 0.1485838423361352, 0.14655990851507483, 0.12042112261152688, 0.16110144988623476, 0.12429107246549533, 0.14695239612568659], [0.15332574859553574, 0.15102760042538954, 0.14847741492319688, 0.12413679151811204, 0.15729348576123103, 0.12804151052200696, 0.13769744825452768], [0.15317824997342527, 0.15128587432630736, 0.14418058852362112, 0.11774219858105968, 0.16666666666666669, 0.12236535023586334, 0.14458107169305665], [0.1536165162747335, 0.1500003006429591, 0.14221287520902606, 0.11945232292409573, 0.15945037969141854, 0.12291481677724692, 0.1523527884805201], [0.13990341546351348, 0.14173172419196373, 0.14150405096868987, 0.16666666666666669, 0.14104892840553238, 0.14186503236509837, 0.12728018193853557], [0.1397499622242417, 0.14199783306213085, 0.14167541316615317, 0.16578904132839986, 0.1416088454043165, 0.14192073802690935, 0.12725816678784846], [0.15279350366298494, 0.1491622372833055, 0.14206926760043004, 0.11992970084960036, 0.15852331717140913, 0.1230094501649942, 0.154512523267276], [0.15996024623656052, 0.15228121931831887, 0.15500644311208533, 0.12048555932265881, 0.1497202190692043, 0.13267943516029684, 0.12986687778087538], [0.15358708781929858, 0.15069639564393691, 0.14739465888032546, 0.11730626269261155, 0.16202859593664792, 0.12386807525373017, 0.1451189237734494], [0.16666666666666666, 0.15597209220349462, 0.15728461214328035, 0.11373421051725116, 0.14464740346529026, 0.1342919455478353, 0.12740306945618166], [0.16252006689085302, 0.15558368023608585, 0.15868027842772767, 0.11346548973971707, 0.14710622003650056, 0.13276002840654547, 0.1298842362625704], [0.16280312123644153, 0.1571614702363499, 0.15571664591258988, 0.1163771856198993, 0.1441507432849094, 0.13712143382002548, 0.1266693998897846], [0.1634850397120847, 0.1584222350039617, 0.1574951982139448, 0.11442714032413445, 0.14493092337000305, 0.13506475938051465, 0.12617470399535657], [0.1499117218943369, 0.16666666666666666, 0.1523328987567652, 0.12305540680730903, 0.14289259792544381, 0.14101328366743343, 0.12412742428204489], [0.15634426343554, 0.16666666666666666, 0.14708723597576415, 0.11666013115384513, 0.15062286693986665, 0.13033789182263802, 0.13228094400567922], [0.1553262725545226, 0.15709343921438187, 0.1440168193700315, 0.11789896118696112, 0.15933955510865108, 0.12551491410622917, 0.14081003845922266], [0.15229433160397518, 0.15471527696721074, 0.1454729964025461, 0.11946457936322576, 0.1563625977799501, 0.12690059601016734, 0.14478962187292496], [0.14398245825941844, 0.16666666666666669, 0.1448818241789588, 0.1311399715552869, 0.1420813091933066, 0.14106409420846866, 0.13018367593789396], [0.14392082024032468, 0.14828934759006382, 0.15571477351500457, 0.13600094340322774, 0.13888014203838048, 0.1578362700815828, 0.11935770313141597], [0.14717106161716925, 0.14689440809418802, 0.15478557951690777, 0.13474509020803865, 0.13221024781225857, 0.16666666666666666, 0.117526946084771], [0.1573652609539551, 0.15280616850957335, 0.16429099406461628, 0.11859922896379974, 0.14319828758306774, 0.14057126617937216, 0.12316879374561561], [0.16666666666666666, 0.14952738160093126, 0.15075417801149835, 0.12460545202651, 0.14083085390541908, 0.13826472360725006, 0.12935074418172457], [0.16666666666666669, 0.1483608056482832, 0.14944817470869218, 0.12583099964473052, 0.13796844697541435, 0.14522981030433582, 0.12649509605187736], [0.15619532471664063, 0.16666666666666666, 0.15537837321007314, 0.11639109279332059, 0.143684884938737, 0.13841823482390472, 0.12326542285065727], [0.14940643530127015, 0.16515938708591626, 0.14625329273948542, 0.124468996347026, 0.1483589818630355, 0.13678823138569737, 0.12956467527756932], [0.14966382964316097, 0.1622946314376989, 0.1468319134118537, 0.12455968672387559, 0.1506413783026151, 0.1349829203612376, 0.1310256401195581], [0.14895941434395127, 0.16059975258148135, 0.14637191497420862, 0.1264900999169337, 0.14713179684054284, 0.14010539852311252, 0.13034162281976985], [0.14884907873861342, 0.16075999446215478, 0.1467533555271817, 0.12617241295090875, 0.14748380022505023, 0.13960651585955577, 0.13037484223653537], [0.14977227190013553, 0.1626487512088249, 0.14679788646960956, 0.12416938243586033, 0.15075877053428627, 0.1349224175637927, 0.1309305198874906], [0.15092255476932345, 0.1606766909896451, 0.14673521838967296, 0.12313302091535341, 0.15261503628353557, 0.13340833996177281, 0.13250913869069655], [0.14955953375702355, 0.16666666666666666, 0.14616534714771778, 0.12316316509696902, 0.14920582260438792, 0.13539240406583142, 0.12984706066140364], [0.15028312176636333, 0.1636579395409507, 0.1462451371834265, 0.12386400017804264, 0.1502129417320039, 0.13516889805974827, 0.13056796153946484], [0.1497382718900906, 0.16403258283904681, 0.14589380368643523, 0.1251584698627259, 0.14833991528943166, 0.1369923036096912, 0.1298446528225787], [0.14904856576491587, 0.16238433951648315, 0.14652659888960545, 0.12666483958145955, 0.14687948452965713, 0.13919257681875039, 0.1293035948991284], [0.14585155531155386, 0.14450240864064226, 0.14715024953836936, 0.13305382560084858, 0.16666666666666666, 0.1315405172349691, 0.1312347770069501], [0.14891507821342592, 0.16265681666735998, 0.14681199102703685, 0.1263692886986912, 0.14746128954040993, 0.1384268447254793, 0.12935869112759685], [0.14857234239444098, 0.15973547160924836, 0.14638121820783445, 0.12759808325874877, 0.1463013110242472, 0.14142895672650618, 0.12998261677897402], [0.1494278808139587, 0.16465017679806057, 0.14630224752287596, 0.12470480791447928, 0.14810196041501822, 0.13719441990657327, 0.129618506629034], [0.1491537931459893, 0.16036071808182598, 0.1463121941027437, 0.12626335914979955, 0.1472250649302718, 0.1398616549156564, 0.1308232156737132], [0.1492685315311466, 0.16142293439360622, 0.14637696056344987, 0.12563444735308113, 0.1475994745982154, 0.13904852801291523, 0.1306491235475856], [0.1448609237451964, 0.16666666666666666, 0.1448429830842561, 0.13453784961571813, 0.1401092485967094, 0.14687243654888474, 0.1221098917425685], [0.15183381183298303, 0.1615783342359823, 0.14577614288171084, 0.12312707457142227, 0.15170170184398926, 0.1336842880987022, 0.13229864653520992], [0.1508338816778242, 0.1600492633814368, 0.14571252504765003, 0.12543131137887295, 0.15003581839141134, 0.13638436674897175, 0.13155283337383292], [0.14879806448825272, 0.16035567314124088, 0.14626103584129563, 0.1270896578513334, 0.14657707861668562, 0.14081854059250326, 0.13009994946868855], [0.1486209621531356, 0.16013277626157438, 0.14697832506116526, 0.1265655372594175, 0.14744989052894103, 0.13986599561002408, 0.13038651312574218], [0.1486330862483887, 0.1602423370121355, 0.14714916832768318, 0.12625655551334028, 0.14772091639852042, 0.13936522169679036, 0.13063271480314156], [0.14872044450311098, 0.1601221008579855, 0.1469511734337666, 0.12607034827769606, 0.14812214455791356, 0.1391074102683147, 0.13090637810121275]]