[[0.16666666666666669, 0.1424656728700712, 0.15358313632803475, 0.12209538054246728, 0.14429280907452874, 0.1269105869863251, 0.14398574753190635], [0.16666666666666669, 0.1391765257865638, 0.1534642182118168, 0.12237473877219528, 0.1468846824356627, 0.12093263496787185, 0.15050053315922293], [0.16378116970053924, 0.14055782867994207, 0.15317302283425527, 0.12285264775771661, 0.14641077351070683, 0.12166744816027589, 0.1515571093565642], [0.16373087829467772, 0.14275450667746264, 0.15398260885400777, 0.12290966280715947, 0.14493019213923744, 0.12352358545404409, 0.14816856577341084], [0.1639293290998755, 0.14226184354563282, 0.15326679731262374, 0.12254303752399948, 0.1445142287125934, 0.12300507376228882, 0.15047969004298603], [0.1638412159851443, 0.14345405201388084, 0.15229868996774307, 0.12386641392724301, 0.14450543314144654, 0.12319073588132341, 0.14884345908321875], [0.1639405148033573, 0.14253794066392828, 0.1535462530195923, 0.12227087080108953, 0.14396612387765564, 0.12337313620870687, 0.15036516062567015], [0.16393085186373313, 0.14328840487057612, 0.15317737643188048, 0.12210541571628765, 0.1430791100016727, 0.12404435414379104, 0.1503744869720587], [0.16666666666666666, 0.13990232330547864, 0.15534629553739193, 0.12242084062335606, 0.14616823972509238, 0.12250191034263164, 0.14699372379938266], [0.16666666666666666, 0.1438374290544557, 0.15366784846618164, 0.12129351975761984, 0.14248612189427035, 0.12345201415236867, 0.14859640000843713], [0.16438046253431268, 0.14378368062104802, 0.15202948826194423, 0.12349108574264134, 0.14349031886970884, 0.12319770892270487, 0.14962725504764002], [0.16487597411860438, 0.14526803198990548, 0.15346904983760626, 0.12177222413408817, 0.1417648557623638, 0.12497808373787146, 0.1478717804195604], [0.16354178148418622, 0.14335198100502777, 0.1522326214654152, 0.12347394569035626, 0.143673897676684, 0.12319904777170751, 0.15052672490662283], [0.1649611281754523, 0.1445150720352761, 0.15314108323693099, 0.12167553505655736, 0.14205100816993116, 0.1242879637454221, 0.14936820958043004], [0.1636541808121705, 0.14584202107197014, 0.15266922285946039, 0.12225305597895351, 0.14138488313435038, 0.12543783839448613, 0.14875879774860892], [0.16452192243164296, 0.1447638394412071, 0.15300285585334644, 0.12191405093760638, 0.14192250567255446, 0.12451554640947257, 0.14935927925417006], [0.16364893372574651, 0.14633708045052007, 0.15328662692613637, 0.12189288567064362, 0.1409403044125208, 0.12621374909299776, 0.14768041972143472], [0.16666666666666666, 0.14168300961066713, 0.1554891563121437, 0.12171934394122721, 0.14288038930389313, 0.12848989343394662, 0.1430715407314555], [0.16666666666666669, 0.14259662743534923, 0.15722513899789056, 0.11929876000200149, 0.14233351588052193, 0.12593396806821774, 0.14594532294935245], [0.16405944983979118, 0.14416370139842516, 0.15452597702077941, 0.1221734107859147, 0.14334511732493496, 0.12376752960951294, 0.14796481402064166], [0.16448063390219206, 0.14507763528315018, 0.15412163936287304, 0.12196630439469926, 0.14243442106601217, 0.124542048343809, 0.1473773176472642], [0.16666666666666666, 0.14078142382482445, 0.1549869419725545, 0.1208135654782057, 0.14219798502041142, 0.1285743644045357, 0.14597905263280142], [0.16401372721336724, 0.14596030080238315, 0.15416689920013943, 0.12177764625304864, 0.14152605544055882, 0.1256617467518278, 0.14689362433867506], [0.1648743952568791, 0.14542165114766956, 0.15373190704580578, 0.12163244699613077, 0.14151482562271703, 0.12484103338216618, 0.14798374054863145], [0.16372672910321684, 0.14323897504140926, 0.15524084074939845, 0.12124471311855799, 0.14307704735687388, 0.12406658346590901, 0.14940511116463456], [0.16515904603132953, 0.14463460063550684, 0.15398575682285062, 0.1215147042333445, 0.14186642299175592, 0.12441149556262684, 0.14842797372258557], [0.1639498590631132, 0.14355580778072424, 0.1551221947993247, 0.1220034357642755, 0.14355265648442234, 0.12368218071858732, 0.14813386538955278], [0.16534274287652773, 0.14462445619580294, 0.15370737058518158, 0.1214755802628408, 0.14200695821469755, 0.12404955205402657, 0.1487933398109227], [0.16380681501033592, 0.1461593048798108, 0.15298028548467166, 0.12218706648386056, 0.14130500608295846, 0.12535444680398566, 0.14820707525437707], [0.1651317095070822, 0.14415919673581387, 0.15457808354155225, 0.12137719052336698, 0.1423755124630235, 0.12396875183489485, 0.14840955539426634], [0.16386388593512946, 0.14645612564383909, 0.15347164773115274, 0.12180791438795587, 0.14084052569324998, 0.12586981320037677, 0.14769008740829612], [0.16403037834934991, 0.1454259074373955, 0.153497800815165, 0.12139369694114938, 0.14107112827230264, 0.12529277824422122, 0.14928830994041647], [0.16473629479655177, 0.14521766210163928, 0.15392260872048225, 0.12151224622588433, 0.1417237097148796, 0.12478072402764084, 0.14810675441292195], [0.16301882535601095, 0.14633060308041013, 0.1527014455851636, 0.12227635574227651, 0.14086954228183218, 0.12570132993969413, 0.14910189801461268], [0.16375095157809139, 0.14661597137453386, 0.1540553989159897, 0.1215232517148032, 0.14079110163812864, 0.12597209667980078, 0.14729122809865247], [0.16370801476968563, 0.14399143146671373, 0.15569391271092123, 0.12120321313789004, 0.1424946344250921, 0.12445207219662532, 0.14845672129307202], [0.16666666666666666, 0.14180361861643637, 0.15675890165332182, 0.12143304681320252, 0.1439704902066201, 0.12469343191722716, 0.14467384412652531], [0.16411019957630407, 0.1461517047523418, 0.15401454189905173, 0.12170649131819576, 0.14105390485473598, 0.12538393095320688, 0.14757922664616374], [0.16535335495026454, 0.14377677297283198, 0.15595942274767635, 0.12034463120850504, 0.14012316489598123, 0.13100030630671616, 0.14344234691802465], [0.16535335495026454, 0.14377677297283198, 0.15595942274767635, 0.12034463120850504, 0.14012316489598123, 0.13100030630671616, 0.14344234691802465], [0.16356527391087158, 0.1464460049036448, 0.15411713511432074, 0.12145139429986244, 0.14052326913874238, 0.12618297767698716, 0.14771394495557086], [0.16363794896170375, 0.14626755844030964, 0.15361913539325886, 0.12150620584635717, 0.14059157346673337, 0.1257253853518188, 0.14865219253981857], [0.16396221107034323, 0.1443037146512682, 0.15569387232346033, 0.12119084251750463, 0.14221928379828983, 0.124271703188928, 0.14835837245020578], [0.16461800617428995, 0.14579738685375462, 0.15627173083984375, 0.12008708646427957, 0.139198835486986, 0.13157529124428913, 0.1424516629365571], [0.16336430011453734, 0.14663985057490703, 0.15417698403976907, 0.1216052292702278, 0.14055913596755457, 0.12620020738999793, 0.14745429264300627], [0.16361438887630728, 0.14446174268305456, 0.1573244960771579, 0.12155238764357522, 0.14218090145641435, 0.12637935873451533, 0.1444867245289753], [0.163621614237559, 0.14541118531339517, 0.1563174904306306, 0.12056500035686356, 0.1408956331141119, 0.12563612757046672, 0.1475529489769731], [0.16472112122268384, 0.1451730034654938, 0.1565918557044682, 0.11995405679108423, 0.13905872107962117, 0.13228494545667052, 0.14221629627997814], [0.16666666666666666, 0.14844709962151864, 0.15574110969479935, 0.11843488330186346, 0.13659488547153156, 0.13267149132537634, 0.14144386391824396], [0.1635776098471931, 0.14396819507832864, 0.1576756428643652, 0.12132679129251532, 0.1421924162388085, 0.12580854373136655, 0.1454508009474228], [0.16666666666666666, 0.1465413798948917, 0.15580126370497027, 0.1190024659233898, 0.1371989950495994, 0.13332939633104202, 0.1414598324294401], [0.16666666666666666, 0.14608406693406528, 0.15724414203979695, 0.1195486166054415, 0.13945590263007002, 0.1261803645826037, 0.14482024054135578], [0.1646804768751164, 0.14559727622457694, 0.15860113478913151, 0.11851560889334829, 0.13839713099051326, 0.12570142188561143, 0.14850695034170225], [0.1654319109462312, 0.14689027619706205, 0.15780345842183982, 0.11849007744517669, 0.1377048601225001, 0.12596769769991306, 0.14771171916727732], [0.16666666666666663, 0.14630658909852412, 0.15771553303453675, 0.11786459231877075, 0.13749282326563303, 0.1253570625682289, 0.1485967330476396], [0.16666666666666669, 0.1491930131451654, 0.15274985970080598, 0.11937242040896683, 0.13555137170412462, 0.12750898641071573, 0.14895768196355486], [0.1645900359079264, 0.14400096375363342, 0.15362650113902745, 0.12205554475609484, 0.14263959398342013, 0.1241026048409146, 0.14898475561898336], [0.16528745066205988, 0.14458330166915825, 0.15375087542597152, 0.12171071959895918, 0.14219834673233248, 0.1240570690195208, 0.14841223689199787], [0.1632736334563966, 0.14159578667231823, 0.153277141135393, 0.1230639070723567, 0.14539745388370895, 0.12305757165478123, 0.15033450612504515], [0.16374904964840423, 0.14252049969806274, 0.15431919756731155, 0.12230587111789311, 0.1443977136933015, 0.12357891154123103, 0.14912875673379572], [0.16666666666666666, 0.14337194468928707, 0.15678142682028878, 0.11864827997891522, 0.14148159300805574, 0.12508918128764593, 0.1479609075491405], [0.16666666666666666, 0.1415819588767242, 0.15585916050643003, 0.12072203038585164, 0.14552845450572288, 0.1250177231076622, 0.1446240059509423], [0.1638266556733896, 0.14598107020198864, 0.15625750669795838, 0.12060404974365772, 0.14005312184874966, 0.13050461399400695, 0.14277298184024895], [0.16380137783987764, 0.14417169070017266, 0.1560358053251179, 0.12123823264296721, 0.14053532684392278, 0.13196912133034072, 0.1422484453176012], [0.16420822275815425, 0.1465995372195036, 0.15700441002516466, 0.11941201601852298, 0.13897744354851732, 0.13053702160076458, 0.14326134882937247], [0.16666666666666669, 0.1449731183146065, 0.15818230381033885, 0.11839817162082727, 0.1395349261804517, 0.12847832800890055, 0.14376648539820847], [0.16666666666666663, 0.14889691878732408, 0.15605308091951525, 0.11806345128999512, 0.13649522495972474, 0.13153402331579672, 0.14229063406097728], [0.1660683402317817, 0.14905756285475333, 0.1561114928730812, 0.11804390172897733, 0.13644394942026197, 0.13158976267732928, 0.14268499021381506], [0.16595948610117686, 0.14873742831461642, 0.15656392865571353, 0.11820737685986735, 0.13668568186836533, 0.13135255530454787, 0.14249354289571267], [0.16510152837673658, 0.14906352816158502, 0.15652599670180295, 0.11823657566964103, 0.13588569338878612, 0.13374839511085826, 0.14143828259059013], [0.16666666666666666, 0.13586303577377803, 0.15158020923414148, 0.12521666752244598, 0.15126894526592038, 0.12111311690631955, 0.14829135863072782], [0.16666666666666669, 0.1410836544638082, 0.1541224366600651, 0.12303617130518689, 0.14603736688415422, 0.12349480902383822, 0.14555889499628075], [0.16303261255447202, 0.14194638414538427, 0.15213892992367337, 0.12425434994724749, 0.14578166547510196, 0.12231717807321484, 0.15052887988090619], [0.1630004212742394, 0.14138259108434473, 0.15314465142738085, 0.12381753390710327, 0.14635849456546218, 0.12203180304947212, 0.1502645046919975], [0.16329619044260904, 0.14231797554698714, 0.15215013162222085, 0.12422546342844563, 0.14533192484481444, 0.1224234111770805, 0.15025490293784247], [0.16368009019443383, 0.14250078526082224, 0.15231636471953083, 0.12381124517144305, 0.14495871268570545, 0.12256998654563096, 0.1501628154224337], [0.16346947655580038, 0.14124427014460342, 0.1538751306212005, 0.12409831331566708, 0.146931418282313, 0.12228231650772743, 0.14809907457268806], [0.16400606908797738, 0.1427186527358986, 0.15297550977072571, 0.12349130614016741, 0.14510617153928212, 0.12268774876523451, 0.1490145419607142], [0.16493055335401421, 0.13986410972584726, 0.15415244068378173, 0.12179520004916934, 0.1458574698715959, 0.12191208580533186, 0.15148814051025963], [0.16380269328321706, 0.14288846343948183, 0.15215568363747298, 0.1246215803156265, 0.14540333744276107, 0.12240826032915238, 0.1487199815522882], [0.16249087748085103, 0.1428063904856223, 0.15231604647264604, 0.12548080815127183, 0.14622137243725, 0.12259227265858944, 0.1480922323137694], [0.16282741666159467, 0.14171850268567904, 0.15272433736265184, 0.12354093688915217, 0.14537130879519855, 0.1222434565767737, 0.1515740410289499], [0.16324818701009638, 0.14188173421989256, 0.15388075697768766, 0.12318862258645767, 0.1452806026929389, 0.12279765334398021, 0.14972244316894645], [0.1639939682010509, 0.14248478490763924, 0.15312272518627865, 0.12352765236851994, 0.14508999577548654, 0.1224239277018779, 0.1493569458591468], [0.1666666666666667, 0.13519920653937365, 0.14973140223927678, 0.12873239264892586, 0.15275022696197274, 0.11771330439901802, 0.14920680054476643], [0.1634831752521892, 0.14241035198640772, 0.15467767754670914, 0.12220199061326883, 0.14485957666304392, 0.12306865235705682, 0.14929857558132428], [0.16346997933083623, 0.1423864103822997, 0.15338876880034827, 0.12202188344807913, 0.1441527897829752, 0.12285565839537628, 0.15172450986008543], [0.16289778244908465, 0.14175433328228185, 0.15415484791696338, 0.12359574212602424, 0.14593591683440454, 0.12239428567046565, 0.14926709172077582], [0.16453691647339022, 0.14297858964405924, 0.15331051577043522, 0.12284237494482982, 0.1443400649551188, 0.12275182461729084, 0.1492397135948758], [0.16666666666666666, 0.1438469329886527, 0.15130363776365727, 0.12335433606848499, 0.14314797324992687, 0.1226988478109333, 0.14898160545167813], [0.16666666666666666, 0.1457493583682752, 0.15455520739308826, 0.12138184008810134, 0.14108455228770667, 0.12639636788519815, 0.14416600731096374], [0.16481600947982572, 0.14402764051696726, 0.15363716902821994, 0.12159954603264639, 0.14276331213416488, 0.12354286179639826, 0.14961346101177747], [0.16666666666666666, 0.14376470919287743, 0.15447193734605094, 0.11917710959215833, 0.14143577734706325, 0.12360655347401359, 0.15087724638116978], [0.16379116074182573, 0.14299894010307418, 0.1545327832984408, 0.12124418052930307, 0.14326331370178283, 0.12305262698615846, 0.15111699463941494], [0.16380388050881015, 0.14459035160303862, 0.15255175823771527, 0.12292840689561234, 0.14240978931900375, 0.1237853594010296, 0.14993045403479027], [0.16287422724594938, 0.1437126717413082, 0.15651671430841965, 0.12194834009751122, 0.14360317749588136, 0.12459148090931485, 0.14675338820161538], [0.16514362117323741, 0.14650998867737716, 0.1555073775616054, 0.12094247397983116, 0.1401877943938179, 0.12732517305164207, 0.1443835711624889], [0.16666666666666666, 0.14853762814868254, 0.15160291418746943, 0.12090927953722262, 0.13754770763870117, 0.12725829644869177, 0.14747750737256582], [0.16666666666666669, 0.1458294437769713, 0.15339851211749214, 0.12150979553920323, 0.13982780299854308, 0.1236223240044541, 0.14914545489666953], [0.16666666666666666, 0.1459654181304225, 0.1559080171534975, 0.11950444310905207, 0.13949363130393663, 0.12432516467770371, 0.14813665895872088], [0.16666666666666666, 0.14688291669779305, 0.15448466026879493, 0.11954118915200801, 0.138304116948344, 0.12497160754864937, 0.14914884271774395], [0.16666666666666669, 0.15054878637500968, 0.15416844574165708, 0.12018671614670837, 0.13600980813299626, 0.12749535190639835, 0.14492422503056362], [0.16666666666666669, 0.1500712099061875, 0.1532078563861399, 0.11761957505132142, 0.13385055404890245, 0.13004984807559772, 0.14853428986518447], [0.16666666666666666, 0.14756167868123293, 0.1515412986628763, 0.12037259176382811, 0.13219545246879844, 0.14228747484147983, 0.13937483691511765], [0.16666666666666666, 0.14780728838267648, 0.1555219554127976, 0.11801501590403841, 0.13311092288803217, 0.137245039203763, 0.1416331115420256], [0.14572133591994751, 0.1543796000113443, 0.14380087926866408, 0.12814964422886044, 0.12736319677209162, 0.15681808064962796, 0.14376726314946406], [0.14596227640587486, 0.14834805741316873, 0.1432790964717707, 0.1337515422191142, 0.1343718531074652, 0.1502311330987691, 0.14405604128383734], [0.14826608812805595, 0.14814609516993196, 0.14313229302440728, 0.13067064646775786, 0.1302576992498952, 0.15825039122553036, 0.1412767867344212], [0.14776523957995955, 0.1583854085283925, 0.14904974798013945, 0.12063888673283829, 0.1269280284811746, 0.14745229761070416, 0.14978039108679134], [0.1491302163843921, 0.15652986728966045, 0.14827284629744983, 0.12206907191352498, 0.12874847463042516, 0.1447092047041669, 0.1505403187803806], [0.14581129153797648, 0.15241177743652587, 0.143383703168006, 0.12776524498216554, 0.12845956699131947, 0.15985327282261663, 0.14231514306138995], [0.14588992412381915, 0.15203420251629257, 0.14315512384131174, 0.12841917100340003, 0.1288512070874146, 0.15957903597112996, 0.14207133545663206], [0.14735202556833296, 0.15190507778206702, 0.142889065860037, 0.12423223973119404, 0.12553277771055968, 0.16666666666666666, 0.14142214668114256], [0.16286565024484936, 0.14209575354188372, 0.15408950652793066, 0.12328185034294467, 0.14570765238552966, 0.12372859185715554, 0.14823099509970641], [0.16283982293075683, 0.1437478741422978, 0.15369714023866315, 0.12346878826903127, 0.14456323424922024, 0.12514513837803143, 0.14653800179199922], [0.16328762256551288, 0.1423291395178127, 0.15423821972862425, 0.12316582225903865, 0.14567385812616984, 0.1239899048821697, 0.14731543292067206], [0.16315526301861147, 0.1428535661925403, 0.1539743627410375, 0.12354127597142477, 0.14554402952758413, 0.1241921937423528, 0.14673930880644895], [0.16666666666666666, 0.13925564451960115, 0.15310177331400562, 0.12450553117651957, 0.14870603552568526, 0.1208836779741883, 0.14688067082333336], [0.16247691672709383, 0.1418777487304779, 0.15357605547749625, 0.12428796257931063, 0.1465436017658337, 0.12278873494360008, 0.1484489797761877], [0.1637270251873209, 0.1406871653987285, 0.1538683748296351, 0.12389255630821673, 0.1471388827378063, 0.12193255491386101, 0.1487534406244314], [0.1627086793221428, 0.14336414837481082, 0.1546425159143755, 0.12306281550458333, 0.1446981509935093, 0.12450506585127866, 0.1470186240392997], [0.1638412612043469, 0.14293374732584563, 0.1526333254853919, 0.12369684259616062, 0.14481503170547697, 0.12271783274269898, 0.14936195894007914], [0.16401727331369179, 0.14232178460367514, 0.15379451729392002, 0.12272700248950726, 0.14494740085056193, 0.1225854074039486, 0.14960661404469525], [0.16320216025655807, 0.14107203020625564, 0.15407106379325824, 0.12389278399330902, 0.146870875181502, 0.12183257491738128, 0.1490585116517358], [0.16416335317167804, 0.1439397308394392, 0.15470022201457279, 0.12160123824543562, 0.14292919558935677, 0.12465942262175064, 0.14800683751776697], [0.1633800555411078, 0.1447809462067852, 0.15444791651016573, 0.12270792774885446, 0.14335101670495248, 0.12476655896460692, 0.1465655783235274], [0.1645480945008987, 0.145011362151386, 0.15445856011109388, 0.12156490618100235, 0.14213323532729688, 0.12494655571453625, 0.14733728601378598], [0.15712542035167987, 0.14775079400238034, 0.16172053972056025, 0.1195063206294698, 0.13554586089252998, 0.13198059016263347, 0.14637047424074617], [0.15759656275432218, 0.14758467766181185, 0.16091766181383382, 0.11954874137397314, 0.13631666513828433, 0.12972254737423183, 0.14831314388354294], [0.15500191752220388, 0.15270094680023688, 0.1560882385259889, 0.11901559386767718, 0.13032827471393651, 0.13783129412645326, 0.14903373444350332], [0.15273951160664337, 0.15738472449780974, 0.1531273841383713, 0.11810473392095162, 0.12701468069684618, 0.1435415000588817, 0.14808746508049603], [0.14905989418175739, 0.15331150214048422, 0.14494423076291205, 0.12423057689532647, 0.126228587158726, 0.1583458715091655, 0.1438793373516285], [0.16273124806745992, 0.14197032666148873, 0.15348409280905798, 0.1238393232685481, 0.14620029549829405, 0.12396913828908768, 0.14780557540606373], [0.1644704480944186, 0.14073882748588906, 0.1538517957750251, 0.12439763601262545, 0.1475493747029045, 0.12350686214368653, 0.1454850557854507], [0.1633972773238745, 0.14220809190667186, 0.15347741671527473, 0.12302175691316214, 0.14538895286823164, 0.12351022724203209, 0.14899627703075302], [0.1631971958104443, 0.1434558017836067, 0.154132697907243, 0.1232341464488978, 0.14472903753119962, 0.12487373033272473, 0.14637739018588394], [0.16461021815480223, 0.14399771841052203, 0.1531063297393574, 0.1220819201448425, 0.14283906436792795, 0.124651449279867, 0.14871329990268095], [0.16434213442721674, 0.14328240612768706, 0.15271187057116328, 0.12327474632377014, 0.14437421685219778, 0.12303003257796935, 0.1489845931199958], [0.1639180612143518, 0.14298312591571555, 0.15144221576906364, 0.1239533040865675, 0.14424026671924936, 0.1228344915705316, 0.1506285347245206], [0.16413643711226172, 0.14296799900194962, 0.15211648758671703, 0.12371805795341871, 0.14454054716067696, 0.12267047446305825, 0.1498499967219177], [0.1624950441173179, 0.1420418633563534, 0.1541166400739075, 0.12399970248889945, 0.14615719192841728, 0.12263996954080494, 0.14854958849429944], [0.16426227705135085, 0.14352811833882406, 0.1542416977607432, 0.12179498772481169, 0.14335408897398946, 0.12427436603116006, 0.14854446411912064], [0.16475966675694562, 0.14382180332450445, 0.15286085270424965, 0.1228779687881328, 0.143480997655417, 0.12333528335193575, 0.1488634274188149], [0.16314256235175384, 0.1432610086692616, 0.15361399849476384, 0.12375028053995178, 0.14486293081047508, 0.12289433252429899, 0.14847488660949487], [0.16408472556709922, 0.14618456304250557, 0.1556618842260929, 0.12029719876136022, 0.13984572106253973, 0.12556624859544546, 0.148359658744957], [0.1639501150778694, 0.14547933000730504, 0.15416908084111214, 0.12231825906808015, 0.1422025425801949, 0.12570346922526607, 0.14617720320017227], [0.16536201177940044, 0.14289306366615687, 0.15621093320965648, 0.11928182173325955, 0.1423314010289658, 0.12484374482798015, 0.14907702375458065], [0.16373735530351283, 0.1428610440300564, 0.15495118389614104, 0.12212135756613848, 0.14418752010583513, 0.12343442286396118, 0.14870711623435504], [0.16435398000015672, 0.14346369888719257, 0.1549575525428677, 0.12175816155948427, 0.14346809479641465, 0.12375477943789322, 0.1482437327759908], [0.16666666666666666, 0.1467297472366806, 0.1517471824021274, 0.12245015973803244, 0.1408349555959573, 0.12551844302391127, 0.14605284533662427], [0.1625115279203689, 0.14361802932616502, 0.15494013617356633, 0.12321817737454073, 0.14450586000884333, 0.12362823964561825, 0.1475780295508975], [0.16441750717638698, 0.14321137150069824, 0.15605950099153953, 0.1211329289951074, 0.1413943364988121, 0.13063865534112412, 0.14314569949633152], [0.16666666666666666, 0.14404082074516325, 0.15582935685538055, 0.11806919541091689, 0.13980229296752333, 0.12688901792325238, 0.14870264943109682], [0.1630859404662259, 0.1426801587322384, 0.15528433182469617, 0.12213258765510493, 0.14408442286857842, 0.12348163116996777, 0.1492509272831884], [0.16359702824067246, 0.1460776369885537, 0.15485165978679827, 0.12178052729168438, 0.1415174878319384, 0.12591671591246636, 0.14625894394788655], [0.16473527351569453, 0.1448563741053828, 0.1548724266647826, 0.12067821154326108, 0.1413563264825572, 0.12452517258380237, 0.14897621510451955], [0.16341887761648358, 0.1439290828309369, 0.15663837854187715, 0.12083721984357747, 0.1423513279570227, 0.12456344404908824, 0.14826166916101396], [0.16666666666666669, 0.14441117571600143, 0.1563873376510451, 0.1194498713895709, 0.1392624960838886, 0.13088259252612802, 0.14293985996669945], [0.16353265905237352, 0.14358935794924726, 0.15720195564119852, 0.12196387819181433, 0.14324037835891842, 0.1250050921780455, 0.14546667862840235], [0.1631550318682369, 0.14374100325207004, 0.15725083832422593, 0.12229654034907975, 0.14332230543137942, 0.12518381852112656, 0.14505046225388155], [0.164068923794339, 0.14511320580325704, 0.15761415453878677, 0.12099480549593648, 0.1414465784999864, 0.12577718115890302, 0.14498515070879117], [0.16666666666666666, 0.1437117135915342, 0.15659475568957557, 0.11839457995176535, 0.14077105797403278, 0.12623760456831012, 0.1476236215581153], [0.16666666666666669, 0.14205864299042886, 0.1555492367058459, 0.12181305918748184, 0.14273266123901895, 0.12832834641438148, 0.14285138679617643], [0.14999692874328435, 0.13394863373492708, 0.14783107650058874, 0.14075225751536713, 0.15761817841198894, 0.12263448191052655, 0.14721844318331717], [0.15792658117167577, 0.15471237561726314, 0.1557124372062521, 0.1192727789671908, 0.13118996879309727, 0.13406091867299463, 0.14712493957152636], [0.1523695195138477, 0.16666666666666669, 0.14836586424487572, 0.11969605804085194, 0.12678739802719585, 0.14409280704626565, 0.14202168646029653], [0.1513722290258287, 0.1623502775009348, 0.14674171631433994, 0.12319392656580287, 0.12816755242204123, 0.1458584197325938, 0.14231587843845875], [0.1474018586309278, 0.1613344876975868, 0.1469012452360382, 0.12235760789082215, 0.1260655075175323, 0.1477779112207006, 0.14816138180639216], [0.14912413881105632, 0.15762675180660035, 0.1478742091018202, 0.12564895301844006, 0.12941483865575057, 0.13872745684553384, 0.15158365176079874], [0.1453290004584593, 0.16666666666666666, 0.14773495299653003, 0.12024087543781069, 0.12462791288438432, 0.14570903009889102, 0.14969156145725793], [0.14760708606926945, 0.15974706223667012, 0.1466457279931475, 0.1213934419125695, 0.12471358257317243, 0.1529412736429386, 0.14695182557223227], [0.14150405096868984, 0.14104892840553235, 0.13990341546351345, 0.16666666666666666, 0.14186503236509831, 0.12728018193853555, 0.14173172419196367], [0.14167541316615317, 0.1416088454043165, 0.1397499622242417, 0.16578904132839986, 0.14192073802690935, 0.12725816678784846, 0.14199783306213085], [0.14757673458427098, 0.15883980215842086, 0.14616803370066014, 0.12174609691957115, 0.12470615415707376, 0.1549848846608445, 0.14597829381915844], [0.1556310206053467, 0.1506279520736843, 0.1547578695126782, 0.12295924090568665, 0.13449995427451247, 0.13183805095669374, 0.14968591167139797], [0.14829013913991348, 0.16224410543764803, 0.14903988193533396, 0.1195998103008365, 0.12585672605614528, 0.14612014682262384, 0.14884919030749896], [0.1577932021331098, 0.14584104147066795, 0.16666666666666666, 0.1166036158556633, 0.13604694058048133, 0.12953150224839913, 0.1475170310450118], [0.15909627951721883, 0.14812509951814265, 0.16273605814657632, 0.11623667327120572, 0.1345261832734502, 0.13180018758680373, 0.14747951868660264], [0.15622431979640106, 0.14519464507537458, 0.16298224611281337, 0.11870874797318128, 0.13849123424727816, 0.12852378612543552, 0.14987502066951602], [0.15799141647095255, 0.1461069261779544, 0.1636571802357086, 0.11725353686490957, 0.1367745666412048, 0.12836550378310668, 0.14985086982616339], [0.15233289875676523, 0.14289259792544384, 0.1499117218943369, 0.12305540680730905, 0.14101328366743346, 0.12412742428204492, 0.16666666666666669], [0.14874934044689814, 0.15185388191238658, 0.15487806579156788, 0.1204970522690659, 0.1331253403403106, 0.13491930525160556, 0.15597701398816546], [0.14625163279167797, 0.15971019472588685, 0.15006710543776777, 0.12036586012105621, 0.12759656247432255, 0.14211798780678384, 0.15389065664250484], [0.14647291880911037, 0.15683879779486767, 0.14935183649486913, 0.1216460122442712, 0.12873837520671866, 0.14580066412930612, 0.15115139532085686], [0.1448818241789588, 0.1420813091933066, 0.14398245825941844, 0.1311399715552869, 0.14106409420846866, 0.13018367593789396, 0.16666666666666669], [0.15571477351500457, 0.13888014203838048, 0.14392082024032468, 0.13600094340322774, 0.1578362700815828, 0.11935770313141597, 0.14828934759006382], [0.1547855795169078, 0.13221024781225857, 0.14717106161716928, 0.13474509020803865, 0.16666666666666669, 0.11752694608477102, 0.14689440809418805], [0.1640834456604585, 0.14427989019815127, 0.15727218770395476, 0.12081454456504294, 0.14177394205690796, 0.12517350881069908, 0.14660248100478537], [0.15361231652970062, 0.14125733841547206, 0.16666666666666669, 0.12529977725187877, 0.13873356849640395, 0.12996673652790056, 0.1444635961119774], [0.1496650330106141, 0.1383298867115781, 0.16666666666666666, 0.12634530446479494, 0.14549979679796288, 0.12700103690955078, 0.1464922754388325], [0.15624952748166301, 0.14545846368188514, 0.15700343218692572, 0.12027102212939016, 0.14059825806303874, 0.1266148378076672, 0.1538044586494299], [0.14625329273948542, 0.1483589818630355, 0.14940643530127012, 0.124468996347026, 0.13678823138569737, 0.12956467527756932, 0.16515938708591626], [0.1468642453757706, 0.15066750058598752, 0.14941986767007662, 0.12462832389514107, 0.1350345669700529, 0.13108373735774798, 0.16230175814522332], [0.14584020223592578, 0.1466199926418688, 0.14849549284529723, 0.1254374931817036, 0.1394095060662404, 0.1293899241330963, 0.1648073888958679], [0.14602169712049343, 0.14677897994689182, 0.14819442176553882, 0.12468456590497204, 0.13861226700332127, 0.1290414015921159, 0.16666666666666666], [0.1468458614855016, 0.1507971816275789, 0.14941063283355324, 0.12427199607726759, 0.13499906700276615, 0.13101680813431035, 0.1626584528390222], [0.14679407019254972, 0.15265652668452964, 0.14950994714565785, 0.12326156318195927, 0.13350654218270755, 0.13260999599294884, 0.16166135461964712], [0.1461767516651819, 0.1492155357597223, 0.1494763364626698, 0.12318736531700578, 0.1354098013789009, 0.12986754274985268, 0.16666666666666669], [0.14632979633046753, 0.15028115201565379, 0.1496601105999446, 0.12404144218790696, 0.13529947467626208, 0.13071761172055746, 0.1636704124692077], [0.14591591145266017, 0.14835941975232136, 0.149578911155221, 0.12520264545432513, 0.13702388490312975, 0.12988384108828727, 0.1640353861940554], [0.14652659888960545, 0.14687948452965713, 0.14904856576491587, 0.12666483958145958, 0.13919257681875039, 0.12930359489912843, 0.16238433951648318], [0.14773929764370206, 0.16666666666666666, 0.14144943673869706, 0.13406833457626713, 0.13260070116290812, 0.13230418884290393, 0.145171374368855], [0.14681199102703685, 0.14746128954040993, 0.14891507821342592, 0.1263692886986912, 0.1384268447254793, 0.12935869112759685, 0.16265681666735998], [0.14578825288473762, 0.1457060099288341, 0.1480434259714162, 0.1264560668409, 0.14069123151134708, 0.12891030282257812, 0.16440471004018692], [0.14630224752287596, 0.1481019604150182, 0.14942788081395866, 0.12470480791447926, 0.13719441990657325, 0.12961850662903399, 0.16465017679806054], [0.1458896611130909, 0.14682148197917738, 0.1487902481421645, 0.12542463781897897, 0.13930521692802178, 0.130079151170938, 0.16368960284762854], [0.14607133417273355, 0.14731226308991013, 0.14900646123699776, 0.12501637388133663, 0.1386325125224932, 0.13010658677302836, 0.16385446832350037], [0.1448429830842561, 0.1401092485967094, 0.1448609237451964, 0.13453784961571813, 0.14687243654888474, 0.1221098917425685, 0.16666666666666666], [0.1458985829352968, 0.15178941199973564, 0.1500199638518242, 0.12338226156645068, 0.13387759891468867, 0.13250007864241106, 0.16253210208959307], [0.14505902321800415, 0.14951714814597503, 0.14871419221968404, 0.12414529448461777, 0.13543994541394846, 0.13045772985110393, 0.16666666666666669], [0.14577203774236433, 0.14609565412906136, 0.1483698634406801, 0.12614123914094375, 0.14019911918772673, 0.12922366902693233, 0.16419841733229149], [0.14636251816510032, 0.14684883313655808, 0.14805653323847895, 0.125311264425078, 0.13902773109864258, 0.1292517517939623, 0.1651413681421798], [0.14662159420922755, 0.14720879710317847, 0.14814562365833078, 0.1251642367951248, 0.13862724106462201, 0.1296586872890261, 0.1645738198804903], [0.14641287224465627, 0.14761581493254228, 0.1482304505366116, 0.12496192830543708, 0.1383549472020865, 0.1299299984778215, 0.16449398830084472]]