[[0.16152096277861347, 0.1431844230128523, 0.14715658309689097, 0.12897500259083852, 0.14683227296224838, 0.12886831215177644, 0.14346244340677977], [0.16324223818621694, 0.14037096280901903, 0.14755736904341984, 0.12883891296097658, 0.15120271659680676, 0.12323394629312953, 0.14555385411043123], [0.16326560468662527, 0.14124012038779732, 0.14685604437435285, 0.12833386857338122, 0.15123477346793848, 0.12341513026411492, 0.14565445824579001], [0.1650851423245396, 0.14272349432323098, 0.14631482256962566, 0.12803734365252664, 0.14902553040017677, 0.12464215992799166, 0.1441715068019087], [0.16408319605457597, 0.1426791784112782, 0.1463346439108157, 0.1278044953410933, 0.1498237942822855, 0.12458206470227007, 0.14469262729768126], [0.1651589904801246, 0.14346698296975452, 0.14500288544682657, 0.12829792316247793, 0.149489813532204, 0.12446240170167412, 0.14412100270693842], [0.1644701879504581, 0.14285767234592625, 0.1464946715966627, 0.12750290737986594, 0.1492831008264941, 0.12478562012451921, 0.14460583977607375], [0.16414742983538594, 0.14363794242421443, 0.1461967997101705, 0.12725608343262843, 0.14878890883987939, 0.1255642030251729, 0.14440863273254836], [0.16306144273283155, 0.14065529743240965, 0.148742691278163, 0.12916826797198014, 0.14874672225275587, 0.12416449929204348, 0.14546107903981637], [0.16458444710120063, 0.14420235683110605, 0.14617798903710796, 0.12713455040706143, 0.14795880478200713, 0.12552433005633068, 0.14441752178518627], [0.16491023056317025, 0.14393829860730206, 0.1449940519833389, 0.12795505497607493, 0.14917365046475914, 0.12464917926582987, 0.14437953413952473], [0.16382972175666807, 0.1453588554995407, 0.14581699341345303, 0.12714151252268704, 0.1471542498231587, 0.12674503368713913, 0.14395363329735333], [0.16457820677591353, 0.1435431539800817, 0.14535918999540506, 0.12792363237037618, 0.14952160303971135, 0.12451062119264185, 0.14456359264587026], [0.16397814138790295, 0.14480472123437377, 0.14587193632065526, 0.1269736254955016, 0.14785811226669812, 0.12612492264146213, 0.144388540653406], [0.16334052292728035, 0.1459555742928242, 0.14533874025195456, 0.1270433538300193, 0.1471794203445309, 0.12710204119919652, 0.1440403471541941], [0.1638645321149296, 0.14500376213308727, 0.1457458363420517, 0.12704155762717645, 0.14779147820551974, 0.1262590579278003, 0.14429377564943494], [0.16306375385551208, 0.1463107445768075, 0.1456772130555237, 0.12696723990961, 0.14642721471002143, 0.12781554523684854, 0.14373828865567675], [0.1598988323303724, 0.14226604729229758, 0.14997610540886064, 0.1290473956666781, 0.14469797744991203, 0.12928500230924886, 0.14482863954263053], [0.1626108696712841, 0.1429582146162624, 0.14951520807456056, 0.12667716825140585, 0.14550121117731477, 0.1273956598501931, 0.14534166835897913], [0.16421988308854457, 0.14400822638478128, 0.14656233298913804, 0.1274524255049754, 0.14771635253739857, 0.12512054847623794, 0.14492023101892418], [0.1639084334951915, 0.14493817280814075, 0.14616803857209848, 0.12732182655380556, 0.14716002260526, 0.1260907987694096, 0.14441270719609414], [0.15808384873953982, 0.14203043814445693, 0.15073439910604794, 0.12851572404123024, 0.1454057343185797, 0.1297533136371376, 0.14547654201300783], [0.163552871779649, 0.14573042793142804, 0.14612378018840183, 0.12710615635039013, 0.14639249088155737, 0.1271269789146542, 0.14396729395391955], [0.1638059561987914, 0.14544841794258884, 0.1460104486870502, 0.12700876871155103, 0.1469314804811325, 0.12656081338229352, 0.14423411459659236], [0.16499486937524244, 0.14317756779179602, 0.14743518099223132, 0.12666610432746223, 0.14772871656755127, 0.12506844955261856, 0.144929111393098], [0.1645181347884139, 0.14469819016352103, 0.1463009982672755, 0.1269572028803792, 0.1472660669987406, 0.12598803104675824, 0.14427137585491173], [0.1646114781817421, 0.1433845163016739, 0.14708470578026334, 0.1274168263184215, 0.14780972220735966, 0.12480752982626289, 0.1448852213842767], [0.16435092473021953, 0.14475783377672813, 0.14612186526493373, 0.1269037311198601, 0.14753712413544293, 0.12580114972299364, 0.14452737124982173], [0.16349902679696976, 0.14611210867990065, 0.1454210320862676, 0.1269985679219195, 0.14684215643952797, 0.12694897831402657, 0.144178129761388], [0.16478124518420634, 0.14415162387873973, 0.14670215419829216, 0.12693353707746466, 0.14740783002599853, 0.12543257969787758, 0.1445910299374211], [0.16292881925949074, 0.14638764624281392, 0.14580617386964884, 0.12694601936363584, 0.14633273607527864, 0.12751940645306872, 0.1440791987360633], [0.1633364923573247, 0.14557678034926638, 0.14614968876202553, 0.1266072276631156, 0.14696228730512034, 0.12694452136178927, 0.14442300220135812], [0.16417885667014, 0.145163995895789, 0.1461733365509908, 0.1268290615208999, 0.14701782166450605, 0.12629572426468738, 0.1443412034329868], [0.16280018065324225, 0.14639402914227453, 0.14546190945710794, 0.1268962112983709, 0.14679486234005037, 0.1272726197891601, 0.14438018731979382], [0.16289110889168784, 0.14640716822845423, 0.14612867102033075, 0.12680205087120372, 0.1460089872868376, 0.12753741234583718, 0.14422460135564863], [0.1647151217029603, 0.14375052013032044, 0.14753924460010232, 0.12668458508471864, 0.1469935984747149, 0.1254019541566305, 0.14491497585055294], [0.1640177451539036, 0.1418526515060224, 0.1491823760748252, 0.12812958030853946, 0.14608076383037724, 0.12558270828712806, 0.14515417483920404], [0.1632198798497348, 0.14599154495017336, 0.1461578579863856, 0.12698441914973255, 0.14636108825133312, 0.12694392752326336, 0.14434128228937723], [0.1589975591384505, 0.1440270668727595, 0.15019771737395246, 0.12762343133818013, 0.1431350036889721, 0.1314311884101103, 0.14458803317757493], [0.1589975591384505, 0.1440270668727595, 0.15019771737395246, 0.12762343133818013, 0.1431350036889721, 0.1314311884101103, 0.14458803317757493], [0.16331001720019603, 0.14623064786676598, 0.14628863542003548, 0.1266200263716141, 0.14591449990591393, 0.12752749920819142, 0.14410867402728317], [0.16281244308972528, 0.14625701694578094, 0.14611999134262602, 0.1266380952130253, 0.1463897613752396, 0.1273194233794481, 0.1444632686541547], [0.16423604333654912, 0.14407947304071597, 0.14751721937318188, 0.12676745284584062, 0.1468678948670638, 0.12539902626294896, 0.1451328902736997], [0.15977247753563648, 0.14545894376611643, 0.14941393711295603, 0.1270562317292, 0.14226868865947342, 0.13193572604711507, 0.14409399514950275], [0.16312469958636341, 0.1463290828206576, 0.14630875925575273, 0.12671194122089605, 0.14579148389515545, 0.1274822235376961, 0.14425180968347875], [0.16506023955601348, 0.14355787185323524, 0.14859547163445397, 0.1271530079699426, 0.14460310120140618, 0.12637590539234125, 0.1446544023926072], [0.1638059210665156, 0.14497736216704124, 0.1478873982528648, 0.12624799580425358, 0.14552470174826906, 0.1265742114127565, 0.1449824095482992], [0.159816390682121, 0.14477687248155025, 0.15028804615495633, 0.1268759776625682, 0.1416348401306295, 0.13206910451854084, 0.14453876836963386], [0.1589036132234769, 0.14793603210663125, 0.14870403302715227, 0.12606310067193002, 0.14087323747118136, 0.13375718975504158, 0.14376279374458656], [0.16488739020661194, 0.1431974467165499, 0.14901754917082569, 0.1270276758609252, 0.1449749715482162, 0.1258439752360574, 0.1450509912608136], [0.1597557290734377, 0.14616920647614987, 0.1496380045952626, 0.12633547986317803, 0.1407130227383834, 0.13348465090502082, 0.14390390634856745], [0.16315351915295384, 0.14560910970331942, 0.14850446221775357, 0.12636705625474823, 0.14386871986160987, 0.1275429563372697, 0.14495417647234524], [0.16085340555581096, 0.14537444174790148, 0.15038468334232358, 0.12541545709042118, 0.1438723120834977, 0.12696263919334042, 0.14713706098670482], [0.16061314062310245, 0.1465402761342422, 0.14962385252017402, 0.12537533145579605, 0.1434501982612689, 0.12752103780586255, 0.14687616319955382], [0.1606447815210659, 0.14625838198840807, 0.14983589158194602, 0.12510961604970258, 0.14365285394527552, 0.12725926532159745, 0.1472392095920045], [0.15801373666925003, 0.14971617511538912, 0.14712579753542968, 0.12554561019022442, 0.1430698736712299, 0.13018627107707026, 0.1463425357414067], [0.16476392538185566, 0.14406608258335113, 0.14618674650474975, 0.12721697031393037, 0.14797373212443082, 0.12547514468572085, 0.14431739840596153], [0.1642765757745862, 0.1446808921874526, 0.14611620906553058, 0.1271557465922738, 0.1475917251296874, 0.1257726153492454, 0.14440623590122403], [0.16405233388404905, 0.14200592552865762, 0.14649011272964554, 0.12824279059500993, 0.1502755174985311, 0.12441305349779777, 0.14452026626630904], [0.16514630210879858, 0.14257576053522086, 0.14679570750020865, 0.12754105535953866, 0.14883499849155787, 0.12465030239190199, 0.1444558736127734], [0.1628547677688205, 0.1438248814240413, 0.1488462094181538, 0.1259320373227579, 0.14606790159348024, 0.12705697420833414, 0.14541722826441214], [0.16172342237993986, 0.14203555724532443, 0.14900804745896012, 0.12793759556922865, 0.1470269592454689, 0.1265041749284472, 0.1457642431726308], [0.16087664774582613, 0.14545302221643652, 0.1487396894059139, 0.1271385465220747, 0.14294337024175396, 0.13094662813168553, 0.14390209573630927], [0.15943286948361887, 0.14389599630569164, 0.15021593729570326, 0.12785270633988183, 0.1424064633986652, 0.1316222055324561, 0.14457382164398308], [0.16085062247481222, 0.14602157204738087, 0.14912131473127305, 0.1262226514020875, 0.1424155173057945, 0.13110751606081503, 0.14426080597783694], [0.16195893008271298, 0.1447316315903163, 0.14993097898952812, 0.12593675179907166, 0.1429031648699287, 0.12943383612975254, 0.1451047065386897], [0.15942386970275457, 0.1483308823280987, 0.1484793113986535, 0.12564493803331986, 0.14121190561106295, 0.13294882544665326, 0.1439602674794571], [0.1593335485552138, 0.1484717431583661, 0.14848840426518706, 0.12548042234665957, 0.14123366603583978, 0.1329671682662441, 0.14402504737248958], [0.15976511077571467, 0.14804122494023858, 0.14875799147450605, 0.12559007427962715, 0.1412013291672652, 0.13249454286305634, 0.14414972649959193], [0.15963446598473507, 0.14804362204703994, 0.14933424111044033, 0.12526880644869492, 0.13975996419218795, 0.13392945895598096, 0.1440294412609208], [0.16666666666666666, 0.13661388056905502, 0.14779565468020422, 0.13041448024268018, 0.15136990496776773, 0.1216053613097465, 0.1455340515638796], [0.16374048535594218, 0.14163621017218386, 0.14722191029564274, 0.12942343510638338, 0.1486474660009302, 0.12522009143267349, 0.14411040163624408], [0.16509429598405598, 0.14211092547780857, 0.1453008966609541, 0.12859857912248435, 0.15101679493261674, 0.12342455969193723, 0.14445394813014298], [0.16454424191575337, 0.14157422697836672, 0.14622435099352693, 0.12862438327092446, 0.15088575489975276, 0.12317468642614214, 0.1449723555155338], [0.1655351276297868, 0.14239464564291318, 0.14517275923567224, 0.1284732449566587, 0.1506127263324408, 0.1234574845990014, 0.14435401160352687], [0.16558127432820074, 0.14261392288974847, 0.14526980301086964, 0.128212738338182, 0.15027292244902266, 0.12371393028501608, 0.14433540869896036], [0.16547458249003252, 0.14117354378419078, 0.146546488009912, 0.12902351157216327, 0.15011879207039353, 0.12307979979382686, 0.14458328227948106], [0.16565853850013634, 0.1427030178522786, 0.14555111071652044, 0.12815677100448392, 0.14975420782852022, 0.12384297433417256, 0.14433337976388802], [0.16295040125614024, 0.14080701488520567, 0.1480899623244669, 0.12802839412253067, 0.1504042374027217, 0.12378135578457561, 0.14593863422435924], [0.16460935301361607, 0.1429186239236374, 0.1450654490816337, 0.1290370851444059, 0.15008345025715758, 0.12370166071255141, 0.14458437786699788], [0.16323606535097093, 0.1427433865862323, 0.14532951140924752, 0.12983135104714516, 0.15017557018499447, 0.1237612558110201, 0.14492285961038956], [0.1642122447854704, 0.14201987491567367, 0.146103741085076, 0.12822984481632718, 0.1508174562571005, 0.12347495010376129, 0.14514188803659092], [0.16436172211032418, 0.14205146876428118, 0.1467329793836658, 0.12831495363371193, 0.14986306207943229, 0.12392537734760428, 0.14475043668098034], [0.1652102925824399, 0.14254184541292209, 0.1458312777387041, 0.1283059174292129, 0.14987082420080894, 0.12363100015653479, 0.1446088424793773], [0.16666666666666666, 0.1357867867921901, 0.14605284934380883, 0.13299218248316652, 0.1546633608450775, 0.11818870701059404, 0.1456494468584963], [0.16489736967285176, 0.142407030763673, 0.14701774614705163, 0.12746102296044332, 0.1489702419401481, 0.12416844060150205, 0.14507814791433005], [0.16402312463194796, 0.14277031046012395, 0.14656824680936711, 0.12714823315367535, 0.14963817537778182, 0.12438407371469935, 0.14546783585240466], [0.1656147411164574, 0.14157592175979652, 0.14670574824699742, 0.1283181920188657, 0.14980779946620246, 0.12303260371903349, 0.14494499367264693], [0.1655738957689588, 0.14300993254207117, 0.1458458382891474, 0.12773505834447357, 0.14925296512989347, 0.12403475770460817, 0.1445475522208476], [0.16440198468097222, 0.144334449444707, 0.14460119692975307, 0.12824147980393, 0.14904812393161765, 0.12487780047788183, 0.14449496473113832], [0.1631979516659371, 0.14559763993555155, 0.14659599130787443, 0.12772983728044995, 0.14533388898033173, 0.12813867826706216, 0.14340601256279326], [0.16488762208569435, 0.14412281302701416, 0.14612131541351195, 0.12676445634118308, 0.1481271911379262, 0.1251021033913146, 0.14487449860335558], [0.16263963639341855, 0.14447133982371832, 0.14746160780149054, 0.12573696611008325, 0.1473178673827609, 0.12617792734541436, 0.14619465514311403], [0.1637860647424823, 0.14323122325239881, 0.14727013653322985, 0.126708668706066, 0.148558928508871, 0.12455812414199988, 0.1458868541149522], [0.16437310627874605, 0.14464949691634008, 0.14542147898362784, 0.12741017568400165, 0.14827377864439434, 0.12514510292763226, 0.1447268605652578], [0.16473918541140548, 0.14312095633978944, 0.14798183843378276, 0.12732696022398826, 0.146678320802484, 0.12505949142945896, 0.1450932473590911], [0.162362742049774, 0.14610179401011822, 0.14731791442029488, 0.12723136828762288, 0.14448628552125575, 0.1286856422799603, 0.14381425343097404], [0.15968295898414506, 0.1491677491027347, 0.1453527242629064, 0.12671632200341454, 0.14464517449194433, 0.1301516485341453, 0.14428342262070962], [0.16161713221822804, 0.14608382167883802, 0.14671540868910402, 0.1271976832920073, 0.14622073101438104, 0.12582909585268007, 0.14633612725476158], [0.1615812934173874, 0.145965025555251, 0.14816067238054018, 0.12613344085398498, 0.14530509957072293, 0.1264023723649726, 0.14645209585714092], [0.1604511610487502, 0.14711333679580824, 0.1476375513461704, 0.12590564885394037, 0.14493896329005299, 0.12732413435336587, 0.1466292043119119], [0.15802400369040415, 0.15001537919250804, 0.14733164932210854, 0.12659981298338674, 0.14219881133454398, 0.1297662967506328, 0.1460640467264156], [0.15721403274669937, 0.15058178305956274, 0.14793284708959986, 0.12425891734132019, 0.14146668282765143, 0.1325367782261484, 0.14600895870901792], [0.16666666666666666, 0.145940031768849, 0.14840292549053993, 0.12534760085298546, 0.13336647382030806, 0.13857286228148588, 0.14170343911916494], [0.16666666666666666, 0.14569456422282018, 0.15100105213724072, 0.12376063138648799, 0.1346913719379516, 0.13409712228828252, 0.14408859136055027], [0.145848993423222, 0.154549975001858, 0.14469574393575907, 0.12838439759596815, 0.1274746302791628, 0.15588545090942207, 0.14316080885460802], [0.1467334528646756, 0.1484281380464863, 0.14340251524514502, 0.1349775319146677, 0.13377100278591064, 0.1495895703552835, 0.1430977887878312], [0.14881318683025013, 0.14788459588262642, 0.1441412898506858, 0.1317409049867308, 0.13004164994405001, 0.15602026907030864, 0.1413581034353482], [0.14935377675322817, 0.14660775071215415, 0.15654722825631298, 0.12450721048916119, 0.12983236031834033, 0.14196767097021323, 0.15118400250058991], [0.1455595343193283, 0.149590807946543, 0.15281468312769736, 0.1249139111596953, 0.13309309850019135, 0.14292475655196005, 0.15110320839458477], [0.14485733306845747, 0.15274837548835188, 0.1430030847918956, 0.12598583125964713, 0.12713771934241824, 0.16524189874258782, 0.1410257573066418], [0.14475034021943012, 0.15222031269895958, 0.14243074580416526, 0.1263213334645673, 0.1271235243970446, 0.16666666666666666, 0.1404870767491664], [0.1484449787993548, 0.1505971433811728, 0.14588044302529388, 0.12663346705866876, 0.12728600399574536, 0.1586410503996755, 0.1425169133400889], [0.16666666666666669, 0.1418123460505198, 0.14639826419154534, 0.12792624482591408, 0.14914147343547468, 0.12415840103051945, 0.14389660379936012], [0.16666666666666666, 0.14324689174744318, 0.1456184776961413, 0.127923883212281, 0.14795046026479525, 0.1255917933443042, 0.1430018270683684], [0.16666666666666663, 0.14201049273609226, 0.14638241496656682, 0.1279686010028239, 0.14870819500452445, 0.12449866378196373, 0.14376496584136206], [0.16666666666666666, 0.14242348361245236, 0.1459866826139005, 0.12817714762491347, 0.1485228549990347, 0.12468705900202567, 0.14353610548100665], [0.16666666666666666, 0.13958605802880802, 0.14656657641047036, 0.12989780941213144, 0.15065356011140343, 0.12203810263114492, 0.1445912267393751], [0.16666666666666669, 0.1414834954418394, 0.14600223186155842, 0.12855503503454893, 0.14995041003622903, 0.12309984431739722, 0.1442423166417604], [0.1649618746631321, 0.1408335721619071, 0.14684621276954438, 0.12905252411320609, 0.1505221916492571, 0.12292465347214065, 0.1448589711708125], [0.16666666666666663, 0.14278216059655224, 0.14639695746553477, 0.12767405756837055, 0.1478986405789471, 0.12480439256150537, 0.14377712456242317], [0.16535137842454867, 0.14294840120385605, 0.14537066827237694, 0.12820869160073467, 0.1497608251269086, 0.12390424201863658, 0.14445579335293862], [0.16475062493473178, 0.14247537323684384, 0.14644596208856625, 0.1278960678003184, 0.14960256388514662, 0.12392729700612952, 0.14490211104826362], [0.1654209176199485, 0.1409736365392911, 0.14684542410006113, 0.12872274302362835, 0.15023157132842, 0.12254605712812686, 0.14525965026052384], [0.1653200618761669, 0.14379208229110993, 0.1466982459609491, 0.12692582288909213, 0.1474051441126514, 0.12573955997724448, 0.14411908289278608], [0.16422311719673735, 0.1444020429618034, 0.14626130555617053, 0.12781251719665446, 0.1472320700709401, 0.1258770407721818, 0.14419190624551237], [0.16439507441311765, 0.14484977447139463, 0.14638758227405077, 0.12701541771783978, 0.14687738121887775, 0.12635539122431041, 0.14411937868040894], [0.15800749137734518, 0.1456682300153659, 0.15460260652433824, 0.12505367140461698, 0.1381709259835945, 0.12969516184417407, 0.14880191285056513], [0.1572576020359517, 0.1457005553917437, 0.1541439978794492, 0.12516478370765277, 0.1392564718412947, 0.12814676670271719, 0.15032982244119067], [0.15624388951426066, 0.1457468821062923, 0.15751157498118704, 0.12408911041525737, 0.13249821923837413, 0.13332466956265523, 0.15058565418197314], [0.15405170125936762, 0.14880687840488177, 0.15620660999236713, 0.12268014543827775, 0.1299050783274356, 0.1384977783883343, 0.14985180818933588], [0.15051373613050842, 0.14823247484449292, 0.14935671818458848, 0.12773464713326582, 0.1280069622236408, 0.15099927240073144, 0.14515618908277217], [0.16546310742165607, 0.14190467282703872, 0.14609581658952694, 0.12863343900746643, 0.14961418673077093, 0.12471352155431237, 0.1435752558692286], [0.16375881956494467, 0.1410109541720375, 0.14706743724328133, 0.13009907379288718, 0.14918875776754695, 0.12466993986264341, 0.144205017596659], [0.1650468682878042, 0.1423469955766266, 0.1461533380724049, 0.12804549543725482, 0.14967702219741358, 0.1246710220680098, 0.1440592583604862], [0.16536682724747348, 0.1431290216257814, 0.1461898905762456, 0.1281891321054751, 0.1479497516653107, 0.12563452389649782, 0.1435408528832158], [0.16475808237622552, 0.14421234869711153, 0.14572775730199444, 0.12725047280382573, 0.14814885181717605, 0.12621080749834715, 0.14369167950531964], [0.16666666666666666, 0.14316326207692723, 0.14515150676211067, 0.1276718450851981, 0.1492320754310925, 0.12406701024364307, 0.1440476337343617], [0.16524374981336715, 0.14323744615423709, 0.14470848173494427, 0.12814546820533773, 0.15018003675215233, 0.1241814704109932, 0.14430334692896823], [0.16666666666666666, 0.14292547940314868, 0.14488560079374396, 0.12784586679336568, 0.14979701616292912, 0.1236655751889693, 0.14421379499117656], [0.16666666666666669, 0.14156892150099012, 0.1463739084517425, 0.12833071205687907, 0.14955682896771683, 0.12288476100944623, 0.14461820134655856], [0.16666666666666669, 0.14330593625710045, 0.14636167028758948, 0.12672537165385528, 0.14788378590767115, 0.12506617906311723, 0.14399039016399975], [0.16483777124708412, 0.14392663370398354, 0.1455020235930985, 0.12778102067639477, 0.14878790651262916, 0.12484269061311126, 0.14432195365369857], [0.16460367255794225, 0.14305351193220814, 0.14602585370240248, 0.12840370753694474, 0.14908770401659557, 0.12390882255203756, 0.14491672770186914], [0.16291808305942823, 0.1458868642422796, 0.14767383351451938, 0.12598082871016827, 0.1452727325973029, 0.12684967219551907, 0.1454179856807825], [0.1636274687535253, 0.1452044051003294, 0.14616906866901452, 0.1276582628201073, 0.14657254227104347, 0.1270201595229555, 0.14374809286302445], [0.16306338623869843, 0.14334802134990768, 0.14860511791260317, 0.126055890738775, 0.14686855859054398, 0.12659779568831037, 0.1454612294811613], [0.16466659606883396, 0.1428144954008291, 0.14714333554208417, 0.1275248352217749, 0.14841921694563487, 0.12454510619619691, 0.14488641462464613], [0.16472855076239293, 0.14340362540559748, 0.14699479548098776, 0.12727940363709506, 0.14784909966957807, 0.12501840324752536, 0.14472612179682331], [0.16212142362411033, 0.14703163319535315, 0.14465199032060425, 0.12798629109172385, 0.14659101857075035, 0.12809430052302914, 0.1435233426744291], [0.16438561484412287, 0.1431525160206364, 0.14689853369022077, 0.1280823843661963, 0.1479876294416759, 0.12433934610211582, 0.14515397553503204], [0.15931410789848627, 0.14331820674559143, 0.15027175870389917, 0.12805652442038765, 0.14342639379805594, 0.13079215464954097, 0.14482085378403847], [0.16172679114917934, 0.14470785959237123, 0.14887476664131938, 0.1253988014709096, 0.14526733416388135, 0.12888052348471787, 0.14514392349762117], [0.16433543368775036, 0.1425978769158547, 0.14759667797292922, 0.1274895648808229, 0.14838876589338026, 0.12438845666942991, 0.14520322397983282], [0.16344534709505182, 0.14564556394667957, 0.14655092859292937, 0.12717592679848375, 0.14595458461084881, 0.12714120710979446, 0.14408644184621222], [0.1641651816334786, 0.14482887089687216, 0.14700712170368516, 0.12628640213295228, 0.14673088174637813, 0.12601748226442724, 0.1449640596222062], [0.16381116071833887, 0.14367892728759038, 0.1483075141752628, 0.1266486537983415, 0.14659438972175898, 0.12551993915124676, 0.14543941514746075], [0.15939343503272652, 0.14459567504516696, 0.15014956496287715, 0.1271224559494971, 0.14261183998242563, 0.13156016838189497, 0.14456686064541166], [0.16666666666666669, 0.14261212300229265, 0.14842478275151036, 0.12711052939668838, 0.14546603886642798, 0.12475786616117727, 0.1449619931552368], [0.16565267306794315, 0.14274255826901344, 0.1485920857819492, 0.12749870311538342, 0.14531791249679832, 0.12496713311789076, 0.14522893415102178], [0.16495614434710626, 0.14416930737559785, 0.14856794537178122, 0.12667901260895445, 0.14441105096366877, 0.1260519135765345, 0.14516462575635697], [0.16223121934129126, 0.14415601931778216, 0.14909271685656733, 0.1257483184394736, 0.1454962253535641, 0.1279906051923305, 0.145284895498991], [0.1602571249288291, 0.14250104328201532, 0.14974116049338151, 0.1290494386633343, 0.14462426739740913, 0.12912119423097254, 0.14470577100405815], [0.15233996568214886, 0.1363623156916739, 0.14331045489460867, 0.14439469137782004, 0.1531581016573344, 0.12488122306421617, 0.14555324763219799], [0.15309159548384893, 0.15234249920842807, 0.15142646146003, 0.124543109603773, 0.13589800766972893, 0.13341720056901615, 0.149281126005175], [0.1499746736237829, 0.16219927131592382, 0.14568792022341204, 0.1232732548547099, 0.13083563551023686, 0.14446114026067033, 0.14356810421126406], [0.14655090973515228, 0.16666666666666666, 0.14355125896701285, 0.12366500882180652, 0.13032797981263938, 0.14680361629224345, 0.14243455970447888], [0.14527793231461986, 0.15447760379746728, 0.15020231271190554, 0.1245602461077526, 0.12947204482535907, 0.14632138308095882, 0.1496884771619368], [0.14412510697448513, 0.15073957649033254, 0.15143105164034093, 0.12838235957786642, 0.13418232641021718, 0.1377055157802091, 0.15343406312654861], [0.14713533916371338, 0.15112903903229602, 0.15347752577488583, 0.12471358074252288, 0.1290993781370904, 0.14274762060489213, 0.1516975165445995], [0.1492301138270328, 0.15024650900741598, 0.1520463870689533, 0.12524870515321987, 0.12755009377707277, 0.14734008183105757, 0.1483381093352477], [0.1438532906573349, 0.13672022619052351, 0.13970263055091817, 0.16666666666666666, 0.14389716677896305, 0.1280352168129627, 0.14112480234263086], [0.1439923721661282, 0.13687392655021838, 0.13977773308558378, 0.16587040667192138, 0.14413916127242893, 0.12805868072166612, 0.14128771953205302], [0.14908546098840414, 0.15061216246948295, 0.1511721879070101, 0.12529628501734055, 0.12736804495620643, 0.14909945347450854, 0.1473664051870473], [0.15306227537571013, 0.14866601818954367, 0.15161711942454062, 0.1276429342710753, 0.13768499834679868, 0.1306383637478772, 0.15068829064445458], [0.14742040538998716, 0.15340032674519652, 0.15246277432689964, 0.12276572955063215, 0.12959904034937111, 0.14364629102959395, 0.15070543260831942], [0.1579974047399485, 0.1446310422961581, 0.1556133952077778, 0.12335922141490273, 0.13955212289359975, 0.12854085912369154, 0.15030595432392155], [0.15692524644463557, 0.14678177512624643, 0.15472017504335023, 0.12250580365140572, 0.13886351134491032, 0.1307306034672514, 0.14947288492220034], [0.1570666677970161, 0.14211374364758, 0.1570655157689609, 0.12438763849719586, 0.14095756490207373, 0.12668601949492078, 0.15172284989225276], [0.1569805828215964, 0.14378650785847427, 0.1563287787751252, 0.1233265748511077, 0.14039114569081743, 0.12722243890525872, 0.15196397109762022], [0.15286776982886616, 0.14069546222108906, 0.150658299503378, 0.12858619389867681, 0.14809460349775622, 0.1259887701666273, 0.1531089008836064], [0.14981372493094536, 0.14074067170213123, 0.16666666666666663, 0.12323977295163238, 0.13404674262782237, 0.1292916760320822, 0.15620074508871973], [0.14790549288794017, 0.14609203718857788, 0.1583140122609539, 0.12411677510064664, 0.13028666693807514, 0.1377084341817326, 0.15557658144207362], [0.14782173047993163, 0.1466305422468447, 0.1560289908906765, 0.12465310060356331, 0.13182728413705666, 0.1414626721353667, 0.15157567950656056], [0.1476237486388746, 0.13845750858600733, 0.1493863185286683, 0.13561149868984512, 0.1461978441204763, 0.13140220559829477, 0.15132087583783355], [0.15636098041857913, 0.13459535833578834, 0.14099840142486944, 0.13781034765886854, 0.16666666666666669, 0.11868157629253263, 0.14488666920269536], [0.1566523867382814, 0.13493354956327014, 0.14322747189520263, 0.13976074481097678, 0.15882128110955543, 0.12096403698420646, 0.1456405288985071], [0.16413265746031458, 0.14380234210906134, 0.1486581505793997, 0.12678563833987408, 0.14554036634129078, 0.12586567344848248, 0.14521517172157708], [0.15609707171381298, 0.14040272230993428, 0.15301873481922187, 0.1331735198622393, 0.1397998604551258, 0.12973592497512937, 0.14777216586453662], [0.15223815408151012, 0.13780088004229443, 0.152241084611249, 0.1344869038671416, 0.14499663033442958, 0.12845180232480097, 0.14978454473857422], [0.1540885026760071, 0.1426282498673197, 0.15420923293437197, 0.124774685464582, 0.14400661425167266, 0.12548488280407671, 0.15480783200196993], [0.1459817380497923, 0.13924550851949247, 0.1568493526005435, 0.12804838029771373, 0.13950924316513028, 0.12720508661357482, 0.1631606907537529], [0.1449329183422454, 0.14159133452197242, 0.15553872268278837, 0.12742766487765972, 0.13786209298393187, 0.12865754945440483, 0.1639897171369973], [0.14595150987622854, 0.13868764304648334, 0.15453610564203976, 0.12881372784545622, 0.14128587860334946, 0.12701292925238955, 0.16371220573405312], [0.14555282935011346, 0.13910162513477192, 0.15391751234962703, 0.12808314230736648, 0.14111922947662567, 0.1269829009962539, 0.16524276038524138], [0.1448802314760717, 0.1416179752131233, 0.1555100759043344, 0.12713485589613752, 0.13775685577713626, 0.12853147578912671, 0.16456852994407012], [0.14484114224844005, 0.1432755328258332, 0.15555143391041848, 0.1265908325763964, 0.1364463022234598, 0.13031023022243887, 0.16298452599301325], [0.14526631726683842, 0.13992196469747487, 0.15724060051859565, 0.12726247503239438, 0.1385603163439841, 0.12779249273526475, 0.16395583340544775], [0.1448250903755774, 0.1403284527312854, 0.15652431312181161, 0.12680203751989896, 0.1373109913740101, 0.1275424482107499, 0.16666666666666669], [0.14607161082333098, 0.1387687148622737, 0.15749818595008483, 0.1285527703764791, 0.13912525496373515, 0.1270212216353123, 0.162962241388784], [0.14726600372146703, 0.13845348902848523, 0.15562308816964415, 0.1295540527126568, 0.1417183790450186, 0.12677820530900324, 0.160606782013725], [0.1456465299576894, 0.14771823586531352, 0.14444757161836386, 0.13795415517825083, 0.1411613256276, 0.1359283418524326, 0.14714383990034974], [0.14687679932268682, 0.13925880831823959, 0.15500464591215993, 0.1291383389095957, 0.14137913589181914, 0.1270875624244105, 0.1612547092210883], [0.14637175264656668, 0.13814233599624856, 0.1534936900958184, 0.12937990682337577, 0.14238117416395282, 0.1264287377705108, 0.16380240250352698], [0.14620304241589333, 0.13906744976225027, 0.15689642665105433, 0.12826266061644276, 0.1398970016670097, 0.12722739338724942, 0.16244602550010012], [0.14595903365027502, 0.13864504486835674, 0.15523420287184464, 0.12885815807590362, 0.14113291370116485, 0.12750393686541775, 0.16266670996703733], [0.14588200372401336, 0.13885628983965034, 0.15572754956771892, 0.1284773514724475, 0.14073511663195307, 0.12754864851969558, 0.16277304024452122], [0.14817054158761656, 0.1364126841984804, 0.1459523411907912, 0.13943667973195767, 0.15023098488671385, 0.1250349428867552, 0.15476182551768505], [0.1449488780282687, 0.14132744587331725, 0.15768714866494168, 0.1267185116251467, 0.13587126025086257, 0.12934927600527577, 0.1640974795521873], [0.14528488195577044, 0.14115297778923164, 0.15539194298558415, 0.1287217759117784, 0.13784404092488592, 0.12888138038682317, 0.1627230000459262], [0.14634826415628097, 0.13818748197620404, 0.15434360951216125, 0.1292647398042859, 0.1418927022942696, 0.12668732158121998, 0.16327588067557833], [0.14531147602010547, 0.13925918566796947, 0.15290400492109316, 0.127836951818187, 0.1412862966652645, 0.12673541824071383, 0.16666666666666669], [0.1452843280519202, 0.13971990994869044, 0.15306090747448634, 0.12777726621469757, 0.14129569935640462, 0.12734845695850555, 0.16551343199529536], [0.14497988719501473, 0.14013798750953468, 0.15318878809923767, 0.12783125334782433, 0.1407441987264969, 0.1277083644631811, 0.1654095206587105]]