[[0.15963224430259784, 0.1415897900177664, 0.14695621532166034, 0.12858791071352263, 0.14755192403601025, 0.13270170430091738, 0.14298021130752517], [0.16200500289197714, 0.14042218176935153, 0.14726617294544875, 0.12826247658475373, 0.14951430688646142, 0.12701207202455847, 0.14551778689744885], [0.16246191098744847, 0.14082470504689082, 0.14678824953286804, 0.12820268814239538, 0.14888417926326578, 0.127162210847727, 0.1456760561794046], [0.1650926617814026, 0.14115852484066727, 0.1462323714635782, 0.12788084528347501, 0.14739964780888465, 0.12842502089023308, 0.14381092793175912], [0.16377883426287465, 0.14146387097535607, 0.14642451479381652, 0.12797627252697882, 0.1472420052720472, 0.12838141517987423, 0.14473308698905246], [0.16304796900140509, 0.14171168987230162, 0.1455805235846312, 0.12932097861723693, 0.14732971276917015, 0.1287314105677586, 0.1442777155874965], [0.1638438343241731, 0.14169397231717254, 0.14660825932704144, 0.1277234370059663, 0.1467541404010781, 0.12869032529074578, 0.14468603133382266], [0.16320980853291867, 0.14218262641455268, 0.14649896360543047, 0.12783783881822872, 0.14611344705148585, 0.12952734943125183, 0.14462996614613186], [0.1612126875804706, 0.1408656533910124, 0.14819534503515466, 0.12802317559155157, 0.1487637174077866, 0.1280939803940254, 0.1448454405999987], [0.16467244322775662, 0.1422296467972272, 0.14634488145528682, 0.12745656291551022, 0.14577056988092446, 0.12932186860687092, 0.1442040271164239], [0.16234070271487294, 0.14226865484439263, 0.14574240540889294, 0.12929176342776247, 0.14660408180262657, 0.12903780204442966, 0.1447145897570229], [0.16368433526569626, 0.1428114284268691, 0.1461715102628225, 0.12781357740100868, 0.14511584150073836, 0.13058803103786076, 0.14381527610500425], [0.16246186761597128, 0.14216387268138075, 0.14597104035372097, 0.12903614981118622, 0.14663482422945934, 0.1287966522632794, 0.14493559304500206], [0.16332011176019437, 0.1427201993066795, 0.14629196862193364, 0.12777538436183186, 0.14538837271282362, 0.13003362277468963, 0.1444703404618474], [0.16226435024182245, 0.14328602699372714, 0.14602179026777215, 0.12831233347358875, 0.14483403621174212, 0.13106262114489908, 0.14421884166644838], [0.16300365743810577, 0.14285745260850516, 0.14623928494468416, 0.12797617419742272, 0.14527431319181067, 0.1302252749331737, 0.14442384268629777], [0.1626755032461832, 0.14340511448696097, 0.1461860246126068, 0.1279296054631774, 0.14440891565675082, 0.13166789932892256, 0.14372693720539828], [0.15688400513973008, 0.1425224913693847, 0.14936964251692758, 0.1276804738759327, 0.14603503971296378, 0.133553080558977, 0.14395526682608417], [0.16075842446213956, 0.14261388121168297, 0.14911329987830155, 0.1257400988417652, 0.1456424666087487, 0.1314730161707234, 0.1446588128266386], [0.164611010107781, 0.14215086219327383, 0.14655326351724027, 0.12743473516696602, 0.1461028888956288, 0.12884034955170345, 0.14430689056740661], [0.1642695442906662, 0.14257534077704875, 0.14630878172462158, 0.12759196740457146, 0.1454841155381134, 0.12984354692366504, 0.14392670334131344], [0.15638220796591212, 0.14273113308187235, 0.1500339401234059, 0.12683842541712845, 0.14541304302058605, 0.1335794955719387, 0.14502175481915644], [0.16376696373394029, 0.14303955562188353, 0.14635823117076704, 0.12755765086243612, 0.1447632133787534, 0.13094162641797957, 0.14357275881424], [0.1636971990156496, 0.14299987371517345, 0.14634185731417843, 0.1276450405367741, 0.14487288973712828, 0.1304252432199185, 0.1440178964611775], [0.1648593872272544, 0.142082926025913, 0.14731732385816998, 0.12642096717488083, 0.1457653038738486, 0.12892125915118222, 0.14463283268875107], [0.16423356050172597, 0.1426939145154497, 0.14653199217751867, 0.12740760029104944, 0.1451031651023081, 0.12992632410600102, 0.14410344330594727], [0.16581323120636732, 0.1418275189391052, 0.14682369158952926, 0.12689365270090847, 0.14608343004878324, 0.12838859037477962, 0.14416988514052698], [0.16392379449462405, 0.14272471450360347, 0.14643215202634713, 0.1275042680758448, 0.1452966707586304, 0.12973486081590813, 0.14438353932504222], [0.16242260595669825, 0.1433894678018307, 0.14607437947361945, 0.12821844434302704, 0.14474401537008336, 0.13095633187419162, 0.14419475518054953], [0.16513321200813072, 0.14237556543303692, 0.14671914048389448, 0.12696734297621357, 0.14537380846504205, 0.12923902373146162, 0.14419190690222072], [0.16279663198117383, 0.1435226644296964, 0.14626838852594276, 0.12782612634478863, 0.14430533874554766, 0.13134308427591895, 0.14393776569693167], [0.1627857450966791, 0.14334942279903523, 0.14658564979569896, 0.12745844242376592, 0.144499894416726, 0.13083520465074164, 0.14448564081735318], [0.16380603446817044, 0.14295710316831595, 0.14646553273848167, 0.12739707054025667, 0.14497444171651652, 0.13023957858199847, 0.14416023878626022], [0.16172731292582915, 0.14372639313359342, 0.1461863616722703, 0.12825495331106365, 0.14434396320651485, 0.13121864345834885, 0.14454237229237976], [0.16308187372086866, 0.14356908280438338, 0.14647075182694266, 0.12746603581702867, 0.1441974211789003, 0.13132922448731646, 0.1438856101645598], [0.16518231594394087, 0.14239889300961697, 0.14735587392014046, 0.1263012850529392, 0.14520517991021312, 0.1291858313321183, 0.1443706208310312], [0.1604045758939464, 0.1420640038111411, 0.1488040002232105, 0.1272956029279353, 0.14691205465620305, 0.13013342201381006, 0.1443863404737536], [0.16333723837369724, 0.14340028384816844, 0.14647171022614788, 0.12759168807774032, 0.14440656399474727, 0.13078775824175526, 0.1440047572377436], [0.15770303112114803, 0.14375332758917903, 0.14960586356986338, 0.12622031284273774, 0.14349005420297434, 0.13552437733369355, 0.14370303334040394], [0.15770303112114803, 0.14375332758917903, 0.14960586356986338, 0.12622031284273774, 0.14349005420297434, 0.13552437733369355, 0.14370303334040394], [0.1629444887833501, 0.14367912162048535, 0.14666366616039195, 0.1273570318741023, 0.1439378992554582, 0.13147061573215052, 0.14394717657406145], [0.1625289648137458, 0.14373914082633993, 0.14657403322783147, 0.12752264941745306, 0.14406539379537608, 0.13117973422879856, 0.14439008369045506], [0.16518507495158985, 0.1425928422081103, 0.14731967478518213, 0.12635585486941073, 0.14499594671423327, 0.12908680031180583, 0.1444638061596679], [0.15867747129353266, 0.14428570244121602, 0.14899858177641137, 0.12610261998429254, 0.14274617658506997, 0.13610717719516022, 0.14308227072431717], [0.16286530283765527, 0.14375055436238338, 0.14665809866335972, 0.12739755982778897, 0.14391507524930694, 0.13140188585760662, 0.14401152320189908], [0.16135132597659557, 0.14306512785120132, 0.14848990891754443, 0.12692218930191165, 0.14509536014840296, 0.1311746221772326, 0.14390146562711148], [0.16399308198708284, 0.14342966555122239, 0.14777757144560094, 0.12601161526605298, 0.14394031472343408, 0.1304836214651922, 0.14436412956141467], [0.15952638421286153, 0.14418628943568956, 0.1495946571708252, 0.12519143863764218, 0.14215410267836873, 0.13613979756187855, 0.14320733030273433], [0.1586647911311625, 0.1455321578173465, 0.14852703271604184, 0.12566300100071862, 0.14110150659828166, 0.1377660806483865, 0.1427454300880624], [0.1617203360390742, 0.1430335400151557, 0.14881189343145265, 0.12656578387317693, 0.1450203996717295, 0.130529672785017, 0.1443183741843941], [0.15954594952119752, 0.14492879344524387, 0.14912110438361995, 0.12511123811669742, 0.14097565111785942, 0.13760199058105194, 0.14271527283432975], [0.16212809460351676, 0.14421537811483562, 0.14839377181739177, 0.1261214484033738, 0.1432517255657258, 0.1318280867055065, 0.1440614947896499], [0.16109699983075126, 0.14526903290191712, 0.15004808838471168, 0.12456267712730724, 0.14194737098691812, 0.13084605716191347, 0.14622977360648107], [0.161000409115801, 0.14572872690728342, 0.14944302094907047, 0.12493721267124765, 0.14158061567512148, 0.13141415542409918, 0.14589585925737683], [0.16093782395118375, 0.14571968631472432, 0.1496528613376646, 0.1246576940741696, 0.14155373439425678, 0.1311072350325276, 0.1463709648954735], [0.15792155603185312, 0.14712567618312072, 0.14775425163764616, 0.12686810492966188, 0.1404828475867668, 0.1337151032428044, 0.1461324603881469], [0.16392250012435816, 0.14238900184794792, 0.14644813567730983, 0.1277204744001701, 0.14569066444465006, 0.12950758918747085, 0.1443216343180931], [0.16415506459822862, 0.14260222638941564, 0.14635921928393897, 0.12762296525490172, 0.1454162239582778, 0.12966074161508165, 0.14418355890015563], [0.16346551407828852, 0.14104572963225157, 0.14648958559427103, 0.12824178672763165, 0.1479231982443242, 0.12823620364844202, 0.144597982074791], [0.1649701558865481, 0.14136121430916695, 0.14669406318115982, 0.12734091926719568, 0.1469252889783788, 0.12846946679431245, 0.1442388915832381], [0.16294891751385562, 0.14282834400319186, 0.14852061574863942, 0.12518778383591214, 0.1449114851325083, 0.13075151492180975, 0.14485133884408286], [0.1592464766367019, 0.14183572998479607, 0.14847867103696402, 0.12677656158103057, 0.1483140237320525, 0.13050617286887048, 0.14484236415958437], [0.15868327979773916, 0.1440452207737342, 0.148549572864956, 0.12671934871961468, 0.1435863510537603, 0.1353055084817701, 0.1431107183084256], [0.15908322827445937, 0.14348157539573247, 0.14942080124705948, 0.12597665705656366, 0.1432609629182695, 0.13558825765865318, 0.14318851744926245], [0.15894487473791552, 0.14461007904040793, 0.148953836633193, 0.1258365954950773, 0.14274197491477733, 0.1354490836518403, 0.14346355552678858], [0.15932370592433936, 0.14419859588222303, 0.1496582852984014, 0.125273092734754, 0.14339932210473147, 0.13391752422777442, 0.14422947382777637], [0.1584251608580011, 0.14578986335194832, 0.1485197042516944, 0.12573604444388656, 0.1412581443528073, 0.13708012714376233, 0.14319095559790002], [0.1585527882482147, 0.14586614464043413, 0.14853743526190394, 0.12559151121563045, 0.14113535822216214, 0.13703467667289534, 0.14328208573875909], [0.1585490613234813, 0.14579797021794644, 0.14875609450986194, 0.1255857232685879, 0.1412505463638705, 0.13672943449086417, 0.14333116982538763], [0.15951941024600078, 0.14603594636260478, 0.14905066060461766, 0.12459148485267799, 0.13992471717997476, 0.13806787132684467, 0.1428099094272792], [0.16666666666666663, 0.13729328144261374, 0.1465677905134419, 0.12805568990813254, 0.15232357678939, 0.12423320255619211, 0.14485979212356287], [0.16188965949658576, 0.1407937973507136, 0.14690784989040453, 0.1288219040728738, 0.1487729676316877, 0.12921972297075968, 0.14359409858697506], [0.16273746182899865, 0.1411306263556622, 0.14578202654438052, 0.12945582388911347, 0.1483430155233068, 0.12775622802608622, 0.1447948178324521], [0.16341093982629493, 0.1408114649612105, 0.14628252528402833, 0.1287326431608991, 0.14868799059476118, 0.12715174870713125, 0.14492268746567474], [0.16280882151622486, 0.1413352212952286, 0.14574754134267381, 0.129494599285766, 0.14798066344228558, 0.12791627438918715, 0.14471687872863392], [0.16305150707008337, 0.1414478349311039, 0.14582107124298915, 0.12920346433563215, 0.14769008345251775, 0.12811838521561641, 0.1446676537520571], [0.16352907506021486, 0.14053270011564725, 0.1464524812018185, 0.12884763277320366, 0.1491332652360413, 0.12723424537567873, 0.14427060023739574], [0.16395018938713327, 0.14131261331009742, 0.1458790340224484, 0.12875482735338134, 0.1477346179977832, 0.12804923190018846, 0.14431948602896794], [0.16201707469548615, 0.1409404393937053, 0.1477783274437406, 0.1273802149173307, 0.14844752725674157, 0.12748255225920563, 0.14595386403379015], [0.16229073251480067, 0.14149555582480897, 0.14558839992145806, 0.12994807181364532, 0.14809708722805331, 0.12801514678205178, 0.14456500591518184], [0.16165266958444532, 0.14133331419796055, 0.14563280818839383, 0.13035494627113142, 0.14864096963802453, 0.127808254349591, 0.14457703777045344], [0.16270858670870228, 0.14134166739455908, 0.14636241587745139, 0.12871336730305963, 0.14792543964232122, 0.12757150468489328, 0.1453770183890133], [0.16431090397042156, 0.14110733473086073, 0.14659854887293314, 0.1280563140605463, 0.14767493214062938, 0.12770911674223193, 0.14454284948237697], [0.1640395122722204, 0.1413076356807889, 0.14604188000122828, 0.12869366447869018, 0.14767385970781063, 0.12772211378697396, 0.14452133407228782], [0.16666666666666666, 0.1368553922969301, 0.1450789113988801, 0.13140116916386993, 0.15372928530478305, 0.12115730291830829, 0.14511127225056186], [0.16496450794340486, 0.14129277329516315, 0.1468406831714485, 0.12710772783015203, 0.14726552813999208, 0.12787877176789, 0.1446500078519494], [0.1629222762565016, 0.14186363305958302, 0.14678439562788861, 0.12757323485899855, 0.14695227570704414, 0.12830333413813522, 0.1456008503518488], [0.16428953481821662, 0.14093273487615435, 0.1466386859291792, 0.1281893533782478, 0.14814689806390313, 0.12711603496365703, 0.14468675797064184], [0.16421147886440737, 0.14162255255844858, 0.14612887075437947, 0.12826428364132958, 0.14710229547219092, 0.12818493613279952, 0.1444855825764446], [0.16130434271359345, 0.1424676915440876, 0.1455382114938509, 0.12987321301187216, 0.14668773816526515, 0.1293163813546419, 0.14481242171668876], [0.16244408590133966, 0.14309685715222373, 0.14669428230086853, 0.1279205204316643, 0.14477835617467263, 0.13221100009130732, 0.14285489794792378], [0.16370370281941465, 0.14246422642340126, 0.14648676146850287, 0.12747420839989398, 0.14587920095394144, 0.12916420591689787, 0.1448276940179478], [0.1624949060025203, 0.143125328940176, 0.14757662106987246, 0.12598208166364408, 0.1450512142501548, 0.1297768124893016, 0.14599303558433074], [0.16370168919614478, 0.14227669565623763, 0.14727020240367514, 0.12670880440307472, 0.1460788910119162, 0.12829968285511673, 0.14566403447383475], [0.16218744992468861, 0.14291436045276992, 0.14613137870839227, 0.12872191613833808, 0.14562282165840088, 0.12946535790312003, 0.14495671521429015], [0.1638236891526188, 0.14219336754618406, 0.14771702958647417, 0.1267694221943793, 0.14608965190723106, 0.12912760603607848, 0.1442792335770341], [0.16205705194036824, 0.14374926804425175, 0.147311150146488, 0.12721758180917225, 0.1438217082793946, 0.13272433048001786, 0.14311890930030732], [0.15931766661922325, 0.1454363565469113, 0.14626935834476468, 0.12843443903716711, 0.14233654775620835, 0.13373931055651647, 0.1444663211392088], [0.16065263287912596, 0.1445494552831181, 0.14716378455249163, 0.12808469199679912, 0.14373557484481086, 0.12988963369671494, 0.1459242267469394], [0.16211521685817826, 0.14458750366394674, 0.14812579880004278, 0.12605705810516626, 0.14326899271772262, 0.13020799928476884, 0.14563743057017448], [0.16056921464224883, 0.14540883937778643, 0.14789431071694334, 0.12645563623429887, 0.14246558882064883, 0.1310892809403904, 0.14611712926768333], [0.15840765536112947, 0.14708063368265525, 0.1477212324423769, 0.12740712386390476, 0.1407721845009845, 0.13358040277723185, 0.14503076737171733], [0.15693505101710264, 0.14802076929002395, 0.14848854837033035, 0.12551685838831528, 0.13913441759362893, 0.13594567964866702, 0.14595867569193194], [0.16666666666666666, 0.14559515760571384, 0.14741770174397678, 0.12311867500297087, 0.13424022436974556, 0.143733605695061, 0.13922796891586522], [0.16666666666666666, 0.1463121523082254, 0.15004088859731302, 0.12113087111493935, 0.135259973073779, 0.1391293232888139, 0.14146012495026264], [0.14892454187211918, 0.15410336812406764, 0.14445423583252684, 0.1279635924115921, 0.12717334611552428, 0.15677050824631067, 0.1406104073978594], [0.1469162805393387, 0.14781560531982801, 0.14323790804246017, 0.13475331312703528, 0.13535474487054797, 0.1507313481111934, 0.14119079998959655], [0.14845369330626018, 0.14833492374990287, 0.14368772409403924, 0.13103764796012338, 0.13062891099229354, 0.15833620031303475, 0.13952089958434613], [0.15426260223160718, 0.1576858719987423, 0.15468547863708673, 0.11675081647771599, 0.12357121619671929, 0.1458292165734516, 0.14721479788467684], [0.14974414026307872, 0.1563057076863482, 0.15154368713448746, 0.12108286524446304, 0.12790997259748135, 0.14422364947315156, 0.14918997760098981], [0.14698272978678695, 0.15183466027404213, 0.14411740983282162, 0.12790150378207962, 0.12859339381112525, 0.15987713788534008, 0.14069316462780426], [0.1467645958788411, 0.1512630353757277, 0.14388226495757067, 0.12873766516599558, 0.12916610360346095, 0.1596380560184302, 0.1405482789999739], [0.1479976024972099, 0.15186166578396426, 0.1445688703169264, 0.12410744535600751, 0.12541180805591876, 0.16666666666666666, 0.1393859413233065], [0.16430983122608014, 0.1408558225632801, 0.14646313976729144, 0.12805024607241844, 0.14801124342637748, 0.12844788652987604, 0.14386183041467632], [0.16391544364852909, 0.1414250828374829, 0.1459513463720873, 0.12853658481093075, 0.14715631757933526, 0.13001627245407543, 0.14299895229755927], [0.16396985989019028, 0.14091979461474274, 0.14645999253620473, 0.12811660261157312, 0.14806302517527165, 0.12884689735276716, 0.1436238278192504], [0.1640265006280793, 0.14101161351258099, 0.14614206867196053, 0.12846635165066433, 0.14795631112730948, 0.129042932256616, 0.14335422215278937], [0.16105978994734205, 0.13992278605412353, 0.1466214695629462, 0.12999822480638637, 0.15104592137338763, 0.1268482215621144, 0.14450358669369986], [0.16392837536532695, 0.14069106990741723, 0.14615467745469243, 0.12883619202452998, 0.14870327885556647, 0.12749786669635035, 0.14418853969611656], [0.16323794926565943, 0.14043683745961114, 0.14667334699948278, 0.1287244691780638, 0.1493448093998628, 0.1269858763853819, 0.14459671131193816], [0.164695788275595, 0.1413769689475036, 0.14646544035688186, 0.1278057973277189, 0.14708776263886003, 0.12909116778888854, 0.143477074664552], [0.16335836190507244, 0.14154670916482703, 0.14582304104002644, 0.1290256216312815, 0.14752489931101428, 0.12816802086652695, 0.14455334608125137], [0.16457559396199864, 0.1412791079066832, 0.1464263369652283, 0.12785843915183584, 0.14748385712474427, 0.12773338006460236, 0.14464328482490746], [0.16318315607250164, 0.14068944207820241, 0.14677394382305325, 0.12858590790021684, 0.14904285715902432, 0.12675174368772366, 0.14497294927927779], [0.16512257891856508, 0.14204805153535038, 0.14670458092403635, 0.12693843063519775, 0.14574047364493897, 0.1296344278771269, 0.14381145646478463], [0.1643904565208575, 0.14215629855978676, 0.14628503112977406, 0.12785769341177072, 0.1460824447790358, 0.12967515600875754, 0.14355291959001767], [0.16466466617646672, 0.1425701146958656, 0.14648724425495352, 0.12721028460329675, 0.14520408006632082, 0.13016865373485073, 0.14369495646824593], [0.15901939392008696, 0.14817665735773403, 0.1536966510400286, 0.12192872666533046, 0.13714439088823135, 0.1337622514129013, 0.14627192871568728], [0.15774309778816975, 0.14836171936856263, 0.15333857642479637, 0.12249550389903867, 0.1382147590501864, 0.13203303845753464, 0.14781330501171155], [0.16666666666666669, 0.15183279346011352, 0.1557837354242757, 0.11605345239508867, 0.12806936528068152, 0.1360387961224898, 0.1455551906506842], [0.1607380221517011, 0.15689872880185718, 0.1545139208420795, 0.11556206667823353, 0.12493853174367099, 0.14233068326697382, 0.14501804651548392], [0.15116486450438166, 0.15307945297302972, 0.14747090427837908, 0.1234932397189736, 0.1255259658870165, 0.15820129570966318, 0.14106427692855628], [0.16354678030932987, 0.14068154048004966, 0.146144163287125, 0.12872282670653679, 0.1485340287171584, 0.12883783921894004, 0.14353282128086034], [0.16105836130276044, 0.1403873968197454, 0.14676155887622894, 0.12952837607035722, 0.14986988818892763, 0.1287457269703337, 0.14364869177164663], [0.16425470383394178, 0.14097570962476483, 0.146197589346267, 0.12812880887988282, 0.14787873668758966, 0.12856012149281684, 0.14400433013473707], [0.16391672580049702, 0.14137320806630657, 0.1462326888588576, 0.12826955357373213, 0.14727240580678752, 0.12971905011450388, 0.1432163677793153], [0.16372143837225167, 0.14215700293856162, 0.146108561608007, 0.12796731321266386, 0.14598441824637057, 0.1301976525992071, 0.14386361302293826], [0.16362228110131397, 0.14166414860573853, 0.14578330401468806, 0.12881693632547747, 0.14722149790127304, 0.12860347840021977, 0.1442883536512891], [0.1617280185143907, 0.1419403098730597, 0.14561582820820912, 0.12973722424885875, 0.14727708000174913, 0.1287699128528105, 0.14493162630092207], [0.16265958651135812, 0.1417212802344665, 0.14572169438008267, 0.1293360519835659, 0.1474348063932614, 0.12842550012173198, 0.1447010803755336], [0.16415038051423855, 0.14090354319905024, 0.1464592436295094, 0.12849192254718514, 0.14831654578870615, 0.1272753499982672, 0.14440301432304342], [0.1647576013554852, 0.14192076368510942, 0.14659228518649886, 0.12717900668730844, 0.14615129566029814, 0.12936089178343213, 0.1440381556418678], [0.16363058641149114, 0.14210187648477132, 0.14592443518974418, 0.12855711445469542, 0.14648804737534354, 0.12895511791428416, 0.14434282216967026], [0.16363895960954866, 0.14164579269177263, 0.14618326551409888, 0.12869551008018287, 0.1473753622702227, 0.12793819244313212, 0.14452291739104214], [0.162926997797717, 0.14420416367331504, 0.14775955296556328, 0.1261644541686217, 0.14323944855678322, 0.13076679673763117, 0.14493858610036855], [0.16371041160555552, 0.1426669270923634, 0.14629407140512665, 0.12789615202121013, 0.14527950233445622, 0.13085558950913714, 0.14329734603215077], [0.16301028571238396, 0.1424658726543981, 0.148316623009937, 0.12540721979654035, 0.14547719984325092, 0.1302501578866588, 0.145072641096831], [0.16566605066320256, 0.14148785867010893, 0.14685602085035912, 0.12694880528285823, 0.14662362183977973, 0.1281195715552196, 0.14429807113847182], [0.16666666666666666, 0.1416510297850991, 0.14666848706792648, 0.1266260649092895, 0.1459827277250408, 0.12840625735034775, 0.14399876649562965], [0.1611619371207366, 0.14354081434337088, 0.14546307500738342, 0.12941138859552226, 0.14490177283310343, 0.13199661648792355, 0.14352439561196], [0.16407645407407176, 0.14182239217720957, 0.14677434935537367, 0.12783999610227958, 0.14686320851282203, 0.12820643813442859, 0.14441716164381463], [0.15795631566305923, 0.1431765747320372, 0.1495751890795542, 0.12641609726206057, 0.14432662318561684, 0.1348188974185371, 0.14373030265913503], [0.16092646768922425, 0.14373806582924037, 0.1487644142702965, 0.12514284191825267, 0.1437125598657465, 0.1326788876187994, 0.14503676280844038], [0.1648412233428281, 0.14170175863945048, 0.1472995400379672, 0.12687912911657592, 0.14649128877576031, 0.1280843885649722, 0.14470267152244579], [0.1638018560746565, 0.14310592330946237, 0.14664162542627812, 0.1273539806705075, 0.14464022856444092, 0.13097658414529678, 0.1434798018093578], [0.16420714493561817, 0.14307685466917416, 0.1471176885683999, 0.12651350399386777, 0.1445678550412422, 0.12987233942424425, 0.14464461336745357], [0.1646725662570782, 0.1425984058626769, 0.14795440388641215, 0.12587896837360418, 0.1450262854722133, 0.12919526650073127, 0.14467410364728406], [0.1582796891972881, 0.14408975198487775, 0.14959785865015857, 0.1258015952394652, 0.14294897507628304, 0.13569635753984763, 0.14358577231207964], [0.16206145556163876, 0.14254388817966746, 0.14839019063923714, 0.12703551903329047, 0.14589814814463564, 0.12973169984404276, 0.14433909859748792], [0.16145632463668902, 0.14266309328049426, 0.1484759479327936, 0.12724703016807326, 0.14592689622742566, 0.12981216724245873, 0.14441854051206568], [0.1619804815695091, 0.14348752018602018, 0.14849724571047174, 0.1265228074521161, 0.1444991516412312, 0.13072633694279204, 0.14428645649785982], [0.16153631584879152, 0.14335975728420733, 0.14882329238716036, 0.1251210033293675, 0.14437945445202469, 0.13187114989314827, 0.14490902680530038], [0.1572247854258903, 0.14261179196851698, 0.1491754279905172, 0.12779208846468956, 0.14592308732100495, 0.13343888160006873, 0.1438339372293122], [0.1513349642968959, 0.13646767993580072, 0.14167204384585808, 0.14283233825536715, 0.1583444765125855, 0.12616882833982862, 0.14317966881366403], [0.15607498606193151, 0.15256159409034653, 0.15093114620363077, 0.1231740702644622, 0.1341102806600559, 0.13674490445815196, 0.14640301826142113], [0.152318695126208, 0.15378933626242794, 0.14684209853670446, 0.12566061079080448, 0.13185145847666857, 0.14695934381074574, 0.14257845699644064], [0.1501440879357298, 0.15342697309086123, 0.14575416762903146, 0.1277630859908725, 0.13221396381224865, 0.14804544998137503, 0.1426522715598813], [0.1504857222294738, 0.16119027607136552, 0.14887246151577227, 0.12115924574666828, 0.12496742749784083, 0.1472670547479613, 0.14605781219091804], [0.15001328684421086, 0.15749239594467798, 0.15010065894808003, 0.12503932667166576, 0.12886118283729808, 0.13831220994608226, 0.15018093880798486], [0.15298078456214237, 0.16666666666666669, 0.15106070523830997, 0.11702596253704993, 0.12171679541520997, 0.14425774678442768, 0.14629133879619358], [0.15351682689007065, 0.15939525487013234, 0.14987298718498576, 0.11909165513609322, 0.1225805987903006, 0.1522434455483959, 0.1432992315800216], [0.14312696906556857, 0.1382728293492081, 0.13884416218463935, 0.16666666666666666, 0.1434646681749565, 0.12982049967040238, 0.13980420488855844], [0.14331281788086106, 0.13844897157090333, 0.13897186501145894, 0.16584654256044473, 0.14354206927480898, 0.1298401766698184, 0.14003755703170456], [0.15273912187478825, 0.15849139583469987, 0.14909362119546907, 0.11974649534878237, 0.12283831705710664, 0.15446487991068295, 0.1426261687784708], [0.1561164015711746, 0.15052372257264568, 0.15073236929459957, 0.1253487621107901, 0.1362585351110928, 0.13374216025469948, 0.14727804908499764], [0.1528693817257083, 0.1620788319450517, 0.15086937331418152, 0.11784089655509337, 0.1243316366185826, 0.1453523123214204, 0.14665756751996223], [0.15689207879717829, 0.14757972293344335, 0.15495593774896405, 0.12078325980852765, 0.13860330801916645, 0.13263182799533346, 0.14855386469738655], [0.15621172095019095, 0.14893044063830452, 0.15419498597504186, 0.12056441338939664, 0.1372843763651707, 0.1347923168760288, 0.1480217458058666], [0.1556868764996537, 0.14625540178293217, 0.15631391944954576, 0.12107795590818289, 0.13988315157560843, 0.1304081134211982, 0.15037458136287887], [0.15563656910293405, 0.1475399817386987, 0.15570172238458108, 0.1206977321102272, 0.1388581065665911, 0.13103517242427426, 0.15053071567269374], [0.15209786074079057, 0.1442183549189328, 0.15028011301318137, 0.12768656933395664, 0.14373746513824906, 0.12864474723668934, 0.15333488961820008], [0.15587104499499968, 0.14988735780337376, 0.16666666666666663, 0.11436764032372104, 0.12867244185003945, 0.1307045709760521, 0.15383027738514715], [0.15477938889914686, 0.15898620958004178, 0.15663177610364018, 0.11554716805055962, 0.12353039569859554, 0.13956311818379452, 0.15096194348422137], [0.1519453518859062, 0.15611240106248112, 0.15442508107422215, 0.11831844889468539, 0.12593502207483373, 0.14425841766073536, 0.1490052773471361], [0.14667748714923529, 0.14311284579995992, 0.1485276408855317, 0.1340683365826587, 0.14317444186569625, 0.13319086570911043, 0.1512483820078077], [0.15668557907052227, 0.1364221187673752, 0.14180687590144814, 0.13871923640479858, 0.15861902041921944, 0.1235512981555635, 0.14419587128107295], [0.15580399831201425, 0.13432563390066912, 0.14124175333057906, 0.1374813325253551, 0.16666666666666666, 0.12173908714527139, 0.14274152811944438], [0.16323791994438008, 0.14304760475768302, 0.14838652323674517, 0.12618410195041016, 0.1446890287997636, 0.13003260544561424, 0.1444222158654038], [0.16666666666666666, 0.1421170163210249, 0.15038061213351073, 0.1266993499009381, 0.13967863351714035, 0.13120841119020288, 0.14324931027051627], [0.16666666666666663, 0.1386444104573955, 0.14879198548061337, 0.12679285093606985, 0.14573473821363842, 0.12744130508649917, 0.14592804315911692], [0.1533968324134607, 0.14644680626817594, 0.15351292890166332, 0.12243314738571213, 0.14181309547280338, 0.12848132919067518, 0.15391586036750934], [0.14793457155044681, 0.1470712668038439, 0.15518489610444514, 0.12150092167694937, 0.13468665975230573, 0.12695501744534238, 0.16666666666666669], [0.14881895712004312, 0.14992457740825185, 0.15419125534582753, 0.12267626845418415, 0.13356572666259217, 0.12943143980786195, 0.16139177520123937], [0.1477741596567153, 0.1462513005456377, 0.15321113827023614, 0.12467921924662372, 0.13890820097859108, 0.1287043420595629, 0.16047163924263322], [0.1475210060104852, 0.14678221859396345, 0.15279677975223552, 0.12469140255770138, 0.13861683557384413, 0.12904752874789174, 0.16054422876387853], [0.14898700454045885, 0.15007382596692057, 0.15415676287614877, 0.12233958145404232, 0.13355560885526338, 0.12939183247142447, 0.16149538383574175], [0.15018505671662746, 0.15205026670287913, 0.15410709780649093, 0.12138329663532028, 0.13207160602312557, 0.1311362636416625, 0.15906641247389416], [0.14863510569343802, 0.14826228084608647, 0.1556976329782972, 0.12081234114957352, 0.1337024185978481, 0.12785741825544314, 0.16503280247931368], [0.14939394942765674, 0.1493199605628115, 0.1551858011450562, 0.12154100187113395, 0.1334594423377614, 0.12860880250168916, 0.16249104215389099], [0.14849369776818072, 0.14699253411101398, 0.1559475746238283, 0.12210679081866156, 0.13481064700064443, 0.12713750154498854, 0.1645112541326825], [0.14694268847907027, 0.1458491512107776, 0.15414353199477665, 0.12458191463658533, 0.13776198048723673, 0.12735807190999196, 0.16336266128156152], [0.14521011046174398, 0.14892935154312506, 0.14510903493173224, 0.1388089277485543, 0.13755472405667604, 0.13730133186551197, 0.14708651939265646], [0.14685254627670405, 0.14663109759142628, 0.15360284544096978, 0.12462735160814446, 0.13720612030740717, 0.12774597710892388, 0.1633340616664244], [0.14744599043657128, 0.1454885790088035, 0.15231336934424983, 0.12603895072548182, 0.14042178085268414, 0.12851864520276637, 0.15977268442944306], [0.14787318681174275, 0.14688440676310613, 0.15529114708254216, 0.12195276790521667, 0.1352615026179079, 0.12718872821299054, 0.16554826060649383], [0.14799360597204303, 0.14624368953815658, 0.1538328977244777, 0.12422387638008052, 0.13850858847213618, 0.1290139058622113, 0.1601834360508947], [0.14804543267736547, 0.146590516565489, 0.15429127078573054, 0.12346318966980986, 0.1375870887646181, 0.12874322207459443, 0.16127927946239268], [0.14756619285045658, 0.14091879380345537, 0.1452579146558638, 0.1385238223234357, 0.14932815288897425, 0.12763770462499544, 0.15076741885281883], [0.1508798151903396, 0.150739208355164, 0.15625041578889148, 0.12032676234921919, 0.1315629784268257, 0.13008821730986236, 0.16015260257969774], [0.15003866561194382, 0.14920051886912122, 0.15379884390377307, 0.1233602280520768, 0.13486341061754387, 0.12978920907218383, 0.15894912387335758], [0.14755182497843305, 0.14565884152151726, 0.15303096419689508, 0.1252807069898408, 0.13963709734225666, 0.12842859034991627, 0.1604119746211409], [0.14720878674371796, 0.1469172688204607, 0.1520594266033652, 0.125454074446727, 0.13912317490459966, 0.12938095437726088, 0.15985631410386866], [0.14712733260218647, 0.14722514309624338, 0.15215891659839234, 0.12519910178528437, 0.13865079617454498, 0.12968977662140543, 0.15994893312194297], [0.1476194504474854, 0.14757917304812618, 0.15216514698827627, 0.12488171455835836, 0.1383004932193082, 0.12985934018031364, 0.15959468155813178]]