[[0.15963224430259784, 0.1415897900177664, 0.14695621532166034, 0.12858791071352263, 0.14298021130752517, 0.14755192403601025, 0.13270170430091738], [0.16200500289197714, 0.14042218176935153, 0.14726617294544875, 0.12826247658475373, 0.14551778689744885, 0.14951430688646142, 0.12701207202455847], [0.16246191098744844, 0.1408247050468908, 0.146788249532868, 0.12820268814239535, 0.14567605617940457, 0.14888417926326575, 0.12716221084772697], [0.1650926617814026, 0.14115852484066727, 0.1462323714635782, 0.12788084528347501, 0.14381092793175915, 0.14739964780888468, 0.1284250208902331], [0.16377883426287465, 0.14146387097535607, 0.14642451479381655, 0.12797627252697882, 0.14473308698905246, 0.1472420052720472, 0.12838141517987423], [0.16304796900140509, 0.14171168987230162, 0.1455805235846312, 0.12932097861723693, 0.1442777155874965, 0.14732971276917015, 0.1287314105677586], [0.1638438343241731, 0.14169397231717254, 0.14660825932704144, 0.1277234370059663, 0.14468603133382266, 0.1467541404010781, 0.12869032529074578], [0.16320980853291867, 0.14218262641455268, 0.14649896360543047, 0.12783783881822872, 0.14462996614613186, 0.14611344705148585, 0.12952734943125183], [0.1612126875804706, 0.14086565339101242, 0.1481953450351547, 0.1280231755915516, 0.1448454405999987, 0.1487637174077866, 0.12809398039402542], [0.16467244322775662, 0.1422296467972272, 0.14634488145528682, 0.12745656291551022, 0.14420402711642394, 0.14577056988092443, 0.12932186860687092], [0.16234070271487294, 0.14226865484439263, 0.14574240540889294, 0.12929176342776247, 0.1447145897570229, 0.14660408180262657, 0.12903780204442966], [0.16368433526569628, 0.1428114284268691, 0.1461715102628225, 0.12781357740100868, 0.14381527610500425, 0.14511584150073836, 0.13058803103786076], [0.16246186761597128, 0.14216387268138075, 0.14597104035372097, 0.12903614981118622, 0.14493559304500206, 0.14663482422945934, 0.1287966522632794], [0.1633201117601944, 0.1427201993066795, 0.14629196862193367, 0.12777538436183186, 0.14447034046184742, 0.14538837271282362, 0.13003362277468966], [0.16226435024182242, 0.1432860269937271, 0.14602179026777215, 0.12831233347358875, 0.14421884166644836, 0.1448340362117421, 0.13106262114489906], [0.16300365743810577, 0.14285745260850516, 0.14623928494468416, 0.12797617419742272, 0.14442384268629777, 0.14527431319181067, 0.1302252749331737], [0.1626755032461832, 0.14340511448696097, 0.1461860246126068, 0.1279296054631774, 0.14372693720539828, 0.14440891565675082, 0.13166789932892256], [0.15688400513973008, 0.1425224913693847, 0.14936964251692758, 0.1276804738759327, 0.14395526682608417, 0.14603503971296378, 0.133553080558977], [0.16075842446213956, 0.14261388121168297, 0.14911329987830155, 0.1257400988417652, 0.1446588128266386, 0.1456424666087487, 0.1314730161707234], [0.164611010107781, 0.14215086219327383, 0.14655326351724027, 0.12743473516696602, 0.1443068905674066, 0.14610288889562878, 0.12884034955170345], [0.16426954429066623, 0.14257534077704878, 0.1463087817246216, 0.1275919674045715, 0.14392670334131347, 0.1454841155381134, 0.12984354692366507], [0.15638220796591212, 0.14273113308187235, 0.1500339401234059, 0.12683842541712845, 0.14502175481915644, 0.14541304302058605, 0.1335794955719387], [0.16376696373394026, 0.1430395556218835, 0.14635823117076704, 0.12755765086243612, 0.14357275881423998, 0.14476321337875336, 0.13094162641797955], [0.16369719901564964, 0.14299987371517348, 0.14634185731417845, 0.12764504053677414, 0.1440178964611775, 0.1448728897371283, 0.13042524321991852], [0.1648593872272544, 0.142082926025913, 0.14731732385816998, 0.12642096717488083, 0.14463283268875107, 0.1457653038738486, 0.12892125915118222], [0.16423356050172594, 0.14269391451544966, 0.14653199217751867, 0.12740760029104942, 0.14410344330594724, 0.1451031651023081, 0.12992632410600102], [0.16581323120636732, 0.1418275189391052, 0.14682369158952926, 0.12689365270090847, 0.14416988514052698, 0.14608343004878324, 0.12838859037477962], [0.16392379449462405, 0.14272471450360347, 0.14643215202634713, 0.1275042680758448, 0.14438353932504222, 0.1452966707586304, 0.12973486081590813], [0.16242260595669825, 0.1433894678018307, 0.14607437947361948, 0.12821844434302704, 0.14419475518054953, 0.14474401537008336, 0.13095633187419162], [0.16513321200813072, 0.14237556543303692, 0.14671914048389448, 0.12696734297621357, 0.14419190690222072, 0.14537380846504205, 0.12923902373146162], [0.16279663198117383, 0.1435226644296964, 0.14626838852594276, 0.12782612634478863, 0.14393776569693167, 0.14430533874554766, 0.13134308427591895], [0.16278574509667906, 0.1433494227990352, 0.14658564979569894, 0.1274584424237659, 0.14448564081735316, 0.14449989441672598, 0.1308352046507416], [0.16380603446817044, 0.14295710316831595, 0.14646553273848167, 0.12739707054025667, 0.14416023878626022, 0.14497444171651652, 0.13023957858199847], [0.16172731292582912, 0.14372639313359342, 0.14618636167227028, 0.12825495331106365, 0.14454237229237976, 0.14434396320651482, 0.13121864345834885], [0.16308187372086866, 0.14356908280438338, 0.14647075182694266, 0.12746603581702867, 0.1438856101645598, 0.1441974211789003, 0.13132922448731646], [0.16518231594394087, 0.14239889300961697, 0.14735587392014046, 0.1263012850529392, 0.1443706208310312, 0.14520517991021312, 0.1291858313321183], [0.1604045758939464, 0.1420640038111411, 0.1488040002232105, 0.1272956029279353, 0.1443863404737536, 0.14691205465620305, 0.13013342201381006], [0.16333723837369724, 0.14340028384816844, 0.14647171022614788, 0.12759168807774032, 0.1440047572377436, 0.14440656399474727, 0.13078775824175526], [0.15770303112114803, 0.14375332758917903, 0.14960586356986338, 0.12622031284273774, 0.14370303334040394, 0.14349005420297434, 0.13552437733369355], [0.15770303112114803, 0.14375332758917903, 0.14960586356986338, 0.12622031284273774, 0.14370303334040394, 0.14349005420297434, 0.13552437733369355], [0.16294448878335013, 0.14367912162048535, 0.14666366616039198, 0.1273570318741023, 0.14394717657406148, 0.14393789925545822, 0.13147061573215055], [0.16252896481374582, 0.14373914082633996, 0.1465740332278315, 0.1275226494174531, 0.14439008369045508, 0.1440653937953761, 0.13117973422879858], [0.16518507495158988, 0.14259284220811033, 0.14731967478518215, 0.12635585486941076, 0.14446380615966792, 0.1449959467142333, 0.12908680031180586], [0.15867747129353266, 0.14428570244121602, 0.14899858177641137, 0.12610261998429254, 0.14308227072431717, 0.14274617658506997, 0.13610717719516022], [0.16286530283765527, 0.1437505543623834, 0.14665809866335974, 0.12739755982778897, 0.1440115232018991, 0.14391507524930697, 0.13140188585760665], [0.16135132597659557, 0.14306512785120132, 0.14848990891754443, 0.12692218930191165, 0.14390146562711148, 0.14509536014840296, 0.1311746221772326], [0.16399308198708284, 0.14342966555122239, 0.14777757144560094, 0.12601161526605298, 0.14436412956141467, 0.14394031472343408, 0.1304836214651922], [0.15952638421286153, 0.14418628943568956, 0.1495946571708252, 0.12519143863764218, 0.14320733030273433, 0.14215410267836873, 0.13613979756187855], [0.1586647911311625, 0.1455321578173465, 0.14852703271604184, 0.12566300100071862, 0.1427454300880624, 0.14110150659828166, 0.1377660806483865], [0.16172033603907418, 0.1430335400151557, 0.14881189343145262, 0.12656578387317693, 0.14431837418439408, 0.14502039967172944, 0.130529672785017], [0.15954594952119752, 0.1449287934452439, 0.14912110438361995, 0.12511123811669744, 0.14271527283432978, 0.14097565111785945, 0.13760199058105196], [0.16212809460351676, 0.14421537811483562, 0.14839377181739177, 0.1261214484033738, 0.1440614947896499, 0.1432517255657258, 0.1318280867055065], [0.1610969998307513, 0.14526903290191714, 0.1500480883847117, 0.12456267712730727, 0.1462297736064811, 0.14194737098691815, 0.1308460571619135], [0.16100040911580102, 0.14572872690728345, 0.1494430209490705, 0.12493721267124766, 0.14589585925737686, 0.14158061567512148, 0.1314141554240992], [0.16093782395118375, 0.14571968631472432, 0.1496528613376646, 0.1246576940741696, 0.1463709648954735, 0.14155373439425678, 0.1311072350325276], [0.15792155603185312, 0.14712567618312072, 0.14775425163764616, 0.12686810492966188, 0.1461324603881469, 0.1404828475867668, 0.1337151032428044], [0.16392250012435816, 0.14238900184794792, 0.14644813567730983, 0.1277204744001701, 0.1443216343180931, 0.14569066444465006, 0.12950758918747085], [0.16415506459822862, 0.14260222638941564, 0.14635921928393897, 0.12762296525490172, 0.14418355890015563, 0.1454162239582778, 0.12966074161508165], [0.16346551407828855, 0.14104572963225157, 0.14648958559427103, 0.12824178672763167, 0.144597982074791, 0.14792319824432423, 0.12823620364844204], [0.16497015588654812, 0.14136121430916695, 0.14669406318115985, 0.12734091926719568, 0.1442388915832381, 0.14692528897837884, 0.12846946679431248], [0.16294891751385562, 0.14282834400319186, 0.14852061574863942, 0.12518778383591214, 0.14485133884408286, 0.14491148513250832, 0.13075151492180975], [0.1592464766367019, 0.14183572998479607, 0.14847867103696402, 0.12677656158103057, 0.14484236415958437, 0.1483140237320525, 0.13050617286887048], [0.15868327979773916, 0.1440452207737342, 0.148549572864956, 0.12671934871961468, 0.1431107183084256, 0.1435863510537603, 0.1353055084817701], [0.15908322827445937, 0.14348157539573245, 0.14942080124705945, 0.12597665705656363, 0.14318851744926242, 0.14326096291826948, 0.13558825765865315], [0.15894487473791552, 0.1446100790404079, 0.14895383663319298, 0.12583659549507728, 0.14346355552678858, 0.14274197491477733, 0.13544908365184027], [0.15932370592433936, 0.14419859588222303, 0.1496582852984014, 0.125273092734754, 0.14422947382777637, 0.14339932210473147, 0.13391752422777442], [0.1584251608580011, 0.14578986335194832, 0.1485197042516944, 0.12573604444388656, 0.14319095559790002, 0.1412581443528073, 0.13708012714376233], [0.1585527882482147, 0.14586614464043413, 0.14853743526190394, 0.12559151121563045, 0.14328208573875909, 0.14113535822216214, 0.13703467667289534], [0.1585490613234813, 0.14579797021794644, 0.14875609450986194, 0.1255857232685879, 0.14333116982538763, 0.1412505463638705, 0.13672943449086417], [0.15951941024600078, 0.14603594636260478, 0.14905066060461766, 0.12459148485267799, 0.1428099094272792, 0.13992471717997476, 0.13806787132684467], [0.16666666666666666, 0.13729328144261377, 0.1465677905134419, 0.12805568990813257, 0.1448597921235629, 0.15232357678939001, 0.12423320255619212], [0.1618896594965857, 0.14079379735071357, 0.1469078498904045, 0.12882190407287375, 0.14359409858697503, 0.14877296763168765, 0.12921972297075962], [0.16273746182899862, 0.14113062635566218, 0.14578202654438052, 0.12945582388911347, 0.1447948178324521, 0.1483430155233068, 0.12775622802608622], [0.1634109398262949, 0.14081146496121047, 0.1462825252840283, 0.12873264316089908, 0.14492268746567472, 0.14868799059476112, 0.12715174870713125], [0.16280882151622486, 0.1413352212952286, 0.14574754134267381, 0.129494599285766, 0.14471687872863392, 0.14798066344228558, 0.12791627438918715], [0.16305150707008337, 0.1414478349311039, 0.14582107124298915, 0.12920346433563215, 0.1446676537520571, 0.14769008345251775, 0.12811838521561641], [0.16352907506021486, 0.14053270011564725, 0.1464524812018185, 0.12884763277320366, 0.14427060023739574, 0.1491332652360413, 0.12723424537567873], [0.16395018938713327, 0.14131261331009742, 0.1458790340224484, 0.12875482735338134, 0.14431948602896794, 0.1477346179977832, 0.12804923190018846], [0.1620170746954861, 0.14094043939370526, 0.14777832744374056, 0.12738021491733068, 0.14595386403379013, 0.14844752725674154, 0.1274825522592056], [0.16229073251480067, 0.14149555582480897, 0.14558839992145806, 0.12994807181364532, 0.14456500591518184, 0.14809708722805331, 0.12801514678205178], [0.16165266958444532, 0.14133331419796055, 0.14563280818839383, 0.13035494627113142, 0.14457703777045344, 0.14864096963802453, 0.127808254349591], [0.16270858670870225, 0.14134166739455906, 0.14636241587745136, 0.1287133673030596, 0.14537701838901326, 0.1479254396423212, 0.12757150468489326], [0.16431090397042156, 0.14110733473086073, 0.14659854887293314, 0.1280563140605463, 0.14454284948237697, 0.14767493214062938, 0.12770911674223193], [0.1640395122722204, 0.1413076356807889, 0.14604188000122828, 0.12869366447869018, 0.14452133407228782, 0.14767385970781063, 0.12772211378697396], [0.16666666666666666, 0.1368553922969301, 0.1450789113988801, 0.13140116916386993, 0.14511127225056186, 0.15372928530478305, 0.12115730291830829], [0.16496450794340486, 0.14129277329516315, 0.1468406831714485, 0.12710772783015203, 0.1446500078519494, 0.14726552813999208, 0.12787877176789], [0.1629222762565016, 0.14186363305958302, 0.14678439562788861, 0.12757323485899855, 0.1456008503518488, 0.14695227570704414, 0.12830333413813522], [0.16428953481821662, 0.14093273487615435, 0.1466386859291792, 0.1281893533782478, 0.14468675797064184, 0.14814689806390313, 0.12711603496365703], [0.16421147886440737, 0.14162255255844858, 0.14612887075437947, 0.12826428364132958, 0.1444855825764446, 0.14710229547219092, 0.12818493613279952], [0.16130434271359348, 0.14246769154408762, 0.1455382114938509, 0.12987321301187219, 0.14481242171668876, 0.14668773816526517, 0.12931638135464193], [0.16244408590133969, 0.14309685715222376, 0.14669428230086856, 0.1279205204316643, 0.1428548979479238, 0.14477835617467266, 0.13221100009130735], [0.16370370281941465, 0.14246422642340126, 0.14648676146850287, 0.12747420839989398, 0.1448276940179478, 0.14587920095394144, 0.12916420591689787], [0.1624949060025203, 0.143125328940176, 0.14757662106987246, 0.12598208166364408, 0.14599303558433074, 0.1450512142501548, 0.1297768124893016], [0.16370168919614478, 0.14227669565623763, 0.14727020240367514, 0.12670880440307472, 0.14566403447383475, 0.1460788910119162, 0.12829968285511673], [0.16218744992468864, 0.14291436045276992, 0.1461313787083923, 0.12872191613833808, 0.14495671521429018, 0.1456228216584009, 0.12946535790312003], [0.1638236891526188, 0.14219336754618406, 0.14771702958647417, 0.1267694221943793, 0.1442792335770341, 0.14608965190723106, 0.12912760603607848], [0.16205705194036824, 0.14374926804425173, 0.14731115014648796, 0.12721758180917225, 0.14311890930030727, 0.14382170827939458, 0.13272433048001783], [0.15931766661922325, 0.1454363565469113, 0.14626935834476468, 0.12843443903716711, 0.1444663211392088, 0.14233654775620835, 0.13373931055651647], [0.16065263287912596, 0.1445494552831181, 0.14716378455249163, 0.12808469199679912, 0.1459242267469394, 0.14373557484481086, 0.12988963369671494], [0.16211521685817828, 0.14458750366394676, 0.1481257988000428, 0.1260570581051663, 0.1456374305701745, 0.14326899271772262, 0.13020799928476887], [0.16056921464224885, 0.14540883937778643, 0.14789431071694337, 0.12645563623429887, 0.14611712926768336, 0.14246558882064883, 0.13108928094039043], [0.15840765536112947, 0.14708063368265525, 0.1477212324423769, 0.12740712386390476, 0.14503076737171733, 0.1407721845009845, 0.13358040277723185], [0.15693505101710264, 0.14802076929002395, 0.14848854837033035, 0.12551685838831528, 0.14595867569193194, 0.13913441759362893, 0.13594567964866702], [0.16666666666666666, 0.14559515760571384, 0.14741770174397678, 0.12311867500297087, 0.13922796891586522, 0.13424022436974556, 0.143733605695061], [0.16666666666666669, 0.14631215230822542, 0.15004088859731304, 0.12113087111493936, 0.14146012495026267, 0.13525997307377902, 0.13912932328881392], [0.14892454187211918, 0.15410336812406764, 0.14445423583252684, 0.1279635924115921, 0.1406104073978594, 0.12717334611552428, 0.15677050824631067], [0.1469162805393387, 0.14781560531982801, 0.14323790804246017, 0.13475331312703528, 0.14119079998959655, 0.13535474487054797, 0.1507313481111934], [0.14845369330626013, 0.14833492374990284, 0.1436877240940392, 0.13103764796012338, 0.13952089958434613, 0.1306289109922935, 0.15833620031303472], [0.15426260223160718, 0.1576858719987423, 0.15468547863708673, 0.11675081647771599, 0.14721479788467684, 0.12357121619671929, 0.1458292165734516], [0.1497441402630787, 0.15630570768634816, 0.15154368713448743, 0.12108286524446303, 0.1491899776009898, 0.12790997259748135, 0.14422364947315153], [0.14698272978678695, 0.15183466027404213, 0.14411740983282162, 0.12790150378207962, 0.14069316462780426, 0.12859339381112525, 0.15987713788534008], [0.1467645958788411, 0.1512630353757277, 0.14388226495757067, 0.12873766516599558, 0.1405482789999739, 0.12916610360346095, 0.1596380560184302], [0.14799760249720992, 0.15186166578396426, 0.1445688703169264, 0.12410744535600751, 0.13938594132330648, 0.12541180805591876, 0.16666666666666666], [0.16430983122608014, 0.1408558225632801, 0.14646313976729144, 0.12805024607241844, 0.14386183041467632, 0.14801124342637748, 0.12844788652987604], [0.16391544364852909, 0.1414250828374829, 0.1459513463720873, 0.12853658481093075, 0.14299895229755927, 0.14715631757933526, 0.13001627245407543], [0.16396985989019028, 0.14091979461474274, 0.14645999253620473, 0.12811660261157312, 0.1436238278192504, 0.14806302517527165, 0.12884689735276716], [0.1640265006280793, 0.14101161351258099, 0.14614206867196053, 0.12846635165066433, 0.14335422215278937, 0.14795631112730948, 0.129042932256616], [0.16105978994734205, 0.13992278605412353, 0.1466214695629462, 0.12999822480638637, 0.14450358669369986, 0.15104592137338763, 0.1268482215621144], [0.16392837536532695, 0.14069106990741723, 0.14615467745469243, 0.12883619202452998, 0.14418853969611656, 0.14870327885556647, 0.12749786669635035], [0.16323794926565943, 0.14043683745961114, 0.14667334699948278, 0.1287244691780638, 0.14459671131193816, 0.1493448093998628, 0.1269858763853819], [0.164695788275595, 0.1413769689475036, 0.14646544035688186, 0.1278057973277189, 0.143477074664552, 0.14708776263886003, 0.12909116778888854], [0.1633583619050724, 0.141546709164827, 0.14582304104002644, 0.1290256216312815, 0.14455334608125134, 0.14752489931101426, 0.12816802086652693], [0.16457559396199864, 0.1412791079066832, 0.1464263369652283, 0.12785843915183584, 0.14464328482490746, 0.14748385712474427, 0.12773338006460236], [0.1631831560725016, 0.1406894420782024, 0.14677394382305323, 0.12858590790021682, 0.14497294927927776, 0.14904285715902432, 0.12675174368772366], [0.16512257891856508, 0.14204805153535038, 0.14670458092403635, 0.12693843063519775, 0.14381145646478463, 0.14574047364493897, 0.1296344278771269], [0.16439045652085746, 0.14215629855978673, 0.14628503112977403, 0.1278576934117707, 0.14355291959001767, 0.14608244477903579, 0.12967515600875754], [0.1646646661764667, 0.14257011469586559, 0.14648724425495352, 0.12721028460329675, 0.1436949564682459, 0.1452040800663208, 0.13016865373485073], [0.159019393920087, 0.14817665735773405, 0.15369665104002864, 0.12192872666533047, 0.1462719287156873, 0.13714439088823138, 0.1337622514129013], [0.15774309778816972, 0.1483617193685626, 0.15333857642479637, 0.12249550389903867, 0.14781330501171153, 0.1382147590501864, 0.13203303845753464], [0.16666666666666669, 0.15183279346011352, 0.1557837354242757, 0.11605345239508867, 0.1455551906506842, 0.12806936528068152, 0.1360387961224898], [0.16073802215170108, 0.15689872880185715, 0.15451392084207946, 0.11556206667823352, 0.14501804651548392, 0.12493853174367098, 0.1423306832669738], [0.15116486450438166, 0.1530794529730297, 0.14747090427837906, 0.12349323971897358, 0.14106427692855625, 0.12552596588701648, 0.15820129570966318], [0.16354678030932987, 0.14068154048004963, 0.14614416328712498, 0.12872282670653676, 0.1435328212808603, 0.14853402871715837, 0.12883783921894004], [0.16105836130276047, 0.14038739681974544, 0.14676155887622896, 0.12952837607035725, 0.14364869177164663, 0.14986988818892766, 0.1287457269703337], [0.16425470383394178, 0.14097570962476483, 0.146197589346267, 0.12812880887988282, 0.14400433013473707, 0.14787873668758966, 0.12856012149281684], [0.163916725800497, 0.14137320806630657, 0.14623268885885757, 0.12826955357373213, 0.14321636777931526, 0.1472724058067875, 0.12971905011450388], [0.16372143837225167, 0.1421570029385616, 0.146108561608007, 0.12796731321266383, 0.14386361302293824, 0.14598441824637057, 0.13019765259920707], [0.163622281101314, 0.14166414860573856, 0.1457833040146881, 0.1288169363254775, 0.14428835365128911, 0.14722149790127304, 0.1286034784002198], [0.1617280185143907, 0.1419403098730597, 0.14561582820820912, 0.12973722424885875, 0.14493162630092207, 0.14727708000174913, 0.1287699128528105], [0.16265958651135812, 0.1417212802344665, 0.14572169438008267, 0.1293360519835659, 0.1447010803755336, 0.1474348063932614, 0.12842550012173198], [0.16415038051423855, 0.14090354319905024, 0.1464592436295094, 0.12849192254718514, 0.14440301432304342, 0.14831654578870615, 0.1272753499982672], [0.1647576013554852, 0.14192076368510942, 0.14659228518649886, 0.12717900668730844, 0.1440381556418678, 0.14615129566029814, 0.12936089178343213], [0.16363058641149117, 0.14210187648477135, 0.14592443518974418, 0.12855711445469542, 0.1443428221696703, 0.14648804737534357, 0.12895511791428418], [0.1636389596095487, 0.1416457926917726, 0.1461832655140989, 0.1286955100801829, 0.14452291739104217, 0.14737536227022272, 0.12793819244313212], [0.162926997797717, 0.14420416367331504, 0.14775955296556328, 0.1261644541686217, 0.14493858610036855, 0.14323944855678322, 0.13076679673763117], [0.16371041160555552, 0.1426669270923634, 0.14629407140512665, 0.12789615202121013, 0.14329734603215077, 0.14527950233445622, 0.13085558950913714], [0.16301028571238393, 0.14246587265439808, 0.14831662300993698, 0.12540721979654032, 0.14507264109683096, 0.1454771998432509, 0.13025015788665878], [0.16566605066320256, 0.14148785867010893, 0.14685602085035912, 0.12694880528285823, 0.14429807113847182, 0.14662362183977973, 0.1281195715552196], [0.16666666666666669, 0.1416510297850991, 0.14666848706792648, 0.12662606490928952, 0.14399876649562968, 0.14598272772504084, 0.12840625735034777], [0.1611619371207366, 0.14354081434337085, 0.14546307500738342, 0.12941138859552223, 0.14352439561196, 0.14490177283310343, 0.13199661648792352], [0.1640764540740718, 0.14182239217720963, 0.1467743493553737, 0.12783999610227958, 0.14441716164381466, 0.14686320851282203, 0.1282064381344286], [0.1579563156630592, 0.14317657473203718, 0.14957518907955417, 0.12641609726206054, 0.143730302659135, 0.14432662318561681, 0.1348188974185371], [0.16092646768922425, 0.14373806582924037, 0.1487644142702965, 0.12514284191825267, 0.14503676280844038, 0.1437125598657465, 0.1326788876187994], [0.1648412233428281, 0.14170175863945048, 0.1472995400379672, 0.12687912911657592, 0.14470267152244579, 0.14649128877576031, 0.1280843885649722], [0.1638018560746565, 0.14310592330946237, 0.14664162542627812, 0.1273539806705075, 0.1434798018093578, 0.14464022856444092, 0.13097658414529678], [0.16420714493561814, 0.14307685466917416, 0.14711768856839988, 0.12651350399386774, 0.14464461336745352, 0.14456785504124217, 0.12987233942424423], [0.1646725662570782, 0.1425984058626769, 0.14795440388641215, 0.12587896837360418, 0.14467410364728406, 0.1450262854722133, 0.12919526650073127], [0.1582796891972881, 0.14408975198487775, 0.14959785865015857, 0.1258015952394652, 0.14358577231207964, 0.14294897507628304, 0.13569635753984763], [0.16206145556163876, 0.14254388817966746, 0.1483901906392371, 0.1270355190332904, 0.1443390985974879, 0.14589814814463564, 0.12973169984404276], [0.161456324636689, 0.14266309328049423, 0.14847594793279356, 0.12724703016807323, 0.14441854051206562, 0.14592689622742563, 0.12981216724245873], [0.1619804815695091, 0.14348752018602018, 0.14849724571047174, 0.1265228074521161, 0.14428645649785982, 0.1444991516412312, 0.13072633694279204], [0.16153631584879152, 0.14335975728420733, 0.14882329238716036, 0.1251210033293675, 0.14490902680530038, 0.14437945445202469, 0.13187114989314827], [0.15722478542589033, 0.142611791968517, 0.14917542799051722, 0.12779208846468956, 0.14383393722931223, 0.14592308732100498, 0.13343888160006873], [0.1513349642968959, 0.1364676799358007, 0.1416720438458581, 0.14283233825536715, 0.14317966881366403, 0.1583444765125855, 0.12616882833982862], [0.15607498606193151, 0.15256159409034653, 0.15093114620363077, 0.1231740702644622, 0.14640301826142113, 0.1341102806600559, 0.13674490445815196], [0.15231869512620802, 0.15378933626242797, 0.1468420985367045, 0.1256606107908045, 0.14257845699644067, 0.1318514584766686, 0.14695934381074577], [0.1501440879357298, 0.15342697309086126, 0.14575416762903146, 0.12776308599087252, 0.14265227155988133, 0.13221396381224865, 0.14804544998137506], [0.15048572222947376, 0.16119027607136552, 0.14887246151577224, 0.12115924574666827, 0.146057812190918, 0.12496742749784082, 0.14726705474796128], [0.1500132868442109, 0.15749239594467798, 0.15010065894808003, 0.12503932667166578, 0.1501809388079849, 0.1288611828372981, 0.13831220994608232], [0.15298078456214234, 0.16666666666666666, 0.15106070523830994, 0.11702596253704992, 0.14629133879619355, 0.12171679541520995, 0.14425774678442765], [0.15351682689007062, 0.15939525487013234, 0.14987298718498573, 0.11909165513609322, 0.14329923158002159, 0.12258059879030057, 0.1522434455483959], [0.14312696906556857, 0.1382728293492081, 0.13884416218463935, 0.16666666666666666, 0.13980420488855844, 0.1434646681749565, 0.12982049967040238], [0.14331281788086106, 0.13844897157090333, 0.13897186501145894, 0.16584654256044473, 0.14003755703170456, 0.14354206927480898, 0.1298401766698184], [0.15273912187478828, 0.1584913958346999, 0.1490936211954691, 0.11974649534878239, 0.14262616877847084, 0.12283831705710668, 0.15446487991068297], [0.1561164015711746, 0.15052372257264568, 0.15073236929459957, 0.1253487621107901, 0.14727804908499764, 0.1362585351110928, 0.13374216025469948], [0.1528693817257083, 0.1620788319450517, 0.15086937331418152, 0.11784089655509337, 0.14665756751996223, 0.1243316366185826, 0.1453523123214204], [0.1568920787971783, 0.14757972293344337, 0.15495593774896407, 0.12078325980852768, 0.14855386469738657, 0.13860330801916645, 0.1326318279953335], [0.15621172095019095, 0.14893044063830452, 0.15419498597504186, 0.12056441338939664, 0.1480217458058666, 0.1372843763651707, 0.1347923168760288], [0.1556868764996537, 0.14625540178293217, 0.15631391944954576, 0.12107795590818289, 0.15037458136287887, 0.13988315157560843, 0.1304081134211982], [0.15563656910293405, 0.1475399817386987, 0.15570172238458108, 0.1206977321102272, 0.15053071567269374, 0.1388581065665911, 0.13103517242427426], [0.15209786074079057, 0.1442183549189328, 0.15028011301318137, 0.12768656933395664, 0.15333488961820008, 0.14373746513824906, 0.12864474723668934], [0.1558710449949997, 0.14988735780337378, 0.16666666666666666, 0.11436764032372106, 0.15383027738514718, 0.12867244185003948, 0.1307045709760521], [0.15477938889914689, 0.1589862095800418, 0.1566317761036402, 0.11554716805055963, 0.1509619434842214, 0.12353039569859557, 0.13956311818379452], [0.15194535188590622, 0.15611240106248112, 0.15442508107422218, 0.1183184488946854, 0.14900527734713612, 0.12593502207483376, 0.14425841766073536], [0.14667748714923529, 0.14311284579995992, 0.1485276408855317, 0.1340683365826587, 0.15124838200780769, 0.14317444186569625, 0.13319086570911043], [0.15668557907052227, 0.1364221187673752, 0.14180687590144814, 0.13871923640479858, 0.14419587128107295, 0.15861902041921944, 0.1235512981555635], [0.15580399831201425, 0.13432563390066912, 0.14124175333057906, 0.1374813325253551, 0.14274152811944438, 0.16666666666666666, 0.12173908714527139], [0.16323791994438008, 0.14304760475768302, 0.14838652323674517, 0.12618410195041016, 0.1444222158654038, 0.1446890287997636, 0.13003260544561424], [0.16666666666666666, 0.1421170163210249, 0.15038061213351073, 0.1266993499009381, 0.14324931027051627, 0.13967863351714035, 0.13120841119020288], [0.16666666666666663, 0.1386444104573955, 0.14879198548061337, 0.12679285093606985, 0.14592804315911692, 0.14573473821363842, 0.12744130508649917], [0.1533968324134607, 0.14644680626817594, 0.15351292890166332, 0.12243314738571213, 0.15391586036750934, 0.14181309547280338, 0.12848132919067518], [0.14793457155044681, 0.1470712668038439, 0.15518489610444514, 0.12150092167694937, 0.16666666666666669, 0.13468665975230573, 0.12695501744534238], [0.1488189571200431, 0.14992457740825182, 0.1541912553458275, 0.12267626845418413, 0.16139177520123935, 0.13356572666259214, 0.12943143980786193], [0.1477741596567153, 0.14625130054563767, 0.1532111382702361, 0.1246792192466237, 0.1604716392426332, 0.13890820097859105, 0.1287043420595629], [0.14752100601048518, 0.14678221859396343, 0.15279677975223552, 0.12469140255770136, 0.1605442287638785, 0.13861683557384413, 0.12904752874789172], [0.14898700454045882, 0.15007382596692054, 0.15415676287614874, 0.12233958145404232, 0.16149538383574172, 0.13355560885526332, 0.12939183247142444], [0.15018505671662744, 0.1520502667028791, 0.1541070978064909, 0.12138329663532027, 0.15906641247389414, 0.13207160602312554, 0.13113626364166248], [0.148635105693438, 0.14826228084608645, 0.15569763297829717, 0.12081234114957351, 0.16503280247931365, 0.13370241859784807, 0.1278574182554431], [0.14939394942765677, 0.14931996056281152, 0.15518580114505623, 0.12154100187113398, 0.162491042153891, 0.13345944233776144, 0.12860880250168918], [0.14849369776818072, 0.14699253411101398, 0.1559475746238283, 0.12210679081866155, 0.1645112541326825, 0.13481064700064446, 0.12713750154498854], [0.14694268847907027, 0.1458491512107776, 0.15414353199477665, 0.12458191463658533, 0.16336266128156152, 0.13776198048723673, 0.12735807190999196], [0.14521011046174398, 0.14892935154312506, 0.14510903493173224, 0.1388089277485543, 0.14708651939265646, 0.13755472405667604, 0.13730133186551197], [0.14685254627670405, 0.14663109759142628, 0.15360284544096978, 0.12462735160814446, 0.1633340616664244, 0.13720612030740717, 0.12774597710892388], [0.14744599043657128, 0.1454885790088035, 0.15231336934424983, 0.12603895072548182, 0.15977268442944306, 0.14042178085268414, 0.12851864520276637], [0.14787318681174277, 0.14688440676310616, 0.15529114708254219, 0.12195276790521668, 0.16554826060649386, 0.13526150261790792, 0.12718872821299057], [0.147993605972043, 0.14624368953815656, 0.15383289772447767, 0.12422387638008049, 0.16018343605089466, 0.13850858847213615, 0.12901390586221126], [0.14804543267736547, 0.146590516565489, 0.15429127078573054, 0.12346318966980986, 0.16127927946239268, 0.1375870887646181, 0.12874322207459443], [0.14756619285045658, 0.14091879380345537, 0.1452579146558638, 0.1385238223234357, 0.15076741885281883, 0.14932815288897425, 0.12763770462499544], [0.15087981519033958, 0.15073920835516397, 0.15625041578889146, 0.12032676234921916, 0.1601526025796977, 0.13156297842682568, 0.13008821730986236], [0.1500386656119438, 0.1492005188691212, 0.15379884390377305, 0.12336022805207679, 0.15894912387335755, 0.13486341061754384, 0.1297892090721838], [0.14755182497843305, 0.14565884152151726, 0.15303096419689508, 0.1252807069898408, 0.1604119746211409, 0.13963709734225666, 0.12842859034991627], [0.14720878674371796, 0.1469172688204607, 0.1520594266033652, 0.125454074446727, 0.15985631410386866, 0.13912317490459966, 0.12938095437726088], [0.1471273326021865, 0.14722514309624338, 0.15215891659839237, 0.12519910178528437, 0.159948933121943, 0.13865079617454498, 0.12968977662140546], [0.1476194504474854, 0.14757917304812618, 0.15216514698827627, 0.12488171455835836, 0.15959468155813178, 0.1383004932193082, 0.12985934018031364]]