[[0.16026588457901875, 0.13970376544399596, 0.16666666666666666, 0.12299654124759545, 0.13790757722257904, 0.14474517298496167, 0.1277143918551825], [0.1554780050616878, 0.14423900143661528, 0.16217837609976787, 0.126015431301033, 0.13888660594060973, 0.14851071511518374, 0.12469186504510252], [0.15481711350419194, 0.14461097740386047, 0.16171654312244857, 0.12623559052908065, 0.13950311370413473, 0.14797475985653546, 0.12514190187974805], [0.15745883368001568, 0.14234101848690936, 0.1641922073222922, 0.12506078258547373, 0.13930386360897293, 0.14599876987862986, 0.1256445244377064], [0.15590977912702558, 0.14341148263108264, 0.16374925417190586, 0.12538825668144224, 0.1397780459520843, 0.14594268194900328, 0.12582049948745602], [0.15505473146643953, 0.14295525318318383, 0.16292841807233122, 0.12681231741494856, 0.14003536295592053, 0.14603077121669739, 0.12618314569047895], [0.15629037826910963, 0.14333035308715963, 0.16397896427219114, 0.12501811741723187, 0.13995916193303687, 0.1453708512430695, 0.12605217377820127], [0.1561575652856807, 0.14323809828446207, 0.163773785839922, 0.1250041954597935, 0.14039583443826964, 0.14461351781117116, 0.12681700288070083], [0.15752491927140666, 0.1426283584774382, 0.16666666666666666, 0.12400720010449653, 0.13818431601766795, 0.14690317625662874, 0.12408536320569519], [0.1568134620545611, 0.14271018922102055, 0.16524930929432344, 0.12438391003631534, 0.14031466896556152, 0.1441330722512286, 0.12639538817698942], [0.1544131754788099, 0.1434969013558999, 0.16264858621848433, 0.12686371449904668, 0.14068364561803548, 0.14530072223604723, 0.12659325459367637], [0.15716959442683182, 0.14220417714057898, 0.16461539986129442, 0.12448222059777678, 0.14076602324275392, 0.1432680222053179, 0.12749456252544614], [0.15443979361408952, 0.1437311237262028, 0.16284050794234917, 0.12664012541228994, 0.14060372158233136, 0.14535934923615204, 0.1263853784865852], [0.15612670060463318, 0.1430605389897727, 0.1640747423089671, 0.12481879969559966, 0.14089974613539985, 0.14377075884413168, 0.12724871342149593], [0.15583204780988624, 0.14282161453756495, 0.16316007498913304, 0.12531639357926525, 0.14145971467594176, 0.14312864224103594, 0.12828151216717282], [0.15597359603964628, 0.1430098213146827, 0.16400793263569088, 0.12497807181069376, 0.14101249130307186, 0.14361663292160737, 0.12740145397460723], [0.1572221061192737, 0.1421333067860709, 0.16358279562451414, 0.12456774891032966, 0.14138632423299846, 0.14247724186014388, 0.12863047646666914], [0.16017809726373236, 0.14163797460177566, 0.16133432204718043, 0.12336358400816609, 0.13984903858403885, 0.14375052678732234, 0.1298864567077843], [0.16141931261221118, 0.14206596857709328, 0.16666666666666663, 0.12046497116673595, 0.1395136575438208, 0.14293260488652051, 0.1269368185469515], [0.15692865090478486, 0.14300981896865642, 0.16409266832149888, 0.12468518319487303, 0.1404326832517711, 0.14466168593766404, 0.12618930942075157], [0.15730964902756903, 0.14244546824165344, 0.1643324071394025, 0.12450186365405173, 0.14067015153970722, 0.14380895790609, 0.12693150249152613], [0.15854429721806115, 0.14322096301566714, 0.16014086015434242, 0.12330824286170472, 0.14060960322102822, 0.14352922467759546, 0.13064680885160096], [0.15811082143088223, 0.14190529645174688, 0.16442106398754924, 0.12406824806162826, 0.14093148652939191, 0.14280893328045594, 0.12775415025834536], [0.15697811714014892, 0.14248252603712494, 0.16470742536426206, 0.12437681365337123, 0.14101767931070328, 0.14304756837776447, 0.127389870116625], [0.15787515030067725, 0.1432636211159697, 0.16466802184221843, 0.12348841362694905, 0.14029160082227995, 0.1442422997668583, 0.12617089252504726], [0.15717972437674937, 0.1425133010109262, 0.1655086429645802, 0.12406988803898342, 0.1406558082649008, 0.14326988759437673, 0.12680274774948333], [0.1576957092425157, 0.142846731361777, 0.16495521731817875, 0.12409417452164334, 0.14007918143280715, 0.14463465068748, 0.125694335435598], [0.1564869466439408, 0.14292333102576035, 0.16502139986634473, 0.12437782459396224, 0.14081336170149758, 0.14359064439613387, 0.12678649177236037], [0.15595922752237107, 0.1428145902705875, 0.163264676114615, 0.12520762962998908, 0.1415666700602179, 0.14302728993822977, 0.12815991646398972], [0.1574060421438141, 0.14255949429287884, 0.16666666666666663, 0.12354194135944344, 0.1402796411274344, 0.14353658344130588, 0.12600963096845652], [0.15691143894623746, 0.14243679225221828, 0.1636220547581785, 0.12459102275935756, 0.1415949558036691, 0.14244282057424756, 0.12840091490609148], [0.15645377719615383, 0.14307848088782346, 0.16388798020885975, 0.12434738473166397, 0.14149926783043457, 0.14274102599947713, 0.12799208314558735], [0.15710773042247342, 0.1426491639969345, 0.16461887101249054, 0.12417246115840175, 0.1410102005149156, 0.14319319212427745, 0.12724838077050687], [0.15530074494785087, 0.14320786461000726, 0.1631520431811188, 0.1252868822283462, 0.14195379939707342, 0.14261908907724122, 0.12847957655836223], [0.15748035575331376, 0.14235164601632902, 0.16392597753899243, 0.12409780978156362, 0.14158447486223855, 0.14226680179832346, 0.12829293424923918], [0.1584127594815328, 0.1429470987345009, 0.16508181930251722, 0.1231874163840414, 0.14052682697100702, 0.14354959662257344, 0.12629448250382738], [0.16007899611045504, 0.14237291929918586, 0.1631946131979892, 0.12335016356141314, 0.13959853030512626, 0.14493241233783258, 0.12647236518799798], [0.15712106103680856, 0.1425029899517564, 0.16432706774087663, 0.12430385634662355, 0.14144261286634358, 0.1425335630477066, 0.12776884900988467], [0.16182526178868317, 0.14149518160179747, 0.16072247539615497, 0.12174153686725801, 0.14121604788715658, 0.14092362125459873, 0.13207587520435105], [0.16182526178868317, 0.14149518160179747, 0.16072247539615497, 0.12174153686725801, 0.14121604788715658, 0.14092362125459873, 0.13207587520435105], [0.15762111935120848, 0.14239135479484433, 0.16401482089715366, 0.12393295751199597, 0.14167678646637494, 0.14195810498401112, 0.12840485599441162], [0.1564668504296231, 0.14300446173711437, 0.16366877204994124, 0.12437997945771562, 0.1418984087867344, 0.14225085491317027, 0.12833067262570108], [0.1579868978768122, 0.14308475276984708, 0.16535154876102537, 0.1232732029576758, 0.1407518666067459, 0.14333874153002538, 0.1262129894978683], [0.1642295553273287, 0.1405673556600269, 0.16074710786912946, 0.12099495404043227, 0.14146757905081078, 0.1397342021263356, 0.13225924592593621], [0.15750450654564352, 0.1425220670840574, 0.1635226884913742, 0.12412593853298257, 0.14184134768456197, 0.1420195752758246, 0.12846387638555576], [0.1613691140786098, 0.1420099896563239, 0.16227801774656211, 0.12298950162795708, 0.14072977242724874, 0.1429608947615037, 0.12766270970179464], [0.15924363182005183, 0.1429142064391846, 0.16403098616356912, 0.12268309127714941, 0.14152719801082303, 0.14207965522314445, 0.12752123106607757], [0.1625201292040052, 0.14133341580737552, 0.16010133211094427, 0.12113906829675478, 0.14198982619071307, 0.13975908300021847, 0.13315714538998874], [0.16382765766489532, 0.1405842017240203, 0.15896131169976047, 0.1209382726036818, 0.14309689227471634, 0.13815571051424516, 0.13443595351868035], [0.16083670227988414, 0.14264954099575608, 0.16227740029248156, 0.12296446421448315, 0.14091113178676867, 0.14307642434161885, 0.12728433608900766], [0.1628172748674393, 0.1409298832757824, 0.15891358317098667, 0.1211410276345147, 0.14285195450661345, 0.13852112850098536, 0.13482514804367812], [0.16094013704455667, 0.1425707279197432, 0.16156313277894035, 0.1226134479898056, 0.14227287705309474, 0.14122584861687387, 0.12881382859698565], [0.15803849832535935, 0.1454911704819255, 0.1611919357075512, 0.12206893828630053, 0.1440016919442411, 0.14048329434160892, 0.1287244709130134], [0.1576332099953556, 0.145126289518088, 0.1613503090700005, 0.12230108401045492, 0.14440603758803855, 0.13999588231119633, 0.12918718750686614], [0.15712620517097828, 0.14569993927044048, 0.1612878570305538, 0.12222732102640751, 0.14450782672050858, 0.14010085921120502, 0.12904999156990635], [0.15293983821356, 0.1445865855654215, 0.16666666666666669, 0.12270774713281912, 0.14508295130644108, 0.1377457120947851, 0.13027049902030666], [0.15667450479425987, 0.14286757812668674, 0.164379120479946, 0.12475874929364447, 0.1405427682308231, 0.14409551100858678, 0.12668176806605305], [0.15671092052457739, 0.1426549317930332, 0.1653174498312553, 0.12441058219714736, 0.14062228602910726, 0.14366780975424853, 0.126616019870631], [0.15621099525054774, 0.14325835476494075, 0.16296858960980462, 0.125742402582224, 0.13937919055871625, 0.14670401088761473, 0.12573645634615188], [0.15748866189856672, 0.14283537422254805, 0.16415205477789055, 0.12459033210717979, 0.1395912580607609, 0.14554450454117934, 0.1257978143918747], [0.16040631785676124, 0.14328106648352312, 0.1630472919661831, 0.1216756152980407, 0.1408098661383009, 0.14306939443706415, 0.12771044782012692], [0.15885194188993995, 0.14227586618096888, 0.16666666666666666, 0.12168234146704678, 0.13866466144982267, 0.14597027450949304, 0.12588824783606198], [0.16512580938398316, 0.14023127777159763, 0.16147017163795668, 0.12109181448264995, 0.14085844960124003, 0.14033493711694137, 0.13088754000563121], [0.16132831846284806, 0.14134005800794722, 0.1600978586386121, 0.12216969971938332, 0.14131237823473786, 0.1410711252536771, 0.13268056168279446], [0.16666666666666666, 0.14055412519076999, 0.16143809263036385, 0.1198531293576221, 0.14137778378882962, 0.1392359172754242, 0.13087428509032362], [0.16419249743184247, 0.14169565339241774, 0.16314418233620145, 0.11981019250103145, 0.14123338129742963, 0.14032862368534457, 0.12959546935573282], [0.16354988929138972, 0.14105639865077096, 0.15909861089311253, 0.12098108739424972, 0.14336458130871677, 0.13830640734672045, 0.13364302511503978], [0.1633022825623343, 0.1412354856106474, 0.15905189460400904, 0.12095284408297977, 0.14351711645525592, 0.13825207658793276, 0.13368830009684096], [0.1638288286070613, 0.14119169722700695, 0.1593503423141262, 0.12077571841344328, 0.1433545372552171, 0.13827467356390194, 0.1332242026192432], [0.16320491338479948, 0.14114341996488072, 0.15841437368004174, 0.1205343573525054, 0.1440466153820753, 0.13734610684501927, 0.13531021339067809], [0.15201526956321124, 0.14374487476452164, 0.16666666666666669, 0.12671484981053835, 0.1362732343985621, 0.15182548553023537, 0.12275961926626477], [0.1585206989722285, 0.14101248359602594, 0.16666666666666666, 0.1244327121923764, 0.1377930918331322, 0.1466976770727432, 0.12487666966682703], [0.1544107265821397, 0.14357218044081466, 0.16260847832423928, 0.12719891396976485, 0.13958181589137575, 0.14723165047652859, 0.12539623431513736], [0.1551235137850758, 0.1437481972227218, 0.16269822609716394, 0.1265576852614792, 0.13932904970457877, 0.14765717814910118, 0.12488614977987923], [0.15442204431116688, 0.143486126252876, 0.16282255143104932, 0.127183358863487, 0.1397601929305888, 0.14681882744482866, 0.12550689876600357], [0.15470117101010816, 0.14340835366899207, 0.1631327916479052, 0.12680306349243997, 0.13983197453488205, 0.14647418615827032, 0.12564845948740236], [0.15636725541157587, 0.14278229606427073, 0.16362596400433327, 0.1261818343992285, 0.13869056195491358, 0.1478973660548067, 0.12445472211087136], [0.1555738365423839, 0.14299327467948028, 0.16369986589965688, 0.1262073166819663, 0.13960893122398846, 0.14646246668860552, 0.12545430828391846], [0.1557992368306349, 0.1448263293751615, 0.16160346546670742, 0.1253006899017758, 0.13957868920279173, 0.14748314502119234, 0.12540844420173625], [0.15426422135648546, 0.14339780199645702, 0.16199777976334845, 0.12772368023930003, 0.13997070425852057, 0.14697215267628932, 0.1256736597095991], [0.15411194053353297, 0.14347416287909467, 0.16101574700012405, 0.12829033366798195, 0.13989290988174563, 0.14761606415680517, 0.12559884188071557], [0.15443735317256038, 0.1442580791577807, 0.16263143883698367, 0.12655776532196517, 0.13990330447176885, 0.14686100975666658, 0.12535104928227475], [0.15637648195013742, 0.1432448928394769, 0.16371654965824145, 0.12556311703173095, 0.13945688488672348, 0.1464485735891962, 0.12519350004449348], [0.155407379378535, 0.14325842307767597, 0.16369384887750796, 0.1262647438563984, 0.1396855602647335, 0.14645899604574866, 0.12523104849940053], [0.14912303393480592, 0.14420079868876812, 0.16666666666666666, 0.13050652421875145, 0.13609911469386185, 0.15340107888042842, 0.12000278291671755], [0.15696857081750332, 0.143421024971558, 0.16382759740924066, 0.12461380643387168, 0.1396931223073637, 0.14604241862525422, 0.12543345943520826], [0.15505763441445566, 0.14449870229775005, 0.16290969931541843, 0.12527888985646252, 0.14040797379477057, 0.1457952625648165, 0.12605183775632614], [0.15611396897884083, 0.14350800742278388, 0.16312919956793726, 0.12594386758623868, 0.13943093619871083, 0.14706610853587446, 0.12480791170961411], [0.1557241862245501, 0.14316743772958032, 0.1642637114207039, 0.1256314571624165, 0.1399055547689746, 0.1457609830205622, 0.12554666967321246], [0.1537124979782718, 0.14370555356715942, 0.16148993274403664, 0.1276178079878674, 0.14098431652364782, 0.14546304813917893, 0.12702684305983783], [0.16077429831951368, 0.1409316073184332, 0.1618428663886947, 0.12414728957030916, 0.14080154932685304, 0.14264679841534364, 0.1288555906608525], [0.1558773327895179, 0.14353438320753298, 0.1643013405819151, 0.12467374057016054, 0.14073485913439474, 0.14439384811911996, 0.12648449559735894], [0.15596034848435603, 0.1449869526219959, 0.16245388137159109, 0.12355004106243113, 0.14171807631234562, 0.1437590870750432, 0.12757161307223708], [0.15575403699128224, 0.14458553182542047, 0.16378511576114643, 0.1242819715669956, 0.14079537560641459, 0.14482849654258287, 0.12596947170615783], [0.15451666282511384, 0.14379817986740173, 0.16296175499646737, 0.12619071389783787, 0.14132990173664853, 0.14421903781763235, 0.12698374885889852], [0.1592455594641166, 0.14292786663220305, 0.16256645531336253, 0.12386395713479573, 0.1404111312933348, 0.1445911575073082, 0.1263938726548791], [0.16146703644367105, 0.14123643859143614, 0.16158376229787288, 0.1233108305725028, 0.14147969510655767, 0.1415593092971738, 0.1293629276907856], [0.1542409813772075, 0.1424511881677296, 0.16666666666666666, 0.12407615878620727, 0.14301620875397208, 0.13956303746592286, 0.1299857587822939], [0.15385043466929427, 0.145135854826988, 0.16175212560246965, 0.1258424043940509, 0.14326405842831624, 0.14240287730017778, 0.12775224477870317], [0.1565263098750849, 0.14471916309520044, 0.16273094479648897, 0.12337351204978553, 0.14312847825393013, 0.14172283805494904, 0.12779875387456105], [0.15484695496609452, 0.14517306986303832, 0.16294660915055345, 0.1236744707012089, 0.14393855781751524, 0.14079173955975566, 0.1286285979418339], [0.15442808730622676, 0.14331498653930763, 0.16666666666666669, 0.12299221652999554, 0.14487809859207296, 0.13786023670283007, 0.12985970766290042], [0.15384289129324114, 0.1442765865492297, 0.16666666666666669, 0.12084450259193862, 0.145903620502912, 0.13600826782706074, 0.13245746456895116], [0.15438043107028954, 0.1413256609461142, 0.1512459927003691, 0.12542721415073319, 0.14671218738622127, 0.1359591948344043, 0.14494931891186835], [0.15713589813173728, 0.14293315257256017, 0.15416381096397813, 0.12256617395681846, 0.1469537331118495, 0.13624992210226783, 0.1399973091607887], [0.14225874347047182, 0.14259202772211826, 0.1452695314330677, 0.12945121228816894, 0.15458626032286726, 0.1286913404809511, 0.157150884282355], [0.14424285909075044, 0.142148987993177, 0.14386408176887858, 0.1351079194005514, 0.14802506950564992, 0.13570266831553976, 0.15090841392545298], [0.14427408189236848, 0.14121225230982762, 0.1423691855164274, 0.13241702203648, 0.14904463543638202, 0.13202410928155134, 0.1586587135269631], [0.14585523286145988, 0.15054636887004103, 0.14505610105636263, 0.12272675132292205, 0.15876105440253857, 0.1287306115222189, 0.14832387996445703], [0.1435836371786319, 0.15105032327176202, 0.14968481612823445, 0.12347949501671576, 0.1568504490634731, 0.1299476580028731, 0.14540362133830972], [0.14253643548767878, 0.1421405329060361, 0.1448679876619542, 0.12878671208617581, 0.15217335136284907, 0.12946280270271657, 0.16003217779258938], [0.14257931078176603, 0.1419123241749877, 0.14467385991732837, 0.1295243092059116, 0.15158250528710582, 0.12994386186916806, 0.1597838287637324], [0.14235558916091856, 0.14172196577663865, 0.14270323031400636, 0.12633927003431625, 0.15263804667898132, 0.1275752313684723, 0.16666666666666669], [0.1578245799287204, 0.14236733102565405, 0.16304353468303498, 0.12531222401700567, 0.13902575495638186, 0.1466885169929343, 0.1257380583962688], [0.1588105590755621, 0.14121300491805724, 0.16310669451659307, 0.1252622691175064, 0.13925753139158037, 0.1454809201216918, 0.12686902085900906], [0.15835768431986938, 0.14193674894211386, 0.16343224797527117, 0.12502768829539426, 0.13885676609255004, 0.14657236475889193, 0.12581649961590918], [0.15828762716877456, 0.14164955510520033, 0.16330475577011197, 0.12537727489400227, 0.13893701207654524, 0.14644329416969276, 0.12600048081567294], [0.155106702716463, 0.14227303773224745, 0.16666666666666669, 0.1263386587971191, 0.13725370628197267, 0.14948694734518853, 0.12287428046034268], [0.1562785534112721, 0.14288354978085727, 0.1625699958717784, 0.12650248467931044, 0.1390886728577645, 0.1475951434045484, 0.12508159999446897], [0.15610308913275142, 0.14314645295896222, 0.16351049397497353, 0.1261405951417744, 0.13865057890975319, 0.14816518617784333, 0.1242836037039418], [0.15872910150351296, 0.14190080471478372, 0.16346019946349533, 0.12477784836897665, 0.13940645425809342, 0.14556221977086004, 0.1261633719202779], [0.15499917172314143, 0.1432947521400221, 0.1631503945792904, 0.12661538211769566, 0.1399382226285575, 0.14629920953547565, 0.12570286727581728], [0.15604928936497994, 0.14338968249495135, 0.16403164740388654, 0.1253755238874225, 0.13965483487985494, 0.1462565583359044, 0.12524246363300023], [0.1555575311767709, 0.14366830428923108, 0.1633873946734452, 0.1261797461971834, 0.13904805138692947, 0.14792928335239613, 0.12422968892404393], [0.1585699105124246, 0.14219673714311643, 0.16501323811689184, 0.1236442577493741, 0.1400067332551259, 0.14400532241393327, 0.12656380080913374], [0.15805696272824402, 0.1420285740639488, 0.16370041804241203, 0.12478958983262414, 0.14021859338987655, 0.14445512718852416, 0.12675073475437013], [0.1582439524586036, 0.14202337765488277, 0.16525893796582258, 0.12374260062781618, 0.14045235268212397, 0.1433178080937195, 0.12696097051703134], [0.15652392169834836, 0.1469744606633445, 0.15532936680317458, 0.12198577282405118, 0.14820023430396254, 0.13718203527753053, 0.13380420842958832], [0.15465416293633782, 0.14843038192299426, 0.15647283026410538, 0.12226248053547073, 0.14826515228447254, 0.13806466204577666, 0.13185033001084265], [0.15335033211262541, 0.14897594367281966, 0.14973681878541448, 0.12204504323559678, 0.15358882694095, 0.13263851270158467, 0.13966452255100884], [0.14900103397025763, 0.1485535180641482, 0.14875410665350997, 0.12118288771153951, 0.1579730710453142, 0.12952806729446076, 0.14500731526076963], [0.14611128542405752, 0.14373971002397093, 0.1424154303487625, 0.12651048862289982, 0.15402901867867097, 0.12840115424036516, 0.1587929126612731], [0.15779309703734268, 0.14185746011288494, 0.1629085042741627, 0.1257683207163517, 0.13865820254022207, 0.14712212661405094, 0.12589228870498503], [0.15760036838277386, 0.14136238207260474, 0.16454045715295335, 0.1257450497348562, 0.13771029315952807, 0.14815877835198965, 0.12488267114529421], [0.1570662737438335, 0.14253182217037097, 0.16346980539241476, 0.12538895425195826, 0.1391492072816272, 0.146543006061692, 0.12585093109810336], [0.15894131530137992, 0.1414054500687609, 0.1633358048817921, 0.12496932208321213, 0.1391992355498042, 0.14560546927772564, 0.12654340283732504], [0.1571440814880217, 0.1422504936622452, 0.1641400793979633, 0.12480313026002049, 0.1401530144162296, 0.14429337144499133, 0.1272158293305284], [0.15544962055913902, 0.14293714341508854, 0.1636946312022487, 0.12617933773421475, 0.13992182162424985, 0.14586644069795515, 0.12595100476710397], [0.15377099960540866, 0.14376493353760153, 0.16206196793407682, 0.12746373912519254, 0.1404180826025602, 0.14608340000143943, 0.12643687719372088], [0.15445337199866407, 0.14347672588686278, 0.16279848619631357, 0.12695241511729355, 0.14012846577780771, 0.14620681238502342, 0.1259837226380349], [0.15626630301288752, 0.14318260725082807, 0.1629544412578212, 0.12617321617870306, 0.13933870969893866, 0.14720197270842636, 0.1248827498923951], [0.15788518281222533, 0.1424861003955798, 0.1646770802695027, 0.12405365834049023, 0.13996218809429542, 0.14452755596813524, 0.1264082341197712], [0.15560470220322364, 0.14297920476081322, 0.16392512393716338, 0.12583518173703262, 0.14034736345017262, 0.14504681175701842, 0.12626161215457596], [0.15552153889566525, 0.1433293468049206, 0.16315032367501714, 0.12629318492217578, 0.14006279442601502, 0.146154857285688, 0.12548795399051818], [0.1575268682647399, 0.14371750196318347, 0.16355777563101218, 0.12312509128661603, 0.14251853482431748, 0.14148142565481786, 0.12807280237531307], [0.1587264455178353, 0.14159464594613042, 0.16341514216485847, 0.1245240397560252, 0.14057952080127267, 0.1434193279255869, 0.12774087788829103], [0.1593967873415886, 0.14369628292410233, 0.16239872269958533, 0.1223589346234846, 0.14067789615059315, 0.14391170291000088, 0.12755967335064514], [0.15757769397062624, 0.1429967819290047, 0.1645791948468217, 0.1242684387277715, 0.1397886625779841, 0.14527101358887343, 0.12551821435891827], [0.15788553008322895, 0.1427232615231714, 0.1650142475090664, 0.12394945412453899, 0.1399787990861119, 0.14460005984263127, 0.12584864783125105], [0.15576981652224695, 0.1420307973161115, 0.16202223488600445, 0.12632631031665953, 0.1416257819405381, 0.14309944025946236, 0.12912561875897716], [0.15689452974270005, 0.14321992352588886, 0.16291707202897085, 0.1253679076485367, 0.14024056084286543, 0.1456023252195941, 0.12575768099144385], [0.1611315961413073, 0.14157749162145536, 0.16105838382262513, 0.12214774639811014, 0.1406855800532892, 0.14195758480172466, 0.13144161716148833], [0.15985639000727908, 0.14363448030494297, 0.16086448513629448, 0.1218496120600884, 0.14191961212606535, 0.14189208329976807, 0.12998333706556184], [0.15744263034743705, 0.14344293334430616, 0.16416662475909466, 0.12423476168538583, 0.1400425358331455, 0.14515038869770197, 0.12552012533292892], [0.15892120201398705, 0.14180748256095368, 0.16402131895707214, 0.12382443735013883, 0.14099060958229895, 0.14266266672898606, 0.1277722828065632], [0.15728847966183065, 0.14320590132373098, 0.16540928070362224, 0.12326087202361144, 0.14116594724450549, 0.14277772703107122, 0.12689179201162784], [0.15892416210989666, 0.14337290232397742, 0.16402405152734661, 0.12291120629871852, 0.14084717020555998, 0.14345170526095652, 0.12646880227354432], [0.1628787992401731, 0.14131010898186114, 0.16092994366441274, 0.12107769494632396, 0.14147991698009815, 0.14020726910726156, 0.13211626707986932], [0.15977468835017908, 0.14279482911409475, 0.16222687832314672, 0.12377070853937078, 0.1405566557867168, 0.14418723939576086, 0.126689000490731], [0.15941752959477437, 0.14292875949298275, 0.1616890375866709, 0.1240924445140728, 0.14074218951337125, 0.1442671807123618, 0.12686285858576618], [0.16026739515151356, 0.14292951699455317, 0.1610926029101484, 0.12337382548903769, 0.1416692915549111, 0.14276027784217044, 0.12790709005766568], [0.16078972454336898, 0.14326879774731055, 0.16204790758570264, 0.12142836166421969, 0.14128820377517415, 0.1423985331761838, 0.12877847150804017], [0.16053290264104558, 0.14147709637010694, 0.1612581973713071, 0.12345770448064061, 0.1399297548004671, 0.14361024838496445, 0.1297340959514682], [0.1485431046079525, 0.14176534177572697, 0.1506270827145261, 0.14173188106518725, 0.13507335946195956, 0.15796023182840296, 0.12429899854624468], [0.15143009110832253, 0.14690375018105273, 0.1584224556394135, 0.1219617021877325, 0.15216841131612568, 0.13320276245343754, 0.13591082711391547], [0.14889136086324234, 0.14284859767020608, 0.15375286168279148, 0.1242407705571691, 0.15334345695462265, 0.13064597718190088, 0.14627697509006737], [0.14708264329203394, 0.14281738652330617, 0.1524814016264304, 0.12634662647705736, 0.1529449226060555, 0.13095955848792973, 0.14736746098718703], [0.14224008010550684, 0.14849990163461194, 0.14805043769612514, 0.12384933975066197, 0.16151400361307452, 0.12743240729655012, 0.14841382990346963], [0.14213280982751297, 0.15216926849113258, 0.1498052491771673, 0.12724151654120763, 0.15797773769475915, 0.13086118700552413, 0.13981223126269615], [0.1425223618837234, 0.1496980300939325, 0.14617854644306155, 0.12208928960530227, 0.16666666666666666, 0.126301659868939, 0.14654344543837453], [0.144943513153952, 0.14665979105593868, 0.14435800563708195, 0.12359404980429428, 0.16008340532243379, 0.12675280748899825, 0.15360842753730103], [0.14121431562758613, 0.13929133138516178, 0.14273654984547388, 0.16666666666666666, 0.13780190147201815, 0.1430798498858996, 0.1292093851171938], [0.14113455974730146, 0.13956743490697032, 0.14296096533205765, 0.16583418644904935, 0.1380238395923647, 0.14319367066150104, 0.12928534331075556], [0.14451895141008508, 0.14588437953178315, 0.1441696533157483, 0.12392059659899, 0.15921868235650954, 0.12673736439136202, 0.15555037239552186], [0.14993029239220787, 0.14809523113777479, 0.15622377101828214, 0.1253068691754056, 0.15050735496346715, 0.1362277037825413, 0.13370877753032104], [0.14376656174820246, 0.1493373056297447, 0.1489602644019419, 0.12131616772522408, 0.16240538019416112, 0.12734491647216242, 0.14686940382856342], [0.15659699381081466, 0.1488336982854696, 0.15701352285921893, 0.12004578991383091, 0.14727294435380253, 0.13815225428179698, 0.1320847964950665], [0.15699558126307722, 0.14824900832810264, 0.1563280030498393, 0.11940567965810378, 0.14848465844971395, 0.1365458820735746, 0.13399118717758846], [0.15456979444084243, 0.15078868844624108, 0.15633676379631575, 0.12131823634355743, 0.14636298165372058, 0.1400243171089141, 0.13059921821040857], [0.1546308731821923, 0.15105731917890994, 0.155898544876104, 0.12079868188729241, 0.1475819847696174, 0.1389191753725074, 0.13111342073337642], [0.1474183802179421, 0.15327890339336228, 0.152929516751659, 0.1283510181932987, 0.1446010054548621, 0.14412831284884203, 0.12929286314003377], [0.1504939007430328, 0.15645508507196423, 0.14700823920528916, 0.12256188620310225, 0.15251635096302268, 0.13462540200846362, 0.13633913580512524], [0.1459346253428822, 0.15420253112505342, 0.14535775357326222, 0.12223351759716622, 0.15999080121628886, 0.12917255169851344, 0.14310821944683352], [0.14409092095865816, 0.15169997098328286, 0.1471671733793162, 0.12323781394545685, 0.15718628315663927, 0.13007941121882463, 0.1465384263578221], [0.14360636925681283, 0.16666666666666666, 0.1451011390712011, 0.13149763001962844, 0.14125538985879849, 0.14132184339453518, 0.13055096173235728], [0.1452438850480032, 0.14332668769113652, 0.1564708100610036, 0.13811787489402977, 0.1357713288075536, 0.15844585441933495, 0.12262355907893835], [0.14804037092673314, 0.14122022361222614, 0.15531535736380214, 0.13616847376145938, 0.13287082073681442, 0.16666666666666666, 0.11971808693229814], [0.16012075595881303, 0.14304003348399386, 0.16243353142648254, 0.12303437199742862, 0.14120993297780743, 0.14297906736895122, 0.12718230678652329], [0.16666666666666666, 0.14345297147923738, 0.1503640717233107, 0.12664044532902463, 0.1420808345915205, 0.1396388580538843, 0.13115615215635576], [0.16666666666666669, 0.14563196154116625, 0.1497648795156501, 0.12658210212645452, 0.13849630180437017, 0.14562410473340584, 0.12723398361228652], [0.15050693296481366, 0.15446588820401716, 0.1539659629323985, 0.12308778671815866, 0.14674605254404546, 0.1421809189134824, 0.12904645772308412], [0.14548644037913808, 0.16521911764506494, 0.145061543443375, 0.12614120797594588, 0.14908447981577397, 0.1379722556825911, 0.13103495505811105], [0.14374781570122383, 0.1624998239993692, 0.14665466429248147, 0.1265358919981182, 0.15139349254660328, 0.13646993241105987, 0.1326983790511441], [0.14825348786256143, 0.16069632071819318, 0.14502986342946247, 0.12712959738401913, 0.14744273679346284, 0.14052817889173355, 0.1309198149205673], [0.14696765125100986, 0.16089815919152645, 0.145618808059708, 0.1271196261044457, 0.1479325123693358, 0.1402394879093954, 0.13122375511457898], [0.14368675392287572, 0.16284090262919537, 0.14667094410425305, 0.1262017580825153, 0.15151954434075765, 0.13644054372092868, 0.13263955319947424], [0.1437531119999925, 0.16098694626997173, 0.14711987860621697, 0.12538787873022358, 0.15334285101244818, 0.13513097992416953, 0.1342783534569774], [0.14480591052913502, 0.16666666666666666, 0.14515038033456773, 0.12510766640118143, 0.14998628010382287, 0.1367902879653188, 0.13149280799930738], [0.14477586364257392, 0.16379539589744133, 0.14581955375081534, 0.12581947780621472, 0.15096464469000487, 0.13660790144203847, 0.1322171627709111], [0.14620322493901342, 0.16412290641472743, 0.14500658557908588, 0.12658179918735638, 0.14896834544706147, 0.13800984699583785, 0.1311072914369177], [0.14609459849710688, 0.16249080929525633, 0.14627556598311425, 0.12765938893066145, 0.14737144528622415, 0.13987565407219574, 0.13023253793544112], [0.1417089759843298, 0.1472122101060577, 0.15022178746903544, 0.1383438906579956, 0.1486332575405349, 0.13706875019025216, 0.13681112805179424], [0.14469821285075055, 0.16280653569226838, 0.1462100233583086, 0.1278739046161877, 0.14817837629847774, 0.13948125788441348, 0.13075168929959366], [0.14833408258930253, 0.15979190120941722, 0.14557504367347993, 0.12791615604743953, 0.14646711343879165, 0.14163442690434758, 0.13028127613722157], [0.14589864545483044, 0.1647237428730808, 0.14512295820681706, 0.1262356706760587, 0.14877924255469055, 0.1382696335984061, 0.13097010663611638], [0.14891123704519024, 0.16044498570492008, 0.1448335797157791, 0.12680327644277756, 0.14748486685307946, 0.14021985552526758, 0.13130219871298607], [0.14815271992101273, 0.1615323770896871, 0.1448008364192167, 0.1264908367478891, 0.14799742872668686, 0.1396249501865893, 0.13140085090891812], [0.1473461076062566, 0.15018565735331943, 0.14733021162873688, 0.1381995463484332, 0.14062211389167642, 0.14912836983251468, 0.1271879933390627], [0.14586265172042523, 0.16181689704250884, 0.1456081211074548, 0.12516839703349728, 0.15240332345702295, 0.13523064319721037, 0.1339099664418806], [0.1459453415498179, 0.1602968953978735, 0.14574079286962607, 0.12697439311928788, 0.1506581668135857, 0.13751757061576605, 0.13286683963404294], [0.14855091903517909, 0.16041215576661857, 0.1453590846105122, 0.12744386727231913, 0.1467568779892008, 0.14104987818077366, 0.1304272171453965], [0.1462478905094781, 0.16029295552048553, 0.14619059504939608, 0.127548622189178, 0.14792099254773267, 0.14052301789874025, 0.13127592628498932], [0.14570704749153326, 0.16041635990374167, 0.14657771097713027, 0.12735118869239426, 0.1482341207984513, 0.14010476600011462, 0.1316088061366345], [0.14595427461930463, 0.16029715799068076, 0.1462666580417214, 0.12715623774735818, 0.14861818218095282, 0.13984457825551863, 0.1318629111644635]]