[[0.14151838437583455, 0.16666666666666666, 0.13984308066624412, 0.1259355660834904, 0.14622050225759778, 0.1303359026016472, 0.14947989734851924], [0.14507692617512186, 0.16191660288358758, 0.13992450265793663, 0.12753421069310608, 0.14918904345654535, 0.12626009447566694, 0.15009861965803567], [0.14515422706978515, 0.16235573744321224, 0.14017217423071313, 0.12723144100298794, 0.14843515680940797, 0.12616469079961803, 0.15048657264427556], [0.1431706056918689, 0.165035799922623, 0.14023702810846528, 0.12647968451276176, 0.1467036153405916, 0.12704351878563486, 0.1513297476380546], [0.14419465571340143, 0.16368942595754243, 0.14068358357036836, 0.12677840433763274, 0.14664061093397388, 0.12719609034933446, 0.15081722913774673], [0.14346132433416064, 0.1628873081391274, 0.14060375313351572, 0.12766292619081498, 0.1464712017869406, 0.12704718283741173, 0.1518663035780289], [0.14418299512841046, 0.1637580400286044, 0.140934977640827, 0.12653983608655756, 0.14614893932759127, 0.12753611099059797, 0.15089910079741148], [0.14413907570923987, 0.16310017426344137, 0.14140611498045969, 0.12660638238839642, 0.14546160160954602, 0.1283494758372393, 0.1509371752116773], [0.14443640094720994, 0.16126660334660553, 0.14032661734798352, 0.127215833868364, 0.1483896881080862, 0.1272881179282664, 0.15107673845348463], [0.14355398505118733, 0.16459191321722602, 0.14124283988831954, 0.1258731946698177, 0.14492675124888407, 0.12781382446179682, 0.15199749146276856], [0.14394615041158923, 0.1621489950000935, 0.141187442161224, 0.12763547193530525, 0.14571499619310394, 0.12737025609932712, 0.15199668819935697], [0.14316762103334005, 0.16355615189639244, 0.14178610816496673, 0.12614363559363145, 0.1441895670497677, 0.12903733782070836, 0.15211957844119323], [0.14424193422838147, 0.16229374829631008, 0.14118418423374288, 0.12753157924408703, 0.14583389660331111, 0.12728250593183832, 0.15163215146232892], [0.14384427298629626, 0.16318525436673278, 0.14175521942108585, 0.12620816759516093, 0.14453091322385042, 0.1285574070985981, 0.1519187653082756], [0.1435084310983898, 0.1626064652600066, 0.14218575846823092, 0.1265074185431568, 0.14380661538603454, 0.12938713188472822, 0.15199817935945314], [0.14383028455197228, 0.16285669730879024, 0.14190222564658375, 0.12642390953692792, 0.14441605080783534, 0.12876324431642427, 0.15180758783146622], [0.14310732245818708, 0.1625013316231294, 0.1423899963694975, 0.12623914678951847, 0.14343760273104378, 0.1301405772250937, 0.15218402280352997], [0.14323094306102857, 0.16155286296182952, 0.14155586511643792, 0.1261196387266696, 0.14520904039806073, 0.13222735867091112, 0.15010429106506243], [0.1442661069507889, 0.16208999738533167, 0.14194205925481945, 0.12459697273958079, 0.14505523652469726, 0.13049001704201096, 0.15155961010277094], [0.14357975714197435, 0.16451993592256353, 0.1410647094953858, 0.1256965964781865, 0.145191827513612, 0.12716448546043227, 0.15278268798784536], [0.14315389459948633, 0.16415563121821794, 0.14143050270832325, 0.1257351080750264, 0.14447750465103296, 0.12809368435967916, 0.1529536743882339], [0.14380203926437368, 0.16666666666666663, 0.14125539918026592, 0.12438283420813856, 0.14410266099649652, 0.13153952182663806, 0.1482508778574205], [0.14288829990511856, 0.16363363149995885, 0.141953149334338, 0.12575936580808053, 0.1437560631890478, 0.12929894110298587, 0.15271054916047028], [0.14336292568642867, 0.16356564789290318, 0.14195140525197578, 0.12591633380140288, 0.14390739822117096, 0.12881970293301997, 0.15247658621309865], [0.1441726265286652, 0.16480300967585, 0.14131604345564627, 0.1251655143973943, 0.14511329199921708, 0.12774380224768506, 0.1516857116955421], [0.1435061929102756, 0.16413522670695369, 0.1417250576179863, 0.12582094820346013, 0.1442316778783003, 0.12844146604379217, 0.1521394306392317], [0.1435360019865456, 0.16577959483170776, 0.14084853585479024, 0.12532608249633598, 0.14527218480436604, 0.12687994001362835, 0.15235766001262596], [0.14375315268577663, 0.16380833879625692, 0.14171692608552383, 0.12585580551710088, 0.1443971436764673, 0.12818029058113087, 0.1522883426577434], [0.1434740983784999, 0.16243124055797648, 0.14226068306754028, 0.1263539688676256, 0.14368091691642282, 0.12922462519401026, 0.15257446701792465], [0.14358866728425027, 0.16507201417114925, 0.14140614462550263, 0.12538300350718679, 0.14452404296474622, 0.12774534357717865, 0.15228078386998614], [0.1432467517792624, 0.16261443267939765, 0.1424330563536526, 0.1259975330885617, 0.14325257858572557, 0.1296800676440645, 0.1527755798693357], [0.1439507675579249, 0.1626327086465949, 0.14242995350214324, 0.1259123438118692, 0.14362579168783055, 0.12942226196448664, 0.15202617282915054], [0.1434763018337639, 0.16367774154556605, 0.14189378255111915, 0.12563591744297978, 0.14400159419766745, 0.12860590557964371, 0.15270875684926], [0.143665417162152, 0.16322059420694512, 0.14243581188273685, 0.12609397484676824, 0.1430881254104847, 0.1292243972229399, 0.1522716792679731], [0.14321686724958002, 0.1629123794232299, 0.1424769949730682, 0.12561257217399047, 0.14313504211265984, 0.1296584181023729, 0.15298772596509866], [0.14385795151884592, 0.16512920760631142, 0.14153062037218597, 0.12485705877779928, 0.14443731294505363, 0.12784481075854, 0.1523430380212639], [0.1436975011068498, 0.16264808065756917, 0.14107438170217573, 0.12571193390161356, 0.1461174414505355, 0.12866390195279007, 0.15208675922846615], [0.14332661726344686, 0.16318012841323593, 0.14230238349920746, 0.12574780744691375, 0.14335614826480506, 0.12909469463202514, 0.15299222048036573], [0.1431279838063965, 0.16227988742830585, 0.14286695669704602, 0.12465570147809966, 0.1425934989433244, 0.13431968086035187, 0.15015629078647574], [0.1431279838063965, 0.16227988742830585, 0.14286695669704602, 0.12465570147809966, 0.1425934989433244, 0.13431968086035187, 0.15015629078647574], [0.14335832522971903, 0.16278144986358448, 0.1426722206528577, 0.125635190362527, 0.142942333271646, 0.1299289575136918, 0.15268152310597397], [0.1437559372640164, 0.16268386716719435, 0.14268501086782454, 0.12572294012625415, 0.14302626384301534, 0.1295481653068361, 0.15257781542485918], [0.14390163801484543, 0.16512702212809863, 0.14164956379488153, 0.12477636679706317, 0.14414682852092556, 0.12761431816566463, 0.15278426257852099], [0.1427450407648374, 0.16023861525616717, 0.14357015094406508, 0.12480572928549652, 0.14198140424023029, 0.13513014652645297, 0.1515289129827505], [0.14330812824378594, 0.16268266977416113, 0.14264957061503294, 0.12551091134970085, 0.14282199575814958, 0.1297076215771251, 0.1533191026820446], [0.1434143645759458, 0.16122056825382527, 0.14220706491672105, 0.12547723000736602, 0.14431110880291417, 0.12988426530332606, 0.15348539813990167], [0.1438275262054262, 0.16388540970601803, 0.1424938504508775, 0.12437432950714733, 0.14302506480720914, 0.12902643514808626, 0.15336738417523554], [0.1431659505479749, 0.16003135057030668, 0.14377487808601014, 0.12443240424216188, 0.14170550046271585, 0.13558112809246314, 0.1513087879983675], [0.14252641712314054, 0.15860996536372268, 0.1448520016510156, 0.12434341055063058, 0.14027876208182666, 0.13683599460138848, 0.15255344862827552], [0.1439039670808321, 0.16155767411040287, 0.1422563558252789, 0.12524705137676348, 0.1443085541031601, 0.12934129425480265, 0.15338510324875984], [0.1427261846598448, 0.15941010913917814, 0.14451410473589588, 0.12431849418741518, 0.14048554916670464, 0.13704753003696876, 0.15149802807399246], [0.14351075369375352, 0.16192779120020506, 0.1432245225234531, 0.12433204303685058, 0.14221834054382837, 0.13029053567939727, 0.1544960133225121], [0.14600728832564025, 0.16091091086278958, 0.14455411337415863, 0.12315593446364811, 0.14112147091833196, 0.12964924944416728, 0.15460103261126412], [0.14546284424136027, 0.16128366401418692, 0.1447538457906409, 0.12299426808474857, 0.1404125963912839, 0.1297727805839979, 0.1553200008937816], [0.1460365384874324, 0.16082458471906522, 0.14486356407686243, 0.12294074895740817, 0.14052734589266377, 0.12965388855125823, 0.1551533293153097], [0.14498359458892454, 0.1629650871317722, 0.1454710354678823, 0.12349814675310844, 0.13826572286289368, 0.13092491722240826, 0.15389149597301074], [0.14366266635783914, 0.16381246549239484, 0.14141552451992495, 0.1261588235796585, 0.1448495760307451, 0.12801759747177854, 0.15208334654765882], [0.14353000253952017, 0.16404748088907897, 0.14157143342417225, 0.1259505402041368, 0.1445059677212847, 0.12807560409365928, 0.15231897112814782], [0.14409801459916374, 0.16337958676435635, 0.14035799662390186, 0.12721036237962863, 0.14742007449410033, 0.12720462943598082, 0.15032933570286813], [0.14368670218775426, 0.1649163392524592, 0.14055847595587262, 0.12609342978297136, 0.14629905393648435, 0.12725777704094196, 0.1511882218435163], [0.14458427970120774, 0.16285884439042572, 0.1422507923472374, 0.12418283907514883, 0.14438440353796747, 0.12988136748497348, 0.1518574734630393], [0.14345730512745394, 0.16666666666666669, 0.1400210195391054, 0.12386128732834979, 0.14697276410636176, 0.12786346846118274, 0.15115748877087978], [0.14244995818308276, 0.16112331731716747, 0.14302449247224536, 0.12491683979997634, 0.142544917563395, 0.13389042556097447, 0.15205004910315859], [0.14303628379511177, 0.16042709222133966, 0.14301045784867145, 0.12514984221708825, 0.14278536255904187, 0.13495674908931796, 0.15063421226942908], [0.14301923996306587, 0.16033285114200888, 0.14376514232359958, 0.12427249016440042, 0.14182547546155155, 0.13425321044850594, 0.15253159049686765], [0.14382356924524212, 0.16092917374382815, 0.14340068986966192, 0.123803087506511, 0.14257303157447584, 0.13275450770050298, 0.1527159403597779], [0.1428569595556646, 0.15828793250718606, 0.14500286263681444, 0.12419306736666838, 0.14030030972027022, 0.13596479222337982, 0.15339407599001662], [0.14298561470614451, 0.1582579197893677, 0.14511022773402102, 0.1240987888503058, 0.1402075186385349, 0.1359578132086656, 0.15338211707296048], [0.1430321457461082, 0.15825372866701728, 0.14503873060249564, 0.12409112681669374, 0.1403258635283918, 0.13564026571117205, 0.15361813892812123], [0.1427019617554572, 0.1593087523719095, 0.14542787755627792, 0.12335136307289793, 0.13913652631394743, 0.13722495188009867, 0.15284856704941138], [0.1444810535136774, 0.16666666666666666, 0.1372493796774829, 0.12799798154322342, 0.15230213945902307, 0.12416978106218124, 0.14713299807774521], [0.14299439364376393, 0.1617474763298589, 0.14002371550643822, 0.12769548998178484, 0.1482403783550407, 0.12810514958843905, 0.15119339659467454], [0.14412681838379374, 0.1625992351883732, 0.1402322865609976, 0.12814677282039014, 0.14769840246642116, 0.12638738637981012, 0.15080909820021396], [0.14428978474264362, 0.16330561922114945, 0.13997506632481085, 0.12750550264601074, 0.1481063923414534, 0.12587346730459922, 0.15094416741933264], [0.14402711467276158, 0.1626645856387103, 0.14038813733789493, 0.1281048219492911, 0.14728203714516752, 0.12646748714754924, 0.15106581610862524], [0.1439928301106383, 0.16291654007125397, 0.14050632462086743, 0.12780482733218185, 0.14698161888379682, 0.12667923827936553, 0.15111862070189633], [0.14360555355718008, 0.16342368276333397, 0.13965485522475832, 0.1275772842550436, 0.1485443149580293, 0.12590970286897213, 0.1512846063726824], [0.14359708851766834, 0.16384159618744584, 0.14029906616954943, 0.12723927337909188, 0.1469777952711287, 0.1265054712228559, 0.15153970925225982], [0.14557070881647902, 0.1619378200448485, 0.14050192281690005, 0.1267105574446997, 0.14813697279566151, 0.12681463917841107, 0.15032737890300016], [0.14374443415339166, 0.16209477745372647, 0.14036838928364467, 0.12830380701274235, 0.14726553836403217, 0.12628432527588937, 0.15193872845657333], [0.1437117978125226, 0.16142187906924862, 0.14016723903436648, 0.12868354508753718, 0.14781126035902026, 0.12601963085194642, 0.15218464778535837], [0.1447981344824487, 0.16258459199252323, 0.1405483114921195, 0.12752440481806013, 0.14733833348216027, 0.1263467710854245, 0.15085945264726366], [0.14397982184456348, 0.16423747703578215, 0.1403106741001153, 0.1268528652404539, 0.14708297741957238, 0.12649484610428854, 0.15104133825522417], [0.14379648686734497, 0.16393571856159245, 0.14030575016940944, 0.12719342573782894, 0.14692349120504322, 0.12618349098632178, 0.1516616364724591], [0.14440094331897027, 0.16666666666666666, 0.13637143586087844, 0.130828668831433, 0.15351925976551611, 0.12041850358979, 0.1477945219667455], [0.14407416093038408, 0.16490803931560297, 0.1404510016547752, 0.12579537137192648, 0.14662190092977712, 0.12659199447131608, 0.15155753132621816], [0.14509141117237345, 0.1628085126660969, 0.14111005721759518, 0.12638548233415237, 0.14635330507296687, 0.1271377637861525, 0.15111346775066278], [0.14402796412858127, 0.16420729438883627, 0.1400424310415241, 0.12685817321324952, 0.147506178987715, 0.12574772174382406, 0.1516102364962697], [0.1437965872894284, 0.1641133936386305, 0.14062203537421292, 0.1267301010399238, 0.14632069507322074, 0.12664758358313893, 0.1517696040014447], [0.1440192291977085, 0.16105338327643257, 0.14133516743144928, 0.1281512610184418, 0.14575271434058248, 0.12756836936175708, 0.15211987537362834], [0.1421476035088099, 0.1622518259061133, 0.14202369083129915, 0.12615635431994648, 0.14378175085091918, 0.13064218550623294, 0.1529965890766791], [0.14420507697434704, 0.1635840326268663, 0.14148672185926764, 0.1258912768256265, 0.14503962269626497, 0.12764953110804908, 0.15214373790957847], [0.14552733566792192, 0.16235572696265263, 0.142339938538916, 0.12462475512120792, 0.14433007558573147, 0.12854608644852183, 0.15227608167504836], [0.14516249860468727, 0.1636037902687631, 0.14147137688922118, 0.12538945817027394, 0.14539911479984913, 0.1270328649452452, 0.15194089632196023], [0.1442870832944295, 0.16199080100642835, 0.14187157427111988, 0.1270560458367019, 0.14469894375847023, 0.1278321265710304, 0.1522634252618198], [0.14370089202877293, 0.16371597302101393, 0.14126611114129084, 0.12525777575503366, 0.14531001984228809, 0.12770530762702356, 0.15304392058457714], [0.1425077396077928, 0.1618538130959384, 0.14273883530964934, 0.12547826368904608, 0.14281446944939266, 0.13122780602115866, 0.1533790728270221], [0.14273838419070842, 0.16666666666666666, 0.14329670362234528, 0.12458128299758522, 0.13988448700965528, 0.13042079502839188, 0.1524116804846472], [0.14507389351083036, 0.16173798254855623, 0.1431967104611905, 0.12572492043476458, 0.14233305102816754, 0.12764025695327214, 0.15429318506321854], [0.14508766129316042, 0.16189591861288138, 0.14352368402232618, 0.12410040335240573, 0.14214164449750002, 0.12845134544497447, 0.15479934277675172], [0.14533064458326464, 0.16199562771444642, 0.14410518304203673, 0.12398965681515095, 0.1409814348646876, 0.12890746415915563, 0.1546899888212581], [0.1430276572252311, 0.16666666666666666, 0.14461000249425737, 0.12245482694038153, 0.13750578975437236, 0.12940681869619158, 0.15632823822289937], [0.144469737875829, 0.16666666666666669, 0.14608273598127283, 0.12123979424486095, 0.13627274702392925, 0.13275257529354081, 0.15251574291390055], [0.13956627444791103, 0.16666666666666669, 0.14532677901640995, 0.12256402329122523, 0.13382722296511818, 0.1434415173337492, 0.1486075162789198], [0.1417440605054404, 0.16666666666666666, 0.14596607941603573, 0.12035665935104096, 0.13472598807691769, 0.13866112601826386, 0.1518794199656347], [0.14141491293204422, 0.14543961853716578, 0.15399559622152215, 0.12763158534094218, 0.12683456006509303, 0.15668561590555818, 0.1479981109976746], [0.14127332005370977, 0.146106468749824, 0.14735927038201527, 0.1339807742267072, 0.13459676506120288, 0.15034559568759007, 0.14633780583895067], [0.14001489105100473, 0.1483352470137801, 0.14821570505121917, 0.1308059381186283, 0.1303945429698699, 0.15828202393915597, 0.14395165185634193], [0.1496167032076341, 0.14969041929138271, 0.1583051337765684, 0.12019271435787919, 0.1265428201873496, 0.14726604225171522, 0.14838616692747086], [0.15057514210904466, 0.14916808469630544, 0.15655175675271782, 0.12216537621693371, 0.12883035539307125, 0.14475661977420884, 0.14795266505771823], [0.14138948724560502, 0.14573703907023644, 0.15172953328412422, 0.1276267422441018, 0.12832353628371637, 0.15982901474509545, 0.14536464712712074], [0.141136797026553, 0.1458581500627852, 0.15110993459914865, 0.12836067876097593, 0.12879337556169687, 0.15956819679314804, 0.14517286719569225], [0.1403330984252644, 0.1472890706415208, 0.1518569632588341, 0.12409392723403513, 0.12539870423978963, 0.16666666666666666, 0.14436156953388918], [0.14326817392954724, 0.164236293851955, 0.14005047923441197, 0.12684534643466258, 0.14742916170159548, 0.12725539396755012, 0.1509151508802776], [0.14233939259164957, 0.16381139320953983, 0.14047045361953325, 0.12709451641820918, 0.14641844196038817, 0.12863016540938751, 0.15123563679129237], [0.14303301792517628, 0.16388289957085656, 0.14008956968538955, 0.12687353028254783, 0.14746313844294326, 0.12762737386100229, 0.15103047023208424], [0.1426612384235878, 0.16392840419708443, 0.1400583896946026, 0.12704700358270946, 0.14726112034224892, 0.12764500727296646, 0.15139883648680036], [0.14385637884535624, 0.16090046705685496, 0.13916284204691065, 0.1289562682164185, 0.15060204817690548, 0.12571675567007976, 0.15080523998747444], [0.1434338213835174, 0.1638267185050217, 0.13972674678744487, 0.1274317661060398, 0.14803640254316358, 0.12604375652737035, 0.15150078814744242], [0.14398941668463974, 0.16313570630732505, 0.13965467462112588, 0.12759304828119913, 0.1488282786614928, 0.125802611358578, 0.1509962640856394], [0.14283587636711786, 0.16462243353736447, 0.14043570379155965, 0.12635942249775306, 0.14635904929647078, 0.12769263356346508, 0.15169488094626904], [0.14377646249540027, 0.16321907625401968, 0.14048911323966362, 0.12744086513456374, 0.14671899607036268, 0.1265471578169157, 0.1518083289890743], [0.14401382602526588, 0.16450146582826666, 0.14037912372789949, 0.12648269479215998, 0.14680383013768458, 0.12635320238382672, 0.15146585710489657], [0.14432385844128132, 0.163068617180501, 0.1398353030017781, 0.1273338009242947, 0.14846338092111167, 0.1254393288324461, 0.151535710698587], [0.14326073232318337, 0.16506725344330223, 0.14116595362081943, 0.1255149470653696, 0.1449906771545565, 0.12830754330492722, 0.15169289308784165], [0.14276543380913306, 0.16428396438669007, 0.14100958483753434, 0.12604202169342457, 0.14511941519100569, 0.12794451399255852, 0.15283506608965358], [0.14304800093379977, 0.16457927251215743, 0.14154229633114576, 0.12552730547253665, 0.14428861130178733, 0.12861186137665112, 0.15240265207192194], [0.1454000623777873, 0.16666666666666669, 0.14672383702032177, 0.11841352080459189, 0.13482472939206958, 0.13117684418716052, 0.15679433955140232], [0.14705794661115262, 0.16269873440662772, 0.14688028203899955, 0.11892068839432822, 0.13591211827477706, 0.1292301049744904, 0.15930012529962445], [0.147554984825362, 0.15854258692491596, 0.15253838530154645, 0.11846093360794865, 0.1299052944800257, 0.13749564931757366, 0.15550216554262752], [0.14710521889626937, 0.1549487240019534, 0.1572779446716185, 0.11754607554496034, 0.12655852269747817, 0.14327546723664455, 0.1532880469510757], [0.14248774611479292, 0.14909603953918274, 0.15333891927191404, 0.12431769494230728, 0.1263116034434348, 0.15836295346528714, 0.1460850432230811], [0.1429571684226155, 0.16345291194524805, 0.13989972312959964, 0.12758120621909014, 0.1479884700442259, 0.12769967912560773, 0.15042084111361323], [0.14298396046074238, 0.16129077100020528, 0.13956590892702686, 0.12836743604961665, 0.14934482222489914, 0.12756032140075324, 0.15088677993675648], [0.14343280530581215, 0.16417966800809192, 0.14017646755007074, 0.12692990152265443, 0.1472942468178198, 0.12737463221055703, 0.15061227858499387], [0.1425034880140962, 0.16381017485836646, 0.14039317177652177, 0.12678179482754345, 0.14652094355101028, 0.12828745447492387, 0.1517029724975379], [0.1432755947179671, 0.16361439139417783, 0.14126617710999184, 0.12656075031615846, 0.14523270327834475, 0.1288721533988034, 0.15117822978455656], [0.14356311581070222, 0.1634960356004912, 0.1406273366295041, 0.12724737226719512, 0.1464151397653953, 0.12702506260417284, 0.15162593732253937], [0.1442564724068246, 0.1615365043354853, 0.14098145478303517, 0.1283051497977112, 0.1465251777291129, 0.12730032735774002, 0.15109491359009086], [0.1439877737313931, 0.16249767062939202, 0.14071330083585049, 0.12782761712165222, 0.1466576960043186, 0.12688027218304657, 0.151435669494347], [0.14371309458481774, 0.1640578366162446, 0.13995602780304026, 0.1270879329324392, 0.14764166558358013, 0.1258266173141527, 0.15171682516572538], [0.14345872789758074, 0.16468937067634132, 0.14103633623437184, 0.1257677035525162, 0.145418068940157, 0.12802757000477816, 0.15160222269425472], [0.14357679032632248, 0.1634958023837543, 0.1410113449167793, 0.1268652754680215, 0.1455922358836623, 0.1272809479300173, 0.1521776030914428], [0.14374818913809057, 0.16350518245973703, 0.14054026261802005, 0.1270177806937655, 0.14652298927983137, 0.1262270014988178, 0.15243859431173754], [0.14436750694077452, 0.1627602356920699, 0.143202498972898, 0.12435834927638909, 0.1421947645597867, 0.12916592294061388, 0.15395072161746792], [0.14251415036820278, 0.16357113689812638, 0.1415362544546885, 0.12606960053207947, 0.14427191300487122, 0.1291684626575176, 0.15286848208451387], [0.14480840708403028, 0.16293025356839355, 0.14193615721848254, 0.1245041186060024, 0.14501339738910443, 0.12945306061732353, 0.1513546055166632], [0.14371803928557159, 0.16563107185644327, 0.14060767620621487, 0.12556037716115434, 0.14592297165085574, 0.12677207022966874, 0.15178779361009156], [0.14336316300520982, 0.16666666666666669, 0.14069204792916054, 0.1250910965705669, 0.14518980279379606, 0.12693953321660528, 0.15205768981799472], [0.14252058127227607, 0.16211457050198375, 0.14212361797841058, 0.12712831405539712, 0.1435679786017185, 0.12987196964682915, 0.1526729679433848], [0.1436335114896744, 0.16396013464886197, 0.14070670316518394, 0.1260963955901934, 0.14597388889627494, 0.12647929354054546, 0.15315007266926595], [0.14325539196052947, 0.16155103836983942, 0.1424231291739575, 0.12512505877602678, 0.14361006547375493, 0.13379737905489988, 0.150237937190992], [0.1449510000603219, 0.1608253478804853, 0.14333415374527897, 0.1244113548682098, 0.14330819846667242, 0.13208015615839405, 0.15108978882063748], [0.1441886862586693, 0.16478241427835333, 0.14089748119812548, 0.1255973211138177, 0.1458413123652655, 0.12684140958510612, 0.1518513752006627], [0.1427875207148876, 0.16366773080944164, 0.1420028517974199, 0.12551343161283207, 0.1436089904573078, 0.12930563884892396, 0.15311383575918705], [0.1441080218078981, 0.16411014517067835, 0.14214650866334502, 0.12492992484037485, 0.14369631180336181, 0.1284212275887283, 0.15258786012561357], [0.144209580426785, 0.16460430982673852, 0.1417745689289572, 0.12448283873345706, 0.1442855528769936, 0.1279126510402169, 0.15273049816685177], [0.14319702169489196, 0.16124162867393996, 0.1433541934009859, 0.1244702063188224, 0.1421762498441025, 0.13468734115983752, 0.15087335890741987], [0.14381224204929885, 0.16189452081347644, 0.1416694592208504, 0.1255989256831316, 0.14514530808364598, 0.12839284061602904, 0.15348670353356764], [0.14383399933025057, 0.16125395912484358, 0.1417308137129603, 0.12571600305490085, 0.14512138015259876, 0.12838076799901638, 0.15396307662542955], [0.1437219709299713, 0.1617816039848655, 0.14250381754291147, 0.12481913728259936, 0.1435583817496444, 0.12920106087738156, 0.15441402763262632], [0.14469945287680985, 0.16142189768439075, 0.14283996168268537, 0.1241944431960324, 0.1438824003514893, 0.13109513295007086, 0.15186671125852136], [0.14313077490986012, 0.16073953084197332, 0.1416850152853371, 0.1262943441156485, 0.14512388691341652, 0.13215869466000524, 0.15086775327375926], [0.1424246837328474, 0.15105178183076667, 0.13590989298358908, 0.14239210900128552, 0.15819076244518518, 0.1254208176197074, 0.14460995238661878], [0.14574596839430579, 0.1579394804985531, 0.151319052063068, 0.11934272670966704, 0.131242328180504, 0.13410904087977302, 0.160301403274129], [0.14209383653030533, 0.15334364134794679, 0.1529212631591939, 0.12289635352177992, 0.1295045321445398, 0.1456308544134136, 0.1536095188828206], [0.14207942385035763, 0.15204247030260634, 0.15252033390301642, 0.12509901294520825, 0.1298546818276512, 0.1467702901994986, 0.15163378697166163], [0.14748047328386488, 0.1472219284122104, 0.16122486183194779, 0.12144664467069799, 0.12523077611720218, 0.14738957163596142, 0.15000574404811534], [0.15119959879426556, 0.14832002580840628, 0.15739657195589524, 0.12460453486296368, 0.12846630978763882, 0.1380160515673872, 0.1519969072234432], [0.1483000989100826, 0.14817202924846637, 0.16666666666666669, 0.11841686105034994, 0.12297626000566844, 0.1448856293637618, 0.1505824547550042], [0.14540523752388057, 0.14811092453937333, 0.15967059455014904, 0.12089313314588805, 0.12424996426731277, 0.152789596034524, 0.14888054993887223], [0.13915524430965256, 0.14261758949005535, 0.13765841020733752, 0.16666666666666669, 0.14296259612870327, 0.12902317910911482, 0.14191631408846983], [0.1393905421630379, 0.14280622417211974, 0.13783687088712301, 0.16582875235736472, 0.143040448507143, 0.12904133326209852, 0.14205582865111296], [0.14465283877988908, 0.14769411191725096, 0.1587773211079668, 0.12138750065387138, 0.12437118772237572, 0.1548916302024173, 0.1482254096162287], [0.14584931885024108, 0.15635612279441183, 0.1485531497187599, 0.12030507611255822, 0.13254660758214873, 0.12972305827521355, 0.16666666666666666], [0.14821730007051853, 0.14932634222418245, 0.16212997104730956, 0.11838514154255782, 0.12480353143652761, 0.14558989650057277, 0.15154781717833132], [0.14785551576796394, 0.16666666666666669, 0.14620915061457257, 0.11748851926681429, 0.13658816808506283, 0.1301878951995885, 0.1550040843993312], [0.14771455693643495, 0.16287616390646512, 0.14795704525284423, 0.1180342403679402, 0.13567182441933992, 0.13304299630742877, 0.15470317280954682], [0.1501683689554309, 0.16304661255159167, 0.14556975902965885, 0.11954656775851781, 0.13898345608226328, 0.12919013822864953, 0.15349509739388784], [0.15019108089818115, 0.163718067068168, 0.14652288335312816, 0.11825324529508739, 0.1373793327127138, 0.12914039894910664, 0.15479499172361474], [0.1532221815497661, 0.1522855248413753, 0.14450751672500103, 0.12818868082777882, 0.14403282139488732, 0.12913451622315494, 0.14862875843803652], [0.15581994167546814, 0.15470484568249535, 0.1516362248538442, 0.11981864219084519, 0.13263248862141316, 0.1344528138108191, 0.15093504316511483], [0.1532862103625237, 0.14979002913446116, 0.15950001434225236, 0.11896694392255956, 0.12641611216018425, 0.14137628270333275, 0.15066440737468645], [0.15102084273819263, 0.14924641864143778, 0.15675610161542605, 0.12126718788618704, 0.1284192292313906, 0.14562508804942875, 0.14766513183793728], [0.16666666666666663, 0.1454178566069227, 0.14162858717263654, 0.13201413259862843, 0.14169406475265012, 0.13108136735387563, 0.14149732484861974], [0.1433881144800674, 0.15649764379261674, 0.13585263999466346, 0.13819301037758303, 0.15846749017570333, 0.12273947292258351, 0.1448616282567826], [0.14193396956259982, 0.15563374964475965, 0.13381875865176301, 0.13702391597918845, 0.16666666666666666, 0.12103494518983578, 0.14388799430518667], [0.14396279150540242, 0.1631154792619029, 0.14220416711301564, 0.12473846794657252, 0.14390420647323582, 0.12872440165538954, 0.15335048604448115], [0.14354552094895492, 0.16666666666666666, 0.14217885456217777, 0.1268000237817305, 0.13974661381334194, 0.1312977271732064, 0.14976459305392173], [0.1462435026625586, 0.16666666666666669, 0.13931529766930553, 0.1277474790311075, 0.14623587427544868, 0.12838040839317633, 0.14541077130173685], [0.15388264273828103, 0.15715620930463636, 0.14579376840108968, 0.12100454389806845, 0.14101040332745465, 0.1272480629441312, 0.15390436938633856], [0.1651359181283705, 0.1491376864624231, 0.14807392374713924, 0.12381196141740218, 0.13632301196781485, 0.12898698214625223, 0.14853051613059792], [0.16219785458788782, 0.1490093198293618, 0.15028665176360842, 0.12362763090535842, 0.1342815872298537, 0.13023671091550948, 0.15036024476842028], [0.16051609005305914, 0.1487152319672227, 0.1468624116837556, 0.12593606649723943, 0.13973911958462934, 0.12984070176326432, 0.14839037845082959], [0.16068769840931002, 0.14863099633386634, 0.14724900718457684, 0.125676774356929, 0.13927530701217067, 0.1299306402280289, 0.1485495764751184], [0.16255743765153868, 0.14897574548277084, 0.1503972381426695, 0.12320356365773116, 0.1342009787133793, 0.13011835877550387, 0.1505466775764066], [0.16053728867613712, 0.14905867434965148, 0.1522880182972218, 0.12211987975078203, 0.13263433219679083, 0.13171420417337762, 0.15164760255603926], [0.16666666666666669, 0.14916913557188644, 0.14890367421336617, 0.12241036569298752, 0.13485122357698845, 0.12920992166211667, 0.14878901261598815], [0.16359118137650075, 0.14921039975048103, 0.14984786360125088, 0.12291428711702068, 0.134470020053001, 0.1297669971473423, 0.15019925095440337], [0.16398867425960323, 0.14927555994515662, 0.1480344194618681, 0.12446655340288665, 0.13649764997943714, 0.12923085218981464, 0.14850629076123367], [0.16235542070740536, 0.14892958968522302, 0.14674586051581145, 0.12639470487206664, 0.1390070426614957, 0.12905127986080653, 0.14751610169719123], [0.1465119090152052, 0.1488083149507563, 0.14798410982245422, 0.1373243571195978, 0.13600331548479946, 0.1357364197352269, 0.14763157387196005], [0.16262508877885298, 0.148774618989424, 0.14730932723152002, 0.1260504361941053, 0.13820339748377133, 0.1290634922327428, 0.14797363908958366], [0.1596637838707592, 0.1483851970066947, 0.14609067688721333, 0.1271940059867505, 0.1411679289621354, 0.12960320218260393, 0.14789520510384302], [0.16462415005020925, 0.14920538054771057, 0.14786234655130975, 0.1241632080115394, 0.13681402288748615, 0.12914032762369057, 0.14819056432805433], [0.16028831232418234, 0.1489527079549635, 0.14700183382006046, 0.12579944288839834, 0.1395538761321211, 0.13041165630389115, 0.1479921705763831], [0.16136226910125662, 0.14906725066870508, 0.14737888423988205, 0.12515974127527468, 0.13872901085064718, 0.13023243278817004, 0.14807041107606442], [0.15041786040050367, 0.1476183174328415, 0.14098905892531619, 0.1386006232458961, 0.14937546913874553, 0.12774421341461578, 0.14525445744208126], [0.16146995083387897, 0.14956515024051362, 0.15138294244256775, 0.12219966481945373, 0.1329817509812176, 0.13156659472921137, 0.1508339459531568], [0.15987400726932288, 0.1487960712430412, 0.1495953649863146, 0.12433922922249216, 0.13558236664097037, 0.13062287434926292, 0.1511900862885959], [0.1602862188698586, 0.1486014154598673, 0.14635598700967314, 0.12665410165884405, 0.14053407464338674, 0.12969752238813528, 0.1478706799702349], [0.16005777029366064, 0.14841380601034698, 0.1472292910384341, 0.12610519528256403, 0.13955833659698433, 0.1299700341425204, 0.14866556663548935], [0.1601825435040814, 0.14846524133787362, 0.14754458160062445, 0.12588044431783083, 0.1391111174933202, 0.1302973340697677, 0.14851873767650176], [0.1600257261802836, 0.14845617007642786, 0.1478490596209425, 0.12547253060498953, 0.13870157517844947, 0.1303797753615091, 0.14911516297739802]]