[[0.16666666666666663, 0.1429945615050756, 0.1496526132908531, 0.12306944164412074, 0.14478176746611982, 0.12777941654316013, 0.14505553288400377], [0.16666666666666666, 0.1403794786286342, 0.15373155078586778, 0.12431292820431988, 0.1477503307514086, 0.12293393003766989, 0.14422511492543297], [0.16393334125162812, 0.14193472230353876, 0.15444568572103207, 0.1251632539704693, 0.14747900221322044, 0.12404055787353807, 0.1430034366665733], [0.16417857772332903, 0.14380480650968644, 0.1531650340099504, 0.12483161272021649, 0.14588492879036405, 0.12541856988789252, 0.14271647035856122], [0.16373169222324715, 0.1436981005327709, 0.15393974617342035, 0.12513977302745924, 0.1458179297734816, 0.1255746178055908, 0.14209814046402988], [0.16289491175641227, 0.14485801899731926, 0.1532188549661627, 0.12645509868455274, 0.14584580951209997, 0.12582028762764297, 0.14090701845581008], [0.1639682442569318, 0.14394076198627134, 0.15395176856210954, 0.12485200040799682, 0.14528591197792962, 0.1258901811467215, 0.14211113166203937], [0.16376756453272812, 0.14476219196976495, 0.15377532112895945, 0.12491459791072124, 0.1445660912416581, 0.12673130387862175, 0.14148292933754633], [0.16666666666666669, 0.1405609168042985, 0.15274080430072898, 0.12350960312310398, 0.14667264704559224, 0.12358867794979633, 0.1462606841098133], [0.16524611374481896, 0.14534437640124373, 0.15366225363916725, 0.12428858006193058, 0.14408226839761049, 0.12630459324655421, 0.1410718145086748], [0.16261734689793578, 0.14540715733829643, 0.15365105328007336, 0.12655425897729228, 0.1451346086911597, 0.12628169633062838, 0.14035387848461406], [0.16461503238305558, 0.14655613151713218, 0.15306018821789172, 0.12447466338195858, 0.14326383040899188, 0.12748754496156575, 0.1405426091294044], [0.16281428109053406, 0.1449129318404967, 0.15392277882035735, 0.12636575881074846, 0.14521329574044217, 0.12610926569249079, 0.14066168800493045], [0.16406928674063231, 0.14601930515162292, 0.15372579028141617, 0.12473071691754808, 0.14372256677813186, 0.12716574520642918, 0.1405665889242195], [0.16335373134669365, 0.1472158363704454, 0.15321675960543338, 0.12518305051575584, 0.14305273869671742, 0.1281577307816563, 0.13982015268329798], [0.16400211193408498, 0.14621876437342962, 0.153632598046058, 0.12488680398615797, 0.14356617004458652, 0.12731549160157163, 0.14037806001411127], [0.16358770932094552, 0.14758206219702583, 0.152799002541461, 0.12463482736436193, 0.1425157841625694, 0.12869108155990838, 0.14018953285372807], [0.16432946143728316, 0.1420950755859502, 0.14986014284424867, 0.1224606790601694, 0.1432727063917348, 0.12911955902934122, 0.14886237565127258], [0.16666666666666666, 0.14341622392269507, 0.15275746423669062, 0.12091166015318919, 0.14316207144367332, 0.12732093617286336, 0.14576497740422173], [0.1640804223809447, 0.14533304326709306, 0.15391768243852208, 0.12448545394798384, 0.14455699601569483, 0.1259967361381942, 0.1416296658115675], [0.16432624081480765, 0.1462484439328771, 0.1534016336965921, 0.12439047849793879, 0.14374857556639498, 0.12682653561990342, 0.1410580918714859], [0.16666666666666666, 0.14116058298466322, 0.15060066501979208, 0.12148520775055541, 0.1425563948229403, 0.1291323288559523, 0.14839815389942998], [0.16442445544704298, 0.1470465838701291, 0.15291893777332496, 0.12413258304507771, 0.1428449648265275, 0.12781291854555143, 0.14081955649234637], [0.16470658150618406, 0.14670772082866912, 0.15338691907828897, 0.12435859913633326, 0.14303739547723276, 0.12737295334276597, 0.14042983063052597], [0.1646676544225888, 0.1443921346650002, 0.1543720548081559, 0.12348047597962593, 0.14423817739730038, 0.1261634480095659, 0.1426860547177629], [0.16550890863169773, 0.14588618039860496, 0.15355208367455397, 0.12407966034621144, 0.14327525514846431, 0.12681189309980143, 0.14088601870066625], [0.16494987460044555, 0.1445688853896458, 0.15400450091568652, 0.12396127382614121, 0.14456587223220485, 0.12556643004311113, 0.14238316299276504], [0.16501713515092586, 0.14598657592726497, 0.15386915987273053, 0.12426820718917482, 0.14353082876746845, 0.12668311790208828, 0.14064497519034724], [0.16398127284093866, 0.14741030328065471, 0.1532753472133255, 0.12490042909369815, 0.1428521283877544, 0.12787459159494804, 0.13970592758868064], [0.16666666666666663, 0.14521786222095673, 0.15381975811080895, 0.12350743463256326, 0.1435180756488762, 0.12597709879076494, 0.14129310392936315], [0.16362308119883132, 0.14771641068887834, 0.1531405887121151, 0.12460520786823057, 0.14245098724413624, 0.1284138155727106, 0.14004990871509798], [0.16388957989311606, 0.14682312221874408, 0.1537789767163212, 0.12437174785793911, 0.14275479994312965, 0.1280143480262488, 0.14036742534450092], [0.16461521474527935, 0.14644526251635565, 0.15369352455810228, 0.1240965892470874, 0.14315128105999425, 0.12717800080561742, 0.14082012706756358], [0.16314551093360327, 0.1476745506426735, 0.1535194272367743, 0.12520997413414992, 0.14257439446639333, 0.12840860237705617, 0.1394675402093494], [0.16392877376927772, 0.14777876581029908, 0.15323903298925717, 0.12414124131330173, 0.1422916961361793, 0.12833208564064005, 0.14028840434104495], [0.16508449058752428, 0.14501761899283525, 0.15423903936005612, 0.1232607013400734, 0.1435885608055057, 0.12636253045134388, 0.14244705846266137], [0.16666666666666669, 0.14226585912536877, 0.1522849263791929, 0.12227400611230685, 0.1443924453963666, 0.1254737758779886, 0.14664232044210973], [0.1643270160137544, 0.14733643389490353, 0.15342607223501983, 0.12430291973041842, 0.14253302947933003, 0.12776798900257905, 0.1403065396439948], [0.16537703067539852, 0.1441894204994418, 0.14998899976038968, 0.12117970163805848, 0.14060167783709582, 0.13164328156831262, 0.14701988802130303], [0.16537703067539852, 0.1441894204994418, 0.14998899976038968, 0.12117970163805848, 0.14060167783709582, 0.13164328156831262, 0.14701988802130303], [0.16402330435244106, 0.14761691865205973, 0.15329364736825216, 0.12406966588133143, 0.14203714954258276, 0.12852725842210386, 0.140432055781229], [0.1636696906678345, 0.1475715030832627, 0.1537218026825683, 0.12439293698707679, 0.14225833643084293, 0.12834241957967554, 0.14004331056873923], [0.1653522709692241, 0.1453394437265328, 0.15441562450202842, 0.12329703284785432, 0.14335155225879842, 0.12623520497923008, 0.14200887071633184], [0.16466902719326632, 0.1463171273990131, 0.14999412995723277, 0.1212471311150452, 0.13988291014995363, 0.13244922703696618, 0.14544044714852294], [0.16352940783306716, 0.14780054564687353, 0.153372380660182, 0.12421685700386914, 0.1420722512867761, 0.12854552377215062, 0.14046303379708144], [0.16371242319964213, 0.145174929636192, 0.15261228136403215, 0.12300138675851097, 0.1429673454135486, 0.1276733231910226, 0.14485831043705147], [0.16404907065366894, 0.14652688732412195, 0.1542296067935568, 0.12298488071359732, 0.14224835684100445, 0.12778982403162864, 0.14217137364242197], [0.16475433874098752, 0.14553997826580253, 0.1498244093784277, 0.12075161049426385, 0.13953008886015789, 0.1328719661593407, 0.14672760810101987], [0.1644359573209306, 0.1493428604732835, 0.14991901903850957, 0.12080618791310542, 0.13807335772450494, 0.1343428563552999, 0.14307976117436624], [0.16368549543202246, 0.14476094122226588, 0.15334234891590848, 0.12291029048229866, 0.14304718161703803, 0.12723551731764599, 0.1450182250128204], [0.16666666666666666, 0.1470312997975073, 0.1492012660730429, 0.12016277935649558, 0.13791634129030933, 0.13414094214509747, 0.14488070467088077], [0.16178738616788893, 0.14764530526112812, 0.15362482546514533, 0.12312263089944406, 0.14151990272114254, 0.12925134528260562, 0.14304860420264545], [0.1648004327300751, 0.14686976123819037, 0.1562860037955066, 0.12142369014869311, 0.14010446849458524, 0.128175516245682, 0.1423401273472677], [0.1655075998246964, 0.14810254255061034, 0.15587537849400646, 0.12144323809558424, 0.1394801802278262, 0.12846249020405243, 0.14112857060322384], [0.16666666666666666, 0.1476198021885089, 0.15637670849343088, 0.12101229755896804, 0.1393745190946975, 0.12802150786135677, 0.14092849813637126], [0.16666666666666663, 0.15049743418526473, 0.1542595243837388, 0.12290297054939808, 0.13787415127441277, 0.13043213593662875, 0.1373671170038901], [0.16437403014923765, 0.14532700842400606, 0.1536929043960213, 0.12466549427655921, 0.1440452848547125, 0.12659279222005806, 0.14130248567940523], [0.1653138596201924, 0.14585430057758025, 0.15365856132899056, 0.12429814047691781, 0.14360661073245057, 0.12650944673025166, 0.1407590805336167], [0.16345183708248412, 0.14291252053471468, 0.15353255274918115, 0.12535394356348512, 0.14651452247899358, 0.12534794088488235, 0.14288668270625887], [0.16414429578615888, 0.14369329426651775, 0.15365606948693303, 0.1244605029540595, 0.14547933079328682, 0.1256717110006125, 0.14289479571243166], [0.16666666666666669, 0.14455975187261655, 0.15405371914932098, 0.1210967567066044, 0.1427657899790876, 0.12720923388350577, 0.14364808174219812], [0.16666666666666669, 0.1415507589255145, 0.15269492191560768, 0.12066488519515159, 0.1455021631415338, 0.12496592082964249, 0.14795468332588335], [0.16310257438798983, 0.14665293234509832, 0.1505078899954732, 0.12210015011359285, 0.14091752202631497, 0.13167914692320654, 0.14503978420832425], [0.16382277284875482, 0.14433965987870545, 0.14942199636471845, 0.1215774451300736, 0.14073044862091538, 0.13222820665658994, 0.14787947050024236], [0.16354435803181824, 0.1474058005243755, 0.1512216458735672, 0.12131062792026283, 0.1400899496794692, 0.13198864960323406, 0.144438968367273], [0.1632379477132172, 0.1461682998706024, 0.15233951334844936, 0.12105746986370727, 0.1410297187927498, 0.13058227141535358, 0.14558477899592048], [0.16666666666666669, 0.1496799700623942, 0.15061298262228104, 0.12020522674070105, 0.13782477595052914, 0.1330821972887355, 0.14192818066869245], [0.1660961124257633, 0.14987491508656647, 0.15085950384378438, 0.1203007982674518, 0.13784678091337255, 0.1332179083267054, 0.14180398113635612], [0.1659905456163076, 0.14952488413149462, 0.15095468384707614, 0.12033571878331484, 0.1380024528550403, 0.13290355830110326, 0.1422881564656633], [0.16382324112345228, 0.14984480503102066, 0.1501658527716165, 0.12038603952063089, 0.13725183968331095, 0.13520940072306376, 0.1433188211469049], [0.16666666666666666, 0.13595682114618146, 0.1508555453623443, 0.1253428670480597, 0.1513158254873058, 0.12125181018710283, 0.14861046410233922], [0.16666666666666669, 0.14171937897682943, 0.1513612190485273, 0.12412036636386936, 0.1465499942266351, 0.12456760717436809, 0.14501476754310408], [0.16256541134861488, 0.14341851448651563, 0.15364341679767582, 0.12678006777537407, 0.14702539899239478, 0.12495825742640872, 0.14160893317301623], [0.16318355402443144, 0.14264555681681296, 0.1539640486921244, 0.12595789241715094, 0.14737290877132783, 0.12426136066325036, 0.14261467861490193], [0.16278429171013295, 0.14378948395630498, 0.1536193027119959, 0.12679038928666286, 0.14662128581486292, 0.12509724371241152, 0.14129800280762886], [0.1631009988578604, 0.14398561884718253, 0.15364651499732415, 0.12644442738917686, 0.14629252288781538, 0.12527943589660157, 0.14125048112403926], [0.16358742662818077, 0.14218214790785175, 0.15317131623161861, 0.12566873615095528, 0.14765948695970166, 0.12391973471942785, 0.14381115140226425], [0.16367102570016476, 0.1440069847598426, 0.15352507551609335, 0.12581401230579864, 0.146266062142528, 0.12505368393107408, 0.14166315564449874], [0.16501517369810156, 0.14117050002550252, 0.15451986754603766, 0.12398229170799262, 0.14687173626777306, 0.12409348030554614, 0.14434695044904663], [0.16194002389095632, 0.14437038376905115, 0.15339703780375488, 0.1272419409722664, 0.1467285241925827, 0.1251665609239979, 0.14115552844739074], [0.16093454658593426, 0.1441145679801442, 0.153211727343164, 0.1277388881832711, 0.14734231812861, 0.1250087212314632, 0.14164923054741324], [0.16259196949922639, 0.14323678064170503, 0.15442869587915534, 0.1261654524610649, 0.1466672868257492, 0.12494693330022298, 0.14196288139287613], [0.1636949264648404, 0.14306358725816712, 0.15386213187822292, 0.1252618442345206, 0.14630038294605693, 0.1248895181006369, 0.14292760911755512], [0.1636656313584104, 0.14380411371607107, 0.15378870818711274, 0.1258812551566756, 0.1462671880130658, 0.12483774812585643, 0.1417553554428081], [0.16666666666666666, 0.1357581551701689, 0.15141801538954816, 0.12940620967885633, 0.1529974212028494, 0.11858285073995685, 0.14517068115195375], [0.1638084293394265, 0.1435711583681833, 0.1542529589538092, 0.12432988515977116, 0.14590317333376, 0.12515507207540444, 0.14297932276964542], [0.1636676595018091, 0.14388787884302826, 0.15483272155452923, 0.12478267530932206, 0.14554502698482685, 0.12556489038953833, 0.14171914741694608], [0.1630928654596669, 0.14287056496514214, 0.15406310409496465, 0.12552559469505278, 0.1468647868609564, 0.12437797116395691, 0.1432051127602602], [0.16424391036161573, 0.14430338129022338, 0.15387532710385324, 0.12529331494796891, 0.14558871402893192, 0.12520782878487718, 0.14148752348252955], [0.16237174623355338, 0.14578423016109068, 0.15339906900061995, 0.12703136651868693, 0.14514460909583876, 0.12643152639296007, 0.13983745259725014], [0.1618868713838101, 0.14720589934203968, 0.15177692760377234, 0.12453517150438928, 0.14286591905139057, 0.12920052123821138, 0.14252868987638656], [0.1642883603096062, 0.14545616977849687, 0.15435541771318967, 0.12444329470508814, 0.14427162089146753, 0.12626398666803895, 0.1409211499341127], [0.16666666666666669, 0.1452709440920718, 0.1553298060092101, 0.12230044209745931, 0.14309518336396776, 0.1264385666470475, 0.140898391123577], [0.16396420812618656, 0.1444232592603452, 0.15543251405191813, 0.12397769686440575, 0.14467172290757177, 0.12567731136706067, 0.14185328742251194], [0.16336788265367494, 0.14606109084061702, 0.15408591813576816, 0.1258422797336871, 0.144025799110199, 0.12664214147595726, 0.13997488805009642], [0.16256291888626925, 0.1446770115979516, 0.15392767180225153, 0.12382703985209688, 0.14457211740864925, 0.1263591374211085, 0.14407410303167303], [0.16165548969357835, 0.14782374342682827, 0.15218343524299238, 0.12392264637426366, 0.14191361172478126, 0.12988933933512892, 0.14261173420242723], [0.16666666666666669, 0.14979076251779402, 0.15239284090390773, 0.12407216952699038, 0.13956049879221408, 0.1299823230484381, 0.13753473854398912], [0.16666666666666666, 0.1471624921294891, 0.15500285062848246, 0.12439867823628722, 0.14154480258076355, 0.1263760590091053, 0.13884845074920568], [0.1639771933168232, 0.1474543366497016, 0.15589307306891828, 0.12289654324940683, 0.14144802721903127, 0.12737053879294521, 0.14096028770317368], [0.16666666666666669, 0.14816621360293789, 0.1556110599885462, 0.12259804033255679, 0.14014388809045836, 0.12767620806221056, 0.1391379232566237], [0.16666666666666666, 0.15149332259130885, 0.15341366626627034, 0.12291052323569751, 0.137806354120374, 0.12979086004776844, 0.1379186070719142], [0.16666666666666669, 0.15133531447419316, 0.15367504411624036, 0.12135557662411335, 0.13635021395359956, 0.13283901431036116, 0.13777816985482574], [0.16666666666666666, 0.14764703780030528, 0.14629531109299654, 0.12057942892357869, 0.13234946630432284, 0.1423963985602218, 0.1440656906519082], [0.16666666666666669, 0.14818721379951127, 0.1492610919462627, 0.11899511177026226, 0.13378690911357602, 0.13783774294560847, 0.1452652637581127], [0.14969853805327735, 0.15468309426762214, 0.1451070307937287, 0.12910102631269862, 0.12833400434556774, 0.15706134369787836, 0.13601496252922712], [0.14672834548500496, 0.14873657796870288, 0.14301497138711447, 0.1344496411991663, 0.13505679587420377, 0.1505797153816234, 0.1414339527041842], [0.1484990110847562, 0.14838053705249266, 0.1437449006246898, 0.13112630058953334, 0.13071858064682096, 0.1583569282975056, 0.13917374170420163], [0.1548641603039193, 0.1581214122651245, 0.15526652853511147, 0.11917157805749423, 0.1256612098633799, 0.14683976729862724, 0.14007534367634342], [0.1510964332064322, 0.15700555970792351, 0.15256519950780567, 0.12416191571044968, 0.13052787222872406, 0.14573960866022756, 0.13890341097843728], [0.147707098608814, 0.15278778987313615, 0.14463503984005874, 0.12879137841042568, 0.12946738574127944, 0.1600329950764711, 0.13657831244981483], [0.14739546311446505, 0.15243220029330193, 0.14431587320922037, 0.1294594891681137, 0.12987977402559125, 0.1597718169840952, 0.13674538320521243], [0.14836985885070345, 0.15215687370612033, 0.14500949471109686, 0.12495606531835941, 0.12623441936042396, 0.16666666666666669, 0.1366066213866294], [0.1630251944410445, 0.14312709520138647, 0.15291735958676853, 0.12510288842310452, 0.14658738788662698, 0.12553087836987079, 0.14370919609119817], [0.16310364475794456, 0.1446805930538172, 0.1518998213666438, 0.125226798778361, 0.14546277070618333, 0.12683492699271603, 0.14279144434433416], [0.163417148741328, 0.14326205034289238, 0.15253875800912195, 0.1248333050891459, 0.14647855854690164, 0.12562579881685726, 0.14384438045375283], [0.1632882895856983, 0.14375570542951502, 0.1522542294987461, 0.1251750450431302, 0.14634424282917627, 0.12580130334303152, 0.14338118427070257], [0.16666666666666663, 0.13990651617685776, 0.15201007920981524, 0.1255066426265437, 0.14913250870473657, 0.12197078992370106, 0.1448067966916788], [0.16252525939303664, 0.14291655259082542, 0.15323865558651573, 0.12606388363870477, 0.14738687848952203, 0.12462748260395862, 0.14324128769743674], [0.16383752317743042, 0.14166370716217944, 0.15342033662475774, 0.12550038952751857, 0.14787291132278582, 0.12361406249658771, 0.14409106968874047], [0.16345360733902592, 0.14423466335480467, 0.15275478478904975, 0.12469172981962034, 0.145518831477146, 0.1260801018465575, 0.14326628137379588], [0.16311695230041395, 0.14433531697706684, 0.15364453204460532, 0.12623446556915693, 0.14610550035585027, 0.12531327205422296, 0.14124996069868376], [0.16400962995206156, 0.14359804718695282, 0.1541014764687317, 0.12503050715081523, 0.14608601742819138, 0.12489633508374594, 0.1422779867295015], [0.1633413783436224, 0.14210052774828055, 0.15399441030631003, 0.12561161415760763, 0.14766635133200023, 0.12363419273814556, 0.14365152537403347], [0.1650164742175013, 0.14501251029630907, 0.15331954711676932, 0.1237284614748609, 0.14404967533741295, 0.1266422903868418, 0.1422310411703047], [0.16369329272588037, 0.1457672597096816, 0.1529263972144834, 0.12468899562571115, 0.14440177217028888, 0.12665485147364774, 0.14186743108030686], [0.16526061757867824, 0.1460815575653993, 0.15318826492739987, 0.12379381490872889, 0.14334566647509614, 0.12700834484253448, 0.14132173370216314], [0.16666666666666669, 0.14774530685822082, 0.15378144620840098, 0.11949264028693883, 0.13553683332342575, 0.13197052837455298, 0.14480657828179405], [0.16666666666666666, 0.14758933134408475, 0.15614178807082918, 0.1195602324116011, 0.1363240668438434, 0.12973155724175642, 0.14398635742121846], [0.16666666666666666, 0.15209165175579445, 0.15597364786280007, 0.11693667757861564, 0.1287429069454603, 0.1365732673464921, 0.14301518184417072], [0.16093839455044423, 0.15722885909315817, 0.15492465129252922, 0.11728926608454676, 0.12634883159694973, 0.14315317470785216, 0.14011682267451966], [0.15138534812317364, 0.15327270521642122, 0.14774392744771983, 0.12410729951082393, 0.12611111401963837, 0.1583216994926219, 0.13905790618960112], [0.16288625240390478, 0.14294304143086317, 0.15223120271729798, 0.12552616388734775, 0.14700640448071012, 0.1256508658835388, 0.14375606919633757], [0.16451156170441608, 0.14122420133784783, 0.15118126318935507, 0.12518891993274187, 0.14790725387574163, 0.12431482151218787, 0.14567197844770974], [0.16345163100002477, 0.14340316040049336, 0.15306705938053844, 0.1251542874090686, 0.14642860156528706, 0.1256188906276949, 0.1428763696168928], [0.1633314412405062, 0.1443539077679089, 0.1521007334047286, 0.12491469590353589, 0.14557787776646136, 0.12649083880378684, 0.14323050511307223], [0.1641391472843187, 0.14537345491756773, 0.15292155366402627, 0.12478768588017283, 0.14428511744402756, 0.12720127504846276, 0.14129176576142413], [0.16367003990054302, 0.14466717917256314, 0.1534213714026654, 0.12584433630742997, 0.1456943348672991, 0.12561411406108586, 0.14108862428841354], [0.16202208001329077, 0.14474128221784419, 0.15361991205233588, 0.1271241461660944, 0.14590509871444102, 0.1260883891060249, 0.14049909172996883], [0.1627626550213566, 0.1445496986563928, 0.15363724113351687, 0.1265845397540686, 0.14601729159508653, 0.12560687422146616, 0.14084169961811233], [0.16291430145068386, 0.1430435837394811, 0.1537004818974498, 0.12573536580220382, 0.146991503522043, 0.12443094587296077, 0.14318381771517785], [0.16467389163965265, 0.14465760876396172, 0.15354433655568078, 0.12398536419124241, 0.14449207450860801, 0.12634371355413088, 0.14230301078672355], [0.16390555739543672, 0.1452125675429819, 0.15361893905403295, 0.1255437651761895, 0.1448925096596405, 0.12597323905115138, 0.1408534221205669], [0.1631148393252781, 0.14442565539367835, 0.15385069003970703, 0.12588576540997012, 0.14594786717704833, 0.12507240867941652, 0.1417027739749016], [0.1636724592712675, 0.14748983565036855, 0.15482598465896563, 0.12325220755384493, 0.14155495202125598, 0.12818547418205947, 0.14101908666223795], [0.16342174144772306, 0.14657399895170609, 0.15248744344727155, 0.12460957228560823, 0.14346651064375998, 0.1278198815343449, 0.14162085168958602], [0.1654301057599553, 0.14413388166042937, 0.15429713070244166, 0.12175498359467044, 0.14360153393637629, 0.12702661269152538, 0.14375575165460153], [0.1645707598740238, 0.14391691725632658, 0.15403390575274276, 0.1240971176608501, 0.14518455888802956, 0.12535194333547625, 0.142844797232551], [0.16501137523508794, 0.14455751446503798, 0.15385291602346987, 0.12387520205752951, 0.14456170314585584, 0.12577769698756544, 0.1423635920854536], [0.16666666666666666, 0.14783340483981425, 0.15175531312037577, 0.12489787410168686, 0.14226493400487136, 0.12779630495931465, 0.1387855023072704], [0.1628885713956544, 0.1445918979781428, 0.15394630212117086, 0.12505399617251545, 0.14544221535982416, 0.12544673217890923, 0.1426302847937831], [0.16373968851162593, 0.14353471575635077, 0.14992725946431212, 0.12176063682868218, 0.14174272958996306, 0.13113532146373172, 0.1481596483853343], [0.16666666666666666, 0.14534139106649482, 0.15357396629111478, 0.12086265688087777, 0.1413465007401512, 0.12917550168998168, 0.14303331666471303], [0.16415616659170376, 0.14371680719749566, 0.15446176195711195, 0.12405726067483692, 0.14506038187183765, 0.12534800125152007, 0.14319962045549398], [0.16403018148435589, 0.14708100456414622, 0.15291285756463915, 0.12396796873727427, 0.14274308568623498, 0.12790258799740592, 0.14136231396594356], [0.1654101926633125, 0.14609614613456554, 0.15441949933553922, 0.12329235347497147, 0.14279505325438693, 0.12692064002125655, 0.14106611511596792], [0.16403123465266556, 0.1450170677837864, 0.15466520007271928, 0.12303014187527486, 0.14351480789537752, 0.12657806763466098, 0.14316348008551533], [0.16666666666666669, 0.14490662193057277, 0.15010244166346015, 0.12050099996436099, 0.1398725609262595, 0.1316792087011731, 0.14627150014750698], [0.16363580044994674, 0.14434884106680193, 0.1533487274562543, 0.12343506417671388, 0.1440113465291918, 0.12637619063940855, 0.14484402968168278], [0.16326014871955047, 0.14442725728779565, 0.15325202473207036, 0.12362471034357213, 0.14402109271702682, 0.12642556108004174, 0.14498920511994295], [0.1621611804489507, 0.14622244810131702, 0.15366095428265003, 0.1233452939192459, 0.142744522655339, 0.12788154607544971, 0.14398405451704757], [0.16666666666666669, 0.14477615350393877, 0.1538004752456928, 0.12063299601762342, 0.14197185848790145, 0.12811233318037568, 0.14403951689780134], [0.16666666666666666, 0.14216657234069252, 0.14970779073251772, 0.12200978448228413, 0.14283763438472943, 0.1284964960410833, 0.1481150553520262], [0.14999692874328435, 0.13394863373492708, 0.14721844318331717, 0.14075225751536713, 0.15761817841198894, 0.12263448191052655, 0.14783107650058874], [0.16666666666666669, 0.15501519476397924, 0.1530218597278183, 0.1204733333600361, 0.13208864386583732, 0.1348868685134894, 0.13784743310217307], [0.15677337184468906, 0.16666666666666666, 0.14626742103970214, 0.12197833138487357, 0.12872510746843396, 0.14518965717426274, 0.1343994444213718], [0.15478116044792356, 0.16256690474827, 0.14596317415598878, 0.1253756992606599, 0.1300997130367211, 0.14690272623094816, 0.13431062211948847], [0.1531838719670545, 0.16151900513011955, 0.1499405869916192, 0.12389090109247046, 0.12747049067497968, 0.14843154731934607, 0.1355635968244104], [0.15438538729347884, 0.15803797614467124, 0.1522697757914772, 0.12751484251024103, 0.13110941858850972, 0.13999840720765205, 0.13668419246396998], [0.15395619321172166, 0.16666666666666669, 0.1521729601624692, 0.1205639129453198, 0.12492042473784257, 0.14585485642733773, 0.1358649858486425], [0.15406590663572162, 0.15969887719615267, 0.15057421772581384, 0.12107817935801127, 0.12442143999806875, 0.15284569612464877, 0.1373156829615831], [0.14181584360269694, 0.14136636051138393, 0.14204069570296712, 0.16666666666666669, 0.1421723520404208, 0.1277682240389699, 0.13816985743689467], [0.14197933886626418, 0.1419135806538013, 0.14229783772272248, 0.1657997143782876, 0.14222168026202298, 0.12773742469765073, 0.13805042341925072], [0.15327202642370866, 0.158804203230412, 0.1497660122026369, 0.12154178469123751, 0.12451530515713624, 0.15493175241149962, 0.137168915883369], [0.16666666666666669, 0.15065555688997173, 0.1530752059574764, 0.12303446734927315, 0.13455531757566785, 0.13189799575667416, 0.14011478980427008], [0.15455513221702713, 0.1623718683339367, 0.15187838564332218, 0.12095951965862743, 0.12703568004677768, 0.14671371302736114, 0.13648570107294786], [0.16666666666666666, 0.14634239340284103, 0.15679533483135563, 0.117808823719454, 0.13678407373693846, 0.13042548676302684, 0.14517722087971738], [0.16666666666666666, 0.14855115067305985, 0.15640238069527782, 0.11739546188688726, 0.13526471254444378, 0.13260135523141975, 0.14311827230224486], [0.16666666666666666, 0.14486253694372492, 0.15746195707094168, 0.11796698201009376, 0.13805544434368475, 0.12793382952826898, 0.1470525834366192], [0.16666666666666669, 0.14630437382901773, 0.15894318882168532, 0.11772808110423984, 0.13706163859810125, 0.12873333306813609, 0.1445627179121532], [0.1531146984389465, 0.1441892953118446, 0.16666666666666669, 0.12543407439226548, 0.1424124835708881, 0.1264476213429696, 0.14173516027641914], [0.1564769020137104, 0.15082902307778967, 0.16666666666666669, 0.11730269428775235, 0.13080470143412978, 0.13272278620666603, 0.14519722631328513], [0.1556733981272215, 0.15956383547939068, 0.15738647242196613, 0.11939172391870137, 0.126774555132268, 0.1416015009768225, 0.1396085139436296], [0.15278570701154418, 0.15671488333596753, 0.15512388273370378, 0.12107837035721983, 0.12826015721515055, 0.1455375756156564, 0.14049942373075777], [0.14564883472463364, 0.14205487977647682, 0.16666666666666666, 0.13110178013038284, 0.14103657127901173, 0.13014445648907313, 0.1433468109337551], [0.15577879357597288, 0.13904257012055463, 0.14839677350003444, 0.13618020204333464, 0.15788788878530122, 0.11963425100199258, 0.14307952097280963], [0.15478557951690777, 0.13221024781225857, 0.14689440809418805, 0.13474509020803865, 0.16666666666666666, 0.117526946084771, 0.14717106161716928], [0.16288571343807914, 0.14544668620551107, 0.15413407977484544, 0.12320435147057891, 0.14307134776995564, 0.12733612704147393, 0.14392169429955584], [0.16666666666666666, 0.1406869463528411, 0.14943191440624534, 0.12437116768201274, 0.1381065225027634, 0.12914289149574085, 0.1515938908937298], [0.15286056075917415, 0.13731317363575007, 0.1479428235290438, 0.12489858905638174, 0.14474033741676398, 0.12557784893621962, 0.16666666666666669], [0.1590160326768822, 0.14497537442548383, 0.16666666666666666, 0.1192142028677179, 0.14000446102436798, 0.12570252061441464, 0.14442074172446678], [0.15141950275751667, 0.14831386324850127, 0.16515567245093488, 0.1243650017435676, 0.13671459708301037, 0.1294732387870522, 0.14455812392941692], [0.1517339269176905, 0.15099579099096838, 0.16239132266246026, 0.12549091788932773, 0.13568363297558284, 0.1318138713043752, 0.14189053725959513], [0.15030156295350347, 0.14674396497111986, 0.16047930424206422, 0.12569246199417114, 0.1395780693742597, 0.1296204503836385, 0.1475841860812432], [0.15047370294456192, 0.14730792031915996, 0.1607058385853667, 0.12580113759671174, 0.13935841233489135, 0.13004209724846044, 0.14631089097084798], [0.15165906194247528, 0.1510945978990984, 0.1627335723535581, 0.12506653130181583, 0.13559256196475208, 0.13168493617871604, 0.14216873835958438], [0.15237279266645812, 0.15298228616384163, 0.16083324348856817, 0.12427080534004542, 0.13427757123021086, 0.13340187125757258, 0.14186142985330322], [0.15154196870823308, 0.14925177176441948, 0.16666666666666666, 0.12327764692547794, 0.13547470398741532, 0.1299439534555091, 0.14384328849227834], [0.15164281585965353, 0.15040053977954226, 0.16369224370834143, 0.12435201712828266, 0.13552802159657273, 0.13097954290644515, 0.14340481902116226], [0.15136587675773108, 0.14819218222965172, 0.16401134932877753, 0.12482386975856284, 0.13675309676057806, 0.12954782832485548, 0.14530579683984332], [0.1510287586433715, 0.14674445126964217, 0.16235511571940403, 0.1263918559357606, 0.13900508595257147, 0.12904861885706193, 0.14542611362218835], [0.14878516144266943, 0.16666666666666666, 0.14635913311309603, 0.13586961056970814, 0.13448307372372334, 0.13420294569363628, 0.13363340879049998], [0.1511708020096921, 0.14755108472124895, 0.16267556481291617, 0.12655770001278227, 0.138558880660072, 0.12953312542213036, 0.1439528423611581], [0.1499000661666695, 0.14586698638501658, 0.15958765249694765, 0.12676488158568044, 0.14089072113380505, 0.129200269197486, 0.14778942303439468], [0.1513938909546909, 0.14800630603916662, 0.16463978686367767, 0.12448860005457, 0.13704256458871544, 0.12942761652946483, 0.14500123496971445], [0.15043837004511149, 0.14674256685396764, 0.16020421821608896, 0.12526063733615803, 0.13919641309142125, 0.12993365953596828, 0.14822413492128442], [0.1506911005068325, 0.14723799428901105, 0.16132352248457177, 0.12485654889422221, 0.13852493684834488, 0.12996629449878144, 0.1473996024782361], [0.14484298308425614, 0.14010924859670942, 0.16666666666666669, 0.13453784961571813, 0.14687243654888474, 0.12210989174256853, 0.14486092374519643], [0.15206570329527686, 0.151935658665843, 0.16165788337613227, 0.12380775673219653, 0.13419992261962296, 0.1328359436728, 0.1434971316381283], [0.15161394938055675, 0.15006290332729613, 0.16006004045911426, 0.1254984671207613, 0.13643368438678194, 0.13161001962841629, 0.14472093569707328], [0.15012281463271165, 0.1461043913674487, 0.16020718198442555, 0.1261584517268772, 0.1402103608935703, 0.12923957239560308, 0.1479572269993635], [0.15035760051612704, 0.14738666729579178, 0.16011127974865816, 0.12643360446091415, 0.13977782134694133, 0.13026715134572406, 0.14566587528584343], [0.1505004424666884, 0.14774082664323523, 0.16024908839298554, 0.12629902283137348, 0.13939391300976156, 0.13067058317939953, 0.14514612347655617], [0.15043031983053565, 0.14810440969031632, 0.16011584202815868, 0.1260315243960484, 0.1390810542500557, 0.13087217910815013, 0.14536467069673506]]