[[0.16140717390023204, 0.14266515135918198, 0.15041071176448048, 0.12814151269852736, 0.14639366758150707, 0.12803246297380505, 0.14294931972226593], [0.16317747231071986, 0.13987363477548723, 0.15034810689842298, 0.1281234804148383, 0.15091024844609627, 0.12241250756947943, 0.1451545495849559], [0.16318019628783154, 0.14060160200228222, 0.15054393353273882, 0.1273712448618337, 0.15084724354458112, 0.1223289858506381, 0.14512679392009453], [0.16503006015383517, 0.141889588785961, 0.1514107530075541, 0.12669194105088216, 0.14841111552626834, 0.12317850806232619, 0.14338803341317302], [0.1638398490358133, 0.14197896696725715, 0.15077418752855348, 0.12667008156621382, 0.14933213913823012, 0.12335358593872457, 0.1440511898252074], [0.1651329258937237, 0.14242800956535995, 0.15145523187513493, 0.12657961938809525, 0.14872056625232521, 0.12257232813758996, 0.14311131888777098], [0.1640699517466346, 0.14220423350456013, 0.15085517771767826, 0.12642805637410062, 0.14880600813755515, 0.1236361930567887, 0.14400037946268243], [0.16384937890884763, 0.14295824139246874, 0.15073554528828065, 0.12609286597412522, 0.14826124042402478, 0.12435104911137891, 0.143751678900874], [0.16299298894412112, 0.1401614094503291, 0.15156692659553542, 0.1284562712948433, 0.1484064693000614, 0.12335749411328277, 0.14505844030182696], [0.1652831556011931, 0.1432130631040214, 0.151825037067417, 0.12539361668061774, 0.1471349392573088, 0.12371248469699632, 0.1434377035924456], [0.16497914870581723, 0.1429023803212821, 0.1514536476850767, 0.1261906490879423, 0.14837635013444647, 0.12273409748708307, 0.1433637265783521], [0.16465318878663393, 0.14434419253036582, 0.15180213564932823, 0.12525935250417233, 0.14622508226789344, 0.12484399362555776, 0.14287205463604852], [0.16478023746474904, 0.14257443552219226, 0.15115923185535607, 0.1263005618210979, 0.14880334107742935, 0.12274456860730065, 0.14363762365187469], [0.16474323486605733, 0.14382140605830157, 0.15154700259293677, 0.1251882962854848, 0.14701213371283392, 0.12430142014083234, 0.14338650634355316], [0.16364598722615853, 0.1450078493433901, 0.15153167200189438, 0.12523021903844495, 0.14628769772546804, 0.12529159190015834, 0.14300498276448564], [0.16421772526652656, 0.14409050187758887, 0.1514188342497631, 0.1253710504636767, 0.14699574190848316, 0.12455556230357624, 0.14335058393038533], [0.16362225273574593, 0.14535659219910896, 0.15177822735232013, 0.12510639065570245, 0.1454785216897544, 0.12599445898367492, 0.14266355638369305], [0.158464340737294, 0.14228303436676806, 0.15131089914066015, 0.1290735852214676, 0.14471327147806837, 0.12931102644849418, 0.14484384260724756], [0.1617247954321117, 0.14267556990521285, 0.1521354036779834, 0.12620042602460133, 0.14524888327170957, 0.1269274832543247, 0.14508743843405641], [0.16415915915721105, 0.14303589216509405, 0.15280744024686427, 0.12576963762963062, 0.1469031439196615, 0.12333769352641953, 0.14398703335511892], [0.1643801787331094, 0.14385738079434499, 0.15282960746935165, 0.1253647839140845, 0.14618974711102678, 0.12407252385989577, 0.14330577811818695], [0.15776273782662234, 0.14218633050968654, 0.15015600763810655, 0.12875713439656353, 0.14554026858902383, 0.12998689281128517, 0.1456106282287121], [0.16447502992814947, 0.14466447681363356, 0.15248285605789133, 0.12509196599244504, 0.14536024814618367, 0.12511384872018605, 0.14281157434151084], [0.16473830418389757, 0.14439684359410246, 0.15217258784182802, 0.12504332713591493, 0.14595340656819167, 0.12457317118399334, 0.14312235949207203], [0.1647624118204082, 0.14250901178674033, 0.15181641351751254, 0.12552759253099266, 0.1471896971556251, 0.12388446467523527, 0.14431040851348598], [0.16553760550784993, 0.14369022911520787, 0.1518955533824301, 0.12513524710022994, 0.1463759256739024, 0.12412160757412824, 0.14324383164625154], [0.16502502341033093, 0.1424436066187334, 0.15253228914143513, 0.12583060879733457, 0.14704764991788974, 0.12311586189373862, 0.14400496022053752], [0.16504876433970997, 0.14375363461003915, 0.15201543058954922, 0.12508118279235206, 0.1466603147332489, 0.12392806418405575, 0.14351260875104496], [0.16375041862837802, 0.145107533217002, 0.15212207715118542, 0.12505984471101556, 0.1458732610465456, 0.1250078314799372, 0.14307903376593634], [0.16666666666666666, 0.14301576221880105, 0.15212259377765056, 0.12492903995281562, 0.14643624074850056, 0.1233523607566309, 0.14347733587893455], [0.16364455480793866, 0.14534407355496687, 0.15240137456001396, 0.12490196685011837, 0.1452863376714982, 0.12550486084341494, 0.14291683171204903], [0.16392403468687555, 0.14467613867437734, 0.15166124079304416, 0.12489649296799749, 0.1461208135786266, 0.1252481907633614, 0.14347308853571752], [0.1646563140241703, 0.14414945943872817, 0.15247523263611168, 0.12494944836897862, 0.1460907521945671, 0.12439094725772216, 0.14328784607972184], [0.16329086737365195, 0.14540646337780963, 0.15186893362555726, 0.1249588245073502, 0.14582682285295853, 0.12535356944491455, 0.14329451881775784], [0.16396276248509925, 0.14532321695793318, 0.15267338751799162, 0.12466915991775235, 0.14490373199742, 0.12544386570326066, 0.14302387542054296], [0.16515558289806365, 0.14290596096063762, 0.1524643201686045, 0.1252110723556268, 0.14626856077647207, 0.12388117092724242, 0.1441133319133527], [0.1615114520110161, 0.1416577391706545, 0.15283967914711397, 0.127826874218787, 0.14591906301849727, 0.1252599966976464, 0.14498519573628463], [0.1643572913509578, 0.1448800554916542, 0.1526925585720424, 0.12485111128290464, 0.1452694653497967, 0.12480844283655523, 0.14314107511608887], [0.15800664406095757, 0.14400785345568234, 0.15130959137524838, 0.12759029674343295, 0.14311503320983704, 0.13140128532234283, 0.14456929583249895], [0.15800664406095757, 0.14400785345568234, 0.15130959137524838, 0.12759029674343295, 0.14311503320983704, 0.13140128532234283, 0.14456929583249895], [0.16406283067863084, 0.14525422663711368, 0.15236503005928456, 0.12470662092101191, 0.14492297330844467, 0.12565745228801747, 0.14303086610749688], [0.16374124219612382, 0.14524967374611286, 0.15221289303286897, 0.12466243615970066, 0.1453889699390823, 0.1253773921102635, 0.14336739281584773], [0.16540326121652263, 0.14306730212150381, 0.1528515809153438, 0.12497950058414535, 0.14598067791645283, 0.12354975245705403, 0.14416792478897753], [0.15876949752117572, 0.14519854236501914, 0.15216686181655473, 0.1265698705670819, 0.14196911535371087, 0.1315092783025284, 0.14381683407392934], [0.16455620005054733, 0.14517571177884153, 0.15297375073844502, 0.12444605636152492, 0.14460762491349952, 0.1252600223983257, 0.14298063375881598], [0.1621544779677842, 0.14319301021298536, 0.1538220233944212, 0.12652913214947006, 0.14425474254616655, 0.12573976000422596, 0.14430685372494675], [0.16448413742422427, 0.14404957359106607, 0.1534128880372977, 0.12451903390587205, 0.14462032634400954, 0.12485920381682292, 0.1440548368807073], [0.15973700537035881, 0.14452319976241954, 0.15202967867093906, 0.12641485810199157, 0.14134475556206272, 0.13166816618210933, 0.14428233635011892], [0.1585349195353534, 0.14744446759272528, 0.15277156478168327, 0.12499750558399643, 0.14019631782685174, 0.13289351741286265, 0.1431617072665273], [0.1622800085356752, 0.1428553988873055, 0.15377082796443892, 0.12644996468060643, 0.14465882992767373, 0.12524901242871087, 0.14473595757558935], [0.15964695933852088, 0.14584660143431358, 0.15199312441420934, 0.1257007161370815, 0.1403045440143139, 0.13296240641797205, 0.1435456482435888], [0.16238214526946182, 0.1448283836421391, 0.15465150708868622, 0.12487291540266539, 0.14302346743070868, 0.12609241293770077, 0.14414916822863805], [0.1628807438258582, 0.14443679262138426, 0.15472385999929167, 0.12359887095278102, 0.1428685134318314, 0.12521418656231595, 0.14627703260653757], [0.1634888602381494, 0.14534148448602824, 0.15529963686378445, 0.12291588858079824, 0.1420673517751801, 0.12518940000588977, 0.14569737805016986], [0.16361468783273406, 0.14509018894315046, 0.15509805988008302, 0.12273084398348023, 0.1423355175600853, 0.12500354158446106, 0.14612716021600586], [0.16057099162901337, 0.14859896236503006, 0.15369533708332075, 0.1228353071606788, 0.14151460089802834, 0.12778183560878045, 0.14500296525514814], [0.16453477334864314, 0.14320356535514453, 0.15192228013403425, 0.12571143211074415, 0.14726034445139635, 0.12390313233269301, 0.1434644722673446], [0.16534352819891382, 0.14360782845870565, 0.15206412366039015, 0.1252273298671166, 0.14666073095840396, 0.123776691883746, 0.14331976697272383], [0.1639836478797148, 0.14135801728072822, 0.15033882724096065, 0.127233285402732, 0.1498448750989518, 0.12330293015139386, 0.14393841694551865], [0.16495482237605696, 0.1418609659502201, 0.15129761158572155, 0.1263801702128951, 0.14830592001756637, 0.12340364651681149, 0.1437968633407284], [0.16273240622985774, 0.14332300727375952, 0.15215522955586055, 0.12503702595338095, 0.14561531053686408, 0.12618667967862507, 0.14495034077165195], [0.16042838983864885, 0.14167234205435764, 0.15242748796339606, 0.1273664890585965, 0.14673734825152232, 0.12591193091471395, 0.14545601191876464], [0.15949827778473114, 0.14508638215451183, 0.1525886898219376, 0.12645537336662835, 0.1425333553152431, 0.13032927088450696, 0.14350865067244117], [0.15936885157615271, 0.14369447964283477, 0.15154532347151065, 0.1275092092169022, 0.14219176461618335, 0.1313120678532648, 0.14437830362315154], [0.15949034114955618, 0.145666025105437, 0.15294957945134163, 0.12552613020843698, 0.14199786739171624, 0.13049512132544666, 0.14387493536806545], [0.15997936383440414, 0.1445240405700724, 0.15328492375827965, 0.12555128788016842, 0.14267826942000664, 0.12908146827390815, 0.1449006462631604], [0.15899742837951703, 0.14774267972988697, 0.1534365479809816, 0.12432898192695797, 0.14039532987515227, 0.13186717431870087, 0.14323185778880335], [0.15922813702872193, 0.14785510219728115, 0.15337768483495054, 0.1240845865648064, 0.14037172067261186, 0.13182506447711656, 0.14325770422451148], [0.15915168981555425, 0.14747368763257337, 0.1536939311007252, 0.12433842618484271, 0.14042537285463239, 0.13145328137645304, 0.14346361103521896], [0.1594559570830382, 0.14757088536166013, 0.15312501622794492, 0.1242179424454677, 0.13907695098988482, 0.13309844129061868, 0.1434548066013856], [0.16666666666666666, 0.13651291693022052, 0.14829218059470592, 0.13029268944946776, 0.15131851483313966, 0.1214539758992661, 0.1454630556265334], [0.16365636135415693, 0.1409166162908646, 0.15145435351409658, 0.1283527394298086, 0.14812943683321664, 0.12402855495603779, 0.14346193762181889], [0.16371642079567533, 0.1414459917816521, 0.15057073093486484, 0.12756775077315125, 0.15059301920634308, 0.12225362643444929, 0.14385246007386407], [0.1644763098372944, 0.140771097642027, 0.15090452826719752, 0.1274067705478892, 0.1503806580119397, 0.1217826462076313, 0.1442779894860209], [0.1640861551465311, 0.14169565142464247, 0.1507698815583289, 0.1273733373335916, 0.1501503992990592, 0.12221313134090443, 0.14371144389694238], [0.16430973831354212, 0.14189936438115386, 0.15082476707881917, 0.1270703496805364, 0.1497858973708408, 0.12243789111320302, 0.14367199206190462], [0.16543537402081182, 0.14033505742268332, 0.15136650288567283, 0.1277854022869117, 0.14957452108308153, 0.12164619773643272, 0.14385694456440612], [0.16437372677975787, 0.14194255474015322, 0.15142285355065518, 0.12693469688172745, 0.1492175073793788, 0.12248400606535388, 0.14362465460297352], [0.16288744730606075, 0.1403689495030315, 0.15059862278478797, 0.1273738574809843, 0.15012875003921058, 0.12305487384042625, 0.14558749904549856], [0.1633428698608616, 0.14203052110445852, 0.15167999100343882, 0.12762985601836552, 0.1494632896231339, 0.12209490333356324, 0.1437585690561785], [0.16274391077705908, 0.14170010394412985, 0.15200980863484093, 0.12822498079720432, 0.14945640146520692, 0.12189017165167944, 0.14397462272987951], [0.16328353586660474, 0.14138317335396233, 0.1507433486393472, 0.12723690485292014, 0.15040802296770467, 0.12235917675417358, 0.14458583756528737], [0.1642921658059038, 0.14130865601680986, 0.15116094002785255, 0.12715761411358237, 0.14935597975816214, 0.12263557359808894, 0.14408907067960022], [0.16452919017999001, 0.14169616336671312, 0.1515733612219898, 0.1269612029308949, 0.149282055385698, 0.1221224090614357, 0.14383561785327859], [0.16666666666666663, 0.13524361352135206, 0.14862190091446795, 0.13239985246789163, 0.15445222417905144, 0.11733598569117895, 0.14527975655939113], [0.16484089260358728, 0.14163264797660322, 0.15171064477361448, 0.12620955423422292, 0.1484053609684926, 0.12281187058217198, 0.1443890288613075], [0.16325639595563116, 0.14215887786718276, 0.15101755598741573, 0.12613708073935012, 0.14920246984625027, 0.12330219515457734, 0.1449254244495927], [0.1655791351238904, 0.1407266402907072, 0.15167150250648706, 0.12702015766368394, 0.14923715385339437, 0.12155566067808155, 0.14420974988375534], [0.16470707342881408, 0.14220316005082995, 0.15164921662975775, 0.12640736237136516, 0.14865910059658297, 0.12258086930147781, 0.14379321762117225], [0.16330710655015282, 0.1434149762543403, 0.15155642507421094, 0.12665941883774995, 0.1483227244991655, 0.12315724842814511, 0.14358210035623545], [0.16304742982088055, 0.14468336800013876, 0.15295739577174874, 0.12604020772061839, 0.14440817180355237, 0.12646679000325134, 0.1423966368798098], [0.1646309135776758, 0.1432588022453119, 0.1519100540814202, 0.12523517299477563, 0.14741665127193976, 0.1235091090709699, 0.1440392967579067], [0.16259050778204587, 0.14374588933322202, 0.15219887123323664, 0.12439918579467088, 0.14668545516237122, 0.12485455977313138, 0.14552553092132203], [0.16386077775706243, 0.14246068531889367, 0.15194283160693398, 0.12539488288894682, 0.14796356110344502, 0.12317363020406497, 0.1452036311206531], [0.1642083336918651, 0.143697493625743, 0.1517749784152659, 0.1257127591215374, 0.14747848614679587, 0.12334974658716938, 0.14377820241162326], [0.1642295837128078, 0.1423459733710493, 0.1532986698889803, 0.126032134029957, 0.14602042484593913, 0.1236900338196193, 0.1443831803316472], [0.16218453092242366, 0.14525027139618701, 0.15341785666944463, 0.1255984844415764, 0.1435678701025774, 0.12711297505727973, 0.1428680114105112], [0.1612143198760742, 0.14809483877837135, 0.15230517649362946, 0.12426684836628943, 0.1432949717593567, 0.12791280491392917, 0.14291103981234946], [0.16198927585916273, 0.14495882249108008, 0.15408631483297838, 0.12504042202591997, 0.1451032148976647, 0.12359703152809767, 0.14522491836509646], [0.16420652253790238, 0.14464673820799995, 0.15464652559083114, 0.1235522716392089, 0.14394478791869122, 0.12383832879769005, 0.14516482530767644], [0.16334003063962774, 0.14577290759503217, 0.1544435133251403, 0.12311138010839229, 0.14344947539903044, 0.12462710630272066, 0.14525558663005642], [0.16047028505502595, 0.14861945542182114, 0.15651205166426263, 0.12324089713018772, 0.14014760292625453, 0.12667283604419366, 0.1443368717582543], [0.15960927834169922, 0.14974211221835737, 0.15276661228029786, 0.12204512758570679, 0.14015118113392935, 0.13075511335140608, 0.14493057508860346], [0.16666666666666666, 0.14577148157821776, 0.14960974664143972, 0.12501159182624597, 0.13309567473111766, 0.1383444018435989, 0.14150043671271326], [0.16666666666666663, 0.14544431577748065, 0.15280286378884578, 0.12324865750817526, 0.13430982851298698, 0.13370848801244248, 0.1438191797334021], [0.14538125936082896, 0.15427773567189687, 0.1479467858428253, 0.12752426683012, 0.1265940587484921, 0.15564321721765922, 0.14263267632817744], [0.14629898328370358, 0.14803060627033268, 0.14652815425788998, 0.1342868271826645, 0.13305400022706385, 0.1492173534638014, 0.14258407531454395], [0.14876995643441024, 0.14783911699771846, 0.1444903134065534, 0.13165633578698557, 0.12995296617007046, 0.15599448989523595, 0.14129682130902582], [0.15000016601505725, 0.1473566648415546, 0.15070242430850753, 0.1260812642660838, 0.13120759577640212, 0.14288982583147403, 0.15176205896092068], [0.14662713966703225, 0.14989265893051082, 0.14941887546521393, 0.12565197713574447, 0.13368658048856227, 0.14334444372827485, 0.15137832458466152], [0.1446637686326664, 0.15262484644208485, 0.14427228044610851, 0.12562477653426496, 0.12678688797236384, 0.1652292534960875, 0.14079818647642392], [0.14453819523741554, 0.15208047532657726, 0.1438094425524407, 0.12593079995033368, 0.1267407559059024, 0.16666666666666669, 0.14023366436066384], [0.1484655462116668, 0.1506152815752565, 0.14571578302004057, 0.1266786538343671, 0.12733045423175915, 0.15865010917403397, 0.1425441719528759], [0.16666666666666666, 0.14105245835787858, 0.1508741957972121, 0.12674180811492264, 0.14860566403423559, 0.12285876752247474, 0.14320043950660966], [0.16666666666666669, 0.14238127772843387, 0.1510006556271985, 0.12649191827627176, 0.1472586939818139, 0.12407363246105493, 0.1421271552585604], [0.16666666666666669, 0.1412356059104083, 0.15098287751962935, 0.12675240982300823, 0.1481438015532292, 0.12317342045780616, 0.1430452180692522], [0.16666666666666663, 0.1415419581773083, 0.15129501913178528, 0.12677759996873766, 0.14786311360122756, 0.12316060549008408, 0.14269503696419028], [0.16666666666666669, 0.13881145702472739, 0.15075889788929783, 0.12884609029720565, 0.15019552873618477, 0.12076156815679545, 0.14395979122912234], [0.16666666666666669, 0.14055397578805548, 0.15139122528101467, 0.1271483213874249, 0.1493334071601032, 0.12149177767380333, 0.14341462604293181], [0.16491202127750615, 0.14007813265985145, 0.15114044975431387, 0.12795257036528782, 0.15005007731677344, 0.12164550185286808, 0.14422124677339918], [0.16666666666666666, 0.14192312927421274, 0.15166227765214127, 0.1262716474679964, 0.14722362882779316, 0.12329877194807802, 0.14295387816311175], [0.16502586527350566, 0.14199098647079475, 0.15151114050775802, 0.12665629174293058, 0.14907840162547917, 0.1221780881629239, 0.14355922621660802], [0.16468456694619008, 0.14164134746508641, 0.15149487387602376, 0.12655940183267153, 0.14901425712374955, 0.12245380259091931, 0.14415175016535942], [0.165380602609196, 0.14014215704622623, 0.1515976451570679, 0.12749479932686714, 0.14969969771629366, 0.12111822312524949, 0.14456687501909965], [0.1650889237989607, 0.1430367796518506, 0.15172879269163153, 0.12561360826264104, 0.14676914222591345, 0.12438817578629055, 0.1433745775827123], [0.16411316494410846, 0.14340020299072426, 0.15284261697067195, 0.1260641993046777, 0.1463575726642247, 0.12404163236069651, 0.14318061076489655], [0.165304978377665, 0.14382143292837204, 0.1522706008864425, 0.1251464518650569, 0.14594461113638618, 0.12445531495228374, 0.14305660985379362], [0.15781902215432522, 0.14521119353001088, 0.1579675728352103, 0.1241479536402193, 0.1375507087081064, 0.1288904673374851, 0.14841308179464277], [0.15605918787775636, 0.14501789409199706, 0.16005501402447586, 0.12381347306204817, 0.13836398973145403, 0.12689255009427283, 0.14979789111799577], [0.15628784904578896, 0.14583511424591303, 0.15684724771550648, 0.12426868725922734, 0.13264232948078203, 0.13346529413434835, 0.15065347811843374], [0.1541657273473423, 0.14896831220369103, 0.15479466568034286, 0.12307773756614732, 0.13023736462158853, 0.13875239566466196, 0.15000379691622598], [0.15066837887524004, 0.14840895762041453, 0.1479268270083422, 0.12810736924366634, 0.12837707728060832, 0.15114926678389634, 0.14536212318783223], [0.1654277049542147, 0.14117630346398172, 0.1503931973886574, 0.1275146988129349, 0.14911259126031354, 0.12347947772966604, 0.14289602639023158], [0.1636775243748564, 0.1402936929299089, 0.15117902731258326, 0.12907674720219944, 0.1487001248110692, 0.12349583002495737, 0.14357705334442536], [0.1649977040426917, 0.14160884304719532, 0.15058939544273472, 0.12687326267444152, 0.1491613512003558, 0.12339636702967373, 0.1433730765629072], [0.16531794071391262, 0.14224377852786835, 0.15168804433769872, 0.1267420046704305, 0.1472458146405831, 0.12409131848589783, 0.14267109862360902], [0.16421046437086942, 0.14348253017542192, 0.15094983909557275, 0.1259693531379061, 0.14754697897130734, 0.12489589624733796, 0.14294493800158453], [0.16478765370771697, 0.14246455310242387, 0.15134558224956085, 0.12651260742266715, 0.14871378007874977, 0.12280060808731379, 0.1433752153515676], [0.1636716590251869, 0.14253724401362622, 0.15056278324351707, 0.12699422949437808, 0.14968731982409755, 0.12291176426149865, 0.1436350001376956], [0.1643319310567542, 0.1422993644105245, 0.15104133515428428, 0.12682206437958807, 0.14935212092734204, 0.12253152794126648, 0.14362165613024044], [0.16666666666666669, 0.1406620342324755, 0.15166301443083874, 0.12694547250916396, 0.1489385784486722, 0.12130273630683898, 0.14382149740534403], [0.1647591491435341, 0.14277138226554906, 0.1516183217500581, 0.12581141141791646, 0.14745398496795206, 0.12411425220513442, 0.14347149824985567], [0.16666666666666666, 0.14265327499811023, 0.15171829806663012, 0.12560356667109598, 0.1477867613106972, 0.1225007008671233, 0.14307073141967652], [0.16427111684710707, 0.14206858814807702, 0.1523632167352526, 0.12680772856158545, 0.1483544712652283, 0.12212535828814507, 0.14400952015460444], [0.16666666666666666, 0.14448785380564383, 0.15361508827068088, 0.1232416346234328, 0.14383237544508035, 0.1241689734245226, 0.14398740776397284], [0.16351971530680956, 0.1442256821517242, 0.15280383646166418, 0.12587939995819122, 0.14565620917085564, 0.1252121978478238, 0.1427029591029314], [0.1628971822757422, 0.14288867982648049, 0.15162763552608122, 0.12525592078216388, 0.1464785662474585, 0.12580850042749273, 0.14504351491458103], [0.16467464158992387, 0.14201145916952712, 0.15202185985066163, 0.12620703867992364, 0.14780487609206916, 0.12312699046996899, 0.14415313414792563], [0.16508373390712952, 0.1424978248653543, 0.15228773105176738, 0.12574576907356136, 0.14711639399448007, 0.12339673138261828, 0.14387181572508917], [0.1622171755147737, 0.14595661294576748, 0.1522270983063723, 0.1258685362600148, 0.14549187462183896, 0.12598245921960455, 0.1422562431316284], [0.16428690418726974, 0.14213496033309206, 0.15325544790322235, 0.12641268102476225, 0.14717930934318446, 0.12250766583318623, 0.14422303137528306], [0.15830515327820216, 0.1433010041521635, 0.15138601281279426, 0.12802807738013308, 0.14340927091429126, 0.13076572315698246, 0.14480475830543332], [0.16100486778632006, 0.14445162046294377, 0.15127627811071911, 0.12491724335095744, 0.14501762358933648, 0.12843959386588183, 0.14489277283384117], [0.16428758914092653, 0.14185957886156902, 0.1521004671893602, 0.12628782693219728, 0.14782810045415148, 0.12309159378173158, 0.14454484364006406], [0.16410703700166737, 0.14460051211561625, 0.15301478639656277, 0.12521266775546266, 0.14492489556142588, 0.1251762219977502, 0.14296387917151485], [0.16544280519051602, 0.14381851838592885, 0.15241522936213286, 0.12441815947264567, 0.1458085281094008, 0.12413679769527272, 0.1439599617841032], [0.16416609933563944, 0.1428830642080636, 0.15298829835270583, 0.12526318224619243, 0.14589946344479635, 0.12409539014567217, 0.1447045022669301], [0.158508001880393, 0.14447934856395805, 0.1517880363741711, 0.12691403582212818, 0.1424850575798832, 0.13137513748328072, 0.14445038229618573], [0.16270846358302568, 0.1423749152507845, 0.153846639000882, 0.12672045663076617, 0.14525697427882978, 0.1243445932063869, 0.144747958049325], [0.16203781548278745, 0.14239669345176073, 0.15434044272411557, 0.12693246171860254, 0.14500927892781404, 0.12436429345044533, 0.14491901424447418], [0.16219842073754268, 0.14365386729034643, 0.15469033954905398, 0.12576284998071688, 0.14390114949892976, 0.12512138339633005, 0.1446719895470802], [0.16131705799930127, 0.14381587176354135, 0.15219272455257726, 0.12513002097972759, 0.14517632900748204, 0.12740618984814828, 0.14496180584922216], [0.15862974854477324, 0.14241276579379544, 0.15189213004467444, 0.1289120222040495, 0.1445437460878258, 0.12898403989616003, 0.14462554742872158], [0.15206673252299885, 0.1357843631287052, 0.14604361505286098, 0.1439699290982653, 0.15290047166302712, 0.12408430765610372, 0.14515058087803873], [0.15400141188350172, 0.15129608874261305, 0.16058697814841028, 0.12146589544131106, 0.13365029261841047, 0.13098825735756744, 0.14801107580818615], [0.14912929894982177, 0.1619730177536088, 0.15306636075729727, 0.12107557293210489, 0.12902095429129926, 0.1433365298203606, 0.14239826549550738], [0.146386189499351, 0.16666666666666666, 0.1502872724752113, 0.12137574438622628, 0.1283934296669046, 0.14574617392645475, 0.14114452337918537], [0.14515523836096642, 0.15440768267496713, 0.15106393057536524, 0.12431870758903824, 0.1292586822610651, 0.1462046747596414, 0.14959108377895652], [0.1464431435491462, 0.15026913029653977, 0.1529200865542934, 0.12725153741559336, 0.1332228206836643, 0.13685007620828796, 0.15304320529247498], [0.14722818218749414, 0.15120289782820923, 0.15274796361004173, 0.12491300658050257, 0.12927795589437818, 0.14286132084170353, 0.15176867305767067], [0.1493829094164509, 0.15039039797967776, 0.1507140126286175, 0.1256116485572371, 0.12789287023441792, 0.14750943967079544, 0.14849872151280333], [0.14336601560955864, 0.1360805947213463, 0.14268656444778316, 0.16666666666666666, 0.14341082888924941, 0.1272100806487479, 0.14057924901664795], [0.1435057785149259, 0.13623457002284156, 0.14277738352662772, 0.16585331881685544, 0.14365571773675462, 0.1272301477392574, 0.14074308364273758], [0.14922722400580227, 0.15074161519300333, 0.14995323706276448, 0.12562986794907155, 0.12768492260926467, 0.14924110366591012, 0.14752202951418356], [0.15220242539979406, 0.14681529213014272, 0.16666666666666669, 0.12363073223449883, 0.1347052652070364, 0.12693413502675438, 0.14904548333510692], [0.14736751285093283, 0.1533638682147673, 0.15288177223664906, 0.12264508107779105, 0.12949717116841933, 0.14358302647655036, 0.15066156797489008], [0.1566959028638157, 0.14470372758016237, 0.1564301966787526, 0.12350207255016879, 0.13964156117234572, 0.12866661844426072, 0.150359920710494], [0.15749901573844088, 0.14657037820415716, 0.15568767955912383, 0.12203632809508917, 0.13856793510566143, 0.1303485660225452, 0.14929009727498252], [0.15549943330351396, 0.14269709566185465, 0.15512912235419327, 0.12539214440572105, 0.1415683865255484, 0.1276359182520469, 0.15207789949712175], [0.1565545029583392, 0.14389064644883146, 0.15608741731228792, 0.1235238364219499, 0.14051073820493695, 0.1274019685278997, 0.1520308901257549], [0.15279080003764162, 0.14101779837270698, 0.14903666755049047, 0.1290588216918755, 0.14832510676078417, 0.12649363533917682, 0.15327717024732443], [0.1511696634594504, 0.1428266016254353, 0.1532571528681448, 0.12673377413462455, 0.13667124655685609, 0.1322987587478867, 0.15704280260760212], [0.1485492353945364, 0.14679800386788727, 0.15288186498252854, 0.1255767676456316, 0.13153495515774985, 0.1387020631191494, 0.1559571098325169], [0.14857576467188277, 0.14743223893273572, 0.14978587109969405, 0.12633417105259345, 0.13322129711717404, 0.1424711485484483, 0.1521795085774717], [0.14820808474465072, 0.13932311277313972, 0.1448023666627897, 0.1365644333132739, 0.14682593441835015, 0.1324843033011212, 0.15179176478667472], [0.15613538876254413, 0.133893316823617, 0.14408485895035653, 0.1371786823204006, 0.16666666666666666, 0.1176311818072069, 0.14440990466920817], [0.15648353343130958, 0.13439848944893823, 0.14564246652803425, 0.13930707725674932, 0.15868899807919673, 0.12019343338470853, 0.14528600187106339], [0.16315980607660133, 0.14317315190562618, 0.15365210820684455, 0.12568817524784537, 0.14495900382756044, 0.12474289437146986, 0.14462486036405223], [0.15613196268646617, 0.14048942142833984, 0.15251360926655655, 0.13328408308386094, 0.1398885496627054, 0.12985783593805367, 0.1478345379340174], [0.15250575662923868, 0.13833624763457264, 0.14941750166252302, 0.13508373506922353, 0.14539853987968948, 0.129160565268911, 0.15009765385584176], [0.15507326223493134, 0.14235647611776914, 0.15482572719265972, 0.12430106272551283, 0.14375042402661578, 0.12501928942049656, 0.1546737582820146], [0.14676115585642552, 0.14027875061252912, 0.15093919546922865, 0.12950353543095738, 0.14053254761309, 0.12869201744814251, 0.16329279756962667], [0.14626343030378908, 0.14199751216165382, 0.15204079820806665, 0.12806326982351424, 0.13832867798001366, 0.12927323236646213, 0.16403307915650053], [0.14653780181141746, 0.139479520996958, 0.1501623384844939, 0.12988506285771736, 0.14200421984019354, 0.1281352314720291, 0.16379582453719066], [0.14623407855698076, 0.13976806533455954, 0.150025467772865, 0.12901597644268853, 0.14173689004228426, 0.12794233567336524, 0.1652771861772568], [0.14619313346057367, 0.14198807410146452, 0.15222138325368592, 0.12771894545815807, 0.13818400339449638, 0.1290949300428802, 0.16459953028874127], [0.1460912278912518, 0.1434576499399478, 0.153260194089926, 0.12690285230574852, 0.13668158990114737, 0.1305932917161556, 0.16301319415582283], [0.1464972506584535, 0.14084905630769076, 0.15130083330685065, 0.1286284014694717, 0.1395346088078883, 0.12914004637588453, 0.16404980307376058], [0.14581854621415266, 0.14100910870352115, 0.15205026405068855, 0.12783225536140794, 0.13806962731477593, 0.12855353168878716, 0.16666666666666669], [0.14692826926299293, 0.13992913977417065, 0.15094699467136594, 0.13013813101709884, 0.1402708494673381, 0.128670287573206, 0.16311632823382755], [0.14800550295056084, 0.13952889676958435, 0.14969116955141307, 0.13096868217589572, 0.14266933827334666, 0.1282986423428846, 0.16083776793631463], [0.14616197625206914, 0.1471702720861331, 0.14750148493990867, 0.13712382698538378, 0.14042374459983203, 0.13503942979383196, 0.14657926534284116], [0.14752121730204665, 0.14015129114232716, 0.14995722548362003, 0.13036037484958504, 0.14220257443244602, 0.12837637785390982, 0.16143093893606522], [0.14691211471160842, 0.1389018103261095, 0.14940684512229901, 0.13037268513855765, 0.14302778734331023, 0.127500092412851, 0.16387866494526415], [0.14701925614901343, 0.14016827430753545, 0.15063844338568927, 0.12979444583497926, 0.14096473863950215, 0.1288004713562568, 0.16261437032702364], [0.14666056783911544, 0.13959436272147444, 0.14997517106913769, 0.13013903655122191, 0.1419979474141211, 0.12883069371213932, 0.16280222069279], [0.1466240716217007, 0.13984919445989155, 0.15016766073822213, 0.12984081187199703, 0.14166094212506436, 0.12894526609141704, 0.1629120530917073], [0.14817720197127793, 0.13642357854146636, 0.14589978431282632, 0.13944648514575672, 0.15023690331265024, 0.12504993431072498, 0.15476611240529753], [0.14569168293587953, 0.1420868875783745, 0.15286920650444413, 0.12791579765166042, 0.13679422927769577, 0.13046771540099755, 0.16417448065094814], [0.14552290213939467, 0.14156037830310436, 0.15301405946790636, 0.1293276768485911, 0.13830427827412897, 0.1294847327723283, 0.16278597219454613], [0.1469683563409282, 0.1390566310071209, 0.14963323595007566, 0.13040619974564965, 0.1426487726439046, 0.12790744109711832, 0.16337936321520272], [0.14606778446248675, 0.13975906269101607, 0.14974841616294726, 0.12854515562083232, 0.14174920180422, 0.1274637125918309, 0.16666666666666666], [0.14633203161464753, 0.14019930577261006, 0.1496705785386299, 0.12846912744187725, 0.1417470611252674, 0.12804794690957313, 0.16553394859739487], [0.14612005931208671, 0.14048354945045577, 0.1503356739594132, 0.1283371225139236, 0.14108186417458846, 0.12821583437695583, 0.16542589621257647]]