[[0.16096425160418565, 0.1392741692071104, 0.14429270776355302, 0.12257414530078967, 0.14352945766867284, 0.12269860178902188, 0.16666666666666669], [0.15533503518306044, 0.1374698232781386, 0.15133662872240314, 0.11844212240085142, 0.14949661749050033, 0.1246654710849163, 0.16325430184013], [0.1537699141493141, 0.1383511060958794, 0.15194533961861273, 0.1185008054697081, 0.14948137135372658, 0.12397842051818313, 0.16397304279457606], [0.1568255973504596, 0.13986010168911578, 0.14838330127264396, 0.11961639887503589, 0.14691580580235258, 0.12341761668431347, 0.1649811783260788], [0.15477994695969513, 0.13972154408141338, 0.1506520346284474, 0.11939307358309213, 0.14774708424715344, 0.123012826833667, 0.16469348966653147], [0.15381621158444514, 0.1408893214816001, 0.1489136061973905, 0.11977318654437416, 0.14758133437400403, 0.12403486364099034, 0.1649914761771958], [0.15517270949418407, 0.13997625035127975, 0.15054594229637389, 0.11971707472358084, 0.1471792997048472, 0.1227632146451869, 0.16464550878454728], [0.15482825849227827, 0.14076188853527627, 0.15045809755889017, 0.12043092255524837, 0.1465561583678215, 0.1223341016509964, 0.16463057283948906], [0.15878380421286328, 0.13797557875373603, 0.1477387294831509, 0.11841585562765981, 0.14632295468313672, 0.12409641057278666, 0.16666666666666669], [0.15562536374935976, 0.14125784387958887, 0.14885899302564595, 0.12013159180211355, 0.14550666883757782, 0.12195287203904734, 0.16666666666666666], [0.15287814007777986, 0.14148508531763343, 0.14973996253469649, 0.12011397206481192, 0.14728552107021484, 0.12377667138004185, 0.16472064755482155], [0.15589307550298695, 0.14250437772368332, 0.14790290427138195, 0.12139697549278983, 0.14454029009748823, 0.12184656818483817, 0.1659158087268315], [0.15289494951658947, 0.1409532189363541, 0.15056793972711968, 0.1197889588328615, 0.14760128056465108, 0.12358424226194703, 0.1646094101604773], [0.15471498669497036, 0.14209823302843386, 0.1495159019354065, 0.12110589300421988, 0.14552963098803293, 0.12205966447037893, 0.16497568987855768], [0.15421565604942816, 0.1433867927457882, 0.14870873862558065, 0.12219486981577941, 0.14476243152273077, 0.12212890349538777, 0.16460260774530502], [0.154504492191973, 0.1423415725216772, 0.1494590229632445, 0.12129330109497186, 0.1454718755614338, 0.12217196345653314, 0.1647577722101664], [0.15577977385495267, 0.14355349175386606, 0.14755192573385467, 0.12255307843412025, 0.1436857380136624, 0.12158986835101167, 0.16528612385853225], [0.16666666666666666, 0.14086432246771113, 0.14374274504964646, 0.12327376404983549, 0.14116525552864442, 0.12299794856437173, 0.16128929767312405], [0.1613961785881282, 0.1398938395588459, 0.14669500719483644, 0.12183276768222055, 0.14250304137933809, 0.12101249892996416, 0.16666666666666666], [0.15593904775639802, 0.14121989861437112, 0.14815536839170315, 0.12000791964292283, 0.14538434351615637, 0.12262675541178186, 0.16666666666666669], [0.15635886415931285, 0.14236893629749, 0.14768080125259436, 0.12129299723140424, 0.1448535036882496, 0.12266958510615383, 0.1647753122647952], [0.16666666666666666, 0.14149864064690978, 0.14624778167886232, 0.12287731099820334, 0.1414453726896943, 0.1214091904797713, 0.15985503683989233], [0.15705054776781097, 0.1430391283856035, 0.14700071050722588, 0.12204425393072828, 0.1437862978221234, 0.12202075467947879, 0.16505830690702913], [0.15562196360795935, 0.14259410674780826, 0.1480009492880486, 0.12116571280191848, 0.14427667312200643, 0.12167392776559205, 0.16666666666666663], [0.15698219986722023, 0.14049634020498442, 0.14973019260781337, 0.12032010701795931, 0.14556699233479525, 0.12210013047707358, 0.1648040374901539], [0.15603543349276086, 0.14201258368965644, 0.1486655263526774, 0.12101514149963095, 0.14489437881828907, 0.12210279283501833, 0.16527414331196702], [0.1569452212543569, 0.14063656990960527, 0.14845785853213211, 0.1198669782770104, 0.14558407416024866, 0.12278424489946443, 0.16572505296718223], [0.15522220767385844, 0.1421092947533123, 0.14903904586759878, 0.12086095428304924, 0.14522457101366956, 0.12209682574930293, 0.16544710065920865], [0.15442344009719886, 0.14363882739167952, 0.14822298395142072, 0.1221698429282289, 0.14445672006942945, 0.12222539953620865, 0.1648627860258339], [0.15649186476654978, 0.14151822977127526, 0.14877603152606866, 0.12060977733089681, 0.14515528680838796, 0.1222862889990629, 0.1651625207977587], [0.1554810815265709, 0.14375054816952854, 0.1476785827272361, 0.12242866921202068, 0.14368849744520182, 0.12178071846235244, 0.16519190245708973], [0.15493823545531274, 0.14294299505019845, 0.14936920994755662, 0.12198386862156514, 0.14450152938975497, 0.12160445240161923, 0.16465970913399286], [0.15593305264185603, 0.14259372665358816, 0.14833484612378836, 0.1214700822483941, 0.14466914495862337, 0.12206717067114632, 0.16493197670260357], [0.1536866343017697, 0.14400017337469773, 0.14907168204670931, 0.1226208488386637, 0.1444483381967468, 0.1221999928685785, 0.16397233037283432], [0.15615567138991968, 0.14377264774537854, 0.14733193881087697, 0.12244909180769069, 0.14332268783944752, 0.12161810482321081, 0.16534985758347578], [0.15756637382661365, 0.14111616964499615, 0.14881127491533344, 0.12065832436463354, 0.14473205957867552, 0.12208840152250298, 0.16502739614724465], [0.1609159753638533, 0.13999016268318354, 0.1460555260973141, 0.12147318466207037, 0.14402160844745762, 0.12427481379927133, 0.16326872894684982], [0.1558049015344561, 0.14333733735415038, 0.14765719138066996, 0.1218444462522461, 0.14375432147091682, 0.12189013606734136, 0.16571166594021924], [0.16666666666666669, 0.14240054869813604, 0.14392119488705496, 0.12572420472673218, 0.1393236515149324, 0.12129971677572764, 0.16066401673075015], [0.16666666666666669, 0.14240054869813604, 0.14392119488705496, 0.12572420472673218, 0.1393236515149324, 0.12129971677572764, 0.16066401673075015], [0.1561592201546714, 0.14339991144784478, 0.14755528663077455, 0.12210605837787183, 0.1430399716136678, 0.12107288510850304, 0.16666666666666669], [0.1548983464615919, 0.14365902234955943, 0.14866677385844906, 0.12231081584162257, 0.1438086641444863, 0.12154275973430777, 0.16511361760998286], [0.15710029865599148, 0.14151503073765379, 0.14877974495817775, 0.12071369507256748, 0.14462003668723028, 0.12223748628711352, 0.16503370760126576], [0.1646789384332401, 0.14269197955550994, 0.14338803283573126, 0.1274043923369549, 0.13908549297770995, 0.12188827209711317, 0.16086289176374058], [0.15622576132939572, 0.14383516802160923, 0.14754264595563438, 0.12267719540103351, 0.14323164553672985, 0.12181245651142432, 0.16467512724417296], [0.16134710156214435, 0.14117327151259346, 0.14523558885469073, 0.12221829510434687, 0.14232635824925305, 0.12307558702484658, 0.1646237976921249], [0.15829809664915326, 0.14258653676322094, 0.14806191953041145, 0.12215479535798016, 0.143194209923856, 0.1217926208018796, 0.16391182097349846], [0.16401043711823082, 0.14366433318421673, 0.14335589800515236, 0.1279436375107983, 0.13865000628378718, 0.12213127414851886, 0.1602444137492958], [0.16317688128350444, 0.14565463771947523, 0.1428467794919673, 0.12974881002451097, 0.13773159352935563, 0.12111757961859865, 0.15972371833258778], [0.1606331784937113, 0.1408507194362549, 0.14626374160504338, 0.12176204478251455, 0.14280598200367633, 0.12306410564917925, 0.16462022802962054], [0.1629179399216449, 0.14432775984500182, 0.14318014856904734, 0.13012785576789765, 0.13808747200768343, 0.12225545251617029, 0.1591033713725545], [0.16001202559796177, 0.14293201806172046, 0.14560616261804607, 0.12256907650432067, 0.14097036878775704, 0.12124368176352744, 0.16666666666666669], [0.15985196863146836, 0.14310993439316777, 0.1494545644507594, 0.12273996812120383, 0.14144804764908897, 0.12102823744412008, 0.16236727931019154], [0.15922345336566726, 0.14441249141693918, 0.148703162008644, 0.12338251775155645, 0.14099572702445332, 0.12100996490498894, 0.16227268352775093], [0.1592711099500324, 0.14399563585929182, 0.14957329421735494, 0.12289001301755252, 0.14110122275860304, 0.12050202374572032, 0.16266670045144493], [0.15494020219619936, 0.14749467612651354, 0.14925122361382426, 0.12540522023433168, 0.1399773231324157, 0.12015636321130561, 0.16277499148540986], [0.15557905255735055, 0.14144432405528287, 0.14921666476982318, 0.12069676269171832, 0.14580527663805656, 0.12264064708877787, 0.16461727219899064], [0.15555932373544937, 0.14200047094159113, 0.14866724018069963, 0.12078696955886413, 0.14526618146473155, 0.12233872685475837, 0.16538108726390577], [0.15521908684499378, 0.13886354701150508, 0.15044041374581785, 0.1190289149777563, 0.14818688623115994, 0.12334665377423908, 0.16491449741452796], [0.15671485782745528, 0.13968296762572555, 0.14934107819921247, 0.11960505253730401, 0.14669380367804705, 0.1228429219497209, 0.16511931818253453], [0.15962010884059044, 0.14102004508255314, 0.14884978639639282, 0.1221931378793341, 0.14353849488321868, 0.12093006538723544, 0.1638483615306752], [0.16008439384131767, 0.1400714534988009, 0.14624654703503953, 0.1225286664553715, 0.14508291095855946, 0.12410397510300401, 0.16188205310790688], [0.16666666666666669, 0.14231612252362175, 0.14313059005929982, 0.12566464190010715, 0.1394353638054975, 0.12129345242567716, 0.16149316261913], [0.16501462326623792, 0.1429277110240647, 0.1430327578183924, 0.12696756082444102, 0.13918419593892853, 0.12269739251324663, 0.16017575861468866], [0.16512106021574346, 0.14322924246539767, 0.14392526364430516, 0.126298002228209, 0.1391354547531047, 0.1207524405689549, 0.16153853612428504], [0.16382011815398245, 0.14206222857589132, 0.14499143329505615, 0.12490275470112193, 0.14001124502076018, 0.1209800896762901, 0.1632321305768978], [0.16246633709228786, 0.14599905252307716, 0.14347655548317803, 0.12866080232934207, 0.1379747290925593, 0.12042805242240327, 0.16099447105715223], [0.1621038319878104, 0.1461586395130422, 0.1437703444031558, 0.1286829824844219, 0.13800039240081446, 0.12024445354303434, 0.16103935566772098], [0.16267334609306025, 0.1457024824552003, 0.14360336259581874, 0.12820364877757043, 0.1380037208860515, 0.12043220617817654, 0.16138123301412233], [0.16245928989002187, 0.14620202507477492, 0.14296900460352785, 0.13069213961149143, 0.1370992122677462, 0.12117505187779516, 0.1594032766746425], [0.15539401458617888, 0.13647991165847898, 0.14880911369333885, 0.11659622657306247, 0.14966947619017654, 0.12638459063209775, 0.16666666666666669], [0.15893313711360604, 0.13820180256415307, 0.14617676162681026, 0.11953324215999553, 0.14617506683111567, 0.12431332303765291, 0.16666666666666669], [0.15308107975563762, 0.13934284958942117, 0.1505490301065202, 0.11855004041926594, 0.14925264404544927, 0.12430730750345115, 0.1649170485802547], [0.1541577857077046, 0.13877944204936765, 0.15048258571399856, 0.1183305687389641, 0.14912808386736603, 0.12438725042852869, 0.16473428349407024], [0.15303112949589442, 0.13967840583450808, 0.1502447026798801, 0.1186220199170139, 0.14881615769174497, 0.12419908532378753, 0.1654084990571711], [0.15332851572973963, 0.1398932202556102, 0.15018276950077708, 0.1188553734359157, 0.1484185600739852, 0.12386305977067194, 0.16545850123330044], [0.15591966784565195, 0.13821173045885057, 0.14833975317996398, 0.11801583945797686, 0.14819624551886879, 0.12465009687202117, 0.16666666666666666], [0.15445315289366326, 0.13983706038667298, 0.14903900488284968, 0.11872143037833646, 0.14773154475060735, 0.12355114004120345, 0.16666666666666663], [0.15574411138238495, 0.13789361528191266, 0.15212412592710972, 0.11894981169547256, 0.1485720799024369, 0.12367532978688817, 0.16304092602379502], [0.1530619579642641, 0.14046904250692757, 0.14894794165446665, 0.1192698731630313, 0.14837291186940205, 0.12515564006647187, 0.16472263277543656], [0.1531147116510695, 0.14031147980306577, 0.14836556455219352, 0.11939973183338919, 0.14849917759749004, 0.12608687898420015, 0.1642224555785918], [0.15306909786743314, 0.13916092494445506, 0.15165465897075053, 0.11846484744732019, 0.14897899792540134, 0.12377129492338482, 0.1649001779212548], [0.15543697350076974, 0.13883193666495233, 0.1497653662615502, 0.11833505248102716, 0.1476652432941611, 0.12329876113087283, 0.16666666666666669], [0.15434896372443013, 0.13979564697942862, 0.14952208196953573, 0.11873212531259672, 0.14795890469749728, 0.12393920198889931, 0.16570307532761233], [0.15132383006949698, 0.13623951597570372, 0.1506515932618426, 0.11657526525573816, 0.1542638672412573, 0.1318714294803514, 0.1590744987156099], [0.15621931454706448, 0.13970539541079205, 0.149647369100858, 0.11943569397531675, 0.14699950804900758, 0.12309494947555158, 0.16489776944140955], [0.15355777898455794, 0.13967579146973652, 0.15172745860013062, 0.11890858256777476, 0.14743302789773743, 0.12203069381339593, 0.16666666666666663], [0.15531323816390502, 0.13871648886448584, 0.14940933845904233, 0.11805990659857626, 0.14788650140870707, 0.12394785983861681, 0.16666666666666666], [0.1546234206844096, 0.14032690731731753, 0.14942949863971655, 0.11919966565334823, 0.14727799258155183, 0.12331963537786592, 0.16582287974579044], [0.1520452048320725, 0.14208275729408115, 0.1493951647569284, 0.12066435131402928, 0.14727169779409263, 0.12436718058924763, 0.16417364341954846], [0.160346860435841, 0.14290333800455687, 0.14484610523768174, 0.12321172863302464, 0.1426058586423717, 0.12275060516209285, 0.16333550388443113], [0.1546061788772288, 0.14164346440948666, 0.1499072884740654, 0.12053087771969219, 0.14608823968993517, 0.12237605444733972, 0.1648478963822521], [0.155316685348852, 0.14193882319759432, 0.15150554504919064, 0.12155810776684167, 0.14511014337721892, 0.12106683226185132, 0.16350386299845107], [0.1548764653970785, 0.14051877208684596, 0.1514044504098415, 0.11968442223537293, 0.1464631134392173, 0.12208387385044979, 0.16496890258119398], [0.1531996583658222, 0.14229477428624734, 0.1500388616590457, 0.1207043974744851, 0.14630667069410186, 0.12321171835532786, 0.16424391916497], [0.15886656214428851, 0.1406810997689816, 0.14733324435683492, 0.12074806745940464, 0.1446070859015502, 0.12325049619188572, 0.16451344417705446], [0.16078230305290156, 0.14330585036525392, 0.14483551753740145, 0.12352184644553123, 0.14147070177610516, 0.1218698533525374, 0.16421392747026936], [0.15357546146469117, 0.14703796386425663, 0.14787368562654565, 0.1257074224088849, 0.14196494876988855, 0.12185398386020954, 0.16198653400552357], [0.15433139834525106, 0.1438686885628015, 0.14970427194039412, 0.12143414192177107, 0.14402033212984824, 0.12295001722926417, 0.16369114987066993], [0.1569884123257596, 0.14369452947016984, 0.14899452755171724, 0.12198630109368867, 0.14296222471353134, 0.12168787395288282, 0.16368613089225043], [0.15578400141295806, 0.14435692139807835, 0.14937872461966262, 0.12177805281276391, 0.14187602840683064, 0.12015960468303982, 0.16666666666666669], [0.15569140730764633, 0.14832315883730351, 0.14601940476329203, 0.12601622293901932, 0.13971221665497488, 0.12252793893298242, 0.16170965056478154], [0.1563515064364381, 0.14859577415535474, 0.14905305651489426, 0.12832274323539725, 0.1383552277800017, 0.11902281058265131, 0.16029888129526274], [0.16105283183931401, 0.14877695647009545, 0.14224107827613447, 0.13842436108924397, 0.1331904521511966, 0.12512919217997248, 0.1511851279940431], [0.16666666666666666, 0.14772502378491206, 0.14366420150822143, 0.13263503020824058, 0.13325595654998293, 0.12183451987444659, 0.1542186014075297], [0.14565621961628847, 0.1563237987352495, 0.145215701850245, 0.15578561573665364, 0.1271117079694722, 0.1280298998257077, 0.14187705626638353], [0.14589023273085472, 0.14977341624032836, 0.14466622840097393, 0.14940757617775616, 0.1334204268341779, 0.1346398141955318, 0.14220230542037723], [0.1467464513906844, 0.15221106860959543, 0.14237474431676383, 0.155971723290249, 0.12987464603588247, 0.13158164939538317, 0.14123971696144175], [0.15015758255043077, 0.16666666666666663, 0.1511775596851011, 0.14018927574854118, 0.1271801895495963, 0.12147161437279222, 0.1431571114268716], [0.1503219525013343, 0.15640104046426517, 0.15190965974403875, 0.14152943305904225, 0.1311199637280762, 0.12246008160800974, 0.14625786889523362], [0.14427319147632145, 0.15318766875459833, 0.14306716096990832, 0.16524553122359967, 0.12723849936992065, 0.1260895480542663, 0.14089840015138524], [0.1440355241612829, 0.15247550171767285, 0.14251436823310756, 0.16666666666666669, 0.1272790904203192, 0.12648005537394785, 0.14054879342700297], [0.14697201111474736, 0.1565950055022332, 0.1438481600451123, 0.1585318914122816, 0.12675037494034955, 0.12608896263857586, 0.1412135943467001], [0.1573301695505826, 0.13899782181905634, 0.1483403715257042, 0.11934472917369564, 0.14715690577128254, 0.1235392467786982, 0.1652907553809805], [0.1583749930891677, 0.1405049029175497, 0.14650029934189274, 0.12078274440050923, 0.1457591655547087, 0.12338787550779579, 0.1646900191883762], [0.15805725420187317, 0.13922475816802174, 0.14750696000318195, 0.11973438593280603, 0.14667918858042112, 0.12359636792478126, 0.1652010851889147], [0.1579942748160309, 0.13968349013794149, 0.14687134352835288, 0.11994247365585152, 0.1464722197560927, 0.12382701625909294, 0.16520918184663755], [0.15596981106018112, 0.13744451124295345, 0.1480466711267283, 0.11850885559147664, 0.14938723639861104, 0.12699011154145232, 0.16365280303859717], [0.15570283213487549, 0.13895809614145704, 0.14864035786685761, 0.11873090993266576, 0.14827408331698325, 0.1247331538663308, 0.16496056674083018], [0.1556792906438966, 0.13793868273141005, 0.1491491433884211, 0.1180228678327096, 0.14871302124266056, 0.12483743545260599, 0.165659558708296], [0.15833123674337313, 0.14018673041021948, 0.14718718439891437, 0.12025539290615886, 0.14585919704584857, 0.12343689250410232, 0.16474336599138326], [0.15380041828307447, 0.14035620947133623, 0.149486294167548, 0.11923069606271784, 0.14791316966747525, 0.12400558302301538, 0.16520762932483288], [0.15512356517750434, 0.13970006839657217, 0.1498866179066595, 0.11902409578486614, 0.14764491382473013, 0.12344817703308236, 0.1651725618765854], [0.1549379312061277, 0.13819407575424625, 0.14935698508532566, 0.11777293712329975, 0.14845356592095388, 0.12461783824338012, 0.16666666666666666], [0.15775625941343774, 0.14100194202395275, 0.14820441613788923, 0.1207474531692004, 0.14505570908894264, 0.12207841116548937, 0.165155809001088], [0.1573936850688875, 0.14178087917358279, 0.14680810533027303, 0.12107497037804635, 0.14494407897301434, 0.12323830606410062, 0.16475997501209544], [0.15734548947486038, 0.14219302154082475, 0.1476038492358596, 0.12144648402488366, 0.144467540182092, 0.12218688527139081, 0.1647567302700888], [0.16666666666666669, 0.14720352119248262, 0.14746208638870828, 0.12569396297915345, 0.1350870070079821, 0.12055015254023671, 0.15733660322477025], [0.16292740846155987, 0.14635760191827854, 0.14980423251151045, 0.12490523763486294, 0.13694984738574972, 0.12167231461743618, 0.1573833574706022], [0.15919885937093267, 0.15412334626792829, 0.15072106643787242, 0.13196674498299094, 0.13110663569084083, 0.1223550478156037, 0.15052829943383114], [0.15578871833863953, 0.1581995377165305, 0.15079072708211116, 0.13746488843475785, 0.12855711333506803, 0.12106725836156172, 0.14813175673133117], [0.14918380538403572, 0.1595884137812565, 0.14571236706207036, 0.15048224838546734, 0.12673119196594615, 0.12644989047751076, 0.14185208294371301], [0.1572946652477491, 0.13855470576926335, 0.14765087579301484, 0.11903782132570073, 0.14730721393978324, 0.12348805125782203, 0.16666666666666666], [0.1584576812110833, 0.1376331522320434, 0.14592953909464138, 0.11914069855618083, 0.1468876361518894, 0.1252846260874951, 0.16666666666666669], [0.15618873805133845, 0.13905407832891972, 0.14891302755842498, 0.11898475345378828, 0.14737660073619885, 0.12281613520466292, 0.16666666666666663], [0.15859427241404142, 0.13995300368676694, 0.14626671210187456, 0.12009791132170992, 0.1454242119308106, 0.12299722187812992, 0.16666666666666666], [0.1558783887492391, 0.14106515927021201, 0.14856994298769766, 0.12054052829399538, 0.14555340130371053, 0.12172591272847859, 0.16666666666666666], [0.15415954391031766, 0.14049124167588328, 0.14896988777497083, 0.11922400332499973, 0.1472499973331112, 0.12323865931405073, 0.16666666666666669], [0.1518591591092758, 0.1403867406726211, 0.15044273501751296, 0.11901216561959703, 0.14817405766950437, 0.12345847524482202, 0.16666666666666666], [0.15287896832083456, 0.1402956330121532, 0.14978248176396233, 0.1189022807514892, 0.1479283400515713, 0.12354562943332267, 0.16666666666666666], [0.1555527379734323, 0.13890048135734182, 0.14865789010765945, 0.11822978527955777, 0.14773767838403712, 0.12425476023130484, 0.16666666666666666], [0.15692519208281383, 0.1404473694614776, 0.14856179581232562, 0.11997568015917326, 0.14558539376314208, 0.12183790205440108, 0.16666666666666669], [0.1544106489585271, 0.14137486635180285, 0.14908277620635182, 0.120149423158003, 0.14678164572429128, 0.12341747722554466, 0.1647831623754792], [0.1544738401077281, 0.14031719290451466, 0.14856791839736097, 0.11895399530638891, 0.14705063397968482, 0.12396975263765593, 0.16666666666666669], [0.15683948839206657, 0.14360545328684013, 0.1488400361796023, 0.12247817118006472, 0.14292389623355983, 0.12151393751700389, 0.16379901721086254], [0.1580433213284654, 0.14262539772438376, 0.14647869719656936, 0.12225604675515266, 0.14415793676130711, 0.12297082757787108, 0.16346777265625057], [0.15858678422843603, 0.14058694128155902, 0.14980662886999213, 0.12185337938467278, 0.14452433314959576, 0.12124730934600907, 0.16339462373973532], [0.156851238601271, 0.1399683195533945, 0.14900258423383064, 0.11951892360128094, 0.14624182814130143, 0.12285421073056274, 0.16556289513835865], [0.15705995171336048, 0.14043283859853598, 0.14844529044592514, 0.11969974735408176, 0.1454460183549479, 0.12224948686648213, 0.16666666666666666], [0.1544218866726575, 0.14476710314262944, 0.14655405018667092, 0.12364570701976144, 0.14427567194770907, 0.12352524074169163, 0.16281034028887986], [0.15629012043972387, 0.14075393064781025, 0.14798590230672976, 0.1200217037808868, 0.14608225483806878, 0.12414655455290355, 0.164719533433877], [0.16666666666666669, 0.14192111903261204, 0.1435664541310687, 0.12511593250533334, 0.13974921621216263, 0.12194745890042429, 0.1610331525517324], [0.15863987198594454, 0.1418035762696334, 0.14939444668484073, 0.12388290840013629, 0.14243704724094955, 0.11994069200952058, 0.16390145740897483], [0.15671865135468413, 0.1398711329127142, 0.14961016716416328, 0.11959877439761599, 0.1463180694919596, 0.12305120597449809, 0.16483199870436469], [0.1580783324037978, 0.14312553158502822, 0.14655956533568523, 0.1224028525848554, 0.14347159797817272, 0.1224417345070987, 0.16392038560536187], [0.15611584767471604, 0.14232062306403975, 0.14934941959819106, 0.12134859398659345, 0.1444410952748291, 0.12164840148153208, 0.16477601892009852], [0.1581429713648963, 0.14108551639554237, 0.14878242740307374, 0.12087788324696981, 0.14432989294812193, 0.12213393624654535, 0.16464737239485058], [0.1653739959501793, 0.1427764612699453, 0.14391152765431597, 0.12646525449588433, 0.13912082616769036, 0.12138350851418336, 0.16096842594780142], [0.1596740883108286, 0.14057041316903712, 0.14631519044492536, 0.12120071657289685, 0.1436665646857955, 0.12375306996795964, 0.16481995684855696], [0.1594177052374093, 0.14074071171052516, 0.14598817933712882, 0.12147793024613934, 0.1435315583575922, 0.12422132902332231, 0.1646225860878828], [0.15973187131313338, 0.14177001024707836, 0.1456590713521092, 0.12172043363687034, 0.14203753529195018, 0.12241441149219195, 0.16666666666666669], [0.15983350962905715, 0.140859613881632, 0.14816082496566538, 0.12232697511910663, 0.14239607648851305, 0.11975633324935918, 0.16666666666666669], [0.16436596963518804, 0.14115607748429143, 0.1439130009307035, 0.12389424433631124, 0.14155560134890324, 0.1238124992084843, 0.16130260705611824], [0.14625246452340865, 0.1368478746036883, 0.14575750089006098, 0.1239869999179445, 0.1528690136289964, 0.1439180632963771, 0.15036808313952416], [0.15756396220024976, 0.1512605563516546, 0.1501242998093689, 0.13090577905423956, 0.13357396818113115, 0.12136140415394787, 0.15521003024940802], [0.15047008945229942, 0.16195815663647517, 0.1451023394050785, 0.14326266151388103, 0.12890175974744789, 0.12093122157630658, 0.14937377166851132], [0.14751844380925425, 0.16666666666666666, 0.14383172816891646, 0.14552117703979475, 0.1279818065147025, 0.12088864703944763, 0.14759153076121775], [0.14868816833991066, 0.15678511591310212, 0.15191692316992314, 0.1456568931728156, 0.12825724480811504, 0.12318502361888604, 0.14551063097724742], [0.14935459279566213, 0.15154185474577278, 0.15558173236563708, 0.13627973145245828, 0.1325830922010329, 0.1264975876204255, 0.14816140881901144], [0.1499043332716928, 0.15956561679855086, 0.15353885069277692, 0.14173426215307755, 0.1275077958789651, 0.12293618903170231, 0.14481295217323453], [0.14875106897694204, 0.16666666666666669, 0.1490221450782823, 0.14604452292684805, 0.12492791170298484, 0.12247224933914944, 0.14211543530912674], [0.14109406629104637, 0.13737228813637659, 0.14166929856761964, 0.12795748195131243, 0.14385134960331164, 0.16666666666666666, 0.14138884878366662], [0.14117548629871116, 0.1374258971107528, 0.14181553384360382, 0.12803106045471974, 0.14412304502866757, 0.1658698370251741, 0.1415591402383708], [0.14837175949669357, 0.1649932836167722, 0.14819946456234775, 0.14812639220360563, 0.12519126447497544, 0.12300474818078633, 0.14211308746481904], [0.15746468654772067, 0.14758055812339294, 0.1514600938178175, 0.1284658151244635, 0.1359373699959855, 0.12528975776182896, 0.15380171862879086], [0.1510281663221895, 0.15739155445400752, 0.15276928298311304, 0.1427815538685156, 0.12820663240369398, 0.12111663518619166, 0.1467061747822887], [0.16291285873548705, 0.14712748242783644, 0.14915276259814994, 0.12555270812710262, 0.13742699148736748, 0.11996495401367041, 0.157862242610386], [0.16666666666666666, 0.14753003320064836, 0.14823709023398624, 0.12671446269769618, 0.13575628769076784, 0.1175704761117653, 0.1575249833984694], [0.16051185696215536, 0.14725915045561908, 0.1502064145601975, 0.1242910507191541, 0.1394175073908806, 0.12185498934070094, 0.15645903057129248], [0.1620237068743476, 0.14702065258584793, 0.15084666652738662, 0.12449037459885809, 0.1385711984624315, 0.12032466748454332, 0.15672273346658494], [0.15035651278307088, 0.14083995456585935, 0.16666666666666666, 0.12042011598661524, 0.14555215646643294, 0.12337311745909012, 0.15279147607226473], [0.15476505499284907, 0.15528182119881664, 0.15524854345587052, 0.1293376447331615, 0.13408686291981206, 0.12329318508263483, 0.1479868876168553], [0.1511238011868424, 0.1593516319061052, 0.15637833678479285, 0.13676918468499585, 0.12910669518205928, 0.1227366851983924, 0.1445336650568121], [0.15077505081931472, 0.16155893449134473, 0.15164936367034848, 0.13990268166020084, 0.1296709154376683, 0.12205268887895356, 0.1443903650421693], [0.14601747060569786, 0.14485075786427998, 0.15338283920878118, 0.12983357923545805, 0.14528735424796896, 0.13423010921968373, 0.1463978896181302], [0.14505628997781175, 0.13346673674538193, 0.14869106642342889, 0.11699293270945475, 0.16666666666666666, 0.13679486477566793, 0.1523314427015881], [0.14807516331518095, 0.1350403310350601, 0.14613646369199215, 0.11921658488335198, 0.1585213107234083, 0.13873198979187124, 0.15427815655913524], [0.15941186949384023, 0.14102113589834842, 0.14709256853932604, 0.12090265888595855, 0.1429705726206721, 0.12193452789518795, 0.16666666666666666], [0.15558975955424562, 0.14646381808749295, 0.1478268663269783, 0.12796334859869046, 0.13851032594215248, 0.13156593880432266, 0.15207994268611738], [0.15162712279525914, 0.14486717403296132, 0.1511565463595695, 0.12564405571010673, 0.1434044757579319, 0.13212257203925004, 0.15117805330492134], [0.15685204017928106, 0.14500579713067988, 0.15438084157857662, 0.12310141107376071, 0.14269512190547345, 0.12235010975277559, 0.15561467837945261], [0.14961587401232204, 0.14925163059385085, 0.16213218477689784, 0.12634939485200178, 0.13892035687308243, 0.12721097466297934, 0.14651958422886566], [0.14920519745818808, 0.14879152206388363, 0.16519825757761922, 0.1272260864593072, 0.13677728269785935, 0.1259498831467172, 0.14685177059642524], [0.14849884805826896, 0.14759326744443865, 0.16501463146560574, 0.12543657677179362, 0.14027691776303572, 0.12730896239585254, 0.14587079610100476], [0.148653382136421, 0.14750002600099132, 0.16397907297486058, 0.12591428453974793, 0.14043128035330987, 0.12704415348199175, 0.1464778005126776], [0.14913871144509527, 0.1487865847932304, 0.16666666666666666, 0.1268390977714575, 0.13647388518439613, 0.12538049814920654, 0.14671455598994743], [0.14939891536445746, 0.1499557970102066, 0.16666666666666666, 0.12827337847679285, 0.1347532209401874, 0.12434560337880415, 0.14660641816288492], [0.14986664529530927, 0.14990229068559457, 0.16290906966964783, 0.12676691976043872, 0.13781881857318126, 0.12622291920527157, 0.14651333681055667], [0.14951167614240066, 0.14951514497526822, 0.1645107296156121, 0.12696249322142078, 0.13687583966943906, 0.12621110710687428, 0.1464130092689849], [0.14958220875202194, 0.14958484316451778, 0.16142450457222288, 0.12649966902393575, 0.13876293603445333, 0.12805136593709998, 0.14609447251574828], [0.1490247464654227, 0.14791682787350593, 0.16149375541809893, 0.12562449983323465, 0.1409967925244943, 0.12848063387218298, 0.1464627440130605], [0.1448765200020477, 0.14705632195083768, 0.14808890937921815, 0.13485457879967536, 0.14027036318832484, 0.1369511586202259, 0.1479021480596706], [0.1490518531702017, 0.14770583623727676, 0.16110605114655993, 0.12613093720841825, 0.14076793738057108, 0.12823128087142754, 0.1470061039855448], [0.14807301170956383, 0.14665679955278055, 0.16429323633166648, 0.12518838375074323, 0.1416325618701761, 0.12823052404636726, 0.14592548273870262], [0.14959742978552415, 0.14921830560966054, 0.1621855312023327, 0.12617315589903785, 0.13918143106839442, 0.12723609649623674, 0.14640804993881362], [0.1485277061500379, 0.1480745443424511, 0.16666666666666669, 0.12516982924488096, 0.1396110962058027, 0.126604762348111, 0.1453453950420497], [0.14877181668618195, 0.1484248605313155, 0.16666666666666666, 0.12522210498225853, 0.13919283808598182, 0.1262060425290741, 0.14551567051852143], [0.14446252832145268, 0.1409809237050316, 0.1541032483599806, 0.1250925096628308, 0.15025371152704414, 0.1394743323299788, 0.14563274609368143], [0.15010275913291193, 0.15114814096167523, 0.16278190400617965, 0.12867566830434254, 0.1353153793988684, 0.12599741659687388, 0.14597873159914854], [0.1491154512969532, 0.1485356357085279, 0.16666666666666669, 0.12696960056413603, 0.13638573480218247, 0.12680192076017247, 0.14552499020136136], [0.14825442995036409, 0.14720604510106441, 0.16510774808168868, 0.12509005900860518, 0.1409029280500255, 0.12777045074594154, 0.1456683390623107], [0.14855768443429887, 0.14701284279563967, 0.16265307070966023, 0.12634549599282657, 0.1410384614155976, 0.12745778586932827, 0.14693465878264883], [0.14869710582935206, 0.14726159619350315, 0.16243808969799675, 0.12662780491478454, 0.1408306822668924, 0.12706447369126334, 0.14708024740620776], [0.14875692087563455, 0.14750302115886102, 0.16221082409876028, 0.12704456389562785, 0.14030251241169836, 0.12716954665261046, 0.1470126109068075]]