[[0.1618806524418069, 0.14499137776678084, 0.14635281183521598, 0.126747004213904, 0.14063382201903668, 0.13339101250030413, 0.14600331922295146], [0.164005637447845, 0.1417607874925218, 0.15202026053853693, 0.12653848364494644, 0.1404110159339971, 0.12886854473239032, 0.14639527020976245], [0.16666666666666666, 0.142111279766103, 0.1524561136794193, 0.1254595403087291, 0.13934972156961792, 0.1285861038962847, 0.1453705741131793], [0.16440826566280442, 0.1445519673739939, 0.14955905535407227, 0.12619884683197952, 0.13900323171193588, 0.1309324218443035, 0.14534621122091046], [0.16435981550715467, 0.14411830689105404, 0.15171102569438658, 0.12589950111171228, 0.13811993009066378, 0.1304534371634201, 0.14533798354160846], [0.16296509956666108, 0.1451632664685614, 0.1501558353271739, 0.12701792493711642, 0.1389513866443242, 0.13146631491666666, 0.14428017213949637], [0.16412420798384805, 0.14443811210980892, 0.151648927381546, 0.1257671027866217, 0.13764975725971623, 0.13077127810038458, 0.14560061437807456], [0.16367351025432814, 0.14516682916461318, 0.15168355034075992, 0.1256858759356129, 0.13695900920626186, 0.13144999156161166, 0.1453812335368123], [0.16332025179031728, 0.14251243879214387, 0.14891227088096887, 0.12673578734995544, 0.1408379060748378, 0.13010136275772471, 0.14757998235405204], [0.1643339777281636, 0.1458763436598615, 0.150210283539674, 0.1253458658542146, 0.1371616850186435, 0.1318208933442422, 0.1452509508552007], [0.1629867440287737, 0.14550167322056604, 0.150906527910162, 0.12673259139052723, 0.13790772704824625, 0.13165507809503596, 0.14430965830668882], [0.16530664252977462, 0.14683285182839828, 0.14924619571782366, 0.12505522397843555, 0.13629345330785422, 0.13254916458340565, 0.14471646805430796], [0.16342926549113715, 0.14500104407767497, 0.15166831361759386, 0.1265289952931216, 0.13758121758156827, 0.13119898142053915, 0.14459218251836486], [0.1641122044676, 0.14627241990543405, 0.1507405444946144, 0.12524480718466774, 0.13646321610358927, 0.1322005796659827, 0.1449662281781118], [0.16438802720727105, 0.147241542421935, 0.1499622969759656, 0.12523787490918836, 0.13584440210744575, 0.13295894606195313, 0.14436691031624105], [0.1642891180836986, 0.14642153032459856, 0.15066916943563807, 0.12530110240536171, 0.13623914348023788, 0.1322530063810592, 0.14482692988940601], [0.16494282256654394, 0.1477098004801356, 0.1489624330979906, 0.12491615753271644, 0.13548572786104826, 0.13339027160357544, 0.14459278685798954], [0.16289967646076695, 0.14407772569838448, 0.1453331643017005, 0.12602760340016764, 0.13949440760786272, 0.13353110990585604, 0.14863631262526156], [0.16326446659034896, 0.14509522521055365, 0.14809630836378268, 0.12421580002304283, 0.1381989186302898, 0.1326697516460797, 0.14845952953590244], [0.16403483590681886, 0.145811474112811, 0.14933425143172258, 0.12543141577061603, 0.13809494024754973, 0.13176687960178668, 0.14552620292869492], [0.1645228445094168, 0.1466518686338682, 0.14878386229489338, 0.12522577443889196, 0.13726605615646814, 0.13247359675600545, 0.14507599721045622], [0.16239851381329456, 0.14375128033390427, 0.14807535411746348, 0.1254599168621971, 0.13785992584802928, 0.13299674975309078, 0.14945825927202047], [0.16533898926779547, 0.14737325613035193, 0.14824289179055947, 0.12484077094506062, 0.13623940428825643, 0.1330172712645382, 0.144947416313438], [0.16577950587253115, 0.14689793806558274, 0.14928199139677656, 0.12476181300194003, 0.13598902206044167, 0.1324496305640831, 0.14484009903864478], [0.16541863694204803, 0.14495168001869255, 0.15066703455413785, 0.12456533075191908, 0.13691101198012665, 0.1310611354847112, 0.14642517026836477], [0.16486014242550734, 0.14638012845589818, 0.14987296512268589, 0.12509194508135033, 0.13628738739419827, 0.13216306218211896, 0.14534436933824124], [0.16533815448130057, 0.14518601601616696, 0.14944114373073772, 0.12515391871248152, 0.13776570364609048, 0.13115933466409893, 0.14595572874912383], [0.16496601655894758, 0.14632367808818872, 0.1501711847563374, 0.12495933627994178, 0.1364573550427468, 0.13200519823128562, 0.14511723104255214], [0.16490755016530634, 0.14746220322301207, 0.14937987219028814, 0.12501299787312278, 0.13588693998554105, 0.13299284580653356, 0.14435759075619617], [0.1654096925622033, 0.14588981433953283, 0.1498133594761174, 0.12485953504798916, 0.1366961443877039, 0.13167141370547958, 0.14566004048097372], [0.16539797227936168, 0.14774709848920875, 0.1489022394478131, 0.12467332165258928, 0.1353930603385597, 0.1332737094924561, 0.1446125983000113], [0.16437316551466372, 0.14699372475330585, 0.150571036621859, 0.12473537343737076, 0.13540360638458582, 0.13273209972376582, 0.14519099356444892], [0.16490823491828946, 0.14681298925264136, 0.149487197586816, 0.12487072716137709, 0.136216755974609, 0.1325381683219961, 0.14516592678427104], [0.16399702415661815, 0.1476176230222956, 0.15021352944878444, 0.1250857104211632, 0.1353331658001314, 0.1332563580849625, 0.14449658906604482], [0.16595220882830877, 0.14784406339588674, 0.14847796108565903, 0.12428825646457656, 0.13537808148705063, 0.13322584855372924, 0.14483358018478915], [0.16666666666666669, 0.14547017612151958, 0.14964426616958848, 0.12416807053856792, 0.13640359359344237, 0.13131188250630976, 0.1463353444039053], [0.16390035929969482, 0.1441476225202952, 0.14674725289711604, 0.1256975191863396, 0.13964833062756463, 0.13177996644110043, 0.14807894902788926], [0.16666666666666669, 0.147362709695005, 0.14870596450237572, 0.1243605052421497, 0.1354108166165974, 0.13269158565302086, 0.14480175162418468], [0.16666666666666663, 0.1454622149454861, 0.14515241354455707, 0.12375544227928721, 0.13592661130521447, 0.13447050245592723, 0.14856614880286115], [0.16666666666666663, 0.1454622149454861, 0.14515241354455707, 0.12375544227928721, 0.13592661130521447, 0.13447050245592723, 0.14856614880286115], [0.16519844354643065, 0.14780175503068246, 0.1489846825391705, 0.12448297714189586, 0.1349940360449973, 0.1333369236975473, 0.14520118199927579], [0.16500225823339548, 0.14761099089688356, 0.1498385791681737, 0.12448035688014839, 0.13496205502860248, 0.1330933360537559, 0.14501242373904055], [0.16666666666666666, 0.14574524931155267, 0.14953854046494466, 0.12412225231845034, 0.13626648525787785, 0.1314131386417953, 0.1462476673387125], [0.16368539066065915, 0.147589261845232, 0.14453080797613194, 0.12408649543413451, 0.13588340817204994, 0.13610419777771635, 0.14812043813407608], [0.16467735341676326, 0.14796917106178403, 0.14872955288777898, 0.1245962734594166, 0.13519712468631043, 0.13359974957371867, 0.14523077491422817], [0.16666666666666669, 0.14584462333867415, 0.14586804936249473, 0.12436201958824211, 0.13736372890090323, 0.13257587243215546, 0.14731903971086371], [0.16477544062367697, 0.1469999593942996, 0.1489816335948557, 0.12401094125569184, 0.13553559578422067, 0.1328484083655225, 0.1468480209817328], [0.16410684483906643, 0.14691854811389088, 0.1442019612073732, 0.12374768402985731, 0.1358831302875816, 0.13614145179230375, 0.14900037972992675], [0.16666666666666663, 0.149879541702083, 0.14342690796956992, 0.12222691831242134, 0.13340614843553852, 0.1373868746866017, 0.14700694222711871], [0.1651799160003515, 0.14562252125306221, 0.14699707078512458, 0.12463128438574869, 0.1372415922419158, 0.1323770508124721, 0.14795056452132507], [0.1632899552936035, 0.14849449860765646, 0.14390610513087226, 0.12362818099798098, 0.13461189788406797, 0.13757443512242376, 0.14849492696339517], [0.16342626179205735, 0.14809965155837346, 0.1469595874249526, 0.12416272845062118, 0.13561287734690464, 0.13422787635289476, 0.1475110170741961], [0.1622951558847872, 0.1475883884555796, 0.15022309079605273, 0.12306600916865217, 0.1338056174353687, 0.13356438946758303, 0.1494573487919766], [0.1622343228263539, 0.14875837622513485, 0.1495022247709238, 0.12304089210548805, 0.13348222035470478, 0.13432164061036211, 0.14866032310703256], [0.16210000550978582, 0.1483769271318104, 0.15043419514498282, 0.12282708768685342, 0.1333239938611376, 0.13402633238491585, 0.1489114582805142], [0.15990467309793552, 0.15086225061658795, 0.1506494003446541, 0.12389038386399907, 0.13181472622938462, 0.1365393376221114, 0.1463392282253275], [0.16363899960110406, 0.1458570749663976, 0.15043274042160035, 0.12570878259786455, 0.13694973535213759, 0.1320088813104705, 0.1454037857504252], [0.16503686897146053, 0.14627878797083535, 0.14981375045804043, 0.12516228562799592, 0.13664115545245187, 0.13198778328019048, 0.14507936823902542], [0.16384996267042642, 0.14353205527866272, 0.1515958679016421, 0.12643142566649776, 0.13883756862189028, 0.13021416318096843, 0.14553895667991237], [0.1644805359679722, 0.1443834283517931, 0.1504818441610039, 0.12572840179274258, 0.138231278308205, 0.13081940717014887, 0.1458751042481343], [0.16666666666666666, 0.14540176592045548, 0.14959086248222567, 0.12283243555200599, 0.13621057346653215, 0.13180749050658436, 0.14749020540552962], [0.1614594229149988, 0.14420615448792093, 0.1469299627910094, 0.12552845324298711, 0.14170827548553785, 0.13225813823551252, 0.1479095928420333], [0.1633324048562787, 0.14770321359907418, 0.14476220906055762, 0.12443891289212414, 0.13654441006114876, 0.1357035105498522, 0.14751533898096433], [0.163864499791386, 0.14584362849114996, 0.14406332821068632, 0.12461469838101796, 0.1372726954246815, 0.13549759471791975, 0.14884355498315846], [0.1639111458380377, 0.14829847544330757, 0.14524290723904731, 0.1234127243634817, 0.135384236110849, 0.1358481939052379, 0.14790231710003895], [0.16289769208546145, 0.14725205757722337, 0.1461721832290466, 0.12346884824422742, 0.1364163104164484, 0.13487597682952213, 0.1489169316180706], [0.1644823653346607, 0.1505215459391721, 0.14451925118567907, 0.12250707670911834, 0.13346104075724555, 0.13742060793952665, 0.14708811213459766], [0.164133835761951, 0.15065357098530796, 0.14485857900129137, 0.12245084537582529, 0.13329718205734045, 0.1374547388306492, 0.14715124798763463], [0.16435742068074613, 0.15033219661973793, 0.1446436917681152, 0.12251772947803895, 0.1335169303276878, 0.13721352820006041, 0.1474185029256135], [0.16522251263933363, 0.15042424033962898, 0.14338842173394675, 0.12198019301290096, 0.13284998494549244, 0.1381772804639061, 0.1479573668647913], [0.1584186114286927, 0.13925796828424936, 0.1503165397159724, 0.12978495851849897, 0.1459263565018541, 0.12882760729865045, 0.14746795825208198], [0.16666666666666666, 0.14307265098793207, 0.14719995603129474, 0.12642830132223354, 0.14056351802381403, 0.13041076126242354, 0.14565814570563537], [0.1637637541037009, 0.14362625420545722, 0.15162552531098572, 0.12713648452535936, 0.13932583821357722, 0.13004184971848004, 0.14448029392243955], [0.16483401388126614, 0.14300632727428855, 0.15131784689962055, 0.12656929310600618, 0.13971988396179852, 0.12943260250314595, 0.1451200323738742], [0.16362670846845148, 0.1440048421482783, 0.15139190270371736, 0.12716577130410398, 0.1390461910635979, 0.1303276250228253, 0.1444369592890256], [0.16386408183831477, 0.14421683510554587, 0.15133477480141824, 0.1268544629282205, 0.13874055272167468, 0.1304752728134419, 0.14451401979138412], [0.1649397693565444, 0.1429571598518556, 0.1493501068016375, 0.12696644945878482, 0.14070820389478395, 0.1296313175313406, 0.1454469931050532], [0.16411175602606554, 0.1444492621378338, 0.15029017730436184, 0.12661138470180142, 0.13918156538361662, 0.13065210232108643, 0.14470375212523431], [0.16372756285774404, 0.14220166187692496, 0.15281191706431901, 0.1257086100102167, 0.13929034184092012, 0.12928526157856657, 0.14697464477130856], [0.16261342488154265, 0.1445839983711843, 0.1499996926906346, 0.12761965851074988, 0.1400001156716213, 0.13093133290605607, 0.14425177696821115], [0.16215896582414963, 0.1443039703350843, 0.1492580486015185, 0.12806582063509417, 0.14103053353679018, 0.13087584746537073, 0.1443068136019926], [0.16428993804462746, 0.1433557278189762, 0.15256449571893616, 0.12637106614184337, 0.13860869311344076, 0.1297007472325936, 0.1451093319295823], [0.16480785827964597, 0.14362976578336076, 0.1509174852597846, 0.1262550418124644, 0.1386960556804917, 0.13003147361805112, 0.14566231956620157], [0.1645323903032793, 0.144173040615337, 0.1505654223227719, 0.12653939842860942, 0.13896300881356496, 0.13035493496733092, 0.14487180454910661], [0.15827402474827074, 0.13846477562702894, 0.15101871669089428, 0.132669062214689, 0.14646845662265154, 0.127249912650656, 0.14585505144580949], [0.1649880111591937, 0.1441100821222046, 0.15051562228475643, 0.12531779574948418, 0.1387513906245186, 0.130373485561486, 0.14594361249835636], [0.16509958121261636, 0.1439872740683345, 0.15270968711449912, 0.12496543607736293, 0.137642022093984, 0.1301378870143752, 0.14545811241882778], [0.16666666666666666, 0.14311384791581272, 0.15021662046989664, 0.1259462065040183, 0.13921158063278544, 0.12937398126221097, 0.14547109654860918], [0.16433195162413142, 0.14475326005775174, 0.15054531125853585, 0.12612561629217714, 0.1384513402101629, 0.13080742032127407, 0.14498510023596697], [0.16200244504707575, 0.14584695623426935, 0.1505316030997317, 0.12715042191420445, 0.13841994505125024, 0.13207396621352696, 0.14397466243994148], [0.16243211010463862, 0.1478552371495972, 0.14643129213762437, 0.12594095228586824, 0.13725126711001054, 0.1344152622218618, 0.14567387899039913], [0.1646382065827892, 0.14571842841882934, 0.15088707382615357, 0.12496536847730007, 0.13708591420739763, 0.13151003003122572, 0.1451949784563044], [0.16404815412326426, 0.1457990661208567, 0.15227980407010702, 0.12339555727514617, 0.13629612806409028, 0.13181831981555825, 0.14636297053097727], [0.16666666666666666, 0.1444191542008712, 0.1520500738420112, 0.12396981854087735, 0.13675525467878905, 0.13019839632516753, 0.14594063574561703], [0.1634323241850261, 0.14613646218824608, 0.15110257154769255, 0.1259916077158432, 0.13672906598292692, 0.13195420301469815, 0.144653765365567], [0.16462785204837974, 0.14530714963222127, 0.14813664555404435, 0.12505465702687404, 0.13829855849254724, 0.13167255432192343, 0.1469025829240098], [0.16266307115503761, 0.1483856679588451, 0.14645712418478585, 0.125197337848278, 0.1361822642923876, 0.1347946080509525, 0.14631992650971326], [0.16172574797996206, 0.15017571728120999, 0.14921138604852663, 0.12504378885029171, 0.1334802000600279, 0.13590275010395866, 0.14446040967602303], [0.1622064520583557, 0.14760295752355929, 0.15063673375352413, 0.12535322189795586, 0.1352912656934046, 0.1331263209861687, 0.1457830480870318], [0.16319366064708996, 0.14786119675791218, 0.14983359972625182, 0.12382346450956704, 0.13494885979935262, 0.133233197226021, 0.1471060213338053], [0.1622181697167217, 0.14866709096599195, 0.15072866710764377, 0.12379114502440457, 0.13386758221833192, 0.13407694113021967, 0.14665040383668637], [0.16039319393001403, 0.15199301112291105, 0.14687243234582176, 0.12435150044882919, 0.13305062511754348, 0.1370925534102357, 0.1462466836246448], [0.15858282765331635, 0.15188426245521927, 0.15051525082663392, 0.12297796655323927, 0.13062288904969035, 0.13804982231267207, 0.14736698114922872], [0.16666666666666666, 0.14875648365722768, 0.13938788453279638, 0.12326777238865536, 0.1315736125165947, 0.14286397487287136, 0.14748360536518781], [0.16028829511037956, 0.14967885396094555, 0.14256421345185563, 0.12284310480082873, 0.13291710893763597, 0.1410423738383884, 0.15066604989996624], [0.1468673143945034, 0.15346007166673875, 0.14124061170885507, 0.12526714225545182, 0.12359150153328843, 0.16666666666666666, 0.14290669177449586], [0.14610472301211255, 0.14826706306028292, 0.1413502474185256, 0.13360601047225, 0.1357628900649008, 0.15251343471916656, 0.1423956312527616], [0.14874357589025747, 0.1488914610588228, 0.1408321208358842, 0.1316047290074385, 0.13117407991423452, 0.15470057016711447, 0.144053463126248], [0.14858407071611188, 0.16666666666666669, 0.14764898782447122, 0.11716398899900568, 0.12030016607996, 0.1448514682158232, 0.1547846514979614], [0.14818926256111062, 0.15643537952469397, 0.15068734909728754, 0.12260795496378463, 0.12454090688637265, 0.1454894928025191, 0.15204965416423152], [0.14610472860142656, 0.15261234505085494, 0.14258184932057333, 0.12831259159533814, 0.12753105258532896, 0.15850089788189778, 0.14435653496458048], [0.14618996898622974, 0.1522455155112759, 0.1422777027872999, 0.12897151767421086, 0.1280942008468295, 0.15819835125727874, 0.14402274293687528], [0.14840441502679672, 0.15283617971757904, 0.14212634793644185, 0.12654434811340434, 0.1264412441101661, 0.157813294822561, 0.145834170273051], [0.16411062026993029, 0.14390402016747902, 0.14958774604525213, 0.12647470341345757, 0.1395885688658373, 0.13069550154832524, 0.1456388396897185], [0.16324064961546939, 0.14550597128397616, 0.14808206865958515, 0.12678249105056738, 0.13919105842470023, 0.1321993790852757, 0.14499838188042613], [0.1635529908021583, 0.14424045125878587, 0.14883515347546875, 0.1265820968110924, 0.1400302883784693, 0.13110336414741106, 0.14565565512661433], [0.16342195605566015, 0.1446621842619858, 0.14825280258864063, 0.12681667309781142, 0.14012841893731387, 0.13146225004898918, 0.14525571500959908], [0.16240544689248496, 0.14184115961570123, 0.14874696353835304, 0.12848233480294563, 0.14335030103191762, 0.12938100208774597, 0.14579279203085166], [0.16504564786640172, 0.1433613649209275, 0.14953930793382778, 0.12682432708203412, 0.1401993219759187, 0.1299662022040332, 0.14506382801685694], [0.16491448826007657, 0.14251345489688572, 0.1500126925346836, 0.12689946193488713, 0.14067600337422292, 0.12927222411215586, 0.1457116748870882], [0.16394069208232684, 0.1450516904704765, 0.14844151312861772, 0.12622055723221773, 0.13912392038757232, 0.1315802490679683, 0.1456413776308206], [0.16356005462133677, 0.14463227835119355, 0.15060043207252818, 0.12677213132441917, 0.1389753913927, 0.1308845352851332, 0.1445751769526892], [0.16498204547418346, 0.14404626689590744, 0.1508150716817057, 0.1258394912912227, 0.13872586324115965, 0.13021790143422868, 0.14537335998159237], [0.1650712771944219, 0.14268221722990068, 0.15016626025208132, 0.12658373648791033, 0.14052894798727938, 0.12923951637926806, 0.14572804446913834], [0.1652302829620166, 0.14565967486727557, 0.14941898836595338, 0.125011729438099, 0.13717121801767818, 0.1317716271666453, 0.14573647918233182], [0.16371278560856684, 0.1463533041944838, 0.14800972117802963, 0.12586609996407952, 0.1383427843844932, 0.13247621545513744, 0.14523908921520962], [0.1647240155357152, 0.1466797489113993, 0.14882647692946985, 0.12503967514555217, 0.1368306137029534, 0.1325223537894046, 0.14537711598550554], [0.16666666666666666, 0.1479582642620247, 0.1457460726252767, 0.12002357771884155, 0.13054602495861556, 0.1359150661391971, 0.15314432762937769], [0.16286080450609178, 0.1481201188369122, 0.1478222883397934, 0.12087087174940685, 0.13195365964445765, 0.1355238927217075, 0.1528483642016306], [0.15853412754052218, 0.1530068278579203, 0.14715037288612745, 0.11841073828258353, 0.12627584817222162, 0.14033148259621303, 0.15629060266441208], [0.15494366368778126, 0.15754176784274893, 0.14696113965138927, 0.11752486315038652, 0.12285921370634208, 0.14518867535488206, 0.15498067660647], [0.14925204172795292, 0.15494585260630914, 0.14270147166402483, 0.12469369360377977, 0.12574139088012923, 0.15466089961949184, 0.14800464989831225], [0.16332397673060553, 0.14388104131680113, 0.1492648265938617, 0.12715280343045574, 0.14019240893572443, 0.13088995069136755, 0.14529499230118395], [0.1646306403022272, 0.14263000437263423, 0.14703004272567685, 0.12748073959255316, 0.14226213190182527, 0.13030235936503592, 0.14566408174004722], [0.16395744614535168, 0.1440909128042418, 0.15035654348949692, 0.12638154173148528, 0.13923389905455233, 0.13071011450786457, 0.14526954226700747], [0.16346229914283059, 0.14522935108926852, 0.14792770002552866, 0.12655283864169, 0.13946139480195624, 0.13204731994716915, 0.14531909635155688], [0.1634535455254304, 0.145928613015566, 0.15024253092986634, 0.12587955758057617, 0.13725388291312135, 0.1322423786260416, 0.1449994914093981], [0.1637237849810362, 0.1450395172320527, 0.15031323756121193, 0.12653524818771233, 0.13869469895597294, 0.13116911686957808, 0.1445243962124358], [0.16294775004448517, 0.14472093704115055, 0.15180535386712013, 0.1270874535567414, 0.13830321814416632, 0.13102990422312594, 0.14410538312321047], [0.1635147578747376, 0.14468822747480387, 0.151070677768921, 0.12683559268673208, 0.13869217339587525, 0.13087980136719088, 0.14431876943173927], [0.1655579900091008, 0.14344962823037127, 0.14958531600649497, 0.12643891195967247, 0.13980799642465505, 0.12978765457889793, 0.14537250279080763], [0.16467784475157082, 0.14534907182046425, 0.1499706420865705, 0.1253262913674819, 0.13743931188717537, 0.13158641965364404, 0.1456504184330931], [0.1636755972340271, 0.14559563274334675, 0.15024579110624584, 0.12627801891521706, 0.13787433525353096, 0.13164665354904015, 0.14468397119859205], [0.16380967100086374, 0.14479125829095563, 0.14966425563101585, 0.12655613131510032, 0.13924599683133157, 0.1309035014447906, 0.14502918548594218], [0.16380580824307528, 0.14777705477737652, 0.14978303592049033, 0.12390244340539462, 0.13465877190713094, 0.1333692774332648, 0.1467036083132676], [0.16348669334599295, 0.14713242016327463, 0.147775843506036, 0.12577843517293083, 0.13729870955874585, 0.13334661548696758, 0.1451812827660521], [0.16547391843120118, 0.14493224225583115, 0.15058577374193313, 0.12334625240711106, 0.1367648884325164, 0.13149691220561363, 0.14740001252579338], [0.16500575906960338, 0.1445950261407138, 0.1500152752201732, 0.12536600150060273, 0.13817183135574945, 0.13077956354448828, 0.14606654316866904], [0.16514944303614595, 0.14519862302365757, 0.14962124590169137, 0.12511604448995736, 0.13772798559944657, 0.13127234684802327, 0.1459143111010779], [0.16337226078982525, 0.1483884944401012, 0.14776791062557715, 0.12612896314948557, 0.13657361978429805, 0.1341738466321447, 0.14359490457856813], [0.16379068511479553, 0.14509639353655765, 0.148802395118381, 0.12600500987210606, 0.13913120130072992, 0.13134009597389926, 0.14583421908353042], [0.1641715669426949, 0.14504329036910008, 0.1449827475171518, 0.12468923099852089, 0.13779314310732876, 0.13447810598588883, 0.1488419150793148], [0.1634088553352458, 0.14642897363475224, 0.15059874736346096, 0.12319864744593825, 0.13504811309529152, 0.13339045343664657, 0.1479262096886646], [0.16500994125813176, 0.1443635806023806, 0.15047319926387814, 0.1252580798184347, 0.13779522651989384, 0.13058950035728167, 0.14651047217999935], [0.1644108066843348, 0.14755723116059705, 0.14772550881623892, 0.12500619024244264, 0.13652208213997075, 0.13333246974852456, 0.14544571120789118], [0.16486357783458447, 0.14654771416144433, 0.15034807058297325, 0.12424451474841283, 0.1357870319627146, 0.13219608277213604, 0.14601300793773442], [0.16550193745152278, 0.14554575291066127, 0.14957028704230507, 0.12409574968494003, 0.13659248453825099, 0.13155747567745274, 0.14713631269486727], [0.16543797063028823, 0.14637891469872522, 0.1450376866370961, 0.1236245862458726, 0.13568918547052475, 0.13514310596569498, 0.1486885503517982], [0.16666666666666666, 0.14497775946081976, 0.14674213478310671, 0.12465333474196841, 0.13810555860726176, 0.1315629337869779, 0.14729161195319876], [0.16558781454181334, 0.1451344398082111, 0.146364309050333, 0.12499338514233264, 0.13855932896988163, 0.13192474920764036, 0.14743597327978775], [0.16485579972196185, 0.1466886658058859, 0.1465699709566606, 0.12433321091379945, 0.13703119289254986, 0.13301494231551161, 0.1475062173936306], [0.16402500661121885, 0.1460578892370935, 0.14956996962969427, 0.12332836456200351, 0.13596899592406902, 0.13299639893746362, 0.14805337509845717], [0.16235557272241866, 0.14447428125272094, 0.14518920563279847, 0.1262160982878211, 0.1394556311614106, 0.13384288441681375, 0.1484663265260164], [0.146139978569085, 0.1346121372823724, 0.14323084279023188, 0.14127778734895186, 0.16666666666666666, 0.12803077250480452, 0.1400418148378876], [0.1603629725071725, 0.15484547824974088, 0.14740284150099436, 0.11980047661066323, 0.12694583730132858, 0.14093180598271063, 0.14971058784738991], [0.15273750359373756, 0.16666666666666666, 0.14209836127555794, 0.1199731743633489, 0.12365852289707921, 0.15077329021808478, 0.14409248098552488], [0.15093802973849302, 0.16234841453444743, 0.14271878992120274, 0.12317516360101627, 0.12503036702361084, 0.1525012909921993, 0.14328794418903046], [0.1502046517334337, 0.15466837996182808, 0.1492307590993861, 0.12198650732483751, 0.12255026378529553, 0.1521635026945769, 0.149195935400642], [0.15205513449982658, 0.1508919286909851, 0.15325967929260767, 0.12477148806920314, 0.12467406437006406, 0.14435363512474136, 0.1499940699525722], [0.15093243897764233, 0.15756688269255711, 0.149822122429114, 0.11946675213632997, 0.12087519926650249, 0.1495085679130419, 0.1518280365848122], [0.14879830014426307, 0.1585949626598164, 0.14573776282109463, 0.12068145885024283, 0.12206233482154426, 0.1536910028182452, 0.1504341778847937], [0.14174468554749145, 0.13600976735964837, 0.13927685210737428, 0.16666666666666669, 0.14430126534571627, 0.13395576368354253, 0.1380449992895605], [0.1419148185944296, 0.1362138061643709, 0.13956941759745656, 0.1658239514503751, 0.1442110346424722, 0.13405798658137677, 0.13820898496951908], [0.14824789458148246, 0.15826399409827738, 0.14503619518135727, 0.12144270841285078, 0.12241838683483228, 0.15486191579828354, 0.1497289050929162], [0.16666666666666666, 0.1497350630836941, 0.14745405378315998, 0.12052601104698794, 0.12904245694413305, 0.13770327867053436, 0.14887246980482388], [0.15178744638231317, 0.15637369204550197, 0.14974180958231648, 0.11915038915226824, 0.121812158805925, 0.14984145201968282, 0.15129305201199225], [0.1620454492867, 0.14723865349942974, 0.1483895272845174, 0.12009423726817645, 0.13237048231577972, 0.13508157042262212, 0.15478007992277462], [0.16085271409849458, 0.14940549790577498, 0.14880449802303874, 0.11971914493687597, 0.13046061393742267, 0.13679120896273328, 0.15396632213565983], [0.1598035367104295, 0.14682320349770223, 0.14969950992339412, 0.12084839405066138, 0.13370095730954054, 0.13286261029565055, 0.15626178821262168], [0.16001436760058677, 0.14701640314122585, 0.15057771331853073, 0.12031464368234161, 0.13245714592403043, 0.1340093818174186, 0.1556103445158658], [0.15320382808411936, 0.14183960604511528, 0.16666666666666666, 0.12504884220247472, 0.13460621041240273, 0.1294635880972165, 0.14917125849200472], [0.15273912709279083, 0.15334385878638898, 0.15289190633800356, 0.11591002145135444, 0.12507384893327433, 0.13337457073152115, 0.16666666666666666], [0.14999446014297826, 0.15839138076602446, 0.15309392499343302, 0.11696995733319235, 0.12171966842513451, 0.14291953499810509, 0.15691107334113247], [0.14864327221710733, 0.16128904443595493, 0.14940531137372975, 0.11969530824054392, 0.12261177989964389, 0.1435815871880943, 0.1547736966449258], [0.14610690697526657, 0.14493766529525975, 0.1534357576238883, 0.13435932583417728, 0.13862140448575355, 0.13384938074291286, 0.1486895590427418], [0.15353350042827066, 0.13735174421536522, 0.1498240130759524, 0.1386775923340972, 0.15095753462618824, 0.12788578264141987, 0.14176983267870646], [0.15147214729120365, 0.1362030865986884, 0.1461358885369394, 0.13873120719997137, 0.15752673126250183, 0.1276003527679866, 0.14233058634270854], [0.16399593439192087, 0.1461446216012092, 0.1482737496277206, 0.1246338479873107, 0.1367844906909603, 0.13248085888283687, 0.14768649681804144], [0.15483658790189567, 0.1451227103197259, 0.14403639989705802, 0.12923587833755293, 0.13986541150672183, 0.13548880436131341, 0.1514142076757322], [0.1500799921470137, 0.14351266464245463, 0.14962365859834717, 0.12997617802239836, 0.14518771574887535, 0.13140077973617614, 0.15021901110473462], [0.15498319862029047, 0.1452303743916614, 0.15450821951890342, 0.12280957842513514, 0.13588920521254577, 0.1329545554942848, 0.1536248683371789], [0.14826077743512295, 0.14747004003115757, 0.16149762049499883, 0.12317458402764626, 0.13197964839043216, 0.13200696489802835, 0.15561036472261372], [0.14943769489433822, 0.14670304557166933, 0.16666666666666669, 0.12119266036001292, 0.1289169343205457, 0.13331248513848176, 0.1537705130482854], [0.1471231151623022, 0.14555927155663528, 0.16666666666666666, 0.12311183907727163, 0.13420086097549502, 0.13062939956348998, 0.15270884699813914], [0.1476518944717351, 0.14585612233829254, 0.1647402383600506, 0.12364577002576792, 0.1340143833100141, 0.13164032010926838, 0.15245127138487138], [0.1498423483029226, 0.14702137931293685, 0.1650206935180986, 0.12130453409919752, 0.12930305796482544, 0.13364333297760767, 0.15386465382441145], [0.15111540625595785, 0.14845366243426356, 0.1619432806813751, 0.12054137692247505, 0.12824132951894843, 0.1358313570180787, 0.15387358716890145], [0.14861903446420463, 0.14814752656802044, 0.16208008375127908, 0.12198958317739818, 0.13064497457913618, 0.13253955075565377, 0.15597924670430782], [0.1495811374400271, 0.1474211706472638, 0.1635380427210372, 0.1212720174641318, 0.13003252561215048, 0.1330377399467086, 0.1551173661686809], [0.14805047942824218, 0.14753052709344086, 0.16078498060116397, 0.12340736332998727, 0.13220810687011808, 0.13175810909228244, 0.15626043358476524], [0.14721407742735643, 0.14658075221571207, 0.16010938187274482, 0.12575957427016451, 0.13432768648709906, 0.13151456025427033, 0.1544939674726528], [0.14803365817506228, 0.14688496689724348, 0.14813726061410165, 0.13794416403164625, 0.13268502113259398, 0.14187508915126631, 0.14443983999808613], [0.1477107862551265, 0.1463482417767718, 0.1608903306322562, 0.12547930927201345, 0.13358288618023503, 0.13212085248949917, 0.15386759339409778], [0.14678469363703694, 0.14490148976196665, 0.16492906730434245, 0.12485882062232445, 0.13597585806833942, 0.1306536274378087, 0.1518964431681814], [0.14796250325098323, 0.1476263668348034, 0.16068579861568327, 0.12363856356096845, 0.13241550571656271, 0.1319512370721104, 0.1557200249488885], [0.14684259750613243, 0.146533298880303, 0.16486492448312384, 0.12328371985714348, 0.13400437388666792, 0.13092247037550284, 0.15354861501112652], [0.14707822299257375, 0.14695468674746556, 0.16453830267088637, 0.122945173049159, 0.1332163536519982, 0.13112437308427666, 0.15414288780364035], [0.14499235219622164, 0.1398311027737296, 0.15398581595375174, 0.13825706891509587, 0.14679527741576953, 0.13108339205480513, 0.14505499069062652], [0.1500764450273721, 0.14888719786775567, 0.1616858129200625, 0.12007218492034884, 0.12862851226652092, 0.1344566549432359, 0.15619319205470403], [0.15056208287933742, 0.14663440551106108, 0.15980768834303924, 0.12262168087713661, 0.13247471916743567, 0.1343200269212339, 0.1535793963007563], [0.14671111858080876, 0.14541249034424533, 0.16533113787831352, 0.12418564782216508, 0.13519300059419603, 0.1304964368803287, 0.15267016789994264], [0.14794979702164995, 0.14552639882928756, 0.1634000110256349, 0.12449236780762785, 0.13462775690269962, 0.13228510558439927, 0.1517185628287008], [0.14793195049704225, 0.1460352277811292, 0.16270340784403625, 0.1245616804861092, 0.13409818778575144, 0.13273363580630054, 0.15193590979963092], [0.14844509637527228, 0.145916596523614, 0.16295222094589748, 0.12389985539339332, 0.13400613331041092, 0.1329557059093846, 0.15182439154202756]]