[[0.1536188167494764, 0.1405241971082852, 0.16666666666666666, 0.12470503833022695, 0.14458529994247454, 0.12458626128334552, 0.14531371991952471], [0.1543820410716059, 0.13699717583563328, 0.16666666666666669, 0.12398554286768718, 0.14921866347599222, 0.11766144870918183, 0.151088461373233], [0.15413884255121998, 0.13830488559924736, 0.16385072159468816, 0.12390873897568286, 0.14945331918495014, 0.11842218262133938, 0.1519213094728721], [0.15420246512081326, 0.1403227872262072, 0.16492656781913156, 0.12416410210445358, 0.14725670877424313, 0.12042849391375861, 0.14869887504139265], [0.15390214168394079, 0.14000098768861974, 0.16398656008468976, 0.12346555390635873, 0.1479432962458712, 0.11988334054458327, 0.1508181198459365], [0.152698958531714, 0.14106922001267835, 0.16504694625672953, 0.12433238841270268, 0.14771452975234653, 0.12010045330247443, 0.1490375037313544], [0.1541155988764328, 0.14023322643929775, 0.16422807190397187, 0.12318591833094626, 0.14736692462865675, 0.12016910673121274, 0.1507011530894819], [0.15369746963323108, 0.1410644674991545, 0.1639766834187768, 0.12285192510119039, 0.14679105776488505, 0.12097097595684148, 0.15064742062592068], [0.155605105323232, 0.1385499467111184, 0.16666666666666669, 0.12494862611484238, 0.14673021621093293, 0.11938179041070536, 0.14811764856250229], [0.15404543836302062, 0.14151579697406613, 0.16666666666666666, 0.12240681127844734, 0.14572148740532043, 0.12060402087384321, 0.1490397784386356], [0.15258075514033181, 0.14150809147557708, 0.16488013931687354, 0.12381585613147146, 0.14730322788896227, 0.12015650309691304, 0.14975542694987073], [0.15363281609753132, 0.14301203211548694, 0.1649164999561951, 0.12278824717431895, 0.14500516957420295, 0.1223481005122051, 0.1482971345700595], [0.1528148311937252, 0.14095931421450517, 0.16465377296334238, 0.1235944547920956, 0.14760579994426007, 0.11980007102097914, 0.15057175587109242], [0.1535596396018712, 0.1422816998598785, 0.1649883173890424, 0.12239277098720883, 0.14568747356844297, 0.1214461218891826, 0.1496439767043735], [0.15294735289532738, 0.14372062274619712, 0.1636890791633703, 0.12276756853061145, 0.14507653506349347, 0.1228325889035792, 0.14896625269742117], [0.15340304506281346, 0.1425498684422311, 0.16455254236149702, 0.12255297185509001, 0.14565336667912065, 0.12168183348436576, 0.14960637211488204], [0.1533450735902331, 0.14415427891378013, 0.16370748212832914, 0.12276156205991377, 0.14428308765990164, 0.12369973515643723, 0.148048780491405], [0.15591160807473473, 0.14172462132209634, 0.16666666666666666, 0.1244539460453059, 0.1420155207068035, 0.12472056532191604, 0.1445070718624768], [0.15673705581578157, 0.14066670722863425, 0.16666666666666669, 0.1223304258747986, 0.14320058761508847, 0.12312701542438419, 0.14727154137464635], [0.15482220237715089, 0.14170961091445405, 0.16478253095501083, 0.12347428489732426, 0.1457939128335536, 0.12090584751639691, 0.14851161050610934], [0.15427138900406528, 0.14268282618254763, 0.16486730108670147, 0.12323796078009827, 0.14513529672471873, 0.1218791563362787, 0.14792606988558993], [0.1545754915925405, 0.14232986708046236, 0.16666666666666669, 0.12290391281091048, 0.14227835840838363, 0.12432354559408654, 0.14692215784694992], [0.15414790018863894, 0.1436269531801788, 0.16409373941083852, 0.12313149138553373, 0.14435553393787356, 0.12315440600361602, 0.14748997589332052], [0.15394806988256052, 0.14312392288755185, 0.16491545611167324, 0.12266417887812056, 0.1447694574369568, 0.12216714928447499, 0.14841176551866217], [0.15557201137374635, 0.1407314311470016, 0.1648207696944073, 0.12250047660919369, 0.14575653304695255, 0.12073644329802154, 0.1498823348306769], [0.1542637226561913, 0.14230742226513882, 0.16519647709500482, 0.12263573292006433, 0.1451547539594044, 0.12156108882451816, 0.1488808022796784], [0.15539702011210196, 0.14111414255246135, 0.16441106516521625, 0.12358935309148844, 0.14597087523576968, 0.12072560938690154, 0.14879193445606081], [0.15409133475035083, 0.14230173173819582, 0.165371174902021, 0.12244608485704203, 0.14539259600639295, 0.12121989795229225, 0.149177179793705], [0.15324691771110935, 0.14399341780758101, 0.16368922109300094, 0.12290972111787327, 0.14479871629873345, 0.12285501998923287, 0.1485069859824692], [0.15488510630614183, 0.1417764378500657, 0.16517796440630766, 0.12274195835542143, 0.14537615190980327, 0.12108266003767977, 0.1489597211345803], [0.1535940994907035, 0.14422063204381239, 0.1639197157045078, 0.12270147476038887, 0.1441598541809826, 0.12333613393981203, 0.14806808987979292], [0.15383960357564627, 0.1432046542278648, 0.1640715923068137, 0.12210146408341273, 0.14474599878245692, 0.12247669554908837, 0.149559991474717], [0.15415968804596242, 0.14289371477740814, 0.16478377802077976, 0.12262295318544429, 0.1449432699829162, 0.12203330545899252, 0.1485632905284965], [0.15304562115660877, 0.1442268177534592, 0.16310355745894495, 0.12264461928382231, 0.14467050133368725, 0.12306126707584224, 0.14924761593763547], [0.15410766101897416, 0.14430103528300944, 0.163824230426423, 0.12265781299974868, 0.14386146032554661, 0.12346962103762062, 0.14777817890867756], [0.15587761039944897, 0.14147580585987277, 0.16452140644759125, 0.12271586323209771, 0.14504080030732908, 0.12130591513612486, 0.1490625986175355], [0.15701373524801518, 0.14007556893301723, 0.16666666666666666, 0.12441053357646356, 0.14409410780872947, 0.12161787400432185, 0.14612151376278604], [0.1541618298099436, 0.14381669721291906, 0.16417295624327227, 0.12281018272177859, 0.14422511334023996, 0.12276543171906912, 0.14804778895277734], [0.15628714241676508, 0.14306161612690937, 0.16666666666666666, 0.12253562162686965, 0.14006854102485353, 0.1268395758824062, 0.14454083625552946], [0.15628714241676508, 0.14306161612690937, 0.16666666666666666, 0.12253562162686965, 0.14006854102485353, 0.1268395758824062, 0.14454083625552946], [0.1541684250069643, 0.14410731530450083, 0.1639095872804785, 0.12245912124716699, 0.14375831910317965, 0.12346088185291028, 0.14813635020479937], [0.1538858507924432, 0.14402475634100848, 0.1636885065899439, 0.12226005814020648, 0.14417201940084223, 0.12301590507817246, 0.14895290365738328], [0.15596641728127697, 0.14185595461565836, 0.16406026965624013, 0.1228397122621679, 0.14491887301782666, 0.12133657564088961, 0.14902219752594048], [0.157052060310637, 0.14296709070751049, 0.16666666666666666, 0.12240210719567562, 0.13940198880649451, 0.12785492958363215, 0.14365515672938356], [0.15416918961812445, 0.14417180390552153, 0.16445761373535753, 0.12247380322884914, 0.14357717997471067, 0.1233257920951251, 0.14782461744231157], [0.15789937717083244, 0.14185738791194055, 0.16379658587584525, 0.12424535559698005, 0.14297953151444123, 0.12341106914351592, 0.14581069278644435], [0.15626635478766568, 0.1428306842894198, 0.16436651569736266, 0.12224759705542772, 0.14343219627486598, 0.12260609953740415, 0.1482505523578541], [0.15745854225031453, 0.14399683775654087, 0.16451833139237856, 0.12277504455789208, 0.139054994224931, 0.12850338873162082, 0.1436928610863223], [0.15696196361904655, 0.14585189975304633, 0.16447190361228323, 0.1215451968449498, 0.1380032375187552, 0.13009539680556956, 0.14307040184634934], [0.15804499786008416, 0.14141198610420735, 0.16376056108801168, 0.12401207257512838, 0.14332473914461458, 0.12273831992266873, 0.14670732330528524], [0.15718504223091143, 0.1444002454494401, 0.1643321720898768, 0.12239955865919847, 0.1381802061873706, 0.130246417424231, 0.1432563579589717], [0.15803235065601756, 0.14388853962797674, 0.16219775431783842, 0.12307425719722197, 0.14200594607829256, 0.12434623767962558, 0.14645491444302716], [0.1589815220265323, 0.143195997096593, 0.162669426563848, 0.12119497392324506, 0.14154018192748144, 0.12290045092439891, 0.14951744753790125], [0.15812196264181227, 0.14441583342112613, 0.1633509228512754, 0.121016821366158, 0.1409995821386871, 0.12338901791636953, 0.14870585966457175], [0.15836115979414273, 0.1440123427430742, 0.16346222718410455, 0.12053604369526247, 0.1411200626121521, 0.12292227319447661, 0.14958589077678736], [0.15331771463005822, 0.14720665714115444, 0.16666666666666666, 0.11945764335840871, 0.13957637166999265, 0.12478535345988276, 0.14898959307383658], [0.15401316736742068, 0.14169818401972725, 0.16463789911754106, 0.12308376388949986, 0.1460152441185765, 0.12115944446431962, 0.14939229702291482], [0.1540780775981769, 0.14224701862756184, 0.1653203106630469, 0.12278180089448008, 0.14548008717455382, 0.12124555398270648, 0.14884715105947385], [0.1538534276607774, 0.13931876387856565, 0.16376746268919265, 0.12405592671894812, 0.14848945327608712, 0.11980888169899469, 0.1507060840774344], [0.1546414495021682, 0.14006638158939766, 0.16498793650848975, 0.1234656177350313, 0.14697760000088358, 0.12027375551915866, 0.1495872591448708], [0.15673575659466848, 0.14103084779779684, 0.16666666666666666, 0.12094933028254394, 0.14354823679222858, 0.12221187075086633, 0.14885729111522916], [0.1557647562071972, 0.13999182599507098, 0.16666666666666669, 0.12397654010709518, 0.14501828802896288, 0.12239651490034269, 0.14618540809466446], [0.15710283228521318, 0.14327556060875724, 0.16469398967739682, 0.12308120671700176, 0.1405083069364348, 0.12728016654290827, 0.14405793723228788], [0.1567945609942404, 0.14361274820422415, 0.16382128776510757, 0.12396621781597653, 0.13997726007092254, 0.12811316149577825, 0.14371476365375074], [0.15761129575243593, 0.14393156573905666, 0.16425397006878045, 0.12212830121403033, 0.13996045201871235, 0.12750768518305025, 0.14460673002393398], [0.15836493151644476, 0.14288155286529736, 0.16334650014025903, 0.12250144619294505, 0.14089886677088007, 0.1262934870302953, 0.14571321548387853], [0.15699501597664373, 0.1459725745150895, 0.16666666666666666, 0.12036881450607718, 0.1379379708413654, 0.12861211167871786, 0.14344684581543965], [0.1569099111303251, 0.1461766415790281, 0.1660959205213846, 0.12028520323278283, 0.13802555582375312, 0.12871632478419137, 0.1437904429285349], [0.1575471561843106, 0.1457708502431484, 0.1659941540393898, 0.12058298465630325, 0.13809719565136225, 0.12832908325307216, 0.14367857597241349], [0.15784691794547714, 0.1462206686055602, 0.1638742633169085, 0.12121649527747456, 0.13712614856877323, 0.130724912831566, 0.14299059345424042], [0.15253648401464648, 0.13703501396097734, 0.16666666666666669, 0.12712533514571436, 0.14998203643611696, 0.11751696868580455, 0.14913749509007368], [0.15431786977942463, 0.139028395179451, 0.16666666666666666, 0.12554322390599493, 0.14677012342575477, 0.12090195203651577, 0.14677176900619224], [0.15283461884546315, 0.1396422274995267, 0.16350542136168544, 0.1247714248112139, 0.14944344365752882, 0.119077238173758, 0.15072562565082415], [0.15382587981371054, 0.13891624811715267, 0.16431941881395365, 0.12459466012107288, 0.14921412271060777, 0.11856769063188484, 0.15056197979161773], [0.15280262765324154, 0.1399856009749052, 0.1639094380670375, 0.12468247455342649, 0.14901934194451377, 0.11916889035432655, 0.15043162645254896], [0.15295073879938428, 0.14019051516198894, 0.1641471192632542, 0.12433835511029477, 0.14862118879267044, 0.1193862746029396, 0.1503658082694679], [0.15425288877687943, 0.1387541124632724, 0.1653614474375944, 0.1254509783492353, 0.14854831181666306, 0.11894317709055893, 0.14868908406579648], [0.15346700458736376, 0.14034096056124212, 0.16475195351813735, 0.12436091418274246, 0.14808717468939273, 0.1196219136982674, 0.1493700787628542], [0.1551040363044365, 0.137646209507779, 0.1649889945699893, 0.12330566774306967, 0.14841649316308936, 0.11853951717072755, 0.15199908154090858], [0.152715007996448, 0.14052842541944202, 0.16472703937329383, 0.1252497343112764, 0.14841437885259345, 0.11937730884593632, 0.14898810520101008], [0.15281356111013616, 0.1403633159636462, 0.1642272629252105, 0.12616669251014914, 0.14853490995202076, 0.1194926978380259, 0.1484015597008113], [0.1535966964877327, 0.13940697694067158, 0.1630191052015029, 0.12415501451009789, 0.14913722256977405, 0.11889603574102144, 0.15178894854919933], [0.1544187270629392, 0.13947031560029086, 0.1641200252952907, 0.12429338753328799, 0.14810103370497915, 0.11944351965154117, 0.15015299115167094], [0.15370136538739596, 0.14008975792813028, 0.16467182716331158, 0.12440686623529794, 0.1481636664700269, 0.11925678249335567, 0.14970973432248175], [0.15119152903643174, 0.13466030585941619, 0.16666666666666666, 0.1300655097896992, 0.15362014524040923, 0.1139754540328407, 0.14982038937453623], [0.155123975949474, 0.13992822839567393, 0.16471658635048456, 0.12345506661194255, 0.14716205571292618, 0.1198260545975517, 0.149788032381947], [0.15426724581314158, 0.14013922010723054, 0.16332063945342706, 0.12279708571183144, 0.14776326613357466, 0.11972858057383386, 0.15198396220696075], [0.1546145804853786, 0.13905057711867294, 0.16550886643792784, 0.12445847739873217, 0.14811098057548674, 0.11864090281719687, 0.1496156151666048], [0.15387650851382986, 0.14066647899177848, 0.1645872678149733, 0.12387846447734335, 0.1475279509975471, 0.11981160932382563, 0.14965171988070222], [0.15221611513730512, 0.14222536162457403, 0.16313522305293982, 0.1246125479879328, 0.14738420254299509, 0.1209311977818779, 0.14949535187237517], [0.15552990386484503, 0.1436996893071131, 0.1628905858617557, 0.12422231029564468, 0.14341217900612, 0.12466798070097537, 0.14557735096354618], [0.1541903896428084, 0.14171076041398542, 0.16485278768161435, 0.1224951671495643, 0.14614358216369894, 0.12065495273729465, 0.14995236021103392], [0.15551005017650077, 0.14201113673696325, 0.16286554284233606, 0.12120018337370918, 0.1451731827804527, 0.12169002220385906, 0.15154988188617902], [0.155365262476457, 0.14062733172437017, 0.16384414514791193, 0.12226897065865248, 0.1465469936311149, 0.1198794809774818, 0.15146781538401177], [0.15314625150344593, 0.14233276912434722, 0.16406227065174944, 0.12327946293994843, 0.146338411140786, 0.12077605087543573, 0.15006478376428725], [0.156391935673905, 0.1411582359996481, 0.16411056512783906, 0.12404768595541392, 0.14501213479880123, 0.12159120578421027, 0.14768823666018233], [0.15645631797415205, 0.14425315431958544, 0.16211949384473828, 0.12368640795604066, 0.14249242280100716, 0.1252714111130096, 0.1457207919914668], [0.15173196578231682, 0.14666401321945136, 0.16666666666666666, 0.12100024778811053, 0.1414943510218721, 0.12492709902454731, 0.14751565649703519], [0.15456706569221196, 0.14411686190704442, 0.16180785854917126, 0.1234259062331288, 0.14426685471844103, 0.12192653238215968, 0.14988892051784292], [0.1565381898013155, 0.14369984282867898, 0.16410073204397033, 0.12169827735805808, 0.14296770745104412, 0.12199663547392406, 0.14899861504300888], [0.15541735941456333, 0.14490560937586278, 0.16320194225198129, 0.1213034037486625, 0.142485731700661, 0.12288204761254864, 0.1498039058957205], [0.15598575466138745, 0.14768409812997216, 0.16666666666666666, 0.12099021088071531, 0.13877316344604473, 0.12460002154702934, 0.14530008466818436], [0.1535427613211081, 0.1481669607251088, 0.16666666666666666, 0.1178922452082659, 0.137683411198912, 0.12741286070882268, 0.1486350941711158], [0.15351221870398696, 0.1477208712611001, 0.16666666666666669, 0.1226771059280204, 0.13121424713644353, 0.13675712999044398, 0.14145176031333845], [0.15811077369298857, 0.1471584834480548, 0.16666666666666666, 0.12049360030879662, 0.13225664962173442, 0.13161715151084774, 0.14369667475091125], [0.14756220863312985, 0.1559731809593749, 0.1449439765262885, 0.1267201337775874, 0.12577081570098492, 0.15541675384055703, 0.14361293056207744], [0.1462141457118979, 0.149320915508912, 0.14598140140305163, 0.13378194647899352, 0.13252989674308366, 0.14894527609501795, 0.14322641805904335], [0.1437118887157106, 0.151735506658647, 0.14814175390867285, 0.13042741840495878, 0.12866425784983637, 0.1556198797956186, 0.14169929466655576], [0.14960555614564752, 0.16666666666666669, 0.1474866148315275, 0.11996039412240635, 0.12585985113184872, 0.13930393172741531, 0.15111698537448795], [0.14909816144078605, 0.15636134241003152, 0.14921674693874196, 0.12228913096393383, 0.13098250158857677, 0.1414322252274532, 0.1506198914304767], [0.14406797123059148, 0.1529088993414379, 0.14446303105530423, 0.12525034178558725, 0.12642305543773757, 0.16521613964003612, 0.14167056150930535], [0.14363084267075343, 0.15216914094354683, 0.1443652896230052, 0.12561250141418562, 0.12642878613641095, 0.16666666666666669, 0.14112677254543127], [0.14472750707498983, 0.15627318386632422, 0.14760697958402272, 0.12479237582151081, 0.12547492235183846, 0.15827195944700034, 0.14285307185431356], [0.15410822933972335, 0.13932533764634497, 0.16666666666666666, 0.12404974559717896, 0.14738784260710086, 0.11990487845322909, 0.14855729968975606], [0.1533563457188627, 0.14101375793253643, 0.16666666666666669, 0.12422966240469407, 0.14616582341209494, 0.12167520196477356, 0.1468925419003717], [0.15414735952073866, 0.1396531118480251, 0.16666666666666669, 0.12426867251197282, 0.14699118254369276, 0.12046697401662286, 0.14780603289228125], [0.1538016914182672, 0.14015495532991562, 0.16666666666666669, 0.1245755346546944, 0.14682506845718504, 0.12075886495819613, 0.1472172185150751], [0.15375067243105434, 0.13729267943890722, 0.16666666666666666, 0.1267839610075286, 0.14929745633165675, 0.11825863834266517, 0.14794992578152125], [0.1537637358495452, 0.13900001908336976, 0.16666666666666669, 0.1247965990815838, 0.1483019112124242, 0.11880343651584961, 0.1486676315905608], [0.15442125886085642, 0.13833258182982017, 0.16479682791202482, 0.12541097018095795, 0.14895918974378577, 0.11868983940116774, 0.14938933207138716], [0.154414081196289, 0.14052429096652594, 0.16666666666666666, 0.12398797640679733, 0.1461244462123311, 0.12084703388436076, 0.14743550466702918], [0.15315735687046458, 0.14051560621944012, 0.16492776033971457, 0.1242640368367558, 0.14802678405338482, 0.11951807759323584, 0.14959037808700415], [0.15438165207113816, 0.13993961292382207, 0.16454978314857313, 0.12383208725283049, 0.14781388422086048, 0.11944730515686568, 0.15003567522591002], [0.154655835323551, 0.13849691229582575, 0.16530083147790986, 0.12506507263157987, 0.14864728178117312, 0.11829297437615746, 0.14954109211380298], [0.15476583824593831, 0.14148844148910852, 0.16518444875687976, 0.12292362430358203, 0.1454653655122798, 0.12161789589235011, 0.1485543857998615], [0.15424455024767209, 0.14197973295510102, 0.16666666666666666, 0.1235853271794002, 0.14511765671124927, 0.12143927796587507, 0.14696678827403564], [0.15452088619893736, 0.14265973748157207, 0.1646171551407319, 0.12303512111494357, 0.14489088072444858, 0.12230883942694587, 0.14796737991242068], [0.16666666666666669, 0.14720300015562698, 0.15707010512856612, 0.12054891798112885, 0.13508616160678055, 0.1256928661220846, 0.14773228233914631], [0.1629563340753464, 0.14651470584934026, 0.15641725037287152, 0.12202037543018579, 0.13717972646612703, 0.1252282896684713, 0.14968331813765776], [0.15890871289876787, 0.1536360010514809, 0.1553979509699509, 0.12063340994033449, 0.12972502297252644, 0.13061855006282141, 0.1510803521041179], [0.15540552229574364, 0.15790126728808754, 0.15312845843126083, 0.11946093405352201, 0.12721463315472262, 0.13643620126631822, 0.15045298351034514], [0.1466141562711526, 0.15928240837193897, 0.14925932506734527, 0.12471124801044656, 0.12500471066047136, 0.14978256731714712, 0.145345584301498], [0.153518484934386, 0.13946587828208037, 0.16534456956318325, 0.1248875682693042, 0.14793469778028426, 0.12058158039858384, 0.1482672207721781], [0.15400555316168002, 0.13882666091405352, 0.1646049219748806, 0.12698575754444463, 0.14770071183703545, 0.12109439436825782, 0.14678200019964796], [0.15376507596091193, 0.13979892473895078, 0.1648771554246321, 0.12399899827196828, 0.1478969480568421, 0.12027096760530535, 0.14939192994138933], [0.15397791729129273, 0.14096961574933956, 0.1652475765375847, 0.12465910120824197, 0.14623261232649473, 0.12187012647836207, 0.1470430504086843], [0.1533527417627605, 0.14181050911399612, 0.1646541460013589, 0.12303429599703591, 0.1461680826502562, 0.12188342226887104, 0.14909680220572133], [0.15319480398630625, 0.14099348736305373, 0.16467344254262986, 0.12407194203641105, 0.14762255817731626, 0.12013431798310446, 0.14930944791117845], [0.15216378070130213, 0.1408877553595459, 0.16346692013878497, 0.12428221951650326, 0.1485266107440159, 0.11992067673671604, 0.15075203680313182], [0.15276335981498204, 0.14074401414115478, 0.16418290628488522, 0.12427880734404506, 0.14824694387094942, 0.1197144085415218, 0.15006956000246172], [0.1543591134687724, 0.13911354349702462, 0.16666666666666666, 0.1245802054241708, 0.14788292882807896, 0.11860146275245981, 0.1487960793628267], [0.15432928037909002, 0.14088109829478332, 0.16666666666666666, 0.12257947524080853, 0.14593412759187474, 0.1207480588749453, 0.14886129295183131], [0.15318518037520484, 0.14126575195279095, 0.16666666666666666, 0.12323089069335359, 0.146695857362749, 0.11994873752052568, 0.14900691542870917], [0.15390607354431277, 0.14041404004805239, 0.16666666666666666, 0.12412668458244207, 0.1471227324492947, 0.11912936260114053, 0.14863444010809088], [0.1557655382833055, 0.14333680102115834, 0.16666666666666666, 0.12098792950571756, 0.14264730414946786, 0.12196339603644936, 0.14863236433723467], [0.1543378607290468, 0.14308729224672623, 0.16419827411498625, 0.12381033687219015, 0.14459038727268114, 0.12310928882487066, 0.14686655993949865], [0.15641642452919358, 0.14061173676690866, 0.16541731683836502, 0.1212904921246774, 0.1445453851314791, 0.12189598593791917, 0.149822658671457], [0.15529317628702757, 0.14042341761590607, 0.1644660975766231, 0.12360103463414748, 0.14658998843753882, 0.12032260056412121, 0.1493036848846358], [0.1552374906972911, 0.14109312284625986, 0.1645360556493566, 0.12336743137973487, 0.1459801249203461, 0.12088186674991225, 0.1489039077570991], [0.15217427547470236, 0.14520381463352952, 0.1620554391197549, 0.12438554813615507, 0.1447221833439622, 0.12450361212854273, 0.1469551271633531], [0.1551655603391325, 0.14100030163027644, 0.1643766439619002, 0.1245508237813022, 0.14627796561758702, 0.1204651909265478, 0.14816351374325382], [0.15637252225192316, 0.14296246156125156, 0.16455069728265098, 0.1238293333120444, 0.14088195678979473, 0.1268644711603779, 0.14453855764195747], [0.15606996065166978, 0.14231942657514082, 0.16323733825447242, 0.12091014544097718, 0.14293975452244564, 0.1247705701678455, 0.14975280438744876], [0.15569310266483963, 0.14017506278634378, 0.16410076695714293, 0.1235459168310979, 0.14654887461883773, 0.12013264465676816, 0.14980363148496992], [0.15481758045729507, 0.14355448457083284, 0.1643507665020638, 0.12324757571361088, 0.14389424514175972, 0.12320940227532905, 0.14692594533910858], [0.15523558397361137, 0.14245789893172459, 0.1647866793918422, 0.12190223826568575, 0.14456641479891294, 0.12160412124393767, 0.14944706339428535], [0.1568011556507205, 0.14148356329070005, 0.16355987807922495, 0.12282687283808838, 0.14467745681183694, 0.12159036422925898, 0.14906070910017025], [0.15699801923000348, 0.1433657310689025, 0.1654058806410211, 0.12250045150640733, 0.13980026494284487, 0.1274568524195641, 0.14447280019125658], [0.15740947438766678, 0.1411263720697628, 0.16372219019631543, 0.12466730832975999, 0.14415656266251753, 0.12216933069357426, 0.14674876166040318], [0.15765894790653812, 0.14123653893253527, 0.1633716133137628, 0.12503308519147824, 0.1439740113551075, 0.12234215321047917, 0.146383650090099], [0.15806847829659362, 0.14271926376834365, 0.1622398426377162, 0.12410165046678978, 0.14297658868486926, 0.12343413242646269, 0.14646004371922472], [0.1566014623182232, 0.1418258642289206, 0.16391433499886, 0.12151271846441875, 0.14330479963423154, 0.12398711208683287, 0.14885370826851307], [0.15634499001602328, 0.1415823591234223, 0.16666666666666666, 0.12452859183249487, 0.14197520694905041, 0.12460897100021671, 0.1442932144121257], [0.14532471287184426, 0.13587877210321478, 0.15155779113570403, 0.14317873997429664, 0.1524205937187857, 0.12259992254478307, 0.14903946765137155], [0.16039421128417894, 0.15080873842870374, 0.15806672625912094, 0.12003272811640867, 0.1326034523280799, 0.1298570127119537, 0.1482371308715541], [0.15267018722070116, 0.16183629292537205, 0.1523851824467942, 0.11974751568379972, 0.12792434403055844, 0.14265692872276292, 0.1427795489700116], [0.14976101361425373, 0.16666666666666669, 0.1502206100948636, 0.11992057767539295, 0.12716373643935155, 0.14507401263944705, 0.1411933828700245], [0.15040743502103043, 0.15663782211885927, 0.14747980689242876, 0.1225368888934625, 0.1276847163030948, 0.1453437227675555, 0.1499096080035688], [0.15248680239204415, 0.15135796112444205, 0.14927820799257763, 0.12600919560272852, 0.13216869022571168, 0.13591027472222528, 0.1527888679402707], [0.15182042761776082, 0.1594347973017254, 0.1461975154793025, 0.12213056180947586, 0.12678638934502418, 0.14127494350672348, 0.15235536493998775], [0.148772613138529, 0.16666666666666666, 0.14727951787844412, 0.12061535195147387, 0.12317419280037957, 0.14517805138690318, 0.14831360617760359], [0.14213855740018916, 0.13612429118217861, 0.1428335357695533, 0.16666666666666666, 0.14287937314801025, 0.12630839611819608, 0.14304917971520592], [0.14224299318434738, 0.13615207889373374, 0.14298768197454956, 0.16583512466538983, 0.14314097525566938, 0.12634797414181523, 0.14329317188449478], [0.1481693637052548, 0.16492602707112514, 0.14736586114552672, 0.12124989007231586, 0.12352428674330065, 0.1473812222224631, 0.14738334904001382], [0.16666666666666666, 0.14627338808500928, 0.15550394128970835, 0.12245593464494249, 0.133832780900862, 0.12584951393014238, 0.14941777448266874], [0.15222269776392505, 0.15727420843452056, 0.14865735813169112, 0.12054034944870545, 0.12772004724692013, 0.14247936637497405, 0.15110597259926373], [0.1638402270027749, 0.14707416064409723, 0.1569703964964535, 0.11983750659355831, 0.13734719738657708, 0.12544050950206725, 0.1494900023744717], [0.16209969864775017, 0.14817736143485036, 0.15700504698881582, 0.11923123584750372, 0.13680188231306717, 0.12806591198440773, 0.14861886278360512], [0.1637429494827955, 0.1467516487674603, 0.156243793830547, 0.12068317520205245, 0.13870494870057806, 0.12318293897542205, 0.15069054504114482], [0.16666666666666669, 0.14649322973097298, 0.1558719521364188, 0.11908055611372266, 0.1378169389984828, 0.12335809706515914, 0.1507125592885771], [0.15227613626222392, 0.14067433050298087, 0.15174709335158243, 0.12309548035653521, 0.14541675127232997, 0.12012354158768099, 0.16666666666666669], [0.15605258187337492, 0.15488539019055675, 0.1492483394184255, 0.12178287973113436, 0.1329524035646326, 0.1280378131417495, 0.15704059208012633], [0.15152673592570093, 0.15915192917709672, 0.14676818274579267, 0.12153738301164084, 0.12808129625334935, 0.1359529741080604, 0.15698149877835904], [0.149770912731699, 0.1615216890417105, 0.14650940906901988, 0.12172736491801746, 0.1294011433858487, 0.1397075193804739, 0.1513619614732305], [0.14705688471613307, 0.14463831744580918, 0.1465829995613763, 0.1339142463372245, 0.14507916534701656, 0.12947490352873703, 0.15325348306370332], [0.144869807154319, 0.13263167214183078, 0.15572997610793976, 0.13604351124984396, 0.16666666666666666, 0.11574350907957862, 0.1483148575998213], [0.1461180003957867, 0.13431825943372164, 0.15603210659166405, 0.13809420370438982, 0.15833534133770613, 0.11813323596376739, 0.14896885257296424], [0.1572978813578309, 0.14195465585886122, 0.16297792202012815, 0.12356281723717305, 0.14383313136347853, 0.12256850917084058, 0.14780508299168754], [0.15532283898690297, 0.14600823038745747, 0.15533996791644378, 0.1307743939974749, 0.13787538169348254, 0.12709056298169052, 0.14758862403654768], [0.15125980320265509, 0.1451596100586766, 0.1522964318349791, 0.13258597446399983, 0.1437165336013453, 0.1261943661927485, 0.14878728064559563], [0.15945261889086162, 0.14479659378605467, 0.15442225451833527, 0.12192209499033696, 0.14246360177505843, 0.12268065247197206, 0.15426218356738097], [0.15199940092496905, 0.14870559416329943, 0.14497233073337432, 0.12597386868533164, 0.13805039048901546, 0.12508527463432298, 0.1652131403696872], [0.15182051818128148, 0.14869485288174328, 0.14625263370416083, 0.1257296858700112, 0.13661564024029327, 0.12701279091868303, 0.16387387820382682], [0.1509202011900324, 0.14756051606453494, 0.1450910370654758, 0.12724138036132937, 0.14023160330797527, 0.125365779620123, 0.1635894823905292], [0.1507136430499902, 0.14719165289889496, 0.14523935337987456, 0.12640666475787263, 0.14000917782615005, 0.12525861729406315, 0.1651808907931543], [0.1517729598834978, 0.1487873431426374, 0.14626598404460595, 0.12538224922292274, 0.13647516575336074, 0.12684078698146597, 0.1644755109715094], [0.15247205785984416, 0.1500425176621307, 0.14673032770392674, 0.12456522750812205, 0.1349188349911279, 0.12847261951270442, 0.16279841476214402], [0.15207177035804964, 0.1493114458273904, 0.14498980704086567, 0.12479751689616955, 0.13680210296530323, 0.12536069024555485, 0.16666666666666669], [0.15189942546154664, 0.14903337873534406, 0.1454394721301961, 0.12507475762349735, 0.13603905008511413, 0.125847249297635, 0.16666666666666666], [0.15206435362997456, 0.1490064839639009, 0.14509418992570758, 0.12674392270899706, 0.13781816691535748, 0.12513968818553706, 0.16413319467052537], [0.15146190789161776, 0.1474389645585138, 0.14619612122844586, 0.12750741461313383, 0.14034256337146903, 0.12457848839207823, 0.16247453994474162], [0.1470352414109472, 0.14669597093204795, 0.14909609075114696, 0.13640511959064444, 0.13978531639345512, 0.1342700139468482, 0.14671224697491017], [0.15146214652753526, 0.1472522437260819, 0.14591361119233492, 0.12731180620883145, 0.14014837223560642, 0.1251612168479861, 0.16275060326162388], [0.15035102653639895, 0.1464525003540808, 0.14553255506337676, 0.1278380939970449, 0.1413769655925507, 0.12476489368382102, 0.16368396477272681], [0.15198119007108224, 0.14872022621418193, 0.1450562687756559, 0.12611051487342995, 0.13839683992618643, 0.12501723166649523, 0.16471772847296834], [0.151126428738171, 0.14834850191905308, 0.14504816974558923, 0.12719508022736015, 0.14000976389891423, 0.12578129106825287, 0.1624907644026595], [0.15144062167060687, 0.14870082781811392, 0.14497897366297738, 0.12681814248138004, 0.13960847006206575, 0.1258490902246042, 0.16260387408025181], [0.1437468955297887, 0.1381189052743642, 0.1461380475022393, 0.13644444286325358, 0.1484249078914445, 0.12046013427224316, 0.16666666666666669], [0.15193932874478216, 0.1505353948873816, 0.145213930236615, 0.12439159889237933, 0.13407747970642436, 0.12717560086575072, 0.16666666666666663], [0.15216251081182278, 0.14862515489817016, 0.14575363221701065, 0.12699874684011703, 0.1365352422674987, 0.12716559875071895, 0.16275911421466177], [0.15072108432502673, 0.14715848156394037, 0.14548485532696426, 0.12767538484048252, 0.1408399591189451, 0.12498844198084637, 0.16313179284379467], [0.15023678531532522, 0.1463500664065776, 0.14545093932376507, 0.12613556376107313, 0.14017421385512746, 0.12498576467146484, 0.16666666666666666], [0.15036537981439962, 0.14672126979633848, 0.14586776055124617, 0.12596176652615346, 0.14011128965313002, 0.12551293888289417, 0.1654595947758381], [0.150440469971534, 0.14696318837068692, 0.14569906258332513, 0.12605692742714258, 0.13955984396202814, 0.12592842395223874, 0.16535208373304466]]