[[0.16666666666666666, 0.13900622054982875, 0.15433737099171566, 0.1246648100564914, 0.14558260919112442, 0.12920243120656855, 0.14053989133760458], [0.16177140953575614, 0.13910708535619085, 0.15464559824482949, 0.12633806416726207, 0.14865481176158293, 0.12502500253612234, 0.1444580283982561], [0.1622490028849405, 0.13951619548455343, 0.154220882975274, 0.1262550618574762, 0.1479837617503906, 0.1251618999210805, 0.1446131951262846], [0.16500079292431102, 0.13966970872705542, 0.15476741539001374, 0.125617060008606, 0.14627510301325036, 0.12619299713752838, 0.14247692279923513], [0.16362378808599023, 0.14011074635718035, 0.15428596866181973, 0.12589900596343706, 0.14619910559318935, 0.12632590050863127, 0.1435554848297519], [0.16285230952893043, 0.14036239848438742, 0.15345192127573776, 0.12730173349126253, 0.1462841824295756, 0.12668028806925424, 0.14306716672085207], [0.16369120368068318, 0.14034369786025097, 0.1545353730366221, 0.12561777521613463, 0.14567746940943763, 0.12663694318429, 0.14349753761258152], [0.16302602084406007, 0.1408809053147116, 0.15428774315596133, 0.1257734612084899, 0.14502071238158437, 0.12755279652326693, 0.14345836057192593], [0.16091652112731653, 0.13946458557082725, 0.15624277041382814, 0.12592472499092947, 0.1477915367486381, 0.1259993746939582, 0.14366048645450233], [0.16455742279803962, 0.1408201976494818, 0.1547855861543898, 0.12519504953906987, 0.1445653498515091, 0.12716794009679397, 0.14290845391071583], [0.16211531234524978, 0.14099747529597964, 0.15333584238407955, 0.12734446489510765, 0.1455587856632016, 0.12707727167473293, 0.14357084774164883], [0.1635126258281545, 0.1414379494301193, 0.15458741863695272, 0.1255765885464518, 0.14387504040579693, 0.1285107829395842, 0.14249959421294045], [0.16224650833016246, 0.14090890088620797, 0.1534473117808061, 0.12710880889978807, 0.14560884338502433, 0.12685704488676647, 0.14382258183124458], [0.16313618275541444, 0.14140408466562007, 0.15433227781987607, 0.12563789220979546, 0.14421890275350038, 0.12802024498964878, 0.14325041480614478], [0.16202609157032336, 0.1420206385914223, 0.15392466557286813, 0.12623655072856718, 0.14365242793429864, 0.12913568728386698, 0.14300393831865332], [0.16280400941899603, 0.1415597593386633, 0.15420988554475526, 0.12586739431239352, 0.144108348071644, 0.12823907964421102, 0.14321152366933687], [0.16245022925401464, 0.14209215829562438, 0.15443723006180518, 0.1257431621876647, 0.14315261720478453, 0.1296924572814512, 0.1424321457146552], [0.16135215983321563, 0.14057033326499702, 0.15618768223064117, 0.12452827624322997, 0.14436688591319788, 0.13087570787220965, 0.14211895464250862], [0.16175486670803202, 0.14096247592611533, 0.15794896583480847, 0.12293018102361156, 0.14419899657217194, 0.12905670640251815, 0.14314780753274267], [0.16448802561287537, 0.14068414645355903, 0.1553211576542895, 0.12508759246999784, 0.14487261246078806, 0.12657730104566023, 0.14296916430282997], [0.16412640000495823, 0.1411367260151351, 0.15504561813416742, 0.12525861973274358, 0.14421919841034087, 0.1276446524383754, 0.1425687852642795], [0.16666666666666666, 0.14005292002875322, 0.15538643741474775, 0.1223819333477369, 0.14303491628807086, 0.1298772804864567, 0.1425998457675679], [0.16359329035447848, 0.14162444506840036, 0.15512413899277364, 0.12521527472952643, 0.1434513387341258, 0.12880192845051727, 0.142189583670178], [0.1635253636264989, 0.14163033780681722, 0.15481028093617438, 0.12538696026806717, 0.14361174040671912, 0.1283280460676895, 0.14270727088803373], [0.16475348582594398, 0.14064238920214744, 0.15594969729952032, 0.12406268439915012, 0.14454054385014317, 0.12670948632748286, 0.1433417130956121], [0.16409289706357605, 0.1413079948264141, 0.1550033421398181, 0.12513794377769163, 0.14385652970583457, 0.1278022807831674, 0.1427990117034981], [0.1657612848270704, 0.14031562512956539, 0.15576046481712608, 0.12447277360066271, 0.14483058239216492, 0.1260587042119552, 0.14280056502145544], [0.1637671502339649, 0.1413573998202778, 0.15479482981523202, 0.1252677201843954, 0.1440762394007921, 0.12762570112510485, 0.143110959420233], [0.16218711326987853, 0.14209787221050432, 0.15417969427671985, 0.12608504527143302, 0.14352758035445837, 0.12897485157449684, 0.14294784304250904], [0.16504206135466915, 0.1409316689745268, 0.15544032793862606, 0.12460756058798103, 0.14410813169505188, 0.127014273170968, 0.1428559762781771], [0.16257640860045208, 0.14220566062216905, 0.1545917555320971, 0.125615914862497, 0.14303287282924046, 0.1293330044276804, 0.14264438312586378], [0.16257261932487815, 0.1420689265287705, 0.15463558824053739, 0.12530527264127583, 0.14328257776682557, 0.12886747408489993, 0.14326754141281253], [0.1636404783697784, 0.141584936963437, 0.15494207235159257, 0.1251243837112624, 0.14371902687147736, 0.12813139893476846, 0.1428577027976838], [0.1614652897790496, 0.14250945606560755, 0.15394126494735516, 0.12621728633381998, 0.14315978703445872, 0.12933819450176462, 0.14336872133794437], [0.16287135160939895, 0.1422126440370518, 0.1550724569768349, 0.12516392250053016, 0.14287788248454947, 0.12925398247082662, 0.14254775992080823], [0.16509190769063778, 0.14092080094262927, 0.15633096785926356, 0.12384272617616107, 0.14389801206825245, 0.12690296327199138, 0.14301262199106451], [0.16030307306043842, 0.14057684648349117, 0.1575217348191636, 0.12491573997243918, 0.1457179474906999, 0.1279250967277478, 0.14303956144602006], [0.16314273937738122, 0.1420411051220015, 0.15502831458006516, 0.1253090006467886, 0.14310617027948916, 0.1286917792737457, 0.1426808907205287], [0.16210224867503334, 0.14190320844860865, 0.1565626896358255, 0.12295450452371133, 0.14161867726451724, 0.13300981822114927, 0.14184885323115481], [0.16210224867503334, 0.14190320844860865, 0.1565626896358255, 0.12295450452371133, 0.14161867726451724, 0.13300981822114927, 0.14184885323115481], [0.1627297059313756, 0.14235265882378725, 0.1551266793441953, 0.12508872666798432, 0.14262636884517718, 0.12943967888954577, 0.14263618149793444], [0.1622987767756011, 0.14246363998546352, 0.15472821889682828, 0.12534499504408692, 0.14280804301304686, 0.12920553027500728, 0.14315079600996602], [0.1650943144842219, 0.1411181096370799, 0.1563442949959563, 0.12388646463087881, 0.14366842533903387, 0.1267847043974699, 0.14310368651535943], [0.16002423514167716, 0.1427998656167193, 0.1570132081171412, 0.12340963706791139, 0.1411581330733955, 0.134078381012065, 0.14151653997109048], [0.16264514003110644, 0.1424233266022847, 0.15515206558081623, 0.12512321904874255, 0.14259737601155717, 0.1293594628051227, 0.14269940992037022], [0.16101397727953573, 0.14156720912270335, 0.15791411711429137, 0.1243997267851871, 0.14372629416145533, 0.1289220487933916, 0.14245662674343554], [0.1638267309190295, 0.1419838538724569, 0.1569723267237956, 0.1234820483988056, 0.14252627575635662, 0.12823230387624476, 0.14297646045331094], [0.1597895086607281, 0.1429405253914864, 0.15722573023301498, 0.12289306315787091, 0.14079572374486168, 0.13444813218090626, 0.14190731663113168], [0.15841310576811943, 0.14431897628843546, 0.15684526584010502, 0.1233092727850203, 0.13963399295981752, 0.13610710397748038, 0.14137228238102179], [0.16140788031703793, 0.14154065443838498, 0.15821222088840176, 0.12403264340382875, 0.14365302241927425, 0.12824692798576645, 0.14290665054730584], [0.15918349309240354, 0.1438222992907294, 0.1567116183513164, 0.1229959972046485, 0.13966793539798475, 0.13612254988949907, 0.14149610677341826], [0.16183331469686005, 0.14275716864905094, 0.15803193589105063, 0.12348803959356999, 0.14173092694094494, 0.1295653236148011, 0.14259329061372222], [0.16075785937457726, 0.14396611775639584, 0.15918460922913424, 0.12199893918035383, 0.14044219779431863, 0.12866491810893874, 0.14498535855628145], [0.16065613020954436, 0.14445654841293915, 0.1585231023499183, 0.12240175242235136, 0.1400564000671763, 0.1292722308990596, 0.14463383563901086], [0.1605989295777584, 0.14448055057054712, 0.15850569867202965, 0.12217261896353701, 0.14006815835909533, 0.12900368778895557, 0.14517035606807688], [0.15752663604655315, 0.14624322563483516, 0.15442667801638849, 0.12507084380027497, 0.13930041389576617, 0.13222704534549679, 0.14520515726068534], [0.16376890238622036, 0.14103012134782827, 0.15464519735258822, 0.12554056040844022, 0.14451658610545218, 0.1274277043976462, 0.1430709280018247], [0.164010175802022, 0.14121400178689097, 0.1548023605610847, 0.125370620041426, 0.14419033268291687, 0.127525951235421, 0.14288655789023857], [0.1632960904967179, 0.13968972088361364, 0.1542426650145651, 0.12620811897798206, 0.14693118506672753, 0.12620224040982514, 0.14342997915056863], [0.16487301228978143, 0.13991220338119423, 0.15509388538608573, 0.1250890947620455, 0.14579488152312195, 0.12628226384488186, 0.14295465881288927], [0.16272150940660418, 0.1413701961792993, 0.15760535781351975, 0.12265059430328491, 0.1435807593486416, 0.12855464892998497, 0.14351693401866522], [0.16010657374077408, 0.14024052345016455, 0.15668055228475364, 0.12421391333642348, 0.14713500031009552, 0.12818312494116732, 0.14344031193662127], [0.1609596425930623, 0.1423264259975305, 0.15695353648839325, 0.12368412092136898, 0.14183269100495727, 0.13292266367516387, 0.14132091931952376], [0.16019439637380622, 0.14212823397129565, 0.15658884915084265, 0.12360153267501249, 0.14189474408045485, 0.13377417386555362, 0.1418180698830346], [0.16013606683813547, 0.14305361851809145, 0.157728923351497, 0.12295535225932436, 0.1410536884558115, 0.1332461619493523, 0.14182618862778804], [0.1603510604088727, 0.14258251127118263, 0.15886739517864704, 0.12229573350933959, 0.14172574728617818, 0.1315619421385054, 0.1426156102072744], [0.15811100666031241, 0.14454540846754121, 0.1571957655189956, 0.123296192327684, 0.13974355616502873, 0.13531648962383494, 0.14179158123660307], [0.1580780517862618, 0.14464912292477095, 0.15722824042894126, 0.12318823710091792, 0.13964154202047882, 0.13530093291130832, 0.14191387282732085], [0.15806681263360653, 0.14455820786238455, 0.15759335976918987, 0.12314519674691195, 0.1397406317770506, 0.1349509308084479, 0.14194486040240853], [0.15912071331801983, 0.14488509849551537, 0.15736518536754227, 0.12224439601940568, 0.13843296531309918, 0.13647253863205358, 0.1414791028543641], [0.16666666666666666, 0.1361876747364514, 0.1520845646565315, 0.12660238261957535, 0.1517837065553517, 0.1226360178214948, 0.14403898694392858], [0.16162087908232847, 0.13933804895319807, 0.155173684825401, 0.12669255182254957, 0.14776617076746304, 0.12711275417609422, 0.14229591037296552], [0.16253574232245252, 0.13981964419426002, 0.153266258004118, 0.12754547481000855, 0.14740230664721887, 0.12575862423439135, 0.1436719497875507], [0.16323785621150305, 0.13943692956811152, 0.1540593166115685, 0.12671596355788045, 0.14773219350358313, 0.12505102429934906, 0.14376671624800427], [0.16260906995484797, 0.14002360935448005, 0.15329405962288764, 0.1275699034492595, 0.14701313930007465, 0.12590985602361138, 0.1435803622948388], [0.16286201489633598, 0.14012596486775777, 0.15346442723593784, 0.12723979345040867, 0.1466954070329909, 0.12609783883274298, 0.14351455368382593], [0.16335313043004027, 0.1390672031177716, 0.15466499923323584, 0.12672688005374072, 0.1481500563875503, 0.12502301980805985, 0.14301471096960147], [0.16379938949503653, 0.1399051329165776, 0.15397722161102217, 0.1266502261771794, 0.14668364256060673, 0.12590546098050764, 0.14307892625906996], [0.1617847423289414, 0.1396549426658973, 0.15516256432986655, 0.1254171363580413, 0.14753714720581387, 0.12552458732643895, 0.1449188797850006], [0.1620583165239879, 0.1401586598699934, 0.15332093680256412, 0.12799786225658893, 0.14711081388516908, 0.12596227510285327, 0.1433911355588434], [0.1613871668668351, 0.1399918547163689, 0.15334440149671993, 0.128432156870176, 0.14768646737776345, 0.12575061173372595, 0.14340734093841073], [0.1625081248153319, 0.1400590512378353, 0.1537751228759586, 0.12679117514653893, 0.14697626683801124, 0.12559148147269977, 0.1442987776136242], [0.16418094519028834, 0.139697320214249, 0.15468585266257093, 0.12592632264281828, 0.14662722786398374, 0.1255599717229864, 0.14332235970310336], [0.16389477340276593, 0.13991052042821175, 0.15408782379846478, 0.12660160265769585, 0.14662748138577425, 0.1255765259345313, 0.143301272392556], [0.16666666666666666, 0.13577211856219526, 0.15035074822923966, 0.13011970139723467, 0.15325917036599318, 0.11950359641043964, 0.14432799836823093], [0.1648655198777184, 0.13981716905834665, 0.15538011900229987, 0.12480720039841453, 0.14613726604044464, 0.12562308395475735, 0.14336964166801852], [0.16272714185039808, 0.14057105277218954, 0.15443388799608798, 0.12553592764401647, 0.14592488391553768, 0.12630407516962988, 0.1445030306521404], [0.16415622150908793, 0.13948953533039823, 0.15486241507581852, 0.12603148486783872, 0.14710828018566383, 0.12489797306107613, 0.1434540899701166], [0.16407405940622238, 0.14022080700224004, 0.15430785821341303, 0.1261148616445691, 0.14600725692287878, 0.12603107297205943, 0.14324408383861725], [0.16103121394516834, 0.14123512217114012, 0.15295116766956499, 0.1279991466983138, 0.14567011592091822, 0.12741395294545294, 0.1436992806494416], [0.16218572274511728, 0.14165471294796955, 0.15566993010522553, 0.12554979570451902, 0.14343909630082416, 0.13010279298743066, 0.1413979492089137], [0.16353756934705807, 0.14110719486837714, 0.15470027860594796, 0.12527668608179732, 0.14471364712393045, 0.12706144181059453, 0.14360318216229445], [0.1622667413070853, 0.14183779051577378, 0.1556479793069659, 0.12375693341247636, 0.14386900761982474, 0.12775920816809497, 0.1448623396697791], [0.16353795032536736, 0.1409297760417559, 0.15540309949327755, 0.12450215854799854, 0.14494194505834884, 0.12618089218405842, 0.1445041783491934], [0.1619529911165863, 0.1416710766990721, 0.1537804367584823, 0.12673574723982553, 0.14452130880409098, 0.12751810350241036, 0.14382033587953252], [0.1636442683912718, 0.14064885376119185, 0.15703947472765495, 0.12425150077449695, 0.1447910332455837, 0.1267585099720715, 0.1428663591277291], [0.16177132945601128, 0.14232875538577783, 0.15644208847701785, 0.12477236866222832, 0.1424056857584227, 0.13062044779220902, 0.14165932446833296], [0.15895631768168833, 0.14439246622771343, 0.1534613949334957, 0.12655456766088102, 0.14114024042709747, 0.1321202787060028, 0.14337473436312131], [0.1603427646927942, 0.14340988400363278, 0.15474627853639078, 0.12609678721634768, 0.14255406903947843, 0.12799472706538367, 0.14485548944597235], [0.16184694126487575, 0.14328609404648138, 0.15685676107109303, 0.12366341052274071, 0.14188986625809533, 0.12805902016065407, 0.14439790667605976], [0.1602464953122347, 0.1442837281423473, 0.15572190045054674, 0.12432739041156107, 0.1411847004107343, 0.1292062796409527, 0.1450295056316231], [0.15796992702636098, 0.14604257219010547, 0.15555047091836643, 0.12532636459877308, 0.13939977463995473, 0.13182682784431923, 0.14388406278211993], [0.15651562823962753, 0.14721714999926644, 0.1548882544030609, 0.12374334333159935, 0.13794780554562155, 0.13462163622506107, 0.14506618225576323], [0.16666666666666666, 0.1450416456463425, 0.1512901088270336, 0.12197474486855414, 0.13338843802832637, 0.1431311939989619, 0.13850720196411484], [0.16666666666666666, 0.14552639099939008, 0.15583303489601097, 0.11937301702510476, 0.13404755580706573, 0.1380662775883177, 0.1404870570174441], [0.14612164788173926, 0.15440272027466526, 0.14423789543813378, 0.1288857903895922, 0.12811437369686676, 0.1570063090828301, 0.14123126323617277], [0.14662600180032737, 0.1478471465459322, 0.14332156988186515, 0.134806709924235, 0.1354071353639508, 0.15075801077364795, 0.14123342571004155], [0.14856493690519498, 0.14844689278518636, 0.14281008927655675, 0.1312552675760422, 0.13084902714573093, 0.15838708223328166, 0.13968670407800712], [0.14788362218449685, 0.15843727534790605, 0.1491600855069551, 0.12092716594290222, 0.12717691780934984, 0.14757264021991304, 0.14884229298847693], [0.14490243093076194, 0.15688103770644984, 0.1489100657318266, 0.12361407200228966, 0.13006207933009703, 0.1454698798228339, 0.15016043447574112], [0.1461003542879338, 0.15198882542115102, 0.14370641313675744, 0.12830443221135626, 0.1289891306760722, 0.15994770883007037, 0.1409631354366589], [0.14621424497359437, 0.15137615603258955, 0.14352213438364866, 0.12901620686066695, 0.12944149894669377, 0.1596896724871925, 0.14074008631561433], [0.14757609671042207, 0.15207632849615393, 0.14316491225768713, 0.12472452589167306, 0.12600997619589718, 0.16666666666666666, 0.13978149378149982], [0.16417515957889334, 0.13938096826041843, 0.15483217221858137, 0.12584366988117054, 0.14694525615655255, 0.1262640318636323, 0.14255874204075172], [0.16375345772230654, 0.13993891421031687, 0.1545446388349814, 0.12629156992641508, 0.14600759137756952, 0.12785837830525248, 0.1416054496231579], [0.1638124312069885, 0.13941679625421724, 0.15500973513097716, 0.1258662056330155, 0.14697701975274957, 0.1266391320304551, 0.14227867999159682], [0.16387079635514407, 0.13949860208069062, 0.15476082378631398, 0.12621348111580752, 0.14685286450197, 0.12682406566799823, 0.14197936649207565], [0.1607678882220757, 0.13853046279076134, 0.15425478523386263, 0.12808921521376326, 0.15023268385644, 0.12477521846158542, 0.14334974622151178], [0.16377525228550419, 0.13923853511900208, 0.1543275312089354, 0.12672074185838922, 0.14769878044287366, 0.12530757843831067, 0.1429315806469848], [0.16305046892045885, 0.13900260510414003, 0.15469336338202602, 0.12664981109141527, 0.1483976599558924, 0.12481615301955942, 0.14338993852650808], [0.16457685728531726, 0.1398508835192041, 0.15530377352955313, 0.12546077102144235, 0.14590629022781298, 0.1268237060764059, 0.1420777183402642], [0.16317945565965852, 0.14018827407330117, 0.15370884801590534, 0.1269900721501955, 0.14648975231732062, 0.1260860941185496, 0.14335750366506936], [0.1644580313392046, 0.13985178881466973, 0.15465860176468954, 0.12567659391879082, 0.14640537649742213, 0.12554450385924032, 0.14340510380598281], [0.16299178820897564, 0.13926237422941898, 0.154837021368375, 0.1264939282005452, 0.14807468706695803, 0.1245590035404482, 0.14378119738527886], [0.16503015337392565, 0.14057443780155993, 0.15548598004443748, 0.12456038971279142, 0.14448787981428352, 0.12741776315483486, 0.14244339609816722], [0.16425142078878688, 0.14065915341291463, 0.15522043036412916, 0.1254871592072131, 0.144825116950795, 0.12741563626529798, 0.14214108301086317], [0.16454366255789266, 0.1411136864892305, 0.15534113151250312, 0.12482548748217766, 0.14390685229074654, 0.1279626644470704, 0.1423065152203791], [0.1569724168861697, 0.14741236382570586, 0.16178065019337193, 0.12007946214588172, 0.1359240732533825, 0.13240213139708967, 0.14542890229839864], [0.15391219791441296, 0.14785978663585583, 0.1611294232025846, 0.12128430388443451, 0.13743459052480966, 0.1310833634124521, 0.14729633442545037], [0.15515681662570077, 0.15288640106592297, 0.15622871210284034, 0.11964836430841423, 0.1308108212536252, 0.13821420620627267, 0.14705467843722375], [0.15290402820358967, 0.15749436882445733, 0.15328731893316963, 0.11867837899649132, 0.12748307569681586, 0.14381466953949223, 0.1463381598059839], [0.14933985543755476, 0.1535238595521186, 0.14497950686634767, 0.12490534343721817, 0.12687158379713784, 0.15847817856677776, 0.14190167234284512], [0.16337196805355697, 0.13922555202247508, 0.15433285605543381, 0.12659677226211166, 0.14751802781840348, 0.1267182291107607, 0.14223659467725833], [0.16115472253118324, 0.13888006663607289, 0.15476148650141885, 0.127398192594488, 0.14890645612496856, 0.12657065219350516, 0.1423284234183634], [0.16411987973231834, 0.13953963434365943, 0.15436975451220245, 0.1259746164586316, 0.146828527394799, 0.12643003862034005, 0.14273754893804927], [0.16375322673121692, 0.13986937320537965, 0.15492702437017036, 0.12598663457319315, 0.1461193106115507, 0.1275223116345195, 0.14182211887396973], [0.16355750216271725, 0.14079275508851619, 0.15424120240056038, 0.12581324409390923, 0.14483321057357254, 0.1281677278076337, 0.1425943578730908], [0.16345438959534617, 0.140285311950484, 0.15382294877405708, 0.1267296027433657, 0.14614913745357738, 0.12650437305932022, 0.14305423642384943], [0.16148267139938788, 0.14071192912659053, 0.15284987733421587, 0.12790260637844098, 0.14631382467303294, 0.12688723991691486, 0.14385185117141677], [0.16244962692524614, 0.140414213041471, 0.1533570960825017, 0.1273800341091082, 0.14642711169620934, 0.12642177192338896, 0.14355014622207454], [0.1640071034426497, 0.13943659363059174, 0.1547986177162395, 0.12631825659078516, 0.1472716918160533, 0.1250324125275698, 0.143135324276111], [0.1646468305424201, 0.1404849176838006, 0.15509809508418687, 0.12488779109801836, 0.14496092029000696, 0.12719627698914718, 0.14272516831242], [0.16346282790484423, 0.1407445498759029, 0.15398748467237786, 0.1264513725010152, 0.14537307848322067, 0.12687136762762496, 0.14310931893501427], [0.16346745395986792, 0.1402284755056346, 0.1544638737273373, 0.1265446190736752, 0.14628259879235478, 0.12574440288306335, 0.14326857605806692], [0.16270612312154115, 0.14287746918548233, 0.15648662067044258, 0.12377228700532346, 0.14185577545762612, 0.12864645602747704, 0.14365526853210717], [0.16353277872407124, 0.14122485162616405, 0.1550844622579356, 0.12556654307653645, 0.14399440901585717, 0.12870380466884085, 0.14189315063059463], [0.16279553268453745, 0.1410444688522762, 0.1570278170210643, 0.12298389704833164, 0.14423266263127058, 0.1281112791369092, 0.14380434262561048], [0.16560648012354376, 0.13998886687392803, 0.15559892760371127, 0.12458424742196508, 0.14543038188298363, 0.12582471393739417, 0.14296638215647406], [0.16666666666666666, 0.14012910820412083, 0.15559162329567475, 0.12419004234394715, 0.14472434149230443, 0.1260785395748122, 0.14261967842247403], [0.16086122851790427, 0.14227751109051875, 0.1534093324364159, 0.1273762327312008, 0.14371281509033418, 0.1301026846857546, 0.14226019544787155], [0.16392140395357085, 0.14033521395702764, 0.15556026160792596, 0.1255158316816184, 0.14567777354819142, 0.1259042089330632, 0.14308530631860253], [0.16134373918751793, 0.14144071504861225, 0.1565973286129454, 0.12344167975621202, 0.14267574923788462, 0.13246542605713515, 0.14203536209969267], [0.16061253518798904, 0.1424840965785222, 0.15690036649951192, 0.12287189657030419, 0.14245719568935633, 0.13082008994822106, 0.14385381952609527], [0.16473459689754066, 0.1402435268964493, 0.15590349182415697, 0.12455508890108062, 0.1453128195246223, 0.1258307490729359, 0.14341972688321425], [0.16362526457403664, 0.14165360145727007, 0.15568084943626506, 0.12493068391475645, 0.1432824837387862, 0.12877659045382092, 0.14205052642506472], [0.16406259948306734, 0.14169048755246108, 0.15576375686855212, 0.12415371306516017, 0.14326911362867042, 0.12770994638033625, 0.14335038302175274], [0.1645481608437716, 0.14109686566014049, 0.1571847960359327, 0.12333435705936219, 0.14367621275086825, 0.1268575481980795, 0.14330205945184535], [0.1610304848102501, 0.14244686598980796, 0.15712275315310506, 0.12282790930932216, 0.1412230765689615, 0.1334426976467855, 0.14190621252176772], [0.16177108199595278, 0.1410228683949555, 0.15774667567022524, 0.12453664604178609, 0.1445886253801585, 0.12740282983782988, 0.14293127267909186], [0.16112991877367638, 0.14115937106006757, 0.15777733729318238, 0.12477755687880775, 0.14462763743981527, 0.1275033889278596, 0.14302478962659118], [0.16167458898152984, 0.1419744922203908, 0.15819046223017746, 0.12390240114463544, 0.1430521583194539, 0.1283803176874425, 0.14282557941637017], [0.1612374393892432, 0.14200197751309054, 0.15749322165827848, 0.12270069695878252, 0.1430810787041702, 0.1298440836689069, 0.14364150210752813], [0.16051310663200102, 0.14081711057871849, 0.15631231992848446, 0.12489174153248453, 0.14437545440765076, 0.13095982950640578, 0.1421304374142549], [0.15109921418748493, 0.13600332090676423, 0.14385048424547056, 0.14246584630325487, 0.15821650916805685, 0.12554610754952122, 0.14281851763944747], [0.15172419967483944, 0.15243664718488684, 0.15652510109237852, 0.12278879997950203, 0.13382188656194213, 0.13647984863701915, 0.14622351686943189], [0.15066040621656154, 0.15359944308485354, 0.15045418765147595, 0.12505592255142395, 0.1313380624307819, 0.14666873340927905, 0.14222324465562414], [0.14831316387402782, 0.15331436485193414, 0.14868425169441765, 0.1274321973881435, 0.13192093148695347, 0.14788707000032758, 0.14244802070419565], [0.14478960230601412, 0.1614838663734043, 0.14745496492500645, 0.12359890691042304, 0.12720293134098654, 0.1483070714932122, 0.1471626566509534], [0.14356886936929444, 0.15803076339786856, 0.14871408102563144, 0.1274821153897372, 0.13107969618431242, 0.13997611513417274, 0.15114835949898314], [0.14535440801242813, 0.16666666666666666, 0.1479989052909406, 0.12088815937249286, 0.12521403127325992, 0.14600122848905647, 0.14787660089515525], [0.1478911992111946, 0.15985020986604417, 0.14694417169508298, 0.12206831080930304, 0.12533895953119847, 0.15314587229694368, 0.14476127659023297], [0.14312857757016054, 0.13827476954480794, 0.1388346747444766, 0.16666666666666666, 0.14346625360403673, 0.1298230174269944, 0.1398060404428571], [0.14331400300621586, 0.13845040351928234, 0.13896481268007058, 0.16584658417884698, 0.1435432427664651, 0.1298420454841378, 0.1400389083649813], [0.14783966370822935, 0.15894760299394042, 0.1464503651193804, 0.12236479613758491, 0.12528408396569599, 0.15514577997968618, 0.14396770809548257], [0.15064640301855303, 0.1506082998497454, 0.1554679156554643, 0.12556523785662974, 0.13641785158729938, 0.13391466070356164, 0.14737963132874662], [0.14648396567377417, 0.1623408773702415, 0.1494255810665677, 0.12062970008997857, 0.1267497056255389, 0.1465697339126413, 0.14780043626125772], [0.1547626791220801, 0.14632006876784362, 0.16666666666666666, 0.11775515717519934, 0.13675125003046332, 0.13038567864281897, 0.1473584995949279], [0.15466600848471185, 0.14804772170043262, 0.162894534632268, 0.11826993811707341, 0.13582204136528375, 0.13320595390638937, 0.14709380179384102], [0.15362826974832802, 0.14559826868298212, 0.16305150457129466, 0.11961024427962419, 0.13902086624446408, 0.12924078275209863, 0.14985006372120835], [0.15422273509562248, 0.1466643422565704, 0.16373877348956867, 0.11859322658819971, 0.13758500183064404, 0.12940392564610195, 0.1497919950932927], [0.1519734816104106, 0.1440267056164513, 0.15156310832968797, 0.12735378223849814, 0.14354171030693874, 0.1283201404502347, 0.15322107144777863], [0.14881812730151217, 0.15191075004431787, 0.1549233237036331, 0.12067430318888506, 0.1332541096839768, 0.13504118733977272, 0.1553781987379023], [0.14642751117016042, 0.1597701257067706, 0.1502101129845755, 0.12076474805959884, 0.127933156898538, 0.1423294781162392, 0.15256486706411743], [0.14658504341042233, 0.15689336646071267, 0.14944797607448015, 0.12189598678904227, 0.12894896982186332, 0.14591652138532313, 0.1503121360581562], [0.14699329057214075, 0.14348496598857102, 0.14618109447792063, 0.1345833484275698, 0.14354558891539587, 0.13371974046946158, 0.1514919711489404], [0.1564319506521344, 0.13565357758640045, 0.14541031623848122, 0.13800906705030253, 0.15841452248551996, 0.12245569783963149, 0.14362486814752998], [0.15553613485628381, 0.13352813364421678, 0.14472464564629206, 0.13676164890761935, 0.16666666666666666, 0.120631214170115, 0.1421515561088063], [0.16301939402565585, 0.14154228003669486, 0.15784371093329785, 0.1236040077167266, 0.1432883177250621, 0.12769778968541384, 0.14300449987714903], [0.15481817751114454, 0.14360445774208278, 0.15311767410933252, 0.1291209339809101, 0.1413138143777352, 0.13335679526784036, 0.1446681470109545], [0.15053866574303382, 0.14138782803405361, 0.1503530455703274, 0.1306965525547694, 0.14778400291247407, 0.1312815221484714, 0.14795838303687037], [0.15307546894676846, 0.14595712988566029, 0.15723064278358304, 0.12136191794690501, 0.14121120176063343, 0.1275565721670422, 0.15360706650940759], [0.14415657123648512, 0.14843353532870343, 0.14947672327489012, 0.12464083580128717, 0.1369099038376116, 0.12971576385435593, 0.16666666666666666], [0.14373785586282764, 0.15107981986336724, 0.14986434006717078, 0.12571170655561165, 0.13584976723881326, 0.13200075563393332, 0.16175575477827597], [0.14488287052782273, 0.14731213611266902, 0.1491228816730738, 0.12686099631238784, 0.14035060311400008, 0.1306769632661413, 0.16079354899390527], [0.1448018652733528, 0.1477388568100348, 0.1490859824955896, 0.12671082706621706, 0.13996630930726783, 0.1308573805907579, 0.16083877845678005], [0.14351335596441928, 0.15125572302538062, 0.1499092379146167, 0.1254969703888804, 0.13591408758340529, 0.13204689423493657, 0.16186373088836117], [0.14315982461729515, 0.15321232655818603, 0.1501905757870771, 0.12498349822783338, 0.1348220460265031, 0.13396106695167906, 0.15967066183142614], [0.14369713231854342, 0.14969147178663886, 0.14994515980152967, 0.12437315471070243, 0.1362622543435971, 0.13087114698182883, 0.1651596800571596], [0.14351244186310103, 0.15070006929652607, 0.15009490562324485, 0.1251312122388043, 0.13610141828664524, 0.13163669669705663, 0.16282325599462205], [0.14439882599036988, 0.1484717487638866, 0.1496837576510076, 0.12545705905021395, 0.13720576612159593, 0.13010953195590533, 0.1646733104670208], [0.145709023224679, 0.14683535024578762, 0.1490092695042833, 0.1265756175800824, 0.13913129728576742, 0.1292202585046783, 0.16351918365472187], [0.14520913166843818, 0.1489285424121005, 0.14511565443537694, 0.13880765694963823, 0.1375533960441901, 0.13729999229392129, 0.14708562619633478], [0.14549029403656466, 0.14752789985000467, 0.14897664632504878, 0.12650905272439383, 0.13852478934120002, 0.12948808696214217, 0.16348323076064597], [0.14548801302734493, 0.14638376375206397, 0.14864560045192063, 0.1277562592970405, 0.1415311360385178, 0.13013113861349118, 0.16006408881962084], [0.144444315776852, 0.14821577573152075, 0.14953356726228434, 0.12496206500059617, 0.13737510647643178, 0.1298456391246072, 0.1656235306277078], [0.14475350329826558, 0.14741451446479883, 0.14932444810444948, 0.12665707093889017, 0.1401228575196432, 0.1311724937423893, 0.16055511193156338], [0.14458843840743824, 0.14781608143847524, 0.14946617757491593, 0.12610058097896887, 0.13936227519321168, 0.1310582895213136, 0.16160815688567645], [0.14768202670212188, 0.14109597873545662, 0.14427392374534617, 0.13871748833956718, 0.14944746850782262, 0.12790628385956646, 0.15087683011011893], [0.1434006492634683, 0.1522369834721681, 0.1505207678950961, 0.1246844416633694, 0.13486403436007108, 0.13352795579127788, 0.16076516755454914], [0.14333424637172087, 0.15056232256472532, 0.14980830264748501, 0.12673675210491284, 0.13734305250091472, 0.13266447719763208, 0.15955084661260907], [0.1452648559206867, 0.14666883077216625, 0.14887967306883768, 0.12727041197417796, 0.14093659285303442, 0.13026695513915915, 0.16071268027193786], [0.14493288077042213, 0.14772927944619585, 0.14888332509107075, 0.12714855966887315, 0.14025564527938345, 0.13091398312086472, 0.16013632662318997], [0.14481828023496898, 0.14803648126533406, 0.14893345779991468, 0.12692963581702524, 0.13981996097730456, 0.13123290476973792, 0.1602292791357146], [0.1444341997851769, 0.14848015026660086, 0.14906689991168096, 0.12685406832449517, 0.13963944722563967, 0.13159673762493942, 0.159928496861467]]