[[0.16666666666666666, 0.14045587801317266, 0.1420929086272672, 0.1268660870949039, 0.14668760443045956, 0.13116589587065233, 0.1460649592968777], [0.16200609541318808, 0.14042833250389736, 0.14548368292160788, 0.1282714771035128, 0.14951832676386634, 0.127021365591802, 0.1472707197021256], [0.16246170917193267, 0.14082346471113488, 0.14568304818813518, 0.12820084198812193, 0.14888332575782062, 0.1271603147537001, 0.14678729542915467], [0.16509097050221694, 0.14113111616504048, 0.14396545377304365, 0.12783916964890854, 0.14737894526325154, 0.1283839299761371, 0.14621041467140164], [0.16377646863782433, 0.1414432256066194, 0.1448516479608544, 0.12794457852511631, 0.14722609317634208, 0.12835005305863173, 0.14640793303461183], [0.16304427264063084, 0.141686199321314, 0.14442508973638343, 0.12928283143027552, 0.14730996081294387, 0.12869266115966313, 0.14555898489878932], [0.1638411191990834, 0.1416699524744191, 0.1448251967627756, 0.12768597968399414, 0.14673498765195822, 0.12865379796472182, 0.14658896626304763], [0.1632056218545911, 0.14215297324490278, 0.14480513073818582, 0.12779081235496365, 0.14608855458676906, 0.12948236917213923, 0.14647453804844862], [0.16137042962869214, 0.14083305388930664, 0.1448638192389316, 0.1279743496582535, 0.14874109708591524, 0.12804524392237965, 0.14817200657652127], [0.16466948268852846, 0.14219336863775375, 0.14441810627666482, 0.12739835326456037, 0.14573954842513254, 0.12926642810934894, 0.14631471259801115], [0.1623356170051224, 0.1422399719408824, 0.14488471979240272, 0.1292478245711411, 0.14658049573381027, 0.12899356462455214, 0.145717806332089], [0.1636785849989857, 0.1427654328737662, 0.14409256795606892, 0.12773866432269157, 0.14507428911239637, 0.13051846741479967, 0.14613199332129168], [0.16245761295202557, 0.1421390793076945, 0.14508224743555692, 0.12899807303239255, 0.1466145548285303, 0.128758333146726, 0.1459500992970743], [0.16331492346307938, 0.14268307414633125, 0.14469431857413337, 0.12771508966073836, 0.14535538412778104, 0.12997682911038463, 0.14626038091755175], [0.16225560544081707, 0.14323958348045213, 0.14450531927275578, 0.12823614608061215, 0.14479066767792328, 0.13099189694812924, 0.14598078109931034], [0.16299733226738863, 0.14281633959618067, 0.14467322929812826, 0.12790936465512356, 0.14523737353937555, 0.13016234906826274, 0.14620401157554055], [0.1626667311788503, 0.14335398856689938, 0.1440428306524689, 0.12784446635125526, 0.14435999596342627, 0.13159097650935575, 0.14614101077774416], [0.1615962800258964, 0.14176906009665305, 0.14342991634431612, 0.12646388989691432, 0.14539121929819054, 0.13251975425900459, 0.148829880079025], [0.16216924013244666, 0.14237015350682156, 0.14465396147548412, 0.1253253885179864, 0.14542942766420505, 0.13111639769603053, 0.14893543100702566], [0.16460789329712, 0.1421136910420836, 0.14452569037276855, 0.12737525125083174, 0.14607170985382337, 0.12878299684463748, 0.14652276733873515], [0.16426531049290022, 0.1425327906749959, 0.14418090669829625, 0.12752295366705846, 0.14544670291431722, 0.12977850992611045, 0.1462728256263216], [0.16666666666666666, 0.14113936542761157, 0.14369763406215577, 0.12418975640281474, 0.1439996285029688, 0.13137912312011926, 0.14892782581766315], [0.16376067217175616, 0.14298829125383658, 0.14388427242821594, 0.12747279499595535, 0.14471568887655242, 0.13086411285280736, 0.14631416742087625], [0.1636912430810427, 0.1429524046440329, 0.1443067567130351, 0.12756677389749704, 0.14482917742048237, 0.13035255290182787, 0.14630109134208208], [0.16485699561864556, 0.14205039387594634, 0.1448242281753816, 0.12636770924515756, 0.14573764468728218, 0.1288713099072575, 0.14729171849032946], [0.16422913758139113, 0.14265033665004503, 0.14436539572664203, 0.1273362348383206, 0.14506396679237285, 0.12985953721007312, 0.14649539120115518], [0.16581198407700015, 0.14179122137235714, 0.14438056129118804, 0.1268355322031753, 0.14605335166553018, 0.12833265443670192, 0.14679469495404715], [0.16391892847552922, 0.1426822400501529, 0.14463968434940422, 0.12743479164114857, 0.14525875910922717, 0.12966934158599033, 0.1463962547885475], [0.1624136233486249, 0.14334020131656186, 0.1444999452003281, 0.12813706819507553, 0.14469761580184368, 0.1308807504997653, 0.1460307956378006], [0.16513060910287652, 0.1423343334118101, 0.1444366600613695, 0.12689995684409244, 0.1453376656993063, 0.12917549357887062, 0.1466852813016746], [0.162788207776924, 0.14347228508743004, 0.1442510861800901, 0.12774157913231207, 0.1442566631110859, 0.13126619269817377, 0.14622398601398418], [0.16277811807776174, 0.14330359835840384, 0.1447695926303252, 0.12738138807916669, 0.1444563309516474, 0.13076478652100015, 0.1465461853816951], [0.1638006786662959, 0.14291271307695913, 0.14443014194876208, 0.12732354826897074, 0.14493382857543796, 0.1301713781797408, 0.14642771128383342], [0.1617169739578171, 0.14367837495820232, 0.1448449258331723, 0.12817455059109076, 0.14429723771789293, 0.13114444428224792, 0.14614349265957668], [0.16307346688374788, 0.14351491576367856, 0.1442230418954756, 0.12737410489561507, 0.14414472767891348, 0.13124635327964615, 0.14642338960292317], [0.16517986083654776, 0.14235875425426295, 0.14460940899148353, 0.12623452094840032, 0.14516968273694025, 0.12912383825021395, 0.14732393398215113], [0.16274229547548943, 0.14167438689371184, 0.14423600787169183, 0.1266721081225204, 0.14659921327469388, 0.12955486796667623, 0.14852112039521648], [0.16332975823004642, 0.14334801184516863, 0.1443282891404482, 0.1275038992962201, 0.14435655277629875, 0.13070714999149788, 0.14642633872032013], [0.16231151629414617, 0.143038553623348, 0.14329769871608133, 0.12495860233304874, 0.14276706751172086, 0.1345529040108265, 0.14907365751082832], [0.16231151629414617, 0.143038553623348, 0.14329769871608133, 0.12495860233304874, 0.14276706751172086, 0.1345529040108265, 0.14907365751082832], [0.16293577510732132, 0.14362530742177998, 0.14428415914212914, 0.12726500741070212, 0.1438846908592011, 0.13138822123222332, 0.14661683882664295], [0.16251968610475992, 0.14368772633404425, 0.14471387540252978, 0.12743486978578683, 0.14401471091847057, 0.13110015553255674, 0.14652897592185196], [0.16518243722319081, 0.14254998275513045, 0.14472100001426494, 0.12628408815258607, 0.144957365590389, 0.12901989559054736, 0.14728523067389132], [0.1603558155315827, 0.14399126114231375, 0.14318119489072106, 0.1255689642189029, 0.14243148146742193, 0.13570514019250288, 0.14876614255655476], [0.16285690461169172, 0.14369992656194264, 0.14432968304336893, 0.12731080390348004, 0.14386481091935896, 0.13132397655686306, 0.14661389440329478], [0.1613993309127398, 0.143009926545975, 0.14417759781789757, 0.126829231506099, 0.14504490732477332, 0.1310916103365096, 0.1484473955560056], [0.16398749462020984, 0.14338110391363829, 0.14466582763790384, 0.12592665267289083, 0.14389282026142525, 0.13040800465392494, 0.14773809624000706], [0.1601110626815736, 0.14404988424576817, 0.14344827194320336, 0.12493977754235878, 0.14200536669800998, 0.13595456831349184, 0.1494910685755942], [0.15882682435129894, 0.14543917821270355, 0.1431761905079295, 0.12548260860789268, 0.14098903469307966, 0.1376389347998084, 0.14844722882728714], [0.16171110919192985, 0.14298945496230053, 0.14458758457063337, 0.12649097999455525, 0.14498002089161033, 0.13046226311431236, 0.14877858727465848], [0.15952628191060597, 0.14486875285988235, 0.1431094562226367, 0.12499646091518947, 0.14090469184800028, 0.13752171317084955, 0.14907264307283574], [0.16211640910420064, 0.14415757259508888, 0.14443241112091437, 0.1260170562920015, 0.14319143892172964, 0.13173838752333064, 0.14834672444273433], [0.16108207383111905, 0.14521168996146613, 0.14662165082488135, 0.12444984378360914, 0.1418811264144697, 0.13075006247856055, 0.15000355270589416], [0.16149106850178122, 0.14559813617631337, 0.14627981725978068, 0.12467694447089611, 0.14142415301576788, 0.13119428416338288, 0.1493355964120779], [0.16103397999554644, 0.14564504347682447, 0.14677597546087426, 0.12450799856298489, 0.1414642465300728, 0.1309805219289355, 0.14959223404476152], [0.16149828134707392, 0.14661404295792035, 0.1461528880890547, 0.1258260765577129, 0.13979728807967876, 0.13285234683932828, 0.147259076129231], [0.1639187429766549, 0.14235576233015323, 0.1445192308154454, 0.1276671516172524, 0.1456619453646098, 0.12945671321458274, 0.14642045368130152], [0.16415058414129136, 0.1425592977385211, 0.14444076852537208, 0.12755331504038497, 0.14537831520885863, 0.12959472659793328, 0.1463229927476386], [0.16346378456042523, 0.1410318871592513, 0.14467610543382634, 0.12822102654378748, 0.14791307152822405, 0.12821544044817332, 0.14647868432631217], [0.1649685831221834, 0.14133775468004664, 0.14437260944188227, 0.127304462007478, 0.14690698757074744, 0.12843405576392344, 0.14667554741373873], [0.16294321405360482, 0.14279177323949335, 0.14507355767042673, 0.1251241503981113, 0.14487811014995036, 0.13069641689556857, 0.14849277759284496], [0.16666666666666666, 0.14064675336152707, 0.14400234283820543, 0.12486650868797185, 0.1474352464348436, 0.12877470448480288, 0.14760777752598245], [0.16126330623330853, 0.14362153987662635, 0.143061514583263, 0.1259711686260449, 0.14315407590783505, 0.1347181400307433, 0.1482102547421788], [0.16048509432502756, 0.1432303622490031, 0.14325594812150305, 0.12553577609408856, 0.14300735940981915, 0.13525151950088568, 0.1492339402996729], [0.1604905746230616, 0.14433543176868047, 0.14360810372821825, 0.12532818196159107, 0.14244406612544339, 0.13506036422931547, 0.1487332775636897], [0.16105251678795895, 0.14390085543699463, 0.1443146438681178, 0.12472455693698467, 0.1430909899121006, 0.1334835419627125, 0.14943289509513089], [0.15855835121427536, 0.14570204914457108, 0.14362540382070274, 0.12556387775276215, 0.14115126835201433, 0.13695567712725012, 0.1484433725884243], [0.15852671029886228, 0.1457992919059058, 0.1437425933754657, 0.12545949594891667, 0.14105330077266884, 0.13693943966114622, 0.14847916803703445], [0.15852313284004213, 0.1457313134112415, 0.14378898462495246, 0.12545450642377579, 0.14116936460810647, 0.13663381182927015, 0.14869888626261157], [0.15949453020232982, 0.14596412954340615, 0.14330703959500748, 0.12444501853058405, 0.1398316267922908, 0.13796831714337712, 0.1489893381930046], [0.16666666666666663, 0.13735406918888843, 0.14456000712357597, 0.12813559470087987, 0.15235325958221774, 0.12432101792477246, 0.14660938481299876], [0.16188723594980797, 0.14078067111773337, 0.1436669490145648, 0.12880270406978092, 0.14876388951748462, 0.12920072479543757, 0.1468978255351909], [0.16273515034539723, 0.1411156039425119, 0.14487999813249106, 0.12943393339054493, 0.14833223603460988, 0.12773333768451414, 0.1457697404699308], [0.1634096052504195, 0.14080086648961196, 0.14498209365420842, 0.12871709338196777, 0.1486806208403149, 0.1271355508936126, 0.1462741694898649], [0.1628058988294026, 0.14131603030163295, 0.1448265156108622, 0.1294664378880809, 0.14796650700695593, 0.12788691725937787, 0.14573169310368733], [0.1630484415493417, 0.14142645030071574, 0.14479032653631044, 0.12917169693484978, 0.1476739920164703, 0.1280856977081389, 0.14580339495417333], [0.16352748526166955, 0.14051945819406603, 0.14434370127129706, 0.12882847009921317, 0.14912438116839152, 0.1272142652081265, 0.14644223879723625], [0.16394750759071947, 0.1412875829482096, 0.1444619630093533, 0.12871739952894237, 0.14771592765179412, 0.12801110748852965, 0.14585851178245154], [0.16201790005469943, 0.14094500611242716, 0.1459279554450045, 0.1273871887410794, 0.1484507613759211, 0.12748950791682956, 0.14778168035403869], [0.1622864777405605, 0.1414710816462016, 0.1447055682367009, 0.12991236987524893, 0.14807903179908558, 0.12797756543703107, 0.14556790526517144], [0.16164830779160588, 0.14131127612462618, 0.14470280870285512, 0.1303233578598478, 0.1486252886643551, 0.1277744505116916, 0.1456145103450183], [0.16270655798015268, 0.14132868697233747, 0.14545153191849983, 0.12869391419883047, 0.1479158337569621, 0.1275514663147479, 0.14635200885846963], [0.164309168013042, 0.14108850010419743, 0.1446493628534498, 0.1280278621597493, 0.14766093716492404, 0.12768040899234287, 0.1465837607122946], [0.16403723464174455, 0.1412856504857305, 0.1446466278866076, 0.1286607435101989, 0.14765739375664988, 0.12768835052559385, 0.14602399919347459], [0.16666666666666666, 0.13691869145333307, 0.1448031532146528, 0.13147604943280347, 0.15375675562745741, 0.12125393428998259, 0.14512474931510388], [0.1649629788469095, 0.14126997922143894, 0.1447799509747848, 0.1270721909357902, 0.1472480995579674, 0.1278439275237299, 0.14682287293937932], [0.1629194266978656, 0.14184475743741976, 0.14571165561387564, 0.12754348394789802, 0.14693727264730444, 0.12827413884770406, 0.14676926480793243], [0.16428813288157187, 0.14091755803940711, 0.14477208839442166, 0.12816666100822816, 0.14813597585011284, 0.12709270959365554, 0.1466268742326027], [0.1642086831056202, 0.1415940344540409, 0.14465011045359427, 0.12822055427785967, 0.14708001723236244, 0.12814111641514409, 0.1461054840613785], [0.1612972766329754, 0.14243580389414573, 0.14500324499691233, 0.129824729273848, 0.1466614113859268, 0.12926716386434633, 0.1455103699518455], [0.16243493327997358, 0.14304576859900348, 0.14316454194619688, 0.12783653653044547, 0.14473091234128965, 0.13213631598516315, 0.14665099131792775], [0.1636992631283033, 0.1424279616006222, 0.14504470315439325, 0.1274154826045182, 0.14584805311295845, 0.12910801240586348, 0.1464565239933411], [0.16248947268180958, 0.14309466859119493, 0.1461831776005501, 0.1259290938687773, 0.14502306218325983, 0.12972876696971056, 0.14755175810469767], [0.16369838009109727, 0.14224947488407919, 0.1458266048800235, 0.12666420886566504, 0.14605591373366902, 0.12825686284010748, 0.1472485547053586], [0.16218013956181632, 0.14287559519815501, 0.14519329367209638, 0.1286599879237772, 0.14558847678247702, 0.12940464303218327, 0.14609786382949486], [0.16381924662542857, 0.14215512478969383, 0.14450468890159476, 0.1267070774897495, 0.1460574976087498, 0.12906894630460955, 0.14768741828017387], [0.16204571151112843, 0.14369288738060204, 0.14347100594182075, 0.12712053041074411, 0.14376550583093411, 0.13264082661155724, 0.14726353231321332], [0.1612384378856047, 0.1451177973760241, 0.1446029847324631, 0.12786076740137264, 0.1419714761927699, 0.13324523810996297, 0.14596329830180235], [0.1619723843888731, 0.14431291121475562, 0.1461008178671051, 0.1276720569183707, 0.14349032630703318, 0.12949630250996846, 0.1469552007938939], [0.1621031099629766, 0.14452877290257135, 0.1460248273741697, 0.12594903620099898, 0.14320675470601604, 0.13011101891944396, 0.1480764799338234], [0.16220821329557594, 0.14513198803264954, 0.1463016770880218, 0.12593194781999112, 0.14215040604752802, 0.13062593880476558, 0.14764982891146797], [0.16666666666666666, 0.14597524293908595, 0.14449084003079346, 0.12519140538500906, 0.13931075936610235, 0.13171308998997536, 0.1466519956223671], [0.1596363052703955, 0.14762691522034657, 0.1461349220981181, 0.12464765809564532, 0.1385528586519622, 0.1352967655461631, 0.1481045751173692], [0.16666666666666669, 0.1455089444879326, 0.13979761379739067, 0.12294050038227433, 0.1341075530607812, 0.14363977612258425, 0.14733894548237034], [0.16666666666666666, 0.14622622983767886, 0.14205727029136522, 0.12093865095270866, 0.13512739606124613, 0.13901307995656592, 0.14997070623376843], [0.14904951989312126, 0.15400617305408762, 0.14143599114894728, 0.12766416881691214, 0.1268678088363062, 0.15669394731711372, 0.1442823909335117], [0.14683504650715884, 0.14773807024207303, 0.14177152271146704, 0.13462205238247604, 0.1352259578358844, 0.15066580558599993, 0.14314154473494087], [0.14838060037905246, 0.14826135417265204, 0.14008082962736937, 0.13089466036445374, 0.130484283039454, 0.15830276820072978, 0.14359550421628864], [0.1541772366176403, 0.15762406555983258, 0.14822794012303206, 0.11640729220626708, 0.12327463037940053, 0.14568581182656204, 0.15460302328726552], [0.149845583107437, 0.1562294251286566, 0.15006235383031494, 0.12074725451881527, 0.12762462644787453, 0.14405841276513157, 0.15143234420177015], [0.1471264506989137, 0.1517313251363871, 0.14139251948545883, 0.1276314254570803, 0.1283281359095738, 0.1598298349869554, 0.14396030832563086], [0.14689146594128144, 0.15116099824589624, 0.14122059664713893, 0.1284864149005613, 0.12891769141092277, 0.1595914969153393, 0.14373133593885998], [0.1478899534825239, 0.15177629761858746, 0.14018966448309322, 0.12386204161223593, 0.12517392549040038, 0.16666666666666669, 0.14444145064649247], [0.1643082134173613, 0.14083810515802023, 0.14396058186738664, 0.1280237385017782, 0.14799843773538499, 0.12842165191261556, 0.14644927140745317], [0.16391169199159863, 0.1413906625951818, 0.14319395030640839, 0.12848458939474303, 0.1471297126345937, 0.1299662947879446, 0.14592309828952998], [0.16396747164450468, 0.140896993627801, 0.14375101861027234, 0.12808246333805862, 0.14804655011042264, 0.12881340481571155, 0.14644209785322904], [0.1640238526114077, 0.14098588217316155, 0.14349800264411278, 0.12842803774557504, 0.14793754513582427, 0.12900519664661678, 0.1461214830433018], [0.16106036005955046, 0.139925505395675, 0.14448889344056576, 0.13000195328614675, 0.15104750970465322, 0.12685227033700444, 0.14662350777640448], [0.16392711118851996, 0.14067907784983194, 0.14425510668540284, 0.1288187269693633, 0.14869498576482235, 0.12747978378148436, 0.14614520776057535], [0.16323693370438588, 0.14042906837407873, 0.1446395398110876, 0.1287132309738327, 0.14933967879113397, 0.12697412322255133, 0.14666742512292977], [0.16469325512939442, 0.14134446440436155, 0.14366148401634082, 0.12775584992154615, 0.14706259810989994, 0.12904287245385054, 0.14643947596460638], [0.16335542349655163, 0.14152439782941983, 0.14468173714992316, 0.12899218917102354, 0.14750789775391662, 0.12813382669246806, 0.14580452790669715], [0.16457375948057396, 0.14125683560364002, 0.144770179226344, 0.12782439300301346, 0.14746702819875823, 0.12769922420243907, 0.14640858028523138], [0.16318185634983287, 0.1406797497902772, 0.1450270397215033, 0.1285716996972921, 0.14903628158989435, 0.12673685114503852, 0.14676652170616158], [0.16512017647955354, 0.1420097475455195, 0.1440352120471602, 0.1268766176558392, 0.14570791467765232, 0.1295768095874529, 0.1466735220068223], [0.16438661574369715, 0.14211494083972329, 0.1437951444899788, 0.12779220885254958, 0.14604771186589305, 0.12961273815620453, 0.14625064005195362], [0.16466082379632682, 0.1425238668986318, 0.14397074593465248, 0.12713455713990457, 0.14516288756067067, 0.13009860418155558, 0.14644851448825813], [0.16666666666666666, 0.14720456474894558, 0.14591270008049204, 0.11957667696751284, 0.1355922885826383, 0.13203233671517106, 0.15301476623857344], [0.1628595516128932, 0.14768220880825472, 0.1478526727735744, 0.12085579573310531, 0.13715857618489594, 0.13074737968307212, 0.1528438152042041], [0.16666666666666669, 0.15173916918144137, 0.14647386506173668, 0.11573400611079913, 0.12782575766380114, 0.13584548772305602, 0.15571504759249907], [0.16069152090442584, 0.15682211410639443, 0.14615549370486589, 0.11516122840314943, 0.12461123765216463, 0.14213980429305334, 0.15441860093594648], [0.15107573888583803, 0.1530013350347376, 0.14187530785283523, 0.12324501965132732, 0.12528943271713605, 0.15815262514769587, 0.14736054071042984], [0.16354459120374, 0.14066330770536692, 0.14363353280218197, 0.12869620295725723, 0.14852130573479677, 0.12881129616956585, 0.14612976342709133], [0.1614396607932767, 0.14031648640514047, 0.1436398722278495, 0.12942816432173393, 0.14982456476355008, 0.12864340336805177, 0.14670784812039753], [0.16425282872348052, 0.14095573693627425, 0.14411628211933553, 0.12809884874148028, 0.14786413055702619, 0.12853049666587996, 0.14618167625652329], [0.16391361310580493, 0.1413445780636407, 0.14337847629346123, 0.12822609137002242, 0.14725045318461377, 0.12967722861523406, 0.1462095593672228], [0.1637173269663552, 0.14212278855315605, 0.14406444013980144, 0.12791329066022455, 0.1459555467601537, 0.13014674349998376, 0.14607986342032528], [0.16361872086101725, 0.14163490954570176, 0.14445709088906414, 0.12877267316225827, 0.14719875785342781, 0.12855896560977995, 0.14575888207875093], [0.16172323006076353, 0.1419163354960188, 0.14507215025611242, 0.12970141790731704, 0.14725828009259745, 0.12873316861781695, 0.1455954175693737], [0.16265555538179388, 0.14169618513258683, 0.14484664991256951, 0.1292984973206526, 0.14741545910857576, 0.1283870294420714, 0.1457006237017499], [0.1641485021653443, 0.14088431162857468, 0.14451080780353204, 0.1284634259915232, 0.14830284785167833, 0.12724594529958674, 0.14644415925976065], [0.1647550618640232, 0.14188784600074678, 0.14422975917911304, 0.12712647911018232, 0.1461240055465418, 0.12931126661018932, 0.1465655816892035], [0.16362665658579037, 0.1420700804399777, 0.1445296558778094, 0.1285077864115807, 0.14646192867951469, 0.12890630503680836, 0.14589758696851873], [0.16363541195974743, 0.14161647502764285, 0.14469225897181087, 0.1286510182044579, 0.14735275810445742, 0.12789281319696016, 0.1461592645349233], [0.16291843265477782, 0.14415271672556323, 0.14527054589436536, 0.12607169000913174, 0.14318579207573898, 0.13068457354402346, 0.14771624909639938], [0.16370501881298635, 0.14262314683167454, 0.14355874866720397, 0.1278254269521749, 0.14524048792653063, 0.13079026303804558, 0.14625690777138398], [0.16300580571401907, 0.1424362205150399, 0.1452503920486668, 0.1253566664606533, 0.1454512373470264, 0.13020553838397897, 0.1482941395306155], [0.16566487800957413, 0.141458350826487, 0.1444671786243655, 0.12690225866147445, 0.14660013275989398, 0.12807439699196058, 0.14683280412624425], [0.16666666666666663, 0.14161724900614137, 0.14419322048951372, 0.12657199462022573, 0.14595479641261128, 0.12835459100916818, 0.14664148179567293], [0.16114901057480124, 0.14348650878850996, 0.1438614284629365, 0.12932390345037528, 0.14485066316503167, 0.13191520213459762, 0.14541328342374776], [0.16407324467463308, 0.14179160891222609, 0.14459610153424846, 0.12779188796819346, 0.1468386710645581, 0.12815878403985093, 0.14674970180628993], [0.16158793912070024, 0.14259800597991268, 0.14342426537453432, 0.12542471239317493, 0.14377638050818467, 0.13403447630332316, 0.1491542203201701], [0.16091645680715633, 0.14369807844903487, 0.14528970629240254, 0.12507042454836714, 0.1436725280032515, 0.1326196130798616, 0.1487331928199261], [0.16483916662715556, 0.1416736308323944, 0.14486570712508626, 0.126834300744758, 0.14646855730260688, 0.12804091815150045, 0.1472777192164986], [0.16379538368609478, 0.14305269316355487, 0.14380396181862826, 0.12726516258952145, 0.1445904648326168, 0.1308959505136978, 0.1465963833958859], [0.16420242348697353, 0.14303157022038213, 0.1449222820316962, 0.1264364235220485, 0.14452543280813906, 0.12980170677876054, 0.1470801611519999], [0.16466922585150964, 0.14255808805720008, 0.14491645362079836, 0.1258106431007887, 0.14499003471497962, 0.12913249650521152, 0.14792305814951204], [0.16130059973402663, 0.14360760384042662, 0.14345214061676845, 0.12492888882057702, 0.14244246472479594, 0.13503496171632448, 0.14923334054708093], [0.16205391050636617, 0.14250436606160116, 0.14457557993397352, 0.12697058841608508, 0.14586412155679745, 0.12967118657769888, 0.14836024694747785], [0.16144789821443345, 0.14262427351706425, 0.1446521013026771, 0.1271832787866122, 0.14589335484718652, 0.12975256432726104, 0.14844652900476524], [0.1619700657000635, 0.14343600046185287, 0.14460715848945604, 0.1264335806742677, 0.14444988044565293, 0.13064645324753166, 0.1484568609811753], [0.16152800182963167, 0.14332198713981736, 0.14514385995181628, 0.12505367626865443, 0.1443433367836722, 0.131814761820792, 0.14879437620561597], [0.16082250234101586, 0.14203472298986314, 0.14346024402919935, 0.12685949939822733, 0.1454254552902072, 0.13264175734845973, 0.14875581860302733], [0.1513639183133287, 0.13652471091233362, 0.1429092731078452, 0.14287734953460032, 0.15836019302107665, 0.12624530876242807, 0.14171924634838728], [0.16666666666666669, 0.1515036684303413, 0.14599762335278763, 0.11991198610961781, 0.13166844734320707, 0.1345006763720019, 0.1497509317253777], [0.15722975349299192, 0.15328035215917243, 0.1427357844364189, 0.12403982217058312, 0.13047536677412078, 0.14618040021479006, 0.1460585207519227], [0.15502646280495724, 0.15290451565184063, 0.14274715661910792, 0.12622789448419364, 0.13085441037563805, 0.1473106298644938, 0.14492893019976874], [0.15204762711570843, 0.16108519270119173, 0.1469880412629301, 0.12028602951510647, 0.12416728431789642, 0.14689480653720915, 0.14853101854995757], [0.1532237920822455, 0.15722185224707094, 0.15090808056501906, 0.12381176157956532, 0.1277463219731527, 0.13747605415808714, 0.14961213739485935], [0.152858223035916, 0.16666666666666666, 0.14760142532328877, 0.11658141388358291, 0.12131425469608206, 0.1440570676173214, 0.1509209487771421], [0.15341591705841542, 0.1593394551833871, 0.14439888766562606, 0.11872657187377939, 0.12224228914065291, 0.1521327639857535, 0.1497441150923855], [0.1431363217615024, 0.13828411067198992, 0.1397486584562824, 0.16666666666666666, 0.1434738866976677, 0.12983513923808435, 0.13885521650780644], [0.14332232850481508, 0.13846046294816483, 0.1399805281215413, 0.16584687654787617, 0.14355148653840002, 0.12985517389366447, 0.13898314344553805], [0.15263567027751845, 0.15843067121752447, 0.14368557337512392, 0.11939797974610135, 0.12251276701648121, 0.1543742469708278, 0.1489630913964229], [0.16666666666666666, 0.14934000772114384, 0.14675363228450528, 0.12231904107781931, 0.13402879580709023, 0.13132790254611656, 0.1495639538966581], [0.15355480279191613, 0.1620171475374091, 0.1477584810380192, 0.11718442375479046, 0.123762433190494, 0.14506573632166253, 0.1506569753657085], [0.16666666666666666, 0.14631769891901633, 0.1479553284006164, 0.11774946025800531, 0.13674776566342633, 0.13038145285247557, 0.1541816272397933], [0.16290309574929587, 0.14808997869603552, 0.14784921327963155, 0.11837977787164719, 0.13589204539602218, 0.1332818953302748, 0.153603993677093], [0.1629921326113436, 0.14525226149206774, 0.1499200781164184, 0.11883743466509022, 0.13856683809519177, 0.12862613587810307, 0.15580511914178508], [0.1637123300669824, 0.14648369020231475, 0.15015902484854476, 0.11815904876330009, 0.13732234923157158, 0.12906738522337166, 0.15509617166391476], [0.15212300522794728, 0.14425709874524925, 0.1530702469850089, 0.12775384557895128, 0.14377703893834481, 0.12871036975027375, 0.1503083947742247], [0.1558237093965398, 0.14981378551166669, 0.15450477751702826, 0.11413832460795174, 0.1285058484453785, 0.1305468878547683, 0.16666666666666666], [0.15468123028203173, 0.1589227885797775, 0.15220850437892122, 0.11512505128085757, 0.12317420004232014, 0.1393393119524586, 0.15654891348363315], [0.15185654854909392, 0.1560487346021674, 0.14990412137215206, 0.11802679810594673, 0.12568931671444472, 0.1441232444568821, 0.1543512361993131], [0.14463978693845964, 0.14071176547033426, 0.16666666666666669, 0.13074525751254518, 0.1407796406490289, 0.12977833711544745, 0.14667854564751798], [0.1567081376657553, 0.1364904754977911, 0.14386996929261978, 0.13878240134158618, 0.15863720917796204, 0.12364874466499419, 0.14186306235929144], [0.1558316866002891, 0.13440806924796084, 0.14237768854979876, 0.1375557241866595, 0.16666666666666666, 0.12185360484319462, 0.14130655990543048], [0.1632312543232304, 0.1430016883540091, 0.1447029784455906, 0.12610540222091074, 0.1446463033902624, 0.1299613873612668, 0.14835098590473003], [0.16666666666666666, 0.1420819353402218, 0.14345401079508208, 0.1266422373697016, 0.13964006813394744, 0.13115774202130767, 0.15035733967307272], [0.16666666666666666, 0.13867556278346022, 0.14576581503770775, 0.12683717863401847, 0.1457580082264262, 0.12748491189834282, 0.14881185675337788], [0.15720256060589846, 0.14589549705186766, 0.1539449484846705, 0.12122708827507855, 0.14113544475774834, 0.1274401781607736, 0.1531542826639628], [0.14834143166279168, 0.14722934747313543, 0.1650663837997076, 0.12186528429506427, 0.13494464994042954, 0.12727538059850715, 0.1552775222303642], [0.14980881749254915, 0.149732735824656, 0.1620467346863939, 0.12217219829150398, 0.13318643488777968, 0.12900477472587082, 0.1540483040912464], [0.14813440845933967, 0.146221639676238, 0.16031708648905266, 0.12461821695124634, 0.1388678715414098, 0.12864918774366157, 0.1531915891390521], [0.14812219541964813, 0.14670121923357968, 0.1605190268568093, 0.124520416190248, 0.1385025745006132, 0.1288942870738725, 0.15274028072522927], [0.15000433375925726, 0.14984986655828833, 0.1624191860102301, 0.12174128318973357, 0.1331086972588215, 0.12888872092022646, 0.15398791230344283], [0.15115885349668626, 0.15182010959042289, 0.16033782699828392, 0.12067024214074402, 0.1315268549706986, 0.13057678422231833, 0.15390932858084608], [0.14845658893026345, 0.14808007302781806, 0.16666666666666666, 0.12035837236777938, 0.13337606466351787, 0.12747319742076915, 0.1555890369231854], [0.14954968273076938, 0.1491844346685182, 0.1634698668028207, 0.12118844525085222, 0.13320000179918134, 0.12831146501035376, 0.1550961037375045], [0.14856671250281184, 0.147071580169788, 0.1638502864266665, 0.12228582196807979, 0.13493863702997377, 0.1272963204764285, 0.1559906414262515], [0.1481326033273931, 0.14585075188230798, 0.1621617019668048, 0.12458515055897867, 0.13776420298628375, 0.12736109437195, 0.15414449490628176], [0.14892028985405925, 0.14842022428235194, 0.1469823896523488, 0.13800930648637766, 0.13671910245929364, 0.13645843696485396, 0.1444902503007147], [0.148098195574935, 0.14657750727036495, 0.16247229363968757, 0.12451490656689185, 0.13712732044242174, 0.12764187363966403, 0.153567902866035], [0.14784002663755516, 0.14547708180147265, 0.1594549514152786, 0.12601689466068972, 0.14040753297070102, 0.12849793532002732, 0.15230557719427562], [0.1483638614465378, 0.146956102048251, 0.16452571418841178, 0.1221148209637281, 0.13537532187831966, 0.1273318049933061, 0.15533237448144555], [0.1482548472791735, 0.1462271163352239, 0.16003703011537077, 0.12418943414513975, 0.13848573825097713, 0.12898335072610834, 0.1538224831480067], [0.1483293389053436, 0.14657018231798136, 0.16113986528049828, 0.12341943077231125, 0.13755763534195004, 0.12870481108918186, 0.15427873629273367], [0.14761124241904364, 0.1409795216458997, 0.15041182520411364, 0.1385901988441794, 0.14936904677323815, 0.1277297566818866, 0.14530840843163892], [0.15077507675796992, 0.15063353706170296, 0.16121514076593912, 0.12001931859188428, 0.1313300817480834, 0.12984553627559217, 0.15618130879882802], [0.15068239374533388, 0.14903535932904605, 0.1596511813968946, 0.12295072324501888, 0.13456267967201138, 0.1294404965795355, 0.15367716603215978], [0.14797183497395636, 0.14564815253667013, 0.16006385797499698, 0.12525964941282786, 0.13962334443566415, 0.12840913444643703, 0.15302402621944752], [0.148236920053825, 0.1467664435121642, 0.1599003976423251, 0.12513933563921115, 0.1389128264337791, 0.12909620498414534, 0.15194787173455018], [0.1480802413502977, 0.14708254738970344, 0.1600258719529094, 0.12489495398064698, 0.13844531110375394, 0.1294185660991152, 0.15205250812357315], [0.1486930688100253, 0.14739651707424503, 0.15986601893839722, 0.12448185739149036, 0.13802904579201078, 0.12950711593339648, 0.1520263760604348]]