[[0.16096425160418565, 0.1392741692071104, 0.14429270776355302, 0.1226986017890219, 0.16666666666666669, 0.1225741453007897, 0.14352945766867287], [0.1553350351830604, 0.1374698232781386, 0.1513366287224031, 0.12466547108491627, 0.16325430184012998, 0.11844212240085139, 0.1494966174905003], [0.1537699141493141, 0.13835110609587936, 0.15194533961861273, 0.12397842051818311, 0.16397304279457603, 0.11850080546970808, 0.14948137135372655], [0.15682559735045956, 0.13986010168911572, 0.14838330127264393, 0.12341761668431346, 0.16498117832607878, 0.11961639887503586, 0.14691580580235256], [0.15477994695969513, 0.13972154408141338, 0.1506520346284474, 0.123012826833667, 0.16469348966653144, 0.11939307358309212, 0.14774708424715344], [0.1538162115844451, 0.14088932148160008, 0.14891360619739047, 0.12403486364099033, 0.16499147617719578, 0.11977318654437415, 0.147581334374004], [0.15517270949418405, 0.13997625035127972, 0.15054594229637386, 0.12276321464518687, 0.16464550878454726, 0.11971707472358083, 0.14717929970484717], [0.15482825849227827, 0.14076188853527627, 0.15045809755889017, 0.1223341016509964, 0.16463057283948906, 0.12043092255524837, 0.1465561583678215], [0.15878380421286328, 0.13797557875373603, 0.1477387294831509, 0.12409641057278666, 0.16666666666666669, 0.11841585562765981, 0.14632295468313672], [0.15562536374935976, 0.14125784387958887, 0.14885899302564595, 0.12195287203904734, 0.16666666666666666, 0.12013159180211355, 0.14550666883757782], [0.1528781400777799, 0.14148508531763346, 0.1497399625346965, 0.12377667138004188, 0.16472064755482158, 0.12011397206481195, 0.14728552107021486], [0.15589307550298695, 0.14250437772368332, 0.14790290427138195, 0.12184656818483817, 0.1659158087268315, 0.12139697549278983, 0.14454029009748823], [0.15289494951658947, 0.1409532189363541, 0.15056793972711968, 0.12358424226194703, 0.1646094101604773, 0.1197889588328615, 0.14760128056465108], [0.15471498669497036, 0.14209823302843386, 0.1495159019354065, 0.12205966447037893, 0.16497568987855768, 0.12110589300421988, 0.14552963098803293], [0.15421565604942816, 0.1433867927457882, 0.14870873862558065, 0.1221289034953878, 0.16460260774530502, 0.12219486981577941, 0.14476243152273077], [0.15450449219197301, 0.14234157252167723, 0.1494590229632445, 0.12217196345653315, 0.16475777221016644, 0.12129330109497187, 0.14547187556143382], [0.15577977385495267, 0.14355349175386606, 0.14755192573385467, 0.12158986835101167, 0.16528612385853225, 0.12255307843412025, 0.1436857380136624], [0.16666666666666666, 0.14086432246771113, 0.14374274504964646, 0.12299794856437173, 0.16128929767312405, 0.12327376404983549, 0.14116525552864442], [0.1613961785881282, 0.1398938395588459, 0.14669500719483644, 0.12101249892996416, 0.16666666666666666, 0.12183276768222055, 0.14250304137933809], [0.155939047756398, 0.1412198986143711, 0.14815536839170315, 0.12262675541178185, 0.16666666666666666, 0.12000791964292282, 0.14538434351615634], [0.15635886415931285, 0.14236893629749, 0.14768080125259436, 0.12266958510615383, 0.1647753122647952, 0.12129299723140424, 0.1448535036882496], [0.16666666666666666, 0.14149864064690976, 0.14624778167886232, 0.12140919047977126, 0.15985503683989227, 0.12287731099820332, 0.14144537268969426], [0.15705054776781097, 0.1430391283856035, 0.14700071050722588, 0.12202075467947879, 0.16505830690702913, 0.12204425393072828, 0.1437862978221234], [0.15562196360795938, 0.14259410674780829, 0.14800094928804863, 0.12167392776559208, 0.16666666666666666, 0.12116571280191851, 0.14427667312200645], [0.15698219986722023, 0.14049634020498442, 0.14973019260781337, 0.12210013047707358, 0.1648040374901539, 0.12032010701795931, 0.14556699233479525], [0.15603543349276086, 0.14201258368965644, 0.14866552635267738, 0.1221027928350183, 0.165274143311967, 0.12101514149963094, 0.14489437881828904], [0.15694522125435686, 0.14063656990960524, 0.1484578585321321, 0.1227842448994644, 0.1657250529671822, 0.11986697827701039, 0.14558407416024863], [0.15522220767385847, 0.14210929475331233, 0.1490390458675988, 0.12209682574930292, 0.16544710065920865, 0.12086095428304924, 0.14522457101366956], [0.15442344009719886, 0.14363882739167952, 0.14822298395142072, 0.12222539953620865, 0.1648627860258339, 0.1221698429282289, 0.14445672006942945], [0.1564918647665498, 0.1415182297712753, 0.1487760315260687, 0.12228628899906291, 0.16516252079775873, 0.12060977733089683, 0.14515528680838796], [0.15548108152657086, 0.1437505481695285, 0.14767858272723608, 0.12178071846235242, 0.1651919024570897, 0.12242866921202067, 0.1436884974452018], [0.15493823545531274, 0.14294299505019845, 0.1493692099475566, 0.1216044524016192, 0.16465970913399283, 0.12198386862156514, 0.14450152938975497], [0.15593305264185606, 0.1425937266535882, 0.14833484612378836, 0.12206717067114632, 0.1649319767026036, 0.12147008224839412, 0.1446691449586234], [0.15368663430176968, 0.1440001733746977, 0.1490716820467093, 0.12219999286857848, 0.1639723303728343, 0.12262084883866368, 0.14444833819674677], [0.15615567138991968, 0.14377264774537854, 0.14733193881087697, 0.12161810482321081, 0.16534985758347578, 0.12244909180769069, 0.14332268783944752], [0.15756637382661365, 0.14111616964499615, 0.14881127491533347, 0.122088401522503, 0.16502739614724468, 0.12065832436463353, 0.14473205957867552], [0.16091597536385327, 0.1399901626831835, 0.14605552609731406, 0.12427481379927131, 0.1632687289468498, 0.12147318466207035, 0.1440216084474576], [0.15580490153445611, 0.1433373373541504, 0.14765719138067, 0.12189013606734139, 0.16571166594021927, 0.12184444625224611, 0.14375432147091685], [0.16666666666666666, 0.14240054869813604, 0.14392119488705496, 0.12129971677572761, 0.16066401673075015, 0.1257242047267322, 0.1393236515149324], [0.16666666666666666, 0.14240054869813604, 0.14392119488705496, 0.12129971677572761, 0.16066401673075015, 0.1257242047267322, 0.1393236515149324], [0.15615922015467137, 0.14339991144784475, 0.14755528663077452, 0.12107288510850303, 0.16666666666666666, 0.12210605837787183, 0.14303997161366777], [0.15489834646159192, 0.14365902234955946, 0.1486667738584491, 0.1215427597343078, 0.16511361760998292, 0.1223108158416226, 0.14380866414448631], [0.15710029865599145, 0.14151503073765376, 0.14877974495817772, 0.1222374862871135, 0.16503370760126573, 0.12071369507256746, 0.14462003668723028], [0.1646789384332401, 0.14269197955550994, 0.14338803283573126, 0.12188827209711317, 0.16086289176374058, 0.1274043923369549, 0.13908549297770995], [0.15622576132939572, 0.14383516802160923, 0.14754264595563435, 0.1218124565114243, 0.16467512724417296, 0.12267719540103351, 0.14323164553672985], [0.16134710156214435, 0.14117327151259346, 0.14523558885469073, 0.12307558702484658, 0.1646237976921249, 0.12221829510434687, 0.14232635824925305], [0.15829809664915329, 0.14258653676322097, 0.14806191953041148, 0.12179262080187962, 0.1639118209734985, 0.12215479535798017, 0.14319420992385604], [0.16401043711823082, 0.14366433318421673, 0.14335589800515236, 0.12213127414851886, 0.1602444137492958, 0.1279436375107983, 0.13865000628378718], [0.16317688128350444, 0.14565463771947523, 0.14284677949196728, 0.12111757961859862, 0.15972371833258778, 0.12974881002451094, 0.13773159352935563], [0.16063317849371128, 0.14085071943625488, 0.14626374160504335, 0.12306410564917922, 0.1646202280296205, 0.12176204478251454, 0.1428059820036763], [0.16291793992164494, 0.14432775984500185, 0.14318014856904737, 0.1222554525161703, 0.15910337137255454, 0.13012785576789765, 0.13808747200768345], [0.16001202559796177, 0.14293201806172046, 0.14560616261804607, 0.12124368176352744, 0.16666666666666669, 0.12256907650432067, 0.14097036878775704], [0.15985196863146833, 0.14310993439316777, 0.14945456445075936, 0.12102823744412006, 0.16236727931019151, 0.12273996812120382, 0.14144804764908894], [0.15922345336566726, 0.14441249141693918, 0.148703162008644, 0.12100996490498894, 0.16227268352775093, 0.12338251775155645, 0.1409957270244533], [0.1592711099500324, 0.14399563585929182, 0.14957329421735494, 0.12050202374572032, 0.16266670045144493, 0.12289001301755252, 0.14110122275860304], [0.15494020219619936, 0.14749467612651354, 0.14925122361382426, 0.12015636321130561, 0.16277499148540986, 0.12540522023433168, 0.1399773231324157], [0.15557905255735055, 0.14144432405528287, 0.14921666476982318, 0.12264064708877787, 0.16461727219899064, 0.12069676269171832, 0.14580527663805656], [0.1555593237354494, 0.14200047094159116, 0.14866724018069966, 0.12233872685475838, 0.1653810872639058, 0.12078696955886414, 0.14526618146473158], [0.15521908684499378, 0.13886354701150508, 0.15044041374581785, 0.12334665377423908, 0.16491449741452796, 0.1190289149777563, 0.14818688623115994], [0.1567148578274553, 0.13968296762572557, 0.1493410781992125, 0.12284292194972092, 0.16511931818253456, 0.11960505253730402, 0.14669380367804707], [0.15962010884059044, 0.14102004508255317, 0.14884978639639285, 0.12093006538723544, 0.1638483615306752, 0.12219313787933411, 0.1435384948832187], [0.1600843938413177, 0.14007145349880093, 0.14624654703503956, 0.12410397510300401, 0.1618820531079069, 0.12252866645537153, 0.1450829109585595], [0.16666666666666669, 0.14231612252362175, 0.14313059005929982, 0.12129345242567716, 0.16149316261913, 0.12566464190010715, 0.1394353638054975], [0.16501462326623795, 0.1429277110240647, 0.14303275781839242, 0.12269739251324664, 0.1601757586146887, 0.12696756082444105, 0.13918419593892856], [0.16512106021574346, 0.14322924246539767, 0.1439252636443052, 0.1207524405689549, 0.16153853612428504, 0.126298002228209, 0.13913545475310474], [0.16382011815398242, 0.1420622285758913, 0.14499143329505612, 0.12098008967629009, 0.1632321305768978, 0.12490275470112192, 0.14001124502076015], [0.1624663370922879, 0.14599905252307718, 0.14347655548317806, 0.12042805242240329, 0.16099447105715226, 0.1286608023293421, 0.1379747290925593], [0.1621038319878104, 0.1461586395130422, 0.1437703444031558, 0.12024445354303434, 0.16103935566772098, 0.1286829824844219, 0.13800039240081446], [0.16267334609306025, 0.1457024824552003, 0.14360336259581874, 0.12043220617817653, 0.16138123301412233, 0.12820364877757043, 0.1380037208860515], [0.1624592898900219, 0.14620202507477492, 0.14296900460352788, 0.12117505187779518, 0.15940327667464252, 0.13069213961149143, 0.13709921226774624], [0.15539401458617885, 0.13647991165847895, 0.14880911369333885, 0.12638459063209773, 0.16666666666666666, 0.11659622657306244, 0.1496694761901765], [0.15893313711360602, 0.13820180256415304, 0.14617676162681023, 0.1243133230376529, 0.16666666666666666, 0.11953324215999551, 0.14617506683111564], [0.15308107975563762, 0.13934284958942117, 0.15054903010652018, 0.12430730750345112, 0.16491704858025466, 0.11855004041926592, 0.14925264404544927], [0.1541577857077046, 0.13877944204936765, 0.15048258571399856, 0.12438725042852869, 0.16473428349407024, 0.1183305687389641, 0.14912808386736603], [0.15303112949589442, 0.13967840583450808, 0.1502447026798801, 0.12419908532378753, 0.1654084990571711, 0.1186220199170139, 0.14881615769174497], [0.1533285157297396, 0.1398932202556102, 0.15018276950077705, 0.12386305977067193, 0.16545850123330041, 0.11885537343591566, 0.1484185600739852], [0.15591966784565192, 0.13821173045885055, 0.14833975317996398, 0.12465009687202115, 0.16666666666666663, 0.11801583945797686, 0.14819624551886876], [0.1544531528936633, 0.139837060386673, 0.1490390048828497, 0.12355114004120347, 0.16666666666666666, 0.11872143037833649, 0.14773154475060737], [0.15574411138238498, 0.13789361528191266, 0.15212412592710972, 0.12367532978688817, 0.16304092602379505, 0.11894981169547258, 0.1485720799024369], [0.1530619579642641, 0.14046904250692757, 0.14894794165446665, 0.12515564006647187, 0.16472263277543656, 0.1192698731630313, 0.14837291186940205], [0.1531147116510695, 0.14031147980306577, 0.14836556455219352, 0.12608687898420015, 0.16422245557859178, 0.11939973183338919, 0.14849917759749004], [0.15306909786743314, 0.13916092494445506, 0.15165465897075053, 0.12377129492338482, 0.1649001779212548, 0.11846484744732019, 0.14897899792540134], [0.15543697350076974, 0.13883193666495233, 0.1497653662615502, 0.12329876113087283, 0.16666666666666669, 0.11833505248102716, 0.1476652432941611], [0.1543489637244301, 0.1397956469794286, 0.1495220819695357, 0.1239392019888993, 0.1657030753276123, 0.11873212531259669, 0.14795890469749726], [0.15132383006949696, 0.1362395159757037, 0.15065159326184258, 0.13187142948035138, 0.1590744987156099, 0.11657526525573814, 0.15426386724125726], [0.1562193145470645, 0.13970539541079208, 0.14964736910085802, 0.12309494947555161, 0.16489776944140958, 0.11943569397531678, 0.14699950804900758], [0.15355777898455794, 0.13967579146973652, 0.15172745860013065, 0.12203069381339593, 0.16666666666666666, 0.11890858256777476, 0.14743302789773743], [0.15531323816390502, 0.13871648886448584, 0.14940933845904233, 0.12394785983861681, 0.16666666666666666, 0.11805990659857626, 0.14788650140870707], [0.1546234206844096, 0.14032690731731753, 0.14942949863971652, 0.12331963537786587, 0.1658228797457904, 0.1191996656533482, 0.1472779925815518], [0.15204520483207254, 0.14208275729408118, 0.14939516475692843, 0.12436718058924762, 0.16417364341954846, 0.12066435131402928, 0.14727169779409263], [0.160346860435841, 0.14290333800455687, 0.14484610523768174, 0.12275060516209285, 0.16333550388443113, 0.12321172863302464, 0.1426058586423717], [0.1546061788772288, 0.14164346440948666, 0.1499072884740654, 0.12237605444733972, 0.1648478963822521, 0.12053087771969219, 0.14608823968993517], [0.15531668534885198, 0.1419388231975943, 0.15150554504919062, 0.1210668322618513, 0.16350386299845104, 0.12155810776684167, 0.1451101433772189], [0.15487646539707853, 0.14051877208684596, 0.15140445040984152, 0.12208387385044982, 0.164968902581194, 0.11968442223537294, 0.14646311343921734], [0.1531996583658222, 0.14229477428624734, 0.1500388616590457, 0.12321171835532786, 0.16424391916497, 0.1207043974744851, 0.14630667069410186], [0.1588665621442885, 0.14068109976898158, 0.14733324435683492, 0.1232504961918857, 0.16451344417705444, 0.1207480674594046, 0.14460708590155016], [0.16078230305290156, 0.1433058503652539, 0.14483551753740145, 0.12186985335253737, 0.16421392747026933, 0.12352184644553123, 0.14147070177610513], [0.15357546146469117, 0.14703796386425663, 0.14787368562654565, 0.12185398386020954, 0.16198653400552357, 0.1257074224088849, 0.14196494876988855], [0.15433139834525106, 0.1438686885628015, 0.14970427194039412, 0.12295001722926417, 0.16369114987066993, 0.12143414192177107, 0.14402033212984824], [0.15698841232575958, 0.1436945294701698, 0.14899452755171722, 0.12168787395288282, 0.1636861308922504, 0.12198630109368865, 0.14296222471353134], [0.15578400141295803, 0.14435692139807832, 0.1493787246196626, 0.1201596046830398, 0.16666666666666666, 0.12177805281276387, 0.14187602840683064], [0.15569140730764636, 0.14832315883730351, 0.14601940476329206, 0.12252793893298243, 0.16170965056478154, 0.12601622293901932, 0.13971221665497488], [0.1563515064364381, 0.14859577415535472, 0.14905305651489423, 0.11902281058265128, 0.16029888129526274, 0.12832274323539725, 0.1383552277800017], [0.16103199857017922, 0.148710566710024, 0.14276894323064152, 0.12497504418456928, 0.15112767509923827, 0.13831955224267534, 0.13306621996267248], [0.16666666666666669, 0.147645185087863, 0.14426974363213402, 0.12164555315133034, 0.15416613302781865, 0.1324915874493284, 0.13311513098485894], [0.14576244058123772, 0.15637608840854314, 0.14448154555460174, 0.12822523287343035, 0.14200238326828502, 0.15584062626197356, 0.1273116830519285], [0.14599297951426024, 0.14985695931359744, 0.14395080294916013, 0.13479819826106385, 0.14232329030324462, 0.14949292845898585, 0.13358484119968786], [0.1467321261890176, 0.15220067317186983, 0.14247713010408308, 0.1315564187469724, 0.14122143170813234, 0.15596403224783004, 0.1298481878320948], [0.15011362941504316, 0.16666666666666663, 0.15158004886630722, 0.121351288845444, 0.14309452051285834, 0.14011878338569772, 0.12707506230798277], [0.15044149500102827, 0.15647612153357882, 0.15079861795586327, 0.12278340116119324, 0.14640713542119838, 0.14171328257212956, 0.1313799463550084], [0.14439215222630183, 0.15325927317003515, 0.1423071459824229, 0.1263051056852791, 0.14103528878900387, 0.16525308071454264, 0.12744795343241455], [0.14415007349672682, 0.15254733143257546, 0.14179302037502095, 0.12668346311689446, 0.14068099112855956, 0.16666666666666666, 0.12747845378355607], [0.14700241939577288, 0.15661055601045482, 0.1436260604372201, 0.12615161406318207, 0.1412528935451059, 0.15854445139493084, 0.1268120051533335], [0.1573301695505826, 0.13899782181905634, 0.1483403715257042, 0.1235392467786982, 0.1652907553809805, 0.11934472917369564, 0.14715690577128254], [0.1583749930891677, 0.1405049029175497, 0.14650029934189274, 0.12338787550779577, 0.16469001918837617, 0.1207827444005092, 0.14575916555470866], [0.1580572542018732, 0.13922475816802177, 0.14750696000318197, 0.12359636792478129, 0.16520108518891471, 0.11973438593280605, 0.14667918858042114], [0.1579942748160309, 0.13968349013794149, 0.14687134352835288, 0.12382701625909294, 0.16520918184663755, 0.11994247365585152, 0.1464722197560927], [0.15596981106018112, 0.13744451124295345, 0.1480466711267283, 0.12699011154145232, 0.16365280303859717, 0.11850885559147664, 0.14938723639861104], [0.15570283213487549, 0.13895809614145704, 0.14864035786685761, 0.1247331538663308, 0.16496056674083018, 0.11873090993266576, 0.14827408331698325], [0.15567929064389663, 0.13793868273141008, 0.14914914338842114, 0.12483743545260602, 0.16565955870829602, 0.11802286783270961, 0.1487130212426606], [0.15833123674337313, 0.14018673041021948, 0.14718718439891437, 0.12343689250410232, 0.16474336599138326, 0.12025539290615886, 0.14585919704584857], [0.15380041828307447, 0.14035620947133623, 0.14948629416754802, 0.12400558302301538, 0.16520762932483288, 0.11923069606271786, 0.14791316966747525], [0.15512356517750434, 0.13970006839657217, 0.1498866179066595, 0.12344817703308236, 0.1651725618765854, 0.11902409578486614, 0.14764491382473013], [0.1549379312061277, 0.13819407575424625, 0.14935698508532566, 0.12461783824338012, 0.16666666666666666, 0.11777293712329975, 0.14845356592095388], [0.15775625941343774, 0.14100194202395275, 0.14820441613788923, 0.12207841116548937, 0.165155809001088, 0.1207474531692004, 0.14505570908894264], [0.1573936850688875, 0.14178087917358279, 0.14680810533027303, 0.12323830606410062, 0.16475997501209544, 0.12107497037804635, 0.14494407897301434], [0.15734548947486038, 0.14219302154082475, 0.1476038492358596, 0.12218688527139081, 0.1647567302700888, 0.12144648402488366, 0.144467540182092], [0.16666666666666669, 0.14717185739357763, 0.1477019864529458, 0.12047512746109752, 0.15732142452444214, 0.12562730615578047, 0.1350356313454898], [0.1629330831185198, 0.1463884227306704, 0.1495768912625193, 0.12174059754923944, 0.1573974457181238, 0.12496861431839569, 0.13699494530253156], [0.15915640180881602, 0.15405203232209538, 0.15157797781589252, 0.1221031180006855, 0.150436546165152, 0.13176946162765188, 0.13090446225970676], [0.1557747345183529, 0.15818865305280422, 0.15098457157969664, 0.12100863940956022, 0.1481079297336521, 0.13742734896439715, 0.12850812274153672], [0.14912942929260828, 0.1595663986362627, 0.14616556913611237, 0.12632480619847739, 0.14177490335328788, 0.1504319107780282, 0.12660698260522313], [0.1572946652477491, 0.13855470576926335, 0.14765087579301484, 0.12348805125782203, 0.16666666666666666, 0.11903782132570073, 0.14730721393978324], [0.15845768121108328, 0.1376331522320434, 0.14592953909464138, 0.12528462608749508, 0.16666666666666666, 0.1191406985561808, 0.14688763615188938], [0.15618873805133848, 0.13905407832891975, 0.148913027558425, 0.12281613520466293, 0.16666666666666666, 0.11898475345378831, 0.14737660073619885], [0.15859427241404142, 0.13995300368676694, 0.14626671210187456, 0.12299722187812992, 0.16666666666666666, 0.12009791132170992, 0.1454242119308106], [0.1558783887492391, 0.14106515927021201, 0.14856994298769766, 0.12172591272847859, 0.16666666666666666, 0.12054052829399538, 0.14555340130371053], [0.15415954391031764, 0.14049124167588325, 0.1489698877749708, 0.12323865931405072, 0.16666666666666666, 0.11922400332499972, 0.14724999733311117], [0.15185915910927578, 0.1403867406726211, 0.15044273501751296, 0.12345847524482202, 0.16666666666666666, 0.11901216561959706, 0.14817405766950437], [0.15287896832083459, 0.1402956330121532, 0.14978248176396233, 0.12354562943332267, 0.16666666666666666, 0.11890228075148923, 0.1479283400515713], [0.1555527379734323, 0.13890048135734182, 0.14865789010765945, 0.12425476023130484, 0.16666666666666666, 0.11822978527955777, 0.14773767838403712], [0.1569251920828138, 0.14044736946147757, 0.1485617958123256, 0.12183790205440106, 0.16666666666666666, 0.11997568015917323, 0.14558539376314206], [0.1544106489585271, 0.14137486635180285, 0.14908277620635182, 0.12341747722554466, 0.1647831623754792, 0.120149423158003, 0.14678164572429128], [0.1544738401077281, 0.14031719290451464, 0.148567918397361, 0.12396975263765594, 0.16666666666666669, 0.11895399530638891, 0.14705063397968482], [0.15683948839206657, 0.14360545328684013, 0.1488400361796023, 0.12151393751700389, 0.16379901721086257, 0.12247817118006471, 0.14292389623355983], [0.15804332132846544, 0.1426253977243838, 0.1464786971965694, 0.12297082757787109, 0.1634677726562506, 0.12225604675515268, 0.14415793676130714], [0.158586784228436, 0.140586941281559, 0.1498066288699921, 0.12124730934600905, 0.16339462373973532, 0.12185337938467278, 0.14452433314959573], [0.15685123860127098, 0.1399683195533945, 0.14900258423383064, 0.12285421073056277, 0.16556289513835865, 0.11951892360128094, 0.14624182814130143], [0.15705995171336048, 0.14043283859853598, 0.14844529044592514, 0.1222494868664821, 0.16666666666666669, 0.11969974735408175, 0.1454460183549479], [0.15442188667265752, 0.14476710314262947, 0.14655405018667095, 0.12352524074169166, 0.16281034028887986, 0.12364570701976146, 0.1442756719477091], [0.15629012043972387, 0.14075393064781025, 0.14798590230672976, 0.12414655455290355, 0.164719533433877, 0.1200217037808868, 0.14608225483806878], [0.16666666666666669, 0.14192111903261204, 0.1435664541310687, 0.12194745890042429, 0.1610331525517324, 0.12511593250533334, 0.13974921621216263], [0.15863987198594454, 0.14180357626963344, 0.14939444668484073, 0.11994069200952055, 0.16390145740897483, 0.12388290840013629, 0.14243704724094958], [0.15671865135468416, 0.13987113291271422, 0.1496101671641633, 0.1230512059744981, 0.1648319987043647, 0.119598774397616, 0.14631806949195963], [0.1580783324037978, 0.14312553158502822, 0.14655956533568523, 0.12244173450709869, 0.1639203856053619, 0.1224028525848554, 0.14347159797817274], [0.15611584767471604, 0.14232062306403975, 0.14934941959819106, 0.12164840148153208, 0.16477601892009852, 0.12134859398659345, 0.1444410952748291], [0.1581429713648963, 0.14108551639554237, 0.14878242740307374, 0.12213393624654535, 0.16464737239485058, 0.12087788324696981, 0.14432989294812193], [0.16537399595017926, 0.1427764612699453, 0.14391152765431595, 0.12138350851418332, 0.1609684259478014, 0.12646525449588433, 0.13912082616769034], [0.15967408831082855, 0.1405704131690371, 0.14631519044492533, 0.12375306996795964, 0.1648199568485569, 0.12120071657289681, 0.14366656468579547], [0.1594177052374093, 0.14074071171052516, 0.1459881793371288, 0.12422132902332231, 0.1646225860878828, 0.12147793024613936, 0.1435315583575922], [0.15973187131313335, 0.14177001024707833, 0.14565907135210918, 0.12241441149219193, 0.16666666666666666, 0.12172043363687032, 0.14203753529195015], [0.15983350962905712, 0.14085961388163198, 0.14816082496566535, 0.11975633324935916, 0.16666666666666666, 0.1223269751191066, 0.14239607648851305], [0.16436596963518804, 0.14115607748429143, 0.1439130009307035, 0.12381249920848429, 0.16130260705611824, 0.12389424433631124, 0.14155560134890324], [0.14577143795067823, 0.13614524457933772, 0.14919203291883523, 0.14338203045821754, 0.1499840342445733, 0.12298132486499154, 0.15254389498336635], [0.1576377509295635, 0.15138544201700888, 0.14890735583816705, 0.12172865959592886, 0.15530290052181525, 0.13119566547928893, 0.1338422256182277], [0.15063554516813352, 0.16200625629896845, 0.14362005020794064, 0.12139843083331574, 0.1495504267903247, 0.14350174452350012, 0.12928754617781688], [0.1477579211673673, 0.16666666666666666, 0.1420328958422186, 0.1214611701023767, 0.14783009405695025, 0.1457856332261238, 0.12846561893829664], [0.14887616455945166, 0.15688844457554704, 0.15032836962550714, 0.123639699218808, 0.14573185383233794, 0.14587658660429526, 0.12865888158405292], [0.14962314679177216, 0.15177647878400377, 0.15316826669654177, 0.12712071150369375, 0.148448472112587, 0.13675110957515563, 0.13311181453624601], [0.14999681138480678, 0.1596047934261395, 0.15269177392445446, 0.12317745091105779, 0.14493351953299663, 0.14187181470441282, 0.127723836116132], [0.14874768232214322, 0.16666666666666666, 0.14905031531136614, 0.12246389509732537, 0.14211079429480314, 0.14604062464316991, 0.12492002166452551], [0.14072913784922544, 0.13695424883829396, 0.14369096064424744, 0.16666666666666669, 0.14102812697371447, 0.12740509063189853, 0.14352576839595355], [0.1407946468924906, 0.1369890386697406, 0.1439342644367834, 0.16585793235370952, 0.14118403263964074, 0.12745384272229865, 0.14378624228533646], [0.14837955284861173, 0.16499399645247453, 0.1481363338467509, 0.12302334749331748, 0.14212354691573578, 0.148134290078255, 0.12520893236485456], [0.15751611439557459, 0.1476872261963076, 0.15061361658573041, 0.12552100422708082, 0.15387361800064217, 0.12867931130198276, 0.13610910929268147], [0.1511647906150186, 0.15747258560271432, 0.15143462845781802, 0.12151457876788316, 0.14688055774920714, 0.1429902239182844, 0.1285426348890742], [0.16290419028901204, 0.14708236174615935, 0.1494971922447611, 0.11985710851282276, 0.15784191107502926, 0.12545776609610101, 0.1373594700361144], [0.16666666666666666, 0.14755870641098842, 0.14801498046342373, 0.11764403896706979, 0.15753868076105287, 0.12677432473926084, 0.13580260199153762], [0.16047876695182542, 0.14715481011973006, 0.15101396703509784, 0.12161406899761855, 0.1564041514117317, 0.12406322733601806, 0.13927100814797846], [0.1620158096163236, 0.1469872364786061, 0.1511032431726551, 0.12024584390190203, 0.15670581972841635, 0.12441863651025634, 0.1385234105918405], [0.15035651278307088, 0.14083995456585935, 0.16666666666666666, 0.12337311745909012, 0.15279147607226476, 0.12042011598661527, 0.14555215646643294], [0.15461201208357492, 0.1551354233898653, 0.15724488558181404, 0.12273544517404979, 0.14774668420502068, 0.12885763057426983, 0.13366791899140537], [0.15104313280373233, 0.15931366644682135, 0.1571899495210834, 0.12250868601898095, 0.144418793480811, 0.13661401500063772, 0.1289117567279333], [0.15079187256938562, 0.16156434117842475, 0.1514888382890043, 0.12209991410710039, 0.14441394517285144, 0.13993101213779383, 0.12971007654543962], [0.14601747060569786, 0.14485075786427998, 0.15338283920878118, 0.13423010921968373, 0.1463978896181302, 0.12983357923545805, 0.14528735424796896], [0.14504668273416868, 0.13345197717777796, 0.1487571694499169, 0.13678158478138758, 0.15232506974514717, 0.11697084944493515, 0.16666666666666669], [0.14770803692774298, 0.13441580583508994, 0.14902222021065023, 0.13818036377156498, 0.15403352066952855, 0.11827958819301423, 0.15836046439240917], [0.15941186949384023, 0.14102113589834842, 0.14709256853932604, 0.12193452789518795, 0.16666666666666666, 0.12090265888595855, 0.1429705726206721], [0.15557761754864108, 0.146441672636765, 0.14798890746546847, 0.13152746297076162, 0.1520639533776826, 0.1279209237683541, 0.13847946223232707], [0.15185921848703834, 0.14520359170403674, 0.14882384375274546, 0.13265566902729625, 0.1514170791998309, 0.12627713151014164, 0.14376346631891074], [0.15685204017928103, 0.14500579713067985, 0.15438084157857662, 0.12235010975277559, 0.15561467837945261, 0.12310141107376074, 0.14269512190547345], [0.14929004734528703, 0.14891884353374582, 0.1652303978896766, 0.1264570087400024, 0.14613459000283385, 0.12557896484527892, 0.1383901476431754], [0.14934130795222783, 0.14893085711833226, 0.1639105528498595, 0.12626726660709164, 0.14700622582933065, 0.12753352203607013, 0.13701026760708807], [0.14865231672551396, 0.1477543858055122, 0.16362070651991964, 0.12764142797966632, 0.14604646466136983, 0.12578485892293928, 0.14049983938507887], [0.14851996643153503, 0.1473580679438467, 0.16519358682827537, 0.1267506886495782, 0.1463282713246908, 0.12561245131338014, 0.14023696750869374], [0.1493661695885077, 0.1490186124413835, 0.16450385360093728, 0.12591626373742737, 0.14697347210391037, 0.12735593528975428, 0.13686569323807954], [0.14979259727355793, 0.1503367827537436, 0.1628668869287948, 0.12531046769140264, 0.14706376531769297, 0.1291486947079978, 0.13548080532681028], [0.14947914256152733, 0.1495156101344681, 0.16666666666666669, 0.12529005951662872, 0.1460484879724852, 0.12584660777620926, 0.13715342537201486], [0.14928685749520257, 0.14929037178762963, 0.16666666666666669, 0.12568093111178938, 0.1461475821414957, 0.12644216425070798, 0.13648542654650814], [0.14929116991652677, 0.14929384920702513, 0.16417441914755218, 0.1273935427733346, 0.1457440190533571, 0.12581541224050827, 0.13828758766169588], [0.14890914812560485, 0.14779396991861116, 0.1625519401170617, 0.1282304206332091, 0.1463303582018833, 0.1253555718313873, 0.14082859117224245], [0.14500862604549206, 0.14717521261691996, 0.14719109807958872, 0.13713131335976822, 0.1480159107776762, 0.13504744436990282, 0.1404303947506521], [0.14886644112984843, 0.14750625613627763, 0.16280183984522148, 0.12782671324410128, 0.14679915856191422, 0.12570426154094275, 0.14049532954169416], [0.14813739642306106, 0.14672608821949062, 0.16372433403810727, 0.12836361783756944, 0.14599730375441342, 0.125332011637141, 0.14171924809021727], [0.1493283790122416, 0.1489432789598115, 0.1647419514388717, 0.1266145792327997, 0.14608872713989662, 0.12553488422580378, 0.13874819999057525], [0.14897754287097859, 0.14853561923888664, 0.16253342062124326, 0.1275982765936918, 0.1458741514118048, 0.12619892907990798, 0.14028206018348693], [0.14920403768707044, 0.14886546169390888, 0.16264110436466497, 0.12718330310853665, 0.14602653843498398, 0.12622313097309695, 0.13985642373773818], [0.14265231418814117, 0.13888686834423075, 0.16666666666666669, 0.13725745063122943, 0.14391793511078296, 0.1217031357804132, 0.1489156292785359], [0.14970746427571174, 0.15077779396535138, 0.16666666666666666, 0.12502685180918627, 0.14548501752101717, 0.12776901954154773, 0.13456718622051897], [0.14951946754516066, 0.14895299889105032, 0.16283012088054943, 0.1277195782977056, 0.14601165625988788, 0.1278833982341973, 0.1370827798914488], [0.14846923283214145, 0.1474330787666575, 0.16318154972577048, 0.12822422610190407, 0.1459133120849488, 0.12557510464847416, 0.14120349584010355], [0.14811083066414737, 0.14652786880969337, 0.16666666666666669, 0.12649027505160845, 0.1464477555430028, 0.1253505385235811, 0.14040606474130038], [0.14836166241698198, 0.14689935567378587, 0.1654703723230696, 0.12632520716887716, 0.14671462159195878, 0.12588038695977383, 0.14034839386555295], [0.14840886029512113, 0.14713059211056376, 0.1653632526290213, 0.12640195393068673, 0.14663065115500326, 0.1262745422407948, 0.13979014763880893]]