[[0.16666666666666666, 0.13897400287757852, 0.15432301036985677, 0.1246158881394532, 0.14555805140740022, 0.12915879451126505, 0.14070358602777958], [0.16220324387871402, 0.13904052387416338, 0.15461656514303102, 0.12624066313927776, 0.148611309803297, 0.12492443022163777, 0.1443632639398792], [0.1617343653192434, 0.13960091210900696, 0.15425971709995426, 0.12638115671326053, 0.14804205733682357, 0.12529140573016326, 0.14469038569154788], [0.16423384749170383, 0.1397643245001533, 0.15480911849083512, 0.12576092585741777, 0.14634656897486198, 0.12633484450941282, 0.14275037017561518], [0.1637800643706333, 0.14006201119498712, 0.15426324772734262, 0.12582418955589192, 0.14616154372762452, 0.12625186753373155, 0.14365707588978902], [0.1629676375403288, 0.1403147626633663, 0.15342798997904022, 0.12723044540606443, 0.1462472706871787, 0.12660787457495173, 0.14320401914906997], [0.16400976662481037, 0.14026524268813648, 0.15449921591708457, 0.12549542967572297, 0.145614911454996, 0.12651763525711046, 0.14359779838213932], [0.16380982810188266, 0.14072314146327594, 0.15421200575100283, 0.12552326616857723, 0.1448882769235266, 0.12731348790972047, 0.1435299936820143], [0.16666666666666663, 0.13848408025306477, 0.1558670386574341, 0.12445617226041288, 0.1471111783160285, 0.12453351272928893, 0.14288135111710404], [0.1652682736585686, 0.1406672609742834, 0.15471528436770846, 0.1249496569775413, 0.14443457369369156, 0.12693422136669777, 0.14303072896150884], [0.16267826744173486, 0.14087558001517186, 0.1532725383030955, 0.12715773556819954, 0.14545855067546792, 0.12688927352746515, 0.1436680544688651], [0.1646505277006186, 0.14120957043915258, 0.15447807314582854, 0.1252046270831775, 0.14366872279721046, 0.12816538280911655, 0.1426230960248956], [0.162866707265884, 0.14078218556663932, 0.15338227916916072, 0.12691420403261502, 0.14550524943090204, 0.12666120146662116, 0.14388817306817764], [0.16410609393190437, 0.14121141988249497, 0.15423820974908073, 0.12532498674620135, 0.14404770514726226, 0.12772550851138004, 0.1433460760316763], [0.16320570527332692, 0.14178772560186956, 0.1538042495139973, 0.12585447296973484, 0.14343493588531325, 0.12878100730938175, 0.14313190344637636], [0.16404000787919798, 0.14132198593930664, 0.1540919143763551, 0.12548100734914805, 0.14389471092286912, 0.12787515357892415, 0.14329521995419872], [0.16363975244777104, 0.14185323350909562, 0.15431832979791926, 0.12534528486600985, 0.1429240026924093, 0.12933297684135245, 0.14258641984544243], [0.1615442722392231, 0.14050810244844786, 0.15616269344206224, 0.12442779061546932, 0.14431370857430526, 0.13079035869473807, 0.14225307398575418], [0.16666666666666666, 0.14014410735368638, 0.15767141216830163, 0.12153770126495883, 0.1434836721611984, 0.12785928261271085, 0.14263715777247724], [0.16411891975024695, 0.14070023569510767, 0.1553281831711945, 0.12511333961702717, 0.14488610806473895, 0.1266021257155428, 0.14325108798614197], [0.16436658287412687, 0.1410507647467482, 0.15500648917239365, 0.1251191956626116, 0.1441436160629423, 0.12751326232337817, 0.1428000891577992], [0.16666666666666666, 0.14003370863924652, 0.15537829467254644, 0.12234996598618628, 0.1430178574813036, 0.1298507237134763, 0.14270278284057417], [0.16446474244943232, 0.14143205285625488, 0.1550354610604178, 0.12489681556407249, 0.1432729820224779, 0.128511024517768, 0.14238692152957658], [0.16473589997787985, 0.14139044860857, 0.15469667726516814, 0.12499143280366638, 0.14339083630344154, 0.12796069904133922, 0.1428340059999348], [0.1646925394360759, 0.1406151466291318, 0.1559384786279976, 0.12401808596219978, 0.14451738191924215, 0.12666765859934043, 0.1435507088260124], [0.16552559705838127, 0.14103662131077893, 0.15487852813533143, 0.12469352793441661, 0.14361242910395075, 0.12738637709954204, 0.14286691935759893], [0.1649758430402206, 0.1403996034661611, 0.1557952218755373, 0.12460724164243597, 0.144900171976795, 0.1261881180392867, 0.14313379995956346], [0.16504040091983394, 0.14111193943394784, 0.15467969152704347, 0.12486621501797282, 0.14385714751489528, 0.1272470646935286, 0.14319754089277806], [0.1633060024883522, 0.14187157738570577, 0.1540646810132775, 0.1257112617339436, 0.14331445408599763, 0.1286276850617955, 0.14310433823092755], [0.16666666666666669, 0.140631143700304, 0.1553092302573625, 0.1241164074688291, 0.1438447001614839, 0.12655122489051202, 0.14288062685484187], [0.16366919570659683, 0.14198315116783225, 0.1544819161459807, 0.12524249684496147, 0.1428178881077982, 0.1289933989021317, 0.1428119531246989], [0.16392250423955881, 0.14181196235830978, 0.15450990368292408, 0.12487318431750087, 0.14303829219536893, 0.1284725988601269, 0.1433715543462108], [0.16464835040052597, 0.14137954250456383, 0.1548460595672533, 0.12478419366739622, 0.1435311084896944, 0.12781583335946822, 0.14299491201109799], [0.16318654205477584, 0.1421963761877716, 0.15377634246182942, 0.12569305829846092, 0.14285513551135473, 0.12885441374999693, 0.14343813173581058], [0.16396976011412315, 0.14198516348322504, 0.1549646032596214, 0.12477784830033663, 0.14265659022999583, 0.12890595555313214, 0.1427400790595658], [0.16510283673388756, 0.14087348009310788, 0.15631197086560228, 0.12376401585949957, 0.14385616332680382, 0.12682987766496923, 0.14326165545612968], [0.16325399728949708, 0.14006148881113487, 0.15734109306856134, 0.12409102518909501, 0.14530414306132577, 0.12715982639752046, 0.14278842618286552], [0.16435994682321362, 0.1417970940266105, 0.1549129918477877, 0.12489919357010444, 0.14287271275930374, 0.12831549165677952, 0.14284256931620046], [0.16361288662728068, 0.14162207747189362, 0.15644798267905174, 0.1224582554647405, 0.14133431610367422, 0.1326277236609582, 0.14189675799240106], [0.16361288662728068, 0.14162207747189362, 0.15644798267905174, 0.1224582554647405, 0.14133431610367422, 0.1326277236609582, 0.14189675799240106], [0.16405887009508088, 0.1420918875977364, 0.15500291132280866, 0.12464279729014621, 0.14236853319841547, 0.1290404140991602, 0.14279458639665202], [0.1637046264614729, 0.14219463377943273, 0.15459552819732356, 0.12488572248051648, 0.14254286469817268, 0.1287891658959956, 0.14328745848708613], [0.1653655274915883, 0.14102732176257374, 0.1563076140130436, 0.12373444337937428, 0.14358670011889335, 0.12664298216316283, 0.14333541107136388], [0.16666666666666666, 0.14174209746065852, 0.1565853702586795, 0.12149250086102778, 0.14002760391340033, 0.1326340797521722, 0.14085168108739501], [0.1635715088604322, 0.14222684057513418, 0.15505874270469544, 0.12478652010565532, 0.14240230061004092, 0.12905709752660155, 0.14289698961744024], [0.1623745145149327, 0.14130006786924884, 0.15782096103495186, 0.12394986673224187, 0.14348213271473795, 0.1285203212057668, 0.14255213592811988], [0.164069179506856, 0.14189149116217198, 0.15693605065108818, 0.12332045221367488, 0.14243594278051616, 0.12808848307490436, 0.14325840061078848], [0.16445597416724422, 0.14218602922707738, 0.15692550651584986, 0.1215010535779441, 0.13997302244768253, 0.13342357616859696, 0.14153483789560498], [0.16317132953283578, 0.1435654338346795, 0.15651409772595498, 0.1218473034977662, 0.1387224774102516, 0.13507666515070346, 0.14110269284780835], [0.16235084617394943, 0.1413421008373272, 0.1581454112156622, 0.12369573602793844, 0.14347116141016278, 0.127943323203699, 0.14305142113126107], [0.1642826274631792, 0.1430188549051177, 0.15636149582238673, 0.12146008449506213, 0.13871838058215258, 0.13504830262608253, 0.14111025410601907], [0.16165582629050848, 0.14271593201647506, 0.15801704359928762, 0.12341356955750181, 0.14168792035267114, 0.12950133505049188, 0.14300837313306394], [0.16115363659653645, 0.14384313650297406, 0.15914407484357915, 0.12175694974056171, 0.14030012554465673, 0.12845904191236207, 0.1453430348593299], [0.16132236783421927, 0.14428904216882252, 0.15846168449266795, 0.12206791135736894, 0.13985570839313377, 0.12899020621937374, 0.14501307953441378], [0.16124263601504485, 0.14432153173841109, 0.15844720499093717, 0.12185370818744157, 0.1398775137366068, 0.12873373865094734, 0.14552366668061117], [0.16666666666666669, 0.1449799644268487, 0.15366959193946386, 0.12249799677809638, 0.13760771551650927, 0.13009683439989908, 0.1444812302725161], [0.1644096957109958, 0.14089193898647173, 0.15458040098489767, 0.12531888847856498, 0.14439719597709752, 0.1272162042756103, 0.14318567558636192], [0.16533490426396547, 0.14095921474018297, 0.15468359612018395, 0.12495723708879374, 0.14396533939503947, 0.12713414364521897, 0.14296556474661543], [0.16301485100750734, 0.13972054547510182, 0.1542568610165386, 0.12625434801423907, 0.14695373536441628, 0.1262484761630939, 0.14355118295910319], [0.16418970855000029, 0.1399966849459102, 0.15513042832324977, 0.1252203827005892, 0.14586078757582527, 0.12640978415818813, 0.143192223746237], [0.1631113238210233, 0.14126730949111072, 0.1575685033417064, 0.12247157059660616, 0.1434868635401743, 0.12839963840046978, 0.14369479080890946], [0.16666666666666666, 0.13912194055963817, 0.15625785357314326, 0.122416945722122, 0.14630825129753863, 0.12655416868416344, 0.14267417349672776], [0.16467128556091665, 0.1417009381086443, 0.15670393150821782, 0.12257956890963505, 0.14119451526871685, 0.13205552084446504, 0.1410942397994044], [0.16329587207132348, 0.1416004283602623, 0.1563720818985142, 0.12267522985678132, 0.14136191625483938, 0.13306667789477078, 0.14162779366350856], [0.1642312471128809, 0.14238024461425536, 0.15747404549457006, 0.12170883557756955, 0.1403232824947432, 0.13229310855327778, 0.1415892361527031], [0.16326189213162842, 0.14208327771626036, 0.1587057263151627, 0.12137598115217352, 0.14120875411615047, 0.1308342663644134, 0.142530102204211], [0.16183062134133597, 0.14394414418562637, 0.15693834279347152, 0.12211736620147544, 0.13901177569589968, 0.13446437978822412, 0.14169336999396687], [0.16153137180400184, 0.14408740544246787, 0.15698744476684068, 0.12207900374244424, 0.13895206979082692, 0.13450072189766457, 0.141861982555754], [0.16199306535968072, 0.14392817972012084, 0.1573347963505721, 0.12190495874186304, 0.13897331643000585, 0.13404712261809995, 0.14181856077965765], [0.1627598566520228, 0.14430114859579762, 0.1571158186080339, 0.12105346337920854, 0.1376760378529399, 0.13566305338749576, 0.14143062152450137], [0.16666666666666666, 0.13625311957641167, 0.1521158755126951, 0.12668840910836437, 0.15181566341747005, 0.1227305609341285, 0.1437297047842636], [0.16333723450890414, 0.1390325657159622, 0.155045214613875, 0.12624571539136772, 0.14755489829356083, 0.12667061482753106, 0.142113756648799], [0.1626390042532891, 0.13978554971625728, 0.15324924010431765, 0.12749579270404812, 0.14737784180015454, 0.12570667291076604, 0.1437458985111671], [0.16272457845569188, 0.13951058466040514, 0.15409341887001207, 0.1268240282341578, 0.14778341031714656, 0.1251635925539866, 0.14390038690859985], [0.16285139938209642, 0.13996211108069967, 0.15326319258538895, 0.12747965917210702, 0.14696777446102566, 0.12581577997708368, 0.14366008334159874], [0.1631618740901806, 0.14005281380643486, 0.15342803943302613, 0.12713112572781926, 0.14664036256396262, 0.12598602367294948, 0.14359976070562697], [0.16247139633782223, 0.13920118972425607, 0.1547232635066958, 0.12692077499892684, 0.14823994863384338, 0.1252251864521447, 0.14321824034631106], [0.16373046809043873, 0.13988802848975315, 0.15396911125059126, 0.12662464997947265, 0.14667087056567005, 0.12587940877189932, 0.1432374628521748], [0.1616237123728194, 0.1396870095548406, 0.15517622139122317, 0.1254661056169946, 0.1475598567587499, 0.12557342902529017, 0.1449136652800823], [0.16202667520111033, 0.14013592383574153, 0.15330949011124423, 0.1279646958526307, 0.14709404074405458, 0.12592736276682234, 0.14354181148839615], [0.16104331118027668, 0.1400235075010591, 0.15336020992272853, 0.1284775265885672, 0.14770898960444634, 0.12579916341909783, 0.1435872917838243], [0.16264922062781204, 0.1400212409374407, 0.15375680356641427, 0.1267345107559703, 0.14694828612946548, 0.1255331122777938, 0.1443568257051035], [0.16374802614287276, 0.13974720160147436, 0.15470801188039507, 0.12600167429731732, 0.146664291980775, 0.12563600096498742, 0.14349479313217825], [0.1637190565310425, 0.1399143433353404, 0.15408962105834081, 0.12660732713750114, 0.14663034457629429, 0.1255823968768756, 0.14345691048460527], [0.16666666666666669, 0.13584009634975405, 0.15038664841569377, 0.13020011629220588, 0.15328867110289152, 0.1196073700976176, 0.14401043107517064], [0.16385527159930086, 0.13995605037480807, 0.15543849963276077, 0.12502372205801926, 0.1462434561162042, 0.1258353853870775, 0.14364761483182945], [0.16292541688701842, 0.14051782912401614, 0.15440893847350617, 0.12545203891115492, 0.14588257974319288, 0.12622175312202863, 0.14459144373908273], [0.1631560976769482, 0.1396380306045877, 0.15492691325831232, 0.12625351464678392, 0.14721514679815742, 0.12512619632470004, 0.14368410069051024], [0.16428604620985135, 0.1401542917325908, 0.1542767739723544, 0.12601286782474114, 0.1459552954352456, 0.12592886841126047, 0.14338585641395635], [0.16151763225562493, 0.1411217368674462, 0.15289001778465047, 0.1278267494420059, 0.14557650382106127, 0.12723894663127203, 0.1438284131979392], [0.16199640957594674, 0.14162484472180106, 0.15565679826360987, 0.12550069566159355, 0.1434113589104214, 0.1300591299429148, 0.14175076292371247], [0.16432036496390928, 0.1409434293672582, 0.15462360716481596, 0.12501149081621132, 0.14457298900412022, 0.12680768189150582, 0.1437204367921792], [0.16246309970735112, 0.1417726683379335, 0.15561907904932057, 0.12364438803333491, 0.14380921300013402, 0.12765716011661415, 0.14503439175531188], [0.16379218279861626, 0.1408588252518694, 0.1553720483845971, 0.12438592052998014, 0.14488205491153044, 0.1260692820552137, 0.14463968606819305], [0.16298192048011087, 0.14146780735067052, 0.15367564325050004, 0.12641102067872045, 0.14434121813735012, 0.12719973922552902, 0.14392265087711892], [0.16262212553127206, 0.14076761325234094, 0.15708341848342047, 0.1244451067296423, 0.14489088556995433, 0.12694067256963365, 0.14325017786373617], [0.16174275479922887, 0.14226753987391336, 0.15641637128295574, 0.12466699475125682, 0.14234466374435206, 0.13052978316147254, 0.14203189238682068], [0.16666666666666669, 0.1432404679550449, 0.15277843213676484, 0.12448001199301682, 0.13982004044883212, 0.13033357577286298, 0.14268080502681174], [0.16172779374551033, 0.14314819228564038, 0.15461214704906745, 0.12564028376933506, 0.14228274745601846, 0.12755957975980026, 0.14502925593462795], [0.16272469315279386, 0.14309108933976444, 0.1567749419559387, 0.12330474362914294, 0.14168321637079165, 0.12773701466890508, 0.1446843008826633], [0.16293078024244295, 0.1438418493271385, 0.15550583139763566, 0.12349153817490871, 0.14068164130407912, 0.12846674531134708, 0.1450816142424479], [0.16666666666666666, 0.14481322755797793, 0.1548878655570313, 0.12286218472918152, 0.13777447141096036, 0.12975012242148878, 0.14324546165669338], [0.16666666666666669, 0.14587244112098696, 0.15407391357322145, 0.12077569251739317, 0.13596222882492728, 0.13240609340842183, 0.14424296388838273], [0.16666666666666666, 0.14495083394176847, 0.15122553680064868, 0.12178706645680315, 0.1332486900639192, 0.14303235957984614, 0.1390888464903477], [0.16666666666666666, 0.14543369151128932, 0.1557855297387832, 0.11916563576001675, 0.13390452196367705, 0.137940865721946, 0.141103088637621], [0.1459982582717593, 0.1543290652647592, 0.14410319235690572, 0.12865888538466963, 0.12788283570494896, 0.1569482907491885, 0.14207947226776865], [0.1465437123246412, 0.1477698712432549, 0.14322571199555867, 0.13467588895830376, 0.13527877981994807, 0.1506926878434438, 0.14181334781484947], [0.14849273591418005, 0.14837422096057926, 0.1427149343630492, 0.13111402482514167, 0.1307061640545621, 0.1583540580853599, 0.14024386179712783], [0.14776523957995955, 0.1583854085283925, 0.14904974798013945, 0.12063888673283829, 0.1269280284811746, 0.14745229761070416, 0.14978039108679134], [0.1491302163843921, 0.15652986728966045, 0.14827284629744983, 0.12206907191352498, 0.12874847463042516, 0.1447092047041669, 0.1505403187803806], [0.14599304133699, 0.15191223792075062, 0.1435866088414935, 0.128104261927623, 0.12879253308011118, 0.15991264998337806, 0.1416986669096537], [0.14611143570145796, 0.15129929441236317, 0.14340579253652352, 0.12882694729882418, 0.129254377223121, 0.15965460086075844, 0.14144755196695186], [0.1474676223701213, 0.15199342487874287, 0.14303137316947404, 0.12448620686495995, 0.12577896121374954, 0.16666666666666669, 0.14057574483628568], [0.1629993926888415, 0.13955642162813267, 0.1549082707620453, 0.12610617121646944, 0.1470720693991002, 0.12652383017391114, 0.14283384413149977], [0.16320180401190648, 0.13998980369964795, 0.15456771910733202, 0.12636844388198462, 0.14604692613993803, 0.12793226906654076, 0.14189303409265025], [0.16263567035157575, 0.13958674722260886, 0.15508243664379098, 0.12612066841608716, 0.14709981940315747, 0.12688877425519923, 0.14258588370758052], [0.16270326601394725, 0.13966302507069012, 0.15483287876390198, 0.1264583065689504, 0.14697277899145703, 0.12706519582155873, 0.14230454876949455], [0.1627996346749858, 0.1381780438145807, 0.15409932067416876, 0.1276060147790261, 0.1500268406153939, 0.12425050868366823, 0.14303963675817652], [0.16261901554088873, 0.1394186637696352, 0.15440856596028613, 0.12698307855899538, 0.14782334816068982, 0.12557919580098234, 0.14316813220852254], [0.16272899207111785, 0.13904833229461408, 0.15471315460171595, 0.12671595677913094, 0.1484278576312318, 0.12488532964442534, 0.14348037697776403], [0.1635282463780621, 0.13998496425906995, 0.15536058876819311, 0.12566680330267632, 0.1460100935222202, 0.12702292358965217, 0.14242638018012613], [0.1631799485365492, 0.14016287284704676, 0.15369641733371225, 0.12695200963749714, 0.14647039621914748, 0.12604716440251063, 0.14349119102353647], [0.1640548231207042, 0.13989241134582606, 0.15467679308345297, 0.12573869080830458, 0.1464360708341896, 0.125606800855299, 0.14359440995222367], [0.16193190796433377, 0.1394296168044377, 0.15490921518055878, 0.12673909388916907, 0.14818814996880347, 0.12481597766322021, 0.143986038529477], [0.1650455997559767, 0.14052853333122095, 0.155466309685877, 0.1244863114747265, 0.1444488603242858, 0.1273487119389954, 0.1426756734889177], [0.16375338892040117, 0.1406908996055917, 0.15523440226600008, 0.125537425165569, 0.14485177794059748, 0.1274635482191144, 0.14246855788272628], [0.16528542414084196, 0.14094557052146436, 0.15526661952643764, 0.12455020959747565, 0.14375711287900603, 0.1277080264070301, 0.14248703692774414], [0.15693121312240976, 0.14733052667857388, 0.1617598830094174, 0.11988145113803962, 0.13579340707651996, 0.13225649580397433, 0.14604702317106508], [0.15605286700666124, 0.14750705105382012, 0.16102556850722968, 0.12043312739349497, 0.13688632343451515, 0.13041597482042802, 0.14767908778385078], [0.1550893619641891, 0.15280564040020353, 0.15616753939516204, 0.11937280870524464, 0.1306006843789532, 0.1380474576315563, 0.14791650752469118], [0.15280271209880963, 0.15742684532656495, 0.1531888244910979, 0.1183251047028411, 0.12719461874003313, 0.14364644050829434, 0.14741545413235893], [0.14924351356609866, 0.15345078190286973, 0.14485892024864275, 0.12467313890857136, 0.12665031210971048, 0.15843264830402437, 0.14269068496008247], [0.16247506862406788, 0.13935557107441596, 0.15439129502131707, 0.12678662787655745, 0.14760875619811004, 0.12690750924915467, 0.14247517195637688], [0.1633860390582238, 0.13848551187674418, 0.15459243935316422, 0.12684060140594053, 0.1486542706978853, 0.1260013103768353, 0.14203982723120667], [0.16352398836753965, 0.1396155953070847, 0.15440418825649435, 0.1260885621088873, 0.14688407804087455, 0.12654270900001854, 0.1429408789191009], [0.16267520033734084, 0.14001329121893974, 0.1549900734986825, 0.12620511146597752, 0.146229662601823, 0.12773254099318423, 0.14215411988405213], [0.16418782344488783, 0.14065403374489702, 0.15417458405826295, 0.12559421104768365, 0.1447161518769802, 0.12796131817721096, 0.14271187765007742], [0.16372644969697223, 0.14020815088278374, 0.15378538303884387, 0.1266127934844672, 0.14608912709862462, 0.1263869050411167, 0.1431911907571917], [0.16209154742592913, 0.1405866972771672, 0.15278321119750296, 0.12771556942792064, 0.14621562202159222, 0.12669530381379773, 0.14391204883609013], [0.16282707910962688, 0.14032463151602023, 0.15331167969388348, 0.12724597591688835, 0.14635804804849917, 0.1262844438429673, 0.1436481418721146], [0.1629877796418107, 0.1395841338913565, 0.15486292217236763, 0.12653687572324773, 0.14737677929206533, 0.12525799872795534, 0.14339351055119665], [0.1647124675992601, 0.1404371612799717, 0.15507699361474042, 0.12481158500290684, 0.14492132826771503, 0.12712428165109863, 0.14291618258430738], [0.16395460124200373, 0.14063035087756112, 0.1539316269700448, 0.12627420539892986, 0.14527927030924787, 0.12669605079969568, 0.14323389440251696], [0.16317409003336847, 0.14024260542929476, 0.15447039552497555, 0.126566062351172, 0.14629349308240638, 0.1257662738370837, 0.1434870797416992], [0.16357988646093258, 0.1426902794206827, 0.15640651706807474, 0.12343476452914975, 0.14166054630399183, 0.12834728686496902, 0.1438807193521993], [0.1634901542136779, 0.14118134627056436, 0.15506465675582704, 0.12549626210447787, 0.14395563958726978, 0.1286388883958403, 0.14217305267234281], [0.16246196656443485, 0.14106300671033836, 0.15703479080324753, 0.12301550186962026, 0.14424889380650335, 0.12813917425764534, 0.14403666598821036], [0.1646047032868164, 0.1401171057923812, 0.15565212970051767, 0.12478653561558528, 0.1455324636968431, 0.12602103926730177, 0.14328602264055443], [0.16503728664274653, 0.1403508991952146, 0.15568418436715106, 0.12454504608779762, 0.14490772724175807, 0.12641775996492638, 0.14305709650040563], [0.1620966731629866, 0.14202712281519214, 0.15327322764004536, 0.12697286230866942, 0.1434771621875366, 0.1297273050479197, 0.14242564683765008], [0.16294773518638528, 0.14045666629452647, 0.15561148927357993, 0.12570563758234382, 0.14577458363151122, 0.1260922234656655, 0.1434116645659877], [0.1628293029952533, 0.1411655617415131, 0.15648749681322854, 0.12297020108703005, 0.14241406712690538, 0.1320923743442368, 0.14204099589183275], [0.16097325194343226, 0.14238351662377136, 0.15685974658089635, 0.12268974570798648, 0.1423565038486395, 0.13067099714910288, 0.14406623814617117], [0.16419070610039174, 0.14029898944674232, 0.15592608388290574, 0.12464348170829631, 0.1453576415568018, 0.12591646425110925, 0.14366663305375285], [0.16407620880141413, 0.14152337688981198, 0.15562365439499257, 0.12471339545947091, 0.14316073955902847, 0.12857932479507556, 0.1423233001002064], [0.16542237341798077, 0.14143147719723542, 0.15565069047329247, 0.12371284117824471, 0.14302647409217162, 0.12730595368338884, 0.14345018995768627], [0.16405278269529097, 0.14112788618195196, 0.157196299159271, 0.12338692652812622, 0.1437041040855317, 0.12690584343617836, 0.14362615791364985], [0.16470306113967706, 0.14183630354376867, 0.1568821584736784, 0.12172276813658751, 0.14058166333797156, 0.13260514707968715, 0.14166889828862986], [0.162284465209956, 0.14089531928254043, 0.15770230872729848, 0.12432709647819193, 0.1444788119063462, 0.12720753632146128, 0.14310446207420566], [0.1617418000663936, 0.1410169869476799, 0.15772771622428952, 0.12454372794579023, 0.14450461351510177, 0.12728477584456635, 0.14318037945617865], [0.16116462574791146, 0.14199228425302485, 0.15819656978892144, 0.12393321508568368, 0.14306917383601217, 0.1284079050500687, 0.14323622623837778], [0.16214455348493817, 0.14181923912998892, 0.1574252564592092, 0.12237495718700239, 0.14290633528121718, 0.1295712685834729, 0.1437583898741712], [0.1615464109664424, 0.14062106445767694, 0.15623379132601897, 0.12457491551034729, 0.1442063951912439, 0.13068902458828208, 0.14212839795998844], [0.15112906461414644, 0.13606211755027586, 0.14389423403568, 0.14251225112217902, 0.15823271225632884, 0.12562495578983857, 0.14254466463155135], [0.15817253230944084, 0.15172889657735653, 0.1560206956552882, 0.12060647079543192, 0.13218830390219366, 0.13497846356672846, 0.14630463719356027], [0.15365565181419819, 0.15324316525384463, 0.1500121544358777, 0.1239214056766473, 0.13037482809022524, 0.14612348978954642, 0.1426693049396605], [0.15238680699899862, 0.15285341897440347, 0.1480634658430704, 0.12607775175607383, 0.13072144516503775, 0.14723876397900273, 0.14265834728341334], [0.14743582800318525, 0.1613438898557608, 0.146936097333041, 0.12243573744753208, 0.12613709898559478, 0.147811217504575, 0.14790013087031106], [0.14912413881105632, 0.15762675180660035, 0.1478742091018202, 0.12564895301844006, 0.12941483865575057, 0.13872745684553384, 0.15158365176079874], [0.14541788084626767, 0.16666666666666663, 0.14781381157630438, 0.12043425845769987, 0.1248030220412476, 0.14579632750281113, 0.14906803290900256], [0.14775619874893117, 0.15980119778039228, 0.14680236186028306, 0.12174763710723883, 0.12504180263852419, 0.15304865429188416, 0.1458021475727463], [0.14313792898822308, 0.13828604932620764, 0.13884573208183779, 0.16666666666666669, 0.1434754708672089, 0.1298376549944527, 0.13975049707540324], [0.14332351266512977, 0.1384618937305173, 0.1389760934138886, 0.1658469181323888, 0.14355265907448933, 0.12985704118622007, 0.13998188179736618], [0.14770767817696193, 0.15889348897898115, 0.14630863999691288, 0.12205422063436591, 0.12499397394791655, 0.15506501352134922, 0.14497698474351248], [0.15586959065614586, 0.14995929711977912, 0.15501531545886, 0.12390411379542578, 0.13519533850184245, 0.13259098056072624, 0.14746536390722062], [0.14830861544462143, 0.16224855201161245, 0.1490576044264435, 0.11964713271137324, 0.1258977575783812, 0.14614080490183787, 0.1486995329257303], [0.15639279574431067, 0.14602586780146648, 0.16666666666666666, 0.11704792280457332, 0.13631868904273892, 0.12986107488395907, 0.14768698305628486], [0.1559427478624735, 0.14780713249066174, 0.16284579211399142, 0.11764456805994296, 0.1354234750641106, 0.1327735831970949, 0.147562701211725], [0.15577384946014347, 0.14525655930741582, 0.16299287008075877, 0.11884703386738918, 0.13857247765760444, 0.12863377051356173, 0.14992343911312656], [0.15526635983117598, 0.1464615432741379, 0.16370908825175268, 0.11810582099822624, 0.1372901494967217, 0.12902612725594073, 0.1501409108920448], [0.15254589596339227, 0.14398480439422934, 0.1515351552094146, 0.12728102337186586, 0.14349891147291455, 0.12824917008447867, 0.15290503950370474], [0.14874934044689814, 0.15185388191238658, 0.15487806579156788, 0.1204970522690659, 0.1331253403403106, 0.13491930525160556, 0.15597701398816546], [0.14627757141828296, 0.15971903337534807, 0.15008819625854034, 0.12042468830326011, 0.12764620357951342, 0.14214917849784472, 0.15369512856721038], [0.14647291880911037, 0.15683879779486767, 0.14935183649486913, 0.1216460122442712, 0.12873837520671866, 0.14580066412930612, 0.15115139532085686], [0.14502264163427303, 0.14116289408795973, 0.1441290892256753, 0.13136961649323545, 0.1412295895112277, 0.13041950238096217, 0.16666666666666669], [0.1564556689199894, 0.13572544834009534, 0.1454595764047975, 0.13807547911516274, 0.15843364627613502, 0.12255815379437232, 0.14329202714944747], [0.15556520368955545, 0.13361467923859688, 0.1447819500915378, 0.13683974975581173, 0.16666666666666666, 0.12075144174917446, 0.14178030880865702], [0.16249346911827614, 0.14157037925966284, 0.15785357856525398, 0.1236521691812531, 0.14331446417190707, 0.12774137264643237, 0.14337456705721435], [0.15480227347394973, 0.14357350170847236, 0.15309948751366148, 0.12907053694536383, 0.14127978365023017, 0.1333120839610461, 0.1448623327472763], [0.15142717234790987, 0.14126686063192717, 0.15027497962782188, 0.13052442394864372, 0.14769364327163895, 0.13111219281066266, 0.14770072736139578], [0.15340223754313634, 0.1458618687865489, 0.15718723833587137, 0.12115352216269955, 0.14109411002695618, 0.12737667096366032, 0.1539243521811272], [0.14444777075140577, 0.14858499337255185, 0.1496195158184047, 0.12498993382597601, 0.13715708579477587, 0.13002270572597693, 0.16517799471090885], [0.1458484162221744, 0.15077816345901282, 0.14953916015806182, 0.12491909428685159, 0.13525335956302922, 0.13132985700974267, 0.16233194930112732], [0.14490086502025382, 0.14732812391164313, 0.1491373737067059, 0.12689387776378136, 0.1403723414833548, 0.13070669254019943, 0.1606607255740614], [0.14532451636920277, 0.14767057095090927, 0.14902255666176467, 0.12656667838473384, 0.1398699824287195, 0.13072819143031691, 0.160817503774353], [0.14585824767392178, 0.1509039120621224, 0.1495266885206136, 0.12455712200310512, 0.1352120478691744, 0.1312565717361664, 0.16268541013489624], [0.14631425232624565, 0.1527937062625621, 0.1496779362983226, 0.1236865620604915, 0.1338312278667916, 0.13294346016376857, 0.16075285502181805], [0.1444258200179005, 0.14942456857128597, 0.14968224535610547, 0.12370816827553081, 0.1357842017811791, 0.13030832933133155, 0.16666666666666669], [0.1450955879767845, 0.15041935448411073, 0.14980355119845076, 0.12440096163950579, 0.13556403904631495, 0.13102082149077607, 0.16369568416405722], [0.14448159132042454, 0.1485393758143686, 0.14974687989489296, 0.12561022732662563, 0.137315266687581, 0.13024540787509173, 0.16406125108101566], [0.14585194488666103, 0.14697059086623282, 0.14912968497731638, 0.12684902042625254, 0.13931907606758043, 0.12947562609429228, 0.1624040566816647], [0.14991544916402014, 0.14829732780101196, 0.14434875746200412, 0.13781628865547832, 0.13651739463108964, 0.13625497345894585, 0.14684980882744997], [0.14559302886395112, 0.1476207494583698, 0.14906246750028046, 0.1267038729426, 0.13866131654346756, 0.12966845472555172, 0.16269010996577934], [0.14552613638576345, 0.14642027468381394, 0.14867803988731104, 0.12782630130403613, 0.1415763821084284, 0.13019690563790653, 0.15977595999274033], [0.14457171411490174, 0.14832155269689812, 0.14963178947111286, 0.12520115297862466, 0.13754303182805744, 0.1300567300995181, 0.1646740288108871], [0.1447709688735787, 0.1474298591189945, 0.14933827047319206, 0.12668896001832988, 0.14014401388533812, 0.13120078386828138, 0.1604271437622853], [0.14460507100449968, 0.14783028249595104, 0.1494791355351727, 0.12613114137311293, 0.1393828449117622, 0.13108511503385553, 0.16148640964564587], [0.14772649566142776, 0.14115587462408868, 0.1443263757262937, 0.13878295552124573, 0.14948780215774357, 0.1279970748300009, 0.15052342147919964], [0.14497772239247234, 0.1519763427234566, 0.1502291274558904, 0.12392612435245251, 0.13428958918454925, 0.1329293772710517, 0.16167171662012716], [0.1452310593325521, 0.1502682156300651, 0.14950042536085462, 0.12600752869173532, 0.13680752753815578, 0.13204350936105505, 0.16014173408558205], [0.14530691547664643, 0.14670813118968054, 0.1489146286649535, 0.12734783481463335, 0.1409871584566769, 0.13033848907252957, 0.16039684232487988], [0.14583875352734865, 0.1475988845459103, 0.14876087646473718, 0.12687645457003033, 0.14007379007094628, 0.13066780514754556, 0.1601834356734817], [0.1461575362120972, 0.14784859102035675, 0.1487546137956049, 0.12652887756904366, 0.13954920499714954, 0.1308755461036881, 0.1602856303020599], [0.145861429795574, 0.14825966489558162, 0.14885352803674562, 0.1263713977941081, 0.13931178103740524, 0.1311715651429596, 0.16017063329762576]]