[[0.16666666666666666, 0.14045587801317266, 0.1460649592968777, 0.1268660870949039, 0.1420929086272672, 0.14668760443045956, 0.13116589587065233], [0.16200609541318808, 0.14042833250389736, 0.1472707197021256, 0.1282714771035128, 0.14548368292160788, 0.14951832676386634, 0.127021365591802], [0.16246170917193267, 0.14082346471113488, 0.14678729542915467, 0.12820084198812193, 0.14568304818813518, 0.14888332575782062, 0.1271603147537001], [0.16509097050221697, 0.14113111616504048, 0.14621041467140167, 0.12783916964890854, 0.14396545377304368, 0.14737894526325157, 0.12838392997613712], [0.1637764686378243, 0.1414432256066194, 0.1464079330346118, 0.1279445785251163, 0.14485164796085437, 0.14722609317634205, 0.1283500530586317], [0.16304427264063084, 0.141686199321314, 0.14555898489878932, 0.12928283143027552, 0.14442508973638343, 0.14730996081294387, 0.12869266115966313], [0.16384111919908342, 0.1416699524744191, 0.14658896626304765, 0.12768597968399414, 0.14482519676277564, 0.14673498765195822, 0.12865379796472182], [0.16320562185459106, 0.14215297324490275, 0.1464745380484486, 0.12779081235496362, 0.1448051307381858, 0.14608855458676903, 0.1294823691721392], [0.16137042962869216, 0.14083305388930667, 0.1481720065765213, 0.12797434965825352, 0.14486381923893163, 0.14874109708591524, 0.12804524392237965], [0.16466948268852843, 0.14219336863775375, 0.14631471259801115, 0.12739835326456037, 0.14441810627666482, 0.1457395484251325, 0.12926642810934894], [0.1623356170051224, 0.1422399719408824, 0.145717806332089, 0.1292478245711411, 0.14488471979240272, 0.14658049573381027, 0.12899356462455214], [0.16367858499898566, 0.14276543287376617, 0.14613199332129165, 0.12773866432269154, 0.14409256795606892, 0.14507428911239634, 0.13051846741479964], [0.16245761295202557, 0.1421390793076945, 0.1459500992970743, 0.12899807303239255, 0.14508224743555692, 0.1466145548285303, 0.128758333146726], [0.1633149234630794, 0.14268307414633127, 0.14626038091755175, 0.12771508966073838, 0.1446943185741334, 0.14535538412778107, 0.12997682911038466], [0.16225560544081707, 0.14323958348045213, 0.14598078109931034, 0.12823614608061215, 0.14450531927275578, 0.14479066767792328, 0.13099189694812924], [0.16299733226738863, 0.14281633959618067, 0.14620401157554055, 0.12790936465512356, 0.14467322929812826, 0.14523737353937555, 0.13016234906826274], [0.1626667311788503, 0.14335398856689938, 0.14614101077774416, 0.12784446635125526, 0.1440428306524689, 0.14435999596342627, 0.13159097650935575], [0.1615962800258964, 0.14176906009665305, 0.148829880079025, 0.12646388989691432, 0.14342991634431612, 0.14539121929819054, 0.13251975425900459], [0.16216924013244666, 0.14237015350682158, 0.14893543100702566, 0.1253253885179864, 0.14465396147548412, 0.14542942766420508, 0.13111639769603053], [0.16460789329712, 0.1421136910420836, 0.14652276733873515, 0.12737525125083174, 0.14452569037276855, 0.14607170985382337, 0.12878299684463748], [0.1642653104929002, 0.14253279067499589, 0.14627282562632157, 0.12752295366705843, 0.14418090669829625, 0.1454467029143172, 0.12977850992611045], [0.16666666666666669, 0.14113936542761157, 0.14892782581766315, 0.12418975640281475, 0.1436976340621558, 0.14399962850296882, 0.1313791231201193], [0.16376067217175616, 0.14298829125383658, 0.14631416742087625, 0.12747279499595535, 0.14388427242821594, 0.1447156888765524, 0.13086411285280736], [0.1636912430810427, 0.1429524046440329, 0.14630109134208205, 0.12756677389749704, 0.1443067567130351, 0.14482917742048235, 0.13035255290182787], [0.16485699561864553, 0.1420503938759463, 0.14729171849032946, 0.12636770924515753, 0.14482422817538157, 0.14573764468728215, 0.12887130990725748], [0.16422913758139113, 0.14265033665004503, 0.14649539120115518, 0.1273362348383206, 0.14436539572664203, 0.14506396679237288, 0.12985953721007312], [0.16581198407700015, 0.14179122137235714, 0.14679469495404715, 0.1268355322031753, 0.14438056129118804, 0.14605335166553018, 0.12833265443670192], [0.16391892847552925, 0.14268224005015293, 0.1463962547885475, 0.1274347916411486, 0.14463968434940422, 0.1452587591092272, 0.12966934158599036], [0.1624136233486249, 0.14334020131656186, 0.1460307956378006, 0.12813706819507553, 0.1444999452003281, 0.14469761580184368, 0.1308807504997653], [0.16513060910287652, 0.14233433341181007, 0.1466852813016746, 0.12689995684409244, 0.14443666006136952, 0.1453376656993063, 0.12917549357887062], [0.16278820777692396, 0.14347228508743004, 0.14622398601398415, 0.12774157913231204, 0.14425108618009008, 0.14425666311108587, 0.13126619269817377], [0.1627781180777617, 0.1433035983584038, 0.14654618538169506, 0.12738138807916663, 0.14476959263032518, 0.14445633095164737, 0.1307647865210001], [0.1638006786662959, 0.14291271307695913, 0.14642771128383342, 0.12732354826897074, 0.14443014194876208, 0.14493382857543796, 0.1301713781797408], [0.1617169739578171, 0.14367837495820232, 0.14614349265957668, 0.12817455059109076, 0.14484492583317227, 0.14429723771789293, 0.13114444428224792], [0.16307346688374794, 0.14351491576367859, 0.1464233896029232, 0.1273741048956151, 0.1442230418954756, 0.14414472767891354, 0.1312463532796462], [0.1651798608365478, 0.14235875425426298, 0.14732393398215116, 0.12623452094840037, 0.14460940899148356, 0.14516968273694028, 0.12912383825021398], [0.16274229547548943, 0.14167438689371184, 0.14852112039521648, 0.1266721081225204, 0.14423600787169183, 0.14659921327469388, 0.12955486796667623], [0.1633297582300464, 0.1433480118451686, 0.1464263387203201, 0.1275038992962201, 0.14432828914044818, 0.14435655277629875, 0.13070714999149788], [0.16231151629414617, 0.143038553623348, 0.14907365751082832, 0.12495860233304874, 0.14329769871608133, 0.14276706751172086, 0.1345529040108265], [0.16231151629414617, 0.143038553623348, 0.14907365751082832, 0.12495860233304874, 0.14329769871608133, 0.14276706751172086, 0.1345529040108265], [0.16293577510732135, 0.14362530742177998, 0.14661683882664295, 0.12726500741070212, 0.14428415914212914, 0.14388469085920114, 0.13138822123222332], [0.16251968610475992, 0.14368772633404425, 0.14652897592185196, 0.12743486978578683, 0.14471387540252978, 0.14401471091847057, 0.13110015553255674], [0.16518243722319081, 0.14254998275513045, 0.14728523067389132, 0.12628408815258607, 0.14472100001426494, 0.144957365590389, 0.12901989559054736], [0.1603558155315827, 0.14399126114231375, 0.14876614255655476, 0.1255689642189029, 0.14318119489072106, 0.14243148146742193, 0.13570514019250288], [0.1628569046116917, 0.1436999265619426, 0.14661389440329475, 0.12731080390348, 0.1443296830433689, 0.14386481091935896, 0.13132397655686304], [0.1613993309127398, 0.143009926545975, 0.1484473955560056, 0.126829231506099, 0.14417759781789757, 0.14504490732477332, 0.1310916103365096], [0.16398749462020987, 0.14338110391363829, 0.14773809624000708, 0.12592665267289083, 0.14466582763790387, 0.14389282026142527, 0.13040800465392496], [0.16011106268157363, 0.1440498842457682, 0.14949106857559422, 0.1249397775423588, 0.14344827194320336, 0.14200536669801, 0.13595456831349187], [0.15882682435129897, 0.14543917821270358, 0.14844722882728717, 0.1254826086078927, 0.1431761905079295, 0.1409890346930797, 0.1376389347998084], [0.16171110919192982, 0.1429894549623005, 0.14877858727465845, 0.12649097999455522, 0.14458758457063334, 0.14498002089161033, 0.13046226311431233], [0.15952628191060597, 0.14486875285988235, 0.14907264307283574, 0.12499646091518947, 0.1431094562226367, 0.14090469184800028, 0.13752171317084955], [0.16211640910420066, 0.1441575725950889, 0.14834672444273436, 0.12601705629200152, 0.1444324111209144, 0.14319143892172967, 0.13173838752333067], [0.16108207383111905, 0.14521168996146613, 0.15000355270589416, 0.12444984378360914, 0.14662165082488135, 0.1418811264144697, 0.13075006247856055], [0.16149106850178122, 0.14559813617631337, 0.1493355964120779, 0.12467694447089611, 0.14627981725978068, 0.14142415301576788, 0.13119428416338288], [0.16103397999554644, 0.14564504347682447, 0.14959223404476155, 0.12450799856298492, 0.1467759754608743, 0.1414642465300728, 0.13098052192893553], [0.16149828134707392, 0.14661404295792035, 0.147259076129231, 0.1258260765577129, 0.1461528880890547, 0.13979728807967876, 0.13285234683932828], [0.16391874297665487, 0.14235576233015323, 0.14642045368130152, 0.1276671516172524, 0.1445192308154454, 0.1456619453646098, 0.12945671321458277], [0.16415058414129136, 0.14255929773852113, 0.1463229927476386, 0.12755331504038497, 0.14444076852537208, 0.14537831520885866, 0.1295947265979333], [0.16346378456042523, 0.1410318871592513, 0.14647868432631217, 0.12822102654378748, 0.14467610543382634, 0.14791307152822405, 0.12821544044817332], [0.16496858312218343, 0.14133775468004664, 0.14667554741373873, 0.127304462007478, 0.14437260944188227, 0.14690698757074744, 0.12843405576392344], [0.1629432140536048, 0.14279177323949332, 0.14849277759284493, 0.12512415039811128, 0.14507355767042668, 0.14487811014995036, 0.13069641689556855], [0.16666666666666666, 0.14064675336152707, 0.14760777752598245, 0.12486650868797185, 0.14400234283820543, 0.1474352464348436, 0.12877470448480288], [0.16126330623330853, 0.14362153987662638, 0.1482102547421788, 0.1259711686260449, 0.143061514583263, 0.14315407590783505, 0.1347181400307433], [0.16048509432502753, 0.14323036224900307, 0.14923394029967288, 0.12553577609408856, 0.14325594812150302, 0.14300735940981912, 0.13525151950088565], [0.1604905746230616, 0.14433543176868047, 0.1487332775636897, 0.12532818196159107, 0.14360810372821825, 0.14244406612544339, 0.13506036422931547], [0.16105251678795895, 0.14390085543699463, 0.14943289509513089, 0.12472455693698467, 0.1443146438681178, 0.1430909899121006, 0.1334835419627125], [0.15855835121427533, 0.14570204914457105, 0.14844337258842427, 0.12556387775276212, 0.1436254038207027, 0.14115126835201433, 0.1369556771272501], [0.15852671029886228, 0.14579929190590576, 0.14847916803703443, 0.12545949594891664, 0.14374259337546566, 0.14105330077266884, 0.13693943966114622], [0.1585231328400421, 0.14573131341124146, 0.14869888626261155, 0.12545450642377576, 0.14378898462495246, 0.14116936460810645, 0.13663381182927012], [0.15949453020232982, 0.14596412954340615, 0.1489893381930046, 0.12444501853058405, 0.14330703959500748, 0.1398316267922908, 0.13796831714337712], [0.16666666666666666, 0.13735406918888846, 0.1466093848129988, 0.12813559470087987, 0.144560007123576, 0.15235325958221774, 0.12432101792477249], [0.16188723594980794, 0.14078067111773335, 0.14689782553519087, 0.1288027040697809, 0.14366694901456478, 0.1487638895174846, 0.12920072479543754], [0.16273515034539723, 0.1411156039425119, 0.1457697404699308, 0.12943393339054493, 0.14487999813249106, 0.14833223603460988, 0.12773333768451414], [0.1634096052504195, 0.14080086648961196, 0.1462741694898649, 0.12871709338196777, 0.14498209365420842, 0.1486806208403149, 0.1271355508936126], [0.16280589882940263, 0.14131603030163298, 0.14573169310368736, 0.12946643788808093, 0.14482651561086224, 0.14796650700695596, 0.1278869172593779], [0.1630484415493417, 0.14142645030071574, 0.14580339495417333, 0.12917169693484978, 0.14479032653631044, 0.1476739920164703, 0.1280856977081389], [0.16352748526166955, 0.14051945819406603, 0.14644223879723625, 0.12882847009921317, 0.14434370127129706, 0.14912438116839152, 0.1272142652081265], [0.16394750759071947, 0.1412875829482096, 0.14585851178245154, 0.12871739952894237, 0.1444619630093533, 0.14771592765179412, 0.12801110748852965], [0.16201790005469946, 0.1409450061124272, 0.1477816803540387, 0.12738718874107943, 0.14592795544500453, 0.1484507613759211, 0.12748950791682956], [0.1622864777405605, 0.1414710816462016, 0.14556790526517144, 0.12991236987524893, 0.1447055682367009, 0.14807903179908558, 0.12797756543703107], [0.1616483077916059, 0.14131127612462618, 0.14561451034501832, 0.13032335785984783, 0.14470280870285515, 0.14862528866435512, 0.1277744505116916], [0.16270655798015268, 0.14132868697233747, 0.14635200885846963, 0.12869391419883047, 0.14545153191849983, 0.1479158337569621, 0.1275514663147479], [0.164309168013042, 0.14108850010419743, 0.1465837607122946, 0.1280278621597493, 0.1446493628534498, 0.14766093716492404, 0.12768040899234287], [0.1640372346417446, 0.14128565048573055, 0.14602399919347464, 0.12866074351019893, 0.14464662788660765, 0.14765739375664994, 0.1276883505255939], [0.16666666666666669, 0.1369186914533331, 0.1451247493151039, 0.1314760494328035, 0.14480315321465284, 0.15375675562745744, 0.12125393428998262], [0.1649629788469095, 0.14126997922143894, 0.14682287293937932, 0.1270721909357902, 0.1447799509747848, 0.1472480995579674, 0.1278439275237299], [0.1629194266978656, 0.14184475743741976, 0.14676926480793243, 0.12754348394789802, 0.1457116556138756, 0.14693727264730444, 0.12827413884770406], [0.16428813288157187, 0.14091755803940711, 0.1466268742326027, 0.12816666100822816, 0.14477208839442166, 0.14813597585011284, 0.12709270959365554], [0.1642086831056202, 0.1415940344540409, 0.1461054840613785, 0.12822055427785967, 0.14465011045359427, 0.14708001723236244, 0.12814111641514409], [0.1612972766329754, 0.14243580389414573, 0.1455103699518455, 0.129824729273848, 0.14500324499691233, 0.1466614113859268, 0.12926716386434633], [0.16243493327997358, 0.14304576859900348, 0.14665099131792775, 0.12783653653044547, 0.14316454194619688, 0.14473091234128965, 0.13213631598516315], [0.1636992631283033, 0.1424279616006222, 0.1464565239933411, 0.1274154826045182, 0.14504470315439325, 0.14584805311295845, 0.12910801240586348], [0.16248947268180958, 0.14309466859119493, 0.14755175810469767, 0.1259290938687773, 0.1461831776005501, 0.14502306218325983, 0.12972876696971056], [0.16369838009109725, 0.14224947488407916, 0.1472485547053586, 0.12666420886566504, 0.14582660488002347, 0.146055913733669, 0.12825686284010746], [0.16218013956181632, 0.14287559519815501, 0.14609786382949486, 0.1286599879237772, 0.14519329367209638, 0.14558847678247702, 0.12940464303218327], [0.16381924662542857, 0.14215512478969383, 0.14768741828017387, 0.1267070774897495, 0.14450468890159476, 0.1460574976087498, 0.12906894630460955], [0.16204571151112843, 0.14369288738060204, 0.14726353231321335, 0.12712053041074414, 0.14347100594182077, 0.14376550583093414, 0.13264082661155727], [0.1612384378856047, 0.1451177973760241, 0.14596329830180235, 0.12786076740137264, 0.1446029847324631, 0.1419714761927699, 0.13324523810996297], [0.1619723843888731, 0.14431291121475562, 0.1469552007938939, 0.1276720569183707, 0.1461008178671051, 0.14349032630703318, 0.12949630250996846], [0.1621031099629766, 0.14452877290257132, 0.1480764799338234, 0.12594903620099898, 0.1460248273741697, 0.14320675470601604, 0.13011101891944396], [0.16220821329557594, 0.14513198803264954, 0.14764982891146797, 0.12593194781999112, 0.1463016770880218, 0.14215040604752802, 0.13062593880476558], [0.16666666666666666, 0.14597524293908595, 0.1466519956223671, 0.12519140538500906, 0.14449084003079346, 0.13931075936610235, 0.13171308998997536], [0.15963630527039546, 0.14762691522034657, 0.1481045751173692, 0.12464765809564528, 0.14613492209811807, 0.13855285865196218, 0.13529676554616307], [0.16666666666666666, 0.14550894448793258, 0.1473389454823703, 0.12294050038227432, 0.13979761379739064, 0.13410755306078118, 0.14363977612258422], [0.16666666666666666, 0.14622622983767886, 0.14997070623376843, 0.12093865095270866, 0.14205727029136522, 0.13512739606124613, 0.13901307995656595], [0.14904951989312126, 0.15400617305408762, 0.1442823909335117, 0.12766416881691214, 0.14143599114894728, 0.1268678088363062, 0.15669394731711372], [0.14683504650715884, 0.147738070242073, 0.14314154473494084, 0.13462205238247602, 0.141771522711467, 0.13522595783588437, 0.1506658055859999], [0.14838060037905243, 0.14826135417265204, 0.14359550421628864, 0.13089466036445374, 0.14008082962736937, 0.130484283039454, 0.15830276820072978], [0.1541772366176403, 0.1576240655598326, 0.15460302328726555, 0.11640729220626705, 0.14822794012303206, 0.12327463037940053, 0.14568581182656204], [0.14984558310743698, 0.15622942512865653, 0.15143234420177012, 0.12074725451881525, 0.15006235383031494, 0.1276246264478745, 0.14405841276513154], [0.1471264506989137, 0.1517313251363871, 0.14396030832563086, 0.1276314254570803, 0.14139251948545883, 0.1283281359095738, 0.1598298349869554], [0.14689146594128147, 0.15116099824589627, 0.14373133593886, 0.12848641490056134, 0.14122059664713896, 0.1289176914109228, 0.15959149691533933], [0.1478899534825239, 0.15177629761858746, 0.14444145064649247, 0.12386204161223593, 0.14018966448309322, 0.12517392549040038, 0.16666666666666669], [0.1643082134173613, 0.14083810515802023, 0.14644927140745317, 0.1280237385017782, 0.14396058186738664, 0.14799843773538499, 0.12842165191261556], [0.16391169199159863, 0.1413906625951818, 0.14592309828952998, 0.12848458939474303, 0.14319395030640839, 0.1471297126345937, 0.1299662947879446], [0.1639674716445047, 0.14089699362780103, 0.14644209785322904, 0.12808246333805864, 0.14375101861027237, 0.14804655011042267, 0.12881340481571155], [0.1640238526114077, 0.14098588217316155, 0.1461214830433018, 0.12842803774557504, 0.14349800264411278, 0.14793754513582427, 0.12900519664661678], [0.16106036005955046, 0.139925505395675, 0.14662350777640448, 0.13000195328614675, 0.14448889344056576, 0.15104750970465322, 0.12685227033700444], [0.16392711118851996, 0.14067907784983194, 0.14614520776057535, 0.1288187269693633, 0.14425510668540284, 0.14869498576482235, 0.12747978378148436], [0.16323693370438588, 0.14042906837407873, 0.14666742512292977, 0.1287132309738327, 0.1446395398110876, 0.14933967879113397, 0.12697412322255133], [0.16469325512939442, 0.14134446440436155, 0.14643947596460638, 0.12775584992154615, 0.14366148401634082, 0.14706259810989994, 0.12904287245385054], [0.16335542349655163, 0.1415243978294198, 0.14580452790669712, 0.12899218917102354, 0.14468173714992316, 0.1475078977539166, 0.12813382669246803], [0.1645737594805739, 0.14125683560363997, 0.14640858028523132, 0.12782439300301343, 0.14477017922634397, 0.1474670281987582, 0.127699224202439], [0.1631818563498329, 0.14067974979027723, 0.1467665217061616, 0.1285716996972921, 0.14502703972150333, 0.14903628158989435, 0.12673685114503858], [0.16512017647955354, 0.1420097475455195, 0.1466735220068223, 0.1268766176558392, 0.1440352120471602, 0.14570791467765232, 0.12957680958745288], [0.16438661574369715, 0.14211494083972326, 0.14625064005195362, 0.12779220885254955, 0.14379514448997877, 0.14604771186589302, 0.12961273815620453], [0.16466082379632682, 0.1425238668986318, 0.14644851448825813, 0.12713455713990457, 0.14397074593465248, 0.14516288756067067, 0.13009860418155558], [0.16666666666666666, 0.14720456474894558, 0.15301476623857344, 0.11957667696751284, 0.14591270008049204, 0.1355922885826383, 0.13203233671517106], [0.16285955161289323, 0.14768220880825475, 0.15284381520420412, 0.12085579573310533, 0.14785267277357445, 0.13715857618489596, 0.13074737968307215], [0.16666666666666669, 0.15173916918144137, 0.15571504759249907, 0.11573400611079913, 0.14647386506173668, 0.12782575766380114, 0.13584548772305602], [0.16069152090442584, 0.15682211410639443, 0.15441860093594648, 0.11516122840314943, 0.14615549370486589, 0.12461123765216463, 0.14213980429305334], [0.15107573888583806, 0.15300133503473762, 0.14736054071042987, 0.12324501965132734, 0.14187530785283523, 0.12528943271713605, 0.1581526251476959], [0.16354459120373996, 0.1406633077053669, 0.1461297634270913, 0.1286962029572572, 0.14363353280218194, 0.14852130573479674, 0.12881129616956585], [0.16143966079327673, 0.1403164864051405, 0.14670784812039753, 0.12942816432173396, 0.1436398722278495, 0.14982456476355008, 0.12864340336805177], [0.16425282872348052, 0.14095573693627425, 0.14618167625652329, 0.12809884874148028, 0.14411628211933553, 0.1478641305570262, 0.12853049666587996], [0.16391361310580493, 0.1413445780636407, 0.1462095593672228, 0.12822609137002242, 0.14337847629346123, 0.14725045318461377, 0.12967722861523406], [0.1637173269663552, 0.14212278855315605, 0.14607986342032528, 0.12791329066022455, 0.14406444013980144, 0.1459555467601537, 0.13014674349998376], [0.16361872086101723, 0.14163490954570174, 0.14575888207875093, 0.12877267316225824, 0.14445709088906414, 0.1471987578534278, 0.12855896560977992], [0.16172323006076356, 0.14191633549601881, 0.14559541756937372, 0.12970141790731704, 0.14507215025611245, 0.14725828009259748, 0.12873316861781695], [0.16265555538179388, 0.14169618513258686, 0.14570062370174994, 0.12929849732065263, 0.14484664991256954, 0.14741545910857576, 0.12838702944207142], [0.1641485021653443, 0.14088431162857468, 0.14644415925976062, 0.1284634259915232, 0.14451080780353204, 0.1483028478516783, 0.12724594529958672], [0.1647550618640232, 0.1418878460007468, 0.1465655816892035, 0.12712647911018232, 0.14422975917911302, 0.1461240055465418, 0.12931126661018932], [0.16362665658579034, 0.14207008043997768, 0.14589758696851873, 0.12850778641158067, 0.1445296558778094, 0.14646192867951469, 0.12890630503680836], [0.16363541195974743, 0.14161647502764285, 0.14615926453492334, 0.12865101820445793, 0.14469225897181087, 0.14735275810445744, 0.1278928131969602], [0.16291843265477782, 0.14415271672556323, 0.14771624909639938, 0.12607169000913174, 0.14527054589436536, 0.14318579207573898, 0.13068457354402346], [0.16370501881298635, 0.14262314683167454, 0.14625690777138398, 0.1278254269521749, 0.14355874866720397, 0.14524048792653063, 0.13079026303804558], [0.16300580571401907, 0.1424362205150399, 0.1482941395306155, 0.1253566664606533, 0.1452503920486668, 0.14545123734702636, 0.13020553838397897], [0.16566487800957416, 0.14145835082648703, 0.14683280412624428, 0.12690225866147445, 0.1444671786243655, 0.14660013275989398, 0.12807439699196058], [0.16666666666666663, 0.14161724900614137, 0.14664148179567293, 0.12657199462022573, 0.14419322048951372, 0.14595479641261128, 0.12835459100916818], [0.1611490105748012, 0.14348650878850994, 0.1454132834237477, 0.12932390345037525, 0.14386142846293645, 0.14485066316503165, 0.13191520213459756], [0.16407324467463308, 0.14179160891222609, 0.14674970180628993, 0.12779188796819346, 0.14459610153424846, 0.1468386710645581, 0.12815878403985093], [0.16158793912070024, 0.14259800597991268, 0.1491542203201701, 0.12542471239317493, 0.14342426537453432, 0.14377638050818467, 0.13403447630332316], [0.16091645680715633, 0.14369807844903487, 0.1487331928199261, 0.12507042454836714, 0.14528970629240254, 0.1436725280032515, 0.1326196130798616], [0.16483916662715553, 0.14167363083239437, 0.14727771921649857, 0.12683430074475796, 0.14486570712508623, 0.14646855730260686, 0.12804091815150043], [0.16379538368609478, 0.14305269316355487, 0.1465963833958859, 0.12726516258952145, 0.14380396181862826, 0.1445904648326168, 0.1308959505136978], [0.16420242348697353, 0.14303157022038213, 0.1470801611519999, 0.1264364235220485, 0.1449222820316962, 0.14452543280813906, 0.12980170677876054], [0.16466922585150964, 0.14255808805720008, 0.14792305814951204, 0.1258106431007887, 0.14491645362079836, 0.14499003471497962, 0.12913249650521152], [0.16130059973402663, 0.14360760384042662, 0.14923334054708093, 0.12492888882057702, 0.14345214061676845, 0.14244246472479594, 0.13503496171632448], [0.16205391050636614, 0.14250436606160116, 0.14836024694747785, 0.12697058841608508, 0.14457557993397352, 0.14586412155679743, 0.12967118657769885], [0.16144789821443348, 0.14262427351706428, 0.14844652900476527, 0.1271832787866122, 0.1446521013026771, 0.14589335484718655, 0.12975256432726107], [0.16197006570006348, 0.14343600046185287, 0.1484568609811753, 0.1264335806742677, 0.14460715848945602, 0.14444988044565293, 0.13064645324753166], [0.1615280018296317, 0.14332198713981736, 0.148794376205616, 0.12505367626865443, 0.1451438599518163, 0.14434333678367223, 0.13181476182079202], [0.16082250234101586, 0.14203472298986317, 0.14875581860302736, 0.12685949939822733, 0.14346024402919935, 0.14542545529020723, 0.13264175734845973], [0.1513639183133287, 0.13652471091233362, 0.14171924634838728, 0.14287734953460032, 0.1429092731078452, 0.15836019302107665, 0.12624530876242807], [0.16666666666666666, 0.15150366843034127, 0.14975093172537768, 0.1199119861096178, 0.1459976233527876, 0.13166844734320704, 0.13450067637200186], [0.15722975349299192, 0.15328035215917246, 0.14605852075192272, 0.12403982217058317, 0.14273578443641893, 0.1304753667741208, 0.1461804002147901], [0.15502646280495722, 0.1529045156518406, 0.1449289301997687, 0.1262278944841936, 0.1427471566191079, 0.13085441037563805, 0.14731062986449378], [0.15204762711570843, 0.16108519270119173, 0.14853101854995757, 0.12028602951510647, 0.1469880412629301, 0.12416728431789642, 0.14689480653720915], [0.1532237920822455, 0.15722185224707094, 0.14961213739485935, 0.12381176157956532, 0.15090808056501903, 0.1277463219731527, 0.13747605415808714], [0.152858223035916, 0.16666666666666666, 0.1509209487771421, 0.11658141388358291, 0.14760142532328877, 0.12131425469608206, 0.1440570676173214], [0.15341591705841545, 0.15933945518338713, 0.14974411509238553, 0.11872657187377941, 0.14439888766562609, 0.12224228914065292, 0.15213276398575354], [0.1431363217615024, 0.13828411067198992, 0.13885521650780644, 0.16666666666666666, 0.1397486584562824, 0.1434738866976677, 0.12983513923808435], [0.1433223285048151, 0.13846046294816486, 0.13898314344553808, 0.1658468765478762, 0.13998052812154133, 0.14355148653840008, 0.12985517389366447], [0.15263567027751845, 0.15843067121752447, 0.1489630913964229, 0.11939797974610135, 0.14368557337512392, 0.12251276701648121, 0.1543742469708278], [0.16666666666666669, 0.14934000772114386, 0.14956395389665814, 0.12231904107781934, 0.1467536322845053, 0.13402879580709023, 0.1313279025461166], [0.15355480279191613, 0.1620171475374091, 0.1506569753657085, 0.11718442375479046, 0.1477584810380192, 0.123762433190494, 0.14506573632166253], [0.16666666666666669, 0.14631769891901636, 0.15418162723979334, 0.11774946025800533, 0.14795532840061643, 0.13674776566342636, 0.1303814528524756], [0.16290309574929587, 0.14808997869603552, 0.153603993677093, 0.11837977787164719, 0.14784921327963155, 0.13589204539602218, 0.1332818953302748], [0.16299213261134363, 0.14525226149206777, 0.1558051191417851, 0.11883743466509027, 0.14992007811641841, 0.1385668380951918, 0.1286261358781031], [0.16371233006698238, 0.14648369020231472, 0.15509617166391473, 0.11815904876330008, 0.15015902484854474, 0.13732234923157155, 0.12906738522337166], [0.15212300522794728, 0.14425709874524925, 0.1503083947742247, 0.12775384557895128, 0.1530702469850089, 0.14377703893834481, 0.12871036975027375], [0.15582370939653983, 0.14981378551166669, 0.16666666666666669, 0.11413832460795174, 0.1545047775170283, 0.12850584844537852, 0.13054688785476834], [0.15468123028203173, 0.1589227885797775, 0.15654891348363312, 0.11512505128085758, 0.15220850437892122, 0.12317420004232014, 0.1393393119524586], [0.15185654854909392, 0.1560487346021674, 0.1543512361993131, 0.11802679810594673, 0.14990412137215206, 0.12568931671444472, 0.1441232444568821], [0.14463978693845964, 0.14071176547033426, 0.14667854564751798, 0.13074525751254518, 0.16666666666666669, 0.1407796406490289, 0.12977833711544745], [0.15670813766575534, 0.1364904754977911, 0.14186306235929147, 0.13878240134158618, 0.14386996929261978, 0.15863720917796206, 0.1236487446649942], [0.1558316866002891, 0.13440806924796084, 0.14130655990543048, 0.1375557241866595, 0.14237768854979876, 0.16666666666666666, 0.12185360484319462], [0.1632312543232304, 0.1430016883540091, 0.14835098590473003, 0.12610540222091074, 0.1447029784455906, 0.1446463033902624, 0.1299613873612668], [0.16666666666666669, 0.14208193534022182, 0.15035733967307274, 0.12664223736970162, 0.1434540107950821, 0.13964006813394747, 0.1311577420213077], [0.16666666666666666, 0.13867556278346022, 0.14881185675337788, 0.12683717863401847, 0.14576581503770775, 0.1457580082264262, 0.12748491189834282], [0.15720256060589846, 0.14589549705186766, 0.1531542826639628, 0.12122708827507855, 0.15394494848467047, 0.14113544475774834, 0.1274401781607736], [0.1483414316627917, 0.14722934747313546, 0.1552775222303642, 0.1218652842950643, 0.16506638379970762, 0.13494464994042957, 0.12727538059850718], [0.14980881749254918, 0.14973273582465602, 0.15404830409124642, 0.122172198291504, 0.16204673468639394, 0.1331864348877797, 0.12900477472587085], [0.14813440845933967, 0.14622163967623797, 0.15319158913905206, 0.12461821695124628, 0.16031708648905263, 0.13886787154140978, 0.12864918774366155], [0.14812219541964813, 0.14670121923357968, 0.15274028072522927, 0.124520416190248, 0.16051902685680927, 0.1385025745006132, 0.1288942870738725], [0.15000433375925726, 0.14984986655828833, 0.15398791230344283, 0.1217412831897336, 0.16241918601023006, 0.13310869725882146, 0.12888872092022646], [0.15115885349668623, 0.15182010959042286, 0.15390932858084605, 0.12067024214074401, 0.1603378269982839, 0.13152685497069858, 0.1305767842223183], [0.14845658893026345, 0.14808007302781806, 0.1555890369231854, 0.12035837236777938, 0.16666666666666666, 0.13337606466351787, 0.12747319742076915], [0.14954968273076935, 0.14918443466851813, 0.15509610373750446, 0.1211884452508522, 0.16346986680282066, 0.13320000179918134, 0.12831146501035373], [0.14856671250281187, 0.14707158016978802, 0.15599064142625152, 0.12228582196807981, 0.16385028642666655, 0.1349386370299738, 0.12729632047642853], [0.1481326033273931, 0.14585075188230798, 0.15414449490628176, 0.12458515055897867, 0.1621617019668048, 0.13776420298628375, 0.12736109437195], [0.14892028985405928, 0.14842022428235194, 0.1444902503007147, 0.13800930648637766, 0.1469823896523488, 0.13671910245929367, 0.13645843696485396], [0.148098195574935, 0.14657750727036495, 0.153567902866035, 0.12451490656689185, 0.16247229363968757, 0.13712732044242174, 0.12764187363966403], [0.14784002663755516, 0.14547708180147265, 0.15230557719427562, 0.12601689466068972, 0.1594549514152786, 0.14040753297070102, 0.12849793532002732], [0.1483638614465378, 0.146956102048251, 0.15533237448144555, 0.1221148209637281, 0.16452571418841178, 0.13537532187831966, 0.1273318049933061], [0.1482548472791735, 0.1462271163352239, 0.1538224831480067, 0.12418943414513975, 0.16003703011537077, 0.13848573825097713, 0.12898335072610834], [0.14832933890534358, 0.14657018231798133, 0.15427873629273364, 0.12341943077231124, 0.16113986528049826, 0.13755763534195, 0.12870481108918183], [0.14761124241904364, 0.1409795216458997, 0.14530840843163892, 0.1385901988441794, 0.15041182520411364, 0.14936904677323815, 0.1277297566818866], [0.15077507675796994, 0.15063353706170302, 0.15618130879882805, 0.12001931859188429, 0.16121514076593918, 0.13133008174808342, 0.1298455362755922], [0.15068239374533388, 0.14903535932904605, 0.15367716603215978, 0.12295072324501888, 0.1596511813968946, 0.13456267967201138, 0.1294404965795355], [0.14797183497395636, 0.14564815253667016, 0.15302402621944752, 0.12525964941282786, 0.16006385797499698, 0.13962334443566415, 0.12840913444643703], [0.14823692005382502, 0.1467664435121642, 0.15194787173455018, 0.12513933563921115, 0.1599003976423251, 0.1389128264337791, 0.12909620498414534], [0.1480802413502977, 0.14708254738970347, 0.15205250812357318, 0.12489495398064701, 0.16002587195290943, 0.13844531110375394, 0.12941856609911523], [0.14869306881002534, 0.14739651707424503, 0.15202637606043481, 0.12448185739149037, 0.15986601893839725, 0.13802904579201078, 0.1295071159333965]]