[[0.1522417486993284, 0.1377651249385951, 0.16666666666666666, 0.12014510184647144, 0.1422548359340386, 0.12027641460440024, 0.16065010731049947], [0.15436054644408762, 0.13694526260074177, 0.16319299410281354, 0.11757570340922964, 0.14918813439501866, 0.12391086294756896, 0.1548264961005398], [0.15399087982928417, 0.1379699123200082, 0.16393678030731174, 0.11785238014710654, 0.14925001702141785, 0.12340373672571575, 0.15359629364915567], [0.15354256289712506, 0.1389280420787239, 0.16492257418909353, 0.11798046923230003, 0.14622907179903985, 0.12191385472487823, 0.1564834250788394], [0.15352260732587267, 0.13920812298217122, 0.1646558921124211, 0.11849230721807366, 0.14738658439148214, 0.12218103242032607, 0.154553453549653], [0.15228257254711722, 0.14030614435808952, 0.16495357728714455, 0.11871228579401442, 0.14714955487507694, 0.12307037749704924, 0.15352548764150808], [0.15372589126624783, 0.1394124745325962, 0.16460281630923268, 0.1187253687748313, 0.14676767232020602, 0.12183585164290305, 0.15492992515398274], [0.1532966261290305, 0.1402731713839756, 0.16459216008142752, 0.11955864327781973, 0.14617675537594216, 0.12149772757458402, 0.15460491617722055], [0.15483683111147437, 0.13659711652825457, 0.16666666666666666, 0.11609764724992386, 0.14534554181610035, 0.12205112424092754, 0.15840507238665263], [0.15351700518826977, 0.1404627652405726, 0.16666666666666666, 0.11867544232600932, 0.1448445420473475, 0.1205537130431469, 0.15527986548798722], [0.15232452445595338, 0.1410504427868751, 0.16468705861296948, 0.11931045695927038, 0.14695099600388647, 0.12303637569180828, 0.15264014548923696], [0.15293718978925927, 0.14168194721156008, 0.16589025119453613, 0.11985609600973883, 0.14378715750909138, 0.12032099183589175, 0.15552636644992246], [0.1526224891855325, 0.1406023504167742, 0.16458133821336643, 0.119149296967154, 0.14734112705015573, 0.12299636829695651, 0.15270702987006052], [0.153140859498739, 0.141502580471192, 0.16493469277378062, 0.1200012889524694, 0.1450171714010734, 0.12097818425392082, 0.15442522264882458], [0.1524020678431958, 0.14280861395596697, 0.16455134479202063, 0.12109036857269662, 0.14421841808818542, 0.12102276391322195, 0.15390642283471262], [0.1529738711793418, 0.14176951596686527, 0.16471288047902752, 0.12022624947188436, 0.14497343476990593, 0.12112557545597478, 0.15421847267700028], [0.15269210790993226, 0.14274831127839308, 0.16523803067709536, 0.12101631855228204, 0.14288516452562167, 0.12001955366955706, 0.1554005133871186], [0.15469306539372582, 0.13889870024093945, 0.16087964977703528, 0.11996809332433468, 0.13922255837832237, 0.11967126621897566, 0.16666666666666666], [0.15580679126751754, 0.13823087757884012, 0.16666666666666666, 0.11904796392853798, 0.14100214683465268, 0.11817674516854068, 0.16106880855524422], [0.15410481874915094, 0.14019803700430541, 0.16666666666666666, 0.11813425213986914, 0.14452971282373106, 0.12085825205883811, 0.15550826055743858], [0.1539727891813634, 0.14133372369786537, 0.1646947305035597, 0.11935983748450983, 0.1439241468796166, 0.1207950753274161, 0.15591969692566904], [0.15397566247349184, 0.14112254678555616, 0.1597532484770842, 0.12222295265295166, 0.1410684828282213, 0.1207328935401191, 0.1611242132425757], [0.1537298264314308, 0.1419575523609145, 0.16498468250594234, 0.12000161490482311, 0.14273892428350413, 0.11997703995002602, 0.15661035956335903], [0.1532874316021443, 0.1417342530585027, 0.16666666666666666, 0.11954045303812928, 0.14347691943491223, 0.12006682105710516, 0.15522745514253963], [0.15507203739319605, 0.13956267532747188, 0.16473758545546163, 0.11866662535425539, 0.14481423042792854, 0.12051015376762984, 0.15663669227405672], [0.15368939346690913, 0.14117944611070007, 0.16522708564863975, 0.11947243552314843, 0.14415862599376691, 0.12059684195509154, 0.15567617130174413], [0.15470342161420086, 0.13954149408852035, 0.16568543965322757, 0.11789813399386659, 0.14469713787587615, 0.12093812886323121, 0.15653624391107718], [0.15360381406384752, 0.14135715151701495, 0.16540974778908216, 0.11945801683214125, 0.14456784246493293, 0.12073174057214618, 0.1548716867608351], [0.15280015736720445, 0.14292772030867168, 0.16480708161148225, 0.12079576670015119, 0.14377086977536055, 0.12085303891405341, 0.15404536532307642], [0.15431935660956814, 0.14058121081988184, 0.1651064770288879, 0.11889371925820787, 0.14435378289457917, 0.1206326969639984, 0.15611275642487665], [0.15319045146121374, 0.14289524041456583, 0.16513685922342208, 0.12077755616284948, 0.1428308737454283, 0.12010542167974948, 0.1550635973127711], [0.15335081697677377, 0.14231061346566615, 0.16460621138688525, 0.12079279756452511, 0.14391069231954282, 0.12040326757154078, 0.15462560071506598], [0.1538036610544861, 0.14170620455605318, 0.16486802208490248, 0.11980377279958854, 0.14385813946464188, 0.1204228747017532, 0.15553732533857464], [0.15259167482163766, 0.14347896861339618, 0.16391037544726186, 0.12160803712263575, 0.14393743876305334, 0.1211775037784369, 0.1532960014535784], [0.15368965743796004, 0.14278471714649119, 0.16529303418385122, 0.12054099977011686, 0.1423153404155427, 0.11967415374873885, 0.15570209729729922], [0.15525009175752033, 0.14001064205212402, 0.16495646763302177, 0.11866761976604732, 0.143782985540937, 0.12015957398864155, 0.1571726192617078], [0.15630327409045933, 0.1381184492501791, 0.16303031818363167, 0.11830225763937577, 0.142432754837318, 0.12130045851977225, 0.16051248747926383], [0.15379223148567303, 0.1423680220799209, 0.16567198641156047, 0.1199821182662774, 0.1428023315585989, 0.1200297064572349, 0.15535360374073443], [0.15535949680348715, 0.14095197014919345, 0.1603056854168887, 0.12328012314005235, 0.13769139598631508, 0.11859151307671846, 0.16381981542734475], [0.15535949680348715, 0.14095197014919345, 0.1603056854168887, 0.12328012314005235, 0.13769139598631508, 0.11859151307671846, 0.16381981542734475], [0.1535442743974731, 0.14245555821213202, 0.16666666666666666, 0.12029742824328346, 0.1420810091063196, 0.11922232044068029, 0.15573274293344483], [0.15329521574225988, 0.1429427254807883, 0.1650652665419197, 0.12092988537261161, 0.1430970260729247, 0.12013791737857223, 0.15453196341092368], [0.15534101408629214, 0.14040582966738044, 0.1649616932023548, 0.11868714358230759, 0.14364776809849397, 0.12027813483309852, 0.1566784165300726], [0.156079566457233, 0.14056993672167864, 0.16034918917046698, 0.12392921756220213, 0.13664423350667101, 0.11792485556257279, 0.16450300101917542], [0.154072096226382, 0.14282476771298006, 0.1645869923355357, 0.12073045611623176, 0.14219453654311826, 0.11982744849733201, 0.15576370256842034], [0.15693207891989683, 0.13912017112928227, 0.16445927605625266, 0.1186386632765487, 0.14036612124513165, 0.11956499685901419, 0.16091869251387372], [0.15580220907309453, 0.14132769061108927, 0.16376780485255285, 0.11982783125330966, 0.1419671313337386, 0.11944672315955067, 0.15786060971666444], [0.1564190277393507, 0.14143761776258715, 0.15962271466717326, 0.12419509755247754, 0.13593788449906855, 0.11782007479110815, 0.16456758298823457], [0.15596998050715052, 0.1437242821273399, 0.15908587611486197, 0.12635720080876403, 0.13507335522310587, 0.11693302727856154, 0.16285627794021618], [0.1571947292098838, 0.1389213704664681, 0.1644672879015331, 0.11840610803544865, 0.14102275913906198, 0.1198054781261088, 0.1601822671214956], [0.15628361791908246, 0.14228336204421443, 0.158411198546488, 0.12678392021898421, 0.13547197953190854, 0.11819105539663359, 0.16257486634268883], [0.15698328704391074, 0.14107748082560775, 0.16666666666666669, 0.11912345469040153, 0.1389625555675204, 0.11769449853017205, 0.15949205667572094], [0.15864777484758136, 0.14217672288330185, 0.16219695697007022, 0.12099979040058027, 0.1404489996802583, 0.11922024867266405, 0.156309506545544], [0.15820347112580477, 0.1434613986798911, 0.16208489470146378, 0.12153265186344757, 0.1398986095634408, 0.11905870151482432, 0.15576027255112768], [0.15809432654840536, 0.14328452120547294, 0.16254123484670063, 0.12151688533890671, 0.14029932001545586, 0.11905399280489863, 0.15520971924015983], [0.15377760106057506, 0.147435663153241, 0.16276301258718456, 0.12527821408802686, 0.13989517112460254, 0.12001320064876626, 0.15083713733760368], [0.15351621021718517, 0.1407175646915492, 0.1645582207206123, 0.11937218080499645, 0.14520417424335078, 0.12137207650161472, 0.15525957282069142], [0.15353466312448077, 0.1411928901533684, 0.1653389968970338, 0.11928485053059124, 0.1445655213021205, 0.1208874129605287, 0.15519566503187662], [0.15338516257935186, 0.13831932354033413, 0.16488020012543575, 0.11809644470447507, 0.14782515954797382, 0.1224986997287976, 0.1549950097736317], [0.15408095439777814, 0.138826542893993, 0.16507020751359294, 0.11811138296314781, 0.14605989304181416, 0.1214520178058605, 0.1563990013838134], [0.15623841221183069, 0.13974699461400553, 0.16370846611941733, 0.1199855548464191, 0.14239045556626606, 0.11865978579124282, 0.15927033085081843], [0.15514361815550226, 0.13845350416724042, 0.16159097582793513, 0.11984348218978466, 0.14376983920763658, 0.12151462648864324, 0.15968395396325757], [0.15582736683873225, 0.14015604323299724, 0.16103423328730898, 0.12202744906976891, 0.13701973920911922, 0.11726850169540678, 0.16666666666666669], [0.1554869589531825, 0.1405591594526298, 0.15952812900966254, 0.12300658710079423, 0.13644213558003557, 0.11831036323702866, 0.16666666666666666], [0.15651498198226535, 0.14117907724916087, 0.1610899580394227, 0.12276679372394085, 0.13672718955547383, 0.1167361396108119, 0.16498585983892466], [0.15734714513489748, 0.13996551610038813, 0.16293945026286602, 0.12134376607797571, 0.13773975420684384, 0.11708682393352667, 0.16357754428350227], [0.15615391276324395, 0.1441728954360014, 0.16049328499186044, 0.12530266538969084, 0.13543955571556146, 0.11634248296518002, 0.1620952027384619], [0.15606616856454944, 0.14440470968262495, 0.16055808516070677, 0.12543446344076478, 0.13554873612080443, 0.1162742372086399, 0.16171359982190972], [0.1566839217556913, 0.14379289449806884, 0.16089979284219347, 0.12470012510047088, 0.13539286727369693, 0.11622079646803861, 0.1623096020618399], [0.1569741136371833, 0.14419732805933494, 0.15869176183214675, 0.12716810882426524, 0.13420281228333808, 0.11671873613997495, 0.162047139223757], [0.1519663640995306, 0.13583944588225222, 0.16666666666666666, 0.11553389300087606, 0.14930885051877704, 0.12552993463848378, 0.15515484519341355], [0.15332648547994, 0.13680954352390004, 0.16666666666666669, 0.11722787593266468, 0.14517279206115552, 0.12224175770925105, 0.1585548786264221], [0.15250013826774114, 0.13898873423937608, 0.1648943736143316, 0.11792645126631493, 0.14902695915307965, 0.12375833225393303, 0.15290501120522365], [0.15350352649282784, 0.1382196054831959, 0.16469549086501806, 0.11736022065100127, 0.14877599648310233, 0.12353849034102174, 0.1539066696838328], [0.15243825870027156, 0.13928438021515285, 0.16539012994940722, 0.11792057339513665, 0.14855554223755207, 0.1235790633392213, 0.15283205216325826], [0.15257572706010497, 0.13946662191019701, 0.16543925076524532, 0.1180935657003273, 0.1481278013886877, 0.12318104268556451, 0.15311599048987298], [0.15356582959212492, 0.1372092502218449, 0.16666666666666666, 0.11630184887179197, 0.14754552425087478, 0.12316983416686947, 0.1555410462298273], [0.15286868185268812, 0.1391476520981442, 0.16666666666666669, 0.11748943901224272, 0.1472449915803147, 0.12244325194513239, 0.15413931684481125], [0.1550371287845007, 0.13747828173052798, 0.16298858914379344, 0.11826102792446816, 0.1483108879669299, 0.12305475797522014, 0.1548693264745597], [0.1523627285237795, 0.1398684346570024, 0.16467806377145078, 0.1181832522516849, 0.14795350846591598, 0.12420395649843116, 0.1527500558317354], [0.15257909079950466, 0.13956300240578196, 0.1641530409027224, 0.11805736865665693, 0.14798322773896488, 0.12493442827216023, 0.15272984122420905], [0.1533327929222989, 0.1388565602822691, 0.16488063084793164, 0.11793147043201872, 0.14878327510593833, 0.12329663637893105, 0.15291863403061223], [0.15379403045283033, 0.13808318691839197, 0.16666666666666669, 0.11703493985661433, 0.14715410807087806, 0.12213217146836203, 0.1551348965662567], [0.15323258205585613, 0.13912882292537798, 0.16567916310207584, 0.11754259452564413, 0.14749465786862012, 0.12287888862724204, 0.15404329089518373], [0.15183911507710232, 0.13599967181316033, 0.15901465291596195, 0.11618041624920278, 0.15416610129952998, 0.13159715356775575, 0.151202889077287], [0.15463951519060434, 0.13880598364242416, 0.16483876009551, 0.11786009717697195, 0.14634342348447776, 0.12164142323645974, 0.15587079717355204], [0.15387688920947382, 0.1393040872356839, 0.16666666666666666, 0.11825088318084194, 0.147168152271642, 0.121415990511648, 0.1533173309240436], [0.1540868997183942, 0.1378414520680722, 0.16666666666666663, 0.11653817375254374, 0.14729855038529135, 0.12261046126684412, 0.1549577961421876], [0.15336795635346942, 0.13963268007750088, 0.16580064036777242, 0.11794859556349697, 0.14676697251051438, 0.12217715379757713, 0.15430600132966893], [0.1518891583655746, 0.14167235503674888, 0.16413202504418375, 0.11989639151654131, 0.14694791938743001, 0.1236610355938741, 0.15180111505564714], [0.1543849115570733, 0.14133840956385108, 0.1631161309399811, 0.12035001387138919, 0.141021339767976, 0.11985852322233186, 0.15993067107739736], [0.15382943861586587, 0.1409887613774971, 0.16480031036958032, 0.11932378837131964, 0.14554982904221817, 0.12121724200556494, 0.15429063021795386], [0.15526118937257904, 0.1414611675769736, 0.1634427686716881, 0.12068676786518183, 0.14469374659263382, 0.12018600263228513, 0.1542683572886585], [0.1550738871236647, 0.13995597971557636, 0.16493236087522212, 0.11867320319934921, 0.1460282636812669, 0.12112429924262558, 0.15421200616229522], [0.1528963262382884, 0.14188295632480205, 0.16420298139445666, 0.11992776151587031, 0.1459626427497149, 0.12247744922476733, 0.15264988255210038], [0.15583490604910613, 0.1391816384653878, 0.1643891954425968, 0.11809839801414593, 0.14333416821378017, 0.12074522594577211, 0.15841646786921093], [0.15525891298624614, 0.14162463963422886, 0.16403741088779275, 0.12041683787870594, 0.13965742068155793, 0.11864595559623832, 0.16035882233523002], [0.15227592435397552, 0.1465866315283126, 0.16187892143286686, 0.12476562653090686, 0.1413969701239021, 0.12082358399045995, 0.15227234203957615], [0.15464810607900714, 0.1434743704353407, 0.16363968477118257, 0.12065179164594952, 0.14362863685811292, 0.1221938858185539, 0.15176352439185337], [0.15670671772067138, 0.14280099887589, 0.16357019914941756, 0.12024840125173787, 0.1420402101911435, 0.11993836640642495, 0.15469510640471484], [0.15529260693560018, 0.1439332838016571, 0.16666666666666669, 0.12092566726327386, 0.14140528137320438, 0.11927648657845537, 0.1525000073811425], [0.15626091393378372, 0.14735670524606564, 0.16144848317749358, 0.12387449695664697, 0.13829208342549837, 0.12020242778605746, 0.15256488947445426], [0.15381654203925682, 0.14855288721915602, 0.16028376888148574, 0.12823174311480134, 0.13828803735913753, 0.11890973929882526, 0.15191728208733746], [0.1532813862743723, 0.1473884130692507, 0.1499834993414496, 0.136232281586375, 0.13059213299230787, 0.12190518321322526, 0.16061710352301925], [0.15755595264943598, 0.1458934430128292, 0.15301492350479456, 0.12934430767858043, 0.13002527510311138, 0.11749943138458169, 0.16666666666666666], [0.14854844847052098, 0.156086426621193, 0.14130812681022387, 0.15553589215132504, 0.1262039090659543, 0.12714317371780795, 0.14517402316297487], [0.14658337220320297, 0.1495495437393837, 0.14187809914875993, 0.14917885549616614, 0.13297984147194938, 0.13421538838172156, 0.1456148995588164], [0.14656540778078353, 0.151785582004376, 0.1404912991880333, 0.15565692793330285, 0.1287917083465838, 0.13054895570579067, 0.14616011904112997], [0.15528494841069437, 0.16666666666666669, 0.14284150755206615, 0.1398338301825462, 0.12665010358865603, 0.1208648936806951, 0.1478580499186756], [0.15134637864687936, 0.1568278963576711, 0.14710648888531552, 0.14257466654970125, 0.13259803426574476, 0.1242982394551389, 0.14524829583954907], [0.14568557216393097, 0.15294097651035513, 0.14042679005556205, 0.16521952164231546, 0.1265168861505788, 0.1253469067599567, 0.1438633467173009], [0.1451848549386689, 0.15220958244368968, 0.14005938710167037, 0.16666666666666666, 0.1265410315141596, 0.12572702385488563, 0.14361145348025908], [0.14831418782745573, 0.15628231246145602, 0.14042335741846051, 0.15827933251769574, 0.12551110105765304, 0.12482915400788967, 0.1463605547093893], [0.1535145070888886, 0.13803272814532602, 0.16524276337825167, 0.117694132527733, 0.14647640223310346, 0.12203495556858711, 0.15700451105810986], [0.15268894204920042, 0.1393997460737508, 0.1646065192565918, 0.11884446030013042, 0.14487596562361105, 0.12155964050425237, 0.15802472619246322], [0.15343751735492506, 0.13812144879069482, 0.16514216108792806, 0.11784746085120809, 0.14587558660052385, 0.12186471487708815, 0.15771111043763203], [0.15305987202715923, 0.13854653480734563, 0.16514776968733785, 0.11797371655807679, 0.1456213123753783, 0.12202193712617831, 0.157628857418524], [0.15335657796974986, 0.13639641659907326, 0.16354470648376873, 0.11678160641642292, 0.14876748477349463, 0.12556705481235805, 0.15558615294513256], [0.15333595847560408, 0.13808277276029152, 0.1649066704507155, 0.11721660270324885, 0.1476930552112076, 0.12340845961062598, 0.15535648078830652], [0.15385896356840806, 0.1370315126639545, 0.16562775633063562, 0.11648679769395759, 0.1481460824081404, 0.12351655520609821, 0.15533233212880557], [0.15374445641674953, 0.13900703432623257, 0.16465768186235108, 0.11818774450331253, 0.14493221254741046, 0.1215109817013979, 0.15795988864254595], [0.1527759143575304, 0.13977721718525804, 0.16517552150702683, 0.11818681222374024, 0.1475004771012112, 0.12306677613866393, 0.15351728148656957], [0.15393662417333182, 0.13897141834421903, 0.16513219046886796, 0.11773677131703514, 0.14713093719833834, 0.12228039330230837, 0.15481166519589915], [0.15413809809349688, 0.1372826307708734, 0.16666666666666666, 0.11620778470539139, 0.14787054067546757, 0.12327180008896717, 0.15456247899913686], [0.15405685574307085, 0.13998846850629887, 0.16509614678945997, 0.11893415076759495, 0.14420231465354266, 0.12031766692303533, 0.1574043966169973], [0.1541165800618187, 0.14054200241906942, 0.1646650551318413, 0.11880530168677021, 0.14386267421742754, 0.12107633363497439, 0.15693205284809836], [0.1539311345382149, 0.141143917903613, 0.1646748576593604, 0.1195080454375405, 0.1435159375819015, 0.1202801852189783, 0.15694592166039154], [0.16666666666666666, 0.14601283494353376, 0.15676582301574277, 0.12318739820380986, 0.1331550753707267, 0.11772890767554468, 0.1564832941239755], [0.16666666666666666, 0.14533949316634365, 0.15691797817044603, 0.12281170566195597, 0.13546012079496858, 0.11941671377237027, 0.15338732176724884], [0.16666666666666669, 0.15310050015394303, 0.14921229492422514, 0.12913713695884202, 0.1282068899823219, 0.11874165313975976, 0.15493485817424152], [0.16109639308035967, 0.1577509126983899, 0.1471496972451766, 0.13591765225042898, 0.12653790479869098, 0.11865120499818978, 0.15289623492876417], [0.1516391301241557, 0.15930051009407342, 0.1408427646464708, 0.14982395688705605, 0.12510684050494594, 0.12481409724732803, 0.14847270049597006], [0.1526206666258485, 0.13760848337260959, 0.16666666666666666, 0.11743467879313754, 0.14665559280869278, 0.12203469931608245, 0.15697921241696242], [0.15283770748345712, 0.13625873271507766, 0.16666666666666666, 0.11689086351534102, 0.1459513152794237, 0.12332563885045378, 0.15806907548958005], [0.15303994694541936, 0.1382888334876554, 0.16666666666666669, 0.11766331492504707, 0.1468420031367134, 0.12160087814228439, 0.15589835669621377], [0.15310645643816997, 0.13870381566276038, 0.16666666666666666, 0.11792025670678191, 0.14443086930773044, 0.12095514522672118, 0.15821678999116942], [0.15258308603341653, 0.14037361622118152, 0.16666666666666666, 0.11929457781630366, 0.14498309379493818, 0.12051198162970087, 0.15558697783779257], [0.15259683888341027, 0.13985395189804845, 0.16666666666666669, 0.11806892277171165, 0.1467772621286119, 0.12218132308484704, 0.1538550345667042], [0.1517531366081961, 0.1401578345920342, 0.16666666666666666, 0.1185970805444153, 0.14801298146836417, 0.12308211886733969, 0.15173018125298385], [0.152286430835461, 0.13985478222335582, 0.1666666666666667, 0.11810379224766351, 0.14761508702640616, 0.12282476488447219, 0.1526484761159748], [0.1538322391179445, 0.13793402116225462, 0.16666666666666666, 0.11654383824314299, 0.1470788153279626, 0.12277852505852534, 0.1551658944235032], [0.1536888200651835, 0.13954251386297828, 0.16666666666666669, 0.11836432497256666, 0.14485785680206478, 0.12029081410937455, 0.15658900352116567], [0.15295315152590164, 0.14071825958463252, 0.16473426424848978, 0.11894177734008358, 0.146265405711578, 0.12229467417838542, 0.1540924674109291], [0.15346220737436453, 0.13944915934535135, 0.16666666666666669, 0.11738219162211416, 0.14640442089688685, 0.12256318358870864, 0.15407217050590785], [0.1556978941723384, 0.14263957499788094, 0.16367891076615446, 0.12062741390596496, 0.14192947212831564, 0.11962279501488969, 0.1558039390144561], [0.15397987486359715, 0.14139424375368145, 0.16330395721571642, 0.1199817778229812, 0.1430052641521791, 0.12073316258911808, 0.15760171960272654], [0.15598361843249534, 0.13951159373043984, 0.16325970731340508, 0.1200055892709084, 0.1436113364146975, 0.11937452909441695, 0.1582536257436368], [0.15465686232591971, 0.13895518357354694, 0.16552100974956976, 0.11772978382174736, 0.14546675623498342, 0.12119163681592941, 0.15647876747830347], [0.15446681783682806, 0.1393686908993671, 0.16666666666666669, 0.11779458357113183, 0.14458522503049898, 0.12044775059051113, 0.15667026540499626], [0.1522875286320169, 0.14391034977915965, 0.16265947332793884, 0.12196264370953937, 0.1433996928435664, 0.12183746455722402, 0.15394284715055467], [0.15483906556899188, 0.13955392302721237, 0.16462936253428664, 0.1178615956825097, 0.14512899961091455, 0.12217746651341359, 0.15580958706267115], [0.15505996958605126, 0.13994006199602632, 0.16058214969080814, 0.12178950079717704, 0.13759428291190068, 0.11836736835136993, 0.16666666666666666], [0.15540973518322457, 0.14080247706535676, 0.1637901177185611, 0.1221602429682598, 0.14146145441078767, 0.1180592953166178, 0.15831667733719237], [0.155155781639557, 0.13887790028234911, 0.16476399289030716, 0.11785410430171862, 0.14556380608068897, 0.1214345074923685, 0.1563499073130106], [0.15453609809037228, 0.14184430074464527, 0.1637709187262203, 0.11999378592269482, 0.14220920186832334, 0.12003478400109366, 0.15761091064665034], [0.1547547021065601, 0.14143948643835136, 0.16470759223841802, 0.11970843370857145, 0.14363670318140137, 0.1200190918932056, 0.1557339904334921], [0.15614903242206044, 0.13981892709956195, 0.16454739188251982, 0.11861076146625697, 0.1432239411750861, 0.11992900491730107, 0.15772094103721368], [0.15603448258452585, 0.1410436580520267, 0.16055512142864145, 0.12354936762017071, 0.13712287260202327, 0.11809903268565375, 0.1635954650269582], [0.15657119506730802, 0.13874118890541356, 0.164690511201983, 0.1180137679525604, 0.14205436603770039, 0.12074502928013597, 0.15918394155489865], [0.15689824223963503, 0.13880320005264046, 0.16446982681796393, 0.1181008626022295, 0.14180261367142402, 0.12104928245277351, 0.15887597216333343], [0.15717060178560047, 0.1398024114191725, 0.16666666666666666, 0.11816830382723728, 0.1400910791410309, 0.11891712720043533, 0.15918380995985687], [0.15567931770960985, 0.1395500225024544, 0.16666666666666666, 0.12007693601972712, 0.1411644536476711, 0.11737584568460797, 0.15948675776926285], [0.15533635873406335, 0.13913112778468012, 0.16087682500853692, 0.12049910504218078, 0.13956236458715665, 0.12041087124524259, 0.1641833475981397], [0.1463457224206034, 0.13672753736272916, 0.1503023082895887, 0.123814761105227, 0.1528133315780683, 0.14382625863308046, 0.14617008061070308], [0.15903140023751094, 0.15100637372650944, 0.15502100927913526, 0.1303157666432554, 0.13302797773953373, 0.12061392082928589, 0.15098355154476925], [0.1503855321237357, 0.16183323132537467, 0.14891495979944436, 0.14264171080846424, 0.12789978827126675, 0.11971777726598397, 0.14860700040573024], [0.1473980965268688, 0.16666666666666669, 0.14742178726153354, 0.1453330101281883, 0.12763756238561544, 0.12048128316541529, 0.14506159386571202], [0.15164055112073377, 0.15706284162411444, 0.14610523148080976, 0.14624738290740333, 0.1293367599835434, 0.12440709599725973, 0.14520013688613562], [0.1527755872530052, 0.15244280922942863, 0.14926372963571008, 0.13808981978076218, 0.13461338185980287, 0.12889037849017798, 0.14392429375111304], [0.15479016200193815, 0.1596715957139389, 0.14513910577055167, 0.1421063633546521, 0.12809221856729683, 0.12358884021360214, 0.1466117143780202], [0.1540937109104155, 0.16666666666666666, 0.1413968730621607, 0.14544095670537668, 0.12370630725001484, 0.12117877287942551, 0.14751671252594012], [0.1422589196775402, 0.13781313967675105, 0.14176925504282326, 0.12854001705069196, 0.14419469765082565, 0.16666666666666666, 0.13875730423470117], [0.14238397726339241, 0.137883414981831, 0.1419519870140874, 0.1286355753348122, 0.14447577547779228, 0.16588230467929968, 0.13878696524878517], [0.15328502959819185, 0.16493889310823182, 0.14131501456730733, 0.1475237716878853, 0.12384317611154465, 0.12158559077361183, 0.1475085241532275], [0.15987889192092236, 0.1474006289026563, 0.15368043774693774, 0.12810568673926231, 0.13564767771056205, 0.12489968793911688, 0.1503869890405423], [0.15404532503409357, 0.15757190166340168, 0.14709429073462937, 0.14324598096550883, 0.1289544573025739, 0.12200231946439465, 0.14708572483539797], [0.16371789320866845, 0.1462261589590038, 0.15745610313524305, 0.12365616140972846, 0.13607819385395492, 0.1178106496612311, 0.15505483977217036], [0.161874631322501, 0.14726617956166796, 0.15739893895073498, 0.12616360643443442, 0.1353300990411531, 0.11689354364289664, 0.1550730010466118], [0.16368242544801445, 0.1463393868555882, 0.15597526891829216, 0.12228277986916125, 0.1381261115955214, 0.11973126834453912, 0.15386275896888346], [0.16666666666666666, 0.14612831108257096, 0.1562710701284776, 0.12257468545643901, 0.1372950743474073, 0.1182197677809739, 0.1528444245374645], [0.15394533290385362, 0.1436892520529983, 0.1543222379261117, 0.1255222048675842, 0.14788158657820527, 0.12814942040020738, 0.14648996527103947], [0.1578439890083301, 0.1554477940925224, 0.14825920901036363, 0.1298818423515663, 0.13456182450971702, 0.12392550128481125, 0.1500798397426892], [0.15667625171256488, 0.15951276319375463, 0.1450211978117035, 0.13742774885138306, 0.12993404416500884, 0.12370434901846918, 0.14772364524711584], [0.15329788090366717, 0.1616399662317192, 0.14474376796694677, 0.14032727954630525, 0.1302578354259616, 0.12276046840635932, 0.14697280151904077], [0.15217858837499648, 0.14541926157022333, 0.1469260764093113, 0.13079341762200677, 0.14584448062994304, 0.13507537783918933, 0.14376279755432986], [0.14582248950737936, 0.1341192506001839, 0.15261318824355402, 0.11796922391560118, 0.16666666666666666, 0.1373819673583538, 0.1454272137082611], [0.14678852800818967, 0.13489921358636559, 0.15422287873751642, 0.11900486150952815, 0.15848496595483283, 0.13860734461082355, 0.14799220759274387], [0.15643054178341517, 0.1393930639806227, 0.16666666666666663, 0.11799739260063777, 0.14146625806291957, 0.11909476842163388, 0.15895130848410413], [0.1550322786412441, 0.14547908603199744, 0.15136895311293813, 0.12607686225463782, 0.1371379228788803, 0.1298550507698053, 0.15504984631049684], [0.15106026034577777, 0.14488106020791658, 0.15118791947926627, 0.12567018692161866, 0.14341929366485426, 0.13214457646612948, 0.1516367029144369], [0.15962580606367316, 0.14532162719435537, 0.15577582381078875, 0.12373662183596432, 0.1430446431698784, 0.12299627499414505, 0.149499202931195], [0.16569532390176073, 0.1496048375762002, 0.14692820182582295, 0.1271670986945131, 0.1394830999137827, 0.12801120418021128, 0.14311023390770922], [0.16268212382613845, 0.1498195709985639, 0.14799137999531314, 0.129494423156233, 0.13849630372007798, 0.12829161782083975, 0.14322458048283376], [0.16666666666666666, 0.14812250767374008, 0.14644783070183603, 0.12658061103521176, 0.14100916882107936, 0.1284010425327161, 0.14277217256875005], [0.16666666666666669, 0.14798000630205896, 0.14698337987965343, 0.1269348254359693, 0.1410882796074286, 0.12803639965278238, 0.1423104424554407], [0.16301233773605645, 0.14992753438007306, 0.14798772423349232, 0.12938054297274856, 0.13840052298178818, 0.1280150183513928, 0.14327631934444868], [0.16126100981406896, 0.15115384018228606, 0.14804458650745592, 0.1310258873357065, 0.13704117402318908, 0.1273797040539636, 0.14409379808332984], [0.16666666666666666, 0.150232095270155, 0.14690981208575973, 0.12755186513909947, 0.13838634059527596, 0.12701856667491976, 0.14323465356812337], [0.16394413363001104, 0.15024619504628509, 0.14727628180802455, 0.128654805970054, 0.13814561541201334, 0.1279354462192485, 0.14379752191436362], [0.16457539968402327, 0.14990878352758424, 0.14648460440310115, 0.1272613975242939, 0.13929210346384227, 0.12878366799704585, 0.14369404340010936], [0.16432030855415622, 0.14838046911036465, 0.1469623414651694, 0.12663938007854936, 0.14163155063247468, 0.12942488836262797, 0.1426410617966578], [0.14740536465795176, 0.147811313394793, 0.14862457549292157, 0.1360793331067502, 0.1412866116820145, 0.13809519533416187, 0.1406976063314073], [0.16380858492238307, 0.14825400429568752, 0.14757450168902664, 0.12730284748925438, 0.1415166839189115, 0.12934246905931343, 0.14220090862542348], [0.1651212567417154, 0.1473088554610664, 0.14660136986219516, 0.12654002488293797, 0.1424483411978594, 0.12948303180889462, 0.14249712004533122], [0.16666666666666669, 0.14947981327511364, 0.14671167636816715, 0.12678005321347594, 0.13959336659473126, 0.1278270629669021, 0.1429413609149434], [0.16507898156865183, 0.14892525599246756, 0.14632098318889633, 0.1270685819756315, 0.1408490661689693, 0.12843785746933076, 0.14331927363605268], [0.1647939252812991, 0.14932215198054563, 0.1465560613573239, 0.1272607107288925, 0.14054424108194333, 0.1281962496280751, 0.14332665994192045], [0.15471679326508028, 0.14137801699790434, 0.1459579237143882, 0.1257352327068058, 0.15050745051415074, 0.13989471703906742, 0.1418098657626032], [0.16210121903321104, 0.15176013728141316, 0.14679459132480707, 0.1301739002641888, 0.1365517644003617, 0.12760126942686345, 0.14501711826915478], [0.16071259750537564, 0.14979222110357146, 0.14699023075686954, 0.1297208370275059, 0.1384843786585121, 0.12956477840455463, 0.14473495654361074], [0.1654866656921855, 0.1478876264909938, 0.14640377648225758, 0.12654622226323722, 0.1418052674083503, 0.12913273698232264, 0.14273770468065297], [0.16543159035625843, 0.1475182366433046, 0.147442063115368, 0.12738234621204764, 0.1416974851936461, 0.1284660337939479, 0.1420622446854273], [0.16478953828831486, 0.147844679089285, 0.14766877946416548, 0.12783089126720892, 0.14160700104501944, 0.12825443903518438, 0.142004671810822], [0.16666666666666669, 0.1477907952275062, 0.14730774930253132, 0.1276395557889007, 0.14069841411700026, 0.12776266172153525, 0.14213415717585964]]