[[0.16064425573101268, 0.16666666666666669, 0.13964010882722117, 0.12289344060514781, 0.13783967999147564, 0.12762242956931036, 0.14469341860916574], [0.15664061714114866, 0.16214481417679918, 0.1440712949208273, 0.1257114550745414, 0.13867887601665388, 0.12437799163658507, 0.14837495103344445], [0.15581587032007915, 0.16168460886455316, 0.1444686916482246, 0.12597476140010344, 0.1393278760766466, 0.12487401714194149, 0.1478541745484517], [0.15807083144943485, 0.16418258980154798, 0.1422464716007312, 0.12489907232980049, 0.13919751216431278, 0.1254850830208346, 0.14591843963333812], [0.15645936644180897, 0.1637389701928759, 0.14332950731035246, 0.12524274887154518, 0.13968326264253506, 0.12567651534826407, 0.14586962919261837], [0.15545815694765067, 0.1629186917987516, 0.1428935602035224, 0.12670862332013977, 0.13996607292901725, 0.12607781460011827, 0.14597708020080002], [0.15676279616688746, 0.16397084017185234, 0.14325981456568948, 0.12489222662152319, 0.13987843333425246, 0.1259294086178493, 0.1453064805219458], [0.15640597863725753, 0.16376918388406694, 0.14320082843343807, 0.12493791936174771, 0.14035404315220143, 0.12675361057228357, 0.14457843595900477], [0.15910409715623836, 0.16666666666666666, 0.14238737587699138, 0.12357954150619166, 0.13789878215762244, 0.12365848818780027, 0.1467050484484891], [0.15712836852097667, 0.16524646301444462, 0.14266208078975876, 0.12429899951073722, 0.14026174994719204, 0.1263145170206418, 0.1440878211962488], [0.15473991123241493, 0.162640084025979, 0.14344787451148597, 0.1267794921033096, 0.14062866597049614, 0.12650845990920342, 0.14525551224711092], [0.15717239284494264, 0.16461536333831303, 0.1422037415838546, 0.12448146950009593, 0.140765562079576, 0.12749386506277174, 0.14326760559044613], [0.1547816588958489, 0.1628320384229349, 0.14368035400121057, 0.1265515233461801, 0.14054602909352243, 0.1262962125170442, 0.14531218372325888], [0.1562626113327954, 0.16407248599838453, 0.1430399894874183, 0.1247823704746525, 0.1408773156291614, 0.1272143994783493, 0.14375082759923863], [0.15578310016043956, 0.16316117642765354, 0.142829104391347, 0.12532938191318022, 0.1414676323094902, 0.12829356914205572, 0.14313603565583377], [0.1560757494544745, 0.16400619132326824, 0.14299432749009872, 0.12495076826424703, 0.14099568934630136, 0.12737573759912893, 0.14360153652248114], [0.15696771361364598, 0.16358778546786895, 0.14217300287617898, 0.12463586687056186, 0.14142722897479065, 0.12869202074926625, 0.14251638144768738], [0.161211272067786, 0.16129992755628875, 0.1414765354633316, 0.12308427207535576, 0.1396760605170449, 0.1296492183657983, 0.14360271395439472], [0.16314948981765026, 0.16666666666666666, 0.1418022853388012, 0.11996975706184967, 0.1392226172916777, 0.12651097311074014, 0.14267821071261433], [0.15757933014492245, 0.1640819956541581, 0.14291172968033694, 0.12451111377155374, 0.140323908287507, 0.12602147661327065, 0.1445704458482512], [0.157587687063384, 0.16432828143612838, 0.1424026583156457, 0.12442733917902674, 0.1406242038178185, 0.12686127229860195, 0.14376855788939485], [0.15918859333117566, 0.16011434042550574, 0.14312568380350604, 0.12313204186035376, 0.14050371190237604, 0.13050043049052207, 0.14343519818656078], [0.15807367399938652, 0.1644215915818716, 0.14191111402511397, 0.12407825636986827, 0.14093753289505198, 0.1277632925803226, 0.14281453854838502], [0.15705767939499343, 0.16470643234906576, 0.14247026862956383, 0.12435537960814202, 0.14100467946521084, 0.12736996319868307, 0.143035597354341], [0.1584867460155627, 0.1646602792519002, 0.14317295958787732, 0.12332114452547846, 0.14018942592509365, 0.12601401513244423, 0.14415542956164348], [0.15732968281947898, 0.16550753814376631, 0.14249025731928736, 0.12402924827699352, 0.14063099241899282, 0.1267647152918898, 0.14324756572959113], [0.1584173075471303, 0.16494738591328992, 0.14273773394507744, 0.12389936745743955, 0.13995752001055997, 0.12550685053258784, 0.14453383459391478], [0.1567431306151992, 0.16501870640857252, 0.14288446093374402, 0.12430859374925315, 0.14077103738960978, 0.1267212041442354, 0.14355286675938592], [0.1559767592780218, 0.16326429368859233, 0.14281190900073396, 0.12520296911891585, 0.14156384850862183, 0.12815558782665173, 0.14302463257846257], [0.15779524209503806, 0.16666666666666669, 0.1424998872397808, 0.12343531177421585, 0.14021439694167803, 0.12590910295761823, 0.14347939232500245], [0.15676136868090718, 0.16362496662821172, 0.142459965729606, 0.12463126394946784, 0.1416189344143221, 0.12843751231134343, 0.14246598828614176], [0.15644642530755393, 0.16388811078156726, 0.14307958931561104, 0.12434937334869825, 0.14150045046671159, 0.127993900495317, 0.14274215028454082], [0.15715689749350661, 0.16461823015214508, 0.14264164768786028, 0.12415916254085368, 0.14100217129006234, 0.12723604476605022, 0.14318584606952175], [0.1552622386220592, 0.16315291462083414, 0.1432136811453689, 0.12529714221429347, 0.14195992687391618, 0.12848904492590446, 0.14262505159762365], [0.15740504644990266, 0.16392728817477356, 0.14236327379846633, 0.12411816680288029, 0.14159646951632593, 0.1283112851035017, 0.14227847015414963], [0.15897819877220998, 0.16507616234046218, 0.1428624339908866, 0.12303222133208064, 0.14043352329733638, 0.12615037782911026, 0.143467082437914], [0.16174779720518917, 0.1631584175272873, 0.14211966038835366, 0.12289859508860598, 0.1393163487779421, 0.12605334522948078, 0.14470583578314103], [0.15714229635051016, 0.16432675153809137, 0.14249972416897821, 0.12429813090434044, 0.14143920377088726, 0.12776359187023198, 0.1425303013969606], [0.16177223804780513, 0.16072442307264365, 0.1415034293023533, 0.12175625705627593, 0.14122438704879572, 0.1320872092392415, 0.1409320562328849], [0.16177223804780513, 0.16072442307264365, 0.1415034293023533, 0.12175625705627593, 0.14122438704879572, 0.1320872092392415, 0.1409320562328849], [0.15742559748703033, 0.1640181103918007, 0.14242146722045212, 0.12398596674395396, 0.14170778528165084, 0.12845231803871293, 0.14198875483639917], [0.1564012577869436, 0.16367002880068326, 0.14301438119640358, 0.12439770650696966, 0.14190879191571315, 0.12834674350047093, 0.1422610902928157], [0.158573839706623, 0.16534666292732442, 0.14299714289916127, 0.12311199060821222, 0.14065558976119247, 0.12606269883693927, 0.14325207526054734], [0.16320775114539576, 0.16078393820653417, 0.14072974046999004, 0.12127911450633938, 0.14162436284685445, 0.132473322170205, 0.13990177065468135], [0.157311083715145, 0.16352654944221953, 0.14255171777085324, 0.12417818051784733, 0.141871834326315, 0.1285107911817808, 0.1420498430458391], [0.1625162325397139, 0.1622468203255172, 0.14183471367771092, 0.1226790154321899, 0.14054539581729078, 0.1273854437618657, 0.14279237844571177], [0.1595004244392333, 0.1640267359257921, 0.1428759037679625, 0.12261216437479139, 0.14148665868170085, 0.12745810603669974, 0.14204000677382023], [0.1623387673765521, 0.16010865859461557, 0.141361686057305, 0.12118987411681138, 0.14201736392961598, 0.13319453982257737, 0.13978911010252262], [0.1618911060680521, 0.15905239410720068, 0.14089251376274586, 0.12147881255771625, 0.14337550264421411, 0.13481694192993998, 0.13849272893013098], [0.16202563520893387, 0.16224495407061387, 0.14247200221781234, 0.12264140991884745, 0.1407207423850343, 0.12699321503900618, 0.14290204115975216], [0.1615379285739426, 0.15897450347960532, 0.14113211156184396, 0.12149874801524378, 0.1430390800051667, 0.13507534464513085, 0.1387422837190668], [0.16118599825399002, 0.16155533633339816, 0.14253391760783754, 0.12254614981408497, 0.14223561172744514, 0.1287560024715753, 0.1411869837916689], [0.1586689759295734, 0.16117009485677503, 0.14540669311568838, 0.12189102044197406, 0.14391127246345645, 0.12857310460081184, 0.14037883859172096], [0.15804199278817865, 0.16133652240977783, 0.14507042987068555, 0.12218603283066885, 0.1443483101451664, 0.12908999373554758, 0.1399267182199751], [0.15759369421789432, 0.16127185375097614, 0.14563755810749734, 0.12209510305986063, 0.14444189872997434, 0.12893807272371519, 0.14002181941008215], [0.15276509410778863, 0.16666666666666669, 0.14461181355096447, 0.12275797317054966, 0.14510761216056448, 0.13031208410267078, 0.13777875624079536], [0.156851011625389, 0.16437654336933688, 0.1428407664785027, 0.1247115365470368, 0.1405133374913693, 0.1266367217596723, 0.14407008272869298], [0.15695170190481175, 0.16531537680219785, 0.14261803852072427, 0.12434565705786661, 0.14058226966077586, 0.12655448331668476, 0.14363247273693888], [0.1568222342461737, 0.16295411938059726, 0.14316676023260222, 0.1255822697693219, 0.1392724172201133, 0.12557630026618485, 0.14662589888500668], [0.15807925454071156, 0.1641426248210831, 0.1427460053384606, 0.12443254313812205, 0.13948972353177994, 0.12564455355928256, 0.14546529507056016], [0.16126327248707217, 0.16302795582063812, 0.14315613126508964, 0.1214352551282665, 0.14067172878040957, 0.1275023281365259, 0.14294332838199808], [0.16037308178879747, 0.16666666666666666, 0.14204230391322162, 0.12125157901573386, 0.1383965188833763, 0.1254977604478843, 0.1457720892843197], [0.1638779635539328, 0.16150944123897568, 0.14043104841872744, 0.12143622090503264, 0.1410534807484984, 0.13115792071821256, 0.1405339244166204], [0.1616461630239898, 0.1600849169559317, 0.14129016022874116, 0.12208203303404092, 0.1412624259216133, 0.13261360320503654, 0.14102069763064654], [0.16426624909985188, 0.16151339719616065, 0.1409302112104075, 0.12052736158155032, 0.1417420070610601, 0.13138978505928758, 0.13963098879168198], [0.16666666666666666, 0.16309110303905383, 0.14131937241873205, 0.11910412584971519, 0.14085013447930264, 0.12903685420997751, 0.13993174333655203], [0.16172871515808032, 0.15918288332811054, 0.14134157620643764, 0.12148980920137945, 0.14362405659965052, 0.13401075267537066, 0.13862220683097087], [0.1615461328227347, 0.15913378372255113, 0.14150897206342974, 0.12144444968926268, 0.14376606629194968, 0.13404294884366366, 0.1385576465664084], [0.16209348061539955, 0.15942784008347163, 0.14146153946070067, 0.12126181579669251, 0.14360146972308296, 0.13357844010793396, 0.13857541421271857], [0.16160115028654012, 0.15849546635484849, 0.14139422884286829, 0.12098768497470205, 0.1442688954763359, 0.13561834334591882, 0.13763423071878642], [0.1536501907798585, 0.16666666666666669, 0.14349835134610406, 0.12628516881066662, 0.13594635363582927, 0.12228739984014056, 0.15166586892073436], [0.15946381018985206, 0.16666666666666666, 0.14085985527688683, 0.12418144332662227, 0.13762130989869117, 0.12462804210455578, 0.14657887253672525], [0.15502318149189706, 0.16259238192064054, 0.14348057844016074, 0.12704236902336538, 0.13947438650350516, 0.125232539217776, 0.14715456340265531], [0.15599808463008893, 0.1626758524264188, 0.14361898518581698, 0.12633155483866815, 0.13917492295626188, 0.12465059540732039, 0.14755000455542466], [0.15498298552526205, 0.16280858760433659, 0.14340192246875247, 0.12703993494551982, 0.13966245461795435, 0.12535738507266359, 0.1467467297655114], [0.15523145019816342, 0.16312067835643232, 0.14332862964847295, 0.1266664204471019, 0.1397399915287907, 0.1255078587313998, 0.14640497108963899], [0.15742290809602807, 0.16360543588340629, 0.14262105002924566, 0.12590851680629495, 0.13850169216908956, 0.12416974459131983, 0.14777065242461573], [0.15619544905950553, 0.1636880117181726, 0.14289868501640443, 0.12604565686214023, 0.13950081904131081, 0.12528963973552898, 0.1463817385669373], [0.15689424988302697, 0.16156787946825438, 0.14467282763221753, 0.12500995494437842, 0.13938830515798356, 0.12511846658030087, 0.14734831633383827], [0.15492658474640672, 0.16197773299080948, 0.14329789260757184, 0.1275564709649987, 0.1398560799600126, 0.12549764827407384, 0.14688759045612704], [0.15492150347715972, 0.1609860622453698, 0.14335233071235057, 0.12808873957345263, 0.13975226509277142, 0.12538310915418602, 0.14751598974470997], [0.15514038268082314, 0.16261306967836658, 0.1441560708163166, 0.12637518163602346, 0.13978147233092458, 0.12516297238522467, 0.14677085047232102], [0.15710239865858683, 0.1637028548928804, 0.14313616640727528, 0.12537230986504916, 0.13933057410788385, 0.12500097707538782, 0.14635471899293667], [0.15606630804850796, 0.16368124410365673, 0.14315917191678404, 0.12609343934455236, 0.13957116013375573, 0.1250553611100523, 0.14637331534269107], [0.15061239918326014, 0.16666666666666669, 0.1439764209909722, 0.13014537505138257, 0.1357938214843734, 0.11953672770726236, 0.15326858891608278], [0.1578944848940591, 0.16381085052688024, 0.1432839053765208, 0.12436574827136065, 0.13953401284814645, 0.12519023617848682, 0.145920761904546], [0.15575617057657662, 0.16289277414069445, 0.1443988354010908, 0.12509243751646074, 0.14028967812612894, 0.12586886755418575, 0.14570123668486268], [0.15706250170584737, 0.16310770627469895, 0.14336729774542376, 0.12569643996707194, 0.13926545464788118, 0.1245535821371343, 0.14694701752194236], [0.15631978679399902, 0.16425452080267877, 0.1430775598854517, 0.1254745091972947, 0.13980320115344586, 0.12538939742014235, 0.1456810247469875], [0.15410048601916634, 0.16147686607164966, 0.14364759707432115, 0.1275192441731014, 0.14091949131523204, 0.12692678758155926, 0.14540952776497024], [0.16034051203442742, 0.1618558815187525, 0.14100104326626708, 0.12426201140599806, 0.14087133618508496, 0.12895760899566794, 0.14271160659380197], [0.1563458898138096, 0.16429423056705966, 0.14346484908279064, 0.12454751259242336, 0.14065690982416218, 0.12636371063030255, 0.14432689748945193], [0.15659655688488316, 0.16243669617406883, 0.14489851465471584, 0.12337415559103808, 0.14161630363153938, 0.12741213278280744, 0.14366564028094736], [0.15653216418768004, 0.16377071990232506, 0.14447521730722754, 0.1240702230652863, 0.14066612595376496, 0.12576615373875488, 0.1447193958449614], [0.15481727949251506, 0.16295454698291753, 0.14375368856035162, 0.12611196675297467, 0.14128060832261316, 0.12690654458664705, 0.14417536530198072], [0.16034349723238725, 0.16253818591032343, 0.14276419660448628, 0.12356884867753325, 0.14023010932945995, 0.1261162070061281, 0.14443895523968187], [0.1609174704829146, 0.16160106236904775, 0.14132299240472354, 0.12345839562505022, 0.1415654209768582, 0.1294898939471908, 0.1416447641942149], [0.15378458032233416, 0.16666666666666669, 0.14252284208118698, 0.12420218464879369, 0.14308619076422135, 0.13009429806220943, 0.1396432374545878], [0.15426534535326325, 0.16173887184989677, 0.14507778957753964, 0.1257323077107463, 0.14320094523522256, 0.12764729863775467, 0.14233744163557685], [0.1569737535270643, 0.16271969420374088, 0.14465642430606215, 0.12324975491769097, 0.143061192358078, 0.12768764666927143, 0.14165153401809236], [0.15505266345673493, 0.16294166719081715, 0.1451445164093532, 0.12361735714838958, 0.1439083643599333, 0.12857806576504058, 0.14075736566973143], [0.15438266540486456, 0.16666666666666666, 0.1433218549641511, 0.1230050624869763, 0.14488450725909183, 0.1298705336861354, 0.13786870953211414], [0.1533580332418961, 0.16666666666666666, 0.14434715211468377, 0.12098891774817314, 0.14596905823629255, 0.13256527980128158, 0.13610489219100613], [0.15384472461266438, 0.15129950307449755, 0.14141359528023353, 0.1255703167503862, 0.14678143025162188, 0.1450246790035204, 0.13606575102707616], [0.15707919199927745, 0.15416832290937085, 0.14294171736144648, 0.1225820886422015, 0.14696084698102024, 0.14000693341684556, 0.136260898689838], [0.1422587434704718, 0.14526953143306767, 0.14259202772211824, 0.12945121228816892, 0.15458626032286726, 0.15715088428235496, 0.1286913404809511], [0.1442428590907504, 0.14386408176887855, 0.14214898799317696, 0.13510791940055136, 0.1480250695056499, 0.15090841392545296, 0.13570266831553973], [0.1442740818923685, 0.14236918551642744, 0.14121225230982765, 0.13241702203648004, 0.14904463543638205, 0.15865871352696312, 0.13202410928155137], [0.14585523286145985, 0.1450561010563626, 0.15054636887004103, 0.12272675132292203, 0.15876105440253854, 0.148323879964457, 0.12873061152221887], [0.14363656365642424, 0.1496785564349083, 0.15104456691910143, 0.12346357575929787, 0.15684683069975708, 0.14539578355039404, 0.1299341229801171], [0.14203953867263966, 0.14494398012053114, 0.14222603355511004, 0.12891876554128345, 0.15222387656497852, 0.1600553063097272, 0.12959249923572994], [0.1420781996757049, 0.1447511561228937, 0.14199932611010585, 0.12965485022007994, 0.1516355202775099, 0.15980801927563396, 0.1300729283180718], [0.14235558916091856, 0.14270323031400636, 0.14172196577663865, 0.12633927003431625, 0.15263804667898132, 0.16666666666666669, 0.1275752313684723], [0.15851753949093508, 0.1630276266162791, 0.14226064005904093, 0.12513064928075684, 0.1389043921491016, 0.12555835336881413, 0.14660079903507234], [0.15901771927719824, 0.16310205071612588, 0.14117980192619753, 0.12520825921164852, 0.13922177758513757, 0.12681710687811165, 0.1454532844055806], [0.15912761849437343, 0.16341652224970343, 0.14181651222060218, 0.12482523981569361, 0.1387215545116689, 0.12561788633243226, 0.1464746663755262], [0.15891722622706309, 0.16329138355667758, 0.1415500479601257, 0.12521304372418593, 0.13882671561984244, 0.12583872848686536, 0.14636285442523983], [0.15651215716592862, 0.16666666666666666, 0.14205200193093093, 0.1259732382375579, 0.13698718926291, 0.12247746844017544, 0.1493312782958304], [0.1570915831154909, 0.1625486831902111, 0.1427598195564279, 0.12629353295632234, 0.13894520001609828, 0.12486525620500835, 0.14749592496044114], [0.15721627784016426, 0.1634879869520917, 0.14297872766639555, 0.12585159916207955, 0.13845079303306013, 0.1239813653091875, 0.14803325003702128], [0.1593461330327291, 0.1634477348848956, 0.1418045317722182, 0.12461501293825565, 0.13930048496582192, 0.1260059224692388, 0.14548017993684073], [0.15554301356629646, 0.16313805712050417, 0.14321274766907605, 0.12647485514475965, 0.13984444118373587, 0.12555913858413664, 0.14622774673149116], [0.1568207904826995, 0.16401861997957262, 0.143274602065052, 0.1251713822156742, 0.1395212895205651, 0.12503766411695527, 0.14615565161948144], [0.15675070963122642, 0.16336224155704504, 0.1434918991337305, 0.12586919793361812, 0.1388362073415503, 0.12390418306693973, 0.14778556133588985], [0.15889194859432004, 0.16500988018500554, 0.14214704140233927, 0.12355688395946987, 0.13995258985685086, 0.12648235629070315, 0.14395929971131122], [0.15847127758888585, 0.1636926426121863, 0.14196399020932468, 0.12467981741290222, 0.1401492650312597, 0.1266461030856213, 0.14439690405981995], [0.1584083514893016, 0.16525747548191527, 0.14199777583715892, 0.12369800698148237, 0.14042511873262692, 0.12691972042273852, 0.1432935510547764], [0.15737723492263556, 0.15526755984231994, 0.14686710570050113, 0.12174218834715343, 0.1480995618267493, 0.13362505389594248, 0.13702129546469816], [0.15566407322400558, 0.15640626328615737, 0.14831129678993477, 0.12197251585855563, 0.1481449881819977, 0.13162297514434548, 0.13787788751500346], [0.15335033211262541, 0.14973681878541448, 0.14897594367281966, 0.12204504323559677, 0.15358882694095, 0.13966452255100884, 0.1326385127015847], [0.14900103397025766, 0.14875410665351, 0.14855351806414824, 0.12118288771153952, 0.15797307104531422, 0.14500731526076965, 0.12952806729446076], [0.14611128542405752, 0.14241543034876247, 0.14373971002397093, 0.12651048862289982, 0.15402901867867097, 0.1587929126612731, 0.12840115424036516], [0.158380828143341, 0.16289450626676602, 0.14176505339370288, 0.12561598686556735, 0.13855387956344156, 0.12574041659710605, 0.14704932917007507], [0.15879552087413148, 0.1645243331766991, 0.14117048862029272, 0.12543472322402183, 0.1374907043204101, 0.12456580484061046, 0.14801842494383433], [0.1576440870823542, 0.1634580448212773, 0.1424430352224115, 0.12523710234735563, 0.13904797641458053, 0.12570077870783583, 0.14646897540418508], [0.1593259738871567, 0.16332774376451017, 0.14134431465011205, 0.12486840910430728, 0.1391327608060392, 0.12644629933788515, 0.1455544984499894], [0.1571738775653841, 0.16413960033194308, 0.14224586411353524, 0.12479519251806022, 0.140147987164639, 0.12720834906025577, 0.14428912924618267], [0.1559356314050737, 0.16368533917911593, 0.14286295342589686, 0.1260527547235048, 0.1398382042778922, 0.1258237078768869, 0.14580140911162945], [0.15417068997156788, 0.16204999913809315, 0.1437054060446183, 0.12736184063650627, 0.14034985578344172, 0.1263323096268441, 0.14602989879892864], [0.1549579965442163, 0.1627858482151112, 0.143400960539846, 0.1268226621317762, 0.14004176111484037, 0.1258508047750157, 0.14613996667919432], [0.15723880614812644, 0.16293133870289278, 0.14303645724299077, 0.12592121042444307, 0.13916863769161283, 0.12462271308802925, 0.1470808367019049], [0.15815566734413639, 0.1646736717650709, 0.14244467491769341, 0.12398065491227028, 0.1399164387196048, 0.12633926448570573, 0.1444896278555185], [0.15591438655853274, 0.16391966772099048, 0.14293206199285471, 0.12575391894800567, 0.14029498279371833, 0.12618119804702885, 0.14500378393886915], [0.15628977078518938, 0.16313295394706903, 0.14321406712429807, 0.12609375147786006, 0.1399313789115775, 0.1252845429358694, 0.14605353481813654], [0.15766594439267548, 0.16355503087684947, 0.14369724077852672, 0.1230866496304416, 0.14249721510463725, 0.1280387289168178, 0.14145919030005183], [0.15862650140862505, 0.16341718952828838, 0.14161043286033267, 0.12455057539280977, 0.14059594690183108, 0.12776538800235596, 0.1434339659057572], [0.16024317582936445, 0.16237606014345443, 0.14357431140457705, 0.12212366291602889, 0.1405398971573693, 0.12735201729002904, 0.14379087525917675], [0.1583646835948688, 0.16456876939495907, 0.1428785675217103, 0.12405668943360808, 0.13965442587350432, 0.12531270681401235, 0.14516415736733707], [0.15851877253424437, 0.1650076200368914, 0.14262723004675473, 0.1237781252360939, 0.1398717602037636, 0.12568493617078852, 0.14451155577146352], [0.1555730773081886, 0.16202810086106093, 0.1420619127252574, 0.12637726068804933, 0.14165740888913655, 0.12917303356901663, 0.14312920595929052], [0.15779224890169738, 0.16289561759744767, 0.14308576594520023, 0.12513160439899584, 0.1400893559440419, 0.12552360794711262, 0.1454817992655044], [0.1617956424010018, 0.16103527129016668, 0.14147409555732784, 0.12196427758629468, 0.14057850829454313, 0.13129644971493143, 0.14185575515573445], [0.1599145373414272, 0.1608623746082873, 0.14362610240877954, 0.12183330997638923, 0.14191061045119024, 0.12996999360257055, 0.14188307161135605], [0.15826812934287873, 0.1641535166061204, 0.143321167285865, 0.1240122838541947, 0.13990294090127045, 0.1253043868860931, 0.14503757512357768], [0.15894216962032967, 0.16402096993750326, 0.14180420271169683, 0.12381878486961538, 0.1409872219571706, 0.12776715119341542, 0.14265949971026887], [0.1576023745177794, 0.1654067713845253, 0.14315908153391801, 0.12317424866959266, 0.14111505639307875, 0.12681241475159544, 0.14273005274951034], [0.15974369325330962, 0.16401042423884638, 0.1432527823556056, 0.12268557061192402, 0.1407140256844488, 0.12626151219674608, 0.14333199165911947], [0.16263715389264244, 0.1609384546089312, 0.14134772771568352, 0.12114533028601406, 0.1415172837884831, 0.1321675257050214, 0.1402465240032242], [0.16116140288058123, 0.16218834456619532, 0.14258764095216886, 0.12339840646170833, 0.1403300420980903, 0.12634202681705226, 0.14399213622420362], [0.16084032927544034, 0.1616446123024283, 0.1427168989351617, 0.12371247005431736, 0.14051081384277275, 0.12650761004082414, 0.1440672655490552], [0.16131153099318918, 0.16105628810172173, 0.14277487038830838, 0.12309177431375777, 0.141506434628976, 0.12765457292461205, 0.14260452864943476], [0.16107562401558329, 0.16203969499135135, 0.14322719410383158, 0.12134792364144928, 0.1412430784466316, 0.1287111026818931, 0.14235538211925988], [0.16137567157131336, 0.16122980387808886, 0.1413448556464703, 0.12323086518327285, 0.13978939081126968, 0.12954020658298604, 0.14348920632659884], [0.1485431046079525, 0.1506270827145261, 0.14176534177572697, 0.14173188106518725, 0.13507335946195956, 0.12429899854624468, 0.15796023182840296], [0.15162357742322588, 0.15841192178845115, 0.1468784985692062, 0.12190458144791382, 0.15214988650391845, 0.13587152954753834, 0.13316000471974596], [0.1482155202334327, 0.15381147941617065, 0.14295671152354245, 0.12443334818007915, 0.1534039330385987, 0.14636952701461733, 0.130809480593559], [0.1464033850374746, 0.15254691213233398, 0.14292752746203347, 0.12653283281323652, 0.15300829247561662, 0.14745658873517153, 0.13112446134413347], [0.14220130313550322, 0.1480555127843269, 0.14850485419159998, 0.1238610124536035, 0.1615154083132161, 0.14841880592501797, 0.12744310319673224], [0.14242336335612515, 0.1497707803986008, 0.15213963233463423, 0.12716092208522722, 0.15795997544144333, 0.13975733436046098, 0.13078799202350821], [0.1425223618837234, 0.14617854644306155, 0.1496980300939325, 0.12208928960530227, 0.16666666666666666, 0.14654344543837453, 0.126301659868939], [0.144943513153952, 0.14435800563708195, 0.14665979105593868, 0.12359404980429428, 0.16008340532243379, 0.15360842753730103, 0.12675280748899825], [0.14121431562758613, 0.14273654984547388, 0.13929133138516178, 0.16666666666666666, 0.13780190147201815, 0.1292093851171938, 0.1430798498858996], [0.14113455974730146, 0.14296096533205763, 0.13956743490697032, 0.16583418644904932, 0.13802383959236467, 0.12928534331075553, 0.14319367066150102], [0.14451895141008508, 0.1441696533157483, 0.14588437953178315, 0.12392059659899, 0.15921868235650954, 0.15555037239552186, 0.12673736439136202], [0.1505080523634239, 0.15618352906988767, 0.1480236656663453, 0.12514748820557772, 0.15044508466894865, 0.13358177351548903, 0.13611040651032782], [0.1437939458170982, 0.14895689175858434, 0.14933400480366393, 0.12130752954696918, 0.16240456852167667, 0.14686563292660318, 0.12733742662540434], [0.1580581890044653, 0.15692345007434735, 0.14866730015065863, 0.11961077389355326, 0.1470919829372329, 0.1317621155721923, 0.13788618836755037], [0.15770211362037326, 0.1562814756232855, 0.14816612273694696, 0.11919298949007068, 0.1484028333625201, 0.13384413664684447, 0.13641032851995896], [0.15633661966729337, 0.15621868682633502, 0.15060719365570735, 0.12079987665391259, 0.14613089838673718, 0.13018694569612624, 0.13971977911388836], [0.15614439549378414, 0.1557931468255818, 0.15090453535763337, 0.12034972743904623, 0.14739518448021607, 0.13076542663709953, 0.13864758376663883], [0.14838215977586583, 0.1528397071617514, 0.1531913779942224, 0.1281005213509604, 0.14445674642029283, 0.1290485238128239, 0.14398096348408337], [0.1504939007430328, 0.14700823920528916, 0.15645508507196423, 0.12256188620310225, 0.15251635096302268, 0.13633913580512524, 0.13462540200846362], [0.14593462534288223, 0.14535775357326225, 0.15420253112505342, 0.12223351759716622, 0.1599908012162889, 0.14310821944683352, 0.12917255169851344], [0.14432149148787365, 0.1471359707993286, 0.1516760216676607, 0.12316832022934668, 0.1571711128944983, 0.14650621767326855, 0.1300208652480235], [0.14360636925681283, 0.1451011390712011, 0.16666666666666666, 0.13149763001962844, 0.14125538985879849, 0.13055096173235728, 0.14132184339453518], [0.14601936573493166, 0.1564163727269859, 0.1432020717534476, 0.1379654482590117, 0.13560637358194838, 0.12238840577582127, 0.15840196216785352], [0.14804037092673314, 0.15531535736380211, 0.1412202236122261, 0.13616847376145935, 0.1328708207368144, 0.11971808693229812, 0.16666666666666666], [0.16096567631961478, 0.16241119414651503, 0.14291536118080808, 0.12280413442495537, 0.1410756036556379, 0.12697395691085483, 0.14285407336161401], [0.16666666666666666, 0.1503640717233107, 0.14345297147923738, 0.12664044532902463, 0.1420808345915205, 0.13115615215635576, 0.1396388580538843], [0.16666666666666669, 0.1497648795156501, 0.14563196154116625, 0.12658210212645452, 0.13849630180437017, 0.12723398361228652, 0.14562410473340584], [0.15184838248701904, 0.15385276314405394, 0.15435714418726756, 0.12269937359636021, 0.14656850259488083, 0.12871115349278375, 0.1419626804976346], [0.14548644037913808, 0.14506154344337496, 0.16521911764506494, 0.12614120797594588, 0.14908447981577397, 0.13103495505811105, 0.13797225568259114], [0.14374781570122383, 0.14665466429248147, 0.1624998239993692, 0.1265358919981182, 0.15139349254660328, 0.13269837905114412, 0.13646993241105987], [0.14825348786256146, 0.14502986342946247, 0.1606963207181932, 0.12712959738401916, 0.14744273679346287, 0.13091981492056734, 0.14052817889173355], [0.14696765125100983, 0.14561880805970798, 0.1608981591915264, 0.12711962610444566, 0.14793251236933577, 0.13122375511457895, 0.14023948790939536], [0.14368675392287575, 0.14667094410425308, 0.1628409026291954, 0.1262017580825153, 0.15151954434075768, 0.13263955319947426, 0.13644054372092873], [0.14375311199999252, 0.147119878606217, 0.16098694626997176, 0.1253878787302236, 0.1533428510124482, 0.13427835345697742, 0.13513097992416956], [0.14480591052913502, 0.14515038033456773, 0.16666666666666666, 0.12510766640118143, 0.14998628010382287, 0.13149280799930738, 0.1367902879653188], [0.14477586364257397, 0.14581955375081537, 0.16379539589744138, 0.12581947780621475, 0.15096464469000495, 0.13221716277091117, 0.1366079014420385], [0.14620322493901342, 0.14500658557908588, 0.16412290641472743, 0.12658179918735638, 0.14896834544706147, 0.1311072914369177, 0.13800984699583785], [0.14609459849710688, 0.14627556598311425, 0.16249080929525633, 0.12765938893066145, 0.14737144528622415, 0.13023253793544112, 0.13987565407219574], [0.1416953382971945, 0.15022337007956468, 0.1472140823501419, 0.13834661636506765, 0.14863499302687191, 0.13681400126777835, 0.13707159861338106], [0.14469821285075055, 0.1462100233583086, 0.16280653569226838, 0.1278739046161877, 0.14817837629847774, 0.13075168929959366, 0.13948125788441348], [0.14833408258930253, 0.1455750436734799, 0.15979190120941722, 0.12791615604743953, 0.14646711343879165, 0.13028127613722157, 0.14163442690434755], [0.14589864545483044, 0.14512295820681706, 0.1647237428730808, 0.1262356706760587, 0.14877924255469055, 0.13097010663611638, 0.1382696335984061], [0.14891123704519024, 0.1448335797157791, 0.16044498570492008, 0.12680327644277756, 0.14748486685307946, 0.13130219871298607, 0.14021985552526758], [0.14815271992101273, 0.14480083641921673, 0.16153237708968712, 0.1264908367478891, 0.1479974287266869, 0.13140085090891815, 0.13962495018658932], [0.1473461076062566, 0.1473302116287369, 0.15018565735331943, 0.1381995463484332, 0.14062211389167642, 0.1271879933390627, 0.14912836983251468], [0.14586265172042523, 0.1456081211074548, 0.16181689704250884, 0.12516839703349728, 0.15240332345702295, 0.1339099664418806, 0.13523064319721037], [0.1459453415498179, 0.14574079286962607, 0.1602968953978735, 0.12697439311928788, 0.1506581668135857, 0.13286683963404294, 0.13751757061576605], [0.14855091903517909, 0.1453590846105122, 0.16041215576661857, 0.12744386727231913, 0.1467568779892008, 0.1304272171453965, 0.14104987818077366], [0.14624789050947812, 0.14619059504939608, 0.16029295552048553, 0.12754862218917803, 0.1479209925477327, 0.13127592628498935, 0.14052301789874028], [0.14570704749153326, 0.14657771097713027, 0.1604163599037417, 0.12735118869239426, 0.14823412079845133, 0.1316088061366345, 0.14010476600011462], [0.14595427461930463, 0.1462666580417214, 0.16029715799068076, 0.12715623774735818, 0.14861818218095282, 0.1318629111644635, 0.13984457825551863]]