[[0.16065154885557212, 0.16666666666666666, 0.13947100500517137, 0.12294644987227467, 0.13787458940013975, 0.12766971204264577, 0.14472002815752955], [0.156719779556804, 0.160823235731793, 0.14429103650196443, 0.1260348240620032, 0.13889985847949451, 0.12471188921625742, 0.1485193764516833], [0.15581642123727119, 0.16168486181384897, 0.14446135667635734, 0.12597682741161742, 0.13932926412313318, 0.12487613904049974, 0.1478551296972723], [0.15808075565332916, 0.16418545775849172, 0.14208224288394708, 0.124947294534147, 0.13922922630065865, 0.12553262865455883, 0.14594239421486752], [0.15646830354553687, 0.16374153356678414, 0.1432040137277319, 0.12527901799677865, 0.1397068882316118, 0.12571240468492362, 0.14588783824663307], [0.15547038103323352, 0.16292277936852637, 0.14273771940461594, 0.12675220186482009, 0.13999519279875403, 0.12612208110956585, 0.1459996444204842], [0.15677299436462228, 0.16397361611401087, 0.1431122972979274, 0.12493524253129824, 0.13990601767115357, 0.12597135652223335, 0.14532847549875427], [0.15641930021629963, 0.16377294572204512, 0.14301490901464187, 0.12499209631401043, 0.1403882051589742, 0.12680543019003734, 0.14460711338399124], [0.15936473116738506, 0.160972124567944, 0.14317472434790005, 0.12506448260245126, 0.13889022945889462, 0.12514070849051662, 0.1473929993649083], [0.1571436218674127, 0.165248734159463, 0.14243394007656968, 0.1243667525516827, 0.14030397585963306, 0.12637904690936907, 0.1441239285758699], [0.15475483883318958, 0.1626451237216848, 0.14326833426565064, 0.12682941513738152, 0.1406612552930077, 0.1265587221688437, 0.145282310580242], [0.15719218920390166, 0.16461964047817482, 0.14190723482972334, 0.124569429182063, 0.1408195680597562, 0.12757554364678386, 0.14331639459959702], [0.15479445214020754, 0.16283616608840154, 0.14352569378442961, 0.1265947040357411, 0.14057414583570055, 0.1263396680279505, 0.1453351700875689], [0.15627992672442706, 0.1640768034739066, 0.1428019291006282, 0.1248520781961619, 0.14092023665358996, 0.12728005959214161, 0.14378896625914453], [0.15580630500390683, 0.16316865048059617, 0.14252457857179393, 0.1254175171050327, 0.14152135915054453, 0.12837538439268179, 0.14318620529544407], [0.15609539705195546, 0.16401112686828365, 0.14272905348858456, 0.1250281569515482, 0.14104331251426952, 0.1274486276372158, 0.14364432548814288], [0.15699073771163752, 0.16359509434564554, 0.14183550200035483, 0.12473564271728241, 0.14148714423404515, 0.1287821677954491, 0.14257371119558548], [0.16124723125210016, 0.1604341954452736, 0.14144510107881444, 0.12337154503637757, 0.13985396885414028, 0.12989321854253438, 0.14375473979075942], [0.16325841356810802, 0.16174393741277465, 0.14233352749789385, 0.12141591764668516, 0.14007253440247286, 0.12775455821666593, 0.14342111125539958], [0.15759408883051734, 0.16408619340195235, 0.14267962764679504, 0.12457957833757587, 0.14036669139427216, 0.12608748820858331, 0.144606332180304], [0.15760495756677384, 0.16433272963315218, 0.14213177263238205, 0.12450768900691912, 0.14067374313419162, 0.1269369921733466, 0.14381211585323442], [0.1592770055209296, 0.15833812098929825, 0.1432872159984387, 0.12364674549276866, 0.1408130327685096, 0.13092801871974089, 0.1437098605103144], [0.15809388556627374, 0.1644268722200614, 0.14157732507821089, 0.12417842851438916, 0.14099805035716448, 0.12785479715596113, 0.14287064110793926], [0.15707849015843287, 0.16471067774678735, 0.14216171217363688, 0.12444701571514225, 0.14106025717906714, 0.12745507044013304, 0.14308677658680063], [0.1584983724514401, 0.16466313100751223, 0.1429694623529986, 0.12338275318346456, 0.1402270590458564, 0.12607179630985033, 0.14418742564887782], [0.15734804658970133, 0.16550981789172362, 0.14221001067999173, 0.12411310659430412, 0.1406821987986217, 0.1268431935540847, 0.14329362589157288], [0.15843023072423887, 0.16495007928247818, 0.14251412566361968, 0.12396636531437936, 0.13999936168912602, 0.1255713301589381, 0.14456850716721967], [0.15676210207533503, 0.16502185691986, 0.14261129954847004, 0.12438957239311715, 0.14082054372444586, 0.12679757044611825, 0.14359705489265356], [0.15600105222979496, 0.1632720256248632, 0.1424873671041712, 0.12529719590388644, 0.14162089498514527, 0.1282431047477045, 0.1430783594044344], [0.157811582368008, 0.16666666666666669, 0.1422374167608983, 0.12351493958755065, 0.140263119365511, 0.12598417429607336, 0.14352210095529205], [0.15678459858873794, 0.16363210002406148, 0.14212586857490836, 0.12472984538862839, 0.14167767636357273, 0.12852716733569497, 0.14252274372439613], [0.1564680152135622, 0.1638939803846706, 0.14277733863713066, 0.12443876716565001, 0.1415536132270858, 0.12807559537485863, 0.14279268999704214], [0.15717609530245258, 0.16462236542526554, 0.14235369042515633, 0.12424497439686388, 0.14105398138870548, 0.1273156451782248, 0.14323324788333136], [0.15532618203558995, 0.16261097373981673, 0.14297233940127937, 0.1255290967322474, 0.14209845493278808, 0.1287031027852763, 0.1427598503730022], [0.15742850644705744, 0.16393422711311495, 0.14200266281247337, 0.12422594359164758, 0.1416599731733591, 0.1284084405818395, 0.142340246280508], [0.15899189818396486, 0.16507899632168727, 0.14260787985416948, 0.12310996975238253, 0.1404802658522349, 0.1262225702777471, 0.14350841975781378], [0.16177736776294965, 0.16239784635305335, 0.14204694725311373, 0.12316171373788094, 0.13948076951755106, 0.12629749860187836, 0.14483785677357291], [0.1571653899867048, 0.16433242510462773, 0.14215420665143594, 0.12440086142809319, 0.14150037252334957, 0.12785791972880722, 0.1425888245769816], [0.16182382585671293, 0.1593617279256513, 0.1414372948375112, 0.1222296176483631, 0.1414925514375965, 0.13245168047394856, 0.1412033018202164], [0.16182382585671293, 0.1593617279256513, 0.1414372948375112, 0.1222296176483631, 0.1414925514375965, 0.13245168047394856, 0.1412033018202164], [0.15744897205658878, 0.16402480970999353, 0.14206122313749506, 0.12409392427243401, 0.14177091684118084, 0.12854897827713027, 0.1420511757051775], [0.15642600008024407, 0.16367725147382411, 0.14266967950870615, 0.12449958564515405, 0.14196846480412523, 0.12843910443702378, 0.14231991405092254], [0.15858934962120735, 0.16534919271640175, 0.14272308866778816, 0.12319546320792928, 0.14070544002773622, 0.12614051640006446, 0.14329694935887283], [0.16323939386789965, 0.15976083683902975, 0.14051923941058642, 0.12169432722527079, 0.1418534539205612, 0.13278612845435056, 0.14014662028230165], [0.15733334479262276, 0.16353402117254193, 0.14221252406690874, 0.12427927945384878, 0.1419308322195128, 0.12860158091715085, 0.1421084173774141], [0.16255960131773348, 0.16091135968448714, 0.14173429684283717, 0.12313865185181248, 0.14081834258922, 0.1277959017005748, 0.14304184601333483], [0.1595165826591392, 0.16403268835945167, 0.14255375162754116, 0.12271149709524486, 0.14154343377991024, 0.12754651227873684, 0.14209553419997592], [0.16238665470332939, 0.15875019873284407, 0.1412285705967932, 0.12169306559138954, 0.1422901034588601, 0.1335649021089123, 0.14008650480787135], [0.1619358364035204, 0.1581452281632172, 0.14055132774541623, 0.12190206503910515, 0.14359365956184889, 0.135115262690954, 0.138756620395938], [0.16207996939809663, 0.16068219525152252, 0.14241855769534162, 0.12315682909879923, 0.14102450045492884, 0.12745768610435204, 0.14318026199695924], [0.16158967713599837, 0.15786440625767456, 0.14089581024979964, 0.12195448874503018, 0.1432774804874051, 0.13539409858781573, 0.13902403853627648], [0.16120127158641964, 0.161569580407562, 0.14213670913941653, 0.12266910330627183, 0.1423036953252104, 0.1288616505665304, 0.1412579896685892], [0.15869164337013242, 0.16118567350552185, 0.1449945744577615, 0.12201792573659652, 0.14397576689846955, 0.12868107121044883, 0.14045334482106925], [0.1580700505191453, 0.1613538623991711, 0.1445984877254088, 0.12233073692904745, 0.14442091607226812, 0.12921223791481476, 0.14001370844014452], [0.15762108345469097, 0.16128813946210946, 0.145197911499066, 0.12222965445598984, 0.14450899024107566, 0.12905196675341085, 0.14010225413365723], [0.15326032266293146, 0.16130796204649953, 0.14481887801113444, 0.12432217310161466, 0.14587563026557265, 0.13160717696498805, 0.13880785694725922], [0.1568654478541117, 0.16437991153412917, 0.14263068554481678, 0.1247732414309137, 0.14055180211143256, 0.12669559520601942, 0.14410331631857654], [0.15697041761127284, 0.16531798003803733, 0.14234328741143681, 0.12442718772857835, 0.14063252078669797, 0.1266317587229774, 0.1436768477009994], [0.1568279147715561, 0.16295626162894544, 0.14308414882539405, 0.12560597666774212, 0.13928822450312026, 0.12560001060918294, 0.1466374629940588], [0.1580877879315373, 0.1641451329848015, 0.1426041573131774, 0.12447451157715395, 0.13951672951144134, 0.12568531761235313, 0.14548636306953552], [0.16130416328222388, 0.16207050712871973, 0.14305776613539378, 0.12177754893881665, 0.14086844840602963, 0.12779870868750157, 0.14312285742131486], [0.16038148068484828, 0.16666666666666666, 0.14185274604301965, 0.12131218622255167, 0.13843424587636685, 0.1255527010533686, 0.14579997345317822], [0.16389928223406236, 0.16070708671527487, 0.1401992808987148, 0.12178199217086128, 0.14124928478199172, 0.1314293729187787, 0.14073370028031612], [0.1616841291243254, 0.15922052540801318, 0.14113585855506797, 0.12241919137399948, 0.14145453811228617, 0.13287111960501038, 0.14121463782129748], [0.16429785696539384, 0.1598640870653645, 0.1407916576888351, 0.12113490793993896, 0.14207020632954773, 0.1318542987947314, 0.13998698521618846], [0.16666666666666666, 0.1604210359173126, 0.14137495806452602, 0.1200068987801739, 0.14134015174954825, 0.1297510964577766, 0.1404391923639958], [0.16178768056606666, 0.15786108349100128, 0.14106494411182835, 0.12202927821547331, 0.1438992146082516, 0.13440070573349905, 0.1389570932738799], [0.16160418737918666, 0.15791078230499875, 0.1412130063837896, 0.12195716102531014, 0.1440257041027248, 0.13441282345552144, 0.13887633534846852], [0.16215637525709303, 0.1578136854154468, 0.14122974048963935, 0.12188626487761738, 0.14391868342947786, 0.13403349969447909, 0.1389617508362465], [0.16166757310913696, 0.1570366101182669, 0.14110616553050678, 0.1215866617955518, 0.14456259172972816, 0.13602547208010965, 0.1380149256366997], [0.1536218983829176, 0.16666666666666669, 0.14381025699183786, 0.126197396254074, 0.13587958047095913, 0.12219093779896119, 0.15163326343458364], [0.15970316457897338, 0.16121997624810247, 0.14162570487625079, 0.12559324775615266, 0.13858650109032292, 0.1260250058416444, 0.14724639960855343], [0.1550304665661997, 0.16259493111159665, 0.14339080577680152, 0.1270671610807424, 0.13949140011914285, 0.12525846364612364, 0.1471667716993934], [0.15600273073707047, 0.16267759040339083, 0.1435564399321497, 0.1263491205511519, 0.13918689545475785, 0.12466889316810474, 0.14755832975337446], [0.15499240679613135, 0.16281169861082856, 0.1432862886767639, 0.12707188841709216, 0.13968422977539363, 0.12539069528770672, 0.14676279243608367], [0.15524178538037406, 0.1631238832310758, 0.1431990888122757, 0.12670257278705016, 0.13976432793681973, 0.1255450581828275, 0.14642328366957677], [0.15751192089169616, 0.16212008685108642, 0.14276250744225394, 0.1263009975096373, 0.1387729068596066, 0.12457896880594087, 0.1479526116397787], [0.15620650270527414, 0.16369115605132495, 0.14274783804671767, 0.12608853728636477, 0.1395294959027724, 0.12533331822792726, 0.14640315177961874], [0.15692923108244716, 0.16095826987565562, 0.14478282004204573, 0.12515906869711843, 0.1394859503797254, 0.12526719190638455, 0.14741746801662298], [0.15493871890416774, 0.1619825793165285, 0.14314978467719006, 0.12759689396101626, 0.13988379048971536, 0.12554019920067172, 0.14690803345071057], [0.15493233909275964, 0.16099130294274377, 0.14322007961239652, 0.12812433001880272, 0.13977709523815562, 0.12542119570543991, 0.1475336573897019], [0.15514664786383867, 0.1626152730361039, 0.14407771389160673, 0.12639708232214175, 0.1397960859447422, 0.1251855319751856, 0.1467816649663812], [0.1571099250082181, 0.16370518718675087, 0.1430235291586797, 0.12540480537508975, 0.13935208552830583, 0.12503376479601913, 0.14637070294693663], [0.15607610982358947, 0.1636840046178563, 0.14302679771563387, 0.12613095596666563, 0.13959621438619396, 0.12509383760623569, 0.14639207988382527], [0.15057694355420367, 0.16666666666666669, 0.14429439093764254, 0.1300647182808689, 0.13572563923016392, 0.11943264188491481, 0.1532389994455395], [0.15790289576663552, 0.1638135887174782, 0.1431465230580036, 0.1244063068967644, 0.13956002796044617, 0.12523000427504524, 0.14594065332562686], [0.1557649867460082, 0.16289582361485683, 0.14428215467565841, 0.1251260313553796, 0.14031099191407664, 0.12590183400286425, 0.145718177691156], [0.15706852549585984, 0.16310993847605654, 0.14327737691422257, 0.12572213673960841, 0.13928264085282052, 0.1245799957169736, 0.1469593858044585], [0.15633239510632152, 0.16425746015142884, 0.14290321103985063, 0.12552470438589278, 0.13983593594571395, 0.12543969632269883, 0.14570659704809344], [0.15411805642867762, 0.1614841226060171, 0.14344674470901544, 0.12757398126974343, 0.1409554917856513, 0.12698235306872205, 0.14543925013217296], [0.1603554511618701, 0.1618672421219312, 0.14066807123549052, 0.12436214941809677, 0.1409322515044049, 0.1290466584184277, 0.14276817613977882], [0.1563624577318299, 0.16429803903296947, 0.14323454530892865, 0.12461512636818228, 0.1406986632236629, 0.12642840886776147, 0.14436275946666524], [0.1566104755345019, 0.16244254273169925, 0.14469823961308745, 0.1234339933987515, 0.1416509276061993, 0.1274663894011477, 0.143697431714613], [0.15654419409912018, 0.1637741574645717, 0.14430372156058327, 0.12412078612403064, 0.14069698925493052, 0.12581470368478326, 0.14474544781198054], [0.15483787907238009, 0.16296100032137043, 0.1435037798060117, 0.1261824691146154, 0.14132474074301854, 0.12697566561359902, 0.14421446532900492], [0.16035413607621238, 0.16254513215183383, 0.14252399333185828, 0.12364136151457736, 0.1402745893023134, 0.12618443386796527, 0.14447635375523954], [0.16093288283814738, 0.1616146421618411, 0.14094413593646418, 0.12357422768243788, 0.14163271200381092, 0.1295895568581872, 0.14171184251911118], [0.15426483375523903, 0.16094811706544873, 0.14292803774676993, 0.12578529104324684, 0.14396528784515825, 0.13145774223594608, 0.14065069030819113], [0.15429638868395246, 0.16175120724224726, 0.14471462683998146, 0.12583477573084717, 0.14325968527846858, 0.12774497299957419, 0.14239834322492892], [0.15700116824058277, 0.16273085752665295, 0.14424728885072005, 0.12337255207684358, 0.1431279563232882, 0.12779789202596348, 0.1417222849559488], [0.15515383745159117, 0.16199592533625218, 0.14485829911768988, 0.12399237604075922, 0.14410662057864596, 0.12890987003976356, 0.14098307143529817], [0.15443528917370036, 0.16666666666666666, 0.1427078745514167, 0.12319210562677935, 0.14497782044727694, 0.13002816564617434, 0.13799207788798562], [0.15399005924674003, 0.1593870900655812, 0.14477169326999315, 0.1231581506241412, 0.14695198611089505, 0.13418475211014022, 0.1375562685725091], [0.15392974383111857, 0.15093291987598173, 0.1409443948614217, 0.1258428167770192, 0.1469132844786698, 0.14516818182619473, 0.1362686583495943], [0.15715354090299366, 0.15364578382581728, 0.14245269478137423, 0.12292395552171045, 0.14711366157936706, 0.14021367419158087, 0.13649668919715655], [0.14194112092025432, 0.1454633866922628, 0.1418389176735325, 0.1297883794591872, 0.15469570723140866, 0.15723709603175115, 0.12903539199160338], [0.1426880345467968, 0.14421495832814699, 0.1418615319557447, 0.13559353209337507, 0.14831191854054857, 0.15115089527248898, 0.13617912926289882], [0.1426931443024565, 0.14274163327542294, 0.14097184394932769, 0.13294202309770237, 0.14931475751200318, 0.15878146469539006, 0.13255513316769738], [0.144432636953997, 0.14484786702594085, 0.1499036320310437, 0.12365069041462284, 0.15892728831895636, 0.14870957979005564, 0.12952830546538355], [0.1441669277650531, 0.14715172645663258, 0.15048418825027265, 0.12445850699294923, 0.157072973350841, 0.14588563428873827, 0.13078004289551323], [0.14224575252621652, 0.14457445323135856, 0.14158653253158177, 0.12923484544135913, 0.15234481244528064, 0.16011066615911446, 0.12990293766508887], [0.14226455649798367, 0.14446733343071047, 0.14137302950594255, 0.12993536402772343, 0.15174944184396297, 0.15986000119599494, 0.13035027349768186], [0.1418565589687535, 0.14280263852306901, 0.14109933718056222, 0.1267804238990601, 0.15279151009198094, 0.16666666666666666, 0.1280028646699076], [0.15852922841584768, 0.16291657772041063, 0.14217285324663914, 0.12519022761079437, 0.1389442137318603, 0.12561731820971814, 0.14662958106472956], [0.15902902789427825, 0.1631073208369372, 0.14097107407932835, 0.12526955356115632, 0.13926235359195574, 0.1268760226203061, 0.1454846474160379], [0.15917569693329517, 0.16253340962782345, 0.14181595166533803, 0.1250920732990829, 0.13889976764112502, 0.12587966490620026, 0.14660343592713523], [0.15895848420363032, 0.1626022731460412, 0.14150351671317432, 0.12543374257558257, 0.13897493535994812, 0.12605609619616495, 0.14647095180545855], [0.15693665825350672, 0.1596812783230455, 0.14309902079368814, 0.12767439422388915, 0.1382279159012305, 0.12432476226613387, 0.1500559702385061], [0.157096296220729, 0.16255071016881545, 0.142689549459071, 0.12631340566311927, 0.13895884524321095, 0.12488583194678164, 0.14750536129827263], [0.15731261226471246, 0.16187398591221705, 0.14316764901711723, 0.12626765569828505, 0.13873841717207916, 0.1244164864474212, 0.14822319348816793], [0.15935628740472715, 0.16345219989146245, 0.14160783354793127, 0.12467334313062207, 0.1393384448199873, 0.1260623233196338, 0.14550956788563582], [0.15555354368164503, 0.16314139744990908, 0.1430771764912683, 0.12651290239484692, 0.1398698322244032, 0.12559805268982635, 0.14624709506810105], [0.15683000952530404, 0.16402109943947754, 0.14314044898046024, 0.12521023572023732, 0.13954670669865576, 0.1250766428265104, 0.14617485680935477], [0.15684500261672768, 0.16187475727142733, 0.1436463103323664, 0.12625714990981007, 0.13910085321367918, 0.124310820795568, 0.14796510586042133], [0.1589050324253682, 0.1650126683394064, 0.14190782657083126, 0.12362943207095299, 0.13999754614521193, 0.12654998121585825, 0.14399751323237103], [0.1584861861082362, 0.16369805276352187, 0.14170573854183163, 0.12475619716115086, 0.14019750376546142, 0.12671890589472506, 0.14443741576507288], [0.15842554340908782, 0.1652604090950423, 0.14170216900700244, 0.12378745788457378, 0.14047974762211088, 0.12700246445670874, 0.14334220852547394], [0.15743163516507813, 0.15503452177601096, 0.1463068237677901, 0.12200527252490816, 0.14820829345130718, 0.13381855031154136, 0.13719490300336412], [0.15571147957502857, 0.15645047179816216, 0.1476722749599506, 0.1221650874202448, 0.14822479165709246, 0.1317739662311385, 0.13800192835838276], [0.15097938258761354, 0.15009814169397903, 0.14845159697985416, 0.12299737398753692, 0.15386793890465938, 0.1402408120320356, 0.1333647538143215], [0.14835363314628866, 0.14896905128341983, 0.147630308765422, 0.12172867759457297, 0.15807739123695877, 0.14526722011348797, 0.1299737178598498], [0.14311145275220488, 0.14305653178692032, 0.14348306334339012, 0.12757205031638655, 0.15436310532868044, 0.15900106184387094, 0.12941273462854674], [0.15841395000982003, 0.16236927557259145, 0.14173867037202648, 0.12578008312829528, 0.13866625780713585, 0.12590401546359067, 0.14712774764654027], [0.15896665607042973, 0.16100495232498654, 0.14166710617345563, 0.12633119203819454, 0.13812505085329374, 0.12548116576046026, 0.14842387677917962], [0.1576516156045382, 0.1634607221244274, 0.14232417946274667, 0.12527167155133295, 0.13907102170005717, 0.12573496101605533, 0.14648582854084233], [0.15936929999161653, 0.16256767347571505, 0.1412898520060505, 0.12511511002583903, 0.13929527092835833, 0.12668368726415344, 0.1456791063082672], [0.15718817372506616, 0.1641434060989798, 0.14203164155304365, 0.12485825104323821, 0.14018792434987232, 0.12726777336677608, 0.1443228298630237], [0.15594906467461264, 0.16368907124920498, 0.1426841154560534, 0.1261035958225101, 0.1398717885461197, 0.12587483570014132, 0.14582752855135767], [0.1541835594854908, 0.1620547538098156, 0.1435574049104117, 0.12740232038596297, 0.1403769592722152, 0.12637384968266868, 0.14605115245343508], [0.15497054244525987, 0.16279000653230283, 0.14324730566344487, 0.1268653551902403, 0.14007028983986675, 0.1258945391837014, 0.14616196114518412], [0.1572463061736095, 0.1629343102206471, 0.14292266927675823, 0.1259536241369216, 0.13919051284744924, 0.1246561597775118, 0.14709641756710268], [0.1581678721297571, 0.16467652972270846, 0.1422404090431116, 0.12404186671628092, 0.1399547985860584, 0.12639709404009847, 0.14452142976198507], [0.1559292877620345, 0.16392347468936344, 0.142733977519491, 0.12581061847344957, 0.14033153037470789, 0.1262373054215297, 0.14503380575942396], [0.156302731393681, 0.16313736750846577, 0.1430351946102345, 0.1261444265231851, 0.13996477093954646, 0.12533622867217764, 0.1460792803527094], [0.15768802074978697, 0.16356266288468235, 0.14334478999660075, 0.12319353972100662, 0.14255649628537256, 0.1281334728853892, 0.14152101747716153], [0.1586423734788979, 0.16342360431303904, 0.14133088005642958, 0.12463371666402284, 0.14064741304498748, 0.12784218291997865, 0.1434798295226445], [0.16026015663905074, 0.16216642001727066, 0.14341574829907605, 0.12224141450760165, 0.14060896454019775, 0.12745594747314243, 0.14385134852366063], [0.15837509611582384, 0.16457140062163278, 0.14269936623143056, 0.12411013175901349, 0.13968830519135755, 0.12536457381612692, 0.14519112626461486], [0.15853052505983914, 0.16501001304638102, 0.14242150447590238, 0.12383998768456139, 0.13991040918703423, 0.12574404823443874, 0.14454351231184306], [0.15562347933409437, 0.16171229223757633, 0.14175335939809824, 0.12656030943974217, 0.14177103462537527, 0.1293433801543844, 0.1432361448107293], [0.1578039816731644, 0.16290060326051783, 0.14289659380608286, 0.12518651745429274, 0.14012449351826647, 0.12557800273877057, 0.14550980754890505], [0.1618341353720705, 0.16004109792873691, 0.14139478029649552, 0.12231753547944488, 0.14078466836903344, 0.13157596068912503, 0.14205182186509377], [0.15993831602071246, 0.16060805554457086, 0.14339506041541666, 0.12199119765280476, 0.14199779277438937, 0.13009922667521995, 0.14197035091688606], [0.15827825011046992, 0.1641565451105735, 0.14314845623284705, 0.12406368507783026, 0.1399351928801453, 0.12535423104401763, 0.14506363954411633], [0.15896110132549174, 0.1640274541849726, 0.14145665964962081, 0.1239237992751016, 0.14105015882840627, 0.1278624886831535, 0.14271833805325335], [0.15762114688450635, 0.16540938065791208, 0.14286259563797565, 0.12326432251177158, 0.14116797439159876, 0.1268949538644449, 0.1427796260517907], [0.15975615481137767, 0.16401520555422647, 0.14299492308630812, 0.1227647378930413, 0.14076074121017873, 0.12633424267664423, 0.14337399476822352], [0.16268582884503818, 0.15938149534624627, 0.1412664557978795, 0.12169521038457154, 0.1418210785852807, 0.13258426195532624, 0.14056566908565749], [0.16121671022414685, 0.16085360185339498, 0.14253490073151687, 0.12383309090656482, 0.1405946268300799, 0.12674713886925948, 0.14421993058503707], [0.16088469688793483, 0.16070468986487826, 0.14260827387259561, 0.12403956665417724, 0.140709990901125, 0.12681342162413556, 0.14423936019515354], [0.16133004842486534, 0.1608992025774849, 0.14245765717193368, 0.12324245118566922, 0.14159343576323702, 0.1277894721735686, 0.14268773270324112], [0.16112791685660083, 0.1608155369495917, 0.1431550287496238, 0.12177178837867744, 0.14148086444467406, 0.12906609984379144, 0.14258276477704082], [0.16141130140841783, 0.16033271811332248, 0.141326729894414, 0.12352336413733803, 0.13997038378958115, 0.1297902181027866, 0.14364528455414], [0.14405337786577885, 0.15107725710608164, 0.14278488106659085, 0.14243171230583582, 0.13596007185366143, 0.125488109141298, 0.15820459066075349], [0.15171926603786748, 0.15846442995940155, 0.14594420908775224, 0.12218931165550188, 0.15224222728315273, 0.13606741644024636, 0.13337313953607782], [0.14833641040735548, 0.15389570539248848, 0.14202007261158933, 0.12471005690577568, 0.15349082922040455, 0.1465025119622763, 0.13104441350011012], [0.14652840333877526, 0.15263402673494214, 0.1420457079710255, 0.12678044639453373, 0.15309256050145473, 0.14757510908911994, 0.13134374597014886], [0.1424686055500807, 0.1476480261467432, 0.14749315489774084, 0.12432869627584243, 0.16157168966763932, 0.14861817746637698, 0.12787164999557668], [0.14263409090683646, 0.14957769679566676, 0.15115715075189337, 0.12750431377108937, 0.15803565571047223, 0.13999123555847545, 0.13109985650556638], [0.14225442437384925, 0.14640590929737066, 0.14857266001656622, 0.12258397821390421, 0.16666666666666669, 0.14676675889839058, 0.1267496025332525], [0.14302342138561808, 0.14482668041972066, 0.14595513311981811, 0.12449894720350978, 0.16022171073554084, 0.1538827634724557, 0.12759134366333685], [0.13789572871916342, 0.14328776687385072, 0.1399877002355327, 0.16666666666666666, 0.138466785401097, 0.130072192916297, 0.1436231591873924], [0.13799226531583236, 0.143477436979557, 0.14022526313819642, 0.1658523235386648, 0.1386478754679246, 0.13009976315798225, 0.1437050724018425], [0.14292381454835731, 0.1445889916637126, 0.14517309786717525, 0.12471737198088374, 0.15935751080398247, 0.15575757716543664, 0.1274816359704519], [0.1505890896499299, 0.15623610319592157, 0.1472813101661052, 0.12535571160254125, 0.15052643774559618, 0.1337476980134068, 0.13626364962649926], [0.14405754745507257, 0.14848152297825132, 0.1482924415659053, 0.12183028077191059, 0.16245368799721335, 0.14709383423950317, 0.12779068499214377], [0.15815827623952822, 0.15566854798007754, 0.14830698896882719, 0.12015787343726922, 0.1473195697474204, 0.13216793645565683, 0.1382208071712206], [0.15775937533394532, 0.15597776723614407, 0.14758974572489655, 0.11949623094457035, 0.1485194948832885, 0.13405379286762859, 0.13660359300952676], [0.15642425220424067, 0.1552226155544833, 0.1504142570281827, 0.12118897683619553, 0.1463051087724829, 0.1304964128743465, 0.13994837673006832], [0.15624938597360105, 0.1547296807772843, 0.1505707818069703, 0.12081187459276056, 0.1475874739706022, 0.13112364667864723, 0.13892715620013443], [0.14841523602224516, 0.15227865000433205, 0.1535003281700316, 0.12817028660807028, 0.14449692364785066, 0.1291165741555976, 0.14402200139187257], [0.1482032836038469, 0.14708632956422044, 0.15607422974625593, 0.12351012744156663, 0.15282057904774402, 0.13699116978242779, 0.13531428081393818], [0.14387176727748793, 0.1458283789004892, 0.15331758079390842, 0.12321486118934737, 0.16013824333819981, 0.1436285276335155, 0.1300006408670517], [0.14470829211167993, 0.14547255406566256, 0.15105196944914054, 0.12392128758815554, 0.15733548332762637, 0.14685520013523026, 0.1306552133225047], [0.14385758887386635, 0.1473059931125722, 0.15173316848161308, 0.13509330335704567, 0.14385343231884054, 0.1342434221940305, 0.14391309166203156], [0.1459712208561068, 0.15639247133855377, 0.14353598689397032, 0.13789852344947215, 0.13553394793891776, 0.12228515879394154, 0.15838269072903766], [0.145558162161732, 0.1554720304872722, 0.14201036557808114, 0.13658941614045397, 0.1333372780062685, 0.1203660809595255, 0.16666666666666666], [0.1609776361686602, 0.1624201215092818, 0.142615545527396, 0.12289615164168913, 0.14112928998588797, 0.1270572264461435, 0.1429040287209414], [0.15192930176041455, 0.15182682227018218, 0.14531901662255148, 0.130231798567835, 0.144286798699576, 0.13434233354036998, 0.14206392853907093], [0.14888409899187127, 0.15155131121206616, 0.14802198227498692, 0.130818833780442, 0.14147376402419143, 0.13140181475663015, 0.14784819495981213], [0.15188848633930951, 0.153799934234345, 0.1540269038328492, 0.1228183656338678, 0.14662289578868606, 0.12881387539199152, 0.14202953877895097], [0.14314167633999472, 0.1451105827235909, 0.16666666666666669, 0.12642195332364914, 0.14920628268538513, 0.13128179834102488, 0.1381710399196887], [0.14314714915504168, 0.14682733953854668, 0.1618961043769918, 0.12688216376348724, 0.15152527841440733, 0.13299147727853539, 0.13673048747299002], [0.14379297893133433, 0.14566146006058442, 0.16100346410307836, 0.1282837179576359, 0.14800389960535007, 0.1319632958307801, 0.14129118351123682], [0.1437186261638153, 0.14579997675553646, 0.1610389296448481, 0.1280830580490829, 0.14838890765073273, 0.13208720362336204, 0.14088329811262248], [0.14312276020605663, 0.1468727167362803, 0.16199358850459813, 0.12661008096678625, 0.151672390767277, 0.1329829136468467, 0.1367455491721548], [0.1432205919957299, 0.14735995568485552, 0.15982362466632838, 0.1258948720422129, 0.1535064964527472, 0.1346761523993594, 0.13551830675876686], [0.1433329304419862, 0.1455274918591279, 0.16521643279029122, 0.1259659176338055, 0.15033075331628598, 0.13221919716566266, 0.1374072767928405], [0.1432888743164207, 0.14616233632730263, 0.1629490922560338, 0.12649111539442012, 0.15122282814067964, 0.13278360522036498, 0.13710214834477816], [0.1433452408797728, 0.14534178121678112, 0.16475772124011187, 0.12720212339862444, 0.14924223177478818, 0.13165758242650286, 0.1384533190634188], [0.14332935774595543, 0.14650788336142756, 0.16363915891416822, 0.1281038018458542, 0.14759127722735596, 0.13064763476612837, 0.1401808861391104], [0.14198244297436174, 0.14894349742936525, 0.14699043449578922, 0.13867222254744202, 0.14884230990495467, 0.13715722849762838, 0.13741186415045872], [0.14321034746812641, 0.1463099479642299, 0.16360644901853263, 0.1280633956974986, 0.1482686860869094, 0.13092712326038478, 0.1396140505043183], [0.14365126360370123, 0.14619959365902835, 0.16028592853592918, 0.1290636083252965, 0.14706524809541002, 0.13135869417834053, 0.142375663602294], [0.14332710785591934, 0.14536666465969322, 0.16566682646823142, 0.12669303365223733, 0.14898158843629888, 0.13137391278867083, 0.138590866138949], [0.14401816883747695, 0.1455321926952905, 0.16077228746170275, 0.12807882130184314, 0.14809864420624558, 0.13243378749754647, 0.1410660979998947], [0.1439170036253474, 0.14540812839413997, 0.1617959622551303, 0.1276066626195548, 0.14851593994947498, 0.13238030820170948, 0.14037599495464317], [0.1417914689359899, 0.14800868663872324, 0.15114851853919323, 0.13919839694976158, 0.14153596175931496, 0.12857321587481974, 0.1497437513021974], [0.14355367386964943, 0.14608030846232603, 0.160963999368093, 0.12609889615627487, 0.1527231447040718, 0.13464445684578627, 0.13593552059379863], [0.14339182457760205, 0.14620557665935444, 0.15975030466907247, 0.12785599670254638, 0.15101373099703372, 0.13361756631111046, 0.13816500008328056], [0.1436948348216825, 0.14601018887734107, 0.16092003199259994, 0.12864241396688678, 0.14736526932733554, 0.1315346004303063, 0.14183266058384789], [0.14362657065053733, 0.14620286212514136, 0.16034108539849828, 0.128387649691368, 0.14832306111590784, 0.13203500831221546, 0.1410837627063318], [0.14362766069090258, 0.14630672801358122, 0.16042264375923992, 0.12812324673035153, 0.14859609007698546, 0.13229725517529323, 0.14062637555364604], [0.14359282858286543, 0.1463944621923735, 0.1601151704690295, 0.12795703271598852, 0.14898398776603214, 0.13256831156273619, 0.14038820671097457]]