[[0.16666666666666666, 0.14383393860744892, 0.14489991674445607, 0.12461533340833597, 0.14526807191929134, 0.14555777294392974, 0.12915829970987128], [0.16666666666666666, 0.14061050041730788, 0.1454590284020402, 0.12468514893795, 0.15134381095208704, 0.14791657469320915, 0.12331826993073905], [0.16393133461467213, 0.14191656565329913, 0.14520170486324513, 0.1251327847547452, 0.15234342984232202, 0.1474649158273188, 0.1240092644443976], [0.16421207636249763, 0.14411260949485402, 0.14492263276917688, 0.12539486323443294, 0.1492191744574805, 0.1461647258371211, 0.12597391784443712], [0.16372578217863257, 0.14365184961876767, 0.1448967576852277, 0.1250561519265454, 0.15140163877832497, 0.14577594747769954, 0.12549187233480208], [0.16290038098230092, 0.1448896425845533, 0.14399531116284073, 0.12651340739067607, 0.14994574028370666, 0.14587600075561483, 0.12587951684030757], [0.16396208935716322, 0.14388892589680172, 0.14508014934064753, 0.12475662428054185, 0.15127789401791325, 0.14523714407502059, 0.12579717303191182], [0.16374788125943043, 0.14461347290366017, 0.1448333955502053, 0.12463112484143982, 0.1512979194620737, 0.1444160407618787, 0.12646016522131195], [0.16666666666666669, 0.14139279831870974, 0.14669524182866334, 0.12488483898368781, 0.1480892870039308, 0.14730977317333177, 0.12496139402500998], [0.1652481723494823, 0.14537527575423423, 0.14473481034763636, 0.12434999257628815, 0.1498136679880569, 0.14411499674365147, 0.1263630842406506], [0.16259189499782845, 0.1452735312137471, 0.14406866731528112, 0.1263021334224131, 0.15073664599204042, 0.1449992694687723, 0.1260278575899175], [0.1646173615948326, 0.14657896292314163, 0.14443548772141176, 0.12452256378591015, 0.1490231995703693, 0.14329039955060835, 0.1275320248537263], [0.16277870019631935, 0.14471201287163216, 0.1442976968764245, 0.12599353689504433, 0.15146822741870328, 0.14501515095290987, 0.12573467478896672], [0.1640544376767515, 0.14590126543512477, 0.14457130235187296, 0.12449097163019697, 0.15045070533026317, 0.14359139674731827, 0.12693992082847247], [0.1633288846449587, 0.14706995698187, 0.1441699327598289, 0.12487192731598336, 0.14981474442555326, 0.14287563646911794, 0.1278689174026878], [0.16398430403476869, 0.14608210582376113, 0.14446077074733896, 0.12460757850095232, 0.15040095970760542, 0.14341178353003245, 0.12705249765554102], [0.16358218232385943, 0.1475478036667999, 0.14440415345456858, 0.12455937654537953, 0.1488111407170424, 0.14247243122121997, 0.1286229120711303], [0.164439162115272, 0.14324838474636578, 0.1479743377674349, 0.1245355618092887, 0.14454991611020288, 0.1443707414597468, 0.13088189599168887], [0.16666666666666666, 0.14407093434678497, 0.14759498813488542, 0.12220007775661064, 0.14721451989427992, 0.14382393856061235, 0.12842887464016006], [0.1641045496099734, 0.14553206592733278, 0.145242972812361, 0.12487896502719313, 0.14910203978091932, 0.14476325846757954, 0.12637614837464084], [0.16434567456641883, 0.14641798686825153, 0.14482370069040193, 0.12474151928792422, 0.14857489381797973, 0.14393887618604137, 0.12715734858298233], [0.16666666666666666, 0.14189169702696058, 0.14833922190268528, 0.12278030265720144, 0.14686638846419675, 0.14324749889553426, 0.13020822438675497], [0.16444085363523456, 0.14719007338941062, 0.14474120125346163, 0.12444365182471703, 0.14806796587095916, 0.1430191824677554, 0.12809707155846167], [0.1647074273670555, 0.14671633397041411, 0.14463959074371546, 0.12437685688328814, 0.1491222882471256, 0.14304759252189322, 0.12738991026650803], [0.16467838820808267, 0.1445117387590678, 0.1460150816246773, 0.12371236615864149, 0.15034288522725925, 0.14435860817179055, 0.1263809318504808], [0.16550994161761806, 0.1459047213623333, 0.14484468963460154, 0.12411765773132073, 0.1494794112911612, 0.14329612565683061, 0.1268474527061346], [0.16497104301365148, 0.14484135575703055, 0.14562341864614972, 0.12448784044976274, 0.14916475763352613, 0.14483837975246502, 0.1260732047474144], [0.16501571029747714, 0.14596871261375532, 0.14474121423407899, 0.12423158370509461, 0.14988335455185595, 0.14351084419724053, 0.1266485804004975], [0.16397077210702232, 0.14733500484726478, 0.1442098293658006, 0.1247371099770616, 0.14926537525650377, 0.14275900605783365, 0.12772290238851322], [0.16666666666666666, 0.14532846723948303, 0.14509248537178285, 0.12372999378129322, 0.1493580183604996, 0.1436374459543336, 0.12618692262594103], [0.16361833029028275, 0.14768683013854608, 0.1445423449880227, 0.12453955170503711, 0.14884565080271797, 0.14241318758988208, 0.12835410448551135], [0.16386792075489423, 0.146668357853402, 0.14483581164954315, 0.12404188006220299, 0.15030483417624907, 0.14256830579701957, 0.12771288970668887], [0.16462229183235216, 0.14651502220041848, 0.14484324036453292, 0.12424344725601924, 0.1492293654656564, 0.14323240430239342, 0.12731422857862731], [0.1631062341870373, 0.14746270300389347, 0.1443162866375352, 0.12474754528138014, 0.15007972113965598, 0.1423056571139031, 0.12798185263659487], [0.1639345887652285, 0.14781888172100668, 0.14480437095812132, 0.12423156083473778, 0.14845362746592317, 0.14234346600455894, 0.12841350425042355], [0.16509864055371937, 0.14521123416423037, 0.14608697157210165, 0.12364889640264133, 0.14943631600476823, 0.14379495655506028, 0.12672298474747878], [0.16666666666666666, 0.14329229653593006, 0.14737294402238596, 0.12414141510974372, 0.1459906669568037, 0.14532942643538593, 0.12720658427308393], [0.1643309275104212, 0.14736875074569528, 0.14480859411043265, 0.12437374468658333, 0.14871158519000813, 0.14257337680267856, 0.1278330209541809], [0.16541944757563953, 0.1449287105896868, 0.1481107394742192, 0.12267579516440892, 0.14461111458038958, 0.14145897093255277, 0.13279522168310312], [0.16541944757563953, 0.1449287105896868, 0.1481107394742192, 0.12267579516440892, 0.14461111458038958, 0.14145897093255277, 0.13279522168310312], [0.16402208892524825, 0.1476081595116163, 0.14498089887649326, 0.12405007963210322, 0.14880322646021632, 0.1420258248048813, 0.12850972178944142], [0.16365148842380375, 0.14745552790445332, 0.1448357607098722, 0.12413618593400959, 0.14970128963454601, 0.14211009153882231, 0.12810965585449272], [0.1653629606507568, 0.14551289318444754, 0.14602089113504169, 0.1236497482246734, 0.14934831314902014, 0.1435411687863049, 0.12656402486975551], [0.16473279984514513, 0.1469667661856365, 0.14751527475512252, 0.1226971045801278, 0.14380851497636313, 0.1407379549180871, 0.1335415847395178], [0.1635337345956752, 0.14782656493036786, 0.14506728298670646, 0.12427540182242178, 0.1485927462020691, 0.1421061707695079, 0.12859809869325176], [0.1638080394009088, 0.14587052506575424, 0.14734310732733932, 0.12441464475118047, 0.1458939219486079, 0.14373439088428097, 0.1289353706219282], [0.16407200934478958, 0.1467033775752081, 0.14654914787055234, 0.12336767583958276, 0.14871493621605752, 0.14246234099440214, 0.12813051215940768], [0.1648224044865205, 0.14629194333274406, 0.14843983114753448, 0.1223858712753758, 0.1434891595391925, 0.14049596473050965, 0.1340748254881232], [0.16448742769948235, 0.14974258214228311, 0.14684654625635493, 0.1218643518583647, 0.14323730390528108, 0.13873310680302725, 0.13508868133520663], [0.1637720644528858, 0.1453970526877815, 0.14775003878766288, 0.12418091412135306, 0.1467863292474713, 0.1437330582517917, 0.12838054245105385], [0.16666666666666666, 0.1476006217876791, 0.14760107121395075, 0.12151114660884049, 0.14278652829774768, 0.1387499489621407, 0.13508401646297463], [0.16173754696502596, 0.14801475788297813, 0.14742343199447247, 0.12396838835271691, 0.14686948105199077, 0.14200832926815152, 0.12997806448466429], [0.16123974910371905, 0.14732253141609233, 0.1492175358355275, 0.12245843118945157, 0.14999394850390368, 0.1407119660267269, 0.12905583792457898], [0.16239945199320918, 0.14846539972885148, 0.1483657424789039, 0.12232718207156197, 0.14922141750661833, 0.1400115714043674, 0.12920923481648794], [0.16278822475437432, 0.1479920543397494, 0.14853783368011025, 0.12190456710461207, 0.1500926136465315, 0.13990791715910278, 0.12877678931551975], [0.16666666666666669, 0.1500463895914678, 0.14528987817580538, 0.1216821718156937, 0.14982255148926504, 0.13707097719522074, 0.12942136506588076], [0.16437559711578517, 0.14534159361025228, 0.1448770758155004, 0.12469420115250367, 0.15003060440485852, 0.14406074607077896, 0.12662018183032103], [0.16531649141369892, 0.14589478961115745, 0.14467277924025004, 0.12438056554440749, 0.14949633184492964, 0.1436514724927625, 0.12658756985279393], [0.1634567250094234, 0.1429486370776784, 0.14500614934873834, 0.12541675671326605, 0.15121580626345757, 0.14654516242611362, 0.1254107631613226], [0.16416440067656068, 0.1438764065668676, 0.14540202331887822, 0.12479691275893026, 0.1501135827135622, 0.1456482072534984, 0.1259984667117027], [0.16666666666666669, 0.14482916460087575, 0.1469738396272904, 0.12165210845438292, 0.14913106122918487, 0.14305706537668042, 0.12769009404491902], [0.16666666666666669, 0.1430207292978326, 0.1469196284268359, 0.12335725277883178, 0.14588829527437736, 0.14674086784802515, 0.12740655970743056], [0.1632173132667888, 0.14729723480897525, 0.1471053380800252, 0.12353488068212105, 0.1442932678205311, 0.14174646464481583, 0.1328055006967429], [0.16394233450207385, 0.1452783214519403, 0.1483596904092005, 0.1234730650860049, 0.14344968930597415, 0.14182084696520728, 0.13367605227959903], [0.16362588426713492, 0.14790871874584585, 0.1475041542745232, 0.12249491413931277, 0.14478831409919016, 0.1407838912260736, 0.13289412324791955], [0.16333723219229904, 0.146761865484176, 0.1484687752975172, 0.12237816292936876, 0.14565472579861732, 0.14177208089634227, 0.13162715740167963], [0.16666666666666666, 0.14999101719387906, 0.14644476073785884, 0.12105599236925726, 0.1437914870057183, 0.13835290614457746, 0.13369716988204236], [0.16610508558007508, 0.1501390003694226, 0.14652413245614995, 0.12102999816137995, 0.14415779001429257, 0.1383000336693304, 0.13374395974934936], [0.16600336234489765, 0.1498498282730607, 0.14685009116241154, 0.12121398042600041, 0.1439933378870154, 0.13854581923666218, 0.133543580669952], [0.16388396125907503, 0.1502040286872831, 0.14770370982238581, 0.12137434250739954, 0.14307281982342349, 0.13787998072537602, 0.13588115717505692], [0.16666666666666666, 0.1370176172279554, 0.14589868100746514, 0.1267702960688338, 0.14898010178399, 0.15184608254001997, 0.12282055470506899], [0.16666666666666666, 0.14256385552627365, 0.14520510539801354, 0.12556057715223337, 0.14678016424342957, 0.14723095234679892, 0.1259926786665843], [0.1625526295098448, 0.14334606005248904, 0.14421048573523934, 0.1266557585001457, 0.15144261018874453, 0.1469641856571638, 0.12482827035637263], [0.1631981929158419, 0.14274651318968087, 0.1448834288758296, 0.12612898402023748, 0.15114930157609624, 0.1474539969403708, 0.12443958248194306], [0.1627713167656607, 0.14371302813257042, 0.144150709601909, 0.12665712228114234, 0.15119521111750367, 0.14655429390748947, 0.12495831819372437], [0.16308885427167655, 0.14390836769683618, 0.14420963578925589, 0.12630743132627795, 0.15112411001574205, 0.14622312900192597, 0.12513847189828536], [0.16364978614499937, 0.1426779984229961, 0.14519714757103766, 0.12649900956438517, 0.14914621746591192, 0.14804441263220428, 0.12478542819846547], [0.16368813764408635, 0.1441364232374197, 0.14439449664824494, 0.12604737416000283, 0.15005958318081794, 0.14638259613458113, 0.12529138899484707], [0.16502005623066784, 0.14124587779962047, 0.14620532871601774, 0.12410848531267378, 0.15227064804848306, 0.14693025870423526, 0.12421934518830183], [0.16195920635775346, 0.14446087034201194, 0.14412679654665353, 0.12740194110925732, 0.14990676136410847, 0.1468094405584168, 0.1253349837217983], [0.16099016216438142, 0.14433337847189656, 0.14433621799975746, 0.12811658280367771, 0.14928094186153426, 0.1475298115528443, 0.12541290514590825], [0.16256489056632462, 0.14308107427004235, 0.1448553396502588, 0.12589629634544536, 0.15239834148019987, 0.14653437833156296, 0.12466967935616612], [0.16371464412069073, 0.14322019495775629, 0.14528888531708975, 0.12553656745519753, 0.15063748209164637, 0.1464355143324097, 0.12516671172520966], [0.16367868975917027, 0.14390359551090434, 0.1446107297501409, 0.12605872466101287, 0.1503725498417483, 0.14635595223613868, 0.12501975824088457], [0.16666666666666666, 0.13634292953058802, 0.1442892328822621, 0.13011115983171115, 0.1498414005482736, 0.1532560368361005, 0.11949257370439788], [0.1638365165288922, 0.14379811220130406, 0.14565700130697842, 0.12474591821350645, 0.1502922444933025, 0.14610721103407723, 0.1255629962219391], [0.16364112282061982, 0.1436863209950051, 0.14517667721045144, 0.12441206528257397, 0.15252447951370432, 0.14535813239350998, 0.1252012017841354], [0.16313460072135896, 0.1431484585787597, 0.14550224325512803, 0.12600604486717318, 0.15024079367015777, 0.14709603549170489, 0.12487182341571745], [0.1642527240584529, 0.1443847362400302, 0.14462047533862335, 0.12544382623894235, 0.15027419396728667, 0.1456653930924062, 0.1253586510642582], [0.16234183313544404, 0.14563878896335908, 0.14374777491397417, 0.12675531609112137, 0.15037027558465418, 0.14499471308969436, 0.12615129822175286], [0.1619885796595069, 0.14762000098681569, 0.14541136503235189, 0.12543167888010276, 0.14617824960024894, 0.14337237023956712, 0.1299977556014067], [0.16428351122336607, 0.1454129240762345, 0.14488184023849818, 0.12435720622814249, 0.15065694783273487, 0.1442259600336926, 0.12618161036733117], [0.16666666666666666, 0.14507184578148, 0.14565540184036604, 0.12188759133589853, 0.1517784326221982, 0.1428758384698027, 0.12606422328358785], [0.163952623022688, 0.14432790454052152, 0.14585562654358375, 0.12379469456261372, 0.1519901229089453, 0.14457743332048767, 0.12550159510116002], [0.1633367631774962, 0.1458667056600343, 0.14436452694920857, 0.1254571579640681, 0.15089806719078439, 0.14381221376001677, 0.1262645652983918], [0.16266126621504043, 0.1452039991109118, 0.14680713715442748, 0.12485370208579755, 0.14804715938567453, 0.14510161873675445, 0.12732511731139376], [0.16175176509127512, 0.148185756171225, 0.14609742481480978, 0.12474385017028014, 0.14623612281450463, 0.1423891707045456, 0.13059591023335973], [0.16666666666666669, 0.1495004773159922, 0.1435511501878335, 0.12333949457880601, 0.14849666048591867, 0.13909424114212923, 0.12935130962265387], [0.16666666666666666, 0.1469596363190396, 0.14507831247873396, 0.12395906429452463, 0.15009578992813108, 0.14128351922886193, 0.125957011084042], [0.16378201027035794, 0.14755890515347164, 0.14679159053839025, 0.12313477444320435, 0.1495630138362016, 0.1415852867493343, 0.12758441900903994], [0.16666666666666669, 0.14798353946412898, 0.14589026666753052, 0.12216290513147039, 0.1501234059772465, 0.13988200122106448, 0.12729121487189254], [0.16666666666666666, 0.15145522615002222, 0.14549829751227503, 0.12280066259186923, 0.14614697973206453, 0.13773389315218054, 0.12969827419492172], [0.16666666666666669, 0.15085013934799313, 0.1460168455102422, 0.1199216643668208, 0.14938535665680316, 0.13539082116251747, 0.13176850628895662], [0.16666666666666666, 0.1481545205171146, 0.1468388606514161, 0.12180913097425672, 0.14022172247541295, 0.13326511961152138, 0.14304397910361152], [0.16666666666666666, 0.14852763057139812, 0.14958172641535386, 0.11987328694922031, 0.14258927911120128, 0.13439259917415888, 0.1383688111120009], [0.14880721690703858, 0.1540536075557921, 0.1439745217353288, 0.12712773565806085, 0.14315971107925368, 0.12632042268922256, 0.15655678437530354], [0.14635026056684755, 0.14839657461254468, 0.14256647077401982, 0.1338387185780402, 0.14411592597292774, 0.1344573865607192, 0.15027466293490074], [0.14823083143098517, 0.14811060855860245, 0.14340654374351475, 0.13060167576788323, 0.14122813808440426, 0.13018793731647668, 0.15823426509813338], [0.1541772366176403, 0.1576240655598326, 0.15460302328726555, 0.11640729220626705, 0.14822794012303206, 0.12327463037940053, 0.14568581182656204], [0.14984558310743698, 0.15622942512865653, 0.15143234420177012, 0.12074725451881525, 0.15006235383031494, 0.1276246264478745, 0.14405841276513154], [0.1469525400265429, 0.15223543416730534, 0.14375821854050774, 0.1272840063161599, 0.14201389713701087, 0.1279869175897416, 0.15976898622273156], [0.14667642162383768, 0.15190108806195302, 0.1434819269639424, 0.12807122588200773, 0.14184758680707593, 0.1285071922847292, 0.15951455837645412], [0.147775216383963, 0.15168530843830216, 0.14430564110538507, 0.1236004794082673, 0.1410463083053248, 0.12492037969209087, 0.16666666666666666], [0.16308325883288075, 0.14350244089030886, 0.14526786614944218, 0.12576563561890877, 0.14928643922672208, 0.14690755814707013, 0.12618680113466713], [0.16317037269529217, 0.14509234616119115, 0.1445748349792888, 0.1260028807051587, 0.14771879814821637, 0.14585987526445518, 0.12758089204639772], [0.16348561018294527, 0.1437551431064467, 0.14520097229209125, 0.12571465804890675, 0.1484492756729577, 0.14690388532372198, 0.12649045537293044], [0.16336296940501097, 0.1442621576118686, 0.14486647834819158, 0.12609222708988582, 0.14791805095816016, 0.1467934747839893, 0.12670464180289354], [0.16666666666666669, 0.14073130590685554, 0.14485960073147644, 0.12677525900176487, 0.14794584197666477, 0.1496729389021178, 0.12334838681445406], [0.1625892589733008, 0.14328357694550756, 0.14499172248910083, 0.1266913421086536, 0.14948214057445808, 0.14768482029272892, 0.12527713861625014], [0.1638893509070803, 0.14212174212243395, 0.14537183031292428, 0.12625452401747256, 0.1497426011499408, 0.14821719844529313, 0.12440275304485487], [0.16351824705702686, 0.14468594614183625, 0.1452856113254088, 0.12553617363600447, 0.14813312756831742, 0.14594427961351306, 0.12689661465789306], [0.16312191089255976, 0.14436651161521266, 0.144308721490882, 0.12629094526699017, 0.1504066499413224, 0.1461342222267554, 0.12537103856627746], [0.1640243274669993, 0.14372565226577363, 0.1450715551630946, 0.12526081939041367, 0.15059039602103483, 0.14619986019067524, 0.12512738950200872], [0.16339360910241166, 0.14248639145439532, 0.14555708695182468, 0.12625647148616512, 0.15003153942428793, 0.14796479188534645, 0.1243101096955686], [0.16503188630749366, 0.1452147508330762, 0.14529318184871026, 0.12412948590256359, 0.14905368586650894, 0.14426090833990235, 0.12701610090174514], [0.1637407187872172, 0.14610061050106704, 0.14497253493624188, 0.12535855002459054, 0.14777763294202953, 0.14475690283097012, 0.12729304997788343], [0.16527297288613016, 0.1462624441034658, 0.14493261363818133, 0.12417054945472425, 0.14845399343586985, 0.14355059397721182, 0.12735683250441684], [0.16666666666666666, 0.14765783216041736, 0.1529271768193966, 0.11927455164301921, 0.14627072883294848, 0.1353929180450346, 0.1318101258325171], [0.16666666666666666, 0.14751551863404364, 0.1523979003983207, 0.11937797144517441, 0.14824662504258354, 0.13620666734937814, 0.12958865046383286], [0.16666666666666669, 0.1516176749013718, 0.15562591282115987, 0.1153194673086732, 0.1476660097465573, 0.12750963312375535, 0.1355946354318159], [0.16066249111810482, 0.15677428510462232, 0.15435909465021608, 0.11491099319104639, 0.14686557893470403, 0.12440691458348815, 0.1420206424178183], [0.15093654571776427, 0.15287933326362005, 0.14718817888098285, 0.12285735852583114, 0.14314194662180957, 0.124920023765948, 0.1580766132240441], [0.16295361346714682, 0.14336575928895104, 0.14481168585088885, 0.12625922323399796, 0.14887129535197763, 0.14735671957117746, 0.12638170323586037], [0.16459288624568608, 0.14218429231155338, 0.1452746306048955, 0.12675411456833324, 0.14666592061827508, 0.14861515472810843, 0.12591300092314822], [0.16347966510065834, 0.14360601086418243, 0.14480995596941076, 0.12551626231022453, 0.15000622028791472, 0.14660507113281537, 0.12597681433479388], [0.16340428635086074, 0.1448412437577181, 0.14493261379406644, 0.1258266063530979, 0.14758844437979043, 0.1460384808617214, 0.12736832450274493], [0.1641390108245631, 0.1453723053056236, 0.14441825959029475, 0.12478542485083224, 0.14980194602767433, 0.14428390907318067, 0.1271991443278313], [0.1636760530593494, 0.14471132428047473, 0.14418838627654565, 0.1259262521329415, 0.15006507354945592, 0.1457364188408775, 0.12569649186035525], [0.1619706180882244, 0.14449834940686165, 0.1438765521471549, 0.12668601584819916, 0.15165462092203583, 0.14567506096642288, 0.1256387826211012], [0.16274686570990202, 0.14446024920591166, 0.14408695884316544, 0.1264224323519698, 0.1509089034718687, 0.1459337776499529, 0.12544081276722943], [0.16297188753211506, 0.14340611795424954, 0.14533259610966212, 0.12636352246846488, 0.1495533044178595, 0.14729345055592774, 0.1250791209617213], [0.16469107374964337, 0.14484737531992015, 0.14515581393997745, 0.12435337102780877, 0.1495777114034768, 0.14468326833445094, 0.12669138622472245], [0.1639095403042994, 0.1452435151488702, 0.14431661884765867, 0.12560308509174384, 0.1499713822081075, 0.14492391895003853, 0.1260319394492818], [0.16314664225301065, 0.1446248005677615, 0.14486453823496798, 0.12625091605803873, 0.14953487826894804, 0.14613338252437275, 0.1254448420929003], [0.16356730356455085, 0.1474926304767491, 0.14640302093519825, 0.12325853476586043, 0.14952881604052787, 0.14155861179603796, 0.1281910824210756], [0.1634660140516793, 0.14684813615369002, 0.14486860364215193, 0.12518338430204906, 0.14750092330619494, 0.14378304530943678, 0.128349893234798], [0.16544015458262543, 0.144316992706204, 0.14685461964770616, 0.1221199551351407, 0.1501305621410861, 0.14378897106738361, 0.12734874471985394], [0.164594892308443, 0.14417885964690674, 0.14567812250922266, 0.12458726677112708, 0.1497013089254092, 0.14543190555390884, 0.12582764428498255], [0.16502915585968356, 0.14479500408645754, 0.14552414775703662, 0.12433485463205311, 0.14930077633643002, 0.14479914777377167, 0.12621691355456752], [0.16666666666666666, 0.14788441020610651, 0.14295862041541843, 0.12501099484433623, 0.14724671163235512, 0.14233102023698688, 0.12790157599813015], [0.16295198172595346, 0.1449623937632953, 0.14570480286168655, 0.12575240978873778, 0.14869141792664461, 0.14579843969278614, 0.12613855424089604], [0.16385796739556813, 0.14446947549562866, 0.14836890349055995, 0.1235752848411263, 0.14440732603107498, 0.14274990330453324, 0.13257113944150878], [0.16666666666666666, 0.14533536840008562, 0.14691351215348272, 0.12084972095093648, 0.14973046852197067, 0.1413393498401741, 0.12916491346668366], [0.16418198479587043, 0.14395282557617683, 0.14613925636839933, 0.12449545956369151, 0.15017496483532464, 0.14528258281008083, 0.1257729260504563], [0.1640630623863056, 0.14732526697818663, 0.14518811586545421, 0.12450048517598446, 0.14749558731001303, 0.14304144841771596, 0.1283860338663402], [0.16540984860762023, 0.1460905133839769, 0.14554365602560265, 0.12328047644503538, 0.1499772324483982, 0.14278851657757852, 0.12690975651178812], [0.16406308526254748, 0.14527871480198154, 0.1468893845152097, 0.12355751268975657, 0.14935413233740447, 0.1437946105303341, 0.12706255986276596], [0.16666666666666666, 0.14560445665403454, 0.14800225958727997, 0.1219815118680519, 0.14421202898863786, 0.14073183569322484, 0.13280124054210415], [0.16372918743575451, 0.14503649743746494, 0.1473440835461867, 0.12476711539887089, 0.1467960944721466, 0.14470940177441424, 0.12761761993516205], [0.1633735504199741, 0.14516759885626324, 0.1474655880284286, 0.125057560870818, 0.1463955741329553, 0.1447749553511961, 0.12776517234036486], [0.1622792445807716, 0.14675817916319078, 0.1475728860841427, 0.12448050996820458, 0.14663989731211885, 0.14337139110582636, 0.12889789178574507], [0.16666666666666669, 0.14509169817054496, 0.14718073740348842, 0.1212965564901273, 0.14876843368215645, 0.14232782616009562, 0.12866808142692068], [0.16666666666666669, 0.14332790052549257, 0.1475261608440915, 0.1241265639214162, 0.14407975538940315, 0.14396715357911824, 0.1303057990738117], [0.15079136459324863, 0.1355078891005934, 0.14078583635040368, 0.14198727007255657, 0.14814529434464332, 0.15804940555488323, 0.1247329399836712], [0.16666666666666666, 0.15452683161515707, 0.1492535274181894, 0.11853717268466137, 0.14682163005377138, 0.13063933066008154, 0.13355484090147257], [0.156299758239206, 0.16666666666666666, 0.1440276153554946, 0.11983900328673291, 0.14209668831482636, 0.1269087622595956, 0.14416150587747786], [0.15420270703472064, 0.1623673742250117, 0.14339059066042495, 0.12336611711995221, 0.14241232912708016, 0.1283200430127116, 0.14594083882009878], [0.1520205466535901, 0.16107485352030645, 0.14849742388526674, 0.12020011353662999, 0.14726032345146892, 0.12408855801650452, 0.14685818093623323], [0.1532237920822455, 0.15722185224707094, 0.14961213739485935, 0.12381176157956532, 0.15090808056501903, 0.1277463219731527, 0.13747605415808714], [0.15279562923540022, 0.16666666666666669, 0.15084957329479884, 0.11635437697737384, 0.1482705039261778, 0.12110867180030406, 0.1439545780992786], [0.15330434597538567, 0.15927776018914555, 0.14960162750016703, 0.11832291710293823, 0.1456147238078407, 0.12186823664852714, 0.15201038877599565], [0.14194568313721062, 0.1414985484862369, 0.13744795338054824, 0.1666666666666667, 0.14216936043969008, 0.1423003289046525, 0.1279714589849951], [0.14207670053230975, 0.14201120165650627, 0.13750598137468997, 0.16580313345709036, 0.14239394329578184, 0.14231808618420538, 0.12789095349941648], [0.15253295057927982, 0.15837037621467742, 0.14883348506918367, 0.11905192982049717, 0.14473748289950766, 0.12218952017624726, 0.15428425524060715], [0.16666666666666666, 0.15001981346986246, 0.14917172701357762, 0.12130199008768416, 0.1490420538001954, 0.1332802917229847, 0.130517457239029], [0.15354091456124716, 0.16201222271552382, 0.1506400177243044, 0.11713201161795446, 0.14791498844898351, 0.12371698855372192, 0.14504285637826456], [0.16666666666666669, 0.14631769891901636, 0.15418162723979334, 0.11774946025800533, 0.14795532840061643, 0.13674776566342636, 0.1303814528524756], [0.16666666666666666, 0.1483603107008776, 0.15319729903036053, 0.11687640875293964, 0.14772291945923155, 0.13493390507237019, 0.1322424903175538], [0.16666666666666669, 0.14476948996298925, 0.15556025378764649, 0.11775916089190873, 0.14954253897417585, 0.13793334876426294, 0.12776854095235013], [0.16666666666666669, 0.14611947019497137, 0.1548873716495902, 0.11728368506359109, 0.14986112956858752, 0.13679280456651316, 0.12838887229008003], [0.15246737757459117, 0.14311564525531056, 0.14850525631840972, 0.12346456584397353, 0.16666666666666666, 0.1412539626459587, 0.12452652569508958], [0.15582370939653983, 0.14981378551166669, 0.16666666666666669, 0.11413832460795174, 0.1545047775170283, 0.12850584844537852, 0.13054688785476834], [0.15466423267367466, 0.1589118063007297, 0.15653456460216233, 0.11505195555331758, 0.15242436473335655, 0.1231125195251959, 0.13930055661156315], [0.15185654854909392, 0.1560487346021674, 0.1543512361993131, 0.11802679810594673, 0.14990412137215206, 0.12568931671444472, 0.1441232444568821], [0.14519402902066464, 0.14152230433799204, 0.14644869829484192, 0.1303321901316464, 0.16666666666666666, 0.14048196062232154, 0.12935415092586683], [0.15600468887246988, 0.13961569890592587, 0.14011098978737285, 0.13681271758680835, 0.14877582668144712, 0.15807002579368418, 0.1206100523722917], [0.15535003043069662, 0.13384721561353044, 0.1401792064808517, 0.13626163181526163, 0.14783375558640222, 0.16666666666666669, 0.1198614934065908], [0.16296057394050512, 0.14586682850898652, 0.14742957505140736, 0.12406487805090671, 0.14802477710656364, 0.1435385202845887, 0.12811484705704182], [0.16666666666666669, 0.1418240494358206, 0.15018626009176392, 0.12622239401203647, 0.1449587971123552, 0.13935656782991926, 0.13078526485143793], [0.16666666666666669, 0.13851126507961523, 0.14870705544637755, 0.1266033938766759, 0.14662140790070174, 0.14563528192786562, 0.12725492910209746], [0.15923974147876513, 0.14560963990008988, 0.15296832242790617, 0.12060173935646264, 0.15389614298342105, 0.14078407877732277, 0.12690033507603227], [0.15030478105860728, 0.14697208793028813, 0.15512678302286687, 0.12127232273317956, 0.16504520351066254, 0.13452479823969174, 0.126754023504704], [0.1504602023135676, 0.1496591052754314, 0.15399343809613802, 0.12197873156635405, 0.16202664672617598, 0.1330408592457716, 0.12884101677656123], [0.14922455687518038, 0.1454328293254922, 0.15267169348736814, 0.12299590300742692, 0.1646972825330011, 0.13779533799360236, 0.12718239677792872], [0.14912509955112338, 0.1456956601137397, 0.15203887874379327, 0.12239772163628625, 0.16666666666666669, 0.13708409090166038, 0.12699188238673045], [0.1504150720271772, 0.1498038191996863, 0.1539531956424236, 0.12161826958250962, 0.16240755566059864, 0.1330168096320839, 0.12878527825552072], [0.15106291793904109, 0.15172826474314438, 0.15383040821148672, 0.12038569572609412, 0.16132972048294833, 0.13130947052108938, 0.13035352237619618], [0.15032157038442767, 0.14784657950164776, 0.15544987453115847, 0.11977662580695832, 0.16666666666666666, 0.13295785247245775, 0.12698083063668325], [0.15042507031588323, 0.1490821025968493, 0.15502837556211807, 0.12092223893270083, 0.16345115436651317, 0.1330041050081938, 0.12808695321774152], [0.1502535199741212, 0.14684910006137702, 0.15586942719975322, 0.12178192752793608, 0.16381830960527194, 0.13457840103538593, 0.12684931459615453], [0.1501092243763122, 0.1455729928043531, 0.15397740415297168, 0.12402363196927936, 0.1621015895550172, 0.13737854029763175, 0.12683661684443476], [0.14774030789111103, 0.16666666666666666, 0.14144188688183154, 0.13407007451067063, 0.14517252167904493, 0.1326025194321743, 0.13230602293850088], [0.15015537082582167, 0.14629845645978107, 0.15338595296041144, 0.12392939262918355, 0.1624140312121773, 0.13671700071000376, 0.12709979520262116], [0.14887360148633833, 0.14459361333773138, 0.1517068127666315, 0.12432206241862238, 0.16428466643315734, 0.13931269715144634, 0.1269065464060728], [0.15032147875921434, 0.14669602697226258, 0.15518282184516075, 0.12152697252402436, 0.16449746495307788, 0.1349624418299214, 0.12681279311633864], [0.14946884605861865, 0.14555224521219834, 0.15339839512185038, 0.12278692493383285, 0.16349919903349078, 0.13755526304484983, 0.1277391265951592], [0.14969186781498828, 0.14602277822689147, 0.1539413039513763, 0.12224142802087737, 0.16366710593948589, 0.13676474029830246, 0.1276707757480781], [0.14519805826728532, 0.140519847881548, 0.1426035927522735, 0.1350345872605102, 0.16666666666666669, 0.14717847144688886, 0.1227987757248275], [0.15067956372580998, 0.15053717333520475, 0.15611828877823894, 0.11973895459542824, 0.16218409019221525, 0.13111769869571782, 0.12962423067738493], [0.14998000350777682, 0.14826059414515178, 0.1531063738240111, 0.12102973177821394, 0.16666666666666666, 0.13315194756285118, 0.1278046825153285], [0.1491389617125427, 0.14488156523500195, 0.15252645180179933, 0.12374945257253608, 0.16405274272832354, 0.1386370203173659, 0.1270138056324304], [0.14911355357204617, 0.1459159991362648, 0.15131885786506485, 0.1233646477453007, 0.16506957168056977, 0.1377267544408965, 0.12749061555985716], [0.14927095932694645, 0.1463014675865735, 0.15146964688195602, 0.1232289591682289, 0.16447622946049936, 0.1373197495946862, 0.1279329879811096], [0.14921197675987227, 0.14671153496355305, 0.1515059682082537, 0.1229823443982019, 0.16439085855354058, 0.1370110849350991, 0.12818623218147943]]