[[0.14429270776355302, 0.16096425160418562, 0.1392741692071104, 0.1435294576686728, 0.12269860178902185, 0.12257414530078967, 0.16666666666666669], [0.15133662872240305, 0.15533503518306038, 0.13746982327813856, 0.14949661749050028, 0.12466547108491625, 0.11844212240085139, 0.16325430184012996], [0.15194533961861273, 0.1537699141493141, 0.1383511060958794, 0.1494813713537266, 0.12397842051818313, 0.1185008054697081, 0.16397304279457606], [0.14838330127264396, 0.1568255973504596, 0.13986010168911578, 0.14691580580235258, 0.12341761668431347, 0.11961639887503589, 0.1649811783260788], [0.15065203462844742, 0.15477994695969516, 0.1397215440814134, 0.14774708424715347, 0.12301282683366702, 0.11939307358309213, 0.1646934896665315], [0.1489136061973905, 0.15381621158444517, 0.1408893214816001, 0.14758133437400403, 0.12403486364099034, 0.11977318654437416, 0.1649914761771958], [0.15054594229637389, 0.15517270949418407, 0.13997625035127975, 0.1471792997048472, 0.1227632146451869, 0.11971707472358084, 0.16464550878454728], [0.15045809755889017, 0.15482825849227827, 0.14076188853527627, 0.1465561583678215, 0.1223341016509964, 0.12043092255524837, 0.16463057283948906], [0.1477387294831509, 0.15878380421286328, 0.13797557875373603, 0.14632295468313672, 0.12409641057278666, 0.11841585562765981, 0.16666666666666669], [0.14885899302564595, 0.15562536374935976, 0.14125784387958887, 0.14550666883757782, 0.12195287203904734, 0.12013159180211355, 0.16666666666666666], [0.14973996253469649, 0.15287814007777986, 0.14148508531763343, 0.14728552107021484, 0.12377667138004188, 0.12011397206481192, 0.16472064755482155], [0.14790290427138195, 0.15589307550298695, 0.14250437772368332, 0.14454029009748823, 0.12184656818483817, 0.12139697549278983, 0.1659158087268315], [0.15056793972711963, 0.1528949495165894, 0.14095321893635404, 0.14760128056465105, 0.12358424226194699, 0.11978895883286146, 0.16460941016047725], [0.14951590193540645, 0.1547149866949703, 0.1420982330284338, 0.14552963098803287, 0.12205966447037889, 0.12110589300421984, 0.16497568987855762], [0.14870873862558065, 0.15421565604942816, 0.1433867927457882, 0.14476243152273077, 0.1221289034953878, 0.12219486981577941, 0.16460260774530502], [0.1494590229632445, 0.15450449219197301, 0.14234157252167723, 0.14547187556143382, 0.12217196345653315, 0.12129330109497187, 0.16475777221016644], [0.14755192573385467, 0.15577977385495267, 0.14355349175386606, 0.1436857380136624, 0.12158986835101167, 0.12255307843412025, 0.16528612385853225], [0.14374274504964646, 0.16666666666666666, 0.14086432246771113, 0.14116525552864442, 0.12299794856437173, 0.12327376404983549, 0.16128929767312405], [0.14669500719483644, 0.1613961785881282, 0.1398938395588459, 0.14250304137933809, 0.12101249892996416, 0.12183276768222055, 0.16666666666666666], [0.14815536839170315, 0.155939047756398, 0.1412198986143711, 0.14538434351615634, 0.12262675541178185, 0.12000791964292282, 0.16666666666666666], [0.14768080125259433, 0.15635886415931283, 0.14236893629748998, 0.14485350368824956, 0.12266958510615383, 0.12129299723140423, 0.16477531226479514], [0.14624778167886232, 0.16666666666666666, 0.14149864064690978, 0.1414453726896943, 0.1214091904797713, 0.12287731099820334, 0.15985503683989233], [0.1470007105072259, 0.15705054776781102, 0.14303912838560354, 0.1437862978221234, 0.12202075467947882, 0.1220442539307283, 0.16505830690702916], [0.14800094928804863, 0.15562196360795938, 0.14259410674780826, 0.14427667312200645, 0.12167392776559208, 0.12116571280191851, 0.16666666666666666], [0.14973019260781337, 0.15698219986722023, 0.14049634020498442, 0.14556699233479525, 0.12210013047707358, 0.12032010701795931, 0.1648040374901539], [0.1486655263526774, 0.15603543349276086, 0.14201258368965644, 0.14489437881828907, 0.12210279283501833, 0.12101514149963095, 0.16527414331196702], [0.14845785853213211, 0.1569452212543569, 0.14063656990960527, 0.14558407416024866, 0.12278424489946443, 0.1198669782770104, 0.16572505296718223], [0.14903904586759878, 0.15522220767385844, 0.1421092947533123, 0.14522457101366956, 0.12209682574930293, 0.12086095428304924, 0.16544710065920865], [0.14822298395142072, 0.15442344009719883, 0.1436388273916795, 0.14445672006942942, 0.12222539953620862, 0.12216984292822888, 0.16486278602583387], [0.1487760315260687, 0.1564918647665498, 0.1415182297712753, 0.14515528680838796, 0.12228628899906291, 0.12060977733089683, 0.16516252079775873], [0.14767858272723608, 0.15548108152657086, 0.1437505481695285, 0.1436884974452018, 0.12178071846235242, 0.12242866921202067, 0.1651919024570897], [0.14936920994755662, 0.15493823545531274, 0.14294299505019845, 0.14450152938975497, 0.12160445240161923, 0.12198386862156514, 0.16465970913399286], [0.14833484612378836, 0.15593305264185606, 0.1425937266535882, 0.1446691449586234, 0.12206717067114632, 0.12147008224839412, 0.1649319767026036], [0.14907168204670931, 0.1536866343017697, 0.14400017337469773, 0.1444483381967468, 0.1221999928685785, 0.1226208488386637, 0.16397233037283432], [0.14733193881087697, 0.15615567138991968, 0.14377264774537854, 0.14332268783944752, 0.12161810482321081, 0.12244909180769069, 0.16534985758347578], [0.14881127491533344, 0.15756637382661365, 0.14111616964499615, 0.14473205957867552, 0.12208840152250298, 0.12065832436463354, 0.16502739614724465], [0.14605552609731406, 0.16091597536385327, 0.1399901626831835, 0.1440216084474576, 0.12427481379927131, 0.12147318466207035, 0.1632687289468498], [0.14765719138066996, 0.1558049015344561, 0.14333733735415038, 0.14375432147091682, 0.12189013606734136, 0.1218444462522461, 0.16571166594021924], [0.14392119488705493, 0.16666666666666666, 0.14240054869813604, 0.13932365151493237, 0.12129971677572761, 0.12572420472673215, 0.16066401673075012], [0.14392119488705493, 0.16666666666666666, 0.14240054869813604, 0.13932365151493237, 0.12129971677572761, 0.12572420472673215, 0.16066401673075012], [0.14755528663077452, 0.15615922015467135, 0.14339991144784475, 0.14303997161366777, 0.121072885108503, 0.12210605837787178, 0.16666666666666663], [0.14866677385844906, 0.1548983464615919, 0.14365902234955943, 0.1438086641444863, 0.12154275973430777, 0.12231081584162257, 0.1651136176099829], [0.14877974495817772, 0.15710029865599145, 0.14151503073765376, 0.14462003668723028, 0.1222374862871135, 0.12071369507256746, 0.16503370760126573], [0.14338803283573132, 0.16467893843324014, 0.14269197955550994, 0.13908549297770995, 0.12188827209711318, 0.12740439233695494, 0.16086289176374058], [0.14754264595563438, 0.15622576132939575, 0.14383516802160926, 0.14323164553672987, 0.12181245651142432, 0.12267719540103354, 0.164675127244173], [0.14523558885469073, 0.16134710156214435, 0.14117327151259346, 0.14232635824925305, 0.12307558702484658, 0.12221829510434687, 0.1646237976921249], [0.14806191953041148, 0.15829809664915329, 0.14258653676322097, 0.14319420992385604, 0.12179262080187962, 0.12215479535798017, 0.1639118209734985], [0.14335589800515236, 0.16401043711823082, 0.1436643331842167, 0.13865000628378718, 0.12213127414851888, 0.1279436375107983, 0.1602444137492958], [0.1428467794919673, 0.16317688128350444, 0.14565463771947523, 0.13773159352935563, 0.12111757961859865, 0.12974881002451097, 0.15972371833258778], [0.14626374160504338, 0.1606331784937113, 0.1408507194362549, 0.14280598200367633, 0.12306410564917925, 0.12176204478251455, 0.16462022802962054], [0.14318014856904737, 0.16291793992164494, 0.14432775984500185, 0.13808747200768345, 0.1222554525161703, 0.13012785576789765, 0.15910337137255454], [0.14560616261804607, 0.16001202559796177, 0.14293201806172046, 0.14097036878775704, 0.12124368176352744, 0.12256907650432067, 0.16666666666666669], [0.1494545644507594, 0.15985196863146836, 0.14310993439316777, 0.141448047649089, 0.12102823744412008, 0.12273996812120383, 0.16236727931019154], [0.14870316200864397, 0.15922345336566723, 0.14441249141693915, 0.14099572702445326, 0.12100996490498893, 0.12338251775155643, 0.1622726835277509], [0.14957329421735494, 0.1592711099500324, 0.14399563585929182, 0.14110122275860304, 0.12050202374572032, 0.12289001301755252, 0.16266670045144493], [0.14925122361382426, 0.15494020219619936, 0.14749467612651354, 0.1399773231324157, 0.12015636321130561, 0.12540522023433168, 0.16277499148540986], [0.14921666476982318, 0.15557905255735055, 0.14144432405528287, 0.14580527663805656, 0.12264064708877787, 0.12069676269171832, 0.16461727219899064], [0.14866724018069963, 0.15555932373544937, 0.14200047094159113, 0.14526618146473155, 0.12233872685475837, 0.12078696955886413, 0.16538108726390577], [0.15044041374581785, 0.15521908684499378, 0.13886354701150508, 0.14818688623115994, 0.12334665377423908, 0.11902891497775629, 0.16491449741452796], [0.1493410781992125, 0.1567148578274553, 0.13968296762572557, 0.14669380367804707, 0.12284292194972092, 0.11960505253730402, 0.16511931818253456], [0.14884978639639285, 0.15962010884059047, 0.1410200450825532, 0.14353849488321874, 0.12093006538723547, 0.12219313787933413, 0.16384836153067522], [0.14624654703503953, 0.16008439384131767, 0.1400714534988009, 0.14508291095855946, 0.124103975103004, 0.1225286664553715, 0.16188205310790688], [0.14313059005929982, 0.16666666666666669, 0.14231612252362175, 0.1394353638054975, 0.12129345242567716, 0.12566464190010715, 0.16149316261913], [0.14303275781839236, 0.16501462326623792, 0.1429277110240647, 0.13918419593892853, 0.12269739251324661, 0.12696756082444102, 0.16017575861468866], [0.1439252636443052, 0.1651210602157435, 0.14322924246539767, 0.13913545475310476, 0.12075244056895491, 0.12629800222820903, 0.16153853612428506], [0.14499143329505612, 0.16382011815398242, 0.1420622285758913, 0.14001124502076015, 0.12098008967629009, 0.12490275470112192, 0.1632321305768978], [0.14347655548317803, 0.1624663370922879, 0.14599905252307716, 0.13797472909255928, 0.12042805242240327, 0.12866080232934207, 0.16099447105715223], [0.1437703444031558, 0.1621038319878104, 0.1461586395130422, 0.13800039240081446, 0.12024445354303434, 0.1286829824844219, 0.16103935566772098], [0.14360336259581877, 0.16267334609306028, 0.14570248245520032, 0.13800372088605153, 0.12043220617817654, 0.12820364877757046, 0.16138123301412235], [0.14296900460352788, 0.1624592898900219, 0.14620202507477492, 0.13709921226774624, 0.12117505187779518, 0.13069213961149143, 0.15940327667464252], [0.14880911369333882, 0.15539401458617885, 0.13647991165847895, 0.1496694761901765, 0.12638459063209773, 0.11659622657306244, 0.16666666666666666], [0.14617676162681026, 0.15893313711360604, 0.13820180256415307, 0.14617506683111567, 0.12431332303765291, 0.11953324215999553, 0.16666666666666669], [0.1505490301065202, 0.15308107975563764, 0.13934284958942117, 0.14925264404544927, 0.12430730750345115, 0.11855004041926594, 0.1649170485802547], [0.15048258571399858, 0.15415778570770464, 0.13877944204936765, 0.14912808386736606, 0.1243872504285287, 0.11833056873896412, 0.16473428349407027], [0.15024470267988008, 0.1530311294958944, 0.13967840583450805, 0.14881615769174497, 0.1241990853237875, 0.11862201991701388, 0.16540849905717106], [0.15018276950077702, 0.15332851572973957, 0.13989322025561018, 0.14841856007398516, 0.1238630597706719, 0.11885537343591566, 0.1654585012333004], [0.148339753179964, 0.15591966784565198, 0.1382117304588506, 0.1481962455188688, 0.1246500968720212, 0.1180158394579769, 0.16666666666666669], [0.14903900488284974, 0.15445315289366332, 0.13983706038667304, 0.1477315447506074, 0.12355114004120349, 0.1187214303783365, 0.16666666666666669], [0.1521241259271097, 0.15574411138238492, 0.13789361528191263, 0.14857207990243687, 0.12367532978688814, 0.11894981169547256, 0.163040926023795], [0.14894794165446662, 0.15306195796426408, 0.14046904250692754, 0.14837291186940202, 0.12515564006647184, 0.11926987316303127, 0.1647226327754365], [0.14836556455219352, 0.15311471165106952, 0.14031147980306577, 0.14849917759749007, 0.12608687898420018, 0.1193997318333892, 0.1642224555785918], [0.15165465897075053, 0.15306909786743314, 0.13916092494445506, 0.14897899792540134, 0.12377129492338482, 0.11846484744732019, 0.1649001779212548], [0.14976536626155018, 0.1554369735007697, 0.13883193666495233, 0.14766524329416109, 0.12329876113087282, 0.11833505248102712, 0.16666666666666663], [0.1495220819695357, 0.15434896372443013, 0.13979564697942862, 0.14795890469749726, 0.1239392019888993, 0.11873212531259669, 0.1657030753276123], [0.15065159326184258, 0.15132383006949696, 0.1362395159757037, 0.15426386724125726, 0.13187142948035138, 0.11657526525573812, 0.15907449871560989], [0.149647369100858, 0.15621931454706448, 0.13970539541079205, 0.14699950804900758, 0.12309494947555158, 0.11943569397531675, 0.16489776944140955], [0.15172745860013065, 0.15355777898455794, 0.13967579146973652, 0.14743302789773743, 0.12203069381339593, 0.11890858256777476, 0.16666666666666666], [0.14940933845904233, 0.15531323816390502, 0.13871648886448584, 0.14788650140870707, 0.12394785983861681, 0.11805990659857626, 0.16666666666666666], [0.14942949863971655, 0.15462342068440962, 0.14032690731731756, 0.14727799258155183, 0.12331963537786589, 0.11919966565334823, 0.16582287974579044], [0.14939516475692843, 0.15204520483207254, 0.14208275729408118, 0.14727169779409263, 0.12436718058924762, 0.12066435131402928, 0.16417364341954846], [0.14484610523768174, 0.16034686043584098, 0.14290333800455687, 0.14260585864237169, 0.12275060516209285, 0.12321172863302464, 0.16333550388443116], [0.14990728847406537, 0.15460617887722874, 0.14164346440948664, 0.14608823968993515, 0.12237605444733968, 0.12053087771969216, 0.16484789638225208], [0.15150554504919064, 0.155316685348852, 0.14193882319759432, 0.14511014337721892, 0.12106683226185132, 0.12155810776684167, 0.16350386299845107], [0.1514044504098415, 0.1548764653970785, 0.14051877208684593, 0.1464631134392173, 0.12208387385044979, 0.11968442223537293, 0.16496890258119398], [0.1500388616590457, 0.1531996583658222, 0.14229477428624734, 0.14630667069410186, 0.12321171835532786, 0.1207043974744851, 0.16424391916497], [0.14733324435683492, 0.15886656214428851, 0.1406810997689816, 0.1446070859015502, 0.12325049619188572, 0.12074806745940464, 0.16451344417705446], [0.14483551753740143, 0.16078230305290153, 0.1433058503652539, 0.14147070177610513, 0.12186985335253737, 0.12352184644553121, 0.16421392747026933], [0.14787368562654565, 0.15357546146469117, 0.14703796386425663, 0.14196494876988855, 0.12185398386020954, 0.1257074224088849, 0.16198653400552357], [0.14970427194039412, 0.15433139834525106, 0.1438686885628015, 0.14402033212984824, 0.12295001722926417, 0.12143414192177107, 0.16369114987066993], [0.14899452755171727, 0.15698841232575964, 0.14369452947016986, 0.14296222471353137, 0.12168787395288286, 0.12198630109368869, 0.16368613089225045], [0.1493787246196626, 0.15578400141295803, 0.14435692139807832, 0.14187602840683064, 0.1201596046830398, 0.1217780528127639, 0.16666666666666666], [0.14601940476329206, 0.15569140730764636, 0.14832315883730354, 0.1397122166549749, 0.12252793893298243, 0.12601622293901935, 0.16170965056478157], [0.14905305651489426, 0.1563515064364381, 0.14859577415535474, 0.1383552277800017, 0.11902281058265131, 0.12832274323539725, 0.16029888129526274], [0.14224107827613447, 0.161052831839314, 0.14877695647009542, 0.1331904521511966, 0.12512919217997248, 0.13842436108924397, 0.15118512799404307], [0.14366420150822146, 0.16666666666666669, 0.1477250237849121, 0.13325595654998296, 0.12183451987444661, 0.1326350302082406, 0.15421860140752972], [0.145215701850245, 0.14565621961628847, 0.1563237987352495, 0.1271117079694722, 0.1280298998257077, 0.15578561573665364, 0.14187705626638353], [0.14466622840097393, 0.14589023273085472, 0.14977341624032836, 0.1334204268341779, 0.1346398141955318, 0.14940757617775616, 0.14220230542037723], [0.1423747443167638, 0.1467464513906844, 0.1522110686095954, 0.12987464603588245, 0.13158164939538314, 0.15597172329024897, 0.14123971696144172], [0.1511775596851011, 0.15015758255043077, 0.16666666666666663, 0.1271801895495963, 0.12147161437279222, 0.14018927574854118, 0.1431571114268716], [0.15190965974403875, 0.1503219525013343, 0.15640104046426517, 0.1311199637280762, 0.12246008160800974, 0.14152943305904225, 0.14625786889523362], [0.14306716096990832, 0.14427319147632145, 0.15318766875459833, 0.12723849936992065, 0.1260895480542663, 0.16524553122359967, 0.14089840015138524], [0.14251436823310756, 0.1440355241612829, 0.15247550171767285, 0.1272790904203192, 0.12648005537394785, 0.16666666666666669, 0.14054879342700297], [0.1438481600451123, 0.14697201111474734, 0.1565950055022332, 0.12675037494034952, 0.12608896263857586, 0.15853189141228158, 0.1412135943467001], [0.1483403715257042, 0.1573301695505826, 0.13899782181905634, 0.14715690577128254, 0.1235392467786982, 0.11934472917369564, 0.1652907553809805], [0.14650029934189274, 0.1583749930891677, 0.14050490291754966, 0.1457591655547087, 0.12338787550779577, 0.1207827444005092, 0.1646900191883762], [0.14750696000318195, 0.15805725420187317, 0.13922475816802174, 0.14667918858042112, 0.12359636792478126, 0.11973438593280601, 0.1652010851889147], [0.14687134352835288, 0.15799427481603087, 0.13968349013794146, 0.14647221975609268, 0.12382701625909293, 0.1199424736558515, 0.16520918184663752], [0.1480466711267283, 0.15596981106018112, 0.13744451124295345, 0.14938723639861104, 0.12699011154145232, 0.11850885559147664, 0.16365280303859717], [0.1486403578668576, 0.15570283213487546, 0.13895809614145702, 0.14827408331698322, 0.12473315386633077, 0.11873090993266573, 0.16496056674083015], [0.1491491433884211, 0.1556792906438966, 0.13793868273141005, 0.14871302124266056, 0.12483743545260599, 0.1180228678327096, 0.165659558708296], [0.14718718439891437, 0.15833123674337313, 0.14018673041021948, 0.14585919704584857, 0.12343689250410232, 0.12025539290615886, 0.16474336599138326], [0.149486294167548, 0.15380041828307447, 0.14035620947133623, 0.14791316966747525, 0.12400558302301538, 0.11923069606271784, 0.16520762932483288], [0.14988661790665947, 0.1551235651775043, 0.13970006839657215, 0.1476449138247301, 0.12344817703308233, 0.11902409578486611, 0.16517256187658538], [0.14935698508532563, 0.15493793120612767, 0.13819407575424625, 0.14845356592095382, 0.12461783824338012, 0.11777293712329973, 0.16666666666666666], [0.1482044161378892, 0.1577562594134377, 0.14100194202395272, 0.1450557090889426, 0.12207841116548934, 0.12074745316920037, 0.16515580900108798], [0.14680810533027303, 0.1573936850688875, 0.14178087917358279, 0.14494407897301434, 0.12323830606410062, 0.12107497037804635, 0.16475997501209544], [0.14760384923585956, 0.15734548947486035, 0.14219302154082472, 0.14446754018209199, 0.12218688527139078, 0.12144648402488363, 0.16475673027008877], [0.14746208638870828, 0.16666666666666669, 0.14720352119248262, 0.1350870070079821, 0.12055015254023671, 0.12569396297915345, 0.15733660322477025], [0.14980423251151048, 0.1629274084615599, 0.14635760191827857, 0.13694984738574975, 0.1216723146174362, 0.12490523763486297, 0.15738335747060223], [0.15072106643787242, 0.15919885937093267, 0.15412334626792829, 0.13110663569084083, 0.1223550478156037, 0.13196674498299094, 0.15052829943383114], [0.15079072708211116, 0.15578871833863953, 0.1581995377165305, 0.12855711333506803, 0.12106725836156172, 0.13746488843475785, 0.14813175673133117], [0.14571236706207039, 0.14918380538403575, 0.15958841378125654, 0.12673119196594618, 0.1264498904775108, 0.1504822483854674, 0.14185208294371307], [0.14765087579301486, 0.15729466524774913, 0.13855470576926338, 0.14730721393978327, 0.12348805125782204, 0.11903782132570075, 0.16666666666666669], [0.14592953909464138, 0.1584576812110833, 0.1376331522320434, 0.1468876361518894, 0.1252846260874951, 0.11914069855618083, 0.16666666666666669], [0.148913027558425, 0.15618873805133848, 0.13905407832891975, 0.14737660073619888, 0.12281613520466293, 0.11898475345378831, 0.16666666666666669], [0.14626671210187456, 0.15859427241404142, 0.13995300368676694, 0.1454242119308106, 0.12299722187812992, 0.12009791132170992, 0.16666666666666666], [0.14856994298769766, 0.1558783887492391, 0.14106515927021201, 0.14555340130371053, 0.12172591272847859, 0.12054052829399538, 0.16666666666666666], [0.1489698877749708, 0.15415954391031766, 0.14049124167588328, 0.1472499973331112, 0.12323865931405072, 0.11922400332499972, 0.16666666666666669], [0.15044273501751296, 0.1518591591092758, 0.1403867406726211, 0.1481740576695044, 0.12345847524482202, 0.11901216561959706, 0.16666666666666666], [0.14978248176396233, 0.15287896832083459, 0.1402956330121532, 0.1479283400515713, 0.12354562943332267, 0.11890228075148923, 0.16666666666666666], [0.14865789010765945, 0.1555527379734323, 0.13890048135734182, 0.14773767838403712, 0.12425476023130484, 0.11822978527955777, 0.16666666666666666], [0.1485617958123256, 0.1569251920828138, 0.14044736946147757, 0.14558539376314206, 0.12183790205440106, 0.11997568015917323, 0.16666666666666666], [0.14908277620635182, 0.1544106489585271, 0.14137486635180285, 0.14678164572429128, 0.12341747722554466, 0.120149423158003, 0.1647831623754792], [0.14856791839736097, 0.15447384010772808, 0.14031719290451464, 0.1470506339796848, 0.12396975263765593, 0.11895399530638888, 0.16666666666666666], [0.1488400361796023, 0.15683948839206657, 0.14360545328684013, 0.14292389623355983, 0.12151393751700389, 0.12247817118006472, 0.16379901721086254], [0.14647869719656936, 0.1580433213284654, 0.14262539772438376, 0.14415793676130711, 0.12297082757787108, 0.12225604675515266, 0.16346777265625057], [0.14980662886999213, 0.15858678422843603, 0.14058694128155902, 0.14452433314959576, 0.12124730934600907, 0.12185337938467278, 0.16339462373973532], [0.14900258423383064, 0.156851238601271, 0.1399683195533945, 0.14624182814130143, 0.12285421073056274, 0.11951892360128094, 0.16556289513835865], [0.14844529044592514, 0.15705995171336048, 0.14043283859853598, 0.1454460183549479, 0.12224948686648213, 0.11969974735408176, 0.16666666666666669], [0.14655405018667092, 0.1544218866726575, 0.14476710314262944, 0.14427567194770907, 0.12352524074169163, 0.12364570701976144, 0.16281034028887986], [0.14798590230672976, 0.1562901204397239, 0.14075393064781022, 0.14608225483806878, 0.12414655455290353, 0.1200217037808868, 0.164719533433877], [0.1435664541310687, 0.16666666666666666, 0.14192111903261204, 0.1397492162121626, 0.12194745890042427, 0.12511593250533334, 0.1610331525517324], [0.14939444668484073, 0.15863987198594454, 0.1418035762696334, 0.14243704724094955, 0.11994069200952058, 0.12388290840013629, 0.16390145740897483], [0.1496101671641633, 0.15671865135468416, 0.13987113291271422, 0.1463180694919596, 0.1230512059744981, 0.119598774397616, 0.1648319987043647], [0.14655956533568523, 0.1580783324037978, 0.14312553158502822, 0.14347159797817274, 0.1224417345070987, 0.1224028525848554, 0.16392038560536187], [0.1493494195981911, 0.15611584767471606, 0.14232062306403978, 0.14444109527482912, 0.1216484014815321, 0.12134859398659346, 0.16477601892009855], [0.1487824274030737, 0.15814297136489627, 0.14108551639554237, 0.1443298929481219, 0.12213393624654532, 0.12087788324696978, 0.16464737239485056], [0.14391152765431595, 0.16537399595017926, 0.1427764612699453, 0.13912082616769034, 0.12138350851418332, 0.12646525449588433, 0.1609684259478014], [0.14631519044492539, 0.1596740883108286, 0.14057041316903712, 0.14366656468579553, 0.12375306996795965, 0.12120071657289688, 0.16481995684855696], [0.14598817933712882, 0.1594177052374093, 0.14074071171052516, 0.1435315583575922, 0.12422132902332231, 0.12147793024613934, 0.1646225860878828], [0.14565907135210918, 0.15973187131313335, 0.14177001024707833, 0.14203753529195015, 0.12241441149219193, 0.1217204336368703, 0.16666666666666666], [0.14816082496566535, 0.15983350962905712, 0.14085961388163198, 0.14239607648851305, 0.11975633324935916, 0.1223269751191066, 0.16666666666666666], [0.1439130009307035, 0.16436596963518804, 0.14115607748429143, 0.14155560134890324, 0.12381249920848429, 0.12389424433631124, 0.16130260705611824], [0.14575750089006095, 0.14625246452340862, 0.13684787460368827, 0.15286901362899638, 0.14391806329637707, 0.12398699991794447, 0.15036808313952413], [0.15012429980936892, 0.1575639622002498, 0.15126055635165464, 0.13357396818113115, 0.12136140415394789, 0.13090577905423958, 0.15521003024940805], [0.1451023394050785, 0.15047008945229945, 0.16195815663647517, 0.12890175974744789, 0.1209312215763066, 0.14326266151388103, 0.14937377166851135], [0.14383172816891646, 0.14751844380925425, 0.16666666666666666, 0.1279818065147025, 0.12088864703944763, 0.14552117703979475, 0.14759153076121775], [0.15191692316992314, 0.14868816833991066, 0.15678511591310212, 0.12825724480811504, 0.12318502361888604, 0.1456568931728156, 0.14551063097724742], [0.15558173236563705, 0.1493545927956621, 0.15154185474577275, 0.13258309220103287, 0.12649758762042548, 0.13627973145245825, 0.1481614088190114], [0.15353885069277692, 0.1499043332716928, 0.15956561679855086, 0.12750779587896507, 0.12293618903170228, 0.14173426215307755, 0.1448129521732345], [0.1490221450782823, 0.14875106897694204, 0.16666666666666669, 0.12492791170298484, 0.12247224933914944, 0.14604452292684805, 0.14211543530912674], [0.14166929856761967, 0.14109406629104637, 0.13737228813637659, 0.14385134960331164, 0.16666666666666669, 0.12795748195131243, 0.14138884878366662], [0.14181553384360382, 0.14117548629871116, 0.1374258971107528, 0.14412304502866757, 0.1658698370251741, 0.12803106045471974, 0.1415591402383708], [0.14819946456234775, 0.14837175949669357, 0.1649932836167722, 0.12519126447497544, 0.12300474818078633, 0.14812639220360563, 0.14211308746481904], [0.1514600938178175, 0.15746468654772067, 0.14758055812339294, 0.1359373699959855, 0.12528975776182896, 0.1284658151244635, 0.15380171862879086], [0.15276928298311304, 0.1510281663221895, 0.15739155445400752, 0.12820663240369398, 0.12111663518619166, 0.1427815538685156, 0.1467061747822887], [0.14915276259814994, 0.16291285873548705, 0.14712748242783644, 0.13742699148736748, 0.11996495401367041, 0.12555270812710262, 0.157862242610386], [0.14823709023398624, 0.16666666666666666, 0.1475300332006484, 0.13575628769076784, 0.1175704761117653, 0.12671446269769618, 0.1575249833984694], [0.15020641456019748, 0.1605118569621553, 0.14725915045561905, 0.13941750739088057, 0.12185498934070094, 0.12429105071915407, 0.15645903057129243], [0.15084666652738662, 0.1620237068743476, 0.14702065258584793, 0.1385711984624315, 0.12032466748454332, 0.12449037459885809, 0.15672273346658494], [0.16666666666666666, 0.15035651278307088, 0.14083995456585935, 0.14555215646643294, 0.12337311745909012, 0.12042011598661524, 0.15279147607226473], [0.15524854345587052, 0.15476505499284907, 0.15528182119881664, 0.13408686291981206, 0.12329318508263483, 0.1293376447331615, 0.1479868876168553], [0.15637833678479285, 0.15112380118684243, 0.15935163190610518, 0.12910669518205928, 0.1227366851983924, 0.13676918468499583, 0.1445336650568121], [0.15164936367034848, 0.15077505081931472, 0.16155893449134473, 0.1296709154376683, 0.12205268887895356, 0.13990268166020084, 0.1443903650421693], [0.1533828392087812, 0.1460174706056979, 0.14485075786428, 0.14528735424796896, 0.13423010921968376, 0.12983357923545805, 0.14639788961813022], [0.14869106642342889, 0.14505628997781175, 0.13346673674538195, 0.16666666666666669, 0.13679486477566793, 0.11699293270945475, 0.1523314427015881], [0.14613646369199215, 0.14807516331518095, 0.1350403310350601, 0.1585213107234083, 0.13873198979187124, 0.11921658488335198, 0.15427815655913524], [0.14709256853932604, 0.15941186949384026, 0.14102113589834844, 0.14297057262067212, 0.12193452789518797, 0.12090265888595858, 0.16666666666666669], [0.1478268663269783, 0.15558975955424562, 0.14646381808749295, 0.13851032594215248, 0.13156593880432266, 0.12796334859869046, 0.15207994268611738], [0.15115654635956952, 0.15162712279525917, 0.14486717403296134, 0.14340447575793192, 0.13212257203925007, 0.12564405571010673, 0.15117805330492137], [0.15438084157857665, 0.15685204017928106, 0.14500579713067988, 0.14269512190547345, 0.12235010975277559, 0.12310141107376073, 0.15561467837945261], [0.16213218477689784, 0.14961587401232204, 0.14925163059385085, 0.13892035687308243, 0.12721097466297934, 0.12634939485200178, 0.14651958422886566], [0.16519825757761922, 0.14920519745818808, 0.14879152206388363, 0.13677728269785935, 0.1259498831467172, 0.1272260864593072, 0.14685177059642524], [0.16501463146560574, 0.14849884805826896, 0.14759326744443865, 0.14027691776303572, 0.12730896239585254, 0.12543657677179362, 0.14587079610100476], [0.1639790729748606, 0.148653382136421, 0.14750002600099132, 0.14043128035330987, 0.12704415348199177, 0.12591428453974793, 0.14647780051267761], [0.16666666666666669, 0.1491387114450953, 0.14878658479323043, 0.13647388518439613, 0.12538049814920657, 0.1268390977714575, 0.14671455598994745], [0.16666666666666666, 0.14939891536445746, 0.1499557970102066, 0.1347532209401874, 0.12434560337880415, 0.12827337847679285, 0.14660641816288492], [0.16290906966964785, 0.14986664529530927, 0.1499022906855946, 0.1378188185731813, 0.12622291920527157, 0.12676691976043875, 0.1465133368105567], [0.16451072961561208, 0.14951167614240066, 0.1495151449752682, 0.13687583966943906, 0.12621110710687428, 0.12696249322142078, 0.1464130092689849], [0.16142450457222288, 0.14958220875202194, 0.14958484316451778, 0.13876293603445333, 0.12805136593709998, 0.12649966902393575, 0.14609447251574828], [0.16149375541809893, 0.1490247464654227, 0.14791682787350593, 0.1409967925244943, 0.12848063387218298, 0.12562449983323465, 0.1464627440130605], [0.14808890937921815, 0.1448765200020477, 0.14705632195083768, 0.14027036318832484, 0.1369511586202259, 0.13485457879967536, 0.1479021480596706], [0.16110605114655993, 0.1490518531702017, 0.14770583623727676, 0.14076793738057108, 0.12823128087142754, 0.12613093720841825, 0.1470061039855448], [0.16429323633166648, 0.14807301170956383, 0.14665679955278055, 0.1416325618701761, 0.12823052404636726, 0.12518838375074323, 0.1459254827387026], [0.1621855312023327, 0.14959742978552415, 0.14921830560966054, 0.13918143106839442, 0.12723609649623674, 0.12617315589903785, 0.14640804993881362], [0.16666666666666666, 0.14852770615003788, 0.1480745443424511, 0.13961109620580267, 0.12660476234811097, 0.12516982924488093, 0.14534539504204969], [0.16666666666666669, 0.14877181668618195, 0.1484248605313155, 0.13919283808598182, 0.12620604252907414, 0.12522210498225853, 0.14551567051852143], [0.1541032483599806, 0.14446252832145268, 0.1409809237050316, 0.15025371152704414, 0.1394743323299788, 0.1250925096628308, 0.14563274609368143], [0.1627819040061796, 0.15010275913291188, 0.15114814096167517, 0.13531537939886834, 0.12599741659687386, 0.12867566830434252, 0.1459787315991485], [0.16666666666666669, 0.1491154512969532, 0.1485356357085279, 0.13638573480218247, 0.12680192076017247, 0.12696960056413603, 0.14552499020136136], [0.16510774808168868, 0.14825442995036409, 0.14720604510106441, 0.1409029280500255, 0.12777045074594154, 0.12509005900860518, 0.1456683390623107], [0.16265307070966023, 0.14855768443429887, 0.14701284279563967, 0.1410384614155976, 0.12745778586932827, 0.12634549599282657, 0.14693465878264883], [0.16243808969799675, 0.14869710582935206, 0.14726159619350315, 0.1408306822668924, 0.12706447369126334, 0.12662780491478454, 0.14708024740620776], [0.16221082409876025, 0.14875692087563452, 0.14750302115886102, 0.14030251241169836, 0.12716954665261046, 0.12704456389562785, 0.14701261090680748]]