[[0.15938438300854155, 0.14526242053808644, 0.14660683029535496, 0.12724618722321734, 0.14687840678060807, 0.12836006417427998, 0.14626170797991167], [0.1618115808423598, 0.14184179816496575, 0.1520679005034236, 0.12666900748904822, 0.14880262008432127, 0.12234588648893625, 0.14646120642694513], [0.16224195795630272, 0.1425469292799439, 0.1527082302730358, 0.1261906167375922, 0.14795396778272227, 0.12260989912959046, 0.14574839884081267], [0.1650101952793654, 0.14436064671589646, 0.1494110524619016, 0.1258487480212258, 0.14639019500174186, 0.12381740072387874, 0.14516176179599016], [0.16360546206831392, 0.1439822317925016, 0.15162077122180098, 0.125653478956407, 0.14607583781365796, 0.1238529491857114, 0.14520926896160713], [0.1628210677096452, 0.14514232463376645, 0.15013975567934829, 0.1269793116298497, 0.14611723794427298, 0.12454193213056805, 0.14425837027254942], [0.1636762689444893, 0.1442449747812456, 0.15151844269172193, 0.12541173858662427, 0.14557211836812586, 0.12415887894029536, 0.14541757768749772], [0.16298704304520667, 0.14498308773326463, 0.15155550196646309, 0.12533564681662535, 0.14478896458374194, 0.12515043141137477, 0.14519932444332354], [0.16110072201247005, 0.14281130229177486, 0.14913194840019703, 0.12722985747291402, 0.1483961850335373, 0.12351384033127512, 0.14781614445783167], [0.16455069035706746, 0.14573385899784522, 0.15009750115591344, 0.12506267735656226, 0.14449480522977146, 0.12495628678459415, 0.1451041801182461], [0.16205519949748942, 0.14555070776864584, 0.1509430406208117, 0.1268251096962445, 0.1452799994497586, 0.12498448848078093, 0.14436145448626903], [0.16348993376493104, 0.1469404482730778, 0.1493407000153591, 0.1252809618572929, 0.1437110637642258, 0.1264013466576503, 0.14483554566746296], [0.16218545099601686, 0.1450190651669755, 0.1516807889876668, 0.12656238111239196, 0.1453179636348878, 0.12462380641043827, 0.14461054369162285], [0.1630967673811261, 0.14624043042120607, 0.1507155635065936, 0.12517983474728836, 0.14396828922889143, 0.12586692485371087, 0.14493218986118364], [0.16194989993349862, 0.1473985566144151, 0.15009731918147792, 0.12557274578060587, 0.14327456689705856, 0.12715975129777088, 0.1445471602951731], [0.16275460325863944, 0.14644328010815486, 0.15068635588952695, 0.1253455423169615, 0.14381981097543833, 0.12610001466491802, 0.14485039278636092], [0.1624020591365095, 0.14787302261385102, 0.14911486983254585, 0.12527563715964915, 0.14288398413502712, 0.12766758006532655, 0.14478284705709088], [0.15694473501811815, 0.1449364782324489, 0.14614418945078156, 0.12757255845632157, 0.14597793050273847, 0.12910234471222753, 0.1493217636273637], [0.16062044013155394, 0.14538409739774238, 0.14834499179232158, 0.12478427731837563, 0.14515145590359055, 0.1270113885384796, 0.1487033489179363], [0.1645031058686082, 0.14578314206004142, 0.14931070511817057, 0.1253753971411386, 0.14502346792654178, 0.1245066985542213, 0.14549748333127807], [0.16413126319951662, 0.14670601880829326, 0.14883224434573167, 0.12533789305926413, 0.14426217279847087, 0.12559599687281323, 0.14513441091591014], [0.15642194249768793, 0.14441836468483552, 0.14852078523180004, 0.12644719349664754, 0.14520426915221116, 0.12911688771318855, 0.14987055722362924], [0.16359114421670543, 0.14753265493896636, 0.14839510582031354, 0.1251863292347527, 0.1434351274774722, 0.12673278132228324, 0.1451268569895065], [0.1635083130651662, 0.1470871518021072, 0.1494483864863374, 0.12516289969296682, 0.14348660143439165, 0.12625763841339374, 0.14504900910563692], [0.1647680226710677, 0.14485939155846714, 0.1505990362893553, 0.12438640052608048, 0.1447086638802656, 0.12433934094887575, 0.1463391441258881], [0.1640857081734067, 0.14634597330837346, 0.14984469064096992, 0.12502194838037098, 0.14379281787663187, 0.12560039127094372, 0.14530847034930328], [0.16577208887028635, 0.14509409686345195, 0.149367432952647, 0.12497627899937858, 0.14509115532156558, 0.12383184367190489, 0.14586710332076563], [0.16375207948003523, 0.14636913960044992, 0.15020804804956633, 0.12505254177452507, 0.14395882162496912, 0.12549398080700647, 0.14516538866344786], [0.16213106681805875, 0.14772237691697626, 0.14961406614154926, 0.12557730360907698, 0.14323807299261254, 0.12705728913606246, 0.14465982438566383], [0.16504776776543692, 0.14583800916380377, 0.14977133730033856, 0.12475529279963836, 0.14418736833543294, 0.12479256225014723, 0.14560766238520206], [0.16253842822555198, 0.14800003625873276, 0.1491397340119312, 0.12523473526008203, 0.14281341959775073, 0.1273662051016721, 0.14490744154427931], [0.16252508101313137, 0.14703577585367164, 0.1506054411840971, 0.12482500197527914, 0.14301105181335416, 0.12676075014059773, 0.14523689801986903], [0.16363223280820724, 0.14687971208495232, 0.1495449331292398, 0.12501119199339455, 0.1436565006311112, 0.12603724440567263, 0.14523818494742227], [0.16137437330547758, 0.14781211702604155, 0.1503815188025509, 0.12551025911823982, 0.14274890302297136, 0.1274498793627765, 0.14472294936194227], [0.16285427083310833, 0.148150034719313, 0.1487736280684866, 0.12497713982824842, 0.14277082130656849, 0.1272856167468983, 0.14518848849737687], [0.16511089145247865, 0.1455653886118976, 0.1497207290699015, 0.12435896993138525, 0.14417248881225722, 0.1246448614761634, 0.14642667064591658], [0.16032331095768274, 0.14474518618920068, 0.14727583296904137, 0.12678467341549537, 0.14665569342730853, 0.12564311173024556, 0.14857219131102573], [0.1631303843686325, 0.14772933747512074, 0.14904708069805936, 0.12516399926521754, 0.14302356637904182, 0.12668861376140378, 0.14521701805252432], [0.15761921198796064, 0.14649332965074943, 0.14619859304774155, 0.12584209818855008, 0.14327332924165012, 0.13112711022051632, 0.14944632766283178], [0.15761921198796064, 0.14649332965074943, 0.14619859304774155, 0.12584209818855008, 0.14327332924165012, 0.13112711022051632, 0.14944632766283178], [0.1627094969796306, 0.1479772058758691, 0.14914913170912197, 0.12487530148048925, 0.14250296674612778, 0.12738507804712268, 0.14540081916163863], [0.16225362110431496, 0.1478085886170733, 0.15001307792460872, 0.12491780757660988, 0.1425613902370128, 0.12720854725396685, 0.14523696728641344], [0.16511339341446726, 0.14588456712948575, 0.14965259837637593, 0.12440555984353949, 0.1439474861289479, 0.12461275560260576, 0.14638363950457783], [0.1585328610032421, 0.148163591385891, 0.14519721295483964, 0.1253683810162701, 0.1423131981869918, 0.1317459789590551, 0.1486787764937104], [0.16263295143032905, 0.14814740407394816, 0.14890053759535163, 0.12499730753706605, 0.14252442586068767, 0.12736226194158906, 0.14543511156102829], [0.1612306219831341, 0.14666049588919788, 0.14668300400839682, 0.12601964750531022, 0.14460550578294337, 0.12672358479818435, 0.14807714003283318], [0.16386958363548912, 0.14705654669229357, 0.14903251899334202, 0.12413367518423164, 0.14289053798579773, 0.12611209205455254, 0.1469050454542934], [0.15948766697062738, 0.1474793769813123, 0.1448399387081676, 0.124966544670113, 0.14202118652500165, 0.13170319969945982, 0.14950208644531818], [0.15841580753072737, 0.15069556784939062, 0.14455659818120292, 0.124387145076286, 0.14030602989144164, 0.1336762453510947, 0.14796260611985673], [0.16161376865696003, 0.14615846327671106, 0.14749800645221486, 0.1257018209840144, 0.1445540365876837, 0.12604668696706933, 0.1484272170753465], [0.15944649079880505, 0.14887561711009162, 0.14438345439921146, 0.12453081205179156, 0.1406168114769567, 0.13327077768106785, 0.14887603648207579], [0.16197179467656161, 0.1483453331042311, 0.1472203544714705, 0.12472514697535708, 0.14244535882023535, 0.1275275244317652, 0.14776448752037907], [0.1609405504372516, 0.14772577893397043, 0.15034150770612834, 0.1233799953221997, 0.14125301727945808, 0.12677787019782139, 0.14958128012317032], [0.16080541181015462, 0.14894730895757619, 0.1496833098900635, 0.123501144680664, 0.1407173099907705, 0.12749522436943234, 0.1488502903013388], [0.1607384337768704, 0.14853066429976172, 0.15057063963594117, 0.12319558788904005, 0.14067968841464173, 0.12722428361757987, 0.1490607023661651], [0.15738182119306043, 0.151054896060028, 0.15084464029300296, 0.12441179863460024, 0.1388668223630484, 0.13085301511751632, 0.1465870063387436], [0.163758525349288, 0.14569677958331653, 0.15030769119123372, 0.12539328579179732, 0.144437265573555, 0.12516645381065256, 0.14523999870015686], [0.16400141571159899, 0.14631423253681025, 0.14984304945031607, 0.1252344414806925, 0.14411621433352018, 0.12537374847680569, 0.14511689801025635], [0.16328549033319872, 0.14333049744918624, 0.15146456517791748, 0.12608088042895546, 0.14686911872508718, 0.12361456412122473, 0.14535488376443012], [0.1648816483999726, 0.1441444101875998, 0.1503082398352576, 0.12528928299065653, 0.1458953752630022, 0.12382895697833023, 0.14565208634518115], [0.1627987654305092, 0.1457316982246167, 0.14985579950155234, 0.12351253883795113, 0.14403283902254582, 0.12628062413546728, 0.1477877348473575], [0.15915877674719234, 0.1446301839245177, 0.1473025697626613, 0.12630509686187785, 0.14809711220403565, 0.1262425550095478, 0.1482637054901674], [0.15848449172433496, 0.14828060754378167, 0.14542914989347394, 0.12572465179426995, 0.14301164616352027, 0.13097099960082864, 0.1480984532797906], [0.1590727012240523, 0.14649006532380832, 0.14476503323546838, 0.1259201726809972, 0.1432284719807251, 0.1311266943843028, 0.14939686117064602], [0.15873827025316525, 0.14886387564947468, 0.14590236237265053, 0.12474414494803326, 0.14210184518092575, 0.13116958994736716, 0.1484799116483835], [0.15925526314235597, 0.14771655297706293, 0.14666251467146735, 0.12450235800215692, 0.14296609180143163, 0.12955562457428052, 0.1493415948312448], [0.15811203181983002, 0.15113351728090993, 0.1453587359932992, 0.12418092009332368, 0.14029276905147334, 0.1330917999881172, 0.14783022577304653], [0.15822958362524292, 0.15119843577938114, 0.14560062535081497, 0.12395534174815737, 0.1401183554407282, 0.1330823745316653, 0.14781528352401008], [0.1582666301436309, 0.1509384875926888, 0.145461124524743, 0.12415641760235135, 0.14036625788951584, 0.1326781399862011, 0.14813294226086912], [0.15934824924747423, 0.1510071398264861, 0.14422381890632788, 0.12358387721855896, 0.13928430657941834, 0.13392381203755532, 0.14862879618417907], [0.1561327416758806, 0.13957296834023172, 0.15050444688445333, 0.13020882907117182, 0.15312341846982433, 0.12276899223445221, 0.14768860332398598], [0.1617367819091911, 0.14376599641186497, 0.1477720144261794, 0.1276107658445085, 0.14820031922639204, 0.12463860967990735, 0.14627551250195642], [0.16249504577922863, 0.14363999844214193, 0.15163449776350363, 0.12716006536100868, 0.14721252034398877, 0.12336434360907157, 0.14449352870105672], [0.16323893519698074, 0.14310029166057625, 0.15137880301718645, 0.12672853533139833, 0.14773815184448238, 0.12260968053213445, 0.14520560241724134], [0.1625687842194536, 0.1440139990537406, 0.15139807473851774, 0.12718173232984653, 0.14681800980365364, 0.12357345826476762, 0.14444594159002028], [0.162824377304996, 0.14421418447763518, 0.1513329645811326, 0.1268497623433574, 0.14649784096019058, 0.12376946608093274, 0.14451140425175554], [0.163399905765884, 0.1431507992919245, 0.14949153399294834, 0.12729068765955362, 0.14841144500763523, 0.12263533061444698, 0.14562029766760742], [0.1637930783976059, 0.14442195148738543, 0.15027004657415147, 0.12656214691604054, 0.1466396583886751, 0.12363636393061624, 0.14467675430552546], [0.16181841009714149, 0.14219748074274305, 0.15280954925087928, 0.12570161016974318, 0.14766907227929565, 0.12283259810763959, 0.14697127935255777], [0.1620405390023257, 0.1447135252808782, 0.1500974535954391, 0.1278486905385625, 0.14703537374158585, 0.12388116530333723, 0.14438325253787154], [0.16139945669255334, 0.14456776327305584, 0.14946340266246616, 0.12852116065455665, 0.1477306502265564, 0.12374699349035094, 0.1445705730004607], [0.1624730608237077, 0.14340425622432262, 0.15259385343260384, 0.126454952992078, 0.14681024133211257, 0.12310942549017831, 0.14515420970499687], [0.16419063678831924, 0.1435329267085722, 0.15085128120899471, 0.12608516547443588, 0.14670535978161267, 0.12306060540137918, 0.1455740246366861], [0.16389238458693073, 0.1441885546966664, 0.15057652751380182, 0.1265670746112556, 0.1466102116287648, 0.12327841027669524, 0.14488683668588542], [0.15615937457737356, 0.138878648101526, 0.15124835575191248, 0.13316798878176694, 0.1543774547852385, 0.12000770892754699, 0.14616046907463556], [0.16488090453338197, 0.14402659102625157, 0.15045584069887077, 0.12516474675651754, 0.14631261974373613, 0.1232923891969928, 0.14586690804424915], [0.16269353721189922, 0.1441067268894977, 0.15278319880910005, 0.12518507730533102, 0.14574795391923573, 0.12391368756039263, 0.14556981830454374], [0.1641816028823719, 0.1434008006946555, 0.15041703752053454, 0.12644231906375195, 0.14730602149325936, 0.12252288825760198, 0.14572933008782463], [0.16406909821926954, 0.14470550251713718, 0.15051017677217293, 0.12603726212185706, 0.1459677232859727, 0.12377238912144314, 0.1449378479621475], [0.16094726117716018, 0.14599062427329834, 0.15064294436693118, 0.12742310684955985, 0.14535732498098114, 0.1255074879634394, 0.14413125038862964], [0.1622392440803879, 0.14790140550517408, 0.1464809552408798, 0.12604090424650735, 0.14371653127944406, 0.12789555865644164, 0.1457254009911651], [0.163520365023912, 0.14576049854005316, 0.15091876381248126, 0.1250491167452575, 0.14459294559129404, 0.12492021047055266, 0.14523809981644947], [0.16224972684542338, 0.14589331980750295, 0.15234478589856507, 0.12359100195871056, 0.1437808493298235, 0.1256856389562952, 0.14645467720367944], [0.16353760738920034, 0.14469412581901553, 0.15223072991252387, 0.12449753692902803, 0.14493956382849477, 0.12390363374765638, 0.14619680237408086], [0.1618905940968819, 0.14624526135526292, 0.1511850529757804, 0.1262071638997508, 0.1442281608527247, 0.12547334478226346, 0.14477042203733573], [0.1637268244656427, 0.14548957896846448, 0.14829490847013452, 0.12541006072285144, 0.14538856085613186, 0.1246186806805638, 0.14707138583621113], [0.16184886449547212, 0.14849083972015642, 0.1465733909824639, 0.12543591356407635, 0.1427899444991657, 0.1284240641242256, 0.1464369826144399], [0.15876625235539527, 0.15038252864637414, 0.14943029099630026, 0.12556577724417137, 0.14051099672596648, 0.13060525788321561, 0.14473889614857693], [0.16032766235498805, 0.14790136156842235, 0.1508876501299888, 0.12599990082773105, 0.14249648487763428, 0.12627700108548462, 0.14610993915575088], [0.16191290273332834, 0.14804927121577827, 0.1500019480820442, 0.12425194154619729, 0.1422289548995143, 0.12625333318376755, 0.1473016483393701], [0.16024661408519944, 0.14889254100583502, 0.1509282952930718, 0.12432817368681788, 0.1411851718262952, 0.12751809062006855, 0.14690111348271204], [0.1590270544204618, 0.15230000429539603, 0.14728655510977426, 0.12523679226195, 0.13934069526427134, 0.13013500073068532, 0.14667389791746138], [0.15635451843342008, 0.15191272827843585, 0.1505463528951083, 0.12306209595439774, 0.13749200093184075, 0.1332281578051577, 0.14740414570163965], [0.16104499181967924, 0.14950072870124897, 0.14110688523839984, 0.1250711828823053, 0.1356940889835827, 0.13930137840440962, 0.14828074397037447], [0.16666666666666666, 0.14925227723527268, 0.14248996418816093, 0.12174266227465498, 0.13568193424220085, 0.13390223298787302, 0.15026426240517082], [0.14877730814273837, 0.15662260790825536, 0.1410461387832773, 0.12706152082030633, 0.1262528558650616, 0.15630304870048745, 0.1439365197798737], [0.14655718137460813, 0.14968290543459664, 0.14163106260390754, 0.1341730683396194, 0.1347854352433535, 0.1503584178561651, 0.14281192914774957], [0.14532801637637896, 0.15168379513116093, 0.13817151669629082, 0.12832562505055775, 0.12788577569004958, 0.16666666666666666, 0.14193860438889525], [0.15442538718019658, 0.16082025624162152, 0.1485942963415835, 0.11740588797862156, 0.12413678006700674, 0.13977467823092565, 0.15484271396004448], [0.14963523928725025, 0.15976879586058926, 0.14985472067866473, 0.12017304272455727, 0.12713641462379144, 0.1421899443573431, 0.15124184246780395], [0.14591170864908926, 0.15390204149403153, 0.13982132040530887, 0.12520475069562537, 0.12594477302781315, 0.16666666666666669, 0.14254873906146523], [0.1458017138486933, 0.15340923164092657, 0.13981833992989973, 0.12638241556141705, 0.1268374584287514, 0.16528340204505695, 0.14246743854525507], [0.14815589789067543, 0.15746576682217883, 0.1405646721112272, 0.12446830590165707, 0.12576160888240243, 0.15882751038814605, 0.14475623800371307], [0.16419653833075842, 0.14374502036557132, 0.14946844774680076, 0.12619395775430187, 0.14711447869009253, 0.12378959930329737, 0.14549195780917776], [0.16376747280961118, 0.1453485658089829, 0.14794382568486436, 0.12648580951463345, 0.14610697962926694, 0.12551014589038323, 0.14483720066225797], [0.16384608994206235, 0.14410911541682883, 0.1487307258332768, 0.12634734740573272, 0.14720921104128734, 0.1242249031422282, 0.1455326072185838], [0.16390062137373182, 0.14456739844352712, 0.1481734836051025, 0.1266450165150057, 0.14706422874709293, 0.1244857654499611, 0.14516348586557876], [0.16089966379871468, 0.1421458715899839, 0.14896691264584067, 0.12895101498438052, 0.15059981030162448, 0.12238772559965487, 0.14604900107980082], [0.1637998406484521, 0.14349947571233568, 0.14964080728771437, 0.127060438895201, 0.1478600818716359, 0.12294750583373071, 0.14519184975093016], [0.16310004643045797, 0.14269504128913138, 0.15013789886782078, 0.12719843597220226, 0.14864812520321669, 0.12235123551287036, 0.14586921672430062], [0.16460284280194665, 0.14491946794647126, 0.1483300267323658, 0.12597314142999455, 0.1461644329617862, 0.12449732580292039, 0.14551276232451507], [0.1631604016225308, 0.1446329128887431, 0.150600894741561, 0.12677328019137818, 0.14637950614226475, 0.12387719127890016, 0.14457581313462214], [0.16446286659037512, 0.14400573245459627, 0.1507866665450539, 0.1257663313665119, 0.14644973349279777, 0.12319346593672732, 0.14533520361393779], [0.16304429101593249, 0.14297191099103904, 0.1503655587520179, 0.12706787413015821, 0.14834030976090756, 0.1222291058377514, 0.14598094951219337], [0.16503860914684937, 0.14554177786372105, 0.14932218966153413, 0.12477795049776337, 0.14460247636915383, 0.12509798323530508, 0.14561901322567306], [0.16427194820337937, 0.1463388898568754, 0.1479964822319229, 0.12583714793095988, 0.14501075045108, 0.12532089709379218, 0.14522388423199037], [0.16454946538279844, 0.1466318196621241, 0.1487836956006276, 0.1249398523275659, 0.1439690618819411, 0.12580004216290927, 0.14532606298203354], [0.16666666666666666, 0.14830018532948044, 0.14648536933956843, 0.12087604253211262, 0.13644973147191689, 0.12783053820533102, 0.15339146645492382], [0.16295361463374952, 0.1485723967700232, 0.14831751323018275, 0.12198765249267406, 0.1378876374533926, 0.12709584674011237, 0.15318533867986545], [0.16666666666666669, 0.15013046314782008, 0.14757138100406378, 0.1185022899794205, 0.12993683257451155, 0.13088207837632454, 0.1563102882511929], [0.16097040957234565, 0.15560526242393738, 0.14711284837576585, 0.1175652338683736, 0.12657416592929033, 0.13718180301024424, 0.15499027682004302], [0.15111683212220495, 0.1598446844174524, 0.14194065079983073, 0.12335946672140072, 0.12539849129779265, 0.15092844849235676, 0.1474114261489619], [0.16339136943920177, 0.14369647165106036, 0.14912386703026864, 0.12683273055917604, 0.14763078779146754, 0.12420289751185118, 0.1451218760169745], [0.16090117817996794, 0.14324755577764184, 0.14753454807488148, 0.12848750683939975, 0.14939912742918432, 0.12422640225607487, 0.1462036814428498], [0.16412011990724115, 0.1438650226993553, 0.1501933464836448, 0.12597845392531817, 0.1468303982319328, 0.12395721337477203, 0.1450554453777358], [0.1637839215610562, 0.1451558076279548, 0.14786341359641603, 0.126415223008387, 0.1463357892799745, 0.1251999841533325, 0.145245860772879], [0.1635288275714382, 0.14570332636810873, 0.1500641082803844, 0.12543646917796747, 0.1446318492660947, 0.12587130803294344, 0.144764111303063], [0.1634334251678611, 0.1450037938227719, 0.15028622520607726, 0.1264689596973278, 0.14601523298524838, 0.12430454118692849, 0.1444878219337851], [0.16138788453281158, 0.1447799169880415, 0.15184529418601608, 0.12719382413211267, 0.14594168272092184, 0.12468538004644278, 0.1441660173936536], [0.16240238005204552, 0.14474576927201457, 0.1511115096597855, 0.12693987450409092, 0.14620035175417384, 0.12422283625007112, 0.14437727850781845], [0.16403833405692156, 0.14365344304630853, 0.14973526761855413, 0.12679205831137755, 0.1474994423627981, 0.12272201728655714, 0.1455594373174831], [0.16465193262211208, 0.14517737372761305, 0.14983616746130057, 0.12499332399251147, 0.14501574872210532, 0.1248443060010808, 0.14548114747327678], [0.16344257700103854, 0.14555345783341503, 0.15021292376094703, 0.12619717866848879, 0.14523848544092452, 0.12471540575056418, 0.14463997154462177], [0.16348300259188214, 0.14489132789906187, 0.14974203358971616, 0.12673961797210914, 0.14638166828206314, 0.12363418297508175, 0.1451281666900858], [0.16273443937252677, 0.14785502667333852, 0.14985272759587875, 0.12407896410823206, 0.14203316308501795, 0.12665966802005832, 0.14678601114494766], [0.16354654345333264, 0.1471174326254014, 0.14776134963100854, 0.12574706391333426, 0.1440939905880207, 0.12656882155962917, 0.1451647982292733], [0.16284992014329303, 0.14505835554054325, 0.15067908259564405, 0.12359761768985751, 0.1445478489500158, 0.1257553684261847, 0.14751180665446173], [0.16561781235501946, 0.14441763330825436, 0.1498814456804246, 0.12503406233334174, 0.14565737447821434, 0.12349069472233513, 0.1459009771224104], [0.1666666666666667, 0.14493098384889627, 0.1494087429637032, 0.12459803854516244, 0.14493510177421748, 0.12380487188929937, 0.14565559431205474], [0.16077491452399928, 0.14868748525840336, 0.14807705283430447, 0.1267920710902827, 0.14337154220889323, 0.12832462606822004, 0.14397230801589694], [0.16396577265649853, 0.1451897043016135, 0.14887967410484915, 0.12618090798341194, 0.14601699425705544, 0.12384260860480013, 0.14592433809177122], [0.1579238979216186, 0.14585566592696744, 0.14579739762883762, 0.1262662947396069, 0.1442434791477886, 0.1304016857478025, 0.14951157888737845], [0.1606627001857672, 0.146445797687107, 0.15061210498852043, 0.12323478339433783, 0.14265779722271657, 0.12844502746675734, 0.14794178905479358], [0.16475915902709098, 0.14427329209269402, 0.15040764402931367, 0.12509044742962638, 0.1455842879613641, 0.1234562946317715, 0.14642887482813924], [0.1636453593725779, 0.1476490832900011, 0.14781655209595204, 0.125206437050902, 0.14343698499533725, 0.1266978705469371, 0.14554771264829255], [0.16406594475611105, 0.14653055174394555, 0.1503341500491428, 0.12420832664755474, 0.14329917091903538, 0.12556646649365902, 0.14599538939055154], [0.16459072738372096, 0.14559996618086962, 0.14961417011757663, 0.12420502093390251, 0.14413815345666425, 0.12466551861923632, 0.1471864433080296], [0.15818508938079714, 0.1471877821913004, 0.1459000285501441, 0.12534066300589033, 0.1426814544730346, 0.13129964913842052, 0.1494053332604128], [0.16195789751129513, 0.1457474676865272, 0.14744922785785652, 0.12614432766590408, 0.14543112345507936, 0.12529075095248074, 0.147979204870857], [0.1613582234990752, 0.1459153909425194, 0.14710065412573253, 0.126504831064332, 0.14553640457404995, 0.12545104556923686, 0.14813345022505414], [0.16185787229891124, 0.14722631154612587, 0.14711081099949963, 0.12547248417310974, 0.1439191611389603, 0.1263914985670478, 0.14802186127634534], [0.16134639951880436, 0.14617900420443813, 0.14967044458073928, 0.12358305783830852, 0.14355442207125607, 0.12750390891823835, 0.14816276286821517], [0.15718865730169904, 0.1452573085088366, 0.14594700778285996, 0.1276433399734356, 0.1458437147265335, 0.12901147165420965, 0.14910850005242557], [0.14690352826700687, 0.13787190031463536, 0.14507854548870364, 0.1438596917418775, 0.15870319570629032, 0.12483372788730408, 0.14274941059418214], [0.16666666666666669, 0.15483339652790185, 0.14592715290635677, 0.11975257751186356, 0.13154912202647348, 0.131577826296154, 0.1496932580645838], [0.1564054718917335, 0.16666666666666669, 0.14064550496036077, 0.12031651530199376, 0.12731418238278083, 0.14439318803980494, 0.14425847075665957], [0.1541553484743667, 0.16235103846121035, 0.14095709965527115, 0.12320159061716973, 0.12817433964521752, 0.1478584331972289, 0.14330214994953572], [0.1516023744662945, 0.16666666666666666, 0.14638868861275794, 0.11887341266697118, 0.12287287899644651, 0.14561731817255008, 0.1479786604183131], [0.15329108979844533, 0.1576037009634811, 0.15098697119577803, 0.12402630179729995, 0.12794116499538977, 0.1364532554735344, 0.14969751577607146], [0.15365145312828868, 0.16064267179855451, 0.148696633701316, 0.11945857591241285, 0.1239195372969855, 0.14180566200521214, 0.15182546615723028], [0.15346751475947223, 0.16479237306330635, 0.1444855971906011, 0.11891324800553714, 0.12241527525985292, 0.1461159811298681, 0.14981001059136198], [0.14146677454894785, 0.1379553309624922, 0.14072252024977208, 0.16666666666666666, 0.14431297412642877, 0.1290143314683085, 0.13986140197738392], [0.14163021969603684, 0.13810177261933176, 0.14093497035062183, 0.16587619672497989, 0.14437821176917537, 0.1291053712357131, 0.1399732576041413], [0.15245497226340807, 0.16666666666666666, 0.14338961164833747, 0.11878923054403068, 0.12194413156389229, 0.14802029119321958, 0.14873509612044516], [0.16055939269229477, 0.1512342016954241, 0.14778292543613472, 0.1246113440203844, 0.1357158283464215, 0.12964832464870313, 0.15044798316063737], [0.15372462426522274, 0.16212447532248744, 0.1480033749731366, 0.11782530498068476, 0.12431811773768063, 0.14313977396963504, 0.15086432875115263], [0.16666666666666669, 0.14684102899698526, 0.14848762974836802, 0.11914106007461585, 0.13759890047275034, 0.12672791160067387, 0.15453680243994], [0.1629637226362964, 0.14919904427807068, 0.14859085608683928, 0.11915762524448982, 0.1363877898704118, 0.1298865432628691, 0.1538144186210229], [0.1631006155472101, 0.14601085292996507, 0.15041448613232644, 0.12024949274637359, 0.1393964267872226, 0.12470234223199833, 0.15612578362490384], [0.16380142543227363, 0.14644189376632533, 0.15065685382918262, 0.11962191658173633, 0.13820730008022578, 0.12582550160274938, 0.15544510870750702], [0.1505393945759762, 0.14388532603868176, 0.16666666666666666, 0.12453635418710425, 0.14188441902234214, 0.12353202204829597, 0.14895581746093295], [0.15614101196016972, 0.1520305935071238, 0.1548606766052221, 0.11567548621278233, 0.12962256643569917, 0.12500299861233632, 0.16666666666666669], [0.1553309496517239, 0.15556992317140172, 0.15299226792219475, 0.11791907435909228, 0.1255318862453652, 0.13555851116782752, 0.15709738748239457], [0.15130511279015801, 0.16666666666666669, 0.14927998949063723, 0.11621575496494048, 0.12416357762913158, 0.1384762115220606, 0.1538926869364055], [0.14549341232333127, 0.1466238483175627, 0.15308643229347, 0.13350634041384402, 0.1427694352196179, 0.1303056078842715, 0.1482149235479025], [0.15136941857071626, 0.1375390025083401, 0.14993160082638235, 0.1388563813549507, 0.15865851220909447, 0.12171621548932886, 0.14192886904118737], [0.14980604615254514, 0.13613669459413066, 0.14609114397598758, 0.1386703249547429, 0.16666666666666666, 0.12035157510957006, 0.14227754854635694], [0.16312807223343417, 0.1462682938062446, 0.14838459104727625, 0.12488715078210277, 0.14398492511196861, 0.12554608981390744, 0.14780087720506616], [0.15543714079930848, 0.14391721159621584, 0.14602908935520204, 0.131082317399054, 0.1426382435611621, 0.1287293946646222, 0.1521666026244354], [0.15079278293978288, 0.14311649064546064, 0.14909784595886494, 0.13155290411398768, 0.1482335482905564, 0.1262806003129777, 0.15092582773836982], [0.15743523404406454, 0.14553299325609936, 0.15437920671338223, 0.12234421258299528, 0.14176312550688464, 0.12505874556963817, 0.15348648232693593], [0.14877712875437954, 0.14790773543437807, 0.16510443180240464, 0.12293047292671323, 0.1356988662123628, 0.12403305663826167, 0.1555483082314999], [0.14941357214951526, 0.1480663809858917, 0.16223028131912637, 0.12393993207640673, 0.13451658083632528, 0.127283629913594, 0.15454962271914072], [0.1480331189000161, 0.1466769042475465, 0.16476007871069723, 0.1243883977411821, 0.1387159349734825, 0.12430762541644347, 0.15311794001063214], [0.1477924045268468, 0.14676182850037683, 0.16666666666666669, 0.12377089632593362, 0.13800171033594333, 0.12451387677482048, 0.15249261686941235], [0.14954322133332135, 0.14812559861911812, 0.16259427717612068, 0.12359321340609349, 0.13449203586911912, 0.12714109314837596, 0.15451056044785133], [0.1507545463607682, 0.1496504569539764, 0.16061277082143602, 0.12266846511258882, 0.13305343404028716, 0.12879678100810527, 0.15446354570283802], [0.14892769563271444, 0.1484580901154408, 0.16666666666666669, 0.12155639843549165, 0.1342373144593361, 0.12427821219103694, 0.15587562249931347], [0.14991327460397122, 0.1478519183222221, 0.16359001961296013, 0.12289775967026709, 0.13445785778050223, 0.12575818272964046, 0.15553098728043666], [0.14905747622871468, 0.14766110680560085, 0.16392665000458662, 0.12348916803767858, 0.13579891357537816, 0.1237865732481411, 0.15628011209990006], [0.1484244564972751, 0.14742967939469526, 0.1622326409834572, 0.1252478020048408, 0.138219325831615, 0.12410441558456851, 0.15434167970354806], [0.148592987887725, 0.14947240065980813, 0.14742152917488247, 0.13748076984839225, 0.1361667701857542, 0.13678429851118895, 0.144081243732249], [0.14842069425782936, 0.14740793216842488, 0.16254514184404892, 0.12524700168913966, 0.13764036215726283, 0.12494346464566825, 0.1537954032376261], [0.14763499655254134, 0.1459680818750645, 0.16435510268958714, 0.12557420142401604, 0.1401215598811987, 0.12419687873112933, 0.15214917884646303], [0.14874945480486915, 0.14809197083200845, 0.16457081858886785, 0.12305341456169541, 0.13603455059099662, 0.12392863155297616, 0.15557115906858643], [0.1481949928174397, 0.14752757492238366, 0.16359047152062928, 0.12405134611402185, 0.13839412566962486, 0.12446076060000553, 0.1537807283558952], [0.1483731995505159, 0.14796380448389507, 0.16375362819043357, 0.12352287287101477, 0.13762726058456234, 0.12445086761255422, 0.15430836670702427], [0.144529594280389, 0.14107066266015414, 0.15428720328433215, 0.13903659982144337, 0.14964406977376615, 0.1257838767474475, 0.14564799343246787], [0.15145664007858145, 0.14860087069618175, 0.16144894745970906, 0.12201994418279338, 0.13284560790339914, 0.1269969816768866, 0.15663100800244853], [0.1507115017101815, 0.14653337390701004, 0.15999811397212596, 0.1251125815123705, 0.13615029883946086, 0.12717460206129522, 0.15431952799755597], [0.14786983005440454, 0.14647194861964297, 0.16413096253936418, 0.12503371961932747, 0.13947578750902637, 0.1240681640036356, 0.15294958765459885], [0.14778002568674875, 0.14656993478128488, 0.16511870540511286, 0.12469680988240828, 0.13861707448321134, 0.12542642523322, 0.15179102452801396], [0.14782776169327544, 0.1472192191131607, 0.1645379020117334, 0.12445196352263131, 0.13814602265176706, 0.12591960654074605, 0.15189752446668603], [0.14799251818166254, 0.14691132660848114, 0.16446594835617928, 0.12442369928160577, 0.13798956452066505, 0.12621075083545125, 0.15200619221595502]]