[[0.14931795843128734, 0.16666666666666666, 0.14252894729466412, 0.12221191387603939, 0.14435130638158006, 0.127014530778344, 0.1479086765714184], [0.15337181884787454, 0.16666666666666666, 0.13964841899341662, 0.12313504989548037, 0.14722425814090895, 0.12171770111121322, 0.14823608634443955], [0.15393903153910982, 0.16382002377259397, 0.1409093919234007, 0.12344261651099554, 0.1466835251169132, 0.12227337597748687, 0.1489320351594999], [0.15248568183502947, 0.1640533862981118, 0.1426544823366572, 0.12272662767069985, 0.14483926867029853, 0.12334311835025437, 0.1498974348389486], [0.15329232208539448, 0.16358238877207698, 0.14252967939032793, 0.12302728153690748, 0.14475734528434892, 0.12348424706169285, 0.14932673586925135], [0.1523145913113209, 0.1626412897578096, 0.14339155234178888, 0.12375117478672912, 0.14444576429977585, 0.12307367748619553, 0.15038195001638002], [0.15330017237142612, 0.16382995909345038, 0.14277613504252318, 0.1227091379937804, 0.1441902194922679, 0.12380052203850339, 0.1493938539680485], [0.15305757999948164, 0.16360615354316166, 0.1435426340606556, 0.12259000138980157, 0.14333561518923538, 0.12450785464209657, 0.14936016117556752], [0.15245502671851163, 0.16666666666666669, 0.140025191412104, 0.12262396164891803, 0.1462623426467715, 0.12270465919829661, 0.1492621517087316], [0.15280068927721976, 0.16515199971067254, 0.14393173860137207, 0.12148096013560568, 0.14258601380745695, 0.12363053760409318, 0.15041806086357995], [0.1527101226544006, 0.16232461163680195, 0.14387025524849986, 0.12365443460917752, 0.14357800339096038, 0.12336216774005072, 0.1505004047201089], [0.15210077646978767, 0.16447036879196403, 0.14513810967145324, 0.12149964646043927, 0.1416136638262792, 0.12472497051691535, 0.15045246426316128], [0.15306396485007948, 0.16255466780834105, 0.1434469419008689, 0.12364986997847459, 0.14376754740342038, 0.12337609172118429, 0.15014091633763113], [0.152827908053678, 0.16388907164508218, 0.1445867206494502, 0.12182105741210922, 0.14213062671873644, 0.12442503628513447, 0.15031957923580938], [0.15220182309705352, 0.16310373564108518, 0.1457480672850488, 0.12205267672659192, 0.14127082024227453, 0.12525182780770877, 0.1503710492002373], [0.15272392387551442, 0.16381635166751185, 0.14479323246957843, 0.12197410779192358, 0.14195571169744967, 0.12457211212406498, 0.1501645603739571], [0.15177891496927307, 0.16336122517081683, 0.14617822318968945, 0.1215430192183491, 0.14073927624621294, 0.12589764626581595, 0.15050169493984256], [0.1498855834702977, 0.164332999347018, 0.14213227046733787, 0.12252759521794887, 0.14330811865196474, 0.12917639540637654, 0.1486370374390562], [0.15237402831962935, 0.16666666666666669, 0.1427752774068544, 0.11965032881726503, 0.14251411868938316, 0.12623628977920495, 0.14978329032099663], [0.15303932484655494, 0.1639022397694994, 0.14386323596779343, 0.1215793252896674, 0.14303372194737324, 0.12319472920139074, 0.1513874229777211], [0.1524235502267892, 0.1641536719381854, 0.14474292742313855, 0.12127328754127907, 0.14205873385132484, 0.12388896481253879, 0.15145886420674406], [0.15073537428132106, 0.16666666666666666, 0.14137444488837883, 0.12186404257823484, 0.14275855320601025, 0.1294470445543317, 0.14715387382505665], [0.15191563209696773, 0.16426081945584084, 0.14561471533438147, 0.12102845669320728, 0.14110646322658135, 0.12497738212058253, 0.15109653107243876], [0.15240230852892622, 0.16456125340308445, 0.14522788934125055, 0.12122171951296036, 0.1412854322315434, 0.1244595693040356, 0.15084182767819954], [0.15372022227022986, 0.16456167131068594, 0.14321118931325977, 0.12119084173961489, 0.14304906957913222, 0.12401605888372245, 0.15025094690335486], [0.15265828413983817, 0.16543000382827458, 0.14446992576292714, 0.12117722368794688, 0.14168105785344634, 0.1240956665837398, 0.15048783814382694], [0.15323895175757532, 0.16484607808199875, 0.14323286292828774, 0.12137932393077355, 0.14322966759662892, 0.12308152721020538, 0.15099158849453032], [0.1529574388356397, 0.16489961909030085, 0.14451328319301193, 0.12124765263364302, 0.14188258349101998, 0.12383460661522679, 0.1506648161411579], [0.15220265981737213, 0.16376616423121082, 0.14586780716083295, 0.12155482026276718, 0.1409445079220307, 0.12476722266559839, 0.15089681794018778], [0.15297053396524476, 0.16666666666666663, 0.14380002363748867, 0.1206544632902355, 0.14198787541878785, 0.12328738060972967, 0.15063305641184677], [0.15206754410790188, 0.16338162887431443, 0.1462130576848701, 0.12126840753626071, 0.14052992008564338, 0.12537915795798582, 0.15116028375302365], [0.15285894261550162, 0.16369132756531754, 0.14540651942619093, 0.12135237295480654, 0.1410477653322203, 0.1252550132376293, 0.15038805886833376], [0.15274414993779015, 0.1644650894808941, 0.14496546003468033, 0.1209813107163611, 0.14143042499482478, 0.12428821999193793, 0.1511253448435116], [0.15245431063501705, 0.16286024637683774, 0.14613591447593108, 0.12185138226353004, 0.1406225718627659, 0.12530914567032653, 0.15076642871559168], [0.15217764701097858, 0.16371235729552433, 0.14628577355196898, 0.12077982326491316, 0.14036497899721392, 0.12530193246833077, 0.15137748741107016], [0.1535004894482071, 0.16499046491593383, 0.14373105786120083, 0.12068116857209081, 0.1422170735031518, 0.12396733340249577, 0.15091241229692007], [0.15191127246884215, 0.16666666666666669, 0.1416318984939518, 0.12112063448443396, 0.14381373588616123, 0.12440353789467265, 0.1504522541052716], [0.15238005000841867, 0.16414218091454025, 0.14580932321803616, 0.12095613487674842, 0.14062644431527233, 0.12469494861665964, 0.15139091805032467], [0.14980994810162548, 0.16536318512585396, 0.14394810447884315, 0.12069135296277371, 0.14032184376247184, 0.13126727002949018, 0.14859829553894163], [0.14980994810162548, 0.16536318512585396, 0.14394810447884315, 0.12069135296277371, 0.14032184376247184, 0.13126727002949018, 0.14859829553894163], [0.15228250944853272, 0.16382343895093168, 0.14617656160561826, 0.12084889413194211, 0.14017490451378115, 0.12564352655488745, 0.15105016479430683], [0.1527105255965422, 0.16343556127422232, 0.14607975304173748, 0.12109043383074028, 0.14035151183183836, 0.12534845742094705, 0.15098375700397237], [0.15360987900730783, 0.16526582375948787, 0.14393676193277355, 0.12044463167352348, 0.14181812774351432, 0.12357604605529349, 0.15134872982809955], [0.14949955168147155, 0.16460976871907215, 0.14571347360481657, 0.11989979471564269, 0.13908839013495508, 0.1314341923971897, 0.1497548287468523], [0.15230039379556531, 0.16327643446850432, 0.14627927298058502, 0.12079390985636528, 0.1400890766945258, 0.12547161935733936, 0.15178929284711487], [0.1519190137686335, 0.16356669777512128, 0.14411479612403727, 0.120847487960912, 0.14179831730567044, 0.12574987930601347, 0.15200380775961214], [0.15337133318769278, 0.16386843201465845, 0.14513705393793686, 0.11997042839745316, 0.1405632647825118, 0.12510695780332307, 0.15198252987642397], [0.14949021970396242, 0.16471639369383517, 0.1451207754832786, 0.11984054866848205, 0.13899163585186716, 0.13220140046449877, 0.14963902613407576], [0.14904192484609968, 0.16431913242375457, 0.14843559217268318, 0.11840442018614072, 0.13657589218356608, 0.13265002002806595, 0.1505730181596899], [0.15270418749440223, 0.16354271375205645, 0.14371177764404597, 0.12081460110081499, 0.14191593839419767, 0.1253469824754951, 0.1519637991389875], [0.1486467433176134, 0.16666666666666669, 0.1464078810741984, 0.11868629082185336, 0.13700352457238, 0.13310825730701675, 0.14948063624027147], [0.15269428865811704, 0.1614392489665712, 0.14628812902855934, 0.1200157591486033, 0.13972567834228466, 0.12658175797842955, 0.15325513787743505], [0.15549645650540783, 0.1646584880425716, 0.14536401991633124, 0.11798253519075594, 0.13808416286997063, 0.12524790132504876, 0.15316643614991401], [0.15490208637448086, 0.16540306081088793, 0.14642819974565874, 0.1173644287873797, 0.13702816591914052, 0.12501676405078058, 0.15385729431167167], [0.15545386901653707, 0.16666666666666666, 0.1459116126938996, 0.11691785388913371, 0.13692686374327595, 0.12455567471257582, 0.15356745927791116], [0.1529101555676004, 0.16666666666666666, 0.14873891013566812, 0.11814334375758999, 0.13474275151107232, 0.12649136176643178, 0.15230681059497062], [0.15284332950224222, 0.16422389895482106, 0.14392960052438625, 0.1219150861198861, 0.14256394446561732, 0.12396859139719232, 0.1505555490358546], [0.1527413617622237, 0.1652184733971618, 0.14438682374949716, 0.12131074201595701, 0.14198064962870527, 0.12367796714332337, 0.15068398230313182], [0.15298467247616424, 0.16331773274005568, 0.14192163312884773, 0.12363061253749857, 0.14567389003673037, 0.12362435946140325, 0.1488470996193002], [0.15302839752017489, 0.16402260871295304, 0.14258498681235032, 0.12242434539565987, 0.14445718733635737, 0.1236939859127775, 0.14978848830972702], [0.15348972231720112, 0.16666666666666666, 0.143571225606679, 0.11905906608574698, 0.14169704544351064, 0.1254448669849136, 0.15007140689528192], [0.15252138562420678, 0.16666666666666666, 0.14123880636967953, 0.12009351929227856, 0.1452392890684289, 0.12444797601243134, 0.14979235696630816], [0.1498163040363287, 0.16380129556732534, 0.14579635650841882, 0.12019272990949824, 0.13981547406466482, 0.13018170204280266, 0.15039613787096145], [0.14927852356952287, 0.16379911212412795, 0.1441539028873493, 0.12120231028935037, 0.1405146635908354, 0.1319416843842959, 0.14910980315451808], [0.15045641995762254, 0.16419008877293545, 0.14645151796735834, 0.11906345604796302, 0.13877320217412323, 0.13027052194733826, 0.1507947931326592], [0.1514574128771462, 0.16666666666666666, 0.14490624741606756, 0.11824938279281007, 0.13945129192035768, 0.12836061151188907, 0.1509083868150627], [0.14956429237358157, 0.16666666666666669, 0.1485703317365579, 0.11717018139807536, 0.13594070937338434, 0.13088832668264866, 0.15119949176908556], [0.14980826136001707, 0.16605816818086294, 0.14875819332974902, 0.117217273968742, 0.13593013789396072, 0.13099342590754967, 0.1512345393591186], [0.14993266894953614, 0.16594656607572758, 0.1484098652747089, 0.11732203683765387, 0.13613793620694242, 0.1307073746536874, 0.1515435520017439], [0.14926987203429584, 0.16366884543540142, 0.14893139166321498, 0.11787303921060331, 0.1356546385672731, 0.13350129683718837, 0.1511009162520229], [0.15111849996551113, 0.16666666666666666, 0.13646755628550053, 0.12603012275376896, 0.15157112517623378, 0.12200710421929764, 0.1461389249330213], [0.1509113271075867, 0.16666666666666666, 0.14098607251235973, 0.12286975036748511, 0.14595868000733808, 0.12333013747996227, 0.14927736585860135], [0.15293159414327953, 0.16234124560840255, 0.14214782079936714, 0.12459995259803705, 0.1459518498067266, 0.12267856603795294, 0.14934897100623418], [0.15334807853929572, 0.16301465235149626, 0.14148073498756622, 0.1239838591945352, 0.14643732375859667, 0.12220505991705614, 0.14953029125145373], [0.15285384849754532, 0.16255652307557344, 0.14244734036460016, 0.12445095392767629, 0.14544527652236616, 0.12265847599633031, 0.1495875816159083], [0.15287496321650082, 0.16288970351986623, 0.14264157898647437, 0.12406092671027757, 0.1450851861904759, 0.12282689982675084, 0.14962074154965438], [0.15260410954332196, 0.16345800682888723, 0.1411530688286114, 0.12394560191248148, 0.14686061926765206, 0.12212309032539512, 0.149855503293651], [0.15274580849999042, 0.16349339087873901, 0.14266331621141107, 0.12339154110737854, 0.14505635183940938, 0.12258612695749621, 0.15006346450557528], [0.1541546603785357, 0.1649655197058679, 0.14040392911997376, 0.12269893800135458, 0.1462765794375592, 0.1228134696090598, 0.14868690374764895], [0.1525161206754332, 0.161626241145139, 0.1428902234943872, 0.12462469247930735, 0.14540491134750685, 0.12241153632206213, 0.1505262745361643], [0.15233687251089956, 0.1605618378853466, 0.14264820592237223, 0.12520776156153826, 0.14608582790651367, 0.12230007617629489, 0.1508594180370347], [0.15378341732343292, 0.16237712058768172, 0.142001379505566, 0.12402992154165264, 0.14561276797101713, 0.1227471528170652, 0.14944824025358427], [0.1532596767008432, 0.16355510566697484, 0.1419530590252641, 0.12331374146820628, 0.14534214640922158, 0.12292389733693039, 0.14965237339255966], [0.15301832913487926, 0.1634861048643497, 0.14243644104484132, 0.12344140984160455, 0.1450468601904401, 0.12233547863395042, 0.1502353762899347], [0.15124453682502417, 0.16666666666666666, 0.13540651986101662, 0.12898231051070816, 0.15284191098505412, 0.11803581800819539, 0.1468222371433348], [0.15362406119691638, 0.16366362658707018, 0.14240110396548689, 0.12218503790384866, 0.14485126243941868, 0.12305203007317915, 0.1502228778340799], [0.1541750015595825, 0.1635009773887332, 0.1426218543625792, 0.12245480084963337, 0.1443711053033279, 0.123280490738439, 0.1495957697977049], [0.15343587620677981, 0.16291501195427058, 0.14168633006867007, 0.12347817139361625, 0.14587932809229742, 0.12227343532154274, 0.15033184696282317], [0.15308087339283882, 0.1640934360717277, 0.1429144262890255, 0.12272366908338873, 0.1442795893972697, 0.12263287348423872, 0.15027513228151085], [0.1523826664690206, 0.16204272148385018, 0.1441844709684716, 0.12399499019607642, 0.1434958498893249, 0.12334919758990136, 0.15055010340335492], [0.1508345187298865, 0.1615843461702456, 0.14597417864217463, 0.12186856366503808, 0.14135951013025308, 0.12682919506701856, 0.15154968759538334], [0.15351023302264905, 0.16412508620719798, 0.14400003910350326, 0.1215446003727922, 0.14273416925640744, 0.12349028541963654, 0.15059558661781353], [0.15456119849284178, 0.16666666666666669, 0.14382037380759463, 0.11929253587834664, 0.14149710257371934, 0.12371121372470571, 0.15045090885612533], [0.15474709389000535, 0.16379932523435664, 0.1430661404433979, 0.1213731496771669, 0.1433297633998445, 0.12317646136887991, 0.15050806598634883], [0.15312320674283242, 0.1631154511751869, 0.14448429892263065, 0.12271829213362737, 0.14229326140872378, 0.12357936136368457, 0.15068612825331423], [0.15324314192116617, 0.1623424040018519, 0.14349539749656406, 0.12152505253196413, 0.14338486681806506, 0.12419321236226562, 0.15181592486812318], [0.15123281936425612, 0.16132657798441458, 0.14658697647133245, 0.12111711608738557, 0.14028892960884656, 0.12747543664199834, 0.15197214384176644], [0.15101164563142863, 0.16666666666666669, 0.14815777922259032, 0.11995054726111966, 0.1369375922536672, 0.12643259203576923, 0.1508431769287584], [0.15384557404561736, 0.16666666666666669, 0.14522730004603238, 0.12020487467704431, 0.1390522268294521, 0.12237844994198219, 0.15262490779320506], [0.15494323425902123, 0.16374007966085616, 0.145760508447153, 0.11903761154212718, 0.1392246611469, 0.12390605064472532, 0.15338785429921709], [0.15450469553686608, 0.16666666666666669, 0.14631482324457845, 0.11818797374553502, 0.13748968192784472, 0.12377432744990126, 0.15306183142860788], [0.151757275507259, 0.16666666666666666, 0.14959692282141443, 0.11744177884277775, 0.1341993252544858, 0.12518203612342865, 0.15515599478396758], [0.152411434029304, 0.16666666666666666, 0.14984413420001352, 0.11694846348596474, 0.13340153103892363, 0.12954881998945234, 0.15117895058967504], [0.1458290689361333, 0.16666666666666666, 0.14721173280779648, 0.11952462365784672, 0.1315640435838473, 0.14184092142917493, 0.14736294291853452], [0.14859090782693452, 0.16666666666666669, 0.1474756810840231, 0.11715956657577924, 0.13252090717377157, 0.13672771428148583, 0.15085855639133916], [0.14384363008102802, 0.14504160686002368, 0.1539808535619404, 0.12689966924544716, 0.12608769957578356, 0.15649846907624712, 0.14764807159953003], [0.1423032906554241, 0.14579161413751518, 0.14819706067436025, 0.13348022924004047, 0.13410565323058674, 0.15009565818716492, 0.14602649387490838], [0.1430387810040904, 0.14793934486867205, 0.14781722116829132, 0.13003145694771312, 0.12961117693215418, 0.15810094150775444, 0.14346107757132454], [0.15510261413143253, 0.1490679608430641, 0.15799854618549022, 0.11848868026825585, 0.1250716218319078, 0.14655469054348522, 0.14771588619636442], [0.15168961725264643, 0.1499753805696111, 0.15640568639524088, 0.12152272893094922, 0.12828395769300663, 0.14444021474350224, 0.1476824144150434], [0.14351309267935203, 0.14532737738440749, 0.15208101653611256, 0.12686260245327677, 0.12757303504520806, 0.1596951793961196, 0.14494769650552344], [0.14317360043585806, 0.1454220970180839, 0.15170472529727583, 0.12755795730924818, 0.1279997214914158, 0.15941944474801234, 0.14472245370010603], [0.14398639580098327, 0.14678461287994643, 0.15147142163535302, 0.12298562934143766, 0.1243243736611367, 0.16666666666666666, 0.14378090001447622], [0.15235788176768933, 0.16287701803279428, 0.14216923834147904, 0.1234116023190653, 0.14577033499550607, 0.12385700775307126, 0.1495569167903947], [0.15118300051201447, 0.16293068646131575, 0.14361333218957004, 0.12321520043681299, 0.14443347876771886, 0.12490139135295344, 0.1497229102796145], [0.15197601101632227, 0.1632877129922119, 0.1423297908150959, 0.12316698638642129, 0.1456744199153395, 0.12399104695625293, 0.14957403191835617], [0.1515944011880203, 0.16313362116866667, 0.14270679880296178, 0.12327548105640428, 0.14541384428281579, 0.12393041063176631, 0.14994544286936487], [0.151598957566672, 0.16666666666666666, 0.13915588598599515, 0.12435209169406991, 0.1486406703519369, 0.12071705726987604, 0.14886867046478328], [0.15258550733665843, 0.16232381832357579, 0.14176132972498515, 0.12408893466705483, 0.14644909553489407, 0.12258266603863914, 0.1502086483741925], [0.15292001878649744, 0.16373066558365276, 0.14071933792105254, 0.12394552695635212, 0.14716306557557174, 0.12198795279060118, 0.14953343238627234], [0.15207090175371266, 0.16329565913438793, 0.14313194650825853, 0.12262831758886912, 0.14447924202063347, 0.1240849394819503, 0.150308993512188], [0.1528043601319434, 0.16288792914906017, 0.14289452609864609, 0.12362583029428612, 0.14477891950506933, 0.12264520252069666, 0.15036323230029836], [0.15341460603317728, 0.16386438424255012, 0.14233701154323655, 0.12275448533411674, 0.1449609855517342, 0.12261297881172324, 0.15005554848346192], [0.15342045091859732, 0.1631907674030299, 0.14098786354301934, 0.1237521242506381, 0.14680577772571257, 0.12168514028170657, 0.1501578758772962], [0.15257448134011584, 0.16492435681987339, 0.1438037273245569, 0.12133155575451125, 0.14278714478561122, 0.12440804105038265, 0.15017069292494875], [0.15200190425681767, 0.16349323382031597, 0.1443610751644395, 0.12186459240773748, 0.1429037128901049, 0.12396271785151629, 0.15141276360906825], [0.15228388648495425, 0.16516627401266826, 0.14470033082452094, 0.12091711753421114, 0.14178086597148143, 0.1243473371047383, 0.15080418806742557], [0.15276298394528492, 0.16666666666666666, 0.14624974137727625, 0.11576395238263734, 0.133076296414502, 0.12922810672636878, 0.15625225248726402], [0.15506932833965117, 0.16666666666666666, 0.14564539691050934, 0.11476020043423245, 0.13323222914206725, 0.12596795872000852, 0.1586582197868646], [0.1557273153710784, 0.15809263489443778, 0.15175589065729367, 0.1157910598302469, 0.12786926645170185, 0.13588001297418772, 0.1548838198210536], [0.154405999675813, 0.1543671665886664, 0.15681198566893853, 0.11510823771546733, 0.12456796948128057, 0.14211457015569462, 0.15262407071413958], [0.14721304397131993, 0.14851334770099164, 0.1528969333614483, 0.12291328290848914, 0.12497331507163952, 0.15808757878036456, 0.145402498205747], [0.15170975115715582, 0.16274969268388362, 0.14208607407360838, 0.12404004751211023, 0.14629621778871127, 0.12416925411242728, 0.14894896267210342], [0.15080971553477848, 0.1644598533846901, 0.14061374980305774, 0.124193727296096, 0.14745715156914602, 0.12329865627263231, 0.14916714613959944], [0.1524691869237974, 0.16331029006038705, 0.14238043898279815, 0.12332930028629915, 0.14553888604282572, 0.12381432861440736, 0.14915756908948505], [0.15138827282660824, 0.16316830602681598, 0.14326252825802138, 0.12287249011468378, 0.14454636605612287, 0.12452572657713354, 0.15023631014061425], [0.1521183349854585, 0.16399144745980984, 0.14412915045820898, 0.12234041756010652, 0.142977214163243, 0.12489504885020272, 0.14954838652297042], [0.15257574947203253, 0.16347872568210933, 0.14326266166525942, 0.12323810842626447, 0.14435539425838312, 0.12299318805680964, 0.15009617243914147], [0.15277681818606081, 0.161721942344223, 0.1433244427285646, 0.12456887035409528, 0.14456346616962812, 0.12346618167385594, 0.14957827854357222], [0.15279614767794034, 0.16251063787470568, 0.14312197361945178, 0.1239971029905673, 0.1446843046425718, 0.12295632584347944, 0.1499335073512836], [0.1530448264743641, 0.1627245572316212, 0.1418490455845117, 0.12366561052234305, 0.14599659810881035, 0.12229523055814663, 0.150424131520203], [0.1528266441489024, 0.1645649018875881, 0.14345387942599205, 0.12165101911388622, 0.14327929169636017, 0.12413835238557444, 0.1500859113416966], [0.15271100256978734, 0.16371342341481077, 0.1437196670234957, 0.12268219542935556, 0.14337733765825467, 0.12314155458485707, 0.15065481931943875], [0.1530039053194244, 0.1628801609071353, 0.14295613425941048, 0.12319126579681675, 0.14457892251203527, 0.12232416848358112, 0.15106544272159675], [0.15385768901911023, 0.16342760192572758, 0.14592161163698417, 0.11970190264418817, 0.1395013909354478, 0.1250385970954992, 0.1525512067430428], [0.15150969178912455, 0.16319798229221127, 0.14518847600232285, 0.12170945616982005, 0.14186670572710994, 0.12514113757290884, 0.15138655044650243], [0.15378706302312503, 0.16537911518489698, 0.14320472430239162, 0.11990301452929955, 0.14265042479542747, 0.1253920234557154, 0.14968363470914378], [0.15336229969609427, 0.1644593334245168, 0.1427074532606628, 0.12183395704727525, 0.14404248758690913, 0.12315549407097696, 0.15043897491356484], [0.15309851148794792, 0.16491392060229806, 0.14325584681425466, 0.12135587138833945, 0.14326028210201022, 0.12337037496002852, 0.15074519264512115], [0.15048350580060754, 0.16666666666666666, 0.1462270932348922, 0.12133536343106864, 0.14018368080958257, 0.12448100495063465, 0.15062268510654767], [0.15311944787562884, 0.16264298612931039, 0.14315698499713653, 0.12234907265060163, 0.14406257505080666, 0.12276733744063224, 0.1519015958558837], [0.14985182076725836, 0.16372649763720298, 0.1434304680840234, 0.12155826094165806, 0.14163040605808483, 0.13097519402586766, 0.14882735248590478], [0.15302147605183014, 0.16666666666666666, 0.14444149980791607, 0.11892980364198436, 0.14027803173603426, 0.1275934367137063, 0.14906908538186214], [0.15383861127155915, 0.16402798698850138, 0.14254504707303048, 0.12188173524578391, 0.14395722117517068, 0.12323837767867747, 0.1505110205672768], [0.15191797950387553, 0.16383947204190605, 0.1456642809942041, 0.1208793699732516, 0.14101257992773752, 0.1250985988531857, 0.15158771870583962], [0.1535566488720033, 0.16532167021996677, 0.1446468899354454, 0.12023650021265143, 0.14111322494738046, 0.12412041066311444, 0.15100465514943817], [0.15397311508200903, 0.16387925798159378, 0.14376860682908152, 0.12051376742899614, 0.14217971656822814, 0.12426629036381945, 0.15141924574627186], [0.1497868296296924, 0.16666666666666666, 0.14449200959750516, 0.1196213669024255, 0.1393620304182471, 0.1310125634000669, 0.1490585333853963], [0.1526817985309468, 0.1634840222869193, 0.14323122044942585, 0.12127013417272321, 0.142876825033556, 0.12435854485709573, 0.1520974546693331], [0.1525467236621179, 0.1630810443674084, 0.14325797678768962, 0.12136169519970663, 0.14283045731921, 0.12430980614862473, 0.15261229651524266], [0.1528309399351579, 0.16187364385789646, 0.1449177141327757, 0.1205805579423375, 0.14121783021697812, 0.12540631014762116, 0.15317300376723317], [0.15327112367525028, 0.16666666666666663, 0.14387551576730512, 0.11873904037418583, 0.14095584410854944, 0.1265260986599518, 0.14996571074809073], [0.14959759074199153, 0.16666666666666666, 0.1420073689729046, 0.1217196008632307, 0.14268279162616956, 0.12824846353835986, 0.14907751759067708], [0.1477530719504385, 0.15045517735616373, 0.13484804758750368, 0.14146464076348736, 0.15786692000651306, 0.12384492011173232, 0.14376722222416116], [0.15167756518225553, 0.15825356429585102, 0.15386728477912145, 0.11592233851754653, 0.1286819963657429, 0.13175590378032281, 0.1598413470791597], [0.1442163033928271, 0.15169649978404476, 0.16666666666666666, 0.11748497732746697, 0.1249101329814078, 0.14303017177085434, 0.15199524807673234], [0.1439482484599585, 0.1507260164322362, 0.162167903679599, 0.12135713904926544, 0.12654090794832723, 0.14497924054764122, 0.15028054388297246], [0.14874266847288634, 0.1477133163935142, 0.16115033062882575, 0.12082730922098427, 0.12466326830152644, 0.14712555167769867, 0.1497775553045644], [0.15108469503150462, 0.1494218848807773, 0.15732770507225544, 0.12429205823495226, 0.12818252201477706, 0.1378032081566334, 0.15188792660909986], [0.15115145732221563, 0.1482859693604155, 0.16666666666666666, 0.11731463410445007, 0.12197818876198264, 0.1443880595618061, 0.15021502422246327], [0.1499984851862041, 0.1475247618907626, 0.15944959362582292, 0.1194471798953659, 0.12291005091579195, 0.15235122927878372, 0.14831869920726887], [0.14160135109571276, 0.1413724874761474, 0.14091498529098784, 0.16666666666666666, 0.14173535627463776, 0.1270742485192122, 0.1406349046766353], [0.14182801235332593, 0.14150337291279474, 0.14143634689724896, 0.16578299973926766, 0.14175038659444975, 0.12698687794259353, 0.14071200356031946], [0.14917774834683262, 0.14710062826895823, 0.1585305331742035, 0.11997111551271088, 0.1230481357938567, 0.1545232933236004, 0.14764854557983764], [0.15127837951334505, 0.15863832932081204, 0.14853884654792573, 0.11726617715393829, 0.13031011373496335, 0.12730148706234884, 0.16666666666666666], [0.15070135783840463, 0.14972523277713393, 0.1620300370523863, 0.11732159968490034, 0.12388137339583648, 0.1451256189691931, 0.15121478028214513], [0.15617175954662665, 0.16666666666666669, 0.14505850236373483, 0.11472245768138108, 0.13489638049498512, 0.12813611948672005, 0.15434811375988558], [0.15564678519272562, 0.16666666666666666, 0.14721759445206833, 0.11376840971387654, 0.13295308800745795, 0.1300936702170641, 0.15365378575014071], [0.1571181551170681, 0.16666666666666663, 0.144048138366203, 0.11614801677671655, 0.13698679638308842, 0.1264871326011401, 0.15254509408911707], [0.15844476938829244, 0.16666666666666666, 0.1449903333588537, 0.11456992585648146, 0.13515113641091586, 0.12628538008395448, 0.15389178823483543], [0.16666666666666666, 0.15264332226295338, 0.14340746811319896, 0.12399988702213621, 0.1415688537831397, 0.12504868803171829, 0.14666511412018673], [0.16666666666666669, 0.15530085672734725, 0.15044067623036114, 0.11609226529038787, 0.12992534832440147, 0.13189046548343733, 0.14968372127739832], [0.15704902426067469, 0.14972842689818638, 0.15930556100140997, 0.11767270359597803, 0.12532399070092498, 0.1406900767273426, 0.15023021681548338], [0.15478680575114598, 0.14995378786698715, 0.15642426738788576, 0.11974708273638383, 0.12713859500003155, 0.14492055546722196, 0.14702890579034358], [0.16666666666666666, 0.14596093137533234, 0.1424203435539646, 0.13162988797714203, 0.1414171560581477, 0.1306867797650408, 0.1412182346037058], [0.14837034942599014, 0.15576304624991522, 0.13900261689445284, 0.13613610892296393, 0.15787519188145838, 0.11956622717598163, 0.14328645944923782], [0.1474741236121468, 0.15513392872373652, 0.13322049763424854, 0.13568101936165244, 0.16666666666666666, 0.11896770503828444, 0.14285605896326461], [0.1534235972395795, 0.16267136812703073, 0.14424370826915417, 0.12074043750328797, 0.14173370996741347, 0.12510644678890595, 0.1520807321046283], [0.14972257823694146, 0.16666666666666666, 0.1411250939346994, 0.12508448061917146, 0.13858818889300087, 0.12977572938447618, 0.14903726226504382], [0.1489026884362631, 0.16666666666666669, 0.13881796021495757, 0.12703980075343788, 0.1458643755662199, 0.12768423884392696, 0.1450242695185281], [0.16666666666666666, 0.15858017543595349, 0.14373961974148722, 0.11651083214389359, 0.1384855129994275, 0.12336878988057284, 0.15264840313199865], [0.16511654961041608, 0.15102472139053896, 0.14783867029691578, 0.12326972204412445, 0.13593907456324844, 0.12851022216386962, 0.14830103993088664], [0.16214223475031952, 0.15086392324945852, 0.1500827824237897, 0.12309195741183471, 0.13387851526662084, 0.12978329551432896, 0.1501572913836477], [0.16045332436043305, 0.150232848139634, 0.1466603122938878, 0.12552041695877947, 0.13946432808953838, 0.12946489842985476, 0.1482038717278725], [0.16062266149211296, 0.15024774714862252, 0.14703778935274714, 0.1252309020730638, 0.13897735433654432, 0.12953103986107606, 0.14835250573583328], [0.16250724419661913, 0.15079545602639682, 0.1501985101515597, 0.12267267007805646, 0.13380441647780722, 0.1296719281098562, 0.1503497749597047], [0.16047323064317798, 0.1506164842104704, 0.15213774726930007, 0.12165432198147982, 0.1322786608046013, 0.13134891653768976, 0.15149063855328068], [0.16666666666666669, 0.15104558683910918, 0.14868022725451052, 0.12185365004449714, 0.13445100587596068, 0.12873874003087396, 0.14856412328838192], [0.1635553020740214, 0.1509511218026486, 0.1496516516653805, 0.12240386202571181, 0.13409440673878176, 0.1293365173111017, 0.15000713838235422], [0.16395681196480866, 0.15105161497953679, 0.14781273617719606, 0.12396446368611663, 0.13613870418824842, 0.12878544728366548, 0.148290221720428], [0.16230039852066508, 0.15083030047097876, 0.14649162164231488, 0.12588073479863582, 0.1386540372863537, 0.12857121427032592, 0.14727169301072582], [0.14463333717645746, 0.14726553676864643, 0.16666666666666666, 0.13325238311900098, 0.13174801415674822, 0.1314440799950702, 0.14498998211740996], [0.1625710212310161, 0.1507649007685708, 0.14705036800694102, 0.12550707910808973, 0.1378226206656926, 0.12856044330260746, 0.14772356691708222], [0.15959182484067352, 0.1499099483365201, 0.14587924563657934, 0.1267883995443455, 0.14090591337696823, 0.12922235174805916, 0.14770231651685417], [0.1645984543504852, 0.15108244564714482, 0.14762578046450003, 0.12362849700745952, 0.13643846434155407, 0.12866823083288761, 0.14795812735596875], [0.16022270623827733, 0.1504847965830271, 0.14679956648843087, 0.12537909330448782, 0.13927500105409563, 0.130038746741858, 0.1478000895898233], [0.16130631672648776, 0.15063965669075086, 0.14717543093203786, 0.12472191379036934, 0.1384343160867075, 0.12984811357317025, 0.1478742522004764], [0.16666666666666663, 0.1452070382895858, 0.1405307847346225, 0.13504781852232256, 0.1471866230897161, 0.12281712505756515, 0.14254394363952105], [0.16141924258676757, 0.15102456938939215, 0.1512338077025367, 0.12176576699041615, 0.13265306203930402, 0.13122409704823315, 0.1506794542433502], [0.15981123876398512, 0.15017104184670524, 0.1494376152703397, 0.12394809670314551, 0.13529512788248862, 0.1302898067187335, 0.15104707281460208], [0.16021953647670403, 0.1501544566138084, 0.14614371903581694, 0.12623592825222077, 0.14026096155933088, 0.1293111559305018, 0.14767424213161703], [0.15998518255701058, 0.1500438848703994, 0.14701580378978643, 0.12565969496953228, 0.13926059666991292, 0.12956698265748165, 0.14846785448587665], [0.1601090627595023, 0.15014771037864869, 0.14732788228549337, 0.12541823810866218, 0.13879884670207013, 0.1298851818678346, 0.14831307789778864], [0.15995522398370873, 0.15003222486971188, 0.14764928631568153, 0.1250352014218254, 0.13840468946152748, 0.12999454294614077, 0.14892883100140417]]