[[0.15958393237790247, 0.16666666666666666, 0.1430995592875112, 0.12035389248520847, 0.14152009231057994, 0.12535723854190686, 0.14341861833022435], [0.15346421821181677, 0.16666666666666666, 0.15050053315922293, 0.12237473877219526, 0.13917652578656378, 0.12093263496787182, 0.14688468243566266], [0.1537192995290255, 0.16377087885613162, 0.15150322258933796, 0.12269638931878717, 0.14046471404751024, 0.12150696282220486, 0.1463385328370026], [0.15503308604780852, 0.1637108501970013, 0.14804237078774585, 0.12261115030002923, 0.14259137670512279, 0.12322926115845352, 0.14478190480383876], [0.15326679731262377, 0.16392932909987554, 0.15047969004298606, 0.12254303752399949, 0.14226184354563284, 0.12300507376228885, 0.14451422871259342], [0.15234845339525394, 0.16384029277227752, 0.14883763536996963, 0.12385242899227675, 0.14344646731786767, 0.12317653016930735, 0.1444981919830471], [0.15368899547509715, 0.1640706780272865, 0.1503356634064811, 0.12219053757798579, 0.14249428026114921, 0.12329479751078694, 0.14392504774121315], [0.15338544025562947, 0.16460802708271338, 0.1502786193580785, 0.12184320520273673, 0.1431508408233211, 0.12379355287100373, 0.14294031440651706], [0.15622513026966633, 0.16666666666666669, 0.14688242880249838, 0.12217053038228777, 0.13975091039633292, 0.12225205873422523, 0.14605227474832275], [0.153817197613079, 0.16666666666666666, 0.14857883759094673, 0.12124942178364187, 0.14381524141276142, 0.12341001401017304, 0.14246262092273132], [0.15260416306521254, 0.16437182063250133, 0.1495628456976388, 0.12332788109887671, 0.1436971824314251, 0.12303339530812013, 0.14340271176622543], [0.15421973339659398, 0.16486721506616708, 0.1477798464946832, 0.1215526259810092, 0.14516336200430496, 0.12477416683192037, 0.14164305022532125], [0.1529444674354398, 0.1635271693931474, 0.15045125387822095, 0.12327197475886073, 0.14324296058042454, 0.12299579140629067, 0.14356638254761597], [0.15314108323693099, 0.1649611281754523, 0.14936820958043004, 0.12167553505655737, 0.1445150720352761, 0.1242879637454221, 0.14205100816993116], [0.15272575538921995, 0.16365306530609122, 0.1487521665683777, 0.12223660987592823, 0.14583430982621434, 0.12542257159795966, 0.14137552143620882], [0.15300285585334644, 0.164521922431643, 0.14935927925417009, 0.12191405093760635, 0.1447638394412071, 0.12451554640947257, 0.14192250567255446], [0.15426059897094785, 0.16373721664076912, 0.14754620541765345, 0.12157637857677876, 0.14619337004434915, 0.12592778630194526, 0.1407584440475564], [0.1612095320000952, 0.1611254720529406, 0.1430443504108452, 0.12166754798477268, 0.14165421918813514, 0.12844589965714226, 0.14285297870606903], [0.16020862053755958, 0.16666666666666666, 0.14555211772242893, 0.11839991344344515, 0.14213987784578955, 0.12516103026002787, 0.1418717735240822], [0.1545259770207794, 0.16405944983979115, 0.14796481402064163, 0.1221734107859147, 0.14416370139842513, 0.12376752960951291, 0.14334511732493493], [0.15435387808916332, 0.16447733987114654, 0.14734825142485863, 0.1218989474989274, 0.1450451037764061, 0.12447857271673157, 0.14239790662276652], [0.15918852788752258, 0.1598804777790844, 0.14632404472082966, 0.12157822384314243, 0.1412130929367146, 0.1292096016471536, 0.14260603118555262], [0.1552258505868988, 0.1640916469486732, 0.14674525912628383, 0.1214408255990883, 0.14580493248230647, 0.12535407009027344, 0.14133741516647585], [0.15398165154929916, 0.16487148363012602, 0.1479533892819568, 0.1215592868496917, 0.14538713764975972, 0.1247730857308382, 0.14147396530832834], [0.15543463741211008, 0.16372305899884465, 0.14938356250621865, 0.12118801010813256, 0.14320972881709035, 0.12401340316930864, 0.14304759898829505], [0.15434142655218006, 0.16515556379352803, 0.1483858467680114, 0.12141041415750439, 0.14458371190966915, 0.1243138963717703, 0.14180914044733653], [0.15514077522015587, 0.16394953364592416, 0.1481316455444342, 0.1219980860357797, 0.14355303957927876, 0.12367703206891045, 0.14354988790551693], [0.1537073705851816, 0.16534274287652775, 0.14879333981092271, 0.12147558026284083, 0.14462445619580297, 0.12404955205402658, 0.14200695821469758], [0.15298028548467163, 0.1638068150103359, 0.14820707525437704, 0.12218706648386053, 0.14615930487981077, 0.12535444680398564, 0.14130500608295843], [0.1547014049919062, 0.1651304849276411, 0.14839498998247055, 0.12134105885608402, 0.14414124041385626, 0.12393468769938804, 0.1423561331286539], [0.15383519665519166, 0.16385724661161705, 0.14764513503387836, 0.1217016514308185, 0.14640825021830142, 0.12577317220902032, 0.14077934784117263], [0.153497800815165, 0.16403037834934991, 0.14928830994041647, 0.12139369694114938, 0.1454259074373955, 0.1252927782442212, 0.14107112827230264], [0.1541340779149206, 0.1647336427223196, 0.148081255561741, 0.12145021005721932, 0.14518819402183883, 0.12472317831280534, 0.1416894414091554], [0.15270144558516358, 0.16301882535601092, 0.14910189801461265, 0.12227635574227648, 0.1463306030804101, 0.1257013299396941, 0.14086954228183216], [0.15447059090355056, 0.1637430934857992, 0.147239009696016, 0.12140158649364877, 0.14656193309941404, 0.12586242146221885, 0.1407213648593526], [0.1559102089003357, 0.16370390449254002, 0.14843142331112028, 0.12114005349609877, 0.1439599301261511, 0.12439342599933624, 0.14246105367441775], [0.15892156739886878, 0.16666666666666669, 0.1443704283494702, 0.12080899804039014, 0.14146060484317688, 0.12411436383200188, 0.1436573708694256], [0.15412008924319662, 0.16410844760984394, 0.1475661458774529, 0.12167567976597604, 0.14613764569195314, 0.1253556395785103, 0.1410363522330671], [0.16341435754592415, 0.1604370344567799, 0.14306110493308802, 0.11958422552448464, 0.14340102080436057, 0.1304148203090095, 0.1396874364263533], [0.16341435754592415, 0.1604370344567799, 0.14306110493308802, 0.11958422552448464, 0.14340102080436057, 0.1304148203090095, 0.1396874364263533], [0.15469971576831648, 0.16383090003395057, 0.14760749362309192, 0.12119743468048878, 0.14633243196034454, 0.12595559383722488, 0.1403764300965828], [0.15361913539325883, 0.16363794896170372, 0.14865219253981854, 0.12150620584635716, 0.1462675584403096, 0.12572538535181876, 0.14059157346673334], [0.15569387232346033, 0.1639622110703432, 0.14835837245020575, 0.12119084251750463, 0.1443037146512682, 0.124271703188928, 0.1422192837982898], [0.16666666666666669, 0.1603881014041748, 0.1414836738432387, 0.11822507867316802, 0.14496314228912588, 0.13017252174414798, 0.138100815379478], [0.15442800337376275, 0.1643950604158663, 0.14729107082226664, 0.12122240256448417, 0.14646970953028185, 0.125856418061626, 0.14033733523171227], [0.15950629636604952, 0.16357205941884304, 0.14417912968284352, 0.12092673588901667, 0.14415380138484443, 0.1258206481568446, 0.1418413291015583], [0.15649299576781817, 0.164266606275722, 0.1474506295032173, 0.12031820910920228, 0.1452974005593352, 0.1254164830598384, 0.14075767572486667], [0.16433837687698236, 0.15980706770340403, 0.14176846869771484, 0.11909847894866511, 0.1447793302788249, 0.13165521744682793, 0.13855306004758075], [0.16290943739554323, 0.15932307425497766, 0.14147224863465951, 0.11848916138930207, 0.14846760318129149, 0.13270974811314035, 0.13662872703108575], [0.15897843789392851, 0.1636484244267229, 0.1452622831868409, 0.12092391488465586, 0.14376650333078972, 0.12544549081901912, 0.14197494545804293], [0.1641494798523042, 0.1585379471296003, 0.1414243204281952, 0.11893531543792213, 0.1465130269013278, 0.13328242997364392, 0.1371574802770063], [0.15808576336504998, 0.16666666666666669, 0.14470331142800943, 0.11929642561618464, 0.145973902226882, 0.1259636688458178, 0.1393102618513895], [0.1586011347891315, 0.16468047687511636, 0.14850695034170222, 0.11851560889334828, 0.1455972762245769, 0.1257014218856114, 0.13839713099051323], [0.15780345842183982, 0.1654319109462312, 0.1477117191672773, 0.11849007744517666, 0.14689027619706202, 0.12596769769991303, 0.13770486012250008], [0.15771553303453678, 0.16666666666666666, 0.14859673304763962, 0.11786459231877076, 0.14630658909852415, 0.1253570625682289, 0.13749282326563306], [0.15321754971938736, 0.16666666666666669, 0.14890346053643816, 0.1192276147315385, 0.149139512255828, 0.12738909329760661, 0.13545610279253478], [0.15382889650349355, 0.16458730004896868, 0.14896146057024878, 0.12199677179562649, 0.14397110280407097, 0.1240465287814944, 0.14260793949609712], [0.153780727171277, 0.16528718287818694, 0.14840869267420514, 0.12170199110568646, 0.14457901403836873, 0.12404879608544477, 0.14219359604683096], [0.1538212560950547, 0.1632615886066906, 0.15027652896805707, 0.12290912264982604, 0.14150678813831793, 0.122902764742299, 0.14532195079975457], [0.1550923117214031, 0.1637344328602885, 0.1490408946491295, 0.12208363072611973, 0.142399531317299, 0.12336304887553144, 0.1442861498502288], [0.1580682478197714, 0.16666666666666666, 0.14780737556431375, 0.11825415760355311, 0.14318074769595981, 0.12474792414783988, 0.14127488050189538], [0.15792691392337402, 0.16666666666666669, 0.14433157022329324, 0.12011249175911184, 0.14124916489735748, 0.12446517460761634, 0.1452480179225804], [0.1645051985403256, 0.161221392667589, 0.14189421364202515, 0.11890994675481477, 0.14522028991772074, 0.1291746365500887, 0.13907432192743607], [0.16311525548717543, 0.15982451059904518, 0.14175383605299682, 0.12031804586837033, 0.14371603820357892, 0.13126629670044468, 0.14000601708838858], [0.16403930748942053, 0.16124961704304697, 0.14264401208235997, 0.1181656312219083, 0.1460702482561617, 0.12958406904054937, 0.13824711486655322], [0.16285217171667807, 0.16301468237803343, 0.14361912555583561, 0.11808756980776106, 0.14483352300624663, 0.12823259075908938, 0.1393603367763558], [0.16141025416399488, 0.1607266678921687, 0.14238167343065486, 0.11824497410643418, 0.14896328506900877, 0.1316652363707474, 0.13660790896699104], [0.1610780576103418, 0.1607846245398184, 0.14273389804430037, 0.1181430621838344, 0.14909347456701103, 0.1316612979295721, 0.13650558512512184], [0.1616006004598491, 0.16111988999308846, 0.1424629767813084, 0.11814610169285882, 0.1487147573865294, 0.13130790178031965, 0.13664777190604604], [0.16252293450767505, 0.1589422095502897, 0.1414647190132823, 0.1182873247922467, 0.14908197421063937, 0.13378288964441704, 0.13591794828144976], [0.1515802092341415, 0.16666666666666669, 0.14829135863072784, 0.125216667522446, 0.13586303577377803, 0.12111311690631957, 0.1512689452659204], [0.1569726532913192, 0.16666666666666666, 0.14516854480997826, 0.12222930394567692, 0.1406105427713231, 0.12269642334215368, 0.1456558651728821], [0.1527620364033992, 0.16301772877248324, 0.15046278529538695, 0.12408064431265864, 0.14184513873615603, 0.12213553847755725, 0.14569612800235857], [0.1532840119538705, 0.16299708501741703, 0.15024957884308893, 0.12377854150583203, 0.14135958275821567, 0.12199118564602045, 0.14634001427555524], [0.15272738363492805, 0.16328340297957253, 0.15019263730886448, 0.12406444306172121, 0.14222559750691732, 0.12225555389028238, 0.14525098161771402], [0.15275425795302752, 0.1636715041069775, 0.15011536861788458, 0.12368804042501964, 0.14243131094026196, 0.12244321331361334, 0.1448963046432156], [0.1541865904789957, 0.1634630050982409, 0.14806149176401817, 0.12401215037804518, 0.14119281247257018, 0.12219247779673477, 0.14689147201139496], [0.15297550977072574, 0.1640060690879774, 0.14901454196071423, 0.12349130614016746, 0.1427186527358986, 0.12268774876523454, 0.14510617153928215], [0.15415244068378173, 0.16493055335401424, 0.15148814051025963, 0.12179520004916934, 0.13986410972584729, 0.12191208580533187, 0.1458574698715959], [0.15248449162674618, 0.16379650424507514, 0.1486811988180156, 0.12453072100645443, 0.14283707881154845, 0.12231261804193459, 0.14535738745022564], [0.15242140147551417, 0.16248798914247936, 0.14807938462221065, 0.12545232043548285, 0.14278988664690204, 0.12256178698085116, 0.14620723069655975], [0.15356401945870568, 0.16280630837232526, 0.15149106140861385, 0.12330383058508329, 0.14158133707745968, 0.1219992166946052, 0.14525422640320712], [0.15399293894271462, 0.1632456948741542, 0.1497100905114397, 0.12315692627487045, 0.14186366553814478, 0.1227656720084644, 0.14526501185021184], [0.15312272518627865, 0.1639939682010509, 0.1493569458591468, 0.12352765236851994, 0.14248478490763924, 0.1224239277018779, 0.14508999577548654], [0.1510097209525826, 0.16666666666666666, 0.14905773846919876, 0.12840853211180844, 0.13493055585862568, 0.11729536936247853, 0.15263141657863927], [0.15467767754670914, 0.1634831752521892, 0.14929857558132428, 0.12220199061326883, 0.14241035198640772, 0.12306865235705682, 0.14485957666304392], [0.15400223594382018, 0.16345719441402762, 0.15166474979860806, 0.12184332990829759, 0.14228930327607522, 0.12268043947741365, 0.14406274718175777], [0.15415484791696335, 0.16289778244908462, 0.1492670917207758, 0.12359574212602421, 0.14175433328228182, 0.12239428567046562, 0.14593591683440452], [0.15331051577043522, 0.16453691647339022, 0.14923971359487578, 0.12284237494482979, 0.14297858964405924, 0.12275182461729084, 0.1443400649551188], [0.15209261047853828, 0.16666666666666669, 0.1488893867121564, 0.12312848395041992, 0.1437279395031099, 0.12246957764980083, 0.143025335039308], [0.15802852894296096, 0.16666666666666666, 0.1436603496476296, 0.12036415348477945, 0.14527928337757395, 0.12549137284208875, 0.14050964503830055], [0.15363716902821994, 0.16481600947982572, 0.14961346101177747, 0.12159954603264637, 0.14402764051696726, 0.12354286179639827, 0.14276331213416488], [0.15452735058242187, 0.16666666666666666, 0.15087158229166928, 0.11916007381144285, 0.14375649364509147, 0.12359110665388884, 0.14142672634881892], [0.15470020360070455, 0.16378804542829273, 0.15110014817657813, 0.12119496995924557, 0.14297329856701563, 0.12300537568096355, 0.1432379585871998], [0.15313630927751712, 0.16379291082452307, 0.14986632386277965, 0.12276080971073787, 0.14450575911407282, 0.12362104590481193, 0.14231684130555755], [0.15673399368744145, 0.16666666666666666, 0.14623057251246271, 0.12077427713424582, 0.14311002317709665, 0.12348681262093816, 0.14299765420114857], [0.15874478444358023, 0.16511191388037902, 0.14391967390006902, 0.11999057177172875, 0.1460903599172277, 0.1265061481013564, 0.13963654798565897], [0.1516029141874694, 0.16666666666666666, 0.1474775073725658, 0.1209092795372226, 0.14853762814868252, 0.12725829644869177, 0.13754770763870117], [0.15414502452326256, 0.16666666666666669, 0.14906018808560415, 0.12129004005372232, 0.14572803962921108, 0.12341284911873315, 0.1396971919228001], [0.1559080171534975, 0.16666666666666666, 0.14813665895872088, 0.11950444310905207, 0.1459654181304225, 0.12432516467770371, 0.13949363130393663], [0.15481862243618588, 0.16666666666666666, 0.14911097300016954, 0.1194393141400635, 0.1468401485419954, 0.12488147191778273, 0.13824280329713629], [0.15416844574165708, 0.16666666666666666, 0.14492422503056362, 0.1201867161467084, 0.15054878637500968, 0.12749535190639835, 0.13600980813299623], [0.15320785638613987, 0.16666666666666666, 0.14853428986518444, 0.11761957505132141, 0.1500712099061875, 0.1300498480755977, 0.13385055404890245], [0.16666666666666666, 0.14963798717389085, 0.13971761379231148, 0.12095403091877784, 0.14780163137696967, 0.14259366989393404, 0.1326284001774494], [0.15996697651255098, 0.15384509497047943, 0.1429814410467157, 0.12063543700877236, 0.14882307124107624, 0.13882971418047793, 0.1349182650399273], [0.14857466708033382, 0.14397540163619957, 0.1432028927114901, 0.1272003675891284, 0.15407677739919765, 0.15657535595159447, 0.12639453763205616], [0.146303765037358, 0.14289274420611822, 0.1440643170109989, 0.1337635895015226, 0.14835476221719754, 0.1502371486772531, 0.1343836733495516], [0.14848449523757376, 0.14143337305118378, 0.1415781539047724, 0.13109790405149588, 0.14836592654527334, 0.15835028886669136, 0.13068985834300953], [0.15539345964404572, 0.14407520613002006, 0.14943608590241603, 0.11970039658552654, 0.158216556605026, 0.14706052342407694, 0.12611777170888866], [0.1515444114869346, 0.14874328349868002, 0.1501844990892117, 0.12108504859319005, 0.15630620395006234, 0.1442247244368775, 0.12791182894504385], [0.14667378087606964, 0.14400844291557732, 0.14201956819502612, 0.1272930657993702, 0.1522387538899287, 0.1597705729469299, 0.1279958153770983], [0.14640639179300835, 0.14380385340391022, 0.14183715674355574, 0.1280550063887287, 0.15189488291963382, 0.15951155274755116, 0.1284911560036119], [0.1481343571006092, 0.14156228204151666, 0.14153337063907528, 0.12441920010592392, 0.151970115356244, 0.16666666666666666, 0.12571400808996425], [0.15566630325112157, 0.1628267544733347, 0.148042343015787, 0.12283789385455728, 0.1418443195787673, 0.12328920687121238, 0.14549317895521974], [0.1565214488208422, 0.16316436236641835, 0.14611508872669274, 0.12256117977727912, 0.14326633913438963, 0.12427275081958704, 0.14409883035479099], [0.1562861517076056, 0.16324275656222706, 0.14705849264678345, 0.12258823020350391, 0.1420059926335634, 0.12342325476541126, 0.1453951214809054], [0.1560609971350565, 0.16325190661716374, 0.14645015483706955, 0.12291550922462186, 0.14250802853653877, 0.1235758720739453, 0.1452375315756043], [0.1533241169077996, 0.16666666666666669, 0.14685193641139696, 0.12444430224245566, 0.13921583658634332, 0.12081718916729751, 0.14867995201804032], [0.1538781023752766, 0.16246867650391716, 0.14841314999925473, 0.12420461393448616, 0.14182899493393925, 0.12270243768119961, 0.14650402457192652], [0.15396183575111477, 0.16372523962481147, 0.14874255998301025, 0.12386657496036664, 0.14067138523512585, 0.12190538304497878, 0.1471270214005921], [0.15638826794151833, 0.16404341158199162, 0.14661695382698128, 0.12217141026456321, 0.14288776873499845, 0.12364314492244212, 0.1442490427275049], [0.15281111126546837, 0.16383797020015395, 0.149341802588559, 0.12364679177228036, 0.14290610345734517, 0.12266664157787452, 0.14478957913831858], [0.15379451729392002, 0.16401727331369179, 0.14960661404469522, 0.12272700248950726, 0.14232178460367514, 0.12258540740394863, 0.14494740085056193], [0.15407106379325822, 0.163202160256558, 0.14905851165173578, 0.123892783993309, 0.1410720302062556, 0.12183257491738125, 0.14687087518150196], [0.15605924580263658, 0.16414136184843126, 0.14784291304911187, 0.12120534360193617, 0.1437400773029621, 0.12429039377884007, 0.14272066461608185], [0.15529353555192177, 0.1640741358877519, 0.1463608325828806, 0.12226017266196637, 0.14455802255366484, 0.12433977269123744, 0.143113528070577], [0.15547670366028282, 0.1645341295216673, 0.1472098726531578, 0.12126760918132477, 0.14486861701261158, 0.1246715495134762, 0.1419715184574796], [0.1617205397205603, 0.1571254203516799, 0.1463704742407462, 0.11950632062946982, 0.14775079400238036, 0.1319805901626335, 0.13554586089253], [0.16091766181383382, 0.15759656275432218, 0.14831314388354294, 0.11954874137397314, 0.14758467766181185, 0.12972254737423183, 0.13631666513828433], [0.16666666666666666, 0.14917615120395492, 0.14845347312899432, 0.11744750106324932, 0.15224136544047226, 0.1368823849511227, 0.1291324575455398], [0.16092116044946916, 0.14770906193877356, 0.14771864095504095, 0.11714070905194547, 0.15720046446989222, 0.143082431927748, 0.12622753120713062], [0.1515687519512343, 0.14127256739370148, 0.14408742407244754, 0.12461808991375962, 0.15343345730046945, 0.15842185439224027, 0.12659785497614742], [0.15578191176625306, 0.16267233069500614, 0.1475232049515182, 0.12319815270979236, 0.14160059637088568, 0.12332991119828138, 0.14589389230826325], [0.15607228442859694, 0.16666666666666666, 0.1448681778864699, 0.1231666233683065, 0.13998372387036875, 0.12224990724616411, 0.1469926165334271], [0.15469425219666816, 0.16343539562132806, 0.14884864495918404, 0.12265711365553668, 0.14200374609801442, 0.12314966504249514, 0.14521118242677344], [0.15665410500573734, 0.16344480127535888, 0.14600449719416048, 0.122435907910553, 0.143029213440009, 0.12410562541398933, 0.144325849760192], [0.15423377396436486, 0.16666666666666666, 0.1483348713095716, 0.12114214416175303, 0.14351989281331706, 0.12376583490937665, 0.1423368161749501], [0.15271187057116328, 0.16434213442721674, 0.1489845931199958, 0.12327474632377014, 0.14328240612768706, 0.12303003257796935, 0.14437421685219778], [0.1524773856529047, 0.1638992733646604, 0.15051890749082442, 0.12366134067097714, 0.14282123916568612, 0.12253488061085072, 0.14408697304409643], [0.15265592914278917, 0.16412746431128727, 0.14979036077615754, 0.12356575188401778, 0.1428839578413581, 0.12251445341129663, 0.14446208263309349], [0.15408489767041533, 0.16290603792818606, 0.1485037655152646, 0.12389178622412444, 0.141979580584535, 0.12252861414452204, 0.14610531793295262], [0.15531963392502257, 0.1644304463908977, 0.14839573798183744, 0.12142673273677007, 0.1433382238209744, 0.12392645892066807, 0.14316276622382984], [0.1528608527042496, 0.16475966675694556, 0.14886342741881486, 0.12287796878813276, 0.14382180332450442, 0.1233352833519357, 0.14348099765541697], [0.15361399849476384, 0.16314256235175384, 0.14847488660949487, 0.12375028053995177, 0.1432610086692616, 0.12289433252429899, 0.14486293081047505], [0.15548871941762635, 0.1666666666666667, 0.14807159039490306, 0.11956755598360622, 0.14586226866092894, 0.1249195164985929, 0.13942368237767608], [0.15574640591633193, 0.16666666666666666, 0.1455963001972885, 0.12106092389240511, 0.14487864138953527, 0.12454210917109275, 0.14150895276667969], [0.15711978736639193, 0.16535442113902057, 0.1489746850786143, 0.11900613095797821, 0.14275474596032386, 0.12460041399588727, 0.14218981550178378], [0.1551414092772315, 0.1637337591427325, 0.1486850682432439, 0.12206667164386041, 0.14283181912499737, 0.12338134892256891, 0.14415992364536542], [0.15529715598772395, 0.16434891153885278, 0.14820335725565661, 0.12165974052231973, 0.1434128474917008, 0.12366073416879189, 0.14341725303495417], [0.15231238899277783, 0.16666666666666666, 0.14597606587034492, 0.12228546830366117, 0.14665548899952116, 0.12536517990015314, 0.14073874126687505], [0.1548784135706777, 0.16336690748114818, 0.1474775564937494, 0.12298948621544074, 0.1434967128045793, 0.12340170684961911, 0.14438921658478562], [0.16259163526048026, 0.16082105991017348, 0.14269676870962653, 0.1202638534793568, 0.14276369415669277, 0.12995101000108933, 0.14091197848258086], [0.1576771928938236, 0.16666666666666666, 0.14848963078613184, 0.11749292300258686, 0.14377252179086022, 0.12641733162257143, 0.13948373323735935], [0.1552747060831684, 0.1632238579613209, 0.14923619924995554, 0.1220949263545288, 0.14265987397267582, 0.12344511072004873, 0.1440653256583017], [0.15607390545011618, 0.16429931444621526, 0.1460001826506588, 0.12121139001888488, 0.1458165767957245, 0.1254000237629097, 0.14119860687549057], [0.15487242666478257, 0.1647352735156945, 0.14897621510451953, 0.12067821154326105, 0.14485637410538277, 0.12452517258380236, 0.14135632648255717], [0.15659823496004346, 0.16407304899699549, 0.14818799332379004, 0.12065376299371026, 0.14383806350180997, 0.12439490340271092, 0.14225399282093992], [0.16457521135291192, 0.16064288573741958, 0.1426115276882171, 0.11879648392905004, 0.14410320354996256, 0.1303874114111759, 0.13888327633126282], [0.15775855130307745, 0.16443141881612072, 0.14526641946996072, 0.12154160706676417, 0.14337136525913316, 0.12461154894437076, 0.14301908914057296], [0.15744401575056863, 0.16371678018030225, 0.14494431737538824, 0.12207866390894362, 0.14362842836560746, 0.12498011986099732, 0.14320767455819253], [0.1578538656501601, 0.1640649729573548, 0.1449521758766657, 0.12092534439561997, 0.14508042572666668, 0.12571499344458745, 0.1414082219489453], [0.1586644698361222, 0.16666666666666666, 0.14737192947761785, 0.11775656739306119, 0.14340831779195137, 0.12570325332909968, 0.14042879550548096], [0.16120058458942893, 0.16129641528567215, 0.14280834967158787, 0.12173200323080927, 0.14201417328078902, 0.1282590643788906, 0.14268940956282225], [0.14783107650058874, 0.14999692874328435, 0.14721844318331717, 0.14075225751536713, 0.13394863373492708, 0.12263448191052655, 0.15761817841198894], [0.1557124372062521, 0.15792658117167577, 0.14712493957152636, 0.1192727789671908, 0.15471237561726314, 0.13406091867299463, 0.13118996879309727], [0.15004563178799313, 0.15220765017908724, 0.14174266110589895, 0.11916426655194254, 0.16666666666666669, 0.14383723048958105, 0.12633589321883051], [0.14804016729507588, 0.1512368954747885, 0.1421004093431615, 0.1228092559797077, 0.16231208372832362, 0.1456742969806078, 0.12782689119833493], [0.15052335670096012, 0.1469268505263767, 0.14770510109654286, 0.12126508924311424, 0.16120301334183243, 0.14731217536155924, 0.12506441372961438], [0.15009780903853634, 0.14886034998630787, 0.15135684688932122, 0.12503216537151754, 0.1574908176620808, 0.13830733202750425, 0.12885467902473202], [0.15337820893986648, 0.1445139332776465, 0.14904313763189544, 0.11846747911580087, 0.16666666666666666, 0.14490847948632093, 0.12302209488180307], [0.15391444104252772, 0.14277113621927534, 0.14657591062476144, 0.12053018961326097, 0.15961512190180457, 0.15267956316945233, 0.1239136374289177], [0.13990341546351348, 0.14150405096868984, 0.1417317241919637, 0.16666666666666666, 0.14104892840553238, 0.12728018193853557, 0.14186503236509834], [0.1397499622242417, 0.14167541316615317, 0.14199783306213085, 0.16578904132839986, 0.1416088454043165, 0.12725816678784846, 0.14192073802690935], [0.15312028251417442, 0.14264865312390304, 0.14564875845173975, 0.12103057827702848, 0.15871513171234605, 0.154798811045787, 0.12403778487502118], [0.15545591285109228, 0.15558124375559773, 0.1496093191017082, 0.12276209631143918, 0.1505556086257316, 0.13168095469232224, 0.13435486466210872], [0.15301195338239731, 0.14780038512684426, 0.14837433560293278, 0.1183454284947984, 0.16212623947484286, 0.14557256020520787, 0.12476909771297644], [0.16666666666666666, 0.1577932021331098, 0.1475170310450118, 0.11660361585566328, 0.14584104147066795, 0.12953150224839913, 0.13604694058048133], [0.16273605814657632, 0.15909627951721883, 0.14747951868660267, 0.11623667327120572, 0.14812509951814265, 0.13180018758680373, 0.1345261832734502], [0.1629822461128134, 0.15622431979640106, 0.14987502066951602, 0.11870874797318129, 0.1451946450753746, 0.12852378612543552, 0.13849123424727816], [0.1636571802357086, 0.15799141647095255, 0.14985086982616339, 0.11725353686490955, 0.1461069261779544, 0.12836550378310668, 0.1367745666412048], [0.15502178097951594, 0.15184430186782769, 0.16666666666666666, 0.12156882449176809, 0.14208220835465107, 0.12267738395646326, 0.14013883368310728], [0.16666666666666663, 0.14723363803333397, 0.15517522424244234, 0.11703404701516883, 0.15074283188309318, 0.13253805774039742, 0.1306095344188974], [0.15721347505727445, 0.14430081904779862, 0.15337868276389258, 0.11851044489633414, 0.15943142757446455, 0.141134247006101, 0.12603090365413455], [0.1548496165463091, 0.14571122382332555, 0.15058246738389416, 0.1199951543591358, 0.156478420651771, 0.14503553076414294, 0.12734758647142164], [0.14658581043576963, 0.14448793163269005, 0.16666666666666669, 0.13049761206125648, 0.14163678043155062, 0.12952402562728163, 0.14060117314478499], [0.14717301923303874, 0.15546729204695378, 0.14787407272927638, 0.135307985746777, 0.13825224603795302, 0.11828865583653, 0.1576367283694711], [0.14717106161716925, 0.15478557951690777, 0.14689440809418802, 0.13474509020803865, 0.13221024781225857, 0.117526946084771, 0.16666666666666666], [0.1577490609177889, 0.1643890204368561, 0.14650099230729186, 0.12058261528429227, 0.14416665336795262, 0.12496362805019078, 0.14164802963562745], [0.16666666666666669, 0.15125682734062157, 0.14480405769629198, 0.1259340965760296, 0.14164696471204494, 0.13052949276148101, 0.13916189424686431], [0.16666666666666669, 0.14966503301061412, 0.14649227543883253, 0.12634530446479494, 0.13832988671157811, 0.12700103690955078, 0.1454997967979629], [0.16666666666666666, 0.15560837424602586, 0.15301281651609244, 0.11741546677141151, 0.14415314292882106, 0.12414973110129802, 0.13899380176968437], [0.15550178233736708, 0.14542048658884751, 0.16509789447278636, 0.12274745440544652, 0.14761208169049211, 0.12805102218230063, 0.13556927832275978], [0.15435137446210723, 0.14621067917592406, 0.1621576971421202, 0.12324087538420249, 0.1501394583823369, 0.12990934562321146, 0.13399056983009772], [0.15406957815378722, 0.14505843783899475, 0.16473759706105842, 0.12388987092192809, 0.14586749928988454, 0.12799066453993677, 0.13838635219441028], [0.15430575981867642, 0.14517032642455044, 0.16666666666666666, 0.12295328069950379, 0.1459588385732055, 0.12748978641341988, 0.13745534140397728], [0.15430980783008677, 0.14619593723772129, 0.16252702349833376, 0.12288187473048738, 0.15027682117640553, 0.1298478491904964, 0.13396068633646877], [0.1542466430820459, 0.14616447698646878, 0.16150277894166645, 0.12188642539869046, 0.15221266475835982, 0.1315310303678059, 0.13245598046496265], [0.15582408369484255, 0.14530661526556116, 0.16666666666666669, 0.12134094854408707, 0.14847444609607172, 0.12830481019621082, 0.1340824295365601], [0.1554056297591835, 0.145549054704077, 0.1635553849189243, 0.12240504059146404, 0.14965210471651716, 0.12933751128416585, 0.13409527402566823], [0.15624760861782316, 0.14499077763818063, 0.16391807544967582, 0.12335404921229814, 0.14754322520924007, 0.12824394724424573, 0.1357023166285363], [0.1543407057319563, 0.14581150272564775, 0.16223229058835612, 0.1252445289143569, 0.14617691797435367, 0.12797697626058174, 0.1382170778047475], [0.14423641219205907, 0.14736637206633713, 0.14474785305001434, 0.13342605028407645, 0.16666666666666669, 0.13162714562223396, 0.13192950011861246], [0.15409974149545513, 0.14612072585093522, 0.16251720876259124, 0.12496628546745912, 0.14679263049796348, 0.1280597676523861, 0.13744364027320968], [0.1538611616354837, 0.14496778354156167, 0.16431582081292068, 0.12487589103001952, 0.14488230864358076, 0.12742657233579735, 0.1396704620006364], [0.1555536494285138, 0.14546741188868803, 0.16456751116510512, 0.12298458919791608, 0.14734090368132624, 0.1280997240916031, 0.13598621054684754], [0.15389465806612468, 0.14517688353080932, 0.16358747146272998, 0.12400978554228105, 0.14614067151662033, 0.12882397699439516, 0.13836655288703953], [0.15431141984400937, 0.14533809491940897, 0.16375434786106302, 0.12353353161153291, 0.14662320364251621, 0.1288049673070355, 0.1376344348144341], [0.146979432848395, 0.14452382405130682, 0.16666666666666669, 0.13406798383247104, 0.1397208613734054, 0.12145827410238348, 0.1465829571253717], [0.15651593702485003, 0.1449993098564992, 0.16235307244656938, 0.12150801545198617, 0.15114521608924925, 0.1310206406161587, 0.13245780851468725], [0.15361568951653073, 0.14434685308565795, 0.16666666666666666, 0.12274382507744343, 0.14895191413961184, 0.12926431311478462, 0.13441073839930465], [0.1538728738035838, 0.14499705988073516, 0.16410687042815397, 0.12463815864694354, 0.14533267913842168, 0.12783491527835172, 0.1392174428238101], [0.1544794966844028, 0.14548168703408831, 0.16507519789995806, 0.12351719137015005, 0.14598909923926184, 0.12762862429459926, 0.13782870347753975], [0.1545601200164393, 0.14575367087068325, 0.16448320256924948, 0.1233672401732223, 0.14636629882095176, 0.12805629402841706, 0.13741317352103677], [0.15452501249926215, 0.1455528008928753, 0.1644017261607172, 0.12319094900394702, 0.1468068261839579, 0.1283699867975028, 0.13715269846173772]]