[[0.16065154885557212, 0.13787458940013977, 0.1394710050051714, 0.1229464498722747, 0.14472002815752957, 0.1276697120426458, 0.16666666666666669], [0.156719779556804, 0.13889985847949451, 0.14429103650196443, 0.1260348240620032, 0.1485193764516833, 0.12471188921625742, 0.160823235731793], [0.15581642123727116, 0.13932926412313315, 0.14446135667635734, 0.1259768274116174, 0.14785512969727227, 0.12487613904049973, 0.16168486181384895], [0.15808075565332919, 0.1392292263006587, 0.14208224288394708, 0.12494729453414703, 0.14594239421486754, 0.12553262865455883, 0.16418545775849172], [0.15646830354553687, 0.1397068882316118, 0.14320401372773187, 0.12527901799677865, 0.14588783824663304, 0.1257124046849236, 0.16374153356678411], [0.15547038103323352, 0.13999519279875405, 0.14273771940461594, 0.1267522018648201, 0.14599964442048421, 0.12612208110956585, 0.1629227793685264], [0.1567729943646223, 0.1399060176711536, 0.14311229729792743, 0.12493524253129826, 0.1453284754987543, 0.12597135652223337, 0.1639736161140109], [0.15641930021629966, 0.14038820515897424, 0.1430149090146419, 0.12499209631401045, 0.14460711338399126, 0.12680543019003737, 0.16377294572204515], [0.1593647311673851, 0.13889022945889465, 0.14317472434790005, 0.1250644826024513, 0.1473929993649083, 0.12514070849051664, 0.16097212456794402], [0.1571436218674127, 0.14030397585963306, 0.14243394007656968, 0.1243667525516827, 0.14412392857586986, 0.12637904690936907, 0.16524873415946298], [0.1547548388331896, 0.1406612552930077, 0.14326833426565067, 0.12682941513738152, 0.145282310580242, 0.1265587221688437, 0.16264512372168483], [0.15719218920390166, 0.1408195680597562, 0.14190723482972334, 0.124569429182063, 0.14331639459959702, 0.12757554364678386, 0.16461964047817482], [0.1547944521402076, 0.1405741458357006, 0.14352569378442967, 0.12659470403574116, 0.14533517008756897, 0.12633966802795055, 0.1628361660884016], [0.15627992672442706, 0.14092023665358996, 0.1428019291006282, 0.1248520781961619, 0.14378896625914453, 0.12728005959214161, 0.1640768034739066], [0.15580630500390683, 0.14152135915054453, 0.14252457857179393, 0.1254175171050327, 0.14318620529544407, 0.12837538439268179, 0.16316865048059617], [0.15609539705195544, 0.1410433125142695, 0.14272905348858453, 0.12502815695154817, 0.14364432548814285, 0.1274486276372158, 0.16401112686828362], [0.15699073771163752, 0.14148714423404515, 0.14183550200035483, 0.12473564271728241, 0.14257371119558548, 0.1287821677954491, 0.16359509434564554], [0.16124723125210016, 0.13985396885414028, 0.14144510107881444, 0.12337154503637757, 0.14375473979075942, 0.12989321854253438, 0.1604341954452736], [0.163258413568108, 0.14007253440247283, 0.14233352749789382, 0.12141591764668513, 0.14342111125539955, 0.1277545582166659, 0.16174393741277462], [0.15759408883051734, 0.14036669139427216, 0.14267962764679504, 0.12457957833757587, 0.144606332180304, 0.12608748820858331, 0.16408619340195235], [0.15760495756677384, 0.14067374313419162, 0.14213177263238205, 0.12450768900691912, 0.14381211585323442, 0.1269369921733466, 0.16433272963315218], [0.15927700552092958, 0.14081303276850957, 0.1432872159984387, 0.12364674549276863, 0.14370986051031437, 0.13092801871974086, 0.15833812098929825], [0.15809388556627377, 0.14099805035716448, 0.14157732507821089, 0.12417842851438915, 0.14287064110793926, 0.12785479715596113, 0.1644268722200614], [0.15707849015843287, 0.14106025717906714, 0.14216171217363688, 0.12444701571514225, 0.1430867765868006, 0.12745507044013302, 0.16471067774678733], [0.1584983724514401, 0.1402270590458564, 0.1429694623529986, 0.12338275318346456, 0.14418742564887782, 0.12607179630985033, 0.16466313100751223], [0.15734804658970133, 0.14068219879862168, 0.14221001067999173, 0.1241131065943041, 0.14329362589157288, 0.12684319355408466, 0.1655098178917236], [0.1584302307242389, 0.13999936168912605, 0.1425141256636197, 0.12396636531437938, 0.14456850716721967, 0.12557133015893812, 0.16495007928247818], [0.15676210207533506, 0.14082054372444588, 0.14261129954847004, 0.12438957239311715, 0.1435970548926536, 0.12679757044611828, 0.16502185691986002], [0.15600105222979493, 0.14162089498514524, 0.14248736710417118, 0.1252971959038864, 0.14307835940443436, 0.1282431047477045, 0.16327202562486318], [0.15781158236800796, 0.14026311936551097, 0.14223741676089827, 0.12351493958755064, 0.14352210095529205, 0.12598417429607334, 0.16666666666666666], [0.15678459858873797, 0.14167767636357276, 0.14212586857490836, 0.12472984538862841, 0.14252274372439616, 0.12852716733569497, 0.1636321000240615], [0.1564680152135622, 0.1415536132270858, 0.14277733863713066, 0.12443876716565001, 0.14279268999704214, 0.12807559537485863, 0.1638939803846706], [0.1571760953024526, 0.14105398138870548, 0.14235369042515636, 0.12424497439686388, 0.1432332478833314, 0.1273156451782248, 0.16462236542526557], [0.15532618203558995, 0.14209845493278808, 0.14297233940127937, 0.1255290967322474, 0.1427598503730022, 0.1287031027852763, 0.16261097373981673], [0.1574285064470575, 0.14165997317335913, 0.1420026628124734, 0.1242259435916476, 0.142340246280508, 0.1284084405818395, 0.16393422711311498], [0.1589918981839649, 0.1404802658522349, 0.1426078798541695, 0.12310996975238253, 0.1435084197578138, 0.12622257027774714, 0.1650789963216873], [0.16177736776294965, 0.13948076951755106, 0.14204694725311373, 0.12316171373788094, 0.14483785677357291, 0.12629749860187836, 0.16239784635305335], [0.15716538998670476, 0.14150037252334954, 0.1421542066514359, 0.12440086142809317, 0.14258882457698158, 0.12785791972880722, 0.1643324251046277], [0.16182382585671293, 0.1414925514375965, 0.1414372948375112, 0.1222296176483631, 0.1412033018202164, 0.13245168047394856, 0.1593617279256513], [0.16182382585671293, 0.1414925514375965, 0.1414372948375112, 0.1222296176483631, 0.1412033018202164, 0.13245168047394856, 0.1593617279256513], [0.15744897205658878, 0.14177091684118084, 0.14206122313749506, 0.12409392427243401, 0.1420511757051775, 0.12854897827713027, 0.16402480970999353], [0.15642600008024407, 0.14196846480412523, 0.14266967950870615, 0.12449958564515405, 0.14231991405092254, 0.12843910443702378, 0.16367725147382411], [0.15858934962120735, 0.14070544002773622, 0.14272308866778816, 0.12319546320792928, 0.14329694935887283, 0.12614051640006446, 0.16534919271640175], [0.16323939386789965, 0.14185345392056117, 0.14051923941058644, 0.12169432722527079, 0.14014662028230165, 0.13278612845435053, 0.15976083683902975], [0.15733334479262276, 0.1419308322195128, 0.14221252406690874, 0.12427927945384878, 0.1421084173774141, 0.12860158091715085, 0.16353402117254193], [0.16255960131773348, 0.14081834258922, 0.14173429684283717, 0.12313865185181248, 0.14304184601333483, 0.1277959017005748, 0.16091135968448714], [0.15951658265913926, 0.14154343377991027, 0.1425537516275412, 0.1227114970952449, 0.14209553419997598, 0.1275465122787369, 0.16403268835945173], [0.1623866547033294, 0.14229010345886012, 0.14122857059679322, 0.12169306559138955, 0.14008650480787138, 0.13356490210891234, 0.1587501987328441], [0.16193583640352044, 0.1435936595618489, 0.14055132774541626, 0.12190206503910518, 0.13875662039593803, 0.13511526269095403, 0.15814522816321722], [0.16207996939809657, 0.14102450045492881, 0.1424185576953416, 0.1231568290987992, 0.1431802619969592, 0.127457686104352, 0.1606821952515225], [0.16158967713599837, 0.1432774804874051, 0.14089581024979964, 0.12195448874503018, 0.13902403853627648, 0.13539409858781573, 0.15786440625767456], [0.16120127158641964, 0.1423036953252104, 0.14213670913941653, 0.12266910330627183, 0.1412579896685892, 0.12886165056653037, 0.16156958040756203], [0.15869164337013242, 0.14397576689846955, 0.1449945744577615, 0.12201792573659652, 0.14045334482106925, 0.12868107121044883, 0.16118567350552185], [0.1580700505191453, 0.14442091607226815, 0.1445984877254088, 0.12233073692904745, 0.14001370844014452, 0.12921223791481476, 0.1613538623991711], [0.15762108345469097, 0.14450899024107566, 0.145197911499066, 0.12222965445598984, 0.14010225413365723, 0.12905196675341085, 0.16128813946210946], [0.15326032266293146, 0.14587563026557265, 0.14481887801113444, 0.12432217310161466, 0.13880785694725922, 0.13160717696498805, 0.16130796204649953], [0.15686544785411172, 0.1405518021114326, 0.1426306855448168, 0.12477324143091373, 0.14410331631857656, 0.12669559520601945, 0.1643799115341292], [0.15697041761127284, 0.14063252078669794, 0.1423432874114368, 0.12442718772857833, 0.1436768477009994, 0.1266317587229774, 0.16531798003803733], [0.15682791477155614, 0.13928822450312028, 0.14308414882539408, 0.12560597666774212, 0.14663746299405883, 0.12560001060918297, 0.16295626162894547], [0.15808778793153724, 0.1395167295114413, 0.14260415731317738, 0.12447451157715392, 0.1454863630695355, 0.1256853176123531, 0.16414513298480143], [0.16130416328222386, 0.1408684484060296, 0.14305776613539375, 0.12177754893881663, 0.14312285742131484, 0.12779870868750154, 0.1620705071287197], [0.1603814806848483, 0.13843424587636688, 0.14185274604301967, 0.12131218622255172, 0.14579997345317824, 0.12555270105336863, 0.16666666666666669], [0.16389928223406242, 0.14124928478199175, 0.1401992808987148, 0.1217819921708613, 0.14073370028031615, 0.13142937291877874, 0.1607070867152749], [0.1616841291243254, 0.14145453811228614, 0.141135858555068, 0.12241919137399947, 0.14121463782129748, 0.13287111960501038, 0.15922052540801318], [0.16429785696539384, 0.14207020632954773, 0.1407916576888351, 0.12113490793993896, 0.13998698521618846, 0.1318542987947314, 0.1598640870653645], [0.16666666666666669, 0.14134015174954825, 0.14137495806452605, 0.12000689878017391, 0.14043919236399582, 0.12975109645777663, 0.16042103591731263], [0.16178768056606663, 0.14389921460825159, 0.14106494411182832, 0.1220292782154733, 0.13895709327387987, 0.13440070573349902, 0.15786108349100125], [0.1616041873791867, 0.1440257041027248, 0.14121300638378964, 0.12195716102531015, 0.13887633534846855, 0.13441282345552147, 0.15791078230499878], [0.16215637525709303, 0.14391868342947786, 0.14122974048963935, 0.12188626487761738, 0.1389617508362465, 0.13403349969447909, 0.1578136854154468], [0.16166757310913696, 0.14456259172972816, 0.14110616553050678, 0.1215866617955518, 0.1380149256366997, 0.13602547208010965, 0.1570366101182669], [0.15362189838291754, 0.1358795804709591, 0.14381025699183783, 0.12619739625407397, 0.1516332634345836, 0.12219093779896117, 0.16666666666666663], [0.15970316457897335, 0.1385865010903229, 0.14162570487625079, 0.12559324775615266, 0.1472463996085534, 0.1260250058416444, 0.16121997624810247], [0.15503046656619973, 0.13949140011914288, 0.14339080577680155, 0.12706716108074242, 0.14716677169939343, 0.12525846364612367, 0.16259493111159665], [0.15600273073707047, 0.13918689545475785, 0.1435564399321497, 0.1263491205511519, 0.1475583297533745, 0.12466889316810474, 0.16267759040339083], [0.15499240679613138, 0.13968422977539363, 0.14328628867676393, 0.1270718884170922, 0.1467627924360837, 0.12539069528770672, 0.1628116986108286], [0.15524178538037411, 0.13976432793681975, 0.14319908881227575, 0.1267025727870502, 0.14642328366957683, 0.12554505818282755, 0.16312388323107585], [0.15751192089169616, 0.13877290685960658, 0.14276250744225394, 0.1263009975096373, 0.14795261163977866, 0.12457896880594087, 0.16212008685108642], [0.15620650270527414, 0.1395294959027724, 0.14274783804671767, 0.12608853728636477, 0.14640315177961874, 0.12533331822792726, 0.16369115605132495], [0.15692923108244722, 0.13948595037972542, 0.14478282004204576, 0.12515906869711846, 0.14741746801662303, 0.12526719190638458, 0.16095826987565565], [0.15493871890416774, 0.13988379048971533, 0.14314978467719006, 0.12759689396101623, 0.14690803345071055, 0.1255401992006717, 0.16198257931652849], [0.1549323390927596, 0.1397770952381556, 0.1432200796123965, 0.1281243300188027, 0.14753365738970187, 0.1254211957054399, 0.16099130294274375], [0.15514664786383867, 0.1397960859447422, 0.14407771389160673, 0.12639708232214175, 0.1467816649663812, 0.1251855319751856, 0.1626152730361039], [0.1571099250082181, 0.13935208552830583, 0.1430235291586797, 0.12540480537508975, 0.14637070294693663, 0.12503376479601913, 0.16370518718675087], [0.15607610982358944, 0.13959621438619393, 0.14302679771563384, 0.1261309559666656, 0.14639207988382527, 0.12509383760623569, 0.16368400461785626], [0.15057694355420365, 0.13572563923016392, 0.1442943909376425, 0.1300647182808689, 0.15323899944553948, 0.11943264188491481, 0.16666666666666666], [0.15790289576663552, 0.13956002796044617, 0.1431465230580036, 0.1244063068967644, 0.14594065332562686, 0.12523000427504524, 0.1638135887174782], [0.1557649867460082, 0.14031099191407664, 0.14428215467565841, 0.1251260313553796, 0.145718177691156, 0.12590183400286425, 0.16289582361485683], [0.15706852549585984, 0.13928264085282052, 0.14327737691422257, 0.12572213673960841, 0.1469593858044585, 0.1245799957169736, 0.16310993847605654], [0.15633239510632152, 0.13983593594571395, 0.14290321103985063, 0.12552470438589278, 0.14570659704809344, 0.12543969632269883, 0.16425746015142884], [0.15411805642867762, 0.14095549178565128, 0.14344674470901544, 0.12757398126974343, 0.145439250132173, 0.12698235306872205, 0.1614841226060171], [0.16035545116187008, 0.14093225150440486, 0.14066807123549052, 0.12436214941809674, 0.1427681761397788, 0.1290466584184277, 0.16186724212193118], [0.1563624577318299, 0.1406986632236629, 0.14323454530892865, 0.12461512636818228, 0.14436275946666524, 0.12642840886776147, 0.16429803903296947], [0.15661047553450186, 0.14165092760619927, 0.14469823961308742, 0.12343399339875148, 0.143697431714613, 0.12746638940114768, 0.16244254273169925], [0.15654419409912015, 0.1406969892549305, 0.14430372156058324, 0.12412078612403062, 0.1447454478119805, 0.12581470368478326, 0.16377415746457166], [0.15483787907238009, 0.14132474074301854, 0.1435037798060117, 0.12618246911461536, 0.14421446532900492, 0.12697566561359902, 0.16296100032137043], [0.16035413607621238, 0.1402745893023134, 0.1425239933318583, 0.12364136151457736, 0.14447635375523954, 0.1261844338679653, 0.16254513215183383], [0.16093288283814738, 0.14163271200381095, 0.1409441359364642, 0.12357422768243786, 0.14171184251911118, 0.1295895568581872, 0.1616146421618411], [0.154264833755239, 0.14396528784515825, 0.14292803774676993, 0.12578529104324684, 0.14065069030819113, 0.13145774223594608, 0.16094811706544873], [0.15429638868395246, 0.14325968527846858, 0.14471462683998146, 0.12583477573084717, 0.14239834322492892, 0.12774497299957419, 0.16175120724224729], [0.1570011682405828, 0.14312795632328823, 0.14424728885072008, 0.1233725520768436, 0.14172228495594882, 0.1277978920259635, 0.16273085752665298], [0.15515383745159114, 0.14410662057864593, 0.14485829911768983, 0.1239923760407592, 0.14098307143529815, 0.12890987003976354, 0.16199592533625215], [0.1544352891737004, 0.14497782044727697, 0.14270787455141673, 0.12319210562677935, 0.13799207788798568, 0.13002816564617437, 0.1666666666666667], [0.15399005924674006, 0.14695198611089508, 0.14477169326999317, 0.1231581506241412, 0.1375562685725091, 0.13418475211014025, 0.15938709006558122], [0.15392974383111857, 0.14691328447866983, 0.1409443948614217, 0.12584281677701922, 0.13626865834959434, 0.14516818182619473, 0.15093291987598173], [0.15715354090299366, 0.14711366157936706, 0.14245269478137423, 0.12292395552171045, 0.13649668919715655, 0.1402136741915809, 0.15364578382581726], [0.14194112092025432, 0.15469570723140866, 0.14183891767353254, 0.1297883794591872, 0.12903539199160338, 0.15723709603175115, 0.1454633866922628], [0.1426880345467968, 0.14831191854054857, 0.1418615319557447, 0.13559353209337507, 0.13617912926289882, 0.15115089527248898, 0.14421495832814699], [0.14269314430245647, 0.14931475751200315, 0.14097184394932766, 0.13294202309770234, 0.13255513316769735, 0.15878146469539003, 0.1427416332754229], [0.14443263695399697, 0.15892728831895633, 0.1499036320310437, 0.12365069041462283, 0.12952830546538352, 0.14870957979005564, 0.14484786702594085], [0.1441669277650531, 0.15707297335084097, 0.15048418825027265, 0.12445850699294922, 0.1307800428955132, 0.14588563428873827, 0.14715172645663258], [0.14224575252621652, 0.15234481244528064, 0.14158653253158174, 0.12923484544135913, 0.12990293766508884, 0.16011066615911446, 0.14457445323135856], [0.14226455649798367, 0.15174944184396297, 0.14137302950594255, 0.12993536402772343, 0.13035027349768186, 0.15986000119599494, 0.14446733343071047], [0.1418565589687535, 0.15279151009198094, 0.14109933718056222, 0.1267804238990601, 0.1280028646699076, 0.16666666666666666, 0.14280263852306901], [0.1585292284158477, 0.13894421373186033, 0.14217285324663917, 0.1251902276107944, 0.14662958106472956, 0.12561731820971817, 0.16291657772041065], [0.15902902789427825, 0.13926235359195574, 0.14097107407932835, 0.12526955356115632, 0.1454846474160379, 0.1268760226203061, 0.1631073208369372], [0.15917569693329517, 0.13889976764112502, 0.14181595166533803, 0.1250920732990829, 0.14660343592713523, 0.12587966490620026, 0.16253340962782345], [0.15895848420363032, 0.13897493535994812, 0.14150351671317432, 0.12543374257558257, 0.14647095180545855, 0.12605609619616495, 0.1626022731460412], [0.15693665825350672, 0.1382279159012305, 0.14309902079368814, 0.12767439422388915, 0.1500559702385061, 0.12432476226613387, 0.1596812783230455], [0.15709629622072901, 0.13895884524321095, 0.142689549459071, 0.12631340566311927, 0.14750536129827266, 0.12488583194678166, 0.16255071016881548], [0.15731261226471246, 0.13873841717207916, 0.14316764901711723, 0.12626765569828505, 0.14822319348816793, 0.1244164864474212, 0.16187398591221705], [0.15935628740472715, 0.1393384448199873, 0.14160783354793127, 0.12467334313062207, 0.14550956788563582, 0.1260623233196338, 0.16345219989146245], [0.15555354368164506, 0.13986983222440322, 0.1430771764912683, 0.12651290239484694, 0.14624709506810107, 0.12559805268982638, 0.1631413974499091], [0.15683000952530404, 0.13954670669865574, 0.14314044898046022, 0.1252102357202373, 0.14617485680935474, 0.12507664282651038, 0.1640210994394775], [0.1568450026167277, 0.1391008532136792, 0.14364631033236644, 0.12625714990981007, 0.14796510586042136, 0.12431082079556802, 0.16187475727142736], [0.15890503242536816, 0.1399975461452119, 0.14190782657083123, 0.12362943207095298, 0.143997513232371, 0.12654998121585823, 0.1650126683394064], [0.15848618610823623, 0.14019750376546145, 0.14170573854183166, 0.12475619716115088, 0.1444374157650729, 0.12671890589472506, 0.1636980527635219], [0.15842554340908782, 0.14047974762211088, 0.14170216900700244, 0.12378745788457378, 0.14334220852547394, 0.12700246445670874, 0.1652604090950423], [0.1574316351650781, 0.14820829345130715, 0.14630682376779008, 0.12200527252490813, 0.13719490300336412, 0.13381855031154133, 0.15503452177601096], [0.15571147957502857, 0.14822479165709246, 0.14767227495995064, 0.1221650874202448, 0.13800192835838276, 0.1317739662311385, 0.15645047179816216], [0.15097938258761354, 0.15386793890465933, 0.14845159697985413, 0.12299737398753692, 0.13336475381432145, 0.14024081203203556, 0.150098141693979], [0.14835363314628866, 0.15807739123695877, 0.147630308765422, 0.12172867759457297, 0.1299737178598498, 0.14526722011348797, 0.14896905128341983], [0.14311145275220485, 0.15436310532868042, 0.1434830633433901, 0.12757205031638652, 0.12941273462854672, 0.15900106184387094, 0.1430565317869203], [0.15841395000982, 0.13866625780713587, 0.14173867037202645, 0.12578008312829528, 0.14712774764654027, 0.12590401546359067, 0.16236927557259145], [0.15896665607042973, 0.13812505085329374, 0.14166710617345563, 0.12633119203819454, 0.14842387677917962, 0.12548116576046026, 0.16100495232498654], [0.15765161560453816, 0.1390710217000571, 0.14232417946274664, 0.12527167155133292, 0.1464858285408423, 0.12573496101605527, 0.16346072212442733], [0.15936929999161653, 0.13929527092835833, 0.1412898520060505, 0.12511511002583903, 0.1456791063082672, 0.12668368726415344, 0.16256767347571505], [0.15718817372506616, 0.14018792434987232, 0.14203164155304365, 0.12485825104323821, 0.1443228298630237, 0.12726777336677608, 0.1641434060989798], [0.15594906467461267, 0.13987178854611973, 0.14268411545605342, 0.1261035958225101, 0.1458275285513577, 0.12587483570014132, 0.16368907124920498], [0.1541835594854908, 0.1403769592722152, 0.1435574049104117, 0.12740232038596297, 0.14605115245343508, 0.12637384968266868, 0.1620547538098156], [0.15497054244525987, 0.14007028983986675, 0.14324730566344487, 0.1268653551902403, 0.14616196114518412, 0.1258945391837014, 0.16279000653230283], [0.1572463061736095, 0.13919051284744924, 0.14292266927675823, 0.12595362413692157, 0.14709641756710268, 0.1246561597775118, 0.1629343102206471], [0.1581678721297571, 0.1399547985860584, 0.1422404090431116, 0.12404186671628092, 0.1445214297619851, 0.12639709404009847, 0.16467652972270846], [0.1559292877620345, 0.14033153037470789, 0.142733977519491, 0.12581061847344957, 0.14503380575942396, 0.12623730542152967, 0.16392347468936344], [0.15630273139368103, 0.13996477093954648, 0.14303519461023453, 0.12614442652318514, 0.14607928035270942, 0.12533622867217767, 0.1631373675084658], [0.15768802074978694, 0.14255649628537254, 0.14334478999660072, 0.1231935397210066, 0.1415210174771615, 0.12813347288538918, 0.16356266288468232], [0.1586423734788979, 0.14064741304498748, 0.14133088005642958, 0.12463371666402284, 0.1434798295226445, 0.12784218291997865, 0.16342360431303904], [0.16026015663905077, 0.14060896454019778, 0.14341574829907608, 0.12224141450760166, 0.14385134852366063, 0.12745594747314246, 0.1621664200172707], [0.15837509611582387, 0.13968830519135755, 0.1426993662314306, 0.12411013175901353, 0.14519112626461486, 0.12536457381612695, 0.1645714006216328], [0.15853052505983914, 0.13991040918703423, 0.14242150447590238, 0.12383998768456139, 0.14454351231184306, 0.12574404823443874, 0.16501001304638102], [0.15562347933409434, 0.14177103462537527, 0.14175335939809824, 0.12656030943974217, 0.14323614481072933, 0.1293433801543844, 0.16171229223757633], [0.1578039816731644, 0.14012449351826647, 0.14289659380608286, 0.12518651745429274, 0.14550980754890505, 0.12557800273877057, 0.16290060326051783], [0.16183413537207048, 0.14078466836903342, 0.1413947802964955, 0.12231753547944486, 0.14205182186509374, 0.131575960689125, 0.1600410979287369], [0.15993831602071243, 0.14199779277438934, 0.14339506041541664, 0.12199119765280475, 0.14197035091688603, 0.13009922667521992, 0.16060805554457083], [0.15827825011046992, 0.1399351928801453, 0.14314845623284705, 0.12406368507783026, 0.14506363954411633, 0.12535423104401763, 0.1641565451105735], [0.15896110132549177, 0.1410501588284063, 0.14145665964962084, 0.12392379927510161, 0.14271833805325337, 0.12786248868315353, 0.16402745418497264], [0.15762114688450635, 0.14116797439159876, 0.14286259563797565, 0.12326432251177158, 0.1427796260517907, 0.1268949538644449, 0.16540938065791208], [0.15975615481137767, 0.14076074121017873, 0.14299492308630812, 0.1227647378930413, 0.14337399476822352, 0.12633424267664423, 0.16401520555422647], [0.1626858288450382, 0.14182107858528073, 0.14126645579787953, 0.12169521038457158, 0.14056566908565749, 0.13258426195532624, 0.1593814953462463], [0.16121671022414685, 0.1405946268300799, 0.14253490073151687, 0.12383309090656482, 0.14421993058503707, 0.12674713886925948, 0.16085360185339498], [0.1608846968879348, 0.14070999090112496, 0.14260827387259561, 0.12403956665417722, 0.14423936019515352, 0.12681342162413556, 0.16070468986487824], [0.16133004842486534, 0.14159343576323705, 0.14245765717193368, 0.12324245118566922, 0.14268773270324114, 0.1277894721735686, 0.1608992025774849], [0.16112791685660083, 0.14148086444467406, 0.1431550287496238, 0.12177178837867744, 0.14258276477704082, 0.12906609984379144, 0.1608155369495917], [0.16141130140841783, 0.13997038378958113, 0.14132672989441403, 0.12352336413733804, 0.14364528455414, 0.12979021810278657, 0.16033271811332245], [0.14405337786577885, 0.13596007185366143, 0.14278488106659085, 0.14243171230583582, 0.15820459066075349, 0.125488109141298, 0.15107725710608164], [0.15171926603786748, 0.15224222728315273, 0.14594420908775224, 0.12218931165550188, 0.13337313953607782, 0.13606741644024636, 0.15846442995940155], [0.1483364104073555, 0.15349082922040458, 0.14202007261158936, 0.12471005690577569, 0.13104441350011015, 0.1465025119622763, 0.1538957053924885], [0.14652840333877526, 0.15309256050145473, 0.1420457079710255, 0.12678044639453373, 0.13134374597014886, 0.14757510908911994, 0.15263402673494214], [0.14246860555008067, 0.16157168966763932, 0.1474931548977408, 0.12432869627584242, 0.12787164999557668, 0.14861817746637696, 0.14764802614674316], [0.14263409090683649, 0.15803565571047223, 0.15115715075189337, 0.12750431377108937, 0.13109985650556638, 0.13999123555847548, 0.1495776967956668], [0.14225442437384925, 0.16666666666666669, 0.14857266001656622, 0.12258397821390421, 0.1267496025332525, 0.14676675889839058, 0.14640590929737066], [0.14302342138561808, 0.16022171073554084, 0.14595513311981811, 0.12449894720350978, 0.12759134366333685, 0.1538827634724557, 0.14482668041972066], [0.13789572871916345, 0.13846678540109703, 0.13998770023553272, 0.16666666666666669, 0.14362315918739244, 0.13007219291629704, 0.14328776687385075], [0.1379922653158324, 0.13864787546792462, 0.14022526313819644, 0.16585232353866483, 0.1437050724018425, 0.1300997631579823, 0.14347743697955703], [0.14292381454835731, 0.1593575108039825, 0.14517309786717525, 0.12471737198088374, 0.1274816359704519, 0.15575757716543667, 0.1445889916637126], [0.1505890896499299, 0.15052643774559618, 0.1472813101661052, 0.12535571160254125, 0.13626364962649926, 0.13374769801340677, 0.15623610319592157], [0.14405754745507254, 0.16245368799721333, 0.1482924415659053, 0.12183028077191059, 0.12779068499214377, 0.14709383423950315, 0.1484815229782513], [0.15815827623952822, 0.1473195697474204, 0.14830698896882719, 0.12015787343726922, 0.1382208071712206, 0.13216793645565683, 0.15566854798007754], [0.15775937533394532, 0.1485194948832885, 0.14758974572489655, 0.11949623094457035, 0.13660359300952676, 0.13405379286762859, 0.15597776723614404], [0.15642425220424067, 0.1463051087724829, 0.15041425702818273, 0.12118897683619555, 0.13994837673006835, 0.1304964128743465, 0.1552226155544833], [0.15624938597360105, 0.1475874739706022, 0.1505707818069703, 0.12081187459276056, 0.13892715620013443, 0.13112364667864723, 0.1547296807772843], [0.14841523602224516, 0.1444969236478507, 0.15350032817003162, 0.12817028660807028, 0.14402200139187257, 0.12911657415559763, 0.15227865000433208], [0.14820328360384694, 0.15282057904774404, 0.15607422974625595, 0.12351012744156664, 0.1353142808139382, 0.1369911697824278, 0.14708632956422046], [0.14387176727748793, 0.16013824333819981, 0.15331758079390842, 0.12321486118934737, 0.1300006408670517, 0.1436285276335155, 0.1458283789004892], [0.14470829211167996, 0.1573354833276264, 0.1510519694491406, 0.12392128758815558, 0.13065521332250474, 0.14685520013523032, 0.1454725540656626], [0.14385758887386635, 0.14385343231884057, 0.1517331684816131, 0.1350933033570457, 0.1439130916620316, 0.1342434221940305, 0.14730599311257223], [0.14597122085610678, 0.13553394793891774, 0.1435359868939703, 0.13789852344947215, 0.15838269072903766, 0.12228515879394153, 0.15639247133855375], [0.145558162161732, 0.1333372780062685, 0.14201036557808114, 0.13658941614045397, 0.16666666666666666, 0.1203660809595255, 0.1554720304872722], [0.16097763616866018, 0.14112928998588795, 0.14261554552739597, 0.1228961516416891, 0.14290402872094138, 0.12705722644614348, 0.16242012150928178], [0.15192930176041453, 0.14428679869957597, 0.14531901662255145, 0.13023179856783498, 0.1420639285390709, 0.13434233354036995, 0.15182682227018218], [0.14888409899187124, 0.1414737640241914, 0.14802198227498692, 0.13081883378044198, 0.1478481949598121, 0.13140181475663013, 0.15155131121206614], [0.15188848633930951, 0.14662289578868606, 0.1540269038328492, 0.1228183656338678, 0.14202953877895097, 0.12881387539199152, 0.153799934234345], [0.14314167633999472, 0.1492062826853851, 0.16666666666666669, 0.12642195332364914, 0.1381710399196887, 0.13128179834102488, 0.1451105827235909], [0.14314714915504168, 0.15152527841440733, 0.1618961043769918, 0.12688216376348724, 0.13673048747299002, 0.13299147727853539, 0.14682733953854668], [0.14379297893133436, 0.1480038996053501, 0.1610034641030784, 0.12828371795763593, 0.14129118351123682, 0.1319632958307801, 0.14566146006058445], [0.14371862616381534, 0.14838890765073276, 0.1610389296448481, 0.12808305804908293, 0.14088329811262248, 0.13208720362336207, 0.1457999767555365], [0.14312276020605666, 0.15167239076727704, 0.16199358850459816, 0.12661008096678628, 0.1367455491721548, 0.1329829136468467, 0.14687271673628033], [0.14322059199572987, 0.15350649645274717, 0.15982362466632835, 0.1258948720422129, 0.13551830675876683, 0.1346761523993594, 0.14735995568485552], [0.1433329304419862, 0.15033075331628598, 0.16521643279029122, 0.1259659176338055, 0.1374072767928405, 0.13221919716566266, 0.1455274918591279], [0.1432888743164207, 0.1512228281406796, 0.1629490922560338, 0.12649111539442012, 0.13710214834477819, 0.13278360522036498, 0.14616233632730263], [0.1433452408797728, 0.14924223177478818, 0.16475772124011187, 0.12720212339862444, 0.1384533190634188, 0.13165758242650286, 0.14534178121678112], [0.14332935774595543, 0.14759127722735593, 0.1636391589141682, 0.12810380184585418, 0.1401808861391104, 0.13064763476612834, 0.14650788336142753], [0.14198244297436174, 0.14884230990495467, 0.14699043449578922, 0.13867222254744202, 0.13741186415045872, 0.13715722849762838, 0.14894349742936525], [0.14321034746812641, 0.1482686860869094, 0.16360644901853263, 0.1280633956974986, 0.1396140505043183, 0.13092712326038478, 0.1463099479642299], [0.14365126360370126, 0.14706524809541008, 0.16028592853592924, 0.12906360832529656, 0.14237566360229406, 0.1313586941783406, 0.1461995936590284], [0.14332710785591934, 0.14898158843629888, 0.16566682646823142, 0.12669303365223733, 0.138590866138949, 0.13137391278867083, 0.14536666465969322], [0.14401816883747692, 0.14809864420624555, 0.16077228746170272, 0.12807882130184314, 0.1410660979998947, 0.13243378749754645, 0.14553219269529047], [0.1439170036253474, 0.14851593994947498, 0.1617959622551303, 0.1276066626195548, 0.14037599495464317, 0.13238030820170948, 0.14540812839413997], [0.1417914689359899, 0.14153596175931496, 0.15114851853919323, 0.13919839694976158, 0.1497437513021974, 0.12857321587481974, 0.14800868663872324], [0.14355367386964943, 0.1527231447040718, 0.160963999368093, 0.12609889615627487, 0.13593552059379863, 0.13464445684578627, 0.14608030846232603], [0.14339182457760205, 0.15101373099703372, 0.15975030466907247, 0.12785599670254638, 0.13816500008328056, 0.13361756631111046, 0.14620557665935444], [0.1436948348216825, 0.14736526932733554, 0.16092003199259994, 0.12864241396688678, 0.14183266058384789, 0.1315346004303063, 0.14601018887734107], [0.14362657065053733, 0.14832306111590784, 0.16034108539849828, 0.128387649691368, 0.1410837627063318, 0.13203500831221546, 0.14620286212514136], [0.14362766069090258, 0.14859609007698546, 0.16042264375923992, 0.12812324673035153, 0.14062637555364604, 0.13229725517529323, 0.14630672801358122], [0.14359282858286546, 0.14898398776603217, 0.16011517046902954, 0.12795703271598854, 0.1403882067109746, 0.13256831156273619, 0.14639446219237354]]