[[0.16666666666666663, 0.14031793134755613, 0.14196357760911218, 0.12665661773043296, 0.14658245517096702, 0.1309790562824634, 0.14683369519280146], [0.16203245835105617, 0.14057675198633296, 0.14560350636254663, 0.12848866292512895, 0.14961532788128543, 0.12724562278092202, 0.1464376697127279], [0.16251285030149912, 0.14113777241609396, 0.14593825313437492, 0.12866866734098942, 0.14909960859603788, 0.12764079510680948, 0.14500205310419506], [0.16510754840142688, 0.14139977568966017, 0.14420429323193462, 0.12824767374167514, 0.1475818713784692, 0.12878670264554803, 0.14467213491128603], [0.16382171006256252, 0.14183805820942633, 0.14519312716646288, 0.1285507108450742, 0.1475304042421071, 0.1289498383236791, 0.14411615115068807], [0.1631049748232327, 0.14210480891468727, 0.14479780243811352, 0.12990929016904493, 0.14763433035553294, 0.12932900966284672, 0.143119783636542], [0.16388802689961424, 0.1420849298892518, 0.14518779308832283, 0.12833310892618424, 0.14706587900700538, 0.1292848601860597, 0.1441554020035618], [0.16327195624773752, 0.1426228027516569, 0.14522412898808015, 0.12853590707168622, 0.14648295473211173, 0.1301950435068579, 0.14366720670186958], [0.16136407458168117, 0.14080205568766144, 0.14483765762279108, 0.12792792207357598, 0.14871958788295325, 0.12799890140496367, 0.1483498007463736], [0.1647090044361063, 0.1426776642848667, 0.14485837717675673, 0.1281754235730917, 0.14615366965468726, 0.130006531576928, 0.14341932929756337], [0.16242711532511708, 0.14275601347932895, 0.14534488804281653, 0.1300383399093248, 0.14700483880052698, 0.12978945149152746, 0.1426393529513583], [0.16374122015507217, 0.14326644244303954, 0.14456575856914475, 0.12855465992593196, 0.145526901219026, 0.13127619372692692, 0.14306882396085852], [0.16254636080797513, 0.1426562432446036, 0.1455373547015952, 0.12979231495666418, 0.14703735340834082, 0.1295576299841161, 0.1428727428967049], [0.16339033888187288, 0.1432227135411863, 0.14518870425126432, 0.12859151405071687, 0.14583489559392684, 0.13080236355521035, 0.14296947012582245], [0.16236364876713646, 0.14381340004381482, 0.1450481332500649, 0.12917745273307266, 0.14532649240949863, 0.1318657049931142, 0.14240516780329832], [0.16308173807420592, 0.14336496936937268, 0.14517914498303916, 0.12880090001014347, 0.14573031219775728, 0.13100205895674155, 0.1428408764087398], [0.16275886835759248, 0.14389098832491548, 0.14456396316298648, 0.12873872277627046, 0.144873822676879, 0.13239893332350278, 0.14277470137785325], [0.16154574207451536, 0.14152089873944573, 0.14319830920244625, 0.126063177659028, 0.14517916100739434, 0.13217940250255383, 0.1503133088146163], [0.16220017110801424, 0.14253725236862758, 0.14480535348628495, 0.12560971246516361, 0.1455754864192975, 0.13136089407470053, 0.14791113007791165], [0.1646464135311888, 0.14257308418468717, 0.1449399543233172, 0.12811040478501884, 0.1464570473410876, 0.1294918110592157, 0.14378128477548455], [0.16431217320550098, 0.14300376574603954, 0.14461971861571177, 0.12828684725038772, 0.14586081268844778, 0.13049838609716347, 0.14341829639674875], [0.16666666666666669, 0.141052706874247, 0.14361966016593186, 0.12404555833187919, 0.14392267979938553, 0.1312593310807299, 0.14943339708115994], [0.16381985451097547, 0.14347051572064104, 0.14434824969534776, 0.1282710019480324, 0.14516273384379028, 0.13159325356124343, 0.1433343907199696], [0.16375896490816974, 0.1434921507026789, 0.14481567717860278, 0.1284567030462725, 0.1453262073824564, 0.13117907660975886, 0.14297122017206088], [0.16488901917647222, 0.14248599825611966, 0.14521074736784265, 0.1270808311104566, 0.14610800025347498, 0.12954012858239092, 0.1446852752532431], [0.1642812068118256, 0.14316336101942762, 0.14484178389471425, 0.12817639109751242, 0.14552543244812877, 0.13064579199442955, 0.1433660327339619], [0.16582599213608232, 0.14219892443263957, 0.14474582564146835, 0.12748835570937403, 0.14639119935063077, 0.12896094043979248, 0.14438876229001252], [0.16398030352680948, 0.14321796991636243, 0.14513169162055997, 0.12831109723288195, 0.1457369383725862, 0.1304957349925325, 0.14312626433826733], [0.16251902896952228, 0.1439183145356627, 0.14504931581912864, 0.12909196941430265, 0.14524208743633396, 0.13176765346098168, 0.14241163036406818], [0.16516129779855676, 0.14282046595531045, 0.14488079049226055, 0.12769445080364034, 0.14576379505492476, 0.12992452488388723, 0.14375467501141997], [0.1628833069499396, 0.14404100750256957, 0.144800712520742, 0.128696015865899, 0.1448061527063086, 0.13213420648779203, 0.1426385979667492], [0.16287608225638797, 0.14389218398223738, 0.14532124547025854, 0.12837110184021064, 0.14501587579095915, 0.13166926234769882, 0.14285424831224758], [0.16386207115826124, 0.14342154786786296, 0.1449064718094959, 0.12816631944589477, 0.14539936893629346, 0.1309531458301696, 0.143291074952022], [0.16185359597534293, 0.1443129005696747, 0.14544725216613189, 0.12923701464015827, 0.144914681404532, 0.13212493296601696, 0.1421096222781432], [0.16316034634163035, 0.14407469860042552, 0.14476570305289502, 0.12832415406396616, 0.14468928238444895, 0.1321027759143461, 0.14288303964228793], [0.16520802041585475, 0.14281913756289527, 0.14502716569125979, 0.12700029156272016, 0.14557682804910343, 0.12983488621141043, 0.14453367050675622], [0.16273981999137363, 0.14165862182242217, 0.14422185866488915, 0.12664687964907276, 0.1465865547723003, 0.12953145793135695, 0.14861480716858513], [0.16341041004451984, 0.14391161491014784, 0.14486819927406502, 0.1284504485672657, 0.14489577978852994, 0.13157627790511206, 0.14288726951035943], [0.16232250483381302, 0.14309817003959555, 0.14335666127978938, 0.1250638365224922, 0.14282736891830203, 0.13463393068605256, 0.1486975277199554], [0.16232250483381302, 0.14309817003959555, 0.14335666127978938, 0.1250638365224922, 0.14282736891830203, 0.13463393068605256, 0.1486975277199554], [0.16302784114149663, 0.14419389177593284, 0.14483648522020043, 0.1282373097277008, 0.144446874490086, 0.1322587763023332, 0.14299882134225014], [0.16263035928106637, 0.1443009803092688, 0.14529974386796526, 0.12848187434927605, 0.14461923844272156, 0.13204934222359385, 0.14261846152610813], [0.16521363159311442, 0.14305684829574786, 0.14518223681749967, 0.12713281750381641, 0.14541363464739604, 0.1298111258875481, 0.14418970525487737], [0.16040488077582418, 0.1441675565874942, 0.1433637883926351, 0.1258884882839142, 0.1426199037983541, 0.13594585809663765, 0.14760952406514072], [0.16295144250530544, 0.14426983806857857, 0.14488396736636855, 0.12828740567369434, 0.14443063087916988, 0.13220099287163828, 0.142975722635245], [0.16145181190333263, 0.14324562998576534, 0.14440166718917585, 0.12722615096549478, 0.14526033527575907, 0.1314460616727873, 0.1469683430076848], [0.16404901582362838, 0.14391580486527714, 0.14517102777802082, 0.12686215612124188, 0.1444157707898069, 0.13124060386095265, 0.14434562076107205], [0.1601480120445062, 0.1441773592585874, 0.14357913782456233, 0.1251749628851294, 0.14214436522888582, 0.13612767097055498, 0.14864849178777384], [0.15896373457165383, 0.14580988211271895, 0.14358641384377763, 0.12620182185697573, 0.14143745318292658, 0.13814585738911908, 0.14585483704282812], [0.16176954608741898, 0.14326866123786008, 0.14484794539169535, 0.12696473948886683, 0.1452357540274135, 0.1308891924673512, 0.14702416129939397], [0.15960791526451504, 0.14511796027279647, 0.1433787770173819, 0.12547286082496859, 0.14119921889095613, 0.1378549165463916, 0.14736835118299024], [0.16221596764600257, 0.14465006616326276, 0.14491889128820126, 0.12690645999677233, 0.14370507126246418, 0.13250260987589504, 0.14510093376740182], [0.16127726616703322, 0.1459615829515899, 0.14732226295199824, 0.1259254035094618, 0.1427474290512396, 0.1320054173586794, 0.1447606380099978], [0.161681912449758, 0.14637501285969423, 0.14703155777433904, 0.12622526489744276, 0.14235494030035262, 0.13250228553933965, 0.14382902617907356], [0.16125144432565044, 0.14645663721025837, 0.14754390666154818, 0.1261356421818374, 0.1424372506632699, 0.1323582771659123, 0.14381684179152335], [0.16326166252074978, 0.14734445612717118, 0.1469000987404792, 0.1273136876199274, 0.14077600030480078, 0.13408402728523297, 0.14032006740163852], [0.16397217935657987, 0.1428285144393794, 0.14494991191507406, 0.1284255398180038, 0.14607040513072145, 0.13018030143389303, 0.14357314790634843], [0.16420339807729897, 0.14306532447931464, 0.14490730217453016, 0.12837432549175157, 0.145825169244949, 0.13037288671419434, 0.14325159381796135], [0.16350066873232688, 0.14132709553178854, 0.14492934723724618, 0.12866376391348264, 0.14812903665085914, 0.1286582421469646, 0.14479184578733187], [0.1649904967874215, 0.14166462275430763, 0.14466031289935327, 0.1278124288732641, 0.1471619850320482, 0.12892744529073574, 0.14478270836286963], [0.16300495817418362, 0.1431876784521451, 0.1454316252125938, 0.12581302881290135, 0.14523941869892626, 0.1312928932496182, 0.14603039739963178], [0.16666666666666666, 0.14032176495314086, 0.14371926570256, 0.12434442521088718, 0.1471950462243797, 0.12830143432683958, 0.14945139691552603], [0.161304870033188, 0.14379880790268365, 0.14324309044321512, 0.12628420706895757, 0.14333493976635425, 0.13496389490568014, 0.14707018987992126], [0.16047413962439827, 0.14318882949899012, 0.14321446071360663, 0.12546288580535028, 0.14296543146434332, 0.1351958470095831, 0.1494984058837283], [0.1605755609263687, 0.14464272140893575, 0.14392540178820146, 0.12589702144367754, 0.1427773819604325, 0.13549528371989186, 0.1466866287524921], [0.1611241181753062, 0.14419120459106896, 0.1445997156736395, 0.12525947554617675, 0.1433916678775533, 0.13390675078624778, 0.14752706735000767], [0.15873267532685592, 0.14615277634759968, 0.14412077770223733, 0.12644756404297536, 0.14169983472125067, 0.13759444629154322, 0.14525192556753797], [0.1587132473054491, 0.14627749319437874, 0.14426792641378897, 0.1264038084155048, 0.1416402622238846, 0.13762067524634783, 0.14507658720064598], [0.15870080264030362, 0.14618806598456963, 0.14428811353941817, 0.126353643878668, 0.14172564651966937, 0.1372890471894768, 0.14545468024789437], [0.15964711392143258, 0.14640456596354917, 0.14380400431300613, 0.12534326358368436, 0.1404025292293349, 0.1385788605880185, 0.14581966240097446], [0.16666666666666666, 0.13677634681879014, 0.1441243066792236, 0.12737618529557632, 0.15207115645330607, 0.12348642697550355, 0.14949891111093358], [0.16187286047853605, 0.1407028117643074, 0.1435977709471427, 0.12868881763878137, 0.1487100419205966, 0.12908803552281237, 0.14733966172782365], [0.16279310466437863, 0.14149225109806815, 0.1452011545094697, 0.12998277956705948, 0.14860250311589956, 0.12830725227177708, 0.14362095477334735], [0.16344878496702658, 0.14111201036786294, 0.1452429408771487, 0.129173594914066, 0.14889697788376624, 0.12761107705514724, 0.14451461393498224], [0.16286814662170535, 0.14172476276463203, 0.1451786479441406, 0.1300662232707379, 0.14826801274456858, 0.12851216951188504, 0.14338203714233044], [0.16310884417436983, 0.14184781029777097, 0.14515553000680603, 0.1297976376996483, 0.14799105559542888, 0.1287297681365003, 0.14336935408947585], [0.16354377923471838, 0.14065517571248579, 0.14445956899271767, 0.12902486988487274, 0.14921543469166654, 0.12741904355099493, 0.14568212793254376], [0.1639863987598707, 0.1416505709934951, 0.1447795490209732, 0.12926017445538002, 0.14798697335967054, 0.12856398425985632, 0.14377234915075404], [0.16206358940971838, 0.14119780565665754, 0.14613178119465647, 0.12777323823801046, 0.14862979229601014, 0.12787455179279994, 0.14632924141214704], [0.16235590810351552, 0.14187045679698768, 0.14505367354919, 0.1304949621354082, 0.14837366434966803, 0.12859082627716684, 0.1432605087880638], [0.16171674551662865, 0.14165705953489285, 0.14500234018499686, 0.1308189886898585, 0.14887132743868223, 0.12830484199245376, 0.1436286966424872], [0.1627730658499827, 0.14175422454937525, 0.14580782855880717, 0.12933164590726004, 0.1482307437892573, 0.12820838481353522, 0.14389410653178247], [0.16433809283667147, 0.1414023259277868, 0.14491949943597318, 0.12850193267677704, 0.14789412388294912, 0.12815874251141784, 0.14478528272842464], [0.16407717946168832, 0.14167122429472334, 0.14498114365879228, 0.1292381076492571, 0.14794617170430371, 0.1282804866999496, 0.14380568653128561], [0.16666666666666666, 0.13669569915431892, 0.14463926323241946, 0.13121225881900772, 0.15365998229340505, 0.12091351819360734, 0.14621261164057484], [0.16498626155491844, 0.14161705199576083, 0.14507905624795708, 0.12761329160371684, 0.1475134749528612, 0.12837448158949827, 0.14481638205528738], [0.16299446490696737, 0.1423418143728059, 0.14613127819321417, 0.12832692284960145, 0.1473323523342745, 0.1290429464379331, 0.14383022090520356], [0.16431516069176, 0.14121015090685016, 0.14502088137327265, 0.1286041451640972, 0.14834654422512744, 0.1275423972991089, 0.1449607203397835], [0.16424981536366481, 0.14201360356523074, 0.14501853874000004, 0.12886391717118817, 0.14740778310172337, 0.1287858086333385, 0.14366053342485446], [0.1614164179392831, 0.1429734621058916, 0.14548393430065706, 0.13064221441095755, 0.14710530766319682, 0.13009702081106986, 0.14228164276894403], [0.1624908281318119, 0.14335776523894572, 0.14347496976834345, 0.12834942431719762, 0.14502065075955434, 0.13259241013356496, 0.1447139516505821], [0.16376410227421434, 0.14295758856714488, 0.14551715310227895, 0.12827313921161065, 0.14630294949102876, 0.1299286864504802, 0.14325638090324228], [0.16260038021175938, 0.14372052223649096, 0.14672702909160168, 0.12701070597286962, 0.14559771558005358, 0.1307094949971311, 0.14363415191009377], [0.1637651221044195, 0.14279849617894286, 0.1462951942988649, 0.1275636653377765, 0.1465193471360089, 0.12912050843949024, 0.14393766650449716], [0.16229248695580276, 0.14347134884394114, 0.14573100969156075, 0.1296117154428705, 0.1461162969980019, 0.13033772359810034, 0.1424394184697226], [0.16385458528214594, 0.14245933173895245, 0.1447797359663322, 0.1272030065005865, 0.1463132731318618, 0.129535562720167, 0.1458545046599542], [0.16212345853801394, 0.14407941851446837, 0.14386127020479256, 0.1277858895010661, 0.1441508151679164, 0.1332133073677049, 0.14478584070603764], [0.16193504892052957, 0.1457808386868576, 0.14528186641271074, 0.12905479359225525, 0.14273132726626478, 0.1342735884842347, 0.1409425366371473], [0.1621342569947069, 0.1450837341928049, 0.14680998858572966, 0.12901670530547116, 0.14428951442263765, 0.1307780455645563, 0.14188775493409342], [0.16224436149081356, 0.14521398654629394, 0.14666373503473892, 0.12720933116096403, 0.14393288754987496, 0.13124249189778756, 0.14349320631952703], [0.16237381313778676, 0.14593184822788596, 0.14705809165158218, 0.12744495299287237, 0.14306101081384737, 0.13196459558780885, 0.14216568758821665], [0.16666666666666666, 0.14683606949764, 0.14541342229373386, 0.12691690320015597, 0.14044884883967873, 0.13316726576424284, 0.140550823737882], [0.16666666666666669, 0.14776270023016336, 0.1462813474937256, 0.12494732332538286, 0.1387533567366156, 0.13552048497567393, 0.14006812057177204], [0.16666666666666669, 0.14577412052766248, 0.1401343716473604, 0.12348853346021689, 0.13451562613831702, 0.14392837900668443, 0.14549230255309217], [0.16666666666666666, 0.14668574165575993, 0.14261050252240323, 0.12196664090291176, 0.1358364155258544, 0.13963474719449895, 0.14659928553190496], [0.14999385144499466, 0.15468481322972621, 0.1427884305236501, 0.12975481889747478, 0.12900114618433625, 0.15722851478486638, 0.13654842493495167], [0.14702041569538832, 0.14791499872927322, 0.14200422143142608, 0.13492157829559917, 0.135519838952326, 0.15081536808294366, 0.1418035788130436], [0.14887183928096864, 0.1487557965178112, 0.14079503448632, 0.13185564348782458, 0.13145629058455302, 0.15852745689175396, 0.1397379387507686], [0.1552758990340751, 0.1584195194711714, 0.1498499465541413, 0.12082847760675444, 0.12709171404568925, 0.14753144261892104, 0.14100300066924754], [0.15121400770664573, 0.15707851300211043, 0.15141314375167847, 0.12448287909633218, 0.13080076477752314, 0.14589763380431617, 0.13911305786139383], [0.14805376086165495, 0.15244010409808822, 0.14259194192656335, 0.12948390118910094, 0.13014754820544042, 0.16015428705585835, 0.13712845666329385], [0.14777215572377894, 0.15185154414419588, 0.14235383894298811, 0.13018677476494572, 0.13059884434935073, 0.15990659003605948, 0.1373302520386812], [0.14881366135926008, 0.15250881938862945, 0.14149218293930427, 0.12596778658132388, 0.1272151332074283, 0.16666666666666669, 0.1373357498573874], [0.16432405086288865, 0.14101154867913482, 0.1441130573855062, 0.12828323284198193, 0.14812379831180467, 0.1286784741913864, 0.14546583772729732], [0.16393227712126837, 0.14157952452050301, 0.14336933809285513, 0.128769885306468, 0.14727569246364317, 0.1302405194190776, 0.14483276307618484], [0.1639807689601575, 0.1410239453574293, 0.14386391026985706, 0.12827254457585738, 0.14813828026156312, 0.12899988514306393, 0.1457206654320717], [0.1640382775651333, 0.14112605250683258, 0.14362446137311208, 0.128636751049343, 0.1480397720446248, 0.12921075971345325, 0.14532392574750097], [0.1610410961536682, 0.13983361973011899, 0.14441268809432894, 0.1298759691691053, 0.15099384050837805, 0.12671546355182456, 0.14712732279257598], [0.163948549631862, 0.1408824442188982, 0.1444304887730072, 0.12911490673914228, 0.14883562349450113, 0.12778644147656926, 0.14500154566601992], [0.16325361191775184, 0.14055665739262546, 0.1447466540166474, 0.12889779213512972, 0.1494239370129711, 0.12716714137174256, 0.14595420615313176], [0.1647104502075056, 0.1415651062915822, 0.14386193683885773, 0.1280948945256057, 0.14723341574411522, 0.12937070274576296, 0.14516349364657052], [0.16341053660326654, 0.14194287163949454, 0.14504765946499548, 0.12961925199666716, 0.147826780790096, 0.1287751763042069, 0.14337772320127345], [0.1646046166749074, 0.14163147051354041, 0.1450930144541341, 0.12839707180824503, 0.14775010189608836, 0.12827374845883513, 0.1442499761942495], [0.16321202769219298, 0.1409047434325921, 0.14521439470893358, 0.12890152433224494, 0.14918892472846695, 0.12708256182221914, 0.14549582328335028], [0.1651443889370542, 0.14239578595125457, 0.14438953898548748, 0.12749958628419011, 0.1460360531269161, 0.13015750295086345, 0.1443771437642341], [0.1644209737309248, 0.1424849097179973, 0.14413979445323483, 0.12837800635014204, 0.14635841799028507, 0.13017110217767047, 0.14404679557974545], [0.1646980524637963, 0.14297195995598794, 0.14439198475566883, 0.12786827750339938, 0.14556200010009848, 0.1307773115012526, 0.14373041371979647], [0.16666666666666663, 0.14811393568809078, 0.1468824336768552, 0.12177696696383984, 0.13704424564776374, 0.1336506333045019, 0.14586511805228172], [0.16303877698775648, 0.14857592925751645, 0.1487383683883739, 0.12301240786589114, 0.1385477116597622, 0.13243833138364514, 0.14564847445705467], [0.16666666666666666, 0.1528401872707821, 0.14796323994614052, 0.11949068271823209, 0.1306905743191661, 0.13811878742284225, 0.1442298616561703], [0.1611983068654221, 0.1576570863779269, 0.14789516247852083, 0.11952969639799915, 0.12817819682877762, 0.14422006643440294, 0.14132148461695043], [0.15186288600636544, 0.15369126360065344, 0.14312696182613274, 0.12543727048445028, 0.12737846622537993, 0.158582477903088, 0.13992067395393], [0.16355594549290922, 0.1407578760976187, 0.14371729915103426, 0.12883429302905897, 0.14858729634826748, 0.12894896767313327, 0.14559832220797825], [0.16140461876997428, 0.14013983390978962, 0.14348549982291048, 0.12917851614866374, 0.14971165474553086, 0.1283884941311351, 0.1476913824719959], [0.16427603426159793, 0.14120291009948374, 0.14433307124126157, 0.1284696221695367, 0.1480448895717843, 0.12889712042747214, 0.14477635222886368], [0.1639319951208812, 0.14151365251285603, 0.1435339704954719, 0.1284827573661687, 0.1473800943706861, 0.12992420543311722, 0.1452333247008187], [0.16376766970499715, 0.14254173183086596, 0.1444502410642077, 0.12857477807029796, 0.1463090680911573, 0.13077010775572223, 0.14358640348275176], [0.16366970723520027, 0.1420536435444043, 0.14482861512645193, 0.1294065680722412, 0.1475244191829282, 0.1291964354433118, 0.1433206113954623], [0.16182179782995101, 0.14240983528667622, 0.1455027258817265, 0.13043847238947978, 0.1476452662159452, 0.12948952913747785, 0.1426923732587435], [0.1627290390185878, 0.1421536448402094, 0.14524639304411568, 0.12998308291024513, 0.14776814160566282, 0.12908831314093644, 0.14303138544024277], [0.16417385726732414, 0.14114391112691071, 0.14473389253871533, 0.12884808992542007, 0.14848775098193392, 0.12764286790327514, 0.1449696302564207], [0.16478297296630023, 0.14224963845751104, 0.14455735765490646, 0.12770380043591653, 0.14642394636839648, 0.129856688127301, 0.1444255959896684], [0.1636836375712402, 0.14253111105652544, 0.1449445849918926, 0.1292230243689394, 0.14684063988462068, 0.129614073287363, 0.1431629288394187], [0.16368485781020065, 0.14202509394929935, 0.14505070568174838, 0.12927112975907373, 0.14766780673176483, 0.12852529259757986, 0.14377511347033323], [0.16302827260174682, 0.14481247571066125, 0.14589754750726297, 0.12726130358958815, 0.14387388625867226, 0.13173900909630992, 0.14338750523575866], [0.16375259314312784, 0.14300936909944736, 0.14392994192653166, 0.1284493518928072, 0.14558466662413871, 0.13136656243447645, 0.14390751487947073], [0.1630641885959305, 0.14282264417183255, 0.14559193570415613, 0.12601547237952992, 0.14578957795069586, 0.13078701519351085, 0.14592916600434422], [0.16567920559552, 0.14181888027468162, 0.14478467580366283, 0.12747096940624567, 0.1468871244194104, 0.12862634380897964, 0.1447328006914999], [0.16666666666666666, 0.14202331248578126, 0.14455752619425571, 0.12722194913281526, 0.14629054609826028, 0.12897564875049153, 0.1442643506717292], [0.1612679979050195, 0.1439863850138561, 0.144353219608248, 0.1301291938896671, 0.14532112162954505, 0.13266461165142884, 0.14227747030223536], [0.1641121441959673, 0.14216471743169615, 0.14492714462012646, 0.12837498253899193, 0.14713607717135763, 0.12873637542543281, 0.14454855861642776], [0.1615721820307704, 0.1425233313596462, 0.14335215427898315, 0.12529675648758873, 0.14370536187325014, 0.13393323276278885, 0.14961698120697256], [0.16103568080097652, 0.14417430573232062, 0.14573293300130963, 0.12593287483008223, 0.14414928504567034, 0.1333255396122151, 0.14564938097742552], [0.16486669165878154, 0.14205006535326706, 0.1451940639447226, 0.12743423897076875, 0.14677277267169647, 0.12862268281714842, 0.14505948458361526], [0.16385080105464273, 0.1435084560686248, 0.14424522481817917, 0.1280256336707632, 0.14501654788380136, 0.13158634535589417, 0.14376699114809435], [0.1642624098075691, 0.14360691216894364, 0.14545159895894408, 0.1274157360683092, 0.14506441011507212, 0.13069909926047743, 0.14349983362068439], [0.16470756889904858, 0.14302087842811093, 0.14533397260132153, 0.1265949188810527, 0.14540614122642198, 0.1298530056987328, 0.1450835142653115], [0.16133278474771878, 0.1437459092812843, 0.14359137850704298, 0.12517922691145794, 0.14258775852768127, 0.13522468481700745, 0.1483382572078073], [0.16210134077031071, 0.1427528128156415, 0.1448027296115506, 0.12737875988744826, 0.14607802191723088, 0.13005158938339617, 0.14683474561442192], [0.16149952116425892, 0.14286209576700812, 0.14486986471058005, 0.12757384007901815, 0.1460988400384881, 0.1301177107924398, 0.14697812744820665], [0.16204918565211937, 0.14382734927121965, 0.14497877771829157, 0.1271113559115966, 0.1448241492143096, 0.13125325752556802, 0.14595592470689514], [0.16160639379330585, 0.14367811763820376, 0.14547219720199006, 0.1256884956497793, 0.14468388626895134, 0.13234643869509657, 0.14652447075267303], [0.16077392496872567, 0.1418299794146411, 0.1432673495503368, 0.12652861760290732, 0.1452488958754762, 0.13235893835245108, 0.14999229423546181], [0.1506270827145261, 0.13507335946195956, 0.14176534177572697, 0.14173188106518725, 0.15796023182840296, 0.12429899854624468, 0.1485431046079525], [0.16666666666666666, 0.1525421361417389, 0.14741318337412437, 0.12311407222467702, 0.13406536912327793, 0.13670362738508815, 0.13949494508442695], [0.15777250594304648, 0.15405024956761856, 0.1441121396834574, 0.1264914526839255, 0.1325568648578516, 0.14735864262357304, 0.1376581446405275], [0.15568226573112207, 0.15367986795778554, 0.1440947691581992, 0.1285061935108126, 0.13287205394504997, 0.14840113873569796, 0.13676371096133266], [0.15329801762254885, 0.16156258535317, 0.14867118647275945, 0.12425304172499678, 0.12780232641831948, 0.14858592626653705, 0.1358269161416684], [0.15438538729347884, 0.15803797614467124, 0.1522697757914772, 0.12751484251024103, 0.13110941858850972, 0.13999840720765205, 0.13668419246396998], [0.15418502466069656, 0.16666666666666669, 0.14943333294935132, 0.1213939182140602, 0.12567199808117177, 0.14622953929888755, 0.13641952012916606], [0.15443883313939225, 0.15990509280212964, 0.14611788997879468, 0.12242739600350717, 0.1256717109848667, 0.15325473543727053, 0.13818434165403898], [0.1430187177328267, 0.1381422554232657, 0.1396141229778512, 0.16666666666666666, 0.14335796980943094, 0.1296510562581986, 0.13954921113176016], [0.14323459849651293, 0.13835446163558784, 0.13988023934317095, 0.16584379570688473, 0.14346461772547853, 0.1297168331729209, 0.13950545391944416], [0.15366505199436076, 0.15903490365406764, 0.14537157746287768, 0.12286583910160706, 0.12575211052186083, 0.1552760782976775, 0.13803443896754844], [0.16666666666666669, 0.15031007113739736, 0.14786849846969818, 0.12480192074415948, 0.1358560842996281, 0.13330640528901364, 0.14119035339343666], [0.1547466179721295, 0.16243976994501452, 0.149477158327364, 0.1216821586929135, 0.12766225378356688, 0.14702917317075023, 0.1369628681082614], [0.16666666666666666, 0.14736359895443982, 0.14891705725084484, 0.12026371594655468, 0.13828554291125428, 0.13224644703224148, 0.14625697123799825], [0.16311643518903196, 0.14914300527393662, 0.1489158877361488, 0.12111693841101234, 0.13763651643273564, 0.1351743237098627, 0.14489689324727195], [0.16316848216093066, 0.1462799892666258, 0.1507237863698982, 0.12113287223447497, 0.1399154150950087, 0.13045179060591738, 0.14832766426714417], [0.1638848913746676, 0.14766256765725358, 0.1511232278642873, 0.12099235420960369, 0.13903633598252985, 0.13126354025004422, 0.1460370826616137], [0.15272291339084723, 0.14518146588482858, 0.15363108258941346, 0.12935895163222041, 0.14472120795505497, 0.13027602035686564, 0.14410835819076964], [0.15713082658660285, 0.15184539830059476, 0.1559708917859585, 0.12047060990244653, 0.13310613047557174, 0.134901122830533, 0.14657502011829246], [0.15592986416741253, 0.15972954006326487, 0.15371474501743124, 0.12049461859677853, 0.1277052130019794, 0.14218625552622152, 0.1402397636269118], [0.1531243815263553, 0.15695769186468378, 0.15133909356741138, 0.12219065614417321, 0.1291972182164971, 0.14605309362290453, 0.14113786505797485], [0.14510113907120106, 0.14125538985879846, 0.16666666666666663, 0.13149763001962841, 0.14132184339453516, 0.13055096173235725, 0.1436063692568128], [0.1565113420738768, 0.135894148329273, 0.14341947208041195, 0.13823136609348424, 0.15847853495621617, 0.1227986454765569, 0.14466649099018097], [0.15531535736380214, 0.13287082073681442, 0.14122022361222614, 0.13616847376145938, 0.16666666666666666, 0.11971808693229814, 0.14804037092673314], [0.16329022911549892, 0.14340793862050044, 0.14508002312634455, 0.12680170645041852, 0.14502432099632506, 0.13059149693932975, 0.14580428475158277], [0.16666666666666666, 0.14177639906643055, 0.14316552652060993, 0.12614481826734758, 0.13930418460936092, 0.13071644110252129, 0.15222596376706296], [0.15312018977128725, 0.1378651771078913, 0.14516070311221985, 0.12568405345890646, 0.145152670281698, 0.1263505396013305, 0.16666666666666669], [0.15762515496883117, 0.14682297811921532, 0.15451300281077482, 0.1232560712090213, 0.14227547323885525, 0.1291917321706077, 0.14631558748269444], [0.1495747040057396, 0.14853746211272198, 0.16517408144180043, 0.12488037827847276, 0.1370795140162641, 0.12992637981629274, 0.14482748032870854], [0.15112844984329382, 0.15105832384799056, 0.16240838293917154, 0.12565522505788418, 0.13580726726737433, 0.13195294744244912, 0.14198940360183648], [0.14878953729385885, 0.1469443862813256, 0.1605415487761042, 0.12610466029491343, 0.1398505792097201, 0.12999313333191903, 0.14777615481215892], [0.14887656725433868, 0.14751339505730054, 0.1607691071238929, 0.1262348864425252, 0.13964826356322885, 0.1304308323284925, 0.1465269482302214], [0.1512765470350228, 0.1511338738142147, 0.16274349241496366, 0.12517145527882903, 0.13567093715797812, 0.1317731671965579, 0.1422305271024339], [0.15237279266645812, 0.15298228616384163, 0.16083324348856817, 0.12427080534004542, 0.13427757123021086, 0.13340187125757258, 0.14186142985330322], [0.1498006115579315, 0.14945188498729944, 0.16666666666666666, 0.12377622682657692, 0.1358331284404329, 0.130365931339087, 0.14410555018200555], [0.1508261505960451, 0.15048814024202944, 0.16370826232350347, 0.12457990068625974, 0.13569571730731522, 0.13117173423557504, 0.143530094609272], [0.14978054048308, 0.14838567544596196, 0.16403915989603768, 0.12526211188546865, 0.1370663976741805, 0.12993659389181586, 0.1455295207234552], [0.14914910078690952, 0.14699239708489958, 0.16240877596718967, 0.12689310394367562, 0.13934935354755437, 0.12951680160414425, 0.14569046706562708], [0.15004847614316888, 0.14928150738421195, 0.14791154256926686, 0.1393620140195687, 0.13813271123027526, 0.1378843498760548, 0.13737939877745364], [0.14922544611520822, 0.14779707541204137, 0.16272692468806046, 0.12707384607845434, 0.13892058838710591, 0.1300109819419263, 0.14424513737720332], [0.1483745253469752, 0.14607866581997406, 0.15965969599469432, 0.1271709641410546, 0.14115304428069997, 0.12958156668565776, 0.14798153773094408], [0.14955008845440046, 0.1482335676503475, 0.1646644719155313, 0.12500228012571685, 0.13740335189086977, 0.12988114509206689, 0.1452650948710672], [0.14890240467437527, 0.14694599053734186, 0.16027019936855208, 0.12568339003663115, 0.13947688248366646, 0.13030870100244277, 0.14841243189699022], [0.1491231538344148, 0.14744015036924124, 0.1613791181044351, 0.12529158477102054, 0.13881775262496543, 0.13034816327685514, 0.14760007701906763], [0.1473302116287369, 0.14062211389167642, 0.15018565735331943, 0.1381995463484332, 0.1491283698325147, 0.12718799333906272, 0.14734610760625663], [0.15206570329527686, 0.151935658665843, 0.16165788337613227, 0.12380775673219653, 0.13419992261962296, 0.1328359436728, 0.1434971316381283], [0.15161394938055675, 0.15006290332729613, 0.16006004045911426, 0.1254984671207613, 0.13643368438678194, 0.13161001962841629, 0.14472093569707328], [0.14856715615245392, 0.14631746942637588, 0.16027411885973397, 0.12657822102207303, 0.14048451626784106, 0.12962741335593034, 0.14815110491559175], [0.1489754481321487, 0.14756389742584233, 0.16017153971307319, 0.1268034442472073, 0.14002499529447385, 0.13060175150363965, 0.14585892368361517], [0.14889641952136048, 0.14794253689178755, 0.16031748648295596, 0.12672925829048162, 0.13968458406647713, 0.13105422686116677, 0.14537548788577045], [0.14946449151464766, 0.14822358748249778, 0.1601579011817616, 0.1262924197465955, 0.13925816592284274, 0.1311019953425081, 0.14550143880914665]]