[[0.1416861678564405, 0.14626280774199257, 0.16666666666666666, 0.12645663546573638, 0.14556676430472623, 0.12657013315468568, 0.14679082480975197], [0.1387288291409925, 0.15199767989813343, 0.16666666666666666, 0.12052162747460798, 0.15023701234382808, 0.12647661726879023, 0.14537156720698113], [0.14018765003226058, 0.15290016316370902, 0.16403765489109282, 0.12162483757568426, 0.15059600759138814, 0.12674717515479902, 0.14390651159106616], [0.1420740021408441, 0.14989328776061206, 0.16504224125521877, 0.12350218615158785, 0.14854698979874104, 0.12698946900380828, 0.14395182388918784], [0.14192853246221485, 0.15196374166259924, 0.16400235091860993, 0.12326510164026952, 0.14929672642960665, 0.12658837253712302, 0.14295517434957675], [0.1429471686031898, 0.15033086170309992, 0.16512520934103103, 0.12351676884108359, 0.14910494729228824, 0.1274382293683264, 0.14153681485098107], [0.14214351185192828, 0.15185494493153176, 0.16440430367563771, 0.12352938105432727, 0.14876167368007115, 0.12632817444901237, 0.14297801035749147], [0.14299198475911196, 0.15185346441274603, 0.16407676502893634, 0.12441127543942007, 0.1482874362189267, 0.1261506132355753, 0.14222846090528354], [0.1399393411295034, 0.1490342527133845, 0.16666666666666666, 0.12171838384151537, 0.1477153806621704, 0.1270101330324452, 0.14791584195431443], [0.14366764647386923, 0.15054789370781588, 0.16530997114451398, 0.12454503295495056, 0.14751350788284986, 0.12619358083522803, 0.14222236700077243], [0.14348086699664175, 0.15108149885540406, 0.16487488049343602, 0.12380353443609718, 0.14882158565501807, 0.1271759442699903, 0.1407616892934126], [0.14490741821305406, 0.14976903876200084, 0.1647039915088875, 0.12589923523684132, 0.1467408506033355, 0.12630411405905445, 0.14167535161682634], [0.14294946166917089, 0.15181775138200668, 0.16476912360665116, 0.12342827179376119, 0.14908140640594883, 0.12692891146119506, 0.1410250736812661], [0.14435800812106783, 0.15109340872847346, 0.1641579707583797, 0.12529651838309278, 0.1474737902072174, 0.12616256309242932, 0.1414577407093394], [0.14566125617035172, 0.150463243424413, 0.16329325625670696, 0.12653980208241192, 0.14690249387217674, 0.12648028072746528, 0.1406596674664744], [0.14456461361883208, 0.1510316088249845, 0.16408830379515754, 0.1254399184022222, 0.14740884202872495, 0.12623828086736252, 0.14122843246271638], [0.14596667450113962, 0.14954764303412565, 0.16370941071645304, 0.12715885632680407, 0.1460851132942536, 0.12629621234780392, 0.14123608977942007], [0.1429319921926518, 0.14557975250675742, 0.1645428828338586, 0.12675105240496687, 0.14320880999589655, 0.1264973393813789, 0.15048817068448989], [0.14218329926186227, 0.14840286977427106, 0.16666666666666669, 0.12566670739432553, 0.14456937700206976, 0.12491658335433176, 0.147594496546473], [0.14361910140839956, 0.1499006728818889, 0.16491227517083668, 0.12440705575306371, 0.1473909091067723, 0.12677897929790927, 0.14299100638112963], [0.14453050036129178, 0.1493698135091176, 0.16500592114308588, 0.12532950976997878, 0.14679403675432606, 0.1265836342361913, 0.14238658422600867], [0.1431215076159817, 0.1475644178729752, 0.16666666666666666, 0.12570090546109466, 0.14307167444575372, 0.12432745125833276, 0.14954737667919532], [0.14537209575897003, 0.14894251390376523, 0.164545515806502, 0.1264502412069091, 0.1460454901835931, 0.12642906225605702, 0.1422150808842035], [0.14505073130877622, 0.14990580111581275, 0.16479492486439476, 0.12580912260911736, 0.14656159039906913, 0.1262654738172859, 0.14161235588554386], [0.1426654672221403, 0.15113397194202258, 0.16495842147445888, 0.1241615407438027, 0.14731583844542612, 0.12579402699194678, 0.1439707331802027], [0.14419238045788907, 0.15025710157036146, 0.1655622812033575, 0.1250514322477715, 0.14681938096633812, 0.1260429186246791, 0.14207450492960316], [0.14292357735720068, 0.15005768661591437, 0.1650575519481987, 0.12397880455607539, 0.14743639328632788, 0.1266397597804412, 0.14390622645584164], [0.14431223583726435, 0.15062034740945787, 0.165088207492547, 0.12496999681600396, 0.14714805344520493, 0.12609500332337278, 0.14176615567614928], [0.14590468970604367, 0.15003778060270526, 0.16346706169162697, 0.1265481814607262, 0.14664210448165185, 0.1265982714844193, 0.14080191057282673], [0.14351985497407493, 0.1501999906508633, 0.16666666666666666, 0.124275557070628, 0.146867429803614, 0.12581863110122848, 0.14265186973292454], [0.1460947283756518, 0.1496209487753336, 0.16375094725390052, 0.1269539485696337, 0.1460390250648175, 0.12637227925947297, 0.14116812270118992], [0.14516732098844207, 0.150991015470242, 0.16398529434935086, 0.12617331738362048, 0.14657972751046833, 0.1258294751402942, 0.141273849157582], [0.14479326980667434, 0.15000982351902079, 0.1647137938821902, 0.1255996915834435, 0.14667905725980074, 0.12614222407113593, 0.14206213987773425], [0.14612906498243206, 0.15072424535295806, 0.16324458304332376, 0.126757738066388, 0.14653513708567137, 0.12637640990200427, 0.14023282156722242], [0.14611724061884118, 0.14931202213730735, 0.16406335371689595, 0.12697744531576594, 0.14571336142911892, 0.12623156030348456, 0.14158501647858604], [0.14332338058628233, 0.15035373477437525, 0.1651821290801852, 0.12463281129666301, 0.14662690744470197, 0.12593934948982832, 0.14394168732796392], [0.14149633606221212, 0.147219244973528, 0.16666666666666669, 0.12402483908961741, 0.14530016368383505, 0.1266682863590978, 0.14862446316504307], [0.14567016366597121, 0.14955805203238573, 0.16444104261910367, 0.12632646344769524, 0.14604545127675703, 0.12636758449009206, 0.14159124246799507], [0.14471161836360583, 0.14608744042846503, 0.16309135815927364, 0.12962350505741316, 0.1419277603782291, 0.12562039888251564, 0.1489379187304975], [0.14471161836360583, 0.14608744042846503, 0.16309135815927364, 0.12962350505741316, 0.1419277603782291, 0.12562039888251564, 0.1489379187304975], [0.14593743634031595, 0.14963961691724792, 0.16414591163578088, 0.12696593899693653, 0.14561675235769309, 0.12604544593865014, 0.14164889781337525], [0.14593487807922556, 0.1504472759653292, 0.16378406913508367, 0.12669838007258266, 0.1460697177009404, 0.1260062980575498, 0.1410593809892887], [0.14364340017376195, 0.1502933633000564, 0.16543410295455535, 0.1246023049632032, 0.14648565582826167, 0.1259971506627456, 0.14354402211741593], [0.1447377381261317, 0.145374397222937, 0.1644592816965822, 0.13075463978084054, 0.14143899282529432, 0.1257092097404127, 0.14752574060780152], [0.14612406699518982, 0.14945986357050572, 0.16368404065783862, 0.1270872193417991, 0.14558104872940042, 0.12630917208761921, 0.14175458861764714], [0.14348477913190463, 0.1471787627376923, 0.16465725907486634, 0.12624846640602463, 0.14453331452256238, 0.12702802694573992, 0.14686939118120973], [0.14478313935551107, 0.14975905471831397, 0.16422292124290658, 0.12621519255252991, 0.145335380238776, 0.12588605575710515, 0.14379825613485717], [0.1452991443866589, 0.14501263016993285, 0.16435355763716633, 0.13069574272241993, 0.14064119340764553, 0.12529647295973417, 0.14870125871644238], [0.14741178931029308, 0.1448387409892276, 0.16463638241636358, 0.13283610210331898, 0.14015131748468804, 0.12492666683087907, 0.1451990008652296], [0.1431387239178495, 0.14807200312502508, 0.1641920212520918, 0.12574183197367442, 0.14492069632949914, 0.12692849435925108, 0.14700622904260888], [0.14553164122251788, 0.1444458766544072, 0.16666666666666669, 0.13209699393337615, 0.13962765302500108, 0.12464884777474251, 0.14698232072328865], [0.1457389073891997, 0.14809680425464006, 0.16281237195053422, 0.12778411285284486, 0.14400924521995367, 0.12661546095727136, 0.144943097375556], [0.14509152046555465, 0.15090244192508598, 0.16494247991764854, 0.12643507035495252, 0.1435694311937108, 0.12486733000853116, 0.14419172613451633], [0.14626299184410219, 0.15019688049832033, 0.1655937983463313, 0.12698172262695523, 0.14313034150647835, 0.12480645455984024, 0.1430278106179724], [0.1458251444741938, 0.1509526965224134, 0.16666666666666666, 0.1264227048330734, 0.14316430494798374, 0.12422742170602263, 0.14274106084964636], [0.14912791116345064, 0.15073482082915324, 0.16666666666666669, 0.12892022509764275, 0.14225095094804058, 0.1241185108569963, 0.13818091443804986], [0.14359971338005467, 0.15070786439331607, 0.16472466179761355, 0.1246251464193927, 0.14758799833287936, 0.12640291509347726, 0.14235170058326646], [0.1441767951114743, 0.1502553483487388, 0.16537617605646662, 0.12483498307645423, 0.14715436858978753, 0.12624982720801264, 0.14195250160906595], [0.14111464605948515, 0.1517541836736333, 0.1639578476266534, 0.12288593889467161, 0.1496831145919053, 0.12685408894662714, 0.14375018020702396], [0.1418955324536945, 0.15076171321329232, 0.1651033732683151, 0.12346393311598548, 0.14833150554002725, 0.12643630905515393, 0.1440076333535314], [0.14290720084609979, 0.1501608061804292, 0.16666666666666666, 0.12546563425477325, 0.145240335515065, 0.12429550244593081, 0.14526385409103523], [0.1409876089015809, 0.1469499820031237, 0.16666666666666666, 0.12404913809461907, 0.1458264310153251, 0.12557018030266845, 0.14994999301601605], [0.14502199488048104, 0.145745957449313, 0.16311941293102594, 0.13022085406273276, 0.14246135079044736, 0.12633539832369584, 0.14709503156230408], [0.14476672205114322, 0.14486363107327754, 0.16314448251559466, 0.13004297385053015, 0.1413132098467254, 0.12610360722791866, 0.1497653734348104], [0.145626354372987, 0.14625118852035188, 0.1638292031769511, 0.1304267923797166, 0.14195126741842276, 0.12544841471532098, 0.14646677941624958], [0.14449304787993583, 0.1471328589803326, 0.16357144889811479, 0.12902886085496754, 0.14264469323263412, 0.12549373932251226, 0.147635350831503], [0.14767914271324187, 0.14536170187876685, 0.16666666666666663, 0.1317503355187197, 0.140307124236003, 0.1241868337533724, 0.1440481952332294], [0.14788029763717614, 0.1456925009783579, 0.16614337556958078, 0.13187172989376703, 0.14040693904758608, 0.12414161926092028, 0.1438635376126118], [0.14750978473041151, 0.14559162798695824, 0.1660501200460291, 0.13151950877199045, 0.14047472603469108, 0.12441803480814574, 0.14443619762177404], [0.1478164327089151, 0.14483845764888015, 0.16409220410973818, 0.13353008577593667, 0.13943171947972793, 0.1247637787985547, 0.1455273214782474], [0.1375841809474802, 0.1494623653369756, 0.16666666666666666, 0.1184278659548757, 0.15029125469659105, 0.12785815940257747, 0.14970950699483324], [0.14038140391817588, 0.14774570727881942, 0.16666666666666669, 0.12314232581851896, 0.14774414225641222, 0.1275563880594543, 0.14676336600195258], [0.1413235078991715, 0.15171737092420834, 0.16504387550168897, 0.12203793507705261, 0.15051495774464388, 0.12737786739210558, 0.1419844854611291], [0.14078249297716375, 0.15164503693718911, 0.16447727370297024, 0.12180239740347983, 0.1503878246637512, 0.1274240468499964, 0.14348092746544944], [0.14168424548985242, 0.1514652269214453, 0.1655020094356238, 0.12219282643458813, 0.150142855213777, 0.12735538943889402, 0.14165744706581943], [0.14192809424030173, 0.1514356023633908, 0.16555032596037572, 0.12248919611514818, 0.14980547891906862, 0.1271162810701029, 0.1416750213316122], [0.14041773800071553, 0.14976057201700171, 0.1654392402481564, 0.12178756085480286, 0.1496281899820678, 0.12790748846036792, 0.14505921043688766], [0.14209342436552846, 0.15052148735632942, 0.165632893475504, 0.12275361419011946, 0.1493239843332371, 0.12717714633409571, 0.14249744994518598], [0.13945995476572423, 0.15291578877338594, 0.16509384715012185, 0.12154740876591383, 0.14955710805649236, 0.12601568039886124, 0.14541021208950045], [0.14244306258549858, 0.150283067264617, 0.16456815472016498, 0.12284127419793306, 0.1497513666125521, 0.1282835420277807, 0.14182953259145362], [0.14233521769997767, 0.14977085278240013, 0.16317753388231346, 0.12302922183807134, 0.1498942060718206, 0.12920288247173628, 0.14259008525368044], [0.14122747869724464, 0.1527825369663419, 0.1641333349364021, 0.12208633315037923, 0.15030790294401583, 0.1269940980874892, 0.14246831521812728], [0.141303519251271, 0.15126611585620597, 0.1642916848038898, 0.12262665423116234, 0.14935247313687414, 0.12714961077521206, 0.14400994194538458], [0.1419379037398406, 0.150888911472077, 0.16517383365941576, 0.12255364367952999, 0.1494503564554544, 0.1273455930051913, 0.14264975798849075], [0.13570803692307715, 0.1503718537578913, 0.16666666666666666, 0.11570030555816371, 0.15404722427802076, 0.1312636519107878, 0.14624226090539255], [0.14181230517501395, 0.15097735550547856, 0.16485399531223208, 0.12312659551303337, 0.14853641363972664, 0.1264998956119053, 0.1441934392426102], [0.14210230958502135, 0.15307051467878577, 0.16394922682186763, 0.12320210233590866, 0.14916215941181887, 0.1260435313346535, 0.1424701558319444], [0.14090798615609793, 0.15076243854645996, 0.16558673802089235, 0.12187103022709742, 0.1493590030002939, 0.1272973250952302, 0.1442154789539282], [0.14246310851647298, 0.15082746353836413, 0.16554863643357484, 0.12304932362250767, 0.14885044843740533, 0.12683515649523153, 0.1424258629564434], [0.14398918241807362, 0.15073452965088324, 0.16436697158721178, 0.12423172411958841, 0.14877573262343344, 0.12764740757706294, 0.14025445202374653], [0.14538287045513446, 0.14712292389900247, 0.1631673235414568, 0.12774593890820615, 0.14511643092505377, 0.12733293035527077, 0.1441315819158754], [0.1437224135445233, 0.15129967200832162, 0.16485602462498797, 0.12436387868974291, 0.1477979130772178, 0.1260557565501029, 0.14190434150510348], [0.14359603056916037, 0.15252161110999027, 0.16666666666666666, 0.12458118725304948, 0.14655481562877568, 0.12412283598544191, 0.1419568527869156], [0.14271055051507636, 0.15268376550944085, 0.16408089411444812, 0.12362258519300649, 0.14815662310219807, 0.1258209090930601, 0.1429246724727701], [0.14430032182506325, 0.15140715316831466, 0.16444328551754356, 0.12448660340326365, 0.14798208182655398, 0.12678759844189827, 0.14059295581736253], [0.14289829066372822, 0.1489828480802568, 0.16428492930031832, 0.12466602316392039, 0.14648929619955606, 0.1269549348227792, 0.1457236777694409], [0.14598742294144176, 0.1473415006356104, 0.16247133602909164, 0.1284744116819847, 0.14436292983908752, 0.12701204977811828, 0.14435034909466565], [0.14844581829275694, 0.14922159851963854, 0.16666666666666666, 0.1286451944051711, 0.14373666151538259, 0.12506814093299912, 0.13821591966738503], [0.14557237157400638, 0.1509718643379674, 0.16666666666666666, 0.12481434886866333, 0.14571268288308886, 0.12621694347219597, 0.14004512219741136], [0.14576632050630614, 0.1505883269920797, 0.16415217994801243, 0.12601589486172105, 0.14510006021116229, 0.12574438200712082, 0.14263283547359762], [0.14654996215645943, 0.15107812374238552, 0.16666666666666669, 0.12619058906468805, 0.14431294014542634, 0.12473123386368548, 0.1404704843606886], [0.14965678251317877, 0.1475205177223009, 0.16666666666666669, 0.12897162245662114, 0.14167187960713098, 0.1257369463309255, 0.13977558470317614], [0.14996770976114276, 0.1503902754097861, 0.16666666666666666, 0.13123379999632034, 0.14050462195272415, 0.12263991485781568, 0.1385970113555442], [0.14869873331177094, 0.14213427684409072, 0.16666666666666666, 0.13830087097585717, 0.1330440766538087, 0.12494756864289613, 0.14620780690490956], [0.1485592640083049, 0.14467729112205063, 0.16666666666666666, 0.1341338737974019, 0.13472745289512328, 0.12380904660312587, 0.14742640490732672], [0.15672558236769296, 0.14604899553827314, 0.1464724007559045, 0.15620830586442597, 0.12864827742891924, 0.12953080079729196, 0.13636563724749223], [0.14977226264017338, 0.14466472604302905, 0.14651964474871035, 0.14940639759524774, 0.13341815652701647, 0.13463762715745203, 0.14158118528837085], [0.1521874737481325, 0.14233509431126065, 0.1487025041047531, 0.15595426668234358, 0.12981459299440348, 0.13152438257607396, 0.13948168558303276], [0.16666666666666666, 0.15145127721212678, 0.14926638657943866, 0.14065717399295427, 0.12787797934989295, 0.12227028391277263, 0.14181023228614803], [0.15695484985601277, 0.15270576987572498, 0.15022172815353782, 0.14288553504249446, 0.13303763514381972, 0.12484493582925986, 0.13934954609915037], [0.15364297891852682, 0.14386433408897245, 0.145647760746839, 0.16529353608388445, 0.12857035248188, 0.12746021185640374, 0.13552082582349356], [0.1529207359180861, 0.1432721234505163, 0.14552145952616266, 0.16666666666666666, 0.12851483787863502, 0.12774087179110188, 0.1353633047688314], [0.15674768168540998, 0.1441940654960498, 0.1484771190865265, 0.1586552063666435, 0.12735546549769133, 0.12670407953656715, 0.13786638233111181], [0.14101535813360025, 0.1496766747274309, 0.16666666666666666, 0.12279531512668647, 0.1485795040514527, 0.12668398000683928, 0.1445825012873237], [0.14262089005127856, 0.14813137338577145, 0.16666666666666669, 0.12449387756764828, 0.1474501831701712, 0.12688830331280568, 0.14374870584565824], [0.14127001731246736, 0.14893494250885655, 0.16666666666666666, 0.12323227225311635, 0.14816886530360965, 0.12680641879861887, 0.14492081715666447], [0.14176232505969016, 0.14839641263885658, 0.16666666666666669, 0.1235421938006612, 0.14802803811641102, 0.12712746389942037, 0.1444768998182941], [0.13868059259811474, 0.14883428685823002, 0.16666666666666669, 0.12054590492997677, 0.15011814694482015, 0.12866840834455226, 0.14648599365763948], [0.14074995615872826, 0.14980608462161654, 0.16666666666666669, 0.12183082321802083, 0.1494634963431313, 0.12744491356906573, 0.14403805942277081], [0.1399936533519795, 0.15040220715241734, 0.1649064462718289, 0.1215024568530165, 0.14999728170317883, 0.12782956470955706, 0.14536838995802184], [0.1422171919025005, 0.14868085637195821, 0.16666666666666666, 0.12381417428938371, 0.14745469808511533, 0.1267517189034945, 0.144414693780881], [0.14238852175859465, 0.15081336658861688, 0.1653203305027472, 0.12289481733589531, 0.14936175575997712, 0.1273008752269129, 0.14192033282725608], [0.14184663269623052, 0.1512223241479136, 0.1647008263111952, 0.12281648519841068, 0.14915906162930162, 0.12688840579324778, 0.1433662642237005], [0.14028713744486962, 0.15062944502780984, 0.16538763211067975, 0.1213671865027715, 0.14979243752401847, 0.12770890895693374, 0.14482725243291725], [0.14330930919380322, 0.14986425045696694, 0.16529164148806785, 0.12487578445521279, 0.14699862547390485, 0.12608708370480412, 0.14357330522724032], [0.14376969913224824, 0.1483951599150306, 0.16666666666666663, 0.12471856315377917, 0.14668010263595863, 0.1267090095876483, 0.14306079890866827], [0.14440039258751192, 0.1493231971731481, 0.16533948722080868, 0.12552506412098785, 0.14646976375000895, 0.12619868576576151, 0.14274340938177302], [0.14921993690424568, 0.1494517142965742, 0.1601923289073996, 0.1299388063205599, 0.1383587146562841, 0.12532790358667573, 0.1475105953282607], [0.1481568754045784, 0.15129815313590836, 0.15977620695994044, 0.1286050747734924, 0.1395825971303465, 0.12565857128057703, 0.14692252131515696], [0.1547194373558509, 0.1514788426793943, 0.15633488973040974, 0.133615775176729, 0.1327965405068792, 0.12446085076481302, 0.146593663785924], [0.15859580645653967, 0.15153373437687218, 0.1542011780512167, 0.1388315561605162, 0.13034067241040037, 0.12320134893472308, 0.1432957036097317], [0.15960864038331632, 0.14577224543691863, 0.15002837076374692, 0.1505284964912418, 0.12684531037453037, 0.12656481272474804, 0.140652123825498], [0.14102267976622804, 0.14932028895060878, 0.16542023805866174, 0.12321919992948979, 0.14900679747647738, 0.12727874022622518, 0.1447320555923091], [0.14001389384071333, 0.14762997885938933, 0.16469284477224658, 0.1230378171784453, 0.14850951217491498, 0.12867794404355398, 0.14743800913073649], [0.1415403009933319, 0.15051155571474292, 0.1649931388367183, 0.1232780073806697, 0.1491134679406678, 0.12676441357081364, 0.14379911556305575], [0.14254580080939677, 0.14824670801397283, 0.16533461954759895, 0.1246178206637462, 0.1474859799316334, 0.1272357275027519, 0.1445333435308999], [0.14363766543598272, 0.15038834893245245, 0.1647092351368813, 0.12517540285545664, 0.14767491721621806, 0.1262416767735435, 0.14217275364946522], [0.14261326522241635, 0.15040455336375078, 0.16666666666666666, 0.12307014713189904, 0.14882409324695248, 0.1267593377448197, 0.1416619366234949], [0.1423944223740073, 0.15168217879311288, 0.16666666666666666, 0.12265277974318967, 0.1495868193608008, 0.12675940901789598, 0.1402577240443267], [0.14233850422669456, 0.15109044017661352, 0.16666666666666666, 0.12260241971246849, 0.14937993230055774, 0.12688606450535056, 0.14103597241164847], [0.14094080423862537, 0.14998121624943686, 0.16666666666666663, 0.12178903824467238, 0.1491286237905574, 0.1273712842397312, 0.14412236657030997], [0.14272402867119607, 0.1501338677351055, 0.16666666666666666, 0.12402992553467816, 0.14741591094797718, 0.125730448029837, 0.14329915241453936], [0.1434686121386155, 0.1505384336173991, 0.16480093429331427, 0.12400028712964223, 0.14842779895579183, 0.12699779998027533, 0.1417661338849617], [0.14265750992200643, 0.1501754195168253, 0.1645690753250322, 0.12319175647545033, 0.1487928978111151, 0.1277620224719024, 0.1428513184776681], [0.1457506517198278, 0.15049830364178854, 0.1638422531665751, 0.12658867003858806, 0.14513249441480044, 0.12571413124582584, 0.14247349577259424], [0.1448168740922755, 0.14831892693301343, 0.1643793343445344, 0.12630428664852758, 0.14620971488405413, 0.1269539117889494, 0.14301695130864553], [0.14248319303068085, 0.15103251893172034, 0.16550705431111254, 0.1251117447676498, 0.14613429790349464, 0.1245497419633582, 0.14518144909198366], [0.14227418480854281, 0.1505281840686498, 0.16469586858877525, 0.12359094881437319, 0.1480058671395899, 0.12663817606209285, 0.14426677051797612], [0.1429047245683732, 0.15016220206531222, 0.16511038371000586, 0.12412521162844332, 0.14744553678955677, 0.12643470159315764, 0.143817239645151], [0.1468656070658056, 0.14848132168421846, 0.16217569489531394, 0.1277681477478034, 0.14642126677702952, 0.12765922503117774, 0.14062873679865137], [0.1428441404837454, 0.1494927565956599, 0.1644725572201667, 0.1237842458817958, 0.14774266383693968, 0.1275763720951569, 0.1440872638865356], [0.14410078360639478, 0.1456011924870468, 0.1636555031858263, 0.128775850022838, 0.1421201887216371, 0.12588646539877177, 0.14986001657748527], [0.14408262689711718, 0.15097768767214434, 0.16348568644251396, 0.12780463935016667, 0.14465803137743735, 0.12422378233182678, 0.1447675459287937], [0.14205762933795898, 0.15100196534709415, 0.16430658280278007, 0.12343948080544809, 0.14797850049474495, 0.12661019643031482, 0.14460564478165902], [0.1453315531698908, 0.14844378627028923, 0.16452883335200483, 0.12655078041221757, 0.14564518994864226, 0.1265860187395606, 0.14291383810739472], [0.14438401619418081, 0.15081710318642683, 0.1654730960908491, 0.12518942337824077, 0.14632477264236773, 0.12546382137603404, 0.1423477671319008], [0.14334311447723574, 0.1503607545629594, 0.16421446823499875, 0.12491885359098387, 0.14630116699028753, 0.1260640568902022, 0.14479758525333247], [0.14487232441466835, 0.14590781259272761, 0.16391781197467753, 0.12999208303232407, 0.14153739441955424, 0.12535615339824446, 0.1484164201678037], [0.14258265732839392, 0.14788446318230156, 0.1656493174702235, 0.1247065298703538, 0.14544006910396123, 0.12706207500662586, 0.14667488803814016], [0.14249336428788512, 0.1473860913590902, 0.16666666666666666, 0.12453278996062465, 0.1450955434556916, 0.1270907288407396, 0.1467348154293021], [0.1442377114902352, 0.1477412975032755, 0.1647730555003788, 0.12617540434673563, 0.1444787200473233, 0.12680059665963586, 0.1457932144524157], [0.14351106387481713, 0.1500621390855194, 0.16410105313582846, 0.1268824923969177, 0.14488966832553915, 0.1245759615988528, 0.14597762158252547], [0.1426188522893512, 0.14521769400240697, 0.16666666666666666, 0.12634681104454884, 0.14299546749281858, 0.12626975317472944, 0.14988475532947831], [0.13582167513324397, 0.14503792194796072, 0.15152977132386836, 0.12251819959485374, 0.15239417399730618, 0.1431351809890511, 0.1495630770137159], [0.15261467034685447, 0.15157828462559922, 0.15904610431173444, 0.13404896817898382, 0.13648263787399495, 0.125343492349493, 0.1408858423133401], [0.16230987997002003, 0.14671318381689116, 0.15378539002225677, 0.14501092893985143, 0.13172277931998097, 0.12434763634556317, 0.13611020158543644], [0.16666666666666669, 0.14557253351664523, 0.15178898246068678, 0.14713318845057338, 0.13093091940306492, 0.12437850191176739, 0.13352920759059564], [0.1574170595138733, 0.15286019677628712, 0.14897061857643734, 0.14700050737307685, 0.13071359897338383, 0.125965755789406, 0.13707226299753553], [0.15256746497602489, 0.15633339936687118, 0.15065202811612696, 0.13834026296747484, 0.1348942920254237, 0.12922144419630258, 0.13799110835177597], [0.15995186525762417, 0.15425291393484492, 0.14871309292876736, 0.1430904141310557, 0.1296377701478002, 0.125314827390079, 0.13903911620982862], [0.16666666666666666, 0.14949525506771144, 0.1485601281280489, 0.14659747315323307, 0.12604707052068007, 0.12365725286616, 0.13897615359749987], [0.13705639546176526, 0.14139974222735163, 0.14356088467260214, 0.12754006576072444, 0.1436053231678371, 0.16666666666666666, 0.1401709220430527], [0.13714129378905637, 0.14157365529332017, 0.14375530185976185, 0.1276550162523724, 0.14390362571451534, 0.16586208140293027, 0.14010902568804345], [0.16503487453536936, 0.14865845564600116, 0.14857279895403602, 0.14858719945632107, 0.12622211038706266, 0.12408993862636736, 0.13883462239484237], [0.14901654389587893, 0.15260419410466802, 0.15700547008314558, 0.13133994104631289, 0.13824935689040932, 0.1284028414143756, 0.14338165256520963], [0.15802720467416154, 0.15372171081314606, 0.15010116988684566, 0.14441846961254576, 0.1308424095981761, 0.12423831036108268, 0.13865072505404213], [0.14839195801464805, 0.15028617246079862, 0.16334711598237187, 0.12821339222808714, 0.13931923299441304, 0.1229872488439043, 0.147454879475777], [0.1496525261081673, 0.15028116163956565, 0.16091569886025558, 0.1311456637088076, 0.13918463679206447, 0.12301586003595545, 0.14580445285518398], [0.1474534787524717, 0.15037123177445771, 0.16666666666666666, 0.12471535958926457, 0.13969035439794453, 0.12230369059845936, 0.1487992182207355], [0.14805742793206528, 0.15168153237111898, 0.1638806570709933, 0.12671613599915454, 0.14005387523619112, 0.12277026495020738, 0.14684010644026935], [0.14233237786656386, 0.16666666666666666, 0.1532595785844416, 0.12309252080309839, 0.14677228030111986, 0.12587488002783634, 0.14200169575027324], [0.1551456548078319, 0.15511197905244284, 0.15680256803015324, 0.12889117769853808, 0.13369719805279837, 0.12277442437846715, 0.14757699797976845], [0.15949939723528803, 0.15658616333675035, 0.15102088974352545, 0.1373731204708622, 0.12986541496018578, 0.12362408059501483, 0.1420309336583734], [0.16170109312462638, 0.15206732592761946, 0.1498176368413548, 0.14064757810329792, 0.13070058286176553, 0.12329438712973535, 0.14177139601160052], [0.14478770966016968, 0.15334444880879752, 0.14744218900994435, 0.12972713122839077, 0.14522556781196383, 0.13413636723015315, 0.14533658625058063], [0.13302965858002924, 0.14845441705717854, 0.15585786373013316, 0.11633897637413379, 0.16666666666666669, 0.13640160152489442, 0.14325081606696424], [0.13435754232377203, 0.14569323210819934, 0.15604502086750932, 0.11819217343813335, 0.15834545863759403, 0.13812890120627713, 0.14923767141851482], [0.14375298924500907, 0.1491776712404602, 0.16334658954041303, 0.1257776041129366, 0.1454947650192286, 0.1266995547573778, 0.14575082608457476], [0.14620875663752114, 0.14758901339386402, 0.15544991333512337, 0.12747471827577078, 0.1381548514622567, 0.1311227912695307, 0.15399995562593344], [0.14249817302390658, 0.149471025908453, 0.1509329944079279, 0.12118603421469394, 0.14087651996274006, 0.12836858581561184, 0.16666666666666666], [0.14605112196975492, 0.15497373920495197, 0.1585371202005213, 0.1252038125362809, 0.14385195686670363, 0.12448876802073708, 0.14689348120105025], [0.14902682934596814, 0.16207365161147344, 0.15202734423063766, 0.12582896107412916, 0.13856219482049417, 0.12670166255122609, 0.1457793563660713], [0.14909694557662534, 0.16522334753756557, 0.15126081906503827, 0.12789998761195168, 0.13728798741372594, 0.12664559013687324, 0.14258532265822002], [0.14702420046095588, 0.1649653419458132, 0.1503895986079394, 0.12420645084553211, 0.13948956283859437, 0.12613470028424648, 0.14779014501691862], [0.14721828613652724, 0.16393956671522586, 0.15037960665237707, 0.12531524526013182, 0.14004563352489485, 0.12646172270087067, 0.14663993900997258], [0.1490676261978879, 0.16666666666666666, 0.15108691010491473, 0.127465112573047, 0.13694845917003884, 0.1260294394054718, 0.14273578588197305], [0.15031313681356417, 0.16666666666666669, 0.15080491307028368, 0.12909436806824218, 0.13543564768725702, 0.12525058323587113, 0.1424346844581152], [0.14978068015282262, 0.16288181166891666, 0.15208270779420274, 0.1264774828327409, 0.13760955327276483, 0.12592953604077872, 0.14523822823777338], [0.1494914519407328, 0.16450775141391513, 0.15170713785286188, 0.1269076460556961, 0.1368346867556869, 0.12615522197976742, 0.1443961040013397], [0.14918383804560614, 0.16130144195927806, 0.1522145973120628, 0.12555672685713365, 0.13810788074607375, 0.12714485070124584, 0.14649066437859973], [0.14759482912145166, 0.1614049188694277, 0.15151792314381624, 0.12491966569317857, 0.14055595313753463, 0.12782484930563984, 0.14618186072895123], [0.1480155892044515, 0.14899766618434712, 0.15025711455036195, 0.13641071126965987, 0.1415615750415661, 0.13840473397581055, 0.13635260977380295], [0.1476756086941079, 0.1610971863583691, 0.15139833765193145, 0.126066314748097, 0.1407266493705111, 0.1281700067997214, 0.14486589637726222], [0.14604636923569575, 0.1642208313614722, 0.14995485589817378, 0.12392302795160703, 0.14086885982048825, 0.12705797319464548, 0.14792808253791762], [0.148937038456716, 0.16211329540838657, 0.15200438439368802, 0.12552040149711263, 0.1387383697436385, 0.12660047667070792, 0.14608603382975052], [0.14739044388493605, 0.16666666666666669, 0.15038743476093316, 0.12364294570944419, 0.13861558166432936, 0.12513067743218118, 0.14816624988150945], [0.1478689837541383, 0.16666666666666666, 0.1507231246890518, 0.12395917798864217, 0.1383556368146365, 0.12497309875249284, 0.1474533113343717], [0.13996983829280502, 0.15360870595968626, 0.1474690485048146, 0.12345599777625699, 0.14960763718385744, 0.13840394193429206, 0.1474848303482877], [0.15109109304966253, 0.16276762316516039, 0.1519571949300793, 0.12853600895956666, 0.13520012840714807, 0.1258479116861815, 0.1446000398022014], [0.1483697952354064, 0.16666666666666666, 0.15058959203428335, 0.12660650040512253, 0.1361087619108692, 0.1264372868716051, 0.14522139687604677], [0.1465344144111187, 0.16505394622539807, 0.15023292181562248, 0.12365515490788809, 0.14001376233225307, 0.1264280531124924, 0.14808174719522713], [0.14689947279511512, 0.16262991891086842, 0.15015303403061867, 0.12611290964370486, 0.14089062913309502, 0.1272316155899093, 0.14608241989668855], [0.14726397874477776, 0.16243860888196263, 0.15020471305972644, 0.12663272087946667, 0.14083385440469257, 0.12706933604182688, 0.14555678798754706], [0.1474496678724896, 0.16219841863840803, 0.15022535981015078, 0.12693425245227954, 0.1402291122712432, 0.12705958317232702, 0.1459036057831018]]