[[0.16064425573101265, 0.13783967999147564, 0.13964010882722114, 0.12289344060514779, 0.1446934186091657, 0.12762242956931036, 0.16666666666666666], [0.15664061714114866, 0.13867887601665388, 0.1440712949208273, 0.1257114550745414, 0.14837495103344445, 0.12437799163658507, 0.16214481417679918], [0.15581587032007913, 0.13932787607664657, 0.14446869164822457, 0.1259747614001034, 0.14785417454845168, 0.12487401714194146, 0.16168460886455316], [0.15807083144943482, 0.13919751216431278, 0.14224647160073117, 0.12489907232980048, 0.14591843963333812, 0.12548508302083458, 0.16418258980154796], [0.15645936644180897, 0.13968326264253506, 0.14332950731035246, 0.12524274887154518, 0.14586962919261837, 0.12567651534826407, 0.1637389701928759], [0.1554581569476507, 0.13996607292901725, 0.1428935602035224, 0.12670862332013977, 0.14597708020080002, 0.12607781460011827, 0.1629186917987516], [0.15676279616688743, 0.13987843333425243, 0.14325981456568945, 0.12489222662152316, 0.1453064805219458, 0.1259294086178493, 0.16397084017185232], [0.15640597863725753, 0.14035404315220143, 0.14320082843343807, 0.12493791936174771, 0.14457843595900477, 0.12675361057228357, 0.16376918388406694], [0.1591040971562384, 0.13789878215762247, 0.14238737587699143, 0.1235795415061917, 0.14670504844848917, 0.12365848818780031, 0.1666666666666667], [0.1571283685209767, 0.14026174994719204, 0.14266208078975878, 0.12429899951073725, 0.1440878211962488, 0.12631451702064184, 0.16524646301444465], [0.15473991123241493, 0.14062866597049614, 0.14344787451148597, 0.1267794921033096, 0.14525551224711092, 0.12650845990920342, 0.162640084025979], [0.1571723928449426, 0.140765562079576, 0.14220374158385457, 0.12448146950009592, 0.14326760559044613, 0.12749386506277172, 0.164615363338313], [0.1547816588958489, 0.14054602909352243, 0.14368035400121057, 0.1265515233461801, 0.14531218372325888, 0.1262962125170442, 0.1628320384229349], [0.1562626113327954, 0.1408773156291614, 0.1430399894874183, 0.1247823704746525, 0.14375082759923863, 0.1272143994783493, 0.16407248599838453], [0.15578310016043959, 0.14146763230949022, 0.14282910439134702, 0.12532938191318024, 0.1431360356558338, 0.12829356914205575, 0.16316117642765357], [0.1560757494544745, 0.14099568934630136, 0.14299432749009872, 0.12495076826424703, 0.14360153652248114, 0.12737573759912893, 0.16400619132326824], [0.15696771361364598, 0.14142722897479065, 0.14217300287617898, 0.12463586687056186, 0.14251638144768738, 0.12869202074926625, 0.16358778546786895], [0.161211272067786, 0.1396760605170449, 0.1414765354633316, 0.12308427207535576, 0.14360271395439472, 0.1296492183657983, 0.16129992755628875], [0.16314948981765026, 0.1392226172916777, 0.1418022853388012, 0.11996975706184967, 0.14267821071261433, 0.12651097311074014, 0.16666666666666666], [0.15757933014492245, 0.140323908287507, 0.14291172968033694, 0.12451111377155372, 0.14457044584825124, 0.12602147661327065, 0.1640819956541581], [0.15758768706338397, 0.14062420381781848, 0.1424026583156457, 0.12442733917902671, 0.14376855788939483, 0.12686127229860195, 0.16432828143612835], [0.15918859333117566, 0.14050371190237604, 0.14312568380350604, 0.12313204186035376, 0.14343519818656078, 0.13050043049052207, 0.16011434042550574], [0.15807367399938654, 0.14093753289505198, 0.14191111402511397, 0.12407825636986825, 0.14281453854838502, 0.1277632925803226, 0.1644215915818716], [0.1570576793949935, 0.14100467946521084, 0.14247026862956386, 0.12435537960814204, 0.14303559735434102, 0.12736996319868307, 0.16470643234906582], [0.1584867460155627, 0.14018942592509365, 0.14317295958787732, 0.12332114452547846, 0.14415542956164348, 0.12601401513244423, 0.1646602792519002], [0.157329682819479, 0.14063099241899282, 0.14249025731928738, 0.12402924827699352, 0.14324756572959116, 0.1267647152918898, 0.16550753814376631], [0.15841730754713032, 0.13995752001056, 0.14273773394507744, 0.12389936745743957, 0.1445338345939148, 0.12550685053258787, 0.16494738591328995], [0.1567431306151992, 0.14077103738960978, 0.14288446093374402, 0.12430859374925315, 0.14355286675938592, 0.1267212041442354, 0.16501870640857252], [0.1559767592780218, 0.14156384850862183, 0.14281190900073396, 0.12520296911891585, 0.14302463257846257, 0.12815558782665173, 0.16326429368859233], [0.15779524209503806, 0.14021439694167803, 0.1424998872397808, 0.12343531177421585, 0.14347939232500245, 0.12590910295761823, 0.16666666666666669], [0.1567613686809072, 0.1416189344143221, 0.14245996572960604, 0.12463126394946787, 0.1424659882861418, 0.12843751231134343, 0.16362496662821174], [0.15644642530755393, 0.14150045046671159, 0.14307958931561104, 0.12434937334869825, 0.14274215028454082, 0.127993900495317, 0.16388811078156726], [0.15715689749350661, 0.14100217129006234, 0.14264164768786028, 0.12415916254085368, 0.14318584606952175, 0.12723604476605022, 0.16461823015214508], [0.15526223862205918, 0.14195992687391615, 0.14321368114536887, 0.12529714221429347, 0.14262505159762362, 0.12848904492590443, 0.16315291462083412], [0.1574050464499027, 0.1415964695163259, 0.14236327379846636, 0.12411816680288029, 0.14227847015414963, 0.1283112851035017, 0.16392728817477356], [0.15897819877220998, 0.14043352329733638, 0.1428624339908866, 0.12303222133208064, 0.143467082437914, 0.12615037782911026, 0.16507616234046218], [0.16174779720518914, 0.13931634877794208, 0.14211966038835364, 0.12289859508860596, 0.144705835783141, 0.12605334522948075, 0.16315841752728727], [0.15714229635051016, 0.14143920377088726, 0.14249972416897821, 0.12429813090434044, 0.1425303013969606, 0.12776359187023198, 0.16432675153809137], [0.16177223804780513, 0.14122438704879572, 0.1415034293023533, 0.12175625705627593, 0.1409320562328849, 0.1320872092392415, 0.16072442307264365], [0.16177223804780513, 0.14122438704879572, 0.1415034293023533, 0.12175625705627593, 0.1409320562328849, 0.1320872092392415, 0.16072442307264365], [0.1574255974870303, 0.14170778528165082, 0.14242146722045212, 0.12398596674395394, 0.14198875483639914, 0.1284523180387129, 0.16401811039180067], [0.1564012577869436, 0.14190879191571315, 0.14301438119640358, 0.12439770650696966, 0.1422610902928157, 0.12834674350047093, 0.16367002880068326], [0.158573839706623, 0.14065558976119247, 0.14299714289916127, 0.12311199060821222, 0.14325207526054734, 0.12606269883693927, 0.16534666292732442], [0.16320775114539574, 0.14162436284685442, 0.14072974046999, 0.12127911450633937, 0.13990177065468132, 0.13247332217020497, 0.16078393820653414], [0.157311083715145, 0.141871834326315, 0.14255171777085324, 0.12417818051784733, 0.1420498430458391, 0.1285107911817808, 0.16352654944221953], [0.16251623253971387, 0.14054539581729078, 0.1418347136777109, 0.1226790154321899, 0.1427923784457118, 0.1273854437618657, 0.1622468203255172], [0.1595004244392333, 0.14148665868170085, 0.1428759037679625, 0.12261216437479139, 0.14204000677382023, 0.12745810603669974, 0.1640267359257921], [0.1623387673765521, 0.14201736392961598, 0.141361686057305, 0.12118987411681138, 0.13978911010252262, 0.13319453982257737, 0.16010865859461557], [0.1618911060680521, 0.14337550264421411, 0.14089251376274586, 0.12147881255771625, 0.13849272893013098, 0.13481694192993998, 0.15905239410720068], [0.16202563520893382, 0.14072074238503426, 0.1424720022178123, 0.12264140991884742, 0.14290204115975216, 0.12699321503900615, 0.16224495407061384], [0.1615379285739426, 0.14303908000516674, 0.14113211156184396, 0.12149874801524378, 0.13874228371906677, 0.13507534464513085, 0.15897450347960532], [0.16118599825399002, 0.14223561172744514, 0.14253391760783754, 0.12254614981408497, 0.1411869837916689, 0.12875600247157526, 0.16155533633339816], [0.1586689759295734, 0.14391127246345645, 0.14540669311568838, 0.12189102044197406, 0.14037883859172096, 0.12857310460081184, 0.16117009485677503], [0.15804199278817865, 0.1443483101451664, 0.14507042987068555, 0.12218603283066885, 0.1399267182199751, 0.12908999373554758, 0.16133652240977783], [0.15759369421789432, 0.14444189872997434, 0.14563755810749734, 0.12209510305986063, 0.14002181941008215, 0.12893807272371519, 0.16127185375097614], [0.15276509410778863, 0.14510761216056448, 0.14461181355096447, 0.12275797317054966, 0.13777875624079536, 0.13031208410267078, 0.16666666666666669], [0.156851011625389, 0.1405133374913693, 0.1428407664785027, 0.1247115365470368, 0.14407008272869298, 0.1266367217596723, 0.1643765433693369], [0.15695170190481175, 0.14058226966077586, 0.14261803852072427, 0.12434565705786661, 0.14363247273693888, 0.12655448331668476, 0.16531537680219785], [0.15682223424617373, 0.1392724172201133, 0.14316676023260222, 0.1255822697693219, 0.14662589888500668, 0.12557630026618488, 0.16295411938059726], [0.15807925454071156, 0.13948972353177994, 0.1427460053384606, 0.12443254313812205, 0.14546529507056016, 0.12564455355928256, 0.1641426248210831], [0.16126327248707215, 0.14067172878040954, 0.14315613126508958, 0.12143525512826647, 0.14294332838199808, 0.12750232813652587, 0.1630279558206381], [0.1603730817887975, 0.1383965188833763, 0.14204230391322165, 0.1212515790157339, 0.14577208928431973, 0.12549776044788433, 0.16666666666666669], [0.1638779635539328, 0.1410534807484984, 0.14043104841872742, 0.12143622090503263, 0.1405339244166204, 0.13115792071821253, 0.16150944123897568], [0.16164616302398982, 0.14126242592161334, 0.14129016022874116, 0.12208203303404093, 0.14102069763064654, 0.13261360320503654, 0.16008491695593172], [0.16426624909985188, 0.1417420070610601, 0.1409302112104075, 0.12052736158155032, 0.13963098879168198, 0.13138978505928758, 0.16151339719616065], [0.16666666666666669, 0.14085013447930267, 0.14131937241873208, 0.11910412584971522, 0.13993174333655206, 0.12903685420997754, 0.16309110303905386], [0.1617287151580803, 0.14362405659965052, 0.14134157620643764, 0.12148980920137945, 0.13862220683097087, 0.13401075267537066, 0.15918288332811054], [0.1615461328227347, 0.14376606629194968, 0.14150897206342972, 0.12144444968926268, 0.13855764656640837, 0.13404294884366366, 0.15913378372255113], [0.16209348061539955, 0.14360146972308296, 0.14146153946070067, 0.12126181579669251, 0.13857541421271857, 0.13357844010793396, 0.15942784008347163], [0.16160115028654012, 0.1442688954763359, 0.14139422884286829, 0.12098768497470204, 0.13763423071878644, 0.13561834334591882, 0.15849546635484849], [0.15365019077985848, 0.13594635363582924, 0.14349835134610403, 0.1262851688106666, 0.15166586892073433, 0.12228739984014056, 0.16666666666666666], [0.15946381018985206, 0.13762130989869117, 0.14085985527688683, 0.12418144332662227, 0.14657887253672525, 0.12462804210455578, 0.16666666666666666], [0.1550231814918971, 0.13947438650350516, 0.14348057844016077, 0.12704236902336538, 0.14715456340265534, 0.125232539217776, 0.16259238192064057], [0.15599808463008896, 0.1391749229562619, 0.143618985185817, 0.12633155483866818, 0.1475500045554247, 0.1246505954073204, 0.16267585242641883], [0.154982985525262, 0.13966245461795432, 0.1434019224687524, 0.12703993494551977, 0.14674672976551134, 0.12535738507266353, 0.16280858760433653], [0.15523145019816342, 0.1397399915287907, 0.14332862964847293, 0.1266664204471019, 0.14640497108963899, 0.1255078587313998, 0.16312067835643232], [0.15742290809602807, 0.13850169216908956, 0.14262105002924566, 0.12590851680629495, 0.14777065242461573, 0.12416974459131983, 0.16360543588340629], [0.15619544905950553, 0.13950081904131081, 0.14289868501640443, 0.12604565686214023, 0.1463817385669373, 0.12528963973552898, 0.1636880117181726], [0.15689424988302697, 0.13938830515798356, 0.14467282763221753, 0.12500995494437842, 0.1473483163338383, 0.12511846658030087, 0.16156787946825438], [0.15492658474640672, 0.1398560799600126, 0.14329789260757184, 0.1275564709649987, 0.14688759045612704, 0.12549764827407384, 0.16197773299080948], [0.15492150347715972, 0.13975226509277142, 0.14335233071235057, 0.12808873957345265, 0.14751598974470997, 0.12538310915418602, 0.16098606224536977], [0.1551403826808231, 0.13978147233092456, 0.1441560708163166, 0.12637518163602343, 0.146770850472321, 0.12516297238522464, 0.16261306967836656], [0.15710239865858686, 0.13933057410788388, 0.1431361664072753, 0.12537230986504916, 0.14635471899293667, 0.12500097707538782, 0.16370285489288042], [0.15606630804850793, 0.1395711601337557, 0.143159171916784, 0.12609343934455233, 0.14637331534269105, 0.1250553611100523, 0.1636812441036567], [0.1506123991832601, 0.13579382148437338, 0.14397642099097216, 0.13014537505138254, 0.15326858891608278, 0.11953672770726236, 0.16666666666666666], [0.15789448489405908, 0.13953401284814643, 0.14328390537652078, 0.12436574827136064, 0.14592076190454598, 0.1251902361784868, 0.16381085052688021], [0.15575617057657662, 0.14028967812612894, 0.1443988354010908, 0.12509243751646074, 0.14570123668486268, 0.12586886755418575, 0.16289277414069445], [0.15706250170584737, 0.13926545464788118, 0.14336729774542376, 0.12569643996707194, 0.14694701752194236, 0.1245535821371343, 0.16310770627469895], [0.15631978679399908, 0.1398032011534459, 0.14307755988545176, 0.12547450919729472, 0.14568102474698752, 0.12538939742014238, 0.16425452080267883], [0.15410048601916632, 0.14091949131523201, 0.14364759707432112, 0.1275192441731014, 0.1454095277649702, 0.12692678758155923, 0.16147686607164963], [0.16034051203442742, 0.14087133618508496, 0.1410010432662671, 0.12426201140599806, 0.14271160659380197, 0.12895760899566794, 0.16185588151875252], [0.1563458898138096, 0.14065690982416218, 0.14346484908279064, 0.12454751259242336, 0.14432689748945193, 0.12636371063030255, 0.16429423056705966], [0.15659655688488316, 0.14161630363153935, 0.14489851465471584, 0.12337415559103805, 0.14366564028094733, 0.1274121327828074, 0.1624366961740688], [0.15653216418768, 0.14066612595376493, 0.1444752173072275, 0.12407022306528627, 0.14471939584496138, 0.12576615373875485, 0.16377071990232503], [0.1548172794925151, 0.1412806083226132, 0.14375368856035162, 0.1261119667529747, 0.14417536530198075, 0.12690654458664705, 0.16295454698291753], [0.16034349723238722, 0.14023010932945992, 0.14276419660448628, 0.12356884867753322, 0.14443895523968184, 0.12611620700612808, 0.1625381859103234], [0.16091747048291463, 0.14156542097685823, 0.14132299240472357, 0.12345839562505025, 0.1416447641942149, 0.1294898939471908, 0.16160106236904778], [0.15378458032233414, 0.14308619076422133, 0.14252284208118696, 0.12420218464879368, 0.1396432374545878, 0.1300942980622094, 0.16666666666666666], [0.15426534535326325, 0.14320094523522256, 0.14507778957753964, 0.1257323077107463, 0.14233744163557685, 0.12764729863775467, 0.16173887184989677], [0.1569737535270643, 0.14306119235807796, 0.14465642430606213, 0.12324975491769094, 0.14165153401809233, 0.12768764666927143, 0.16271969420374086], [0.15505266345673493, 0.14390836435993326, 0.1451445164093532, 0.12361735714838955, 0.1407573656697314, 0.12857806576504052, 0.16294166719081712], [0.15438266540486456, 0.14488450725909183, 0.1433218549641511, 0.12300506248697628, 0.13786870953211414, 0.1298705336861354, 0.16666666666666666], [0.1533580332418961, 0.14596905823629258, 0.14434715211468377, 0.12098891774817312, 0.13610489219100613, 0.13256527980128158, 0.16666666666666666], [0.15384472461266435, 0.14678143025162185, 0.1414135952802335, 0.1255703167503862, 0.13606575102707613, 0.14502467900352037, 0.15129950307449752], [0.15707919199927742, 0.14696084698102022, 0.14294171736144648, 0.1225820886422015, 0.136260898689838, 0.14000693341684559, 0.15416832290937083], [0.14225874347047182, 0.15458626032286726, 0.14259202772211826, 0.12945121228816894, 0.1286913404809511, 0.157150884282355, 0.1452695314330677], [0.14424285909075044, 0.14802506950564992, 0.142148987993177, 0.1351079194005514, 0.13570266831553976, 0.15090841392545298, 0.14386408176887858], [0.14427408189236848, 0.14904463543638202, 0.14121225230982762, 0.13241702203648, 0.13202410928155134, 0.1586587135269631, 0.1423691855164274], [0.14585523286145985, 0.15876105440253854, 0.15054636887004103, 0.12272675132292203, 0.12873061152221887, 0.148323879964457, 0.1450561010563626], [0.14363656365642422, 0.15684683069975708, 0.15104456691910143, 0.12346357575929785, 0.1299341229801171, 0.14539578355039404, 0.14967855643490827], [0.14203953867263966, 0.15222387656497852, 0.14222603355511004, 0.12891876554128345, 0.12959249923572994, 0.16005530630972722, 0.14494398012053114], [0.1420781996757049, 0.1516355202775099, 0.14199932611010585, 0.12965485022007994, 0.1300729283180718, 0.15980801927563396, 0.1447511561228937], [0.14235558916091856, 0.15263804667898132, 0.14172196577663865, 0.12633927003431625, 0.1275752313684723, 0.16666666666666669, 0.14270323031400636], [0.15851753949093508, 0.13890439214910158, 0.1422606400590409, 0.12513064928075682, 0.1466007990350723, 0.12555835336881413, 0.1630276266162791], [0.15901771927719827, 0.13922177758513757, 0.14117980192619753, 0.12520825921164852, 0.14545328440558064, 0.12681710687811168, 0.1631020507161259], [0.15912761849437343, 0.1387215545116689, 0.14181651222060218, 0.12482523981569361, 0.1464746663755262, 0.12561788633243223, 0.16341652224970343], [0.15891722622706309, 0.13882671561984244, 0.1415500479601257, 0.12521304372418593, 0.14636285442523983, 0.12583872848686536, 0.16329138355667755], [0.15651215716592862, 0.13698718926291, 0.14205200193093093, 0.1259732382375579, 0.1493312782958304, 0.12247746844017544, 0.16666666666666666], [0.1570915831154909, 0.13894520001609828, 0.1427598195564279, 0.12629353295632234, 0.14749592496044114, 0.12486525620500835, 0.1625486831902111], [0.1572162778401643, 0.13845079303306013, 0.1429787276663956, 0.12585159916207955, 0.1480332500370213, 0.12398136530918752, 0.16348798695209174], [0.15934613303272913, 0.13930048496582195, 0.14180453177221822, 0.12461501293825566, 0.14548017993684076, 0.12600592246923883, 0.16344773488489564], [0.15554301356629643, 0.13984444118373587, 0.14321274766907602, 0.12647485514475962, 0.14622774673149114, 0.12555913858413661, 0.16313805712050414], [0.1568207904826995, 0.1395212895205651, 0.143274602065052, 0.1251713822156742, 0.14615565161948144, 0.12503766411695527, 0.16401861997957262], [0.15675070963122645, 0.13883620734155033, 0.14349189913373053, 0.12586919793361814, 0.14778556133588988, 0.12390418306693976, 0.16336224155704507], [0.15889194859432007, 0.13995258985685088, 0.1421470414023393, 0.12355688395946988, 0.14395929971131124, 0.12648235629070315, 0.16500988018500556], [0.15847127758888585, 0.1401492650312597, 0.14196399020932468, 0.12467981741290222, 0.14439690405981995, 0.1266461030856213, 0.1636926426121863], [0.1584083514893016, 0.1404251187326269, 0.14199777583715892, 0.12369800698148235, 0.14329355105477642, 0.12691972042273852, 0.16525747548191527], [0.15737723492263556, 0.1480995618267493, 0.14686710570050113, 0.12174218834715343, 0.13702129546469816, 0.13362505389594248, 0.15526755984231994], [0.15566407322400558, 0.1481449881819977, 0.1483112967899348, 0.12197251585855563, 0.13787788751500343, 0.13162297514434548, 0.15640626328615737], [0.15335033211262544, 0.15358882694095002, 0.1489759436728197, 0.12204504323559681, 0.1326385127015847, 0.13966452255100886, 0.1497368187854145], [0.14900103397025763, 0.15797307104531416, 0.1485535180641482, 0.12118288771153951, 0.12952806729446076, 0.14500731526076963, 0.14875410665350997], [0.14611128542405752, 0.15402901867867097, 0.14373971002397093, 0.12651048862289982, 0.12840115424036516, 0.1587929126612731, 0.14241543034876247], [0.15838082814334098, 0.13855387956344153, 0.14176505339370285, 0.12561598686556733, 0.14704932917007504, 0.12574041659710603, 0.16289450626676602], [0.1587955208741315, 0.1374907043204101, 0.14117048862029274, 0.12543472322402185, 0.14801842494383435, 0.12456580484061047, 0.16452433317669912], [0.15764408708235417, 0.13904797641458047, 0.14244303522241147, 0.12523710234735558, 0.14646897540418505, 0.1257007787078358, 0.16345804482127724], [0.15932597388715666, 0.1391327608060392, 0.14134431465011202, 0.12486840910430726, 0.14555449844998938, 0.12644629933788512, 0.16332774376451015], [0.1571738775653841, 0.140147987164639, 0.1422458641135352, 0.1247951925180602, 0.14428912924618267, 0.12720834906025574, 0.16413960033194305], [0.15593563140507374, 0.13983820427789223, 0.14286295342589692, 0.1260527547235048, 0.14580140911162948, 0.12582370787688693, 0.16368533917911599], [0.15417068997156788, 0.14034985578344172, 0.1437054060446183, 0.12736184063650627, 0.14602989879892864, 0.1263323096268441, 0.16204999913809315], [0.15495799654421627, 0.14004176111484037, 0.143400960539846, 0.1268226621317762, 0.14613996667919432, 0.1258508047750157, 0.16278584821511116], [0.1572388061481264, 0.1391686376916128, 0.14303645724299074, 0.12592121042444304, 0.1470808367019049, 0.12462271308802922, 0.16293133870289275], [0.15815566734413639, 0.1399164387196048, 0.14244467491769341, 0.12398065491227028, 0.1444896278555185, 0.12633926448570573, 0.1646736717650709], [0.15591438655853276, 0.14029498279371833, 0.14293206199285471, 0.12575391894800567, 0.14500378393886917, 0.12618119804702888, 0.1639196677209905], [0.15628977078518938, 0.1399313789115775, 0.14321406712429807, 0.12609375147786006, 0.14605353481813654, 0.1252845429358694, 0.16313295394706903], [0.15766594439267545, 0.14249721510463723, 0.14369724077852672, 0.12308664963044158, 0.1414591903000518, 0.12803872891681778, 0.16355503087684944], [0.15862650140862505, 0.14059594690183108, 0.14161043286033267, 0.12455057539280977, 0.1434339659057572, 0.12776538800235596, 0.16341718952828838], [0.16024317582936445, 0.1405398971573693, 0.14357431140457705, 0.12212366291602889, 0.14379087525917675, 0.12735201729002904, 0.16237606014345443], [0.15836468359486877, 0.1396544258735043, 0.1428785675217103, 0.12405668943360808, 0.14516415736733704, 0.12531270681401235, 0.16456876939495904], [0.15851877253424437, 0.1398717602037636, 0.14262723004675473, 0.1237781252360939, 0.14451155577146352, 0.12568493617078852, 0.1650076200368914], [0.1555730773081886, 0.14165740888913655, 0.1420619127252574, 0.12637726068804933, 0.14312920595929055, 0.12917303356901663, 0.16202810086106093], [0.1577922489016974, 0.1400893559440419, 0.14308576594520023, 0.12513160439899584, 0.14548179926550442, 0.12552360794711265, 0.1628956175974477], [0.1617956424010018, 0.14057850829454313, 0.14147409555732784, 0.12196427758629468, 0.14185575515573445, 0.13129644971493143, 0.16103527129016668], [0.1599145373414272, 0.14191061045119024, 0.14362610240877954, 0.12183330997638919, 0.14188307161135602, 0.12996999360257053, 0.16086237460828728], [0.1582681293428787, 0.13990294090127042, 0.143321167285865, 0.12401228385419469, 0.14503757512357768, 0.1253043868860931, 0.16415351660612038], [0.15894216962032967, 0.1409872219571706, 0.1418042027116968, 0.12381878486961538, 0.14265949971026887, 0.12776715119341542, 0.16402096993750326], [0.1576023745177794, 0.14111505639307875, 0.14315908153391801, 0.12317424866959266, 0.14273005274951034, 0.12681241475159544, 0.1654067713845253], [0.1597436932533096, 0.14071402568444877, 0.14325278235560557, 0.12268557061192399, 0.14333199165911945, 0.12626151219674606, 0.16401042423884635], [0.16263715389264247, 0.14151728378848313, 0.14134772771568355, 0.12114533028601408, 0.14024652400322424, 0.13216752570502144, 0.16093845460893122], [0.16116140288058123, 0.1403300420980903, 0.14258764095216886, 0.12339840646170833, 0.14399213622420362, 0.12634202681705226, 0.16218834456619532], [0.16084032927544037, 0.14051081384277278, 0.1427168989351617, 0.12371247005431739, 0.14406726554905522, 0.12650761004082414, 0.16164461230242833], [0.1613115309931892, 0.14150643462897602, 0.14277487038830838, 0.12309177431375777, 0.1426045286494348, 0.12765457292461205, 0.16105628810172176], [0.16107562401558326, 0.14124307844663156, 0.14322719410383158, 0.12134792364144927, 0.14235538211925985, 0.12871110268189306, 0.16203969499135132], [0.16137567157131338, 0.13978939081126968, 0.14134485564647034, 0.12323086518327289, 0.14348920632659887, 0.12954020658298604, 0.16122980387808888], [0.14854310460795253, 0.13507335946195956, 0.14176534177572697, 0.14173188106518725, 0.157960231828403, 0.1242989985462447, 0.15062708271452613], [0.15162357742322594, 0.1521498865039185, 0.14687849856920626, 0.12190458144791386, 0.133160004719746, 0.1358715295475384, 0.1584119217884512], [0.1482155202334327, 0.1534039330385987, 0.14295671152354245, 0.12443334818007915, 0.130809480593559, 0.14636952701461733, 0.15381147941617065], [0.1464033850374746, 0.15300829247561662, 0.14292752746203347, 0.12653283281323652, 0.13112446134413347, 0.14745658873517153, 0.15254691213233398], [0.14220130313550322, 0.1615154083132161, 0.14850485419159998, 0.1238610124536035, 0.12744310319673224, 0.14841880592501797, 0.1480555127843269], [0.14242336335612515, 0.15795997544144333, 0.15213963233463426, 0.12716092208522725, 0.13078799202350824, 0.139757334360461, 0.14977078039860084], [0.14252236188372341, 0.16666666666666669, 0.14969803009393254, 0.1220892896053023, 0.126301659868939, 0.14654344543837455, 0.14617854644306158], [0.144943513153952, 0.16008340532243379, 0.14665979105593868, 0.1235940498042943, 0.12675280748899825, 0.15360842753730106, 0.14435800563708198], [0.14121431562758613, 0.13780190147201815, 0.13929133138516178, 0.16666666666666666, 0.1430798498858996, 0.1292093851171938, 0.14273654984547388], [0.14113455974730146, 0.1380238395923647, 0.13956743490697032, 0.16583418644904935, 0.14319367066150102, 0.12928534331075558, 0.14296096533205765], [0.14451895141008508, 0.15921868235650954, 0.14588437953178315, 0.12392059659899, 0.12673736439136202, 0.15555037239552186, 0.1441696533157483], [0.1505080523634239, 0.15044508466894865, 0.14802366566634528, 0.12514748820557772, 0.13611040651032782, 0.13358177351548903, 0.15618352906988767], [0.14379394581709823, 0.1624045685216767, 0.14933400480366396, 0.1213075295469692, 0.12733742662540434, 0.1468656329266032, 0.14895689175858437], [0.15805818900446525, 0.14709198293723286, 0.14866730015065857, 0.11961077389355325, 0.13788618836755032, 0.13176211557219228, 0.1569234500743473], [0.15770211362037326, 0.1484028333625201, 0.14816612273694696, 0.11919298949007068, 0.13641032851995896, 0.13384413664684447, 0.1562814756232855], [0.15633661966729334, 0.14613089838673715, 0.15060719365570732, 0.12079987665391259, 0.13971977911388833, 0.1301869456961262, 0.156218686826335], [0.15614439549378414, 0.14739518448021607, 0.15090453535763337, 0.12034972743904623, 0.13864758376663883, 0.13076542663709953, 0.15579314682558176], [0.1483821597758658, 0.14445674642029283, 0.1531913779942224, 0.1281005213509604, 0.14398096348408335, 0.1290485238128239, 0.15283970716175138], [0.15049390074303282, 0.15251635096302268, 0.15645508507196423, 0.12256188620310227, 0.13462540200846362, 0.13633913580512524, 0.14700823920528916], [0.14593462534288223, 0.1599908012162889, 0.15420253112505342, 0.12223351759716622, 0.12917255169851344, 0.14310821944683352, 0.14535775357326225], [0.14432149148787365, 0.1571711128944983, 0.1516760216676607, 0.12316832022934668, 0.1300208652480235, 0.14650621767326855, 0.1471359707993286], [0.14360636925681283, 0.14125538985879849, 0.16666666666666666, 0.13149763001962844, 0.14132184339453518, 0.13055096173235728, 0.1451011390712011], [0.14601936573493163, 0.13560637358194838, 0.1432020717534476, 0.13796544825901166, 0.15840196216785352, 0.12238840577582126, 0.1564163727269859], [0.14804037092673314, 0.13287082073681442, 0.14122022361222614, 0.13616847376145938, 0.16666666666666666, 0.11971808693229814, 0.15531535736380214], [0.16096567631961475, 0.14107560365563787, 0.14291536118080805, 0.12280413442495534, 0.14285407336161401, 0.12697395691085483, 0.162411194146515], [0.16666666666666669, 0.14208083459152052, 0.1434529714792374, 0.12664044532902466, 0.13963885805388432, 0.13115615215635576, 0.15036407172331073], [0.16666666666666669, 0.13849630180437017, 0.14563196154116625, 0.12658210212645452, 0.14562410473340584, 0.12723398361228652, 0.1497648795156501], [0.15184838248701904, 0.14656850259488083, 0.15435714418726754, 0.12269937359636021, 0.1419626804976346, 0.12871115349278375, 0.15385276314405397], [0.14548644037913808, 0.14908447981577397, 0.16521911764506494, 0.12614120797594588, 0.13797225568259114, 0.13103495505811105, 0.14506154344337496], [0.14374781570122383, 0.15139349254660328, 0.1624998239993692, 0.1265358919981182, 0.13646993241105987, 0.13269837905114412, 0.14665466429248147], [0.14825348786256146, 0.1474427367934629, 0.1606963207181932, 0.1271295973840192, 0.14052817889173355, 0.13091981492056734, 0.1450298634294625], [0.14696765125100983, 0.14793251236933577, 0.1608981591915264, 0.12711962610444566, 0.14023948790939533, 0.13122375511457895, 0.14561880805970798], [0.14368675392287575, 0.15151954434075768, 0.1628409026291954, 0.1262017580825153, 0.13644054372092873, 0.13263955319947426, 0.14667094410425308], [0.14375311199999252, 0.1533428510124482, 0.16098694626997176, 0.1253878787302236, 0.13513097992416956, 0.13427835345697742, 0.147119878606217], [0.14480591052913505, 0.1499862801038229, 0.16666666666666669, 0.12510766640118146, 0.13679028796531884, 0.13149280799930738, 0.14515038033456776], [0.14477586364257394, 0.15096464469000492, 0.16379539589744135, 0.12581947780621472, 0.13660790144203847, 0.13221716277091114, 0.14581955375081537], [0.14620322493901342, 0.14896834544706145, 0.1641229064147274, 0.12658179918735635, 0.13800984699583782, 0.13110729143691768, 0.14500658557908588], [0.14609459849710688, 0.14737144528622415, 0.16249080929525633, 0.12765938893066145, 0.13987565407219574, 0.13023253793544112, 0.14627556598311425], [0.1416953382971945, 0.14863499302687191, 0.1472140823501419, 0.13834661636506765, 0.13707159861338106, 0.13681400126777835, 0.15022337007956468], [0.1446982128507505, 0.14817837629847772, 0.16280653569226833, 0.12787390461618767, 0.13948125788441343, 0.1307516892995936, 0.14621002335830857], [0.14833408258930253, 0.14646711343879165, 0.15979190120941722, 0.12791615604743953, 0.14163442690434758, 0.13028127613722157, 0.14557504367347993], [0.14589864545483042, 0.14877924255469052, 0.16472374287308078, 0.12623567067605868, 0.13826963359840608, 0.13097010663611638, 0.14512295820681703], [0.14891123704519024, 0.14748486685307946, 0.16044498570492008, 0.12680327644277756, 0.14021985552526758, 0.13130219871298607, 0.1448335797157791], [0.14815271992101273, 0.1479974287266869, 0.16153237708968712, 0.1264908367478891, 0.13962495018658932, 0.13140085090891815, 0.14480083641921673], [0.14734610760625663, 0.14062211389167642, 0.15018565735331943, 0.1381995463484332, 0.1491283698325147, 0.12718799333906272, 0.1473302116287369], [0.14586265172042523, 0.15240332345702295, 0.16181689704250884, 0.12516839703349728, 0.13523064319721037, 0.1339099664418806, 0.1456081211074548], [0.1459453415498179, 0.1506581668135857, 0.1602968953978735, 0.12697439311928788, 0.13751757061576605, 0.13286683963404294, 0.14574079286962607], [0.14855091903517909, 0.1467568779892008, 0.16041215576661857, 0.12744386727231913, 0.14104987818077366, 0.1304272171453965, 0.1453590846105122], [0.1462478905094781, 0.14792099254773267, 0.16029295552048553, 0.127548622189178, 0.14052301789874025, 0.13127592628498932, 0.14619059504939608], [0.1457070474915333, 0.14823412079845133, 0.1604163599037417, 0.12735118869239428, 0.14010476600011465, 0.1316088061366345, 0.1465777109771303], [0.14595427461930463, 0.14861818218095282, 0.16029715799068076, 0.12715623774735818, 0.13984457825551863, 0.1318629111644635, 0.1462666580417214]]