[[0.16666666666666666, 0.1405241971082852, 0.1536188167494764, 0.12470503833022697, 0.12458626128334553, 0.14458529994247454, 0.14531371991952471], [0.16666666666666666, 0.13699717583563326, 0.1543820410716059, 0.12398554286768716, 0.11766144870918181, 0.1492186634759922, 0.15108846137323298], [0.16385072159468816, 0.13830488559924736, 0.15413884255121998, 0.12390873897568286, 0.11842218262133938, 0.14945331918495014, 0.1519213094728721], [0.16492656781913156, 0.1403227872262072, 0.15420246512081326, 0.12416410210445358, 0.12042849391375861, 0.14725670877424313, 0.14869887504139265], [0.16398656008468976, 0.14000098768861974, 0.1539021416839408, 0.12346555390635874, 0.11988334054458331, 0.1479432962458712, 0.15081811984593652], [0.16504694625672955, 0.14106922001267838, 0.15269895853171403, 0.12433238841270271, 0.12010045330247446, 0.14771452975234656, 0.1490375037313544], [0.16422807190397187, 0.14023322643929775, 0.1541155988764328, 0.12318591833094626, 0.12016910673121274, 0.14736692462865675, 0.1507011530894819], [0.1639766834187768, 0.1410644674991545, 0.15369746963323108, 0.12285192510119039, 0.12097097595684148, 0.14679105776488505, 0.15064742062592068], [0.16666666666666666, 0.13854994671111837, 0.15560510532323196, 0.12494862611484236, 0.11938179041070533, 0.1467302162109329, 0.14811764856250226], [0.16666666666666666, 0.14151579697406613, 0.15404543836302062, 0.12240681127844734, 0.12060402087384321, 0.14572148740532043, 0.1490397784386356], [0.16488013931687354, 0.14150809147557708, 0.15258075514033181, 0.12381585613147146, 0.12015650309691304, 0.14730322788896227, 0.14975542694987073], [0.1649164999561951, 0.14301203211548694, 0.15363281609753132, 0.12278824717431895, 0.1223481005122051, 0.14500516957420295, 0.1482971345700595], [0.16465377296334238, 0.14095931421450517, 0.1528148311937252, 0.1235944547920956, 0.11980007102097914, 0.14760579994426007, 0.15057175587109242], [0.1649883173890424, 0.1422816998598785, 0.1535596396018712, 0.1223927709872088, 0.12144612188918258, 0.14568747356844297, 0.14964397670437346], [0.1636890791633703, 0.14372062274619712, 0.15294735289532738, 0.12276756853061145, 0.1228325889035792, 0.14507653506349347, 0.14896625269742117], [0.16455254236149697, 0.14254986844223108, 0.1534030450628134, 0.12255297185508997, 0.12168183348436572, 0.1456533666791206, 0.149606372114882], [0.16370748212832914, 0.14415427891378013, 0.1533450735902331, 0.12276156205991377, 0.12369973515643723, 0.14428308765990164, 0.148048780491405], [0.16666666666666666, 0.14172462132209634, 0.15591160807473473, 0.1244539460453059, 0.12472056532191604, 0.1420155207068035, 0.1445070718624768], [0.16666666666666669, 0.14066670722863425, 0.15673705581578157, 0.1223304258747986, 0.12312701542438419, 0.14320058761508847, 0.14727154137464635], [0.16478253095501083, 0.14170961091445405, 0.15482220237715089, 0.12347428489732426, 0.12090584751639691, 0.1457939128335536, 0.14851161050610934], [0.16486730108670147, 0.14268282618254763, 0.15427138900406528, 0.12323796078009827, 0.1218791563362787, 0.14513529672471873, 0.14792606988558993], [0.16666666666666666, 0.14232986708046233, 0.15457549159254047, 0.12290391281091047, 0.12432354559408652, 0.1422783584083836, 0.1469221578469499], [0.16409373941083852, 0.1436269531801788, 0.15414790018863894, 0.12313149138553374, 0.12315440600361602, 0.14435553393787354, 0.14748997589332052], [0.16491545611167321, 0.14312392288755185, 0.15394806988256052, 0.12266417887812053, 0.12216714928447496, 0.14476945743695677, 0.14841176551866217], [0.1648207696944073, 0.1407314311470016, 0.15557201137374635, 0.12250047660919369, 0.12073644329802154, 0.14575653304695255, 0.1498823348306769], [0.16519647709500482, 0.14230742226513882, 0.1542637226561913, 0.12263573292006433, 0.12156108882451816, 0.1451547539594044, 0.1488808022796784], [0.16441106516521622, 0.14111414255246132, 0.15539702011210194, 0.12358935309148843, 0.12072560938690151, 0.14597087523576965, 0.1487919344560608], [0.165371174902021, 0.14230173173819582, 0.15409133475035083, 0.12244608485704203, 0.12121989795229225, 0.14539259600639295, 0.149177179793705], [0.16368922109300094, 0.14399341780758101, 0.15324691771110935, 0.12290972111787327, 0.12285501998923287, 0.14479871629873345, 0.1485069859824692], [0.16517796440630766, 0.1417764378500657, 0.15488510630614183, 0.12274195835542143, 0.12108266003767977, 0.14537615190980327, 0.1489597211345803], [0.1639197157045078, 0.14422063204381239, 0.1535940994907035, 0.12270147476038887, 0.12333613393981203, 0.1441598541809826, 0.14806808987979292], [0.16407159230681376, 0.14320465422786485, 0.1538396035756463, 0.12210146408341277, 0.12247669554908841, 0.14474599878245697, 0.14955999147471705], [0.16478377802077976, 0.14289371477740814, 0.15415968804596242, 0.12262295318544429, 0.12203330545899252, 0.1449432699829162, 0.1485632905284965], [0.1631035574589449, 0.14422681775345914, 0.15304562115660872, 0.12264461928382227, 0.1230612670758422, 0.1446705013336872, 0.14924761593763541], [0.163824230426423, 0.14430103528300944, 0.15410766101897416, 0.12265781299974868, 0.12346962103762062, 0.14386146032554661, 0.14777817890867756], [0.16452140644759125, 0.14147580585987277, 0.15587761039944897, 0.12271586323209771, 0.12130591513612486, 0.14504080030732908, 0.1490625986175355], [0.16666666666666666, 0.14007556893301723, 0.15701373524801518, 0.12441053357646356, 0.12161787400432185, 0.14409410780872947, 0.14612151376278604], [0.16417295624327224, 0.14381669721291906, 0.1541618298099436, 0.12281018272177859, 0.12276543171906912, 0.14422511334023996, 0.14804778895277734], [0.16666666666666666, 0.14306161612690937, 0.15628714241676508, 0.12253562162686965, 0.1268395758824062, 0.14006854102485353, 0.14454083625552946], [0.16666666666666666, 0.14306161612690937, 0.15628714241676508, 0.12253562162686965, 0.1268395758824062, 0.14006854102485353, 0.14454083625552946], [0.1639095872804785, 0.14410731530450083, 0.15416842500696432, 0.12245912124716699, 0.12346088185291029, 0.14375831910317965, 0.14813635020479937], [0.1636885065899439, 0.14402475634100848, 0.1538858507924432, 0.12226005814020648, 0.12301590507817246, 0.14417201940084223, 0.14895290365738328], [0.16406026965624013, 0.14185595461565836, 0.15596641728127697, 0.1228397122621679, 0.12133657564088961, 0.14491887301782666, 0.14902219752594048], [0.16666666666666669, 0.14296709070751049, 0.157052060310637, 0.12240210719567562, 0.12785492958363215, 0.13940198880649451, 0.1436551567293836], [0.16445761373535753, 0.14417180390552153, 0.15416918961812445, 0.12247380322884914, 0.1233257920951251, 0.14357717997471067, 0.14782461744231157], [0.16379658587584528, 0.14185738791194058, 0.15789937717083247, 0.12424535559698008, 0.12341106914351593, 0.14297953151444126, 0.14581069278644437], [0.16436651569736266, 0.1428306842894198, 0.15626635478766568, 0.12224759705542772, 0.12260609953740415, 0.14343219627486598, 0.1482505523578541], [0.16451833139237854, 0.14399683775654085, 0.1574585422503145, 0.12277504455789205, 0.1285033887316208, 0.13905499422493098, 0.1436928610863223], [0.16447190361228325, 0.14585189975304633, 0.15696196361904655, 0.1215451968449498, 0.13009539680556956, 0.1380032375187552, 0.14307040184634937], [0.16376056108801168, 0.14141198610420735, 0.15804499786008416, 0.12401207257512838, 0.12273831992266873, 0.14332473914461458, 0.14670732330528524], [0.16433217208987677, 0.14440024544944008, 0.15718504223091143, 0.12239955865919845, 0.130246417424231, 0.1381802061873706, 0.1432563579589717], [0.16219775431783842, 0.14388853962797674, 0.15803235065601756, 0.12307425719722197, 0.12434623767962558, 0.14200594607829256, 0.14645491444302716], [0.162669426563848, 0.143195997096593, 0.1589815220265323, 0.12119497392324506, 0.12290045092439891, 0.14154018192748144, 0.14951744753790125], [0.16335092285127537, 0.1444158334211261, 0.15812196264181225, 0.12101682136615798, 0.1233890179163695, 0.1409995821386871, 0.14870585966457173], [0.16346222718410455, 0.1440123427430742, 0.15836115979414273, 0.12053604369526247, 0.12292227319447661, 0.1411200626121521, 0.14958589077678736], [0.16666666666666666, 0.14720665714115444, 0.15331771463005822, 0.11945764335840871, 0.12478535345988276, 0.13957637166999265, 0.14898959307383658], [0.1646378991175411, 0.14169818401972728, 0.1540131673674207, 0.12308376388949989, 0.12115944446431964, 0.14601524411857653, 0.14939229702291484], [0.1653203106630469, 0.14224701862756184, 0.1540780775981769, 0.12278180089448008, 0.12124555398270648, 0.14548008717455382, 0.14884715105947385], [0.16376746268919265, 0.13931876387856565, 0.1538534276607774, 0.12405592671894812, 0.1198088816989947, 0.14848945327608712, 0.1507060840774344], [0.16498793650848975, 0.14006638158939766, 0.1546414495021682, 0.1234656177350313, 0.12027375551915866, 0.14697760000088358, 0.1495872591448708], [0.16666666666666666, 0.14103084779779684, 0.15673575659466848, 0.12094933028254394, 0.12221187075086633, 0.14354823679222858, 0.14885729111522916], [0.16666666666666669, 0.13999182599507098, 0.1557647562071972, 0.12397654010709518, 0.12239651490034269, 0.14501828802896288, 0.14618540809466446], [0.16469398967739685, 0.14327556060875724, 0.1571028322852132, 0.12308120671700178, 0.1272801665429083, 0.1405083069364348, 0.1440579372322879], [0.16382128776510757, 0.14361274820422415, 0.1567945609942404, 0.12396621781597653, 0.12811316149577825, 0.13997726007092254, 0.14371476365375074], [0.16425397006878045, 0.14393156573905666, 0.15761129575243593, 0.12212830121403033, 0.12750768518305025, 0.13996045201871235, 0.14460673002393398], [0.16334650014025903, 0.14288155286529736, 0.15836493151644476, 0.12250144619294505, 0.1262934870302953, 0.14089886677088007, 0.14571321548387853], [0.16666666666666666, 0.1459725745150895, 0.15699501597664373, 0.12036881450607718, 0.12861211167871786, 0.1379379708413654, 0.14344684581543965], [0.1660959205213846, 0.1461766415790281, 0.1569099111303251, 0.12028520323278283, 0.12871632478419137, 0.13802555582375312, 0.1437904429285349], [0.1659941540393898, 0.1457708502431484, 0.1575471561843106, 0.12058298465630327, 0.12832908325307216, 0.13809719565136225, 0.14367857597241349], [0.16387426331690846, 0.14622066860556018, 0.15784691794547712, 0.12121649527747455, 0.130724912831566, 0.13712614856877323, 0.1429905934542404], [0.16666666666666669, 0.13703501396097734, 0.15253648401464648, 0.12712533514571436, 0.11751696868580455, 0.14998203643611696, 0.14913749509007368], [0.16666666666666669, 0.13902839517945104, 0.15431786977942466, 0.12554322390599493, 0.12090195203651581, 0.1467701234257548, 0.14677176900619227], [0.16350542136168542, 0.13964222749952668, 0.15283461884546312, 0.12477142481121387, 0.11907723817375798, 0.1494434436575288, 0.15072562565082412], [0.16431941881395365, 0.13891624811715267, 0.15382587981371054, 0.12459466012107288, 0.11856769063188484, 0.14921412271060777, 0.15056197979161773], [0.1639094380670375, 0.1399856009749052, 0.15280262765324154, 0.12468247455342649, 0.11916889035432658, 0.14901934194451377, 0.15043162645254893], [0.1641471192632542, 0.14019051516198894, 0.15295073879938428, 0.12433835511029477, 0.1193862746029396, 0.14862118879267044, 0.1503658082694679], [0.1653614474375944, 0.1387541124632724, 0.15425288877687943, 0.1254509783492353, 0.11894317709055893, 0.14854831181666306, 0.14868908406579648], [0.16475195351813735, 0.14034096056124212, 0.15346700458736376, 0.12436091418274246, 0.1196219136982674, 0.14808717468939273, 0.1493700787628542], [0.1649889945699893, 0.137646209507779, 0.1551040363044365, 0.12330566774306967, 0.11853951717072755, 0.14841649316308936, 0.15199908154090858], [0.16472703937329383, 0.14052842541944202, 0.152715007996448, 0.1252497343112764, 0.11937730884593632, 0.14841437885259345, 0.14898810520101008], [0.1642272629252105, 0.1403633159636462, 0.15281356111013616, 0.12616669251014914, 0.1194926978380259, 0.14853490995202076, 0.1484015597008113], [0.1630191052015029, 0.13940697694067158, 0.1535966964877327, 0.12415501451009789, 0.11889603574102144, 0.14913722256977405, 0.15178894854919933], [0.16412002529529074, 0.1394703156002909, 0.15441872706293922, 0.124293387533288, 0.11944351965154117, 0.14810103370497918, 0.15015299115167097], [0.16467182716331155, 0.14008975792813025, 0.15370136538739593, 0.12440686623529792, 0.11925678249335564, 0.14816366647002688, 0.14970973432248172], [0.16666666666666669, 0.1346603058594162, 0.15119152903643177, 0.13006550978969922, 0.11397545403284073, 0.15362014524040926, 0.14982038937453623], [0.16471658635048456, 0.13992822839567393, 0.155123975949474, 0.12345506661194255, 0.1198260545975517, 0.14716205571292618, 0.149788032381947], [0.1633206394534271, 0.14013922010723057, 0.1542672458131416, 0.12279708571183146, 0.11972858057383388, 0.14776326613357468, 0.15198396220696078], [0.16550886643792784, 0.13905057711867294, 0.1546145804853786, 0.12445847739873217, 0.11864090281719687, 0.14811098057548674, 0.1496156151666048], [0.16458726781497332, 0.1406664789917785, 0.1538765085138299, 0.12387846447734338, 0.11981160932382566, 0.14752795099754712, 0.14965171988070225], [0.16313522305293982, 0.14222536162457403, 0.15221611513730512, 0.1246125479879328, 0.1209311977818779, 0.14738420254299509, 0.14949535187237517], [0.1628905858617557, 0.1436996893071131, 0.15552990386484503, 0.12422231029564468, 0.12466798070097537, 0.14341217900612, 0.14557735096354618], [0.16485278768161435, 0.14171076041398542, 0.1541903896428084, 0.1224951671495643, 0.12065495273729465, 0.14614358216369894, 0.14995236021103392], [0.16286554284233606, 0.14201113673696325, 0.15551005017650077, 0.12120018337370918, 0.12169002220385906, 0.1451731827804527, 0.15154988188617902], [0.16384414514791193, 0.14062733172437017, 0.155365262476457, 0.12226897065865248, 0.1198794809774818, 0.1465469936311149, 0.15146781538401177], [0.16406227065174944, 0.14233276912434722, 0.15314625150344596, 0.12327946293994843, 0.12077605087543576, 0.146338411140786, 0.15006478376428725], [0.16411056512783906, 0.1411582359996481, 0.156391935673905, 0.12404768595541392, 0.12159120578421027, 0.14501213479880123, 0.14768823666018233], [0.16211949384473828, 0.14425315431958544, 0.15645631797415205, 0.12368640795604066, 0.1252714111130096, 0.14249242280100716, 0.1457207919914668], [0.16666666666666666, 0.14666401321945136, 0.15173196578231682, 0.12100024778811053, 0.12492709902454731, 0.1414943510218721, 0.14751565649703519], [0.16180785854917126, 0.14411686190704442, 0.15456706569221196, 0.1234259062331288, 0.12192653238215968, 0.14426685471844103, 0.14988892051784292], [0.16410073204397033, 0.14369984282867898, 0.1565381898013155, 0.12169827735805808, 0.12199663547392406, 0.14296770745104412, 0.14899861504300888], [0.1632019422519813, 0.14490560937586278, 0.15541735941456336, 0.12130340374866251, 0.12288204761254869, 0.14248573170066103, 0.14980390589572054], [0.16666666666666666, 0.14768409812997216, 0.15598575466138745, 0.12099021088071531, 0.12460002154702934, 0.13877316344604473, 0.14530008466818436], [0.16666666666666666, 0.1481669607251088, 0.1535427613211081, 0.1178922452082659, 0.12741286070882268, 0.137683411198912, 0.1486350941711158], [0.16666666666666666, 0.1477208712611001, 0.15351221870398696, 0.12267710592802038, 0.13675712999044395, 0.13121424713644353, 0.14145176031333842], [0.16666666666666666, 0.1471584834480548, 0.15811077369298857, 0.12049360030879662, 0.13161715151084774, 0.13225664962173442, 0.14369667475091125], [0.1449439765262885, 0.1559731809593749, 0.14756220863312985, 0.1267201337775874, 0.15541675384055703, 0.12577081570098492, 0.14361293056207744], [0.14598140140305163, 0.149320915508912, 0.1462141457118979, 0.13378194647899352, 0.14894527609501795, 0.13252989674308366, 0.14322641805904335], [0.14814175390867282, 0.15173550665864696, 0.14371188871571058, 0.13042741840495875, 0.15561987979561856, 0.12866425784983634, 0.14169929466655573], [0.1474866148315275, 0.16666666666666669, 0.14960555614564752, 0.11996039412240635, 0.13930393172741531, 0.12585985113184872, 0.15111698537448795], [0.14921674693874196, 0.15636134241003152, 0.14909816144078605, 0.12228913096393383, 0.1414322252274532, 0.13098250158857677, 0.1506198914304767], [0.14446303105530425, 0.15290889934143792, 0.1440679712305915, 0.12525034178558728, 0.16521613964003615, 0.1264230554377376, 0.14167056150930538], [0.1443652896230052, 0.15216914094354683, 0.14363084267075343, 0.12561250141418562, 0.16666666666666669, 0.12642878613641095, 0.14112677254543127], [0.14760697958402272, 0.15627318386632422, 0.14472750707498983, 0.12479237582151081, 0.15827195944700034, 0.12547492235183846, 0.14285307185431356], [0.16666666666666666, 0.13932533764634497, 0.15410822933972335, 0.12404974559717896, 0.11990487845322911, 0.14738784260710086, 0.14855729968975606], [0.16666666666666666, 0.1410137579325364, 0.15335634571886267, 0.12422966240469406, 0.12167520196477355, 0.14616582341209491, 0.1468925419003717], [0.16666666666666669, 0.1396531118480251, 0.15414735952073866, 0.12426867251197282, 0.12046697401662285, 0.14699118254369276, 0.14780603289228125], [0.16666666666666666, 0.14015495532991562, 0.15380169141826716, 0.12457553465469437, 0.12075886495819611, 0.14682506845718502, 0.14721721851507508], [0.16666666666666666, 0.13729267943890722, 0.15375067243105434, 0.1267839610075286, 0.11825863834266517, 0.14929745633165675, 0.14794992578152125], [0.16666666666666669, 0.13900001908336976, 0.1537637358495452, 0.1247965990815838, 0.11880343651584961, 0.1483019112124242, 0.1486676315905608], [0.16479682791202482, 0.13833258182982017, 0.15442125886085642, 0.12541097018095795, 0.11868983940116774, 0.14895918974378577, 0.14938933207138716], [0.16666666666666666, 0.14052429096652594, 0.154414081196289, 0.12398797640679733, 0.12084703388436076, 0.1461244462123311, 0.14743550466702918], [0.16492776033971457, 0.14051560621944012, 0.15315735687046458, 0.1242640368367558, 0.11951807759323586, 0.14802678405338482, 0.14959037808700415], [0.16454978314857313, 0.13993961292382207, 0.15438165207113816, 0.12383208725283049, 0.11944730515686568, 0.14781388422086048, 0.15003567522591002], [0.16530083147790986, 0.13849691229582575, 0.154655835323551, 0.12506507263157987, 0.11829297437615746, 0.14864728178117315, 0.14954109211380298], [0.16518444875687976, 0.14148844148910852, 0.15476583824593831, 0.12292362430358203, 0.12161789589235011, 0.1454653655122798, 0.1485543857998615], [0.16666666666666666, 0.14197973295510102, 0.15424455024767209, 0.1235853271794002, 0.12143927796587507, 0.14511765671124927, 0.14696678827403564], [0.1646171551407319, 0.14265973748157204, 0.15452088619893736, 0.1230351211149436, 0.1223088394269459, 0.14489088072444858, 0.14796737991242068], [0.15707010512856606, 0.14720300015562696, 0.16666666666666666, 0.12054891798112884, 0.12569286612208455, 0.13508616160678052, 0.1477322823391463], [0.15641725037287152, 0.14651470584934026, 0.1629563340753464, 0.12202037543018579, 0.1252282896684713, 0.13717972646612703, 0.14968331813765776], [0.1553979509699509, 0.1536360010514809, 0.15890871289876787, 0.12063340994033449, 0.13061855006282141, 0.12972502297252644, 0.1510803521041179], [0.15312845843126083, 0.15790126728808754, 0.15540552229574364, 0.11946093405352201, 0.13643620126631825, 0.12721463315472262, 0.1504529835103451], [0.1492593250673453, 0.159282408371939, 0.1466141562711526, 0.12471124801044657, 0.14978256731714715, 0.12500471066047136, 0.14534558430149802], [0.16534456956318325, 0.13946587828208037, 0.153518484934386, 0.1248875682693042, 0.12058158039858384, 0.14793469778028426, 0.1482672207721781], [0.1646049219748806, 0.13882666091405352, 0.15400555316168002, 0.12698575754444463, 0.12109439436825782, 0.14770071183703545, 0.14678200019964796], [0.1648771554246321, 0.13979892473895078, 0.15376507596091193, 0.12399899827196828, 0.12027096760530535, 0.1478969480568421, 0.14939192994138933], [0.16524757653758468, 0.14096961574933953, 0.1539779172912927, 0.12465910120824195, 0.12187012647836205, 0.1462326123264947, 0.14704305040868426], [0.16465414600135891, 0.14181050911399612, 0.15335274176276054, 0.12303429599703591, 0.12188342226887103, 0.1461680826502562, 0.14909680220572136], [0.16467344254262986, 0.14099348736305373, 0.15319480398630625, 0.12407194203641105, 0.12013431798310446, 0.14762255817731626, 0.14930944791117845], [0.16346692013878497, 0.1408877553595459, 0.15216378070130213, 0.12428221951650326, 0.11992067673671604, 0.1485266107440159, 0.15075203680313182], [0.16418290628488522, 0.14074401414115478, 0.15276335981498204, 0.12427880734404506, 0.1197144085415218, 0.14824694387094942, 0.15006956000246172], [0.16666666666666669, 0.13911354349702462, 0.1543591134687724, 0.1245802054241708, 0.11860146275245981, 0.147882928828079, 0.1487960793628267], [0.16666666666666666, 0.14088109829478332, 0.15432928037909002, 0.12257947524080853, 0.1207480588749453, 0.14593412759187474, 0.14886129295183131], [0.16666666666666666, 0.14126575195279095, 0.15318518037520484, 0.12323089069335359, 0.11994873752052568, 0.146695857362749, 0.14900691542870917], [0.16666666666666666, 0.14041404004805239, 0.15390607354431277, 0.12412668458244207, 0.11912936260114053, 0.1471227324492947, 0.14863444010809088], [0.16666666666666669, 0.14333680102115837, 0.15576553828330553, 0.12098792950571759, 0.12196339603644939, 0.14264730414946789, 0.1486323643372347], [0.16419827411498628, 0.14308729224672626, 0.15433786072904682, 0.12381033687219017, 0.12310928882487067, 0.14459038727268117, 0.14686655993949865], [0.16541731683836502, 0.14061173676690866, 0.1564164245291936, 0.1212904921246774, 0.12189598593791916, 0.1445453851314791, 0.14982265867145703], [0.1644660975766231, 0.14042341761590607, 0.15529317628702757, 0.12360103463414748, 0.12032260056412121, 0.14658998843753882, 0.1493036848846358], [0.16453605564935664, 0.14109312284625988, 0.15523749069729112, 0.12336743137973487, 0.12088186674991225, 0.14598012492034612, 0.14890390775709914], [0.1620554391197549, 0.14520381463352952, 0.15217427547470236, 0.12438554813615507, 0.12450361212854273, 0.1447221833439622, 0.1469551271633531], [0.1643766439619002, 0.14100030163027644, 0.1551655603391325, 0.1245508237813022, 0.1204651909265478, 0.14627796561758702, 0.14816351374325382], [0.16455069728265093, 0.1429624615612515, 0.1563725222519231, 0.12382933331204436, 0.12686447116037786, 0.1408819567897947, 0.14453855764195742], [0.1632373382544724, 0.14231942657514082, 0.15606996065166975, 0.12091014544097717, 0.12477057016784547, 0.14293975452244564, 0.14975280438744873], [0.16410076695714293, 0.14017506278634378, 0.15569310266483963, 0.1235459168310979, 0.12013264465676816, 0.14654887461883773, 0.14980363148496992], [0.1643507665020638, 0.14355448457083284, 0.15481758045729507, 0.12324757571361088, 0.12320940227532905, 0.14389424514175975, 0.1469259453391086], [0.16478667939184222, 0.1424578989317246, 0.1552355839736114, 0.12190223826568576, 0.12160412124393771, 0.14456641479891297, 0.14944706339428537], [0.16355987807922495, 0.14148356329070005, 0.1568011556507205, 0.12282687283808838, 0.12159036422925898, 0.14467745681183694, 0.14906070910017025], [0.1654058806410211, 0.1433657310689025, 0.15699801923000348, 0.12250045150640733, 0.1274568524195641, 0.13980026494284487, 0.14447280019125658], [0.16372219019631543, 0.1411263720697628, 0.15740947438766678, 0.12466730832975999, 0.12216933069357426, 0.14415656266251753, 0.14674876166040318], [0.1633716133137628, 0.14123653893253527, 0.15765894790653812, 0.12503308519147824, 0.12234215321047917, 0.1439740113551075, 0.146383650090099], [0.16223984263771624, 0.14271926376834368, 0.15806847829659365, 0.1241016504667898, 0.12343413242646269, 0.1429765886848693, 0.14646004371922475], [0.16391433499886, 0.1418258642289206, 0.1566014623182232, 0.12151271846441875, 0.12398711208683287, 0.14330479963423154, 0.14885370826851307], [0.16666666666666666, 0.1415823591234223, 0.15634499001602328, 0.12452859183249487, 0.12460897100021671, 0.14197520694905041, 0.1442932144121257], [0.15155779113570403, 0.13587877210321478, 0.14532471287184426, 0.14317873997429664, 0.12259992254478307, 0.1524205937187857, 0.14903946765137155], [0.15806672625912094, 0.15080873842870376, 0.16039421128417894, 0.12003272811640868, 0.1298570127119537, 0.1326034523280799, 0.14823713087155413], [0.1523851824467942, 0.16183629292537205, 0.15267018722070116, 0.11974751568379971, 0.14265692872276292, 0.12792434403055844, 0.1427795489700116], [0.1502206100948636, 0.16666666666666669, 0.14976101361425373, 0.11992057767539295, 0.14507401263944705, 0.12716373643935155, 0.1411933828700245], [0.14747980689242876, 0.15663782211885927, 0.15040743502103043, 0.1225368888934625, 0.1453437227675555, 0.1276847163030948, 0.1499096080035688], [0.1492782079925776, 0.15135796112444205, 0.15248680239204415, 0.12600919560272852, 0.13591027472222528, 0.1321686902257117, 0.1527888679402707], [0.1461975154793025, 0.1594347973017254, 0.15182042761776082, 0.12213056180947586, 0.14127494350672348, 0.12678638934502418, 0.15235536493998775], [0.14727951787844415, 0.16666666666666669, 0.14877261313852902, 0.12061535195147385, 0.1451780513869032, 0.1231741928003796, 0.1483136061776036], [0.1428335357695533, 0.13612429118217861, 0.14213855740018916, 0.16666666666666666, 0.12630839611819608, 0.14287937314801025, 0.14304917971520592], [0.14298768197454959, 0.13615207889373376, 0.1422429931843474, 0.16583512466538985, 0.12634797414181526, 0.14314097525566943, 0.1432931718844948], [0.14736586114552672, 0.16492602707112514, 0.1481693637052548, 0.12124989007231586, 0.1473812222224631, 0.12352428674330065, 0.14738334904001382], [0.15550394128970835, 0.14627338808500928, 0.16666666666666666, 0.12245593464494249, 0.1258495139301424, 0.133832780900862, 0.14941777448266874], [0.1486573581316911, 0.15727420843452053, 0.15222269776392505, 0.12054034944870544, 0.14247936637497405, 0.1277200472469201, 0.1511059725992637], [0.1569703964964535, 0.14707416064409723, 0.1638402270027749, 0.11983750659355831, 0.12544050950206725, 0.13734719738657708, 0.1494900023744717], [0.1570050469888158, 0.14817736143485033, 0.16209969864775015, 0.1192312358475037, 0.1280659119844077, 0.13680188231306714, 0.1486188627836051], [0.15624379383054696, 0.14675164876746025, 0.16374294948279544, 0.12068317520205243, 0.12318293897542201, 0.138704948700578, 0.15069054504114476], [0.1558719521364188, 0.14649322973097298, 0.16666666666666669, 0.11908055611372266, 0.12335809706515914, 0.1378169389984828, 0.1507125592885771], [0.15174709335158243, 0.14067433050298087, 0.15227613626222392, 0.12309548035653521, 0.12012354158768099, 0.14541675127232997, 0.16666666666666669], [0.1492483394184255, 0.15488539019055675, 0.15605258187337492, 0.12178287973113436, 0.1280378131417495, 0.1329524035646326, 0.15704059208012633], [0.14676818274579267, 0.15915192917709672, 0.15152673592570093, 0.12153738301164083, 0.1359529741080604, 0.12808129625334932, 0.15698149877835904], [0.14650940906901988, 0.1615216890417105, 0.149770912731699, 0.12172736491801746, 0.1397075193804739, 0.1294011433858487, 0.1513619614732305], [0.1465829995613763, 0.14463831744580918, 0.14705688471613307, 0.1339142463372245, 0.12947490352873703, 0.1450791653470166, 0.15325348306370332], [0.15572997610793973, 0.13263167214183075, 0.14486980715431896, 0.13604351124984396, 0.11574350907957859, 0.16666666666666666, 0.14831485759982127], [0.15603210659166408, 0.13431825943372164, 0.1461180003957867, 0.13809420370438982, 0.1181332359637674, 0.15833534133770613, 0.14896885257296424], [0.16297792202012815, 0.14195465585886122, 0.1572978813578309, 0.12356281723717305, 0.12256850917084058, 0.14383313136347853, 0.14780508299168754], [0.15533996791644378, 0.14600823038745747, 0.15532283898690297, 0.1307743939974749, 0.12709056298169052, 0.13787538169348254, 0.14758862403654768], [0.1522964318349791, 0.1451596100586766, 0.15125980320265509, 0.13258597446399983, 0.1261943661927485, 0.1437165336013453, 0.14878728064559563], [0.15442225451833524, 0.14479659378605464, 0.1594526188908616, 0.12192209499033693, 0.12268065247197206, 0.1424636017750584, 0.15426218356738097], [0.14497233073337432, 0.1487055941632994, 0.15199940092496905, 0.1259738686853316, 0.12508527463432295, 0.13805039048901543, 0.16521314036968718], [0.14625263370416083, 0.14869485288174328, 0.15182051818128148, 0.1257296858700112, 0.12701279091868303, 0.13661564024029327, 0.16387387820382682], [0.1450910370654758, 0.14756051606453494, 0.1509202011900324, 0.12724138036132937, 0.125365779620123, 0.14023160330797527, 0.1635894823905292], [0.14523935337987456, 0.14719165289889496, 0.1507136430499902, 0.12640666475787263, 0.12525861729406315, 0.14000917782615005, 0.1651808907931543], [0.14626598404460595, 0.1487873431426374, 0.1517729598834978, 0.12538224922292274, 0.12684078698146597, 0.13647516575336074, 0.1644755109715094], [0.14673032770392674, 0.1500425176621307, 0.15247205785984416, 0.12456522750812205, 0.12847261951270442, 0.1349188349911279, 0.16279841476214402], [0.14498980704086567, 0.1493114458273904, 0.15207177035804964, 0.12479751689616955, 0.12536069024555485, 0.13680210296530323, 0.16666666666666669], [0.1454394721301961, 0.14903337873534406, 0.15189942546154664, 0.12507475762349735, 0.125847249297635, 0.13603905008511413, 0.16666666666666666], [0.1450941899257076, 0.14900648396390093, 0.15206435362997459, 0.1267439227089971, 0.12513968818553706, 0.1378181669153575, 0.1641331946705254], [0.14619612122844583, 0.1474389645585138, 0.15146190789161773, 0.1275074146131338, 0.12457848839207822, 0.140342563371469, 0.1624745399447416], [0.14909609075114696, 0.14669597093204795, 0.1470352414109472, 0.13640511959064444, 0.1342700139468482, 0.13978531639345512, 0.14671224697491017], [0.14591361119233492, 0.1472522437260819, 0.15146214652753526, 0.12731180620883145, 0.1251612168479861, 0.14014837223560642, 0.16275060326162388], [0.14553255506337676, 0.1464525003540808, 0.15035102653639895, 0.1278380939970449, 0.12476489368382102, 0.1413769655925507, 0.16368396477272681], [0.1450562687756559, 0.14872022621418193, 0.15198119007108224, 0.12611051487342995, 0.12501723166649523, 0.13839683992618643, 0.16471772847296834], [0.14504816974558926, 0.1483485019190531, 0.151126428738171, 0.12719508022736017, 0.1257812910682529, 0.14000976389891423, 0.16249076440265953], [0.14497897366297738, 0.14870082781811392, 0.15144062167060687, 0.12681814248138004, 0.1258490902246042, 0.13960847006206575, 0.16260387408025181], [0.14613804750223927, 0.13811890527436418, 0.14374689552978867, 0.13644444286325355, 0.12046013427224314, 0.14842490789144447, 0.16666666666666666], [0.14521393023661505, 0.15053539488738166, 0.1519393287447822, 0.12439159889237937, 0.12717560086575078, 0.1340774797064244, 0.16666666666666669], [0.14575363221701065, 0.14862515489817016, 0.15216251081182278, 0.12699874684011703, 0.12716559875071895, 0.1365352422674987, 0.16275911421466177], [0.14548485532696426, 0.14715848156394037, 0.15072108432502673, 0.12767538484048252, 0.12498844198084637, 0.1408399591189451, 0.16313179284379467], [0.14545093932376507, 0.1463500664065776, 0.15023678531532522, 0.12613556376107313, 0.12498576467146484, 0.14017421385512746, 0.16666666666666666], [0.14586776055124617, 0.14672126979633848, 0.15036537981439962, 0.12596176652615346, 0.12551293888289417, 0.14011128965313002, 0.1654595947758381], [0.1456990625833251, 0.1469631883706869, 0.15044046997153399, 0.12605692742714256, 0.12592842395223872, 0.1395598439620281, 0.16535208373304464]]