[[0.16089450156530102, 0.14250119335650066, 0.15745448773983645, 0.12231621928995304, 0.14324645104610872, 0.12956811004074859, 0.14401903696155147], [0.15464900412195515, 0.13902007509030748, 0.16026061239995154, 0.12249552388082646, 0.14845712136210998, 0.1247091339827701, 0.15040852916207925], [0.15329282490662985, 0.139474490858878, 0.16204663216131926, 0.12146263715913984, 0.14829628434691416, 0.12449696427488766, 0.15093016629223124], [0.15636840227422236, 0.14123747299753495, 0.16389917114479238, 0.1205071928985831, 0.14541608527457175, 0.12557666493604777, 0.14699501047424762], [0.154473734666598, 0.14078758134545474, 0.16341299644441384, 0.12033135049188257, 0.14638827159961154, 0.1251042086698439, 0.14950185678219544], [0.15323038980697087, 0.14165585470838865, 0.16490226297622623, 0.12100232488118642, 0.1460216095887871, 0.125724798386595, 0.14746275965184566], [0.1549243039429041, 0.14105098710615877, 0.16362511893781917, 0.11999101420203978, 0.1457463704239547, 0.1253016391358896, 0.1493605662512341], [0.1547057883031286, 0.14178970355174986, 0.16337414959650992, 0.11972548616467155, 0.14515655293432916, 0.12591826903181075, 0.14933005041780015], [0.15853567092780654, 0.14010530515296798, 0.15907032457079903, 0.12300581022392418, 0.14568258424482144, 0.12645738069697987, 0.14714292418270103], [0.15549071839952097, 0.14253636886124046, 0.16505903612483216, 0.11915348343904784, 0.14397093093915975, 0.12622290409235504, 0.14756655814384362], [0.15238259738479493, 0.14207534356526075, 0.16473221439953087, 0.12076757269237785, 0.14569993025067335, 0.12598716969204862, 0.14835517201531354], [0.15586399950332175, 0.14379556492439965, 0.16433340521492065, 0.11912551101504003, 0.14297851922623142, 0.12732451954564442, 0.14657848057044212], [0.15244870461519022, 0.14154265351334927, 0.1644914942957434, 0.12063640948106223, 0.14606912066016015, 0.12553742669300477, 0.14927419074148993], [0.1545729710488655, 0.1430253736119768, 0.1644400356495334, 0.11912973136758484, 0.14391390117302796, 0.1267131016847767, 0.14820488546423483], [0.1541974494743653, 0.14435328103302758, 0.16319749287155802, 0.11956421347834109, 0.14326193722928982, 0.12794704978246974, 0.1474785761309485], [0.15441764295256447, 0.14329454974065625, 0.16383468303085563, 0.11939826276970567, 0.14391898596950561, 0.12693761379899626, 0.14819826173771602], [0.15590114041554903, 0.14487807253023363, 0.16315146926888846, 0.11912994867864095, 0.1422020196848208, 0.12841952923271432, 0.14631782018915274], [0.16666666666666669, 0.14198459337069322, 0.1544510406506447, 0.1223451969406562, 0.1407354301851248, 0.1304607089893417, 0.14335636319687278], [0.1613367630284316, 0.14281989967165679, 0.1588310084700644, 0.11996243584368287, 0.14182855560164936, 0.12908380449704823, 0.14613753288746684], [0.15574737418367202, 0.14285842240934118, 0.16378042767620934, 0.11999053466107744, 0.14391808077964754, 0.1268251426517903, 0.1468800176382621], [0.1561119057013346, 0.1436954951477562, 0.1640336106768632, 0.11950760981093213, 0.14308601491801826, 0.12742295946618623, 0.14614240427890926], [0.16666666666666666, 0.14139621516648776, 0.1541698473917998, 0.12116361512897111, 0.1412083583988445, 0.129339399757567, 0.14605589748966305], [0.1570027888311919, 0.144472147368791, 0.1641302451489841, 0.11895642999103115, 0.14200835653235716, 0.1279574838496279, 0.14547254827801684], [0.15565284958928088, 0.14398736477921356, 0.1644394266390359, 0.11904306653878113, 0.14274305147176636, 0.12741181588067202, 0.14672242510125008], [0.15684822428795134, 0.14179484678290918, 0.16443456264417086, 0.11885992480637779, 0.14383641257696658, 0.12588495342966013, 0.14834107547196404], [0.15591025463798192, 0.14310008885308828, 0.165353685128678, 0.1188233458214074, 0.14307063016539417, 0.12658432873961714, 0.14715766665383292], [0.15666338288407286, 0.14210268201531187, 0.16475827353725883, 0.11958469589334668, 0.1438597647258188, 0.12606260990354706, 0.14696859104064391], [0.15508959983054565, 0.1432086730564135, 0.16479555786720504, 0.11903389450599733, 0.1435292618159313, 0.1266976865955981, 0.14764532632830904], [0.1543778938392621, 0.14472896985408285, 0.16333161914313052, 0.1195545168729703, 0.14288714071113037, 0.12820029270530797, 0.1469195668741159], [0.15622515351212118, 0.14250210691819462, 0.16666666666666666, 0.11847686461635976, 0.14309844677372657, 0.12596536755847038, 0.14706539395446072], [0.15554812371706206, 0.1450607853114814, 0.16319656332930307, 0.1191652465193726, 0.14211696286076841, 0.12853237818621369, 0.14637994007579871], [0.15501199346500136, 0.14400870637464028, 0.16349570484541762, 0.11885957958625736, 0.14291207027633038, 0.12758313387805148, 0.14812881157430152], [0.15583001964995863, 0.1437831932534666, 0.1643451490731022, 0.11894020467334944, 0.14290598585827793, 0.12732994489888977, 0.14686550259295522], [0.1535941535916146, 0.14486341074727788, 0.16281453125828166, 0.11958128566802786, 0.14288625400229063, 0.12842571756957624, 0.14783464716293104], [0.15624725085542665, 0.14522150887798185, 0.16355808696585622, 0.11881627151032888, 0.1416466169903249, 0.12856653722665762, 0.14594372757342408], [0.15747246757773894, 0.14251062626969, 0.16490127218563866, 0.11863700183210821, 0.1428356228091402, 0.12637548768187476, 0.14726752164380916], [0.1606202198992914, 0.14216725794734147, 0.15836238522531257, 0.12228568089451841, 0.14285698329875993, 0.12871196831716136, 0.1449955044176149], [0.1558342785465395, 0.14473113292329604, 0.1640116812637167, 0.11903814582270623, 0.14206726232825392, 0.12805999461996517, 0.14625750449552238], [0.16397394528784345, 0.14419664630601536, 0.15481896845992899, 0.1213330511993523, 0.1392601307224997, 0.1325489033373958, 0.14386835468696443], [0.16397394528784345, 0.14419664630601536, 0.15481896845992899, 0.1213330511993523, 0.1392601307224997, 0.1325489033373958, 0.14386835468696443], [0.15640862958771173, 0.14499410645813474, 0.16365936027793698, 0.11865459110773777, 0.14155373779894362, 0.12837648671929316, 0.14635308805024214], [0.15503144395029964, 0.1448775896536781, 0.16324688235534573, 0.11891052298499905, 0.14223137101323963, 0.12827748041344333, 0.1474247096289947], [0.15697833926490498, 0.14284821531035174, 0.16519873668486057, 0.11864447373748273, 0.14263195707579054, 0.12653150621619022, 0.14716677171041906], [0.16666666666666669, 0.14556141217173182, 0.15538075835805581, 0.1197061293192714, 0.1376516432214386, 0.13285553302808628, 0.1421778572347495], [0.15629048729427916, 0.14525495526317297, 0.1631061000471364, 0.11892782974114827, 0.1414953085555979, 0.1287996014318679, 0.14612571766679744], [0.16107949236657865, 0.14399378847965938, 0.159589667173872, 0.12082719684927602, 0.14094495671836285, 0.12954560161065987, 0.14401929680159128], [0.15842313879338543, 0.14414624785104682, 0.1637396555261684, 0.11821724593710978, 0.1411169868970255, 0.12794125473018678, 0.14641547026507734], [0.16666666666666669, 0.14532052747193566, 0.15409358711106627, 0.12038171578904093, 0.1374820420661368, 0.13367134693958124, 0.14238411395557263], [0.163697605491904, 0.14860145483948697, 0.15557426803757768, 0.11902447820470231, 0.13628698395594974, 0.1351576592880021, 0.14165755018237733], [0.1604921711724782, 0.14349511091620268, 0.16011536145452704, 0.12063997219943083, 0.14133814726349805, 0.12891061956608862, 0.14500861742777463], [0.16421822150660162, 0.14706340104506585, 0.15416026094340832, 0.12037136150015841, 0.1367897344255882, 0.13528335892732749, 0.14211366165185008], [0.16042064248120003, 0.14567713665805956, 0.16110015462575944, 0.11893382705349827, 0.13948446168552792, 0.12999545383236966, 0.144388323663585], [0.15847527179933515, 0.14526848743364615, 0.16066349551476253, 0.11818556503249265, 0.1396444299604403, 0.12953918311233392, 0.14822356714698945], [0.15765538299716164, 0.14655987694021314, 0.16079718495756531, 0.11811534013535556, 0.13912634627072581, 0.13035082514432278, 0.1473950435546556], [0.15762524211863108, 0.14610121510601218, 0.1607002219264132, 0.11782579224926994, 0.1393680298175826, 0.12996503883234817, 0.14841445994974276], [0.1550755553123046, 0.14874598501470154, 0.15760714712839957, 0.11872832843917917, 0.13883316597838308, 0.13250518476687903, 0.14850463336015293], [0.15533041720840712, 0.14251027520477724, 0.16419174155055286, 0.119573066783466, 0.1441377746926081, 0.12643488113597853, 0.14782184342421004], [0.15536264074035708, 0.14309845216445521, 0.1651347290429033, 0.11913749233086307, 0.14350367476746717, 0.12657817219682443, 0.14718483875712976], [0.15489965317536658, 0.14018466521151596, 0.16250477969756413, 0.12103653203716268, 0.14701934148798448, 0.12493978246870237, 0.14941524592170385], [0.15639825995169612, 0.14104298347617886, 0.16385330382183574, 0.11999233462136565, 0.1452119135968806, 0.12544560141544264, 0.14805560311660057], [0.1598663290524349, 0.14295794971443535, 0.16166272647288302, 0.11813004530433589, 0.1419530958332639, 0.12780138576877134, 0.14762846785387554], [0.15975728412568732, 0.14227358490325884, 0.15727600070984268, 0.12215355262747588, 0.14401029419239864, 0.1292975256292713, 0.14523175781206543], [0.16666666666666666, 0.14534253899041966, 0.1565928994299453, 0.11934517415506252, 0.13816825156064702, 0.13184904711493672, 0.1420354220823221], [0.16498466620345428, 0.1444994216230305, 0.15376971740580248, 0.1219706398986921, 0.13868584698464173, 0.13348551174360732, 0.1426041961407715], [0.16666666666666666, 0.14600684627606084, 0.1570412531459169, 0.11821709140226157, 0.13749482101935903, 0.13200325837449958, 0.14257006311523535], [0.16414061116715048, 0.14516609894565968, 0.15748669639588328, 0.11902072624937578, 0.13875536901692448, 0.1314602982771677, 0.14397019994783858], [0.16333640836089205, 0.14881957155353742, 0.1568600372808777, 0.11808570915371656, 0.13637617374648983, 0.13433756856964485, 0.14218453133484152], [0.16305675081674786, 0.14890283509686042, 0.1570607416174335, 0.11786674967383093, 0.13637770016381798, 0.13426095472725494, 0.1424742679040543], [0.1636450410023654, 0.14858806320442042, 0.15699348655440404, 0.11803844845053954, 0.13637416703734626, 0.13406863259965243, 0.1422921611512719], [0.16308226541738097, 0.14930463580966252, 0.15491854348543393, 0.11907676229168947, 0.13562047849806388, 0.1362134823707925, 0.14178383212697665], [0.1555013378593018, 0.1391243304251835, 0.15388318949014942, 0.12694826913520413, 0.14983130094115846, 0.12573244247172513, 0.14897912967727764], [0.15864213476245775, 0.14089804468255618, 0.15963390933147925, 0.12294702423813608, 0.14540399539600687, 0.1270691376247721, 0.14540575396459177], [0.15245753815858903, 0.13999656660192292, 0.16477668718453486, 0.12138544500044919, 0.14785562115274328, 0.12427213338712723, 0.14925600851463336], [0.1535789293558708, 0.13983258122894918, 0.16347068120145294, 0.12161863051437852, 0.14780208104692066, 0.12443810678052947, 0.14925898987189837], [0.15242734772896316, 0.14032487660079943, 0.1653063553064015, 0.12123628535083644, 0.14736697244322708, 0.12442666937959244, 0.14891149319017996], [0.15277929720399805, 0.14057734927713372, 0.16536076075950795, 0.12088302472978789, 0.14694228990855387, 0.12460805440333114, 0.1488492237176874], [0.1554032826347658, 0.1402256302870909, 0.16172007557608595, 0.12272749349042107, 0.1472038791934513, 0.125364541680848, 0.14735509713733708], [0.15394839810237268, 0.14093676895004695, 0.16545230531385052, 0.12070866927111933, 0.14629441929178713, 0.12495832689557292, 0.14770111217525062], [0.15507230256674054, 0.13940768698122444, 0.16039056189499964, 0.12142444410951334, 0.1474591440932544, 0.12501619609994638, 0.1512296642543213], [0.1523658508608782, 0.1412717652399711, 0.16421165327613368, 0.12220190944142177, 0.1468777451849649, 0.12557130327317556, 0.14749977272345496], [0.15237996084525, 0.14136694894061236, 0.1625994792327481, 0.12339123831627767, 0.14711546435268005, 0.12617523354291513, 0.14697167476951678], [0.15261468448569868, 0.14000554535783988, 0.16372374961398092, 0.12106709742314904, 0.14766304225178703, 0.12438810942950139, 0.15053777143804284], [0.1551326026791704, 0.14040294573197862, 0.16335993901472085, 0.12101273607418403, 0.14648039096708249, 0.12489991637802347, 0.14871146915484013], [0.15380629975292476, 0.14079857631279508, 0.1649146817831749, 0.12096136047020685, 0.14646165037010486, 0.12490749656396843, 0.1481499347468252], [0.15035998714137985, 0.13767101147068225, 0.15503717100235834, 0.13001072315172726, 0.15348471858518406, 0.12379086849115388, 0.1496455201575143], [0.15585503952156807, 0.1410920099357543, 0.16350161666841884, 0.12017364257456536, 0.14550562355411537, 0.1255174560400201, 0.14835461170555794], [0.1533957608282484, 0.1409355166743076, 0.16350174367158746, 0.11983313206367041, 0.146279677186686, 0.125222544907424, 0.1508316246680762], [0.1549150918128107, 0.1404365387209553, 0.16272731289822415, 0.12170943431838249, 0.1467300943822987, 0.1251348262553116, 0.14834670161201705], [0.15416589888832363, 0.1413274920583688, 0.16535082286633965, 0.12023107183798232, 0.14569821732749594, 0.1252014704658071, 0.14802502655568248], [0.1515141531124768, 0.14260185339759432, 0.16397466877605218, 0.12148679747441729, 0.14572373508596212, 0.12668211070558236, 0.14801668144791488], [0.16015009028083935, 0.1449461783616296, 0.16133185710803347, 0.11993878273582247, 0.14090325818740101, 0.1294278033241037, 0.14330203000217043], [0.15436253908286726, 0.1426102875008892, 0.16453154706075418, 0.11923953150406319, 0.1444165229051682, 0.12629375458261857, 0.1485458173636395], [0.15459471697893523, 0.14322132747096042, 0.16197824380864986, 0.1185053731411084, 0.14368415509160035, 0.12751356372412875, 0.15050261978461688], [0.1543586582489328, 0.14175785135291827, 0.16341665692050322, 0.11932605990777928, 0.14500320196001598, 0.1258359710037315, 0.15030160060611888], [0.15260110121631323, 0.14301602407781813, 0.16392902524243907, 0.12032620458696575, 0.14471253263725764, 0.12667816718172334, 0.14873694505748292], [0.15857313191454123, 0.14270519265310658, 0.16219493459579415, 0.12028949790950014, 0.14294820417532675, 0.12740966885047328, 0.14587936990125794], [0.1609393184866016, 0.14561426712199912, 0.16106789101579277, 0.11921610484062466, 0.13980626110744018, 0.1299628014668952, 0.14339335596064634], [0.15303969515505433, 0.14797530652397878, 0.1596357623983659, 0.12000719169263215, 0.14066186392209748, 0.13179787710017365, 0.14688230320769774], [0.1538251131862598, 0.14507063751484744, 0.16111102417833514, 0.12039241290361963, 0.142422405164523, 0.12867100288263233, 0.14850740416978273], [0.15564254531447883, 0.14545461066223864, 0.16227341921438837, 0.1187971493897039, 0.14119822107421662, 0.12895462705062072, 0.14767942729435288], [0.1547467085579837, 0.14636013467280515, 0.16061196578163517, 0.1188126659450436, 0.14088258234927617, 0.129900005314076, 0.14868593737918034], [0.15785371061465037, 0.1500934742045673, 0.15767831183884426, 0.11931969125370356, 0.13748066728799943, 0.13326411953495806, 0.1443100252652772], [0.15487344684330562, 0.1500628133348188, 0.1563862047020623, 0.11812205371305719, 0.1375066360059071, 0.13452372972099097, 0.14852511567985802], [0.16092026366743267, 0.14911986787555512, 0.14684076037079033, 0.12414830349574563, 0.1323999264773381, 0.14427582433938463, 0.1422950537737536], [0.16666666666666669, 0.1486919123719459, 0.14906118202305782, 0.12031744808690092, 0.13211019906337995, 0.13955367834126792, 0.14359891344678088], [0.14792301610969733, 0.15614296190165147, 0.13707492918822442, 0.125289923207763, 0.12418405709360393, 0.16666666666666666, 0.14271844583239315], [0.1437179980210226, 0.1478839314430003, 0.1368726132493604, 0.1307312430875452, 0.13307567271154522, 0.16666666666666666, 0.14105187482085962], [0.14647104101460678, 0.15276662417875267, 0.13849577951402556, 0.1310965754306944, 0.13065968492895333, 0.15834997822016542, 0.14216031671280174], [0.1496058602644679, 0.16666666666666669, 0.1393936080195874, 0.12018661661904674, 0.12586057852415936, 0.1471694073543906, 0.15111726255168145], [0.1494177924011708, 0.16666666666666666, 0.14139088549074494, 0.12004713853125684, 0.12880362794256547, 0.14403381297035314, 0.14964007599724216], [0.14618030090764053, 0.1540672299517376, 0.13832453424250252, 0.12589426323939057, 0.1269001256878374, 0.16666666666666666, 0.1419668793042246], [0.1460423284573394, 0.15356211636432845, 0.13858365467765996, 0.12697909301662794, 0.12763871306347557, 0.16529935385086672, 0.14189474056970197], [0.14617439027611298, 0.1574608142592428, 0.1374021851372185, 0.12450629437937735, 0.12513379088799143, 0.16666666666666666, 0.14265585839339018], [0.15686408798745122, 0.14070149063710588, 0.16252144419853115, 0.12116668101494739, 0.14592678817249924, 0.12563463489832793, 0.1471848730911371], [0.1579126977962494, 0.1421888115030628, 0.16269983130705634, 0.12085497914614736, 0.14437866908436478, 0.12679627214316222, 0.14516873901995708], [0.15754928437446936, 0.14110429435316119, 0.16212425178374748, 0.12128714840969439, 0.1454634129175546, 0.12613007307916466, 0.14634153508220826], [0.15745664757259228, 0.14154488378688332, 0.16218211355460926, 0.12147691641440113, 0.1452203062110995, 0.12647495961289848, 0.14564417284751607], [0.15536175432754445, 0.13940465148716644, 0.15912657838426397, 0.12499220350527099, 0.14840499691654807, 0.12572158741243408, 0.14698822796677208], [0.15507223246517374, 0.1404449145042729, 0.16250805841300792, 0.12220094308239164, 0.14700441283282986, 0.1253734667809429, 0.14739597192138104], [0.15513462168658912, 0.1397959262180977, 0.1614181379456914, 0.12276985276426611, 0.14767764582720858, 0.125064896695919, 0.14813891886222813], [0.1578764073085647, 0.1418758688492573, 0.16311574421629582, 0.12060440229949737, 0.14433871944301693, 0.12642511021379219, 0.1457637476695756], [0.15320686944984094, 0.14114759139932068, 0.1650864673507229, 0.12091796807716028, 0.14635583411975675, 0.12522567493692607, 0.14805959466627222], [0.1546808285089701, 0.14084055629976086, 0.16422930906135982, 0.1204773782457164, 0.14615084052758653, 0.12505246695445763, 0.14856862040214866], [0.15447705908294737, 0.14008424778895698, 0.16184587258672917, 0.12260392803310242, 0.14742449008506114, 0.125185448222956, 0.14837895420024708], [0.15759924640480857, 0.14236898765592637, 0.16481502000124154, 0.1188793073656221, 0.14331483568389983, 0.12630541566340786, 0.1467171872250938], [0.1570474250464219, 0.14337263842512127, 0.16335260820118458, 0.12023200859477232, 0.1432639055994761, 0.12745930563999375, 0.14527210849302996], [0.15718388145342577, 0.14346305950887292, 0.16508176320456894, 0.11874109580648105, 0.14254774178716872, 0.1270271768574893, 0.14595528138199343], [0.16666666666666666, 0.14798838913541684, 0.15215748708102136, 0.11835275825048022, 0.13342941098476177, 0.13466632572382362, 0.14673896215782953], [0.162681342702755, 0.14805795648999276, 0.15279047677945384, 0.11899594088806935, 0.13499430131630744, 0.13405538489423857, 0.14842459692918297], [0.15877237773054928, 0.15498591430485026, 0.14529316690335453, 0.11996327529786543, 0.12907582534155423, 0.14110299595899717, 0.1508064444628291], [0.15538645824050143, 0.1578864282937128, 0.14357737010345875, 0.11957643376651915, 0.1271478445831959, 0.14599992973853773, 0.1504255352740744], [0.1484095109218589, 0.16005092797809473, 0.13739799589804702, 0.12466873883497015, 0.1257170590131873, 0.1584317855451955, 0.14532398180864636], [0.15685527756179096, 0.1405901641211931, 0.1619137309659028, 0.1217749085745933, 0.14639160207584512, 0.1257227991680256, 0.14675151753264915], [0.1581907039773245, 0.14045736266300984, 0.15870174975276952, 0.12413525926561736, 0.14624437141694277, 0.12701543833504178, 0.14525511458929433], [0.1558972218182311, 0.1407178548828615, 0.1630805195727001, 0.12074970216675675, 0.14629724117916815, 0.125337822896968, 0.14791963748331444], [0.15817453474235993, 0.14211571501514897, 0.1621347497785368, 0.12103026705598582, 0.1443196748860883, 0.12701907625597084, 0.14520598226590928], [0.15584575466157002, 0.14247922243553546, 0.16379559982977993, 0.11953463517107259, 0.14431757051619679, 0.1265165368045605, 0.14751068058128478], [0.1536429661936204, 0.14133348187781572, 0.16666666666666666, 0.12011050650631766, 0.14564922491701676, 0.12508624520243897, 0.14751090863612376], [0.15149208578539233, 0.14108821444303712, 0.16496266064339105, 0.12105763688446315, 0.14692319633478856, 0.12513087628186625, 0.1493453296270614], [0.15232323834382505, 0.1409306490377217, 0.16666666666666666, 0.12051492113541717, 0.1463987961933284, 0.12476144363458813, 0.1484042849884528], [0.15509803727666732, 0.14067110558773077, 0.16275695080981908, 0.12199488693134318, 0.14656380999644528, 0.12537412137115309, 0.14754108802684127], [0.15680432779868217, 0.14198820994343944, 0.16443219518312124, 0.11922020562858623, 0.14416087636194044, 0.12605578330966247, 0.1473384017745678], [0.15382500722420575, 0.1419374364776528, 0.16666666666666669, 0.11973632197740067, 0.14487290767460553, 0.1255667392136704, 0.1473949207657983], [0.1540313784209775, 0.14170382530728748, 0.16419883382277045, 0.12130735298519625, 0.14563803589840224, 0.12585598991906324, 0.14726458364630274], [0.1564163080641975, 0.14509672217244146, 0.16318001996286824, 0.11828595481865128, 0.14098909388369338, 0.1286445600306748, 0.14738734106747337], [0.1577650758619152, 0.14409545006924895, 0.16302146081355517, 0.11978308865691341, 0.14232963889520517, 0.12816637989679117, 0.14483890580637096], [0.15869486399279253, 0.14229055666450566, 0.16174496512030942, 0.11843543729084223, 0.1429806919136421, 0.1272222448919533, 0.14863124012595488], [0.1565397070697814, 0.14142084256568577, 0.16434079954326605, 0.11981567583973379, 0.14464384220621512, 0.12561854014199977, 0.14762059263331823], [0.1568568976321564, 0.1420104808809653, 0.16482068122614493, 0.11933846687143342, 0.14386751838089978, 0.1260160633923814, 0.14708989161601863], [0.15418773419805976, 0.14583664079115127, 0.16162834058169642, 0.12089075833139545, 0.14268965368667963, 0.1296374564317473, 0.14512941597927026], [0.155839416359738, 0.14239295386444817, 0.16251222224906114, 0.12126458452275633, 0.144514832249473, 0.12691255571447163, 0.1465634350400518], [0.16666666666666669, 0.1432930531370583, 0.15419917789730703, 0.12138641089462757, 0.139354378951127, 0.13187270262176787, 0.1432276098314456], [0.15921636780817697, 0.14383995231675997, 0.16001766858514369, 0.11800657162142235, 0.1412428660460474, 0.1291334056941634, 0.1485431679282864], [0.1564184624567138, 0.14127484571663754, 0.163889038834822, 0.1199216612037982, 0.1446722065207532, 0.1255932051433656, 0.1482305801239095], [0.15799000335375846, 0.14465256556659273, 0.1637032819698191, 0.11904675368955747, 0.14149535666950308, 0.12826561704839434, 0.14484642170237477], [0.15607850130049133, 0.1434252707520499, 0.16524705214000426, 0.11811512762051471, 0.14247233007543422, 0.12684627902507134, 0.14781543908643427], [0.15812714059236696, 0.14272335299691363, 0.1637520179607992, 0.11878546727960364, 0.14246051902806395, 0.12686581419138035, 0.1472856879508725], [0.1647344652108867, 0.14486160223219485, 0.15512159289147276, 0.12055090963037668, 0.13852589367583112, 0.13278547207325617, 0.14342006428598186], [0.15934686379648244, 0.14314747447935672, 0.16023697857474195, 0.12135848640850506, 0.1422488571331164, 0.1286005975810456, 0.14506074202675193], [0.1590091899703356, 0.14342981204579566, 0.15955142920294388, 0.1219239998764503, 0.14215416487670668, 0.12917435848356407, 0.14475704554420388], [0.15977162593646546, 0.1446530858558074, 0.16047118173694305, 0.12029088691212717, 0.14070479049465578, 0.12958613200300154, 0.14452229706099942], [0.1603316248584062, 0.14347752187678575, 0.16031120177791378, 0.11823294560946404, 0.14143672692689047, 0.12878063892170521, 0.14742934002883457], [0.16430945031514713, 0.1425780182447245, 0.15493457190993037, 0.12284700537470418, 0.14093871858779006, 0.13103820511344275, 0.14335403045426104], [0.14247779627812884, 0.13454938680465126, 0.143395102415372, 0.13971175485661008, 0.16666666666666666, 0.12676172533535912, 0.14643756764321203], [0.16666666666666666, 0.15374920713599755, 0.14949840631305217, 0.1158536626064727, 0.12925912652752003, 0.13854521138756534, 0.14642771936272544], [0.15562592081933413, 0.16666666666666666, 0.14413745490819338, 0.11711524771303783, 0.125486590378207, 0.14969160145356608, 0.14127651806099487], [0.15293010823393338, 0.16666666666666666, 0.14295984777383022, 0.11931873055989341, 0.12633934841824798, 0.15112351832051654, 0.1406617800269118], [0.15153620701150083, 0.16666666666666666, 0.13892440378628007, 0.11908592293284416, 0.12426315592228654, 0.15108485197736604, 0.14843879170305568], [0.1529306046976558, 0.1573594450231839, 0.14168993318355294, 0.12344444096080291, 0.12951109977627506, 0.14334470026535867, 0.15171977609317067], [0.15225814077086566, 0.16666666666666666, 0.13851245639124807, 0.11878012921379062, 0.12347949260700346, 0.14913445121331367, 0.1511686631371118], [0.14994802961540074, 0.16666666666666669, 0.13761749601361797, 0.12070511768843675, 0.12311755578719864, 0.1536554278764115, 0.14828970635226774], [0.13831863421395862, 0.14069295605587115, 0.13762804329285575, 0.16666666666666669, 0.14310390964054062, 0.13220455047049803, 0.14138523965960925], [0.13829358326503846, 0.1410894458953198, 0.1376645252409508, 0.16666666666666666, 0.1427960496068056, 0.13200323282054693, 0.14148649650467168], [0.1494188874123634, 0.16666666666666666, 0.1375815124767259, 0.12108089567274292, 0.12322706341829413, 0.1547744750028099, 0.14725049935039697], [0.16004608719998734, 0.14993713052049032, 0.14890275916298812, 0.12137698912596116, 0.13280844484077098, 0.13804893745852995, 0.14887965169127215], [0.1533573139585366, 0.16666666666666669, 0.14028373591187215, 0.11683124859935286, 0.1242571947333677, 0.14888141222279636, 0.1497224279074077], [0.16666666666666669, 0.14800115520212467, 0.15352354055068101, 0.11635553438785556, 0.13498997781649552, 0.13235408828560863, 0.14810903709056805], [0.16275352426952228, 0.1487345084115623, 0.15437199328040765, 0.11679985740680844, 0.13505762668007473, 0.1347177109080341, 0.14756477904359044], [0.16293662389095243, 0.14830796658641082, 0.15257465017329716, 0.11839339089506173, 0.13714323405977716, 0.13084588585230672, 0.1497982485421939], [0.16361385759495378, 0.14854230006451455, 0.1534631156325663, 0.11688963395274775, 0.13627803637981664, 0.13135152132888972, 0.1498615350465112], [0.14897801186679238, 0.14339506079685635, 0.14998296269897504, 0.12125630718994605, 0.14421191483965326, 0.1255090759411103, 0.16666666666666669], [0.1547218807309834, 0.1572128330352408, 0.14378031512079267, 0.12014218609209762, 0.1315270892871687, 0.1359820584638621, 0.15663363726985496], [0.1509035214178368, 0.16666666666666666, 0.13892345505948078, 0.11848932902817669, 0.12523702718424984, 0.14351243108655592, 0.1562675695570332], [0.14889331089513852, 0.16666666666666666, 0.14058714118299548, 0.12023384303960678, 0.1278869163720045, 0.14499204344088862, 0.15074007840269937], [0.14348419308702148, 0.1447219009114684, 0.14182110648198723, 0.1307833245267908, 0.14273626809714465, 0.12978654022892072, 0.16666666666666666], [0.14301234226750817, 0.13703946382686244, 0.15044234555210592, 0.13440478136664333, 0.16666666666666669, 0.12136243170297678, 0.14707196861723673], [0.14688767282010137, 0.1357088927653315, 0.14896377520851925, 0.13707364821576906, 0.15800104441794643, 0.1251062440812459, 0.14825872249108654], [0.15954103346086135, 0.14347705037981698, 0.16205863420512834, 0.11949694405738731, 0.14150620873503514, 0.12803719468010663, 0.14588293448166426], [0.1549102152350256, 0.14678143584898737, 0.14640306176838125, 0.12941258498657715, 0.13999193729472598, 0.1356359916319441, 0.1468647732343585], [0.15116064219167064, 0.14503668373480447, 0.1456537897588826, 0.13105111998924124, 0.14581699670419723, 0.1324339843420636, 0.14884678327914025], [0.15671836864782587, 0.14732262862500392, 0.15240229066477562, 0.11935035755011153, 0.14083017791866873, 0.12995115058091913, 0.15342502601269536], [0.1488847330753914, 0.1524261907908578, 0.14184782657014958, 0.12361015696697814, 0.13609519032061967, 0.13202207374000763, 0.1651138285359958], [0.1490630410672173, 0.1538584059425084, 0.14205587131975714, 0.12352712490169661, 0.13466457787409628, 0.1346908316066736, 0.16214014728805046], [0.14809303001809712, 0.14995727656766566, 0.14208123010058502, 0.12489436391815147, 0.13840979423325536, 0.13179809633517994, 0.1647662088270654], [0.14772447000693986, 0.1496988846430654, 0.14209197796260337, 0.12403979361053337, 0.1381617172256547, 0.13161648988453667, 0.16666666666666669], [0.1492054729663681, 0.153881091025158, 0.14196594953672642, 0.12319703527578087, 0.13454552205818118, 0.1346909770874356, 0.16251395205034996], [0.1503233423151411, 0.15518760924386735, 0.1414192876541669, 0.12191197958657864, 0.13258942780228264, 0.13645626651559495, 0.16211208688236844], [0.14897071685153912, 0.15331247685936755, 0.14149736676453994, 0.12233373172979689, 0.13474142095069527, 0.13247762017739445, 0.16666666666666666], [0.1491038608516351, 0.15419792916953665, 0.14152840457602672, 0.1230466616231319, 0.1342514782394884, 0.13405653547285737, 0.16381513006732393], [0.14908881306988025, 0.15287271033160038, 0.14160209153231837, 0.12438423263730095, 0.13584507313062297, 0.1322471615015052, 0.16395991779677185], [0.14850054153831993, 0.1505195371837707, 0.1427158748293264, 0.12584997013630084, 0.13893970801862762, 0.1312232337711487, 0.1622511345225058], [0.14485308962814708, 0.16666666666666669, 0.14112242441117953, 0.13228013574165232, 0.13537610747968593, 0.13626234939918508, 0.14343922667348344], [0.14829219822744144, 0.15070840033890578, 0.14281407404293167, 0.1254273614296787, 0.13856050347920956, 0.1316813461984382, 0.1625161162833945], [0.14759960450405255, 0.1487963455888382, 0.14231923187708548, 0.1258773043991088, 0.13985268257222244, 0.1312040270451476, 0.164350804013545], [0.14892915266085696, 0.15214966203845298, 0.14202086465280733, 0.12390566429056535, 0.13657077595224607, 0.13183204183781833, 0.16459183856725296], [0.14845798077515548, 0.15034365081564235, 0.1422006130985565, 0.12501224018484305, 0.13829641306205812, 0.13205483363084852, 0.16363426843289583], [0.14864243036964145, 0.1509192519053371, 0.14219598842632628, 0.12453360308142275, 0.1378020505335989, 0.1321101753722734, 0.16379650031140006], [0.1413557872618965, 0.14055346637782531, 0.14125267239381328, 0.13547477599282368, 0.14759848520845997, 0.12709814609851447, 0.16666666666666663], [0.14909761125602958, 0.1560885959286087, 0.14027618718948998, 0.12133337535038678, 0.13145059959258326, 0.13508696401623502, 0.16666666666666666], [0.14881308391572934, 0.15358321230121025, 0.14110184871089837, 0.12436305985787023, 0.1342981502155636, 0.13537164499895044, 0.16246899999977785], [0.14795978455949, 0.14947940165139784, 0.14220631749857088, 0.12560106828512352, 0.13922216628228937, 0.13138816426901673, 0.16414309745411182], [0.1473607882158176, 0.14915159356557267, 0.14229031403430398, 0.12421349857908502, 0.13862485437881358, 0.13169228455974047, 0.16666666666666666], [0.14752602251359653, 0.14944760735808718, 0.1426000251141011, 0.12424607064359723, 0.1386852040702631, 0.13210029809585944, 0.1653947722044953], [0.14765336145866279, 0.14993901675206134, 0.1423183945957452, 0.12409341329620617, 0.13795756228825096, 0.13276387274635443, 0.165274378862719]]