[[0.16666666666666669, 0.14269874963323517, 0.1531440492664558, 0.12076042755912918, 0.1435419359438027, 0.12996360160369477, 0.14322456932701574], [0.16666666666666669, 0.13981870391629897, 0.1531346395448308, 0.1200451711537369, 0.14744696391129608, 0.1233812305780227, 0.14950662422914793], [0.16666666666666666, 0.13954146188006888, 0.1528316676564096, 0.11989016100056726, 0.1476572486561498, 0.12303004080926758, 0.1503827533308702], [0.16666666666666666, 0.14135516858691466, 0.15320697836381017, 0.12060667476037541, 0.14546188405060798, 0.1256652211854918, 0.14703740638613327], [0.16573270144544522, 0.1406797049906324, 0.15278438692610258, 0.12013820282277313, 0.14630374158959267, 0.12493095654711608, 0.14943030567833793], [0.16666666666666669, 0.14165806170486422, 0.15145262050096853, 0.12100635438017061, 0.14602343134364595, 0.12572841116650588, 0.1474644542371782], [0.16666666666666669, 0.14090375278418263, 0.15303227501336752, 0.11962051158825761, 0.14558030901870928, 0.12497329127120918, 0.14922319365760714], [0.16516403816269243, 0.1417644234231935, 0.15306976686872673, 0.11967778423770421, 0.1451346942195856, 0.12587686025028402, 0.14931243283781345], [0.16666666666666666, 0.14185761732150878, 0.15485419936284336, 0.1200498965285564, 0.14494644746492813, 0.12580403880159663, 0.14582113385389997], [0.16666666666666669, 0.14261774127201754, 0.15336416190253413, 0.11931370782973288, 0.14404746570658772, 0.12635928891810827, 0.1476309677043529], [0.16666666666666663, 0.14190252648859303, 0.1515054289621313, 0.12044501390976889, 0.14555258518592296, 0.12570129195710625, 0.14822648682981074], [0.165867853143192, 0.14393904879432276, 0.15336636297591608, 0.11942376463965253, 0.14312712890425938, 0.12757133596855316, 0.14670450557410408], [0.16510806410920068, 0.14152495166150972, 0.1519380143754682, 0.12060397752889508, 0.14605460806197607, 0.12550844789460008, 0.14926193636835014], [0.16546884555217575, 0.1431013044978776, 0.15305485658341456, 0.11928241005575635, 0.14398697829434398, 0.12684142417445407, 0.14826418084197768], [0.16666666666666666, 0.14409234464567544, 0.15249091682987906, 0.11901338967364446, 0.14298823848869455, 0.12749425623893013, 0.14725418745650962], [0.16666666666666669, 0.14309958562087485, 0.15285014745592093, 0.11900396203997644, 0.14372923073431532, 0.12660620437439796, 0.1480442031078479], [0.16666666666666663, 0.14474364715572682, 0.15332609259013275, 0.11883666949420384, 0.14205108432331381, 0.12818356238964135, 0.14619227738031462], [0.16666666666666666, 0.14478255352297023, 0.15478990489815414, 0.11899706862147999, 0.1413923488054348, 0.131775999052146, 0.14159545843314816], [0.16666666666666666, 0.14430831156212376, 0.15674786418708742, 0.11714212264587728, 0.14110346070882457, 0.12913372746710217, 0.14489784676231818], [0.16666666666666666, 0.14272040225743748, 0.15374729533469794, 0.11971994575245992, 0.14378620363466427, 0.12659417504505818, 0.14676531130901546], [0.16666666666666669, 0.14369189303129373, 0.15350291677710234, 0.1195002147847396, 0.1430823172287737, 0.12741680564840469, 0.14613918586301933], [0.16666666666666669, 0.14443509013828015, 0.15445362946030056, 0.11803406105744418, 0.1406122483757324, 0.13115994946928308, 0.14463835483229298], [0.16666666666666666, 0.14455442344076813, 0.1538937536071898, 0.11913329396425301, 0.14209976598674617, 0.1281009805151284, 0.14555111581924776], [0.16666666666666666, 0.14397195537418525, 0.15352985427655283, 0.11901070878161038, 0.1427267966206202, 0.1273851442530316, 0.14670887402733304], [0.16666666666666666, 0.14233312040865242, 0.15473526498968915, 0.11859960577920291, 0.14371209643862454, 0.12571195742764724, 0.14824128828951702], [0.16543437563466337, 0.14338665195098765, 0.1539497038545826, 0.1194051074307367, 0.1433575514728254, 0.12707171893340283, 0.1473948907228013], [0.16666666666666666, 0.14233173267149235, 0.1544074850412036, 0.11962753334174381, 0.14388051554548378, 0.12609955343326204, 0.14698651330014775], [0.16598339345462723, 0.1432706771064268, 0.1534967779029148, 0.11915979720835086, 0.14359041848735765, 0.12680333240147915, 0.14769560343884353], [0.1653502753788169, 0.1446670661470678, 0.1527854497162202, 0.11942157599305055, 0.14282003973784754, 0.12809174844179763, 0.14686384458519933], [0.16527075812150832, 0.14301325636615833, 0.15431645391183973, 0.11949621655042725, 0.1435969819307151, 0.12682631626960408, 0.14748001684974701], [0.16666666666666669, 0.144874886201266, 0.153386514497904, 0.11875653966802123, 0.14190573481510146, 0.12820426704921944, 0.14620539110182132], [0.1654349530821648, 0.14391493620004872, 0.15370114071769309, 0.11866172952188853, 0.14281376166327936, 0.12742138632240177, 0.14805209249252363], [0.16666666666666663, 0.143743380119446, 0.15377557928087482, 0.11885716920083357, 0.14286464654093026, 0.12726150606762526, 0.1468310521236232], [0.16543917771877653, 0.14462296591193738, 0.15262085200542375, 0.11906203126295092, 0.14262400521575366, 0.12800399896282735, 0.14762696892233038], [0.16530553916221546, 0.14528872504658116, 0.15401981176221924, 0.11896625036616504, 0.14172503804434466, 0.12868595554706966, 0.14600868007140475], [0.16666666666666666, 0.14298261958631864, 0.1551924148274268, 0.11865257893047204, 0.14284335175156693, 0.126388555015582, 0.14727381322196686], [0.16666666666666666, 0.1439216997669032, 0.15617859852873983, 0.11898894289760151, 0.1426411629468305, 0.1282172165092158, 0.1433857126840425], [0.16564341177555444, 0.14477527927864395, 0.15389426706984485, 0.11913400059562729, 0.14211676985599295, 0.1281376924723591, 0.14629857895197743], [0.16666666666666669, 0.14639796739408692, 0.15529319829209282, 0.11761250090897737, 0.13847157928251708, 0.13356080052673178, 0.14199728692892744], [0.16666666666666669, 0.14639796739408692, 0.15529319829209282, 0.11761250090897737, 0.13847157928251708, 0.13356080052673178, 0.14199728692892744], [0.16666666666666669, 0.14487160016426565, 0.15426843937717688, 0.11838319809366409, 0.14141178448036099, 0.12816004768339714, 0.14623826353446864], [0.16500039097249192, 0.1447980557739811, 0.1538313439741523, 0.11873620484457922, 0.14214217798024875, 0.12813735327913156, 0.14735447317541492], [0.1656087835033495, 0.14319391529607747, 0.15521889771745145, 0.11901047651670045, 0.1428151384336457, 0.1268373977087109, 0.14731539082406436], [0.16452871906607344, 0.14726625640951366, 0.15610826945938985, 0.11820738291148475, 0.13800170046918334, 0.13449137525023147, 0.1413962964341235], [0.16492248219062502, 0.14527928341447743, 0.15430057223934446, 0.11898207097511301, 0.1415239084464298, 0.12884262628285376, 0.14614905645115656], [0.16666666666666666, 0.14501428644194025, 0.1567275115267077, 0.1188106651233068, 0.1405650222741478, 0.12919283537277834, 0.1430230125944524], [0.16666666666666669, 0.1441439016655601, 0.1561815535751845, 0.11796836726708837, 0.14098574135838357, 0.12774232708825314, 0.14631144237886373], [0.16666666666666666, 0.1475534999481233, 0.156202695215199, 0.11690398501827773, 0.13718805969758213, 0.1349255073236016, 0.14055958613054959], [0.16666666666666669, 0.14804816908574006, 0.15620972976119124, 0.1172492212842576, 0.13573860185724146, 0.13536195804942858, 0.14072565329547448], [0.1649679526375057, 0.1451651984101301, 0.15714252254998454, 0.11890625975976203, 0.14074122220693522, 0.12888403248381822, 0.1441928119518642], [0.16666666666666669, 0.14821765984039967, 0.15598967064901764, 0.11696101510727783, 0.13584891235894325, 0.13601111229226528, 0.14030496308542967], [0.16397751996120344, 0.14615914647784023, 0.15715144703151496, 0.11886217907132125, 0.1394436606321273, 0.13005116341727954, 0.14435488340871322], [0.16455983570065486, 0.14633275179805394, 0.15904007125627598, 0.11603099471140409, 0.13844352265317672, 0.12818889476794795, 0.14740392911248631], [0.1653628788772395, 0.14635311129281642, 0.15837354871662523, 0.11624336784377577, 0.13806448616584935, 0.12895061110421024, 0.1466519959994835], [0.16666666666666663, 0.14589972445664437, 0.15837716280186703, 0.11539782872105747, 0.13801096781920272, 0.12814053804544145, 0.14750711148912016], [0.16666666666666663, 0.14771587458809265, 0.1544092790570817, 0.11597275345595734, 0.13723325031530437, 0.13054152627571203, 0.14746064964118508], [0.16666666666666663, 0.14243374068518155, 0.15333978303754067, 0.11942386047304593, 0.14406639656781747, 0.126307415062127, 0.14776213750762054], [0.16666666666666666, 0.14315768465809972, 0.15344409020012398, 0.11925694437999938, 0.14356188884093157, 0.12667892405877307, 0.14723380119540552], [0.16489960413615687, 0.14062356753053185, 0.15274180294626266, 0.12078833158505194, 0.14691247187140957, 0.12471281334824723, 0.14932140858233986], [0.16666666666666666, 0.14150277760539312, 0.15354301417410082, 0.11983810645833923, 0.14514101965991055, 0.12531430972061242, 0.14799410571497712], [0.16666666666666669, 0.1438414189568575, 0.15645755269880535, 0.1168100942086845, 0.14128101145690217, 0.12783253106401507, 0.14711072494806884], [0.16666666666666666, 0.1434152856928356, 0.1552682875557066, 0.1183888125304108, 0.14437277644203522, 0.12846929165273113, 0.14341887945961396], [0.16666666666666669, 0.14633175213875577, 0.15598187045231515, 0.11813977987933663, 0.13853276616343202, 0.13293916072362078, 0.14140800397587305], [0.16484863390086693, 0.14692750982562183, 0.15547984009440385, 0.118355835045343, 0.1388334460891233, 0.13489659857696124, 0.14065813646767994], [0.16500841264885524, 0.1471380871172327, 0.15682566549235194, 0.11760937897680217, 0.13780206164348072, 0.13334857938096895, 0.14226781474030828], [0.16666666666666666, 0.14659937916354757, 0.15777540516572047, 0.11628753017488014, 0.13823372435576264, 0.13176907100453508, 0.1426682234688874], [0.16666666666666669, 0.14837322445087878, 0.15680660483645287, 0.11687072321382896, 0.13561862336266986, 0.13409191234163179, 0.14157224512787117], [0.16604975257867235, 0.1485105171383361, 0.15700530234613475, 0.11678899323735764, 0.13570876196444848, 0.1339966990488321, 0.1419399736862186], [0.16593819949824748, 0.14819774637728575, 0.1572351103665818, 0.11698856581535874, 0.1357832343889286, 0.13409122767761006, 0.1417659158759876], [0.16504783507971024, 0.14929760549026608, 0.15701820056784188, 0.11676059704918379, 0.13482972795007508, 0.13647323078197554, 0.14057280308094747], [0.16666666666666669, 0.13838352112248287, 0.15202974558190732, 0.12213427459150496, 0.15004886787573435, 0.12390157952738898, 0.14683534463431494], [0.16666666666666669, 0.14178671234234153, 0.1535731562126138, 0.1213613494588165, 0.14513406145933488, 0.1268434153756416, 0.14463463848458513], [0.16593267005122433, 0.1399280912929833, 0.15168813652225235, 0.12126918575750556, 0.14780732391539075, 0.12416328569789395, 0.14921130676274988], [0.16666666666666666, 0.1397929159895241, 0.15254817405975069, 0.12084361302741228, 0.14747753007892178, 0.12371159625628557, 0.1489595039214389], [0.16666666666666666, 0.14023347208806697, 0.15159123038947972, 0.12107864451256996, 0.14730000360238643, 0.12428009899237917, 0.14884988374845104], [0.16618202522018174, 0.14061936322291946, 0.15171410168315483, 0.12095675419620087, 0.1469740538249262, 0.124675785123498, 0.14887791672911893], [0.16666666666666666, 0.1406765872369247, 0.15301529493651508, 0.12158048166792765, 0.14669581211533603, 0.12451417984282279, 0.14685097753380705], [0.1666666666666667, 0.14101996918372, 0.15224015575215244, 0.12085727911654381, 0.14636029501973224, 0.12509319504208824, 0.1477624392190968], [0.16482045986638094, 0.14060462826456283, 0.1539424836476981, 0.11936103541247794, 0.14658312680483723, 0.1241626530370683, 0.1505256129669746], [0.16666666666666666, 0.14101907624479723, 0.1514025077174377, 0.1217594680774996, 0.14668083783727465, 0.1251623886683215, 0.14730905478800263], [0.16478489080633235, 0.14109848389509194, 0.15176835321273197, 0.12293202608443378, 0.1469079990174523, 0.1257455633562964, 0.14676268362766118], [0.16666666666666666, 0.13953712677915736, 0.152476463101937, 0.12020104857042654, 0.14730211631772427, 0.12358513482694602, 0.15023144373714212], [0.1649951248376902, 0.14106470747031302, 0.1533002929436135, 0.12084379549490998, 0.14640569244571058, 0.12474536015697993, 0.1486450266507827], [0.16562960349298772, 0.1408892539825871, 0.15255836881183224, 0.12112157526017901, 0.1465324767732455, 0.1250538786194492, 0.148214843059719], [0.16666666666666666, 0.13674081745003028, 0.1499447020593196, 0.12616538475090655, 0.15210188550834094, 0.12052060200707296, 0.14785994155766286], [0.16666666666666669, 0.14136708731901407, 0.15398867002882155, 0.11959803330831902, 0.14524363817594566, 0.1250080061301046, 0.14812789837112855], [0.16666666666666666, 0.14045296153320103, 0.15304822699652454, 0.11895482841592905, 0.1458973450099985, 0.12444531287428483, 0.15053465850339534], [0.16666666666666666, 0.14077440442376393, 0.15342805292894918, 0.12070387751472628, 0.14628417378498917, 0.12420588507026564, 0.14793693961063908], [0.16576015979439562, 0.14149496525581032, 0.15274633617942018, 0.12053797676528456, 0.14583680326450874, 0.12547552473543686, 0.14814823400514368], [0.16666666666666669, 0.14222719637714765, 0.151139117528133, 0.12078340721800943, 0.14539768159625854, 0.12605960454138465, 0.14772632607240022], [0.16511657199293342, 0.14521087468814195, 0.15447872185852096, 0.12050823122374264, 0.14121722348537813, 0.12988161403921486, 0.14358676271206786], [0.16666666666666666, 0.14247408167179224, 0.15308932233183845, 0.11897100180464336, 0.14429054387658385, 0.12606516548674626, 0.1484432181617292], [0.16666666666666666, 0.14252147719120242, 0.15438104114855883, 0.11706774434563587, 0.14299812035262344, 0.12634483207051522, 0.15002011822479747], [0.16482761324301357, 0.14162186133491397, 0.15437371290188953, 0.11884214187623561, 0.14478175694874582, 0.12541859760646182, 0.1501343160887396], [0.16666666666666666, 0.1426758402921211, 0.15201905107880043, 0.11965965720830568, 0.14439675092444507, 0.12610298453761426, 0.14847904929204683], [0.16666666666666669, 0.1434413143232582, 0.15583120484914914, 0.11923892941347604, 0.1424109167527589, 0.12700248667254393, 0.14540848132214718], [0.16666666666666666, 0.14559801393566615, 0.15546047114995235, 0.11917947135277322, 0.13978552393799745, 0.129934464803468, 0.14337538815347606], [0.16666666666666666, 0.14715207517635864, 0.1524395167819532, 0.11795214903287429, 0.13951652358064662, 0.13026213650101046, 0.14601093226049008], [0.16666666666666669, 0.14429903971577254, 0.15356694443517221, 0.11873909450390858, 0.1415561894966453, 0.1273134676457585, 0.14785859753607627], [0.16666666666666666, 0.14478274562772192, 0.15603992799761054, 0.11728094299882545, 0.14039154028507075, 0.12776014591248677, 0.1470780305116179], [0.16666666666666669, 0.1455154540664071, 0.15487707439166606, 0.11682210712582561, 0.13981005475159403, 0.12837064097870224, 0.14793800201913831], [0.1666666666666667, 0.149148729599289, 0.15735133349535138, 0.11662070614869524, 0.13581693741062612, 0.1313600279558973, 0.14303559872347443], [0.16666666666666666, 0.14883805849965384, 0.15525863903871753, 0.1145412433886186, 0.13535569623117294, 0.13215276096730363, 0.14718693520786677], [0.16666666666666669, 0.1505988695910116, 0.15189640268109328, 0.11727368365722522, 0.12988796224793506, 0.14532190756037042, 0.13835450759569784], [0.16666666666666663, 0.15211828916255424, 0.15680968554193028, 0.11349545662163918, 0.129977606437111, 0.14072865005686425, 0.1402036455132342], [0.14295222209099903, 0.1556071519970442, 0.14696869119834965, 0.12318324409990947, 0.1221670132729231, 0.16666666666666666, 0.14245501067410785], [0.14279811647858268, 0.14683335829503857, 0.14318319810264787, 0.12872127006586906, 0.13119683047465258, 0.16666666666666669, 0.1406005599165426], [0.14618134383932474, 0.1510064787253961, 0.14436338033286492, 0.12659237809324653, 0.12613264488155326, 0.16666666666666663, 0.13905710746094763], [0.14491539644196327, 0.16666666666666666, 0.1539529810551736, 0.11395470535392613, 0.1209364763710227, 0.15054133088680033, 0.14903244322444725], [0.14693952909648073, 0.16666666666666669, 0.15002255402866507, 0.11699616031250895, 0.12632571126122744, 0.14313002491019539, 0.1499193537242558], [0.1437213130549563, 0.15349014071754088, 0.14524196839366849, 0.124026773795015, 0.1250787075403948, 0.16666666666666669, 0.1417744298317579], [0.14385038712864462, 0.1528439123878475, 0.1449119972843892, 0.12480398799167701, 0.12549975897309948, 0.16666666666666666, 0.14142328956767547], [0.14583793405008189, 0.156688993672275, 0.1465931520275214, 0.12097155996854589, 0.12230825637133086, 0.16666666666666669, 0.14093343724357832], [0.16666666666666666, 0.14119726291091486, 0.1532367711829061, 0.12069065152885469, 0.14570980362712432, 0.1255177932145593, 0.14698105086897398], [0.16666666666666666, 0.14235379585784885, 0.15290824461365837, 0.12116375667819486, 0.14452889347600417, 0.12706500448394784, 0.14531363822367913], [0.16666666666666666, 0.14150730612417858, 0.153481525125183, 0.12083104691209787, 0.14525030277094342, 0.1261259016150433, 0.14613725078588713], [0.16666666666666666, 0.14158039341613457, 0.15324343075060012, 0.12136416471348847, 0.14516679598795704, 0.12638682826281222, 0.14559172020234093], [0.16666666666666666, 0.1400289561093919, 0.15255282752326732, 0.12267052389226603, 0.1478085244230831, 0.1243805570051795, 0.14589194438014547], [0.16666666666666666, 0.14055138282755975, 0.15264816001080528, 0.12154443212392452, 0.14671411090879594, 0.12476379631906971, 0.1471114511431781], [0.16557157214389728, 0.14060495123731248, 0.15316632402329486, 0.12153736105107964, 0.14714449071307675, 0.12435658591110434, 0.14761871492023473], [0.16666666666666666, 0.1421352128083024, 0.15388798389985936, 0.12065273810119902, 0.14436214945116427, 0.1265095667597341, 0.14578568231307412], [0.16666666666666666, 0.14109855264846768, 0.15191804364259495, 0.12083005505490235, 0.14631680379258186, 0.12514603982290856, 0.14802383837187788], [0.16666666666666669, 0.1407511988943822, 0.15320566237272182, 0.12015846963902058, 0.1460091913757399, 0.1247651465192945, 0.14844366453217436], [0.16666666666666669, 0.14047953007219885, 0.15339630525722323, 0.12107694566344435, 0.1467576576251383, 0.1238776962775147, 0.1477451984378141], [0.165036793222763, 0.1428299035794161, 0.15442301202946856, 0.11978581184424493, 0.14375780930034443, 0.1270710502440254, 0.1470956197797377], [0.16666666666666666, 0.14336513297055598, 0.15378290025481017, 0.12021704711139128, 0.1432563651106405, 0.12744667282853842, 0.14526521505739698], [0.16666666666666663, 0.1436846246148614, 0.1541132045158545, 0.11919872440340507, 0.14277804701992472, 0.12740568385862816, 0.1461530489206593], [0.15584081620306298, 0.1530478651814651, 0.16666666666666669, 0.11360298869476869, 0.13148849919931466, 0.134573306579046, 0.14477985747567595], [0.15644676076618577, 0.1516079894010349, 0.16666666666666666, 0.11389067769053876, 0.1324692459207622, 0.13214878482433431, 0.1467698747304774], [0.1526531126712328, 0.1596547358943163, 0.16666666666666666, 0.10959028195115769, 0.12301120426192619, 0.14114016721644218, 0.14728383133825812], [0.1502300391949343, 0.16666666666666666, 0.16001789097129368, 0.10959142450859588, 0.11986996489294435, 0.14664224670682421, 0.14698176705874083], [0.14628394365327824, 0.15892796169735787, 0.1490272801269238, 0.11753994203148038, 0.11985296617100881, 0.16666666666666669, 0.14170123965328424], [0.16523482062227848, 0.1411207956817763, 0.1527392325929994, 0.12174862997031999, 0.14637973351863903, 0.12603692795230062, 0.1467398596616862], [0.16666666666666666, 0.14117973532102177, 0.1530784641650469, 0.12205295403964411, 0.1463957145296754, 0.12641964392678642, 0.1442068213511587], [0.16494144085351922, 0.1410423153450974, 0.1527772963097931, 0.12108929257848369, 0.14644788836726685, 0.12564348071265347, 0.14805828583318617], [0.16666666666666663, 0.14215007345269334, 0.15342759888614158, 0.12109413404607362, 0.14435094893738765, 0.12707456205864956, 0.14523601595238747], [0.16666666666666669, 0.14248766588631434, 0.1529212868024538, 0.11955108821109776, 0.1443253722289985, 0.12653055257414808, 0.14751736763032092], [0.16666666666666666, 0.1416107166054686, 0.15196156820740234, 0.12061999571938718, 0.14587923013696796, 0.12554128221876387, 0.14772054044534336], [0.16450666848720788, 0.14116602049837257, 0.15149244366313455, 0.1211963731404337, 0.1469832531956074, 0.12525722231628714, 0.14939801869895694], [0.16531350623602079, 0.14126427854676868, 0.15170175265952823, 0.1211132104444023, 0.14666153923978334, 0.12530468304280845, 0.14864102983068814], [0.16666666666666669, 0.14088091946363349, 0.15325525277017954, 0.12118248962510826, 0.14619822110110067, 0.12462317854406145, 0.14719327182924996], [0.1648472747127089, 0.14236502747470273, 0.15402910750674406, 0.11994466982487134, 0.14450451925812588, 0.1266758744677374, 0.1476335267551096], [0.16666666666666666, 0.14220280262248883, 0.15217433112816606, 0.1202399253872452, 0.14510677366076868, 0.12600777717635184, 0.1476017233583127], [0.16462292567914158, 0.14180117621881694, 0.1530162140539038, 0.12148424673177215, 0.1457200440457936, 0.12601514474139758, 0.14734024852917446], [0.16411939461885305, 0.14502264048829483, 0.15600216827252078, 0.1181197919147609, 0.14090090460545623, 0.12851397361701242, 0.14732112648310194], [0.16411426248280866, 0.14450295340435546, 0.1538897763701051, 0.12062953015545833, 0.14276902238792236, 0.12886146849308225, 0.14523298670626783], [0.16666666666666666, 0.14308142033897217, 0.1557775673310728, 0.11701185630978798, 0.14228158256866988, 0.1270819958269442, 0.14809891095788627], [0.16666666666666666, 0.1419296013500279, 0.15419520017792052, 0.1196376273416882, 0.14456014854790186, 0.12546254435308893, 0.14754821156270584], [0.16666666666666669, 0.14223320359093788, 0.15427334491382716, 0.11952539271019519, 0.14395756511698546, 0.1261766156243719, 0.1471672113770158], [0.16666666666666666, 0.14549372658959034, 0.15160477953231083, 0.12013717265889919, 0.14229493222493084, 0.12902786323498297, 0.14477485909261906], [0.16456126477040275, 0.14234778291797276, 0.1544437229325827, 0.12104786463154026, 0.14440909385778616, 0.12672279554942803, 0.14646747534028728], [0.16666666666666666, 0.14587954875246104, 0.15528250920244302, 0.11789973212316734, 0.13954309804047402, 0.1333056940462847, 0.14142275116850314], [0.16666666666666666, 0.14415270301455266, 0.1566005773212599, 0.11595365265149732, 0.1401702622516419, 0.12867758179142869, 0.14777855630295272], [0.16535468961574815, 0.14226781469994235, 0.15459334321691848, 0.11962514542631116, 0.1445326899160166, 0.1255126819128274, 0.14811363521223575], [0.1652484616259872, 0.1449227289303017, 0.15454229256218832, 0.11963115892195558, 0.14180426620648037, 0.1287368857451113, 0.14511420600797548], [0.16666666666666666, 0.14340691069497433, 0.15478106299761682, 0.11807677325353659, 0.1424532172216989, 0.12681482202513225, 0.14780054714037436], [0.16666666666666666, 0.14351836546323546, 0.15595817211624077, 0.11811247865553721, 0.14212029233780157, 0.1266107438998183, 0.14701328086069987], [0.16666666666666666, 0.14690571271859715, 0.15586045211874514, 0.11718572385874804, 0.13785784593767741, 0.1337998989665635, 0.14172369973300208], [0.16666666666666669, 0.14417974301308406, 0.15654821783698084, 0.1191390584224653, 0.1416222993454051, 0.12784164213842023, 0.1440023725769779], [0.16544329090039844, 0.14448049601576607, 0.15663845437201288, 0.11965220975503471, 0.14180404153836446, 0.1283369136881301, 0.1436445937302934], [0.16666666666666663, 0.14519120582934703, 0.1570821710849058, 0.11859184365734876, 0.1399644849749446, 0.1287926214902549, 0.14371100629653208], [0.16666666666666666, 0.1444400616807392, 0.156826051312223, 0.11632534050836735, 0.14044302335224423, 0.1286271956385812, 0.14667166084117828], [0.16666666666666666, 0.14487695243287124, 0.15500376559921078, 0.1191477016347857, 0.14125992106226298, 0.1316590404003257, 0.14138595220387692], [0.1480452050800175, 0.13319246947780253, 0.14562577086185008, 0.13771815069301419, 0.16666666666666669, 0.12381032791485397, 0.14494140930579513], [0.15666655885602662, 0.15298897445618226, 0.16666666666666669, 0.11286315923741382, 0.12705757641484017, 0.13689017625806646, 0.14686688811080414], [0.15059712858368796, 0.16666666666666666, 0.15497902284080803, 0.11421193726667458, 0.12307377257813139, 0.14869700058841198, 0.14177447147561936], [0.1489057331868307, 0.16666666666666666, 0.15213511752458553, 0.11657851222238141, 0.12400544189447049, 0.1502239728783511, 0.1414845556267141], [0.14463011918633098, 0.16666666666666669, 0.15069120111609938, 0.1164286336052896, 0.12189500469744997, 0.1502146388064782, 0.14947373592168522], [0.14561183858651583, 0.16666666666666669, 0.15122398983858423, 0.11807436525801514, 0.12489476631072823, 0.14044710017495182, 0.1530812731645382], [0.14336504468579106, 0.16666666666666666, 0.15268904082604626, 0.11632783439314316, 0.12126785466243223, 0.1482366172199279, 0.15144694154599272], [0.14482794937012533, 0.16666666666666666, 0.15232839596769182, 0.11496046231818188, 0.1185962729581628, 0.15662745119509125, 0.14599280152408023], [0.14026440594116293, 0.13978686160639373, 0.13949451128545243, 0.16666666666666669, 0.14228192145118718, 0.13100233748404794, 0.14050329556508923], [0.14027794800770083, 0.14020765789845005, 0.1394480398326399, 0.16666666666666666, 0.14197309766103205, 0.13080819289931991, 0.14061839703419057], [0.14483875881756111, 0.16666666666666669, 0.1514202438677996, 0.11546498438421539, 0.11868796268765835, 0.15797929105407132, 0.14494209252202772], [0.15389201285116538, 0.15062551976865193, 0.16666666666666666, 0.1164050718406895, 0.12943109269942632, 0.1349072727295798, 0.14807236344382033], [0.14601629996053025, 0.16666666666666666, 0.1526516194253821, 0.11418885246944277, 0.12200854048596649, 0.1479383943986362, 0.1505296265933755], [0.15698563326940673, 0.15123771307903125, 0.1666666666666667, 0.11235290760277186, 0.13326025705807493, 0.1328641834349228, 0.14663263888912595], [0.1583449206325991, 0.15200423821882594, 0.16666666666666669, 0.111605921102649, 0.13176534985782082, 0.13375531480982833, 0.14585758871161017], [0.15505004979036788, 0.1496370604986835, 0.16666666666666669, 0.11362175804662765, 0.1353228310513152, 0.131570765475982, 0.14813086847035714], [0.15711829734381652, 0.150128864348833, 0.1666666666666667, 0.11265731673217334, 0.1337660811573638, 0.13123010346559427, 0.1484326702855526], [0.15095230388621914, 0.14389153117428116, 0.1540058862825816, 0.11830675384391423, 0.14275340428944203, 0.12342345385689515, 0.16666666666666666], [0.14549986698419093, 0.15564432555470267, 0.16666666666666663, 0.11242320153468122, 0.12704230939782296, 0.13775459578639165, 0.15496903407554374], [0.14285066011500774, 0.16666666666666669, 0.1560635522562153, 0.11296308282646092, 0.1210878122245562, 0.14529349875092742, 0.15507472716016582], [0.14367762915891252, 0.16666666666666666, 0.15368970962174422, 0.11577851780605088, 0.12416591931555765, 0.14660677995002472, 0.14941477748104326], [0.1432036253961681, 0.1435393799300416, 0.1454229862777402, 0.12884970603035878, 0.14144674882325298, 0.1308708868757717, 0.16666666666666669], [0.15441011604108104, 0.13557003879607918, 0.14533289716966027, 0.13280468357622952, 0.16666666666666669, 0.11911547044861585, 0.1461001273016675], [0.1541420494357395, 0.13327015260062608, 0.1461150969447628, 0.13315866423868547, 0.16666666666666669, 0.12082391142014332, 0.1458234586933762], [0.16666666666666666, 0.14451098849149221, 0.15667904071109265, 0.11825490420312847, 0.14084370130921572, 0.12770902670828074, 0.14533567191012356], [0.1522093543365576, 0.14662477075778751, 0.16666666666666669, 0.12085404220662867, 0.135731574505201, 0.13559799369644365, 0.14231559783071498], [0.14801639536314004, 0.14181977605785537, 0.16666666666666666, 0.12243536751001421, 0.1434472588330417, 0.1314073868174922, 0.1462071487517898], [0.1548686267674503, 0.14600619128708847, 0.16666666666666666, 0.11461364022967342, 0.13824375167290034, 0.12750168487886138, 0.15209943849735938], [0.14357422822252236, 0.15102989353993887, 0.15453157211479904, 0.119388409979578, 0.13309761715306606, 0.13171161232342915, 0.16666666666666669], [0.14412863007100762, 0.15260947048833476, 0.15309790072377552, 0.11932058161315662, 0.1315440493213577, 0.13263270111570116, 0.16666666666666669], [0.1433441244957911, 0.1483600969542079, 0.1530701738483547, 0.12090152695870414, 0.1361427013687721, 0.13151470970750342, 0.16666666666666669], [0.14380577257490593, 0.14834380182499288, 0.15352110890440238, 0.12063552172713819, 0.13588525191252107, 0.13114187638937275, 0.16666666666666663], [0.14419637342901204, 0.15267638273521908, 0.15310280014603145, 0.11910115201127039, 0.1315189387992672, 0.1327376862125331, 0.16666666666666666], [0.14414473681866308, 0.15417125005089935, 0.1530231044790848, 0.11794938614646665, 0.12957221883510797, 0.13447263700311143, 0.16666666666666666], [0.14367334075856755, 0.1521090753184067, 0.1549950166656814, 0.1183387067235486, 0.13186450438409422, 0.13235268948303477, 0.16666666666666666], [0.1435306361240825, 0.1529310017752986, 0.1543293013294191, 0.11861450645592464, 0.13098210459157922, 0.13294578305702928, 0.16666666666666666], [0.14282764456619584, 0.15126163645142401, 0.15520784461945783, 0.11944582893351224, 0.13261224684953118, 0.13197813191321225, 0.16666666666666669], [0.143643907895445, 0.14876520244614924, 0.15305959908254704, 0.12141536467444317, 0.13592726133103689, 0.1305219979037119, 0.16666666666666666], [0.14541103097423594, 0.16666666666666669, 0.14399660274288661, 0.1309299852039908, 0.1341475169771383, 0.13506855624234007, 0.14377964119274164], [0.14404227722373816, 0.1490986709526597, 0.15282845834495593, 0.12126750345106659, 0.13572540122635557, 0.13037102213455737, 0.16666666666666666], [0.1432465148767843, 0.14708741744645198, 0.1528453621392726, 0.12197664202234274, 0.13752898214235776, 0.1306484147061238, 0.16666666666666663], [0.14355796948544144, 0.15065655455838245, 0.15455268658501886, 0.11950759636000999, 0.13347534402975753, 0.13158318231472302, 0.16666666666666666], [0.1434822799605456, 0.1487847128787228, 0.15288750544680377, 0.12103401298248033, 0.13613491222567778, 0.1324203888668293, 0.16525618763894054], [0.14346271161935123, 0.1492830013178821, 0.1532250450115135, 0.12015572575441369, 0.1350816824114945, 0.13212516721867826, 0.16666666666666666], [0.14356309380986867, 0.13968085062905405, 0.14612524618284203, 0.13308374001465217, 0.14613680055517578, 0.12474360214174049, 0.16666666666666663], [0.14258739913127022, 0.15504594426784116, 0.1553860043844041, 0.11686499612988109, 0.12864983541499295, 0.1347991540049438, 0.16666666666666666], [0.14268366448600747, 0.15217616978203535, 0.15264317976273628, 0.11981357530801093, 0.13200714788674464, 0.13400959610779867, 0.16666666666666666], [0.1431813645072946, 0.14777187659503552, 0.15280088247768037, 0.12152127210296755, 0.13691747359832482, 0.1311404640520305, 0.16666666666666669], [0.14395845562485238, 0.14781827652675145, 0.15360322111422786, 0.1208980100728272, 0.1364348574828643, 0.13062051251180998, 0.16666666666666663], [0.14411156378749862, 0.14833721041611467, 0.1536095031750654, 0.1204793386021461, 0.13620059325359232, 0.13059512409891622, 0.16666666666666666], [0.1439797857608723, 0.14849823266897463, 0.15362044078617576, 0.1204264985691218, 0.13548479290108312, 0.1313235826471056, 0.16666666666666666]]