[[0.16666666666666666, 0.14332277697680307, 0.1438349064585286, 0.12195563982574009, 0.14414401013588138, 0.13091920054706976, 0.14915679938931034], [0.16666666666666666, 0.13995121478376135, 0.14959131937455727, 0.12027527631554207, 0.14754182472096583, 0.12359487027716581, 0.1523788278613409], [0.16666666666666666, 0.13955270093356417, 0.1503895004052069, 0.11990954237127542, 0.14766512501570597, 0.12304812120262215, 0.1527683434049587], [0.16666666666666666, 0.14158478519678158, 0.14721547582262454, 0.12102451408220047, 0.1456542460468013, 0.12603717123291164, 0.1518171409520138], [0.16573559041889746, 0.14076008875726675, 0.14948362178495259, 0.12028212627277504, 0.14636672889214053, 0.12506005488590582, 0.15231178898806164], [0.16666666666666663, 0.1416890759554676, 0.14748826772974752, 0.1210629797045358, 0.14604903191091273, 0.12577918046440503, 0.15126479756826447], [0.16666666666666669, 0.14102851825894983, 0.14930766947433702, 0.1198483482336427, 0.1456824267152967, 0.12517520530157042, 0.15229116534953674], [0.16517352299474047, 0.14192161037536355, 0.14942197554431313, 0.11997438559777729, 0.14527060748210074, 0.12613433204860797, 0.15210356595709681], [0.1666666666666667, 0.14234154548493044, 0.14622774920901827, 0.12095920859625107, 0.14537012455312195, 0.1266011099098124, 0.15183359558019938], [0.16666666666666669, 0.1428130844213559, 0.14778558972276473, 0.11969834356533857, 0.14423119557719735, 0.12668669523592765, 0.1521184248107492], [0.16666666666666666, 0.14190252648859306, 0.14822648682981077, 0.1204450139097689, 0.14555258518592298, 0.12570129195710628, 0.15150542896213132], [0.16587768473836856, 0.1442187745772268, 0.14695019481313637, 0.12000521835074492, 0.14341684759219106, 0.1280525114286848, 0.1514787684996475], [0.16510806410920068, 0.14152495166150972, 0.14926193636835014, 0.12060397752889508, 0.14605460806197607, 0.12550844789460008, 0.1519380143754682], [0.16547711018633152, 0.14326389897439656, 0.14839115290070864, 0.11960934831130735, 0.14414346186680502, 0.12711620732477788, 0.15199882043567284], [0.16666666666666666, 0.1442849167942885, 0.14741978723965837, 0.11941989995246777, 0.14319022930754494, 0.12782841977373788, 0.15119008026563582], [0.16666666666666666, 0.143268864289356, 0.14817796535990407, 0.11934631581555599, 0.14389398676012333, 0.12689395242866047, 0.15175224867973344], [0.16666666666666666, 0.14507906664844564, 0.1465055330093911, 0.11956846254763438, 0.1424276996950451, 0.12877234913539062, 0.1509802222974265], [0.16666666666666669, 0.1455772819258866, 0.1425059271895367, 0.12072820496104089, 0.14231019355138208, 0.13304306454243572, 0.14916866116305144], [0.16666666666666666, 0.14498587290693044, 0.14555754246981892, 0.11864294488842439, 0.14187814382506356, 0.13027114874159643, 0.15199768050149956], [0.16465305509522282, 0.1432055098574863, 0.14716847643616354, 0.1206710006111073, 0.14424972004456335, 0.12740597056799755, 0.15264626738745907], [0.16666666666666666, 0.14393226678738533, 0.14635395479794688, 0.11999369417131849, 0.14332906867665893, 0.1278274576386601, 0.15189689126136355], [0.16666666666666666, 0.14510126141279966, 0.14529843526120365, 0.11949134164303529, 0.14139297146199553, 0.13222391157827626, 0.14982541197602292], [0.16666666666666669, 0.1449096371415894, 0.14589031853535242, 0.11989687570752743, 0.14249441159637846, 0.12872050427681322, 0.1514215860756725], [0.16666666666666669, 0.1442361667505709, 0.14694122225132678, 0.1195655184931558, 0.1430055041103892, 0.1278424589537861, 0.1517424627741046], [0.16666666666666666, 0.1426033359246585, 0.14844589566868804, 0.11913337366995266, 0.14396699890837142, 0.12616674514221046, 0.15301698401945218], [0.16544880780842677, 0.14365929957144882, 0.1476205952129972, 0.11995861875030991, 0.14363053990819677, 0.12753544150461266, 0.15214669724400784], [0.16666666666666669, 0.1425922173783421, 0.14719717255163586, 0.12013104713212591, 0.14412442185302554, 0.1265337897702268, 0.15275468464797717], [0.16598871525297115, 0.14345290104891895, 0.14784336303352708, 0.11952981314744437, 0.1437701520656418, 0.12711381526915103, 0.1523012401823454], [0.16536137929849085, 0.14485263543735621, 0.1470308837837562, 0.11982009404514443, 0.14302118891921614, 0.12841713254100184, 0.15149668597503432], [0.1652858135049884, 0.14326836703506232, 0.14768695187546363, 0.12000496708275099, 0.1438457969062143, 0.127256008999322, 0.1526520945961985], [0.16666666666666666, 0.1451682256080867, 0.14648082056691328, 0.11940145843713246, 0.1422390420027908, 0.1287220098516764, 0.15132177686673356], [0.16544819250609594, 0.14415948964867875, 0.14825217653956987, 0.11917772424797098, 0.1430701513997428, 0.12784322538491724, 0.15204904027302432], [0.16666666666666666, 0.14399038749135148, 0.14704478862289497, 0.11937233522193742, 0.1431211226105893, 0.12768611207423045, 0.15211858731232972], [0.16544805319122594, 0.14478235493052544, 0.1477646372191127, 0.11940624098534124, 0.14279784790467168, 0.12828355296012922, 0.15151731280899378], [0.1653260583395973, 0.14561100034755448, 0.14632010195503622, 0.1196853404587936, 0.1421010363988107, 0.12925851979692932, 0.1516979427032786], [0.16666666666666669, 0.14331717341637054, 0.14754775092245992, 0.11933081170437662, 0.14317987283777908, 0.12695751168394254, 0.15300021276840467], [0.16666666666666666, 0.14458731515022366, 0.1440670133505812, 0.12038419779167317, 0.1433442523352838, 0.12934241249731274, 0.15160814220825866], [0.16565687734201157, 0.14506335992626343, 0.1465666136724643, 0.11975950874557292, 0.14243983527194187, 0.1286447161543795, 0.15186908888736653], [0.16666666666666663, 0.14717758605728537, 0.1429461741068575, 0.11949932860413505, 0.13955607987328422, 0.13483419013881015, 0.14931997455296095], [0.16666666666666663, 0.14717758605728537, 0.1429461741068575, 0.11949932860413505, 0.13955607987328422, 0.13483419013881015, 0.14931997455296095], [0.16666666666666669, 0.14524460362587482, 0.1465878777502646, 0.11920952734181042, 0.14184399965515693, 0.12881905471941804, 0.1516282702408086], [0.1650200486075539, 0.14505604739790193, 0.14758230585233853, 0.11930165720647987, 0.14243150192007675, 0.12859189701664572, 0.15201654199900327], [0.16562213287335714, 0.14349011666689757, 0.1475595835197225, 0.11961184738403598, 0.14311611956905823, 0.12734000108391172, 0.15326019890301704], [0.16666666666666666, 0.14784745613577321, 0.14215334909780192, 0.11965913171885145, 0.13886044882998536, 0.13545528633848586, 0.14935766121243552], [0.16495033653572147, 0.1456208364795346, 0.1464767193809373, 0.11974358628637935, 0.14192543424474058, 0.12944667011437838, 0.15183641695830818], [0.16666666666666666, 0.14571084263090436, 0.14378362798189698, 0.12035019074165135, 0.1414047111099732, 0.13039836699752536, 0.151685593871382], [0.16666666666666669, 0.14460631133873042, 0.14672935077553567, 0.11896818077614034, 0.14151299048955956, 0.12854147369134297, 0.1529750262620245], [0.16666666666666666, 0.14841133908581255, 0.14173132683602663, 0.11913743887461553, 0.1385111216032843, 0.13635011734040717, 0.14919198959318714], [0.16666666666666666, 0.14886609351673527, 0.14186526128526245, 0.11942016637367513, 0.13709729472174773, 0.13673719715623256, 0.1493473202796802], [0.16501839970019047, 0.14580373197041854, 0.14486022267438942, 0.12032461046489674, 0.1415111355056654, 0.13000607120387242, 0.152475828480567], [0.16666666666666666, 0.14906711997972893, 0.14151875289037424, 0.11924964614832538, 0.13726787513100877, 0.13742260678274487, 0.1488073324011511], [0.1640542875727372, 0.1467445787787923, 0.14499182237016625, 0.12022686338766424, 0.14022080125736563, 0.13109643354845252, 0.15266521308482184], [0.16461032731791933, 0.14682006770692207, 0.14786557353851829, 0.11724451255385925, 0.13911990923022882, 0.12911104038059568, 0.15522856927195672], [0.1653922832546382, 0.1468112437077428, 0.14710338765584105, 0.11738056648936698, 0.13870955226992815, 0.12980122279174222, 0.15480174383074072], [0.16666666666666666, 0.1463116901504273, 0.1478871905282712, 0.11641487794188665, 0.1385794272841129, 0.1289048028633285, 0.15523534456530672], [0.16666666666666666, 0.1479720797530783, 0.14772030531891764, 0.11665810963231485, 0.13763117528124383, 0.13102991998060937, 0.15232174336716933], [0.16666666666666669, 0.14263644289164207, 0.14792026904219313, 0.11981903442200072, 0.14425544202684049, 0.12664500984360677, 0.1520571351070502], [0.16666666666666666, 0.14336335446336257, 0.14740381083919687, 0.11967171131234515, 0.14376402244052042, 0.12702875933586288, 0.15210167494204538], [0.16490801588770357, 0.14074754055109917, 0.1494039772515291, 0.12100672632175108, 0.14700650780718055, 0.12491252636600807, 0.15201470581472853], [0.16666666666666669, 0.14171771627637555, 0.14815359836831948, 0.12023809504796819, 0.14532488209661115, 0.12566752303443418, 0.15223151850962485], [0.16666666666666669, 0.14433524606776238, 0.1475338202118179, 0.11788874743731799, 0.1418302333067609, 0.1286727124821078, 0.1530725738275664], [0.16666666666666663, 0.14386926362261548, 0.14387278722191418, 0.11933142666157406, 0.1448080595825209, 0.12921508671975834, 0.1522367095249502], [0.16666666666666669, 0.14714808086026326, 0.14242199259102378, 0.1200878525597242, 0.13966217887855809, 0.13429312421180423, 0.1497201042319598], [0.16666666666666666, 0.14755821534669006, 0.1414891610004635, 0.1198994626924778, 0.13972277312718925, 0.13591171576308267, 0.14875200540342998], [0.1650746435713522, 0.14791806161132237, 0.1432423086680134, 0.11956873465090305, 0.13895491844205468, 0.13467930895138722, 0.1505620241049669], [0.16666666666666666, 0.14740805896028517, 0.14363532259298092, 0.11831772931622705, 0.1393795267470953, 0.1331753886527124, 0.15141730706403245], [0.16666666666666669, 0.14915380023674732, 0.14264301669631094, 0.11899550143955939, 0.13694343421651675, 0.13548186750462424, 0.15011571323957482], [0.16607608155268835, 0.14928539454584733, 0.14299527209754304, 0.11891769801693033, 0.1370299992069708, 0.13539100458545933, 0.1503045499945609], [0.16596955635959418, 0.1489927408503989, 0.14283776842312002, 0.11912695912653982, 0.1371126113956442, 0.13549343709482356, 0.1504669267498792], [0.1651238444799427, 0.15011313931926745, 0.1417979947172355, 0.11910384908982112, 0.13632457561463981, 0.13789091065123676, 0.14964568612785664], [0.16666666666666666, 0.13879806319849103, 0.14712600952490973, 0.12278697958259614, 0.1502924326093216, 0.12452838137924427, 0.14980146703877054], [0.16666666666666666, 0.14226822441815207, 0.14506103346449467, 0.12223816205459684, 0.1455507908992621, 0.1276141312758681, 0.15060099122095952], [0.16593267005122433, 0.1399280912929833, 0.14921130676274988, 0.12126918575750556, 0.14780732391539075, 0.12416328569789395, 0.15168813652225235], [0.16666666666666666, 0.1398437380705284, 0.1489929906821894, 0.12093027093281214, 0.1475138194627812, 0.1237928303978898, 0.15225968378713228], [0.16666666666666666, 0.14023347208806697, 0.14884988374845104, 0.12107864451256996, 0.14730000360238643, 0.12428009899237917, 0.15159123038947972], [0.16618202522018174, 0.14061936322291949, 0.14887791672911893, 0.12095675419620087, 0.14697405382492623, 0.124675785123498, 0.15171410168315483], [0.16666666666666669, 0.14087817240322395, 0.14700467267737058, 0.12193018071849572, 0.14685071075836448, 0.1248411244406368, 0.15182847233524183], [0.16577220677454518, 0.1412259041935838, 0.147914234290118, 0.12122511426113751, 0.14652334887289167, 0.12542701709831103, 0.15191217450941275], [0.16482987976618474, 0.14073760458682172, 0.1506079694551837, 0.11960240290527584, 0.14668559903772868, 0.12437952123925967, 0.15315702300954548], [0.16666666666666666, 0.14101907624479723, 0.14730905478800263, 0.1217594680774996, 0.14668083783727465, 0.1251623886683215, 0.1514025077174377], [0.16478890249264888, 0.14115299173054924, 0.1468051161713475, 0.12302526229969152, 0.14695012176879138, 0.12583280149855705, 0.1514448040384145], [0.16666666666666666, 0.13953712677915736, 0.15023144373714212, 0.12020104857042654, 0.14730211631772427, 0.12358513482694602, 0.152476463101937], [0.16500444261062866, 0.14120742196206895, 0.14874548572798652, 0.12109922859360052, 0.14651863437395315, 0.12497904453661622, 0.15244574219514612], [0.1655394101417888, 0.14096714589542733, 0.14827059915338714, 0.12125919940165561, 0.14659331649302293, 0.12517962047334807, 0.15219070844137003], [0.16666666666666669, 0.1367408174500303, 0.14785994155766288, 0.12616538475090658, 0.15210188550834097, 0.12052060200707299, 0.14994470205931965], [0.16666666666666666, 0.14155369063345918, 0.14826463564893622, 0.11994519967303904, 0.1454016490292839, 0.1253152699001715, 0.1528528884484434], [0.16666666666666663, 0.140452961533201, 0.1505346585033953, 0.11895482841592904, 0.14589734500999849, 0.1244453128742848, 0.1530482269965245], [0.16666666666666663, 0.14092343685522163, 0.1480447454384, 0.12096843324027977, 0.14640149271389655, 0.1244502837042491, 0.1525449413812862], [0.16666666666666666, 0.14142998460245002, 0.14810042874025858, 0.12041889572425672, 0.14578303104978294, 0.1253691899560884, 0.15223180326049665], [0.16666666666666666, 0.14222719637714762, 0.1477263260724002, 0.12078340721800941, 0.14539768159625852, 0.12605960454138462, 0.15113911752813297], [0.16515492387048408, 0.1457417260746125, 0.14415779728521103, 0.12165026641296856, 0.14184688433458903, 0.130791736406556, 0.15065666561557894], [0.16666666666666666, 0.14254136285127011, 0.14849389877770416, 0.11910364660422053, 0.14435277335449112, 0.12617808094776609, 0.1526635707978813], [0.16666666666666669, 0.14259486011605665, 0.1500707110111839, 0.11721848716723321, 0.14307005464650577, 0.12646737963474786, 0.15391184075760606], [0.16483219180858769, 0.14168421367445286, 0.1501754755516684, 0.1189612073258775, 0.14483624231221479, 0.12552129010389979, 0.15398937922329903], [0.16666666666666666, 0.1426758402921211, 0.14847904929204683, 0.11965965720830568, 0.14439675092444507, 0.12610298453761426, 0.15201905107880043], [0.16666666666666666, 0.1439003236401613, 0.14582861295198468, 0.12017625742284099, 0.1428902901131426, 0.12778638126735684, 0.1527514679378468], [0.16666666666666666, 0.14621020995611622, 0.14405216745203983, 0.12055931620401639, 0.1405666146329629, 0.131001799677232, 0.15094322541096594], [0.16666666666666666, 0.14741526190696796, 0.14628950920171868, 0.11860914534435818, 0.13988268842698395, 0.13075311215266197, 0.15038361630064262], [0.16666666666666666, 0.14433608417999264, 0.14788974678787156, 0.1188184704357424, 0.14159777657135447, 0.12737864300728774, 0.1533126123510845], [0.16666666666666666, 0.1449966274154909, 0.14726947940751467, 0.11776361275666024, 0.14064833937488425, 0.12814039752278852, 0.15451487685599471], [0.16666666666666666, 0.14562278675119328, 0.14803304138624557, 0.11707504536150096, 0.13994633971622392, 0.12856497571172268, 0.15409114440644686], [0.16666666666666669, 0.1497560436175276, 0.143854843522257, 0.1183557057243804, 0.13688643965646696, 0.1325840428923287, 0.1518962579203728], [0.16666666666666663, 0.1492252314367921, 0.1476099645757746, 0.11567321920193409, 0.136035657351783, 0.1329022782664981, 0.15188698250055133], [0.16666666666666666, 0.15125204460517203, 0.13950543045183178, 0.11928156701701084, 0.13138306021727064, 0.1461895973417301, 0.14572163370031788], [0.16666666666666666, 0.1529079143729107, 0.14163994785272463, 0.11638136798219087, 0.13196893549723163, 0.14213645734093805, 0.14829871028733738], [0.147122743093761, 0.1556936451089848, 0.14264436269674086, 0.12352331476738268, 0.12251503157366068, 0.16666666666666666, 0.14183423609280324], [0.14373205343212012, 0.1472969021267838, 0.14120977663294873, 0.1296081293940177, 0.132025831036321, 0.16666666666666663, 0.1394606407111418], [0.14660771301545522, 0.15133242044898254, 0.13963175620390794, 0.12742646020887025, 0.12697629560746257, 0.16666666666666666, 0.14135868784865474], [0.15278909652489556, 0.16666666666666666, 0.14807432152041525, 0.11109070205027531, 0.11845181420286224, 0.14966519169949116, 0.15326220733539375], [0.14813894287143145, 0.16666666666666669, 0.14978265151784442, 0.11659071808810359, 0.1259964227579535, 0.14293790388930758, 0.14988669420869286], [0.14548984315613725, 0.1536425875897528, 0.1420624225593169, 0.12452009945041408, 0.12555986276408246, 0.16666666666666666, 0.1420585178136298], [0.145222700315617, 0.15304133077094853, 0.14178381877845136, 0.125401876239532, 0.1260877101288677, 0.16666666666666666, 0.14179589709991675], [0.14694011680446248, 0.15686145480562028, 0.1413782285204055, 0.12176138640341906, 0.1230749784033345, 0.16666666666666669, 0.14331716839609157], [0.1666666666666667, 0.14148357375925627, 0.14720234404934096, 0.12120748466808712, 0.14594538736096307, 0.12598036269515442, 0.1515141808005317], [0.16666666666666669, 0.14272317769709433, 0.14563805161697002, 0.12185507563903376, 0.14486522937982513, 0.12766666666235768, 0.15058513233805243], [0.16666666666666666, 0.14186451049288656, 0.14642872071523025, 0.12148180604371889, 0.14555436529798868, 0.12670148613209603, 0.15130244465141293], [0.16666666666666666, 0.1419393417948593, 0.14589327228182009, 0.12201237815937856, 0.14547442811991393, 0.12696317463941287, 0.1510507383379486], [0.16666666666666666, 0.1402899981678047, 0.14609553080537402, 0.12310167369575081, 0.14799332890387817, 0.12479494896595145, 0.15105785279457418], [0.16666666666666666, 0.14071113799758483, 0.1472310763710745, 0.12182045861843625, 0.14683616678830202, 0.12502012897921466, 0.15171436457872106], [0.16557898072461014, 0.14078126507895766, 0.14774757894520613, 0.12184267177651646, 0.14727656298011463, 0.12464282389488374, 0.1521301165997112], [0.16666666666666669, 0.14250916269043912, 0.14610398556909016, 0.12135416017194335, 0.14470215260107988, 0.12712170914900506, 0.15154216315177582], [0.16666666666666669, 0.14112322361527713, 0.14804182705097121, 0.12087428332777869, 0.14633643960894227, 0.12518610355252272, 0.1517714561778414], [0.16666666666666666, 0.14086009467874608, 0.14852023687608637, 0.12035389526819217, 0.14609599328086267, 0.1249412150719666, 0.15256189815747942], [0.16666666666666669, 0.14062285050968037, 0.14784875436095102, 0.12132645514056008, 0.1468666182927303, 0.12411187743487172, 0.15255677759453998], [0.16506039361177371, 0.14317505729900099, 0.14737900639580082, 0.12046464148902722, 0.1440895270466879, 0.1276443904344492, 0.15218698372326026], [0.16666666666666666, 0.14370077162873018, 0.14557348465865133, 0.12088611414292474, 0.14359357047678464, 0.12801160328664068, 0.15156778913960173], [0.16666666666666669, 0.14402350666042568, 0.146455532778622, 0.11989866365756881, 0.1431302970190043, 0.1279846072691267, 0.1518407259485859], [0.16666666666666666, 0.1533463769682173, 0.1452595964986, 0.11476609642787189, 0.13225957275059289, 0.1352767639481139, 0.15242492673993735], [0.16666666666666666, 0.15175490782704842, 0.1469639957214794, 0.11440558116412455, 0.13280288951648345, 0.13248555496557182, 0.15492040413862562], [0.16666666666666666, 0.15958228739323305, 0.14708356447712134, 0.10900055871313086, 0.12256014835193463, 0.14087642293785288, 0.1542303514600605], [0.15990396386092726, 0.16666666666666669, 0.14664446530080283, 0.10861343732562322, 0.1190681010232591, 0.14629912725035393, 0.15280423857236705], [0.14918045864492815, 0.1589951637712963, 0.1419180367115402, 0.11796655317564192, 0.12025949126461506, 0.16666666666666669, 0.14501362976531174], [0.16666666666666666, 0.1411998186041138, 0.14680150071997386, 0.12188757823822235, 0.14644248858162243, 0.12616261091252992, 0.1508393362768709], [0.16666666666666666, 0.1416517572187616, 0.14462278114894664, 0.12287920687541462, 0.1467711356883443, 0.1271650249926519, 0.1502434274092143], [0.16666666666666666, 0.14095633341315597, 0.14799584583170924, 0.12093635872943755, 0.14638004471347596, 0.12550582833900104, 0.15155892230655355], [0.16515601370198307, 0.14276883300787557, 0.14577689126028606, 0.12224431179576088, 0.1449141619195189, 0.12807380338154356, 0.1510659849330318], [0.1645253425767034, 0.14306210534895855, 0.147972312528515, 0.12067044991740042, 0.14485615186245546, 0.1274840976780743, 0.15142954008789294], [0.16666666666666669, 0.14166777558796023, 0.14776368575341217, 0.12072485608927785, 0.14592656859246844, 0.12563493552607985, 0.15161551178413482], [0.16496313021445017, 0.14109526306888465, 0.1493501028487913, 0.12107020531446006, 0.14692863702111641, 0.1251423222537782, 0.15145033927851934], [0.16666666666666666, 0.1410563493386211, 0.14849348242782312, 0.12074033628643048, 0.14649778887563925, 0.12496611784721627, 0.1515792585576031], [0.16542053049098537, 0.1412440142681565, 0.14746748100520354, 0.12182296237316391, 0.14648644180624454, 0.12521520219112287, 0.15234336786512337], [0.16486726601545204, 0.14263205153468292, 0.14784266105478414, 0.12045804660528221, 0.14474803478941006, 0.12711528942285338, 0.1523366505775352], [0.16489481040957704, 0.14251878451492314, 0.14784797132857805, 0.12083958574926071, 0.14538524707692166, 0.1265329384028133, 0.15198066251792597], [0.16666666666666669, 0.1415957083676997, 0.14718055099122193, 0.12111089657599022, 0.14554695847778115, 0.1256792341800456, 0.15221998474059484], [0.16666666666666666, 0.14504239743564018, 0.14733878534267014, 0.11816410613062586, 0.14092442392668422, 0.1285487998892343, 0.1533148206084786], [0.16666666666666666, 0.144544293193375, 0.14527296483615015, 0.12071539868695905, 0.14281359630750234, 0.1289319828016659, 0.1510550975076809], [0.16666666666666666, 0.1434830496032045, 0.1484150982030882, 0.11785741987406638, 0.14269683213818665, 0.12775607664863012, 0.15312485686615745], [0.16550363727845313, 0.14233588715209441, 0.14786221634729765, 0.12041004034694934, 0.1449232297917687, 0.1261392879226407, 0.1528257011607959], [0.16666666666666666, 0.14250002768717301, 0.14738015395165668, 0.12004019602644322, 0.14420555843166727, 0.12661878467926152, 0.1525886125571316], [0.16666666666666669, 0.14570774916925242, 0.144996148205676, 0.1206075070716761, 0.1425412892002527, 0.1294083278174414, 0.15007231186903477], [0.16419968222973066, 0.14266828182263117, 0.1467336807616376, 0.12164907545335157, 0.14470242671711134, 0.12724921637832723, 0.1527976366372105], [0.16666666666666669, 0.1466981653274376, 0.14241688069282654, 0.11982022062440503, 0.14061125010183992, 0.13461948103960902, 0.14916733554721523], [0.16666666666666669, 0.14474967971438968, 0.14827939045038765, 0.11729835091135794, 0.14087283672096432, 0.12968489435837946, 0.15244818117785436], [0.16666666666666666, 0.14229762981901498, 0.14813630680525686, 0.11968262962921755, 0.14455973738338398, 0.12556297161323715, 0.15309405808322282], [0.16666666666666666, 0.1451457102982078, 0.14533522380234584, 0.12011350218398283, 0.1420592270204442, 0.12912585091493534, 0.15155381911341723], [0.16666666666666669, 0.14367762955702937, 0.1480201287394147, 0.11864230801960149, 0.14273503606314103, 0.1272786551816486, 0.1529795757724982], [0.1653598058913586, 0.14407281611466038, 0.14748402091488616, 0.11927545389659668, 0.14270822979019404, 0.12757016775888802, 0.1535295056334162], [0.16666666666666666, 0.1477026033793653, 0.14272956298502532, 0.11918111847953687, 0.13901960565064506, 0.13512530159128885, 0.14957514124747193], [0.16548054313130828, 0.14493994169811608, 0.14476856749227995, 0.12074578888709264, 0.14246895562433318, 0.12915417083498149, 0.15244203233188824], [0.16666666666666669, 0.14493380567671532, 0.14411498261539432, 0.12061281300007738, 0.14231203673702042, 0.1291200703491136, 0.15223962495501234], [0.16666666666666666, 0.14580851962130556, 0.14437086853917946, 0.11997375818362725, 0.1407320412643555, 0.12988131386439147, 0.15256683186047404], [0.16666666666666666, 0.1450023365622557, 0.14717748210981407, 0.1175988441864578, 0.14110641283286368, 0.12958949460771343, 0.1528587630342286], [0.16666666666666669, 0.14568501667878347, 0.14232347902269185, 0.12090992651910575, 0.1422021217037044, 0.13295728648178248, 0.14925550292726547], [0.14850173701078104, 0.134013137597879, 0.1454740352569398, 0.1384278652247492, 0.16666666666666666, 0.12486101273810375, 0.14205554550488048], [0.16666666666666669, 0.15346560400517376, 0.1475568553492816, 0.11473806189537161, 0.12843784309522507, 0.13792780416894473, 0.1512071648193366], [0.15551621948027805, 0.16666666666666666, 0.14291858604694785, 0.11662290262272358, 0.12507742331886681, 0.14952293645482495, 0.14367526540969197], [0.1527650070039317, 0.16666666666666669, 0.14257610799024428, 0.11874965042766455, 0.12585464987617231, 0.15093670348457244, 0.14245121455074808], [0.15047571392371056, 0.16666666666666669, 0.14924182678805506, 0.11575099121288077, 0.12129109617874118, 0.14999272343997622, 0.1465809817899696], [0.15108721320442206, 0.16666666666666666, 0.15296094659048137, 0.11764398058398107, 0.12452479030223904, 0.14021487203899768, 0.14690153061321212], [0.15204299758097103, 0.16666666666666666, 0.1507434887051291, 0.11400118300569687, 0.11916953008541135, 0.1473847837907581, 0.14999135016536683], [0.1520183834255823, 0.16666666666666666, 0.14554580497738084, 0.11384250519563612, 0.11755692691241931, 0.15641038996264076, 0.14795932285967403], [0.1407482983425572, 0.14027950629144, 0.14098280967195065, 0.16666666666666666, 0.14272883745744824, 0.13165598218787528, 0.13693789938206188], [0.14074938986150173, 0.14068035550475028, 0.14108375667072862, 0.16666666666666666, 0.14241425519124135, 0.13144881458185867, 0.13695676152325267], [0.15117950165306987, 0.16666666666666669, 0.14459905978820972, 0.11465650579529152, 0.11793037517954946, 0.15784211671011172, 0.14712577420710118], [0.16666666666666669, 0.15090782567140792, 0.14839960198797292, 0.11728961862475132, 0.13008639636258018, 0.1354662018655945, 0.15118368882102654], [0.15234766587922835, 0.16666666666666669, 0.1501796519932005, 0.11305073160227523, 0.12104001033522814, 0.1475322220417973, 0.14918305148160388], [0.16666666666666666, 0.15136207933213325, 0.14679412469275369, 0.11279070778593372, 0.13352953196184683, 0.1331366509202385, 0.15572023864042733], [0.16666666666666666, 0.15228270831341087, 0.14625279649911846, 0.11265163948959106, 0.13242819865039784, 0.134380370017913, 0.15533762036290202], [0.16666666666666669, 0.14947899096593356, 0.1479588183987855, 0.11312939293626487, 0.1350318962286635, 0.1312450038201969, 0.15648923098348905], [0.16666666666666669, 0.15003253944789866, 0.14832646585395448, 0.11234273773419144, 0.13357445075938476, 0.13102370219327314, 0.15803343734463088], [0.15095230388621914, 0.14389153117428116, 0.16666666666666666, 0.11830675384391423, 0.14275340428944203, 0.12342345385689515, 0.1540058862825816], [0.15469624434007442, 0.15494765407099684, 0.15422968052348773, 0.10899472160006629, 0.12453783602969118, 0.13592719676901702, 0.1666666666666667], [0.15319659008078743, 0.16666666666666666, 0.15423518330222874, 0.10907361170413757, 0.11778677297420273, 0.143745551417502, 0.15529562385447487], [0.15033763763084937, 0.16666666666666666, 0.14861508633353632, 0.11341965717815151, 0.12219584687575585, 0.14567692736085674, 0.15308817795418342], [0.14393806018111846, 0.143420769218798, 0.16666666666666666, 0.12865575778864655, 0.14131740583429897, 0.13068730447162427, 0.14531403583884708], [0.154410116041081, 0.13557003879607918, 0.1461001273016675, 0.13280468357622952, 0.16666666666666669, 0.11911547044861587, 0.14533289716966027], [0.1542501522985966, 0.13355840562372615, 0.14600336123342944, 0.13344787954357656, 0.16666666666666669, 0.12121959082431451, 0.1448539438096901], [0.16666666666666666, 0.14503898893406825, 0.1458440190066553, 0.11940862343503518, 0.14145909827560774, 0.12863744112995232, 0.15294516255201446], [0.16666666666666669, 0.14711862620232055, 0.1429156362691696, 0.1219829181433565, 0.13649385087668456, 0.13636356165321384, 0.1484587401885883], [0.16666666666666666, 0.14199413011781584, 0.14635071601215469, 0.1227457446395595, 0.14361019262179656, 0.1316548060495311, 0.14697774389247562], [0.158022318563959, 0.14558546842619308, 0.15180279644057665, 0.11355365018595531, 0.13766495714414598, 0.12670414257250334, 0.16666666666666669], [0.14883090285578887, 0.15045738530040983, 0.16666666666666666, 0.11765741399437303, 0.13186855555039792, 0.13043180500880602, 0.15408727062355765], [0.14875769890542226, 0.15215798677759446, 0.16666666666666666, 0.11779993795863236, 0.1304159943800449, 0.13153961108101545, 0.1526621042306238], [0.1476696832689869, 0.14780767707996903, 0.16666666666666669, 0.11952051603644535, 0.1352216088136956, 0.13045396266708897, 0.15265988546714748], [0.14774154556944097, 0.1478423293504522, 0.16666666666666663, 0.11937571042807399, 0.13504280547414987, 0.1301696100630188, 0.15316133244819738], [0.14877719996973618, 0.15223193976885704, 0.16666666666666669, 0.11759009201180443, 0.13040236671889938, 0.13165983126744657, 0.15267190359658978], [0.14946896156297854, 0.15370971112964207, 0.16666666666666663, 0.11614993265169413, 0.12820207392811797, 0.13328349716258042, 0.15251915689832007], [0.14902520356536594, 0.15156680191345928, 0.16666666666666666, 0.11653847983397798, 0.13056811636295637, 0.13107448646170317, 0.15456024519587055], [0.14881554125923552, 0.15242524434344007, 0.16666666666666663, 0.11684519005692666, 0.12966817238554285, 0.13170415495753132, 0.15387503033065678], [0.1485499560953248, 0.15064444233417168, 0.16666666666666666, 0.11755395187430383, 0.13124787512913166, 0.1305883547244112, 0.15474875317599013], [0.14833214909649484, 0.14818093553676637, 0.16666666666666666, 0.11993845540965548, 0.13492399047394513, 0.1293423103849337, 0.1526154924315377], [0.14566713692878844, 0.16666666666666669, 0.14405540351717563, 0.1313605710989963, 0.13453933531618886, 0.135449277117941, 0.14226160935424326], [0.1483906419609376, 0.14856832628900654, 0.16666666666666669, 0.11989698832016209, 0.13479134276686602, 0.12927532506672917, 0.152410708929632], [0.14719138390301958, 0.14654822405754334, 0.16666666666666666, 0.12074592241877873, 0.13672655878654327, 0.12965650724742925, 0.1524647369200191], [0.14879553517032154, 0.150072441993333, 0.16666666666666666, 0.11778704591440034, 0.1322643925715977, 0.13030319727170248, 0.15411072041197824], [0.14805494010184286, 0.14821482998198365, 0.16521123685315714, 0.11957973851248531, 0.1351618907723347, 0.13132898866377862, 0.15244837511441775], [0.14815053264283526, 0.14871496861469816, 0.16666666666666669, 0.1186359234018066, 0.13404960409967043, 0.13099648112689036, 0.15278582344743255], [0.14357945568530003, 0.13967777505754958, 0.16666666666666666, 0.1330799125709275, 0.14613446076781803, 0.12473882417310489, 0.14612290507863332], [0.14882213799725857, 0.15453781963668692, 0.16666666666666669, 0.11468738146842714, 0.12698752151621487, 0.13340572358286631, 0.15489274913187956], [0.1486842832618329, 0.15156676611981382, 0.16666666666666666, 0.11784314974650743, 0.13054952791391117, 0.13263618989858109, 0.15205341639268685], [0.14750228242926547, 0.14720167084700864, 0.16666666666666666, 0.12015887731691426, 0.13601970438139138, 0.1300683566160846, 0.15238244174266893], [0.14746150847311895, 0.1473596240184408, 0.16666666666666666, 0.11978428582407455, 0.13569920340259584, 0.12974337346198384, 0.15328533815311932], [0.1475221539649241, 0.1479034196653748, 0.16666666666666666, 0.11938625458252734, 0.1354795734547886, 0.12974144348139433, 0.15330048818432418], [0.14753963753953853, 0.14804902424891436, 0.16666666666666666, 0.11928322596472124, 0.13471383155953123, 0.13044973678155097, 0.153297877239077]]