[[0.16666666666666669, 0.14233397372313286, 0.15273193015306108, 0.12200932418159563, 0.14308438842812488, 0.12931139638329872, 0.14386232046412017], [0.1625958787462185, 0.13875708604069156, 0.1537239033791773, 0.12207534453142592, 0.14828390250435833, 0.12431001166730166, 0.15025387313082683], [0.16197427929672775, 0.13948597263286475, 0.15330240135386403, 0.12148172435737525, 0.14830404115826076, 0.12451477024213989, 0.15093681095876765], [0.1646462811969649, 0.14163291226843444, 0.1532327056484464, 0.12122500050544058, 0.14574654460887937, 0.12621563920070716, 0.14730091657112707], [0.16339287638998382, 0.14104659060532754, 0.15298037785414875, 0.12079509470074631, 0.14659122668989136, 0.12552018401636927, 0.1496736497435328], [0.16366779474233248, 0.14210804732458449, 0.15172637035637954, 0.12182793095160444, 0.14639486985667174, 0.12646502267680979, 0.14780996409161754], [0.16365873418729196, 0.14133409213544237, 0.15321207727716607, 0.12050687449481931, 0.14597758197805086, 0.1257588062902005, 0.14955183363702887], [0.16341463471836495, 0.14209559319837275, 0.15280351033230252, 0.1203026796528593, 0.14542104346148915, 0.12641931543749127, 0.1495432231991202], [0.16244845594697904, 0.140127148545735, 0.1550334108603332, 0.12304171580938639, 0.14569984102414577, 0.12649044779807195, 0.14715898001534874], [0.1650827954964251, 0.142892993531703, 0.15319270174608612, 0.11985568667946395, 0.14430635403836853, 0.1268206274862655, 0.14784884102168772], [0.16260279848876216, 0.14253504966530048, 0.15169956071767488, 0.12162560271375028, 0.14609187893064518, 0.12674762543607931, 0.14869748404778774], [0.16438021422776264, 0.14425439635726942, 0.15273711462340545, 0.12007926378190424, 0.14345374192230465, 0.12811378689004835, 0.14698148219730522], [0.16229674118014242, 0.1419904761957735, 0.15196490889003378, 0.12145687526890206, 0.14643626138117877, 0.12627053435612678, 0.14958420272784265], [0.1637429828648096, 0.14342541658709637, 0.15269211563821738, 0.119934121253583, 0.14429890904798712, 0.12738917058528118, 0.14851728402302522], [0.16270168908376642, 0.14474389511367913, 0.15205463141429687, 0.12038878047819848, 0.14367165617657035, 0.12862486837086, 0.14781447936262881], [0.16366292468392923, 0.14361582750540897, 0.1525056746970599, 0.12004802364483393, 0.1442316801097424, 0.1274837372563397, 0.14845213210268576], [0.163226003612719, 0.14534006609223815, 0.15259549697980715, 0.12013789152854559, 0.14272075482356142, 0.12923050084239893, 0.14674928612072974], [0.16666666666666666, 0.1418502757160977, 0.1552915495204328, 0.12210400343189234, 0.14059431469522266, 0.1302636793776358, 0.143229510592052], [0.1616353720374705, 0.1431653509092331, 0.15630873758499073, 0.12063900698396472, 0.14218836773921348, 0.12962824082465907, 0.14643492392046842], [0.1646273590044038, 0.14302253955031174, 0.15384672666362909, 0.12031228679254613, 0.1440748933877739, 0.12709978184578377, 0.14701641275555138], [0.16407416147697623, 0.14404926635058374, 0.15370767931652926, 0.12023389041243868, 0.14344917251865297, 0.12802733845871153, 0.14645849146610768], [0.16666666666666669, 0.14141512923783714, 0.15405445651746322, 0.12119767261161608, 0.14122741307457945, 0.12936733794417166, 0.14607132394766587], [0.16418486396603263, 0.1449500799129519, 0.15362192073040684, 0.11998381312516766, 0.14253934387833347, 0.12879104000724684, 0.1459289383798608], [0.1644760815284936, 0.144360610272896, 0.15309118675784372, 0.11982683379179795, 0.1431367753001453, 0.12805785411561238, 0.147050658233211], [0.16446488129235878, 0.142132680481182, 0.154717756315508, 0.11950928333665499, 0.14414651570603712, 0.1264388910614519, 0.14858999180680713], [0.16537574561030047, 0.14349605029025916, 0.15329067834716553, 0.11962720076508107, 0.14346708656218152, 0.127257785032521, 0.14748545339249114], [0.16478554167989665, 0.14245366537765186, 0.15442489260406939, 0.12025742829577074, 0.14418564194978603, 0.12664278240282348, 0.1472500476900018], [0.16481883721389906, 0.14350052501400995, 0.15316005700325072, 0.11962651628055355, 0.1438171251776315, 0.12719495951973156, 0.14788197979092368], [0.16282409349331595, 0.145076441470297, 0.15249304884163456, 0.1203007271507397, 0.14326378509577867, 0.1288095623676813, 0.14723234158055287], [0.16666666666666666, 0.14287334890376444, 0.1538250544915109, 0.11921720824287681, 0.14346052714433852, 0.1265906647396927, 0.14736652981114998], [0.1632531183405169, 0.1454129134020688, 0.15301303325264093, 0.11993941463136418, 0.1425170687478436, 0.12915388276488757, 0.14671056886067801], [0.16353785979675067, 0.14430992261982362, 0.15295125498598022, 0.11949512978927283, 0.1432278652657435, 0.12810271264168935, 0.14837525490073988], [0.16438031316249044, 0.14412980984032617, 0.15346965815386815, 0.11966311867597038, 0.1432658895291303, 0.12792577928081214, 0.14716543135740218], [0.16266854929753233, 0.14510195476280546, 0.15210184526935777, 0.12009643514375698, 0.14314642959940496, 0.1288441023094028, 0.1480406836177396], [0.16361150274211814, 0.14559000827661203, 0.15356240150410932, 0.11963850103239987, 0.1420765449652216, 0.12922122463556926, 0.14629981684396975], [0.16492936447888662, 0.14289501546872374, 0.1549666464792759, 0.11940128621366293, 0.14321484041724117, 0.12701663141915825, 0.14757621552305142], [0.16229850720380862, 0.14219732200654459, 0.15649718584288191, 0.12234014231434422, 0.14288620097248345, 0.12875854382072918, 0.14502209783920808], [0.1640499678391056, 0.1450474572486307, 0.1535870492973244, 0.11972497933671666, 0.14242200135908942, 0.12861672734557208, 0.14655181757356106], [0.16260670497913846, 0.14422625324935381, 0.15598576421605523, 0.12139278366790042, 0.1392962421164272, 0.1325938575772902, 0.14389839419383454], [0.16260670497913846, 0.14422625324935381, 0.15598576421605523, 0.12139278366790042, 0.1392962421164272, 0.1325938575772902, 0.14389839419383454], [0.16371507074033745, 0.14539559143989272, 0.15351115392297235, 0.11954401658836707, 0.14201895573772588, 0.1290858137231065, 0.14672939784759798], [0.16329198155512725, 0.1451649381668613, 0.15298693078027353, 0.11954031822020385, 0.14255361714927456, 0.12878374672227325, 0.14767846740598606], [0.16521732123417676, 0.14314976592199757, 0.15499093405906966, 0.11925245288078372, 0.14293624559855952, 0.12703963254234346, 0.14741364776306914], [0.1641748278143242, 0.14574463900726406, 0.15652364760813792, 0.12011382071456453, 0.13790353930400132, 0.13314906689776038, 0.14239045865394767], [0.1631603411171532, 0.14558113765533653, 0.15390958442960956, 0.11965507511327352, 0.14187876477018774, 0.12937646190274482, 0.14643863501169466], [0.16116021728703103, 0.14432137201111359, 0.15728387492618223, 0.12148949721003807, 0.14131659054933957, 0.13008193623399658, 0.14434651178229901], [0.16379132334745258, 0.14454377998152335, 0.1556266416057916, 0.11907247876384638, 0.14156799177020193, 0.12862483862073207, 0.14677294591045204], [0.16247622162114153, 0.1454964352948939, 0.15701418812562815, 0.12076313768788353, 0.1377225447505098, 0.13394325254312173, 0.14258421997682125], [0.1636831662555046, 0.1485135995044757, 0.1563308619578886, 0.1187927831397323, 0.13613924047928203, 0.1350044236422977, 0.14153592502081916], [0.16096557948246584, 0.14382583890925502, 0.15744475265459032, 0.12129691196005425, 0.14169966163393602, 0.12944951224198992, 0.14531774311770868], [0.16271527089736174, 0.14693497924963217, 0.15665708186729274, 0.12006807906118139, 0.13659400941963706, 0.13507776559383244, 0.1419528139110624], [0.16120678398274732, 0.14607920173433134, 0.15734770383853786, 0.1198481737678776, 0.1400051505868275, 0.13069790948426627, 0.14481507660541218], [0.16066614467208715, 0.14527793030006025, 0.15840533777339558, 0.11820695940260964, 0.13965635468397164, 0.1295555672104237, 0.14823170595745225], [0.16078646216691045, 0.14652314441293665, 0.15794339917154937, 0.11802664308573278, 0.13907603363584423, 0.1302844807573054, 0.147359836769721], [0.16069426227303607, 0.14608067306327457, 0.15778268794230182, 0.11777700696844762, 0.13934076225366948, 0.12992837898049475, 0.1483962285187757], [0.16666666666666666, 0.14793095153550798, 0.1526568522321501, 0.11654809046882147, 0.13756729700393922, 0.1309515188970242, 0.14767862319589037], [0.16411109501374824, 0.14287963140253893, 0.15307387180761342, 0.1202931376193444, 0.1444822460881992, 0.12705003341798315, 0.14810998465057268], [0.16515700175983244, 0.14344110852460365, 0.1531038359007226, 0.11982851514369593, 0.14384043962903878, 0.12716101556824647, 0.14746808347386015], [0.16355268349625318, 0.14035113390075865, 0.15290419568054836, 0.12132336793642827, 0.14714284667225686, 0.125202082118915, 0.14952369019483977], [0.1646903348228466, 0.1413501480770735, 0.15372012580901076, 0.12055184444936888, 0.14546910303428437, 0.12593974005906453, 0.1482787037483514], [0.16198751911950557, 0.14345811806135525, 0.15627449900384927, 0.1191539928136333, 0.1424744629698802, 0.12862130290466883, 0.14803010512710768], [0.16666666666666666, 0.1415350142013476, 0.15491939996995538, 0.12080579008565973, 0.14332430735877993, 0.12816606741527836, 0.14458275430231232], [0.16507982153303366, 0.1455892763321378, 0.15636783852343938, 0.11989272195845779, 0.1384980011894805, 0.13225191503167302, 0.14232042543177778], [0.16336585584790253, 0.14437273254117552, 0.15625773154301295, 0.12171519549941494, 0.1385259324644527, 0.13329587653887998, 0.14246667556516152], [0.16666666666666666, 0.1460397652810788, 0.15679102629483135, 0.11829429012815038, 0.13754130294006747, 0.132058490457351, 0.14260845823185436], [0.16413776381150644, 0.1451418636258649, 0.15766421452006046, 0.1189670200115722, 0.13872390755817574, 0.13142061385544432, 0.14394461661737587], [0.16334419903546285, 0.14886132234200308, 0.1564930851133838, 0.11819935752437444, 0.13644703412765635, 0.13441319798313645, 0.1422418038739829], [0.16307211068060506, 0.1489784185857389, 0.15639246243618596, 0.11807438888549565, 0.1365065769635001, 0.134398838086391, 0.1425772043620832], [0.16364497445139012, 0.14858766502515347, 0.15699694431880065, 0.11803737741934385, 0.13637349984835007, 0.13406791463151202, 0.14229162430544978], [0.16302814972076934, 0.14904251158609605, 0.15725743478574447, 0.11835827107158768, 0.13515175695071618, 0.1357537137322946, 0.14140816215279167], [0.16666666666666666, 0.13742399187144602, 0.15152861219994776, 0.12449623594443589, 0.14879196204273062, 0.12320534967336043, 0.1478871816014126], [0.1632464463010306, 0.14114190192585863, 0.15359486663572555, 0.12336075809970481, 0.1456052112935627, 0.12744386252390327, 0.14560695322021433], [0.16296286891508385, 0.1404331285479018, 0.15180672126516048, 0.12212665175253923, 0.148163538506466, 0.12496608803680807, 0.14954100297604045], [0.1633595872057541, 0.13998010579130876, 0.15286326970515587, 0.12186628910643113, 0.14790579204329907, 0.12467026486285863, 0.14935469128519252], [0.16324119069030538, 0.14079837730813247, 0.15177704204496117, 0.12205290858083206, 0.14771388959818352, 0.12518594460512433, 0.14923064717246118], [0.16327053482749335, 0.14107806647734947, 0.1519623818235395, 0.12176172372616373, 0.14732084847943794, 0.125415261056653, 0.14919118360936306], [0.16383651186343498, 0.14021838116885776, 0.15332809580263132, 0.12271544705408446, 0.14719854324347134, 0.12535321822200154, 0.14734980264551853], [0.1645999395535253, 0.1413379975340232, 0.15241904971968273, 0.12142533213626122, 0.14661210139284567, 0.1256087211680518, 0.14799685849561006], [0.16224256588403704, 0.1391913976797696, 0.15440093798723395, 0.12106546483640514, 0.14730673994284152, 0.12468571596869803, 0.15110717770101476], [0.16456970019253694, 0.14134368066298275, 0.15158327379530956, 0.12232782848994397, 0.14693378512130445, 0.12568768058815716, 0.14755405114976522], [0.1640207098190945, 0.14121705495495462, 0.15183744333275268, 0.12313484310638943, 0.1469996287662527, 0.12593533275186156, 0.14685498726869456], [0.16227295022217023, 0.1402606890894404, 0.15263314302373374, 0.12150347982887762, 0.14784490465700934, 0.12479271014884942, 0.15069212302991916], [0.16391825699301124, 0.1405977194125586, 0.15344833287707454, 0.1213513089716251, 0.14663009386809137, 0.1252096616612533, 0.1488446262163858], [0.1645106308446181, 0.14106340292173158, 0.15265368268738158, 0.12142927213607908, 0.14666850081310728, 0.12533500935130665, 0.14833950124577566], [0.16666666666666666, 0.1353605442849186, 0.14978498381587638, 0.12708985952295154, 0.1524343385099332, 0.12037438681214474, 0.14828922038750883], [0.16394680203292072, 0.1412880065236481, 0.1542396833404258, 0.12052995132892302, 0.1456677955155994, 0.12583281139208619, 0.14849494986639677], [0.16240337828879725, 0.14112425290841704, 0.15339219323920628, 0.12017665285281622, 0.14642921436712383, 0.1255265347201271, 0.15094777362351217], [0.1636660335981363, 0.14047793234391207, 0.15373811711775354, 0.12178038108344809, 0.14676155617912628, 0.12520036742789936, 0.1483756122497243], [0.16435853333912107, 0.14170781086759962, 0.1528640430126019, 0.12092802943049154, 0.14601293537997265, 0.12582382672986903, 0.14830482124034428], [0.1623674029865587, 0.14291629907301, 0.15117681693924898, 0.12207714547855526, 0.1459973883319876, 0.12720457354644465, 0.14826037364419467], [0.16259185429484815, 0.145538944833257, 0.1546650818318962, 0.12121401755077266, 0.1416063586208203, 0.13044407649996353, 0.1439396663684421], [0.16399782788879302, 0.1428651087113317, 0.1532837639128354, 0.11974191134712567, 0.1446522112656963, 0.12672141139062987, 0.14873776548358816], [0.16191422335228295, 0.1432099690569856, 0.15473136158169817, 0.11848204074634719, 0.14367302090077158, 0.1274945954700162, 0.1504947888918982], [0.16341393550985409, 0.14173699384154245, 0.1544879111832787, 0.1192864190323874, 0.14498506195793773, 0.12580178123241784, 0.15028789724258174], [0.1624306994247136, 0.1433085997141374, 0.1522455071270019, 0.12089946977962863, 0.14498412122980275, 0.1271728539809639, 0.14895874874375178], [0.16298975430817964, 0.14301322683854653, 0.15579727801581408, 0.12088569467907452, 0.1432531143519408, 0.12791433301839075, 0.1461465987880538], [0.16161322259620098, 0.14625488801365505, 0.15566700094667885, 0.12066001726315286, 0.14062361862163145, 0.131079693762313, 0.14410155879636785], [0.16666666666666669, 0.14729555475895356, 0.15131871657203297, 0.1183103189007847, 0.1397161429884784, 0.13052979810157878, 0.14616280201150494], [0.16102869282172322, 0.14505568829010812, 0.15401007978307538, 0.12036038089374022, 0.1424056227777571, 0.1286447014865269, 0.14849483394706922], [0.1622542613231727, 0.14536211000849497, 0.1563212648685341, 0.11858840198485125, 0.14108715933335356, 0.12879017395292178, 0.1475966285286717], [0.1624257431427438, 0.14609103078218805, 0.1549034103402637, 0.11817850065381241, 0.14054088946898, 0.12941277038799534, 0.14844765522401673], [0.16666666666666666, 0.14935625971821714, 0.1554872360946013, 0.11721358669725661, 0.1361824055566061, 0.13177829586623505, 0.14331554940041705], [0.1666666666666667, 0.14912951440894917, 0.15272052459966104, 0.11539337174864474, 0.1358675571276438, 0.13271698233975782, 0.14750538310867697], [0.16666666666666666, 0.14765302613679096, 0.15288927762798196, 0.12059393950573777, 0.1295353649490805, 0.14240404006222165, 0.1402576850515205], [0.15982478053038168, 0.14844435408869944, 0.15795602141340467, 0.11967910094772527, 0.13163426822979726, 0.13918026323175026, 0.14328121155824133], [0.14346924961575905, 0.15595697541490325, 0.1436199762032788, 0.12455866788268136, 0.12343325768609324, 0.16666666666666666, 0.14229520653061759], [0.14323702755124354, 0.14719806660715679, 0.14151359697779523, 0.1294190357279373, 0.1318490738546428, 0.16666666666666666, 0.14011653261455764], [0.1476155067408761, 0.15210283736059987, 0.14300065498849737, 0.1293979505737228, 0.12894019667129186, 0.1579528205736135, 0.14099003309139843], [0.14424553535306878, 0.16666666666666669, 0.14901201816445975, 0.11856876750464586, 0.12444022520061769, 0.14649075869374387, 0.1505760284167974], [0.14753506411299114, 0.16666666666666666, 0.14740505029912288, 0.11849564424505929, 0.12754354894588638, 0.1432805933519953, 0.14907343237827828], [0.14425563129849364, 0.15379697661644234, 0.1427767897095169, 0.12501971001423165, 0.12604714784637946, 0.16666666666666669, 0.14143707784826942], [0.1445441599794678, 0.15326421981028526, 0.14276330959211234, 0.1260769032309492, 0.12675151795784304, 0.16526827168728778, 0.14133161774205466], [0.14643612001012674, 0.1569755451398574, 0.1433031403946753, 0.1222838899971047, 0.12294446379880106, 0.16666666666666666, 0.14139017399276818], [0.16666666666666669, 0.1406331343477226, 0.15312091536306968, 0.12104689710966579, 0.14587218807525718, 0.12552661339158566, 0.14713358504603247], [0.16666666666666666, 0.14241809336396252, 0.15250386543235217, 0.1212840930899736, 0.1445874387468717, 0.1271697345315151, 0.14537010816865822], [0.16666666666666666, 0.1410784421590131, 0.15316161112693408, 0.12124125438616883, 0.14544196926491665, 0.12608907688856572, 0.14632097950773487], [0.16666666666666666, 0.1415707062442728, 0.1528148558039519, 0.1215233665571284, 0.145242350734439, 0.12651627231143475, 0.14566578168210648], [0.16666666666666666, 0.13851528851801606, 0.1526440210674336, 0.12363266628650967, 0.14780925031734501, 0.12438584473098241, 0.14634626241304655], [0.16392454213185403, 0.14057283709208687, 0.1529195179549615, 0.12241786872468645, 0.14710033496561117, 0.12557491529421494, 0.14748998383658501], [0.16376771270543544, 0.1396723054886806, 0.15347460842878263, 0.12256790238764406, 0.14759028550263606, 0.12487350483015816, 0.14805368065666305], [0.1652070351190792, 0.14222990882342168, 0.1535811780301585, 0.1212622223102375, 0.14465758719049432, 0.12699980408656883, 0.14606226444004006], [0.16413420305898394, 0.1414870545580767, 0.1521421457490263, 0.12152653235974002, 0.14662601551548157, 0.1257769366816085, 0.14830711207708286], [0.16396271341698643, 0.14109777841536653, 0.15343111422061848, 0.12093741292833676, 0.14635517343439758, 0.12546693480645474, 0.14874887277783952], [0.16314806742831958, 0.1399753021193993, 0.1537882170769005, 0.12242334083428268, 0.14734562774295926, 0.12501544115406552, 0.14830400364407315], [0.1648588475579004, 0.1429441016468445, 0.15386895053887426, 0.1200104104191654, 0.1438675619219001, 0.12726074642288793, 0.14718938149242736], [0.16343509392127248, 0.1438169365778654, 0.15403270922517767, 0.12111767905892382, 0.14371027766545996, 0.12820712640750936, 0.1456801771437913], [0.16511696042385182, 0.14397836057850752, 0.15369317323330048, 0.11980541730439122, 0.14308337004980579, 0.12790748272370794, 0.14641523568643533], [0.15541281134670235, 0.147588777842834, 0.16666666666666666, 0.11731910922370999, 0.13271831850405896, 0.13398169634159787, 0.14631262007443013], [0.1551855721077239, 0.14726005822392232, 0.16666666666666666, 0.11695193090135134, 0.133636263862047, 0.13265708888481542, 0.1476424193534733], [0.14930627798094556, 0.15466328277511712, 0.15855433128655988, 0.11867329104562681, 0.12803753685935657, 0.14039690735010146, 0.15036837270229259], [0.14867859311135975, 0.15757447137480074, 0.15498567879513334, 0.1179033443420189, 0.12574376311609503, 0.14526565222781274, 0.14984849703277955], [0.14812613926677604, 0.1596273877916658, 0.14530877486547894, 0.12198002771429171, 0.1230954614446941, 0.15790458771444793, 0.14395762120264557], [0.16524502392792925, 0.14076082893479439, 0.15252850916065003, 0.12206871498186192, 0.14652429778966305, 0.12599076752392704, 0.14688185768117448], [0.16328094266646587, 0.14054984076097635, 0.15308144757734807, 0.12428532901412118, 0.146316430370532, 0.12715534552897692, 0.1453306640815796], [0.16474296331437302, 0.14096270123294452, 0.15279760973782397, 0.12118296289785932, 0.14648944186740984, 0.12572779129453746, 0.1480965296550519], [0.16513454685397816, 0.1424292373662601, 0.1532126795168204, 0.12161305633052309, 0.14460505206831556, 0.12752538680302794, 0.1454800410610747], [0.1638578696639386, 0.14300381772591444, 0.15246565595664796, 0.12055686974502397, 0.14480229434533431, 0.12738734270006957, 0.14792614986307118], [0.16427016567628208, 0.1419709962602887, 0.1521730129055303, 0.1212821010745616, 0.14617813281035383, 0.12613262436611994, 0.14799296690686348], [0.16195124684585005, 0.14164770198312746, 0.15122712603428148, 0.12205526112128766, 0.14735505302229462, 0.1260394049522066, 0.14972420604095213], [0.1635006428736004, 0.14156335655496557, 0.1517444691646226, 0.12164953942611591, 0.1468970719635697, 0.12579166322825036, 0.14885325678887568], [0.16396367689876068, 0.14073381938625806, 0.15352657222708524, 0.12210265675349358, 0.14661230775724418, 0.1254737388542487, 0.14758722812290978], [0.16447854308529994, 0.14250009595610563, 0.15355185771816368, 0.12020435062712843, 0.14462769644676954, 0.12689814324268464, 0.14773931292384807], [0.16357657944094461, 0.14265637546513715, 0.15244302661367645, 0.12110070146820187, 0.14550650536056145, 0.12676161426650825, 0.14795519738497026], [0.16666666666666669, 0.14149247910513404, 0.15284674804916673, 0.12092332143442631, 0.14545999842320553, 0.12551046909418015, 0.14710031722722067], [0.16320361145220078, 0.1452426695994877, 0.1553579577417777, 0.1186133103394211, 0.1411628345106788, 0.1289018267397239, 0.14751778961671014], [0.16310996836201166, 0.1446434912848123, 0.15393445540884232, 0.12092144701573415, 0.14292055495085973, 0.12910118745888394, 0.14536889551885598], [0.16230953675054405, 0.14265141426137296, 0.15585387443294624, 0.11914943987472341, 0.1433313329276545, 0.1278061698598904, 0.1488982318928685], [0.16437312509902136, 0.14177171613294762, 0.1543640741723168, 0.12046682409361707, 0.14494992161755504, 0.12618903855494584, 0.14788530032959638], [0.1648510378991586, 0.14241594440913266, 0.15427743332717056, 0.12011676482220215, 0.1442424434882746, 0.12668455028524384, 0.14741182576881764], [0.16143022224715575, 0.14615895213305785, 0.1520780039413029, 0.12159906731433708, 0.14306065962179826, 0.13021042424810444, 0.14546267049424388], [0.16417369436308052, 0.1423449773691682, 0.1544777464803299, 0.12117484823900669, 0.1444710496032821, 0.1268339825298914, 0.14652370141524107], [0.16443441843730658, 0.1433877300996378, 0.1558068282322474, 0.12156982271821612, 0.13946500987427157, 0.1320136387601916, 0.14332255187812898], [0.16016985979372564, 0.1443624408484563, 0.15557200949348768, 0.11912036930700552, 0.14182480018044735, 0.12999251743993154, 0.14895800293694614], [0.16391788484365308, 0.14153854292004364, 0.1547940373636067, 0.12040711387133311, 0.1449006217117046, 0.12601975812510005, 0.14842204116455898], [0.16376947632691094, 0.14514430370333348, 0.15446091490632807, 0.12011045950124016, 0.1420576186951502, 0.12912339727309374, 0.14533382959394348], [0.16526327026725487, 0.143690787840912, 0.1542954109279716, 0.11866979582352065, 0.14274873386125905, 0.1273011997812428, 0.14803080149783884], [0.1637920433986023, 0.14305215475273436, 0.1559556583077168, 0.11944299625184268, 0.14279293015356673, 0.1274123797318706, 0.14755183740366637], [0.16283429974718844, 0.14492600382802104, 0.15656931111284542, 0.12068711323366327, 0.1386090078850938, 0.13288554070670924, 0.14348872348647873], [0.1615557624023616, 0.1433462586821204, 0.15673562406224734, 0.12174143112954666, 0.1424552364493236, 0.128922331981414, 0.14524335529298626], [0.1610097040782778, 0.14350383624141366, 0.15706703602285552, 0.12206653379392704, 0.14223225282179183, 0.12929379538672495, 0.1448268416550092], [0.1608044217955377, 0.14492998985059424, 0.1575065853537263, 0.12087423765300494, 0.14103135922901838, 0.13005255989882739, 0.14480084621929087], [0.16054984349018528, 0.14408189674391436, 0.15607992781072444, 0.11949526571629543, 0.14209429069718285, 0.12976805623234203, 0.14793071930935564], [0.16429554884735337, 0.14243595764429753, 0.15584828437427822, 0.12258858293087906, 0.14078699036760026, 0.13082808952074182, 0.14321654631484984], [0.14866443365003884, 0.13332097278634425, 0.14176783641988128, 0.13868078985359739, 0.16666666666666666, 0.1252354507086878, 0.1456638499147838], [0.15726563300713556, 0.15380836080733812, 0.15821483325312852, 0.11608635354193625, 0.12943042904484525, 0.13867398959811433, 0.14652040074750192], [0.1513861451815537, 0.16666666666666669, 0.14925764690542465, 0.11678747191611091, 0.1252141898575359, 0.1495793137402048, 0.14110856573250344], [0.14980205116552026, 0.16666666666666666, 0.14666782325949065, 0.11910624610521828, 0.12615837055667442, 0.15105376496542164, 0.14054507728100799], [0.14552943297179488, 0.16666666666666669, 0.14651063167719522, 0.11847885293874022, 0.12372214086036185, 0.15088604776773706, 0.14820622711750422], [0.14769228413293, 0.15723699979783237, 0.1486116068686418, 0.12287581206493303, 0.12902228346403605, 0.143037877935233, 0.1515231357363937], [0.14417171014499014, 0.16666666666666666, 0.14843801716247032, 0.11807048549634938, 0.12283949004311709, 0.14887463650940985, 0.15093899397699653], [0.14490296337523972, 0.16666666666666669, 0.14726275278871243, 0.11895628495010321, 0.12146051609805751, 0.1531603514295004, 0.14759046469172013], [0.14049201445218176, 0.1400185869298368, 0.13829195752162593, 0.16666666666666669, 0.14249213737200442, 0.13130979240035745, 0.14072884465732705], [0.14050876337359375, 0.14043908807393243, 0.13822832353064796, 0.16666666666666669, 0.14218908598691088, 0.13112183778863548, 0.14084623457961284], [0.14533854482876182, 0.16666666666666666, 0.14670267175107715, 0.11917129385841108, 0.1214073652236973, 0.15427630747635282, 0.1464371501950331], [0.15476549246967267, 0.14937003217818054, 0.1590064396944258, 0.11984175821264335, 0.13166071777271296, 0.1370788527740055, 0.14827670689835926], [0.14674505587481898, 0.16666666666666669, 0.14890994267087912, 0.11604080590007149, 0.12358453543261144, 0.148599319183845, 0.1494536742711074], [0.15579350750756862, 0.14809458122880167, 0.16362827209812295, 0.11660735546414161, 0.1351485283701826, 0.13252583219250746, 0.1482019231386751], [0.15632467669626773, 0.1486153255978417, 0.16180083811792512, 0.11646842676949705, 0.1348475429706285, 0.13450536801051008, 0.14743782183732973], [0.15426168201875146, 0.14802641284900145, 0.16353231115539268, 0.117653059545289, 0.1366904551181699, 0.1302965291619574, 0.14953955015143816], [0.1533621201537047, 0.14818660800509836, 0.16666666666666666, 0.11591275593729539, 0.13568165722203224, 0.1306584589422414, 0.14953173307296122], [0.1498919583740103, 0.14301779452787833, 0.1512136975784798, 0.12052013981977937, 0.14384789095191655, 0.12484185208126919, 0.1666666666666667], [0.14511283198237768, 0.15706632709246443, 0.15543241743345504, 0.11942119679246578, 0.13098253169144022, 0.13550653947032582, 0.15647815553747108], [0.14292774317193885, 0.16666666666666669, 0.14955341559387697, 0.1174510770420972, 0.12434419234563868, 0.14301344271867245, 0.15604346246110926], [0.14498306621303367, 0.16666666666666666, 0.1485099346935928, 0.11871679858548348, 0.1266199116860668, 0.144283894239712, 0.1502197279154446], [0.1438521174111845, 0.14417859206817793, 0.14439043923000175, 0.1298949241980339, 0.1421437989265313, 0.12887346149940404, 0.16666666666666669], [0.15463346965322675, 0.136136718963495, 0.14268446625805578, 0.13342175737363857, 0.16666666666666669, 0.11998200555801122, 0.14647491552690606], [0.15523736286644055, 0.1346788710812305, 0.1449122988025644, 0.13608903443831943, 0.15771272333740438, 0.12372345290899252, 0.14764625656504818], [0.16214262567256824, 0.14389973184257954, 0.15663304927691754, 0.12035671539227998, 0.14196481309617534, 0.1287413012734651, 0.14626176344601427], [0.1524379264341114, 0.14596426296398737, 0.15440858073560162, 0.12788164849991196, 0.13889575361160356, 0.13436080270031364, 0.1460510250544704], [0.15114632516238594, 0.1443122996620517, 0.15002673104473752, 0.12985836200895148, 0.14511874516648027, 0.13128753822966194, 0.14824999872573125], [0.1525263075813171, 0.1470171273445498, 0.15884413417409166, 0.11860308890897589, 0.1404221410662829, 0.12937130075056982, 0.1532159001742128], [0.14295589896889352, 0.15209797795901828, 0.15063611694934603, 0.12261779553882761, 0.13539058248921312, 0.1312235891913485, 0.16507803890335285], [0.1443012485632293, 0.15348958147587596, 0.15040136922587155, 0.12228488609777965, 0.1337430512449746, 0.13377006097550698, 0.16200980241676202], [0.1431433179711144, 0.1496234120782611, 0.1494987042490648, 0.1240597261219329, 0.13784520353118568, 0.1311013996059148, 0.1647282364425263], [0.1432562899613351, 0.1493300350856781, 0.14923721634516257, 0.1231131608168253, 0.13754207006316524, 0.13085456106116702, 0.16666666666666669], [0.14434444048500272, 0.15351724107501968, 0.15037011925909294, 0.12195998317444598, 0.13363142345269957, 0.13378101781886187, 0.16239577473487735], [0.14473084549985818, 0.15489970369529174, 0.1501488071797593, 0.12078948997262041, 0.13173473862460625, 0.13569856128703606, 0.16199785374082795], [0.14291101930188083, 0.15297646091576056, 0.15067213535455512, 0.12121823365910606, 0.1339381231303906, 0.13161736097164028, 0.16666666666666669], [0.14356205810797018, 0.15384356315316833, 0.15059335434317767, 0.12180696534876573, 0.1333302268942411, 0.13312974378387865, 0.1637340883687983], [0.14305293649434178, 0.15253408258811246, 0.15068263831049847, 0.12334624144197275, 0.1350884340333047, 0.13140219729523037, 0.16389346983653938], [0.14450137378894437, 0.15006732978406145, 0.15020311261036748, 0.1247068807579523, 0.13816320245549601, 0.130230624983102, 0.16212747562007618], [0.14596232829143269, 0.16666666666666666, 0.14148176324940226, 0.13185687052047665, 0.13499095070176412, 0.1358881014094423, 0.14315331916081525], [0.1441139372156215, 0.15030427453337505, 0.1501436332485314, 0.12438302070330325, 0.13784874534676436, 0.13079538086075113, 0.16241100809165326], [0.14374893070216901, 0.1483897715643378, 0.14897405958593987, 0.12494929112493765, 0.1392426280925806, 0.13039720393058052, 0.16429811499945457], [0.14313182733957852, 0.1518161543800966, 0.15067342425336708, 0.12292329071305007, 0.1358793654102388, 0.1310317655787743, 0.16454417232489446], [0.1432186339389223, 0.15003147578630474, 0.1498112854218664, 0.12421560603783952, 0.1377538365656456, 0.1313928879406648, 0.16357627430875665], [0.14309019347515067, 0.150619150922627, 0.15011458611105594, 0.12373066660085398, 0.13725197296224065, 0.13145162683248854, 0.16374180309558328], [0.14446171220350043, 0.1396452769605787, 0.14217908007496496, 0.13438995510911136, 0.14693531407604687, 0.12572199490913089, 0.16666666666666666], [0.14278796149822373, 0.15577066360517225, 0.1502738973199982, 0.11997084724917535, 0.1303921527070964, 0.13413781095366747, 0.16666666666666669], [0.14357786003812592, 0.15322033791244183, 0.1497554082915765, 0.12318975386125422, 0.13340039758124814, 0.1345036661348096, 0.1623525761805438], [0.14364498200891093, 0.14908765337553365, 0.14933603509478383, 0.12466506262343106, 0.13859662547064874, 0.13058406353064608, 0.16408557789604578], [0.14368128631006416, 0.1487390806365604, 0.14886633081342585, 0.1232136465880268, 0.13796441693416756, 0.1308685720510886, 0.16666666666666669], [0.1441960482350512, 0.14901173615008312, 0.14905516369776656, 0.12317226538504777, 0.13797690092285841, 0.13122530925034429, 0.16536257635884863], [0.14391789555345444, 0.14953091990980372, 0.14906207850350123, 0.12305477305960312, 0.13725715936849314, 0.13193676175268695, 0.16524041185245725]]