[[0.16018605792458906, 0.14066904371049044, 0.14716627776245328, 0.11687289051210341, 0.14158363465109525, 0.12685542877260192, 0.16666666666666669], [0.15481409104711796, 0.1390184821499624, 0.1518799879548105, 0.11865558581217876, 0.1468741076156296, 0.12209107875363409, 0.16666666666666666], [0.15379544704964374, 0.1389386373163754, 0.15245358108877993, 0.1188506102638589, 0.1472347875463292, 0.1220602700683462, 0.16666666666666669], [0.15659416482599275, 0.13998688820523958, 0.15087111892038277, 0.11811677933392073, 0.14431560310114308, 0.12344877894665449, 0.16666666666666669], [0.1546512543911471, 0.13969651441392164, 0.15172246068487102, 0.11837784515686207, 0.1455333307851426, 0.12335192790138884, 0.16666666666666666], [0.15324389556085585, 0.1407143427209921, 0.1506637502592251, 0.11928332730288618, 0.14524444294774666, 0.12418357454162746, 0.16666666666666666], [0.15509667663647098, 0.1402007721878973, 0.1518270419446233, 0.11833678513166158, 0.14500493542780019, 0.12383562361333712, 0.16569816505820933], [0.15470059351657622, 0.1411358115513681, 0.15164110318164015, 0.11849163530124658, 0.14459115870867936, 0.12484719572118505, 0.1645925020193045], [0.1579514811670364, 0.14039129184207808, 0.15064436200126075, 0.11729463747484273, 0.1436626856249951, 0.12338887522312028, 0.16666666666666666], [0.15544054691743311, 0.14157752315066705, 0.1513648589937189, 0.11726549132635843, 0.14306908923682757, 0.12461582370832812, 0.16666666666666663], [0.15240745017183005, 0.14120401460657006, 0.15107778218713164, 0.11914125882579384, 0.144957029003223, 0.12454579853878486, 0.16666666666666669], [0.15601436126499701, 0.14270549750998382, 0.1504549085352376, 0.11685963571075866, 0.14184951031692397, 0.1254494199954323, 0.16666666666666669], [0.1525619555460731, 0.14096909566971078, 0.15161237988213683, 0.1195855815383928, 0.14559889784982952, 0.12459848441312983, 0.1650736051007272], [0.15482064002735652, 0.14224990460435447, 0.1513632924633218, 0.11757045032671663, 0.14316757716963274, 0.12540256628741886, 0.16542556912119913], [0.15475680035909256, 0.14337653975914152, 0.15056195352177856, 0.11750236097035753, 0.14223742370987308, 0.12625214572170562, 0.16531277595805108], [0.15458318547770003, 0.14225745834829484, 0.15110755005734994, 0.11730082097753124, 0.1429096026978963, 0.12517471577456105, 0.16666666666666669], [0.1564346202160229, 0.1436160149891676, 0.14991710835964658, 0.11637648633781, 0.14078495752745426, 0.12620414590323203, 0.16666666666666669], [0.16666666666666669, 0.1429451557190841, 0.1469847682036812, 0.11499471247456929, 0.13927030822613337, 0.12884656637968203, 0.16029182233018355], [0.1626064828093337, 0.14244643350000508, 0.15027952377992013, 0.11301799716269262, 0.13897470069281354, 0.1260081953885682, 0.16666666666666666], [0.15592504242233127, 0.1414647426790846, 0.15160598403349498, 0.1172582215026657, 0.14258643100740595, 0.1244929116883508, 0.16666666666666666], [0.15590667426969598, 0.1424483619301154, 0.15093284815571337, 0.11694728648266903, 0.14180579226741682, 0.12529237022772274, 0.16666666666666666], [0.16666666666666669, 0.14308659343352848, 0.14825208023675931, 0.11508416192079106, 0.13903187025164007, 0.1290062249650364, 0.15887240252557808], [0.15712341358019638, 0.14323441439204518, 0.15024776288463293, 0.11629574910539316, 0.14063322408661946, 0.1257987692844462, 0.16666666666666666], [0.15583153064021535, 0.14287906587366414, 0.15083951142368918, 0.11671578220869076, 0.14157394509146978, 0.1254934980956042, 0.16666666666666669], [0.15709159077612647, 0.14120185412600253, 0.15222200754705112, 0.11636496867733952, 0.14264493873557701, 0.12380797347123669, 0.16666666666666666], [0.15594693435092674, 0.1423721275974623, 0.15133436188956947, 0.11734548661794832, 0.14234175894382184, 0.12534620289560988, 0.1653131277046613], [0.15701266568270697, 0.1409868700233107, 0.15182699723675241, 0.11702793009547773, 0.14262124590683267, 0.12385762438825287, 0.16666666666666669], [0.15517300328917272, 0.1424044890536758, 0.15165244904302974, 0.11740095376886131, 0.14273606819694704, 0.12532747502026348, 0.1653055616280499], [0.15481384134467732, 0.14349219318438666, 0.1505506030391165, 0.11689848564864175, 0.14154652764816872, 0.12603168246834234, 0.16666666666666666], [0.1563422981887513, 0.14166330747471417, 0.15169073316224582, 0.11680410171225643, 0.14228034746069135, 0.12455254533467437, 0.16666666666666669], [0.15611299970629244, 0.1437545467749658, 0.1503127387765935, 0.11629342729035878, 0.1406327480470269, 0.12622687273809577, 0.16666666666666666], [0.155349712175902, 0.1428865168434388, 0.1512222888389643, 0.11649181956075533, 0.14173556722647146, 0.1256474286878015, 0.16666666666666666], [0.15598759767420511, 0.14261128635789266, 0.15123381814133388, 0.11649604032376018, 0.14168915547680183, 0.1253154353593397, 0.16666666666666669], [0.15432287439865663, 0.14387524120137846, 0.15088936585604912, 0.11744727688824053, 0.14180847554247078, 0.12669255709832614, 0.16496420901487832], [0.1567009194148739, 0.14390867387380724, 0.15048773853804825, 0.11588695411645207, 0.14011493336528671, 0.12623411402486523, 0.16666666666666669], [0.15773813821685997, 0.14187932450249355, 0.15215864007628996, 0.11641589586807238, 0.1417335690300127, 0.12451224382519965, 0.16556218848107176], [0.1608348269476984, 0.14201752181611726, 0.14985549581618163, 0.1149974281706374, 0.1406297801806365, 0.1249982804020622, 0.16666666666666669], [0.15615073359033588, 0.14349102917521991, 0.15079209234869137, 0.11634551440990704, 0.1406765592855379, 0.12587740452364127, 0.16666666666666669], [0.16666666666666666, 0.144896918027503, 0.1472900149607592, 0.11397967161644879, 0.13638352136179935, 0.13110906256706964, 0.15967414479975325], [0.16666666666666666, 0.144896918027503, 0.1472900149607592, 0.11397967161644879, 0.13638352136179935, 0.13110906256706964, 0.15967414479975325], [0.156914020244367, 0.14373556154905504, 0.15056891508293688, 0.11586648704030734, 0.14009540761208775, 0.12615294180457928, 0.16666666666666666], [0.1555561311648294, 0.14363142164635165, 0.15105076935707154, 0.11617923802171656, 0.14083385960535794, 0.12608191353800632, 0.16666666666666669], [0.15720481444290305, 0.1417991513571896, 0.15228206057292581, 0.11617871919790393, 0.14139786736296645, 0.12447072039944454, 0.16666666666666669], [0.16666666666666666, 0.14551173398714884, 0.147209376227593, 0.11382485188285058, 0.1354093158101388, 0.13158152594869707, 0.15979652947690498], [0.1568681855056664, 0.14386055782003712, 0.150596011051555, 0.11581892775322211, 0.13985607119017157, 0.12633358001268105, 0.16666666666666666], [0.1617269391950464, 0.14309568485752408, 0.14981604825450218, 0.11457017980797592, 0.13825217464411377, 0.1258723065741711, 0.16666666666666669], [0.1582311014826387, 0.14287705467569106, 0.15190177245238692, 0.11522921450307091, 0.1395412560599643, 0.1255529341595816, 0.1666666666666667], [0.16666666666666666, 0.1461920309000848, 0.14706758543224535, 0.11335928979276365, 0.135088239633293, 0.13266452113377702, 0.15896166644116955], [0.16666666666666669, 0.14676810447927535, 0.1473060489930863, 0.11385165805441202, 0.1336122261420737, 0.133209687204671, 0.15858560845981498], [0.16113904218643538, 0.1431921369213417, 0.15069943780070102, 0.1145235721017585, 0.13836219881035075, 0.1254169455127461, 0.16666666666666669], [0.16666666666666669, 0.1470615646156189, 0.14677217295796932, 0.11384624221171959, 0.13391773747624444, 0.1340901015647505, 0.1576455145070306], [0.16013542205446912, 0.14426011780875692, 0.15091910769950084, 0.11443540822733299, 0.13692276739675768, 0.12666051014651578, 0.16666666666666666], [0.15867850529704627, 0.14536875003334138, 0.1543921381567439, 0.11363043006668697, 0.13710550384024575, 0.12636471874221725, 0.1644599538637184], [0.15789015023292927, 0.1451690521819551, 0.15382042624432662, 0.11330423851500337, 0.13639729045396087, 0.12675217570515815, 0.16666666666666669], [0.15798672839054106, 0.14492160453667652, 0.15445467471847224, 0.11298307400362953, 0.13666128862330368, 0.12632596306071026, 0.16666666666666666], [0.15405635426387265, 0.14717022778401764, 0.1517064580416955, 0.11451313258022876, 0.1363857791648353, 0.12950138149868334, 0.16666666666666663], [0.15513059407002783, 0.14146509751056985, 0.1513449982800194, 0.11753546194436977, 0.14316301422792352, 0.12469416730042283, 0.16666666666666663], [0.1553849856907462, 0.1423287592040146, 0.15145503418732043, 0.11758528009610128, 0.1427472156048147, 0.12526895838322796, 0.16522976683377488], [0.15506832370518134, 0.13944443393726796, 0.15127806573640856, 0.1187111330989973, 0.146018076217144, 0.12281330063833415, 0.16666666666666666], [0.15660233929210116, 0.14029495489569127, 0.15140832671193352, 0.11759041738513856, 0.14410782621224916, 0.12332946883621958, 0.16666666666666666], [0.16029198443811607, 0.14240410966121972, 0.15189700832875547, 0.11367061831104944, 0.13968247291428781, 0.12538713967990484, 0.16666666666666666], [0.15937336670746574, 0.14141311493201278, 0.15068205348493569, 0.11423161825211527, 0.1424530549767602, 0.12518012498004363, 0.16666666666666666], [0.16666666666666669, 0.14463285272629564, 0.14753631535337058, 0.11408555583338076, 0.13618229318900407, 0.1301213647623081, 0.16077495146897422], [0.16666666666666666, 0.14520672148065497, 0.1465474198319893, 0.11414427136716368, 0.13640704652411567, 0.1321269988758286, 0.15890087525358104], [0.16666666666666666, 0.14539184655807472, 0.148392060507865, 0.11322268893263018, 0.13522099608835572, 0.13036928458768546, 0.16073645665872224], [0.16666666666666666, 0.14487372367360238, 0.1494105685329046, 0.11195525390424632, 0.13578867726175553, 0.12876810599962926, 0.16253700396119516], [0.16600603185875865, 0.14709179974931305, 0.14816697034413082, 0.11338260155659566, 0.13344376041693692, 0.13181010586982903, 0.160098730204436], [0.16666666666666669, 0.1471225429548417, 0.14826851777376074, 0.11297601940473843, 0.1333421383345477, 0.13149919419195719, 0.1601249206734876], [0.16666666666666669, 0.14670986789365678, 0.14837446871046328, 0.11298643812158611, 0.13329522785326342, 0.13146691104149066, 0.1605004197128731], [0.16494576912048967, 0.1482025009074216, 0.1476810934134319, 0.11361406166682726, 0.13282243595321988, 0.13456956024541994, 0.15816457869318953], [0.15377416373591146, 0.13753877006534643, 0.1490393825624251, 0.12080419674625467, 0.14955253329816795, 0.1226242869252277, 0.16666666666666666], [0.15840771460196723, 0.14002338842626133, 0.14912283101272925, 0.11815041312361212, 0.1436079751473323, 0.12402101102143102, 0.16666666666666666], [0.1527944537259366, 0.1391506373583608, 0.1512526190336468, 0.11994920331036614, 0.14725896746702122, 0.12292745243800181, 0.16666666666666669], [0.154203942350233, 0.13929331876433013, 0.15196404561725305, 0.11999173824732963, 0.14712079389020438, 0.12291303879987177, 0.16451312233077817], [0.15276958235272722, 0.13962582636300827, 0.1512446765751086, 0.12003066801115062, 0.14685480315623267, 0.12330571745969664, 0.16616872608207586], [0.15304723763674116, 0.1398024584850038, 0.15124515405464495, 0.11952318376356565, 0.14635644713995408, 0.12335885225342372, 0.16666666666666666], [0.15582959937253438, 0.13933004765787654, 0.15093771168880438, 0.11924457758832659, 0.14566112708663206, 0.12233026993915938, 0.16666666666666666], [0.15426091153453098, 0.13997287513215367, 0.1511854742983148, 0.11898699007673572, 0.14553123385212818, 0.12339584843947005, 0.16666666666666669], [0.1550589701014253, 0.1396417173938573, 0.15258604032533726, 0.1176132401756876, 0.1458411027713817, 0.12259226256564415, 0.16666666666666669], [0.15256740892255508, 0.14010355809603015, 0.1508576372514867, 0.12015645763314949, 0.14596742231907225, 0.12368084911103974, 0.16666666666666669], [0.152553107634816, 0.13981051877568093, 0.150643863407466, 0.120728948451458, 0.14591268093147106, 0.12368421413244131, 0.16666666666666666], [0.15298580091011493, 0.13903973128770913, 0.15221629859840705, 0.11934914363417415, 0.14694708486207025, 0.12279527404085777, 0.16666666666666666], [0.15541285434793564, 0.13976561862009132, 0.15164038537223345, 0.11851866168121131, 0.1453776146527883, 0.12261819865907327, 0.16666666666666666], [0.1542016310138672, 0.13992229512344534, 0.15160216765644585, 0.11941309387899193, 0.14577720573314182, 0.1234929052762751, 0.16559070131783277], [0.14970500141748003, 0.13636738984970204, 0.14973603820250164, 0.1256599923589803, 0.15192013991315712, 0.11994477159151218, 0.16666666666666666], [0.1564864014197212, 0.1404986596813076, 0.1522725524672713, 0.11798236604698746, 0.14450827614604528, 0.12357804037207158, 0.16467370386659566], [0.15374741178975435, 0.13989350121919442, 0.15275757840277002, 0.1179365488604948, 0.14545408026903256, 0.12354421279208722, 0.16666666666666669], [0.15532906937353785, 0.13965677909896046, 0.15185010266075533, 0.11871991888365335, 0.14540437463829883, 0.12237308867812752, 0.16666666666666669], [0.1544371919269444, 0.14035018436676608, 0.15161417972074662, 0.11844009542727636, 0.14488948432269466, 0.12360219756890518, 0.16666666666666666], [0.15151833783681812, 0.14159985552790336, 0.1507405382730242, 0.11960562215934713, 0.14485172446222214, 0.12501725507401854, 0.16666666666666669], [0.15980753594319372, 0.1432242853982027, 0.1487305321721857, 0.11623442704149442, 0.13886086249392793, 0.1264756902843289, 0.16666666666666666], [0.15442823656043003, 0.14157723097023056, 0.15210395790083114, 0.1172028612565366, 0.1434610317997732, 0.12456001484553186, 0.16666666666666669], [0.15469803542405722, 0.14185262295756604, 0.15351855470656206, 0.11569378746648466, 0.14234246977583864, 0.12522786300282462, 0.16666666666666666], [0.15471312145362703, 0.14061106999466086, 0.1534448149685, 0.11691197652379819, 0.14389849685021155, 0.12375385354253578, 0.16666666666666669], [0.15271908460457465, 0.14199074733463105, 0.15160076710114154, 0.11831730365074922, 0.14376080107425232, 0.12494462956798456, 0.16666666666666666], [0.15917280634055267, 0.1418170666033808, 0.1514781437313081, 0.1159221059288023, 0.14071460894614077, 0.12422860178314869, 0.16666666666666666], [0.160939591239628, 0.14405470187999347, 0.14928643777219444, 0.11570095936846496, 0.13781643781877118, 0.12724377305916568, 0.1649580988617822], [0.15410082669550929, 0.14638730825806945, 0.1495141617726285, 0.11604305185575721, 0.13845252327762625, 0.12883546147374267, 0.16666666666666666], [0.15339715469997797, 0.14400912567104684, 0.15311708580402691, 0.11811788974534866, 0.1412307244834217, 0.12680339810972346, 0.16332462148645444], [0.15555197695728332, 0.14377789528088072, 0.15383145507887488, 0.1150132844074642, 0.1391850576894309, 0.12597366391939932, 0.16666666666666666], [0.1544300206251797, 0.14471341367025614, 0.1535477160335373, 0.11493203344373254, 0.1387916692780646, 0.12691848028256303, 0.16666666666666666], [0.15686124640957594, 0.14822709699976105, 0.15056081531544613, 0.1139877483688695, 0.1341939086224976, 0.12950251761718304, 0.16666666666666666], [0.15495132492715297, 0.14835778416495157, 0.15115191703491798, 0.11313706742875548, 0.13451222851042216, 0.1312230112671331, 0.16666666666666666], [0.16666666666666669, 0.1502544270292588, 0.14436609394514563, 0.11621485490053397, 0.1290995435799442, 0.1448643436845042, 0.14853407019394663], [0.16666666666666666, 0.1518649443738506, 0.14690634366581026, 0.11256953557166866, 0.1293387047995253, 0.14027696660724628, 0.15237683831523224], [0.14712798756207682, 0.15569658963870903, 0.14265080890553683, 0.12353489196892208, 0.122526879340588, 0.16666666666666666, 0.14179617591750057], [0.1436727843263636, 0.14724684553279407, 0.14114398929691604, 0.1295123603334134, 0.13193630995613218, 0.16666666666666666, 0.13982104388771405], [0.14670389238945625, 0.1514059456301879, 0.1414800354324955, 0.1276146105261005, 0.12716660438970123, 0.16666666666666666, 0.13896224496539192], [0.15344515856597177, 0.16666666666666666, 0.15389590306588247, 0.11371805542759757, 0.12073117104951801, 0.15046893632151961, 0.1410741089028439], [0.1484669899887229, 0.16666666666666669, 0.15018379608984697, 0.11747734996789541, 0.12671651964741734, 0.14335803926654195, 0.1471306383729088], [0.1454563491444, 0.15362198824645412, 0.14202350761815452, 0.12445343895167003, 0.1254948467917054, 0.16666666666666666, 0.14228320258094923], [0.1451752836955371, 0.15301120260505552, 0.14174090317704183, 0.12531063207050425, 0.12599798246683477, 0.16666666666666666, 0.14209732931835978], [0.14710836099978983, 0.15694508169380395, 0.14351631206669144, 0.12214437546114146, 0.12344676407118092, 0.16666666666666669, 0.1401724390407258], [0.15707702708066393, 0.13979423204520253, 0.15049771604223589, 0.11815797471633839, 0.144555354705785, 0.12325102874310759, 0.16666666666666666], [0.15775505454270503, 0.14103973960119062, 0.14945445887756484, 0.11870442622574894, 0.14333239637788606, 0.12492462326880992, 0.16478930110609463], [0.1578311501037111, 0.1399331623729806, 0.15010603006975054, 0.11796325326141681, 0.1439103467993716, 0.12358939072610284, 0.16666666666666669], [0.15766792293771065, 0.1401901786266406, 0.1499460977505926, 0.11885362009861425, 0.14397533012568053, 0.1241546263526988, 0.1652122241080626], [0.1550574470788063, 0.13867197814107446, 0.15010036366209936, 0.12042927285428952, 0.14684785314118307, 0.12222641845588053, 0.16666666666666666], [0.15535253706311047, 0.13927939674415762, 0.1508895758408011, 0.1193466825323835, 0.1457422902152635, 0.12272285093761716, 0.16666666666666666], [0.15557099029684382, 0.13920846063112222, 0.15124687163540104, 0.11911915295089176, 0.14609841470148485, 0.12208944311758956, 0.16666666666666666], [0.15807183473348674, 0.1405303435456384, 0.1503032662384058, 0.11764246647052037, 0.1429029683400735, 0.12388245400520854, 0.16666666666666669], [0.15340335076141037, 0.14019813522441904, 0.15123200711943224, 0.1192158537209593, 0.14560015448885205, 0.12368383201826047, 0.16666666666666669], [0.1551935099354128, 0.13996796997388852, 0.1520743009497126, 0.11875287799498213, 0.14538487186839372, 0.12349877993542877, 0.16512768934218128], [0.1550173533207303, 0.1393600892898201, 0.1518726451068349, 0.11912808833938485, 0.1459065925773261, 0.12204856469923701, 0.16666666666666666], [0.1575850548458694, 0.14127147467308634, 0.15101365956106982, 0.11672077826391845, 0.14226004614349377, 0.1244823198458954, 0.16666666666666663], [0.15695872353403031, 0.14190461897354775, 0.15038691249988387, 0.11730563705568713, 0.1417890336661671, 0.12498840760401705, 0.16666666666666666], [0.15695328385614069, 0.14240047301434794, 0.15077802089268524, 0.11654639116456389, 0.1414432392128434, 0.12521192519275215, 0.16666666666666666], [0.16666666666666669, 0.15241808567412524, 0.15143241955833714, 0.11114914449951428, 0.12986174158773023, 0.13308920090889392, 0.1553827411047326], [0.16666666666666666, 0.15081157225002018, 0.15417732161838155, 0.11109948281724931, 0.13066062674909937, 0.13032321723755333, 0.15626111266102954], [0.16666666666666666, 0.1596097779719555, 0.15427860995794845, 0.10922432915498995, 0.12273130148576683, 0.1409765006861119, 0.14651281407656067], [0.1599855255217816, 0.16666666666666669, 0.1529714265578994, 0.10931358901630472, 0.11964216411307389, 0.1465447702114643, 0.14487585791280946], [0.14965632150063893, 0.1592039330636921, 0.14560288707952646, 0.11929185909962886, 0.12152239806435333, 0.16666666666666666, 0.1380559345254936], [0.1569336343417118, 0.13944211513222296, 0.14974694535717112, 0.11879695787540966, 0.14504663040754034, 0.12336705021927748, 0.16666666666666666], [0.1577313818190577, 0.1393844072470178, 0.14875482593560613, 0.11891031400665619, 0.14496780589035035, 0.12358459843464521, 0.16666666666666669], [0.1560752111469921, 0.1395527590522311, 0.1507341627662482, 0.11843985714367417, 0.14527256072396422, 0.12325878250022348, 0.16666666666666666], [0.15817196296421693, 0.14081755293305112, 0.14979217493606076, 0.11861718570667733, 0.14313804992139142, 0.12492266063639422, 0.1645404129022083], [0.15561779128754644, 0.14147798944583717, 0.1504069676195285, 0.11758361693392666, 0.143392435469188, 0.12485453257730648, 0.16666666666666666], [0.15390091859636065, 0.14062946895271858, 0.15099037549575386, 0.1188167039793569, 0.145065147124684, 0.12393071918445932, 0.16666666666666666], [0.15161089290443105, 0.14040866807653313, 0.1510417792185784, 0.11984593532420855, 0.14639866875943303, 0.12402738905014907, 0.16666666666666663], [0.15264617474506573, 0.1403401443828783, 0.15115733186616018, 0.11945598416396042, 0.1459337564179123, 0.12379994175735659, 0.16666666666666669], [0.15562574001727328, 0.13983757142647302, 0.15155096820701747, 0.11934209979794874, 0.14537002278144728, 0.12292200655696697, 0.16535159121287318], [0.15669555637050378, 0.1408789830731205, 0.15129142896189518, 0.11708762132336724, 0.14314930470558684, 0.12423043889885982, 0.16666666666666666], [0.15399629543003557, 0.1415145840210066, 0.15136993845826924, 0.11893384606563838, 0.14450024971239198, 0.12486395933905867, 0.16482112697359963], [0.15433771601311935, 0.14037654602189822, 0.15151746470063437, 0.11889558917264972, 0.144519939379781, 0.12368607804525085, 0.16666666666666669], [0.15668045261992142, 0.1436713617792776, 0.15246827838185045, 0.11508891597232061, 0.139292297897629, 0.12613202668233425, 0.16666666666666666], [0.15756326461318176, 0.14267270888260625, 0.1497343365170162, 0.11682785595495596, 0.14079559257468527, 0.12573957479088807, 0.16666666666666669], [0.15906730555344076, 0.1418190902144283, 0.15215291959265534, 0.11435423034857854, 0.14097644350763358, 0.12496334411659682, 0.16666666666666666], [0.15701668909904504, 0.1408295154528378, 0.15196877675704046, 0.11754619158495727, 0.14357704612620625, 0.12363014939099236, 0.16543163158892069], [0.15714342465022588, 0.1408990968161903, 0.15165600494684522, 0.11695140257377312, 0.14271761128269028, 0.12396579306360854, 0.16666666666666669], [0.15467352163565193, 0.14430890324251217, 0.14896476680529694, 0.11753341377480234, 0.1409311065176725, 0.12692162135739754, 0.16666666666666669], [0.1563125063444908, 0.14103364663557832, 0.15185295620793252, 0.11858272998419245, 0.14320634605536056, 0.1245643210554139, 0.1644474937170315], [0.16666666666666669, 0.14422975672556373, 0.14700415370755293, 0.11402929178034779, 0.1373904067705643, 0.13065796448291733, 0.1600217598663873], [0.15865118486416055, 0.14321663805466947, 0.1514536315784984, 0.11384515340351134, 0.13906861901728987, 0.12709810641520367, 0.16666666666666666], [0.15689220532912593, 0.1411363153040036, 0.15244725092982317, 0.11744358979655883, 0.14350622435291394, 0.12360416142370981, 0.16497025286386469], [0.1578858999309637, 0.14328723066545218, 0.1502487228672384, 0.11609332266453584, 0.13993420875388646, 0.12588394845125683, 0.16666666666666669], [0.15601829497729214, 0.14243543268814735, 0.15224000319397937, 0.116047344704829, 0.14144190680065102, 0.1251503509684344, 0.16666666666666666], [0.15851342162934665, 0.14216606373142784, 0.15242082727638265, 0.11527598918890494, 0.14068631650420554, 0.12427071500306572, 0.16666666666666669], [0.16666666666666669, 0.14541467128176616, 0.1475131227332386, 0.11345219276232651, 0.13568410748527063, 0.13131997250834007, 0.15994926656239142], [0.16011510141713584, 0.14243823959764831, 0.15080415098321692, 0.1154582751654998, 0.13968273429420897, 0.12483483187562355, 0.16666666666666669], [0.1597084339142014, 0.14258227842201646, 0.15067859800116032, 0.11562971886760348, 0.1396768302594127, 0.12505747386893895, 0.16666666666666666], [0.1602595789132349, 0.14351297994147563, 0.1510150770374654, 0.11483497840820495, 0.13787781065781793, 0.1258329083751346, 0.16666666666666669], [0.1600391158062736, 0.14310912114582255, 0.1516521097059435, 0.11331087601376906, 0.13887273810704112, 0.12634937255448353, 0.16666666666666669], [0.16666666666666666, 0.1430071688884493, 0.1470333494563217, 0.11507008143696013, 0.1390797587003928, 0.12865502287078165, 0.16048795198042767], [0.14562577086185005, 0.1331924694778025, 0.1449414093057951, 0.13771815069301416, 0.16666666666666666, 0.12381032791485394, 0.1480452050800175], [0.16666666666666666, 0.15267138467275138, 0.1502770703601546, 0.111613866300468, 0.12613787137970797, 0.1361987797128986, 0.15643436090735274], [0.15492313768747434, 0.16666666666666669, 0.14245237441271014, 0.11396112190651526, 0.12286533060242644, 0.14861107757782907, 0.15052029114637813], [0.15213511752458553, 0.16666666666666666, 0.1414845556267141, 0.11657851222238141, 0.12400544189447049, 0.1502239728783511, 0.1489057331868307], [0.15069120111609938, 0.16666666666666669, 0.14947373592168522, 0.1164286336052896, 0.12189500469744997, 0.1502146388064782, 0.14463011918633098], [0.1512239898385842, 0.16666666666666666, 0.15308127316453818, 0.11807436525801515, 0.12489476631072818, 0.1404471001749518, 0.1456118385865158], [0.1526890408260462, 0.16666666666666663, 0.1514469415459927, 0.11632783439314315, 0.1212678546624322, 0.14823661721992787, 0.14336504468579106], [0.15255416966574784, 0.16666666666666666, 0.148643576245335, 0.11577464006759718, 0.11935320039958391, 0.1567855309838039, 0.14022221597126544], [0.13949451128545243, 0.13978686160639373, 0.14050329556508923, 0.16666666666666669, 0.14228192145118718, 0.13100233748404794, 0.14026440594116293], [0.1394480398326399, 0.14020765789845005, 0.14061839703419057, 0.16666666666666666, 0.14197309766103205, 0.13080819289931991, 0.14027794800770083], [0.151664792810383, 0.16666666666666666, 0.14773808913422368, 0.11628624701256104, 0.11945752952175281, 0.15811863446254892, 0.14006804039186382], [0.16666666666666663, 0.15034804165596502, 0.15063370398952441, 0.11553565193190028, 0.12878699556254872, 0.1343579019928257, 0.153671038200569], [0.1526516194253821, 0.16666666666666666, 0.1505296265933755, 0.11418885246944277, 0.12200854048596649, 0.1479383943986362, 0.14601629996053025], [0.16666666666666669, 0.15035359420628078, 0.15499893138761645, 0.10924058898922102, 0.13134598354379998, 0.13092721387951722, 0.15646702132689794], [0.16666666666666669, 0.15114159993867812, 0.15443886431137085, 0.10836651863763673, 0.1297119920519172, 0.13181903310423515, 0.15785532528949536], [0.16666666666666666, 0.14872732477768574, 0.15604414262952476, 0.11078805492321445, 0.13364841729147287, 0.129695913253398, 0.1544294804580375], [0.16666666666666666, 0.14911239174527352, 0.15755587419854983, 0.10933770851039247, 0.13174389325303695, 0.12905204528313854, 0.15653142034294204], [0.15080869998835253, 0.14436434655038866, 0.16666666666666669, 0.11931071320026844, 0.14324984735774451, 0.12432118972044619, 0.15127853651613307], [0.15539094540172, 0.15562776461927413, 0.16666666666666669, 0.1123417013783761, 0.1269827742758863, 0.13771115574637738, 0.14527899191169952], [0.1542727707729652, 0.16666666666666666, 0.15620410396937162, 0.11367496147071436, 0.12169199188607412, 0.14557681507194856, 0.14191269016225944], [0.1509075620097812, 0.16666666666666666, 0.15356210152485747, 0.11527811237142442, 0.1237479908700087, 0.1464095223064328, 0.14342804425082867], [0.14423111425493543, 0.1437204930470477, 0.16666666666666666, 0.12914585610168094, 0.14164424963617914, 0.13115120878847264, 0.14344041150501755], [0.14268446625805578, 0.136136718963495, 0.14647491552690606, 0.13342175737363857, 0.16666666666666666, 0.11998200555801122, 0.15463346965322675], [0.1461150969447628, 0.13327015260062608, 0.1458234586933762, 0.13315866423868547, 0.16666666666666669, 0.12082391142014329, 0.1541420494357395], [0.15988630139704177, 0.14295661380317198, 0.15162401659819924, 0.11485848286159571, 0.1390320409568837, 0.12497587771644086, 0.16666666666666666], [0.16666666666666669, 0.14628122594319423, 0.1476787478216446, 0.12006875274859978, 0.13520130578464906, 0.13506543522274728, 0.1490378658124984], [0.16666666666666666, 0.14172527928943554, 0.14676319833137058, 0.12226714868138412, 0.14335895164646273, 0.13127329003834126, 0.147945465346339], [0.15787323941986656, 0.14522190521092315, 0.16666666666666666, 0.11263767098856134, 0.13716479796713635, 0.12601495481456643, 0.15442076493227955], [0.14996887641097761, 0.15149158454968248, 0.16666666666666666, 0.12078434671741231, 0.13408877614990386, 0.1327436944675249, 0.14425605503783218], [0.14970009128099937, 0.15292145173489585, 0.16666666666666666, 0.12037136659526784, 0.13232355028320447, 0.13338804086221298, 0.14462883257675282], [0.148746966512561, 0.148877134953737, 0.16666666666666666, 0.12219408567693683, 0.13700479897652754, 0.1325075170871038, 0.14400283012646722], [0.14881088196663703, 0.14890597110692552, 0.16666666666666669, 0.1220478170161552, 0.13682966568071364, 0.13223182307694376, 0.14450717448595823], [0.14971201495373548, 0.15298622715051077, 0.16666666666666666, 0.12015459089418841, 0.13229735954063807, 0.13348911521581613, 0.1446940255784444], [0.1503691983366785, 0.15438796022039566, 0.16666666666666669, 0.11879429836056674, 0.13021555425353692, 0.13503098362249139, 0.14453533853966422], [0.1501864100998024, 0.15256071389909487, 0.16666666666666666, 0.11983804618940558, 0.1329442159106895, 0.13341725542545174, 0.1443866918088892], [0.1499392502952023, 0.15332172647464323, 0.16666666666666666, 0.119981398120776, 0.1319971875816131, 0.1339050072528883, 0.14418876360821037], [0.15007074156681835, 0.15198940867836075, 0.16447136224340367, 0.12167665962677962, 0.13422106297004952, 0.1336169052121905, 0.1439538597023977], [0.14934278944070783, 0.1491999111166063, 0.16666666666666669, 0.12251422078381903, 0.13667371904307007, 0.13139971386641208, 0.14420297908271806], [0.1439966027428866, 0.16666666666666666, 0.14377964119274164, 0.13092998520399077, 0.1341475169771383, 0.13506855624234004, 0.14541103097423594], [0.14933205879294875, 0.149500590418506, 0.16666666666666666, 0.12230614256087319, 0.1364332734891239, 0.13120139153470825, 0.14455987653717323], [0.14827951947575083, 0.14767229467241533, 0.16666666666666666, 0.1233116358899942, 0.13839939182476674, 0.1317243627700047, 0.14394612870040144], [0.14993927224659437, 0.15113445812895232, 0.16666666666666669, 0.12091529968724928, 0.1344661085848606, 0.1326304281007878, 0.14424776658488903], [0.14893272066753463, 0.14908506969814975, 0.16666666666666666, 0.12180048844065065, 0.13664774324873988, 0.13299561141796384, 0.1438716998602945], [0.14920665353394652, 0.14973889527882814, 0.16666666666666666, 0.12137549481084552, 0.1359100119547525, 0.13303103262073282, 0.1440712451342278], [0.1439290391209903, 0.14008643721521782, 0.16666666666666666, 0.13358847867273813, 0.14644535666105576, 0.12537368991075548, 0.1439103317525758], [0.15014624029302837, 0.15543780609724103, 0.16666666666666666, 0.11854435590235854, 0.1299317991803242, 0.13587375688946918, 0.14339937497091196], [0.1497384092397213, 0.15245192116693013, 0.16666666666666666, 0.12070518067748959, 0.1326667119016603, 0.13463105391596847, 0.14314005643156355], [0.14857782489940483, 0.148294084223081, 0.16666666666666669, 0.12276898479640908, 0.1377396714364374, 0.1321223248681878, 0.14383044310981324], [0.14853622236580896, 0.14844003932935337, 0.16666666666666666, 0.12240780735439163, 0.13743213174694274, 0.13180958795347766, 0.14470754458335894], [0.1485774144414953, 0.14893766447907558, 0.16666666666666666, 0.12199238778454138, 0.1371986303646383, 0.13177679059223726, 0.1448504456713455], [0.14860993414261497, 0.1490908169551716, 0.16666666666666669, 0.12193467461826234, 0.1365018254317904, 0.13247633781678014, 0.14471974436871396]]