[[0.14545966309182298, 0.1465021732902546, 0.15996535456993682, 0.1254996188316268, 0.14072940790619973, 0.11517711564349246, 0.16666666666666669], [0.14535488301029365, 0.15120601768652503, 0.1542738558985869, 0.12005934319420519, 0.1459719715380406, 0.11646726200568198, 0.16666666666666666], [0.14618357911625318, 0.15171244111650575, 0.1531242785480668, 0.11973427383361122, 0.14622151408972744, 0.11635724662916903, 0.16666666666666669], [0.14761718229190016, 0.15001014775294505, 0.1560451408979796, 0.12109309265820373, 0.14309730908560248, 0.1154704606467022, 0.16666666666666666], [0.1472604794694329, 0.15091329624506453, 0.15400067152613517, 0.1210066212072047, 0.14438905159689752, 0.1157632132885985, 0.16666666666666666], [0.1479887210480244, 0.14983646239337886, 0.15254999106375403, 0.1219873656929498, 0.1441369981988717, 0.1168337949363545, 0.16666666666666666], [0.14764921109517842, 0.1510386579976292, 0.15448199839645196, 0.12156014108539288, 0.14385411379364826, 0.11576916610651693, 0.16564671152518223], [0.1481227095365584, 0.1508972658940948, 0.15410821563980623, 0.12277693180957419, 0.14349831543681013, 0.11610674073845857, 0.16448982094469763], [0.14622880420159756, 0.14997814972922396, 0.1575891011190857, 0.1215893715706531, 0.1427061731384517, 0.11524173357432141, 0.16666666666666669], [0.14899927551800293, 0.15056271028540766, 0.15485205321468484, 0.12241144171089491, 0.14183206112490815, 0.11467579147943484, 0.16666666666666666], [0.14842385001169267, 0.1502807143388463, 0.15167836894573622, 0.1223921364361067, 0.143847003830981, 0.11671125976997056, 0.16666666666666669], [0.14948105383326132, 0.1496851856987984, 0.1555085973212028, 0.12349245420795918, 0.14067120924537976, 0.11449483302673194, 0.16666666666666669], [0.1482555933450034, 0.1508342446097387, 0.1518329025270222, 0.12242403822875209, 0.14450993400439804, 0.11715202533440608, 0.1649912619506795], [0.14915836005175123, 0.1506200745386933, 0.15424533034617277, 0.12339854948445632, 0.14202632921381736, 0.11518606192122931, 0.16536529444387976], [0.1496704740833953, 0.14985498983709802, 0.15423398179702907, 0.12447803162325499, 0.14116503033910552, 0.1153441493712359, 0.16525334294888125], [0.14911078285274965, 0.1503579818001607, 0.15400105770251712, 0.12317582020108395, 0.14176509420926262, 0.11492259656755922, 0.16666666666666666], [0.14981789911414833, 0.1491937989169456, 0.15599276164994932, 0.12445682082114852, 0.1396672871823332, 0.11420476564880827, 0.16666666666666666], [0.146499090803121, 0.14649543235234586, 0.16666666666666666, 0.12790627441514804, 0.13858917371026344, 0.11371003255701449, 0.16013332949544049], [0.14742317967723903, 0.14970699522505532, 0.16246462945439624, 0.12458768322456625, 0.1380072079840511, 0.1111436377680253, 0.16666666666666666], [0.1495154346849797, 0.15074888766459088, 0.15531374163602601, 0.12209282311764082, 0.14121603611571298, 0.11444641011438304, 0.16666666666666669], [0.14988806119691428, 0.15011111264079524, 0.15534470847056817, 0.1231315007118476, 0.14050737488631124, 0.11435057542689672, 0.16666666666666666], [0.14580959002884683, 0.14790164309971104, 0.16666666666666666, 0.12828953130373003, 0.13850596873463042, 0.11410252568618279, 0.15872407448023218], [0.1501520206674806, 0.1494548004368828, 0.15666251549422142, 0.12382502558189364, 0.13937592075957123, 0.11386305039328352, 0.16666666666666663], [0.1499553904189064, 0.15005564510679797, 0.15529490241867577, 0.12345432810535222, 0.14033118611552223, 0.11424188116807865, 0.16666666666666666], [0.1486108605079229, 0.15146408144002996, 0.15658917670501182, 0.12155913379861917, 0.14138449398683187, 0.11372558689491769, 0.16666666666666669], [0.14965815797549134, 0.15054971646594434, 0.15539834175338096, 0.1232315884738786, 0.14109690842706554, 0.11482142785603094, 0.16524385904820846], [0.14911815554278743, 0.15097113321814323, 0.15645588022890616, 0.12138865301862407, 0.1412344488128775, 0.114165062511995, 0.16666666666666669], [0.14973423678843395, 0.15087964736839615, 0.1545814092062537, 0.12319969205260194, 0.14150432858613518, 0.11486518224990432, 0.16523550374827473], [0.15010556209458528, 0.14980783458750976, 0.1542675600122725, 0.12415886879674218, 0.1403887730503884, 0.11460473479183515, 0.16666666666666666], [0.1494823418740068, 0.15086414410880664, 0.15577244990750738, 0.12222807776956679, 0.14093435694174425, 0.1140519627317015, 0.16666666666666666], [0.15033015787656603, 0.14956467847379787, 0.1556302545605973, 0.12437707832206663, 0.13944190623969654, 0.11398925786060901, 0.16666666666666669], [0.14966325696079083, 0.15048980170774523, 0.15481297812150663, 0.1237019916953163, 0.1405531492805488, 0.11411215556742559, 0.16666666666666669], [0.1498612186951647, 0.1504492581640874, 0.15544470566616225, 0.12321326212538783, 0.14041937332487922, 0.11394551535765184, 0.16666666666666666], [0.15024045783768603, 0.1501913587718753, 0.15377676993173528, 0.12492405360098122, 0.14070871876450802, 0.11526975088702925, 0.16488889020618486], [0.1507340160468397, 0.1497203996591732, 0.15622826107418838, 0.12431646723346028, 0.1388556300850137, 0.113478559234658, 0.16666666666666666], [0.14959405914591084, 0.15136976138845523, 0.157252646564091, 0.12222008330492164, 0.14037782369657745, 0.11368349378131501, 0.16550213211872872], [0.14748234417131656, 0.1492086033686443, 0.16061041824333144, 0.12339488438548664, 0.1396278829674681, 0.11300920019708614, 0.16666666666666663], [0.15064741832409148, 0.1500003729496104, 0.15562626798582888, 0.12384310429826356, 0.13938034360216447, 0.11383582617337455, 0.16666666666666669], [0.14757742679721358, 0.14693155816587108, 0.16666666666666669, 0.13045126755723535, 0.1358233007741627, 0.1130049928295957, 0.15954478720925508], [0.14757742679721358, 0.14693155816587108, 0.16666666666666669, 0.13045126755723535, 0.1358233007741627, 0.1130049928295957, 0.15954478720925508], [0.15052290317735886, 0.14980876263166573, 0.15645349021035995, 0.12423984188476404, 0.13884068532378305, 0.11346765010540152, 0.16666666666666663], [0.15043351534254307, 0.15031123203694735, 0.15502995866975766, 0.12415990169509868, 0.13961047009871286, 0.11378825549027369, 0.16666666666666666], [0.15003070614858824, 0.1514470226190311, 0.1566555463107417, 0.1220212117786305, 0.1399309932386121, 0.1132478532377297, 0.16666666666666666], [0.14857135225127188, 0.1468002553988701, 0.16666666666666666, 0.13084380443031077, 0.1347520797306266, 0.11271376773044645, 0.1596520737918076], [0.15079408908642425, 0.14982146662556928, 0.15639593601266857, 0.12438967876814996, 0.13856390254559234, 0.11336826029492905, 0.16666666666666669], [0.1495610884915907, 0.14905469720728676, 0.16150375055048233, 0.12402912028763799, 0.13696834026318402, 0.11221633653315143, 0.16666666666666663], [0.15086050936254794, 0.1510767633969896, 0.15775975251371163, 0.12325564701838947, 0.13802558591311992, 0.11235507512857477, 0.16666666666666666], [0.14903851921465147, 0.14668597396295702, 0.16666666666666663, 0.13200246924672362, 0.1344733796919578, 0.11232134795409066, 0.15881164326295263], [0.15104159981407456, 0.14710206554533362, 0.1639395199286205, 0.13285718450371833, 0.13326396459094847, 0.11329519917838567, 0.15850046643891896], [0.14957992821631835, 0.14998714082861975, 0.1608924552418176, 0.12357679831351844, 0.13709953846273096, 0.11219747227032827, 0.16666666666666669], [0.14925858132635492, 0.1464749604589463, 0.16666666666666666, 0.1336034260823132, 0.13342848697168108, 0.11305713490486474, 0.15751074358917305], [0.1520230133152741, 0.15007170332605588, 0.15978396407549256, 0.12450770715840918, 0.13532219486502878, 0.11162475059307292, 0.16666666666666669], [0.15307328937299153, 0.15374158851826478, 0.15825513298690674, 0.12422871672543419, 0.13553876310766239, 0.11081951113660181, 0.16434299815213854], [0.15415293663431875, 0.15302542801387092, 0.1573470096092918, 0.12428204058074023, 0.13452404974423146, 0.11000186875088025, 0.16666666666666669], [0.15375831906379286, 0.1537100384235689, 0.1574574619854089, 0.12386615534102254, 0.13483168591572187, 0.10970967260381823, 0.16666666666666666], [0.15356978177468225, 0.15112921413869373, 0.15284883286375572, 0.1280673484043367, 0.1352173825116805, 0.11250077364018436, 0.16666666666666666], [0.14883907077461372, 0.15054634493702618, 0.15452926771888795, 0.12250631960089642, 0.14193786889002336, 0.1149744614118857, 0.16666666666666669], [0.14969758932795518, 0.15066747771401873, 0.15480089579149478, 0.12312566224570001, 0.1415088265925136, 0.11504417454646647, 0.16515537378185116], [0.14647668480541318, 0.1505020110801142, 0.15448341360832768, 0.12060175398411226, 0.14497675772192206, 0.11629271213344393, 0.16666666666666666], [0.14758674880014105, 0.15061527844903155, 0.15607924848632843, 0.1210770292156293, 0.14293533632877994, 0.11503969205342324, 0.1666666666666667], [0.14870239546150277, 0.1512437720590579, 0.16001004334346008, 0.12356141808182987, 0.13848900901252953, 0.11132669537495318, 0.16666666666666666], [0.14686325454315294, 0.1500659976579186, 0.15909227889589553, 0.12358121073305751, 0.1415198489989174, 0.11221074250439136, 0.16666666666666666], [0.14886654423560844, 0.14697633188904285, 0.16666666666666669, 0.12905161102751486, 0.135289954894306, 0.11254640204992887, 0.16060248923693235], [0.148294389731688, 0.14611960520293713, 0.16666666666666669, 0.13139254915785736, 0.1357636075190217, 0.11302743785711102, 0.15873574386471817], [0.14989162872105502, 0.1478264734493361, 0.16666666666666669, 0.12924590445112025, 0.13424777323631143, 0.11156863292179142, 0.1605529205537192], [0.14946907843883903, 0.1488632098347391, 0.16666666666666666, 0.1275659740536785, 0.13480923590997204, 0.11021982290285191, 0.16240601219325274], [0.15173872913958605, 0.1475825272772921, 0.1659851610603162, 0.1307089161564207, 0.132394181176318, 0.11169924946888443, 0.1598912357211827], [0.15179092047948697, 0.14768472209526246, 0.16666666666666669, 0.13038328744644978, 0.13228471045190962, 0.1112723497567894, 0.15991734310343522], [0.15183343509373926, 0.14773564797664765, 0.16666666666666669, 0.13023762554105797, 0.1321297928911936, 0.1111117567370601, 0.16028507509363477], [0.15176629254300653, 0.147411857243625, 0.16345924664660613, 0.13411438821139826, 0.1323424877880625, 0.11286171776981037, 0.1580440097974913], [0.14254657084338115, 0.14839757133341733, 0.1533047463768877, 0.1210206993445703, 0.14892940594027868, 0.11913433949479812, 0.16666666666666666], [0.1464189683003636, 0.1483215148648775, 0.15803048628175712, 0.12207316716457281, 0.14255476750065516, 0.11593442922110711, 0.16666666666666666], [0.14676101420875584, 0.15040959945785345, 0.15203575962124488, 0.12053528298955694, 0.14619752852924592, 0.1173941485266763, 0.16666666666666666], [0.1469946469940042, 0.15115115874268858, 0.15351489616016276, 0.12049396333788708, 0.14604013055959864, 0.11741114825893237, 0.1643940559467264], [0.1472167158905048, 0.15040624556181742, 0.15201405427794865, 0.12094835862565292, 0.1457777125408436, 0.11749525802991895, 0.16614165507331383], [0.14735278048570738, 0.15041228325093753, 0.15231169209801446, 0.12101992382891556, 0.14525955157035214, 0.11697710209940622, 0.16666666666666666], [0.1468487174745495, 0.15008892981419933, 0.15524479851919856, 0.11993774418137247, 0.1445276047841698, 0.11668553855984366, 0.16666666666666666], [0.14772146704248934, 0.15032846938336605, 0.1535741560916088, 0.1210004706796555, 0.14436122256548742, 0.11634754757072625, 0.16666666666666666], [0.14583094837193036, 0.15196195570099377, 0.15454449121569924, 0.12063878711222525, 0.14491806753805672, 0.11543908339442797, 0.16666666666666666], [0.14785375136697404, 0.14998311960854643, 0.15178747175337323, 0.12130297663946911, 0.14482238969865588, 0.11758362426631455, 0.16666666666666666], [0.14796141861165718, 0.14970974009828322, 0.15173029253474243, 0.12117835356930884, 0.1447027314912843, 0.11805079702805743, 0.16666666666666666], [0.14694093933552352, 0.15139512781925366, 0.15220835862354246, 0.1203021952836313, 0.14582648057859676, 0.11666023169278564, 0.16666666666666666], [0.14720322012020806, 0.15084076459710966, 0.15481398481041836, 0.1202741675950271, 0.1442447216941496, 0.11595647451642045, 0.16666666666666663], [0.14789115197786015, 0.15074421406091618, 0.15349172209824583, 0.12103407250710731, 0.14458750881030127, 0.1167219076239892, 0.16552942292158002], [0.14370840579240152, 0.1488246178577085, 0.1487919102807629, 0.11742960886090727, 0.15112629551886114, 0.12345249502269193, 0.16666666666666666], [0.14810911652312428, 0.1514928597275743, 0.15593496221399594, 0.12124403852798271, 0.14330801220670367, 0.11534526068540948, 0.16456575011520977], [0.1476446207724106, 0.15198691353935526, 0.15303159091018026, 0.12115491455809564, 0.1442787483789302, 0.11523654517436127, 0.16666666666666666], [0.1473968422667121, 0.15102893850334964, 0.15470071663774143, 0.11991824836340068, 0.14422597510443777, 0.11606261245769169, 0.16666666666666666], [0.14821452132844148, 0.15077073352231063, 0.15375192948392444, 0.12118913699767415, 0.14366922871133547, 0.11573778328964716, 0.16666666666666666], [0.14859528258595892, 0.1499537431941761, 0.15076996822171096, 0.12295965819497445, 0.1437740055874538, 0.11728067554905917, 0.16666666666666669], [0.14978375371316474, 0.1479090827540068, 0.15949339752369518, 0.12463500079934134, 0.13758739625923164, 0.11392470228389377, 0.16666666666666669], [0.1491639775473252, 0.1513235811402088, 0.1537724117001668, 0.12230363156703644, 0.1422175036583538, 0.11455222772024226, 0.16666666666666666], [0.1494310147593103, 0.15281612466466796, 0.15405861843622876, 0.12301401962501064, 0.14104296406027209, 0.11297059178784348, 0.16666666666666663], [0.14877675926289435, 0.15267698401093743, 0.15401894470163183, 0.12126178305611723, 0.14257628374185097, 0.11402257855990151, 0.16666666666666669], [0.14934111317408172, 0.15082085801843176, 0.15199706691922138, 0.12278482520045274, 0.1425750442898561, 0.11581442573128975, 0.16666666666666669], [0.149325892246564, 0.15067395300003278, 0.15877602694064782, 0.12198162236468685, 0.1393405184986896, 0.11323532028271238, 0.16666666666666669], [0.150778828419202, 0.14847517054633053, 0.16067226515190977, 0.12540360733254177, 0.13646977861968457, 0.11332200289872851, 0.16487834703160292], [0.15137792392563226, 0.148929400971431, 0.1536724338342539, 0.12754572531010103, 0.1374906506418102, 0.11431719865010499, 0.16666666666666669], [0.15240814206180037, 0.15232683621933668, 0.15262323951935186, 0.12447846040568122, 0.13974722894578936, 0.1152863888164102, 0.16312970403163035], [0.15286401661733484, 0.1530203269869112, 0.15484957816977007, 0.12340204774861023, 0.13744834264571476, 0.11174902116499225, 0.16666666666666666], [0.15303872107002445, 0.15279298781579206, 0.15372605105350154, 0.12463178230593337, 0.13718803132811866, 0.11195575975996336, 0.16666666666666669], [0.1564613467634736, 0.14990396185209018, 0.1542723211797367, 0.12798683244888673, 0.13286955493756086, 0.11183931615158524, 0.16666666666666666], [0.15323491264650604, 0.15064188361982564, 0.1545661936231872, 0.13005783303120536, 0.1334551803277273, 0.11137733008488186, 0.16666666666666666], [0.15130002037557438, 0.1442109082982554, 0.16666666666666666, 0.14471262526731615, 0.12883812077386572, 0.11586376987937871, 0.14840788873894287], [0.15449347398052066, 0.14656432533986102, 0.16666666666666666, 0.139820204790335, 0.12869261986314331, 0.1116332042062874, 0.15212950515318585], [0.15595269564092354, 0.14321148002072406, 0.1436931565565736, 0.16666666666666669, 0.12355736111768675, 0.12454184081331979, 0.14237679918410562], [0.1472906802216508, 0.14120159943727628, 0.14334848413046017, 0.16666666666666666, 0.13201470379765082, 0.12959622554754582, 0.13988164019874946], [0.1514059456301879, 0.1414800354324955, 0.14670389238945625, 0.16666666666666666, 0.12716660438970123, 0.1276146105261005, 0.13896224496539192], [0.16666666666666669, 0.154354907082522, 0.14793006594368366, 0.15105111163391913, 0.12238217467418022, 0.1156211229335003, 0.1419939510655281], [0.16666666666666666, 0.1502005700905597, 0.14831590068760364, 0.14338175958460186, 0.12675717541738482, 0.1175274080951809, 0.14715051945800234], [0.1537387613065239, 0.14224410769729653, 0.14415425625647943, 0.16666666666666666, 0.12586340776657706, 0.12483132237791568, 0.1425014779285407], [0.15309659326840713, 0.1418967695371539, 0.14426747025755446, 0.16666666666666666, 0.1262522928224399, 0.1255692405814875, 0.14225096686629046], [0.15698781389492344, 0.14361807177064054, 0.14646173145469432, 0.16666666666666666, 0.12363674148486732, 0.1223400776544986, 0.14028889707370898], [0.14675584156229712, 0.14969251886849216, 0.15659947285520892, 0.1210889744599119, 0.14345423402626692, 0.1157422915611563, 0.16666666666666666], [0.14777237776892438, 0.14863282117857624, 0.15732965202784305, 0.12293203539695001, 0.14221851741578156, 0.11641491256445298, 0.1646996836474717], [0.14687790511487783, 0.14928414225661668, 0.15739265226316385, 0.12145150865186265, 0.1427809734288945, 0.1155461516179179, 0.16666666666666669], [0.1474260289532256, 0.14908307342722482, 0.15720345700016852, 0.12196038732823149, 0.14280412743138893, 0.11638577212228875, 0.16513715373747193], [0.14605649342936983, 0.149218180257437, 0.15443923667551548, 0.119859900744607, 0.14579246809918187, 0.11796705412722214, 0.16666666666666666], [0.14718037963020325, 0.149994579685442, 0.15471071388999313, 0.12023002468952151, 0.14455530101148775, 0.11666233442668561, 0.16666666666666666], [0.1464485543897644, 0.1504449034126417, 0.15499391519042527, 0.1197710260003248, 0.14502868034766642, 0.11664625399251068, 0.16666666666666666], [0.1479550482477759, 0.14943873112778602, 0.15761773999879594, 0.12162201588978036, 0.14164744986446162, 0.1150523482047335, 0.16666666666666666], [0.14787300593222294, 0.15038706709041988, 0.15267727666230296, 0.12133082141613387, 0.14444690978292, 0.11661825244933365, 0.16666666666666666], [0.14792702234005364, 0.15124452966054458, 0.15454110742327878, 0.12104410783369936, 0.14417471700741352, 0.11602833785075882, 0.1650401778842513], [0.14719257642957262, 0.15104117331169542, 0.1543626242843615, 0.11954088325585559, 0.14473980936016762, 0.1164562666916805, 0.16666666666666666], [0.1486873555047231, 0.15019197326084194, 0.15710832625520338, 0.12226790189841381, 0.1409788491451495, 0.11409892726900157, 0.16666666666666666], [0.14945526266350073, 0.14952067837753782, 0.15644217079538747, 0.12277073712876438, 0.14046531253577035, 0.11467917183237261, 0.16666666666666669], [0.1496745971393587, 0.14996639450485277, 0.1564571032554597, 0.12309432734586082, 0.14015477198886983, 0.11398613909893134, 0.16666666666666663], [0.15685538772876367, 0.15098890948736568, 0.16666666666666666, 0.1321116702101088, 0.1287902508328683, 0.10953287951303858, 0.1550542355611883], [0.15765112071448667, 0.15361090964168275, 0.16666666666666669, 0.12867498308663408, 0.12902769466467387, 0.10857942125100596, 0.15578920397485002], [0.16666666666666666, 0.15447268505407213, 0.15710928223396042, 0.14137897070617575, 0.12341960639275942, 0.11012423843344066, 0.14682855051292482], [0.1666666666666667, 0.15352779036401884, 0.15348617573335885, 0.1473622144336354, 0.12155251625102885, 0.1116435355028794, 0.14576110104841217], [0.15932053841537874, 0.14593200902830267, 0.14731793868689938, 0.16666666666666666, 0.1222277781029643, 0.1200320913511513, 0.13850297774863696], [0.14618620023582932, 0.14892862701531046, 0.1564628985223834, 0.12127287445324142, 0.14400098243858672, 0.11648175066798189, 0.16666666666666663], [0.14596600572286272, 0.14790904593780332, 0.15730946620958752, 0.12155030435389047, 0.14394320642593625, 0.11665530468325312, 0.16666666666666669], [0.1467882520088308, 0.14990809869889915, 0.15552606828279364, 0.12100818249575034, 0.14416332502047496, 0.11593940682658455, 0.16666666666666669], [0.14787853952713537, 0.1489460406480403, 0.15774601472328822, 0.12282949923127266, 0.14195825916409344, 0.11620785012425536, 0.16443379658191482], [0.1480857853726635, 0.14964755074093175, 0.15510174837506138, 0.12290167722213931, 0.14230540157289712, 0.11529117004964028, 0.16666666666666669], [0.14806523608757444, 0.15016149338766388, 0.1532259311228252, 0.12167106083453011, 0.14392296924212922, 0.11628664265861052, 0.16666666666666666], [0.1474708325285826, 0.1502558909524564, 0.15085362946964226, 0.12188275229253595, 0.14537924498527788, 0.11749098310483823, 0.16666666666666666], [0.1477609215628333, 0.15033724351389305, 0.15190481205828013, 0.12153327447277287, 0.14483746064363784, 0.11695962108191608, 0.16666666666666666], [0.14766406569668766, 0.1507049657616236, 0.15500779629672767, 0.12047368506361876, 0.14417808230620732, 0.11669341641722256, 0.1652779884579124], [0.1482900246501478, 0.1504826033769774, 0.15617101884643866, 0.12199805020965279, 0.1419121567401937, 0.11447947950992296, 0.16666666666666666], [0.14888838312258043, 0.15057288279435715, 0.15333608946831354, 0.12268577560013097, 0.14334524009586874, 0.11644666616048313, 0.1647249627582659], [0.14863406699625695, 0.15062632685371938, 0.1536124768510329, 0.12115778452265434, 0.14321717855350777, 0.11608549955616183, 0.16666666666666663], [0.15178745567883498, 0.15166620167627165, 0.15611632452994775, 0.12384219703066707, 0.13774590100531067, 0.11217525341230129, 0.16666666666666669], [0.1495811625990695, 0.14891444447132027, 0.15712246249873804, 0.12375781582529703, 0.1395428714386009, 0.11441457650030748, 0.16666666666666666], [0.14807816454614284, 0.15151236674726204, 0.15873191371014728, 0.12312280067970344, 0.13984262565484945, 0.11204546199522827, 0.16666666666666666], [0.1484833689731997, 0.15116997051202177, 0.15649222862256143, 0.12129118516040929, 0.14232216306501583, 0.1148765742116596, 0.16536450945513234], [0.148846296384835, 0.15080935136963697, 0.156606280647494, 0.1215573151390007, 0.14136680118583578, 0.11414728860653083, 0.16666666666666666], [0.15001855054473753, 0.1482643830970382, 0.15419900740518575, 0.12534909058744537, 0.13991286739122694, 0.11558943430769936, 0.16666666666666663], [0.14954668496463838, 0.1509587746566559, 0.1556875110629345, 0.12202294961333483, 0.1417902399463542, 0.11568029921143005, 0.1643135405446522], [0.14740414731899712, 0.14657139629606095, 0.16666666666666666, 0.12986543949993937, 0.13674605787797112, 0.11287078197283215, 0.1598755103675326], [0.14855150956959515, 0.15088694052465274, 0.1583526052708435, 0.12562416324882678, 0.13804058177055584, 0.11187753294885922, 0.16666666666666663], [0.14854079358860794, 0.15170125331173012, 0.15637940473232964, 0.12134495985489085, 0.14229115088436955, 0.11486118424770303, 0.16488125338036896], [0.15052062048392006, 0.14941991637159022, 0.15744263148052742, 0.12382516556223894, 0.13858470755974023, 0.11354029187531636, 0.16666666666666666], [0.15019360073148866, 0.151454212204943, 0.15543829984971042, 0.12288904177276196, 0.14006796548422348, 0.11329021329020587, 0.16666666666666669], [0.14974978916068266, 0.15166089532349922, 0.15807849384069184, 0.12200913971364853, 0.13930041724655842, 0.11253459804825275, 0.16666666666666669], [0.14810430106002576, 0.14715885351357555, 0.16666666666666669, 0.1306661903257496, 0.13511104554422684, 0.11246792320832671, 0.15982501968142895], [0.14937064831574254, 0.15003212907164684, 0.15979623951473304, 0.12279889421577554, 0.13836943774859245, 0.11296598446684296, 0.16666666666666669], [0.14993247952601962, 0.14985440356930912, 0.15934973288469684, 0.12291249527676547, 0.13828548816870564, 0.11299873390783655, 0.16666666666666666], [0.1511162683533093, 0.15018585901061504, 0.1599201327106047, 0.12366954418775422, 0.13635258293715255, 0.11208894613389742, 0.16666666666666666], [0.1486074394154494, 0.1510752435202908, 0.15978448225331196, 0.1248003635673271, 0.13780488258560042, 0.11126092199135366, 0.16666666666666666], [0.14672856958898406, 0.14652244191938987, 0.16666666666666669, 0.1276658657610369, 0.13836187903443453, 0.11372741050716358, 0.16032716652232448], [0.13918048187012363, 0.1439646940994978, 0.14467982290158815, 0.12188361022171791, 0.16666666666666669, 0.13641669518979277, 0.14720802905061317], [0.16666666666666666, 0.14979145842575864, 0.15719492784314582, 0.13529603816613464, 0.12493703236513028, 0.10998269147591651, 0.15613118505724732], [0.16666666666666669, 0.14338171688011644, 0.14897720090242225, 0.14930404954406745, 0.12454642213740544, 0.11598395621030909, 0.15113998765901282], [0.16666666666666666, 0.14243401836922254, 0.14639903663416437, 0.15084392587251078, 0.12561393466168586, 0.1184670288924257, 0.14957538890332406], [0.16666666666666666, 0.14997265706637358, 0.1463182976437083, 0.15069205971244246, 0.12319423222128571, 0.1178864895888711, 0.1452695971006521], [0.16666666666666666, 0.15344554387239664, 0.14716915919896714, 0.14115013612633465, 0.12601481334571968, 0.1193772904936978, 0.14617639029621737], [0.16666666666666666, 0.1518820268869169, 0.14832412865736685, 0.14876347590385322, 0.12256566769399503, 0.1177668674786816, 0.14403116671251964], [0.16666666666666669, 0.1493286430278723, 0.14675550851871944, 0.1571611179487376, 0.12115160918234807, 0.11770907173852527, 0.14122738291713074], [0.1399327640265485, 0.14064530921267962, 0.13873734110697758, 0.13119592192148238, 0.14241428079433785, 0.16666666666666669, 0.14040771627130746], [0.14039730333483202, 0.14080509849019449, 0.1384485434192127, 0.13106520917552178, 0.14215008927515205, 0.16666666666666669, 0.14046708963842028], [0.16666666666666669, 0.14841431773285152, 0.14624652669252167, 0.15842401524610272, 0.12114408883130569, 0.11808610125531045, 0.1410182835752413], [0.16666666666666666, 0.1498302058640018, 0.15788279191262197, 0.1327387357553596, 0.1268886411947085, 0.11297320135287992, 0.15301975725376155], [0.16666666666666666, 0.15092109631063821, 0.1489484318504155, 0.1483927250203789, 0.12309190546182577, 0.11546191586849541, 0.14651725882157957], [0.15406097364352903, 0.1547112314355058, 0.16666666666666669, 0.13004595983925935, 0.1304750554159388, 0.10782459184816773, 0.1562155211509327], [0.15489747669549267, 0.15413500277575254, 0.16666666666666669, 0.13095306756608927, 0.12879366643211765, 0.10691775687390047, 0.15763636298998085], [0.15276362866590948, 0.15575585844813475, 0.16666666666666669, 0.12869256571134016, 0.13275233657103602, 0.10927156790117076, 0.1540973760357423], [0.15313326883424247, 0.15731019792531303, 0.16666666666666666, 0.1280377515174692, 0.13080218627712045, 0.10779180952985162, 0.1562581192493365], [0.14476691588683846, 0.16666666666666669, 0.15076447902053272, 0.12420310661361803, 0.14318454803948338, 0.11917865805494031, 0.15123562571792057], [0.15569362686237237, 0.16666666666666669, 0.15446382455425, 0.13788391521929225, 0.12721954330930155, 0.11266582456152971, 0.14540659882658746], [0.16666666666666666, 0.15656956180755624, 0.1488840151756374, 0.14631348464272526, 0.12326295952506582, 0.11552596438299674, 0.1427773477993518], [0.16666666666666669, 0.15376923819789137, 0.14852224895344546, 0.14672971587581415, 0.12442638283642175, 0.1160903830613367, 0.143795364408424], [0.1437204930470477, 0.16666666666666666, 0.14423111425493543, 0.1311512087884726, 0.1416442496361791, 0.12914585610168092, 0.14344041150501755], [0.14011108205681455, 0.14588543936551218, 0.14198433206262143, 0.11861909777275657, 0.16666666666666666, 0.1324512084905676, 0.15428217358506102], [0.13958327726319214, 0.14483609754959856, 0.1451415509621555, 0.11865229967438284, 0.16666666666666666, 0.13157136061222874, 0.15354874727177548], [0.1501934625417464, 0.15086251714548635, 0.1595430610491967, 0.12286537771648971, 0.13763310179003854, 0.11223581309037568, 0.16666666666666666], [0.15132051881622158, 0.14702462639565586, 0.16666666666666663, 0.13397679340034366, 0.13411734461452895, 0.1184634849912975, 0.14843056511528566], [0.14525226846385228, 0.14626787866995314, 0.16666666666666666, 0.1303924870027782, 0.1427789135687902, 0.12116221793036681, 0.14747956769759263], [0.15083382431704304, 0.16666666666666666, 0.15753342840924167, 0.12444402019483437, 0.1360247351069179, 0.1105497879471562, 0.15394753735814007], [0.15149158454968248, 0.16666666666666666, 0.14996887641097761, 0.1327436944675249, 0.13408877614990386, 0.12078434671741231, 0.14425605503783218], [0.15292145173489585, 0.16666666666666666, 0.14970009128099937, 0.13338804086221298, 0.13232355028320447, 0.12037136659526784, 0.14462883257675282], [0.148877134953737, 0.16666666666666666, 0.148746966512561, 0.1325075170871038, 0.13700479897652754, 0.12219408567693683, 0.14400283012646722], [0.14890597110692552, 0.16666666666666669, 0.14881088196663703, 0.13223182307694376, 0.13682966568071364, 0.1220478170161552, 0.14450717448595823], [0.15298622715051077, 0.16666666666666666, 0.14971201495373548, 0.13348911521581613, 0.13229735954063807, 0.12015459089418841, 0.1446940255784444], [0.15445673270397828, 0.16666666666666666, 0.14952698720725738, 0.13520817366301408, 0.13041971529777802, 0.11906242934633463, 0.1446592951149709], [0.1525607138990949, 0.16666666666666669, 0.1501864100998024, 0.13341725542545177, 0.13294421591068953, 0.11983804618940558, 0.14438669180888922], [0.15332172647464326, 0.16666666666666669, 0.14993925029520233, 0.1339050072528883, 0.13199718758161313, 0.11998139812077603, 0.1441887636082104], [0.15198940867836075, 0.16447136224340367, 0.15007074156681835, 0.1336169052121905, 0.13422106297004952, 0.12167665962677962, 0.1439538597023977], [0.1491999111166063, 0.16666666666666669, 0.14934278944070783, 0.13139971386641208, 0.13667371904307007, 0.12251422078381903, 0.14420297908271806], [0.16666666666666663, 0.14420886918569265, 0.1412960607761067, 0.1356611537178805, 0.13475738781289248, 0.13160019829377956, 0.1458096635469813], [0.149500590418506, 0.16666666666666666, 0.14933205879294875, 0.13120139153470825, 0.1364332734891239, 0.12230614256087319, 0.14455987653717323], [0.14767229467241533, 0.16666666666666666, 0.14827951947575083, 0.1317243627700047, 0.13839939182476674, 0.1233116358899942, 0.14394612870040144], [0.15113445812895232, 0.16666666666666669, 0.14993927224659437, 0.1326304281007878, 0.1344661085848606, 0.12091529968724928, 0.14424776658488903], [0.14908506969814975, 0.16666666666666666, 0.14893272066753463, 0.13299561141796384, 0.13664774324873988, 0.12180048844065065, 0.1438716998602945], [0.14973889527882814, 0.16666666666666666, 0.14920665353394652, 0.13303103262073282, 0.1359100119547525, 0.12137549481084552, 0.1440712451342278], [0.14094981991271352, 0.16666666666666666, 0.14378890225552862, 0.12511919245641323, 0.14632072839920113, 0.13338461071987848, 0.14377007958959834], [0.15546288814831147, 0.16666666666666666, 0.14981085669432936, 0.13594253941026582, 0.13001385432889973, 0.11865184733025144, 0.1434513474212755], [0.15253243775213857, 0.16666666666666669, 0.14889024594430758, 0.13481251324239774, 0.1328592978508755, 0.1209655203299316, 0.14327331821368236], [0.14829408422308096, 0.16666666666666663, 0.1485778248994048, 0.13212232486818778, 0.13773967143643737, 0.12276898479640908, 0.14383044310981322], [0.14844003932935337, 0.16666666666666666, 0.14853622236580896, 0.13180958795347766, 0.13743213174694274, 0.12240780735439163, 0.14470754458335894], [0.14893766447907558, 0.16666666666666666, 0.1485774144414953, 0.13177679059223726, 0.1371986303646383, 0.12199238778454138, 0.1448504456713455], [0.1490908169551716, 0.16666666666666669, 0.14860993414261497, 0.13247633781678014, 0.1365018254317904, 0.12193467461826234, 0.14471974436871396]]