[[0.11713076138201803, 0.09876515365757992, 0.11342106704720914, 0.10665761464274136, 0.12254405191760559, 0.12466078466287575, 0.095499723781745, 0.1189510120239811, 0.1023698308842441], [0.11773888462614587, 0.09785007406138536, 0.1140853272540409, 0.1067238316540167, 0.12321108950130587, 0.12485009031341701, 0.09457308755997562, 0.11912700945211183, 0.10184060557760083], [0.1169669710158357, 0.09873228989701768, 0.11341009491146839, 0.10668190877084732, 0.1223441526332301, 0.12481123118729993, 0.09559833788840157, 0.11913016778034843, 0.10232484591555085], [0.1170836539671827, 0.09855741330142653, 0.11353863690032844, 0.10669245638744236, 0.12254080860578405, 0.12477366995041585, 0.0954127611406371, 0.11917565029616907, 0.10222494945061392], [0.11768555706875491, 0.09775512683067986, 0.11413522478120176, 0.10674635392409704, 0.12308806305355878, 0.125, 0.09456145095003066, 0.11925940763915052, 0.10176881575252648], [0.1175054465449831, 0.09798551761634412, 0.11403298503371281, 0.10679707985975398, 0.12293797591445324, 0.12463755305810774, 0.09487533139114342, 0.11932024110308115, 0.10190786947842045], [0.11693473506337719, 0.09858024874846896, 0.11346976017603264, 0.1066838751011746, 0.12234423695289233, 0.125, 0.09551301979872276, 0.11925910099413405, 0.1022150231651975], [0.11690244605273072, 0.09851269316326002, 0.1135673199417911, 0.10675866263224601, 0.12228187257183346, 0.12478167318766067, 0.09556164999758729, 0.11946034992286822, 0.10217333253002256], [0.11651624320715158, 0.09916666066573829, 0.11330417261495772, 0.10689353694362974, 0.12163409328130119, 0.12409172679008364, 0.09636387831892854, 0.11943902271829672, 0.10259066545991259], [0.11707209908931843, 0.09826337373882499, 0.1139143273027879, 0.10692972844736764, 0.12238877716867853, 0.12415250018410584, 0.09545396096677235, 0.11977152936007784, 0.10205370374206646], [0.11747808564063908, 0.09765477569052061, 0.11443667106732576, 0.10703444557022138, 0.12252432675139587, 0.12435650411829313, 0.0948697350356872, 0.11990381706672927, 0.1017416390591877], [0.11646180751857607, 0.0990836285555368, 0.11335688199832804, 0.10692546424645306, 0.12159024595344184, 0.12409156200680233, 0.09636887510319622, 0.11959148575608707, 0.10253004886157858], [0.11728611415298146, 0.09782756746896314, 0.11427928039013432, 0.10702192502292021, 0.12243062811970457, 0.12430428827793302, 0.09510253984363068, 0.11992516129015188, 0.10182249543358073], [0.11705013914319198, 0.09804301556207962, 0.1141203057493929, 0.10703811964347083, 0.12223119931480224, 0.12408705794803684, 0.09541586591152604, 0.12008149820331986, 0.1019327985241797], [0.11751419855201789, 0.09723855555724802, 0.1147872865377587, 0.10716128387569203, 0.12279382802324716, 0.12410926957079102, 0.09464206144948564, 0.12024089695861576, 0.10151261947514378], [0.11675695175602917, 0.09838888721462229, 0.11379255696983409, 0.10696805836700202, 0.12198684830251114, 0.12421925732324476, 0.0957720804575195, 0.12001439550401356, 0.10210096410522346], [0.11739498045447114, 0.0973653281099936, 0.11467629287018374, 0.10715294901954203, 0.1225623476430296, 0.12418504448274945, 0.0948065938150801, 0.12028263480768576, 0.10157382879726455], [0.11723663140372662, 0.09769067127198991, 0.11448953456135615, 0.1071695355445056, 0.1221687144713905, 0.12405480867815415, 0.09516077232932832, 0.12026538810696988, 0.10176394363257875], [0.116225026699578, 0.09924956665839262, 0.11334999143224793, 0.10706165527402593, 0.12123130603850699, 0.12368595308091151, 0.09675487206076648, 0.11981051499487913, 0.10263111376069144], [0.11710845154919776, 0.09781654269643858, 0.11438429073651772, 0.10716702319571605, 0.1221003439305155, 0.12396066261169546, 0.09533088533855681, 0.12030565198361372, 0.1018261479577484], [0.11668203076886498, 0.09821537640575839, 0.11387475755962129, 0.1070014053305185, 0.12185098031252047, 0.12441003166480982, 0.09573408652021993, 0.12024649476984459, 0.10198483666784217], [0.1170198932704511, 0.09783695992886597, 0.11432021284032694, 0.10714627347435085, 0.12203383595290807, 0.124076040711423, 0.0953839994110027, 0.12036123753611787, 0.1018215468745536], [0.11615232041540775, 0.09935281146843847, 0.11332277281410898, 0.10710044275498141, 0.1211114809146744, 0.12353786766242132, 0.09690462553725114, 0.11981907787765504, 0.10269860055506146], [0.11681767819452993, 0.09791853943677438, 0.11412972694823409, 0.1070728565280453, 0.12189766870719157, 0.12441293458708551, 0.09550683140988425, 0.12041610355446593, 0.10182766063378881], [0.11662394706464624, 0.09813294751521136, 0.11390366793283074, 0.10701526953490127, 0.12175679384171385, 0.12454334281720245, 0.09572758715792536, 0.12037017707082982, 0.101926267064739], [0.11634262728942964, 0.0986981796578351, 0.11362577517186959, 0.10707280783701531, 0.12141659475711648, 0.12398306466489391, 0.09633887634377328, 0.1202497823030261, 0.10227229197504058], [0.11617833747852598, 0.09909936628035591, 0.11345090860899132, 0.10711854778299795, 0.12116863750525056, 0.12363662448056077, 0.09674722628606121, 0.12007462187873637, 0.1025257296985197], [0.1170080065622676, 0.0973961687443534, 0.11455804319176258, 0.10718390206643251, 0.12217381486853784, 0.12441048578875391, 0.09510027479032436, 0.1206237506666083, 0.1015455533209596], [0.11673709272569607, 0.09783545873141489, 0.11418080807812175, 0.10711291678695253, 0.12174784782868715, 0.1244862197308064, 0.0955341921841722, 0.12059303204999533, 0.10177243188415369], [0.11625155493694087, 0.09880137856323483, 0.1135862113807263, 0.1071073424941092, 0.12128277452301461, 0.12385850825567225, 0.0964977058797633, 0.1202783926133921, 0.10233613135314674], [0.1164011650506019, 0.09835862384442622, 0.11376586983962388, 0.10705209875039312, 0.12148518337667902, 0.12438566011743048, 0.09605669984506866, 0.1204424521560842, 0.10205224701969252], [0.11652596575659771, 0.09802473579948995, 0.11393658438439493, 0.10703627543223694, 0.12160296049355088, 0.12473781382264292, 0.09573462611457323, 0.12055378110021381, 0.10184725709629966], [0.11662174281833472, 0.09785897194599923, 0.11409997020544356, 0.10708765962145715, 0.12164165439351536, 0.12467203325036683, 0.09560269218197995, 0.12064993887752908, 0.10176533670537416], [0.11596854224393788, 0.09942029160683132, 0.11333924421093794, 0.10720926181855592, 0.12083149104112882, 0.12322926289505833, 0.09717485807588916, 0.12009366552931852, 0.10273338257834211], [0.11620406385264584, 0.09866713505608984, 0.11364074479914973, 0.10712411995941062, 0.12121286477951924, 0.12400045366882984, 0.0964562503635635, 0.1204490207438014, 0.10224534677698997], [0.11595784118144797, 0.09937090478376966, 0.11337428693181997, 0.10722863592089724, 0.12081773522242541, 0.12322133601244438, 0.09717022790382966, 0.12015722403497088, 0.10270180800839483], [0.1166181419239889, 0.09769335979287938, 0.11430995664681975, 0.10721293462865103, 0.1215690461584355, 0.124397510196882, 0.09559302815017183, 0.12091689888325798, 0.10168912361891363], [0.11640110295409867, 0.09787299561335404, 0.11398716605454837, 0.1070658075936017, 0.12140009241129698, 0.12499999999999999, 0.0957349901171711, 0.12079924761574212, 0.10173859764018693], [0.11619566779753021, 0.09851188389398596, 0.11370543390580162, 0.10712787143461076, 0.1211940409208413, 0.12417120482098876, 0.0963619177933379, 0.12058883043957902, 0.10214314899332445], [0.11682090954380912, 0.09684634297201385, 0.11475059923271244, 0.1071881121894816, 0.12237111866651906, 0.125, 0.09480327892067744, 0.12105069402636902, 0.10116894444841747], [0.1164691302906544, 0.09778100128304301, 0.11415181283929829, 0.10715616547414901, 0.12138975190021913, 0.1247046700448912, 0.09570414128377353, 0.12093252161980506, 0.10171080526416637], [0.11666978129889408, 0.09730807126768859, 0.11455719795547627, 0.10725964949000863, 0.12193165177655498, 0.12444409062702558, 0.0953116282488607, 0.12105719616731044, 0.10146073316818084], [0.1165476644272806, 0.09763287352923615, 0.11434838385247822, 0.10724737807960456, 0.12156292840483304, 0.12432858035421648, 0.09562279879192548, 0.12106029978232298, 0.1016490927781025], [0.11599878213479972, 0.09879752519414592, 0.11360727097488232, 0.1072176746197641, 0.12090571425532633, 0.12377029220120223, 0.09676355540652683, 0.12061315398923965, 0.10232603122411292], [0.11622452856560013, 0.09779994015078963, 0.11415213998372127, 0.10725070169363315, 0.12110214225611252, 0.12452226570864193, 0.09595638190053375, 0.12127846522122468, 0.10171343451974282], [0.11567649343932343, 0.0993932362082393, 0.1133610809532961, 0.1073309224642597, 0.1204122623974235, 0.12294595048661347, 0.09746958466818376, 0.12070676798222589, 0.10270370140043486], [0.11653290610411149, 0.09657995335326801, 0.11492281869997699, 0.10734162946984213, 0.1222259362328445, 0.12482918051550965, 0.09492580270233664, 0.12164862166058084, 0.10099315126152986], [0.11656804194655215, 0.09652163030017212, 0.11499505962863613, 0.10737136072771196, 0.12230024606484834, 0.12470753818885338, 0.09488509715641123, 0.12168328022747257, 0.1009677457593421], [0.1157335311005827, 0.09916907095925476, 0.11347735069011453, 0.10733637854088378, 0.12050180982209596, 0.12322227087001875, 0.09729336589782771, 0.12070196483540373, 0.10256425728381813], [0.11642372256600192, 0.09691340972462444, 0.11472552502860649, 0.1073339256943196, 0.12194112320965683, 0.12469238368530484, 0.09523088528681976, 0.12154646723265822, 0.10119255757200801], [0.11628274049143303, 0.09753996923315453, 0.1144077149148403, 0.10735665216116183, 0.1214082847922329, 0.12409800250701652, 0.09581502969466865, 0.12151075362841236, 0.10158085257707987], [0.11643724697822472, 0.09662512954684502, 0.1148419827054926, 0.10732152946970307, 0.12208319547816432, 0.125, 0.09500500874059878, 0.12168216939661508, 0.10100373768435643], [0.1159311657056137, 0.09838748956347655, 0.11381193334503001, 0.10727656052645226, 0.12076772075456649, 0.12407087915295978, 0.09658497084324918, 0.12110668853945, 0.10206259156920204], [0.11575086544311809, 0.09903051605329612, 0.11355167126802414, 0.10734820818537852, 0.12052496538346813, 0.12337449406671305, 0.09720270537504976, 0.12073856082914491, 0.1024780133958073], [0.11611848153025721, 0.09761544249184875, 0.11433351457205296, 0.10738015013393314, 0.12118885786929749, 0.12408738675580845, 0.09599773732120262, 0.12166537623209037, 0.10161305309350904], [0.11613906690427325, 0.09752620697851357, 0.1144237007055242, 0.10741782106326417, 0.12129079631807581, 0.1239456345781123, 0.09594786757414399, 0.1217406551077723, 0.1015682507703203], [0.11618904076834563, 0.09701058449960549, 0.11467216053052158, 0.10741529932480708, 0.12163501178832621, 0.12444467378604167, 0.09552864492751, 0.12186246163188054, 0.10124212274296183], [0.11599788748932711, 0.09776352271625907, 0.1142182044973931, 0.10737985528487443, 0.12095972820427298, 0.12411511512982651, 0.09618609361125288, 0.1216874345846505, 0.10169215848214344], [0.11624032427813265, 0.0967507534769836, 0.11480825192587839, 0.10741844702874329, 0.12180882881505933, 0.12466402581232094, 0.09531095785307658, 0.12191753514353237, 0.10108087566627284], [0.11592569362769799, 0.097922835496766, 0.1141157915533509, 0.10737707021173377, 0.12077790043896859, 0.12411280898056559, 0.09634749971374924, 0.12163560900084229, 0.10178479097632552], [0.11566985601196973, 0.09882077986303868, 0.11366282452008783, 0.1074049730213873, 0.12039417197739324, 0.12346400615859483, 0.09716926596922876, 0.1210707493491086, 0.10234337312919099], [0.11615219102950934, 0.09696200287276974, 0.11469892625731258, 0.10743607166231699, 0.12161610529421156, 0.12444057094410257, 0.095537183598255, 0.12194671169003506, 0.10121023665148729], [0.11586047746546006, 0.09809309787485385, 0.11402619324786374, 0.10738708599551902, 0.12060582502438942, 0.12404296624768942, 0.09652162762885652, 0.12157368628484144, 0.10188904023052653], [0.11581980509187977, 0.0981745025463935, 0.11398865444717354, 0.10740018381265337, 0.12052750582817297, 0.1239734379796309, 0.09661783586724398, 0.12155824388074926, 0.1019398305461027], [0.11577191452781295, 0.09831419655420226, 0.11390876219041005, 0.1073993304587313, 0.12048873657047347, 0.12387513960675786, 0.09674753871312565, 0.12147018822754352, 0.10202419315094297], [0.11566203697048344, 0.09864482852779367, 0.1137527364185498, 0.10742502138974389, 0.1203666533726904, 0.1235689690203469, 0.09707289397551648, 0.1212748445385487, 0.10223201578632672], [0.11591785202055536, 0.09757903596593538, 0.11433870931453706, 0.10744497814722631, 0.12101876242911637, 0.124007613785027, 0.09615481155426175, 0.12195890621066478, 0.10157933057267599], [0.11582005531525506, 0.097974376293634, 0.11410437217129579, 0.10742749336271055, 0.1206587450926758, 0.12394486074194194, 0.09649703607875522, 0.12175611682802356, 0.10181694411570787], [0.11559637904673875, 0.09878752010992403, 0.113699528331776, 0.10745603365848465, 0.12027400281363385, 0.12339915354925703, 0.09724216884050634, 0.12122067850698612, 0.10232453514269324], [0.11592130634211999, 0.09734199689189495, 0.11447024844695185, 0.10746536073953922, 0.12117260806766411, 0.12411029565660214, 0.0959885944714819, 0.1220965931245024, 0.10143299625924343], [0.11581158071571836, 0.09787370233059473, 0.11417274337576996, 0.10745336435944647, 0.12072526726106872, 0.12387949611852855, 0.09645079702989286, 0.12187575444526057, 0.1017572943637197], [0.11571394029081056, 0.09807959784720147, 0.11406127115884915, 0.1074708348729244, 0.12050142084699923, 0.12379353351443408, 0.09668012463804489, 0.12181713436528138, 0.10188214246545498], [0.1156299055889619, 0.09829465477640599, 0.11394364657822603, 0.10747970458888058, 0.12028373024018048, 0.1237572192195038, 0.09689769328237512, 0.1217004020935732, 0.10201304363189295], [0.11560520465089134, 0.09773977004883382, 0.1141716570276652, 0.10747800033808583, 0.12058030853208368, 0.12411256403894567, 0.09650859572505338, 0.12215399980531079, 0.10164989983313041], [0.11539162030005186, 0.09865414914758044, 0.11374123629806829, 0.1075251816599409, 0.11997004945025523, 0.12360434005926277, 0.09734879516165981, 0.12153654958171167, 0.10222807834146923], [0.11533819290100572, 0.09842477141405197, 0.11382099974420243, 0.10753191494659117, 0.11991132185993417, 0.12388291567721982, 0.09722935955560405, 0.12178723212003918, 0.1020732917813513], [0.11563379491100224, 0.09651119677145896, 0.11478934207593192, 0.10755654041716735, 0.12114760837059499, 0.125, 0.09566338306723761, 0.12282358573430338, 0.10087454865230357], [0.11532468314479634, 0.09826564666383006, 0.11386992014724565, 0.10752018661306596, 0.1199808242005481, 0.12403636970564107, 0.09711472780460073, 0.12192259951626287, 0.1019650422040092], [0.11547996743268066, 0.09659064812363656, 0.11472976807706224, 0.10760045964121635, 0.12102493996155245, 0.12473807479269204, 0.09586483801691424, 0.1230553743553085, 0.10091592959893708], [0.11518452105931021, 0.09845386280311301, 0.11378365873204464, 0.10757095917037592, 0.11974266483363953, 0.12392910341545799, 0.0973869675930939, 0.12186569304580691, 0.10208256934715765], [0.1153255965579479, 0.09698043657668641, 0.1143856513708513, 0.10749478362820268, 0.12061081248906574, 0.125, 0.0961649191534521, 0.12291527300685082, 0.10112252721694304], [0.11523640226778721, 0.09755292817015727, 0.11413477348371062, 0.1075169412775571, 0.12026475938014872, 0.12456623414270797, 0.09664867259925732, 0.12258825076799092, 0.10149103791068276], [0.1152729530467583, 0.09701528633972942, 0.11435722932839353, 0.1075048499316568, 0.12061618106253652, 0.12490254348100159, 0.09623506032764186, 0.12295521903086885, 0.10114067745141327], [0.11509440217760604, 0.09837882665919179, 0.11379333530394581, 0.10758774133203368, 0.11969056531298239, 0.12403241052208848, 0.09740861601972342, 0.12198751733021669, 0.10202658534221172], [0.1149519318811562, 0.09760264714653841, 0.11397172366765473, 0.1075039609504151, 0.12017269879390077, 0.12480672641918614, 0.09686829238863993, 0.12263888261508774, 0.10148313613742097], [0.11492551637361068, 0.09740386000768675, 0.11401407699984034, 0.10747972512748473, 0.12031048415756763, 0.125, 0.09672707755774265, 0.12279608549807813, 0.10134317427798908], [0.11489206579990571, 0.09802976896434276, 0.113838602207897, 0.10757555756358712, 0.11991506114946243, 0.12434586332955026, 0.09728160874456339, 0.12235017534227974, 0.10177129689841152], [0.10633682826081858, 0.11317596126249996, 0.1237629926006827, 0.1154480793136221, 0.10448670790108902, 0.09710965998444297, 0.1242310968640945, 0.09841556490216474, 0.11703310891058541], [0.1064280358150972, 0.1124948576109477, 0.12326845782154187, 0.11634788367462823, 0.10464742235718646, 0.09678688841171885, 0.125, 0.0981475713235449, 0.1168788829853348], [0.10629543302909016, 0.11276641739450145, 0.12366781461108502, 0.11587378874445635, 0.10448320931511385, 0.09682245035579552, 0.125, 0.09816039106419977, 0.11693049548575787], [0.10633500469151089, 0.11315268915917873, 0.12369858993129006, 0.11545266135036268, 0.1045249508743769, 0.0971648877926009, 0.12420503463407967, 0.09847892667053045, 0.11698725489606993], [0.10633227396899583, 0.11311121808598723, 0.1236605069900274, 0.11547293735602895, 0.10455113477496747, 0.09719129369063537, 0.12421530818853192, 0.09851223186881333, 0.11695309507601274], [0.10635106309342592, 0.11329272090581473, 0.12352261596534109, 0.11534255972172906, 0.10460163253724943, 0.09735583609581512, 0.12393339327505638, 0.09867393139359076, 0.11692624701197755], [0.10636639295260433, 0.11255462974395847, 0.12338368822967215, 0.116117063823585, 0.10471044282549327, 0.09702274791828436, 0.12468053313824423, 0.09839289362628269, 0.11677160774187552], [0.1064950586080922, 0.11228498797656088, 0.1229197320796083, 0.11660522916607331, 0.10491569551420174, 0.09704101427254432, 0.12465117673938789, 0.09842940133879653, 0.11665770430473484], [0.10633477379215446, 0.11299171039641663, 0.1233457179759945, 0.11550294904887383, 0.10475220526582966, 0.09747780520613858, 0.12402555028720784, 0.09883831068171366, 0.11673097734567084], [0.10631839235743785, 0.11268512024560721, 0.1232857381379371, 0.11574613836399202, 0.10482202080416678, 0.09742330124621273, 0.12428513004562658, 0.09881417645174499, 0.11661998234727475], [0.10632708764878918, 0.11265490926035587, 0.1231845046521918, 0.11573577850247811, 0.10489659616224861, 0.09754382804239796, 0.12415843206904417, 0.09894610849145548, 0.1165527551710386], [0.10611932851062485, 0.11346710763429485, 0.12291120412423003, 0.11483464607951507, 0.10459994430037303, 0.09764667320711866, 0.12426344504364491, 0.09900724461465274, 0.11715040648554587], [0.10640296693239323, 0.11222324475721691, 0.12292148681093988, 0.11631707222419636, 0.10509376535731106, 0.09747936486222007, 0.12423758529667454, 0.0989211684392906, 0.11640334531975734], [0.10644718399463464, 0.11173163887153946, 0.12221615463683336, 0.11699941418091225, 0.10529895127504567, 0.09735962208674141, 0.125, 0.09884955318467979, 0.11609748176961343], [0.1064309550642516, 0.1120602902808082, 0.12272641223774566, 0.11648213918501213, 0.10522197844913622, 0.09757064924100677, 0.12418576117484331, 0.09903508798930939, 0.11628672637788662], [0.10635143745014126, 0.11282971835422359, 0.1229604313249368, 0.11554995830512357, 0.1050156543217413, 0.09784695532767465, 0.1237298117512015, 0.09925596109390857, 0.1164600720710488], [0.10609667465266612, 0.11327677564054169, 0.12271558851695773, 0.11490404454209847, 0.10470380015026926, 0.09775362459853902, 0.12445310751593322, 0.09914561008284295, 0.11695077430015154], [0.10635083133108489, 0.1127534939694388, 0.12293071141486067, 0.11559739940227767, 0.1050483524232306, 0.09786511340334372, 0.1237479434740806, 0.09928308702591819, 0.11642306755576486], [0.10642057048564098, 0.11202933852846013, 0.12265303996535686, 0.11642993793930058, 0.10530518727615555, 0.09772602454408645, 0.1240327676526906, 0.09920839294812384, 0.11619474066018502], [0.10642029449443553, 0.111843236383615, 0.12245730055551307, 0.11666184149792402, 0.10535035148071492, 0.09764534246429374, 0.12437639272074073, 0.099144406955016, 0.11610083344774698], [0.10603840804031046, 0.11319851116084863, 0.12253104236520047, 0.11484564188114013, 0.10474471287234481, 0.09784240108380862, 0.12467146397472542, 0.09925709884309337, 0.1168707197785281], [0.10618737292330581, 0.11284796534476499, 0.12254393381579319, 0.11527393630372818, 0.1049970241062609, 0.09796784695317853, 0.12429610991886773, 0.09940987947942732, 0.11647593115467336], [0.10637595363978526, 0.11203772460437295, 0.1225717134900773, 0.11625498318972242, 0.10536657883261168, 0.09792025331066212, 0.12396831570262327, 0.09942220221028708, 0.11608227501985771], [0.10635509874743829, 0.11211760206974099, 0.12261309276071361, 0.11613030721564872, 0.10532632118146226, 0.09793644427016306, 0.12398547193619731, 0.09943194449268265, 0.11610371732595309], [0.1062642636065415, 0.11266897841277641, 0.12258251348036293, 0.1154843217403834, 0.1051361483847756, 0.09805301203494556, 0.12403198606468321, 0.09950949888189306, 0.11626927739363836], [0.10641731090225134, 0.11165729181049741, 0.12220355429146337, 0.11677612067842641, 0.10552196372782612, 0.09782589270311239, 0.12433617718841153, 0.099363656582647, 0.11589803211536444], [0.10596264363664913, 0.11320432801620409, 0.12255946182576749, 0.11471982789773877, 0.10473240974255572, 0.09789202430078797, 0.1247447469749748, 0.09932041221335149, 0.11686414539197053], [0.10633056639714626, 0.11231022813394069, 0.12260439681376507, 0.11582360483675039, 0.10528554083527432, 0.0980683123263645, 0.12390448749966713, 0.09955014848180868, 0.11612271467528298], [0.10645860151190359, 0.1114300612609861, 0.12184475009508648, 0.11711071398525552, 0.10568848093933081, 0.09786735556934738, 0.12445181982987377, 0.0994347866448874, 0.11571343016332894], [0.10641374275413015, 0.11174937275041205, 0.12229932017846125, 0.11657346946318642, 0.10554071532075675, 0.09798139236962027, 0.12400928875937882, 0.09951778507463367, 0.1159149133294206], [0.10632436958434305, 0.11206391224361975, 0.12251363668934233, 0.1160892101849721, 0.10536191033393083, 0.09800927071787988, 0.12410076193944496, 0.09951971407124648, 0.11601721423522042], [0.1059759320019572, 0.11304877976785274, 0.12237595068562815, 0.11482628625924893, 0.10481440472335278, 0.09794708046549194, 0.12490842342633833, 0.09939391402766237, 0.11670922864246754], [0.10631611610525828, 0.11222437310178364, 0.12253379274573416, 0.11586858817422509, 0.10532301673530442, 0.09809190072138198, 0.12399842293685781, 0.09958771503032832, 0.1160560744491263], [0.10645350268119431, 0.11140879709144177, 0.12182561459001226, 0.1170867459916409, 0.10572612992695617, 0.09793644962032431, 0.12437458519418924, 0.09951248228337797, 0.11567569262086304], [0.10633856415773889, 0.11185341215593392, 0.12235814277634496, 0.11631384195273961, 0.10547055090147443, 0.09802835447983824, 0.12416992190074748, 0.09956484220202023, 0.11590236947316228], [0.10596670125733805, 0.11296228927342525, 0.12229877760533471, 0.1148581975379575, 0.10485730566314758, 0.09798815897636574, 0.125, 0.0994482715321855, 0.11662029815424571], [0.10598297506685603, 0.11289591223814809, 0.12223007862099214, 0.11489968070251926, 0.10492769106768408, 0.09806863043142695, 0.1249092421646552, 0.09953992488040965, 0.11654586482730864], [0.10627583416894316, 0.1119933313364713, 0.1223242557893823, 0.1159817494892733, 0.10543025204599366, 0.09816877839634902, 0.12425570222682723, 0.09970347606534219, 0.11586662048141783], [0.10631893677050903, 0.1116855990578177, 0.1221724381206053, 0.11639670521041806, 0.10557106015850629, 0.0981185988545499, 0.12429973116657768, 0.09968433682931603, 0.11575259383170003], [0.10650585882628832, 0.11118929773618358, 0.1214765611103791, 0.11732457161219392, 0.10598094433346446, 0.09816876107842058, 0.12412325281632064, 0.09978571856116401, 0.11544503392558547], [0.10606585246896343, 0.11274515658111886, 0.12208014116200304, 0.11508607047474971, 0.10508223176686411, 0.09819157828751145, 0.1246915297498601, 0.09967798805904317, 0.11637945144988592], [0.1062634834553053, 0.1118814854044539, 0.12224614436276203, 0.11606564604256552, 0.10547470731358627, 0.09817749287140572, 0.12436917722264786, 0.0997284511909911, 0.1157934121362823], [0.10645342877464263, 0.11129943365013427, 0.12167994528323905, 0.11707146481619843, 0.10589198388270567, 0.09818728296943267, 0.12410315105382436, 0.09979658077796706, 0.11551672879185595], [0.10655846875943328, 0.11092099114157074, 0.12145628847095674, 0.11772891785704544, 0.10616502710965592, 0.09819376190811727, 0.1239174068032683, 0.09983901187939599, 0.11522012607055632], [0.10626509469832048, 0.11176798135276737, 0.122183863625303, 0.11618882015248129, 0.10552030510360441, 0.09816563655432484, 0.12443969541782728, 0.09973016321975525, 0.11573843987561608], [0.10619276809966259, 0.11245898599559495, 0.12213809892008562, 0.11543343745842082, 0.10531893718274768, 0.09833891816533653, 0.12421402199677384, 0.09985103848511545, 0.11605379369626234], [0.10650749498270656, 0.11089380082646107, 0.12132938761260262, 0.11761796764425121, 0.10617361897136145, 0.09826316720431068, 0.12412122642516885, 0.09992407019562133, 0.11516926613751624], [0.1064755848414155, 0.1110267904469846, 0.1212883112539957, 0.11738746738053593, 0.10608994591987625, 0.0982795001576314, 0.12425193409116281, 0.0999291305832652, 0.11527133532513262], [0.1058558695773577, 0.11285701358933867, 0.12234021913601116, 0.11470193465594766, 0.10492994416852673, 0.09816750111484683, 0.125, 0.09966640552921788, 0.11648111222875339], [0.1060514233227946, 0.11265961665499308, 0.12196169199762696, 0.11506409689426604, 0.10518339238502918, 0.09834554571975843, 0.12459690927449982, 0.0998544233701674, 0.11628290038086453], [0.10640434934721704, 0.11117437553519734, 0.12154235079401009, 0.11703395519019787, 0.10597631843083555, 0.09831825309243558, 0.12422939521390222, 0.09995840056308877, 0.11536260183311557], [0.1062153172697044, 0.11164148591895319, 0.12198585551953361, 0.11614632411834551, 0.10560415137568388, 0.09829725830171863, 0.12464668637681714, 0.09989159810187097, 0.11557132301737266], [0.10611773570526188, 0.11250272404486153, 0.12187463964926544, 0.1152413156211935, 0.1053270219539559, 0.09845294294926177, 0.12439937372295612, 0.09997912884573015, 0.11610511750751355], [0.1062324302056322, 0.11148335417332007, 0.12188903087405564, 0.11633782339046464, 0.10568659034445305, 0.09829763544083649, 0.12466643647890652, 0.09991042698587978, 0.1154962721064516], [0.10640302361575477, 0.11101290040577501, 0.1213264652542405, 0.11720748456427359, 0.1060735068683994, 0.0983460981503732, 0.12439816679347984, 0.10001016887437511, 0.11522218547332855], [0.1062016561699746, 0.1114485816830772, 0.12182026017301377, 0.11628533961969884, 0.10570444217872005, 0.09834661620738071, 0.12479041477669908, 0.09997025126246957, 0.11543243792896618], [0.10619881761202635, 0.1116288723385011, 0.12188374112307274, 0.11605909331968889, 0.10565194767716114, 0.09841403314907661, 0.1246466634243447, 0.10001904972281003, 0.11549778163331846], [0.10641017210336784, 0.1107979869830572, 0.12108017115873212, 0.11743574769629911, 0.10622277545802258, 0.09841431713676498, 0.12450170849661595, 0.1001107093829922, 0.11502641158414803], [0.10623453560399582, 0.11191070854353453, 0.1219156519686072, 0.11581543337067392, 0.10562811243148737, 0.09854365682286167, 0.12424628299204407, 0.10012202855740257, 0.11558358970939285], [0.10643003856936203, 0.11070163804643941, 0.1210447767211457, 0.11757674307020825, 0.10629838534033392, 0.09843814979160674, 0.12442073018144027, 0.10014622514421755, 0.11494331313524613], [0.10603523214284848, 0.11246368006541753, 0.12191131980003966, 0.11511959551239602, 0.10531800507085973, 0.09849592801391181, 0.12454567199458992, 0.1000389758751288, 0.116071591524808], [0.10632082956931031, 0.11117970063836499, 0.12155745276310993, 0.11672278084219484, 0.10598056680623207, 0.09849166161719958, 0.12431251901191447, 0.10014866940242571, 0.11528581934924809], [0.10635320116181936, 0.11113028750049506, 0.12148430502028819, 0.11684407763905169, 0.1060447429325161, 0.0985147177695745, 0.12419794459879338, 0.10017830929632807, 0.11525241408113367], [0.10634160063360981, 0.11115275229634514, 0.1215146850674568, 0.11678940776967017, 0.10602253089632334, 0.09851442793163694, 0.12422330655362337, 0.10017549198358731, 0.11526579686774713], [0.10618296419653943, 0.11175707607522768, 0.12202694151181201, 0.11583136880180174, 0.10567667325706621, 0.09858713285070773, 0.12429961250479056, 0.10019159913767918, 0.11544663166437544], [0.106129319304692, 0.11131793204403524, 0.12181713342750021, 0.11623363301331037, 0.10574510710578439, 0.09841478112698233, 0.125, 0.10006645212595494, 0.11527564185174054], [0.10613084616156374, 0.11139389801809407, 0.12191805292337542, 0.11612941448828357, 0.10573502195899942, 0.09846633841349446, 0.12482011567149233, 0.10011137738777481, 0.11529493497692221], [0.10586383473180652, 0.11250330459354539, 0.12198940773308964, 0.11483723249657533, 0.10520587524025475, 0.09847265177977192, 0.12500000000000003, 0.10003053808899966, 0.11609715533595695], [0.10615457909969551, 0.11097831431425373, 0.12188775768816221, 0.11652220697654528, 0.10600344576317906, 0.09860226473363323, 0.12452451193233649, 0.10030747061956066, 0.11501944887263384], [0.106142395234945, 0.11043293890912607, 0.12159804811115425, 0.117262543114628, 0.1062322680445184, 0.09846075446445858, 0.125, 0.10023536499637183, 0.11463568712479791], [0.10606521767937299, 0.11120783102030259, 0.12218164920214655, 0.11612905826616106, 0.1058240272537347, 0.09857838832992841, 0.12466045831258599, 0.10026052462166908, 0.11509284531409865], [0.10609715449084929, 0.11100325454558359, 0.12203564764893798, 0.11640603364838695, 0.10594779917665426, 0.0985925705552864, 0.12462072224488113, 0.1002995600729242, 0.11499725761649618], [0.10584769464674991, 0.11228168966784036, 0.12222782910141708, 0.11492961425464064, 0.1053255549308791, 0.09858293599085763, 0.12476124187125605, 0.10017415570781349, 0.11586928382854576], [0.10614970168937425, 0.11062266574048836, 0.12182270299993479, 0.11698030385051826, 0.10619936328602658, 0.09861269510252005, 0.12449241377945505, 0.10037088202216159, 0.11474927152952108], [0.10612520501486616, 0.11055762454750502, 0.12186937003319365, 0.11701927515393311, 0.10621719927633823, 0.09861729187982882, 0.12451939503958287, 0.10038696232380397, 0.11468767673094821], [0.10613042925779385, 0.11073276186428405, 0.12199110639895847, 0.11674317239867918, 0.10617143674023102, 0.09873951542366656, 0.12421265979301997, 0.10048988373632488, 0.11478903438704201], [0.10601444549400803, 0.11119429982309463, 0.12250457525457147, 0.11601013842055556, 0.10585399711843639, 0.09872042652825014, 0.12430624761129563, 0.10041629325961961, 0.11497957649016836], [0.10600654547306416, 0.11110787834303831, 0.12246805088723894, 0.11610393911509781, 0.10587983354717623, 0.09869803007006617, 0.12439172539558736, 0.10040524343114623, 0.11493875373758476], [0.10605339872887322, 0.11038748843121512, 0.12207117791408438, 0.1170876024544524, 0.10627886959539448, 0.09868090785052545, 0.12444725689106971, 0.10048448896514389, 0.11450880916924154], [0.10589862968812669, 0.11153093870513799, 0.12268611613252328, 0.11558321617973148, 0.10567997424979621, 0.09872868674249642, 0.12438062829993399, 0.1004050099956931, 0.11510680000656083], [0.10594924677381949, 0.11086093565960899, 0.12253322457494316, 0.1162814095799825, 0.10596114384538605, 0.0987141371939835, 0.1244846559700574, 0.10046019012489275, 0.11475505627732618], [0.10605159396168541, 0.11060805008084221, 0.12221130913783226, 0.11673045230169722, 0.10619494391024346, 0.09879413512034736, 0.12419430727157717, 0.10057080102590348, 0.11464440718987144], [0.10597691397955065, 0.11019884157719843, 0.1222761279938423, 0.11717020506905236, 0.10634622012547383, 0.09874298050064897, 0.1243912140156268, 0.10058336934971968, 0.11431412738888698], [0.10585692457387691, 0.1113080807904176, 0.1228720048534004, 0.11570430544421834, 0.10576523467584018, 0.0987909249677294, 0.1243253119506833, 0.10050046673739564, 0.11487674600643824], [0.10575221778473286, 0.11128422309132846, 0.12300007256625578, 0.11558780744857368, 0.10570625906694277, 0.09877415955457525, 0.1245340072155717, 0.10049716477534103, 0.11486408849667851], [0.1056420202737012, 0.11151284515459255, 0.12289839261929009, 0.11525941434580585, 0.10551385574935701, 0.09867809549210887, 0.12499999999999997, 0.10038067630825011, 0.11511470005689416], [0.10580985537117361, 0.10966963327764946, 0.12235393062781688, 0.11757652083221005, 0.10647082065091036, 0.09867271231059936, 0.12499999999999999, 0.10059643909388107, 0.1138500878357591], [0.1057490475115673, 0.11117014279744408, 0.12309014542473329, 0.11567096014935671, 0.10576682576185728, 0.09881926502546402, 0.12443190529628732, 0.10055821770203516, 0.11474349033125503], [0.10582532415320321, 0.11025664552540725, 0.12266830359829928, 0.11671176327222803, 0.1062177260508533, 0.09885384511425158, 0.12450273581700327, 0.10069906717060073, 0.1142645892981533], [0.10568371508901091, 0.1111668151895947, 0.12316719598400615, 0.11558435005000972, 0.1057280527699183, 0.09881476281670318, 0.12454799151052376, 0.10056100716022563, 0.11474610943000764], [0.10579279285231236, 0.10981278717742819, 0.12268070930138407, 0.11729259282051772, 0.10644228039862429, 0.09882735437083201, 0.12449034366293306, 0.10074224742710512, 0.1139188919888632], [0.1056776598084199, 0.11036568968259033, 0.12300593933347657, 0.11635184606508656, 0.10600510564168433, 0.09874604036981173, 0.125, 0.10058116396718428, 0.11426655513174626], [0.10572684568773717, 0.11067973358526116, 0.12320128821879882, 0.1160461792709005, 0.10594178855686498, 0.09885359531334847, 0.12449100720571395, 0.10064904971243727, 0.1144105124489377], [0.10564230037594871, 0.11109125420349593, 0.12328216193226467, 0.11558174612838006, 0.10574876740146393, 0.09885215132790344, 0.12451928268527152, 0.10061374547597048, 0.11466859046930131], [0.10561707141950004, 0.11111482469839941, 0.12329499493842344, 0.11552514824986095, 0.10572481231998249, 0.09885121626519233, 0.12456484127796665, 0.10061272667975227, 0.11469436415092264], [0.10569277467888508, 0.11083317818481452, 0.12342027267190074, 0.11584848601669875, 0.10592506726515412, 0.09896455309678795, 0.12416840039724193, 0.1007567458928717, 0.11439052179564545], [0.10558579893521285, 0.11110149210657008, 0.12335325976223593, 0.11548333719301712, 0.10572415684790194, 0.09887941772721397, 0.12454538569231796, 0.10064740983223235, 0.1146797419032976], [0.10563383541466904, 0.11040078795760888, 0.12342299834756901, 0.11615165663882265, 0.106020384773964, 0.09891333262871246, 0.12452846796059824, 0.10075468435093292, 0.1141738519271228], [0.10556803716487427, 0.11101721195967465, 0.12345672725224646, 0.11551721581506336, 0.10576679196438966, 0.09892781051126548, 0.12444579675744129, 0.1007102560535054, 0.11459015252153941], [0.10572131221286231, 0.1098736848900486, 0.12303230404926836, 0.11695648867171639, 0.10640924830521828, 0.09900892602075158, 0.12418689140615677, 0.10092804187451847, 0.11388310256945906], [0.10561513462673199, 0.1103333607010756, 0.12345800372474872, 0.11619082253819246, 0.10604389044705742, 0.09892560915045759, 0.12453631892411286, 0.10077841578213124, 0.11411844410549214], [0.10572232309194204, 0.10965732355300124, 0.1230829127062301, 0.11721997686629061, 0.10651183759023967, 0.09899803439936282, 0.12414483292532863, 0.10095225078688037, 0.1137105080807245], [0.10565606087133636, 0.10994891956288909, 0.12312231278266565, 0.1167029217778594, 0.10629681518368456, 0.0989955961108353, 0.12446270916229558, 0.10090390394958339, 0.11391076059885066], [0.10571219908054705, 0.10964929075820293, 0.1231881911054047, 0.1171650262315231, 0.10652394239060524, 0.09905676301121158, 0.12400820406997008, 0.10101614454112794, 0.1136802388114074], [0.10558337816363626, 0.11041605933673385, 0.12373695565699468, 0.11603021542686538, 0.10605087264970235, 0.09904912114108663, 0.12418198820091499, 0.10090458494817299, 0.11404682447589287], [0.10558402693016108, 0.10996256144532728, 0.1234019270111404, 0.11653908138211286, 0.10624036888637246, 0.0990137190615224, 0.12447442876589612, 0.10092622445094308, 0.11385766206652456], [0.1056717419390762, 0.10968358483538616, 0.12326992808927759, 0.11702559571601921, 0.10648919952900113, 0.09909490017210126, 0.12403064345724668, 0.10105174644287472, 0.11368265981901704], [0.10554674831547328, 0.11018336304167946, 0.12378859735382985, 0.1161729302153836, 0.10612125928015212, 0.09906739530057769, 0.12425001899859792, 0.10095304999099841, 0.11391663750330766], [0.10555051472032437, 0.11030529851028682, 0.12384876373955567, 0.11606728441439416, 0.1060915612460749, 0.09909100168656994, 0.12413196214154128, 0.10096512130105936, 0.1139484922401933], [0.1055353715441279, 0.11015957998523035, 0.12384202416528009, 0.11617115504172595, 0.1061344154223883, 0.09909038551375784, 0.12420282446329903, 0.10098163110245197, 0.11388261276173854], [0.10567625502516964, 0.10950796332012873, 0.12345602515316127, 0.11712975406196627, 0.10657415265494967, 0.09916388555033331, 0.12383016030392037, 0.10115456651195293, 0.11350723741841781], [0.10554213518010228, 0.11044496213898823, 0.12397048882980839, 0.11591136763957609, 0.10607306307881026, 0.09916785347703175, 0.12387068953622678, 0.10103317361233531, 0.11398626650712089], [0.10551042245779682, 0.109841350990926, 0.12376379994527067, 0.11646958440571015, 0.10629731638157382, 0.09915522426157483, 0.12419238448249639, 0.10109667603958711, 0.1136732410350642], [0.11051435044137403, 0.10670804327082899, 0.12500000000000003, 0.12433846259131033, 0.10985364562804202, 0.09877373276801521, 0.11130736228006481, 0.10032726357347879, 0.11317713944688597], [0.110555233304356, 0.10663021599150166, 0.12490906877726093, 0.12442318076452678, 0.10992927929940789, 0.09883558634698314, 0.11121588719705375, 0.10039411520502739, 0.11310743311388262], [0.1101764089447267, 0.10728060844211548, 0.1242427630800475, 0.12374144798829931, 0.10956418304420752, 0.09873248981657747, 0.11242161478631993, 0.1002968204866441, 0.11354366341106202], [0.10992907407615414, 0.10775066748214868, 0.1236896800443899, 0.12346857660793857, 0.10928669880512666, 0.0986304155517308, 0.11321139123003435, 0.10018863732644143, 0.11384485887603546], [0.11067147649000872, 0.10608149803058985, 0.12433674083520121, 0.12499999999999999, 0.11040393494494588, 0.0992391837876437, 0.11083008531428316, 0.10086165019387049, 0.11257543040345684], [0.11122485832558168, 0.10560536783843823, 0.12358674947056468, 0.125, 0.11111668244199918, 0.09988864846064405, 0.10992304415030264, 0.1015049841372591, 0.11214966517521045], [0.11022484469795994, 0.1066650541510546, 0.12433260365575896, 0.12414885083031842, 0.10996016540177182, 0.0990193414412945, 0.11201371393861648, 0.1006557959736781, 0.11297962990954703], [0.11022172197480846, 0.10658946622645456, 0.12426906713711913, 0.12416163452725473, 0.11002874353973384, 0.09908847145990148, 0.11200522443920151, 0.1007387592589339, 0.11289691143659235], [0.10961271848223292, 0.10745156505589433, 0.1233167224350477, 0.12409784911240286, 0.10934896433894133, 0.09872678206906418, 0.11363157260698288, 0.10037491767670867, 0.11343890822272497], [0.1102467352303806, 0.10640909220040251, 0.12414908593037859, 0.12420621659719562, 0.11019582547518307, 0.0992451702930229, 0.11191326113553232, 0.10092162058896421, 0.11271299254894013], [0.10962212063208598, 0.10724559779720368, 0.12333282692036907, 0.12416749680811681, 0.10949223447991482, 0.09884713475234816, 0.11352553782456577, 0.1005232828722947, 0.11324376791310102], [0.10980921064270878, 0.10701634776165267, 0.12358188371125643, 0.12391097461022163, 0.10973791693900124, 0.09902936145340197, 0.11311511077582694, 0.10071122157125738, 0.11308797253467293], [0.10996872336056636, 0.10680524325376141, 0.123737