[[0.11700430360587255, 0.09986867268795405, 0.11337444053898604, 0.10647364581693543, 0.1225045851092007, 0.12465533351070596, 0.09507489972472143, 0.11903795238409967, 0.10200616662152426], [0.11761200567433784, 0.09899146131688775, 0.11403799373958448, 0.10652522195130378, 0.12317983051735279, 0.12484747082826626, 0.09409708474060394, 0.11924308840655197, 0.10146584282511105], [0.11683998908487986, 0.09982643360570366, 0.1133767798919373, 0.10650266896000303, 0.12230217038374225, 0.12480824722839874, 0.09517066682659041, 0.11920663510821922, 0.10196640891052564], [0.1169554111990038, 0.09965744289431172, 0.11350361334168456, 0.1065081687191734, 0.12250097033815799, 0.12477000346186667, 0.094972285691155, 0.1192748645842902, 0.10185723977035677], [0.11755744623197809, 0.09889106464979502, 0.11409608462451673, 0.1065479265411758, 0.12305457590431508, 0.125, 0.09407674294968438, 0.1193749665265997, 0.1014011925719352], [0.11737287810479301, 0.09909180018343056, 0.11399580270110139, 0.10659396990890276, 0.12290150151764014, 0.12463114186549612, 0.09438249212187634, 0.1194959797873773, 0.10153443380938251], [0.11680626711362119, 0.09967283334393377, 0.11344272210617745, 0.10650348606434572, 0.12230193450698626, 0.12500000000000003, 0.09507444613230562, 0.11934300042295116, 0.10185531030967894], [0.11677293541028148, 0.09959655380912384, 0.11355038788801142, 0.10657878031531079, 0.12223839939070083, 0.12477818131271742, 0.0951123022303877, 0.11954853620311248, 0.1018239234403539], [0.11630905852120985, 0.0999823938201542, 0.11318847948527526, 0.1065577088700324, 0.12155189333810967, 0.125, 0.09567290102439713, 0.11969277879307987, 0.10204478614774164], [0.11688380579190255, 0.09916082741386908, 0.1138309867949126, 0.1066163203908563, 0.12232675876522767, 0.125, 0.09476426214192822, 0.119866984305244, 0.10155005439605957], [0.11733990753734583, 0.09873368166162162, 0.1144277120220078, 0.10682644582711916, 0.12261335380303967, 0.12434468305304787, 0.09433121522128128, 0.1200194120330663, 0.10136358884147044], [0.11626533944642528, 0.09992859453287159, 0.11326604741792455, 0.10661622364689284, 0.12151178581032689, 0.12482509437265589, 0.0957106244679493, 0.11985242763045206, 0.10202386267450184], [0.11715024780846846, 0.09890432117316031, 0.11427964196563539, 0.106824920455716, 0.12238537321549761, 0.12429203455647711, 0.09458364856741838, 0.12011810952379737, 0.1014617027338294], [0.1168844532821797, 0.0990089870910007, 0.11408952335593649, 0.10678104548793346, 0.12217349376073514, 0.1245464977767797, 0.09479929251269045, 0.120218661884835, 0.10149804484790934], [0.117328379684508, 0.0981563969948924, 0.11473876112590935, 0.10684519521133554, 0.12283554136990549, 0.125, 0.093890393711244, 0.12021890870559349, 0.10098642319661176], [0.11660578085770325, 0.09938757438960466, 0.11377970684034122, 0.1067501483714423, 0.12193158951529795, 0.12449132940525318, 0.0952360638381013, 0.12009541901992545, 0.10172238776233071], [0.11722259451801761, 0.09832564537401133, 0.11464966490474748, 0.10687322494155375, 0.1226461550984289, 0.12473255262400372, 0.09412218813160371, 0.1203297791295317, 0.10109819527810178], [0.117073313541522, 0.09866932710989618, 0.11447516114729396, 0.10691575616956037, 0.12232756703147848, 0.12426064731027889, 0.0945330449694101, 0.12041798347559036, 0.10132719924496951], [0.11597027623223091, 0.0999126527130671, 0.11320280307340957, 0.10664606115149519, 0.12112189527278622, 0.125, 0.09593487417627698, 0.12020806981523542, 0.10200336756549859], [0.11693339564738729, 0.09875077275045159, 0.1143584091874666, 0.10689127046252295, 0.12210896559699139, 0.12444250403550941, 0.09467274408081047, 0.12047888868533446, 0.10136304955352579], [0.1165470093457961, 0.09926174783822878, 0.11389898298516332, 0.10682278259406669, 0.12179986385516643, 0.1244095006024055, 0.09525902762355327, 0.12034552354649045, 0.10165556160912949], [0.11684620492881141, 0.09877429485351068, 0.11429998894498293, 0.106876807487233, 0.12198465977814754, 0.12458757464107367, 0.0947394022642934, 0.1205233752488135, 0.10136769185313389], [0.11589308111140675, 0.0999984148710081, 0.1131732370106828, 0.1066801475232308, 0.12099754629807392, 0.12482942702330076, 0.09608142378681095, 0.12027999251403065, 0.10206672986145526], [0.11665255193788357, 0.09887985686691236, 0.1141250519506505, 0.10682816528777027, 0.12183506100665899, 0.1248110198258343, 0.09491163402682964, 0.12054767806347332, 0.10140898103398707], [0.11649604486808463, 0.0991993712747638, 0.11394572190513423, 0.10685443339597345, 0.12170727013469478, 0.1244220711505259, 0.09528059787430262, 0.12047480013507166, 0.10161968926144913], [0.1161435002478574, 0.09952704409985, 0.11357225443488056, 0.10676962483796816, 0.12133417334491385, 0.12474394602942988, 0.09567964577202805, 0.12043913588919677, 0.10179067534387543], [0.11594051420292711, 0.09980553391627768, 0.11334248452085359, 0.10674238618302016, 0.12106534777088476, 0.12468930230415948, 0.09598555951712205, 0.12047129555589585, 0.10195757602885931], [0.11685811302338332, 0.0984196578270062, 0.1145918470759376, 0.10697205031406679, 0.1221554775448803, 0.12450590827443939, 0.09453949159420891, 0.12079518527521944, 0.101162269070858], [0.11656222373211067, 0.09876340275713277, 0.11417652940031171, 0.10685192305158894, 0.1216790221044832, 0.125, 0.09491060341730338, 0.12072439971841456, 0.10133189581865475], [0.11603219825657378, 0.0995657891024327, 0.11351083424237669, 0.10676693142127008, 0.12118956958946012, 0.12479592757622451, 0.09578304532283065, 0.12054693190772262, 0.10180877258110875], [0.11625847834419424, 0.09936202029938403, 0.11379558045984459, 0.10686549407542885, 0.12142685947459697, 0.12450360169268072, 0.09557642266845366, 0.12049557788150005, 0.1017159651039169], [0.11640526010249154, 0.09910953567676713, 0.11400048631605599, 0.10689444342049541, 0.12155457245736023, 0.12449063561959152, 0.0953177649129263, 0.12066205680927142, 0.10156524468504047], [0.11647220445969772, 0.09886199544644375, 0.11413263573189714, 0.10688429035936146, 0.1215817133486369, 0.12481164136208157, 0.09507799771818695, 0.12077633626557722, 0.10140118530811738], [0.1156637213095297, 0.09993073768414579, 0.11315170083671275, 0.10671215641540772, 0.12069079960124704, 0.125, 0.09623573108327778, 0.12059880111586235, 0.10201635195381685], [0.11598032494431566, 0.09941862181223736, 0.11357139529014894, 0.10677845454501553, 0.12111653285012204, 0.125, 0.0957301937760305, 0.12069483427117589, 0.10170964251095409], [0.11565791319031382, 0.09989312079087599, 0.11319847295072209, 0.10674278281257578, 0.12067900969257125, 0.12489517428820358, 0.0962471156464559, 0.12068678751594082, 0.10199962311234076], [0.11645418721836673, 0.09864899691281215, 0.11434290570301994, 0.10698316676122306, 0.12155796891423802, 0.12463830065583993, 0.095017808268237, 0.12106863401906552, 0.10128803154719764], [0.11629673630867081, 0.09900256332379054, 0.11408813944916182, 0.10696253390519228, 0.12135639956593815, 0.124490319107516, 0.09537979445735795, 0.12091672355934889, 0.10150679032302358], [0.1160026137147923, 0.09935276101554681, 0.11368347437446623, 0.10684575951266492, 0.12111058701178061, 0.1247934235259731, 0.09573396571649222, 0.12079047009043517, 0.10168694503784867], [0.11667880288716068, 0.09790596919665097, 0.11483026584851112, 0.10700429485619024, 0.12232544347328976, 0.125, 0.0942786294994108, 0.12115774032677731, 0.10081885391200913], [0.1163334164116042, 0.09881747113986913, 0.1142208860066456, 0.10698842241362297, 0.12133973312404842, 0.12460590855223723, 0.09523808626688235, 0.12106260100856397, 0.10139347507652614], [0.11648227790343552, 0.0981998447286276, 0.11457876722244802, 0.1069823197586695, 0.12186258687790245, 0.125, 0.09464337802534194, 0.12125953159792278, 0.10099129388565219], [0.11639051567018442, 0.09860660814178066, 0.1144001269697191, 0.10703557781697409, 0.12149902517659701, 0.12450136427340693, 0.09507660766911755, 0.12121880155951918, 0.10127137272270106], [0.11577040555560746, 0.09952199998541977, 0.11354782042730131, 0.10687369253389364, 0.12080183509290551, 0.1246132879273914, 0.09604714761356137, 0.12102908622286666, 0.10179472464105288], [0.11609814530292031, 0.09884581785884165, 0.1142543362828678, 0.10710988167452236, 0.12104777956806362, 0.12428602248120459, 0.09553809927687336, 0.12138644141228898, 0.10143347614241732], [0.11537498188953847, 0.09989951897845917, 0.11321181590909782, 0.10686155815397624, 0.12026390020498469, 0.12464957138643966, 0.09657928249068226, 0.12113650354791267, 0.10202286743890902], [0.11638652114634503, 0.09761241141451774, 0.1150429972799911, 0.1071630028410711, 0.12217797630557906, 0.124826227270473, 0.0944058592417573, 0.12173594394518934, 0.10064906055507644], [0.11642445501457198, 0.09756415728364522, 0.11512140046520072, 0.10719852016518176, 0.12225427223739418, 0.1247025578872535, 0.09437227362493929, 0.12173179471099715, 0.1006305686108163], [0.11541639908901355, 0.09963622506583886, 0.11331822317722712, 0.10683603861292582, 0.12034786551871315, 0.125, 0.09634514487620591, 0.12126073074076411, 0.1018393729193115], [0.11626890885577366, 0.09790715299056107, 0.11482703723461306, 0.10713861472854344, 0.12188590623834397, 0.12468683078390076, 0.09469351145132705, 0.12176213270393335, 0.10082990501300348], [0.11611661576189748, 0.09847313770605705, 0.11447926364150371, 0.10713842441709895, 0.12133983751050718, 0.12433950924523204, 0.09525885199986547, 0.12165935122263763, 0.10119500849520045], [0.11628618753023921, 0.09763899132881589, 0.11495937089493292, 0.10713544385507172, 0.12203173879363427, 0.12499999999999999, 0.094475853361429, 0.1218216043015732, 0.10065080993430367], [0.11575826327739029, 0.09926770950989372, 0.11385021102280227, 0.10704799421885478, 0.1206870299695438, 0.12427357579265981, 0.09604322232521949, 0.1213966472143569, 0.10167534666927906], [0.1154572719465563, 0.09956072888970993, 0.1134288852508406, 0.10689294875643492, 0.12038291522166945, 0.12477994179553985, 0.09632034120641247, 0.12136914717498702, 0.1018078197578495], [0.11595608247040733, 0.0985493490798133, 0.11441822648572933, 0.10717447756826283, 0.121119170923187, 0.12428583816184562, 0.0954674293329232, 0.12178348954946358, 0.10124593642836782], [0.11597414765574754, 0.09845440347303175, 0.11451147612184172, 0.1072080656464743, 0.12122176080260097, 0.12414868407361238, 0.09540715072232027, 0.12187998421895704, 0.10119432728541414], [0.11603073208109725, 0.09797608196552758, 0.11478782443119492, 0.1072211075823139, 0.12157455221152072, 0.12443469610238489, 0.09499912579000278, 0.12209242184286058, 0.10088345799309749], [0.11581744218921439, 0.09863580663735479, 0.11428225103543024, 0.1071415487295473, 0.12087874187402521, 0.12459301604481356, 0.0956085254038379, 0.12175843103626438, 0.10128423704951223], [0.11608149838283184, 0.09772309955833147, 0.11493278177270749, 0.10722372789458233, 0.12175096815484779, 0.1246579341026675, 0.09477265154479196, 0.1221388496281085, 0.10071848896113124], [0.11573161178189974, 0.09874927640695916, 0.11416043559528095, 0.10711353629101585, 0.12068759790317918, 0.12480890195669876, 0.09573467820275589, 0.12166804689067552, 0.101345914971535], [0.11537874855108106, 0.09935482542613235, 0.11356548752179849, 0.10696222863358831, 0.12025046670310476, 0.12481539927236932, 0.09630092628135686, 0.12168678255514367, 0.10168513505542519], [0.11599260857126246, 0.09792190428570703, 0.11481973380390115, 0.10724126536040937, 0.12155507207825951, 0.12443048086821455, 0.0950057810008495, 0.12218268505087576, 0.10085046898052066], [0.11565814880908222, 0.09888904486883186, 0.11405773797430946, 0.10710899253260049, 0.12050854778530559, 0.12478226551955705, 0.09589117994453761, 0.12167061469527866, 0.10143346787049694], [0.1156123596788581, 0.09895200522780156, 0.11401382273728801, 0.10711353004814539, 0.12042644061005969, 0.12469636468116149, 0.09597648240798788, 0.12173477929912398, 0.10147421530957398], [0.1155626476975688, 0.09908171450677307, 0.11392763399084986, 0.1071099184639497, 0.12038643389879376, 0.12449049023860717, 0.09610685294597283, 0.12177718796560762, 0.10155712029187719], [0.1153858084976044, 0.09921963787205595, 0.11368498284847342, 0.10701252355185051, 0.12022959326020811, 0.12478827548218385, 0.0962467757070365, 0.12182273780708462, 0.10160966497350264], [0.11574014154654072, 0.09845798006273317, 0.11442499019265859, 0.10721753270333695, 0.12094086151652521, 0.1243910546098401, 0.09559039748356664, 0.12205306582490215, 0.10118397605989649], [0.11559858331230016, 0.09871607407999243, 0.11412562423014615, 0.10711639352411538, 0.12055400955747582, 0.12499999999999999, 0.09580938394940416, 0.12176381540786878, 0.10131611593869702], [0.11528088369023283, 0.09925280767125438, 0.11358516451466122, 0.10697385512845128, 0.1201154436613063, 0.12499999999999997, 0.09631088217114543, 0.12186678308134766, 0.1016141800816007], [0.11576840584478632, 0.09829930376285377, 0.1145970003893705, 0.10728777916769529, 0.12110814833898532, 0.12409531153645098, 0.09549999352284107, 0.12224203683857389, 0.10110202059844312], [0.11559645160209524, 0.09863396125434537, 0.1142091779292417, 0.10715613028371421, 0.12062518263969374, 0.1248279721758282, 0.09578237251207476, 0.12189549540041511, 0.1012732562025918], [0.11548549732844088, 0.09879378749067165, 0.11407964635160818, 0.10715121522498185, 0.1203907529447512, 0.12478127823074679, 0.09598343773054815, 0.12196254896273767, 0.10137183573551375], [0.11540468841686616, 0.09900945568540098, 0.11396064633291697, 0.10716802618931245, 0.12017037119687181, 0.12447618176644837, 0.09622223348755647, 0.12207160616551331, 0.10151679075911357], [0.11541595739170023, 0.09856676663904389, 0.11425812160123662, 0.10723824781442695, 0.12061527303760777, 0.1245658676741836, 0.09593466942126742, 0.12216274179807746, 0.10124235462245605], [0.11510238735050882, 0.09918254059702464, 0.11368434183950472, 0.10710523807608636, 0.11981863709156522, 0.12469499120343264, 0.09651643426590395, 0.12229884402853665, 0.10159658554743696], [0.11503472619980001, 0.09891821044592125, 0.11376429076833047, 0.10709095381824948, 0.11994954082732161, 0.125, 0.09635711437831124, 0.1224747580467605, 0.10141040551530546], [0.11539874832042708, 0.09723382295576286, 0.11489448053362285, 0.10724249562390042, 0.12187409193523664, 0.125, 0.09492717542246212, 0.12308056152249, 0.10034862368609804], [0.11504887521032031, 0.09883490315985309, 0.11385252542369552, 0.10713041489719934, 0.12009835341352558, 0.1248126428315621, 0.09631982057400408, 0.12253522193190852, 0.10136724255793143], [0.11523472288928548, 0.09727571775238283, 0.11483370940058676, 0.10727459460215179, 0.12188429135346823, 0.12473132736536806, 0.09511429021712889, 0.12327588103889141, 0.10037546538073666], [0.11487614102949946, 0.09892891383619906, 0.11373280835478967, 0.10713005538789737, 0.11994860590193918, 0.12473077888971813, 0.09651942890157802, 0.12271249911320176, 0.10142076858517735], [0.1151040036419276, 0.09772478874875845, 0.11449254627496226, 0.1072116397630292, 0.12133472420048373, 0.12500000000000003, 0.09550444952483464, 0.12297852388133365, 0.10064932396467054], [0.11499491247960346, 0.09822734527229696, 0.11419704642757887, 0.10719772461293696, 0.12079647910664137, 0.12500000000000003, 0.09594743968936949, 0.12266193965613464, 0.10097711275543832], [0.11505476557354395, 0.09776559922209054, 0.11446978987675248, 0.107229618830974, 0.12131295736810105, 0.12490035743299226, 0.09558983372038436, 0.12299794418378188, 0.10067913379137938], [0.11478925161245014, 0.09886064999939352, 0.11375699728868043, 0.10715805275352303, 0.12002875555595856, 0.12458612768481704, 0.09655863941397223, 0.12288287888541118, 0.1013786468057939], [0.11469634515546981, 0.09822972097652212, 0.11403038973716208, 0.10717009855568004, 0.120650736698517, 0.12500000000000003, 0.09615272289296042, 0.12311706717421672, 0.10095291880947191], [0.11471319038203648, 0.0981480128273338, 0.1141283378329975, 0.10722244874064882, 0.12081662326450447, 0.12480034741208157, 0.09613120817973024, 0.12312543597592719, 0.10091439538473992], [0.11456888778110845, 0.09846859104944015, 0.11381200944887208, 0.10712679645081453, 0.1202894187773797, 0.12500000000000003, 0.09639537674177728, 0.12324556681700789, 0.10109335293359999], [0.10606833576230622, 0.11321358224571736, 0.12374519673983105, 0.11559142339157194, 0.10419159916366108, 0.09678868570957094, 0.12489055923863224, 0.09803311536460983, 0.11747750238409935], [0.10635642508676608, 0.11253499262571189, 0.12326178125274705, 0.11656995093578809, 0.1045689458485142, 0.09676619503143168, 0.125, 0.09804403235718487, 0.11689767686185618], [0.10618160869622123, 0.11279748655149853, 0.12365970776138425, 0.11609133648705511, 0.10435835691858682, 0.09673435661086116, 0.125, 0.0979970619378783, 0.11718008503651457], [0.10605247554505454, 0.11317464367973294, 0.12367889068841183, 0.1155979797747067, 0.1042150232233111, 0.09682067123069547, 0.12495326461206788, 0.09807748128642829, 0.11742956995959124], [0.10604447323755492, 0.11313084737401313, 0.12363985599764674, 0.11562192393334252, 0.10423587418248145, 0.09683765711212075, 0.125, 0.09810386938107744, 0.11738549878176305], [0.10606065650461269, 0.1132577363833421, 0.12349960971785245, 0.11549781574709322, 0.10428398331456758, 0.09699585688950128, 0.12469973525055313, 0.09826397431029155, 0.11744063188218598], [0.10626929753598292, 0.11255832341414344, 0.12337526600286813, 0.11636986119691278, 0.10460471863575846, 0.09695131570231304, 0.124678868470316, 0.09825425014883492, 0.11693809889287028], [0.10643067857438021, 0.11230102108253452, 0.122918820412502, 0.1168683034684988, 0.10484582076169681, 0.09701975139144077, 0.12464996315795566, 0.09833696029824807, 0.11662868085274317], [0.10606742737459732, 0.11299332699598405, 0.1233220233061404, 0.11570534589937258, 0.10446219134768397, 0.09714284204910459, 0.12466032296975971, 0.09846359066286134, 0.11718292939449605], [0.10613246416577966, 0.11273890916884423, 0.12326867699340716, 0.11600496228815142, 0.10462120001534717, 0.09720466027140015, 0.12449504355272929, 0.09855356275550638, 0.11698052078883475], [0.10611442111061639, 0.11270032796663541, 0.12316382790378615, 0.11599632100407434, 0.1046676376998914, 0.0972814675949429, 0.1245079873288382, 0.09864937968938982, 0.11691862970182541], [0.1059198476176431, 0.11334525859576526, 0.12357797444366113, 0.11509151233918001, 0.10438441058219308, 0.09740293100154894, 0.1242866193808128, 0.09873262206967369, 0.117258823969522], [0.10622370784730588, 0.1121642284151753, 0.12290140577490313, 0.11660907047881937, 0.1049014462431866, 0.09726324626523355, 0.12476625719782987, 0.09866921432173986, 0.11650142345580652], [0.1064697212473877, 0.11167662555078266, 0.12227840667107359, 0.11734424748960243, 0.10519766793765456, 0.09726650388001482, 0.12499999999999999, 0.09871511341120878, 0.11605171381227536], [0.10624982358449293, 0.1119834828856351, 0.12269912696508481, 0.11677475185389216, 0.10498462288289545, 0.09728600933312878, 0.12500000000000003, 0.09872348369780633, 0.11629869879706453], [0.10598558509633019, 0.11273579021038363, 0.12292041853582578, 0.11575652485894614, 0.10462359622684966, 0.09735426166241784, 0.125, 0.09875090783818356, 0.11687291557106323], [0.10589744519907211, 0.11315322004698448, 0.1233703186516818, 0.11518694974027964, 0.10448989065382888, 0.09750245654063035, 0.12445342616358589, 0.09887312067256424, 0.11707317233137261], [0.1060009061271954, 0.11267893964767793, 0.12289188414899614, 0.1158190925726206, 0.10467398804966634, 0.09739394271457794, 0.12491988589636847, 0.09880054562283334, 0.11682081522006402], [0.10625533737495839, 0.11194256788409751, 0.1226248007179366, 0.11674594965974253, 0.10506821405070889, 0.09743391730964417, 0.12478262244718763, 0.0988980614715957, 0.11624852908412847], [0.10636755628449021, 0.11180613506993073, 0.12243687509865753, 0.11701624229257654, 0.10519250622341267, 0.09746208458943315, 0.12470949623341648, 0.09893670946195995, 0.11607239474612274], [0.10583513626187628, 0.11307199701427245, 0.12326203353091011, 0.11514708289355217, 0.10452757244205359, 0.0975786417399897, 0.12466794200767332, 0.09898113017383056, 0.1169284639358418], [0.10588908313532132, 0.11271473727697606, 0.12286502930373576, 0.11554713731763276, 0.10467986035161475, 0.09756378839755046, 0.125, 0.09900412691794508, 0.11673623729922379], [0.10624441644659985, 0.11199878589648579, 0.12254591553058664, 0.11661026647295142, 0.10515799463059512, 0.09765714428480216, 0.12439030978602722, 0.09915046533387505, 0.11624470161807673], [0.10621157092558024, 0.11210934463122627, 0.12258846124396693, 0.11648517927053675, 0.10512330007477177, 0.0976812688519657, 0.12430713929980494, 0.09916809679175707, 0.11632563891039038], [0.10598724073134955, 0.11259297116253554, 0.12263392239553371, 0.11577987836669261, 0.10484244542209104, 0.09767687366472357, 0.12470574190045486, 0.09913260139777352, 0.11664832495884563], [0.10644365600299457, 0.11162322577293055, 0.12218473945965642, 0.1171807575708406, 0.1053909130962076, 0.0976676031272409, 0.12446764377941365, 0.09919117210062388, 0.11585028909009185], [0.10578589495561815, 0.11309481336379028, 0.12320118307166468, 0.11504811038061091, 0.10454423919107221, 0.09766113926816286, 0.12474237712725848, 0.0990819950096137, 0.11684024763220875], [0.10608802530585501, 0.1123291724166173, 0.12257166391866478, 0.11614697131185918, 0.10501616762375679, 0.09772086019256196, 0.1244621101078954, 0.0992024083699031, 0.11646262075288646], [0.10656886006431582, 0.11136142934770156, 0.12182635159744219, 0.11754400740645289, 0.10557587403063808, 0.09772986074331269, 0.12444862335039587, 0.09928571397810519, 0.11565927948163572], [0.10635209078677943, 0.11168813423816899, 0.12227098666199213, 0.1169572340009203, 0.10533656303341805, 0.09771700335791451, 0.12448696693335433, 0.09925044469962908, 0.11594057628782319], [0.10618370533072155, 0.1120589268503145, 0.12248659177025861, 0.11645499187940575, 0.10514830094559179, 0.0977339013675487, 0.12443628620171793, 0.09924255736280405, 0.11625473829163717], [0.10578125153075124, 0.11292647841850308, 0.12306526094837536, 0.115159191103479, 0.10460783790491865, 0.09768685135350157, 0.12490748628868124, 0.09913187728119219, 0.11673376517059766], [0.10612166027253128, 0.11225443462056417, 0.12250401160421094, 0.11621741792141907, 0.1050854036870327, 0.09778406278523609, 0.12436444171500594, 0.0992808442862734, 0.11638772310772642], [0.106556438056947, 0.11133366899043957, 0.12180455035687204, 0.11752559022889929, 0.10559823452665107, 0.09777372911481852, 0.12445061425275743, 0.0993433550521163, 0.11561381942049888], [0.10627087471743374, 0.11181943446778515, 0.12233303320775317, 0.11671083364231537, 0.10528493298188794, 0.09778639068272298, 0.12441923153991806, 0.09932309339226136, 0.1160521753679222], [0.10577108294371769, 0.1128385694335793, 0.12297379723150004, 0.11520122125439726, 0.10465028532730251, 0.09772339626951647, 0.125, 0.0991856588290204, 0.11665598871096636], [0.10578803546705892, 0.11277183573130752, 0.12288614230895116, 0.11525308224357013, 0.10472193396929326, 0.09780155622186194, 0.12490831182480641, 0.09927893890221035, 0.11659016333094031], [0.10613633988256647, 0.11200152580319078, 0.12229252677403196, 0.11636550588453945, 0.10519819367854172, 0.09785784515079805, 0.12459840598689856, 0.09940350950162956, 0.11614614733780342], [0.10630054293781788, 0.11164343714715809, 0.12214701996798472, 0.1168249890498821, 0.1053964051803975, 0.09788325221977397, 0.12447389945737924, 0.0994567635992295, 0.115873690440377], [0.10658111244661869, 0.11102086684906441, 0.12143359038184172, 0.11776810448723088, 0.10574899404180724, 0.0978467144108055, 0.12479389946640973, 0.09947821328665367, 0.11532850462956816], [0.10585721053744726, 0.11261011621570753, 0.1227301399076322, 0.11544565811841852, 0.10486275097804905, 0.09790170995866825, 0.1246881306093021, 0.09939895603647249, 0.11650532763830261], [0.1061503933720573, 0.11187283518249617, 0.12221385769690966, 0.11646352332960798, 0.10524578950391206, 0.09786714366965227, 0.12471937791023775, 0.09943216330976212, 0.11603491602536449], [0.10652983428721091, 0.11118182829247192, 0.1216463004649558, 0.11752571736361103, 0.10569834679390278, 0.09791888186508553, 0.12453728984576, 0.09954117400543372, 0.11542062708156846], [0.10671379224752325, 0.11075024088699222, 0.12141331032868682, 0.1181983204278297, 0.10593659651142667, 0.09787152058980442, 0.12448084391994566, 0.0995338593526634, 0.11510151573512786], [0.10619013301344295, 0.11174234732655869, 0.12215292570288179, 0.11660291106500066, 0.10530630222543833, 0.09787351868736927, 0.12474837276777205, 0.09945255015494488, 0.11593093905659138], [0.10589933826166875, 0.11231957034654524, 0.12240047003727306, 0.11576251077541545, 0.1049883979245067, 0.09789250599888424, 0.12500000000000003, 0.09942866703282914, 0.11630853962287759], [0.10666600595579005, 0.11072267995866343, 0.12128485978697412, 0.11810657901255496, 0.10594523805744718, 0.0979388254043777, 0.12466592467854402, 0.09961987664098848, 0.11505001050466006], [0.10657186698147009, 0.11083955993024142, 0.12123857741158335, 0.11785778648223381, 0.10583656539311678, 0.09792146552184199, 0.125, 0.09959319975661535, 0.11514097852289719], [0.10572308092104764, 0.11277278668461826, 0.12270830174624581, 0.11511100549816344, 0.10479073305331321, 0.0979813839398308, 0.125, 0.09949068514416971, 0.11642202301261109], [0.10585116076889076, 0.11252919436909144, 0.12258421749356341, 0.11544862992020997, 0.10497395583904001, 0.09806384175971926, 0.1245926491139865, 0.09958866634360755, 0.1163676843918911], [0.10652288604164821, 0.1110691431769246, 0.12150957906373891, 0.11752636734724355, 0.10579601125563998, 0.09806536248360705, 0.12451833708913661, 0.09972105533417329, 0.11527125820788782], [0.10615082754354581, 0.11161142020777888, 0.12194959179968766, 0.11658054650728475, 0.10537079639710036, 0.09797599276506602, 0.125, 0.09958951435700925, 0.11577131042252725], [0.10590311632561891, 0.11235882894236407, 0.12241428491550181, 0.11562017793342018, 0.10507472018326403, 0.09811248257336529, 0.1246035195219104, 0.09965824148024331, 0.11625462812431202], [0.10626281403650836, 0.11145603264186553, 0.12186140796985305, 0.11681278327056857, 0.1055151027972795, 0.09806053991582807, 0.12470021802097263, 0.09968765175289096, 0.11564344959423335], [0.10655775745571039, 0.11087605460184909, 0.12129001278435683, 0.1177189769168434, 0.10588569935638946, 0.09808161159404556, 0.12470253214517255, 0.0997621948848664, 0.11512516026076644], [0.10624304630343939, 0.1114340566717978, 0.12179263479039526, 0.1167724220495897, 0.10553680356781026, 0.09811505326028039, 0.12475135550246831, 0.09975279435613679, 0.11560183349808212], [0.10616182886282408, 0.11163331551410141, 0.1218497483431808, 0.11651486031921711, 0.10544089522294517, 0.09812402806443209, 0.1247821798584528, 0.09974655248243279, 0.11574659133241379], [0.1066259500227557, 0.11065705866187282, 0.12104127421523046, 0.11797990862106189, 0.10603644675039176, 0.09815050413722844, 0.12471768525905774, 0.09986372989227205, 0.11492744244012928], [0.10605155276458444, 0.11184903745043295, 0.12186496482214862, 0.11620608171831383, 0.1053097612945954, 0.09810888210621838, 0.125, 0.09971319227522273, 0.11589652756848366], [0.1066749461148715, 0.11055949605302866, 0.12100545729958771, 0.11813311952648597, 0.10611247000287369, 0.09817409476561414, 0.1245979276855865, 0.09989915033150422, 0.11484333822044773], [0.10589042549865804, 0.1123425636683667, 0.12234762003389642, 0.11554114772218697, 0.10512785259190024, 0.09823986581041973, 0.12454128262263853, 0.09979782142753342, 0.1161714206243999], [0.10635816780829722, 0.11106205424633409, 0.12153343124395102, 0.1172071783235808, 0.10572814003091684, 0.09813984175439064, 0.12490901136208517, 0.09981884142169, 0.1152433338087542], [0.10639430925364735, 0.11098482278837138, 0.12147563223327967, 0.11732894333327003, 0.10577638972226326, 0.09813976054869991, 0.12491948484582849, 0.09982690385980356, 0.1151537534148364], [0.10636278339878623, 0.11100583223943247, 0.12150808023199756, 0.1172668936309024, 0.10574189378076633, 0.0981227616610433, 0.125, 0.09980838937961056, 0.11518336567746115], [0.10605560051362371, 0.11171490960451573, 0.12198236833944005, 0.11625596466514461, 0.10538697092623943, 0.09819114155589789, 0.12483818739834272, 0.09981966258402505, 0.11575519441277081], [0.10623083940383098, 0.11133574965562387, 0.12181027713970849, 0.1167606544270229, 0.10561353245715446, 0.09823311608988322, 0.124643986609491, 0.09989607346850676, 0.11547577074877832], [0.10618521321083241, 0.11141041853628178, 0.12189159092883553, 0.11663802490357043, 0.10556961037630268, 0.09823851697770447, 0.12464459153232503, 0.09989768046849111, 0.11552435306565656], [0.10574733477485955, 0.11240375519103829, 0.12236254021168798, 0.11528452454847085, 0.10504819409104742, 0.09826133338082481, 0.12500000000000003, 0.09983162990300994, 0.11606068789906133], [0.10624799744746596, 0.11088224384188108, 0.1220018474813022, 0.11705260890455049, 0.10577713528304371, 0.09828778221916554, 0.1246790920956441, 0.10001330262939896, 0.11505799009754795], [0.1064323760238497, 0.1103004247295965, 0.12156710110952247, 0.11786773600459395, 0.10606154104706868, 0.09821933127514558, 0.125, 0.10001008514971071, 0.1145414046605124], [0.10616467519124385, 0.11122711159028506, 0.12215825052004786, 0.11665933943065207, 0.10566482333541315, 0.0983590292308149, 0.12439164899376055, 0.1000551310560041, 0.11531999065177848], [0.106213889098794, 0.11094694240318907, 0.12210444991298867, 0.11693231812731479, 0.10575650670521605, 0.09832742835519899, 0.12456532365007397, 0.10005155679797073, 0.11510158494925374], [0.10576126926789618, 0.11217208692005261, 0.12258503922909776, 0.11538668460512105, 0.10515600621061222, 0.09835528131596222, 0.1247591843222355, 0.09996021370769621, 0.11586423442132623], [0.10635004062569442, 0.1104868597190403, 0.12188199606785699, 0.11751976268536315, 0.10598597042589328, 0.09831319128523189, 0.12473792234783576, 0.10009133415323514, 0.11463292268984909], [0.10633733702073725, 0.1104152466724459, 0.12191061773812516, 0.11754840241412595, 0.10600182689589627, 0.09831477540563822, 0.12479762532635626, 0.10010473771884652, 0.11456943080782851], [0.10618519313586686, 0.1105473358040505, 0.12217898136219633, 0.11718879402517374, 0.10584321411729916, 0.09828173832149528, 0.125, 0.10006261934352771, 0.1147121238903904], [0.106071392026762, 0.11121464695451554, 0.12247783458932895, 0.11646660721469385, 0.10564883090185305, 0.0984388178449142, 0.12427929534591135, 0.10015285727599844, 0.11524971784602238], [0.10609984375062496, 0.1111226425170153, 0.12244337785301532, 0.11657211475063788, 0.10569351364095282, 0.09844172578616113, 0.12428078401820832, 0.10016557539536824, 0.11518042228801602], [0.10626574665401808, 0.11021079379971209, 0.12208385023743386, 0.1175588369194941, 0.10602808259743252, 0.09832833907040378, 0.125, 0.10015608083577035, 0.1143682698857352], [0.10589853821333056, 0.11146273108524721, 0.12271021507055176, 0.11599928930831696, 0.10547040374072582, 0.09844371339077795, 0.124490940659821, 0.1001382202593632, 0.11538594827186557], [0.1060849358702099, 0.11083895829968751, 0.12251943108580743, 0.11672356985551159, 0.10576729354405731, 0.09844649913924684, 0.12447940882733616, 0.10021033007551754, 0.11492957330262571], [0.1061555357001306, 0.11044708586700658, 0.12240407534884076, 0.11714467589650926, 0.10589629202967267, 0.09837794753808561, 0.12479052620300696, 0.10018282950485993, 0.11460103191188761], [0.10626085506833852, 0.11003844249262641, 0.12225625860850863, 0.11760846921384543, 0.10612811380415588, 0.09843597452275613, 0.12478481992542922, 0.10029788182247679, 0.114189184541863], [0.10586934611250683, 0.11123475284085307, 0.12284576531675867, 0.11607902147301516, 0.1055280577582493, 0.09846775036568452, 0.12460185889164402, 0.10019837187511306, 0.11517507536617554], [0.1057739016846519, 0.11118768952857953, 0.12304254720936157, 0.11593809294391967, 0.10547621182894355, 0.09846145803237635, 0.1248188734330346, 0.10020500735568143, 0.11509621798345158], [0.10567005527338015, 0.11138978184852262, 0.12316656310612299, 0.11562658271716, 0.10533498607793729, 0.09843647814852832, 0.125, 0.10015468750909742, 0.11522086531925121], [0.10625951698580502, 0.10953465297101668, 0.12233063260359492, 0.11799312833357178, 0.1063076755445022, 0.09844090667740836, 0.12499999999999999, 0.10038157142674058, 0.11375191545736038], [0.10577552995064039, 0.1110731206280617, 0.12308020109266965, 0.11600086694374986, 0.10552016298027386, 0.09848350074481242, 0.1248277289424085, 0.10024475524732938, 0.11499413347005424], [0.10599792435114032, 0.11010500123957659, 0.12289068380268957, 0.11703512049169017, 0.10593311426696635, 0.09845764687947098, 0.125, 0.10033082997730781, 0.1142496789911582], [0.10570385417537942, 0.11104498302342264, 0.12322767749367358, 0.11589307268503025, 0.10547532102635201, 0.0984713703940267, 0.125, 0.10024051493400374, 0.11494320626811165], [0.10614123449106791, 0.1096283634946573, 0.12265216749953588, 0.11763281329895363, 0.10621390421622812, 0.09850526690424727, 0.125, 0.1004437251385316, 0.11378252495677832], [0.105894827662147, 0.1103332719842338, 0.12304201092061387, 0.1166934496872872, 0.10580999297677439, 0.0984763636908445, 0.12500000000000003, 0.1003303373986082, 0.11441974567949122], [0.10586366234479101, 0.11067477793633143, 0.12318089950874914, 0.11637056471264258, 0.10572576042426433, 0.09855722128079399, 0.12458237463181257, 0.10037302746694118, 0.11467171169367378], [0.10569377063783952, 0.11097527681675123, 0.12336194705819337, 0.11587684197401801, 0.1055135309185568, 0.09853264306131693, 0.12487249140266667, 0.10031576264727893, 0.11485773548337855], [0.1056827677233727, 0.11099987484911385, 0.12342847279913349, 0.11582227574533807, 0.1055081954246235, 0.09855735306426902, 0.12479943790092407, 0.10033865954636816, 0.11486296294685713], [0.1057075339397365, 0.11069661217002882, 0.12339362622210212, 0.11608847077977319, 0.10560331601828415, 0.09852539361872478, 0.125, 0.10034781667956422, 0.11463723057178621], [0.1056707743316469, 0.11098552824749039, 0.12354185077837199, 0.11577246957143704, 0.10552355934255873, 0.09860758922141588, 0.12467858281900786, 0.10039398025212248, 0.11482566543594871], [0.10582315543645932, 0.11039805804992552, 0.1234052854441247, 0.11643027054719562, 0.10580720548439851, 0.09862032683533295, 0.12463274899746452, 0.10048236064448238, 0.11440058856061647], [0.105665721221007, 0.11089999874567281, 0.12363706073145038, 0.11578710996874886, 0.1055625566049222, 0.09865095274617104, 0.12460758006018967, 0.10045232588516843, 0.1147366940366696], [0.10600653681339381, 0.1097090698769277, 0.12318926216762108, 0.1172080757022953, 0.10614940045287866, 0.09864564190699494, 0.12468899678163789, 0.10059158175051648, 0.11381143454773415], [0.10582298547496528, 0.11032764121903146, 0.12344107415618989, 0.11646172964594965, 0.10583577142534793, 0.0986393385578488, 0.12462447876540073, 0.10051248714326164, 0.11433449361200461], [0.10604940637387567, 0.10946799488845357, 0.12305725305243964, 0.1174664820756999, 0.10626437893345447, 0.09865000568029922, 0.12485469878507267, 0.1006303786836883, 0.11355940152701657], [0.10591843492518926, 0.10982312885184183, 0.12339139562452567, 0.11694327564335844, 0.10604836502568361, 0.09865015770991935, 0.12470868084204094, 0.10058381520909734, 0.11393274616834353], [0.10598791420744803, 0.10943078190671139, 0.12317198265720644, 0.11737174346968754, 0.10623232542389742, 0.09864728777373419, 0.125, 0.1006375952138451, 0.11352036934746987], [0.1056705107165534, 0.11030059736989783, 0.12371563834632254, 0.11621202845059662, 0.10573105455548447, 0.09861112943484553, 0.12500000000000003, 0.10049790924333411, 0.11426113188296567], [0.10580007137657423, 0.10983829518514487, 0.1235665560751029, 0.11673743815597898, 0.10595736504676498, 0.09862169550635955, 0.125, 0.10056305254884303, 0.11391552610523148], [0.1059566009462701, 0.10949351129285269, 0.12337835752694071, 0.1172187032359007, 0.1062109605722088, 0.09870551625739653, 0.12476166634450805, 0.10069177621375511, 0.11358290761016752], [0.10572027217295274, 0.11012831792794238, 0.1237711663718714, 0.11635715294298073, 0.10584961137685049, 0.09869424871213274, 0.12476453355038133, 0.10060703625800209, 0.11410766068688609], [0.10567075191232196, 0.11020112200679902, 0.12383009610277648, 0.11623318532558238, 0.10578495531395805, 0.09867087960872499, 0.12487677971700335, 0.10057538862758444, 0.11415684138524934], [0.10570983781309405, 0.11009819383077268, 0.1238250963078789, 0.1163439820873692, 0.1058586290752603, 0.09871162609046727, 0.12474995548625004, 0.1006305188326478, 0.11407216047625976], [0.1059530690887036, 0.10930880404889418, 0.12346580752011885, 0.11728575336922639, 0.10630268968322028, 0.09878324913914914, 0.12471707530586192, 0.10080325825916965, 0.11338029358565598], [0.10564506145429207, 0.11030439460089275, 0.12395386049282402, 0.11605934129539852, 0.10576736121338133, 0.09875062086232039, 0.12467099969287737, 0.10064606905518333, 0.11420229133283022], [0.10576388745584141, 0.10974505993108241, 0.1238837035766785, 0.11661432836892756, 0.10603077156287119, 0.09878689257163373, 0.12465028765768135, 0.10075601331538098, 0.1137690555599029], [0.11104517204727149, 0.1069439961792023, 0.125, 0.12432957663238706, 0.10965019548143136, 0.09862539764973632, 0.11127137055677973, 0.09999585234936566, 0.1131384391038261], [0.11107374476043672, 0.10687530091142886, 0.12490783497628022, 0.12441535418838522, 0.10972479211205818, 0.0986824379897441, 0.11118284624182448, 0.10006025007183726, 0.11307743874800498], [0.11061076956157041, 0.10723458079492543, 0.1242263190115706, 0.125, 0.10922898064674129, 0.09834840489608261, 0.11229336210241918, 0.0997603691266914, 0.11329721385999905], [0.11036774833596966, 0.10756663458082442, 0.12365954355784461, 0.125, 0.10892530333983286, 0.0982036578304416, 0.11307082179283139, 0.09961799250478488, 0.11358829805747057], [0.11110112401804516, 0.1063637928557201, 0.1243275660696481, 0.12499999999999997, 0.1102020297441053, 0.09905556292966124, 0.11084229266361575, 0.10052774798480359, 0.11257988373440057], [0.11162904845398937, 0.10596980786644461, 0.12356430279182329, 0.125, 0.11089617350703096, 0.09966206999112946, 0.10991365270541095, 0.1011318124581334, 0.11223313222603798], [0.11063373107197007, 0.10673004396723143, 0.12432060839408475, 0.12490103546810769, 0.10968985113784281, 0.09870875294546934, 0.11198487993614552, 0.10021825222614993, 0.1128128448529983], [0.11060691186127015, 0.10664289722784555, 0.12425545769340642, 0.12500000000000003, 0.10974998952215972, 0.09875545534355996, 0.11197929784708889, 0.10028703242185419, 0.11272295808281525], [0.11013650999694803, 0.10736621878988051, 0.12329519661270093, 0.1244943616319674, 0.10914881825477926, 0.09852491588938485, 0.11368290319932042, 0.10006001111679085, 0.11329106450822772], [0.11063029437402509, 0.10650941248107686, 0.12413501055327886, 0.12478782559834659, 0.10995094253514698, 0.09895542489901989, 0.11193455437089622, 0.10052332858480048, 0.11257320660340905], [0.11010681363182169, 0.10716210517851178, 0.12331026466081679, 0.12465424429624229, 0.10928236411011658, 0.09861499664078906, 0.11359251002746532, 0.10019203349478861, 0.11308466795944773], [0.1101932377928861, 0.10690308112807773, 0.1235550685620449, 0.125, 0.1094493263362361, 0.09866023776574413, 0.11312437504925744, 0.10025194526020831, 0.11286272810554525], [0.11033095209094747, 0.10674816360739135, 0.12371389097900597, 0.12469745022938916, 0.10969273966592955, 0.09885641738209336, 0.11279797168562004, 0.10046000730140536, 0.11270240705821774], [0.11165715675940661, 0.10530490296858003, 0.12282625750440386, 0.12500000000000003, 0.1116255380946924, 0.10033005941514217, 0.1097698629107525, 0.10198472490641682, 0.11150149744060578], [0.11