[[0.10302852542130338, 0.11389133969284565, 0.11003881762155014, 0.11735981068615566, 0.12261553700359411, 0.10098606939187427, 0.09640543861735089, 0.12467065817678136, 0.11100380338854456], [0.10261999095231439, 0.11457558592535222, 0.10940528893451525, 0.11797432329427159, 0.12326909418564476, 0.1002669565891144, 0.09561260711545286, 0.12485495107311177, 0.11142120193022277], [0.10305388238478196, 0.11392554119901532, 0.1099502532191518, 0.11722524361967492, 0.12242954167093523, 0.1010149406691436, 0.09657898429019512, 0.12481730035658536, 0.1110043125905167], [0.10297173734766982, 0.11405725063263031, 0.10984424467375237, 0.11734281851948866, 0.12262131737006425, 0.10087787719933597, 0.09641834547474946, 0.12478107952116108, 0.11108532926114809], [0.10260995000811939, 0.11465459542358211, 0.10929946607493946, 0.11793866219972221, 0.12315422271271247, 0.10022839365896692, 0.09566066692654396, 0.125, 0.11145404299541349], [0.10275645620004938, 0.11456887114451048, 0.10941985275456148, 0.11777007771449238, 0.12301078556863607, 0.10044102824042829, 0.09597696803903732, 0.1246503509864558, 0.11140560935182878], [0.10299959679657979, 0.11401412043107223, 0.10982068654000851, 0.1172113698799408, 0.12243532838375619, 0.10092502272058124, 0.09655398236122063, 0.125, 0.1110398928868406], [0.10303584860783901, 0.11414911188000161, 0.10971675779388751, 0.1172031457008432, 0.12238280922091255, 0.1009249527596685, 0.09667519200735065, 0.12478978067247293, 0.11112240135702403], [0.10327154313456796, 0.11381970276246792, 0.10992680449467351, 0.11677351392771677, 0.12173616471828588, 0.1013193677805068, 0.09724017997911391, 0.12499999999999997, 0.11091272320266705], [0.10289464759249763, 0.11447140530249172, 0.10937187471443849, 0.117349179132101, 0.12248003937565724, 0.10064241616668318, 0.09649794494443402, 0.12499999999999999, 0.11129249277169664], [0.10278874190767125, 0.11506516618235128, 0.10900348331060497, 0.11780177140438193, 0.12275725619679657, 0.10031740449782885, 0.0961803839622926, 0.12438419526791072, 0.11170159727016192], [0.10330199901770493, 0.113918793831828, 0.1098501948255217, 0.11675123866181152, 0.12170583119165168, 0.10132328825570007, 0.0973399590600477, 0.12483482417343884, 0.11097387098229555], [0.10289545501992808, 0.11493263473166937, 0.1091190316695118, 0.11762838775302986, 0.12254463397625633, 0.10049384732928764, 0.09643635324304167, 0.12433515777230074, 0.1116144985049745], [0.10295862011313824, 0.11476757640365323, 0.10917645398320115, 0.11738880990796467, 0.12234915255479588, 0.10062424975010559, 0.09667617492791598, 0.12457468156513586, 0.11148428079408951], [0.10256604388054374, 0.11541374866737353, 0.10849851048183665, 0.11783302129741066, 0.12297792014378017, 0.0999221776982545, 0.09593679346106242, 0.12499999999999999, 0.11185178436973826], [0.10312121616668712, 0.11445397122006731, 0.10943189688105034, 0.1171102171396014, 0.12211598040979357, 0.10092670942126003, 0.09702467681539538, 0.12452189709703909, 0.11129343484910578], [0.10268138636659366, 0.11533524318958284, 0.10861984072164212, 0.11773774888372045, 0.12280206743706687, 0.1000924826913812, 0.09616745112119654, 0.12475026761696113, 0.1118135119718552], [0.10288319146082527, 0.11516694947844304, 0.10887068699817963, 0.1175943276181644, 0.1225032236823094, 0.10040001890590346, 0.09653561092512412, 0.12430924430739314, 0.11173674662365758], [0.1033919151092024, 0.1139151234038607, 0.1097536717403754, 0.11651549522434947, 0.12135605707054231, 0.10142743860845989, 0.09768984022119337, 0.125, 0.11095045862201647], [0.10292904572224076, 0.1150634362796542, 0.10892670348269803, 0.11746782463556565, 0.12230050252173078, 0.10048983758445404, 0.096681986630294, 0.12447943928003022, 0.11166122386333245], [0.10314147343243218, 0.11460558094039539, 0.10928730933732955, 0.11708505607645811, 0.12200355777378502, 0.10090002983747698, 0.09715208933490134, 0.1244470868583628, 0.1113778164088586], [0.10294667817076589, 0.11501490730798776, 0.10893717163031387, 0.11739099855515424, 0.12218612892469563, 0.10052655829469508, 0.09676125596944586, 0.12461513073059072, 0.11162117041635107], [0.10346696517476799, 0.11389534297637274, 0.10978672055935415, 0.11644912171731453, 0.12124192387612882, 0.10152493516989779, 0.0978471035777787, 0.12483984168741225, 0.11094804526097304], [0.10299132038814368, 0.11485447607165544, 0.10900594702361822, 0.11721244702314862, 0.12204734550059643, 0.10063183419672725, 0.09692977515291684, 0.12482369544477084, 0.11150315919842277], [0.103151963587981, 0.11467018560933889, 0.10921289965350327, 0.11705336817607333, 0.1219230656171942, 0.1008902658674894, 0.09722831693528142, 0.12445994684638444, 0.11140998770675427], [0.10328955544589784, 0.11431026903428478, 0.10942980214880119, 0.1167154613647247, 0.12157091589180746, 0.10117211164507708, 0.09757318193422564, 0.12476048223663184, 0.11117822029854944], [0.10343117304989095, 0.11408799984095251, 0.10962003023573276, 0.11651988169045208, 0.12131697458804953, 0.10141675720658579, 0.0978410758081172, 0.12470917188036403, 0.11105693569985514], [0.10287013393875176, 0.11533754383589813, 0.10860781965667637, 0.11744144214841871, 0.12235927462529349, 0.10032401830111297, 0.09672184830924485, 0.12454130769656185, 0.11179661148804193], [0.10298385388442564, 0.11493197307335765, 0.10888525367972879, 0.11715115356172906, 0.12191081575296096, 0.10059463343372825, 0.0970107471803236, 0.125, 0.11153156943374606], [0.10333365852026712, 0.11426627797116307, 0.10943906507181768, 0.11662185548069169, 0.12144011569684038, 0.10123815727298048, 0.09770413912987731, 0.1248093458901397, 0.11114738496622255], [0.10325554780830974, 0.11453643704306876, 0.10927391737728052, 0.11683648364316492, 0.12166312202006331, 0.10105725011237848, 0.09752196307685748, 0.12453642445092901, 0.11131885446794776], [0.10316596121149535, 0.11475181071011169, 0.10910474407299293, 0.11699232585204263, 0.12178991320378936, 0.100877989990149, 0.09734521702870189, 0.12452542787454572, 0.11144661005617144], [0.10305959239407518, 0.11489633993243503, 0.10893094980652814, 0.11707149542987093, 0.1218219334986093, 0.10069884414119305, 0.09718076691478027, 0.12482487826842213, 0.11151519961408585], [0.10352266184836106, 0.11392821856911611, 0.10965828324817324, 0.11627560541693592, 0.12097321739607107, 0.1015737352535228, 0.09812089321208894, 0.12499999999999997, 0.11094738505573067], [0.10329833323642362, 0.1143509676224387, 0.1093046997277915, 0.11659557845059844, 0.12138143338874963, 0.10116358851318824, 0.09772675693338784, 0.125, 0.11117864212742205], [0.10353235406962118, 0.11398491944853212, 0.10961433926666866, 0.11628046410453341, 0.1209742173407622, 0.10156622776614349, 0.09816319016014904, 0.12490215980910935, 0.11098212803448054], [0.10305452010305628, 0.1151368353656624, 0.10872012565250148, 0.11709083113552249, 0.12181439252301647, 0.10061208763982483, 0.09725141441861378, 0.12466524644709266, 0.1116545467147096], [0.10319692892633064, 0.11487315592858094, 0.10896902935669082, 0.11692286284232585, 0.12161852593493187, 0.10087285997195579, 0.09751071881864566, 0.12452698635578047, 0.11150893186475797], [0.103311637741779, 0.11447212591101924, 0.10922693143729031, 0.11662964384343703, 0.12138164118785452, 0.1011401235950821, 0.09777352305681437, 0.12480781989275987, 0.11125655333396357], [0.10272057347231281, 0.11563006178409663, 0.10814598714451605, 0.11733322113752176, 0.12253578323317849, 0.1000367717714631, 0.09669470320359812, 0.12499999999999999, 0.11190289825331295], [0.10314325723673701, 0.1150198643158035, 0.10882449547531836, 0.11697580801316822, 0.12161104242102935, 0.10075819397210214, 0.09744412319407784, 0.12463511972105697, 0.11158809565070661], [0.1028759362984191, 0.11539681619153236, 0.10836922153097252, 0.11715090453607833, 0.12210886844793437, 0.10030361113122366, 0.09702632098816918, 0.125, 0.11176832087567044], [0.10308761200541275, 0.11521146365449103, 0.10865354644840984, 0.11704950379709818, 0.12176699718895748, 0.10062681413754683, 0.09736700736178482, 0.1245395309057965, 0.11169752450050267], [0.10341879081599473, 0.1143493234125356, 0.10926966323678669, 0.11641635661258509, 0.12135042909064098, 0.10130512720062404, 0.09807346910734056, 0.12464035272135959, 0.11117648780213271], [0.10322738211726343, 0.1150723063179202, 0.1087051736667159, 0.11677576286013015, 0.12166150889275938, 0.10083669881751733, 0.09778076688695173, 0.12434037112187016, 0.11160002931887152], [0.10355090687639236, 0.11399576099621084, 0.10939169754267875, 0.11601507077879271, 0.12139343617123587, 0.10156876664453501, 0.0984693345709558, 0.12467287580617605, 0.11094215061302241], [0.10277528514239048, 0.1159124020948287, 0.10779628933068885, 0.11713861494389124, 0.12242438388992018, 0.10000378380363653, 0.09707721467159816, 0.12484140039555758, 0.11203062572748826], [0.10276652906341828, 0.11598725152247195, 0.10774265535860217, 0.11717609442116532, 0.12249493299885701, 0.09996888614621328, 0.09705676844328294, 0.12472862844177807, 0.11207825360421096], [0.10342370071478131, 0.11411732778075602, 0.10921116181917785, 0.11607197569542703, 0.12151651950682449, 0.10137126157785706, 0.09830531129525943, 0.12500000000000003, 0.11098274160991697], [0.10290903489717229, 0.11570212319962196, 0.10803802342063325, 0.11701996393144172, 0.12215378294323265, 0.10023770021823407, 0.0973004985591421, 0.12471376983715415, 0.11192510299336779], [0.103112494393277, 0.11532670622936307, 0.10841778384367103, 0.1168321700606807, 0.12192843961612551, 0.10060986959098961, 0.09765449376564249, 0.12439271160440207, 0.11172533089584866], [0.10279572666613178, 0.11584384850209077, 0.1078205033572149, 0.11705378604641056, 0.1222932125062626, 0.10004921873844116, 0.09716472115018077, 0.125, 0.11197898303326746], [0.10335016700778338, 0.11465081856385613, 0.10892766321370081, 0.11642186364935136, 0.1217598098185152, 0.10111540957463028, 0.09812245580833386, 0.1243257364837357, 0.11132607588009352], [0.10341553580714934, 0.11423101194597138, 0.10913370825257485, 0.11611878789225173, 0.12162084323367883, 0.10132421658338399, 0.09830845734079356, 0.12479519655397121, 0.11105224239022513], [0.10314135631081346, 0.11526258323547035, 0.10838628603389551, 0.11667772830793299, 0.12204014617756664, 0.10065993910608668, 0.09782393652392679, 0.12434282363480437, 0.11166520066950317], [0.10312719609181877, 0.11536307737135822, 0.10830696749629627, 0.11670698930473528, 0.12213330960282544, 0.10060973661944364, 0.09780990135857576, 0.12421780549766277, 0.11172501665728386], [0.10296560064724089, 0.11566950997041213, 0.1079593259630842, 0.11680510907532148, 0.12234345254616386, 0.10030923787177423, 0.09758930226871797, 0.12448350257544562, 0.11187495908183973], [0.1031398656987187, 0.1151208562312732, 0.10840413326097767, 0.1165359270797179, 0.12201206606584553, 0.10069866047086123, 0.0979082474248805, 0.12462486031179276, 0.1115553834559325], [0.10287740247260557, 0.11582787653921815, 0.10777760052418425, 0.11687445865670394, 0.1223932397353118, 0.10014833861451675, 0.09746022032465616, 0.12468834780659158, 0.11195251532621178], [0.10313561891999892, 0.11498057347807834, 0.10844695046286384, 0.1164328720914771, 0.12204233749424326, 0.10073544596743736, 0.09794893683548532, 0.12482336072448574, 0.11145390402593011], [0.1033359469324495, 0.11437510958273991, 0.10887722150710341, 0.11605998244205447, 0.12192137532341125, 0.10117063516277652, 0.09833296772216979, 0.12482846994957049, 0.11109829137772442], [0.10295020615605015, 0.11570488073994278, 0.10788796381347318, 0.11677577718112947, 0.12242764305561214, 0.10027627233401343, 0.0976136981745904, 0.12447999903451851, 0.11188355951066996], [0.10316794534263822, 0.11486307950158778, 0.10851290913819334, 0.1163457014090873, 0.12208839143148086, 0.10081078979092013, 0.09803356527087108, 0.12479829059907073, 0.1113793275161506], [0.10319416186752536, 0.11481701115445204, 0.10854009458395938, 0.11629868066113778, 0.12212516719655071, 0.10085634803887093, 0.09809836271246664, 0.12471856315523498, 0.1113516106298022], [0.10325843679528314, 0.11473118710623743, 0.10863300657826351, 0.1162475432146933, 0.12212437355425777, 0.10096267825348954, 0.0982037108631902, 0.12452746681215515, 0.11131159682242996], [0.10328549689898342, 0.11449566242866796, 0.10873252159894069, 0.11607463014291854, 0.12208067818810864, 0.10106670649486627, 0.09830683902703903, 0.1248034447692403, 0.11115402045123514], [0.10310741973628301, 0.11527905532934185, 0.10819921785506752, 0.1164879916591932, 0.12229106784900469, 0.10060158222467486, 0.09796559302953775, 0.12444023461414783, 0.11162783770274926], [0.1030976171524223, 0.11494359452515163, 0.10834773262150871, 0.11630575765906367, 0.12220946886661985, 0.1006931503824586, 0.0980051014165612, 0.125, 0.11139757737621407], [0.10328081442852395, 0.11439866418885379, 0.1087343262284321, 0.1159735347548575, 0.12209007766546778, 0.1010877296548178, 0.09835546599687131, 0.12499999999999997, 0.1110793870821756], [0.103089205080537, 0.11546203918809522, 0.10806030575696218, 0.11653603897150301, 0.12247136926473767, 0.10051954206551557, 0.09795300237802738, 0.12417053893729875, 0.11173795835732298], [0.10310058231725265, 0.11504023806698843, 0.10827531941652702, 0.11632067021821421, 0.1222683284864073, 0.10066455388650242, 0.0980325815661697, 0.12484122097803389, 0.11145650506390437], [0.10313898333024688, 0.11489637830197792, 0.10833900885235209, 0.11619708585148152, 0.12236178046365453, 0.10075374700697355, 0.09815358297111411, 0.12479763640585191, 0.11136179681634746], [0.10323142857527759, 0.11476669004991596, 0.10846093187288604, 0.1161052947066433, 0.12239332462737254, 0.10090716777778858, 0.09832345594913819, 0.12451442860668348, 0.11129727783429436], [0.10310999033596144, 0.11510256200805513, 0.10810769632377412, 0.11616937802621888, 0.12257964969991776, 0.10064473564076183, 0.09821955281568792, 0.12459999567900887, 0.11146643947061406], [0.10327693153547989, 0.11449679682681412, 0.10850156944762004, 0.11581302783164402, 0.12249278481478074, 0.10103621303517178, 0.09856153095482763, 0.12471689058519458, 0.11110425496846718], [0.10316953607392146, 0.1146021635630484, 0.10828363717512497, 0.11577785968936812, 0.1226840414238714, 0.10086318974845823, 0.09849308053138553, 0.125, 0.1111264917948219], [0.10274180930476527, 0.11587553666404493, 0.10718354462301012, 0.1163308495203021, 0.12326690294626286, 0.09992939722072439, 0.09784668183765076, 0.12499999999999999, 0.11182527788323948], [0.10316438585110226, 0.11470023053046126, 0.10821352208782212, 0.11580560439095516, 0.12277823309709165, 0.10082461715817521, 0.0985007929903085, 0.124826890330167, 0.11118572356391683], [0.10279108375399672, 0.11583100249625534, 0.1071543661758584, 0.11619267735109952, 0.12344501371508346, 0.09999541526619501, 0.09804601951742384, 0.12475768362194889, 0.11178673810213884], [0.10321195503822406, 0.11458871585591777, 0.10821647299588583, 0.1156451957421614, 0.12288626816138157, 0.10090939299310059, 0.09868294357383567, 0.1247512301587662, 0.11110782548072692], [0.10288942268395265, 0.11545916147686561, 0.1074476934133289, 0.11601436887103153, 0.12316448611326157, 0.100233925074313, 0.0982178421529521, 0.125, 0.11157310021429463], [0.10299248570513123, 0.11510334799678656, 0.10773205940740983, 0.11583427797895583, 0.1231074838159042, 0.10047340685433663, 0.0983847713711648, 0.125, 0.11137216687031092], [0.10291726906390863, 0.11543883573646085, 0.10745276171455914, 0.11596997886292647, 0.12318218399257054, 0.10027185341897568, 0.09829631341385954, 0.12490952707119315, 0.11156127672554599], [0.10321407853444038, 0.1146306036283323, 0.1081251594767986, 0.11558264949315798, 0.1230473839091139, 0.10089173568541918, 0.09876859644718212, 0.12461828648506229, 0.11112150634049323], [0.10300186410625747, 0.11496506164921372, 0.10763959412382139, 0.11557427395548223, 0.12344816295438193, 0.10051069790108948, 0.09861067162633187, 0.12499999999999997, 0.11124967368342176], [0.10300313313775993, 0.11507114377742084, 0.10756184062248844, 0.1156052770848779, 0.12351536897662205, 0.10047665519471792, 0.09863475070325355, 0.12481766156734297, 0.11131416893551642], [0.10307693459375666, 0.11474029909189834, 0.10778271229806935, 0.11543437773605532, 0.12340768923873399, 0.10066995438016055, 0.09876875875277655, 0.125, 0.11111927390854924], [0.11709725992477207, 0.12368176973699493, 0.1033413803983747, 0.10511138995302036, 0.10313978925787225, 0.11261780984373294, 0.12488502729613413, 0.09536267800915334, 0.11476289557994529], [0.11648520526134473, 0.12317329232722603, 0.1033827809847617, 0.1054073213479243, 0.10352884543998742, 0.11190042628536749, 0.125, 0.09532887359591789, 0.11579325475747046], [0.11678394410546698, 0.12359181129220775, 0.10332264255759199, 0.10522830740244678, 0.10331269341114395, 0.1121793321263952, 0.125, 0.09530247680895573, 0.1152787922957916], [0.11705271844917159, 0.12361312665164721, 0.10333776117724257, 0.10510927903290848, 0.10318035942607331, 0.11258598446661609, 0.12495093815221839, 0.0954179209836632, 0.11475191166045914], [0.11701038352395884, 0.12357285085135143, 0.10333249433671467, 0.10511066193402803, 0.10321296536864313, 0.11254613405929843, 0.12499999999999999, 0.09545028790565775, 0.1147642220203476], [0.11707612671615446, 0.1234272623998779, 0.10341821760809751, 0.10514742031374033, 0.1032850777203763, 0.11269153618215207, 0.12468525678480774, 0.09564552513227301, 0.11462357714252079], [0.11655153419213996, 0.12329736070447492, 0.10341391826735935, 0.10537116838551887, 0.10362677364088542, 0.11196175035748045, 0.12466347035118533, 0.09560639331895288, 0.11550763078200293], [0.11623144921421662, 0.12282006532228654, 0.10347064293812828, 0.10554953644534763, 0.10388947475443555, 0.11169843550262006, 0.12463335338524673, 0.09569204666466541, 0.11601499577305321], [0.11682925945789775, 0.1232461061319354, 0.1034334518380735, 0.10521085563590095, 0.10353299346135321, 0.11245010569296844, 0.12464495486579703, 0.09588249277205378, 0.11476978014401992], [0.11662772382969608, 0.12319251176173444, 0.10345326510283748, 0.10530243404867617, 0.10372468560634783, 0.11219951309996581, 0.12447282925496707, 0.09598187371927305, 0.11504516357650206], [0.11657367061112339, 0.12308544958014647, 0.1034644112450488, 0.10530827662265321, 0.10379973622377002, 0.11217530763913963, 0.12448698541488107, 0.09609828214727166, 0.11500788051596575], [0.11692938993857169, 0.123517458624192, 0.10349509343067453, 0.10510787131252888, 0.10350709211073783, 0.11284927860185165, 0.12425626070506955, 0.09622850819462918, 0.11410904708174471], [0.11614812843381116, 0.1228141649423873, 0.10343854042770136, 0.10544315706746858, 0.10406592761784227, 0.11163063150270337, 0.12475654025664511, 0.09611019940263878, 0.11559271034880209], [0.11569441421446194, 0.12216973511303034, 0.10340906788911366, 0.10572981854347535, 0.10440697292263035, 0.11114463135297153, 0.125, 0.096159122332113, 0.11628623763220383], [0.11595035378637752, 0.12260701457600136, 0.1034049121181319, 0.10549918523150278, 0.104183333904023, 0.11146238395025045, 0.12499999999999999, 0.09617651660900917, 0.11571629982470374], [0.11654290398187239, 0.1228359742323557, 0.10342287262552338, 0.1052134782805634, 0.10379618395496173, 0.11223778488039954, 0.125, 0.09623166792995266, 0.11471913411437121], [0.11675381543524395, 0.12330466187209298, 0.10348918853674252, 0.10512783939150593, 0.1036635771354997, 0.11267593568644667, 0.12443140573735748, 0.09639463251600791, 0.11415894368910284], [0.11649341012902581, 0.12280749824982802, 0.10343689696013815, 0.10524039022904283, 0.10386035686610791, 0.11218573916439324, 0.12491667900398262, 0.09628889814816702, 0.11477013124931439], [0.11591568433214886, 0.1225344647477277, 0.1034492528859409, 0.10554242149574788, 0.10431014830215328, 0.11144595448094646, 0.12477435492526509, 0.09638549630198459, 0.11564222252808538], [0.11573685156282827, 0.122340540296197, 0.1034700302834112, 0.10566725768267403, 0.10444804347826668, 0.11131024492775964, 0.12469857767733938, 0.09642707469199821, 0.11590137939952547], [0.11661898033137202, 0.12319539539375429, 0.10346510572464925, 0.10510030573374614, 0.10374260652942956, 0.1126146464766788, 0.12465521004395026, 0.09652723582092933, 0.11408051394549036], [0.11642846929662418, 0.12278551641226124, 0.10344029747625719, 0.10517733366667588, 0.10392307569811285, 0.11225719621407484, 0.125, 0.09654197928352627, 0.11444613195246754], [0.11593374605049689, 0.12245875559659158, 0.10352782730350021, 0.10557828802073368, 0.10445328055091227, 0.11153703122697818, 0.12436865586193878, 0.09668602795646226, 0.11545638743238612], [0.11601667220086895, 0.12250256613461676, 0.10354396072439173, 0.10554235747594026, 0.10441532417791881, 0.11165020034016884, 0.12428246072250287, 0.09670821984191014, 0.11533823838168171], [0.11634487172328654, 0.12254795234747495, 0.10351653120389152, 0.10529642322605298, 0.10411003244774958, 0.11214216901496024, 0.12469505020424344, 0.09668410382500012, 0.11466286600734063], [0.1155358761484621, 0.1220879982230579, 0.1035251675317144, 0.10580600146292882, 0.1047170829876062, 0.11116355759590699, 0.1244493503396583, 0.09672837571479334, 0.11598658999587211], [0.11653899133854756, 0.12313477113949081, 0.1034627992196812, 0.10507651435057243, 0.10378901692358748, 0.11265527644652719, 0.1247328657464829, 0.09665179443932932, 0.11395797039578107], [0.11616079324516353, 0.12248581337763478, 0.10354145286640203, 0.10541941799407567, 0.10430966623190237, 0.11188121242800925, 0.12444309373754754, 0.09675644306377051, 0.11500210705549437], [0.1153545260944146, 0.12172280711191487, 0.10352895785557134, 0.10596751969504742, 0.10494213617590464, 0.11091645290343574, 0.12443063395640092, 0.09684013630587472, 0.11629682990143561], [0.11563667411399273, 0.12217944076324826, 0.10352051305674673, 0.10572653883917886, 0.10467694478075916, 0.11124158210954714, 0.12446975702363448, 0.09680178377534937, 0.1157467655375434], [0.11595477594707744, 0.12240038190592623, 0.10353141580118844, 0.10553830670765622, 0.10446738796774918, 0.11161504823666633, 0.12441695082694784, 0.09679867459612282, 0.11527705801066543], [0.1164374066601617, 0.12299589727854801, 0.10344807309839306, 0.10509222686760822, 0.1038767443771167, 0.11249362223361924, 0.12490416951553757, 0.09670762874305734, 0.11404423122595796], [0.11609127544406855, 0.12241809588904012, 0.1035609084416238, 0.10547183911885144, 0.10439991300628543, 0.11181571288344469, 0.12434256483261331, 0.09684724885060586, 0.11505244153346678], [0.11531575244925477, 0.12170307585520194, 0.10353075773872612, 0.10597074544206969, 0.10498211325959816, 0.1108996818262745, 0.12443316799287157, 0.09690913333677217, 0.11625557209923097], [0.11575755201880844, 0.12224521849070002, 0.10353712433293581, 0.10565418431014315, 0.10463577865536539, 0.11138544045024563, 0.12440010868539142, 0.0968903332555595, 0.11549425980085054], [0.11636441723235535, 0.12290299400308713, 0.1034428830926735, 0.10509915147287255, 0.10393918892643488, 0.1124136028114779, 0.125, 0.0967702480287373, 0.11406751443236143], [0.11630449290393073, 0.12281433751023718, 0.10347063507339745, 0.10513543181638275, 0.10403311633705159, 0.11235646203908912, 0.12490519730532289, 0.09687766300563777, 0.11410266400895071], [0.11586369747343932, 0.122206154719445, 0.10352820461332816, 0.10553456363386873, 0.10456648929819437, 0.11158685691113832, 0.12458559459519622, 0.09699197373321294, 0.11513646502217671], [0.1155924813560539, 0.1220591110605393, 0.10353947052134073, 0.10572435634635488, 0.10479235938152924, 0.11123188121811432, 0.12445768871514157, 0.09704770354993325, 0.11555494785099281], [0.11505363939005753, 0.12133223252596298, 0.10347464452687438, 0.10605764510832504, 0.1052018777830644, 0.11062357794651993, 0.12478804206066649, 0.0970750142691922, 0.11639332638933707], [0.11622591913969475, 0.12265547920578829, 0.10352609650277901, 0.10522756199596674, 0.10420039246959314, 0.1122025856272761, 0.12467787253759476, 0.09701038746700534, 0.11427370505430187], [0.11575680957872828, 0.12212742859731313, 0.10350672491357851, 0.10556565851239291, 0.10463299286946731, 0.11146561655831676, 0.12471067271434087, 0.09702545358816796, 0.1152086426676943], [0.11514697458423634, 0.12155049583756723, 0.1035262101323443, 0.10600219985680708, 0.10514695938603563, 0.11078708667122723, 0.12452407167476623, 0.09714525965919918, 0.11617074219781676], [0.11483710662113418, 0.12131750238347164, 0.10345351468710098, 0.10622532958387124, 0.10542737333227734, 0.11036960016656747, 0.12446697618065564, 0.0971468624489311, 0.11675573459599042], [0.11565493332131395, 0.1220662784921431, 0.10349848993798985, 0.1056176778055122, 0.10470694871259749, 0.1113388669445192, 0.12474071480189444, 0.09704795753314369, 0.11532813245088629], [0.11603442510011794, 0.1223184850906457, 0.10348923801369524, 0.10529693445958996, 0.10435726454592995, 0.11191965022126998, 0.125, 0.09703757973115555, 0.11454642283759571], [0.11479753831805056, 0.12119059138864235, 0.10344964339632298, 0.10620079706609273, 0.10546174031956386, 0.11036040558526351, 0.12465744781261971, 0.09725217202393163, 0.11662966408951264], [0.11488527953471632, 0.1211410229075981, 0.10344118498542375, 0.10609392350829235, 0.10533955148048554, 0.1104723013532678, 0.125, 0.097219169266218, 0.11640756696399814], [0.11615341656278814, 0.12263654066167873, 0.10348602461166409, 0.10511945318866577, 0.10415791024951529, 0.11238990988689533, 0.12499999999999997, 0.09713533660842381, 0.11392140823036867], [0.11610232300656396, 0.12250995521891316, 0.10356407017437337, 0.10526251656999232, 0.10435834595376395, 0.1121458360202314, 0.12458012695882743, 0.09723581176284132, 0.11424101433449309], [0.11501819187500728, 0.1214187854086678, 0.10353982843635026, 0.10604225498250681, 0.10529647255761895, 0.11070677043382662, 0.12450580795955939, 0.097364732321003, 0.11610715602545989], [0.11551301589554322, 0.12186421632610675, 0.10347270197131712, 0.10562327289531442, 0.10482141007121717, 0.11123669778858936, 0.125, 0.09721963910213657, 0.11524904594977539], [0.11599547088824262, 0.12233766075542185, 0.10356980124946151, 0.10533720607492393, 0.10448426153626583, 0.11198422498057202, 0.1245917703606034, 0.09731570745618294, 0.1143838966983259], [0.11539026006936375, 0.1217764772432059, 0.10352217223166932, 0.10575578323928571, 0.10498783883236255, 0.11108953104549278, 0.12469210587990111, 0.09733155446679427, 0.11545427699192466], [0.11488266562393568, 0.12119890730555803, 0.10350474095903081, 0.1061048746721697, 0.10541631296478753, 0.11052921545302377, 0.1246952272813641, 0.09742058164389492, 0.11624747409623545], [0.11535639063685799, 0.12170887112288889, 0.10352082292571783, 0.10575318901242492, 0.10502850201559695, 0.11107976799804437, 0.12474486189364692, 0.09741292500469897, 0.11539466939012316], [0.11550015767157765, 0.12176585190282746, 0.1035277951565698, 0.1056601370383774, 0.10492000373678707, 0.11127733847802387, 0.12477637894585793, 0.09740827623820922, 0.11516406083176961], [0.11470207174363901, 0.1209526988179667, 0.10348796357533328, 0.10621483572372047, 0.10561214247827508, 0.11033613930649769, 0.12471136854461679, 0.09754975407479022, 0.11643302573516073], [0.11564789323139427, 0.1217793406387328, 0.10351662575317808, 0.10553403215333498, 0.10477198085043199, 0.11148985793072803, 0.125, 0.09737443101391145, 0.11488583842828838], [0.11462407634449422, 0.12091922316625936, 0.1034859008229685, 0.10627934510156498, 0.10570472626293391, 0.11024775465079929, 0.12458924775394746, 0.09759497748933701, 0.11655474840769528], [0.11592319156546767, 0.1222730443003717, 0.10359481845851999, 0.1053531304828627, 0.10456911666846182, 0.11198668041972315, 0.12452838507955102, 0.09748746356718471, 0.11428416945785719], [0.1150090392666264, 0.1214501857865855, 0.1034854958065593, 0.10591050674742201, 0.1052653496147131, 0.1107273513309584, 0.12490682637995695, 0.09749482752983078, 0.11575041753734756], [0.11492106348438641, 0.12139234314607014, 0.10347915329830912, 0.10595461308635183, 0.10532209066527391, 0.11065361123659771, 0.12491758208364777, 0.09750499000992313, 0.11585455298944008], [0.11495016904424768, 0.12142512879400012, 0.10346493211101554, 0.10592005160079158, 0.10528441259273003, 0.11067339724194089, 0.12500000000000003, 0.09748428606087446, 0.11579762255439983], [0.11551875461819427, 0.12190519113942234, 0.10350863776389425, 0.10557108952194617, 0.10488535945139897, 0.11137513782517425, 0.12483404897293889, 0.09750549371576256, 0.11489628699126829], [0.11524672905675265, 0.12173356967060589, 0.10352288178687367, 0.10577947266459621, 0.10514732052427342, 0.11100714742056775, 0.12463542508632779, 0.09758941755855674, 0.11533803623144588], [0.11529603738811038, 0.12181669382385778, 0.10351743802253865, 0.10573187099331201, 0.10510143521078001, 0.11108297762159211, 0.1246360279666218, 0.09759369914408188, 0.11522381982910533], [0.1158214077032443, 0.12229194284496882, 0.10351813951265794, 0.105231995176795, 0.10451414046691047, 0.11206658921110442, 0.125, 0.0975456146194393, 0.11401017046487975], [0.11485461538155531, 0.12194051698344761, 0.10343136078323863, 0.10586440466986528, 0.10538391050347354, 0.11059344965667284, 0.12467252757251963, 0.09774135450907331, 0.11551785994015386], [0.11435907688983836, 0.12150725437281139, 0.10331760682551541, 0.10610868117034454, 0.10573138131827102, 0.1100441627076031, 0.125, 0.09775245599531458, 0.1161793807203016], [0.11511277999884259, 0.12209741992122936, 0.10349419383531673, 0.10576148550294062, 0.1052509337990321, 0.11093228861052065, 0.1243786266086902, 0.09778875158444642, 0.11518352013898134], [0.11490125966059253, 0.12204584942957393, 0.10344190053451964, 0.10583369357559036, 0.10536705462330553, 0.11066253496975444, 0.12455652661895064, 0.09778762571137285, 0.11540355487634012], [0.11563995356395351, 0.122525752520441, 0.10349982235815476, 0.10528896303518903, 0.10466884091478063, 0.11185716472561831, 0.12475327235501034, 0.0977011598524189, 0.11406507067443356], [0.11445035120790328, 0.12182708583794612, 0.10336921828865062, 0.10602160179772675, 0.10565112006708413, 0.11023127316851002, 0.12473330697708959, 0.09784321791957666, 0.11587282473551283], [0.11439280122415389, 0.12185830263502069, 0.1033426986920557, 0.10602130648284856, 0.10568011488343247, 0.11016827080173537, 0.12479419834613176, 0.09786289209768763, 0.11587941483693404], [0.11453301907568267, 0.122129869376882, 0.10330004214696303, 0.10585764034836637, 0.10550970771137423, 0.11029572490640072, 0.125, 0.09781659184653226, 0.11555740458779871], [0.11505696959022534, 0.12242797521335796, 0.1034622348288507, 0.10569720222241674, 0.10526628770644612, 0.11094213148131155, 0.12426504811051586, 0.09791374365203946, 0.11496840719483625], [0.11499063893781672, 0.12239396591998929, 0.10345540176500176, 0.10573455971525153, 0.1053203764481665, 0.11085443430355822, 0.1242668837036994, 0.09792843301495952, 0.11505530619155709], [0.11421191183558103, 0.12204096319215223, 0.10325369415485794, 0.10599022693212995, 0.10574906761295964, 0.10999329284549748, 0.12499999999999999, 0.09793608598906105, 0.11582475743776056], [0.11519184728484139, 0.12266398591270582, 0.10343319391119764, 0.10551289304610649, 0.10507611483763869, 0.11118942308438884, 0.12448066310742407, 0.09790756051909506, 0.11454431829660201], [0.11475624255880852, 0.12247673588848289, 0.10337628987260654, 0.10575937249206413, 0.10543626295163014, 0.11059522047557113, 0.12447044848653888, 0.09798946408070808, 0.11513996319358971], [0.11443915641546902, 0.12236366589782495, 0.10328949152628361, 0.10586219341968156, 0.10559891423363274, 0.11022054798558847, 0.12478726542995836, 0.09796353546167194, 0.11547522962988929], [0.11405630817295757, 0.12222253512162379, 0.10323711577814577, 0.10603053113537031, 0.10589615834049909, 0.10985454910896375, 0.12478217513447146, 0.09810947452258541, 0.11581115268538286], [0.11499647123784211, 0.12280660418095701, 0.10336543622814258, 0.10552157614079007, 0.10517408361588552, 0.11098451886331295, 0.12459462121316178, 0.09798542917796287, 0.1145712593419451], [0.11492502059712316, 0.12300871055978074, 0.10330007885364048, 0.10544155816422898, 0.10513872242332763, 0.11094892907848956, 0.12481574246803481, 0.09800271116029934, 0.11441852669507527], [0.11504188545389071, 0.12313300714241807, 0.10329055628246281, 0.1053162743901485, 0.10497507268488297, 0.11114068465415898, 0.12500000000000003, 0.09795030675201029, 0.11415221264002785], [0.11366355546012982, 0.12230966322922193, 0.10308206201005554, 0.10611230000668681, 0.10616083687780661, 0.10941316401745571, 0.125, 0.09823227013991309, 0.11602614825873045], [0.11483106400196472, 0.12304891338902893, 0.10327795851262685, 0.10546222134354778, 0.1052026925591194, 0.11084614890057241, 0.12482492137450373, 0.09805135112376777, 0.1144547287948682], [0.11412812481409243, 0.12286683370609015, 0.10314342202894865, 0.1057830673560665, 0.10571752446247774, 0.10993658307650687, 0.125, 0.09815753175841539, 0.11526691279740224], [0.11478465808433955, 0.1231997363305228, 0.10322878829353171, 0.10539964500535394, 0.1051675089669091, 0.11082497825300265, 0.125, 0.09805313908153064, 0.11434154598480961], [0.11369615018270035, 0.1226340891440219, 0.10308514161377261, 0.10599602163309882, 0.10606925091654365, 0.10951000159723905, 0.12499999999999999, 0.0983012569486571, 0.11570808796396642], [0.11429248713406587, 0.12301846036741794, 0.10315173638820978, 0.10566503200996664, 0.10557917693904044, 0.11015686162424677, 0.125, 0.09815733928237158, 0.11497890625468099], [0.11453301701480716, 0.12315647149599647, 0.10324536131533449, 0.10560668770126304, 0.10546693394798197, 0.11048240994515167, 0.12457676649863411, 0.0982021312025518, 0.1147302208782793], [0.11470877111734695, 0.12333788817887677, 0.10322443150093599, 0.10541021066830002, 0.10522732368070037, 0.11076928889419829, 0.12487061862195441, 0.09814390413221077, 0.11430756320547641], [0.11471508511088876, 0.12340554755575014, 0.10323282136355957, 0.1054009703410616, 0.10522385140332668, 0.11079564276435909, 0.12479651212596311, 0.0981716110189719, 0.11425795831611937], [0.11450380611023257, 0.12337294356985799, 0.10315724534468228, 0.10545913635509814, 0.10535357658963872, 0.11051245079957404, 0.125, 0.09818452334020164, 0.11445631789071463], [0.11468323817788613, 0.12352143861341171, 0.10323861368079847, 0.10540019067872247, 0.10525091487404882, 0.11078934413615224, 0.1246740834026092, 0.09823813029737612, 0.11420404613899482], [0.1142873785087945, 0.12338825263824256, 0.10317194305388228, 0.10561833165173919, 0.10560221134164391, 0.11024209782380134, 0.12462882646787253, 0.0983385711753043, 0.11472238733871937], [0.11460319776976771, 0.123619332788328, 0.10322723812796092, 0.1054142375324706, 0.10530973103968712, 0.11071659804247934, 0.12460247579873533, 0.09830822697560794, 0.11419896192496286], [0.11373800715679563, 0.12317737880730358, 0.10309400112411417, 0.10588188808584877, 0.10602568929899772, 0.10960871982680281, 0.12468695575546744, 0.09847268570783921, 0.11531467423683066], [0.11422758946597207, 0.12342544849060985, 0.10315970600576792, 0.10563076746986803, 0.10564368157835749, 0.11018057497306981, 0.12462071478313476, 0.09837511631674659, 0.11473640091647347], [0.11350513320095447, 0.12304803765824017, 0.10304435197164812, 0.10595951448610409, 0.1061755067651482, 0.10939431902964407, 0.12485400955070024, 0.09852501483416008, 0.11549411250340057], [0.11385440501171447, 0.12338000888584146, 0.10308864928017661, 0.105783363307515, 0.10591421313701425, 0.10971569717476615, 0.1247066186972551, 0.09846363654094661, 0.11509340796477056], [0.11347218330172101, 0.12316430950726148, 0.10300439095155556, 0.1059081104869704, 0.10615354762580473, 0.10936542971220052, 0.125, 0.09853667158447017, 0.11539535683001612], [0.11416280805213813, 0.12370387888000065, 0.103062331593876, 0.10549353215479292, 0.10555463032609048, 0.11016601134446975, 0.12500000000000003, 0.0983695159969207, 0.11448729165171152], [0.11384174745141974, 0.12355701502118392, 0.10301884111125757, 0.10567227596647487, 0.10583061658894768, 0.10973737833682617, 0.125, 0.09844612057029559, 0.11489600495359448], [0.11353583929878319, 0.12337167211437942, 0.10302817998529505, 0.10587809228523176, 0.10613350053876042, 0.10942958396231837, 0.12476068378587339, 0.09859711414359836, 0.11526533388576003], [0.11402552277073122, 0.12376189987450897, 0.10307041044878629, 0.10557488589529242, 0.10570520043170414, 0.11001617223177904, 0.12476275792414164, 0.09849587997502662, 0.11458727044802966], [0.11407052740434927, 0.12382078340467552, 0.10305538960253618, 0.10551688675093046, 0.10563199923732476, 0.11008331961011456, 0.12487579885584184, 0.09846129388971908, 0.11448400124450817], [0.11399430763008782, 0.12381672598031222, 0.10306246442564951, 0.10557240954778084, 0.10572226083862155, 0.10999202938528861, 0.12474817410237969, 0.09852434069652982, 0.11456728739334976], [0.11335708296577886, 0.12346274293679814, 0.10299857317077622, 0.10591502242405962, 0.10626534139342599, 0.10927746053885601, 0.12471651015754445, 0.09873088060099973, 0.11527638581176096], [0.11411716473784458, 0.12394561297505235, 0.10309288575102392, 0.1054924716720208, 0.10561573561363985, 0.11018853790504746, 0.1246684059318529, 0.09854367693232982, 0.11433550848118834], [0.1137201269448591, 0.12387884033135992, 0.10302509446432241, 0.10568008360918964, 0.10594813042072783, 0.1096786004187832, 0.12464876410454968, 0.09867269282206634, 0.11474766688414188], [0.11283989086531607, 0.125, 0.10363676768059388, 0.11069393755625763, 0.10926385028280154, 0.10648953759804135, 0.11092582934400794, 0.09796156502753788, 0.12318862164544375], [0.11279532676903818, 0.12490565416490224, 0.10364151803932534, 0.1107442213180998, 0.10936334971429525, 0.10644643377290196, 0.11085590436180225, 0.09805971109882101, 0.12318788076081398], [0.11299058374934894, 0.125, 0.10357741820038709, 0.1102337506817308, 0.10881575687664902, 0.1067691008321687, 0.1119604296077196, 0.09765009412991532, 0.12300286592208054], [0.11319008542314654, 0.125, 0.10349374970065756, 0.10985715425363471, 0.10836437497566406, 0.1069582953161236, 0.11265455176552777, 0.09726859642949313, 0.12321319213575264], [0.11238679016233476, 0.125, 0.10352233563939611, 0.11088504040387732, 0.10997196805426841, 0.10607405870748071, 0.11062218503954972, 0.09865220889319183, 0.1228854130999011], [0.11202571169754531, 0.125, 0.10352154397297376, 0.11141181350762454, 0.11066703170054128, 0.10566062846711617, 0.10966854809680447, 0.0992504101442194, 0.12279431241317507], [0.11262555451084606, 0.12489951459627048, 0.10351671615288915, 0.11041295244147535, 0.10945456710443158, 0.10644927406849707, 0.11178486555538895, 0.0983047130692999, 0.12255184250090148], [0.11254813605404863, 0.125, 0.10347572872513192, 0.110401957859679, 0.10953283315921564, 0.10638149664205682, 0.1117938862812009, 0.09838173954362675, 0.1224842217350404], [0.1129607329642539, 0.12448009660309933, 0.10343127370765967, 0.1097171824154614, 0.10870162599350257, 0.10686873597623543, 0.11336362617690479, 0.09777800295120682, 0.12269872321167612], [0.11242470142929609, 0.12478529002899619, 0.10346845594276971, 0.11045857061811852, 0.10977110025180563, 0.10628844253079972, 0.1117784170459974, 0.09864418176198257, 0.122380840390234], [0.11279588468928495, 0.12464586446574588, 0.10337495043831661, 0.10974585826373721, 0.10890142715627754, 0.10672978104504764, 0.11331603495758007, 0.09797552242996581, 0.12251467655404429], [0.11262355181558598, 0.125, 0.10333937986023035, 0.10990145670057778, 0.10914288577318289, 0.10654646442268297, 0.11289035475694081, 0.09814118812556283, 0.1224147185452364], [0.11251443124989954, 0.12469282558146365, 0.10341265993907686, 0.11010672722425885, 0.10945875935384283, 0.10646917375015394, 0.11261145663780742, 0.09845679762738209, 0.1222771686361148], [0.11140098383375094, 0.125, 0.10328674118192213, 0.11155780223516144, 0.11152594812906992, 0.1051582477946988, 0.10965645507125339, 0.