[[0.11567570640425962, 0.1230222719079981, 0.10387357922070876, 0.11866305241180997, 0.10677635695647542, 0.12472683636666519, 0.10124399089830224, 0.10312875787201856, 0.10288944796176216], [0.11630966839444908, 0.1235756581247881, 0.1033830569212383, 0.11921865392635635, 0.10656034340205867, 0.12488064095757953, 0.10077389950287152, 0.10277389077883538, 0.1025241879918231], [0.11566493489442095, 0.1228608532261571, 0.10384272717397347, 0.11852981340318482, 0.10673634399587757, 0.12484795654985978, 0.10131849200425318, 0.10322104181424839, 0.10297783693802476], [0.11579010650349322, 0.12302389204222106, 0.10375179373097546, 0.11863874059222239, 0.10669887925953464, 0.12481813021421606, 0.10122487688586997, 0.10314935863910749, 0.10290422213235971], [0.116356372338536, 0.12347893115647336, 0.10332495062097914, 0.1191808900805126, 0.10651809837514158, 0.125, 0.10078417599584306, 0.10280479783032824, 0.10255178360218603], [0.11624913564387018, 0.12335465775079531, 0.1034444471246616, 0.11901990232563531, 0.10657419293129683, 0.12471079422846204, 0.1009627492458222, 0.10296852482886332, 0.10271559592059318], [0.11572712211848428, 0.12286417569850705, 0.103752642550745, 0.11851373276001465, 0.10667580978817927, 0.125, 0.10128590812718816, 0.10321373003679514, 0.10296687892008645], [0.1158125781645226, 0.12281568423519242, 0.10371452188324604, 0.11849272055455795, 0.10665625014632762, 0.12482455027930953, 0.10134303258417564, 0.10329578999818423, 0.10304487215448414], [0.11552113699044719, 0.1222721067403677, 0.10406341496267958, 0.11812435402829069, 0.10683839370676891, 0.12426389155306322, 0.10179190487310873, 0.10368579971082953, 0.10343899743444426], [0.11612269263909031, 0.12290895615497513, 0.10358954926804657, 0.11865140799000358, 0.10662481157075866, 0.12432132974159531, 0.10133979669439819, 0.1033497322931395, 0.10309172364799277], [0.1166041265969952, 0.12303230219233324, 0.10326565442177943, 0.11902148308436229, 0.10651394742461975, 0.12448854097107073, 0.10105206731214436, 0.10314361595372296, 0.10287826204297185], [0.11557135646175187, 0.12223876753173167, 0.10401281872093142, 0.11808573756989012, 0.10680374367281988, 0.12426434327873064, 0.10181440051434171, 0.10372955438955937, 0.10347927786024336], [0.11645685836790709, 0.12295251543947842, 0.10334679498682972, 0.1188529481487202, 0.10653027861980614, 0.12444560029615398, 0.10117527126437761, 0.10325252257453604, 0.10298721030219057], [0.11630786839115115, 0.12278791761973762, 0.10346321310922693, 0.11864860489203959, 0.10657088366114022, 0.12427062173953339, 0.10136430021767406, 0.10342608509924163, 0.1031605052702554], [0.1169199434882134, 0.1232545290913341, 0.10303580402254511, 0.11907741155576933, 0.10641734195751884, 0.12429527522422068, 0.10098151950738586, 0.10314637409791125, 0.10287180105510144], [0.11600485033898808, 0.12258162942276024, 0.10364178818431191, 0.11838408837610113, 0.10662111960667713, 0.12437337203452657, 0.1015415260325677, 0.10355666374650957, 0.10329496225755785], [0.11681863027238079, 0.12306820021635656, 0.10309997269482676, 0.11897314589562077, 0.10643514093318766, 0.12435416102817044, 0.10107221744778316, 0.10322650637611534, 0.1029520251355585], [0.11663823130954092, 0.12274752556629581, 0.10327362724815788, 0.11882372808894485, 0.10651418414749905, 0.12424803794392915, 0.10126092572772903, 0.10338292691490399, 0.10311081305299934], [0.11553980761528265, 0.12193969582017862, 0.10408979620188805, 0.11787443136973004, 0.10683572432371628, 0.12393295042790506, 0.10206402165439239, 0.10398889836411375, 0.10373467422279314], [0.11654005601514139, 0.12268918615663488, 0.10333677238184956, 0.11871101297232732, 0.10653213456351393, 0.12417172410545635, 0.10135588523702459, 0.10346763907510567, 0.10319558949294612], [0.11608515033661297, 0.12247663592489133, 0.10353701670658202, 0.11833466703331244, 0.10655755057167993, 0.12452724814379865, 0.10154871609925566, 0.1036002169537041, 0.10333279823016307], [0.11648539531458446, 0.12263518561601623, 0.10334389910567396, 0.1186377520325402, 0.10652066491289029, 0.1242633609668405, 0.10138824317299737, 0.10349909856938495, 0.10322640030907203], [0.11550346121974653, 0.12183765060799984, 0.10414234975331076, 0.11780459898974502, 0.10686332240425431, 0.12381091664787892, 0.10215135546445406, 0.10407025990971736, 0.1038160850028932], [0.11632089320940074, 0.12252301856063055, 0.10337746235496317, 0.11846702291593429, 0.10649860569374728, 0.12453127181005592, 0.10145189237034125, 0.10355132720073039, 0.10327850588419636], [0.11611433957866883, 0.12240292301776327, 0.10348554788584158, 0.11829266990171879, 0.10652314167653446, 0.12463432054567776, 0.10155939650569208, 0.1036290446125698, 0.10335861627553358], [0.1158267907358846, 0.12211001614019425, 0.10378782021002975, 0.11801790735179644, 0.10667030940947768, 0.1241798508665021, 0.1018850634644549, 0.10389358204304694, 0.10362865977861334], [0.11563665799010374, 0.12189375066941131, 0.10400124922564159, 0.11784790114755243, 0.10677914849479465, 0.12389465319441773, 0.10209426879955517, 0.10405623586229912, 0.10379613461622422], [0.11671114406326968, 0.12275656595450204, 0.10308799779756134, 0.11865593217160225, 0.1063817914430634, 0.12453204189028828, 0.10126551044385534, 0.1034453366644905, 0.10316367957136716], [0.11636749464542075, 0.12240514622205807, 0.10332573359923902, 0.11840712395113538, 0.10646699794386418, 0.12459006079595257, 0.10148958022153484, 0.1036123189782647, 0.1033355436425305], [0.11578093241057916, 0.12199754796058013, 0.10383902796593437, 0.11793376555068798, 0.10669409440960968, 0.12407800206445446, 0.10197832115934749, 0.10398174042842925, 0.10371656805037748], [0.11597533992797114, 0.12217645916611615, 0.10359831066377291, 0.11809233903061692, 0.10656549131016756, 0.12450648527925774, 0.10174911706273033, 0.10380350447216889, 0.10353295308719834], [0.11614797795876956, 0.12228197243683016, 0.10341664441005728, 0.11821978487412758, 0.10647510699955855, 0.12479022049776407, 0.10158428972755543, 0.10367939735174282, 0.10340460574359453], [0.11629745560333316, 0.12231870900441215, 0.1033307012858735, 0.1183108297441033, 0.10644952879265819, 0.12473815253232257, 0.10152929567618565, 0.10365150519237806, 0.10337382216873359], [0.11550511504356308, 0.12160575062883278, 0.1041714711459645, 0.11764604679714098, 0.10686918801730248, 0.12355815991659082, 0.10234310483426964, 0.10427997231503634, 0.10402119130129936], [0.11583700283686192, 0.1219450893858703, 0.10375846941441318, 0.11790471632688411, 0.1066448508952396, 0.12419371120421242, 0.10197504877569666, 0.10400522213225638, 0.10373588902856541], [0.11553747618682907, 0.12159592664822401, 0.10413969471194166, 0.11764031009184227, 0.10685081882945074, 0.1235522909227873, 0.10234849642075704, 0.10429785469647208, 0.10403713149169583], [0.11648141890723539, 0.12226597380765489, 0.1032401416635881, 0.11832074385766612, 0.10642424831826149, 0.12451989359857016, 0.10156644916029427, 0.1037325078629377, 0.1034486228237919], [0.11619907511321191, 0.12212312775762511, 0.10332140853181172, 0.11812817687208867, 0.10641061093410736, 0.125, 0.10161281782095137, 0.10374271450707392, 0.1034620684631299], [0.11590478175582947, 0.1219351608406531, 0.10366981388644265, 0.11791010188370367, 0.10659397655949018, 0.12433259295045465, 0.1019385024983047, 0.10399396752375037, 0.10372110210137102], [0.11690486211686224, 0.12292366818742641, 0.10276379900339944, 0.11854002575322813, 0.10617785761617457, 0.12499999999999997, 0.10115015489140057, 0.10341686889210107, 0.10312276353940744], [0.11634296915380224, 0.12211896294751903, 0.10327879368186785, 0.11819222639463367, 0.10641484155605434, 0.1247643218638, 0.10162142542203159, 0.10377496358870417, 0.10349149539158714], [0.11670968604165885, 0.12256410492151222, 0.1030159786306339, 0.11838682011979455, 0.10631268681021451, 0.1245586756107515, 0.10143104583621201, 0.10365595919794504, 0.1033650428312776], [0.11651604171602634, 0.1222623898919591, 0.1032022224501386, 0.11826775754890659, 0.10640112072949516, 0.12446521765458164, 0.10160120810801168, 0.10378553307242941, 0.10349850882845132], [0.11578856253968955, 0.12168962045893017, 0.10381434224869647, 0.11772218664649006, 0.10666726822909242, 0.12400573633778983, 0.10216980339821495, 0.10420753566059178, 0.10393494448050476], [0.11632684398977668, 0.12202453279399317, 0.10325282016862339, 0.11798377443112346, 0.10638176423280993, 0.12461803857773203, 0.10177884573547166, 0.10396167394300745, 0.10367170612746246], [0.11550818061124787, 0.12149876567203549, 0.10411706610669635, 0.11739645537625339, 0.10681683036925214, 0.12332487304719758, 0.10254828184831002, 0.10452874447024658, 0.10426080249876057], [0.11705661136173824, 0.12281333033972641, 0.10259775586929212, 0.11832577082328143, 0.10607648122702758, 0.12486535068568315, 0.10129386333274011, 0.103639143839084, 0.10333169252142693], [0.11711941549687295, 0.12287348667419272, 0.10256846211966059, 0.11835840539767656, 0.10607053082633015, 0.12476963680630467, 0.10127941518356, 0.10363453455889571, 0.10332611293650645], [0.11562470714936687, 0.12150294500277474, 0.10398291288331177, 0.11746042665302772, 0.10674537360039169, 0.12355356778164056, 0.10245676349011566, 0.1044728778093627, 0.10420042563000828], [0.11687012349108197, 0.12257960473593787, 0.10277594367292413, 0.11821385504964949, 0.10616190194908821, 0.12475659265728287, 0.10144461375673149, 0.10375048221513962, 0.10344688247216412], [0.11656145933353534, 0.12222022706477104, 0.10312345641517423, 0.11805523328802484, 0.10634270119116013, 0.12428140694246849, 0.10174925129081447, 0.10398115654310779, 0.10368510793094367], [0.11698615334203483, 0.12269887927027948, 0.10261454286220156, 0.11824468666502082, 0.10606890734810458, 0.125, 0.10133639976279411, 0.10367924690636242, 0.1033711838432022], [0.11597568650538614, 0.1218596483882612, 0.10353430405232827, 0.11768506291327, 0.10649864754858535, 0.12425056955266282, 0.10208038940264963, 0.10420011599317804, 0.10391557564367855], [0.11569453704247246, 0.12153620495370726, 0.10389141056744869, 0.11748209227536757, 0.10669361511345456, 0.12367875166728966, 0.10240572431943863, 0.1044467286876675, 0.10417093537315361], [0.11647190557770276, 0.12233389347900289, 0.1031054318482024, 0.11789902670987648, 0.10630161121813915, 0.12427034523507498, 0.10181204026801402, 0.10405229859722685, 0.10375344706676029], [0.11655446074089824, 0.12239730084410154, 0.10306123001070953, 0.1179242397318198, 0.10628894119590102, 0.12415805289581366, 0.10180087163462301, 0.10405789664683737, 0.10375700629929584], [0.11680463301403841, 0.12251029453592267, 0.10278978532478304, 0.11800831072993039, 0.10614760366829258, 0.12455933647751179, 0.10161383379298074, 0.1039374118224565, 0.1036287906340839], [0.1163486119458636, 0.12234197436262163, 0.10314526029988787, 0.1177766420149597, 0.10629762509161547, 0.12428996219662543, 0.1018795201630064, 0.10410958559390249, 0.10381081833151742], [0.11693910871632739, 0.12256200664370637, 0.10265701198542163, 0.11807176814412333, 0.10608180662899283, 0.12473427017805927, 0.10151824404192314, 0.10387397081765568, 0.10356181284379035], [0.11624105028533636, 0.12229254251914277, 0.10320994301404456, 0.11769754951864093, 0.10631781016042813, 0.12428604256665815, 0.10194220848150698, 0.10415505729888368, 0.10385779615535821], [0.11577732237991874, 0.12180359432507024, 0.1037034691227868, 0.11741002220500082, 0.10656906312703905, 0.12375048454080913, 0.10235997926901487, 0.10445511037770468, 0.10417095465265563], [0.11682345541957329, 0.12257643245675755, 0.10274465660733495, 0.11797699382671903, 0.10611671992300795, 0.12455594953211761, 0.10161369699980946, 0.10395150144838845, 0.10364059378629172], [0.1161431032319194, 0.12223464176510031, 0.10328359293598126, 0.11762354354998929, 0.10634727633602227, 0.12422758352327161, 0.10201526827369403, 0.10421030954487497, 0.10391468083914707], [0.11609934032884067, 0.12221796943510527, 0.10331648982418727, 0.11757949083514918, 0.10636006909566842, 0.12417021229323806, 0.1020582094200284, 0.10424671991032614, 0.10395149885745664], [0.1160204081548519, 0.12214222438009109, 0.10339487105795185, 0.11752883740525946, 0.10639852635392029, 0.1240893002758129, 0.10212648711241017, 0.10429627425344128, 0.10400307100626106], [0.11585660892416508, 0.12197165866562362, 0.10357473172065565, 0.1174087626103674, 0.10649091268587411, 0.12383665250717664, 0.10229683756862452, 0.10442640142770897, 0.10413743388980384], [0.11644975498687575, 0.12256107419131144, 0.10300867006590396, 0.11771621112670833, 0.10621686502291319, 0.12420411650559009, 0.10186645679804075, 0.10414115928775936, 0.10383569201489712], [0.11621045989441903, 0.1223831483888619, 0.10319833724316055, 0.11759450733430785, 0.10629814980206197, 0.12414881556423565, 0.10200656185651823, 0.10422994072257585, 0.103930079193859], [0.11579179990861846, 0.1219204162853496, 0.10364073582009446, 0.1173374505185812, 0.10652287588505709, 0.12369554874638819, 0.10238150486778987, 0.10449886174862257, 0.10421080621949845], [0.116577299100269, 0.12267757790111773, 0.10287648773194812, 0.11773799378310379, 0.10614885972273742, 0.12428832949800582, 0.10179390722407172, 0.10410476115984175, 0.10379478387890459], [0.11627316567723257, 0.1224818391873304, 0.10313604001763405, 0.11759407848497823, 0.10626623868443728, 0.12409686709468618, 0.10198916973948582, 0.10423261475039972, 0.10392998636381577], [0.11614905265216834, 0.12242462067053549, 0.10321766445653979, 0.11748629098056979, 0.10629444994895734, 0.12402380144020975, 0.10208529671355783, 0.10431003990570276, 0.10400878323175893], [0.11602077146384367, 0.12232028793319132, 0.10331171013153743, 0.11739023791005292, 0.10633153611267519, 0.12399069682175304, 0.10217719172093648, 0.1043782940087824, 0.1040792738972276], [0.11625414480945694, 0.12270133753256596, 0.10298240929171483, 0.11741199508752027, 0.10614054982688793, 0.12428323415446933, 0.10198801223783423, 0.10427427153183155, 0.10396404552771897], [0.11579265323793496, 0.12216761184099381, 0.10345452742753153, 0.1171423269853483, 0.10637726444043781, 0.12385863800178289, 0.10238701707614607, 0.10455875065566632, 0.10426121033415832], [0.11586289011220202, 0.12237405738514358, 0.1032788462002917, 0.1171029616997787, 0.10626094931873417, 0.12408695572254905, 0.10230178123366815, 0.10451775669352877, 0.1042138016341039], [0.1168493400811878, 0.12326267683688331, 0.10225880659830347, 0.11752342474128703, 0.10574185319053567, 0.125, 0.10158203912367011, 0.10405807773363734, 0.10372378169449527], [0.11591623325587908, 0.12248839284692148, 0.10318087264660725, 0.117103531811914, 0.10620011838660186, 0.12421353728478783, 0.1022415551756673, 0.10448146815697644, 0.10417429043464457], [0.11677616704306239, 0.1234428514773846, 0.10225136433148391, 0.1173768851408912, 0.10571481020218175, 0.12479026479944419, 0.10167017579349089, 0.104157533344685, 0.10381994786737607], [0.11580445080585808, 0.12243038544403372, 0.1032365474911309, 0.11695292677826748, 0.10621148813707916, 0.12412204149376871, 0.10236186945179966, 0.10459399990349243, 0.10428629049456986], [0.1164486830824653, 0.1233204658309412, 0.10242638996558612, 0.1172059381398224, 0.10576341336697682, 0.125, 0.10176937857642777, 0.10419859523786013, 0.1038671357999203], [0.11618516200965721, 0.12304337454708181, 0.10273249447430838, 0.11707890124671547, 0.10592743931037593, 0.1246480905619373, 0.10199888194010139, 0.10435426999655992, 0.1040313859132626], [0.11641906696821559, 0.12335135707587944, 0.1024368008818331, 0.11715738635377448, 0.1057629746716827, 0.12492142385767388, 0.10180772905777874, 0.10423770281973974, 0.10390555831342228], [0.11580480418638901, 0.12252822371463293, 0.10315702456565866, 0.11687234435060226, 0.1061500520435824, 0.12420608183095558, 0.10236095570375174, 0.1046160923839761, 0.10430442122045133], [0.11602070341824151, 0.12307756238377059, 0.10269289148977975, 0.11681879552218079, 0.10585241166150303, 0.12484263535377185, 0.10209497491889587, 0.10446370079674093, 0.10413632445511588], [0.11607384971192956, 0.12320930184328377, 0.10257791557992538, 0.11681440149156798, 0.10577863992581313, 0.12500000000000003, 0.10202802442736207, 0.10442452467018841, 0.10409334234992985], [0.11586031732936213, 0.12283015022352038, 0.10291501048425121, 0.1167229622341824, 0.10597881832065954, 0.12446435010179743, 0.10230236795300694, 0.10462412440447211, 0.10430189894874783], [0.12347616620616803, 0.09973026617276579, 0.11043430716928196, 0.10200937616707015, 0.11518581628490736, 0.09064269327683383, 0.12405281036853714, 0.11406284289604655, 0.12040572145838921], [0.1229108113538638, 0.10044363939847295, 0.109911946227733, 0.10259203489568051, 0.1152014830062701, 0.0909595283697353, 0.125, 0.11461813834567931, 0.11836241840256505], [0.12337433385905518, 0.09996335553984974, 0.11007135629192849, 0.10217481256087893, 0.11515278175833384, 0.09061492959423369, 0.125, 0.11433967437356996, 0.11930875602215017], [0.12339661485983887, 0.09977398530915356, 0.11040367666597788, 0.10200403828251146, 0.11512800289437171, 0.09070611649539376, 0.12402057338781547, 0.11413182602043628, 0.120435166084501], [0.12335016928045602, 0.09981348108807034, 0.11035678986477285, 0.10200727988822371, 0.1150887642996247, 0.09074849021354456, 0.12403350846454872, 0.11419163541585381, 0.1204098814849053], [0.12317493705038357, 0.09980120008368545, 0.11053759833979152, 0.1019623313915256, 0.1150262172210378, 0.0908502203008442, 0.12368238428882458, 0.11416628827339993, 0.12079882305050745], [0.12303680108618491, 0.10035596947444037, 0.10988364818148202, 0.10236731378966303, 0.11500565915552427, 0.09101836854333223, 0.12461197028474795, 0.11473774549981422, 0.11898252398481102], [0.12250145449939492, 0.100877362663784, 0.10972839206436392, 0.10277428685964367, 0.11498032649073536, 0.09141932642134773, 0.1245810391633859, 0.11507434527868678, 0.11806346655865774], [0.12296215001589461, 0.10005747654968118, 0.11020742387169055, 0.10200698527879615, 0.11481369111181511, 0.09109640713654443, 0.1237996107659341, 0.11454293450558511, 0.12051332076405877], [0.12289857826868616, 0.1002648968547334, 0.1099038489934927, 0.10209921853554106, 0.11472738553313021, 0.09119520312412008, 0.12412367924036069, 0.11482748485533383, 0.11995970459460188], [0.12277363991108048, 0.10034699496209884, 0.109861091850213, 0.10210122096825085, 0.11464105924521568, 0.0913302219338019, 0.12396797683571233, 0.11493698083429578, 0.12004081345933111], [0.12239064762601977, 0.09951597143280985, 0.11059295313515576, 0.10141400696706103, 0.11519418043222121, 0.09082985009152589, 0.12407988547553811, 0.11411646540722267, 0.12186603943244585], [0.12247943735255214, 0.10086019095005916, 0.10950593809553572, 0.10244782801943195, 0.11457504489551693, 0.09162639172682033, 0.1240754381385782, 0.11543119457004948, 0.11899853625145625], [0.1216465936270778, 0.10126821402451645, 0.10901699772727298, 0.10265136948653086, 0.11427607051604487, 0.09170453730272392, 0.12500000000000003, 0.11583840051851779, 0.11859781679731544], [0.12224467428315978, 0.1010313226909342, 0.10931856665062915, 0.10249646268420322, 0.11444051895095092, 0.09175879559294063, 0.12401323660698303, 0.11565348521921648, 0.1190429373209826], [0.1224892676701455, 0.10039904225885551, 0.1100182443155347, 0.10204340654388946, 0.11448725119776582, 0.09157429193421117, 0.12343638376081605, 0.11499131841137053, 0.12056079390741119], [0.12215022085292779, 0.09968070550076902, 0.11037540168921714, 0.10141830170044004, 0.11495867613178111, 0.09101043506007135, 0.1243177574143917, 0.11437231465093645, 0.12171618699946529], [0.12245502429884295, 0.10046187677949758, 0.10993827274954328, 0.10206376894454601, 0.11445140623796819, 0.09162735805045107, 0.12346012129104482, 0.11507754715797901, 0.12046462449012722], [0.12214850416542002, 0.10107131113614631, 0.10924098126431601, 0.10242647293219784, 0.11430183728769949, 0.0918628241397391, 0.12382483767566876, 0.11579209143091675, 0.1193311399678957], [0.12191893993115496, 0.10118997103614606, 0.10905758136237115, 0.10248645092591906, 0.11421663086465152, 0.09185359600288827, 0.12424435760941674, 0.11592713391526344, 0.11910533835218881], [0.1219171457731852, 0.09970831550258265, 0.11026411744062194, 0.10132368287890324, 0.11484940626826041, 0.09108977107226873, 0.12458977478596514, 0.11447386040675096, 0.12178392587146177], [0.12195905390224449, 0.10023357803681976, 0.10995411784818779, 0.10170739279532949, 0.11444603608042965, 0.09153049463803047, 0.12412848773814325, 0.11500669552765631, 0.12103414343315891], [0.12203615421929531, 0.10103642228790584, 0.10917889113056732, 0.10226841499188304, 0.11411546827449078, 0.09194780758375108, 0.12374077744149864, 0.11589412839970081, 0.11978193567090734], [0.12208281734898879, 0.1009556158754777, 0.10925564800883943, 0.10221294670837264, 0.11412731879644386, 0.09192400360168218, 0.12376008433927496, 0.1158081286163947, 0.11987343670452587], [0.12201955211841119, 0.10051044277356376, 0.10979744690655649, 0.10190126278252294, 0.11423614941158941, 0.09177785272295824, 0.1238065641485784, 0.11527526942760487, 0.1206754597082147], [0.12160690337672553, 0.1013661211439301, 0.10881048558713861, 0.10245249999438537, 0.11395603215173049, 0.09202801294225077, 0.12419454365461932, 0.11625014034028561, 0.11933526080893431], [0.12171993947320671, 0.09968917155407721, 0.11026917970050357, 0.1012255278078909, 0.11483967913160431, 0.0911466748772965, 0.12468123168839261, 0.11447641952205187, 0.12195217624497633], [0.12206334807528087, 0.10083301575839068, 0.10944423384104841, 0.10211406111067842, 0.11411777326691422, 0.09198577089179055, 0.12365706519713197, 0.11563817451194995, 0.12014655734681495], [0.12117879976747319, 0.1016125716349249, 0.10856597587273656, 0.10254523465676862, 0.11375339707197091, 0.0921407114073525, 0.12433612035284718, 0.11652161515137645, 0.11934557408454957], [0.121711015659658, 0.10130178813724684, 0.10886291289473457, 0.10236499212542567, 0.11393585698242438, 0.09209577466923426, 0.12379347646832593, 0.11623741417599558, 0.11969676888695466], [0.12195554206940089, 0.10095390119802457, 0.10916024931190736, 0.10213239618515536, 0.11400091823136566, 0.09195087179601708, 0.1238989169711368, 0.11588779677532848, 0.12005940746166381], [0.12163033528029903, 0.09981901638035008, 0.11009117631776304, 0.1012679902141885, 0.11465748718890575, 0.09125221528887686, 0.12488576070362482, 0.11466944910434865, 0.12172656952164326], [0.121974894330482, 0.10086376670894935, 0.10932912672096323, 0.10208192488655009, 0.11402917836897311, 0.09199391604541651, 0.12377144289194278, 0.11573645601315403, 0.12021929403356904], [0.12115139853549595, 0.10163250204074505, 0.10852212580940168, 0.1025143634046467, 0.11369527848700293, 0.09218835107476722, 0.12424175170097726, 0.11659422749503014, 0.11946000145193292], [0.12176891962218021, 0.10111482588579301, 0.1089212802123055, 0.10217643533799624, 0.1138732914039726, 0.09201276896518439, 0.12398478652270155, 0.11613461799282616, 0.12001307405704022], [0.12153635728370797, 0.099893143086209, 0.1099955981197227, 0.10127594897991561, 0.11455512248246433, 0.09133109671342854, 0.125, 0.11477967139264024, 0.12163306194191163], [0.1214454705342924, 0.10001037288545235, 0.10993065044233853, 0.1013241805658831, 0.11447476913324073, 0.09147097822816011, 0.12488700829233759, 0.11490506718044018, 0.12155150273785499], [0.12171187156181332, 0.10095142146981995, 0.10901655997276823, 0.10199052775444148, 0.11377630947957122, 0.09202805057517527, 0.12408535850895723, 0.1160101693183925, 0.12042973135906082], [0.12153782459267372, 0.10121045954826616, 0.10869733591288441, 0.1021261884073441, 0.11367712057841896, 0.09208537958498283, 0.12414256393422916, 0.11635659932763394, 0.1201665281135667], [0.12072743805014738, 0.10193727744155313, 0.10825298583524617, 0.10257379470756048, 0.11341353979433748, 0.09246413544408609, 0.12393684642362793, 0.11699112939325586, 0.11970285291018562], [0.12137521218805518, 0.10027357055995854, 0.10978652238800486, 0.10149466258199344, 0.11429822945202091, 0.09171933621709988, 0.12461705710272568, 0.11517817698314556, 0.12125723252699595], [0.12161517837275888, 0.10100105391527643, 0.1088757590195184, 0.10197055518739835, 0.1136839900781936, 0.09203189484661801, 0.12422464251543723, 0.1161359811721707, 0.12046094489262842], [0.12096211939219713, 0.10176065778551971, 0.10833724715416418, 0.10244349214666965, 0.11346635969082522, 0.09239013077294761, 0.12390924419118486, 0.11688815199716948, 0.11984259686932214], [0.12072082865489896, 0.1022560278630028, 0.10799904188570339, 0.10273112416243299, 0.1131904167609052, 0.09263041094834533, 0.12369272604502707, 0.11723592472450266, 0.11954349895518177], [0.1215409383642731, 0.10107308158184042, 0.10874710526197802, 0.1019879069919018, 0.11362402133608275, 0.09203933873796366, 0.12431177761775684, 0.11626202395667548, 0.12041380615152793], [0.1214648242704375, 0.10068888173953697, 0.10950865802328763, 0.10176828517206628, 0.11394915983693658, 0.09206678295512516, 0.12402911726038476, 0.11562983542097836, 0.12089445532124668], [0.12055346127435825, 0.10219393292657535, 0.10791190834747057, 0.10259838658643493, 0.1130911591288979, 0.09261130027370289, 0.12393546353601013, 0.11733210215309532, 0.11977228577345451], [0.12049106956567021, 0.1020282143273785, 0.10802545441433259, 0.10249668547056431, 0.1131816943069052, 0.09254014595392471, 0.12409125538964665, 0.11723048876027095, 0.11991499181130687], [0.12108876639384218, 0.10006156812149765, 0.1099114999008138, 0.1012120944541895, 0.11441469300595138, 0.09165876511773201, 0.125, 0.11495757460873654, 0.12169503839723696], [0.1211481908506091, 0.10042856056766654, 0.10969864328824169, 0.10150486838114826, 0.11419130410820723, 0.09195002890131045, 0.12450019097416648, 0.11534553791724625, 0.12123267501140389], [0.12078165624505356, 0.10179104398319107, 0.1081326912752453, 0.10231324315247461, 0.11324234155946715, 0.09244817830461147, 0.12405985954811838, 0.11709557812931087, 0.12013540780252745], [0.12128606434350833, 0.10110103488382992, 0.10854005188375401, 0.1018540946062634, 0.11338227567846923, 0.09209770710659855, 0.12456465787503988, 0.1164361214543551, 0.1207379921681817], [0.12112563942583969, 0.1006123448292928, 0.10950772141087337, 0.10159255505778254, 0.11397343724457926, 0.09209087604148063, 0.12425543217215368, 0.11559219210668414, 0.12124980171131391], [0.121172276024607, 0.10123685797181203, 0.10836917301229311, 0.10190845715482429, 0.11330665119419865, 0.09214551739829054, 0.12458958477718145, 0.11663140649696219, 0.12064007596983062], [0.12052007282942861, 0.10191887604390691, 0.10794253577375619, 0.10232072634118247, 0.11307581797956114, 0.09249519267900701, 0.1242660559595485, 0.11728550765125882, 0.12017521474235036], [0.12108090860278124, 0.1012178483849134, 0.10829761243507074, 0.1018306743334909, 0.11320779301290058, 0.09214918426913266, 0.12474168212170955, 0.11667574405724394, 0.12079855278275708], [0.12115183855621058, 0.10110775230760573, 0.10848845203203987, 0.10178306327541306, 0.11326603571998908, 0.09216989934980468, 0.12456367675446206, 0.11648630729461837, 0.12098297470985657], [0.12019059932346512, 0.1021248705492545, 0.10769856732567319, 0.1023531642734588, 0.11284979507535656, 0.09261230949369455, 0.12439296232951598, 0.11755301628191704, 0.12022471534766416], [0.12118762495460612, 0.10105558776224631, 0.10882112277777481, 0.10180515056977936, 0.1133609478425527, 0.09229892298329498, 0.1240683762392655, 0.1162690510517983, 0.12113321581868182], [0.12018673678414304, 0.10224128637699141, 0.10759977382161412, 0.1024015002511152, 0.11276163125396724, 0.09267586365182509, 0.12429506429519768, 0.11765908007625034, 0.12017906348889587], [0.12087374491881347, 0.10059222465311976, 0.10945362465839883, 0.10148166280757652, 0.11392782011923897, 0.09213212064412211, 0.12443658476034729, 0.11560604364201238, 0.12149617379637065], [0.12077666775600072, 0.10166687486258139, 0.10804519534539654, 0.10208431073196947, 0.1130826000216581, 0.09247945270663535, 0.12415659526962917, 0.11714197073530767, 0.1205663325708216], [0.1206920798178181, 0.10177337341530296, 0.10800489242028162, 0.1021513394900176, 0.11305589724086967, 0.09254653560401113, 0.1240172097778604, 0.11724081490063995, 0.12051785733319867], [0.12072753931551682, 0.10173653824525715, 0.10802540156421513, 0.10212766872687767, 0.11306736235253885, 0.09253275742414574, 0.12404789315233603, 0.11720535571665554, 0.12052948350245707], [0.12100574948488603, 0.1011296840259764, 0.10864087184832864, 0.10175511073747316, 0.11319862005019496, 0.09237189755050476, 0.12413480369931551, 0.11643591413307092, 0.12132734847024974], [0.12086383247871402, 0.10123495126457935, 0.10811312280150256, 0.10170915912862441, 0.1129978638892613, 0.09218761170835234, 0.12499999999999999, 0.11682186173953382, 0.1210715969894321], [0.12087879136230381, 0.10121731854148101, 0.1082032204428619, 0.1017059648769777, 0.11301906394666797, 0.09224410377748717, 0.12477793217956577, 0.11675827910791102, 0.12119532576474353], [0.120620157293738, 0.10042687463106971, 0.10948616108833212, 0.10124368877515655, 0.11394769429186631, 0.09206801329015553, 0.12499999999999999, 0.11545576971704746, 0.12175164091263423], [0.12046786719421007, 0.10165895648117415, 0.10777157153248697, 0.10184465383137771, 0.1127369087413663, 0.09256513418331265, 0.12441576837874606, 0.11736314807149069, 0.12117599158583542], [0.1197982584725712, 0.1021194933620946, 0.1072407023515079, 0.10200992575846035, 0.1123644439242363, 0.09264492453955797, 0.12499999999999999, 0.11796970973724459, 0.12085254185432696], [0.12059646699836493, 0.1013715617400438, 0.10800542989293031, 0.10166875412535302, 0.11279250492660159, 0.0924435592741227, 0.12458162019189842, 0.11701284599144442, 0.12152725685924079], [0.12046151308245244, 0.10157321960567983, 0.10778945907424933, 0.10175686842288548, 0.11270052597429257, 0.09252915549673645, 0.12453363620507649, 0.11730062001491588, 0.12135500212371154], [0.12039555791447451, 0.10063167852031703, 0.10924738925222006, 0.1012783889311545, 0.11369090201913995, 0.0922804236123287, 0.12470427959636575, 0.11573693945878218, 0.12203444069521732], [0.12003504374197849, 0.10201828346302803, 0.10742528561472531, 0.10195757760745512, 0.11246960863134374, 0.09274441363053329, 0.12437953151182553, 0.11785415293090291, 0.12111610286820773], [0.11995431400098547, 0.10205468525171868, 0.10735700546761992, 0.10194230386006323, 0.11240233117117962, 0.092770539088627, 0.12441288670158418, 0.11793035292518049, 0.12117558153304153], [0.12013374868901247, 0.10195347974823062, 0.1075366286266694, 0.10190328580823513, 0.11250158349617781, 0.09285666642430947, 0.12403628058206813, 0.117761269734397, 0.12131705689089983], [0.12040628092004198, 0.10144877515082215, 0.10801780527883849, 0.10164614040732754, 0.11267402007490143, 0.09267387179442826, 0.12414662508947162, 0.117056067643125, 0.12193041364104353], [0.12037068016727785, 0.10148772611231387, 0.10791670890598865, 0.1016435451274707, 0.1126275774922227, 0.09265618530026148, 0.12425199819085458, 0.11715914370085054, 0.12188643500275963], [0.11973185819020711, 0.10216963368411788, 0.1071800828956165, 0.10189467259122505, 0.11220602204142992, 0.092903940526682, 0.12432593132023942, 0.11815954911588085, 0.12142830963460143], [0.1202821726402381, 0.10121655098621758, 0.10841923883996471, 0.10148572145919507, 0.11282121614798413, 0.09265933713218001, 0.12423753749401992, 0.11666676134564985, 0.12221146395455061], [0.12014565645207738, 0.10163265961113144, 0.10764641916830904, 0.10161805774016457, 0.11242586816726882, 0.09273804588809646, 0.12436749249706781, 0.11745339733107854, 0.12197240314480605], [0.11995947997925067, 0.10200601061461513, 0.10740216130722588, 0.10183072864896682, 0.11233763994008131, 0.09295662953614915, 0.12401483462975002, 0.11790240297087065, 0.12159011237309023], [0.11948662241456601, 0.10229562012723169, 0.10698482422068105, 0.10184612050394953, 0.11199372927810518, 0.09304136485742179, 0.12425901836821276, 0.11840805106856772, 0.12168464916126415], [0.12009863780908549, 0.10137558025624532, 0.10818338482152075, 0.10148819512837796, 0.11256647156926049, 0.09280963119522918, 0.12417133828229597, 0.11692039566181475, 0.12238636527617021], [0.11991833282535563, 0.10130320557645937, 0.10815412511800358, 0.10135965260201134, 0.11255095696460403, 0.09278912126082274, 0.12442766230490161, 0.11687278127269217, 0.12262416207514938], [0.11981900288836422, 0.10099763659559553, 0.1083869857614206, 0.10115550525597768, 0.11282362695543856, 0.09257758182593831, 0.12499999999999999, 0.11647748362348255, 0.12276217709378247], [0.11885497506462193, 0.10256577067231408, 0.10643873745041849, 0.10176550605271661, 0.11150022854420562, 0.09312420029659894, 0.125, 0.11895431404315053, 0.12179626787597378], [0.11984535444997443, 0.1014122179431372, 0.10803890696708394, 0.10139041449623865, 0.11242130073096948, 0.09289165100770837, 0.12430328224073081, 0.11702152191216357, 0.12267535025199364], [0.11950101012736507, 0.10208782503927419, 0.1070148338723802, 0.10160914067133117, 0.11190405597629276, 0.09310475254942598, 0.12439339592248676, 0.11822938242812496, 0.12215560341331892], [0.11972457455917314, 0.10136061135774536, 0.1080319153539983, 0.10130622579628897, 0.11242235533413864, 0.09288061989401025, 0.12444555657896113, 0.11697397003191166, 0.12285417109377256], [0.11900417424522437, 0.10248544200173136, 0.10657460122953394, 0.10169747207090489, 0.11155620117337456, 0.09324687727567822, 0.12438167579818223, 0.1188673612455631, 0.12218619495980733], [0.11953840221142775, 0.10176825486405339, 0.10710147626403739, 0.10136777155518481, 0.1118724378821912, 0.09289003995323884, 0.125, 0.11790045732427348, 0.1225611599455931], [0.11965782765171527, 0.10167786431574738, 0.10747583739136822, 0.10141483193345281, 0.11204130939939068, 0.09300381821888544, 0.12437712943074086, 0.117552522114256, 0.12279885954444332], [0.119591283714947, 0.10140849858446867, 0.1079554708007921, 0.10127802813431472, 0.11233933210144444, 0.09295701232097868, 0.12441090300827022, 0.11704259758171146, 0.12301687375307276], [0.11954311886932764, 0.1013719655610576, 0.10797918517508966, 0.10123989391800318, 0.11236707923162602, 0.0929461298702161, 0.12446657093869595, 0.11699106726657237, 0.12309498916941139], [0.11951711477342548, 0.10169048924958995, 0.10768818611365458, 0.10140662840393741, 0.11203524936636469, 0.09318476175417797, 0.12398378777267635, 0.11742420463627502, 0.12306957792989855], [0.1194429256564046, 0.10137805280879057, 0.10796781018061594, 0.10120849948335421, 0.11235284418760064, 0.09299003757279305, 0.12444288428352024, 0.11698545807800508, 0.12323148774891579], [0.11936126130627123, 0.10182893759329151, 0.10717670646668498, 0.10135702289845565, 0.11178301168736093, 0.09315236818847808, 0.12442433509944119, 0.11784162253957958, 0.12307473422043697], [0.11934325577846956, 0.10145780531755125, 0.10788452359901333, 0.10121452171267374, 0.11225794181091535, 0.0930866260269719, 0.12432163367620187, 0.11708445349514289, 0.12334923858306], [0.11899352313253447, 0.102428551872943, 0.10663480194544143, 0.10159331325116625, 0.1115027257742515, 0.09344365479563814, 0.12401278663988895, 0.11877966632482723, 0.12261097626330918], [0.11929417524922512, 0.10187058295820549, 0.10710440723614956, 0.10134743383049513, 0.11172280070735292, 0.09318516698347526, 0.12443423660067862, 0.11792267294876135, 0.12311852348565668], [0.1187576275918436, 0.10260701999937945, 0.10641685262066619, 0.10165075501323645, 0.11132609552196264, 0.0935062537440442, 0.12396421619542915, 0.11909316764723668, 0.12267801166620163], [0.11904592290592518, 0.10225813715810614, 0.10669885983137499, 0.10147902136419798, 0.11151620224263255, 0.0933803270758087, 0.12434668909828554, 0.11855798651379525, 0.12271685380987392], [0.11872112438432356, 0.10262769152163592, 0.10641211670911169, 0.10164476691067151, 0.11129311541636273, 0.09358582533617175, 0.12379905307921682, 0.11911019174238358, 0.12280611490012247], [0.11914403663155015, 0.10191700572757358, 0.10723448433395581, 0.10134752448736835, 0.1116573228827936, 0.09338777971190744, 0.12400353397156515, 0.11784689737103025, 0.12346141488225554], [0.11897692807571236, 0.102187623156375, 0.10671394133529331, 0.101389488056986, 0.11145052185099664, 0.0933997606380316, 0.1243608867371684, 0.11846416358799365, 0.12305668656144303], [0.11873314722996328, 0.10257476758195987, 0.10644466143342719, 0.10158444431232722, 0.11128941064379201, 0.09361681452602182, 0.12382565609189897, 0.11902702400286984, 0.12290407417773982], [0.11900209951522686, 0.10203022835599962, 0.10697259168314795, 0.10133122062759889, 0.11151486826507187, 0.09344778913385803, 0.12408749780532591, 0.11808761871452515, 0.12352608589924584], [0.11901699020354423, 0.10199320994680157, 0.10712026299643203, 0.10133489309743343, 0.11155310879390369, 0.09347529865140135, 0.1239438173596621, 0.1179631824559614, 0.12359923649486007], [0.11895335749288988, 0.10205719528117899, 0.1069522762762305, 0.10132868635740867, 0.11147992892339859, 0.09349081336163699, 0.12403053930876565, 0.11811543995694791, 0.12359176304154282], [0.11876582016363074, 0.10267481182626328, 0.10622948553758287, 0.10158689802939921, 0.11107509969744615, 0.09369635865500918, 0.12358259482676652, 0.11925964734798217, 0.12312928391591986], [0.11894946991288674, 0.10199187922478196, 0.10730648359063802, 0.10134646822841892, 0.11161139351573972, 0.09359771078868152, 0.12362717820366795, 0.11782091948264242, 0.12374849705254287], [0.11871269444039664, 0.10231219255492643, 0.10661138172136463, 0.1013576291250686, 0.11125976188144229, 0.09364828024803849, 0.12402029966797262, 0.1185773670149742, 0.12350039334581608], [0.12363753033075241, 0.11026120590367057, 0.1072002458658065, 0.11090413237713162, 0.11349527067420401, 0.0994794329278877, 0.1116758057395385, 0.11152959449746092, 0.11181678168354767], [0.12372511640293453, 0.11034001013958221, 0.10713085806227766, 0.11094890466745085, 0.1134315479379847, 0.09954865984996103, 0.11159155338748279, 0.11150169208696148, 0.11178165746536461], [0.12303022536834514, 0.10966446396704549, 0.10739572492364936, 0.11027271245720373, 0.11361809108850672, 0.09890314033474526, 0.112503332008068, 0.11214109705227986, 0.11247121280015644], [0.12294005100055391, 0.1091355578123184, 0.10758475191738637, 0.10978411187639608, 0.1137375613016122, 0.09837677533163798, 0.11309800054202908, 0.11248595583140941, 0.11285723438665658], [0.12420421756951504, 0.11079362893599322, 0.10658659488438493, 0.11105402750573543, 0.1129071485819426, 0.09992696061273766, 0.11120840170201161, 0.1115436715973472, 0.11177534861033235], [0.12500000000000003, 0.11151587866858294, 0.10616303454472298, 0.11162094409932496, 0.11251915936497908, 0.10061069178617126, 0.11035656184939906, 0.1110178008305494, 0.11119592885627047], [0.12337807200581956, 0.11011070220585246, 0.10684857240273916, 0.1103727322724168, 0.1130999442710824, 0.09927938720720993, 0.11214369635217228, 0.11224350259019254, 0.11252339069251487], [0.12340330135223926, 0.11016357922960182, 0.10675527709401814, 0.11035481964218702, 0.11300591553389783, 0.09932183856810048, 0.11212225934085256, 0.11230031727682492, 0.11257269196227798], [0.12237124945243376, 0.10913802011364884, 0.1072150477356003, 0.10940532912798087, 0.1132830881478554, 0.0983726723652462, 0.11347834925734983, 0.11318988929941937, 0.11354635450046546], [0.12349239873141428, 0.11031471169673866, 0.10655838811554304, 0.11036521261668329, 0.11281166443960401, 0.09945199671117526, 0.11201835533943226, 0.1123666346364052, 0.11262063771300398], [0.1225820855793425, 0.10926741614753599, 0.10698820964605799, 0.10939918527814736, 0.1130733361065708, 0.0984679928608687, 0.11335919087742602, 0.11326248103497118, 0.11360010246907928], [0.12276275592291751, 0.1095811265010582, 0.106831598098124, 0.10965315261927179, 0.1129655978892452, 0.09876255987886541, 0.11299301492698932, 0.113070207717