[[0.11894358378688605, 0.10632624182560341, 0.10777528767203744, 0.1158355813620133, 0.10440244016384373, 0.12146841598366455, 0.10409697948714114, 0.12374452416774395, 0.09740694555106648], [0.1194312787267489, 0.1059034444993594, 0.1075845187022775, 0.1163508832773137, 0.10375581122736319, 0.12214023399676897, 0.1035913166821553, 0.1248850307125339, 0.09635748217547915], [0.11882730306887195, 0.10633415097737593, 0.10780505015252852, 0.11584909612847066, 0.1044149138046412, 0.12132823385866662, 0.10422240628693331, 0.12368318459255184, 0.09753566112995996], [0.11892747426363688, 0.10627278156364146, 0.1077849898313228, 0.11595824554027719, 0.10431253923508227, 0.12132846670349481, 0.10414114587783858, 0.12391868073874866, 0.09735567624595738], [0.11939266529251122, 0.10585789515690168, 0.1075732056519161, 0.11639555323114738, 0.10369357188428957, 0.12214408381809051, 0.10361254913763625, 0.12499999999999997, 0.09633047582750716], [0.11924187953656691, 0.10594866244131598, 0.10763082762129854, 0.11630832050331123, 0.10383058186567844, 0.12192147049405462, 0.1037863183963768, 0.12472152935254313, 0.09661040978885434], [0.1188227010730181, 0.10630668570712126, 0.10781487437662012, 0.1159255039336194, 0.1043657166534385, 0.12122221081714193, 0.1042515021217431, 0.12378242203872312, 0.09750838327857447], [0.11878749393080508, 0.10624724220329397, 0.10780194704566189, 0.11598908387732022, 0.10428222688514512, 0.12122755790074495, 0.10427896942280446, 0.12391769376254294, 0.09746778497168121], [0.11840320764283016, 0.10638383643230521, 0.1078467133485612, 0.11568361966861344, 0.10452811155314573, 0.12102573326295474, 0.10455023365872455, 0.1235818405203188, 0.09799670391254611], [0.118896766100653, 0.10607456239466477, 0.10774902055623832, 0.11622388817472418, 0.10401918256898522, 0.12150424502807329, 0.10418646408677895, 0.12420171188087525, 0.097144159209007], [0.11923024853311334, 0.10582911458481925, 0.1076735552219799, 0.11663964798495675, 0.10361786033740063, 0.12210480916655396, 0.10390682493813871, 0.12450640074719897, 0.09649153848583834], [0.11836696965436225, 0.1063559874978531, 0.10785268470306958, 0.11573626814004073, 0.10448450468129974, 0.12091595146360379, 0.10459471272237378, 0.12369603010860229, 0.09799689102879469], [0.11907437479404524, 0.10588952119108651, 0.10769579445039312, 0.11651585624849893, 0.1037251267878126, 0.12187281763562258, 0.10403590151571084, 0.12446557066073882, 0.09672503671609138], [0.11888270743524518, 0.10597359533581914, 0.1077420547430372, 0.11639098238775093, 0.10386259647236966, 0.12159815111303508, 0.10422126604127416, 0.1242975054875654, 0.09703114098390324], [0.11930514526482464, 0.1057743692205001, 0.10775031713139138, 0.11697469804714627, 0.10347733724154642, 0.1223236737517105, 0.10398668358925155, 0.12404059717230005, 0.09636717858132929], [0.11863672505040243, 0.10608855663112009, 0.1077617290971014, 0.11612125246400602, 0.10406902889637958, 0.12120072332513862, 0.10437550375903894, 0.12434439133641376, 0.09740208944039919], [0.1192011487496151, 0.10579507240511023, 0.1077453526530326, 0.11687805978995651, 0.10352827107078383, 0.12217252603998807, 0.10405022279627321, 0.12413486596038333, 0.09649448053485712], [0.11904142444088928, 0.10585062009103233, 0.1077408309395566, 0.11669084537068491, 0.10364304836398351, 0.12191907778127174, 0.10414486842559396, 0.12424756840348682, 0.09672171618350087], [0.11813476850004566, 0.10633647032428516, 0.10785576294656848, 0.11567977479883725, 0.10448086374218973, 0.12093992885152333, 0.10475655217372266, 0.12363365393730084, 0.09818222472552687], [0.11893576825585789, 0.10589377549375742, 0.1077582828688608, 0.11660642823354415, 0.10371822182069085, 0.12176318113863888, 0.10423716075855993, 0.12420132495893255, 0.09688585647115748], [0.11857910722981968, 0.10599096736996216, 0.10772504986140703, 0.11618974831127285, 0.10393849352778928, 0.12133062511807892, 0.10438501903323905, 0.12454458554572685, 0.09731640400270403], [0.1188672511081382, 0.10589653586320369, 0.10775337938304598, 0.11656015968015514, 0.10373430915130935, 0.12167365381436097, 0.10427467931192869, 0.12428993301779233, 0.09695009867006564], [0.11806004369955034, 0.10635350924269604, 0.10786523077294469, 0.1156385807468848, 0.10451264302270026, 0.12093618046615055, 0.10481328887725415, 0.12354724058877281, 0.09827328258304631], [0.11870674312199062, 0.10590650406278336, 0.10772949466619618, 0.11641405467652428, 0.10378379343209479, 0.12147439461319468, 0.10433836199312486, 0.12454847126090841, 0.09709818217318285], [0.11853240335894095, 0.1059375804057572, 0.10770154121602118, 0.11621272394390623, 0.10387059337991125, 0.12142506709824959, 0.10439288550665114, 0.12464739066426968, 0.09727981442629276], [0.11825298573164791, 0.10609053563083368, 0.1077514021770336, 0.11592812667908874, 0.10412628183320584, 0.12129797772941786, 0.10460420889774286, 0.12420746426827912, 0.0977410170527504], [0.11808782669938267, 0.10622729083853695, 0.10781148149423475, 0.11574968665295475, 0.10433527893592671, 0.12114074251170125, 0.10475881901611282, 0.12380962010867375, 0.09807925374247635], [0.118918609593601, 0.10583994092326489, 0.10780576816268009, 0.1168247549562099, 0.10360758040488056, 0.12183411759167352, 0.10433781189492204, 0.12399017973022695, 0.09684123674254101], [0.11863947860032699, 0.10584621427788835, 0.10770947426404157, 0.11645126317446568, 0.10370530389685668, 0.12160765720549137, 0.10436609124457077, 0.12460450840261775, 0.0970700089337407], [0.11816488526354957, 0.10610627024959385, 0.1077594297980262, 0.11587944805390575, 0.10415857558199676, 0.12131103264690879, 0.10466919768050283, 0.124108158422788, 0.09784300230272826], [0.11832473834332106, 0.10596434417504748, 0.10770038451918718, 0.11606971296046323, 0.10394073875347244, 0.12146198298374125, 0.10451663312950142, 0.12452308894327922, 0.09749837619198669], [0.11845206899843576, 0.10586068681718108, 0.10766643708569884, 0.11623717420637464, 0.10377495228209371, 0.12156438318073613, 0.10440982218693355, 0.12479740735645072, 0.09723706788609554], [0.11854052422794373, 0.10582035224127817, 0.10767786932733395, 0.11638005040294, 0.10369257833736108, 0.12164618621530786, 0.1043845754100608, 0.12474714391939033, 0.09711071991838408], [0.11787816572642144, 0.10630635858028634, 0.10785411517298697, 0.11561366346026966, 0.10446623552703219, 0.12108072761261002, 0.10493397574805051, 0.12348621056114527, 0.09838054761119766], [0.11813015052220066, 0.10603473848063431, 0.10773174763478342, 0.11592835719726398, 0.10406250902114039, 0.12144556964228576, 0.10467227662542597, 0.12421932893484097, 0.0977753219414244], [0.11786641811840193, 0.10627117341280083, 0.10784036013142317, 0.11563844506717301, 0.10441863296554169, 0.12114792442916938, 0.10493387622435515, 0.12353833199142876, 0.09834483765970609], [0.11854221095653153, 0.10575978866116889, 0.10770001248376747, 0.11655196533976803, 0.10358252886211791, 0.12185418132638928, 0.10443768366146491, 0.12453581270237538, 0.09703581600641661], [0.11835012419023602, 0.10575684017880303, 0.10762025828543709, 0.11627596786527143, 0.10364404357861716, 0.12175138782174398, 0.10442928594793144, 0.12499999999999997, 0.09717209213195971], [0.11813175543389816, 0.10596627392062498, 0.10770489354687925, 0.11599055392097597, 0.10396614460320411, 0.12155885413376197, 0.10465068523640107, 0.12435345829146947, 0.09767738091278519], [0.11885573549413382, 0.10576942959829214, 0.10786056532263957, 0.11708073393143635, 0.10346982694655289, 0.12203321773410404, 0.10447167259095677, 0.12365877750229093, 0.09680004087959362], [0.11840911623342251, 0.10574076446311008, 0.10765241181762943, 0.1164115353964687, 0.10359380461401242, 0.12185749775341627, 0.1044511750775681, 0.12477183036745033, 0.0971118642769222], [0.11864568335526672, 0.10574138285200288, 0.10777477821891301, 0.11682255995944905, 0.10349884472754141, 0.12199241701569592, 0.1044914403976336, 0.12409666503980084, 0.09693622843369659], [0.11848762260038607, 0.105727174569867, 0.10769785305764777, 0.11658561370672098, 0.10353762371326092, 0.12196452957432696, 0.10447836609159414, 0.12448268285265791, 0.09703853383353823], [0.11793539476252188, 0.10602753835178565, 0.10773924666098054, 0.11586994559139842, 0.10407186741726399, 0.12155698420283288, 0.10481666397072162, 0.12403486391663279, 0.09794749512586225], [0.11819345336075224, 0.10568276064416808, 0.10763967182737291, 0.11639277857887659, 0.1035341056064031, 0.12211345421944855, 0.10459040140416263, 0.12462945344194845, 0.09722392091686745], [0.11761626347975375, 0.10622044292825542, 0.107839527451614, 0.11560832663414461, 0.10436969165476337, 0.12133521531501265, 0.10512054054391114, 0.12337329868245564, 0.09851669331008946], [0.11857514913517242, 0.10555539541771393, 0.10778578917931884, 0.11719891466599332, 0.10319363803580425, 0.1224722831733734, 0.10456113018724915, 0.12396305164387532, 0.09669464856149937], [0.11859625574874896, 0.10554272569002261, 0.10779431129814826, 0.11725817752916164, 0.10316461847226739, 0.12250018359684267, 0.10455591084541402, 0.12393651595387663, 0.096651300865518], [0.11767256628913443, 0.10611792777551021, 0.10779481091150057, 0.11571342510620408, 0.10422151511673389, 0.12151154285668511, 0.105050445800473, 0.12359426578805748, 0.0983235003557014], [0.11847828998200859, 0.10560280835264975, 0.10776448849881576, 0.11699906146926595, 0.10329784632225927, 0.12237693202147898, 0.10460279157925147, 0.1240097059542737, 0.09686807581999655], [0.11826884198695929, 0.10563992792654646, 0.10768735808088699, 0.1166293277776057, 0.10342908604494497, 0.1223057279468962, 0.10462765886494849, 0.12430350958960533, 0.09710856178160637], [0.11849924460878293, 0.10554285080995546, 0.1077633306022276, 0.11712974586539646, 0.10319582620322182, 0.12249365262670132, 0.1045846178014026, 0.12404563127273668, 0.09674510020957496], [0.11789752318498467, 0.10583385072417835, 0.10767575275781183, 0.11605632290315306, 0.1037977837132402, 0.12195085900959655, 0.10480424272117679, 0.12427233654731837, 0.0977113284385402], [0.11769162578436251, 0.10605177083270532, 0.10776837194929474, 0.11577931611364124, 0.10412665185560231, 0.12163274526213788, 0.10501957411449919, 0.12371557651398196, 0.09821436757377469], [0.11811942574202736, 0.10561753415887343, 0.10766768284741628, 0.1165530696945667, 0.10342239461143243, 0.12241664372644523, 0.10470247047174688, 0.1242929921592956, 0.09720778658819623], [0.1181459428337108, 0.1056032732727419, 0.10768464097163358, 0.11663606795685566, 0.10338643499078619, 0.12247885059342624, 0.10471407055572422, 0.12418443342278908, 0.09716628540233237], [0.11823950373442924, 0.10550731162978798, 0.10769863894936318, 0.11690920464274271, 0.10320801374466547, 0.12259784957473273, 0.10467811619569789, 0.12423419539386314, 0.09692716613471765], [0.1180002442788079, 0.10562741574636329, 0.10765209993625227, 0.11643795906962144, 0.10346225332193817, 0.12242425473016194, 0.10475625767683185, 0.12431194173309325, 0.09732757350692992], [0.11828881016615071, 0.10545774669680684, 0.10770480972438516, 0.11705111255069262, 0.10311547439651024, 0.12265169127623478, 0.10465111820368588, 0.12428339104358516, 0.0967958459419488], [0.11792184423439174, 0.10565620757903174, 0.10764780387505862, 0.11633422857737104, 0.10352151068611147, 0.12237570205683859, 0.1047953095689844, 0.12430797176425812, 0.09743942165795429], [0.1176295314814254, 0.1059388248047592, 0.10773558478871079, 0.11587628334279673, 0.10396992305538112, 0.1218960373750783, 0.10504928785450628, 0.12378662169980174, 0.0981179055975404], [0.11819970782625225, 0.10547103387681564, 0.10768490861078243, 0.11692830910682249, 0.10316074982006884, 0.12266111264824625, 0.10468694242789407, 0.1243047738856914, 0.09690246179742662], [0.11784828791466244, 0.10569399766020093, 0.10765313570857946, 0.11623968880958069, 0.10358951923528219, 0.1223188961335505, 0.10484372557664484, 0.12425111735032007, 0.09756163161117873], [0.11780505606115586, 0.10571209767069188, 0.10765896731248636, 0.11619856531332765, 0.10362133379006015, 0.12230253632117562, 0.10487756857715093, 0.12419543579845249, 0.09762843915549903], [0.11775384637560773, 0.10575616749865736, 0.10767146282720266, 0.11612102028485889, 0.10369271324984729, 0.12222829199561519, 0.10491980826886818, 0.12411672781532063, 0.09773996168402224], [0.1176329797441753, 0.1058623459745728, 0.10771161828527756, 0.11596096150381704, 0.10385867705576292, 0.12206110469126279, 0.10503406959394146, 0.12387101349828723, 0.09800722965290287], [0.11794796826346218, 0.10555597279388695, 0.10765148457613453, 0.11654976740263877, 0.10335236667621667, 0.12263867644914862, 0.10480485029851884, 0.12422944009514805, 0.09726947344484539], [0.1178241801438393, 0.10565022899515639, 0.10765424314444465, 0.11631355561778355, 0.10352084604685435, 0.12246430702189132, 0.10487410014366079, 0.12417521406729502, 0.09752332481907465], [0.11756275312392478, 0.10590306409845267, 0.10773203092299252, 0.11590003108645236, 0.10392258803667533, 0.12201096555174808, 0.10510165849032646, 0.12373390363945548, 0.09813300504997237], [0.11797352534434746, 0.10548561339161296, 0.10764273654436468, 0.1166794474717348, 0.10323804491410922, 0.12275290194883665, 0.10478246482458543, 0.12431141139292844, 0.09713385416748034], [0.11782648059839201, 0.10561960957681114, 0.10765670940394927, 0.11637921566198767, 0.10346933176031127, 0.12256086053445014, 0.10488430734696529, 0.1241252079291742, 0.09747827718795903], [0.11772081939811058, 0.10566157188508546, 0.10766285858664582, 0.11626171966163953, 0.10354790152491107, 0.12250500701995953, 0.1049558439403479, 0.12404652463472594, 0.09763775334857419], [0.11762987087880328, 0.10572120364382145, 0.10767903636567512, 0.11614306067899002, 0.10364777309122923, 0.1224046726157051, 0.10502767575934994, 0.12393651143311643, 0.09781019553330964], [0.1176569678874517, 0.10551565942545045, 0.10760964794511468, 0.11637936194598443, 0.10334608536178694, 0.12277554805130435, 0.10494338545466456, 0.12430637437882344, 0.0974669695494195], [0.11740294774408416, 0.10583418789921878, 0.10773319028823347, 0.11594806330628818, 0.10383089337876332, 0.12226155557594667, 0.1052367394067502, 0.12355972266170688, 0.09819269973900836], [0.11737676913821492, 0.10573755222343195, 0.10769970030424994, 0.11603365510935659, 0.10369514059183936, 0.12246510450857392, 0.10522792047391907, 0.12369080101831315, 0.09807335663210111], [0.11770723285986921, 0.10512507976479725, 0.107533364612061, 0.11699596497797943, 0.10273509823539097, 0.12332551977929138, 0.10481559483974591, 0.12499999999999997, 0.0967621449308647], [0.11737999301756338, 0.10567568704674787, 0.10767395173328158, 0.1160892461734405, 0.10360780023166596, 0.12257632607543816, 0.10519983716909201, 0.12382218282488955, 0.0979749757278808], [0.11756741397998474, 0.10511814467838519, 0.10753447671600141, 0.11693756202390856, 0.10274138977104161, 0.1234997359606746, 0.10491893338389603, 0.12479792667519853, 0.09688441681090927], [0.11724101513140449, 0.10572062751195434, 0.10770013063883109, 0.11599573270294686, 0.10368428930993859, 0.12252237864519239, 0.10532454264865349, 0.12363615416880666, 0.09817512924227212], [0.11743733850829945, 0.10517367747903263, 0.10747854470557971, 0.11661149827405567, 0.10288256089871206, 0.1233796974916038, 0.10493219254768257, 0.125, 0.09710449009503411], [0.11735636985535518, 0.10537532136476453, 0.10755428599544287, 0.11635917061496062, 0.1031839445939963, 0.12311260792624963, 0.10508480002794252, 0.12445504895273142, 0.09751845066855715], [0.11739145356479255, 0.10517969634277478, 0.10748312943006195, 0.11658626637077563, 0.10289589238823844, 0.12340960569876733, 0.10497126082738682, 0.12492420005136347, 0.09715849532583895], [0.11717010697896192, 0.10567681543219147, 0.10768711260571641, 0.11600883076212477, 0.10362875462284166, 0.12261877905250611, 0.10536287179612276, 0.12367186306068571, 0.09817486568884923], [0.11713698532278587, 0.10540419554207546, 0.10758049425186367, 0.11624961711319262, 0.10324473738927949, 0.1231533438719995, 0.10527323100110206, 0.12418343194708459, 0.09777396356061677], [0.11712771091643114, 0.10534119528991176, 0.10755785484391361, 0.11631070599982157, 0.10315474557577639, 0.12328149913530756, 0.10525408580830828, 0.12429226966174323, 0.09767993276878661], [0.11704280561915159, 0.10554012256394014, 0.1076431790012524, 0.1160913616590139, 0.10344516908755924, 0.12291399810690809, 0.10541149413825528, 0.1238293771079041, 0.09808249271601523], [0.10331795096854912, 0.11549355871342452, 0.12285697186230643, 0.11421851406528119, 0.1112487980442311, 0.1011685628091118, 0.11879504232323293, 0.09235233565770244, 0.12054826555616044], [0.10380271186115417, 0.11555558380260686, 0.12380969043287736, 0.11503923683981969, 0.11072482711926807, 0.10177039173844347, 0.11818691229742063, 0.0925349588928626, 0.11857568701554701], [0.10358821840821801, 0.115549633982608, 0.12323437774171718, 0.11453177274301779, 0.11099578385100586, 0.10151370161135996, 0.1185667373070123, 0.09249033736876362, 0.11952943698629744], [0.10328515256014976, 0.11542727370964682, 0.12281498356302643, 0.1142702758829513, 0.11119134996110779, 0.10117933673499889, 0.11887796935557617, 0.0923739171446461, 0.12057974108789672], [0.10327956420865281, 0.11538811982440893, 0.1227635190108187, 0.11432257374866674, 0.11114632450038013, 0.10120715756227865, 0.11892994746787744, 0.09240296915392687, 0.12055982452298963], [0.10305747137383603, 0.11547753710061764, 0.12297112267350606, 0.1142132024215383, 0.1110942120152917, 0.1009990736082853, 0.11903824954905816, 0.09223774769633636, 0.12091138356153032], [0.10355040789901047, 0.11533082965734093, 0.12358291476012379, 0.11480425469911652, 0.11067383572816147, 0.10164420398069406, 0.11868413541419051, 0.09254697239943853, 0.11918244546192373], [0.10376767867741903, 0.11526912299320641, 0.12420186723333539, 0.11519187916548901, 0.11035731875593051, 0.10195553866657997, 0.11834186040026298, 0.092665853396436, 0.11824888071134074], [0.10302581969856696, 0.11510116933742573, 0.1230355894967035, 0.11453648131517372, 0.11079453890839039, 0.1011626948829557, 0.11931616147832418, 0.09237262055958666, 0.12065492432287317], [0.10316679460533193, 0.11497744203384434, 0.12296476575501798, 0.11483068596738154, 0.11060759308124396, 0.10141798432655952, 0.11935219571362654, 0.09254613594396356, 0.12013640257303078], [0.10306795797074506, 0.11484780057526198, 0.12306677475296807, 0.11489000256800593, 0.11050022386094023, 0.10138779159845097, 0.1194990158337703, 0.09253223832493514, 0.12020819451492233], [0.10220205152433044, 0.11552180805125603, 0.12401041290081673, 0.11401194925199289, 0.11059156549855992, 0.1003674322969603, 0.11956086225873674, 0.09176316830845396, 0.12197074990889298], [0.1033022388562464, 0.1147828223915591, 0.1238195387497277, 0.11531919205187695, 0.11009294560899628, 0.10177475095202586, 0.11922590750722367, 0.0926654350192548, 0.11901716886308926], [0.10357121051122818, 0.11458566119395666, 0.125, 0.11574482807007051, 0.10953435308475841, 0.10224498395753001, 0.11886132246285981, 0.09284269036699817, 0.11761495035259825], [0.10330477330702183, 0.11464426482496293, 0.12404868042728519, 0.11551393206648927, 0.10988183228213592, 0.1018922600721089, 0.1192569106611146, 0.09273103966044266, 0.11872630669843871], [0.10271338967729092, 0.11474718098782974, 0.12343609006630972, 0.11481073029868838, 0.11034009632711132, 0.10111701580243025, 0.11980286031529626, 0.09234228536370369, 0.12069035116133973], [0.10210518440691875, 0.11525115768368699, 0.12424513232738918, 0.11421247368457278, 0.11034270482560579, 0.10041820054081402, 0.11981252393775892, 0.09180078538519326, 0.1218118372080603], [0.1027350261851505, 0.11466060381103071, 0.12339394994158112, 0.11489505717248541, 0.11028695230078153, 0.10118001538050767, 0.11985281123533392, 0.09239822609526699, 0.12059735787786217], [0.10319137765265975, 0.11448375858844123, 0.12386465809037357, 0.11562756598556397, 0.10977497614179202, 0.10188213555943872, 0.11952322947987894, 0.09277313858889176, 0.11887915991296007], [0.10330259894223348, 0.11444590000161799, 0.12427175071550092, 0.11578014619074818, 0.1096058252422145, 0.10205311828331244, 0.11931902817936246, 0.09283948167879932, 0.11838215076621071], [0.10193985183895167, 0.1151135723863087, 0.12449725957306329, 0.11427923105293364, 0.11014217033732768, 0.1003665239078401, 0.12001191510051246, 0.09178185257947105, 0.12186762322359153], [0.10222976736591191, 0.11468272587311727, 0.12413389080958591, 0.11475778146944461, 0.11000628922074154, 0.10078900529853417, 0.12018701008389525, 0.092090445666981, 0.12112308421178844], [0.10295046229718915, 0.1142479936332592, 0.12377855964421347, 0.11568895526849994, 0.10965359382584783, 0.10175543478079585, 0.11993850049968194, 0.09274021650863423, 0.11924628354187838], [0.10286145838713642, 0.11423358769902514, 0.12379537191140512, 0.11559136317332973, 0.10970372683720585, 0.10163991075616619, 0.12001933692806456, 0.09266764025436394, 0.11948760405330307], [0.1023933978588846, 0.11446548092791425, 0.12383754524630144, 0.11500848630342701, 0.10993742797601352, 0.10103221026250583, 0.12026181432411043, 0.09229603997634052, 0.12076759712450238], [0.10324911183667815, 0.11419239206137555, 0.12422300073691316, 0.11608239960142332, 0.10932996176401708, 0.10220111516860556, 0.11953539822203905, 0.09298832780897692, 0.11819829279997132], [0.10179844961229643, 0.11508452449844248, 0.12458761872016462, 0.11426433681605756, 0.11002486186940381, 0.1002991167670376, 0.12013532158432157, 0.09178014684413803, 0.12202562328813794], [0.10264486015625973, 0.11414477337830183, 0.12368821220469359, 0.11537912220744038, 0.10980364781770112, 0.10139352639472776, 0.12025912440122129, 0.09256086312570809, 0.1201258703139462], [0.10339045086356921, 0.11404808314721032, 0.12436110933975314, 0.11636671718599055, 0.10904395072571862, 0.10249289406036088, 0.11955841142000329, 0.0931735997945455, 0.11756478346284835], [0.10309397226872281, 0.11412180730765262, 0.1238323336095244, 0.11604125592148601, 0.10938262184008063, 0.10206500969101538, 0.11986756406397193, 0.09295889784577638, 0.11863653745176968], [0.10274807691799667, 0.11409152741003495, 0.12392856221125984, 0.11565388822845706, 0.10958671416544562, 0.1016013113881016, 0.12019242654225058, 0.09264919724690722, 0.11954829588954646], [0.10178340631580539, 0.11488210776179983, 0.12477742807626976, 0.11442593745512127, 0.10988143691140642, 0.1003659015590288, 0.12028017431336235, 0.09180594512751615, 0.12179766247969005], [0.10261710826353482, 0.11406376863523746, 0.12380013218363299, 0.11547559575654039, 0.10969507328673098, 0.10142739654157934, 0.12033093318087175, 0.0925769099824723, 0.12001308216939985], [0.10334345481187329, 0.11398115020302665, 0.12426970986647541, 0.11642913929679953, 0.10899866340930177, 0.10249410947997613, 0.11966427252839422, 0.09319846847193879, 0.11762103193221424], [0.10283873476413492, 0.11400735509244071, 0.12401424621987774, 0.11591144223179833, 0.10938785618525872, 0.10180793133813269, 0.1201577858160985, 0.09278012923630685, 0.11909451911595165], [0.10174840152885102, 0.11476312696712422, 0.12488891441301747, 0.11451484510741344, 0.10977783732458811, 0.1003931335193199, 0.12038771275768265, 0.0918259155613734, 0.12170011282062981], [0.10171048682864818, 0.11464650395374787, 0.125, 0.11460106342320882, 0.10967373224196372, 0.10041811587763799, 0.120496265640061, 0.09184606192698969, 0.12160777010774274], [0.1025322526644444, 0.11382871176512055, 0.12410689242656005, 0.11574204568823868, 0.10939286706568561, 0.10151761064186733, 0.12053733175692219, 0.09262505894452, 0.11971722904664131], [0.10278194246341447, 0.11381970197688304, 0.12416714519720201, 0.11612252234014973, 0.10916470612167425, 0.1018924660245407, 0.12030509569691816, 0.0928463871879277, 0.11890003299129004], [0.10340264443511175, 0.11372683559982277, 0.12397613949798582, 0.11681416379541847, 0.10868946209517455, 0.10278965219956017, 0.11989863007644888, 0.09347718880221678, 0.11722528349826096], [0.10182443533189445, 0.11444837204472894, 0.12469831999560722, 0.11484573102321492, 0.10958937706581201, 0.10061983316704193, 0.12064748005475998, 0.09201670889826073, 0.12130974241867984], [0.10253076614425219, 0.11375399387625136, 0.1242435037499075, 0.1158704599961398, 0.10926799498272645, 0.10158484882040804, 0.12057136129326702, 0.09265669815301786, 0.11952037298402977], [0.10322583377695953, 0.11373289734385189, 0.1239470755648738, 0.11669229785701182, 0.10879863508560868, 0.10256668259189312, 0.12002147434448597, 0.09333587397553093, 0.1176792294597844], [0.10371787349120655, 0.11362916948591648, 0.12362294943950482, 0.11711759951512853, 0.108467697308237, 0.10326382903821822, 0.1197852802998127, 0.09387474114842198, 0.11652086027355377], [0.10258137981317093, 0.11372120189683287, 0.12432952660211503, 0.11600502918997226, 0.10916626102023824, 0.10169014739036572, 0.12053208228578402, 0.09271226428091565, 0.11926210752060516], [0.10208915140412596, 0.11410178918309026, 0.1241045048647214, 0.1152862306268692, 0.1094771978866238, 0.10102245212870696, 0.12082578211621522, 0.09235417690781114, 0.12073871488183595], [0.10357231062483971, 0.11351627120362527, 0.12360695898834619, 0.11719850335546675, 0.1083989687702076, 0.10318544083871661, 0.11999956389209487, 0.09383699692306106, 0.11668498540364208], [0.10338331393203916, 0.11353748032317952, 0.1237431924675731, 0.11706361129850347, 0.1084974651294545, 0.10293330050753231, 0.12011534065240895, 0.09363897725537332, 0.11708731843393566], [0.10163041887726598, 0.11460084190556112, 0.12446116982207892, 0.11467446600028575, 0.10954074721509374, 0.1004937730131077, 0.12075631357193244, 0.0920891114881128, 0.12175315810656166], [0.10174100872199376, 0.11429993806580276, 0.12461520300619197, 0.11497503754229446, 0.10941568165441119, 0.10066959107862979, 0.1208898571466872, 0.09212314386863607, 0.1212705389153528], [0.10313478734997454, 0.1135328662667812, 0.12368354897232005, 0.11690314745824076, 0.10863794928735411, 0.1026289236955929, 0.12031156685072884, 0.09345340090839, 0.11771380921061744], [0.10240321184166427, 0.11346051579345161, 0.12457498600263069, 0.11615577434986929, 0.10893055037800953, 0.10166250303577798, 0.12083910473725397, 0.09271252808294106, 0.11926082577840161], [0.10184185664782978, 0.11409087593276022, 0.12436359426138935, 0.1152231231408769, 0.10931630947962372, 0.10086437715640396, 0.12104255008871438, 0.09228510625688058, 0.12097220703552108], [0.102504728123776, 0.11342486378627288, 0.12460018253949745, 0.11636267383417355, 0.10879861505472903, 0.1018444374378407, 0.12075265814519481, 0.09282809946622957, 0.11888374161228599], [0.10321589601981357, 0.11342452566702728, 0.1236153072117683, 0.11711298176791939, 0.10846415677052891, 0.10282552367830493, 0.1203656530047713, 0.09360725272782201, 0.11736870315204442], [0.10240235538917354, 0.11331226454774444, 0.1247480558694607, 0.11639573917248547, 0.10870972794904711, 0.10179592300618912, 0.12090221949343827, 0.09279893687208722, 0.11893477770037417], [0.1022836438543863, 0.11331654183097413, 0.1245730843238353, 0.11618723095680498, 0.10884445766446221, 0.10161351429394279, 0.12106958582782378, 0.09271967224604419, 0.11939226900172631], [0.10332249336167662, 0.11326496022035461, 0.12350076915683635, 0.11739784794088133, 0.10822921419949075, 0.10309673103421012, 0.12042910691803284, 0.0938320556073467, 0.1169268215611706], [0.10220751606213839, 0.11341607552400196, 0.12408453729494767, 0.11594350766393144, 0.10904006231718433, 0.10146112469923514, 0.1212002936639441, 0.09271125801702478, 0.1199356247575921], [0.10340105238436666, 0.11320811742803456, 0.12350987784475051, 0.11751261133336133, 0.10812458752334504, 0.10324028418206593, 0.12039229788177552, 0.09393932183435401, 0.11667184958794657], [0.1017132059544548, 0.1140368281392966, 0.12444213170597193, 0.11523274594621352, 0.10919138822132264, 0.10082056757631327, 0.12120741681465368, 0.09230817376496565, 0.12104754187680793], [0.1027336066609958, 0.11326348232354203, 0.12418049240191903, 0.11688054519369971, 0.10850125274838554, 0.10231763146488844, 0.12069195664342754, 0.0932421034797125, 0.1181889290834294], [0.10283770312893717, 0.11326620399950216, 0.12397996377126054, 0.11699085805589189, 0.10846134870192682, 0.10246085030984843, 0.12065249891315466, 0.09336216295654041, 0.11798841016293792], [0.10278924805640491, 0.113260208531055, 0.12407543272416166, 0.11694728963504741, 0.10847616017770721, 0.10239895125073267, 0.12065879263460315, 0.09331317860004573, 0.11808073839024227], [0.10215101494418916, 0.11323236984095902, 0.12414953962045529, 0.11610460422685896, 0.10886832789678698, 0.10152238312171541, 0.12138990063705114, 0.09277996277856031, 0.11980189693342375], [0.10224748394933253, 0.1130879524643404, 0.12500000000000003, 0.11652451544426455, 0.10850343181569422, 0.10177016444118396, 0.12116239477805693, 0.09279487822426068, 0.11890917888286683], [0.10220739842655367, 0.11308262909573207, 0.12478271247009333, 0.11645130443296096, 0.10856479235388118, 0.10171438630820234, 0.12127722618674812, 0.09280052710210433, 0.11911902362372402], [0.10144776202619109, 0.11404263663943616, 0.12499999999999999, 0.11507840091096028, 0.10904161519393826, 0.10062107790436585, 0.12129465023328176, 0.09221395034598492, 0.1212599067458416], [0.10241204717936268, 0.11287180911745874, 0.12443008425781639, 0.11706410384707086, 0.10819373303409079, 0.10221020857068777, 0.12126969422025233, 0.09322039734452985, 0.11832792242873046], [0.10292845335916893, 0.1127577382663685, 0.12402425244352916, 0.11776811516360687, 0.10776717401719668, 0.10301302482953043, 0.12101824618131436, 0.09379459955021868, 0.11692839618906635], [0.10213798748212764, 0.1128469267602638, 0.12459003456303047, 0.116690217582217, 0.10834722129237492, 0.10182522606392673, 0.12159709997563112, 0.09296227842114922, 0.11900300785927907], [0.10229110970297144, 0.11280999573247878, 0.12454435553478295, 0.1169916624378753, 0.10818504180304987, 0.10208938764410128, 0.12143878207069839, 0.09313938407828949, 0.11851028099575249], [0.10147769524644573, 0.11378591979180688, 0.12470676420602543, 0.11535683020099421, 0.10885592646035595, 0.10081447353920958, 0.12159530027833772, 0.09242795403684557, 0.12097913623997888], [0.10271471950728987, 0.11274692297846996, 0.12384978841310193, 0.11760378723991054, 0.10790567895365613, 0.10274984498711444, 0.12124372231737116, 0.09366854966954828, 0.11751698593353768], [0.10269289582515316, 0.1126802721341905, 0.1239272323624929, 0.11767478092359206, 0.10782629586359853, 0.10277659697665316, 0.12130007696203055, 0.0936862856416538, 0.11743556331063523], [0.10247535292586918, 0.11265799520090114, 0.12406015030591921, 0.11745492713236465, 0.10794425832884505, 0.10249723524212107, 0.12140827725373328, 0.09352483817656321, 0.1179769654336832], [0.10203421348709182, 0.11267941359804434, 0.12416080569325612, 0.11671044649269574, 0.10829999985915811, 0.10181301581115809, 0.1219814212197778, 0.09308720891481985, 0.11923347492399813], [0.10206006694598156, 0.1126548395069806, 0.12426533750435463, 0.11681916242763637, 0.10822135974069202, 0.10187955477011595, 0.12194196002835876, 0.09310900629865296, 0.11904871277722699], [0.10258206734484492, 0.11245704422432033, 0.12410413539368452, 0.1178756073644073, 0.10759810980543927, 0.10281831832020771, 0.12153456916407242, 0.0937350051225055, 0.11729514326051815], [0.10185530956057004, 0.11301263744092797, 0.12360161725486732, 0.11633185217809366, 0.10847832485411317, 0.10156116666908764, 0.12219632021414452, 0.0930513503029607, 0.11991142152523497], [0.10206136832171261, 0.11248226752151838, 0.12437948454057911, 0.11711436900922871, 0.10797543486447954, 0.10204399443537457, 0.12202980495119382, 0.09323247430895805, 0.11868080204695534], [0.10237002528096531, 0.11247757357518441, 0.12403776570764574, 0.11758220635877699, 0.10779713149982532, 0.10250906959705498, 0.1216694821937818, 0.09358418746061463, 0.11797255832615082], [0.10247777546087117, 0.11222263605423392, 0.12427923289514707, 0.11809877473701139, 0.10735284488869373, 0.10287872460312719, 0.12177509438412969, 0.09379938534566554, 0.1171155316311203], [0.10181040118990045, 0.11273686079494395, 0.12376595630648193, 0.11656451137243627, 0.10825341149152187, 0.10166549727873293, 0.1224221825583917, 0.09314246310519161, 0.11963871590239929], [0.10173876682430118, 0.11275059909291804, 0.12360406897145249, 0.11654174165016076, 0.10820685692151757, 0.10164624503270421, 0.12258305773358649, 0.09320447456430393, 0.11972418920905534], [0.10154189484157687, 0.11302093974337125, 0.12385101913786954, 0.11616090875400514, 0.10829811282034782, 0.1013501678525404, 0.12245326074128314, 0.09300246217097853, 0.12032123393802745], [0.10245507314591405, 0.11180443233469818, 0.12499999999999999, 0.11864365248495154, 0.10677365221078158, 0.10319324272454196, 0.12189211780574305, 0.09397424843687491, 0.11626358085649463], [0.10171347922534504, 0.1125934229425692, 0.12373089261612677, 0.11666816144403792, 0.10808330232048358, 0.10169584529255371, 0.12268978349147966, 0.09323325217887056, 0.11959186048853367], [0.10208960194231903, 0.11201732545231911, 0.12440585590790128, 0.11788349065701634, 0.107380908016657, 0.1025144426843061, 0.1222140289025251, 0.09366350681927972, 0.11783083961767629], [0.10164296618902996, 0.11260111119498732, 0.12357856261489843, 0.11662915707957308, 0.10804351821750857, 0.10165539523389398, 0.12278379405937959, 0.0932439429188977, 0.11982155249183137], [0.1023053805538931, 0.11178722077184379, 0.12439780643124768, 0.11853622211588744, 0.10691435872455739, 0.10302508557759488, 0.12225960055591314, 0.09398167506692573, 0.11679265020213675], [0.10177186754112799, 0.11192147822578988, 0.125, 0.11754037998822849, 0.10740752956802015, 0.1021201920235746, 0.12260286255009545, 0.09334635452156277, 0.11828933558160065], [0.10172246188107438, 0.11201623230910815, 0.12438525375871069, 0.11717803933109619, 0.1076827055232761, 0.10193795365559966, 0.12282756982206951, 0.09332943853314607, 0.11892034518591924], [0.10157527885221698, 0.11249797796121007, 0.1235387771896915, 0.11668542544895379, 0.10793039379177169, 0.10166000742552615, 0.12292124692007568, 0.0932709908708687, 0.11991990153968544], [0.10155027985791952, 0.11253210715587217, 0.12343259256278363, 0.11664115426046444, 0.1079366267459107, 0.10163592131860467, 0.12293726260875641, 0.0932790016804867, 0.12005505380920177], [0.10156837859764384, 0.11212413242056522, 0.12392557376123745, 0.11701320594872425, 0.1076718324787977, 0.10180283765409791, 0.12308281241580077, 0.09331945869015071, 0.11949176803298216], [0.1015028427341286, 0.11250931203847314, 0.12332390406053147, 0.1166330999736507, 0.10788944638400703, 0.10162374805251578, 0.12300693759101107, 0.09330420978835434, 0.12020649937732787], [0.10161328538486163, 0.11173931105759635, 0.12443057464017754, 0.11744777055250516, 0.10736989032408052, 0.10202922498245999, 0.12309560187147532, 0.09341765249722588, 0.11885668868961762], [0.10145758744998493, 0.11238815393997909, 0.12332828515277808, 0.11671482068823107, 0.10777791619579094, 0.10164931799361457, 0.12313027824244631, 0.09333549666267571, 0.12021814367449943], [0.10207458158476114, 0.11163893000624568, 0.12403308487918356, 0.11842292601794063, 0.10696198610370061, 0.10283800846777742, 0.12266009733221621, 0.09401504935161768, 0.11735533625655681], [0.10160023524120286, 0.11168022899663405, 0.12444028354647087, 0.11752655474516492, 0.10729567743760388, 0.10206544433932258, 0.1231386329280584, 0.09344779448858444, 0.11880514827695791], [0.10216764374455661, 0.11152239539743485, 0.12398858497646179, 0.1187438064715071, 0.10674271411421656, 0.10307700990372076, 0.12273264085138191, 0.09417195775134098, 0.11685324678937956], [0.10186435753314865, 0.11158146172260665, 0.12435739206791523, 0.11818269789282948, 0.10699868116743423, 0.10257680582233938, 0.12275425781502519, 0.09382437155444104, 0.11785997442426004], [0.1021106697292783, 0.11146045263090731, 0.12382501949456845, 0.11875086488474174, 0.10671864377352495, 0.10306273081001943, 0.12285355024530827, 0.0941945364813196, 0.11702353195033208], [0.10146314663502055, 0.11162340353425716, 0.12400840507024609, 0.11741903935501817, 0.1072526968222937, 0.10199030304113119, 0.12346893606182782, 0.093474190342891, 0.11929987913731431], [0.10168587920074959, 0.11145626153320938, 0.12436890975299383, 0.1180696639212526, 0.10694349272560799, 0.1024337967273409, 0.12308108166537535, 0.09372872022799326, 0.11823219424547711], [0.10199338155607848, 0.11140640192327463, 0.12384743135825424, 0.11865386050404675, 0.10672648705772551, 0.10295141574683633, 0.12294293787237455, 0.09413247296356103, 0.1173456110178486], [0.10147165717386751, 0.11141054537055341, 0.12409291205397244, 0.11766350152729836, 0.10707163404551746, 0.10213681991794497, 0.12353483123429457, 0.09357183751172378, 0.11904626116482747], [0.1014262298273713, 0.11148638025210367, 0.12394789375234366, 0.11752883330186792, 0.10713053800800305, 0.10205367661335897, 0.12360464281558801, 0.09353435845685523, 0.11928744697250815], [0.10145196188917431, 0.11136615700125946, 0.12403558806879825, 0.11768734420037508, 0.10703391070110292, 0.10215180041615969, 0.12359909686181689, 0.09359409246053038, 0.11908004840078305], [0.10197091082281841, 0.1112259935169832, 0.12361129293390676, 0.11889204318316976, 0.1065264968623482, 0.1031052475456129, 0.12316716017856073, 0.094272473242423, 0.11722838171417695], [0.10133100651157803, 0.11160264172153186, 0.12362628082470174, 0.11736231453668493, 0.10715510490596315, 0.10195799160628537, 0.12374767897664679, 0.0935190711790104, 0.11969790973759772], [0.1015300664257802, 0.11119274230568879, 0.12402744518149386, 0.11815538190230958, 0.10674550040669267, 0.10246754526488801, 0.12351133083279421, 0.09382366563950069, 0.118546322040852], [0.10977835325447223, 0.11336074158581173, 0.12029631956638516, 0.12366074525844797, 0.10750353335509918, 0.11051233812847423, 0.11204140867299096, 0.09950107724254796, 0.10334548293577074], [0.10979386874439861, 0.1132989350159927, 0.12022258238982826, 0.12374794603371699, 0.1074508448546216, 0.11060252991515838, 0.11201836133410677, 0.09959274410143554, 0.10327218761074132], [0.10936718447385066, 0.11359291816086925, 0.1205956589598027, 0.12300084339406149, 0.10769357133314325, 0.10992392562197133, 0.11268318712267765, 0.09894726570430244, 0.1041954452293212], [0.10906204444984753, 0.11379066487312457, 0.12082047747717883, 0.12278737291890551, 0.10787198024317733, 0.10939720881766495, 0.1130575040710761, 0.09842387672522696, 0.10478887042379821], [0.109730028348721, 0.11284456538125283, 0.11970545887129022, 0.1242244203829742, 0.10705406259219999, 0.11115429116418857, 0.11211108756969183, 0.10017445048802166, 0.10300163520165988], [0.11002172079351251, 0.1124236533322085, 0.11915308476281741, 0.12499999999999999, 0.10672022016187582, 0.11191473051569426, 0.11160424461804758, 0.1009410073445218, 0.10222133847132203], [0.10930710711826065, 0.11313764727448761, 0.1200815483526523, 0.12341744820829446, 0.10728924195825783, 0.11047217571562323, 0.11282629038723305, 0.09953020116899274, 0.10393833981619797], [0.10927274649941233, 0.11306401188173382, 0.11999756289662904, 0.12344443684034213, 0.10722531292895271, 0.11054580752981723, 0.1128928546821834, 0.09961547298856703, 0.10394179375236232], [0.10869854888731607, 0.11348950458299502, 0.12041688054407021, 0.12243462802759993, 0.10764383887173887, 0.10952044882505395, 0.11382249927688438, 0.09866207854176251, 0.10531157244257906], [0.1092342716158828, 0.11290323419862262, 0.11981241852112129, 0.12353564667411088, 0.1070874151140147, 0.11073598257270333, 0.11297575942984277, 0.09982729440817896, 0.10388797746552268], [0.10864867718843438, 0.113311629790266, 0.12022688421510103, 0.12264798439404553, 0.10747911024405395, 0.10969619833239559, 0.11391079987367111, 0.0988485619549306, 0.10523015400710177], [0.10879461031938462, 0.113