[[0.11754518139407341, 0.10356161009098162, 0.1037981701676664, 0.11416086445729404, 0.1015687093152921, 0.12267339022888613, 0.0991509518463806, 0.12467864885926436, 0.11286247364016132], [0.11815974952236556, 0.10321065870379777, 0.10360796969006282, 0.11485071384013028, 0.10091972715358204, 0.12331477737742613, 0.09859056183721687, 0.12485877929870888, 0.11248706257670953], [0.11741023595780552, 0.10357606769991314, 0.10385760251705299, 0.11418904656521685, 0.10158564050702465, 0.1224907030852741, 0.09932170485751576, 0.12482164750684417, 0.11274735130335281], [0.11752818893774573, 0.10350501297548823, 0.10381815425747748, 0.11432216038203018, 0.10146184246177466, 0.12267890218702782, 0.09920556909747338, 0.124786379301613, 0.11269379039936948], [0.11812413660284309, 0.10319805119737663, 0.1036307999007546, 0.11492632973131904, 0.10087904924724193, 0.12320270423991546, 0.0986551678916687, 0.125, 0.11238376118888055], [0.11795452456564519, 0.10332392448675617, 0.10374756561861623, 0.11483498588203965, 0.10106756678810862, 0.12306153360210641, 0.09891679274017195, 0.12465927109057452, 0.11243383522598135], [0.11739669111988162, 0.10352307036484636, 0.10384774238664961, 0.11427551643937808, 0.10149785832481394, 0.1224963517109186, 0.0993253949104821, 0.125, 0.11263737474302972], [0.11738698252488511, 0.10355372667504198, 0.10392491754196462, 0.11440495772929885, 0.1014926022313022, 0.12244451821562743, 0.09946302519681088, 0.12479473729370019, 0.11253453259136895], [0.11695563044461543, 0.10375256393094992, 0.10408265571469066, 0.11406721023685008, 0.1018436054951128, 0.12180841893570193, 0.09990610340745622, 0.125, 0.11258381183462296], [0.11753282413569995, 0.10342524915702575, 0.10389379639345371, 0.11472412639536535, 0.10122707873400313, 0.12254052676464688, 0.09938216722053796, 0.125, 0.11227423119926733], [0.1179841754242987, 0.10335157798735842, 0.1039316233496695, 0.11531691612353089, 0.10094286457898222, 0.12281408760745736, 0.09920396945119311, 0.12439979983744123, 0.11205498564006869], [0.11693222977683665, 0.10377808812134053, 0.10414368055759778, 0.11416193335035374, 0.10184279346175938, 0.12177811056321548, 0.10001754976027773, 0.12483844839722212, 0.1125071660113966], [0.11780987986011754, 0.10343967795383194, 0.10400317477017222, 0.11518049738018586, 0.10109719882632927, 0.12260508609153191, 0.0994077082324408, 0.1243515264597389, 0.11210525042565156], [0.11757021032447082, 0.1034839407848728, 0.1040392723359686, 0.11501144968494036, 0.10120520636720655, 0.12241233122000322, 0.09959820701289347, 0.12458481834273555, 0.11209456392690852], [0.11801841171493417, 0.10314634984548081, 0.10385280846713817, 0.11566171914570057, 0.1005708733537084, 0.1230302258983201, 0.09908045989583279, 0.12500000000000003, 0.11163915167888509], [0.1172908488863393, 0.10362211752357342, 0.10411571692543792, 0.11469541609039813, 0.1014778526661258, 0.1221820082720837, 0.09984421839371539, 0.1245328429702032, 0.1122389782721232], [0.11792171424298845, 0.10324675538367839, 0.10393835877404342, 0.11558006816608092, 0.10072343310837831, 0.12285774486368192, 0.09926493876553283, 0.12475659376939388, 0.11171039292622176], [0.11777581757045379, 0.10342520551702544, 0.10407496772708023, 0.11540792690466482, 0.10100288778328428, 0.12256441188932304, 0.09954775809733049, 0.1243261725768643, 0.11187485193397369], [0.1166952755868668, 0.1038497743994843, 0.10426098136630606, 0.11415000371633728, 0.10192692369857326, 0.12143326951819516, 0.10033153384465009, 0.125, 0.11235223786958706], [0.11764915778902875, 0.10346039231807602, 0.10410021459855447, 0.11530265381599905, 0.10107990683107437, 0.12236549150125077, 0.09965934853733306, 0.12449197150509853, 0.11189086310358497], [0.11726499698187651, 0.10363841227365143, 0.10418953076424023, 0.1148418910387298, 0.1014479263852595, 0.12207167986440594, 0.09998667878370722, 0.12445965696527513, 0.11209922694285425], [0.1175723678217899, 0.10347234436179523, 0.10411188660767422, 0.11525291343165149, 0.1011099108155635, 0.12225320076546665, 0.0997222671193977, 0.12462430453054979, 0.11188080454611149], [0.11662789647127136, 0.10391716021620832, 0.10432925573313975, 0.114127510042906, 0.10201573258279281, 0.12132049465122177, 0.1004639625398976, 0.12484319014612964, 0.11235479761643273], [0.11739381719105468, 0.10350389705098743, 0.10412644862300167, 0.11509076279533469, 0.10119936270490437, 0.12211611208798494, 0.09984519711025888, 0.12482780153392098, 0.11189660090255231], [0.11723303313925736, 0.10364592464526694, 0.10422620046152332, 0.11490373181650153, 0.10143536152452642, 0.12199263185794311, 0.10006770323969627, 0.12447215687852277, 0.11202325643676227], [0.11689457145331764, 0.1037589309680204, 0.104278645097832, 0.11454137890588961, 0.10168726588384909, 0.1216450520127733, 0.10030721402348933, 0.1247656605633565, 0.11212128109147212], [0.11669797055566311, 0.10388413464491413, 0.10435532277139985, 0.11431716005482823, 0.10191202305002887, 0.12139432089292587, 0.10049776564639921, 0.1247152794897047, 0.112226022894136], [0.11762392573609283, 0.10340440746458839, 0.10414524106042278, 0.11557082109608345, 0.100919761795866, 0.122423028723615, 0.09975290948921524, 0.12455238174253906, 0.11160752289157723], [0.11733267996423151, 0.10349303849298692, 0.10415705551889179, 0.11516482419647044, 0.10115907540993091, 0.12198226173007908, 0.09993563188445798, 0.125, 0.11177543280295138], [0.1168004550988148, 0.10379552693343275, 0.10431785566974516, 0.11449509219738845, 0.10174469616439812, 0.12151600290261028, 0.10041570522001257, 0.12481341012550067, 0.11210125568809719], [0.11701517894679932, 0.10373152302743265, 0.10430652894104005, 0.11476547922023315, 0.10158134497223982, 0.12173616461564978, 0.10030382523656177, 0.12454657188861122, 0.11201338315143225], [0.11717164493129713, 0.10365489965474614, 0.10427692196719336, 0.1149813025492567, 0.10141816389643088, 0.12186179797307288, 0.10018937847725212, 0.12453605515969794, 0.11190983539105288], [0.11725204961730383, 0.10355923673837675, 0.10422261593502781, 0.11512642848412362, 0.10125224931501328, 0.12189430694680384, 0.10007693524217748, 0.12482886627923394, 0.11178731144193949], [0.1164528322084076, 0.10395895111677128, 0.10442261095635394, 0.11415313002631687, 0.10204961489166338, 0.12105501719937592, 0.10071880499575359, 0.125, 0.11218903860535742], [0.11677421049517563, 0.10375959200145862, 0.1043234175608227, 0.1145773078191067, 0.10167022027769981, 0.12145834432764134, 0.1004575388012648, 0.12499999999999997, 0.11197936871683027], [0.11645713812175418, 0.10396732851003436, 0.10445037490130381, 0.11420810547062879, 0.10204103958283028, 0.12105578718615215, 0.10076709872094242, 0.12490414223337798, 0.11214898527297604], [0.1172712021822886, 0.10355499357234516, 0.10429506447765942, 0.11536176789144423, 0.10116826153827348, 0.12188704128865228, 0.10018558423087963, 0.12467288060559668, 0.11160320421286053], [0.11710146789516301, 0.10367904760094364, 0.1043568403631402, 0.11509708496248759, 0.10140636943643533, 0.12169329851118868, 0.10036106503245763, 0.12453744583235853, 0.11176738036582536], [0.11680757344499847, 0.10377266969584936, 0.10437043621343527, 0.11469591811375275, 0.1016473156694245, 0.12145855704779036, 0.10052055388318935, 0.12481190508689853, 0.1119150708446614], [0.11751898217556948, 0.10326038940715677, 0.10413169001764515, 0.11585708925947454, 0.10064161446641148, 0.12259548959393186, 0.0998010206506321, 0.12500000000000003, 0.11119372442917871], [0.11715498090184673, 0.10363129836840775, 0.10435145491599751, 0.11524271164334443, 0.10129949139119805, 0.12168671475290149, 0.10033239721221339, 0.12464326716490025, 0.11165768364919063], [0.11733410998228637, 0.10339233324899942, 0.10421937745831668, 0.11562096374875534, 0.10088004862815919, 0.12217635024229868, 0.10004740965418757, 0.125, 0.11132940703699673], [0.11722935820833465, 0.10358330932303594, 0.1043548841128667, 0.11543289781361254, 0.1011781790940698, 0.12184013348161978, 0.1003018087833833, 0.12454994753838355, 0.11152948164469373], [0.11659276763610342, 0.10386232778847608, 0.10445884317396867, 0.11456821609867772, 0.10179210418394131, 0.12142543506543098, 0.10076483142058494, 0.12464774419158582, 0.11188773044123103], [0.11695341503087123, 0.10369769355938277, 0.10447691198830272, 0.11528675494130969, 0.10135865153292818, 0.12173362381139735, 0.10064526138606511, 0.12435461979929646, 0.11149306795044649], [0.11619004463264451, 0.10396860972001691, 0.10452486565311953, 0.11421005919041971, 0.1020250699831333, 0.12146367093399749, 0.10105573406141877, 0.12467924627159348, 0.11188269955365629], [0.11732357813913956, 0.10329818972526063, 0.10430780254599728, 0.11612621570829192, 0.10059189645602525, 0.12248498315863088, 0.10019935179951725, 0.12484513193769593, 0.1108228505294413], [0.11736115819821566, 0.1032924313850917, 0.10431898707522635, 0.11620043575099434, 0.10056096288165987, 0.1225541869298157, 0.10019419599384717, 0.12473504736453249, 0.11078259442061658], [0.11624822750219074, 0.1038496473299072, 0.10445039059704442, 0.11433216709745417, 0.1018377262397327, 0.12158528833067653, 0.10094302097196899, 0.12499999999999997, 0.11175353193102505], [0.11720297799749539, 0.10341566886621505, 0.1043695761797693, 0.1159153606116191, 0.10080559854964091, 0.12221905805627163, 0.10035220665479898, 0.1247203342367984, 0.11099921884739124], [0.11701153470429917, 0.103593141599697, 0.10445354441542014, 0.11553913069249187, 0.10114547416174115, 0.1219958907430098, 0.10058872597772871, 0.12440604759051578, 0.11126651011509638], [0.11723841634455515, 0.1033116430043603, 0.1043174909664069, 0.11605659170165596, 0.10062895019422223, 0.12235610471944759, 0.10026683184785602, 0.12499999999999999, 0.11082397122149576], [0.11659786528760362, 0.10379436676385621, 0.10450564811250106, 0.11486315756301337, 0.10160546089487202, 0.12182629031694502, 0.1008752509286617, 0.12433957066386822, 0.11159238946867897], [0.11629463867003897, 0.10384291494981414, 0.10447456656448771, 0.11444424127799356, 0.10179300450084652, 0.1216877515946563, 0.1009673311115465, 0.12479925172626535, 0.11169629960435097], [0.11685637965608049, 0.10361058830758561, 0.10448604211232872, 0.11547161301685992, 0.10118243883375537, 0.12210368434301745, 0.10073327341091007, 0.12435693101413023, 0.11119904930533211], [0.11688589360087259, 0.10359905591830819, 0.10450138697612843, 0.11557097374616832, 0.10113590534911784, 0.12219515243006825, 0.10073961520448062, 0.12423467970198077, 0.11113733707287501], [0.11698674738449313, 0.10345398921504911, 0.10444796849936029, 0.11587631863306481, 0.10085650425107709, 0.1224023344510219, 0.10061019328594104, 0.12449495064958714, 0.11087099363040545], [0.1167143793181525, 0.10360075372925502, 0.10446526632070353, 0.11532914310875532, 0.10121101763942275, 0.12207506215577368, 0.10078907261857109, 0.12463276956750415, 0.11118253554186196], [0.11705739255909615, 0.10337545828522877, 0.1044153562194121, 0.11603437260723562, 0.10070783504756699, 0.1224519268809029, 0.10052970260189106, 0.12469536417011994, 0.11073259162854651], [0.11661130538341044, 0.10359100298031025, 0.10443499987290929, 0.11518925476271426, 0.10124082003206611, 0.12210393870563697, 0.10080418592960691, 0.12482703970859234, 0.11119745262475342], [0.11623580828033568, 0.10376201995372508, 0.1044709597553658, 0.11458407228914987, 0.10163929397927848, 0.12198192350030308, 0.1010294333645186, 0.12483184347928807, 0.11146464539803536], [0.11695746498427707, 0.10343732557044304, 0.10445337376258404, 0.11591022656234436, 0.10082246373278557, 0.12248447102494499, 0.1006419163246234, 0.12449148678663001, 0.11080127125136753], [0.11652355663283201, 0.10361661774804481, 0.10443992836825237, 0.11507140421379732, 0.1013079042998257, 0.12214822814591485, 0.10085869309316989, 0.12480243594606297, 0.1112312315521001], [0.1164760379774221, 0.10363862606656163, 0.10445580878502383, 0.11502456905493426, 0.10134846344693371, 0.1221837643599152, 0.10090778477574255, 0.1247242996282395, 0.11124064590522724], [0.11642390981903834, 0.10369654072080108, 0.10449103687261116, 0.11493810908313515, 0.10144704292023067, 0.12218231893851283, 0.10098199571050802, 0.12453698860424449, 0.11130205733091826], [0.11625067013656339, 0.1037137840231154, 0.1044677156876936, 0.11470284527362686, 0.10153875604620231, 0.12213825758273787, 0.10103435217924166, 0.12480732153649231, 0.11134629753432677], [0.11666664268450566, 0.10356690376804768, 0.10449932965114349, 0.11548307965155652, 0.10111365906683059, 0.12234792323340993, 0.10087630934940597, 0.12445198303545017, 0.11099416955964996], [0.11648438451897977, 0.10354761080561528, 0.10441562099244094, 0.1151502075986747, 0.1011925448151616, 0.1222668015005984, 0.10085764049238975, 0.125, 0.11108518927613951], [0.11614953655799226, 0.10370430421321625, 0.10445079253380576, 0.11460537347845118, 0.10155398112574242, 0.12214681655095072, 0.10106445581028542, 0.125, 0.11132473972955602], [0.11671510617992477, 0.10355275930382792, 0.10453410610805712, 0.11566382839894739, 0.10103746118736111, 0.12252486606669229, 0.10089888126657123, 0.1241880873731307, 0.11088490411548747], [0.1164990936995568, 0.10355077495200322, 0.10444750964703085, 0.1152449837607355, 0.10116482465910367, 0.12232448424423578, 0.10089999058637242, 0.12484448504410531, 0.11102385340685644], [0.11637459804120616, 0.10357981427249885, 0.10445650455934342, 0.11510011947013041, 0.10124267662605135, 0.12241498058795086, 0.10098360012740794, 0.12480171710050732, 0.11104598921490368], [0.11628116341000912, 0.10366184310890493, 0.10450936150161627, 0.11496902603438149, 0.10138353827277236, 0.12244486457195305, 0.10110683895511753, 0.12452402946567964, 0.11111933467956545], [0.11634671246012149, 0.10354958026330978, 0.10450659694195227, 0.11530131998553383, 0.10113383222201258, 0.12262825459452037, 0.10108726796673362, 0.12460802846990765, 0.1108384070959084], [0.1159873142889077, 0.10368904083266693, 0.10451569583528848, 0.11469605356096213, 0.10149083110260297, 0.1225403493054771, 0.10127884750843649, 0.12472226146648387, 0.11107960609917411], [0.11595309647825343, 0.10358435305451676, 0.10446879150291108, 0.11479974063379256, 0.10132183134140145, 0.122728048685787, 0.10125089871976906, 0.12500000000000003, 0.1108932395835689], [0.11651328001342412, 0.10321020268587511, 0.1044293977642003, 0.11606754859759602, 0.1004569739929353, 0.12330337361901009, 0.10092857446091177, 0.12499999999999999, 0.11009064886604715], [0.11598069678851423, 0.10358020981562081, 0.1044922913936226, 0.11489637298586672, 0.10128499823417755, 0.12282054305528672, 0.10127636793659395, 0.12483018692392046, 0.11083833286639695], [0.11637322876440095, 0.10324636981265038, 0.10448555562798557, 0.1160189682974248, 0.10050801294118394, 0.1234768911632704, 0.10110296401847504, 0.12476265114343837, 0.11002535823117054], [0.11581855994942324, 0.10361573335773498, 0.10452854450518681, 0.11478165885851499, 0.101355842632355, 0.1229254400600623, 0.10142272253520522, 0.12475584038738535, 0.11079565771413208], [0.11619291862915682, 0.10332877281697372, 0.10447746170173801, 0.11564874353138886, 0.10072604150155404, 0.12320095885021337, 0.10118631202715402, 0.125, 0.11023879094182118], [0.11601123199076463, 0.10341736417465881, 0.10447661157389386, 0.11529441338928084, 0.10094691882024207, 0.12314402085362146, 0.10126629140036261, 0.125, 0.11044314779717573], [0.11614768548099431, 0.10335184694282894, 0.10450375384370564, 0.11562699500433775, 0.10075849184797761, 0.1232179577665237, 0.10125305032350046, 0.12491130753637268, 0.11022891125375893], [0.11575512203289066, 0.10361307326261279, 0.10455840127209844, 0.11482051225777293, 0.10133326258535365, 0.12308314478008003, 0.10151185579004786, 0.12462527731537319, 0.11069935070377045], [0.1157489312425839, 0.10340948625847664, 0.10449420015385166, 0.11515100754879778, 0.10096448098871659, 0.12347691826162634, 0.10145743713202154, 0.125, 0.11029753841392556], [0.11577948805865759, 0.10341103187312388, 0.10452720568074476, 0.1152552594481736, 0.10093140365483338, 0.12354289922084775, 0.10149890390617006, 0.12482104275869876, 0.1102327653987502], [0.1156071501616438, 0.103472904775524, 0.10451162111801005, 0.11492560783217617, 0.10110939897460818, 0.12343644924879121, 0.10155633763763723, 0.125, 0.11038053025160934], [0.10630745164311349, 0.11757251508983471, 0.12493126196199841, 0.11610753411746544, 0.11336245028116806, 0.10445441911608055, 0.12126461750546062, 0.09714500796315581, 0.09885474232172288], [0.10684710789730628, 0.11711092301812351, 0.12499999999999999, 0.11679182255574672, 0.11286306086800367, 0.10510667357079959, 0.11962283603173605, 0.09750928442489275, 0.09914829163339134], [0.10659295809849982, 0.11735101980421989, 0.125, 0.11640313476011087, 0.1130642201172061, 0.10480956060579477, 0.12041037870329198, 0.09735221258619137, 0.09901651532468517], [0.10627715906182121, 0.11751934162601445, 0.125, 0.1161513553897998, 0.11331487110898758, 0.10446149561548057, 0.12128340574057862, 0.09715482732074654, 0.09883754413657123], [0.10628215160432464, 0.11748097501072768, 0.12495385445136226, 0.11620115720507476, 0.1132796715584549, 0.10449623009733192, 0.12126328933392615, 0.09719077732586556, 0.09885189341293213], [0.1062065678623347, 0.11749887031404395, 0.12470267039756712, 0.1161621861746031, 0.1133482004285955, 0.10444358241164818, 0.12157280711688123, 0.09721160473440887, 0.09885351055991734], [0.10669859021074897, 0.11712287119901457, 0.12468622854736569, 0.11670166001401523, 0.11284347666081837, 0.10507216212359782, 0.12013410412588743, 0.09759416904585178, 0.09914673807270015], [0.10691779129588672, 0.1168482783253139, 0.12465914536741005, 0.1170816151311673, 0.11263414225799685, 0.10537450766809905, 0.11947689296886546, 0.09775373271126109, 0.09925389427399958], [0.10624128487694852, 0.11725471342501669, 0.12462659689269709, 0.11646866493970784, 0.1131035840762725, 0.10465078970601102, 0.12133956927110057, 0.09739865387139478, 0.098916142940851], [0.10630938020707352, 0.1170557173872535, 0.125, 0.11669763646704298, 0.11285387827084312, 0.10481228679272404, 0.12088633055109779, 0.09746529003855199, 0.09891948028541309], [0.10628513843640053, 0.1169916817344931, 0.12486646040282928, 0.11677563090429904, 0.11281151159144548, 0.10485143331129837, 0.1209469240937256, 0.097532030935075, 0.0989391885904336], [0.1059003148222023, 0.11725089914770483, 0.12428588907649304, 0.1161866299606968, 0.11333332736611874, 0.1043633059241736, 0.12246215221397193, 0.0973746792406243, 0.09884280224801423], [0.10658959544432119, 0.11666703249749152, 0.12477081206902114, 0.11718836038887168, 0.11241435498877225, 0.10529310032897524, 0.12015194194696335, 0.09780374350986995, 0.0991210588257137], [0.10686408789218496, 0.11624215377530298, 0.125, 0.11751805230991755, 0.1119601773823046, 0.10561910678155147, 0.11986706795503727, 0.09785673600546486, 0.09907261789823633], [0.10659101687394812, 0.11645703467157473, 0.125, 0.11733708784106509, 0.11222034189928293, 0.10534883878182551, 0.12021147760597166, 0.09779031539564348, 0.09904388693068852], [0.1060895874071969, 0.11691736792815655, 0.125, 0.11675538397224192, 0.11280287122052968, 0.10473504814847319, 0.12134321969608279, 0.09750547434433791, 0.09885104728298107], [0.10587051276317863, 0.11706199640332274, 0.1244526555564622, 0.11637881552637545, 0.11313651743076619, 0.10446097372565408, 0.12233616900344245, 0.0974636881227844, 0.09883867146801384], [0.10611655802176825, 0.11687060381641466, 0.12492037356951376, 0.11683082599442642, 0.11275394080207152, 0.10479771720258829, 0.12126601684979928, 0.0975619871933368, 0.09888197655008103], [0.10654276568439947, 0.11638272304327242, 0.12478595568736195, 0.11744773348555033, 0.11214278891308, 0.10537384556054959, 0.12042393059443476, 0.0978566121697275, 0.09904364486162397], [0.10666834788150445, 0.11621651693872548, 0.12471418596135682, 0.11757415475617358, 0.11201912933754804, 0.10551226716174573, 0.12032517663573077, 0.09790664106743784, 0.09906358025977731], [0.10577937356287462, 0.11690497873698118, 0.12466697584114429, 0.11645479442972158, 0.11303729091621338, 0.10446800521364298, 0.12238916491519465, 0.09749885568109758, 0.09880056070312976], [0.105900006147763, 0.11674096052540048, 0.125, 0.11680546633066373, 0.11272175902682317, 0.10469147450596263, 0.121747988089958, 0.0975794698053452, 0.09881287556808381], [0.10644931252010721, 0.1163403492024739, 0.12439697036955658, 0.11754264436048219, 0.11214081814587191, 0.10537475935983577, 0.12073597709263552, 0.09795585233398502, 0.0990633166150521], [0.10640012012154437, 0.11641268949894519, 0.12431409242650966, 0.11747763794301591, 0.11223870737334835, 0.10532277049214821, 0.12080456866646493, 0.09795542294820864, 0.09907399052981476], [0.10602423647627442, 0.1166645759635079, 0.12470631447897638, 0.11701107030499953, 0.11261711322774871, 0.10488166875295722, 0.12144736189891575, 0.09773004003569408, 0.09891761886092579], [0.1066799697502436, 0.11596681002070806, 0.12447442329877255, 0.11783267289993254, 0.11179357806022447, 0.10564063345098841, 0.12054398493581234, 0.09801567929608868, 0.09905224828722936], [0.10569197511255692, 0.11680036221157472, 0.12474111784925823, 0.11645345679469289, 0.11303662000750828, 0.10444425005077997, 0.12252476284482693, 0.09752750507060455, 0.0987799500581975], [0.1062112093643633, 0.11651822938401528, 0.12446561367962769, 0.11730907086782623, 0.1124117044626687, 0.10514633327892856, 0.12101279862134125, 0.09789854418423609, 0.09902649615699294], [0.10680423192437939, 0.11577856362631767, 0.12445566461577966, 0.11804831094922674, 0.11153559848505507, 0.10582392665654572, 0.1204405672840234, 0.09807810959951133, 0.09903502685916102], [0.10654226309638484, 0.11603296474335134, 0.12449219887019361, 0.11780344842260436, 0.1118238893101258, 0.10553709174577709, 0.12075917177178472, 0.0979952367204356, 0.09901373531934264], [0.10632880748103, 0.11632217751392812, 0.12444063328948025, 0.11753526484231795, 0.11215872213808624, 0.10530138763299227, 0.12095265668341926, 0.09794416431313016, 0.09901618610561574], [0.10570226099550935, 0.11669979030929728, 0.12490710605020806, 0.11659968849009682, 0.11287685531565103, 0.10452402454937121, 0.12233820238611057, 0.09757459221060366, 0.09877747969315195], [0.10622819450163995, 0.11643632390063692, 0.12436802829692589, 0.11739986286082353, 0.11232636038320296, 0.1051977857183363, 0.1210777407633031, 0.09793764773669376, 0.09902805583843756], [0.10676844990553408, 0.11572171514595453, 0.1244569295343836, 0.11810101079184064, 0.11149076576543814, 0.10582126108608456, 0.12053953720790801, 0.09808669968082538, 0.09901363088203108], [0.10641490853976325, 0.11612098741140253, 0.12442369786175277, 0.11773869785660247, 0.11192079783662529, 0.10543654905670508, 0.12094429685915879, 0.09799567328990366, 0.09900439128808637], [0.10569238860190351, 0.11662184084530348, 0.12500000000000003, 0.11668227496456257, 0.11278879877976962, 0.10456700412131535, 0.12225984691349732, 0.09761176677050651, 0.09877607900314182], [0.10570894235216648, 0.11655554114658472, 0.12490793435672591, 0.11677464875017118, 0.11272149399765663, 0.10463845185565449, 0.12219016443474931, 0.09768958382908807, 0.09881323927720324], [0.1061932347007708, 0.11617285150520718, 0.12459961723743133, 0.1176200222668027, 0.11204073059281046, 0.10525791804612272, 0.12124815171726572, 0.09793970879529787, 0.09892776513829127], [0.10639886401508111, 0.11592167625003746, 0.12447666567523934, 0.11791491962818623, 0.11171366547752397, 0.10549948018169224, 0.1210974979622509, 0.09802583111095575, 0.09895139969903304], [0.10674639793729858, 0.115415293685274, 0.12479574894986661, 0.11837479512157056, 0.11114631133508104, 0.10592174670977698, 0.12062434767442103, 0.09809037973093811, 0.0988849788557732], [0.10580360164845215, 0.11648153852707725, 0.12468725722710357, 0.1169786887625998, 0.11257541866518837, 0.10480635713066351, 0.12194334720360313, 0.09782582189514308, 0.09889796894016917], [0.10619895205858379, 0.11605801108039672, 0.1247201008240024, 0.1177225715795967, 0.11190665222143692, 0.10529667855077608, 0.12127340044264638, 0.09793704093016911, 0.09888659231239189], [0.1066618652901444, 0.11548910368505765, 0.12454059745472688, 0.1183107897238549, 0.11128060526597729, 0.1058363215511791, 0.1208442227013827, 0.0981124668736617, 0.09892402745401538], [0.10693749665405568, 0.11522260888784806, 0.12448719501823562, 0.11857196616884635, 0.11092456538055342, 0.10616980874556646, 0.12056597910475561, 0.09820339696727601, 0.09891698307286291], [0.10624689972192547, 0.11595830877372722, 0.12474913215909302, 0.11782967730585943, 0.11178235788617688, 0.10536573626616337, 0.12123660105402216, 0.0979553842879039, 0.09887590254512856], [0.10586738499334464, 0.11629399978287812, 0.12499999999999997, 0.1172740826023357, 0.11229835740760455, 0.10495492075499951, 0.12161488346410876, 0.09784715819673594, 0.0988492127979926], [0.10683573614415341, 0.11514212428996974, 0.12466901743984314, 0.11865268335095323, 0.11085485477087818, 0.1061216408819452, 0.12068024748765793, 0.09818934900825656, 0.09885434662634258], [0.10668789824576587, 0.1152030550623685, 0.12499999999999999, 0.1185593581868162, 0.11092872000753337, 0.10595722642499941, 0.12078471343306517, 0.09809196334642456, 0.09878706529302682], [0.10558795607466522, 0.11636189422242706, 0.125, 0.116804911010905, 0.11268707795107225, 0.10464907275580987, 0.12230299669801405, 0.0977919923503531, 0.0988140989367535], [0.1057768592664983, 0.11633418920134365, 0.12459106850732589, 0.11710095579230037, 0.11248080503419558, 0.10489625059799754, 0.12191766704611635, 0.09795932383036704, 0.09894288072385528], [0.10658745019549722, 0.11530525312631713, 0.12452002015275523, 0.11848242937939428, 0.11111782144914834, 0.10586311531131666, 0.121095155380816, 0.09815947956728123, 0.09886927543747394], [0.10612953637596119, 0.1157608861146785, 0.125, 0.1179581889723595, 0.1115962970772152, 0.1053486241418235, 0.12149548349033383, 0.09794546767606403, 0.0987655161515642], [0.10581197665445075, 0.11621289093144936, 0.12460162732310909, 0.11727691953925415, 0.11229849908996416, 0.10497962700044974, 0.1219213781301963, 0.0979841621867213, 0.09891291914440517], [0.10625070151722338, 0.11563740111942761, 0.1247000242290655, 0.11813362712406528, 0.11144727724144733, 0.1055025069254344, 0.1214678817541737, 0.09804312509535115, 0.09881745499381173], [0.1066161480980977, 0.11515642534333223, 0.12470347396876537, 0.11863158150026872, 0.11092077292950696, 0.10594621782591314, 0.12104862286654502, 0.09816683886438868, 0.0988099186031822], [0.10619701124061698, 0.11557876764248902, 0.12475074525598322, 0.11817074974986562, 0.11140076187012253, 0.1054890351782852, 0.12157967439208196, 0.09804906971987387, 0.0987841849506816], [0.1060835270460944, 0.11570812906851684, 0.12478127447795279, 0.11800139695804504, 0.11157775621000142, 0.10535959680886361, 0.12169784118500815, 0.0980123167197582, 0.09877816152575959], [0.10667283745310963, 0.11495314588284652, 0.12471840567795121, 0.11884218130538303, 0.11069365939300692, 0.1060848384921882, 0.12105137620579613, 0.09821901945469316, 0.09876453613502507], [0.10593473058962231, 0.11584040225985309, 0.12499999999999997, 0.11777600280008986, 0.11176795829767712, 0.10518836577956926, 0.12180061832176296, 0.09794309127172494, 0.09874883067970025], [0.10674004274772408, 0.11487941803156403, 0.12459935597900354, 0.11892938851951843, 0.11061079348383214, 0.10617956473631472, 0.12101330176122767, 0.09826938922504265, 0.09877874551577263], [0.10575005233530914, 0.11610656854646678, 0.12453791302331339, 0.11729551388197455, 0.1122495859635186, 0.10498187779826919, 0.12212632470099967, 0.09804329394600858, 0.09890886980414007], [0.1063201897879989, 0.11522345706794651, 0.12490882599573802, 0.11849648377235018, 0.11103365920547617, 0.10568887848829775, 0.12152636898648465, 0.09808512097241073, 0.09871701572329707], [0.10636845111836185, 0.11514006912975801, 0.12491937294609966, 0.11856915428976278, 0.11096534453554384, 0.10574967280419696, 0.12147073407713217, 0.09810243026545479, 0.09871477083368993], [0.10633104879832776, 0.11516665036128823, 0.125, 0.11853640099955566, 0.11098200361029043, 0.10570910195784927, 0.12150213435064405, 0.09807699632824904, 0.09869566359379557], [0.10593352304213469, 0.11569562100210089, 0.12483714467997732, 0.11791798035690744, 0.1116293006494707, 0.10526058481411762, 0.12196292275905775, 0.0980183856100197, 0.09874453708621364], [0.10614833159795517, 0.11543390295963826, 0.12464242160163873, 0.11829931251383323, 0.11127568264788128, 0.10552831101677906, 0.12179625536003401, 0.09811545089914438, 0.09876033140309586], [0.1060920471631592, 0.11547743206761858, 0.1246428316398206, 0.1182331928064176, 0.1113431263788582, 0.10547339601967587, 0.1218761988762464, 0.09810600090771124, 0.09875577414049228], [0.10556088886695363, 0.1159741181622886, 0.125, 0.1171756500230217, 0.11228177112949933, 0.10485497759226366, 0.12233699862671535, 0.09800239183087796, 0.09881320376837978], [0.10618683695838087, 0.11502556379073516, 0.1246780454402628, 0.11869004332783897, 0.11083619815321419, 0.10571443905609877, 0.12199206887371715, 0.09820065913460714, 0.09867614526514497], [0.10645445508253942, 0.11455384114353302, 0.125, 0.11918786728091209, 0.11031790422969442, 0.10608406107156142, 0.12157118322450801, 0.09825117659672716, 0.09857951137052445], [0.10606877163797367, 0.11527070308697092, 0.12438855146166454, 0.11843082447688845, 0.11115698437184329, 0.10556637469361543, 0.12214378122496544, 0.09822338178192438, 0.09875062726415386], [0.10614069296632747, 0.11506301785556024, 0.12456363002504128, 0.11865084529447498, 0.11089218761808078, 0.10568152847839032, 0.12209316801069145, 0.09822350428610331, 0.09869142546533019], [0.10558069549962797, 0.11577848658070578, 0.1247569240382803, 0.11738595875748513, 0.11205168476691067, 0.10496975147343969, 0.12256237252760409, 0.09810519531370872, 0.09880893104223767], [0.10633064050513706, 0.11462213861543863, 0.12473764972857983, 0.11908170038935371, 0.11047176281370846, 0.10596619159106498, 0.12187875264780614, 0.0982854310474766, 0.0986257326614344], [0.10631985998865656, 0.11455966288818092, 0.12479743580845801, 0.11914101928494553, 0.11040158848218239, 0.1059840356685037, 0.12190772462298075, 0.09828978548180826, 0.09859888777428387], [0.1061331017554185, 0.11468364049046495, 0.125, 0.11896634574594486, 0.11050732161551484, 0.10579017592090473, 0.1221711709841162, 0.09820776513941246, 0.09854047834822348], [0.1059579949819514, 0.1151913060925594, 0.12427497776597786, 0.11843366183271564, 0.11113206199638027, 0.10553290238812069, 0.12246272486205806, 0.09827969576011424, 0.09873467432012242], [0.1059940245508613, 0.11512544391419789, 0.12427675723352748, 0.11852563955061052, 0.11104494523005597, 0.10558541945856584, 0.12242906370099867, 0.09829302990834238, 0.09872567645284001], [0.10624543523938466, 0.11435674311311002, 0.125, 0.11930945744805935, 0.11019475954984444, 0.1060075135107634, 0.12208068858877529, 0.09829942202983116, 0.09850598052023168], [0.10575344494721663, 0.11531292065851313, 0.12448707388338591, 0.11810524796021096, 0.11135990300941509, 0.10532205839738032, 0.12269282203656187, 0.09824199383637827, 0.09872453527093784], [0.1059890634852577, 0.1148785306089114, 0.12447677017293002, 0.11875721617353073, 0.11076718202486759, 0.10566981116576009, 0.12250685814097309, 0.09831191077946745, 0.09864265744830192], [0.10609479567601499, 0.11456751365621325, 0.12478985102098647, 0.11908421663441263, 0.11040017849191093, 0.10583471640383631, 0.12239570808918272, 0.09829213856613435, 0.09854088146130834], [0.10623889906279924, 0.1141765178847157, 0.12478456780640637, 0.1195143505859741, 0.1100209125551236, 0.10610600227028581, 0.12225304386197619, 0.09840485037634225, 0.09850085559637674], [0.10572860099904645, 0.11510279293712425, 0.12459892974892894, 0.11829155837777472, 0.11113348127509175, 0.10538480177043905, 0.12282991651165788, 0.09827255136688909, 0.09865736701304781], [0.10562466780363547, 0.11501934436079407, 0.1248174675200875, 0.11825200996346168, 0.11108047772389378, 0.1053246672652406, 0.12302735336856961, 0.09825546461918425, 0.09859854737513303], [0.10550380999669845, 0.11513676083919702, 0.125, 0.11795749389230041, 0.11127272851421201, 0.10516585907179947, 0.1231507948135587, 0.09820802120763719, 0.09860453166459676], [0.10627144970556401, 0.11375907750545547, 0.125, 0.11996590831260838, 0.10954450029736, 0.10631957760002567, 0.12233233228300293, 0.0984578177792957, 0.09834933651668784], [0.10562966932974532, 0.11491821658387201, 0.12482642188097283, 0.11836102662190708, 0.11096745408603967, 0.10537236482951409, 0.12306563512232571, 0.09828231376616516, 0.09857689777945812], [0.10592084241870771, 0.11420607030687838, 0.125, 0.1193428214866853, 0.11004457966725727, 0.10585576943238444, 0.12288212736014062, 0.09834997780648937, 0.09839781152145693], [0.10555200192761217, 0.11486406368972325, 0.12499999999999997, 0.11831882621398043, 0.1109351631290881, 0.10532167032242237, 0.12321373008890163, 0.09826260165479425, 0.09853194297347757], [0.10611220764857121, 0.11376525935786432, 0.125, 0.11987506420271962, 0.10960470393584122, 0.10618498922477837, 0.12264855378663576, 0.09846448701098233, 0.09834473483260717], [0.1057918174464949, 0.11436269964714266, 0.125, 0.11910397945527595, 0.11025419272815082, 0.1057065253541395, 0.1230314539429669, 0.09833335500985657, 0.09841597641597266], [0.10573869522373869, 0.1146042642814105, 0.12457964738896803, 0.11880494686898818, 0.11058122911878929, 0.10559989275440762, 0.12316902013269546, 0.09838454048947949, 0.09853776374152272], [0.10554069070274331, 0.11477731702543896, 0.1248714803814342, 0.11837510723727031, 0.11086407417462155, 0.10535902185486111, 0.12334895886493656, 0.09832278223316979, 0.09854056752552419], [0.10552671979145069, 0.1147810742142837, 0.12479781772571812, 0.11833970737633545, 0.11088677942503032, 0.10535073726758223, 0.12341577773153053, 0.09834374480456726, 0.09855764166350194], [0.10556593136049279, 0.11456117005808313, 0.125, 0.11864963695133196, 0.11059162835912976, 0.10546094850176206, 0.12338183578175774, 0.09833107566391586, 0.09845777332352672], [0.10551209362565434, 0.11474214059023947, 0.12467594418743135, 0.11833771310441799, 0.11087047830653791, 0.1053636700947031, 0.12352988029637232, 0.0983909242371559, 0.09857715555748761], [0.10569998065258226, 0.11433250748455914, 0.12463039010767345, 0.11903256828733391, 0.11030426832148889, 0.10568392825238973, 0.12339504243359632, 0.0984508875654865, 0.0984704268948898], [0.10550780279380546, 0.11465286545665666, 0.12460437485453366, 0.11841120614569904, 0.11078483282471577, 0.10540379555027636, 0.12362592852279027, 0.09843573912749162, 0.09857345472403115], [0.10593421762358869, 0.11376883315478967, 0.12468781261103362, 0.11978529315689641, 0.10965084838951371, 0.10607762522825559, 0.12318236763281716, 0.09854529549800177, 0.09836770670510338], [0.10570122215345287, 0.1142667736088874, 0.12462209441549248, 0.11909874026021047, 0.11023447994321033, 0.10571408928747258, 0.12343117584858387, 0.09847196309435993, 0.09845946138833006], [0.10599632946094767, 0.11352735864429878, 0.12485429182473755, 0.1200440659256943, 0.10942449277452686, 0.1062119041166957, 0.12305181179753169, 0.09857620449065037, 0.0983135409649171], [0.10578131679318148, 0.1138532180391831, 0.12499999999999997, 0.11959305549752938, 0.10971406944222843, 0.10591218055779622, 0.12337983636163291, 0.09846081049760473, 0.09830551281084358], [0.10592579079909824, 0.11348285879810072, 0.125, 0.12004301507478816, 0.10937990832535635, 0.10617100064742685, 0.12316600947419559, 0.0985611783210092, 0.09827023856002488], [0.1055344109141606, 0.1141855190301262, 0.12499999999999997, 0.11898677531939149, 0.11019709821563085, 0.10559538104498142, 0.12370659509822095, 0.09842532421171622, 0.09836889616577206], [0.10573849011194202, 0.11387997410222091, 0.12471035529634643, 0.11952671085029427, 0.10978966599621445, 0.10589628828104622, 0.1235619584908407, 0.09853709053821451, 0.09835946633288048], [0.10588081337274986, 0.11353747067286234, 0.1247607178410719, 0.11997561004365037, 0.10943179966513233, 0.1061361852811491, 0.12337190382884804, 0.09860087132955582, 0.09830462796498025], [0.10559095840671837, 0.11403460315037328, 0.12476295422033606, 0.11919834643994141, 0.11002856998356113, 0.10572116511972868, 0.12376292428951659, 0.09851780971863788, 0.09838266867118658], [0.10553512353126279, 0.11408075771961394, 0.12487591511185055, 0.11908168125334233, 0.11009728207186696, 0.10565012826890559, 0.12382188718689649, 0.09848613491730282, 0.09837108993895856], [0.10557955350816127, 0.11399835466980915, 0.12474826670440567, 0.11921736135938228, 0.10999754815241138, 0.10572934969532417, 0.12381716109668639, 0.09853407638977364, 0.09837832842404602], [0.10587824695636497, 0.11333464784802408, 0.12471596389169208, 0.12017357813255566, 0.1092471642631737, 0.1062292409668148, 0.1234597807458686, 0.09868026177538251, 0.09828111542012358], [0.10550041929214654, 0.1141215985461211, 0.12466854102757825, 0.11895411298114107, 0.1101945722868645, 0.10562363301443659, 0.12394604254600562, 0.09855445558158413, 0.09843662472412223], [0.10559203847582578, 0.11366872206776867, 0.12500000000000003, 0.1195820766372836, 0.10960877741115929, 0.10586130683598728, 0.12387373095870269, 0.09855271345855858, 0.0982606341547143], [0.11148371713957163, 0.11351120108524623, 0.12056353744053147, 0.12499999999999999, 0.10751142502096134, 0.11013257917417107, 0.11248261848148854, 0.09945424716771367, 0.09986067449031592], [0.11153139032608451, 0.11346923878285133, 0.12047830946148357, 0.12491086370968253, 0.10747091603005894, 0.11022676705320425, 0.11245498732076935, 0.09954728753798722, 0.09991023977787827], [0.11100291067849001, 0.11361614291236552, 0.12110686518322882, 0.125, 0.10771873117109962, 0.10965877883300358, 0.11326498083888649, 0.09907472492525017, 0.09955686545767578], [0.11066106492897605, 0.1138170558461584, 0.12151992350803588, 0.125, 0.10791610200844927, 0.10924753503501085, 0.11376058326373198, 0.09874081451491348, 0.09933692089472411], [0.11162758753424831, 0.11305033458879547, 0.11993605346299542, 0.125, 0.10706969764648201, 0.11076254927559134, 0.11248397201530605, 0.10003828984827645, 0.10003151562830495], [0.11213927195471436, 0.11272030443263141, 0.11919581676734721, 0.12499999999999999, 0.10669598290465639, 0.11143436285743719, 0.11181823385607764, 0.10062894264082571, 0.10036708458631], [0.11111521368044927, 0.11322129490217359, 0.12056038757487059, 0.12490435224445383, 0.10734235786247631, 0.11020296769213296, 0.11335949564628825, 0.09958989879310746, 0.09970403160404774], [0.11109550349819822, 0.11313971784619158, 0.12047912948231837, 0.12500000000000003, 0.10726605237052608, 0.11026767047503935, 0.11341239011012488, 0.09964635970755237, 0.0996931765100493], [0.11044951769996846, 0.11353764098537686, 0.12126605774418579, 0.12450500978419171, 0.10773756558333283, 0.10948262558988105, 0.11458408778741196, 0.09908245017393273, 0.09935504465171857], [0.11113301544416072, 0.1130079553058039, 0.12029632523271974, 0.12479524847429345, 0.10715630172062722, 0.11047743058369738, 0.11349389863543188, 0.09986658877438312, 0.09977323582888256], [0.11045242981620228, 0.11336117907625498, 0.12106143523456377, 0.12466226801689595, 0.10757605723639761, 0.10964711274143375, 0.11464987863467431, 0.09922729571235397, 0.09936234353122353], [0.11059187154006755, 0.11318949273566284, 0.1208239362394611, 0.12500000000000003, 0.1073902938273461, 0.10986798797387648, 0.11435827894326643, 0.09936936768708945, 0.09940877105323014], [0.11077021292099185, 0.11307065528514058, 0.12060500711948274, 0.12470651000369709, 0.10729471010811575, 0.11015111160129555, 0.11418955681007985, 0.09963928017402604, 0.0995729559771705], [0.11220579916162951, 0.11205654037538795, 0.11851564515556368, 0.12500000000000003, 0.10611474275703353, 0.11217548062012372, 0.112130985