[[0.11753104969656071, 0.09959848442132271, 0.11395394094271134, 0.1065900574004071, 0.12064474689614042, 0.12345171034018677, 0.09700032840427675, 0.11925870878082828, 0.10197097311756591], [0.11804183385837368, 0.09845519953851464, 0.11448230091497257, 0.10638433093973511, 0.12142669726131956, 0.12485634486552306, 0.09584256329313356, 0.11937204315365176, 0.10113868617477609], [0.11738828349744815, 0.09961598357283515, 0.11395266879666827, 0.10663356239780601, 0.12047224766688962, 0.12337619995286955, 0.0971403822719321, 0.11943802594742156, 0.10198264589612958], [0.1174936444148589, 0.09942786685526177, 0.11406670100716396, 0.10661352483782846, 0.12046155328725557, 0.1236633622929895, 0.09694509502992968, 0.11947729549113618, 0.10185095678357599], [0.11798486794034427, 0.09834430442476498, 0.11451457851007796, 0.10637584319750117, 0.12142706736577615, 0.12499999999999999, 0.09580701246875473, 0.11949431571336973, 0.10105201037941092], [0.11781646430684684, 0.09859011994679344, 0.11441755644996174, 0.10644992527234616, 0.12115938451985794, 0.12465259430604042, 0.09612548019104848, 0.11955594639368293, 0.10123252861342193], [0.11737209234752659, 0.0995201892116557, 0.11402425969310022, 0.1066524963309121, 0.12033507648602115, 0.12349649946390978, 0.09711201818004538, 0.11957041426375528, 0.10191695402307378], [0.11731491157753395, 0.09937138627618536, 0.11407052929592087, 0.10664281179121708, 0.12033335649438398, 0.12366114913331235, 0.09706115275634082, 0.11974252336575844, 0.10180217930934714], [0.11689397688619549, 0.09984450139573245, 0.11374101179227601, 0.10669634097276215, 0.12011649051741044, 0.12325739042568735, 0.09763888276097692, 0.11968662156618783, 0.10212478368277153], [0.11740704888744369, 0.09889804754620189, 0.11429193319406003, 0.1065953179025372, 0.12065097831066984, 0.12400686050015268, 0.0967022661513448, 0.11999242959648042, 0.10145511791110944], [0.11776068538368901, 0.09817180175336328, 0.11473767704688484, 0.10653847339759462, 0.12136740032255064, 0.12438068038009778, 0.09600173478071819, 0.12009528162198381, 0.10094626531311782], [0.11684024385135093, 0.09976244938643498, 0.11378262520659053, 0.10670907750194779, 0.11997592526798004, 0.12339589512115182, 0.09763788583734617, 0.11983120608339054, 0.1020646917438072], [0.11758449155711168, 0.09837597359890146, 0.11459428714800803, 0.1065624884281091, 0.12108654843674746, 0.12433119879511856, 0.09625899026673251, 0.12012145888006362, 0.10108456288920772], [0.11736287469522604, 0.09861103827399595, 0.11444283583083888, 0.10660615526752575, 0.120752966538278, 0.12412297171328864, 0.09657966118697227, 0.12027498465575857, 0.10124651183811594], [0.11782362247759408, 0.09787819260988886, 0.11509757456990596, 0.10667486491311061, 0.12162742450440073, 0.12379100746062721, 0.09589690003744117, 0.120437613416502, 0.10077280001052925], [0.1170941470370447, 0.09899496623549887, 0.11414753451231871, 0.10660808450683006, 0.1202797069127212, 0.12418545941569283, 0.09696769599341483, 0.12021833975610333, 0.10150406563037548], [0.11770208171763673, 0.09797759222637856, 0.11497870402807896, 0.10665944911152458, 0.12144159282335316, 0.12391121926536841, 0.09602584553733398, 0.12047312857311268, 0.10083038671721295], [0.11752387598626693, 0.09820379385941905, 0.11476348570872591, 0.10663949963260484, 0.12113441898061363, 0.12405593679704495, 0.09626482353973992, 0.12044056871315116, 0.10097359678243358], [0.11658426587821878, 0.09984664644513731, 0.11372413438920335, 0.10677330304217145, 0.11969107574084957, 0.12332506665185357, 0.09791120111318725, 0.12002296764481694, 0.1021213390945616], [0.11740377615263459, 0.09834185800597593, 0.11466417983741026, 0.10665562275941841, 0.1209454714691561, 0.12399955762754077, 0.09644118955531952, 0.1204813280850755, 0.10106701650746877], [0.1170121810169793, 0.09879873683749218, 0.11420180387183317, 0.10659182596489024, 0.12027906366978015, 0.12443344822080205, 0.09689568598376161, 0.1204351671353631, 0.1013520872990981], [0.1173207304423794, 0.09837165189123781, 0.1146030713796188, 0.10664311585785931, 0.12083483533210009, 0.12411087248858747, 0.09650047493732991, 0.12053611141038749, 0.10107913626049975], [0.11650551499116614, 0.09992353853827232, 0.1136842736470826, 0.1067970331754336, 0.11963898443131542, 0.12322182698192032, 0.09802617766504568, 0.12002589748199803, 0.10217675308776589], [0.11713275408915354, 0.09847746681876705, 0.11442609005349914, 0.1066000242243024, 0.12056190413742787, 0.1244355406596129, 0.09664252207321193, 0.12059261522288665, 0.10113108272113862], [0.11695335159533328, 0.09871188781444308, 0.11421945075216362, 0.10658602214267586, 0.12025342462844642, 0.12456130174680152, 0.09687878157953916, 0.12055225383907829, 0.10128352590151875], [0.1166851101446979, 0.09927563355814528, 0.11395809325064067, 0.10669629220558813, 0.11975483413728645, 0.12402329429677347, 0.09747270109559393, 0.12043769937375809, 0.10169634193751607], [0.11653468345485898, 0.0996919821716854, 0.11380397378374643, 0.1067929296149787, 0.11946310182395611, 0.1235421455523768, 0.0978884808068164, 0.12027357969095813, 0.10200912310062302], [0.11735795034379959, 0.09811767180081753, 0.11488085262321882, 0.10674305240105063, 0.12102166133838985, 0.12373103087785269, 0.09640948794073081, 0.12081537260080853, 0.10092292007333158], [0.11705027344057449, 0.09838472735981094, 0.11445994274615297, 0.10661127944184302, 0.12051645986271788, 0.12450569303077878, 0.09665100524401718, 0.12076006495103257, 0.10106055392307227], [0.11659561571611106, 0.09937360650313118, 0.11391501766224124, 0.1067308610351239, 0.11963029143774712, 0.12390340109504412, 0.09761865039647015, 0.12046408503126319, 0.10176847112286806], [0.11673873477432943, 0.09893718005942462, 0.11408171247280255, 0.10663604541131892, 0.11994065193639598, 0.12440977763400733, 0.09719294468458, 0.120621370599757, 0.10144158242738417], [0.11685483383158157, 0.09859753171594854, 0.11423626278753769, 0.10657954947900775, 0.12019507669417191, 0.12474798898372419, 0.09687038352325691, 0.1207263340317373, 0.10119203895303414], [0.11694092312984332, 0.098416085895561, 0.11438135053134112, 0.10659333695134908, 0.12037472214656172, 0.12468452755879429, 0.09672261983082357, 0.12081565996176484, 0.10107077399396104], [0.11631594870349715, 0.0999620312487333, 0.11367137230163678, 0.10686578295339322, 0.1193587175699127, 0.12315415177689701, 0.0982451873963249, 0.12022101172961443, 0.1022057963199903], [0.11654709297670304, 0.09923776676368856, 0.11395614443050359, 0.10672262940350881, 0.11963654492016129, 0.12403943456826928, 0.09756941640650256, 0.12062650252649101, 0.10166446800417188], [0.11630366717779382, 0.09990988108942316, 0.11369913045550335, 0.10687216401177016, 0.1192901195933016, 0.12321812496315537, 0.09823460410605797, 0.12030405176862868, 0.10216825683436588], [0.11693086211421905, 0.09823843708535225, 0.1145620471724039, 0.10666637851706695, 0.12046390537503683, 0.12441998859297679, 0.09669017794053757, 0.1210692360078403, 0.10095896719456651], [0.11672882506629409, 0.09843727063616732, 0.11426507447442479, 0.10657148479249769, 0.12012247055624745, 0.12500000000000003, 0.09685034140013493, 0.12095934715372127, 0.10106518592051256], [0.11653688139933223, 0.09908187621463634, 0.11400977311380486, 0.10670347539417982, 0.11968663528615107, 0.12420332493886746, 0.09747179222262128, 0.12075978617128667, 0.10154645525912027], [0.11726257669156467, 0.09788722471837938, 0.1151468559544706, 0.10687838211101966, 0.12103301251148915, 0.12331100920123733, 0.09643388806262419, 0.1212639547445785, 0.10078309600463653], [0.11678745548965933, 0.09832689535567987, 0.11440929100582153, 0.10662431907685324, 0.12025264341141775, 0.12471569013662102, 0.09679730181412918, 0.12108429757101966, 0.10100210613879841], [0.1170353741376823, 0.09805002773277437, 0.1148580664501188, 0.10679062576595459, 0.12069248039980754, 0.12386774213678801, 0.09661457796686246, 0.12123023614353418, 0.10086086926647778], [0.11686689053138456, 0.09819629298403171, 0.11459692315394775, 0.10669602909787988, 0.1204177649987227, 0.124353938395896, 0.09673231099839781, 0.12120909358505436, 0.10093075625468513], [0.116343616726833, 0.09935639632533985, 0.11390647171501078, 0.1067994791660327, 0.11939742003906219, 0.12381740202494705, 0.09784528712302099, 0.12078121305381154, 0.10175271382594167], [0.11655012993758257, 0.09835153521852386, 0.1143915853698112, 0.1066971793692604, 0.12000008128306199, 0.12453999135926619, 0.09703400399425398, 0.12141654747001415, 0.10101894599822568], [0.11604813902097341, 0.09998832037754629, 0.11368938862528141, 0.10698676739587511, 0.11890354820848768, 0.12302782723772342, 0.09856697835289586, 0.12055690497241922, 0.1022321258087976], [0.1169239601796367, 0.09758939526142191, 0.11525640291876557, 0.10693068007215098, 0.12073466326407228, 0.1236965555478387, 0.0964875585756801, 0.12182265905062584, 0.10055812512980795], [0.11694361744983887, 0.09752947965844062, 0.11532132737254848, 0.1069474968842892, 0.12077497090880866, 0.12366205863704047, 0.09644468856199456, 0.1218550466010461, 0.10052131392599317], [0.11608930392643224, 0.09973184050925597, 0.11377783351413447, 0.10693912499171865, 0.11901845250540147, 0.12329052423848451, 0.09835712250417959, 0.12075778060964901, 0.10203801720074407], [0.11683133468061219, 0.09781730870978156, 0.11504146614435022, 0.106895391325019, 0.12055654449594673, 0.123759622766881, 0.09667946177026683, 0.1217145174551719, 0.10070435265197071], [0.1166200006250893, 0.09814514900565288, 0.11464283654762462, 0.10678992063527035, 0.1201817334737025, 0.12413289968940994, 0.09694416058451509, 0.12164574831297864, 0.10089755112575667], [0.11684171931718598, 0.09763632313695282, 0.11517835522746786, 0.10691698598863182, 0.1206240852787337, 0.12380229181328167, 0.09656386207177327, 0.12185459856132565, 0.10058177860464725], [0.11627023409182455, 0.09894002265144762, 0.11407276874192866, 0.1067842637282674, 0.11948489512167343, 0.12410561741103951, 0.09764736075661191, 0.12125225287452249, 0.10144258462268443], [0.1160972858411833, 0.09957307923978129, 0.1138335212120163, 0.10691597125229639, 0.1190845929141131, 0.12343537634807716, 0.09824383520291527, 0.12089817029798976, 0.10191816769162744], [0.11645992239689007, 0.09821816208957732, 0.11456271089810986, 0.10680985673429225, 0.11997786445396603, 0.1241224712357945, 0.09711269955847074, 0.12179357242208744, 0.10094274021081184], [0.11648448668699962, 0.09814720374924972, 0.11465109551685111, 0.10684267360023048, 0.12003829082352167, 0.12398673619472629, 0.09708038727177226, 0.12186771195295337, 0.10090141420369547], [0.11656125774311231, 0.09779830532398323, 0.1149320905227158, 0.10688621344725228, 0.1202731649512553, 0.12404408974778412, 0.09683495790495968, 0.12200153250518922, 0.10066838785374818], [0.11633821162336266, 0.09834829795985744, 0.11444447155214973, 0.10681132547845075, 0.11979349854948966, 0.12414856813064225, 0.09727540100752302, 0.12181266585176458, 0.10102755984675989], [0.11660017352672844, 0.09760899749966595, 0.1150778722587931, 0.10690247579055498, 0.12041492510379373, 0.12410308141594847, 0.09669103218355718, 0.12206082136347735, 0.10054062085748079], [0.11626126305002726, 0.09848251798740365, 0.11433914321841236, 0.10680963400238638, 0.11967669678353404, 0.12414561745822468, 0.09740707414014221, 0.12176002476307876, 0.10111802859679063], [0.1160140064592344, 0.09936036323743837, 0.113920252755572, 0.10692814145450837, 0.11908423715990613, 0.12352066262265302, 0.09819582671434503, 0.12121568316477684, 0.10176082643156584], [0.11650446841601239, 0.09771646056761116, 0.11493918804160626, 0.10687265435483495, 0.12035047121605856, 0.12413146152235593, 0.09680456910150709, 0.12207805328645722, 0.10060267349355646], [0.11619015509087463, 0.09862547419188042, 0.1142450643032283, 0.10681877833972644, 0.1195789931691754, 0.12407748803082536, 0.09754888940796028, 0.12169727906173651, 0.10121787840459272], [0.11614628766805252, 0.09869255934828855, 0.11420348222420838, 0.1068287160587097, 0.11954580782695336, 0.1240099464215938, 0.0976272133539054, 0.12168064579221384, 0.10126534130607448], [0.11610182216052392, 0.09883494242499283, 0.11413137136372793, 0.10684635552331964, 0.11944736309880294, 0.12391535380184561, 0.09775757515562537, 0.12159638036666882, 0.10136883610449295], [0.1159959046929416, 0.0991607216897897, 0.11398638571426409, 0.10690376540748356, 0.11924402199017692, 0.12362013382496581, 0.09807139431801833, 0.12140803302577938, 0.10160963933658057], [0.11625147506940434, 0.09814463875137204, 0.11453573790162173, 0.10682434646674442, 0.12003634534291596, 0.12404406803741579, 0.0972144088803206, 0.12207061755737814, 0.100878361992827], [0.11614524882290433, 0.09849535418083995, 0.11430530718101527, 0.10682685381318767, 0.11974428327655308, 0.12398223835675011, 0.09750673484429927, 0.12187102925759981, 0.10112295026685052], [0.11592769279069734, 0.09928877114144913, 0.11392965201748542, 0.10693549638916877, 0.11918419988684444, 0.12345555548567436, 0.09822014860078503, 0.12135383372024887, 0.10170464996764667], [0.11625610119123676, 0.09791894691475149, 0.11465547728436848, 0.10681829510105852, 0.12023009427907382, 0.12414310527025706, 0.09705844763567097, 0.12220366201606735, 0.10071587030751558], [0.11613510642818896, 0.09839282550319321, 0.11436371277160422, 0.10683341245724158, 0.11986411858470666, 0.12391894923939334, 0.09745601903224227, 0.12198575963089237, 0.10105009635253737], [0.11602948418292446, 0.0985634545692825, 0.11424433952670772, 0.10684640886776882, 0.11975535487821243, 0.12382498232793362, 0.09764244493058499, 0.12192528936771592, 0.10116824134886955], [0.11594561123716868, 0.0987682528752215, 0.1141309030063479, 0.10687394305353863, 0.11961618126444115, 0.1236934775807799, 0.09784454147506161, 0.12181157511384108, 0.10131551439359958], [0.11590992502816817, 0.09819421943441639, 0.11432835305430342, 0.10681447054491139, 0.12005268380885502, 0.12414134804230206, 0.09743271499931008, 0.12224630987922186, 0.10087997520851161], [0.11572024860201546, 0.09914206982589417, 0.11394311644065248, 0.10698300354779829, 0.11943223354558051, 0.12324071031851817, 0.0982945288625585, 0.12165500741387907, 0.10158908144310337], [0.11565839498540821, 0.09889275163105284, 0.11401252580282209, 0.10696297018479008, 0.1196387043210213, 0.1233956907518395, 0.09814970673956021, 0.12189370650535081, 0.10139554907815497], [0.11581791741799943, 0.09696699651113445, 0.11492238348637314, 0.1067855462023563, 0.12105754611901269, 0.125, 0.09658174965229285, 0.12289171718045597, 0.09997614343037517], [0.11564259099298915, 0.09873026517516714, 0.11405754701956432, 0.10693753521497004, 0.11975409924404717, 0.12355363425933946, 0.09803097137704168, 0.1220237155603629, 0.10126964115651814], [0.11564673911282998, 0.09698948146760203, 0.11485412539135934, 0.10681673286236379, 0.12114078932565933, 0.12474570835505755, 0.09671395474879883, 0.12311204862995703, 0.09998042010637213], [0.11549731536945305, 0.09889394620635503, 0.11397217691461592, 0.10700089020838263, 0.11968560149267422, 0.1233296530360598, 0.09826692459517808, 0.12196557542418468, 0.10138791675309658], [0.11554115706589019, 0.09733706906048774, 0.11450825442004882, 0.1067347045126771, 0.1207332774631466, 0.12499999999999999, 0.09696946154761853, 0.12297344004495198, 0.10020263588517896], [0.11551676270533358, 0.09793343263165745, 0.11427956560817315, 0.10682716683260805, 0.12033569140702764, 0.12432389453735596, 0.09747290836819505, 0.1226583656502549, 0.1006522122593942], [0.11548871066031585, 0.09736810409434708, 0.11448216250553753, 0.10675105603413611, 0.12073765771341956, 0.12490524402399925, 0.09703214355213118, 0.12301188039108076, 0.1002230410250327], [0.11540163849099494, 0.0988018209857453, 0.11397807511521652, 0.10700932354755602, 0.11977943804943321, 0.12337188855036081, 0.09826440233846868, 0.12208095379777847, 0.10131245912444603], [0.1152705052675363, 0.09808059037613757, 0.1141724983738175, 0.10691571912819214, 0.12032830962227493, 0.12398959942265382, 0.09777513414930163, 0.12271499459080008, 0.10075264906928606], [0.11523691422009065, 0.09790786827521442, 0.11422367791756266, 0.10689679454639166, 0.1204650856282509, 0.12412228426470424, 0.09765916426710745, 0.12286874298228455, 0.10061946789839347], [0.11520851288689835, 0.09847634869744805, 0.11403774203116196, 0.10700687027755239, 0.12007425431939554, 0.12355952507709927, 0.0981493829104086, 0.12243313287617119, 0.10105423092386463], [0.10679115805641627, 0.11345157749695671, 0.123200259551885, 0.11495828745757783, 0.10498607638660576, 0.09758210425713207, 0.12296089008475013, 0.09905326885537095, 0.1170163778533053], [0.10685292094575714, 0.11277897016435372, 0.12273167307194405, 0.11565937130557408, 0.1051130439535313, 0.09720655474363217, 0.12398097144917276, 0.09876189501882787, 0.11691459934720702], [0.1068606777386365, 0.11313611148350713, 0.1226162962443852, 0.11535508435395903, 0.10510321871760565, 0.09745893600453427, 0.1235042257694651, 0.09897147356511242, 0.11699397612279468], [0.10676970000800699, 0.11340720233514165, 0.12316560971732352, 0.11497298246417403, 0.10500180113942292, 0.09760937339466644, 0.12302725193010425, 0.09908268495544681, 0.1169633940557134], [0.10676380139369476, 0.11336863218283048, 0.12312227931843875, 0.11500258992805931, 0.10502383542066572, 0.09763195203838139, 0.12304896111355335, 0.09910795960903185, 0.11692998899534443], [0.10664683197744479, 0.11336892193614069, 0.12321128306803565, 0.11484551229302248, 0.10492514708451232, 0.09759699957235037, 0.12330300659032088, 0.09906707512793388, 0.11703522235023897], [0.10681177327414591, 0.11285209888089161, 0.12247009709121699, 0.11557068918207021, 0.10519540365327788, 0.09748138700445583, 0.12379837959102538, 0.09901916464713303, 0.11680100667578316], [0.10679664094656721, 0.11244621560020919, 0.12248856970180354, 0.11591282077959608, 0.10524301735679455, 0.09727858078405054, 0.12431572732424438, 0.09886111624850061, 0.11665731125823388], [0.10665578053676315, 0.11314116875959353, 0.12291828875801669, 0.11507572357206136, 0.10510042920915316, 0.09776240566178429, 0.12336009457945475, 0.09924973102933364, 0.11673637789383942], [0.10672359298301776, 0.11295222771707837, 0.12262632037788161, 0.11535679170789515, 0.10525967745286238, 0.09783312193331065, 0.12329632118766783, 0.0993417522336277, 0.11661019440665855], [0.10668579224867855, 0.1128920571005574, 0.12258292999798404, 0.11536207971104848, 0.10528278034682588, 0.0978880087068787, 0.12338567294568308, 0.09939820644067208, 0.11652247250167182], [0.1062964953057159, 0.11317927750724707, 0.12293080434189801, 0.1144709837509668, 0.10479136823834131, 0.09773240448677235, 0.12418813980237167, 0.09918646341450679, 0.1172240631521801], [0.10672437310151828, 0.11244406105310145, 0.12203331151634597, 0.11586620332795136, 0.10543779800999023, 0.09776518800268331, 0.12400571910460438, 0.09932908749420813, 0.11639425838959691], [0.10663256613842216, 0.1117438033776449, 0.12213580347423823, 0.11640640442336964, 0.10549580670909073, 0.09743674178796116, 0.125, 0.09907540161581842, 0.11607347247345477], [0.10669556444692799, 0.11224468148739178, 0.12193962100961159, 0.11602520590037206, 0.10550381578063296, 0.0977744211545281, 0.12419736409969064, 0.09935654236655014, 0.11626278375429476], [0.10653674897584016, 0.11285506285687841, 0.12261499409380208, 0.11517759017672452, 0.10521423957879965, 0.09794485009275188, 0.12370438522203268, 0.09944603491285889, 0.11650609409031175], [0.10626273093977327, 0.11300437233218939, 0.12273565593272341, 0.11458642953653224, 0.10488209214532855, 0.09782954237841378, 0.1243822112858227, 0.09929548271500682, 0.11702148273420983], [0.10655194836983962, 0.11280923499621777, 0.12255085802819221, 0.11524245583602372, 0.10526351570209601, 0.0979872034330351, 0.12366927782423112, 0.09949240179258975, 0.11643310401777453], [0.10668816947587777, 0.11221615459349618, 0.12178863495707927, 0.1160424659887533, 0.10558885109875732, 0.09794038958143725, 0.12404669867243824, 0.09951870419000823, 0.11616993144215247], [0.10666520878527735, 0.11199157657843446, 0.12178263062183443, 0.11623385064241283, 0.10560936956530999, 0.09782363969737236, 0.12438461299821058, 0.09942756265354474, 0.11608154845760324], [0.1062039660727325, 0.11288957172023413, 0.1225525994037139, 0.11458418125803048, 0.10492156645563713, 0.0979243098718733, 0.12459022266226055, 0.09939188415655892, 0.1169416983989591], [0.10633186082114052, 0.11270742995327453, 0.12244793473965467, 0.11499548675053295, 0.10515065432098541, 0.09801915397722766, 0.12428992175132482, 0.09951615854612274, 0.11654139913973671], [0.10662419942986369, 0.11221050286289769, 0.12176038662758096, 0.11595633321995051, 0.1056282788979666, 0.0981151121686536, 0.12398206734813363, 0.0996837029903797, 0.11603941645457365], [0.10659128937509375, 0.11228079422676232, 0.12187797836674552, 0.11583941006621018, 0.10557554419881689, 0.09811489325783128, 0.12399832381548151, 0.099674288136563, 0.11604747855649553], [0.10641515049437453, 0.11261708493448006, 0.12233815006395364, 0.11521194943626423, 0.10529612046634505, 0.09811412960321533, 0.12404434790687563, 0.099623477462522, 0.11633958963196955], [0.10664014692407581, 0.11177297232432543, 0.1216166440603749, 0.11641639409008542, 0.10575553638746715, 0.0979790529136686, 0.12434413748058197, 0.099597782092421, 0.11587733372699974], [0.10616138065667917, 0.11284085881582016, 0.12240091762340699, 0.1145233305170587, 0.1049439895656192, 0.09802696769022942, 0.12466516487797955, 0.09948831208646772, 0.11694907816673909], [0.1065266240811739, 0.1124423542674868, 0.12210881187332535, 0.11556305061609534, 0.10549257289033907, 0.09819362016297793, 0.12391599206098418, 0.09972729064900654, 0.11602968339861086], [0.10662573847796623, 0.1114328209546103, 0.12168168221478401, 0.116723595306602, 0.10586255997160733, 0.09793850986950675, 0.12445676126784296, 0.09959057548044414, 0.11568775645663638], [0.10665743366230493, 0.11192310635076104, 0.12148533637389718, 0.11628525015268606, 0.10579585279642952, 0.0981710354334311, 0.12402227832036317, 0.09976834009279749, 0.11589136681732949], [0.10654738625253538, 0.1122183896629444, 0.12183027231294762, 0.1158356171829231, 0.10559642029314041, 0.09817279655231072, 0.12411150026911383, 0.09973356961654131, 0.11595404785754328], [0.10614853127480593, 0.11272399073217522, 0.12232331439051526, 0.11463500440651984, 0.10499754216099896, 0.09804700698978905, 0.12481927548388963, 0.0995208864070174, 0.11678444815428869], [0.10651270634127, 0.11235879716057502, 0.12201434040683577, 0.11562743180073715, 0.10553005627835649, 0.09821993987484054, 0.12400896144546428, 0.09976061745761491, 0.11596714923430586], [0.10662340380292785, 0.11142211402666799, 0.12160727332021265, 0.1167338362669272, 0.10590269437949223, 0.09801490619750185, 0.12438031450658874, 0.09966546930979157, 0.11564998818988981], [0.10657579671775212, 0.11202053748948536, 0.12155895387641849, 0.11607604587633008, 0.10571881803613935, 0.09821337737895337, 0.12418047422663285, 0.09979494772759563, 0.11586104867069276], [0.106134389439856, 0.1126492193311435, 0.1222456755151249, 0.11468537892528903, 0.1050347679018288, 0.09808359859710168, 0.12490986867309539, 0.09956297616671296, 0.11669412544984777], [0.10611944102610028, 0.11257515882249823, 0.12216539892574747, 0.11473230448226175, 0.10507172973316017, 0.09812245737388435, 0.125, 0.09960697802914167, 0.11660653160720601], [0.10647141982804174, 0.1121291941506648, 0.12175441848058234, 0.11579784245126078, 0.10563467034085991, 0.09830120897524994, 0.12426347688401865, 0.099860446359504, 0.11578732252981785], [0.10655014272072323, 0.11185038457797537, 0.12136322173619582, 0.11620688820914303, 0.10581152219444735, 0.09829966553471144, 0.12430839803521615, 0.09989388756365829, 0.11571588942792932], [0.10663752772980468, 0.11113247815967617, 0.12146935723797743, 0.11702974763047246, 0.10611635036189301, 0.09819872126201708, 0.12412949481151529, 0.0998709762645024, 0.1154153465421414], [0.10618003256623192, 0.11248563731201613, 0.12209774901921376, 0.11492097437468567, 0.10520182237641203, 0.09821556245628396, 0.12475501749625524, 0.09971176776878232, 0.11643143663011897], [0.10646348247776849, 0.11202151624151051, 0.12162956023356043, 0.11589896298068177, 0.10568312596180593, 0.09831764023364588, 0.12437591080829154, 0.09988745560611298, 0.11572234545662252], [0.10662038169612285, 0.11132439469423874, 0.12136881909266488, 0.11682613680659522, 0.10606399083082077, 0.09827224637241061, 0.1241112243278474, 0.09992339060716497, 0.11548941557213455], [0.10671239382514719, 0.11079388950321763, 0.12148586660212511, 0.11742829757321849, 0.10632223609637435, 0.09825424807841346, 0.12381670855011641, 0.09995724757419408, 0.11522911219719331], [0.1064746663898868, 0.11191599686104373, 0.1214962815281919, 0.11602807207117401, 0.10573820813246398, 0.09831945183394411, 0.12444596307582648, 0.09990144742064966, 0.11567991268681928], [0.10631505351978611, 0.11234037608874871, 0.12196442643412735, 0.11528462432792921, 0.1054451067437738, 0.09837569340884518, 0.12426967878968109, 0.09989307837772117, 0.11611196230938742], [0.10668122123015322, 0.11080758694390913, 0.12136387086488766, 0.11739017852434548, 0.10635048178827283, 0.09835838927027436, 0.12380907317335893, 0.10005677039331316, 0.11518242781148522], [0.10664204187220071, 0.11098523181566469, 0.12132166381506548, 0.11717886723227097, 0.1062598682319826, 0.09836666959122253, 0.12393265693074053, 0.10004753870993532, 0.11526546180091718], [0.10607952319406624, 0.11248388205087065, 0.12228536902245188, 0.11466457365813569, 0.1051592721379424, 0.09835469131938875, 0.12456375239118961, 0.09982830106153859, 0.11658063516441623], [0.10616715695068182, 0.11238135210056957, 0.12191252986605096, 0.11495929916695694, 0.10529962834307516, 0.09837955614341388, 0.12468842924855954, 0.09987590572361454, 0.1163361424570776], [0.10661947259995143, 0.11124558899753387, 0.1211775628255835, 0.11689602861612126, 0.10619422904486349, 0.09848102036496728, 0.12389335335665877, 0.10013234702631954, 0.11536039716800084], [0.10640672020693528, 0.11177759994700802, 0.12135567613779204, 0.11605440671956495, 0.10579724394081601, 0.0984329500742281, 0.12465028639850566, 0.10002013228342697, 0.11550498429172298], [0.10622174073740508, 0.11228255532806654, 0.12182682342630889, 0.11514822036138449, 0.1054291312853117, 0.09847245212561609, 0.12448395725105857, 0.09998100824834681, 0.11615411123650182], [0.10643660842884978, 0.11163040596313577, 0.12116196686311027, 0.11625426163680538, 0.1058917279481317, 0.09845132832878987, 0.12467006542009673, 0.10005558869295772, 0.1154480467181228], [0.10662455630779426, 0.11105159723610136, 0.12116042421310452, 0.11709252699933732, 0.10629526734613164, 0.09851942221868631, 0.12383197654655441, 0.10018843504177244, 0.1152357940905177], [0.10639627923043353, 0.1115888822611625, 0.12113102822309596, 0.1162314654750317, 0.10589702813975747, 0.09849017575805825, 0.1247925846549583, 0.10009459300190496, 0.11537796325559735], [0.10637363616674367, 0.11175320075383625, 0.12132522146820741, 0.11600803973576522, 0.1058241608491254, 0.09853162076048708, 0.12464994884481509, 0.10011406800707189, 0.11542010341394797], [0.10663541156308183, 0.11079225073581227, 0.12109999979161383, 0.11735760312697818, 0.10644415191788106, 0.09859537327120846, 0.12372989279320717, 0.10028692029916654, 0.11505839650105079], [0.10638268407436001, 0.11196363227436883, 0.12152320640017798, 0.11576185299956065, 0.10577301801754836, 0.09862596757872616, 0.12425223339217592, 0.10017936571532418, 0.11553803954775795], [0.10664114722509407, 0.11065609682989944, 0.1210897408355106, 0.11749614790880404, 0.10650449613405717, 0.0985987869557547, 0.1237334136018252, 0.10030313273527919, 0.1149770377737756], [0.1061800104685507, 0.11222374975277588, 0.12169095809836043, 0.11509602207673836, 0.10545859536524639, 0.09857902396079268, 0.12454914036543624, 0.10008274831067128, 0.116139751601428], [0.1065159184922008, 0.11130383536604413, 0.1208396770737114, 0.11668495505745459, 0.10617060350054462, 0.09863670268193063, 0.1243196991983136, 0.10027148642983272, 0.1152571221999675], [0.10654124292378934, 0.11122512150002402, 0.12088662382168146, 0.11680026985023967, 0.10622736595149199, 0.09864915957043795, 0.1241504219501806, 0.10029275664880158, 0.1152270377833534], [0.10652817704586474, 0.11125776180405726, 0.12085997987103927, 0.11674865858992824, 0.10620358229498686, 0.09864729675223598, 0.12423107317249572, 0.10028700076694914, 0.11523646970244275], [0.10636666241928418, 0.11184462827095505, 0.12137344316003991, 0.11584187386674, 0.1058540134358163, 0.09872457336972032, 0.12430644992272641, 0.10028485293711058, 0.11540350261760711], [0.1063349554887785, 0.11146702726165378, 0.1210056339087058, 0.11625071386470508, 0.10594338605330035, 0.09858050291691371, 0.125, 0.10018983810949517, 0.11522794239644761], [0.10633938566298637, 0.11154427093613306, 0.12108244802354164, 0.11615929161890572, 0.10593574990537516, 0.09863785157799776, 0.12482210373033703, 0.10023581293815402, 0.11524308560656923], [0.10599300390857937, 0.11212135305479216, 0.1219623811298988, 0.1148603590332713, 0.10532585788662403, 0.09854118456513675, 0.125, 0.10003861085578004, 0.11615724956591754], [0.1063623843138931, 0.11113292903009118, 0.12097606029900665, 0.11661569014173864, 0.10619584463457941, 0.09877823366052509, 0.12452975505745807, 0.10041623199173762, 0.11499287087097024], [0.10645862464436663, 0.11052342977204986, 0.12092327039143005, 0.11739229508746714, 0.10652966956939465, 0.09878565932521075, 0.1241803156348183, 0.1004909432793686, 0.11471579229589406], [0.1063300192010742, 0.11140071347712414, 0.12092458612600039, 0.11625311772616785, 0.1060746064429939, 0.09883678946676822, 0.1246652067778171, 0.1004396182835072, 0.115075342498547], [0.10632357062468982, 0.11117090597089968, 0.1210147082370585, 0.11650897120002414, 0.10615766873619359, 0.09879693435774929, 0.12462526519069976, 0.10042737766443155, 0.11497459801825369], [0.10601497873006724, 0.1119700021853858, 0.12187622234405714, 0.11501757313045183, 0.10547968772221407, 0.09871086754063606, 0.12476332728259243, 0.1002183058193612, 0.11594903524523426], [0.1064085810387009, 0.11073912118649386, 0.12110346885520924, 0.11709044182747563, 0.10643788434999865, 0.09886184481953887, 0.12404043992117766, 0.1005403055603591, 0.11477791244104604], [0.10637959214242512, 0.1106645948779987, 0.12115084280701753, 0.11712683625173725, 0.10644946000007542, 0.09886150491261564, 0.12410452872814783, 0.10054628605299004, 0.11471635422699243], [0.10631752948961759, 0.11085356788253481, 0.12123686547765704, 0.11682504253655573, 0.10633567919588066, 0.09889376265738614, 0.12422046662324747, 0.10055383435072428, 0.11476325178639629], [0.10630851788883021, 0.11140814005156616, 0.12107338740619217, 0.11614938482091502, 0.10612848867883891, 0.09902669560866657, 0.12431699332990481, 0.10061591816991655, 0.11497247404516982], [0.1062875508765609, 0.11131341026700213, 0.12111936442094517, 0.11623555504494082, 0.10614030437418044, 0.09898603580371663, 0.12440072473009008, 0.10058718795254139, 0.11492986653002245], [0.10627742520457557, 0.11046662639409323, 0.12134704669961968, 0.11718115942074514, 0.10647473271837547, 0.09888870713117046, 0.12425180914956233, 0.10058787614959382, 0.11452461713226433], [0.10626449407253508, 0.11162579033245273, 0.12132930338147228, 0.11576358364862285, 0.10602638693944066, 0.09913773507406122, 0.1238680164775216, 0.1006883974044331, 0.11529629266946045], [0.10623385605939814, 0.11107216662527701, 0.12132174222687342, 0.11641166121681984, 0.10621964244559588, 0.09901091886752986, 0.12433616550758583, 0.10063463093008608, 0.11475921612083395], [0.106253040287715, 0.11074892430448689, 0.12142593710248444, 0.11681836840389499, 0.1063682263727336, 0.09897474017020563, 0.12414615398180577, 0.10063834715591259, 0.11462626222076111], [0.10617316253868822, 0.11024834345923931, 0.12154976941096728, 0.11725097986930764, 0.10650832500536161, 0.09891869973724635, 0.12439749445677753, 0.10063411336157878, 0.11431911216083328], [0.10626001008695098, 0.11146673871778312, 0.12132011035838652, 0.11590003991874712, 0.10614291026750701, 0.0992552717296995, 0.123747329016276, 0.10081768394668118, 0.11508990595796857], [0.10617529201121312, 0.11140974825889247, 0.12157735557707247, 0.1157946913398523, 0.10610041654368065, 0.09926871236120341, 0.12375859178074955, 0.10082831209701586, 0.11508688003032017], [0.10602675114325409, 0.11149127626904473, 0.12199337986366414, 0.11545300396836346, 0.10587167962955016, 0.09911993663029627, 0.12407068794851006, 0.10066211873848603, 0.11531116580883083], [0.10600663595153251, 0.1096448976714304, 0.12168651727815076, 0.11765445745645665, 0.10662851969624924, 0.09886181830929539, 0.125, 0.10063398812986726, 0.1138831655070178], [0.10619317207794822, 0.11133761456480386, 0.12153378324482142, 0.11588618356653083, 0.10617893043391712, 0.09934430992518903, 0.12363601104451791, 0.10090988441979439, 0.11498011072247723], [0.10613151583883938, 0.11048931549837113, 0.12186302217178041, 0.11684411435836396, 0.10648140503722943, 0.0991919750255711, 0.12382567953487257, 0.10086520880496949, 0.11430776373000236], [0.10612900060510036, 0.11130024000278943, 0.12171726536364004, 0.11580140278901307, 0.1061390424837056, 0.0993431234114829, 0.12368103996256957, 0.10090639980713649, 0.11498248557456256], [0.1059941471959011, 0.10985398546712521, 0.12196141994548029, 0.11737339165303215, 0.1065968718979094, 0.09902337063603636, 0.12449568652805743, 0.10076631055141703, 0.11393481612504103], [0.10612029709279894, 0.11070093330802247, 0.12182314049937468, 0.11654995847459224, 0.10640341338531796, 0.09927208478249809, 0.12384519983364968, 0.10091512577960747, 0.11436984684413849], [0.1061687282765382, 0.1109904996765421, 0.12165072761907729, 0.11625146676143426, 0.10634305874651849, 0.09937886491389614, 0.12373630178787057, 0.1009840771452319, 0.11449627507289101], [0.10609812710531037, 0.11122619561296794, 0.12181521475372159, 0.11580352309268756, 0.10616649627449427, 0.0993972321442107, 0.12361865550999096, 0.10096268547892087, 0.1149118700276959], [0.10606492858274909, 0.11122174639067038, 0.12191801209387666, 0.11574407183560287, 0.10613408195279041, 0.09938607518694287, 0.12364964213960583, 0.10094895818878036, 0.11493248362898174], [0.10616068479209333, 0.11106793766843148, 0.12162888497679412, 0.11607027272466608, 0.10634919279126415, 0.09952845053081369, 0.12343448518100485, 0.10111244910560929, 0.11464764222932325], [0.10602692853895634, 0.11118387097549973, 0.12204439596687297, 0.11569957486764486, 0.10612455503989107, 0.09940684054265322, 0.12363107213280816, 0.10096852306031233, 0.11491423887536134], [0.10610335215507011, 0.11075473385228334, 0.12191628418855684, 0.11636617744982702, 0.10643943459460568, 0.09948121684908189, 0.12355071481215757, 0.10110282620832398, 0.1142852598900936], [0.10601962602320097, 0.11111520418439645, 0.12207557161091764, 0.11573759086004304, 0.10617420310459119, 0.09947143049357397, 0.12353779813726382, 0.10103650354362859, 0.1148320720423845], [0.10597141704302745, 0.11002806633284386, 0.1222796210056323, 0.11706083815114696, 0.10660507752904075, 0.09928183454926487, 0.12387178066191884, 0.10099133587465577, 0.1139100288524692], [0.10608703690461459, 0.11069040318554854, 0.121983065066606, 0.11640527184338247, 0.10646304421046017, 0.09949779070146113, 0.12351436249872844, 0.10112478926342265, 0.114234236325776], [0.10590298166123711, 0.10972957764515782, 0.12234603782314264, 0.11730383889625404, 0.10666357693331148, 0.0992153774413693, 0.12415405089879827, 0.10095724818482145, 0.11372731051590786], [0.10601019620710204, 0.1102244642380858, 0.1222892236259585, 0.11685481889470456, 0.1065949758709347, 0.09941095192624559, 0.12353597983128939, 0.10109336532790805, 0.11398602407777138], [0.10588712954954985, 0.10973484417925126, 0.12244216933061827, 0.11724933945415245, 0.10668211218477341, 0.09927706156384442, 0.12401887692140807, 0.10101415430321413, 0.11369431251318816], [0.10607799679637503, 0.11073239496474403, 0.12200221847851346, 0.11625871153802804, 0.10650179410906417, 0.09965542814587658, 0.12326017347176736, 0.10126514144412571, 0.11424614105150561], [0.10600476690103111, 0.11028841951263584, 0.12234038554967007, 0.11672242767333496, 0.10661413441176577, 0.09952165347828872, 0.1233537721160072, 0.10118923216534652, 0.11396520819191985], [0.10589076167990955, 0.10982206697997204, 0.12251445934502535, 0.11712460963626142, 0.1066865024235834, 0.09936151114824128, 0.1238064685213495, 0.10108442799165353, 0.11370919227400411], [0.10603953630871882, 0.11055231304491137, 0.12218841038904875, 0.11639653674019196, 0.10657556190776211, 0.09967341673206155, 0.12322420693034795, 0.10130116580254529, 0.1140488521444122], [0.10605256623809758, 0.11063740780643913, 0.12211204099046628, 0.11629786549934845, 0.10655687701781426, 0.09970946927247407, 0.12317041359800117, 0.10132494061347593, 0.1141384189638831], [0.10603167757979291, 0.110528026884964, 0.12222168539345128, 0.11639627154218604, 0.10659540873902858, 0.09970203771098858, 0.12317709168568078, 0.10133007969283848, 0.11401772077106913], [0.10582219201246161, 0.10961592235345052, 0.12270181950069413, 0.11721972765478864, 0.10676682736888383, 0.09941120647217538, 0.12378271963271019, 0.10115008865862955, 0.11352949634620618], [0.10605685959631003, 0.11071809344487694, 0.12203335047566716, 0.11615179180888485, 0.1065586581491666, 0.09980468888606149, 0.12299623082168519, 0.10140271089471478, 0.11427761592263296], [0.10595398180211674, 0.11018634361073425, 0.12254338489293543, 0.11666372640491901, 0.10671475255476133, 0.09970018269563415, 0.12307817259157901, 0.10136414337185581, 0.11379531207546431], [0.10936221881831126, 0.10702520913671433, 0.125, 0.12434993304732271, 0.11011626961466711, 0.09880397922012132, 0.11154478014426586, 0.10075506634648668, 0.11304254367211075], [0.109365355432862, 0.10695630443144552, 0.12491068292909588, 0.12443342008386432, 0.11019680491646534, 0.09887676005663508, 0.11146057378878742, 0.10083090284403934, 0.11296919551680513], [0.10922287246154323, 0.10753380960995325, 0.12425358361368917, 0.12375943206174259, 0.10978475308279881, 0.09870676376106427, 0.11260135356658292, 0.10064981646179678, 0.11348761538082897], [0.10917330063064357, 0.10799154376289896, 0.123707977853721, 0.1232316218010073, 0.10950612535663021, 0.09860939349157831, 0.11337601187450222, 0.10053511269034134, 0.11386891253867708], [0.10922662721799113, 0.10646244360367768, 0.1243500963135075, 0.12499999999999999, 0.11069784333030405, 0.09935603314051643, 0.1111154126768452, 0.10134770334518019, 0.11244384037197766], [0.10948366889596134, 0.10606357128431582, 0.12362013789768621, 0.12499999999999999, 0.11144467958534775, 0.10007675675385026, 0.11027924132208336, 0.1020600602603625, 0.11197188400039261], [0.1090246762798321, 0.10697049484893707, 0.12434372176905087, 0.12416303007025356, 0.11021071305070224, 0.0990718117125262, 0.1122300516529555, 0.10106134452170508, 0.11292415609403737], [0.10898590830159674, 0.10690113304554173, 0.12428144089679077, 0.12417582698377648, 0.11028218778725557, 0.09915250264348494, 0.11222520938986087, 0.10114947107326172, 0.11284631987843116], [0.10885840276198792, 0.1078140353521996, 0.12335149124033863, 0.12303114725644552, 0.10967224305591054, 0.09892035118060916, 0.11386639225094528, 0.10088355909770694, 0.11360237780385626], [0.10892637443609812, 0.1067375908474363, 0.12416412145869309, 0.12422024263490557, 0.11045741309394151, 0.09933568343592095, 0.11214450191502535, 0.10134708206424851, 0.11266699011373076], [0.10878436081941194, 0.10762449896687719, 0.12336840648101577, 0.12310929295816568, 0.1098231896102237, 0.09906556715445669, 0.11377041721222331, 0.10104564665810521, 0.1134086201395205], [0.10879463801797186, 0.10734635254295667, 0.12360790652072404, 0.123407255585452