[[0.11795741878947903, 0.10328559765029752, 0.10497059133173949, 0.11434334097358065, 0.10104854376246514, 0.1208933688898451, 0.10042738737038923, 0.12354009529804696, 0.1135336559341569], [0.11848138134012348, 0.10264600580320156, 0.10461383308886878, 0.11487554038109775, 0.10013203506657087, 0.1216524228603277, 0.09965793507496416, 0.12486541956298136, 0.11307542682186444], [0.11783794671655061, 0.1033423993154927, 0.10504905337360783, 0.11438239446211737, 0.1011155479006135, 0.12073972527049223, 0.10062297425172961, 0.12347212616821489, 0.11343783254118123], [0.11794491200046409, 0.10324263250728194, 0.10499952294551122, 0.11449524857481373, 0.10096521406085424, 0.12073439592936434, 0.10049421470160395, 0.12374371836778904, 0.11338014091231745], [0.1184409742602643, 0.1026090486963583, 0.10461548602805754, 0.11493518475761455, 0.10007739100251441, 0.12165937049866941, 0.09969743118765689, 0.12499999999999999, 0.11296511356886452], [0.11828101119923957, 0.10276953009072946, 0.10473240132225514, 0.1148579236803198, 0.10029800144571537, 0.12140775051431886, 0.0999621712563314, 0.1246750604344794, 0.11301615005661099], [0.11783625149949584, 0.10332156031009967, 0.10507059082445727, 0.11447640249293776, 0.10107063894265365, 0.12061893767586496, 0.10066555119335265, 0.12358798766298239, 0.11335207939815581], [0.11780157605329718, 0.10327120017477574, 0.10507263496497248, 0.11455906140343866, 0.10099433908775975, 0.12062887549044335, 0.10071299659694467, 0.1237459329535293, 0.11321338327483886], [0.11739407848337896, 0.10353607156778648, 0.10522272872039894, 0.11425846778510422, 0.10139647143743104, 0.12041777893687527, 0.10114896200181851, 0.12336490083111622, 0.11326054023609038], [0.11792253933817476, 0.10305359545962692, 0.10499533847060294, 0.11482300412674427, 0.10067012628553666, 0.12094623625684109, 0.10057647998082417, 0.12407428539474584, 0.11293839468690335], [0.11828433288454497, 0.10268616456085303, 0.10483299001849661, 0.11526901913829748, 0.10011238863332378, 0.12163016024438364, 0.10015065521582109, 0.12442547815286788, 0.1126088111514114], [0.11735883367706693, 0.1035223354888707, 0.10524651157192591, 0.11432829909943719, 0.10136641116369402, 0.12029522819716054, 0.1012167810490677, 0.12349784332332811, 0.11316775642944867], [0.11811664060313987, 0.10280077387350796, 0.10489898757765026, 0.11514459933147302, 0.10028655739229762, 0.1213673841383182, 0.10035046938216799, 0.12437919306630049, 0.11265539463514442], [0.11791406458341015, 0.1029608587895464, 0.10500934494804846, 0.115027787267826, 0.10051559375561923, 0.12105948526168003, 0.100634762669391, 0.12418626897554312, 0.11269183374893557], [0.11837989789235713, 0.10265076639128508, 0.10494774805943663, 0.1156708211459021, 0.09998053388275983, 0.12188884899423237, 0.10026572412503795, 0.12388472226648647, 0.11233093724250236], [0.11764782717972343, 0.1031495847609615, 0.10508278004569471, 0.11474143238673651, 0.10081620815241295, 0.1206102888957528, 0.10087948605954662, 0.12424250511955934, 0.11282988739961233], [0.11826629651635392, 0.10269898170085039, 0.10496367315998194, 0.11556869460434857, 0.1000667417307918, 0.12171669949230253, 0.10036616573410097, 0.12399539480410006, 0.11235735225716995], [0.11809134562186856, 0.10279730305772344, 0.10498890293334834, 0.11536597305196278, 0.1002377399665421, 0.12142783303426366, 0.10051519275496111, 0.12412759521266002, 0.11244811436667002], [0.11711854163109901, 0.10357379869027393, 0.10531798481899865, 0.11430014713819418, 0.1014435156800155, 0.12033893624246934, 0.10147882035656955, 0.1234314003670893, 0.11299685507529038], [0.11797879754363237, 0.10287870317378195, 0.10503744055624381, 0.11528187424379595, 0.10035983459524356, 0.12125239247128727, 0.10065694126285563, 0.12407528943536843, 0.11247872671779097], [0.117587837781065, 0.1030563173187967, 0.10505811071227887, 0.11482960515868296, 0.10068697872168461, 0.12076414015303348, 0.10090505753409652, 0.12447427780952874, 0.11263767481083309], [0.11790487017175758, 0.10289872688255543, 0.10504695536480986, 0.11523573867855604, 0.10039719298487017, 0.12115166730988995, 0.1007182496775595, 0.12417850583574402, 0.11246809309425744], [0.11704137285847024, 0.10361651269680938, 0.10535012995320223, 0.11426447918032934, 0.1015054377522259, 0.12033967894894707, 0.10156907785687694, 0.12333399952683327, 0.11297931122630563], [0.11772977458502412, 0.10294241962241346, 0.10504841225438535, 0.115081167968775, 0.10049017826709905, 0.12092707776224834, 0.10082722906572858, 0.1244783756998691, 0.11247536477445697], [0.11753828737815421, 0.10300754982364035, 0.10504264405923773, 0.11486205660335343, 0.10062285207022253, 0.12087557427655617, 0.10092458046273298, 0.12459319208091975, 0.11253326324518283], [0.11724248240331177, 0.10325845674051244, 0.10516807200816233, 0.11456942817625251, 0.10100001577782847, 0.12074352420713244, 0.10125517789786502, 0.12408876583918498, 0.11267407694975003], [0.11707072928566542, 0.10346496514064324, 0.10528226283065126, 0.11438854170299906, 0.10129455159369123, 0.1205728689009706, 0.10149204907721195, 0.12363446068252035, 0.11279957078564684], [0.11797131082339861, 0.10285537667274446, 0.10512742101086275, 0.11555129624717246, 0.10027528114108278, 0.12134096778355442, 0.10080720868611923, 0.12383287992939934, 0.11223825770566594], [0.11765919550865758, 0.10289423422703735, 0.10504465970561454, 0.11513373248183505, 0.10042336689508455, 0.12108482958277883, 0.10087782064266293, 0.12454355526663255, 0.11233860568969663], [0.11715089766251265, 0.10330339005768018, 0.10520179542118376, 0.11452641640124978, 0.10106675536205148, 0.12076377524145271, 0.10135857730678606, 0.12397585394272424, 0.11265253860435914], [0.11731785903306498, 0.10309305477950396, 0.10509095498684994, 0.11472269141775547, 0.10076421391759718, 0.12092831759109846, 0.1011260893870016, 0.1244511529053317, 0.11250566598179672], [0.11745293073477332, 0.10294024979110296, 0.10502153658978022, 0.11490006870753423, 0.10053625637678333, 0.12104014793412331, 0.10096212904203405, 0.12476649407070314, 0.11238018675316523], [0.11755095099241858, 0.10288208499505094, 0.1050241683923302, 0.11505949874923962, 0.10042834220745539, 0.12113239152431701, 0.10091712389593242, 0.12470840709017374, 0.1122970321530823], [0.11685560458168205, 0.10362230407477689, 0.10539228933672382, 0.11426596247927603, 0.10151797404007448, 0.12051799398177235, 0.1017662767583236, 0.12326885893486095, 0.11279273581250984], [0.1171152513273375, 0.10323295531077371, 0.10518066766151936, 0.11458818184024402, 0.10096936370470085, 0.12092046519568923, 0.10136991296167046, 0.12410399854251677, 0.11251920345554813], [0.11684387401137046, 0.1035865401421353, 0.10538065771016705, 0.11429653815587683, 0.10146845226739534, 0.12059575901771548, 0.10176861406249085, 0.12332881312230966, 0.11273075151053903], [0.11756042288181005, 0.10283466832657222, 0.10506986750350582, 0.11526759701673675, 0.10032639621171315, 0.12137591744409185, 0.10099536099695457, 0.12446524155950009, 0.11210452805911555], [0.11734480662846385, 0.10284769013364976, 0.10499281680163365, 0.11495708267622326, 0.10041548433134005, 0.12126026784182009, 0.10100679940844734, 0.125, 0.11217505217842201], [0.11711718431595317, 0.10315462844685723, 0.10515007545322487, 0.1146596863765128, 0.10085904176502834, 0.12105053105718544, 0.10134132009471407, 0.12425795171221057, 0.11240958077831369], [0.11791606970377885, 0.10282842516753485, 0.10523936624877771, 0.11586961038650379, 0.1001771355171018, 0.12157949641399604, 0.1010096848314481, 0.12345365923351385, 0.11192655249734501], [0.11741350485360144, 0.1028314863228374, 0.1050319049450304, 0.11511417173519047, 0.10036020916918945, 0.12138279495048143, 0.10103119973181972, 0.12473736332315985, 0.11209736496868987], [0.11768255676682972, 0.10282234572042741, 0.10516394372377666, 0.11558310175036979, 0.10023990509912663, 0.12153655633057966, 0.10106105174788053, 0.12395974615975831, 0.1119507927012513], [0.11750454811658896, 0.10281784948803686, 0.10508601130920373, 0.11531542189286427, 0.10029777546822574, 0.12150631081047325, 0.10106096428215298, 0.12440459135758994, 0.11200652727486428], [0.11691547376166997, 0.10328847347520678, 0.1052473020682951, 0.11455183454099563, 0.10105046123641909, 0.12105991409066774, 0.10159997779730012, 0.12389552668163994, 0.11239103634780566], [0.11718935687661848, 0.10283309646813525, 0.10507868967218864, 0.11512304794671185, 0.10036747350472706, 0.12168763322340478, 0.10125679359455521, 0.12457479070093348, 0.11188911801272522], [0.11659186065349861, 0.10361500985417908, 0.1054587224851532, 0.11430534721270035, 0.10150748955459003, 0.12082677141555555, 0.10206621435738869, 0.12314761383812294, 0.11248097062881154], [0.1176173579246184, 0.10265667111213245, 0.10521956310379503, 0.11603595989507447, 0.09994283233418014, 0.12209546120345562, 0.10117614847344368, 0.12380846750765331, 0.11144753844564703], [0.11764104414608745, 0.10264039020505583, 0.10522783255774885, 0.11610337209662963, 0.09990755370429885, 0.12212729961848061, 0.10116723489536722, 0.12377788183917036, 0.11140739093716119], [0.11664899423015929, 0.10348028377801098, 0.1053914113700953, 0.11441617985500868, 0.1013189604988995, 0.12102423892440463, 0.1019619104980543, 0.12339789823040136, 0.11236012261496614], [0.11751110393298364, 0.10272615589496217, 0.10520841866041948, 0.11581250209991584, 0.10007936218036988, 0.12198792442263286, 0.10124319293879934, 0.12386284284891996, 0.11156849702099704], [0.11727847808387458, 0.1027914557163382, 0.10514012689265706, 0.1153977400481909, 0.10025532983594719, 0.12190931624755497, 0.1013010892839254, 0.12420103406311152, 0.11172542982840021], [0.11753502635383033, 0.10265688797804749, 0.10520671828754646, 0.11596239803410384, 0.09996174321689409, 0.12212190107705032, 0.10121779177730318, 0.12390407545446573, 0.11143345782075856], [0.11687889646032999, 0.10308506992987866, 0.10519113483014599, 0.1147736339560705, 0.10075699319831113, 0.12151355571653986, 0.10159189802429712, 0.12416797613069737, 0.1120408417537294], [0.11666861669746349, 0.10339944214141963, 0.10535632905742728, 0.11448862640279074, 0.10120484952369158, 0.12116140483907004, 0.10191712540299284, 0.12353578592597247, 0.11226782000917189], [0.11712084246508067, 0.1028045412996637, 0.10515222971656002, 0.11532715990444038, 0.10029081938388347, 0.12204171915235491, 0.1014250714943773, 0.1241903835426413, 0.11164723304099829], [0.11715191446158839, 0.10279020996944324, 0.1051734337070755, 0.115423065854352, 0.10025186865720803, 0.12211321401064142, 0.10143831541257933, 0.12406615365105188, 0.11159182427606024], [0.11725560541714054, 0.10267041585564833, 0.10518066107380133, 0.11573169937910205, 0.10003648642407581, 0.12224824923942432, 0.10137943826063145, 0.12412274294514467, 0.11137470140503151], [0.11699407147557418, 0.1028427232255444, 0.10515844359557262, 0.11520721715983753, 0.10036633171930369, 0.1220540068326928, 0.10151520604679005, 0.12421303749374876, 0.11164896245093599], [0.11730960639383657, 0.10260641204114124, 0.10518133535098045, 0.11589132110256457, 0.09992238784155114, 0.12230905862572153, 0.1013375463434932, 0.12417883340019137, 0.11126349890051995], [0.1169105883092472, 0.10289256047260367, 0.10516869607823986, 0.11509615004571996, 0.10045287949161881, 0.12200076867980537, 0.10157936998193864, 0.12420910170870472, 0.11168988523212177], [0.11660743387212615, 0.1032955217978484, 0.10534144695758949, 0.11461105455038686, 0.10105358316269937, 0.121465596247721, 0.1019684253130164, 0.12361835681179865, 0.11203858128681364], [0.11721350711321787, 0.10263887904825417, 0.10517381716970826, 0.11575772597438369, 0.09999355000728283, 0.1223219195202052, 0.10139751819567198, 0.12420394991046603, 0.11129913306080996], [0.11683334858577815, 0.10295417524783523, 0.10519134549777422, 0.11499646421464063, 0.10055103855832871, 0.121938405738186, 0.1016559387002077, 0.12414483923889591, 0.11173444421835346], [0.11678874909517037, 0.10298762480986894, 0.10520949550735467, 0.11495533681026186, 0.10060153438963136, 0.1219215116529386, 0.1017085357335461, 0.12408178874163517, 0.11174542325959294], [0.11673553690161377, 0.10305181178556505, 0.10523626555038593, 0.11487324806914263, 0.10069837817395993, 0.12183878099897982, 0.10177358207003157, 0.123992600660364, 0.11179979578995727], [0.1166119310849058, 0.10320991998609036, 0.10531549633124873, 0.11470817573465673, 0.10092854808939695, 0.12165378191889129, 0.10194754711306646, 0.1237145390874838, 0.11191006065425986], [0.11694366815815345, 0.10278689300237817, 0.10518083263949247, 0.11534634549467387, 0.1002694650048986, 0.12230239357644103, 0.10159093484213297, 0.12411970244470896, 0.11145976483712049], [0.11681137308214809, 0.10291917036929243, 0.10520603438421464, 0.11508753651646182, 0.10048924279608132, 0.12210641512856231, 0.10170192538715475, 0.12405880241904134, 0.11161949991704333], [0.11654121817791308, 0.10328002526294866, 0.1053602078340538, 0.11465011476557385, 0.10102752306830844, 0.12160040997996188, 0.10205055544857783, 0.12356000035254495, 0.11192994511011753], [0.1169719368963363, 0.1027039362128216, 0.1051685463681765, 0.1154933947636849, 0.10013598820881224, 0.12243258947922814, 0.10155788110578894, 0.12421325656734743, 0.11132247039780392], [0.11681592614703805, 0.10288943785569733, 0.10521350983456693, 0.11516478080801792, 0.10043624417636107, 0.1222172518946196, 0.10171612542319247, 0.12400197343691312, 0.11154475042359353], [0.11670601566838677, 0.10296556665437073, 0.10524585635366726, 0.11504350019935024, 0.10055722568740377, 0.12215717553723432, 0.10182891065822898, 0.12391359891000513, 0.1115821503313528], [0.11661214029178553, 0.10305902223425299, 0.10528720927589247, 0.1149200185984344, 0.10069927462279661, 0.12204628756994991, 0.10194013118020413, 0.12378965581828759, 0.11164626040839641], [0.1166392633127883, 0.10281523510030917, 0.10519943911448461, 0.11518458809104015, 0.10034496979414266, 0.1224672510304541, 0.10182182888183713, 0.12421024161555136, 0.11131718305939273], [0.11638376987175539, 0.10326301016602409, 0.10541677205243148, 0.11473370630712866, 0.10099096490143417, 0.12189418124869705, 0.10225914733166414, 0.1233665031413249, 0.11169194497954014], [0.11635716430770904, 0.10316120563804769, 0.10538579043338248, 0.11483440918223785, 0.1008456220662096, 0.12212606300048552, 0.1022507501782317, 0.12351569604903917, 0.11152329914465697], [0.11669343130781491, 0.10236217446503436, 0.10510524621403662, 0.11588328676241313, 0.09963995046341748, 0.12309274247898558, 0.10164267175882169, 0.125, 0.11058049654947624], [0.11635943593747697, 0.10308755760701066, 0.10535345238606647, 0.11489581775171293, 0.1007427161205205, 0.12225172039079332, 0.10221185302583113, 0.12366443629527656, 0.11143301048531147], [0.11655070976497577, 0.1023985036203133, 0.10514536596876482, 0.11583470029429431, 0.09969663216190228, 0.12329451468663875, 0.1018022977103403, 0.124770285044074, 0.11050699074869645], [0.1162209233096509, 0.10318592348344188, 0.1054256764993261, 0.11481192069839145, 0.10088186315264505, 0.12219663999197357, 0.10240206416928406, 0.12345684617915403, 0.11141814251613293], [0.1164081664520345, 0.10247559332711485, 0.10509412062499617, 0.11546994095594136, 0.0998726879453652, 0.123159197067756, 0.1018379595349221, 0.125, 0.11068233409186982], [0.11633012159160776, 0.10274047483309116, 0.10521199138303881, 0.11519903649204691, 0.10025487966561088, 0.12285920309084505, 0.10205767132937993, 0.12438188279273889, 0.11096473882164065], [0.1163620001175032, 0.10249796467431375, 0.10511305743963553, 0.11544786928495392, 0.0999051569075576, 0.12319442177238984, 0.10189756582481693, 0.12491394414780913, 0.11066801983102006], [0.11614962042415362, 0.10315838382724554, 0.10543068729271333, 0.11483699261636666, 0.10084339491124657, 0.12230842947883808, 0.10246413779791352, 0.12349876415807327, 0.11130958949344939], [0.1161114655598024, 0.10284844745204638, 0.10530858606658648, 0.11510836392310288, 0.10040734579431769, 0.12291249701714281, 0.10234491638863553, 0.12407693250501788, 0.11088144529334791], [0.1161010544514191, 0.10277741254060363, 0.10528315546510779, 0.11517750068088922, 0.10030581924108774, 0.12305738261670207, 0.10231966360418814, 0.12419997173930372, 0.11077803966069857], [0.11602117438816952, 0.10304165167228868, 0.1054147213874024, 0.11494757369568587, 0.10067772526443379, 0.12264617447713731, 0.10254696244074937, 0.12367907979844713, 0.11102493687568592], [0.10676813038994638, 0.117006281429349, 0.12319798352450775, 0.11632668936375967, 0.11343697287671357, 0.1049607659380253, 0.12125665259768872, 0.097547430434358, 0.0994990934456516], [0.10712518913275704, 0.11703590798152352, 0.12399626035904114, 0.11671839956654109, 0.11296232736617541, 0.10541141623986643, 0.1195826381753698, 0.09762355138137278, 0.0995443097973528], [0.10695519287250109, 0.11703569159637049, 0.12351201951719135, 0.1165723136838051, 0.11319792840230565, 0.10520689111061371, 0.12038967581758914, 0.09760243901488924, 0.0995278479847342], [0.10675275653242888, 0.11695592473065525, 0.12316390481137195, 0.11637612859643084, 0.1133964278397026, 0.10498321455586976, 0.12128560408806603, 0.09758391619356933, 0.09950212265190533], [0.10675433049309664, 0.11692579786572903, 0.1231213041313227, 0.11642311796282655, 0.11336259147605847, 0.10501346087533711, 0.12127014968371574, 0.09761773854644676, 0.0995115089654668], [0.10660391975310426, 0.1170165996075654, 0.1232990387869525, 0.11634904517981656, 0.11334172688019258, 0.10487820932472863, 0.12157220380648473, 0.09753292759848135, 0.099406329062674], [0.10694657510672698, 0.11686177342023182, 0.12380728538682603, 0.11681410288054364, 0.11294213290991223, 0.1053421851906595, 0.12010355332534113, 0.09768534088725052, 0.09949705089250813], [0.10709223982423881, 0.11679278567378491, 0.12432683902260626, 0.1170026753151085, 0.11265007273274263, 0.10556384506108617, 0.11934052136301944, 0.09772874058058288, 0.09950228042683039], [0.10661480007650148, 0.11671791719901303, 0.12335643107776943, 0.11663853709228307, 0.11311467647065361, 0.1050559741386252, 0.12136459317658835, 0.09770155765706881, 0.09943551311149701], [0.10672608552986933, 0.11661133861314825, 0.12329655353635956, 0.1168827367534058, 0.11295387079915925, 0.105262369649352, 0.12092927553279521, 0.09783682696769345, 0.0995009426182172], [0.10667050899252398, 0.1165153979819288, 0.12338432578536779, 0.11694498453170388, 0.11288195298929309, 0.10526632627342519, 0.12099529512887365, 0.09786538367644224, 0.0994758246404414], [0.10604148637702426, 0.11711804380673933, 0.12417707066839766, 0.11625177224655585, 0.11301811039827421, 0.10451583797702943, 0.12248091021519134, 0.09736063029613364, 0.09903613801465427], [0.10682774264971535, 0.11644293368960766, 0.12401134289893488, 0.11728957658900037, 0.11251507923175769, 0.10554844461011399, 0.1199892734838895, 0.09791923197759227, 0.09945637486938831], [0.10685053144124994, 0.11617940307269838, 0.125, 0.11755980532512678, 0.11190111391611814, 0.10572726187202222, 0.11980074527723514, 0.09776383342027, 0.09921730567527941], [0.1067965704602037, 0.11631099673401477, 0.1242017931383336, 0.11743947203201581, 0.1123150668247208, 0.10561139800224136, 0.12000936109946482, 0.09792465507844951, 0.09939068663055568], [0.10644608977634681, 0.11646438687908786, 0.12369802342808488, 0.11691081289967556, 0.11279542816535786, 0.10511708652602438, 0.1214121579508887, 0.09781200251192475, 0.09934401186260923], [0.10600379557126598, 0.1169112254548956, 0.12437367389716426, 0.11643888277551069, 0.11283860152211793, 0.10460407735741035, 0.12235472898213377, 0.09745406650548141, 0.09902094793402004], [0.10646747747586938, 0.11639387747089165, 0.12366318464463327, 0.11698263741131734, 0.11275341529022959, 0.10517314526591681, 0.12133540712992943, 0.09786351584150009, 0.09936733946971249], [0.1067339067159926, 0.11619198619879346, 0.12404907972176386, 0.1175491255146659, 0.11224808465129013, 0.10563733409323631, 0.12019038832898107, 0.09800797604678255, 0.09939211872849411], [0.10673946046573407, 0.11611766613172014, 0.12438710517379516, 0.11764107896608053, 0.11204425769641568, 0.10568789715136369, 0.12015150873884221, 0.09793369769571744, 0.09929732798033106], [0.10590748915997178, 0.11681459177689106, 0.1245837590901856, 0.11651175272489138, 0.11269854937996339, 0.10460486177137562, 0.12240656750594299, 0.09749723482768499, 0.0989751937630932], [0.1061421272765416, 0.11645543018974179, 0.12428270487438958, 0.11690934436105387, 0.1125824944755148, 0.10494891558968682, 0.12178921222859136, 0.09774493427578171, 0.09914483672869846], [0.10661530846299692, 0.11603508095631303, 0.1239815748305181, 0.11763541717450501, 0.11220431477901777, 0.10561890606385178, 0.12042131310875014, 0.09810210415596794, 0.09938598046807934], [0.10659023183928908, 0.11604696425583855, 0.12399826627161266, 0.11757384362209644, 0.11228006353922064, 0.10557442831091389, 0.12041728757206542, 0.09811334877361554, 0.0994055658153478], [0.10626866338007362, 0.11627132765744615, 0.12403681538866207, 0.11711397574791238, 0.11251948191143529, 0.10514081307725137, 0.12149312344786643, 0.09790221324797657, 0.09925358614137611], [0.10666477165384813, 0.11588956929287528, 0.12434501714106955, 0.11788476882946239, 0.11179071277033323, 0.10578134758073283, 0.12038766830564616, 0.0980152941361578, 0.0992408502898746], [0.10581591185869393, 0.11680143771402218, 0.12465902456137676, 0.11650831640678477, 0.11261788048535559, 0.10457619584937738, 0.12254065120423804, 0.09753232735166462, 0.09894825456848692], [0.10645307060060344, 0.11599396724089553, 0.12391167598160424, 0.11741310932376246, 0.11239235482204402, 0.1054149022378717, 0.12095618100344577, 0.09808688804497358, 0.09937785074479906], [0.10669501871116939, 0.11572286831152943, 0.12445880955185173, 0.11808847482299162, 0.11148397606237048, 0.10593471777269711, 0.12039054810864018, 0.09804054533606509, 0.09918504132268496], [0.10661819117775008, 0.11587187960979234, 0.12402018656137995, 0.11788393543762195, 0.1118951293606492, 0.1057547670270693, 0.12053790533351595, 0.09811363696430508, 0.0993043685279161], [0.10651973031531776, 0.11594049019639298, 0.1241101686261763, 0.11763604641846008, 0.11219923316740076, 0.1055673390914465, 0.12052740879624983, 0.09813258916139977, 0.09936699422715578], [0.10582666592859975, 0.11664417784020113, 0.124816189837896, 0.11665384199435372, 0.11251439316550192, 0.10465602510940074, 0.12235536194837739, 0.09758681820805609, 0.09894652596761325], [0.10644295058874402, 0.11593306672800466, 0.12400522208580299, 0.11749919364360759, 0.11231109971858187, 0.10545659281739715, 0.12086548147210335, 0.09811889408191891, 0.09936749886383947], [0.10666446379209966, 0.115670879511632, 0.12438169910901328, 0.11814565342783766, 0.11145245195459882, 0.10594536469523404, 0.12048250086053641, 0.09807520069640949, 0.0991817859526385], [0.10651114580734702, 0.11582897990144743, 0.12417759849374296, 0.11781835428776463, 0.11197499228706773, 0.10565115996981465, 0.12062882376203732, 0.09811938256611949, 0.09928956292465878], [0.10581552092015004, 0.11655373869087025, 0.1249083452639962, 0.1167353204058154, 0.11244046514656324, 0.10469731346406046, 0.12227732195973345, 0.09762865476987746, 0.09894331937893347], [0.10580222855982799, 0.11646551285807165, 0.125, 0.11681442426890053, 0.11236640893758194, 0.10473691465863702, 0.12220375202070854, 0.09767088750269808, 0.09893987119357428], [0.10639495822205011, 0.11574930471580752, 0.12426043748543682, 0.11773098602075552, 0.11207608039469898, 0.10555475573366642, 0.12072266430135385, 0.09819103148615788, 0.09931978164007292], [0.10643803604635582, 0.11565947648419002, 0.12430419566144792, 0.11798593104750085, 0.11177048370764023, 0.10569492744791945, 0.12079704682049686, 0.09813742657231235, 0.09921247621213652], [0.10665420432083948, 0.11542405121673942, 0.12413028539454837, 0.11844832967253285, 0.11114507248722608, 0.10613350028035852, 0.12066665974359217, 0.09822306188228574, 0.09917483500187733], [0.10590218328937052, 0.11630493433172547, 0.12475140068810991, 0.11701988159521447, 0.11230088106121631, 0.10490953125767091, 0.12195904441111405, 0.09782012943394473, 0.09903201393163358], [0.10636324615003605, 0.11567217648500835, 0.12437253604230977, 0.11782672516163717, 0.11195133501410758, 0.10557866985161497, 0.12080163216932134, 0.09817335521597698, 0.09926032390998782], [0.10657567019387275, 0.11546627948138359, 0.12410906223205148, 0.11837417990793916, 0.1112911264920764, 0.10601792581453057, 0.12078739329506927, 0.09820722663170096, 0.09917113595137582], [0.10679979395050586, 0.11527580922307334, 0.12382236373647962, 0.11865447224060352, 0.11086178334489415, 0.10641150086350616, 0.12054043751245674, 0.09838207137296652, 0.0992517677555141], [0.10635712605176577, 0.11562077819363473, 0.12444244779838158, 0.11792107041801618, 0.11183298091189559, 0.10561599508213106, 0.1208505526626676, 0.09815016793770266, 0.09920888094380484], [0.10611298674295189, 0.1160158433758692, 0.12426178079258599, 0.11738220579343928, 0.11220346965434233, 0.10523363200094768, 0.12148712494510919, 0.09808776709211647, 0.09921518960263796], [0.10670827029840556, 0.115196924202513, 0.12381083166727504, 0.11873888334712152, 0.11082854311976792, 0.10637801921843235, 0.12073138176149198, 0.09839772763207426, 0.0992094187529183], [0.10661718620070991, 0.11525228176848076, 0.12393121180658712, 0.11865313593050453, 0.11096625658587145, 0.10623449511828023, 0.12084608931371696, 0.09833060951816112, 0.09916873375768782], [0.10575893923645932, 0.11643797949420175, 0.1245563607177998, 0.11687709414792699, 0.11227181199221609, 0.10482309567024232, 0.122326752164142, 0.097903219689149, 0.09904474688786276], [0.1058662549051484, 0.11619771553714583, 0.12468345112198612, 0.11713768964924198, 0.11217973745561866, 0.10498486534559179, 0.12193200118260136, 0.09795422758370158, 0.09906405721896429], [0.10650508224842524, 0.11530040555119217, 0.12388646619309748, 0.11855608060884693, 0.11115998906477005, 0.1060771922099861, 0.1210342400109507, 0.09831598073707502, 0.09916456337565653], [0.10623269033418822, 0.11541611259217167, 0.12464701313987439, 0.11805618173614363, 0.11165384057672784, 0.10561750947596817, 0.12106177383745843, 0.09818428709656606, 0.09913059121090156], [0.10595705269055726, 0.11602942443850307, 0.12447668339540469, 0.11734635004153504, 0.11210329720067375, 0.10515327105019798, 0.12168794479637211, 0.09809853435526561, 0.09914744203149051], [0.10623929942803574, 0.11534651966954194, 0.12466655856834256, 0.11820094469340413, 0.11148830147589311, 0.10568862745049977, 0.12112645704519283, 0.09816914433992614, 0.09907414732916378], [0.10652201268777799, 0.11518130522824509, 0.1238254584262202, 0.11871460065764268, 0.11097375858704268, 0.1061908861388045, 0.12106899576607982, 0.09837164813761907, 0.09915133437056796], [0.10617681892433839, 0.11526445611606642, 0.12479013786296031, 0.11823722324999983, 0.11143067691931184, 0.10567167837754034, 0.12121219769318464, 0.09817745045892441, 0.0990393603976738], [0.10617121009260276, 0.11531599179699738, 0.12464614458748785, 0.11809544867234748, 0.1116092382719295, 0.1056157632320479, 0.12117168607285587, 0.09824396987240763, 0.0991305474013236], [0.10654450604643863, 0.11500918512855321, 0.12372360570693662, 0.11893125977329018, 0.11072192175503306, 0.10635229965762204, 0.12110849665304751, 0.09846466921308068, 0.09914405606599806], [0.10620511216549275, 0.11544779139459548, 0.12424510119629607, 0.11792527392066374, 0.1118392914343153, 0.10558963111548274, 0.12108212199723165, 0.09837441212893532, 0.09929126464698695], [0.1065716685669495, 0.11493910610262763, 0.12372862023458989, 0.11901372184518495, 0.11060181265664344, 0.10643450032298611, 0.12106868522992528, 0.09849887216923761, 0.0991430128718557], [0.10587998233690676, 0.11599850158805883, 0.12454195276453106, 0.11736286944857166, 0.11202007086737137, 0.10514706643944832, 0.1217547671448348, 0.09815782095937728, 0.09913696845089988], [0.10627102704194263, 0.11512804099714273, 0.12431068604557097, 0.11857763949926807, 0.11112237795260604, 0.1059211370494098, 0.12133667573807005, 0.09828742126856503, 0.09904499440742467], [0.10631559161017119, 0.11510756702196778, 0.12414003618031694, 0.11865495482304624, 0.1110567288278838, 0.10599787761077492, 0.12133474426164262, 0.09832703052711593, 0.09906546913708057], [0.106291590405452, 0.11511141865375077, 0.12422122477716982, 0.11862437540120922, 0.11108175156540336, 0.10596283825322847, 0.12134334372231222, 0.09830977199668461, 0.09905368522478951], [0.10614580014533358, 0.115289754652453, 0.12429822922439465, 0.11805357041352267, 0.11168869671536787, 0.10562707469704899, 0.12123652959656991, 0.09841312887141468, 0.09924721568389465], [0.10606517727616584, 0.11508670039553787, 0.125, 0.11835139512445664, 0.11127142627101633, 0.10566794822908838, 0.1213944230542978, 0.09819864448111328, 0.09896428516832387], [0.10607265043807994, 0.11510362006121673, 0.12481956087721113, 0.11830326705989325, 0.11135193445388707, 0.10566324510222001, 0.1213971430721965, 0.0982610304583194, 0.0990275484769762], [0.1056953735490291, 0.11601878102630979, 0.125, 0.11724425885691532, 0.11191968645253758, 0.10501778069426378, 0.12193442707042894, 0.09812686624185855, 0.09904282610865693], [0.10606511517946568, 0.11483325761011158, 0.12452225467171171, 0.11875509609725679, 0.11091174986996175, 0.10589591919973507, 0.12170907753195147, 0.09835999766327226, 0.09894753217653372], [0.10624788165450551, 0.11459890103845788, 0.12417099902639268, 0.11926566292804026, 0.11035888773381072, 0.10631973408273258, 0.12161707808493631, 0.09848770470075162, 0.09893315075037247], [0.10600237906489333, 0.114901174342171, 0.12465933148002811, 0.11849640713487393, 0.11116205912946815, 0.10574248405952308, 0.12164582934878736, 0.09837765038385445, 0.09901268505640058], [0.1060156676163623, 0.1148093174194925, 0.12461908724454153, 0.11871136422388613, 0.11094291701388666, 0.10584703063918671, 0.12174747621580101, 0.0983649458562792, 0.09894219377056397], [0.10572985392397936, 0.11581310415862033, 0.1247597728350257, 0.11747519364421577, 0.11177431235457687, 0.10518652369706795, 0.12182930817494726, 0.09831604660848543, 0.09911588460308134], [0.10615634641588893, 0.11463922671699502, 0.12402742131969001, 0.11915626254734976, 0.11054564012966975, 0.10618604729284252, 0.12182382299651381, 0.0985072216610447, 0.0989580109200055], [0.10613012955048994, 0.114578581469881, 0.12409253185964807, 0.11921436887640555, 0.11047253961553996, 0.10620093344654474, 0.1218701868314057, 0.09851132049218515, 0.09892940785790012], [0.10603400915094699, 0.114607901544104, 0.12420863662641385, 0.11905587778260078, 0.11063888528888663, 0.10605243429245637, 0.1219715689293892, 0.09849758115405233, 0.09893310523114981], [0.105972389868206, 0.11479214952992224, 0.12430471085392313, 0.11852766307427028, 0.11116371829015118, 0.10578912320162087, 0.12177994735248392, 0.09855961892944957, 0.09911067889997283], [0.10595651887511266, 0.1147517211458759, 0.12439012326949514, 0.11860702641943209, 0.1110712880753837, 0.10580666751304399, 0.12183485655180021, 0.09852583657609591, 0.09905596157376037], [0.10602850106948312, 0.11438534271896351, 0.12424186165236366, 0.11938339027461545, 0.11027339936766363, 0.10622843186575119, 0.12206732915970009, 0.09854154702821777, 0.0988501968632416], [0.10597137220723529, 0.11514447564332499, 0.1238503063007651, 0.11825643368616487, 0.11141654734217325, 0.10572953982608706, 0.12159751725687416, 0.09873311320981494, 0.09930069452756017], [0.1058886705261223, 0.11457084655190805, 0.12448301731528945, 0.1188317523663572, 0.11081597725541775, 0.10587419546628851, 0.12204531336081546, 0.0985328742112352, 0.09895735294656609], [0.10595555379867919, 0.1144616463642443, 0.12419022361088222, 0.1191659880998424, 0.11052278083702835, 0.10607256771629273, 0.1221628666499661, 0.09856175783643889, 0.09890661508662581], [0.1059264273254245, 0.11417913373140995, 0.12438959831734332, 0.11956972137078753, 0.11005501555007469, 0.10626598226549458, 0.12226889892576623, 0.09857689112516534, 0.0987683313885339], [0.10590037048454246, 0.1148997211020725, 0.1239836056438451, 0.1184365970484436, 0.11120702157122062, 0.10578102339961423, 0.1218035534961558, 0.09876120402303552, 0.09922690323107015], [0.10587115317363309, 0.11492672005407163, 0.12385205781552655, 0.11842377167552627, 0.11119017920265943, 0.10579506799078009, 0.12181749819288248, 0.09885298830765833, 0.09927056358726213], [0.10576726499094162, 0.1151786572266875, 0.12405797828500652, 0.11812582208851326, 0.11130652526672224, 0.10561007265382319, 0.12195226005879924, 0.0987659899701269, 0.0992354294593795], [0.10580571357691972, 0.11376556544529057, 0.12499999999999997, 0.1200068216710627, 0.10948246285396437, 0.10643417595396312, 0.12235401310495057, 0.09858531407760923, 0.09856593331623954], [0.10583349394454639, 0.11478848164567759, 0.12395543200319983, 0.11852298884876829, 0.11107632322362103, 0.10581897993092894, 0.12192914505380271, 0.09885364819555072, 0.09922150715390468], [0.10572877072962239, 0.11407953946844784, 0.12450023186023884, 0.11942183283237774, 0.11017958700272168, 0.1060861282631588, 0.12259345074912271, 0.0986411064052716, 0.09876935268903839], [0.10582213797901611, 0.11481959007978249, 0.12383289418238788, 0.1185036902951421, 0.11107746725814058, 0.10583234314930375, 0.12192166361415134, 0.09892591516711191, 0.09926429827496382], [0.10574976284757265, 0.11379253586125654, 0.1244892018772257, 0.11993382216932455, 0.10965923235977759, 0.10636023760873588, 0.12267551338252992, 0.09868935344121137, 0.09865034045236581], [0.10562207701919227, 0.11408932570915054, 0.125, 0.11917852651981412, 0.11032359251538391, 0.10591266452144331, 0.12252857298018856, 0.09859314593073677, 0.09875209480409051], [0.10571807624220286, 0.11424490994598868, 0.12449077560975856, 0.11891135562928304, 0.11065523767652956, 0.10589657862272095, 0.1223250520193702, 0.09876572434547941, 0.09899228990866694], [0.10579179542978649, 0.11474837756456613, 0.12380180146068785, 0.11855671550563225, 0.11100297156529153, 0.10586127261838557, 0.12198886261994875, 0.09898230295602872, 0.09926590027967268], [0.10579573216420529, 0.11478935560527435, 0.12371636369006794, 0.11852672548006225, 0.11102586349993881, 0.105865868674956, 0.12195803262421802, 0.09902192674131076, 0.09930013151996654], [0.10571591724719162, 0.11440323882618492, 0.12411575370119281, 0.11880791066178963, 0.11073902289152768, 0.10590887563317643, 0.12226287466818421, 0.09892710603409346, 0.09911930033665947], [0.10577973195667636, 0.11478283338917941, 0.1236289825250605, 0.11852534978290162, 0.11100386322703326, 0.10587863041494391, 0.12200588795739954, 0.09907339207804418, 0.09932132866876123], [0.10562323324692431, 0.11401302381071855, 0.1245282098164646, 0.11913330183481924, 0.11039279549764953, 0.10596785474244699, 0.12259047506807631, 0.09883284522231658, 0.09891826076058392], [0.10575874311175484, 0.11469231512019741, 0.12363370439410339, 0.11859672057584984, 0.11092435936955573, 0.10591544483616237, 0.12204064721617576, 0.09912054343802744, 0.09931752193817317], [0.10563544311893101, 0.11371422125434288, 0.1241832697437806, 0.11985386348932474, 0.10976371773069937, 0.10628029168975925, 0.12302353974589426, 0.09882774750628415, 0.09871790572098375], [0.10560164532571963, 0.1139579384764392, 0.12453599626344507, 0.11919561922787, 0.11032315466102667, 0.1059873026678361, 0.12265988555249334, 0.09884328946998842, 0.09889516835518157], [0.10564049275452878, 0.11357236716894904, 0.12414242331114211, 0.12010944107412434, 0.10951968537832364, 0.10641154242413646, 0.12307751090712363, 0.09886096727820974, 0.09866556970346223], [0.10556139034969787, 0.11372571928678385, 0.1244600796252846, 0.11967608098033347, 0.10987525857653431, 0.10615999072180542, 0.1230198854250102, 0.09880617923948445, 0.09871541579506582], [0.10561672080243882, 0.11353435973181691, 0.12400499599948525, 0.12012019833918104, 0.10951887286972742, 0.10642295084599505, 0.12318233061489156, 0.09891313362468072, 0.09868643717178324], [0.10560526356287886, 0.11397747464982623, 0.1241829102209738, 0.11913454460094648, 0.1103759437481376, 0.10603964871195186, 0.12263864603176508, 0.09902223824123264, 0.09902333023228728], [0.10551686763362501, 0.11368177566908161, 0.12447261083000202, 0.11960670034400626, 0.10991054737467504, 0.10614188696397775, 0.12305357308571933, 0.0988672331541003, 0.0987488049448127], [0.10556986338995654, 0.11351958760055927, 0.12402660331347004, 0.12004908655443941, 0.10956718645205338, 0.10637896687680275, 0.12326271738923589, 0.0989309682301147, 0.09869502019336801], [0.10555548378293807, 0.1137692740251211, 0.12425035577698046, 0.11932129946841886, 0.11018346977840855, 0.10610519388618574, 0.12284132010445968, 0.09902683989724081, 0.0989467632802469], [0.10557628594501432, 0.11386539217491336, 0.12413311232101228, 0.11922436026191419, 0.11027637634933812, 0.10609327354888495, 0.12274439588259076, 0.0990737430027057, 0.09901306051362632], [0.10554825138133175, 0.11373782667287387, 0.12420335195814225, 0.11934265738988716, 0.11015919453425593, 0.10612634977902037, 0.12286991706666224, 0.0990572944665801, 0.09895515675124636], [0.10553390780036215, 0.11335706970024297, 0.12382614984991917, 0.12024602142751033, 0.10938466616890147, 0.1064927430830546, 0.12345073208598037, 0.09902655118802936, 0.0986821586959996], [0.10559299413570164, 0.11401505419723398, 0.12387364132725147, 0.11910978203821458, 0.11036836879408633, 0.10610708035638378, 0.12262477763876808, 0.09918772494312612, 0.09912057656923401], [0.10546499695312522, 0.11350764446033074, 0.12419050212550925, 0.11969316526692032, 0.10980601983611335, 0.10624529962933169, 0.12323283727178279, 0.09905063866939441, 0.09880889578749223], [0.11011681753361886, 0.11361954888010906, 0.12040090928876633, 0.12369052455225704, 0.10789257989320257, 0.11083448172527707, 0.11232955228488635, 0.1000680641562768, 0.1010475216856059], [0.11011814788922918, 0.11354846668731919, 0.12032446345813445, 0.1237746467758481, 0.10782509027756217, 0.11090956391403409, 0.11229520194624633, 0.1001345678616535, 0.10106985118997297], [0.10987523602522885, 0.11396363740945081, 0.12073879583073475, 0.12306581407150574, 0.10825601371073704, 0.11041388361857395, 0.11308347175981746, 0.09979395464874963, 0.10080919292520168], [0.10969953630552318, 0.11423901973447652, 0.12098765146386282, 0.12287587434177663, 0.10855707269838383, 0.1100212946530939, 0.11353518415163422, 0.09948687769105269, 0.1005974889601962], [0.11000393029923802, 0.11306260096949691, 0.11980042860505029, 0.12423833218155088, 0.10737596412365706, 0.11140264569575063, 0.1123422797641062, 0.10061975363522288, 0.10115406472592714], [0.11013847141785911, 0.11252168170417448, 0.11919865949106437, 0.12499999999999999, 0.10686270486786895, 0.11201672576901911, 0.1117086600040126, 0.10112853906128007, 0.1014245576847212], [0.10976703174895491, 0.113485307086962, 0.12022569749548667, 0.12346382936655764, 0.10780830583724102, 0.11089795471437992, 0.11318307539430755, 0.10027666569337872, 0.1008921326627316], [0.10973329302722175, 0.11341353749239665, 0.12014405096833566, 0.12348998892684865, 0.10774581515225341, 0.1109690745773143, 0.11324739234749133, 0.10035881675006761, 0.10089803075807068], [0.10943258593839832, 0.11400780998132977, 0.12062325355141376, 0.12255014400617956, 0.10842536839598987, 0.1102174765938084, 0.11432581027739287, 0.09984804720585264, 0.10056950404963498], [0.10968342918987996, 0.11324786489681683, 0.11996021007601786, 0.12357736535473926, 0.1075977355366038, 0.1111423571661888, 0.11331832392112826, 0.10054445197293556, 0.10092826188568955], [0.1093720443535621, 0.11382871231141824, 0.12043804237483759, 0.12275203535559905, 0.10825421795242292, 0.11037322414587543, 0.1144013756730335, 0.10000547701438342, 0.10057487081886775], [0.10944352730033229, 0.11364652781017623, 0.12028998351418253, 0.12291318724308833, 0.10805323355198