[[0.11464191309401503, 0.11787603160931928, 0.10451306126516367, 0.09486539381328768, 0.1196879625406234, 0.1246929106541788, 0.10260860686026531, 0.09833747331806983, 0.1227766468450772], [0.1153429180003902, 0.1184914772605807, 0.10426736399975442, 0.09384439116087344, 0.1199283948575008, 0.12486562799876479, 0.10208753445436197, 0.09777578760699694, 0.12339650466077685], [0.11464070084811545, 0.11772731709745947, 0.10447110538907123, 0.09488302037868906, 0.11987504997714332, 0.12482909862277816, 0.10256383320854026, 0.0984143393163284, 0.12259553516187466], [0.11477942884192356, 0.11784816223377667, 0.10442551562057248, 0.09468838772253249, 0.11991021347446051, 0.12479552740752653, 0.10246984196647957, 0.09830462171033917, 0.122778301022389], [0.11540295889525172, 0.11844946361225407, 0.10422959624031937, 0.0937777665571846, 0.12004914742999691, 0.12500000000000003, 0.10202031636080747, 0.09778300878307915, 0.12328774212110681], [0.11529139013828299, 0.11827086303189639, 0.10429716987609773, 0.09404404877043761, 0.12014399974265212, 0.12467456965510991, 0.10214212155541263, 0.09798726741690637, 0.12314856981320424], [0.11471677526548667, 0.11770952922831053, 0.10440673853456799, 0.09475340458082654, 0.11997594983655174, 0.125, 0.10246485383448196, 0.0983733844116727, 0.12259936430810187], [0.11482411026353141, 0.11768816259442341, 0.10440216687795263, 0.094722328243795, 0.12015498918593122, 0.1248028577316683, 0.10242258298043146, 0.0984371859932248, 0.12254561612904179], [0.114437172820366, 0.11722784968672491, 0.10447157129425722, 0.09523994931974633, 0.12030651349220446, 0.125, 0.10262721148420977, 0.09877331074579832, 0.12191642115669298], [0.11512231133043895, 0.11782217344565725, 0.10426125990357331, 0.09428969243543937, 0.12046044668067223, 0.125, 0.10214826747911786, 0.09826001860930232, 0.12263583011579872], [0.11571774031616348, 0.1182745903641136, 0.10424769862265247, 0.0937915059949896, 0.1206271423003699, 0.12442464468528562, 0.1019386921485043, 0.09807341371173825, 0.12290457185618266], [0.11451412140313137, 0.11719439574951462, 0.1044677040890563, 0.09521964958884266, 0.12045635674746712, 0.1248436980922318, 0.10259529773601007, 0.09882596922401621, 0.12188280736972966], [0.11556475850359187, 0.11809124682434648, 0.10428338602044401, 0.09401914741124683, 0.1207033323463327, 0.12437690281338201, 0.10203257382312507, 0.09822984733475491, 0.12269880492277613], [0.11537510709541096, 0.11784070984527421, 0.1042672851272353, 0.09419901261789713, 0.12078204795258578, 0.1245999340383664, 0.10207151356517277, 0.09835784817739053, 0.12250654158066693], [0.11604415039186805, 0.1183043291712352, 0.10404132385539755, 0.09325282369951851, 0.12082713791961613, 0.125, 0.10157132102623939, 0.09784801974605767, 0.1231108941900675], [0.11505202300503349, 0.11755763662053773, 0.10436193397596331, 0.0946453007151789, 0.12065157005566014, 0.12454900970032132, 0.10229187489738882, 0.09861112156295704, 0.12227952946695929], [0.11594881387964097, 0.11819879560390158, 0.1040982918756314, 0.0934587567771302, 0.12091597393390843, 0.12476612197042256, 0.10167374571563154, 0.09799789623830847, 0.12294160400542486], [0.11576133832134042, 0.11804198615792946, 0.10422010966411968, 0.09385022547064155, 0.12097792412145444, 0.124350999149998, 0.10188704007657293, 0.09825622806717026, 0.12265414897077326], [0.11445262766411003, 0.11692690778482906, 0.1044396884049988, 0.09533157051869649, 0.12073187870059973, 0.12499999999999997, 0.10257046912062229, 0.09901410640511386, 0.12153275140102957], [0.11564477281020856, 0.11790849294073855, 0.10422030217134753, 0.0939701720728239, 0.1210254040731187, 0.12450989457336974, 0.10192379938281725, 0.0983387259325167, 0.12245843604305907], [0.11517215738841861, 0.11751648190110384, 0.1043329326444052, 0.09457128957306692, 0.12087934493179618, 0.12447722491245296, 0.1022136651078898, 0.09867001642818324, 0.12216688711268318], [0.11558722568700484, 0.11782712584081642, 0.10421071464899975, 0.09401927371832484, 0.12106192383818808, 0.12463719039124642, 0.1019293094676466, 0.0983798240396226, 0.12234741236815022], [0.11441751595357448, 0.11685120865805114, 0.10447951053109523, 0.09545646262249866, 0.1207765785985229, 0.1248473727928511, 0.1026288003740421, 0.09912391102300415, 0.12141863944636004], [0.11541322404908023, 0.11764133364405024, 0.10420341207564726, 0.09417403018517782, 0.1210750697223423, 0.1248334051270249, 0.10197387069009074, 0.09847569643504488, 0.12220995807154182], [0.11521960927887313, 0.11747603478478671, 0.10431402012487888, 0.09454060228343976, 0.12099628104247297, 0.12448867127203056, 0.10217261791154503, 0.09870544125150872, 0.12208672205046422], [0.11482965296141534, 0.11711798376913832, 0.1043444048138029, 0.09492878595615768, 0.12103391189666798, 0.12477211973031196, 0.10232984164489664, 0.09890577379471165, 0.12173752543289754], [0.11459216671748643, 0.11691168838935667, 0.10442771703407708, 0.09527277023105353, 0.12098363518685591, 0.12472260900486438, 0.1025063731967247, 0.09909589891847884, 0.12148714132110246], [0.1158828302472127, 0.11786799817264318, 0.10411900017343052, 0.09370369061952528, 0.12131673267057638, 0.12456719331775291, 0.10171657080305761, 0.09831768394277132, 0.12250830005303004], [0.11546793995436977, 0.11756898336847414, 0.10415587351165234, 0.09410280530056038, 0.12123454618924548, 0.125, 0.10189384213606777, 0.09850074245396802, 0.12207526708566212], [0.11476832744830875, 0.11701372729030904, 0.10434706052400228, 0.0950107197673172, 0.12110485547679023, 0.12481826337429983, 0.10234957237065752, 0.09898085121924108, 0.12160662252907425], [0.11505144328210185, 0.11723828385916435, 0.10432578827890002, 0.09475107515150703, 0.12113671483339356, 0.12455924118180906, 0.10223568862538668, 0.09887440492769241, 0.12182735986004506], [0.11527583819159816, 0.1174017875820732, 0.10428241564391956, 0.09450043830185416, 0.12116502486251972, 0.12454969448678822, 0.10211143677731227, 0.09875930744619674, 0.121954056707738], [0.11541841887278693, 0.11748117917188798, 0.10419330281952406, 0.09423816797130341, 0.12127606329124141, 0.12483392720390132, 0.10195453976191376, 0.09861824953329774, 0.12198615137414338], [0.11439770565964721, 0.11664555407018722, 0.10443338548069711, 0.09548996665408457, 0.1210616451883113, 0.125, 0.1025671010408166, 0.09926067308587963, 0.12114396882037634], [0.11483488468394253, 0.11697749512017264, 0.10428450798335123, 0.09489172349389137, 0.12125263087636509, 0.125, 0.10224677107800038, 0.09896611720336734, 0.12154586956090944], [0.11444510850080414, 0.11664474968022553, 0.10442923136335061, 0.09546717862904884, 0.12114240686038955, 0.1249062473856377, 0.1025452460661068, 0.09928438087940888, 0.12113545063502795], [0.11562927711499191, 0.11748571503899162, 0.10415019992905288, 0.094069694903996, 0.12154317207483802, 0.12468195980748958, 0.10182971166521414, 0.09863682797822788, 0.12197344148719796], [0.11536379289671264, 0.11731419325664612, 0.10425326914566278, 0.09445805545266579, 0.12139407988593974, 0.1245499034638793, 0.10204179935223696, 0.0988425510735734, 0.12178235547268326], [0.11494452739891443, 0.11700523426835595, 0.10428482705941315, 0.09483778377071433, 0.12136121394321711, 0.12481644330218107, 0.10221075200680256, 0.09899521588001856, 0.12154400237038285], [0.1161344650995955, 0.11774593983302684, 0.10391992146682842, 0.0932817216664255, 0.12165048400263388, 0.125, 0.10138059440869861, 0.09821843636184371, 0.12266843716094752], [0.11550170949042092, 0.11736321939828408, 0.10419851002753919, 0.09427557013244965, 0.12153046071357625, 0.12465273629534868, 0.1019285986267253, 0.0987745325884422, 0.12177466272721377], [0.11587956193481275, 0.11754547341025405, 0.10398809845099447, 0.09362861786666742, 0.12172642276358893, 0.125, 0.10154508238061143, 0.09843253946072886, 0.1222542037323421], [0.11568449408605198, 0.11743371104905448, 0.10414652684045511, 0.09406627374766226, 0.1216769624189379, 0.12456178304714462, 0.10180464688190004, 0.09870237007298045, 0.12192323185581316], [0.11480422459850764, 0.1167829727167199, 0.104340546121575, 0.09510713877515826, 0.12150630596112173, 0.1246557136209458, 0.10231715922031558, 0.09922352851780097, 0.1212624104678551], [0.11552727588252257, 0.11715266586605864, 0.10422518470823608, 0.09442156260117775, 0.12181450634555467, 0.12437060080794758, 0.10194406241780586, 0.09902817872648173, 0.1215159626442151], [0.11445197257122347, 0.11638756620623414, 0.10444013915798349, 0.0956193623884671, 0.12154295638468612, 0.1246864376566264, 0.10254017410577829, 0.09956923767714511, 0.12076215385185582], [0.11634439810997717, 0.11751232063083127, 0.10383177865767189, 0.09315657693531947, 0.12216256281617904, 0.12484893972529446, 0.10119202583451183, 0.09840457665653499, 0.12254682063367987], [0.11641980046727582, 0.1175515872146021, 0.10383358029833564, 0.0931088146037194, 0.12216135334823866, 0.12474165238019723, 0.1011702046909077, 0.09839784828750635, 0.12261515870921708], [0.1145747047891796, 0.11644720275044552, 0.1043305095408778, 0.09534484852707333, 0.12166292324432314, 0.12499999999999997, 0.10236433032739019, 0.09942723582028404, 0.12084824500042622], [0.11612542205803479, 0.11738326624555463, 0.10391475701094396, 0.09346441237726043, 0.12217538475787486, 0.12472680086604142, 0.10136503858314679, 0.09856155714168251, 0.12228336095946059], [0.1157632209918709, 0.11720074961907154, 0.10410018478481758, 0.09406318302242184, 0.12206704612217056, 0.1244201159566386, 0.10171049283633567, 0.09888848060017662, 0.12178652606649666], [0.11626458053008334, 0.11741892053684794, 0.10381602967793677, 0.09320860599237382, 0.12223477290351008, 0.125, 0.10119572584926952, 0.0984437730884211, 0.12241759142155742], [0.11510423521528494, 0.11679768756195831, 0.104298685964562, 0.09490838520984851, 0.12190176850299145, 0.12435527720708771, 0.10216183736007793, 0.09930001039670487, 0.12117211258148429], [0.1146864231107066, 0.11649436664950898, 0.10432832407740603, 0.09527592369636464, 0.12176374484254425, 0.12480385751407534, 0.10232544492978803, 0.0994372195299634, 0.12088469564964277], [0.11569886100786426, 0.11705060154966358, 0.10412071671068962, 0.09420393575118498, 0.12217276024385233, 0.1243722679368827, 0.10175047757265519, 0.09904153999335676, 0.12158883923385057], [0.11579249238528401, 0.11707652047567255, 0.10410183402933962, 0.09411420446441486, 0.12226104746523861, 0.12425265957671451, 0.10169655091616599, 0.09902147449625445, 0.12168321619091564], [0.11608141897471691, 0.11716688528969675, 0.10393834350094606, 0.09363921812258391, 0.12246072996815648, 0.1245063041581277, 0.10139924999455799, 0.09879939018199882, 0.12200845980921536], [0.1155639684399373, 0.11691556868974011, 0.10412036488151206, 0.09432867279762681, 0.12214608476583619, 0.12464168656512914, 0.10178865576643945, 0.09912340195660667, 0.12137159613717226], [0.11623199391282818, 0.11723246435089818, 0.10385210871684972, 0.0933861050434181, 0.12250809177762251, 0.12470207898524596, 0.10124328551224321, 0.09867360384263707, 0.12217026785825708], [0.11543183976712426, 0.11681872810934421, 0.10412037169907967, 0.09443319008924857, 0.12217554805078587, 0.12483131640440281, 0.10182830045663106, 0.09916729328156422, 0.1211934121418193], [0.11483043260457959, 0.11644310129316006, 0.10426434635311438, 0.0951295120738486, 0.12205330785502377, 0.12483582076241005, 0.10219182766266138, 0.09947576668229015, 0.12077588471291201], [0.11611386687298716, 0.1171376437687309, 0.10392039918600028, 0.09360856998681312, 0.1225408270062491, 0.12450287912654333, 0.10136411870689492, 0.09881869806416595, 0.12199299728161525], [0.11532065296780356, 0.11673635036451026, 0.10415342894446249, 0.09458193337395714, 0.12221981939573977, 0.1248073956196503, 0.10190267373754126, 0.09925081118025963, 0.12102693441607558], [0.11527569760339607, 0.11669062622144503, 0.10417639239050253, 0.09466560620573701, 0.12225466226621275, 0.12473124030424156, 0.1019438839431681, 0.09931013036392526, 0.12095176070137173], [0.11518722108464462, 0.11663623640931416, 0.104223971143568, 0.09481687958238381, 0.12225207900395599, 0.12454845182686053, 0.1020301663438581, 0.09939372362007189, 0.12091127098534293], [0.11495151454859961, 0.11646196049506076, 0.10422783164447712, 0.0950052299741937, 0.1222073667134608, 0.12481197459018492, 0.10210532911215887, 0.09946523039960975, 0.12076356252225444], [0.11570852135630547, 0.11686404753930141, 0.1040746219768451, 0.09420411266674042, 0.1224107469920939, 0.12446496474320816, 0.10167949099806756, 0.09915995836606381, 0.12143353536137416], [0.11539379304580365, 0.11669497575989195, 0.10407812856690282, 0.09443131391404685, 0.12233439352197738, 0.125, 0.10178130337777057, 0.09921359121321971, 0.12107250060038709], [0.11485526443403803, 0.11636230521902352, 0.10421626120936367, 0.09507114440182032, 0.122215408215795, 0.125, 0.10211763274410983, 0.09950304786536157, 0.12065893591048805], [0.11587987489605404, 0.11690682526620699, 0.10404906565112008, 0.09405729162328556, 0.1225821426506082, 0.12420687568235286, 0.10159197354997335, 0.0991378679507011, 0.12158808272969779], [0.115482966126032, 0.11670648092874464, 0.10407404802356951, 0.09437923448185725, 0.12238975584935953, 0.12484827897085389, 0.10174630512676826, 0.09923132837366642, 0.12114160211914866], [0.11534569398514277, 0.1165885580881407, 0.10411115924233302, 0.0945642648633908, 0.1224791040777744, 0.12480663566762852, 0.10183199617874152, 0.0993474634001709, 0.12092512449667739], [0.11522174317387437, 0.11650082298148054, 0.10419942978693349, 0.09482242644312962, 0.12250923783407161, 0.12453602091459867, 0.10197852383181223, 0.09950970407080864, 0.120722090963291], [0.11553512078914689, 0.11655531255597995, 0.10406667386417041, 0.09441357907066593, 0.12268542897092413, 0.12461747751437477, 0.10170916094688384, 0.09938996859405058, 0.12102727769380348], [0.11495185501969966, 0.1162110594496265, 0.10421809777937682, 0.09510794202809279, 0.1226014115634543, 0.12472915648699291, 0.10207445988340459, 0.0997069950335452, 0.1203990227558072], [0.1150585748891594, 0.11618266402672035, 0.10412778070976811, 0.09490992413272763, 0.12278570004596634, 0.125, 0.10192267107823239, 0.09965659741676312, 0.12035608770066268], [0.11626981493527715, 0.11670545321350981, 0.10370361063213675, 0.09335820647914717, 0.12334179200933056, 0.125, 0.10101272602140146, 0.09902000710063716, 0.12158838960855999], [0.11514980982675434, 0.11620693472363684, 0.10411749844961446, 0.09484026848223341, 0.12287521200557024, 0.12483444647244525, 0.10187985937867224, 0.09965746886300406, 0.12043850179806916], [0.11622420165750597, 0.11657036661069381, 0.10374348092027884, 0.09351613531848123, 0.12351169704690194, 0.12476807500841919, 0.10106770062135376, 0.09920190188229379, 0.12139644093407125], [0.11503981143199955, 0.11605051661876245, 0.10415597794238374, 0.09503094985221955, 0.12297785101208744, 0.1247620087498881, 0.1019531803007512, 0.09982319751033833, 0.12020650658156962], [0.11586702041619687, 0.11639849338719399, 0.10383462226890092, 0.09391896248169039, 0.12324295204108938, 0.125, 0.10129264386785472, 0.09936274597519086, 0.12108255956188291], [0.11552754335575328, 0.11622714384325453, 0.10393578303671827, 0.09432542434674586, 0.12318860181235412, 0.125, 0.10152467823179608, 0.09952556691075978, 0.12074525846261809], [0.11584627981548638, 0.11635478855182664, 0.1038583132422767, 0.0939921481687334, 0.12325964928325793, 0.12491338252834652, 0.10132563061932515, 0.09943427723163092, 0.12101553055911635], [0.11507574452946479, 0.11598692065231149, 0.10414931182725559, 0.09503185525494938, 0.12313120646301277, 0.12463467280996719, 0.10192666328554975, 0.09989466687567644, 0.1201689583018126], [0.11539020017378354, 0.11597360269308744, 0.10393383346274276, 0.09449870092776241, 0.12351390782384547, 0.125, 0.10154820758955302, 0.0997286775110706, 0.12041286981815477], [0.11548998621203263, 0.11600158744833393, 0.10393105686471049, 0.09444018752400427, 0.12357799718458398, 0.12482535339723208, 0.10151115677403483, 0.09974695184274465, 0.12047572275232314], [0.11517453972172129, 0.11583924156919724, 0.1040048257491547, 0.0947865460341566, 0.12347508360373932, 0.125, 0.10169972068896564, 0.09987899294208291, 0.12014104969098227], [0.12372665164285873, 0.10578853927127033, 0.11736632523610387, 0.11303938740008063, 0.10388406584461543, 0.09637174261112658, 0.1128156960182648, 0.12488894178225741, 0.10211865019342226], [0.12325377208869161, 0.1062705213705073, 0.11686034391089932, 0.11238434533649781, 0.10447480599138566, 0.09663610255816873, 0.11247755780102682, 0.12499999999999999, 0.10264255094282267], [0.12364658424537456, 0.1059973477921912, 0.11710351607919246, 0.11267800523541982, 0.10415624358416578, 0.09645759262398267, 0.11261146792608373, 0.125, 0.10234924251358976], [0.12366018591687677, 0.10578420923811395, 0.11732238491208163, 0.11300721575658455, 0.10392074156277085, 0.09642169750307308, 0.1127805206512981, 0.12495260291454884, 0.10215044154465219], [0.12362145995436165, 0.10578809840502977, 0.11728251211729031, 0.1129703162500387, 0.10395503792054522, 0.09645675944402217, 0.11274631167697954, 0.125, 0.10217950423173264], [0.12347787543344786, 0.10578630583541526, 0.11733112873587379, 0.11308764084217894, 0.10398389619475068, 0.09659019576378501, 0.11282357484828986, 0.12469538568928307, 0.10222399665697528], [0.1233660164423516, 0.10616266422476754, 0.11689220273860722, 0.11248749333321245, 0.1044886089282226, 0.09679163540801321, 0.11247681165016504, 0.12467704027842562, 0.10265752699623473], [0.1229198621413991, 0.10643997339874091, 0.1166328710942365, 0.11216499542312436, 0.10485590888241272, 0.09703375683032701, 0.11230737752259458, 0.12465013836796424, 0.10299511633920046], [0.12330463448011338, 0.10587122964859084, 0.11710192130821126, 0.11286890217602427, 0.10424935860516837, 0.09685415909242942, 0.11263398683228437, 0.12465680290609861, 0.10245900495107949], [0.12325714389791884, 0.10600677930421659, 0.11692709955018864, 0.11265723271054746, 0.1044854479660389, 0.09701950342545151, 0.112488208807017, 0.12449167981823163, 0.10266690452038925], [0.12315307179349137, 0.106003791300952, 0.11687128985255996, 0.11262827773275297, 0.10454853277944054, 0.09711909523759503, 0.112445565814373, 0.12450510516840872, 0.10272527032042665], [0.1235573980248338, 0.10564376171682499, 0.11714681073634979, 0.11317661687242317, 0.10408610722165103, 0.09700360706001575, 0.11276674612651945, 0.12427629690922411, 0.10234265533215772], [0.12290304428495159, 0.10623836772914352, 0.11650805885149129, 0.1121701192246534, 0.1049171385013165, 0.0972849021666759, 0.11217425014327785, 0.12476643969615447, 0.10303767940233559], [0.12230788687547071, 0.10667044058313722, 0.11614864133741816, 0.11160041457874587, 0.10541216611066694, 0.09756691214658936, 0.11182094387999356, 0.125, 0.10347259448797817], [0.12270805524359145, 0.10632258153095318, 0.11633246321575735, 0.11198797357453324, 0.10506229029809179, 0.09739355035058138, 0.11203399201335308, 0.12500000000000003, 0.10315909377313862], [0.12290701660028805, 0.10586304603391948, 0.11682054029098757, 0.11265675308110873, 0.10449227977949571, 0.09717609773401396, 0.11241190797196371, 0.125, 0.1026723585082228], [0.12335110412613119, 0.10567221925064776, 0.11697971220008294, 0.1130135422772569, 0.1042480691342511, 0.097178250675524, 0.11262632586589427, 0.12444698186270713, 0.10248379460750472], [0.12288030015930299, 0.10589650706985876, 0.1167758710144864, 0.11261123604587554, 0.10456229764478521, 0.09724224882977091, 0.1123761089934275, 0.12491944567343179, 0.1027359845690609], [0.12263549547994314, 0.10633973859012426, 0.11628793415609823, 0.11198495759512817, 0.10515796050217602, 0.09755803855540722, 0.11200136132090525, 0.12478360122871998, 0.10325091257149777], [0.12245698200308681, 0.10651372191413845, 0.1161424289865642, 0.1118166065215886, 0.10534788974925682, 0.09767811082875219, 0.11190963676860444, 0.12471177514361238, 0.10342284808439611], [0.12324382621839308, 0.1056343610054876, 0.11684390477878878, 0.11294703667589549, 0.10431309886436418, 0.09729136966175274, 0.112522570823058, 0.12466446329634741, 0.1025393686759127], [0.12285235941438617, 0.10577567024283138, 0.11668719636427641, 0.1126418309276741, 0.10455927137989553, 0.0974009694109559, 0.11234119036304603, 0.125, 0.10274151189693448], [0.12255695097611669, 0.10632875593175908, 0.11628407215303474, 0.11205724932423324, 0.10524721950129123, 0.09778009873019368, 0.11200677553933826, 0.12439305142073065, 0.10334582642330246], [0.12259625173919293, 0.10627226709587506, 0.11635366150322175, 0.11215098799642598, 0.10518751191274833, 0.09776952223128932, 0.11206228153640432, 0.12430937759183472, 0.10329813839300742], [0.12262564470480707, 0.1059207248483587, 0.11661910673586359, 0.11254956533875395, 0.10477192448808348, 0.09758128407414486, 0.11228765365342634, 0.124704712442445, 0.10293938371411704], [0.12221680263333434, 0.10665499533442667, 0.1159544957046496, 0.11166436163843071, 0.10561424218069267, 0.09797889345913266, 0.11177557466893738, 0.12447370681681803, 0.10366692756357795], [0.12318289318020927, 0.10559053105274452, 0.11675728144328806, 0.11297376459673522, 0.10433625046307002, 0.09738316501329368, 0.11247241138330513, 0.12473975768650014, 0.10256394518085399], [0.12257282326679594, 0.10609705435364071, 0.11646669671039135, 0.11233522178531544, 0.10502570840309816, 0.09773388393338531, 0.11214506487541963, 0.12446236690992786, 0.10316117976202563], [0.12187909782123664, 0.10687518669805723, 0.11581452280804388, 0.11138414694134438, 0.10589870415087625, 0.09818309206754497, 0.1115881031970425, 0.12445778726286066, 0.10391935905299347], [0.12229649218304668, 0.10652637525598185, 0.11602524620094339, 0.11177280582832781, 0.1055203386854352, 0.09797199186808199, 0.11181254772773863, 0.12449176177092466, 0.10358244047951978], [0.1224965727943593, 0.10625842693318843, 0.11628946670019616, 0.11211031729356498, 0.10522713425422707, 0.0978421780829513, 0.11200600138334481, 0.1244385247720146, 0.10333137778615338], [0.12304924217075587, 0.10562212885340862, 0.11666532442797065, 0.11282651503732476, 0.10443899988538964, 0.09746071064791702, 0.11238119935088393, 0.1249067203163569, 0.10264915930999263], [0.12250821523679818, 0.10615345433223314, 0.11640222752123074, 0.11227590013461138, 0.10511894296396347, 0.09782989865561133, 0.1120996744746486, 0.12436551209398784, 0.10324617458691555], [0.12185856100095864, 0.10686817780285027, 0.11577246803500676, 0.11137303702002224, 0.10592617017473312, 0.09823391737963671, 0.11156466225353619, 0.12445990016909923, 0.10394310616415683], [0.12235217708467087, 0.1064053151125028, 0.11611640415919762, 0.11191404649107244, 0.10542645061064743, 0.0979817339426282, 0.11187598250395955, 0.12442340038069621, 0.10350448971462486], [0.1229592910697286, 0.10563341765875986, 0.1165962515615245, 0.1127515022940456, 0.10450459593350941, 0.09752811530729441, 0.11232124730130225, 0.125, 0.10270557887383538], [0.12287333692571592, 0.10567165271831098, 0.11653921799911919, 0.1126977596331921, 0.10459909296259146, 0.09763679276713358, 0.1122804801208181, 0.12490775639374478, 0.10279391047937389], [0.12230598185516327, 0.10623008488247225, 0.11619014751655007, 0.1120661231270807, 0.10529660089751106, 0.09799273102596442, 0.11192359840881876, 0.1246004017517971, 0.10339433053464236], [0.12217460765625948, 0.10648136256731058, 0.1159619398428981, 0.11177259216691697, 0.10558596762278383, 0.09814546519581721, 0.11175495201211105, 0.12447898673370368, 0.1036441262021989], [0.12151185217758337, 0.1069852991132741, 0.1155407372882463, 0.11107407761901703, 0.10617144083211716, 0.09844256994004044, 0.111327626918837, 0.12479842216559155, 0.10414797394529303], [0.12272148783966878, 0.10578424361054445, 0.11647294833754858, 0.11256288946507166, 0.1047859934511336, 0.09779841890213202, 0.11222245691296377, 0.12468694185094072, 0.10296461962999662], [0.12223211515831539, 0.10627391397082239, 0.11609366380521921, 0.11195885688524845, 0.10537523792990687, 0.0980449440198815, 0.11184223589312384, 0.1247212168137883, 0.10345781552369407], [0.12170947217364515, 0.10687774617247682, 0.11560106821802285, 0.11127293784207914, 0.10606192093070829, 0.09842899330706915, 0.11144211324304845, 0.12454600565072875, 0.10405974246222137], [0.12151349965311571, 0.10722459272623217, 0.11537801650387279, 0.11073267789332898, 0.10646910690174888, 0.09862931796676443, 0.11114828863286369, 0.12449534584280499, 0.10440915387926826], [0.12217630348939389, 0.10634458386679009, 0.11600540657955515, 0.11185120805216917, 0.10546801035601765, 0.09809625860307604, 0.11177216602568352, 0.12475043891958326, 0.10353562410773123], [0.12240091757452505, 0.10590262664756483, 0.11631003595196354, 0.11232175341991725, 0.10499184313865292, 0.09789717284771769, 0.11204574739671046, 0.125, 0.10312990302294822], [0.12138767071498881, 0.107173371716924, 0.11532536152645075, 0.11075137038456377, 0.1064725499881098, 0.09868770278552981, 0.11111778335687868, 0.12467516971153234, 0.10440901981502197], [0.12133112397898854, 0.10702527534345606, 0.11538355126611664, 0.11091551635014707, 0.10630806521821547, 0.09858770957111038, 0.11118796537807348, 0.12500000000000003, 0.10426079289389248], [0.12269656370299212, 0.10562434483763176, 0.11637808674624521, 0.11271015908583515, 0.1046872214984403, 0.09784299500339486, 0.11218277621429693, 0.125, 0.10287785291116369], [0.12257883548248286, 0.10580849994795716, 0.11634845285174628, 0.11250141123302261, 0.10492934073346374, 0.09800383192781985, 0.11214103966223002, 0.12459174159562492, 0.10309684656565259], [0.12158062277185892, 0.1068989675272134, 0.11546927612746688, 0.11120074232918618, 0.10618688748403989, 0.09861358762922, 0.11135269056105761, 0.12452814081191864, 0.10416908475803872], [0.12197989975639853, 0.10633810736491106, 0.11586300396183236, 0.11174444519004877, 0.10556582637800725, 0.09824449533509787, 0.11165049866132845, 0.12500000000000003, 0.10361372335237587], [0.1224144909023543, 0.10590463764828284, 0.11625532481036122, 0.11235983598101794, 0.10507630749878037, 0.09811462452439433, 0.11204914857297468, 0.12460355110689293, 0.1032220789549414], [0.1219001430301095, 0.10649405977356527, 0.11575892383882416, 0.11162318606183527, 0.10575557644278319, 0.09839301435010105, 0.11158477903525918, 0.12470391779237008, 0.10378639967515231], [0.12137744032875013, 0.10699235733032841, 0.11535786537253566, 0.11100940028861646, 0.10633613658728341, 0.09871595571993223, 0.11120889183053247, 0.12470954211112979, 0.10429241043089144], [0.12183336389090364, 0.10648123366359737, 0.11572117720952005, 0.11160632538246747, 0.1057839592335658, 0.09845645488633951, 0.11155291929443377, 0.12475451294356685, 0.10381005349560551], [0.12188172698214711, 0.10635305773569119, 0.11584052395977958, 0.11176900257149121, 0.10563944239260248, 0.09839684976156088, 0.11164655885091407, 0.12478439098074554, 0.10368844676506797], [0.12115151834411499, 0.1071376376828648, 0.11520794692419825, 0.11076988386712963, 0.10656455112594661, 0.0988982192969317, 0.11105648644733533, 0.1247255472693051, 0.10448820904217355], [0.12188745937020343, 0.10618751192699272, 0.11596184693061495, 0.11194339842000939, 0.10545104296948654, 0.09830183162971429, 0.11174026924247231, 0.125, 0.10352663951050636], [0.12112531032656754, 0.1072247745539252, 0.11514808065270762, 0.11065197946224871, 0.1066791750833061, 0.09897898438251153, 0.11099277170908312, 0.12460999154059105, 0.10458893228905924], [0.12234903497669923, 0.10590061972243103, 0.11617613033228724, 0.11234931592432865, 0.10513845361901959, 0.09825414131383843, 0.11200801512267804, 0.12454152733073463, 0.10328276165798314], [0.12159757300900627, 0.10670309678700365, 0.11542386096243301, 0.11126078441466124, 0.10608472638512015, 0.09863683404872503, 0.11131994742682401, 0.12491069492074117, 0.10406248204548549], [0.12154642034913628, 0.10676801083058879, 0.1153515186000151, 0.11117542051450517, 0.10616250242150321, 0.09867925752179366, 0.11126632235194582, 0.12492110201986904, 0.10412944539064295], [0.12157589205228697, 0.1067247114116911, 0.11537400116932633, 0.11120155834491728, 0.10611587924573025, 0.09864470791903528, 0.11127759392135175, 0.125, 0.10408565593566102], [0.12200938079366297, 0.10622518208668137, 0.11583794967113738, 0.11183383163891959, 0.10556253776461538, 0.09843112215755805, 0.111640266771147, 0.1248396358705178, 0.10362009324576046], [0.12185531649803354, 0.10649586272609977, 0.11561025427377537, 0.11152869089047689, 0.10588727224476702, 0.09861106844765091, 0.11146417282659615, 0.12464901357119455, 0.10389834852140578], [0.12193234363765518, 0.10643188393851613, 0.1156485832655924, 0.11158858435799082, 0.10582435194745964, 0.09858937264059221, 0.11149195087588541, 0.12464925110494357, 0.10384367823136463], [0.12236235190201075, 0.10574596017070823, 0.11606004964896036, 0.11240285584280763, 0.10504676956956387, 0.0982594242902285, 0.11192960898686942, 0.125, 0.10319297958885122], [0.12206075078337203, 0.10661640928238016, 0.1152533161220958, 0.11115030186077297, 0.10615479792695819, 0.0988125846843793, 0.11115960880258395, 0.1246853968233419, 0.10410683371411572], [0.12167243885228698, 0.10700211945660075, 0.11486232434405014, 0.11051640090511854, 0.10664266346901763, 0.0990410901684895, 0.11075147794379879, 0.125, 0.10451148486063769], [0.12220207219561252, 0.10645512848374802, 0.11546926286317963, 0.11143949873128273, 0.10596298467748717, 0.09876985079901104, 0.11134328621419433, 0.12440103017271842, 0.10395688586276612], [0.1221586402540369, 0.10656547195045075, 0.11528683420114652, 0.11120994596419041, 0.10611664948750865, 0.09882660664969614, 0.11118635012144584, 0.12457345863615267, 0.10407604273537195], [0.12259150621186202, 0.10581278834081453, 0.11588869893406184, 0.11220643857238138, 0.10520914610727498, 0.0984266327592506, 0.1117774154402254, 0.12475982919848201, 0.10332754443564704], [0.12196529982611734, 0.1068483118726504, 0.11490990005129764, 0.11074833608373824, 0.10649396854188922, 0.09902618315769159, 0.11087460750764963, 0.12474492428043638, 0.10438846867852955], [0.12199591751290506, 0.1068526248077392, 0.1148574253412012, 0.11068430892764039, 0.1065263783271026, 0.0990515711320658, 0.11081794082571199, 0.12480321301755783, 0.10441062010807592], [0.12224633011927291, 0.10663437622170487, 0.11495773576251878, 0.11084503342000528, 0.10630056158090419, 0.09891960780990638, 0.1108923774698511, 0.125, 0.1042039776158365], [0.12251646560975413, 0.10636131410647183, 0.11539905910153551, 0.11142579181155585, 0.1059452251849236, 0.09884564507599436, 0.1112800194815317, 0.12429033409701581, 0.1039361455312172], [0.12248557345892248, 0.10641178016470283, 0.11534248887724523, 0.11135168047167569, 0.10601215630421036, 0.09888005511598534, 0.11123255925021136, 0.12429265427215476, 0.10399105208489194], [0.12217051029915305, 0.10682247785214315, 0.11468421606919633, 0.11051305947297796, 0.10659187652672335, 0.09912094849396025, 0.11065028889648203, 0.125, 0.1044466223893639], [0.12273642193109634, 0.10611715671273765, 0.11549598223604593, 0.11161766673620764, 0.10569392229003435, 0.09874765324591431, 0.11137446462966186, 0.12449676690444572, 0.10371996531385617], [0.12256818771907423, 0.10645671947183347, 0.11512751180718195, 0.11111729957571798, 0.10614532054021737, 0.09896841945196613, 0.11104016700177205, 0.12448964126745998, 0.10408673316477683], [0.12246851149840716, 0.10662329377607582, 0.11485915552990657, 0.11077554978684268, 0.10637048506277905, 0.09903876123059181, 0.11080831890637147, 0.12479572577030074, 0.10426019843872471], [0.12234403502649327, 0.10686034852763365, 0.1145350388047141, 0.11037233595268191, 0.10673185385634233, 0.09928579769154172, 0.11051708524282917, 0.12479170385998153, 0.1045618010377823], [0.12287596354820929, 0.10613752112537377, 0.11531280193347364, 0.11142771515963894, 0.10580101697814506, 0.09883968153065756, 0.11120136404502158, 0.12460744006505732, 0.10379649561442282], [0.12306980930029394, 0.10604166990008754, 0.1152341512236305, 0.11138005813427955, 0.10574812606923087, 0.09883106906350594, 0.11113446869049669, 0.12482139604250055, 0.1037392515759742], [0.12318620684689097, 0.10587715944180663, 0.11532564055708197, 0.1115356039371126, 0.10554568023216399, 0.09872108403754318, 0.11123986215884299, 0.125, 0.10356876278855767], [0.12243643349711714, 0.10700229965806267, 0.11419773546573656, 0.10987081032450398, 0.10704854944296283, 0.0994935814828524, 0.11014762499446341, 0.125, 0.10480296513430107], [0.12310962722806046, 0.10607019719746953, 0.11514750056599754, 0.11128658790132925, 0.10581874441989457, 0.09888993815562327, 0.11105272799925232, 0.1248303694645201, 0.10379430706785316], [0.12294907557479771, 0.1065239549539891, 0.11454727794537763, 0.11050450943924721, 0.10646093899421917, 0.0991924134529245, 0.11051733646664151, 0.125, 0.10430449317280316], [0.12325452709173051, 0.10599617893996928, 0.11509556051993597, 0.11125639296453743, 0.10577110792786795, 0.09887326284835107, 0.11100830515413122, 0.125, 0.10374466455347656], [0.12273738513983576, 0.10682573796195959, 0.11418967783208657, 0.11003064998547826, 0.1068957700447419, 0.09946692776989627, 0.11018629707393685, 0.125, 0.10466755419206482], [0.12308985146277807, 0.10636163404651675, 0.11467825840985185, 0.11069163160300621, 0.10627887217012214, 0.09912442917525177, 0.11062293700004276, 0.125, 0.10415238613243044], [0.12321828520605718, 0.10625694755943596, 0.1148839760859862, 0.11096918630932609, 0.10612187976461251, 0.09910066664070386, 0.11081610937774433, 0.12459095756369473, 0.10404199149243917], [0.12338805523007047, 0.10600148374137947, 0.11501938836923152, 0.11119881042427505, 0.10582411678002171, 0.09895449408117812, 0.11094924523244266, 0.12487452370350996, 0.10378988243789102], [0.12345294147111144, 0.10598353694953566, 0.11502079657159167, 0.11121785673945489, 0.10581168274075153, 0.09896906496702348, 0.11095942487945751, 0.12480256065197208, 0.10378213502910173], [0.12342470503481716, 0.10608078887438989, 0.11483772100228244, 0.11097334247879916, 0.1059785872764775, 0.09903760276005225, 0.11076263195096872, 0.125, 0.10390462062221288], [0.1235646902884851, 0.10597353487122874, 0.11498502965856947, 0.11120504190533397, 0.10582862576289832, 0.09902098294267975, 0.11093926179772264, 0.12468361729068395, 0.10379921548239808], [0.1234427658582221, 0.10627386686483062, 0.11464970545020227, 0.11074124600723029, 0.10625829178287172, 0.09924032561211919, 0.11061011753863989, 0.12464138046044453, 0.1041423004254394], [0.1236597641863882, 0.10598778614139132, 0.11490765727019613, 0.11113487255882626, 0.10588634001215806, 0.09908986768595289, 0.11087320866023934, 0.12461411688000679, 0.10384638660484101], [0.12324931230832627, 0.1066364237668994, 0.11418248491056611, 0.11016037828575065, 0.10677454956885783, 0.09951964082797657, 0.11021616841376962, 0.12469931069162997, 0.10456173122622361], [0.12347897019691519, 0.10628916090358873, 0.114593762175702, 0.11068431264641687, 0.10630163603938173, 0.09928014177727328, 0.1105620384539097, 0.12463360733816516, 0.10417637046864733], [0.12312944224292197, 0.10675357837875123, 0.1139845148148975, 0.10992633803672264, 0.10696056292163471, 0.0996291268991187, 0.11004513792655121, 0.12486009793244741, 0.10471120084695461], [0.12344032676163315, 0.10649886519824821, 0.1142693940868102, 0.11028478466624536, 0.1066248430357383, 0.0994516771919707, 0.11028043177344847, 0.12471754229851681, 0.104432134987389], [0.12323945584597606, 0.10668966140839353, 0.1139440892257726, 0.10990473016700752, 0.10692505126396255, 0.09961998178763082, 0.11000545084819889, 0.125, 0.104671579453058], [0.12374602631362376, 0.10612784599016048, 0.11451521325658687, 0.11064838489936221, 0.1061869573632495, 0.09923548950784715, 0.11047907136824399, 0.125, 0.10406101130092606], [0.1236089389231733, 0.10636775849964548, 0.11424326238068837, 0.1102865835489203, 0.10652040144467681, 0.09940162672814656, 0.1102418374571509, 0.12500000000000003, 0.10432959101759842], [0.12343588685921068, 0.10663218391225236, 0.11398793998479004, 0.10997915955303869, 0.10687751988490138, 0.09963833845293421, 0.11004361894974668, 0.12477012146102458, 0.10463523094210135], [0.12380306550978827, 0.10622075220774095, 0.11439041355597505, 0.11051437005624791, 0.1063467339114786, 0.09937711640807669, 0.11037946961657419, 0.12477064599439268, 0.10419743273972565], [0.12385913036240606, 0.10615045832987827, 0.11442594304665295, 0.11056839530753837, 0.1062618274720324, 0.09932430637230193, 0.11040658518185886, 0.1248798377542461, 0.10412351617308505], [0.12385592701458523, 0.10621603192644166, 0.11435891846123301, 0.11048923287378448, 0.10636091874963552, 0.09940146062858841, 0.11035285595955566, 0.12475651691687507, 0.10420813746930092], [0.12352392680654957, 0.10667461742620142, 0.11382047893018885, 0.10981980590879048, 0.10701099346389666, 0.09977640930160987, 0.10990322823222326, 0.12472779324481194, 0.10474274668572794], [0.12397848149207324, 0.10610058189313809, 0.11445641649985076, 0.11065025716225921, 0.10622000331501125, 0.09936840265873342, 0.11044765608815336, 0.12467874274842501, 0.10409945814235548], [0.1239177777067946, 0.10635105569186246, 0.11411187190705224, 0.11021070579535519, 0.10660979335714175, 0.09958702846260503, 0.11014174383289206, 0.12466096237060384, 0.1044090608756926], [0.12499999999999999, 0.1126873874043876, 0.1145343171131466, 0.10321057018520267, 0.11145657280077302, 0.10172918202917508, 0.10906884120510345, 0.11288696669169335, 0.10942616257051808], [0.12491879365333286, 0.11272961514991683, 0.11449506436266811, 0.10314362315167706, 0.1115410567144, 0.10181166913669931, 0.1090303779240733, 0.11282574416244123, 0.10950405574479116], [0.12499999999999999, 0.11223800498293782, 0.11462064725813534, 0.10384225536961712, 0.11101247848093777, 0.1013623547924726, 0.10924361939706857, 0.11373031812045689, 0.10895032159837374], [0.12500000000000003, 0.11191207872594518, 0.11479272226475193, 0.10434698978584332, 0.11062187356920904, 0.10103182170451981, 0.10940660266192052, 0.11432986194986008, 0.10855804933795025], [0.12499999999999999, 0.11280992157987807, 0.1141068751558574, 0.10268954079852546, 0.11202136646789354, 0.10224530221983703, 0.10865502168395802, 0.1125829122510534, 0.10988905984299692], [0.12500000000000003, 0.11327293594371579, 0.11380275082381604, 0.10195768399040424, 0.11263016407974988, 0.10277723393543182, 0.10830946893452885, 0.1117684389932756, 0.11048132329907794], [0.1249127436027396, 0.1123333522145276, 0.11425466295199399, 0.10341739789917713, 0.11150113929012397, 0.10181917497515157, 0.10889149616490709, 0.11352465155981965, 0.10934538134155937], [0.125, 0.11231402896976299, 0.11417909786994777, 0.10335492136403235, 0.11155874338654852, 0.10186823494692082, 0.10882017314685981, 0.11352364074248268, 0.10938115957344509], [0.12454697606906887, 0.111683137407594, 0.11450944327239025, 0.1044949980873928, 0.11079822039204686, 0.10127979316088886, 0.10920111014899635, 0.11486050900504108, 0.10862581245658107], [0.12481311372922589, 0.11234295619248692, 0.1140543012848327, 0.1032489495397121, 0.1117445733021755, 0.1020595629039683, 0.10871322403218772, 0.11349176719435909, 0.10953155182105176], [0.12469088395851893, 0.11168504159110779, 0.11434733329550752, 0.10432819176028094, 0.11094795881913697, 0.1014110101316521, 0.10905238329939994, 0.11480135944187926, 0.10873583770251641], [0.12500000000000003, 0.11182686658439175, 0.11420183226213036, 0.10396967510858934, 0.1111650308143041, 0.10156630145106622, 0.1088997126193642, 0.11443461172121094, 0.10893596943894317], [0.12473174057705302, 0.11199351078892142, 0.11409619009282668, 0.1037470518992069, 0.11142763200306993, 0.10181947544469454, 0.10881678793370517, 0.11418092362856637, 0.10918668763195614], [0.125, 0.1133146713220434, 0.11317834878049987, 0.10146695446531535, 0.11328698048562409, 0.10339468252743227, 0.10775152619224246, 0.1116618265320878, 0.11094500969475476], [0.1248569604551135, 0.11338