[[0.11506616828480845, 0.11828309806975572, 0.10428976511638577, 0.09585750784390189, 0.11983679921469134, 0.12360760757776258, 0.10215616223300059, 0.09981961446430868, 0.12108327719538499], [0.11564777740536675, 0.11881287503275627, 0.10378278162458833, 0.09459577950332096, 0.11999568253906728, 0.12487226343103858, 0.10139665475889703, 0.09907352728319335, 0.12182265842177166], [0.11506237938701777, 0.11815288467198996, 0.10429475197322323, 0.09592216149005987, 0.11999672934788937, 0.12353931157464905, 0.10216582220230751, 0.09993889643493663, 0.12092706291792663], [0.11518520968715004, 0.11826156669362799, 0.10421917206680467, 0.09570664732417417, 0.120042284423956, 0.12380010426613663, 0.10204397137292757, 0.09981519441583044, 0.12092584974939248], [0.11568457904232433, 0.11876764126533312, 0.10372421202902989, 0.09450604919075994, 0.12010865950030564, 0.125, 0.10131864151177646, 0.09906446959456003, 0.12182574786591058], [0.11557593335756555, 0.11860278948992484, 0.1038341668717471, 0.094797688747901, 0.12015186414665711, 0.12469062207642728, 0.10148100191007213, 0.09928614689403475, 0.12157978650567022], [0.11513729311343927, 0.11814562706200282, 0.10425777121600525, 0.09583702607928178, 0.1201210204382871, 0.1236489672061644, 0.10210405874194287, 0.09994009673543035, 0.12080813940744613], [0.11519088083419055, 0.11810268994932963, 0.10418012740939346, 0.09571113527452163, 0.12028145358425393, 0.12379839124398907, 0.10199850863065385, 0.09992509112393556, 0.12081172194973232], [0.1148388331781529, 0.11768436456265136, 0.10435525956713078, 0.09629278403197453, 0.12020470901492449, 0.12342730569894447, 0.10229731898738921, 0.10030676188939433, 0.12059266306943792], [0.11543353528073722, 0.11821654410177349, 0.10396527095837427, 0.09523104089970319, 0.1205262937313838, 0.12411274050127093, 0.1016808134672246, 0.09971912742007916, 0.12111463363945334], [0.11590321702758709, 0.11858288817897636, 0.10367816038120818, 0.09443840104602368, 0.12065233341130874, 0.12445101940383804, 0.10121880561491778, 0.09929520329057648, 0.12177997164556364], [0.11488419921255082, 0.11764155212836487, 0.10431699585764961, 0.09622998162247251, 0.12033879445638918, 0.12355342219588338, 0.10224083940567052, 0.10032491326264055, 0.1204693018583786], [0.11575423788616154, 0.11841111675948454, 0.10375047625088747, 0.09468370233533287, 0.12066528201392024, 0.12440575173179039, 0.10134382015740627, 0.0994628222318823, 0.1215227906331342], [0.11559466403025923, 0.11819611515143129, 0.10383811097033158, 0.09497500376685908, 0.12079050244339412, 0.12421865895430684, 0.10149017795415985, 0.0996804321096743, 0.12121633461958367], [0.11625863846384679, 0.1186650560121736, 0.10361345024896189, 0.09416718839325314, 0.12097255532237094, 0.12393276238677325, 0.10105823688503938, 0.09930925176953159, 0.12202286051804945], [0.11528733545426874, 0.11792447436352399, 0.10397177107084828, 0.09541136655566002, 0.12072054276760012, 0.12427100809827593, 0.1017261946382859, 0.09991184233030055, 0.12077546472123649], [0.11614070601489464, 0.11854829916969936, 0.10363293228954788, 0.09429193775096555, 0.12099803409499738, 0.12403746694634635, 0.1011109286341119, 0.09938549334598647, 0.12185420175345046], [0.11592381122330381, 0.11837130678120829, 0.1036970285956088, 0.09455173921292691, 0.1209573876520555, 0.12416294789384934, 0.10124118733087728, 0.09952200244498109, 0.12157258886518901], [0.11482001355390477, 0.11740217449810302, 0.1043448710758697, 0.09639621606818094, 0.12050667561441773, 0.12348785012425853, 0.10229125132378615, 0.10054390811072547, 0.12020703963075352], [0.11582098220437463, 0.11825395829477645, 0.10374563625095919, 0.09471854617359295, 0.12098706544161736, 0.12411152881959586, 0.10132548206990627, 0.09963753962724407, 0.1213992611179332], [0.11535127006919967, 0.11786248303063826, 0.10386940370688733, 0.09524514366648189, 0.12092109284112436, 0.12449375756428092, 0.1015878569809063, 0.09988738557676793, 0.12078160656371335], [0.11576092359285038, 0.11817593100957986, 0.10374307924159297, 0.09476682313426762, 0.12103323161499965, 0.12420989002487373, 0.10133711341532599, 0.09967431976927145, 0.12129868819723834], [0.11477559892584546, 0.11732475062227724, 0.10437790089939934, 0.0964971815913437, 0.12050561603012766, 0.12339331974377421, 0.10234199365477042, 0.1006276204059621, 0.12015601812650004], [0.11558569163601853, 0.11799552584098841, 0.10374869856897849, 0.09490959396600285, 0.12107595680496659, 0.12449744282708852, 0.1013860949047816, 0.09975238176054967, 0.12104861369062532], [0.11537332345772801, 0.11781460715402214, 0.10382196726525114, 0.09517781844936242, 0.12102830870218245, 0.12460825686278933, 0.10152557888290291, 0.09988867519781619, 0.12076146402794538], [0.11508469881372686, 0.11753347821916801, 0.10407401378436225, 0.09581007127581466, 0.12090319083122707, 0.12412294756352625, 0.10190029024091815, 0.10028131094771384, 0.12028999832354313], [0.1149072810704505, 0.11736889420500458, 0.10427474855744578, 0.09626906917227701, 0.12073934262025725, 0.12368580915265326, 0.10218594922237705, 0.10056017307527791, 0.12000873292425662], [0.11603839124810585, 0.11823213147003302, 0.10367711950850932, 0.09453261593917353, 0.12129405599822984, 0.12387618942906074, 0.10119276617970203, 0.09967998305080696, 0.12147674717637869], [0.11562311602880704, 0.1179275845704504, 0.10370244887749078, 0.09484593615292869, 0.12122797314644085, 0.12456024346121575, 0.10132191956854614, 0.0997795265125544, 0.12101125168156594], [0.11503618323352446, 0.11744565823488291, 0.10411817178559174, 0.0959358084910719, 0.12092285993430413, 0.12401431412136041, 0.10196553035374278, 0.10038807532971311, 0.12017339851580854], [0.1152259012774744, 0.1176044792567028, 0.10391040160577876, 0.09546105400079065, 0.12108023182017139, 0.12447163035786658, 0.10166844965824229, 0.10010700252593463, 0.12047084949703851], [0.11539612873354196, 0.11773253092477673, 0.10375750880027275, 0.0950948776089017, 0.12118685062772463, 0.1247751448859937, 0.1014425773770107, 0.09990154115759232, 0.1207128398841855], [0.11554604363311073, 0.1178248727568657, 0.1036954208044786, 0.09490178195574757, 0.12127461399281889, 0.12471912975346651, 0.10133190880381888, 0.09982418841695719, 0.12088203988273591], [0.11475910931796234, 0.11714976232138494, 0.10439441966966509, 0.09660488719513557, 0.12067987423094238, 0.12333138396178717, 0.1023660934308006, 0.10081409519422836, 0.11990037467809357], [0.11508451612924732, 0.1174107425415837, 0.10404870362854467, 0.09581857566279824, 0.12107335106979007, 0.12413757736279751, 0.10186994306275024, 0.10037205123019738, 0.1201845393122909], [0.11478951386986803, 0.11714274748376431, 0.10437121599346577, 0.09656042342960884, 0.120757148235767, 0.12339005217450806, 0.1023307434325208, 0.1008171083679421, 0.11984104701255509], [0.1157282505272187, 0.11783240438292733, 0.10364500473219412, 0.0947488415701981, 0.12150840930459272, 0.12448479164965598, 0.10122843186369973, 0.09985315539457142, 0.12097071057494188], [0.11543318667729327, 0.1176288462494037, 0.10366963327629797, 0.09497499522511803, 0.12139902751163792, 0.125, 0.10132767245939966, 0.0999134236393871, 0.12065321496146234], [0.11514630615526501, 0.1174120784287527, 0.10397185819332684, 0.09566894201466937, 0.12119827967729814, 0.12428571154832153, 0.10176214882044764, 0.10031856854809189, 0.12023610661382705], [0.11630112579807642, 0.1181689954296721, 0.10362004245119008, 0.09435786146968157, 0.12170162259483551, 0.12350887001968582, 0.10106341485012063, 0.0997803327513468, 0.12149773463539106], [0.11557739832543726, 0.11769326201880409, 0.1036489653330261, 0.0948641387498158, 0.12151618184536271, 0.12474704822913728, 0.10126881820419109, 0.09990793191471431, 0.12077625537951141], [0.1160194560798703, 0.11794743235970198, 0.10362512876070969, 0.09456164352018698, 0.12166192548836946, 0.12399740109521755, 0.1011361668954208, 0.09986509569341488, 0.12118575010710841], [0.11576353895588612, 0.11777894896999755, 0.10362991540822407, 0.09473098496798864, 0.12163421121061753, 0.12442638866109416, 0.10120209872959068, 0.09990228976156183, 0.12093162333503922], [0.11502769088998092, 0.11721851447463957, 0.10410230922559839, 0.09600529170451903, 0.12120760443243009, 0.1239369268047869, 0.10194818672932417, 0.1005898048261646, 0.11996367091255633], [0.1155580227562472, 0.11747922676259558, 0.10365575827686799, 0.0949654000806374, 0.12181056232984055, 0.12459057113912402, 0.1012816399227443, 0.10010897649742072, 0.12054984223452224], [0.11477318838405066, 0.11690591977642319, 0.10441377768760488, 0.09673513476049639, 0.12098264900689681, 0.12321680379196913, 0.10238497706065186, 0.10109983016218956, 0.11948771936971757], [0.11641963351467217, 0.11788811094803203, 0.10347609643273525, 0.0941648567664454, 0.1222019830492605, 0.12385216609435226, 0.10086178571623915, 0.0998914908146928, 0.12124387666357042], [0.11648371664955975, 0.11791117292446535, 0.10346115529711754, 0.09410331583110385, 0.12223274923118525, 0.12382274272600972, 0.10082863435744163, 0.09987412450790227, 0.12128238847521464], [0.11487679625072535, 0.11696190931455153, 0.10428663501321427, 0.09646680544472598, 0.1211732120716854, 0.12345792953971371, 0.10220629726745309, 0.10096620245325545, 0.11960421264467508], [0.11620493082553636, 0.1177856873724139, 0.10354283550554351, 0.09440670431637116, 0.12209836340649058, 0.12390453718129177, 0.10099308756580395, 0.09998817633207788, 0.12107567749447092], [0.11580916959168745, 0.11756368276596953, 0.10361175783825355, 0.09476417499724094, 0.12202347476276054, 0.12423054493266679, 0.101169307140466, 0.10010356351753485, 0.12072432445342038], [0.11634376369395971, 0.11780975772622704, 0.10347917538592791, 0.09423052017066488, 0.12222782296029785, 0.12394440846415992, 0.1008832192963138, 0.09993801341438406, 0.12114331888806483], [0.11521483021769999, 0.11718262709429395, 0.1039046919887478, 0.09562368782917317, 0.12164394931727683, 0.12419909396290602, 0.10166368571726511, 0.10050612660523167, 0.12006130726740548], [0.11494152627948469, 0.11698066659078957, 0.10420848567366252, 0.0963071266746908, 0.12130517846788934, 0.12359062770062323, 0.10209609097762265, 0.10089874251470736, 0.11967155512052988], [0.11572837999585615, 0.11741370497942843, 0.10362953024210769, 0.09488099780220359, 0.12215167628461791, 0.12422047639334374, 0.10120924152871792, 0.1002272405112906, 0.12053875226243395], [0.11581647918190122, 0.11744341331837847, 0.10361514088689669, 0.09481118691033655, 0.12222043695202973, 0.12410083919847661, 0.10117108035014973, 0.10022439740936526, 0.12059702579246573], [0.11610441491657275, 0.1175438791526057, 0.10350160189140674, 0.09446409709707379, 0.12235067912756249, 0.12415539755299819, 0.10096571662172023, 0.10011454300418234, 0.12079967063587775], [0.11560777787136832, 0.11729281216317065, 0.10366952052690312, 0.09503983620559475, 0.12216393637075584, 0.12424240294705163, 0.10128553540414127, 0.10033088054747143, 0.12036729796354298], [0.11625495214893299, 0.11759666007479923, 0.10344228107239598, 0.0942801438416987, 0.12240950142049895, 0.1242094844835078, 0.10085844147527767, 0.10004937603847099, 0.12089915944441777], [0.11550021223776516, 0.1172129948806631, 0.10371900314184088, 0.09519415693438248, 0.12211288897916658, 0.1242386678687362, 0.10137052478337201, 0.10041220703194796, 0.12023934414212566], [0.11503932005058587, 0.11692160220693829, 0.10410800985821521, 0.09612827541257007, 0.12159790354497535, 0.12367007740990035, 0.10194999622490995, 0.10090307923844441, 0.11968173605346046], [0.11612348907515938, 0.11750451362877533, 0.1034745867265046, 0.09442358338067817, 0.12242200808127363, 0.12423370088643593, 0.10092812221901569, 0.1001235733819421, 0.12076642262021517], [0.11540340511072963, 0.11713900342932272, 0.10377928859890828, 0.09536006583257188, 0.12205299261934785, 0.12417684550626096, 0.1014660945715274, 0.10050546139560469, 0.1201168429357266], [0.11536188825383578, 0.11709624152937168, 0.10381193756175242, 0.09544667332919816, 0.12203679395114989, 0.12411617363843325, 0.10151520073210014, 0.10056416041007923, 0.12005093059407945], [0.11528352675743506, 0.11704509512853233, 0.10387391506642572, 0.09559947581243254, 0.12195718933805852, 0.12403033435820549, 0.10160863294479716, 0.10064547461125281, 0.11995635598286042], [0.11512415112102936, 0.11692607601488963, 0.10402598900383454, 0.0959585830988824, 0.12177910247305469, 0.12376268139919426, 0.10183005768017507, 0.10085326366649026, 0.11974009554244977], [0.11572471882174382, 0.11724550877420828, 0.10361913502421592, 0.09492536907914448, 0.12240346279761327, 0.12415268390098667, 0.10119602563631572, 0.1003714912799226, 0.12036160468584924], [0.11548043257643614, 0.11711820271269412, 0.10374654385519025, 0.09528315625997662, 0.12221483838266382, 0.1240940692969848, 0.10140766619633247, 0.10052767566367017, 0.12012741505605162], [0.11506474441208424, 0.1168579171098433, 0.10409322661338598, 0.0961188068018062, 0.12172769149058502, 0.1236139143037404, 0.10192505867091317, 0.10096600678877946, 0.11963263380886226], [0.11585930760601056, 0.11727366099604565, 0.10354190418671294, 0.09472918629227527, 0.12252908219708068, 0.12424282527537253, 0.10107046910115045, 0.1003101093019072, 0.12044345504344474], [0.1155487822189393, 0.11712281147039426, 0.10371853680264612, 0.09520764600876083, 0.12232159901653977, 0.12403939730551865, 0.10135733265677013, 0.10052490290139209, 0.12015899161903908], [0.11542881387023536, 0.11701736827055617, 0.10379272979878865, 0.09541781307770406, 0.12226389394404627, 0.12395438193934849, 0.10147479691519824, 0.10065521408240333, 0.11999498810171948], [0.11530897630144808, 0.11692699300339787, 0.10388261449560261, 0.09564833930623522, 0.12215716023595476, 0.12383508816466114, 0.10161144406116555, 0.10078785134920427, 0.11984153308233048], [0.11555527898860399, 0.1169550166419021, 0.10365306956810189, 0.09515635709067752, 0.12256290335737963, 0.12424006779575701, 0.10127609681777075, 0.1006021430245917, 0.11999906671521525], [0.11511857497142824, 0.11670678001348336, 0.10407789881947313, 0.09613005134304464, 0.12201061395071497, 0.12342774060178954, 0.10189102928162266, 0.1011335904931166, 0.11950372052532666], [0.11521590892892271, 0.11668151728299177, 0.10398078363074337, 0.09594314548786508, 0.12223391765025045, 0.12357139980413284, 0.10175210052164478, 0.10109043627035307, 0.11953079042309615], [0.11623616633304869, 0.11701495270671863, 0.10323841417409597, 0.09415667189443748, 0.12316656647646881, 0.125, 0.10062155898378533, 0.10028653538102789, 0.12027913405041722], [0.11527561793337544, 0.11668422103338803, 0.10391121155515055, 0.09580341704376699, 0.12235502386149359, 0.12371463801622848, 0.10165450894033305, 0.10103305778290507, 0.1195683038333588], [0.1161902454184672, 0.11687847907337211, 0.10327527274896559, 0.09429089784047423, 0.12336067476944941, 0.12477919626740021, 0.10067821370848148, 0.10043897136940862, 0.12010804880398115], [0.1151938948470204, 0.11655007076181245, 0.10400378257727749, 0.09604237822243895, 0.12230174430267494, 0.12351470250805285, 0.10178610668236808, 0.10122854969176483, 0.11937877040659002], [0.11583672674137162, 0.11673884251622334, 0.1033424958462567, 0.09460263876590781, 0.12323004451436718, 0.125, 0.10083976914025626, 0.10051870835330942, 0.11989077412230768], [0.11557178666839117, 0.11665985434726887, 0.10358704894027683, 0.09515369097702148, 0.12294062186408682, 0.12440539102209011, 0.10119598591101406, 0.10079097237876244, 0.11969464789108822], [0.1158154762492639, 0.11669442740616173, 0.10336393951737594, 0.09466464910695321, 0.12326390816771633, 0.1249172559461428, 0.10087091411547741, 0.10057754225259052, 0.11983188723831813], [0.11521825708762912, 0.11648164176016988, 0.1039777704445409, 0.09601680090716125, 0.12240940354811494, 0.12355508290978785, 0.10174962816671895, 0.10127267962107685, 0.11931873555480009], [0.11548397659517917, 0.116448987699312, 0.10368960292708536, 0.09544227146848928, 0.12299176525621497, 0.12411198392073937, 0.1013411966242344, 0.10107273870069179, 0.11941747680805367], [0.11555187589721294, 0.1164402292944574, 0.10362440531882633, 0.09530849789015645, 0.12313142363004087, 0.12423046405530529, 0.10124701444642285, 0.10102896358310608, 0.11943712588447196], [0.11532641004564072, 0.11635955095703897, 0.10386917532475626, 0.09584063429147842, 0.1227348808891534, 0.12372886007761447, 0.10159433599148447, 0.10130580666094736, 0.11924034576188589], [0.12317893420644499, 0.10657539925357548, 0.11692177893471174, 0.11223616070237297, 0.1047489289495336, 0.09725722624565702, 0.1133147388214563, 0.1229367284211178, 0.10283010446513009], [0.12272885825562577, 0.10683040183988261, 0.11690456599733325, 0.11145983892711801, 0.10508836579638028, 0.09717206525171586, 0.11276380482209988, 0.12397970691443651, 0.10307239219540783], [0.12260148782910828, 0.10674798981915178, 0.11694423985585659, 0.1118684252748666, 0.10497961283780212, 0.09728784112252453, 0.11306240878973176, 0.12349493348810921, 0.10301306098284915], [0.12314495639092414, 0.10656444579375995, 0.11687291023268076, 0.11220307088699809, 0.10477664222293298, 0.09730098343157854, 0.11327667949258445, 0.12300504083894438, 0.10285527070959669], [0.12310232601467859, 0.10657001729481634, 0.116844234291514, 0.11217037297794707, 0.1048115618467908, 0.09734112977729514, 0.11324503328045867, 0.1230282287054101, 0.10288709581108911], [0.12318908601624627, 0.10641907865671763, 0.116936383579932, 0.112259360840669, 0.10467602854492325, 0.0972569425131214, 0.11322458627433966, 0.1232819477799928, 0.10275658579405798], [0.12246517131116859, 0.10677636037193093, 0.11678504304429625, 0.11160327652455025, 0.10515684364166131, 0.0974278076222658, 0.11282844663370267, 0.12379604000802567, 0.10316101084239852], [0.122498035560246, 0.10686525141929311, 0.1166887557744189, 0.11116522003272307, 0.10531748360858954, 0.09738306587778825, 0.11249353220148263, 0.12431830642360833, 0.10327034910184996], [0.12290211808930969, 0.10651328320589129, 0.11667218633225122, 0.11201139722487015, 0.10494584995715096, 0.09755082486924391, 0.1130490497243626, 0.12334735584473899, 0.1030079347521812], [0.12261757587287936, 0.10665626370610347, 0.11657928682490432, 0.11180374049589525, 0.1051869551917572, 0.09773304065067401, 0.11290784438749486, 0.12329004492874988, 0.10322524794154163], [0.12257576954107043, 0.1066315372641722, 0.1164973582226749, 0.11176527992426691, 0.1052243690051333, 0.09780769069981456, 0.11285618788561057, 0.12338089057723398, 0.1032609168800232], [0.12289561923219501, 0.10597845633152712, 0.11709183921774317, 0.11262537037688485, 0.10444773571490303, 0.09726873961500788, 0.11297827504716189, 0.12417433473275187, 0.10253962973182498], [0.12204675946584613, 0.10680721621395446, 0.11643326807302871, 0.1112852428270782, 0.10552647314589446, 0.09788864295199944, 0.11250097691528763, 0.12401022616334814, 0.10350119424356287], [0.12217570072905994, 0.10688841806150239, 0.11619781587663822, 0.110564969993186, 0.10576749329303138, 0.09782068832469865, 0.11192845755547505, 0.125, 0.10365645616640838], [0.12196256780360969, 0.10683281153730699, 0.11632829560819806, 0.11110013399077191, 0.10564999863067731, 0.0979785591881534, 0.11234032116705506, 0.12420338228264044, 0.10360392979158717], [0.12260387298714322, 0.10645065619788294, 0.11646648763343612, 0.11187446721649245, 0.10512198003705218, 0.09781869392391053, 0.11279843191060579, 0.12369834386586785, 0.10316706622760893], [0.1227036632642977, 0.10599799412485623, 0.11690875514077469, 0.11246117216273264, 0.10459784843664714, 0.09744565396930481, 0.11283488742745224, 0.12437348261698856, 0.10267654285694601], [0.122542335890544, 0.10648775575171304, 0.11640329428537886, 0.11181115716418148, 0.10519483979934509, 0.09789320856738112, 0.11276681549641113, 0.12366464738725198, 0.10323594565779332], [0.12181504725658476, 0.10683877756490925, 0.11624255551705108, 0.1111089193533262, 0.10574850067819565, 0.09816294495129543, 0.11232129703267567, 0.12405453922617349, 0.10370741841978848], [0.12181914636894194, 0.10687330071398445, 0.11618276901478351, 0.11087361197659652, 0.10582944481125885, 0.09813207960074424, 0.11213921654267134, 0.12439159737379488, 0.10375883359722428], [0.12251980130971632, 0.10595207674637393, 0.11683370752334488, 0.11243947615871124, 0.10465249144122743, 0.09756146325362086, 0.11272727750257588, 0.12458473115602262, 0.10272897490840684], [0.12243187509921459, 0.10621438592441428, 0.11648817084242291, 0.11200265220359727, 0.10502574632606504, 0.09784936886529207, 0.1126300752483999, 0.12428545336976136, 0.10307227212083261], [0.12178650138945497, 0.10677232811096464, 0.11611164837815231, 0.11115441725831605, 0.10578443576778825, 0.09833183322854996, 0.11231359994079818, 0.1239902729781738, 0.10375496294780183], [0.12189861202817054, 0.10671295384348163, 0.1161066464028672, 0.11123068917472424, 0.10570392179879813, 0.09829257882668974, 0.11236485635584068, 0.1240049439641149, 0.10368479760531295], [0.12233091668803897, 0.10636464757121167, 0.11631605562168644, 0.1118022453032237, 0.10524257666370102, 0.0980410692834961, 0.11258343529917379, 0.12404175099457805, 0.10327730257489005], [0.12166705731874786, 0.10691371554449963, 0.11601326483802613, 0.11070239936390737, 0.1060422860329848, 0.09838167504721096, 0.1119700599425421, 0.12435391007537797, 0.10395563183670321], [0.1223645112585029, 0.10589750073648922, 0.11683630575109125, 0.11251212251574261, 0.10466305717156721, 0.09764914586138575, 0.112670540962543, 0.12466047471127117, 0.10274634103140688], [0.12211842358753994, 0.10658803855928142, 0.11605950508983581, 0.1114220578299918, 0.10555742505706943, 0.09828273759526951, 0.11248410198389286, 0.12391959583011287, 0.10356811446700637], [0.12174774521728002, 0.10699154397441411, 0.11587315002297584, 0.1103767001934119, 0.1062435592701061, 0.09847726577106687, 0.11170292425428004, 0.12446757638081325, 0.10411953491565187], [0.1215311922858899, 0.10689674962456525, 0.11601020740238478, 0.1108807239021867, 0.10604640982769764, 0.09852107366436838, 0.11209372093813272, 0.12403503468172924, 0.10398488767304535], [0.12185337114945718, 0.1066818564500441, 0.11601996865271616, 0.11119184580134918, 0.10573782048886696, 0.09836829510853631, 0.11231153341428637, 0.12411797505560931, 0.1037173338791344], [0.12229250375872057, 0.10593153692193054, 0.11668988107401171, 0.11234534965466383, 0.10476729907182838, 0.09773675809822714, 0.11258268478271337, 0.12481719521099452, 0.10283679142690992], [0.12202812736621256, 0.10659807560682297, 0.11600886046851631, 0.11134792320951516, 0.10561996315312987, 0.09834360286773457, 0.11241717077772143, 0.12401353779044462, 0.10362273875990251], [0.12167593515349127, 0.10699530843993531, 0.1158392132624203, 0.11038240916876609, 0.10628918469785417, 0.09856102917956033, 0.11169690260558039, 0.12439285567068761, 0.10416716182170455], [0.12159627949110868, 0.10677564719577222, 0.11596018043578375, 0.11100115639700807, 0.10592796430820545, 0.09850393644700915, 0.11216132793493543, 0.12418936376258988, 0.1038841440275874], [0.12221746252530105, 0.10594114594887398, 0.11660904703753702, 0.11226876738831719, 0.1048302608101226, 0.09780788955735516, 0.11252270829323174, 0.12490894544338058, 0.10289377299588087], [0.1221397945128226, 0.10594889652422639, 0.11653071500198672, 0.11219660164450605, 0.10489172145424401, 0.09787967763812007, 0.11246292759288215, 0.12499999999999997, 0.1029496656312118], [0.12178076906372895, 0.10662185169656485, 0.11586211942591447, 0.11114837304152413, 0.10579189570287655, 0.09851797404758071, 0.11223369106059229, 0.12426945664865893, 0.10377386931255893], [0.12141224953580589, 0.10679886723453963, 0.11584104952284506, 0.11086012286415202, 0.10607020413115933, 0.09865961562039983, 0.11202765596025266, 0.12431772159581835, 0.10401251353502723], [0.12155804427050487, 0.10709877891982256, 0.11565610567023127, 0.11014654758547895, 0.10659069312681553, 0.09887194878443303, 0.1114808196497178, 0.12415136123277913, 0.10444570076021682], [0.12208084170247556, 0.1060703952011274, 0.11638151971533625, 0.11202207218507856, 0.10508648636235353, 0.09805952737447873, 0.1124127337984526, 0.1247535903292688, 0.10313283333142856], [0.12166277234923549, 0.10664614023367662, 0.11581376692006362, 0.11104835646529644, 0.10587347330502965, 0.09858056664101505, 0.11214940545886606, 0.12438206054656394, 0.10384345808025293], [0.12144966953129965, 0.10702961501160047, 0.11570117448536096, 0.11034241665077, 0.10648561252535743, 0.09886735596889117, 0.11162889031585126, 0.12413101345562022, 0.10436425205524905], [0.12159371059079296, 0.10727361565988904, 0.11552896749412597, 0.10983282280547729, 0.10689543134274192, 0.09907503893652062, 0.11122985577027958, 0.12385302216012029, 0.10471753524005231], [0.12153734277400176, 0.10669177095556337, 0.11578913789975098, 0.11094380710166649, 0.10596394349818344, 0.09863213008004286, 0.11206933265939302, 0.12445245601939892, 0.10392007901199894], [0.12196464026910558, 0.10631636974389916, 0.11611258840963011, 0.11169911442330856, 0.10544648424956753, 0.09837756890548445, 0.11234126787092596, 0.12426973023571482, 0.10347223589236366], [0.12147508424682144, 0.1072415130306336, 0.11548270466219447, 0.1098710892550944, 0.10692088947036898, 0.09917324031635097, 0.11124167115685063, 0.12384549844735357, 0.10474830941433191], [0.12142368211616901, 0.10715119807918322, 0.1155354482837094, 0.11004246110895749, 0.10677962398820187, 0.09910534245428514, 0.11137393006635248, 0.12396225958834058, 0.10462605431480082], [0.12225981439723171, 0.10590141217354043, 0.11650137808868678, 0.11229186739088126, 0.10497249818273333, 0.09810386132340046, 0.11236605951585706, 0.12455964570256835, 0.10304346322510045], [0.12189826942741935, 0.10608017162259392, 0.11629612574324928, 0.11199451418615428, 0.10520863606498185, 0.09825660136507018, 0.11232306896059524, 0.12468699016238619, 0.10325562246754953], [0.12126878416172349, 0.10705811846694219, 0.11559044344739529, 0.11030946978091213, 0.10664302322391539, 0.09911388799496186, 0.11157383396068482, 0.12391976315251259, 0.10452267581095226], [0.12140455148481777, 0.1066560814153768, 0.11563232538579238, 0.1108473321508883, 0.10605477905617053, 0.09878925040144027, 0.1119549303423125, 0.12465497653425618, 0.10400577322894529], [0.12182245381791866, 0.10619588222076644, 0.11614193004555246, 0.11181635873770733, 0.10540218130942658, 0.09843592248628691, 0.1122650428286356, 0.1244832466367347, 0.1034369819169715], [0.12122893434440193, 0.1067356269370671, 0.11560190927119997, 0.11070266883550244, 0.10619952337342674, 0.09887897346938014, 0.1118457629494414, 0.12467537999558871, 0.10413122082399158], [0.12126384411939214, 0.10711950334624767, 0.11549879534799468, 0.11013596797695249, 0.10679908386273752, 0.09923268301221783, 0.11142730085201326, 0.12386343754193556, 0.10465938394050883], [0.1213143476468432, 0.10668444496150661, 0.11552700555134063, 0.11066530082954136, 0.10619292711179433, 0.09890080452301986, 0.11179661621909426, 0.12479579745283247, 0.10412275570402747], [0.12137488508654456, 0.10662536633671733, 0.11554957307413101, 0.11085012778282859, 0.10608331702646898, 0.09888933360581409, 0.11193222759212286, 0.12465467968963177, 0.10404048980574081], [0.12124714340313195, 0.10720203965998878, 0.11536513857099497, 0.1099070356503557, 0.10701668121367126, 0.09941007181151426, 0.11123062211312636, 0.12376908117098784, 0.10485218640622886], [0.12155466798062643, 0.10655115256865277, 0.1156236610324453, 0.11118204771414393, 0.1059470033931694, 0.09886462676827784, 0.11208159864774703, 0.12425899994837585, 0.10393624194656147], [0.12121927308578088, 0.10724930730151824, 0.11530906099702565, 0.10978602174568226, 0.10711718294965113, 0.09947336032586342, 0.11113125665361528, 0.12377537086844506, 0.10493916607241809], [0.1216854481512368, 0.10614867295447024, 0.11612499823727321, 0.11186252514851672, 0.10542605660947979, 0.09853502990291794, 0.11220247578121766, 0.12454838963068568, 0.10346640358420192], [0.12145016602597163, 0.10685125319205431, 0.11543387564056476, 0.11035107094266165, 0.10651220283946246, 0.09911498062014322, 0.11155230858635179, 0.1243320410863889, 0.10440210106640149], [0.12145156432257359, 0.10691110632520623, 0.11542286142589032, 0.1102806801949806, 0.10660351859568512, 0.09917715890599622, 0.1115011326851255, 0.12416744518885146, 0.10448453235569113], [0.12145860430514792, 0.10688129368354084, 0.11542311424743879, 0.11030914995245317, 0.1065629040488186, 0.09915106825262505, 0.1115204653259535, 0.12424577236361625, 0.10444762782040587], [0.12141304451182058, 0.10657013513154136, 0.11550829465189008, 0.11108630352726045, 0.10606308418324299, 0.09901149632697466, 0.1119882825763024, 0.12431402336547107, 0.10404533572549639], [0.12149727965913533, 0.10660533259885158, 0.11536949794927405, 0.11054290762988567, 0.10621943533909708, 0.09896320906404421, 0.11166306247911559, 0.125, 0.1041392752805965], [0.12149708684703457, 0.10659769786594205, 0.11537814707911775, 0.11063540775937102, 0.1061996494936043, 0.09900277335980774, 0.1117305337758279, 0.12482456628470338, 0.10413413753459133], [0.12195074252234536, 0.10592017878543604, 0.11612336865247966, 0.11194729909369357, 0.10525047659989915, 0.0984398078676827, 0.1120720086425982, 0.125, 0.10329611783586533], [0.12181813843814389, 0.10669261574115509, 0.11517018263609789, 0.1102180601483305, 0.10652902690259923, 0.09924284520040516, 0.11137863334739556, 0.12453808711350825, 0.10441241047236445], [0.12175089340575501, 0.1069896430062112, 0.11501032832804683, 0.109644341254111, 0.10705865322998419, 0.09953642867079397, 0.11093803356816136, 0.12420379110200883, 0.10486788743492764], [0.12174644089994449, 0.10657223084327135, 0.11520409825987106, 0.11049007048368811, 0.1063201316367281, 0.09917621317891091, 0.11157714137798223, 0.12466955015754601, 0.10424412316205756], [0.1218536538401986, 0.10663540522537261, 0.11514198907362294, 0.11026451550247453, 0.10647227334971514, 0.09923443889070988, 0.11140180610323815, 0.12463152202262795, 0.1043643959920402], [0.12187440027207985, 0.10600390493447287, 0.11594375589725771, 0.11178399206716529, 0.10546830169609227, 0.09869553332135503, 0.11196240190249213, 0.12476318923348213, 0.10350452067560272], [0.12194381697982642, 0.10686824787831957, 0.1150306502601609, 0.10986060392534533, 0.10689682667469337, 0.09950810227897622, 0.11109171681720041, 0.12406416473474755, 0.10473587045073023], [0.12199079426597789, 0.10685728051542998, 0.11498017111303706, 0.10979709317040907, 0.1069253559814473, 0.09953206246895877, 0.11103235569191172, 0.12412750116882665, 0.10475738562400155], [0.12208224211881478, 0.10672711612579314, 0.11498767795443739, 0.10998617618703524, 0.10674486792551961, 0.0994661048393486, 0.11116370831827954, 0.12423755678556798, 0.10460454974520367], [0.12187507098048148, 0.10653448481073918, 0.11509369980784066, 0.11060456511317474, 0.10635663202775315, 0.09934069465968924, 0.11157245611474928, 0.12432525040197467, 0.10429714608359758], [0.12193305599840333, 0.10654734811823101, 0.11506967681789508, 0.11045861291457285, 0.10640214593591317, 0.09934720478264167, 0.11150343019635757, 0.12440904486291163, 0.10432948037307373], [0.12218649718916177, 0.10679940113519018, 0.11481666551667068, 0.10963753439210742, 0.10699120781514333, 0.09961667679045519, 0.11087180951104182, 0.12427266833264487, 0.10480753931758477], [0.12167994882281735, 0.10643237662816171, 0.11538324432115382, 0.11112909381583451, 0.106196403092856, 0.09936947811568866, 0.1117456321188004, 0.12387815980044105, 0.10418566328424671], [0.12214929348866271, 0.10656122864300378, 0.11493786506902923, 0.11022770128031152, 0.10654726298357549, 0.09946429451373628, 0.11131513560229987, 0.12434774600134929, 0.10444947241803182], [0.1222714022016407, 0.10668410590384303, 0.11486479485410474, 0.10991427483242534, 0.10679664341216066, 0.09957316225227106, 0.11107661203729553, 0.12416578722717249, 0.10465321727908644], [0.122386173671173, 0.1067454553725779, 0.11464378674213223, 0.10946087082319562, 0.10707042966621054, 0.09971151166169046, 0.1106967601061471, 0.12441580924838677, 0.10486920270848639], [0.12189567536457425, 0.106450823481315, 0.11519081202522904, 0.11093681200952199, 0.10633491598983552, 0.09951740842299701, 0.11160453641853198, 0.12376008390053873, 0.10430893238745644], [0.1219037393731382, 0.10638951716121897, 0.1151996913214061, 0.1109966285418007, 0.1063154937764, 0.09956153437775465, 0.11156440530428144, 0.12377271900451026, 0.1042962711394897], [0.12202005790043031, 0.106195102650136, 0.11539713578942445, 0.11126301331715324, 0.10604140710125515, 0.0993495729830045, 0.1116111405059674, 0.12407893382592482, 0.1040436359267041], [0.12248285464150313, 0.10674034456863248, 0.11431260587585194, 0.1089412127685836, 0.10733820510918335, 0.09987152933746589, 0.11023806120297618, 0.125, 0.10507518649580347], [0.12202236577659722, 0.10641532394929726, 0.11509846864880789, 0.1108903255998258, 0.10640125053182119, 0.09964736260289163, 0.11149899874421466, 0.12365212288965285, 0.10437378125689147], [0.1227049145380876, 0.1066213534314741, 0.11458534083845702, 0.10973149090460843, 0.10696215928850167, 0.09986196741691289, 0.11086602189953455, 0.12385616562504849, 0.10481058605737525], [0.12200934971035796, 0.10636841741161479, 0.1151095780121575, 0.11093759997071553, 0.10637833188867353, 0.09966863279916366, 0.11147404917526138, 0.12369777363912128, 0.10435626739293437], [0.12278536909314582, 0.1066595329731611, 0.11432220289737131, 0.10915021857467114, 0.10724115657286933, 0.09993279995226301, 0.11038424016057284, 0.12451334230046449, 0.10501113747548094], [0.1226459097789721, 0.10654208939722944, 0.11460733558101632, 0.10994490026622183, 0.1068188805757342, 0.09984687331074572, 0.11102038940968148, 0.12387099927687799, 0.10470262240352086], [0.12243169434311638, 0.10648678994083127, 0.1146736838151498, 0.1103692736071249, 0.10665817595542727, 0.09981160790577866, 0.1112271212416827, 0.12375764575031858, 0.10458400744057043], [0.12207719405243114, 0.10635526630837955, 0.11504910794671001, 0.11089992392010782, 0.10642270539017072, 0.09974552965734511, 0.11141357308095985, 0.12363744718335072, 0.10439925246054509], [0.12204274887453115, 0.10633055498117888, 0.11507371352222259, 0.11094515940424868, 0.10639873824869359, 0.09974539438082483, 0.11141503152819376, 0.12366858533169332, 0.10438007372841317], [0.12236451582532491, 0.10643201762542774, 0.11479674184014298, 0.1105996776263179, 0.10661781064218245, 0.09989530397588964, 0.11126859389743442, 0.12345703247461806, 0.10456830609266195], [0.12208720882345561, 0.10630175946295348, 0.11506033430618234, 0.11095819588010086, 0.10639797181323193, 0.09977756552917483, 0.11138400196186446, 0.12365090148470821, 0.10438206073832827], [0.12269775697116762, 0.1064859661389914, 0.11450220891903115, 0.11015325591579425, 0.10681524367629394, 0.0999979139567552, 0.11104316797443686, 0.1235800595289618, 0.10472442691856781], [0.12212601320534819, 0.10631377965088057, 0.11498965233550061, 0.11089968009015233, 0.1064659611309353, 0.09986706660374577, 0.11133038767149438, 0.123560459017542, 0.10444700029440085], [0.12311944545844593, 0.10657508843791387, 0.11426185212627883, 0.10934836969901854, 0.10718864639131394, 0.10009772929280256, 0.11050304274603427, 0.12390757280382964, 0.10499825304436244], [0.12276688827864822, 0.10648864332501796, 0.114462841425374, 0.11008524857044734, 0.10685666632150997, 0.10003931615874195, 0.11099425964236516, 0.12354590919798931, 0.10476022707990587], [0.12317177717756678, 0.10658975616122895, 0.11413270341791322, 0.10908042926024285, 0.10732299860636413, 0.10014265420002633, 0.11027873859224263, 0.12418447325378011, 0.105096469330635], [0.12312147631654807, 0.10655869914666032, 0.1143041525974471, 0.10954306020891294, 0.10712658799012936, 0.10015006794039849, 0.11065124193875849, 0.1235782667013839, 0.10496644715976135], [0.12327155425193083, 0.10656818462854645, 0.11409717172287114, 0.10909601326554663, 0.10733483939105007, 0.10019365532793012, 0.11027879240148966, 0.12405383759659959, 0.10510595141403552], [0.12274120668514785, 0.10644763487524257, 0.11445621583689475, 0.1102618507350198, 0.106863153380302, 0.10015052999894486, 0.11101111017573514, 0.12329416068382615, 0.1047741376288869], [0.12315499072615657, 0.10653202689721071, 0.11427150631715247, 0.10962222010670603, 0.10712447989525116, 0.10022886843162504, 0.11069677606352143, 0.1233994672703284, 0.10496966429204801], [0.12334974313140058, 0.1065431777191126, 0.11409467619191899, 0.10918585667972182, 0.10731175076434007, 0.1002368449039688, 0.1103402627750292, 0.12384721735010559, 0.10509047048440232], [0.12294256030897417, 0.10646741463594137, 0.11429598527901852, 0.11004232221584566, 0.1069913438147493, 0.10024495845484818, 0.11087835212429428, 0.12326428102244337, 0.10487278214388511], [0.12284561851794261, 0.10644794578540538, 0.11436506955134902, 0.11018064236847011, 0.10694173302033533, 0.10023721137812684, 0.11093711463064636, 0.12320859191029786, 0.10483607283742649], [0.12297026190353093, 0.10646459248308059, 0.11426836983981367, 0.11003262025900243, 0.10701545757989522, 0.10027941427888451, 0.11085832139929616, 0.12321869600677539, 0.1048922662497211], [0.12352971629501726, 0.10652632097920255, 0.11395064530603477, 0.10901782308988849, 0.1074362732728943, 0.10035072003694785, 0.11018076139577308, 0.1238274130808775, 0.10518032654336427], [0.12272521543480426, 0.10641363178566923, 0.11447955965323461, 0.11036321388275896, 0.10690597954185192, 0.10027921349582235, 0.11098707667370326, 0.12303396950183446, 0.10481214003032074], [0.12332617213386488, 0.10649676204529222, 0.11411462728209688, 0.10960558897183044, 0.107235852080748, 0.10042118594398161, 0.11060850849232494, 0.12313294151688646, 0.10505836153297457], [0.12380533786099744, 0.11142175794047991, 0.11461737381091255, 0.10329270185273096, 0.11207649815708319, 0.10225406775982275, 0.10939253891103584, 0.1133168698907776, 0.10982285381615975], [0.12388221895132341, 0.11142460644754872, 0.1145537819928923, 0.10321162301754463, 0.11214654508263751, 0.10231747200434049, 0.10933285339926424, 0.113243861988528, 0.10988703711592054], [0.1232307140388859, 0.11116470517570179, 0.11490454790019863, 0.10390758194308848, 0.11165743010501368, 0.10194290837391683, 0.10967855957742881, 0.11412736628322029, 0.10938618660254554], [0.1230528923347935, 0.11097462912545042, 0.11513580619441242, 0.10435610670952618, 0.11126957313804858, 0.10161306155839571, 0.10990184870821068, 0.11469900541504403, 0.10899707681611844], [0.12430514530374047, 0.1113193780745169, 0.11410974367492815, 0.10276320955268967, 0.11259539885215232, 0.102758376719888, 0.10892193578473786, 0.11295756669264208, 0.11026924534470467], [0.125, 0.11145722711364567, 0.11362896035559346, 0.10204577369752889, 0.11316881229547777, 0.10324680199134723, 0.1084721396665479, 0.11215160883374262, 0.11082867604611649], [0.12359504717981787, 0.11106821323221618, 0.11446887804680149, 0.10347145060790534, 0.11210253414363867, 0.10238850261669448, 0.10927679928788142, 0.11386356229626578, 0.10976501258877865], [0.123618773496941, 0.11103534724998469, 0.11440171408226696, 0.10342591524214756, 0.11216573248975442, 0.10246039351849963, 0.10921737573708676, 0.11386009158780222, 0.1098146565955166], [0.12274824071254932, 0.11069137562239467, 0.11489664452669973, 0.10444161214668107, 0.11141279958666482, 0.10188184797612511, 0.10972688668331355, 0.11513067858776288, 0.10906991415780881], [0.12369856656385801, 0.11098832283064952, 0.1142490868120693, 0.10329328195814473, 0.11232295759131453, 0.10262793981741873, 0.10908031962900862, 0.11379362417011896, 0.1099459006274176], [0.12293420394214766, 0.11063848891168572, 0.11473400132173499, 0.10428558731466239, 0.11155853597439806, 0.10203096123856246, 0.10957507152477178, 0.11505442980521786, 0.10918871996681909], [0.12308483555361482, 0.11072310652841841, 0.11458039421171995, 0.10400732996485253, 0.1118008686977986