[[0.11616552103516875, 0.11892392152481107, 0.10752655814249636, 0.10590223672752219, 0.12310368778937283, 0.12473808152117224, 0.1039316342364835, 0.10225935944941125, 0.09744899957356198], [0.11680008697972401, 0.11947355626100274, 0.1073957369431133, 0.10554482455860958, 0.12363845804451291, 0.1248859035552837, 0.10366302196646715, 0.10188368249568922, 0.09671472919559737], [0.1161652948623721, 0.11879764904349492, 0.10749237443287847, 0.1058657984372305, 0.12294940395608064, 0.12485425044173043, 0.10401571148286223, 0.10232699195325995, 0.09753252539009076], [0.11629084756686589, 0.11890577646594, 0.10746807170341202, 0.10580160319597441, 0.12310684601111922, 0.12482576482774721, 0.10396132188781065, 0.10225233598113395, 0.09738743235999679], [0.11685331991332985, 0.11943941900794249, 0.10736854121450312, 0.10549314064011195, 0.12354650855269114, 0.125, 0.10369466506255687, 0.10189619978221603, 0.09670820582664853], [0.1167509975770556, 0.11928253190262665, 0.10740966541180245, 0.1055786103923818, 0.12342691669411777, 0.12472349535703528, 0.10383323747634345, 0.10204840345815679, 0.09694614173048038], [0.11623445881163956, 0.11878551733705678, 0.10744606276355358, 0.10579077750420088, 0.1229536700228912, 0.125, 0.10401513791923726, 0.10230316105386865, 0.0974712145875521], [0.11632694695270153, 0.11876801878419385, 0.10744417894125934, 0.10575695191743964, 0.12290809432270425, 0.12483197288931132, 0.10409554945825372, 0.10236014236272228, 0.09750814437141422], [0.11598520821164848, 0.1183668973627595, 0.10748011565681014, 0.10590605604306974, 0.122368335128215, 0.12500000000000003, 0.10430846034351719, 0.10261696382003888, 0.09796796343394121], [0.11659979196579946, 0.11889581527552161, 0.10736331018267033, 0.10556637402342364, 0.12298945689423463, 0.12499999999999997, 0.10405821606877447, 0.10225971995810099, 0.09726731563147475], [0.11711879104012424, 0.11928971387500818, 0.10738002069280675, 0.10541953228456324, 0.12322085272074576, 0.12451148797643154, 0.1040042191429804, 0.10213767333147862, 0.09691770893586124], [0.11605205411338768, 0.11833922057170185, 0.10747911502676558, 0.10588132895952942, 0.12233999676649554, 0.12486662242941647, 0.10437440134977245, 0.10266483667968765, 0.09800242410324321], [0.11698377615843374, 0.119130292060542, 0.10739907108231816, 0.10548677086128991, 0.12304489425637286, 0.12447061381260019, 0.1041075426759944, 0.10225595724081891, 0.09712108185162985], [0.11681798110831909, 0.11891396373157956, 0.10737534002233791, 0.10550873801640334, 0.12288033756896383, 0.12465990818926993, 0.1041923809214118, 0.10235179064447689, 0.09729955979723767], [0.1174075083657222, 0.11932361786121168, 0.10723188415882481, 0.10513789233922151, 0.12339847466340274, 0.125, 0.1039261112965336, 0.10198139294959273, 0.09659311836549077], [0.1165245405682295, 0.11865926872056068, 0.10741681786905734, 0.10565317268263365, 0.12268221844001245, 0.12461576610088836, 0.10430951813785744, 0.1025172511198762, 0.09762144636088423], [0.11732331220817019, 0.11923161538576371, 0.10727239110398869, 0.1052160325605119, 0.12325418865636148, 0.12480163830568061, 0.10402744585802016, 0.10209839157601178, 0.09677498434549146], [0.11715541990267168, 0.11909192599524213, 0.10735572209229738, 0.10537470450677121, 0.12300812964742754, 0.1244489310975815, 0.10418467173074743, 0.10229176927039471, 0.09708872575686645], [0.11599728059011064, 0.11810920467498472, 0.10745072702706739, 0.1058552531785208, 0.12204052675236966, 0.125, 0.1045314880058192, 0.10281971649432041, 0.09819580327680717], [0.11705413862799471, 0.11897682911720452, 0.10735076551868188, 0.10540023108184879, 0.12284132288182431, 0.12458372899998398, 0.10423624672378357, 0.10235524926936758, 0.09720148777931066], [0.11663019321789841, 0.11862671920851586, 0.10739905059985755, 0.10559419265684251, 0.12258720113905976, 0.12455478260629566, 0.1043901929623686, 0.10257627143801451, 0.0976413961711473], [0.11700427044553517, 0.11890696515204223, 0.10734043462959618, 0.10540248326396418, 0.12274674579262912, 0.12469180951174517, 0.10426417145820582, 0.1023873546104691, 0.0972557651358132], [0.11596229629094719, 0.11804073019034653, 0.10747499330298137, 0.10589444095086792, 0.12194142930742051, 0.12486965258155833, 0.10460453974814292, 0.10290117856098559, 0.09831073906674967], [0.11685174331318911, 0.11874551959408988, 0.10732399114311213, 0.10542899791531696, 0.12262861071162708, 0.12485840309665547, 0.10431548245154096, 0.10245573329421434, 0.09739151848025408], [0.11667188157225193, 0.11859325459020786, 0.10738564336474968, 0.10556221404146479, 0.12251930935394312, 0.12456459753771998, 0.10443407243926643, 0.10260987208928361, 0.09765915501111257], [0.11633320701729714, 0.11828323775973247, 0.10739806697508758, 0.10568133087264694, 0.12221984003327135, 0.12480580887606528, 0.10453771703756239, 0.10276346709634739, 0.09797732433198932], [0.11611952000513875, 0.11809865103515811, 0.10744670697844022, 0.10580732104212581, 0.12200265459909536, 0.12476331623343782, 0.10463167068651097, 0.10289733509415366, 0.09823282432593924], [0.11726359746036726, 0.11894811783196639, 0.1072813631347649, 0.10524277427591874, 0.12288566031779238, 0.12463274055364794, 0.10428540150353455, 0.10235863833781095, 0.09710170658419691], [0.11690105777278725, 0.11868621535113233, 0.10728972799188019, 0.1053677865291425, 0.12251499226926196, 0.12499999999999997, 0.10436032122003161, 0.10248482962738677, 0.09739506923837725], [0.11627938929316539, 0.11819317785552859, 0.10739718440830852, 0.10569469476266849, 0.12210777258011495, 0.12484510309962535, 0.10459143780157326, 0.10282348230029092, 0.09806775789872435], [0.11652518266106475, 0.11838807342657993, 0.10738838326693352, 0.10560790261170139, 0.12229734207375834, 0.12462453342925882, 0.10455003711513995, 0.10274454602942941, 0.09787399938613375], [0.11672134121769646, 0.11853126683791622, 0.10736209813689139, 0.10551383670167903, 0.12240683817446395, 0.12461663269646037, 0.10449846566646566, 0.10266000359264135, 0.09768951697578575], [0.11685375879046067, 0.11860751349240788, 0.10731018745699444, 0.1054067955599617, 0.1224376318950599, 0.12485880523919793, 0.10443709660969926, 0.10257028824592923, 0.097517922710289], [0.11594662659816646, 0.11786608010115791, 0.10743802380149498, 0.10584439044574454, 0.12170730796584506, 0.125, 0.10473362587091711, 0.10302100845488865, 0.0984429367617853], [0.11634100920093378, 0.11816615761061218, 0.10735383965719122, 0.10561802608639209, 0.12205765426550419, 0.125, 0.10461055147576336, 0.10282345358700348, 0.0980293081165997], [0.11598785036652527, 0.11786598387935283, 0.1074359307679101, 0.10582731570944919, 0.12170624689965942, 0.12491995061349265, 0.10476346675871262, 0.10304307060381745, 0.09845018440108064], [0.11703928514678401, 0.11861638577573354, 0.10728745902016615, 0.10531613347619895, 0.12242884624775993, 0.12472981515775182, 0.10450448941650213, 0.10260368141636401, 0.09747390434273945], [0.116797927861302, 0.11845805453563006, 0.10734095829557525, 0.10545861656258756, 0.12226123024890827, 0.12461689031596461, 0.10459284500988349, 0.10273550518796257, 0.09773797198218616], [0.11643554945383124, 0.11819069541003192, 0.10735646585265059, 0.10558993394293127, 0.12205645652265643, 0.1248436610268603, 0.104653402604957, 0.10285119641862162, 0.09802263876745983], [0.117487659519544, 0.11885316617077109, 0.10713748757689612, 0.10498575170689965, 0.1230243161754694, 0.125, 0.10429507155819052, 0.10230625090205778, 0.09691029639017146], [0.1169230926305576, 0.11850603464290677, 0.10731137408520934, 0.10538114631393564, 0.1222573222137992, 0.12470470299130043, 0.10458060319010165, 0.10269907429238345, 0.0976366496398059], [0.11726573173683896, 0.11867844965254108, 0.10718159236019094, 0.10510987809334252, 0.12267152358491273, 0.125, 0.10442325603340485, 0.10247039501688131, 0.09719917352188762], [0.11708632686796311, 0.11857231500538562, 0.10728463684347529, 0.10529517189356594, 0.1223862356353935, 0.12462772760193064, 0.10457025978890977, 0.10265973750517389, 0.09751758885820222], [0.11629439775419971, 0.11798394007770563, 0.10736004805924824, 0.10563239117607007, 0.12201693010356564, 0.12470603312090868, 0.10477510462179328, 0.10299091298231289, 0.09824024210419584], [0.1169220845350577, 0.11830814441833284, 0.10728416666151688, 0.10533892759419378, 0.12228355348096301, 0.12446327651855482, 0.1047456443747277, 0.1028523923935473, 0.0978018100231061], [0.11594194081505575, 0.11760412095464244, 0.1073443352229883, 0.1057127509283505, 0.12203128325330125, 0.12473073010251194, 0.10489900205762576, 0.10316147599216202, 0.09857436067336203], [0.11766774114469217, 0.11865710160219159, 0.10706815882240252, 0.10483199416749274, 0.12292188384344563, 0.1248720351223441, 0.104507641113692, 0.10247071424974373, 0.09700272993399568], [0.11773086681076989, 0.11868971497936351, 0.10706783847348453, 0.10481143033874345, 0.1229795657534817, 0.12478112825345095, 0.10450845200010454, 0.10246269382422779, 0.09696830956637388], [0.11605719075343456, 0.11766341789075378, 0.10726972889863247, 0.1055831420638988, 0.12213745843511543, 0.125, 0.10483311357970695, 0.1030637049271044, 0.09839224345135361], [0.11747802192904387, 0.11854415447721423, 0.10712841935451642, 0.10496731082333638, 0.12269741170529223, 0.12476843992941644, 0.10459190749198212, 0.10259111602703973, 0.09723321826215854], [0.11713865113526803, 0.11836212027223858, 0.10721233414046345, 0.10517848640309482, 0.12250378637212238, 0.12450646532065524, 0.10471586594380423, 0.10277669432065308, 0.09760559609170003], [0.11760114670113121, 0.11857886647709383, 0.10705729109628763, 0.10483790784931939, 0.12281271382611474, 0.125, 0.10453832849073316, 0.10250701866499856, 0.0970667268943215], [0.11652895321237579, 0.1179785949907899, 0.10727910590292526, 0.10544990473450085, 0.1223478286377028, 0.12444809955949604, 0.10483969077221339, 0.10300010215408148, 0.09812772003591452], [0.11615150277629972, 0.11770262161270524, 0.10726480793485058, 0.10554644477458724, 0.12222346620543838, 0.12483172024014717, 0.10485431369378932, 0.10306850189346135, 0.09835662086872105], [0.11706192631231446, 0.11821557169235958, 0.10718053837957436, 0.10515765355320396, 0.1225870871797497, 0.12446426094939973, 0.10478345504186984, 0.10284570593711163, 0.09770380095441672], [0.1171458004427622, 0.11824110367584259, 0.10717342056263884, 0.10512166298034523, 0.12266361531415557, 0.12436250274587951, 0.10479156082612939, 0.10283976597715774, 0.09766056747508897], [0.11741400458714236, 0.11833728402620394, 0.10708530828659095, 0.10492559794279607, 0.12284013950661389, 0.12458007059854331, 0.10472079970658954, 0.10271420079831359, 0.0973825945472063], [0.11693006148594876, 0.11808598501609564, 0.10714319541753389, 0.10514905740819007, 0.12255925779630786, 0.12469356107281321, 0.1047969613723501, 0.1028696633395305, 0.09777225709122997], [0.11755360374586152, 0.11840327233052644, 0.10703975032998951, 0.10482415750930096, 0.12288369945592112, 0.12474698490098682, 0.10467620971734919, 0.1026418063830992, 0.09723051562696504], [0.11680571621558324, 0.11799346353344291, 0.10711844331128455, 0.1051554868225135, 0.12258110647773365, 0.12485553740547219, 0.10479079447152807, 0.10287656930711217, 0.09782288245532972], [0.11625736825304536, 0.11764375647644731, 0.1071738549125743, 0.10539214021471303, 0.12246677087692323, 0.1248588574558844, 0.1048802523714187, 0.10305718140767947, 0.09826981803131417], [0.11743761278434102, 0.11830888009458693, 0.1070605766953467, 0.10488509918015405, 0.12290716410127797, 0.12457693402919683, 0.10473488978047313, 0.10271886373759334, 0.09736997959703005], [0.11669742399742285, 0.11791175541809727, 0.10711860366138255, 0.105187991389036, 0.1226152667436159, 0.12483479128282479, 0.1048123481193551, 0.1029133244763834, 0.09790849491188199], [0.1166512287113786, 0.11786601152458498, 0.10712195278949722, 0.10520523921287915, 0.12264299834429085, 0.12476925715182711, 0.10483642051644296, 0.10294403780563317, 0.09796285394346597], [0.11656964875325583, 0.11781452630061029, 0.10715090523458806, 0.10526616440960047, 0.12263920705900107, 0.1246120660887983, 0.10487652479248746, 0.10300114464352171, 0.09806981271813679], [0.11635677561352388, 0.1176559886443879, 0.107132778819377, 0.10530710412079505, 0.12259791102435873, 0.12483826957651968, 0.10488371766896469, 0.10303621805688293, 0.09819123647519012], [0.11704828252824902, 0.11803719054717127, 0.10709190373131473, 0.10504213258277938, 0.12278409775545003, 0.12454211279360561, 0.10484381865076574, 0.1028858975615487, 0.0977245638491155], [0.11676026478917759, 0.11787635577869175, 0.10705424039419811, 0.10508413591131169, 0.12271357293675995, 0.125, 0.10480397539338761, 0.10288167780954609, 0.09782577698692722], [0.11626534604087982, 0.11756291359929856, 0.10710512584260376, 0.1052981991550067, 0.12260245641748935, 0.125, 0.104886848711017, 0.10304703213205937, 0.09823207810164541], [0.1172003891458895, 0.11807864609548026, 0.10708257747686174, 0.10498125079512999, 0.12293222722154896, 0.12432171313813412, 0.10486547855994179, 0.10288247819595421, 0.09765523937105926], [0.11683688473180141, 0.11788633905750366, 0.10705102972811335, 0.10505443774021526, 0.12276109613961735, 0.12486986320885993, 0.10483282139334031, 0.10289724828347015, 0.09781027971707854], [0.11670087847660171, 0.11776928051523357, 0.1070433464959566, 0.10508411180759289, 0.12283296473364391, 0.12483377841036196, 0.10486692662645752, 0.10294833535442346, 0.09792037757972838], [0.11657489856841184, 0.11767697405178283, 0.10707789823931292, 0.10516433038415889, 0.12285391974632522, 0.12460022824863859, 0.1049319282440194, 0.10303715605517308, 0.09808266646217727], [0.11685891608691326, 0.1177364198137125, 0.10699449133419638, 0.10496670946205076, 0.12300915399439018, 0.12467097861634126, 0.10492762336899368, 0.10297188848923217, 0.09786381883416959], [0.11631042591228463, 0.11739937817231677, 0.10702793855146346, 0.10517413366003282, 0.12292571544636709, 0.12476577619281308, 0.10499536262722634, 0.1031267645930809, 0.09827450484441491], [0.11639708800033541, 0.11736982981777068, 0.10693801554711066, 0.10502980179523835, 0.12308383331031277, 0.125, 0.10496997713001165, 0.10306883220817989, 0.09814262219104064], [0.11751826415661482, 0.11789160452647414, 0.1067490742192774, 0.10444299620451646, 0.1235789219738639, 0.125, 0.10483800424498194, 0.10273524356642877, 0.09724589110784261], [0.11647815549006589, 0.1173927219949118, 0.10693360452327122, 0.10499772187567358, 0.12316174991684055, 0.12485677216428524, 0.10499044270216697, 0.10307503144211051, 0.09811379989067423], [0.11745644828192783, 0.11775400676326987, 0.10672819784980446, 0.10442813507678002, 0.12372067590198708, 0.12480064056847896, 0.10492785987120218, 0.1028243209581875, 0.09735971472836225], [0.11635731730277846, 0.11723432923583478, 0.10691316684940734, 0.1050017491154116, 0.12324533522134466, 0.12479348956644853, 0.10505831620112072, 0.10315351448788418, 0.09824278201976973], [0.11712997049743756, 0.11758794896144066, 0.10676146725740687, 0.10457100522609032, 0.12348592464845022, 0.125, 0.1049583694939607, 0.10290798241816315, 0.09759733149705055], [0.11681599488690456, 0.1174204351268408, 0.10680095556989921, 0.10471781127135264, 0.12343498971953072, 0.125, 0.10498711460494015, 0.10299062075600253, 0.0978320780645294], [0.11710366373511234, 0.11754232210513431, 0.10676240211839336, 0.10457761678085405, 0.12349870935518838, 0.12492528057786305, 0.10499426011212144, 0.10294606566896461, 0.09764967954636845], [0.1163777793563859, 0.1171694116959304, 0.10688486435779934, 0.10495382114788876, 0.12337638699838963, 0.12468260272532015, 0.1051050930051096, 0.10318841703823271, 0.09826162367494348], [0.11665853979497083, 0.11716494252825266, 0.10671422995059063, 0.10464346847322747, 0.12371004818283725, 0.125, 0.10506097047382053, 0.10306408721493017, 0.09798371338137048], [0.1167440852294813, 0.11718822088454624, 0.10670944830280496, 0.10460866387207503, 0.12376551871435071, 0.1248483842926456, 0.10508946001871082, 0.10307710714931938, 0.09796911153606581], [0.11644862855050292, 0.11702713706205833, 0.10672731571030815, 0.10472111864253626, 0.12367282283327921, 0.125, 0.10510049026705072, 0.10313648862714446, 0.09816599830711997], [0.12339663161547977, 0.10080940943603875, 0.11538786777750316, 0.10993949594024768, 0.09841134415851109, 0.08895201474616199, 0.11807714919343414, 0.1248601582715594, 0.12016592886106403], [0.12284934330239221, 0.10193274835640448, 0.11497518836408233, 0.10957734296238027, 0.09972114282536491, 0.09006698489441192, 0.1177101216374604, 0.125, 0.11816712765750352], [0.1233151092243066, 0.10134326827567632, 0.1151695300404848, 0.10966013473980182, 0.09905124567538462, 0.08946706140402179, 0.117892232298011, 0.125, 0.11910141834231304], [0.12331109432470945, 0.10077749145814838, 0.11532196492183817, 0.10988246867503872, 0.09842849306184027, 0.08897555609751613, 0.11817098865240491, 0.12494025349664627, 0.12019168931185784], [0.12326170467415679, 0.10077440071562639, 0.11526849226744525, 0.1098309498878237, 0.0984629695154599, 0.08900787789962276, 0.11822984761029157, 0.12500000000000003, 0.12016375742957376], [0.12307277811891622, 0.10067278485339948, 0.11529013996080681, 0.10991729275726436, 0.09839068299754838, 0.08902922759116676, 0.11844911810745594, 0.12461431582026516, 0.12056365979317674], [0.12297099480023062, 0.10160866778074847, 0.11493211239792554, 0.10946254800409452, 0.09952990334918982, 0.08997215766570936, 0.118143833822496, 0.12459896355668747, 0.11878081862291821], [0.1224413206693873, 0.10217018790658179, 0.11470798992998052, 0.10938740458959234, 0.10022170496371949, 0.09060004518101487, 0.11802676471907131, 0.12456965173112786, 0.11787493030952452], [0.12285437619374094, 0.10079097571054138, 0.11500433507345212, 0.1096471029510377, 0.0987383651786944, 0.08937913500653118, 0.11874401584151889, 0.1245656559920111, 0.1202760380524723], [0.12280493486415632, 0.10107871555378838, 0.11483246964487917, 0.10945472456127789, 0.09916265296175186, 0.08975956193913867, 0.11881205231258134, 0.124359788850317, 0.1197350993121094], [0.12266918448349166, 0.10102686567104287, 0.11474160247589281, 0.10938693928393581, 0.09919033562590275, 0.08981441714653876, 0.11898707005108859, 0.12437544483405051, 0.11980814042805625], [0.12314189511480729, 0.10006871504957007, 0.11488490963805162, 0.10977120763242787, 0.09806241984358184, 0.08893999496391501, 0.11937571878439729, 0.1240678535926413, 0.1216872853806076], [0.12238577497751156, 0.1016103174267239, 0.11441329810609846, 0.10901044143803178, 0.09996317224237805, 0.09044824397738023, 0.11884073616555238, 0.12470882590119033, 0.11861918976513333], [0.12168613070848479, 0.10243714276896684, 0.11410437849254727, 0.10877717898653268, 0.10088826389882433, 0.09123111169418198, 0.11861412802297472, 0.12499999999999999, 0.11726166542748727], [0.12214559818706955, 0.10173903047190011, 0.11420539745061233, 0.1088520555087244, 0.10016945617485773, 0.0906187612255752, 0.11894938477973357, 0.125, 0.11832031620152712], [0.1223365066846511, 0.1006466539716416, 0.11459096557520781, 0.10929220429426606, 0.09890224130402751, 0.08959179862459768, 0.11934893113561552, 0.125, 0.12029069840999272], [0.12287374340496224, 0.10007676382903985, 0.1146578127831307, 0.10954342376130442, 0.09824031761960919, 0.08912376371113347, 0.11966791922693766, 0.12428688131238054, 0.12152937435150195], [0.12230456613517715, 0.10070778617251068, 0.11454210622154155, 0.10924631013121965, 0.09901119064607684, 0.08970293525570133, 0.11939104469902634, 0.12489756622347126, 0.12019649451527521], [0.1220468528920022, 0.10169427292288206, 0.1141190683572954, 0.1087653546874364, 0.10021829158593985, 0.09072637168148169, 0.11922185237352106, 0.12472972882895375, 0.11847820667048743], [0.12183957497273029, 0.1020255279378509, 0.11399194219401473, 0.10873149084168042, 0.1005766490247011, 0.09104476160455245, 0.1191411937078206, 0.12464179842584112, 0.11800706129080835], [0.12272755236781802, 0.09994131791530114, 0.11444620431792732, 0.10940374850513035, 0.09823163573262997, 0.08914568303966967, 0.11994188250279543, 0.12456582338507086, 0.1215961522336574], [0.12224053717848349, 0.10029902182477218, 0.11431903562960914, 0.10912122199331976, 0.09873609390243218, 0.0895385269162264, 0.11995121182588268, 0.125, 0.12079435072927416], [0.1219318221769613, 0.10155114718588003, 0.11405383548760857, 0.10874545078535308, 0.10019286658719799, 0.0908150546285104, 0.11961009487334623, 0.12423774506674493, 0.11886198320839747], [0.12197291244054796, 0.10141579685562263, 0.11411149552340348, 0.10881898594730133, 0.10004974327445786, 0.09070812267008181, 0.11968029334087331, 0.1241302855901666, 0.11911236435754498], [0.12196334398921697, 0.10059876751052664, 0.11428134725338028, 0.1090766513219488, 0.09912952172145613, 0.08993312997731669, 0.11996328621075653, 0.12462234517370918, 0.12043160684168891], [0.12154012764733411, 0.10219479932967024, 0.11375527456218561, 0.1085603381453133, 0.1009010092788166, 0.09140928861930157, 0.11945304858434044, 0.12434574987182122, 0.11784036396121679], [0.122640338320862, 0.09979521864733741, 0.11429615645136772, 0.10938295067945172, 0.09816643281586802, 0.08913728323098086, 0.12015075132663693, 0.12466205409183014, 0.12176881443566517], [0.12191800696463934, 0.100997319835472, 0.11416453798052159, 0.10891845236563416, 0.09963694062910278, 0.0903778900114491, 0.11990635021170602, 0.12431732147209797, 0.11976318052937711], [0.12114231376642268, 0.10259627224562075, 0.11364601103060262, 0.10842181628921486, 0.10138926123924528, 0.09185214382492, 0.11938615128206582, 0.12432978142475405, 0.11723624889715378], [0.12162056376104892, 0.10190761738019569, 0.11378138689520224, 0.10851543360487088, 0.10065005251469188, 0.09121447529210351, 0.11969432094615925, 0.1243646925381214, 0.1182514570676061], [0.12183932721601659, 0.10133804578465958, 0.11400261790211505, 0.10872628162200378, 0.1000359992560567, 0.09071220908198292, 0.1198708122336912, 0.12429111600769709, 0.11918359089577718], [0.12246883777001516, 0.09985667630883226, 0.11418552795696214, 0.1092045666136062, 0.09832153375440718, 0.08926701049016152, 0.12028497750304566, 0.12487896703090316, 0.12153190257206685], [0.12183750509765326, 0.10108055660290204, 0.11408797740591915, 0.10885097238112344, 0.09976758728994715, 0.09051656135521803, 0.12000217185773036, 0.12419472789223344, 0.11966194011727312], [0.1211114437572993, 0.10255595113647566, 0.11357791698704188, 0.10836938374969346, 0.10138990919069715, 0.091868235322151, 0.11950892302953257, 0.12433145015078385, 0.11728678667632501], [0.12167099143832907, 0.10162159926418002, 0.11383098773666311, 0.10854752086453909, 0.10039090959512137, 0.09103094621404692, 0.1198982842782899, 0.12427506289857762, 0.11873369771025302], [0.12235156125489327, 0.09986598589735246, 0.1140935877045294, 0.1091038594908847, 0.09840099735874988, 0.0893468979127809, 0.12040415163203123, 0.125, 0.12143295874877812], [0.12224042284323287, 0.09991936250665075, 0.11402121308243575, 0.10903650211271483, 0.09852759930873672, 0.08949325587640501, 0.1205344561903096, 0.12488030386582726, 0.12134688421368707], [0.12158102333859995, 0.101179113029999, 0.11381942198903858, 0.10858562534009471, 0.09999442911668167, 0.09072509265115673, 0.12024786147699366, 0.12449287012518437, 0.11937456293225135], [0.12144727083372772, 0.10171413548192888, 0.11363528458346803, 0.10836747896026429, 0.10058824026181884, 0.09123233964059467, 0.12011464601913567, 0.1243448630129948, 0.11855574120606696], [0.12068804072881317, 0.1027306867538777, 0.11330670096994919, 0.10809856150947136, 0.1017246159278897, 0.09217038308124181, 0.11966172364447715, 0.12475081462822264, 0.11686847275605726], [0.12205217747067937, 0.10013963691352921, 0.11396813655995544, 0.10890950231787104, 0.098848151899299, 0.08980798523288121, 0.12063795716822738, 0.12459498137387587, 0.12104147106368131], [0.12149117444854034, 0.10126109000328945, 0.11370950859678221, 0.10846784682218485, 0.10012184554941618, 0.09082929038821524, 0.12029465528935113, 0.12464658877697325, 0.11917800012524733], [0.12091213024396853, 0.10248646501654944, 0.11332357269164636, 0.10815684347491522, 0.10147295365666315, 0.09199045855884272, 0.11989799594799755, 0.1244359963301538, 0.1173235840792632], [0.12071519358924482, 0.10315454712101521, 0.11317486520394866, 0.10797665401958843, 0.10222607725670743, 0.0925912071734136, 0.11963733278403821, 0.12437979487944244, 0.1161443279726012], [0.12142966068719413, 0.10141171231859665, 0.11362705309473013, 0.10837439996440396, 0.10030335493871545, 0.09098236205264808, 0.12026626874056631, 0.12468444989289343, 0.11892073831025174], [0.12165448515147426, 0.10041803773047467, 0.11381435868639364, 0.10868067831508396, 0.09924568562536575, 0.09011349167450214, 0.12065073530543115, 0.12499999999999999, 0.12042252751127432], [0.12054915800422082, 0.10303536179974412, 0.11307963399385372, 0.10789537083839856, 0.10217186167667848, 0.09257995514597032, 0.1197764576752886, 0.12459976841108814, 0.1163124324547572], [0.12045994792230746, 0.10275716989193992, 0.11310012172549386, 0.10790829231532577, 0.101869657939889, 0.09231610080265394, 0.11987989395081644, 0.125, 0.11670881545157359], [0.12199683880519471, 0.09973851749964231, 0.11375897052491166, 0.10897682046962026, 0.09851672011342331, 0.08959339306284307, 0.12092843185653625, 0.125, 0.12149030766782842], [0.12186173422947837, 0.10012435554769626, 0.11378603495095768, 0.10879957535993691, 0.09898480668609609, 0.0900080985479452, 0.12095325439007396, 0.12447082349559128, 0.12101131679222422], [0.12074012083040792, 0.10244963306641293, 0.11312657118916081, 0.10799810599384115, 0.101562519787997, 0.09212766070573059, 0.12021762711214998, 0.12441215519898012, 0.11736560611531954], [0.12116779008258989, 0.1013198952798511, 0.11340605145243542, 0.1081800057924927, 0.10033994672903387, 0.09104989833056687, 0.12060226396151343, 0.125, 0.11893414837151671], [0.12165647132447166, 0.10030625916160674, 0.11369156086847185, 0.10865399259305189, 0.09923507917226224, 0.09023236992788466, 0.1210380134408177, 0.12448732021724773, 0.1206989332941855], [0.12108374303649967, 0.10162020603471394, 0.11332512944372393, 0.10810017486495951, 0.1006872305733634, 0.09138561267784853, 0.12059555804584868, 0.12462593951312527, 0.11857640580991706], [0.12049866096267163, 0.10262396971330343, 0.11301882620561336, 0.10786337308287217, 0.1018085595293895, 0.09233983555447815, 0.12019055446681445, 0.12463908132576865, 0.11701713915908864], [0.12099185526564271, 0.10156001724832643, 0.11325540307524959, 0.10804706175813888, 0.10067744762591077, 0.09140271666426066, 0.12073618990679347, 0.12468927669024901, 0.11864003176542848], [0.1210320994790606, 0.10127237528565619, 0.11334486603852689, 0.10816398811503794, 0.10036432308003446, 0.09114836061968215, 0.120857981279057, 0.12472564456834888, 0.1190903615345959], [0.12019973512757359, 0.10287807172216197, 0.11287287526757482, 0.1077314326472255, 0.10216832351058437, 0.09267383225211936, 0.12023378634591946, 0.12466009962644947, 0.1165818435003915], [0.1210149410709792, 0.10091392933002942, 0.11342824018224505, 0.10828332609993614, 0.09997101081293092, 0.09081770749143236, 0.1209580674396198, 0.12499999999999999, 0.11961277757282698], [0.12021105074508137, 0.10303058829726061, 0.11282345276804098, 0.10768767020305972, 0.10235625089258511, 0.09283914742694566, 0.1202034162111054, 0.12451796637188652, 0.11633045708403472], [0.12156219665432094, 0.10023169380150138, 0.11355709962263906, 0.10859444064398822, 0.09924330762618755, 0.09031564857847091, 0.12130253178031977, 0.12440544712493401, 0.12078763416763817], [0.12069582452911326, 0.1019976295668457, 0.1129611377457009, 0.10780180896351323, 0.10122023107031107, 0.09185694284204286, 0.12072256107454243, 0.12488772807667177, 0.11785613613125878], [0.12061784683563927, 0.10213259479798241, 0.11289842777398326, 0.10777458544025184, 0.101373138108143, 0.0919873057802755, 0.1206683604548075, 0.1249010424992846, 0.11764669830963273], [0.12064472583062365, 0.10205018228305034, 0.11291182325575667, 0.1077676199682885, 0.10128562049999014, 0.09190344197781684, 0.12070005951679233, 0.125, 0.11773652666768152], [0.12084373178285228, 0.10100821254706503, 0.11329208543390284, 0.10817534080239911, 0.10016143886301115, 0.09104841266627293, 0.12117837570077289, 0.124795075396876, 0.11949732680684771], [0.12078730275986352, 0.10156596871853693, 0.11310862717800443, 0.10793964887949167, 0.10079523684565632, 0.09158049827838348, 0.12101750622228008, 0.12455550335418246, 0.11864970776360113], [0.1207833508856843, 0.10143749430247707, 0.11313327052918142, 0.10798122672056179, 0.10066655039231974, 0.09148553059607116, 0.12110721570909785, 0.12455490784251882, 0.1188504530220878], [0.12144975299096891, 0.09990607498352765, 0.11334850006809058, 0.10858205375573353, 0.09899481497404919, 0.09014882031471362, 0.12156233475272615, 0.12500000000000003, 0.12100764816019047], [0.12040020639694611, 0.10189076709594802, 0.1127478567034907, 0.10760183069906333, 0.1013104950213866, 0.09208090987340205, 0.1213051943576504, 0.12460452567763171, 0.11805821417448122], [0.11983214425551146, 0.10271365004098068, 0.11244675591691321, 0.10735639201084893, 0.10226854419005424, 0.09285569569346618, 0.12087955970320258, 0.12499999999999999, 0.11664725818902258], [0.12051036429872061, 0.1015323374748514, 0.11293930049357359, 0.10783982355082808, 0.10090955263921367, 0.09180698009184626, 0.12145935398228276, 0.12424203186001735, 0.11876025560866627], [0.1203937407478743, 0.1017885182699721, 0.11276985394609372, 0.10763651846969208, 0.101223392090956, 0.0920442747473393, 0.1214223564793962, 0.12446292863872449, 0.11825841660995182], [0.12118263374180639, 0.10010490569700582, 0.11317823541593583, 0.1084005626315567, 0.09932168974066112, 0.0905214892524599, 0.1218750185775344, 0.12468838230073137, 0.12072708264230848], [0.12002064756681798, 0.10239296387557484, 0.11243327604358298, 0.10740751735563915, 0.10195164665908425, 0.09265088670962049, 0.1212204299690234, 0.12468231571817555, 0.11724031610248135], [0.11994492386324908, 0.10241795475384802, 0.1123788866196393, 0.10735227416833505, 0.10201198349304136, 0.09271055932032853, 0.1212618105413018, 0.12475512422627061, 0.11716648301398641], [0.12005665102493081, 0.10200628110477435, 0.11242710818125799, 0.10733728891247556, 0.10158834593925314, 0.09234740872755048, 0.12155241161792078, 0.125, 0.11768450449183687], [0.12029187763726591, 0.10138933192559542, 0.11283795005449758, 0.10780478968629949, 0.10086224876789686, 0.09186881272969541, 0.1218539677918053, 0.12410102642563978, 0.11898999498130414], [0.12027276169182508, 0.10149571232580817, 0.11278834543290162, 0.10774207905299954, 0.10099039905419245, 0.09197205520336472, 0.12182057747967429, 0.1241055809744183, 0.11881248878481598], [0.11972015640578922, 0.10240555675777915, 0.1121776036014327, 0.1071634802349049, 0.10211892206046468, 0.09283264761502909, 0.12148297804672059, 0.125, 0.11709865527787966], [0.12048685151380455, 0.10084803772546505, 0.11284395575393202, 0.10788342474618788, 0.10030670283988083, 0.09142212834280147, 0.12210478706548902, 0.12435634339838415, 0.11974776861405502], [0.1200594735678664, 0.10161058183952304, 0.1125474162041907, 0.10748916717152913, 0.10121780129482755, 0.09216527467233958, 0.12193265308476783, 0.124356263106245, 0.11862136905871074], [0.11988598794130151, 0.10198733816640065, 0.11230088941653915, 0.10722813414556405, 0.10167075251950643, 0.09248942920990211, 0.12182988408733669, 0.12474419279972665, 0.11786339171372273], [0.11949087853210359, 0.10247272205987744, 0.11200376962380255, 0.10701395177768933, 0.10231314704387376, 0.09306603570671505, 0.12170160911037553, 0.12474132110271254, 0.11719656504285023], [0.12021314624216774, 0.10089953529023811, 0.11262273099465998, 0.10765878127683579, 0.10046958616325018, 0.09157513382747196, 0.12228613265049214, 0.1244984287631845, 0.11977652479169947], [0.12015271969526824, 0.10068928447186375, 0.11247702090627633, 0.10753482609162862, 0.10031286626786652, 0.09144296030716922, 0.12252487076824217, 0.12477097191682575, 0.1200944795748594], [0.12034977818344468, 0.1003183595131978, 0.11251341041705776, 0.10762165173710479, 0.09989052293440336, 0.09108209150756398, 0.12265895707877564, 0.125, 0.12056522862845202], [0.11903012560817541, 0.10279001660244214, 0.11166951269307587, 0.10667149157836446, 0.10284709094723382, 0.09352391577622904, 0.12183644196837229, 0.12499999999999999, 0.11663140482610683], [0.12001465518440348, 0.1007542357390549, 0.11238067262771559, 0.1074355192483507, 0.10043216874071155, 0.09155758060866698, 0.12257876333568413, 0.12478273297310026, 0.12006367154231244], [0.11941492791088662, 0.10180825329508952, 0.11187939536497435, 0.10682087868688044, 0.101729153564941, 0.09260545837735683, 0.12242561139779884, 0.125, 0.11831632140207242], [0.11997336612110124, 0.10059457296550545, 0.11228034355382006, 0.10734993911828564, 0.1003055282441272, 0.0914470542429452, 0.12275839755758106, 0.12500000000000003, 0.12029079819663425], [0.11901437338107652, 0.10243679586912244, 0.11157906960488169, 0.10660890371475132, 0.10252374015198909, 0.09330089058854635, 0.12219098135304825, 0.125, 0.11734524533658433], [0.11944068714055342, 0.1014571485740654, 0.11196220316093033, 0.10692653840155938, 0.10135260880032382, 0.09231555110524872, 0.12258721642629421, 0.12500000000000003, 0.1189580463910249], [0.11954055611391938, 0.10119408501156894, 0.11215144152311293, 0.10717919098301118, 0.10102253278167266, 0.0921047536059774, 0.12273700943041504, 0.12448046725600202, 0.11958996329432045], [0.11986041668244753, 0.10058969169550748, 0.1121763771624052, 0.10726749458082914, 0.10036180115127567, 0.09153534303572558, 0.12292888727371327, 0.12483878135321025, 0.12044120706488579], [0.11986717346683848, 0.1005381396598752, 0.11216323430263447, 0.10727131603114731, 0.10031707469932054, 0.09151506141758652, 0.1230099385689524, 0.12474602355105217, 0.1205720383025929], [0.11956715649552564, 0.10079988196753117, 0.11200113077702584, 0.10705809082839705, 0.10066915290508954, 0.09179073596456222, 0.1229849939915426, 0.12500000000000003, 0.12012885707032604], [0.11981394149486731, 0.10049887917208337, 0.11210333229201165, 0.10723569471229012, 0.10031227406450088, 0.09154580703225892, 0.12315169573384757, 0.12459258165211706, 0.12074579384602309], [0.11921421608444642, 0.10124444824751042, 0.11186984888677035, 0.10691166505352336, 0.10122469004848163, 0.09232185584543812, 0.12302452775601212, 0.12454506330966085, 0.11964368476815662], [0.11969445117552982, 0.10052334964695157, 0.11200694479466491, 0.10714979701985627, 0.10039274615945777, 0.09164285106571156, 0.12327455741638654, 0.12450320744993407, 0.12081209527150749], [0.11893456043493286, 0.10203423661509993, 0.11147145366441631, 0.10651111886803478, 0.10220697881111125, 0.09313388131598406, 0.12281056376070341, 0.12462395344889585, 0.11827325308082155], [0.11915187845543015, 0.10127794526741205, 0.11180671978651822, 0.10685022503873433, 0.10129376154655129, 0.09239174115441205, 0.12307160159665978, 0.12453547851419815, 0.119620648640084], [0.11906168731316809, 0.1022293706561788, 0.11125322074656982, 0.1063370737434946, 0.10248767710134019, 0.09333840851093117, 0.12266563668006933, 0.12482540915743369, 0.11780151609081442], [0.1189551418638889, 0.10175310225830105, 0.1115168649899911, 0.10651015547011289, 0.10191139492181783, 0.09289822601941496, 0.12304025187258534, 0.12464508851088886, 0.11876977409299906], [0.11904899583679629, 0.10210085867175923, 0.11117333797161416, 0.10624762693696199, 0.10239524020615531, 0.09325942780627865, 0.12279824118511481, 0.125, 0.11797627138531953], [0.11909194744427347, 0.10093051331739399, 0.11162773551132689, 0.10669599461944906, 0.10100590377926787, 0.09214002323998578, 0.1234006858502302, 0.125, 0.12010719623807277], [0.11884510526383485, 0.1014957883150414, 0.11143058388658991, 0.10643931019418412, 0.10168834443300302, 0.09270814804215687, 0.12324520340100682, 0.12499999999999999, 0.11914751646418287], [0.11895276269044243, 0.10198859767948794, 0.11120396991253333, 0.1062624810722141, 0.10229595728845563, 0.09322663104921383, 0.12304046182814779, 0.12471200563420587, 0.1183171328452992], [0.11887986119502518, 0.10113918404719059, 0.11151951386569102, 0.10659463286964833, 0.10129925575397879, 0.0924436954914052, 0.12347918117411046, 0.1247085839765056, 0.11993609162644471], [0.11895817093851517, 0.10097611706571429, 0.11152328471252221, 0.1066068110433081, 0.10111805787681866, 0.09227613494464237, 0.12354595304774535, 0.12484685231208097, 0.1201486180586529], [0.11883857260939293, 0.10112740582776981, 0.11147622163039204, 0.10655822809241712, 0.10131154287045782, 0.09246674933525903, 0.1235459946494125, 0.12469055671259222, 0.11998472827230652], [0.11919352191579116, 0.10199537192791805, 0.11096587420757462, 0.10604838367176192, 0.10241763899974463, 0.09333575941336479, 0.1231470228691952, 0.12465828734343788, 0.11823813965121163], [0.11901491236816422, 0.10081775136965597, 0.11150923768055963, 0.1066391675594628, 0.1009705538791934, 0.09220377017986978, 0.12369294311605215, 0.12458894381361581, 0.1205627200334262], [0.11856255684174205, 0.10144359511465678, 0.1112466663226058, 0.10631891025589826, 0.10177041947005734, 0.09289961742695747, 0.1236329914394368, 0.12457174478418398, 0.1195534983444615], [0.125, 0.11207436248277991, 0.11401324781274721, 0.10827565476351578, 0.11078226762527645, 0.100570565914883, 0.11302961303460757, 0.11228387849764897, 0.10397040986854111], [0.12491482668999422, 0.11213020181771625, 0.11398189394854838, 0.10825025533627605, 0.11088358181517828, 0.10067890966413506, 0.11301273588850294, 0.11223102677192646, 0.10391656806772236], [0.12499999999999999, 0.11143381446547078, 0.11396659771170521, 0.10825073922014182, 0.11013106204460027, 0.09987284080146028, 0.11362624624776295, 0.1130201649437567, 0.10469853456510185], [0.12500000000000003, 0.11096758263557985, 0.11405610919134306, 0.10828129769462022, 0.10958426920742385, 0.09930214666910094, 0.11400084380082912, 0.11355984634073553, 0.10524790446036761], [0.12500000000000003, 0.11223922856446508, 0.11359690056419998, 0.10788981208968301, 0.11141375630730986, 0.10118001398760244, 0.11305644285932065, 0.11200159152399419, 0.10362225410342489], [0.12499999999999999, 0.1128644467550923, 0.11341271669346237, 0.10772808714451673, 0.11219928519870881, 0.10200314763087036, 0.1125615109550403, 0.11130754361537727, 0.10292326200693173], [0.12490737880347925, 0.11155456664917915, 0.11359400564711584, 0.10790109440442563, 0.1106711866422294, 0.10039394454102475, 0.11372783333817733, 0.11281911084581904, 0.1044308791285496], [0.125, 0.11152734212562239, 0.11350806832659195, 0.10781682410124872, 0.11072521951034568, 0.10043377989372582, 0.11377227207703551, 0.11281196476395482, 0.10440452920147511], [0.12450986315612866, 0.11059218496935827, 0.11365002925042968, 0.10790682350416764, 0.1096347732224847, 0.0993365713767022, 0.11468621565664217, 0.11402985521202773, 0.10565368365205897], [0.12480155211038448, 0.11155993497024552, 0.11337715150826727, 0.10770565137789082, 0.11092453344357119, 0.10064036507492832, 0.11384813421720993, 0.11277981654819301, 0.10436286074930948], [0.12466549736366357, 0.11059153168129154, 0.11347246788101607, 0.10774266258045194, 0.10979391493762115, 0.09947373076573483, 0.11474884507151753, 0.11396378157085033, 0.10554756814785303], [0.12500000000000003, 0.11080974894826963, 0.1133680893326783, 0.10765658498034127, 0.11009681183329047, 0.0997569499990078, 0.11451920134266745, 0.11361884204730015, 0.10517377151644502], [0.12471215208617874, 0.11104376784077578, 0.1132999862595557, 0.1076350784586212, 0.1104365681898049, 0.1001268173127856, 0.11439737790418532, 0.11339090709739776, 0.10495734485069502], [0.125, 0.11289478646972448, 0.11275356549769591, 0.10713174278031677, 0.11286610062810841, 0.10261834616700231, 0.112824001310369