[[0.11617017078603474, 0.11899909876635281, 0.10774275106437049, 0.10499390672675447, 0.12312715021199934, 0.12474132214895993, 0.10406196364158683, 0.10250376465309714, 0.09765987200084407], [0.11680219492536124, 0.11954631303706686, 0.107605415156236, 0.10460820211324773, 0.12365638302626171, 0.12488740565860185, 0.1037980097767997, 0.10214691928818774, 0.09694915701823717], [0.11616057952215293, 0.11887334750721783, 0.10770605153179803, 0.10496607109231557, 0.12297443107423785, 0.12485602928619226, 0.10414710214284718, 0.10257586001207444, 0.09774052783116392], [0.11628564660798844, 0.1189810093874964, 0.10768357460780871, 0.10489505758727109, 0.1231302169138673, 0.12482791575328728, 0.10409308974278178, 0.10250410199274351, 0.09759938740675547], [0.11684914679319074, 0.11951263837294951, 0.10757175424173747, 0.10456064829974202, 0.12356564750974743, 0.12499999999999997, 0.10383155964375732, 0.10216472360097238, 0.09694388153790298], [0.11674150961307307, 0.11935637702211319, 0.10761093483392145, 0.10465728653065222, 0.12344723417078868, 0.12472706660886397, 0.10396944468813951, 0.10231522325077798, 0.0971749232816699], [0.11622421007330717, 0.11886143984275173, 0.10765810831001539, 0.104891642286835, 0.12297867009252969, 0.125, 0.10414800081513607, 0.10255714124167101, 0.09768078733775394], [0.11630863695581638, 0.11884406973979421, 0.10764668887257291, 0.10486379408776528, 0.12293362254884534, 0.12483402338046205, 0.10423030092620889, 0.10262034921033233, 0.0977185142782026], [0.11601226661935143, 0.11848060281584669, 0.10777940350405261, 0.10514820511415009, 0.12241344744789176, 0.12430203164096333, 0.10455614061692856, 0.10299438908833126, 0.09831351315248427], [0.1166141323188575, 0.11900286028263272, 0.10764204532759492, 0.1047748123916053, 0.12302471444471322, 0.12435890031123972, 0.10430454594612466, 0.102649604078891, 0.09762838489834096], [0.11709032435323619, 0.11936769382034024, 0.10758445871659396, 0.1045242715478684, 0.12314624986795036, 0.12451815912040892, 0.1041593127261573, 0.10243887135033748, 0.09717065849710715], [0.11606307067282463, 0.11844632401927488, 0.10775269860871294, 0.10510732348648068, 0.12238276886545643, 0.12430270859213462, 0.10460160737304541, 0.10302355522605516, 0.09831994315601525], [0.11694554196302478, 0.11920457095066155, 0.10758678104404187, 0.10458539859746241, 0.12306963536550482, 0.12447731299062575, 0.10424638282576022, 0.10253809007186303, 0.09734628619105538], [0.11679772677115655, 0.11900654748407216, 0.10760948471792751, 0.10467695169621466, 0.12291258290783919, 0.12431172696770545, 0.10439130342079858, 0.10269632625302277, 0.09759734978126312], [0.1174016316713337, 0.11943048345110933, 0.10752513703011164, 0.10434518764364299, 0.12335858439211797, 0.12433728700920632, 0.10419096162408316, 0.10241336818479563, 0.09699735899359922], [0.11649798585893784, 0.11874678840239797, 0.10762869358603397, 0.10481269620539557, 0.12271421025542913, 0.12440772527146135, 0.10448488410166475, 0.10282757542508628, 0.09787944089359311], [0.11730222446289333, 0.11932938839889078, 0.1075324948349538, 0.10439446571120944, 0.12318238734928243, 0.12439233605083554, 0.10425526321328721, 0.10248656944742889, 0.09712487053121856], [0.11712309316612984, 0.11918186268659393, 0.1075860945682013, 0.10453344318176787, 0.12287813656215976, 0.12429164088633139, 0.10438006985921248, 0.10263744929008126, 0.09738820979952213], [0.11602949888732737, 0.11824327468968575, 0.10777596812637506, 0.10517217844954226, 0.12209810742384553, 0.1239881844909182, 0.10483543877459109, 0.1032512647838022, 0.09860608437391256], [0.11702636853990182, 0.11907252992386826, 0.10759374375187582, 0.10458206418712597, 0.12282202128136263, 0.12421933682513807, 0.1044489970738445, 0.10271504661760662, 0.0975198917992765], [0.11657945096043795, 0.1187042389686605, 0.10758012690235197, 0.10472707222424858, 0.12261654859684433, 0.12455346076052896, 0.10453417702574257, 0.10284901668752496, 0.09785590787366032], [0.11697333198850336, 0.11900234607143986, 0.10757963895006217, 0.10458492041327842, 0.12277070331855068, 0.12430557469407721, 0.10447415498529684, 0.1027413350095783, 0.09756799456921313], [0.11599210218282287, 0.11817483574239035, 0.10779653858042768, 0.10521557259164045, 0.12200036815049058, 0.12387210050104938, 0.10490609567577514, 0.10332702419273361, 0.09871536238266997], [0.11681315014190498, 0.11883755681269495, 0.10754795787110635, 0.10460383786927668, 0.12266350666783239, 0.12455785688459495, 0.10451049395864152, 0.10278748133216978, 0.09767815846177837], [0.116609495485962, 0.11866643774370791, 0.10755276976418007, 0.10468444673537766, 0.12254764585753805, 0.12465469813534441, 0.10456458842448535, 0.10286563067854666, 0.09785428717485765], [0.11631997700866478, 0.1183932909444115, 0.10765578259811591, 0.10492826687236449, 0.12226539255505356, 0.12422394517228187, 0.10477766350507736, 0.10312780949447423, 0.09830787184955629], [0.11612724448689096, 0.11822263093067793, 0.10773381870752115, 0.10510146574752154, 0.12205650067636724, 0.12395256715468027, 0.10490709799083768, 0.10329440037801284, 0.09860427392749051], [0.1171991866345956, 0.11902946685470817, 0.1074780197340323, 0.1043781625657037, 0.12288865792576109, 0.12455959496647634, 0.10444938824475136, 0.10266298210948765, 0.09735454096448383], [0.11685997364451826, 0.11878324338163149, 0.10752429405061219, 0.10456223686043392, 0.12255318099746511, 0.12461344756961881, 0.10457148724692789, 0.10283083487766072, 0.0977013013711316], [0.1162735914725214, 0.1183113790567715, 0.10767234629774143, 0.10496985215514544, 0.12215799642143799, 0.12412727284304814, 0.1048539363924043, 0.10320857992380071, 0.09842504543712904], [0.11647088799724557, 0.11847164174443212, 0.10757773832183985, 0.1047734868748581, 0.12233150104000184, 0.1245335843904786, 0.10471171811167101, 0.10302583331093576, 0.09810360820853715], [0.11664444521639683, 0.11860005446609043, 0.10751407897488018, 0.1046271508130264, 0.12243441350443675, 0.1248019860190988, 0.10461578733735015, 0.10289756407438923, 0.09786451959433123], [0.11679206626503391, 0.1186910099277017, 0.10750384812968321, 0.10456227974006571, 0.12247110065599025, 0.12475303467981289, 0.10460294983986368, 0.10286325733924037, 0.0977604534226081], [0.11599273393042159, 0.11802371608868481, 0.10780031318600192, 0.10524114014156617, 0.12178006554762141, 0.12363220699138168, 0.10509857806187756, 0.1035066713283422, 0.09892457472410265], [0.11633101554995581, 0.11828725058670335, 0.10763444816860385, 0.10490368270740288, 0.12210979146466357, 0.12423718136015077, 0.10488231971772766, 0.1032164131917997, 0.09839789725299246], [0.1160255353311973, 0.11801990902657798, 0.10778691938866447, 0.10521562994351054, 0.1217715023360888, 0.12362696102850847, 0.1051183567408652, 0.10351681828433339, 0.09891836792025385], [0.1169730358809102, 0.11870621130292906, 0.10749627600997033, 0.10449592776064429, 0.12242375755919657, 0.12454760108336635, 0.10469237723670591, 0.10291882594943534, 0.09774598721684198], [0.11669720376938654, 0.11851711917806323, 0.10746276255608077, 0.10454840771368386, 0.12228595751955522, 0.12500000000000003, 0.10468110635190314, 0.10293652252022098, 0.09787092039110638], [0.11640002659337255, 0.11829615479046628, 0.10759620518599419, 0.10483126645118379, 0.12210204477139763, 0.12436893401308272, 0.1048797619652678, 0.10319422691053057, 0.09833137931870446], [0.1173955511576861, 0.11893159889412523, 0.10731876702697132, 0.10411165252931849, 0.12304952561941236, 0.125, 0.10444885832984771, 0.10259581990527428, 0.09714822653736452], [0.11683796888636215, 0.11858148758289255, 0.10747752096921334, 0.10452078894668505, 0.12228369755408447, 0.12477779768668452, 0.10472132860092637, 0.10295818722516288, 0.09784122254798862], [0.11720031713520612, 0.11877819633217375, 0.10741862525257471, 0.1043170203643027, 0.1227082642226111, 0.12458479373713295, 0.10464542651130203, 0.10282588586437649, 0.09752147058032017], [0.11700778717552979, 0.11865797041261848, 0.10747914517598502, 0.10446566078618735, 0.12242106669062545, 0.12449621459980223, 0.10474477387387661, 0.10295744411078495, 0.09776993717458998], [0.11628209887520025, 0.11811212202286302, 0.10764951115231686, 0.10494944107958076, 0.12186698610841633, 0.12405900763735547, 0.10506358160725252, 0.10339301439198034, 0.09862423712503428], [0.11682354150200011, 0.11838558223685779, 0.1074480002576955, 0.10449824572160414, 0.12219493295250339, 0.1246399128859979, 0.10489314276413461, 0.10310868340247002, 0.0980079582767365], [0.11599792507636603, 0.11778877151104748, 0.10775501790951612, 0.10519455197856126, 0.12167941703748754, 0.12341130370078518, 0.10533087207880971, 0.10370671146510328, 0.09913542924232341], [0.11754681253107756, 0.1187376498205027, 0.10724428648659191, 0.10398023968933356, 0.12294827375912072, 0.12487366014331322, 0.104668883756467, 0.10275681276704494, 0.09724338104654835], [0.11760793383487382, 0.11877011860949671, 0.1072439707934151, 0.1039589957278921, 0.12300530947937272, 0.12478391704712642, 0.10466967968362714, 0.10274985695933657, 0.0972102178648594], [0.11611661231228526, 0.11785601483514267, 0.1077031618120428, 0.10508564256087123, 0.12168642934140299, 0.12362945954175496, 0.10529174279546756, 0.10363956754805538, 0.09899136925297711], [0.1173624644165576, 0.11862482031850717, 0.10730272698110589, 0.10412182050732523, 0.12272618256439788, 0.12477133327434509, 0.10475212761566646, 0.10287111521099399, 0.0974674091111007], [0.11705456632677855, 0.11846105144633826, 0.10743294236926201, 0.10440181449343029, 0.12238266338263308, 0.1243233980018199, 0.1049306458450104, 0.10310791118709285, 0.09790500694763465], [0.11747877439467232, 0.11865994411977458, 0.10723262499679272, 0.1039906045626127, 0.1228403320038421, 0.125, 0.10470073388792066, 0.1027910304982673, 0.09730595553611762], [0.11647395463339787, 0.11808894959239567, 0.1075201805723609, 0.10471951023368475, 0.12203303965174221, 0.12429194857903339, 0.1050797303087951, 0.10334587197635624, 0.09844681445223405], [0.11618802952915201, 0.11788078613880992, 0.10766444949762308, 0.10501085302151172, 0.12171989885894821, 0.12374882084366556, 0.10527555391226633, 0.10360395651285183, 0.09890765168517131], [0.11696885691413797, 0.11831281647248643, 0.1073912085929097, 0.10438127781858228, 0.12248925353168057, 0.12431286386732862, 0.10499153172576788, 0.1031632550889812, 0.09798893598812537], [0.11705002574179464, 0.11833942922251625, 0.10738686349411695, 0.10434854704706002, 0.12255002130042242, 0.1242074564335441, 0.10500349676833087, 0.10316214362880546, 0.09795201636340929], [0.11729952477772299, 0.11843051628093577, 0.10728603904113934, 0.10413098851083431, 0.12266063981396609, 0.12458594672549814, 0.10491932899719657, 0.10302604889693369, 0.0976609669557731], [0.11684852484780948, 0.11819403744670998, 0.10737832548965855, 0.10440811734391228, 0.1224955660523613, 0.12433099111089388, 0.10503521668603176, 0.10321551689524942, 0.09809370412737337], [0.11743280886624884, 0.11849609704096195, 0.10724047687708652, 0.10402543839688225, 0.12271132483237213, 0.12475054515911459, 0.10487482350732612, 0.10295641583074293, 0.09751206948926469], [0.11674238548673738, 0.11811551920702311, 0.10738712094664642, 0.10445713850705039, 0.1224475090146323, 0.12432690728278241, 0.1050679105375392, 0.10326196517966835, 0.09819354383792046], [0.11627551256654446, 0.11782001728559893, 0.10756466464957674, 0.10485386417390491, 0.12197625762366124, 0.12381798081092167, 0.10529609709135855, 0.10358294689488316, 0.0988126589035503], [0.1173191077200288, 0.11840272001602312, 0.10726140165478887, 0.10409374876252334, 0.12272334620697338, 0.12458286733752542, 0.10493537530702499, 0.10303134656646652, 0.09765008642864555], [0.11664512656346317, 0.11804165311352939, 0.10740454308772507, 0.10451451425175519, 0.12239138677301317, 0.12427136534698935, 0.10510983106489473, 0.10331808029668894, 0.09830349950194102], [0.11660165497852887, 0.11799827220634665, 0.10741202599643171, 0.10454021314587172, 0.12237497518077546, 0.12421704191448381, 0.10513938502191002, 0.10335294463339012, 0.09836348692226166], [0.11652246772976413, 0.11794655892101436, 0.10743855669299836, 0.10460283930858341, 0.12230200598683541, 0.1241402185719095, 0.10517703408017909, 0.10340537220597913, 0.09846494650273643], [0.11635724589055377, 0.11782441299941467, 0.10750435870898663, 0.10474785023067795, 0.12213747237809172, 0.12390035040162659, 0.1052797422217854, 0.10353992585751035, 0.09870864131135293], [0.11695092386050235, 0.11814314722734151, 0.10731783026837619, 0.10429768225628032, 0.12270403076138904, 0.12425076686868719, 0.10507622867527344, 0.10322241931978395, 0.09803697076236602], [0.11671336252148484, 0.11801822025575279, 0.10736819550212794, 0.10444574192453356, 0.12253287426007638, 0.1241975169620018, 0.10513561650277338, 0.1033221551991426, 0.09826631687210674], [0.11629197233725656, 0.11775366605969091, 0.10752651915421979, 0.10480093161653305, 0.12208769358715288, 0.12376640413018569, 0.10534003684431446, 0.10361009976474539, 0.09882267650590108], [0.11707826914310218, 0.11816992738835023, 0.10727009822622699, 0.10419236217893227, 0.12281571220176599, 0.1243306586280689, 0.10505603940191757, 0.10317417199072383, 0.09791276084091201], [0.1167761969574594, 0.11802096984594308, 0.10734608821400221, 0.10439632013456768, 0.12262699075209764, 0.12414892538808013, 0.10514450190768891, 0.10331555763421536, 0.09822444916594558], [0.1166534432654735, 0.1179144761399172, 0.10736042667344517, 0.10445897853877487, 0.12257138430028414, 0.12407943225247538, 0.10520501367847472, 0.10339114125088703, 0.09836570390026801], [0.1165259694358366, 0.11781838564676657, 0.10738187914138012, 0.10453195750729169, 0.12247105646483358, 0.12404748320565262, 0.10525633586387453, 0.10346127046014432, 0.09850566227421985], [0.1167632323087376, 0.11785368527804627, 0.10723833959327006, 0.10426403126574278, 0.12283514037994234, 0.12432495637875969, 0.1051885274364585, 0.10332751707161951, 0.09820457028742306], [0.11629975166967499, 0.11757509157712763, 0.1074029193050804, 0.10464115324221368, 0.12232360679053006, 0.12392149898598392, 0.1054034077540561, 0.10363243646502966, 0.09880013421030356], [0.1163743261816071, 0.11754498661551276, 0.10730983967274074, 0.10449465531922346, 0.12252104059820738, 0.12413806201131941, 0.10537727802003698, 0.1035722801037597, 0.09866753147759251], [0.11736003761120536, 0.11799188601382797, 0.1069485147500014, 0.103683706105286, 0.12337153264206767, 0.12500000000000003, 0.1050568899636376, 0.10304934298577655, 0.09753808992819762], [0.1164295669786585, 0.1175497699778624, 0.10726252052530318, 0.10441389570715251, 0.12263032654979686, 0.12425798116416073, 0.10535117435536236, 0.10352766010718216, 0.09857710463452127], [0.11729049326725725, 0.11785364189198519, 0.10692092405487445, 0.10367408533642629, 0.12354023700604758, 0.12480338183554493, 0.10514456818720312, 0.10312924487455015, 0.09764342354611102], [0.11631937627905005, 0.11740354075455403, 0.10726359314541847, 0.10445524099652363, 0.1225742767944269, 0.1241712047563123, 0.10544620127786915, 0.1036295425226087, 0.09873702347323679], [0.11696992196036313, 0.11768101912412493, 0.10693596455738133, 0.10380234682438456, 0.12342284053113224, 0.125, 0.10515527311592007, 0.10318538305392093, 0.09784725083277282], [0.11670564277520319, 0.11754661030133355, 0.10705359738605846, 0.10404730120535761, 0.12315890541840778, 0.12466886940029218, 0.10526949832375272, 0.10335700554365998, 0.09819256964593455], [0.11694120652304801, 0.11763460005335645, 0.1069335247510298, 0.1038097446747186, 0.12345167503422844, 0.12492620512234787, 0.10518912996593027, 0.10321895112191432, 0.09789496275342642], [0.11632275638600152, 0.11733016354299697, 0.10721184259209425, 0.10438740806173956, 0.12266745532969663, 0.12425080210340048, 0.10547017350766791, 0.10363618061772364, 0.09872321785867905], [0.1165485483594413, 0.11729972488643754, 0.10697799622691145, 0.10400420738994005, 0.12319057223496095, 0.12485188598177804, 0.10536278863200628, 0.10344143914435391, 0.0983228371441705], [0.11660396569555728, 0.11730053677551883, 0.10692017909707363, 0.10390954287206473, 0.12331564978546398, 0.12499999999999997, 0.10533496981830752, 0.10339230925716567, 0.09822284669884819], [0.11638569317140093, 0.11719875070983414, 0.10707221178971958, 0.10418452063918585, 0.12295487957075231, 0.12449514083342866, 0.1054916866755516, 0.10360709460257495, 0.09861002200755196], [0.12342277289048588, 0.10120381217379869, 0.11484193901208166, 0.1099239426934528, 0.09884484488804114, 0.08943885429433855, 0.11819001916674025, 0.12401962197541433, 0.12011419290564684], [0.12285898171576057, 0.10203612687649102, 0.11495839649004161, 0.10953763423434504, 0.09983443290797077, 0.09011503530362423, 0.11761910860688568, 0.125, 0.11804028386488111], [0.12332527148820853, 0.10148595167943662, 0.11485559412490029, 0.10962081196711586, 0.09920775320286228, 0.08957719310372957, 0.11793510214582749, 0.12499999999999999, 0.11899232228791924], [0.12333992319416073, 0.10119095891625027, 0.11477895390703266, 0.10988758738595683, 0.09888205687884441, 0.08949357103158068, 0.11828755684179619, 0.12398594332628911, 0.12015344851808896], [0.12329178079356466, 0.10119355389746611, 0.11473799979456777, 0.10983855798019228, 0.09892211525768092, 0.08953630898398869, 0.11834698530758338, 0.12399930375634453, 0.12013339422861169], [0.12310617481260902, 0.10109434946960884, 0.1146504386085232, 0.10999270365440036, 0.09885179399780603, 0.08956357138163004, 0.11856263788332103, 0.12363274095742806, 0.12054558923467358], [0.1229806291522763, 0.10171973715082372, 0.11471969656180775, 0.10945113229666065, 0.09965084334372476, 0.0900460707578871, 0.11814509166490558, 0.12460086780329978, 0.11868593126861439], [0.12244349626753548, 0.10225872168978052, 0.11474790224220147, 0.10937413980304397, 0.10031779494430276, 0.09064036263429782, 0.11787717547856363, 0.12457132061741481, 0.11776908632285955], [0.12288682880578114, 0.10115713778930187, 0.11443719376508597, 0.10966067374613162, 0.09913557304146668, 0.08984329250024262, 0.11883863775344616, 0.12375524303993746, 0.12028541955860647], [0.12282574176811836, 0.10130546411809908, 0.11437133073541901, 0.10938060761125502, 0.09940756377996872, 0.09002350918465334, 0.1188707075347667, 0.12409330545267404, 0.11972176981504573], [0.12269478834368362, 0.10129020902677988, 0.1142741739784741, 0.10932491324989174, 0.0994738531473689, 0.09013773075160816, 0.1190531217041111, 0.12393142540609457, 0.11981978439198804], [0.12226911815041988, 0.10031549938587782, 0.11473747856175612, 0.10992195106280751, 0.09832906365491591, 0.0892383899112314, 0.11943139118595064, 0.12403703153340107, 0.12172007655363978], [0.12241001788877395, 0.10182671285393144, 0.11428792852727374, 0.10907921215391206, 0.10019535026393264, 0.09070724060275982, 0.11883324839569522, 0.12404997454269628, 0.11861031477102489], [0.12160697550450125, 0.10238733623656454, 0.11414937488016007, 0.10882816986904051, 0.1009878397718375, 0.09131117497925646, 0.11852217953458177, 0.125, 0.11720694922405789], [0.12218063917500777, 0.1019734695451298, 0.11419511148174599, 0.1089541225218032, 0.1004742789866759, 0.09098625385448134, 0.11890449229047757, 0.12399030374637562, 0.11834132839830283], [0.12239157219992748, 0.10115013920287069, 0.11407818810278514, 0.10943528704490825, 0.09944179082039793, 0.09027365935461346, 0.11946576229756603, 0.12337554166231308, 0.12038805931461796], [0.12201699724406323, 0.10031588681546548, 0.11448925680682173, 0.10969172001965384, 0.09849706016791665, 0.08942146543423715, 0.11971907723344899, 0.12428586342728425, 0.12156267285110856], [0.1223572074108608, 0.10118220817252618, 0.11404596794088716, 0.10935937084230479, 0.09951874681198533, 0.09034467076280318, 0.11950058645634755, 0.12340093560093725, 0.12029030600134774], [0.12208143820241887, 0.10189555322585447, 0.11405022107422218, 0.108870335880709, 0.10050851860369801, 0.09108345192980777, 0.11919781080340552, 0.12379719836018804, 0.11851547191969612], [0.1218634191205425, 0.10208075598118373, 0.11402231417424295, 0.10877029841880421, 0.10076091347827935, 0.09125629663913472, 0.11900578060913858, 0.12423074090700884, 0.118009480671665], [0.12176857645594444, 0.10018267068349641, 0.11436022751722, 0.1095539638460263, 0.09848945530965927, 0.08945556485017425, 0.11999059977594174, 0.12457000515837977, 0.1216289364031578], [0.12182620169908606, 0.10068979035024565, 0.1139849567604758, 0.10929679656458938, 0.09915158788757375, 0.09006828604142228, 0.12003108346077229, 0.12409041329672099, 0.12086088393911394], [0.12195893105863992, 0.10167614232626006, 0.11383187121705622, 0.10876667129108562, 0.10041204998635549, 0.09108663093900479, 0.11964597872516507, 0.12370796833025231, 0.11891375612618055], [0.121998338615352, 0.10155305610991354, 0.11381245666774088, 0.10879970709691751, 0.10025931421565136, 0.09096615535432076, 0.11972497648556757, 0.12372417760412478, 0.11916181785041145], [0.12189648230318147, 0.10094746072513566, 0.11379168429906078, 0.10916969716069183, 0.09949921043444676, 0.09040603087290097, 0.12003526076872177, 0.12375728433039057, 0.12049688910547032], [0.12155842321665478, 0.10213034400213647, 0.11379823725563831, 0.10857917173511934, 0.10102844310017041, 0.09155691312167812, 0.11931698859720637, 0.12418303539037297, 0.11784844358102335], [0.12155601936583421, 0.10003740520996283, 0.11433191993811326, 0.10953301107634131, 0.09842426998209351, 0.08945486442328189, 0.12019734656787649, 0.12466530133118159, 0.1217998621053149], [0.12195691395542846, 0.10128459789027518, 0.11372336485418377, 0.10888044067720036, 0.09995712315580085, 0.09078922444780772, 0.11997065229906392, 0.12360839273358282, 0.11982928998665691], [0.12115566133801176, 0.10240926481160204, 0.113685295765393, 0.10846646328902028, 0.10147095425593936, 0.09194173928210723, 0.11931133496405653, 0.12433210037706685, 0.11722718591680284], [0.12165243698980475, 0.10196184984312683, 0.11373879834244058, 0.10857550225360202, 0.10087970959105452, 0.09150973182044773, 0.11960231534373884, 0.12377198760236656, 0.11830766821341819], [0.12186759264602234, 0.10147178841345633, 0.11368317270119357, 0.1087026647529368, 0.10025924862855352, 0.09099613639320865, 0.11991668180251519, 0.12386710847856178, 0.1192356061835518], [0.12146399640385068, 0.1000964921062155, 0.11414694323164144, 0.10935522268832008, 0.09857599166674341, 0.08958630219115861, 0.12032994915809316, 0.12488012143747049, 0.12156498111650664], [0.12187082065236882, 0.1012934670166764, 0.11365174568271373, 0.10878999665425886, 0.10003340015358937, 0.0908583971801157, 0.1200548218768052, 0.12372917644872528, 0.11971817433474675], [0.12112834482139427, 0.10237967098657098, 0.11362756146819404, 0.10842342081121017, 0.10149252713760346, 0.09199180425626599, 0.11942681600942118, 0.12423720967716291, 0.11729264483217701], [0.12169533360680063, 0.10165664165172181, 0.11361988695278893, 0.1085550965265935, 0.1005708546488723, 0.0912615035658702, 0.11989949965893651, 0.12396166561395945, 0.11877951777445679], [0.12136531489809653, 0.10010440254305142, 0.11403933118574218, 0.10925464736282052, 0.09865331061690139, 0.08966845133953709, 0.12044774700631396, 0.125, 0.12146679504753695], [0.12127002713375924, 0.10015559656285147, 0.113955267941177, 0.10918686200121706, 0.09877694235650918, 0.08981606281588041, 0.12057651706406472, 0.12488143128147987, 0.12138129284306107], [0.12161493171903062, 0.10131216781080522, 0.11344541522925662, 0.1085453398873932, 0.10024242683482071, 0.0910559791815031, 0.12029499175510192, 0.12405839325987678, 0.11943035432221186], [0.1214711031352833, 0.10168537479567483, 0.1134589112366088, 0.10838315844373099, 0.1007519984297944, 0.091451064108391, 0.12007337965903257, 0.12412603981941792, 0.1185989703720662], [0.12072963196282097, 0.10258531031262119, 0.11341948931178994, 0.10826158523931623, 0.10194911989109574, 0.09248084224586774, 0.11970557293584486, 0.12393739234107336, 0.11693105575956998], [0.12120210296690093, 0.10037211669393069, 0.11378714431803671, 0.10905997137396167, 0.09909270890284702, 0.09012994944859196, 0.12067874847751378, 0.12459876887452227, 0.12107848894369484], [0.12152488739101379, 0.10135623886288676, 0.1133821326222337, 0.10844564077154185, 0.10036087589661868, 0.09115246221813993, 0.12033986443788856, 0.1242039596564289, 0.1192339381432478], [0.12094498961470564, 0.10234780136280497, 0.1134174308810478, 0.10826655926703514, 0.1016620702343144, 0.09225179092139114, 0.11982071777564815, 0.12390461691115423, 0.1173840230318985], [0.12075503676763259, 0.1029091437259578, 0.1132848237201504, 0.10813494920159515, 0.1024378453926429, 0.09288917659760779, 0.11968719867902555, 0.12370317652041564, 0.11619864939497232], [0.12146028414733073, 0.10145133883058229, 0.11335877002005687, 0.10836813991351402, 0.10051518262770548, 0.09127080189070588, 0.12030687082844091, 0.12429573048036308, 0.11897288126130075], [0.12131601484163715, 0.10079037106593335, 0.11348398657873673, 0.10885656660626744, 0.09966553130420074, 0.09068049452368329, 0.12072163682358313, 0.12398824899329805, 0.12049714926266022], [0.1205893052512779, 0.10277896814969183, 0.11318715744211667, 0.10804965710005919, 0.10237777482973785, 0.0928723887015967, 0.11982357479254917, 0.12394404486697333, 0.11637712886599724], [0.12050787787600721, 0.10258057292452501, 0.11322575037577567, 0.10808873182217661, 0.10211384813969918, 0.09266114921805715, 0.119933947614007, 0.12409464299157362, 0.11679347903817854], [0.12088435502167608, 0.09996887584256757, 0.11386147697609157, 0.10912293513588972, 0.09875821997273727, 0.08991626434731874, 0.12096556030656376, 0.12499999999999999, 0.12152231239715518], [0.12095967589057462, 0.1003549713778573, 0.11366230570900342, 0.1089497654136858, 0.09922598698654578, 0.09033249964709067, 0.1209907707486983, 0.12447572935759219, 0.12104829486895202], [0.12076976275962538, 0.1022492785664536, 0.11320919121718688, 0.10808513443725747, 0.10172560707329811, 0.09235639948347059, 0.12012868835391026, 0.12405720885215467, 0.11741872925664318], [0.12120453041479438, 0.1013459607087109, 0.11312722583532125, 0.10817869822540528, 0.10057636868108819, 0.09137538624500621, 0.1206444261307275, 0.12455510058674366, 0.11899230317220266], [0.12095285363437727, 0.10054864759923875, 0.1134816829702063, 0.10881680853213115, 0.0995247226991568, 0.09062321991586565, 0.12108255321519477, 0.1242222265014451, 0.12074728493238421], [0.12110718141783199, 0.10151576036921527, 0.11310779308758222, 0.1080863477223642, 0.10083273991209607, 0.09158679121022055, 0.12056593072264526, 0.12458260522021351, 0.11861485033783092], [0.12052831488924727, 0.10236245111103316, 0.11309775579635126, 0.10797391767688869, 0.10196134012805048, 0.09255499422401732, 0.12018409126359536, 0.12426740625174178, 0.11706972865907452], [0.12101376139955079, 0.1014337059391469, 0.11300575288705404, 0.10801144441840958, 0.10081038022306124, 0.09158633942154076, 0.12072656787565376, 0.12473725626854267, 0.11867479156704029], [0.12106423185164318, 0.10125450974503217, 0.1129989019323092, 0.10811255244313, 0.10056382474229622, 0.09142249387563445, 0.12089152367460927, 0.12455374348055293, 0.11913821825479257], [0.12022828420138028, 0.10253061741095316, 0.11294500007490318, 0.10783413564737074, 0.10230411252109727, 0.09286608875742651, 0.12026213290366264, 0.1243977188765456, 0.11663190960666077], [0.12107531070444086, 0.10112182007620707, 0.11301805623295684, 0.1083444859196237, 0.10035017481779303, 0.09133553483260251, 0.1210192986513768, 0.12404093019241096, 0.11969438857258824], [0.12023901766833472, 0.1026469614892177, 0.11289456242984781, 0.1077887722555133, 0.10248848783220305, 0.0930269631768725, 0.12023142771917569, 0.12430272119246104, 0.11638108623637405], [0.12068736315614899, 0.10041934623852877, 0.11342769291863915, 0.10875139932763275, 0.0994897324168515, 0.09064748792780661, 0.12133790696820485, 0.12441113545500569, 0.12082793559118181], [0.12074553306226148, 0.10191537470563691, 0.1129947441351077, 0.10792020336753842, 0.10149486147051054, 0.09223970901096722, 0.12060055664679256, 0.12415037763235576, 0.11793863996882945], [0.12067114120187127, 0.10204028373524833, 0.11299784301286023, 0.10792228781863217, 0.10166048055906833, 0.09238879576706098, 0.12057060812419876, 0.12401243293285229, 0.11773612684820779], [0.1207013157490314, 0.10198728262525812, 0.11299412204916259, 0.10792121464629664, 0.10159375145772222, 0.09233347954725889, 0.1205958805799024, 0.12404204929815814, 0.11783090404720974], [0.12089825369697814, 0.10112952962365682, 0.11288101387319024, 0.10820060467843143, 0.10048727103422035, 0.09149378948805964, 0.12122850775697758, 0.12411151899103665, 0.11956951085744916], [0.12079851763761304, 0.10134136997047412, 0.11280833635951037, 0.10784645959329459, 0.10085967381899158, 0.09166946636815909, 0.12100956298885177, 0.125, 0.11866661326310546], [0.12080388691738206, 0.10128258743500147, 0.11280130613734249, 0.10789793295081589, 0.10078505977712071, 0.09164875361685228, 0.12112617444610044, 0.1247738960172923, 0.11888040270209237], [0.1204081331611188, 0.10009366773114088, 0.11341266239954308, 0.1087351505020072, 0.09923731237015977, 0.09047380628642004, 0.12159439085501236, 0.12500000000000003, 0.12104487669459793], [0.12043877840477547, 0.1016960348438398, 0.11265819999766316, 0.10766099354427357, 0.10150914562407944, 0.09235695604235544, 0.12115144778265877, 0.12441201857896304, 0.11811642518139116], [0.11985494547824944, 0.10226046463322014, 0.11250214239218932, 0.1074342378052272, 0.10236883820225333, 0.0929975203647589, 0.12089773959862363, 0.125, 0.11668411152547804], [0.12052969581413012, 0.10131498025420331, 0.11260740153296542, 0.10774773963122695, 0.10101328151286015, 0.09194990290753471, 0.12147459932903362, 0.12457527625959758, 0.11878712275844815], [0.12042280886101736, 0.1015586509711777, 0.11259563604624508, 0.1076426875622654, 0.1013734359966565, 0.09225224409902384, 0.12132391757780511, 0.12452965905411936, 0.11830095983168967], [0.12019537302829379, 0.10024705702956146, 0.11319922236500296, 0.10856252135052433, 0.09957222993323189, 0.09085789194543305, 0.12190550864636904, 0.12469142271723833, 0.12076877298434513], [0.1200580531271499, 0.10206436444394659, 0.11252767895187964, 0.10750673313441195, 0.10212478896684699, 0.0928938975679811, 0.12114346893879502, 0.1243824069849796, 0.11729860788400921], [0.11998438037901443, 0.10207970071923278, 0.1124773985204687, 0.1074621370479991, 0.10219141244943772, 0.09296258892201348, 0.1211983705871743, 0.1244163852090972, 0.11722762616556227], [0.12012737572544423, 0.10187303777773203, 0.11248521525953128, 0.10751375816182311, 0.10192329745295788, 0.09281457071639203, 0.12143855884293396, 0.12403501847118485, 0.11778916759200064], [0.12032854927914532, 0.10125096303670243, 0.11246544862580755, 0.10773044468087299, 0.1010502581059642, 0.09212687208775981, 0.12187847228799112, 0.12413218488733023, 0.11903680700842635], [0.12030374877489582, 0.1013058540406123, 0.11244869517354357, 0.10766971615096058, 0.10114778217103607, 0.09218855363275413, 0.12184141861848127, 0.12424118346981577, 0.11885304796790064], [0.11977784066952214, 0.10209634526405739, 0.11231769307233179, 0.1073356223627061, 0.10236890638496336, 0.09318408795704958, 0.1214594847973583, 0.1243318148651862, 0.11712820462682526], [0.12015967752481288, 0.10087518952482127, 0.11250500247166025, 0.10798873087575651, 0.10059903022719165, 0.09181963425014784, 0.12213906155007348, 0.12421774068384539, 0.11969593289169074], [0.12010235024631973, 0.10140946450968527, 0.11231369276497268, 0.10749160570389106, 0.10142419664576881, 0.09245023296156571, 0.12194539357470292, 0.12436184981854806, 0.11850121377454566], [0.11995875935031314, 0.10182741620355858, 0.11233582963816019, 0.1073996453938383, 0.10200272322877536, 0.09295204838580784, 0.1217048258182436, 0.12401469378343435, 0.11780405819786878], [0.11955258606781216, 0.10212314025358817, 0.11214934008448112, 0.10720036302422947, 0.10256726193262017, 0.0934237272648749, 0.12172431498311781, 0.12426788368800334, 0.11699138270127299], [0.11998639768467612, 0.10094977992846248, 0.11228174648191631, 0.10779828800429804, 0.10083458620033711, 0.0920724787754125, 0.12232651361144176, 0.12415236210982276, 0.11959784720363291], [0.11978633368136203, 0.10074558137046435, 0.11222758611646762, 0.10771654410613765, 0.10068766810188666, 0.09195242568932449, 0.12256244835766852, 0.12441279551350583, 0.11990861706318273], [0.11964229090924813, 0.10034222399631883, 0.1124083186792907, 0.10782035378654643, 0.1001789707964715, 0.09147172718834329, 0.12268585006519162, 0.12500000000000003, 0.12045026457858961], [0.11908958377079647, 0.10228536826366712, 0.11180228035786935, 0.10685403803793941, 0.1030677272927476, 0.093837408156741, 0.12186795005975916, 0.125, 0.11619564406047987], [0.11972090693730297, 0.10082041328807947, 0.1121176158662235, 0.1076294189005136, 0.10084274313096549, 0.09211646595777656, 0.12261922672688136, 0.12428646153185108, 0.11984674766040598], [0.11950969732685267, 0.10164609310548388, 0.1119247446992851, 0.10704324649535048, 0.10212402125697766, 0.09315514005399095, 0.12229030378181037, 0.12439435422405729, 0.1179123990561915], [0.11958488177482797, 0.10067881681718613, 0.1120893004509664, 0.10758260202073411, 0.10073464250334777, 0.09203010163936431, 0.12279734974012033, 0.12443087496775924, 0.12007143008569383], [0.11910532351137099, 0.10209058449541317, 0.11178299735477673, 0.10688543674082394, 0.10286526141481662, 0.0937825507913521, 0.12223366370331917, 0.1243921068950507, 0.11686207509307657], [0.11950855003961249, 0.10123860178267091, 0.11180068484305741, 0.10700364595384435, 0.10164127406572035, 0.09271453233048732, 0.1225478296574334, 0.125, 0.11854488132717377], [0.11958118002496941, 0.10107644016305561, 0.11185538262363073, 0.10722440681461207, 0.10134324644228686, 0.09254474815551719, 0.12276727834843287, 0.12436819270092551, 0.11923912472656961], [0.11944597868219134, 0.10064073793136998, 0.11199920356321959, 0.10749756993428893, 0.10077471346702556, 0.09209617822857935, 0.12296359711420288, 0.1243950769317729, 0.12018694414734948], [0.11938802198470105, 0.10056457804736757, 0.11200802309534769, 0.1074954151808504, 0.10070040346476573, 0.09203508649611525, 0.1230408444596534, 0.12445140968016817, 0.12031621759103074], [0.1194050600248391, 0.10092444626565587, 0.11177028633819552, 0.10733438134254492, 0.10121410842838487, 0.09253454779281829, 0.12303012553379833, 0.12396301925374197, 0.11982402502002112], [0.11927725331615308, 0.10049920654880304, 0.11197579616351208, 0.10746003170357657, 0.10067381474564935, 0.092035728693915, 0.12317876332140507, 0.12442627506456196, 0.12047313044242386], [0.11929539843390499, 0.10108086284427044, 0.11162863162799246, 0.10696852279815715, 0.10155828970397188, 0.09278037426872057, 0.12305224629517603, 0.12441761108793248, 0.119218062939874], [0.1191779789997883, 0.10051956590828011, 0.11188564880122867, 0.10738444958216393, 0.10076995768862843, 0.09215419220275244, 0.1233010072120313, 0.12430181340567659, 0.12050538619945025], [0.11903860501134077, 0.10176899317777743, 0.11160403016520928, 0.10677264275482405, 0.10259796287899524, 0.09368050234561853, 0.12274145666268771, 0.12402019621359385, 0.11777561078995304], [0.11923352717612036, 0.1010960271321089, 0.11158167535063437, 0.10691419227764648, 0.10162473689091606, 0.09284700231791326, 0.12309852498760057, 0.12442822301605223, 0.11917609085100776], [0.1191666560066869, 0.10194124873406735, 0.11149621594308817, 0.10664805014461319, 0.10288561659145597, 0.09389807521570133, 0.12270690009626407, 0.12397710263743345, 0.11728013463068959], [0.1190523463966215, 0.1015043967137356, 0.11153074908978909, 0.10671860381549683, 0.10228267196712429, 0.09341443961275457, 0.12288112078208821, 0.12434739391557838, 0.11826827770681156], [0.11917256794098852, 0.10189211123733295, 0.11143827860634241, 0.1066089722685943, 0.10286462615445582, 0.09391851813568829, 0.12282934930890468, 0.12381177174515094, 0.11746380460254194], [0.1190526390501901, 0.10097836591874074, 0.11144907560721276, 0.10695720712757184, 0.10155673539896899, 0.09289438856617048, 0.12343740124869423, 0.12398798152029863, 0.11968620556215222], [0.11896727821536286, 0.1013516604922658, 0.11142881356432995, 0.10668464433956165, 0.10215107432322997, 0.09334913233727624, 0.12305357308321578, 0.12435986278231424, 0.11865396086244351], [0.11907038613608038, 0.10175443468989041, 0.11138894568333424, 0.10657936799562957, 0.10273756848989185, 0.09384464766477008, 0.12300406750209944, 0.12383418149983674, 0.11778640033846728], [0.11893274376504859, 0.10105753053331606, 0.1113589351297851, 0.10676413466877113, 0.10176462112429624, 0.09308294025716202, 0.12350904253241843, 0.12407694623408663, 0.11945310575511568], [0.1189294128981325, 0.10098849114167614, 0.1113562776774492, 0.1068585453590699, 0.10165644421390471, 0.09301385056892365, 0.12357873258504334, 0.12392835730981927, 0.11968988824598127], [0.11888286302597777, 0.10105271557951315, 0.11132230587853725, 0.10674186782866842, 0.1017897177866488, 0.09312346514941951, 0.12357534518426819, 0.124019236901762, 0.11949248266520482], [0.11931165621541989, 0.1017990259230169, 0.11120126238079012, 0.10639955055929731, 0.10287708297973366, 0.09397997658438113, 0.12316145828205352, 0.123595436831819, 0.11767455024348844], [0.11883219906678227, 0.10088801753992138, 0.1113518967133169, 0.10696354939974648, 0.10154593783588942, 0.09298907435973926, 0.12372424053163683, 0.12360057029142081, 0.12010451426154665], [0.1186903576922687, 0.10127363548449009, 0.11121094729224147, 0.1065460529519869, 0.10223159016719904, 0.09353689780275436, 0.12349506573197451, 0.12401681911189816, 0.11899863376518666], [0.12372484742913165, 0.11180749946687121, 0.1142325785240894, 0.10834098530239143, 0.11120577646046777, 0.10111497896316943, 0.11266165947912332, 0.1125297183126582, 0.10438195606209746], [0.12380741153150779, 0.1118559182172753, 0.11417830415324119, 0.10828433069040126, 0.11128632849619362, 0.10119157165369787, 0.11263491591258064, 0.11245708326055104, 0.10430413608455115], [0.12315292579195648, 0.1111900988379132, 0.11432708846440076, 0.10849232347585232, 0.1106197391225437, 0.10052875561295725, 0.11325165106555621, 0.11328176951645046, 0.10515564811236963], [0.12306448183895846, 0.11070322478491906, 0.11441786682864082, 0.10863671675754773, 0.1100938465091573, 0.09998494629480639, 0.11359071589820108, 0.11381693861847857, 0.1056912624692906], [0.12425830253121656, 0.11200185867082277, 0.11372903328403271, 0.10783805291150611, 0.11175915796186776, 0.1016310374094245, 0.11267415554112886, 0.11214574090073545, 0.1039626607892654], [0.12500000000000003, 0.11256508060483988, 0.11339991039483632, 0.10749232615330001, 0.11246742945724067, 0.10233180248335942, 0.11217005794193058, 0.11138992359232551, 0.10318346937216775], [0.12348507659280164, 0.11133774720987524, 0.1138850349489086, 0.10804608919765779, 0.11109300423567889, 0.10097627113713362, 0.11334651874177125, 0.11299187424101066, 0.10483838369516245], [0.12350960123183867, 0.1113298194713224, 0.11380441920673558, 0.10796991571787536, 0.1111513108493358, 0.10103135681211832, 0.11340003740407908, 0.11297959224052012, 0.10482394706617452], [0.12253612649790742, 0.11038343762933449, 0.11401798093182279, 0.1083305321949222, 0.11013289442054924, 0.10004275669992818, 0.11426473503741451, 0.11420099513000069, 0.10609054145812047], [0.12359472706177209, 0.11135854778380018, 0.11363894686084128, 0.10781011122865329, 0.11131147461025452, 0.10118606564239442, 0.11346088605991006, 0.1128994835601987, 0.10473975719217546], [0.12273749672853558, 0.11040192570748475, 0.11383992094757324, 0.10814591523481469, 0.1102786260213837, 0.10017333432567108, 0.11433282946753186, 0.11410740243852187, 0.10598254912848322], [0.12290959191971909, 0.1106604050938653, 0.11375544618874239, 0.10802403634430441, 0.1105931062322671, 0.1004845895461571, 0.114