[[0.11505856852699234, 0.11185801570195421, 0.10265605896990018, 0.1020765918319788, 0.12116898770380911, 0.10474297175111766, 0.10037064239103252, 0.12363807760803772, 0.11843008551517764], [0.11554873002510384, 0.11202553049355148, 0.10178554123784703, 0.10134296482543238, 0.1218750080004503, 0.10413235450346817, 0.09950068939023547, 0.12487436800664126, 0.11891481351727011], [0.11507848668531316, 0.11185309280575743, 0.10268141708857273, 0.10222113666108568, 0.12101902968590936, 0.10476227570436182, 0.10050477522228737, 0.12357229386502142, 0.11830749228169102], [0.11518364626964826, 0.11190063502414999, 0.10254026239533263, 0.10210012858063956, 0.1210139296270644, 0.10466843698579098, 0.1003596698177168, 0.12382604505451135, 0.11840724624514605], [0.11559446556578735, 0.1120232630799318, 0.1017099095739872, 0.10135483846376857, 0.12187819348393081, 0.10407573478206571, 0.09949298152850128, 0.125, 0.11887061352202727], [0.11551545636557077, 0.11199177846989337, 0.10189948529660563, 0.10158542770281784, 0.12164064379730748, 0.10421077940823553, 0.09974368425542507, 0.12469612696743838, 0.11871661773670591], [0.115156550594028, 0.11188294277773228, 0.10261721172563346, 0.10223830510529305, 0.1209020890619303, 0.104722654335198, 0.10050174930023528, 0.12367924709295339, 0.11829925000699636], [0.11522074733389023, 0.11188521349498004, 0.10251567818289166, 0.10225216554195922, 0.12090589192545795, 0.10464824506369833, 0.10048887975779432, 0.12382540842528106, 0.11825777027404738], [0.11492805795931267, 0.11172854393909687, 0.10286783422683159, 0.10263575367815941, 0.12070341883801196, 0.10487405904393007, 0.10092729955388664, 0.1234668272895988, 0.11786820547117197], [0.1154508573135648, 0.11194965962531667, 0.102171118222333, 0.1020832492738836, 0.12119632660928473, 0.10440754314728747, 0.10025067821074686, 0.12413139584975966, 0.11835917174782341], [0.11585800748520174, 0.1121190505393972, 0.1016187643302429, 0.1016547147463139, 0.12183412697448012, 0.10403675698675334, 0.09972751368269217, 0.1244602523115896, 0.118690812943329], [0.1149824388030902, 0.11174079903416917, 0.10281507140461428, 0.10267461311739873, 0.12058361503085657, 0.10483884475289326, 0.1009474856252098, 0.12358992052193725, 0.11782721170983049], [0.11573806047360594, 0.1120530614110875, 0.10177472295443865, 0.10183478636587166, 0.12158612880743028, 0.10413754124954851, 0.0999279878419603, 0.12441657610168472, 0.11853113479437223], [0.11562049013853351, 0.11199335358117546, 0.10197083526102677, 0.10208292131774477, 0.12129369149656433, 0.10427076488703857, 0.10019808959297931, 0.12423463343858987, 0.11833522028634764], [0.11620576106078645, 0.11229512615376276, 0.10141516294117145, 0.10168400022824141, 0.12206724399343281, 0.10393228294395838, 0.09969225186024977, 0.1239486728654801, 0.11875949795291686], [0.11535519397208369, 0.11186317185153574, 0.10226310434529767, 0.10232259638777032, 0.1208729216675128, 0.10445687696813742, 0.10049060782114126, 0.12428782540950999, 0.11808770157701112], [0.11610913741298452, 0.11223291185972532, 0.10149549412106747, 0.10177776020799784, 0.12190484271039763, 0.10397689864441491, 0.0997978348335921, 0.12405296177185962, 0.11865215843796036], [0.1159216513591011, 0.1121278192944382, 0.10166599533789684, 0.10192744500564668, 0.12163387103924765, 0.10407792611569638, 0.09997754950934526, 0.12417791440088559, 0.11848982793774229], [0.11493223244283023, 0.11167274023342941, 0.10283509627087596, 0.10286831535171921, 0.12061428487979721, 0.1048395345052397, 0.1011295996514257, 0.12352406414383707, 0.11758413252084536], [0.11583995912181472, 0.11208427443155788, 0.10177485062294796, 0.10205489528266751, 0.12146760712717795, 0.10414906759904115, 0.10011894719604594, 0.12412839298595128, 0.1183820056327956], [0.11542270214638664, 0.11184824195566961, 0.10210481744939684, 0.1023101787725921, 0.1210111586567168, 0.10433598564047038, 0.10044189393196927, 0.1245049358373047, 0.11802008560949365], [0.11579416099501996, 0.11204980354565994, 0.10180423812967093, 0.1021069334516282, 0.12137175511628813, 0.10416270822479383, 0.10017426938873304, 0.12422548744132211, 0.11831064370688388], [0.11489378948381253, 0.11164930843037249, 0.10288267602009456, 0.102942585576946, 0.12061286439604652, 0.10487000091692841, 0.10120921243337613, 0.12343165955478931, 0.11750790318763403], [0.11564746695914616, 0.11195064641007886, 0.10188952521216518, 0.10220733266375881, 0.12115961438993172, 0.10420175998209845, 0.10029064157652408, 0.12450815695975809, 0.11814485584653864], [0.1154449995729515, 0.11183023376485879, 0.10202456506550481, 0.10230894374138533, 0.12111273332203933, 0.10427214005786727, 0.10042245637353141, 0.12461658398666693, 0.11796734411519468], [0.11516923121446537, 0.11170855442300798, 0.1023801187766636, 0.10262060797009355, 0.12098828999330237, 0.1045086896062492, 0.10079476901697994, 0.12414116574854908, 0.11768857325068889], [0.11499958134461866, 0.11165434360334925, 0.10265958251528626, 0.10284570750049679, 0.12082779640710975, 0.10470501713108886, 0.1010675584500769, 0.12371309253799362, 0.1175273205099801], [0.11606742766963024, 0.11217964757444204, 0.10162585838938552, 0.10212872961858796, 0.12154084086160787, 0.10406501730035624, 0.10014059524004837, 0.12389663336669363, 0.11835524997924814], [0.11568514298011627, 0.11193464154291753, 0.10179691707315397, 0.10222597210060475, 0.1213036424283297, 0.10412969143487355, 0.10028546541272176, 0.12456906525988994, 0.11806946176739257], [0.11512322606670204, 0.11167835594310141, 0.10243052847665815, 0.1027057217139817, 0.12100516538810997, 0.10453971441591312, 0.10088491762514132, 0.1240342122171443, 0.11759815815324816], [0.11530550383229164, 0.11173698075109603, 0.10213859290912324, 0.10247994690499232, 0.12115921725096233, 0.10433536832267487, 0.10060860977385432, 0.12448227728949268, 0.1177535029655126], [0.11546854036608091, 0.1117979790554374, 0.1019131909824796, 0.10231509353017859, 0.12126302704154533, 0.10418187633540746, 0.10040294049981116, 0.1247796368831703, 0.11787771530588924], [0.11561233662110253, 0.11187012596230761, 0.10179488727993194, 0.10225648552748917, 0.12134748736153467, 0.10411216592889168, 0.10031665985392321, 0.12472462393876639, 0.11796522752605301], [0.1148726163251071, 0.11159255110769153, 0.10284510386694444, 0.10307937330101083, 0.12077130278405167, 0.10483050382468508, 0.10132595119107653, 0.12336669755176675, 0.11731590004766607], [0.11517079097804919, 0.11166780681286607, 0.10231403454682417, 0.10269217046025753, 0.12114874177702374, 0.10445096343811254, 0.1008449018742122, 0.12415413566829124, 0.11755645444436331], [0.11489646370941375, 0.11158830190958492, 0.10278738786081876, 0.10307072568496954, 0.12084261529166555, 0.10478675759938944, 0.10130424312205463, 0.12342248260301253, 0.11730102221909093], [0.11578906090948678, 0.11193824163198282, 0.10164841231623924, 0.10228153384862475, 0.12157009643570381, 0.10402229076251102, 0.10029743332847857, 0.12449389401239826, 0.11795903675457477], [0.11550606156763905, 0.1117587742623805, 0.10175935481465292, 0.10231834666484892, 0.12146469390132067, 0.1040586082484426, 0.10037089586513324, 0.12500000000000003, 0.11776326467558229], [0.11523092328021119, 0.11167047892249739, 0.10219267696571842, 0.10264831246910293, 0.12126871422766701, 0.10436144700773856, 0.10077584193466767, 0.12429894518511148, 0.11755266000728537], [0.11633535370721018, 0.11228387387584851, 0.10144335567014114, 0.10223343644823324, 0.12175397710606627, 0.10395940241219685, 0.10018063968715656, 0.12353253843955149, 0.11827742265359578], [0.1156451789676699, 0.11183402306162094, 0.10168371052764572, 0.10231865951316803, 0.12157708944874747, 0.10402224553699409, 0.10034661661730356, 0.12475147058571598, 0.11782100574113434], [0.11606896289868372, 0.11209548633175473, 0.10151739242265945, 0.10229617233417974, 0.12171525133967262, 0.10396659303940065, 0.10026662662536444, 0.12401341764605452, 0.11806009736223012], [0.11582439062170864, 0.11193496104336621, 0.10159598997798347, 0.10231906974057202, 0.12168992010414607, 0.10398362261973271, 0.10031769481368343, 0.12443588279605197, 0.11789846828275528], [0.11511760879929205, 0.11160943628051556, 0.1023473427400355, 0.1028671026583869, 0.12127327204252286, 0.10446416530974428, 0.10101248203649356, 0.12395533455652047, 0.11735325557648867], [0.11563009607216586, 0.11176982157208684, 0.10163202114222078, 0.10247568665338506, 0.12185767853250695, 0.10397106765826672, 0.10047668097363427, 0.12459661945709774, 0.11759032793863577], [0.11487260529235725, 0.11152069162783868, 0.10275356239366422, 0.1032826517174066, 0.12104812480400709, 0.10474929711762407, 0.10148936114265097, 0.12324586677235726, 0.11703783913209384], [0.11645585480530822, 0.11221670696482508, 0.10111656393785408, 0.10229210889765789, 0.12223151604513076, 0.10370328067298654, 0.10015651047366311, 0.12386428145126112, 0.11796317675131318], [0.11651680725432198, 0.11224805409941556, 0.1010736246700431, 0.10227476722180585, 0.12226079686576759, 0.10367946353732484, 0.10012878931179554, 0.12383467488705649, 0.11798302215246904], [0.11497220798907201, 0.11153639475092786, 0.10256305989081031, 0.1031722320778492, 0.12123310821564924, 0.10461083659283255, 0.10134237480061917, 0.12348206572808422, 0.11708771995415546], [0.11625182838313915, 0.11211060630738928, 0.10127101319438017, 0.10237919208252218, 0.12213195536365547, 0.10379124295676954, 0.10027773571768397, 0.12391721924498096, 0.11786920674947929], [0.1158729058977544, 0.11189165117048853, 0.10147981472592933, 0.10247382498371362, 0.12206225809440488, 0.10389044094117861, 0.10042795745875922, 0.12424057072740505, 0.11766057600036638], [0.11638475303962721, 0.11216115097860987, 0.10113185815687821, 0.10232920769528221, 0.12225640351376818, 0.10370105049339742, 0.10019639714580703, 0.12395529138754498, 0.11788388758908469], [0.11530022145423591, 0.11161793489603138, 0.10200534126690841, 0.10279725423815014, 0.12169308361186786, 0.10421353806298889, 0.10086472941097868, 0.1242108196359922, 0.11729707742284654], [0.11503530597621218, 0.11154376431318967, 0.10244239689003588, 0.10311762845060432, 0.1213610439771625, 0.10452285228820854, 0.10126315227356536, 0.1236119373364408, 0.11710191849458071], [0.11579695331233339, 0.1118203915554807, 0.10149090230195204, 0.10257006571469686, 0.12218539782657983, 0.10388253701545835, 0.10052052727645007, 0.12422970523832023, 0.11750351975872836], [0.11588219963133194, 0.11186361360223801, 0.10143833426758037, 0.1025679008385738, 0.12225161121944224, 0.1038549833747501, 0.1005022688759004, 0.12411092376169384, 0.11752816442848935], [0.11615935047344329, 0.11198583758910263, 0.10118833446354003, 0.10246932080652335, 0.12237521849433401, 0.1037007310651038, 0.10034504485197676, 0.12416322069342589, 0.11761294156255026], [0.1156813996025443, 0.11174644929060187, 0.10155913392770792, 0.10265237789517688, 0.12219665660437384, 0.10391561453704692, 0.10061549311515638, 0.12425114349585498, 0.1173817315315369], [0.11630361959169669, 0.11205052683388551, 0.10105750981921582, 0.10240861208217933, 0.1224308623554886, 0.10362004339050016, 0.10025511583721508, 0.12421600297793575, 0.11765770711188309], [0.1155777082005282, 0.11169279671591129, 0.10164644220838463, 0.10271815898096524, 0.12214660129106902, 0.10396749777834778, 0.10069931457286001, 0.12424755781653707, 0.11730392243539675], [0.1151309862308946, 0.11153789807161289, 0.10225202056029108, 0.1031210779465124, 0.12164248123488626, 0.10438175772823424, 0.10121882133327242, 0.12368750339344042, 0.11702745350085567], [0.11617840538375938, 0.11197536472018768, 0.10113176540582675, 0.1024718293530479, 0.12244381736822162, 0.10365668734185013, 0.10033402288816942, 0.12424018362097607, 0.11756792391796102], [0.1154842654830219, 0.11164930283811376, 0.10174324046151043, 0.1027942624844715, 0.1220876979080973, 0.10402919327219778, 0.10079392013535239, 0.12418653934502707, 0.11723157807220787], [0.11544424605745132, 0.11163000280552175, 0.10178909391540317, 0.10284221359265894, 0.12207135255768702, 0.10405904488436714, 0.10084914517046055, 0.12412648132779842, 0.11718841968865185], [0.11536833773396794, 0.11160173526605097, 0.10188646709790246, 0.10290910504388866, 0.12199333073677736, 0.10412484302211546, 0.10093474880885295, 0.12404185169414178, 0.11713958059630264], [0.11521371212363779, 0.11154942996065628, 0.10211094244074582, 0.10307988803622614, 0.12181814879514698, 0.10428025291073367, 0.10114598991327939, 0.12377768117494425, 0.11702395464462985], [0.11579576728937344, 0.11177027275245324, 0.1014207845818781, 0.10268073395082106, 0.12242797950036238, 0.10382101478571072, 0.10060403554190701, 0.124160684324364, 0.11731872727313007], [0.11555952970489737, 0.11166752172526788, 0.10165635029290686, 0.10281128962735478, 0.12224419645322969, 0.10397057410944316, 0.10078563563996168, 0.12410361860907548, 0.11720128383786334], [0.11515601665840904, 0.1115273719882436, 0.10219929658859356, 0.10317232319528312, 0.1217665817767544, 0.10434169658421678, 0.10125164271555347, 0.12363038746610505, 0.11695468302684102], [0.11592602146692157, 0.11181404169763696, 0.10126749995070812, 0.10262468532895618, 0.12254942722749326, 0.10371858574665882, 0.10051340079810471, 0.12424905969676119, 0.11733727808675896], [0.11562609640079928, 0.11169028972460583, 0.10158839374796964, 0.10280824286287325, 0.12234777517699254, 0.10392652171557137, 0.1007640993744769, 0.12404878532860306, 0.11719979566810813], [0.11551018113641978, 0.11163257418602597, 0.10170290710649421, 0.10291498567489643, 0.12229042437073713, 0.10399836434506762, 0.10089127129103632, 0.12396452068862845, 0.11709477120069389], [0.11539396638621102, 0.11158449123472725, 0.10184186353988571, 0.1030243766146118, 0.12218516733730077, 0.1040906588474036, 0.10102638470224247, 0.12384656464822666, 0.11700652668939053], [0.11562532000010786, 0.1116242653148291, 0.10145203067264034, 0.10286257579091806, 0.12258097659784657, 0.10381137605467236, 0.10078307484661396, 0.12424570336934312, 0.1170146773530288], [0.11520782737794098, 0.11150576443248861, 0.10209975739954935, 0.10330937224640463, 0.12203761510673475, 0.10426687438466394, 0.10134916005693441, 0.12344194178578344, 0.11678168720949972], [0.11529110645830476, 0.11150580255825845, 0.10193077676161381, 0.10327277837240353, 0.1222551769125833, 0.10414233089446288, 0.10127419785924376, 0.12358237958799048, 0.11674545059513923], [0.11624316914539257, 0.1117996389201264, 0.1006410387747262, 0.10256470261889215, 0.12316803149639026, 0.10325580294568101, 0.10030628287529472, 0.125, 0.11702133322349667], [0.11534445524621757, 0.11150832085074226, 0.10181976785966766, 0.10322367337028579, 0.12237374721570356, 0.10406049564515168, 0.10120271585351191, 0.12372373688383634, 0.1167430870748834], [0.11618619106720125, 0.1117481556132833, 0.10066702054025775, 0.10269193346359141, 0.12335992033295948, 0.1032652747774424, 0.10042766809908484, 0.12477909465096078, 0.11687474145521878], [0.11525577201491004, 0.11146402504574679, 0.1019325878746232, 0.10338656019371942, 0.12231877047343162, 0.10413627008890881, 0.10137854910526857, 0.12352407483282825, 0.11660339037056335], [0.11585223046484872, 0.11157491188045128, 0.10088064684059547, 0.1027670833770464, 0.12323303917573344, 0.10337913907909793, 0.10056012926975924, 0.125, 0.1167528199124675], [0.11560551062108552, 0.1115178030176056, 0.10128113093444936, 0.1030091556458903, 0.12294798809227794, 0.1036636413256192, 0.1008775661026802, 0.12440751789007001, 0.11668968637032183], [0.11582789358652323, 0.11155885967210219, 0.10090353627480969, 0.1028166787090393, 0.12326625533762735, 0.10339319114405442, 0.10061056104624622, 0.12491736781485267, 0.11670565641474492], [0.11526903332164268, 0.111444449748139, 0.1018703189609552, 0.10342216227160154, 0.12242285112416089, 0.1040868951329484, 0.10139584621652592, 0.12356258335719895, 0.11652585986682756], [0.1155014699295237, 0.1114493010463918, 0.10138468867338532, 0.10324525778558538, 0.12299545700016314, 0.1037287778938916, 0.10111672425684813, 0.12411361636335924, 0.11646470705085168], [0.11556102231731101, 0.11145352166558566, 0.10127000893528572, 0.10320522230432413, 0.12313323253774348, 0.10364509833329917, 0.10105216915988195, 0.12423120901789828, 0.1164485157286706], [0.1153499886656983, 0.11141562065688088, 0.10165138546964679, 0.10344579404245098, 0.12274040194009228, 0.10392068005969664, 0.10136355940682025, 0.12373195838190598, 0.11638061137680787], [0.1143228729673429, 0.12278165920365192, 0.11076553813701458, 0.12039181779390645, 0.10033105215638857, 0.1151594728677736, 0.12248661496274399, 0.09120499542579814, 0.10255597648537987], [0.11482890300347658, 0.12225593815300512, 0.11021586051454929, 0.11834663474454012, 0.10094216395131873, 0.11521885285821135, 0.12376725116968916, 0.09137745124777774, 0.10304694435743195], [0.11466172944971038, 0.12209113879535674, 0.11052235991550977, 0.11934450014700759, 0.10071972816114412, 0.11523015666061924, 0.1231746894429061, 0.09139132173941436, 0.10286437568833166], [0.1143770305831284, 0.12273827992991772, 0.11070660595260189, 0.1204245706680764, 0.10034312727470959, 0.11509122915053017, 0.12256769104969895, 0.09122859894622658, 0.10252286644511029], [0.11443354399502065, 0.12268550422436997, 0.1106630690911631, 0.12040493863604962, 0.10037719588106321, 0.11505283024095306, 0.12259513153094947, 0.09126589246397468, 0.10252189393645623], [0.11431445060289663, 0.12278543370792806, 0.11059984927721736, 0.12076602972615759, 0.10014582000623293, 0.11513900534410543, 0.12289899433734523, 0.09107302141314173, 0.10227739558497503], [0.11496907008187054, 0.12192285463631526, 0.11022439043909917, 0.11899993516597933, 0.10091147801902041, 0.11502748516280713, 0.12353845748089838, 0.0915288450002188, 0.102877484013791], [0.11519675514218795, 0.12197144137185068, 0.10986126726781305, 0.11806252315218717, 0.10117485928506723, 0.11493946915867641, 0.12417482881461822, 0.09157046647430366, 0.10304838933329565], [0.1147048506526717, 0.12243114263728767, 0.11036605590117407, 0.12052386267829075, 0.10044368406629756, 0.11480258834080254, 0.12297633647320559, 0.09138847245133037, 0.10236300679893973], [0.11504009921443098, 0.12208788682119476, 0.11021937159782771, 0.12000521165975991, 0.10078188189015903, 0.1147070930683648, 0.12290986724762122, 0.0916707238382925, 0.10257786466234906], [0.1151184768032254, 0.1220323750552317, 0.11013413622764462, 0.12008721190716197, 0.10079163498143119, 0.11459147974489167, 0.12301796504387148, 0.09171249835681164, 0.10251422187973043], [0.1141872824011846, 0.1224076261627017, 0.11019051032791898, 0.1218864314902555, 0.09968179093582008, 0.11525798494896194, 0.1239828679914175, 0.09083802941121394, 0.10156747633052579], [0.11558843954750196, 0.12139925845501662, 0.10976055330666633, 0.11888376577996579, 0.10125688244489132, 0.11455500332687298, 0.12379321723626853, 0.09194445016088645, 0.10281842974193003], [0.11588635962264375, 0.12153322361153565, 0.10895491753520685, 0.11863133092020103, 0.10139244508231306, 0.11419547783063749, 0.125, 0.09163788538978547, 0.10276836000767671], [0.1157739192757805, 0.12128604007182849, 0.1095206289888695, 0.11890994417893226, 0.10134016990366633, 0.11439684557950777, 0.12402595149815661, 0.09196006959565371, 0.10278643090760488], [0.115061518135406, 0.12205536205398869, 0.11000530222142335, 0.12059192998061692, 0.10057159050401082, 0.1145130332438505, 0.12340037442729127, 0.09159646802346481, 0.10220442140994776], [0.11443766543217597, 0.12216774445167056, 0.10999579480484463, 0.12173637951909502, 0.09983639656816629, 0.11502042131315543, 0.12422726605964594, 0.09101502374948595, 0.10156330810176022], [0.11515817536967604, 0.12197975558985741, 0.10996653510418673, 0.12050147820186136, 0.10066126951284393, 0.11443543493989816, 0.12335897377159719, 0.09168823254314071, 0.10225014496693836], [0.11592202242282879, 0.12109711778675199, 0.10946335368694876, 0.11914007751837025, 0.10140896417167647, 0.1142685144617381, 0.123841420160748, 0.09211352624553185, 0.10274500354540578], [0.1160258520724757, 0.1210923321497813, 0.10920057133276172, 0.11908730198321421, 0.10144903825487603, 0.11416806177044313, 0.12425257944622257, 0.09199285131473237, 0.102731411675493], [0.11454249576242692, 0.12193724742531323, 0.10984463661131003, 0.121804896179687, 0.09987322912031939, 0.11491559288918904, 0.12448719200358359, 0.091116646462708, 0.10147806354546267], [0.11505796578291486, 0.12183207433266008, 0.10974100612798339, 0.12105449010417883, 0.10036064118989461, 0.11450018277691461, 0.12411856677619071, 0.09150817830946781, 0.10182689459979521], [0.11602992968392115, 0.12105223803646886, 0.10941484074599879, 0.11942315412250668, 0.10139380538868553, 0.11408071833730492, 0.12375955697717293, 0.09223833205592119, 0.10260742465201982], [0.11594616437868926, 0.12119346899474019, 0.10949208339160708, 0.11941283984461816, 0.1013166941318001, 0.11408462065510115, 0.1237787043456117, 0.09222028082582352, 0.10255514343200899], [0.11532972650187447, 0.12171016636206619, 0.1096957073099573, 0.12069967650374425, 0.1006475807257961, 0.11429642540654436, 0.12381889044173841, 0.09177121440292539, 0.10203061234535367], [0.11633300749898894, 0.12088429520292264, 0.10890989827044889, 0.11938176452050259, 0.10158995014989215, 0.11390267473717725, 0.12420217187740196, 0.09213019749346547, 0.10266604024920012], [0.11455204043970907, 0.12174350951075497, 0.10976534334568737, 0.1219740774628836, 0.09987105148341834, 0.114912689718578, 0.12458047216966085, 0.0912044481645063, 0.10139636770480151], [0.11572784287195749, 0.121452527323077, 0.10959183450860158, 0.12005793259274848, 0.10106448918694787, 0.11399346854907803, 0.12366992794078425, 0.09210871244880552, 0.10233326457799978], [0.11657055806208019, 0.12096816918514677, 0.10851557201979295, 0.11937821521462352, 0.10174757952127338, 0.113685414446794, 0.12433995271040926, 0.09211968025182159, 0.10267485858805847], [0.11634943205517467, 0.12071829585560105, 0.10906920385838006, 0.11957570223677627, 0.10160473791560226, 0.11390349786010813, 0.12380890024960607, 0.09231587969856835, 0.10265435027018313], [0.11602320090854674, 0.12113025070321626, 0.10939562243292242, 0.11954782648889671, 0.1013112177640935, 0.11395628571343805, 0.12391527867746058, 0.0922481165809829, 0.10247220073044293], [0.11473855701299145, 0.12165287720317984, 0.10964918318060463, 0.12174846766983806, 0.09998746868585642, 0.11472667511873698, 0.12477400889156581, 0.09129601286481386, 0.10142674937241294], [0.11584056003897655, 0.12134037284468016, 0.10950523653366763, 0.11995122625159699, 0.10113501052852404, 0.1139281195928127, 0.12378524945896326, 0.09217474574813642, 0.10233947900264229], [0.11664649556729403, 0.1208744670081206, 0.10848938130599162, 0.11949444980802167, 0.10177780386413349, 0.11363044806206155, 0.12424646657719643, 0.09218630609579642, 0.10265418171138418], [0.11626258258727716, 0.12079882394108282, 0.10915336348353495, 0.11968188867760682, 0.1014595889897904, 0.11384224676176867, 0.12399944030533593, 0.09229619028248841, 0.10250587497111481], [0.11484625195164676, 0.12155892126155143, 0.10956971609691422, 0.12165499593509913, 0.10005670226639167, 0.11462316587036199, 0.12488739562299842, 0.0913723511548206, 0.10143049984021567], [0.11495113042979402, 0.1214616898772084, 0.10949060726330768, 0.12156723825508145, 0.10012440072948182, 0.11452279583560598, 0.125, 0.09144992411328093, 0.10143221349623971], [0.11614215479819322, 0.12102869161581307, 0.10925122312445319, 0.11978774183087929, 0.10130449410135736, 0.11372732573215143, 0.12409878694830345, 0.09233123724981379, 0.10232834459903507], [0.11647713530581964, 0.12055406304914422, 0.10892468364756204, 0.11989294993997496, 0.10154221502711443, 0.11365023731058509, 0.1241545212527473, 0.09235902081771068, 0.10244517364934164], [0.11702589406469859, 0.12070672071296683, 0.10813702396630008, 0.11972584661144559, 0.1020373874335468, 0.11334501337641924, 0.12394146132959788, 0.09240951078101468, 0.10267114172401029], [0.11521824822144909, 0.12139000065817553, 0.10943386138343705, 0.12127250233251657, 0.10037380169267295, 0.11434189071502289, 0.12469527560395982, 0.09168385934087657, 0.1015905600518894], [0.11626480094466465, 0.1208734792948061, 0.10911009077073518, 0.11988747057168873, 0.10134982785571789, 0.11364111622759375, 0.12423591069713932, 0.09233206416099106, 0.10230523947666317], [0.1169441859275894, 0.12057439252407412, 0.10833245778068222, 0.11987822248361756, 0.10192118738175922, 0.11340869826690207, 0.12391677876716249, 0.09242477191647992, 0.10259930495173314], [0.11728031271844683, 0.12074529310494773, 0.1078000734636067, 0.11957469431673345, 0.1023860574237246, 0.1131699813300987, 0.12356734001796268, 0.09261781007432808, 0.1028584375501511], [0.11638689188378253, 0.12070989091806612, 0.10897936331182427, 0.1199512651418438, 0.10141500340562676, 0.11358806963275803, 0.1243216124927706, 0.09233114748825624, 0.10231675572507164], [0.11569035154741304, 0.12125012980290695, 0.10936145743759607, 0.1207069420711405, 0.10084367176824509, 0.1140205304126482, 0.1240978279124352, 0.09211076452672343, 0.10191832452089152], [0.11738974892662728, 0.12058689007271159, 0.107774902479343, 0.11981158740007036, 0.10236538750382518, 0.11308457464598087, 0.12355459176337492, 0.09266551670154774, 0.10276680050651907], [0.11728641522383634, 0.12052352573001231, 0.10794425902831505, 0.11995159469614992, 0.10219356973968326, 0.11315322809348319, 0.1237010611465154, 0.09258767760617423, 0.10265866873583017], [0.11506575391363486, 0.12113089909747941, 0.10943353225981584, 0.12173064020008566, 0.10032381434388953, 0.11452872035573358, 0.1244574328592236, 0.09186086375265928, 0.10146834321747836], [0.11538375197318593, 0.12116343698747743, 0.1093197713018592, 0.12124758674513109, 0.10051985478310273, 0.1142340868242098, 0.12461283485543179, 0.09192081029250934, 0.10159786623709267], [0.11718052857085402, 0.12033273897936275, 0.10820562944414285, 0.12018768857167958, 0.10203783273943826, 0.11322988044032875, 0.12364876556332828, 0.09261987331379619, 0.10255706237706914], [0.11655738243459836, 0.1205275885433399, 0.10877311794519928, 0.12021172125868221, 0.10143386552738744, 0.11334746344164448, 0.12457082213957639, 0.09239620765052008, 0.10218183105905201], [0.11565400272119711, 0.12107056482269934, 0.1092516250518194, 0.12095559516200301, 0.10076483432550515, 0.11404588330508635, 0.1243609695257763, 0.09215017983891129, 0.10174634524700231], [0.11674495038942459, 0.12029053514747608, 0.108594817719539, 0.12029695114707961, 0.10155316345349093, 0.11327926006641882, 0.12459515323284939, 0.09242340890311235, 0.10222175994060922], [0.11737300169836762, 0.1203148786032881, 0.10797990094058374, 0.12022993512698998, 0.10217613922988299, 0.11308553533842207, 0.12357475617689945, 0.09268790917372656, 0.10257794371183959], [0.11678907748155652, 0.12024713288095416, 0.10852501279252574, 0.12040109744766576, 0.10153281231654322, 0.1131797374863982, 0.12474519907864948, 0.09243380948825827, 0.10214612102744852], [0.11660808290150713, 0.12048506792735544, 0.1087246249647557, 0.12034699771512568, 0.10144004653528763, 0.11322988052891293, 0.12456991770417257, 0.09248023498409239, 0.10211514673879053], [0.1176395518475766, 0.12024648560223017, 0.10768288792857096, 0.12028020519083003, 0.10238320863893452, 0.11288267875792521, 0.12345193010984497, 0.09281672650858994, 0.10261632541549758], [0.11639756550727245, 0.12073210895338511, 0.10899738278986448, 0.12023609981625255, 0.10139817783243384, 0.11338509818367834, 0.12408208919544335, 0.092624912551712, 0.10214656516995788], [0.11773989736094458, 0.12023972671832905, 0.1075380118955821, 0.12023213789953618, 0.10248393413826669, 0.11279824116979635, 0.12345808240923932, 0.09285967789563773, 0.10265029051266805], [0.11568631376319657, 0.12090020098541816, 0.1091706271088115, 0.12104235119789569, 0.10078881324367282, 0.11402243043963355, 0.12444139906944567, 0.09226524028717757, 0.10168262390474847], [0.11722553100050905, 0.1198970749909667, 0.10820070285966964, 0.12056543098036747, 0.10190443746687906, 0.11304968372248603, 0.12416556381893944, 0.0926635848734535, 0.10232799028672912], [0.11731679421495973, 0.11995822950738484, 0.10811611363759893, 0.1205617472677918, 0.10199035820907583, 0.11302126759301812, 0.12395867108743168, 0.09270174086346643, 0.10237507761927261], [0.11728108173487337, 0.11992351310250389, 0.10814928672545206, 0.1205729151718739, 0.10195185887337295, 0.11302797279121005, 0.12405714299849585, 0.09268635209885792, 0.10234987650336001], [0.11656304850493845, 0.12054306954683558, 0.10883243956476235, 0.12042898738818979, 0.10147015217477552, 0.11320619024744953, 0.12414764759064713, 0.09270828246010043, 0.10210018252230121], [0.11693258806628365, 0.12008318588994156, 0.10834175942060982, 0.12062499576615111, 0.10154250356588848, 0.1129712100465276, 0.125, 0.09247925626499633, 0.10202450097960146], [0.11687298355497974, 0.1201777825366878, 0.10843699022672901, 0.12062764742700825, 0.10153331460981353, 0.11298995820380169, 0.12478102281644711, 0.09255014017556606, 0.10203016044896679], [0.11555117555839721, 0.12066393898864503, 0.10906424556068484, 0.12126521052081864, 0.10065564931961962, 0.11405817512622154, 0.12500000000000003, 0.09226044379358991, 0.10148116113202334], [0.11745363300394435, 0.11956859589627111, 0.10797570187320316, 0.12102323605195103, 0.10191455191523899, 0.11271446760057392, 0.12442269062357696, 0.09280811401750816, 0.10211900901773235], [0.11806212646149063, 0.11969747855052307, 0.10728597585191745, 0.1209070622911006, 0.10239907491077489, 0.11241589335416605, 0.12399700630674243, 0.09292324035131402, 0.10231214192197102], [0.11712256403309138, 0.11992849223786192, 0.10823888112584532, 0.12093728188787853, 0.10167445489764859, 0.11276786091775448, 0.12458736739711826, 0.09275384641397358, 0.10198925108882805], [0.11739604929060524, 0.11963668930683065, 0.10800277358242379, 0.12106718668139077, 0.10184104468073182, 0.11267786038243857, 0.1245394165093664, 0.09279402623058725, 0.10204495333562565], [0.11585519358909861, 0.12045433916630735, 0.1089269813135491, 0.12114669646529219, 0.10092092121041538, 0.11383527628296337, 0.12470805482367782, 0.09257131326637515, 0.10158122388232092], [0.11794242738250157, 0.11951312902231802, 0.1075432447554525, 0.12116408162930623, 0.10227809667548866, 0.1124871329503205, 0.12382540159989469, 0.09300425952030583, 0.10224222646441199], [0.11801343656663382, 0.11946433650183401, 0.10745705242288471, 0.12122052672044813, 0.10229878242182351, 0.11241539167103014, 0.123904167308477, 0.09301302473420062, 0.10221328165266817], [0.1178340231898828, 0.11926947527493825, 0.10768686086466449, 0.12134905440545758, 0.10215763379309552, 0.11247173530089544, 0.12404596652355247, 0.09304982940859347, 0.1021354212389201], [0.11717122032540016, 0.11988184135213567, 0.10826397369835787, 0.12110510345686723, 0.10176299557080988, 0.11265283494995293, 0.12415899533704161, 0.09301836488287234, 0.10198467042656245], [0.11726923436203016, 0.11978438739339516, 0.1081565692911187, 0.12117251942304844, 0.10179027554262023, 0.11260716886823777, 0.12426250061694052, 0.09298585973925855, 0.10197148476335045], [0.1182240556447937, 0.1192540458026314, 0.1072336549440018, 0.12146199123713412, 0.1023537583423735, 0.11219435200191621, 0.12408537293700246, 0.09308020962336588, 0.10211255946678104], [0.11684604111381641, 0.12006907663768811, 0.10857561721056899, 0.12088590026296946, 0.10169919258396634, 0.11308322827029389, 0.12360985201019932, 0.09323948857508868, 0.1019916033354088], [0.11756390225819005, 0.11948926117135032, 0.10790052770814608, 0.1214379934220604, 0.10194298926526112, 0.1124271901826118, 0.12418499746485955, 0.09309269893177086, 0.1019604395957497], [0.11798051932327289, 0.11907372491718651, 0.10758101596184991, 0.12158636234058365, 0.10222652139740149, 0.11232025731577515, 0.12395635034998471, 0.09318951809324628, 0.10208573030069938], [0.11845530063254826, 0.11903791317178637, 0.1069879536659821, 0.12170841282861083, 0.10242132174263245, 0.1119584377784328, 0.12426432955302075, 0.09315424847466469, 0.10201208215232177], [0.11709397009031053, 0.11983858707908128, 0.10838549365222612, 0.12114967999822075, 0.10184953903367448, 0.11283358150450223, 0.12346212161453626, 0.0933937269554768, 0.1019933000719714], [0.11707622234250256, 0.11974909680814101, 0.10836037861082512, 0.12116536478511016, 0.10185974335743699, 0.1128625822226676, 0.12348004561274933, 0.09349514693900451, 0.10195141932156274], [0.11669970211600568, 0.11982285529482462, 0.10846567097670991, 0.12131997459032272, 0.1015874297996651, 0.11314111713589947, 0.12386254604575025, 0.0933234707126533, 0.10177723332816907], [0.11898222134769454, 0.11879166540428222, 0.10629826382675085, 0.1218110565250536, 0.1026244683753406, 0.11146025918156179, 0.125, 0.09316501983718485, 0.10186704550213152], [0.11721720701864476, 0.1196399761218221, 0.10826927476892585, 0.12131005292966349, 0.10195203777124708, 0.11272981371787708, 0.1233296822842077, 0.09358247754089245, 0.1019694778467195], [0.1183413070490735, 0.11873673094591236, 0.10730878053859728, 0.12212728714444307, 0.102422393301541, 0.11196417812926299, 0.1235682852477253, 0.09353522425928755, 0.10199581338415684], [0.1171876609351722, 0.1195817754711468, 0.1082570257019556, 0.12129805094054205, 0.10194933874782315, 0.11275723176248796, 0.12338805103072303, 0.09364379920691278, 0.10193706620323653], [0.11890875097078271, 0.11861087600873105, 0.10655523964631652, 0.12220518558066379, 0.10258873881545316, 0.11152486009437872, 0.12438584892329764, 0.09336575705280109, 0.10185474290757532], [0.1180696337315238, 0.11897375722887485, 0.1075279837278332, 0.12205780769913345, 0.1022768481371739, 0.11201102576023085, 0.1235889507523667, 0.0935630843598119, 0.10193090860305148], [0.11772254142424407, 0.11925857038824743, 0.10785440777421723, 0.12180276561808073, 0.1021666155446704, 0.1121449673226069, 0.12345341705689944, 0.09364345448406362, 0.10195326038697029], [0.11726153148576791, 0.11946648515465613, 0.10818938672823088, 0.12138358482728452, 0.10201413939202021, 0.11268766806653559, 0.12331410063885513, 0.09375240732213595, 0.10193069638451353], [0.11721959361249537, 0.11945482345162974, 0.10820410164128441, 0.12134377588526211, 0.10200216217894051, 0.11272754613996722, 0.12335389346036454, 0.09377624044918255, 0.10191786318087369], [0.11760350593626782, 0.11925662646501566, 0.10796516300646233, 0.12173048462922889, 0.10219551829173142, 0.11234209459265264, 0.12308583330178453, 0.09385574562803663, 0.10196502814882007], [0.11721854250700123, 0.11938671546525477, 0.1081789610692134, 0.12140157308772545, 0.10201927986146642, 0.11272065748493564, 0.12333334004722749, 0.0938405101870109, 0.10190042029016483], [0.11801680925571359, 0.1189507690153489, 0.10761289529328126, 0.12213191786436171, 0.10234584311917407, 0.11192209002875787, 0.12323107037456428, 0.09385296841546327, 0.10193563663333517], [0.11731845974318704, 0.11928303953332195, 0.10811449602911248, 0.12144988356164475, 0.1021056720995987, 0.1126346335816425, 0.1232217948547918, 0.09395433195442371, 0.10191768864227703], [0.11885513121962361, 0.11827223042479366, 0.10680674860618058, 0.12263995982502307, 0.10264727948146543, 0.11152394289724663, 0.12362903626870143, 0.09374838882972819, 0.10187728244723737], [0.11809708347522904, 0.1188723770627636, 0.10754541833155293, 0.12221699603735317, 0.10238896400028875, 0.11186812048504623, 0.12318784683929992, 0.0938928765290135, 0.10193031723945295], [0.11913895726490861, 0.11824479150112499, 0.10644776764261966, 0.12269601166208667, 0.10272284397696677, 0.11130466468171, 0.12397224556575316, 0.09367393069823106, 0.10179878700659918], [0.11867718084191303, 0.1183754692393646, 0.10703747944321841, 0.12264836649022944, 0.10262513457423578, 0.11161038272298164, 0.12322020041778843, 0.09389156444410794, 0.10191422182616085], [0.11915785916038159, 0.11814825785787232, 0.10646586043091114, 0.12282387045913583, 0.10275939575298294, 0.11127323610282058, 0.1238087725872827, 0.09376857749104828, 0.10179417015756463], [0.11802897221634083, 0.1188364361778979, 0.10761947359484178, 0.12219355736260896, 0.10246583570676372, 0.11189985257162677, 0.12288057625371467, 0.09412572227437477, 0.1019495738418307], [0.11860784580361848, 0.11841353229441412, 0.10711593753874236, 0.12269308924746243, 0.10264931042815638, 0.1115856081124539, 0.12299877094591716, 0.09402736990120023, 0.10190853572803495], [0.11909235557800628, 0.11805376434666592, 0.10658489824661588, 0.12292699912091774, 0.10278057651953953, 0.11130107453513277, 0.12355191061943584, 0.09389330184912945, 0.10181511918455649], [0.11826413415006387, 0.11863796885292083, 0.10742517643268366, 0.12243945325018482, 0.10258767546635035, 0.11167852563390696, 0.1228398445378687, 0.09419159212954907, 0.1019356295464716], [0.11814536779607164, 0.11870759530665148, 0.1075257409722378, 0.12232300882263286, 0.10256115999616876, 0.11178524893568807, 0.1227740322727723, 0.09423025600625923, 0.10194758989151782], [0.11829239937113817, 0.11859756208048738, 0.10740407149871098, 0.12247447757580669, 0.1026225488156114, 0.11164705921180267, 0.12278359425434257, 0.09424115791762619, 0.10193712927447408], [0.11932419339373726, 0.11789098315220578, 0.10635674918048031, 0.1231503187430947, 0.10290406299244448, 0.11109942815181648, 0.12352483433024329, 0.09399012687867339, 0.10175930317730432], [0.11800980797346855, 0.11873043116950371, 0.10763597163054311, 0.1221812145970758, 0.10257890504094783, 0.11196366058768055, 0.12256380531382058, 0.09436738836154981, 0.10196881532540994], [0.11872396781881729, 0.1182283830723418, 0.1070311139756436, 0.12291009693922733, 0.10282009257965966, 0.11140877343419714, 0.12266883362534153, 0.09431145683191301, 0.10189728172285863], [0.12181175388610142, 0.12192074759725512, 0.10618292886707807, 0.11106331554069174, 0.10941883326964917, 0.1124822295290077, 0.11091428233796029, 0.09757646054612433, 0.1086294484261322], [0.12184505757630473, 0.12183487094505639, 0.10613655840965479, 0.11104614406263692, 0.10952427859094545, 0.1124226221124506, 0.11084546194920876, 0.0976899509609874, 0.10865505539275495], [0.1218970090401239, 0.12232607428916262, 0.10625564536250177, 0.11165982953384418, 0.10867131138822098, 0.11264514669735923, 0.11169402883038768, 0.09678264214324689, 0.10806831271515292], [0.1217373522783989, 0.12260175180653976, 0.10643508104446042, 0.11205562743416277, 0.10808826368180276, 0.1128502943638285, 0.11231228781250038, 0.09619435978277294, 0.10772498179553354], [0.12220841016949531, 0.12126878343441377, 0.10573636961840649, 0.11116471018280341, 0.11013766033373612, 0.11195204411437448, 0.11057158492328169, 0.09835161719605452, 0.10860882002743427], [0.12196975835208891, 0.1212508906654076, 0.10545799200991109, 0.11067926085403806, 0.1110111859617993, 0.11155525015922022, 0.10980847745775046, 0.09927972159017574, 0.10898746294960861], [0.12241054977543983, 0.12174365604629853, 0.10581212858195009, 0.11181097815350921, 0.1092605255124798, 0.11214830284078031, 0.11140960332270777, 0.09740596795116671, 0.10799828781566793], [0.12251174014583201, 0.12164990458170438, 0.10573259860737697, 0.11187609927394099, 0.10933194761651396, 0.11206163021756851, 0.11140041837913882, 0.09748368597791898, 0.10795197520000535], [0.12220244763003722, 0.1221064355467876, 0.10607300998833455, 0.11281087344266964, 0.1081194635548638, 0.11244774088135001, 0.11273850133066983, 0.09627835051286866, 0.10722317711241869], [0.12270267858646583, 0.12143988769786625, 0.1055712983456427, 0.11195803067258131, 0.10952867965447431, 0.11187936692367191, 0.11132351105351992, 0.09769668281325992, 0.10789986425251784], [0.12243508810182281, 0.12189857467770811, 0.10589318009289318, 0.11290704395273493, 0.10831095130270056, 0.11225363907222867, 0.11265148610397029, 0.09648142451672981, 0.10716861217921164], [0.1226290022761972, 0.12176071361480417, 0.10574540011268777, 0.11268528388650428, 