[[0.11567462447254946, 0.12299831732558479, 0.10484105062005662, 0.1185862982139685, 0.10655562906120898, 0.1247235277618102, 0.10099575326250608, 0.1028638496300034, 0.10276094965231196], [0.11631077065432446, 0.12355721026726346, 0.10438386895658731, 0.11914377481866222, 0.10634523149396245, 0.12487909503756751, 0.10050425426151047, 0.10248602162089304, 0.10238977288922904], [0.11567360240404478, 0.12283527874259992, 0.10480089106817089, 0.1184524593465322, 0.10651799358819036, 0.12484613880048273, 0.10106513353348139, 0.1029606643521571, 0.10284783816434065], [0.11579921794288375, 0.12299997790990734, 0.10471785817321952, 0.11856175896854101, 0.10647839843930182, 0.12481592929290304, 0.10096823565174722, 0.10288493020715514, 0.10277369341434113], [0.11636399188238848, 0.12345920500077365, 0.10432146666017471, 0.11910542428631525, 0.1063095126386483, 0.125, 0.10050847656888778, 0.10251695680613732, 0.1024149661566745], [0.11626239449453604, 0.12333374017253301, 0.10442824694931857, 0.1189438760999791, 0.10636775861366192, 0.1247071174953307, 0.10068893958069478, 0.10268843410223853, 0.10257949249170734], [0.11574150751248008, 0.12283858973303252, 0.10471050065857708, 0.1184360309520781, 0.10645887486720777, 0.125, 0.10102674970574042, 0.10295274286162925, 0.10283500370925482], [0.11583528815833673, 0.12278950818958417, 0.10466610031436753, 0.11841473968462442, 0.1064489730121877, 0.12482244775367435, 0.1010767321206967, 0.10303569464015462, 0.1029105161263736], [0.11549315602709354, 0.12222469160548256, 0.10486385595055986, 0.11800484433705914, 0.10652383207682153, 0.12500000000000003, 0.10139523600780546, 0.10331532492113153, 0.10317905907404654], [0.11610781166306144, 0.1228717041431343, 0.10442819254597363, 0.11853830762374791, 0.10633037100303339, 0.125, 0.1009278755783176, 0.10296403209326466, 0.10283170534946709], [0.11663662503674456, 0.12311200592611955, 0.10422161507278488, 0.11894036317855296, 0.10630204457956893, 0.1244816012050991, 0.10073897463768135, 0.10284705614797425, 0.10271971421547442], [0.11556068699633647, 0.1221939254628962, 0.10483144707713424, 0.11797345081555105, 0.10651697390001102, 0.12485929813921991, 0.10143832447804478, 0.10338412502162836, 0.10324176810917798], [0.11650012311706119, 0.1229269343717939, 0.10430945435834996, 0.11877614749659321, 0.1063371318238511, 0.12443867368160373, 0.10088371194540363, 0.10298081176278402, 0.10284701144255928], [0.11633055912343308, 0.12275406432478024, 0.10434759799341492, 0.11855140432939364, 0.1063253978426654, 0.1246396481253879, 0.10100258388947818, 0.10309592194119763, 0.102952822430249], [0.11692551133530166, 0.12329680442212146, 0.1038769786139871, 0.1189632619377259, 0.10610390411167535, 0.125, 0.10052009397461283, 0.10272517598950352, 0.10258826961507221], [0.11603489330665442, 0.12254831473804641, 0.10453546088277489, 0.11829294973427391, 0.10640099600718651, 0.12459356800319007, 0.10121836974235862, 0.10326126733653829, 0.10311418024897673], [0.11684127470112297, 0.12314456500477076, 0.10397375013316298, 0.1188694047795052, 0.1061592323264185, 0.12478918270253297, 0.10066034504716637, 0.1028517160640957, 0.10271052924122456], [0.11667362952229013, 0.12288579499561315, 0.10416937822244872, 0.11872906996129785, 0.10627206391566597, 0.1244150861125321, 0.1008970984294743, 0.10305162160760678, 0.10290625723307083], [0.1155046329097927, 0.1218785781717212, 0.10480761249547166, 0.1177321259082417, 0.10649039401792297, 0.12500000000000003, 0.1016059648799066, 0.10356928349969832, 0.10341140811724502], [0.11657018225251913, 0.12270984493311317, 0.10420647339068055, 0.11860997751826047, 0.10627580848764291, 0.1245583752976034, 0.10097603171521335, 0.10312171184491647, 0.10297159456005073], [0.11614145028045325, 0.12244630918856908, 0.10446101819639123, 0.11825456056061805, 0.10637126824650087, 0.12452878477116447, 0.10126686976947258, 0.10334302633099533, 0.10318671265583511], [0.11651894183666373, 0.12260997669326824, 0.10421294383919419, 0.11853712721462559, 0.1062685259018046, 0.12467310281838923, 0.10101480146756357, 0.10315904198835875, 0.1030055382401319], [0.11547086979738774, 0.12177511906765766, 0.10485557331443467, 0.11766231885153858, 0.106522068437554, 0.12486256492114683, 0.10169955183353568, 0.10365640023623625, 0.1034955335405084], [0.11636294456475502, 0.12248635548320712, 0.10425496993702824, 0.1183703249589647, 0.10626364028051082, 0.12484990896204519, 0.10110334470685071, 0.10323385435294441, 0.10307465675369379], [0.11618324910993742, 0.1223737607538434, 0.10442174836518242, 0.11821735410173999, 0.10635216304990555, 0.12453905133792859, 0.10129618479875496, 0.10338907273438125, 0.10322741574832643], [0.11584093787228543, 0.12206192845368838, 0.10458404093471184, 0.11790172930419852, 0.10639828671749742, 0.12479477892545508, 0.10150044407706531, 0.1035423832615963, 0.10337547045350175], [0.11562784221147611, 0.1218367031894402, 0.10474469671889737, 0.11771655006378123, 0.1064748491070922, 0.1247502119696811, 0.10167359611593857, 0.10367159546869018, 0.10350395515500305], [0.1167812304612697, 0.12275383060981708, 0.10401090537636294, 0.11857078117900251, 0.10617660085682007, 0.12460984181794754, 0.10094694270479247, 0.10315602686708317, 0.1029938401269047], [0.11641168611103754, 0.12236483780111848, 0.10418152681021554, 0.11830471031024385, 0.10621959994311694, 0.125, 0.10112436970179275, 0.10328008305157228, 0.1031131862709026], [0.11578661352302355, 0.1219443414120269, 0.1046038093905358, 0.11780854458416475, 0.10640250166171343, 0.12483635033655169, 0.10157035325280644, 0.10360927517878775, 0.10343821066038969], [0.11603482483569141, 0.12214096472538162, 0.10448586465802567, 0.11800550353670455, 0.10636936495218359, 0.12460280871664667, 0.10145683261033679, 0.10353704551210578, 0.10336679045292392], [0.11623251200468547, 0.1222537199837376, 0.10436323898770114, 0.11814930813857244, 0.1063206345479658, 0.12459399604211677, 0.10134089585434192, 0.10345778100966192, 0.10328791343121695], [0.11636461983867835, 0.12228377516326276, 0.1042303266542001, 0.11822367828925373, 0.10624800722663509, 0.12485032723621231, 0.10122350199028558, 0.10337336122083063, 0.10320240238064125], [0.11545349321334104, 0.12152795643620842, 0.10480099256976926, 0.11747749852933442, 0.10648143045417557, 0.125, 0.10182382216701336, 0.10380508150748445, 0.10362972512267349], [0.11584677049513331, 0.1218897107739842, 0.10451173992381148, 0.11777609490047053, 0.10634663042778336, 0.125, 0.10155765854776343, 0.10362463435014736, 0.10344676058090635], [0.1154949191272271, 0.12152609079221277, 0.1047786408191756, 0.11747577959396659, 0.10647524116933378, 0.12491557220823958, 0.10184210780818874, 0.10383504521449813, 0.10365660326715741], [0.11655272478629046, 0.12227169685607323, 0.10411305192280576, 0.11822621809663925, 0.10620486524770828, 0.12471330141034746, 0.10123481429265593, 0.10343152735903885, 0.10325180002844081], [0.11630950939210045, 0.12209814149441993, 0.10429496274155492, 0.11806849358867956, 0.10628939449913558, 0.12459407683148792, 0.10140969504026406, 0.10355809034388358, 0.103377636068474], [0.11594263500569293, 0.12188704517503003, 0.10447281592733043, 0.11779879582510511, 0.10634101800219391, 0.12483466316549693, 0.10157645436302971, 0.10366418864070114, 0.10348238389541983], [0.11700455612659363, 0.12289726395232922, 0.10369867595695162, 0.11845787574343647, 0.10598878560037232, 0.125, 0.10084686188521243, 0.10314240116759969, 0.10296357956750461], [0.11643548431528498, 0.12209174491626518, 0.10419674295806278, 0.1181139895986376, 0.10624349987453927, 0.12468687571282232, 0.10135275244963816, 0.10353103966585064, 0.10334787050889907], [0.1167791899946719, 0.12252504547825235, 0.1038586447206297, 0.11828077814508907, 0.10606068488701614, 0.12500000000000003, 0.10105311895586935, 0.10331370868066835, 0.1031288291378033], [0.1166006668250084, 0.12222582960239105, 0.10408589176474121, 0.11817784966438659, 0.10619744965643743, 0.12460488134257414, 0.10128872145967487, 0.1035022176902913, 0.10331649199449518], [0.11580017473800323, 0.12184757917756257, 0.10453287872659031, 0.11758563353914485, 0.10635861587712378, 0.12468934441936406, 0.10174144200230577, 0.10381740809383555, 0.10362692342606983], [0.11643326707245422, 0.12211917363563081, 0.10414918061464452, 0.11790320135106061, 0.10621213158786375, 0.12443079786592982, 0.10151217815140672, 0.1037200735678289, 0.10351999615318065], [0.11544399754269036, 0.12186808576238241, 0.10465248451569259, 0.11719755171738407, 0.10637376091834425, 0.12471592768941582, 0.10196095986767388, 0.10399323007163304, 0.10379400191478358], [0.11718663558403046, 0.12278552842305623, 0.10350867212650225, 0.118240912846432, 0.10589156254099884, 0.12486363871744015, 0.10099245702150389, 0.10336755606623525, 0.1031630366738009], [0.11725157920734908, 0.12284634917006321, 0.10348030447854137, 0.11827364867465966, 0.10588548804758616, 0.12476669702594012, 0.10097670489221174, 0.10336187912824268, 0.10315734937540601], [0.11555603384043127, 0.12197704100313765, 0.10449501725711988, 0.11725227428470215, 0.10627612077316728, 0.125, 0.10183439033273534, 0.10390616548994408, 0.10370295701876237], [0.11699438453753408, 0.12254936317522894, 0.10367927761625519, 0.118129065751991, 0.10597933801394294, 0.12475355141106947, 0.10115030164429446, 0.10348498071145201, 0.10327973713823185], [0.11665076340724087, 0.12234886741145404, 0.10394833195997644, 0.11795016297139624, 0.10610840350051319, 0.12447583577888686, 0.10139748086712068, 0.10366315355916673, 0.1034570005442449], [0.11711766037181748, 0.12266978316907194, 0.1035203934276308, 0.11815927033812214, 0.10588480475071742, 0.125, 0.10103718968722374, 0.10340966053402613, 0.10320123772139038], [0.11603349659862357, 0.12219270780373762, 0.1043064540793907, 0.11756792537263498, 0.10624264200393875, 0.1244158198743242, 0.10171336685879806, 0.10386703763185177, 0.10366054977670036], [0.11565091421772973, 0.12206638856672729, 0.10444589324327551, 0.11728978494271665, 0.10626146985298109, 0.12482220010127029, 0.1018277649923945, 0.10392097804957774, 0.10371460603332719], [0.1165708581447133, 0.12243781863881138, 0.1039301586855698, 0.11779587077897263, 0.10607818399110898, 0.12443111885419611, 0.10147518847683193, 0.10374799106779217, 0.10353281136200371], [0.11665617474426596, 0.12251796661050017, 0.10388246036303674, 0.11781975846941355, 0.10606212318023743, 0.12432276158116075, 0.10145831138293679, 0.10374866381349501, 0.10353177985495363], [0.11692664143072486, 0.12270137901834706, 0.10363591565097571, 0.11790923706458847, 0.10593437683665949, 0.12455309218537164, 0.10128244704009068, 0.10363895064494544, 0.10341796012829664], [0.11643449797324554, 0.12240937526895543, 0.10393003909421666, 0.11766140513282385, 0.10604663429886685, 0.12467474309162026, 0.10151067065901974, 0.10377631314254808, 0.10355632133870361], [0.11706788547291787, 0.1227456560574479, 0.10350811481760032, 0.11797297678066022, 0.10586822773655966, 0.12473048107111706, 0.10118341190352717, 0.10357272956723262, 0.1033505165929372], [0.1163065844309856, 0.12243376637183978, 0.10394671403195102, 0.11756668004114407, 0.10602923850263542, 0.12484673787222299, 0.10152898265601729, 0.10378148862262751, 0.10355980747057632], [0.11575300186011712, 0.12232062773922192, 0.10426095388556306, 0.11721937144927648, 0.10614545651289425, 0.12485071487846323, 0.10179129024533672, 0.10393904842883515, 0.10371953500029202], [0.11694968575323735, 0.12277213382875551, 0.10358728097036314, 0.11787716743863527, 0.10590312081493014, 0.12454963771161767, 0.1012812794991638, 0.10365231395899291, 0.10342738002430404], [0.11619638517009957, 0.12247135430561035, 0.1039923882944934, 0.11748399832776836, 0.10603950798678435, 0.1248248213672358, 0.10158045116087412, 0.10381701745481453, 0.10359407593231948], [0.11614957294052795, 0.12250137229638335, 0.1040158239518573, 0.11743734886703301, 0.10604770782043062, 0.12475539241923753, 0.10161875288238369, 0.10384918491491298, 0.1036248439072336], [0.11606816942237297, 0.12249877532255803, 0.10409229746408645, 0.11738709849394116, 0.10608915207177883, 0.12458898984529168, 0.1016925430275907, 0.10390349421280666, 0.10367948013957357], [0.1158513925349747, 0.12245745706097926, 0.10415562917348797, 0.11722657261839571, 0.10608805397577453, 0.12482881294139617, 0.10175196078914805, 0.10393263426350019, 0.1037074866423434], [0.11655253131124535, 0.12264594694232077, 0.10379785584683715, 0.11760309297362603, 0.10597542033625458, 0.12451356573561131, 0.10150718997595438, 0.10381721888011536, 0.10358717799803524], [0.11625704407806646, 0.12257393526355459, 0.1038678255527047, 0.11744129746443414, 0.10595824911787657, 0.12499999999999997, 0.10153085796685918, 0.10380023560735713, 0.10357055494914706], [0.1157573703977333, 0.12246302401993844, 0.10415241421581856, 0.11713039975671091, 0.10606442517470405, 0.125, 0.10177032752259421, 0.10394489778343717, 0.10371714112906337], [0.11670750350216783, 0.12280155717453764, 0.10371619356690356, 0.11764126068760995, 0.10595031068825694, 0.12427884973599884, 0.10148479192982839, 0.10382642744960768, 0.10359310526508932], [0.11633487006160753, 0.12262340819253612, 0.103827827000234, 0.11744886365325073, 0.10594720525726896, 0.12486186006592517, 0.1015379748628708, 0.10382540919896037, 0.10359258170734631], [0.1161959552215453, 0.12270112108038184, 0.10387241788732701, 0.11732935944547279, 0.10595085352406568, 0.12482366539468141, 0.1016066995847984, 0.10387790882499456, 0.10364201903673281], [0.11606960584652502, 0.12272520928015787, 0.10397469254157368, 0.11723777794905711, 0.10600302600731382, 0.12457625206769654, 0.10171994162311312, 0.10396514252599934, 0.10372835215856355], [0.1163542402620061, 0.1228857389969684, 0.10372482109242072, 0.11728614152627201, 0.10587830766187473, 0.12465058217527977, 0.10160633870906426, 0.10393051757182901, 0.10368331200428502], [0.11579861167598444, 0.12280354048658534, 0.10400639395986443, 0.11695170301391726, 0.10596938760153525, 0.12475198045578514, 0.10183843525010045, 0.10406285420849129, 0.10381709334773623], [0.11588154515006598, 0.12296900404821742, 0.10383305668110378, 0.11691258003026377, 0.10585562310293271, 0.125, 0.10175457294880669, 0.10402397110862312, 0.10376964692998655], [0.11701737282585682, 0.12348378286730863, 0.10306673470543926, 0.11741570779036625, 0.10552720128855184, 0.125, 0.10124465051256225, 0.10375636205033383, 0.10348818795958116], [0.11596350062181575, 0.12305073353379618, 0.10378973576412491, 0.11693330001708917, 0.10584253106223919, 0.1248481222877434, 0.10175092938986172, 0.10403913033966226, 0.10378201698366728], [0.11695241776375544, 0.12363519648696734, 0.10305360380496782, 0.1172698579349357, 0.10550734774498674, 0.12478732015372902, 0.10134262912176888, 0.1038649087401018, 0.1035867182487872], [0.11583958482920531, 0.12314022353693249, 0.10380377109627842, 0.11676913340781042, 0.10582969066565581, 0.12478111873654225, 0.10184481956301976, 0.10412793137995083, 0.10386372678460469], [0.11661901151685838, 0.12338762382278037, 0.10324465970978246, 0.1171067240763967, 0.10557733674120219, 0.125, 0.10147366571339385, 0.10393380494899172, 0.1036571734705943], [0.11630009959575731, 0.123336336135725, 0.10343928254187687, 0.11694264194697696, 0.10565374204850914, 0.125, 0.1016032150840677, 0.10399912069209093, 0.10372556195499613], [0.11659197913028335, 0.12340142533832858, 0.10325424113718727, 0.11705906267461276, 0.10558060112207869, 0.12492043874024283, 0.10151696509693356, 0.1039774036976996, 0.10369788306263335], [0.11585858312367806, 0.12327861940594975, 0.10374671906010907, 0.11669788445075717, 0.10579404210107735, 0.12466349030914607, 0.10187500925487573, 0.10417855238049348, 0.10390709991391328], [0.116137504552229, 0.12362947351825086, 0.10337193206536464, 0.11667553887813072, 0.10557204016580078, 0.12499999999999997, 0.1016938974206012, 0.10410410077536969, 0.10381551262425293], [0.11622494954984156, 0.12368789396905701, 0.10332644737229543, 0.11669701265710933, 0.10555933008450448, 0.12483885062793743, 0.1016985856655041, 0.10412945387421535, 0.10383747619953532], [0.11592543070092184, 0.12359162226285114, 0.10348039752770749, 0.11653933405072017, 0.10560933958415086, 0.125, 0.10179881522561747, 0.10417208043319645, 0.10388298021483457], [0.12345336416629454, 0.09935213997511017, 0.11047238708373976, 0.1016653536604972, 0.11572797725266554, 0.09022751336203097, 0.12486510634091226, 0.11389918364830161, 0.12033697451044796], [0.12290625038092969, 0.10039002964127319, 0.1099854315040209, 0.10254311536773919, 0.11524044815367272, 0.0909913238818365, 0.125, 0.11459547337949799, 0.11834792769102981], [0.12336660588341997, 0.09984433812692436, 0.11012897926286855, 0.10206630781445156, 0.11546998652569589, 0.09055308291507225, 0.125, 0.11428899807870867, 0.11928170139285874], [0.12337127686576849, 0.09937534333933257, 0.11042116746857539, 0.10164063742076875, 0.11566683246061434, 0.09025925275743674, 0.12494238250624329, 0.11396007830932665, 0.12036302887193365], [0.12332363316759593, 0.09940837752169682, 0.11037136232889976, 0.10163746169498791, 0.1156151868732518, 0.09029013291361075, 0.125, 0.11401779213663712, 0.12033605336331994], [0.12314532203696463, 0.09939230306573878, 0.11048503157805308, 0.10158850271612309, 0.11565563565066914, 0.09038322880471451, 0.12462883363048823, 0.11399049131350453, 0.12073065120374415], [0.12303009323788136, 0.10027176587327163, 0.10991510432979328, 0.1022899825397664, 0.11522535779118201, 0.09099240677915078, 0.12461064446674304, 0.114702681479579, 0.1189619635026326], [0.12250266259122215, 0.10081574119918335, 0.10976170182795515, 0.10271751110264771, 0.1149547311568647, 0.09142475162796274, 0.12457996892467184, 0.11504899011654082, 0.11819394145295156], [0.12293299058350654, 0.09970057597711213, 0.11020962403656898, 0.10167798007066506, 0.1153705703362274, 0.09068426247399139, 0.12458157010008389, 0.11439330519202416, 0.12044912122982034], [0.12288019431435367, 0.100048505732544, 0.1099877059583127, 0.10189887468530501, 0.11518107102890918, 0.09096780671960819, 0.12438173896849279, 0.11473849222188025, 0.11991561037059421], [0.12275056406779886, 0.10009147076207957, 0.10993206367573642, 0.10186387902212662, 0.11509977073084773, 0.09104290909965133, 0.12439725095273384, 0.11483267935388226, 0.11998941233514351], [0.12322537389147833, 0.09927264013623359, 0.11045538911602058, 0.10118879884305457, 0.11533934866141428, 0.09056005695888215, 0.12410973198302967, 0.11401254523711254, 0.12183611517277428], [0.12245784141953886, 0.10065336343885915, 0.10945122621563722, 0.10225510170837666, 0.11470514212554361, 0.09140073356833948, 0.12471685270880299, 0.11534920998565863, 0.11901052882924341], [0.12172723516211771, 0.1011873401904324, 0.10897840303476257, 0.1027170071321311, 0.11423952521369338, 0.09164997302560386, 0.12499999999999999, 0.11580717936739264, 0.1186933368738662], [0.12221256167164644, 0.10075197393074564, 0.10923088186281077, 0.10228472644475936, 0.11445863586927331, 0.09142533566859025, 0.12500000000000003, 0.11554455399692046, 0.1190913305552539], [0.12243829003930568, 0.09989954714058971, 0.10989246566227666, 0.1015772984157428, 0.11498873884400673, 0.09094489588882013, 0.125, 0.11478810325013979, 0.12047066075911854], [0.12296958240246256, 0.09944648489911277, 0.11024011426185867, 0.10120015503904843, 0.11512397705377352, 0.09074085100343554, 0.12431902446023942, 0.11427400137223329, 0.12168580950783595], [0.1224062436626784, 0.0999915440920635, 0.10984057299026564, 0.1016241404083706, 0.11493660033105821, 0.0910344159935853, 0.12490143024449807, 0.11488735926670512, 0.12037769301077515], [0.12211639083806157, 0.10080182807766688, 0.10914763293120555, 0.1022430543865528, 0.114375282358825, 0.09153341502545055, 0.12473609292170851, 0.11568839267092562, 0.11935791078960363], [0.12189700849405737, 0.10102048776063546, 0.10902713391488801, 0.1024430366019624, 0.11419198855401841, 0.09166182066835689, 0.12464830792300412, 0.11586255192484904, 0.1192476641582283], [0.12283300032411691, 0.0994737630606638, 0.11012745840399335, 0.10110411118540986, 0.11493593009647132, 0.09080942410653425, 0.12458597040015215, 0.11437624208694995, 0.1217541003357084], [0.12235782348617112, 0.09985239688271506, 0.10979612264009556, 0.10134889519282624, 0.1147730119846368, 0.09104575695053965, 0.12499999999999999, 0.11485288811301438, 0.12097310475000111], [0.12201046828615691, 0.10082874385238248, 0.1091621010338692, 0.1021522078627038, 0.11433441676391222, 0.09169131184096553, 0.12425728382498297, 0.11581521308952689, 0.1197482534455], [0.12205880794645131, 0.10075772243983301, 0.10927813235809661, 0.10208501339482966, 0.11442046365933584, 0.09168117617242627, 0.12415496428140262, 0.1157324763976194, 0.11983124335000543], [0.12208543794194432, 0.10016968858288458, 0.10971687681138693, 0.10157986083011215, 0.11471230903406911, 0.09134305351019027, 0.1246375294324282, 0.11513995694869274, 0.1206152869082918], [0.12158823139556228, 0.10123606550749832, 0.1087889041946372, 0.10251186756789377, 0.11391161369444829, 0.09187631137573841, 0.12435484612747354, 0.11620199045453629, 0.1195301696822119], [0.12275368635060185, 0.09945540233133016, 0.11013312676888196, 0.10100594827506586, 0.11481032320146056, 0.09085997437896412, 0.12467828756427593, 0.11437922439333051, 0.1219240267360891], [0.12202713128476335, 0.10053497205823292, 0.10948785272832405, 0.10184718423297597, 0.11454818986180067, 0.09160375722477888, 0.12434149311342416, 0.1155227181074274, 0.12008670138827263], [0.12116671151253804, 0.10153858619078403, 0.10852666419356456, 0.10273796351564447, 0.11371781877324916, 0.09206178580466119, 0.12433402018904192, 0.11649479402941167, 0.11942165579110496], [0.1216804491715115, 0.10108154655594419, 0.10880754890312433, 0.10231682670209571, 0.11398018669584889, 0.09181317278830288, 0.12437595052478972, 0.11615597825292444, 0.11978834040545834], [0.12192884835165439, 0.10074306570975176, 0.10918720935790578, 0.10200823379763642, 0.11431410162780621, 0.09168335737580449, 0.1243111940430913, 0.115807901245, 0.12001608849134951], [0.12258899959527148, 0.09958804016839129, 0.10995442297758781, 0.10105030492415804, 0.11469892322040319, 0.09096336214652835, 0.12488471282716644, 0.11457469063306068, 0.12169654350743261], [0.12194376903518103, 0.10061542913971779, 0.10939360069042225, 0.101884280977908, 0.11445463554230968, 0.09167524969560796, 0.12422178608128824, 0.11564114346092509, 0.12017010537663993], [0.12113555249483259, 0.10153628986437956, 0.10847249223962413, 0.10269510244340366, 0.11364873298770013, 0.09207364961187153, 0.12433559510635006, 0.11655961798449774, 0.11954296726734051], [0.12174565326922261, 0.1009428336025895, 0.10891651126880975, 0.10214592179743999, 0.11408148240779567, 0.0917927921818169, 0.12429132153242374, 0.11607078017922705, 0.12001270376067479], [0.12247732935848629, 0.09966412119947932, 0.1098587296761867, 0.10105954089091637, 0.11461150747667415, 0.09103997956135694, 0.125, 0.11468644272014283, 0.12160234911675741], [0.12237139823640894, 0.09978403567267367, 0.10979416362876447, 0.10110974283312278, 0.11454228962838332, 0.09117848136850074, 0.12488598489858858, 0.1148136348854686, 0.12152026884808902], [0.12167988664970346, 0.10071749153517331, 0.10906026427135529, 0.1018679190654027, 0.1141427201778487, 0.09171618769621186, 0.12450753431963467, 0.11592272171722999, 0.12038527456744003], [0.12151488790309797, 0.10105285537161568, 0.10868403625363257, 0.10215732206969691, 0.1138515827347563, 0.09187502027458966, 0.12435733186187806, 0.11629933735365036, 0.1202076261770825], [0.1206863564480669, 0.10171552440387728, 0.10809195969214346, 0.10272198820800234, 0.11330213348747127, 0.09215755960861464, 0.12475071729471424, 0.11691412237984286, 0.11965963847726699], [0.12218775006567383, 0.10005089523803376, 0.10964951651608708, 0.101282983876453, 0.1144755003307778, 0.09142649269647696, 0.12461360848782817, 0.11508972597539008, 0.12122352681327932], [0.12158320260247503, 0.10077434040668745, 0.10890144590404488, 0.1018837051864553, 0.11400563134942844, 0.09172550687948619, 0.12465585791331474, 0.11605224446133508, 0.12041806529677292], [0.12092957955466155, 0.10157338022742853, 0.10822873947180299, 0.10258256535490895, 0.11337341420325206, 0.09213136171349698, 0.12443840381274364, 0.11682278151156983, 0.11991977415013548], [0.12067780234171196, 0.10202734123436308, 0.10782810025020607, 0.10296391336589023, 0.113071673484211, 0.09230839271725079, 0.12437438267619198, 0.11715785831690403, 0.11959053561327103], [0.12151170031073104, 0.10087083698620199, 0.10875642471009228, 0.10195372641633856, 0.11388838183714607, 0.09176402283228495, 0.12469170063567331, 0.116188165367755, 0.12037504090377667], [0.12179177015800198, 0.10030252780874337, 0.10935035048378729, 0.10142677181280065, 0.11427336751172638, 0.09154507836296215, 0.125, 0.11548092413361996, 0.12082920972835823], [0.12051282086846221, 0.10198549038734553, 0.10775572687158622, 0.10285604021499048, 0.11298231488922851, 0.0923152745367108, 0.12459650087887851, 0.11726201921890866, 0.11973381213388906], [0.12044288438951428, 0.10178272383792142, 0.10784405408422662, 0.10267357145419798, 0.1130553966959794, 0.09219326018844527, 0.125, 0.11714745903222692, 0.11986065031748808], [0.12214730045194987, 0.09984356128002624, 0.10977959921575103, 0.10100414528647404, 0.1143221583447898, 0.09136730263352882, 0.125, 0.11486978571122575, 0.12166614707625442], [0.12200946629674878, 0.10020945704069727, 0.10956220108947701, 0.10129536229101976, 0.11431392594558101, 0.09165532230693703, 0.12449573417705159, 0.1152594490782449, 0.12119908177424278], [0.12075194259390731, 0.10162756209015103, 0.10804528863963483, 0.10251221350451939, 0.11315952162313807, 0.0922188860680796, 0.12441378655093527, 0.11703990006047092, 0.12023089886916358], [0.12125089287529682, 0.100874708482509, 0.10854475316335253, 0.101833406511294, 0.11365747022217082, 0.09178611798507914, 0.125, 0.11635502037725139, 0.12069763038304629], [0.12180077031824704, 0.10034703378995581, 0.10935944860972405, 0.10137198411907754, 0.11417960704549221, 0.0917328607333262, 0.12450944629540033, 0.11548984543692083, 0.12120900365185612], [0.1211496172307387, 0.10109618844069072, 0.10838444179992493, 0.10201347059914156, 0.11352150897088656, 0.09195103029480338, 0.12463223147338201, 0.11658186733573424, 0.12066964385469789], [0.1204903091240678, 0.1017655298517325, 0.10783157757912556, 0.10258245295751157, 0.11299659619161409, 0.09227923749244332, 0.1246384116729184, 0.11723425416687527, 0.12018163096371148], [0.1210597362198296, 0.10108936839545316, 0.1083341725538805, 0.10195699103564226, 0.11345430668243689, 0.09197171199802893, 0.12469453902386017, 0.1166307733442025, 0.12080840074666598], [0.12112112632049635, 0.10091706791102056, 0.10854173371440044, 0.10180474636500748, 0.11360636951060862, 0.09190788181119088, 0.12473180021599724, 0.11641835938209301, 0.12095091476918543], [0.12016159616294833, 0.10198692174940929, 0.10759423078505756, 0.1027023090377157, 0.11277652308837889, 0.09241699505647037, 0.12465739905707102, 0.11750810713862289, 0.12019591792432598], [0.12113068618444393, 0.1006979720059682, 0.10876885802098887, 0.10161350367316224, 0.11376433926558327, 0.09181052425910333, 0.125, 0.11613865215621742, 0.12107546443453275], [0.1201581504286554, 0.10210612055520013, 0.10749643248564432, 0.10278790691374552, 0.11268894660243799, 0.09248388801886237, 0.12451264166909727, 0.11761548176526344, 0.12015043156109359], [0.12171214281961082, 0.10036673350709444, 0.10930999952491179, 0.10131200938728331, 0.11405620293334354, 0.0918284708571977, 0.12443137965065286, 0.11551925760949733, 0.12146380371040823], [0.12072539060590583, 0.10138357814550335, 0.10791994611668383, 0.10215563656615066, 0.11304383463580514, 0.09208460785702638, 0.12488849929065439, 0.11704656328858636, 0.12075194349368423], [0.12063668197781481, 0.10147468985364443, 0.10784862281870415, 0.10223088228634977, 0.11295044212055576, 0.09212919922076127, 0.12490146783325293, 0.11714103540693714, 0.12068697848197973], [0.12066836805911131, 0.10141435195449287, 0.1078611644502778, 0.10217476338015534, 0.11297744287589356, 0.09208310377555554, 0.12500000000000003, 0.11709740413335494, 0.12072340137115874], [0.12095406587494544, 0.10082081404015762, 0.1086219754757066, 0.10164510890408796, 0.11360288879318196, 0.09194970617474603, 0.12480051541394226, 0.11632509913241706, 0.12127982619081507], [0.12085296402716791, 0.10117250474147726, 0.10820556029238834, 0.10193122359071993, 0.11329397223485832, 0.09210139183199942, 0.12456243150767017, 0.11680037235377663, 0.12107957941994203], [0.120858983690947, 0.10110301238041806, 0.10828648749288541, 0.10186012809452576, 0.113346120594444, 0.09208666985835984, 0.12456289133072429, 0.11671866711220862, 0.121177039445487], [0.12161515266428147, 0.10020635014238646, 0.10934693657609992, 0.10107515617401855, 0.11389132265971223, 0.09177247458999106, 0.125, 0.115370117750868, 0.12172248944264229], [0.12042978765043064, 0.1014628421291417, 0.10771371825330406, 0.10203938247641078, 0.11282665018595094, 0.0922926124047654, 0.12460706897135009, 0.11729898229131383, 0.12132895563733256], [0.11977495090685991, 0.10201697213739354, 0.1071611278484793, 0.10246700403412651, 0.11230782749068584, 0.09249995039130181, 0.12499999999999999, 0.11793820895017078, 0.12083395824098221], [0.1205777098761773, 0.10127091494044443, 0.10809723018003382, 0.10188435785901406, 0.11312021378517104, 0.0923048830937778, 0.12425340155802345, 0.11697882421311001, 0.12151246449424812], [0.12043293601896951, 0.10142571040212993, 0.10778426663767088, 0.10198602784751269, 0.11287392188145702, 0.0923246993857964, 0.12446749865019159, 0.11725214005350798, 0.121452799122764], [0.12134318560675264, 0.10040167534381265, 0.10909870644231677, 0.10115195058293461, 0.11367543851947698, 0.09197159616562432, 0.12470148840566968, 0.11564950900730817, 0.1220064499261042], [0.11999690821507995, 0.10184176229675301, 0.10732364417352479, 0.10228518351868826, 0.11237336345771977, 0.09249666043439309, 0.12468080113992286, 0.11779926611439245, 0.12120241064952596], [0.11991438113619039, 0.1018730900926655, 0.1072456467588359, 0.10228151422837987, 0.11230262995985323, 0.09251546679414749, 0.12475364468892675, 0.11787440190864025, 0.12123922443236063], [0.12005815020059182, 0.10159544602102548, 0.10734264550508184, 0.10201325443882336, 0.11243092117797303, 0.0923573113199735, 0.125, 0.11764881416414547, 0.12155345717238551], [0.1203708241678718, 0.1012669943478939, 0.10809312165660886, 0.10178523929293884, 0.1130418852061947, 0.09242436164884552, 0.12411610055484339, 0.11699475217390894, 0.1219067209508942], [0.12034057288266292, 0.10133481148393209, 0.10798964012238287, 0.10183287614812406, 0.11296351892412658, 0.092445833786457, 0.12411841121805714, 0.11710814983981836, 0.12186618559443912], [0.1196756147462037, 0.10192589339089386, 0.10701300831705524, 0.10221494618732158, 0.11206943168208232, 0.09256127835301728, 0.125, 0.11808651947276382, 0.12145330785066222], [0.12060635170440233, 0.10096053767960475, 0.1083366413889525, 0.10148753897474709, 0.11316582630810579, 0.09231121100320505, 0.12437338628691483, 0.11657705947013727, 0.12218144718393038], [0.1201104017593412, 0.10146295419219309, 0.10766967324905381, 0.1018516858560532, 0.11267578057600826, 0.09250374329536588, 0.12436289890836748, 0.11739859009387577, 0.1219642720697413], [0.11988862432656358, 0.10168277925771646, 0.10723729593178599, 0.10199920169777346, 0.11230743608627702, 0.09250618912143713, 0.124744324673943, 0.11780263055295767, 0.12183151835154554], [0.11943673349523369, 0.10209017492446602, 0.10683718035418455, 0.10225131828402056, 0.11187603939004576, 0.09275218064213935, 0.12473877874119216, 0.11834840247686744, 0.12166919169185049], [0.12033139203995682, 0.10107554124376132, 0.10808714745351293, 0.10149486968332043, 0.11292847671450607, 0.0924008014092518, 0.12451081867397891, 0.11681778164914546, 0.12235317113256637], [0.12028699699714313, 0.10099673876959486, 0.10801863892723099, 0.10136272959625225, 0.11282392715853068, 0.0923725431795406, 0.12477731635558911, 0.11676767326831278, 0.1225934357478056], [0.1205107049630213, 0.10075946799561186, 0.10822305135429135, 0.10117249875104421, 0.11294552456746758, 0.09225586342619171, 0.12499999999999999, 0.11639291712644499, 0.1227399718159269], [0.11881825721933555, 0.10243172132829415, 0.10632782991565942, 0.1023735768329055, 0.11141956450704901, 0.09293373553946649, 0.125, 0.11891818976962062, 0.12177712488766924], [0.12014566958437194, 0.10107780907052234, 0.10789711217553113, 0.10139141217798182, 0.11271230738214887, 0.09243644429254742, 0.12478844273044205, 0.11690840937550777, 0.12264239321094664], [0.11942353473838262, 0.10176501490347994, 0.10684889346604068, 0.10184399273766695, 0.11189961476034381, 0.09265537970820248, 0.12500000000000003, 0.11813399104858399, 0.12242957863729965], [0.120116930296357, 0.10101081960936695, 0.10785403718763868, 0.10129160901157208, 0.11264362582804702, 0.0924053498143085, 0.125, 0.11685520896335945, 0.12282241928935032], [0.11894007640194597, 0.10224475211695509, 0.10638062303774194, 0.10215672863253095, 0.11141248143475989, 0.09290742333434872, 0.125, 0.11880180081504994, 0.1221561142266675], [0.11949287744040782, 0.10157460825757496, 0.10709621033837571, 0.10167816662187326, 0.11208460075640223, 0.0926223895997752, 0.12499999999999999, 0.11784127957681377, 0.12260986740877694], [0.11963694980906787, 0.1014458866458582, 0.10749384091211163, 0.10161440989447074, 0.11237829979929677, 0.09268556264420645, 0.12448964029303465, 0.11747844448303578, 0.12277696551891788], [0.12001017762023611, 0.10107972700966282, 0.10778419729325459, 0.10130097711253808, 0.11255004126382104, 0.09251046068633874, 0.12484347906005545, 0.11693170308295343, 0.12298923687113986], [0.12002395995725479, 0.10107103534967546, 0.10781285354877392, 0.1012853476956433, 0.11255534407470322, 0.09253788694426733, 0.12475378147464879, 0.11688906429096965, 0.12307072666406355], [0.11969600519802515, 0.10124619843866896, 0.1074836123283668, 0.10137382704919058, 0.11230942006089006, 0.09257834756765833, 0.12500000000000003, 0.11727980622733537, 0.12303278312986485], [0.11997949513832554, 0.10110037604469936, 0.10780278153959338, 0.10128102418989557, 0.11251503037166395, 0.09261375941445496, 0.12460558759715931, 0.11689124687481511, 0.12321069882939267], [0.11930482567481569, 0.10159702871979252, 0.10719494155397409, 0.10161647749103302, 0.11207547661694843, 0.0928336193850187, 0.12455218794959855, 0.11776997751857068, 0.12305546509024828], [0.11986237922434755, 0.1011716001971675, 0.10771478093700178, 0.10129806990141867, 0.11241819318403976, 0.09269865153423647, 0.1245189316297239, 0.11698822330204138, 0.12332917009002302], [0.11891287316016999, 0.10212548125303704, 0.1064450109724955, 0.10195212140888531, 0.11142308168768246, 0.09301994245564041, 0.12462260887612583, 0.1186961448612355, 0.12280273532472809], [0.11923828010968876, 0.10164400362052606, 0.10711837448965171, 0.10162842101516932, 0.11200164070716846, 0.09287350397094711, 0.12454234147429671, 0.11785334236109833, 0.12310009225145353], [0.1186776829605581, 0.1023202382419831, 0.10619826536291473, 0.10206001060296108, 0.11115097696442486, 0.09310292056114369, 0.12482411061122567, 0.11901752020045987, 0.12264827449432893], [0.11897009641668037, 0.10196851450274894, 0.10655589804171701, 0.1018106134441201, 0.11155022131527802, 0.09297764354467068, 0.12464596653688728, 0.11847594604663153, 0.12304510015126607], [0.11862120503711321, 0.10227166815127872, 0.10614511448850664, 0.10197567733939175, 0.11109775260576579, 0.09308591356570686, 0.125, 0.11901646384708559, 0.12278620496515144], [0.1192097279170254, 0.1014842400786621, 0.10706089563998676, 0.10141035256960672, 0.11189431940143008, 0.09279510603772766, 0.12500000000000003, 0.11771278924517702, 0.12343256911038437], [0.11888552916585296, 0.10184144990773722, 0.10656121244243699, 0.10165015845310114, 0.11151970462234971, 0.09292023333613535, 0.125, 0.11836498357975432, 0.1232567284926323], [0.11863802434397416, 0.10223438096289326, 0.10621166247658392, 0.10192618775457117, 0.11116655327925234, 0.0931404575278025, 0.12471122455591714, 0.11893636179400047, 0.12303514730500516], [0.1189794861201926, 0.10168506152524698, 0.10689423936248629, 0.10152759549985237, 0.11173895209497746, 0.09297365396191563, 0.12471332770870815, 0.11798374633920336, 0.12350393738741715], [0.1190744588828187, 0.10157771701765479, 0.10696082737034975, 0.10143850816155414, 0.11178267297074607, 0.09290597583524493, 0.12484979996743857, 0.11783610049770109, 0.12357393929649182], [0.11894004247232313, 0.10170165774897233, 0.10686193759818931, 0.10152055317900492, 0.11169893884354212, 0.09300252526449546, 0.12469565279925646, 0.1180087520642498, 0.1235699400299665], [0.11867092442985386, 0.10233498121998301, 0.10597901543659073, 0.10191116853215007, 0.11091450536802397, 0.09321985940518145, 0.12465703657920171, 0.11917226857621921, 0.123140240452796], [0.11915794815292728, 0.10154482628667308, 0.10707796749667102, 0.10139567555772933, 0.11183164929658156, 0.09298755727843111, 0.12459876752010399, 0.11768142834081644, 0.12372418007006615], [0.11862020469644687, 0.10197844235279552, 0.10648620101417301, 0.10165454473748277, 0.1113698286033514, 0.09318707910157685, 0.12457557984631205, 0.11848288652971116, 0.12364523311815025], [0.125, 0.10980551704139244, 0.10712670122125786, 0.1111863781221752, 0.11325846383376571, 0.09889227690382979, 0.11141028777482437, 0.1111131212284975, 0.11220725387425715], [0.12490893623223637, 0.10990731160795135, 0.10709186823837653, 0.11124014597112081, 0.11321989833909096, 0.09899689971010087, 0.1113479438272139, 0.11110328130570693, 0.11218371476820216], [0.125, 0.10913691533592637, 0.10713087292390983, 0.1105267706174928, 0.11322889737269749, 0.09819282285461817, 0.11221918550411251, 0.11169874559921125, 0.11286578979203152], [0.125, 0.10858743573170261, 0.10720020965845353, 0.11006019890123997, 0.11334844006689512, 0.09764043625140535, 0.11282008717599704, 0.11205359118565264, 0.11328960102865378], [0.125, 0.11042138352958829, 0.10664004172725128, 0.11130715031813088, 0.11276399003221617, 0.09944014340828038, 0.11105215568160358, 0.11119107934050726, 0.11218405596242217], [0.125, 0.11122948996899605, 0.106419549382737, 0.11194504484437638, 0.11253485227335384, 0.10026088260331568, 0.11027018913236686, 0.110720833476201, 0.11161915831865318], [0.12490079745086531, 0.10965302906287042, 0.10668610333041346, 0.11059917910018299, 0.11278353381594938, 0.09864552049235108, 0.11195357758036303, 0.11185138831162102, 0.11292687085538329], [0.125, 0.10969992592209302, 0.10658263348882033, 0.11055966141450164, 0.11268265431270064, 0.09866929826258472, 0.11193655274693841, 0.11190343921640614, 0.11296583463595514], [0.12447676960609094, 0.10859732846075994, 0.10675270930373239, 0.10961938369230118, 0.11288369056435821, 0.09760380231454303, 0.11328916199542656, 0.11278731482124892, 0.11398983924153885], [0.12478702118351574, 0.10989388718388561, 0.10643930928900752, 0.11057581464305676, 0.11252609301746185, 0.0988566823442579, 0.11188501946869414, 0.11200461043129316, 0.11303156243882732], [0.12464229607213238, 0.10873921230076122, 0.10654568392309781, 0.10959215219166524, 0.11267291175118355, 0.09770321433365299, 0.11319830323566828, 0.1128684070082849, 0.1140378191835538], [0.125, 0.10903748452823779, 0.10642380492766602, 0.10980109762906874, 0.11254128633978902, 0.09796265928552184, 0.11280986270358201, 0.11264958452346412, 0.11377422006267042], [0.1246913220246776, 0.10938268811735007, 0.10637846909547717, 0.11003382765972153, 0.11245331691065469, 0.09832687400860962, 0.11255081721825508, 0.11255256386483453, 0.11363012110041973], [0.125, 0.11188089085413494, 0.1056809328537499, 0.1119119058374942, 0.11175921845407814, 0.10080107181535897, 0.11006064526595769, 0.11106996162935107, 0.1118353732898751]