[[0.1146936494934611, 0.1179956299300476, 0.10485699926926206, 0.09493541116277875, 0.11961582595349053, 0.12469806611923134, 0.1016484940371815, 0.09874195118110884, 0.12281397285343829], [0.11539190727229379, 0.11860810246515245, 0.10461298388810464, 0.09394807289733309, 0.11983005683391261, 0.12486803578971216, 0.10110015324874101, 0.09821545016090513, 0.12342523744384512], [0.11468364658044869, 0.11784967690441737, 0.10481649533873816, 0.09495921372483235, 0.11977517173533068, 0.12483197396600515, 0.10161870577241996, 0.09882912671428008, 0.12263598926352777], [0.1148199795021965, 0.11796867535030849, 0.10477112500363023, 0.09476459157081353, 0.11982679338785857, 0.1247989729036591, 0.10151360730259582, 0.09872051688421304, 0.12281573809472472], [0.11544430695142091, 0.11856686447121378, 0.10456790993340058, 0.09388462914435584, 0.11995108390071571, 0.12500000000000003, 0.10103782499770035, 0.09822895083348088, 0.12331842976771216], [0.1153309001780339, 0.11839240570926729, 0.1046407576900925, 0.09415794808640063, 0.11999242447394957, 0.1246804476266244, 0.1011826050562286, 0.0984405005575283, 0.1231820106218748], [0.114751187810196, 0.11783107837664933, 0.10474726008356557, 0.09482742911554039, 0.11989712299049929, 0.125, 0.10151644087094858, 0.09879009224949709, 0.12263938850310378], [0.11484814918682137, 0.11780963350624699, 0.10473065619457621, 0.09479824595273616, 0.12008096956672241, 0.12480613283883561, 0.1014801266124474, 0.09885969554915976, 0.12258639059245409], [0.11454505103459424, 0.11741633435719313, 0.1049682022269798, 0.09555257928195943, 0.12002901917376593, 0.12418809078283208, 0.1019074700357559, 0.09940205118573836, 0.12199120192118112], [0.11519541207176298, 0.11798826479112307, 0.10470542830974389, 0.09457269336198106, 0.12037574295042874, 0.12425043913066379, 0.10135311719531219, 0.09886836635495684, 0.12269053583402746], [0.1157299968358157, 0.11839903449410559, 0.1045892865886088, 0.09392963671173636, 0.12052777043886657, 0.12443529081622075, 0.10100280011255607, 0.09855874712062185, 0.12282743688146831], [0.11460112572251233, 0.11737424286530738, 0.10493130389332295, 0.09549885688706405, 0.12016946752215553, 0.12418864238266766, 0.10185318586130072, 0.09942854498407079, 0.1219546298815986], [0.11556976341240766, 0.11821465618034419, 0.10461243652243284, 0.09413939639806992, 0.12053603382801845, 0.12438803304492588, 0.10109838921705754, 0.09870138079320491, 0.12273991060353864], [0.1154040091167815, 0.11798814924872282, 0.1046545151026662, 0.09440861081167633, 0.12066183595670413, 0.1241947766724183, 0.10122369057927223, 0.09890652030638925, 0.12255789220536925], [0.11608269286317521, 0.11846371648203528, 0.10449181804091713, 0.09356867643736864, 0.12084455358776837, 0.12422225206427862, 0.10075988716679538, 0.09849273891834236, 0.12307366443931901], [0.11506844725802323, 0.11769536609114994, 0.10470786180957946, 0.09479048080095412, 0.12058197227777541, 0.12430813950593046, 0.10141837933600824, 0.09909947802606844, 0.12232987489451068], [0.1159707380259771, 0.11834854108793699, 0.10451113546926294, 0.09371750242626128, 0.12087412490368658, 0.12428722824370149, 0.10083032055022319, 0.0985924149238649, 0.12286799436908553], [0.115774665118484, 0.11818587026165915, 0.10460505150161056, 0.09406575382090454, 0.12084429628714455, 0.12417037865525242, 0.10102982433308816, 0.09880925997286151, 0.12251490004899508], [0.11457968229890267, 0.11715124958258401, 0.10499221203334481, 0.09576099923641322, 0.12035827959748235, 0.12382465439476563, 0.10196759665025262, 0.09973622401878239, 0.1216291021874723], [0.11566701574679394, 0.11806200880254797, 0.10462630750067149, 0.0942177404376741, 0.1208728828165335, 0.12408624857387693, 0.1011011937436373, 0.09891588512184046, 0.12245071725642427], [0.11515750758709357, 0.11764109977944455, 0.10463850480629576, 0.09466405121326073, 0.12079457801362546, 0.12447805552156875, 0.10130366655633051, 0.0991084715299287, 0.12221406499245195], [0.11560494549260163, 0.11797986593009371, 0.10460981550896249, 0.09425703569798055, 0.12091926079204929, 0.12418718905639094, 0.10110455730629349, 0.09894667743235346, 0.12239065278327446], [0.11454513998407073, 0.11707849174721277, 0.10503310155360616, 0.09588921400795183, 0.12036141459952124, 0.12369092305298142, 0.10203754824402156, 0.0998456373737375, 0.12151852943689676], [0.11541913819681232, 0.11778824974551283, 0.10457631974220107, 0.09437207661504816, 0.12095983668895507, 0.12448257117702749, 0.10113089111477366, 0.09900525533679114, 0.12226566138287821], [0.11518998497299623, 0.11759492193768124, 0.10460103704054652, 0.09460976797570309, 0.1209068787566383, 0.12459627976178832, 0.10124744942638399, 0.09912092499403123, 0.12213275513423107], [0.11488429608270131, 0.11730053736714943, 0.10478703880279353, 0.09522555057944068, 0.12077537841115464, 0.12409558524572763, 0.10160839036614543, 0.09951013627527093, 0.12181308686961625], [0.11468684456341287, 0.11712239528523369, 0.10493083307631554, 0.09565516420517811, 0.12060171545719141, 0.12378252728510217, 0.10187114488809411, 0.0997707211795537, 0.12157865405991819], [0.11585562455416455, 0.11800114050485004, 0.10446014619230391, 0.0938645754090759, 0.12116757015145364, 0.12448374242708635, 0.10082638949952454, 0.09881579735812598, 0.1225250139034151], [0.11547200405982044, 0.11772321375458322, 0.10454448203654684, 0.09432972847289135, 0.12111897329862169, 0.12454753586456656, 0.1010773594929457, 0.09905073324602054, 0.12213596977400365], [0.11483836047497983, 0.11721130265325466, 0.1048224698990103, 0.09535713698693554, 0.12079637630923329, 0.12398373554885553, 0.10167549698236715, 0.09962454859231688, 0.12169057255304676], [0.11504196900919367, 0.11737791767688864, 0.1046589115414326, 0.09489191435107845, 0.12096014982700924, 0.12445544376803708, 0.10138485173238806, 0.09934440621530354, 0.12188443587866891], [0.11522766716217409, 0.11751487190006171, 0.10454914489116411, 0.0945453145382735, 0.12107264768239781, 0.1247684105271254, 0.10117270567112678, 0.09914984809678346, 0.12199938953089315], [0.11539357279414915, 0.11761606442876335, 0.10452279894649952, 0.09437862337882934, 0.12116619896443875, 0.12471095595464664, 0.10108003691669505, 0.09909152975500729, 0.12204021886097087], [0.11455404767833872, 0.11690942861496019, 0.10505309191283393, 0.0960403302886781, 0.1206048015341393, 0.12341373614995285, 0.10208515476092211, 0.10007364778573247, 0.12126576127444234], [0.1148995176531175, 0.11717878318518576, 0.10476689764208816, 0.09525318900259937, 0.12095333630370224, 0.12411121813055843, 0.10158520450452625, 0.0996193184131403, 0.12163253516508199], [0.11459126122373932, 0.11690437020389119, 0.10503597248079508, 0.09600399167688287, 0.12066416359355127, 0.12340752573982917, 0.10205374667229632, 0.10008343563503641, 0.12125553277397852], [0.11560163859185732, 0.11763092497686865, 0.10450578554905388, 0.09425835555361674, 0.12141026152155725, 0.12447030926560848, 0.10099283136374826, 0.0991462835806421, 0.12198360959704754], [0.11528477293683267, 0.11741428339812271, 0.10447941403160668, 0.09445058707189742, 0.12129420878845977, 0.125, 0.10106928348641381, 0.0991831923167294, 0.12182425796993757], [0.11497203414372206, 0.11718300712242088, 0.10470637211156698, 0.09511429018542161, 0.1210835097719357, 0.12426414793736595, 0.10148232595277167, 0.09957346230368218, 0.12162085047111292], [0.11606791463987666, 0.11787213606125767, 0.10423185684299191, 0.09341164321748942, 0.12155828288202919, 0.12500000000000003, 0.10046482243369638, 0.09868434541683702, 0.12270899850582184], [0.11544637401380843, 0.1174871559337342, 0.10449000577426026, 0.09436875598560879, 0.12141791143758354, 0.1247399130479746, 0.101029162328389, 0.09920014303099155, 0.12182057844764965], [0.11585806328024546, 0.1177074810091644, 0.10439303197662769, 0.09389825872787869, 0.1215483533075535, 0.12451334054902287, 0.10075766934589163, 0.09900992428044808, 0.12231387752316768], [0.115641121918188, 0.11757348584139055, 0.104483085875162, 0.09423125299859227, 0.12153844322725561, 0.1244100674940222, 0.10095429683701104, 0.09918817570184436, 0.12198007010653397], [0.11485653648248238, 0.11698580736647127, 0.10481233692397342, 0.09546075997602506, 0.12109419197375708, 0.12390513535722551, 0.10167074792388382, 0.09985981234462438, 0.1213546716515571], [0.11544374143617372, 0.11726938088058363, 0.10448605158447216, 0.09448088701348742, 0.12172157010259346, 0.12457914718606497, 0.10103851778318108, 0.09941446296587308, 0.12156624104757027], [0.1145745013516321, 0.11664851953550531, 0.10502821138452696, 0.0961410920197189, 0.12115436069115805, 0.12316009628217524, 0.10206288013269753, 0.10033977969267348, 0.12089055890991243], [0.11624169399378743, 0.11764105734374782, 0.10413510522075262, 0.09329303602984834, 0.12208724134603408, 0.12485153692560967, 0.10029949518300862, 0.09886183546945364, 0.12258899848775776], [0.11631200699355905, 0.11767793811059246, 0.10413110433227056, 0.09323810002550238, 0.12211985907776934, 0.12474603485122557, 0.10027022974618524, 0.0988491129798626, 0.12265561388303291], [0.11470317602527723, 0.11671933497596904, 0.1049510609688954, 0.09591750700696078, 0.1211592069378482, 0.1234113927766204, 0.10191706809058895, 0.10024090800564726, 0.12098034521219277], [0.11603810778680569, 0.11751935751773823, 0.10423400139612632, 0.0936218225816586, 0.12198766228913649, 0.12473168222580772, 0.10050152242475824, 0.09903394352660014, 0.12233190025136832], [0.11570111690039857, 0.11734718698870526, 0.10444051614668347, 0.09424755379836589, 0.12193681827346582, 0.12420814355203312, 0.10089305669556525, 0.09937874595021592, 0.1218468616945667], [0.11616380920313084, 0.11755148743566463, 0.10412628556486125, 0.09335616228167688, 0.12211390683898, 0.125, 0.10031745006025002, 0.09890814978610006, 0.12246274882933632], [0.11507997891040497, 0.11695901935224964, 0.1046622971250272, 0.09511793017150898, 0.12154795301207279, 0.12417618488683858, 0.10140372792558337, 0.09980550508061112, 0.12124740353570333], [0.11478462884336986, 0.11674697507486266, 0.10490357739257782, 0.0957870633597348, 0.12119750761785003, 0.12354955716117309, 0.10182736725398497, 0.10019640740652819, 0.12100691588991858], [0.11562576677885152, 0.11719448373546118, 0.10444639814932376, 0.09437096947041608, 0.1220693682453953, 0.12419795049179501, 0.10093310088187397, 0.09951138182969566, 0.1216505804171875], [0.11571622735714736, 0.1172219591206895, 0.10443183845163055, 0.0942903184540979, 0.12213897875792058, 0.12407448828869627, 0.10088377172897378, 0.09949832075265014, 0.12174409708819393], [0.11598128940822058, 0.11730589402739128, 0.10425360673067603, 0.0937996277539661, 0.1222601674729456, 0.12451506542849355, 0.10055844678094408, 0.09926435384362331, 0.12206154855373946], [0.11550702354454512, 0.11707396930385935, 0.10447829833138757, 0.0945440337616307, 0.12208340735200704, 0.12422089124800094, 0.1010192782805453, 0.099630409668601, 0.121442688509423], [0.1161239416089353, 0.11737114255291406, 0.10416868208424619, 0.09355141053040505, 0.12231546169946222, 0.12470739793742527, 0.10039755105617781, 0.09914362386566496, 0.1222207886647691], [0.11539948568622774, 0.11699592614916696, 0.10452281531344441, 0.09471291408940756, 0.12203240854832359, 0.12421744515249959, 0.10111634262023933, 0.09972680347203361, 0.12127585896865721], [0.11490552619353805, 0.11669256096771471, 0.10482683368574484, 0.09563199306292723, 0.12150144625134143, 0.12363237103223605, 0.10169036239102078, 0.100219875868905, 0.12089903054657206], [0.11600903661450915, 0.11727747237981179, 0.10423586447793275, 0.09377214557682195, 0.12233503476569808, 0.12451172020665088, 0.10052792923627218, 0.0992843212155843, 0.1220464755267189], [0.11530294670708281, 0.11692382013907812, 0.10457789729699568, 0.09489307761565141, 0.12197232260011524, 0.1241543128552478, 0.10122359589993182, 0.09983495920640675, 0.12111706767949018], [0.11526162885552332, 0.11688108803188343, 0.104605717782698, 0.09498410942922107, 0.12195613053670501, 0.12409211440970427, 0.10127568319555838, 0.09989897607134078, 0.1210445516873657], [0.11517600840534682, 0.11682628344375402, 0.10464932884494196, 0.09512825690074739, 0.12187349223065641, 0.12400366223877969, 0.10136322354197398, 0.09997556657106975, 0.12100417782273001], [0.11500381998659001, 0.1167007404756154, 0.1047646007765198, 0.09547565449851723, 0.12168921028648967, 0.12372814901386577, 0.10157643244398007, 0.1001793512215059, 0.12088204129691597], [0.11563209640200767, 0.11701966354316283, 0.10442063678136257, 0.09441016355965758, 0.12232784010009307, 0.12412800629228507, 0.10090564264555757, 0.09965419970266341, 0.12150175097321027], [0.1153846888665021, 0.11689876657684808, 0.10454112430625773, 0.09480396992387825, 0.12213729704523317, 0.12406884739320226, 0.1011500865669298, 0.09984634473218529, 0.12116887458896336], [0.11494251728033152, 0.11663072498065018, 0.10481870999207109, 0.0956364684036391, 0.1216363828232992, 0.12357523774335336, 0.10167074691444898, 0.1002953756782474, 0.12079383618395904], [0.115770809622913, 0.11704264300808011, 0.10434382753047952, 0.0941919919203057, 0.12245520161030259, 0.12422018570683531, 0.10075811975726319, 0.09957188012645381, 0.12164534071736677], [0.11545593927656729, 0.11690054926699585, 0.10451191131157787, 0.09471849333363593, 0.12224602544077336, 0.12401229300673697, 0.1010885844730658, 0.09983431526481576, 0.1212318886258312], [0.11533631546494655, 0.11679634554376286, 0.10457681504091042, 0.09494377820425945, 0.12218813676999903, 0.1239341621235949, 0.10121750408669528, 0.09998115681043121, 0.12102578595540052], [0.11520974108663186, 0.11670290177717131, 0.10464534545080091, 0.09517189761546449, 0.12207824844398447, 0.12389953358494728, 0.10135275988962415, 0.10011576843350503, 0.12082380371787055], [0.1154631202560856, 0.11672569305460255, 0.10443479460627257, 0.09465942914437454, 0.12249343351265723, 0.12421840580201207, 0.1009910139991005, 0.09990667805779467, 0.12110743156710026], [0.11499084723742427, 0.1164580550081967, 0.1047555354555905, 0.09559095452668553, 0.12192095817622435, 0.12375924444981026, 0.10157827690293748, 0.10041780424357481, 0.12052832399955607], [0.11508291425724902, 0.11642884271954872, 0.10466131800690694, 0.0953934337781683, 0.12214989768243328, 0.12400901504987905, 0.10142465207178308, 0.10036418140116285, 0.1204857450328688], [0.11611941571720348, 0.11685386736865011, 0.10401720871985051, 0.09354587426626006, 0.12310709256303252, 0.125, 0.10022224130232478, 0.09948486657951673, 0.1216494334831618], [0.11514057270110625, 0.1164292543818511, 0.10459480122988929, 0.09524527021364305, 0.1222739273446023, 0.12414638143158584, 0.10131774285647413, 0.100298217303233, 0.12055383253761505], [0.11606494090116973, 0.11671761122338359, 0.10404695882346432, 0.09369428097923059, 0.12330818376928634, 0.12477212615797476, 0.10028398191204993, 0.09965253013503522, 0.12145938609840551], [0.11504477455239667, 0.1162881301133429, 0.1046593039228691, 0.09547615613440066, 0.1222181006617436, 0.12404951029257268, 0.10143859309871074, 0.10049165486894657, 0.12033377635501705], [0.11571452260660679, 0.1165367906600459, 0.10411188510149592, 0.09405166947563907, 0.12317627194634215, 0.125, 0.10048836656585375, 0.09977494845025076, 0.12114554519376566], [0.11543992155016432, 0.11640922095525083, 0.1043149713435666, 0.09460183750047173, 0.12287795387194454, 0.12461833877845485, 0.10084991352751074, 0.10005427855537795, 0.12083356391725861], [0.11569095980975005, 0.11649192688500284, 0.10413067946587594, 0.09411937619442463, 0.12321146684362154, 0.12491475653472656, 0.1005222740191984, 0.09983982435189713, 0.12107873589550286], [0.1150590514098004, 0.11621317168146535, 0.10462127535279775, 0.0954364420213278, 0.12232775663755449, 0.12414169313375428, 0.10138550605650364, 0.100524874070966, 0.12029022963583012], [0.115301231610596, 0.11616327134823472, 0.10431819905715091, 0.09478927241149677, 0.12292352585604921, 0.12483002641214146, 0.10090552033692171, 0.10025969532330424, 0.12050925764410497], [0.11536118971895544, 0.11616086683359739, 0.10424401481942985, 0.0946300913155148, 0.12306633327401267, 0.12500000000000003, 0.10078774602086792, 0.10019395179561648, 0.1205558062220056], [0.11514556255825782, 0.11607566927589026, 0.10449129617713622, 0.09522287530783395, 0.12266046047211349, 0.12442246042858025, 0.10118788797956275, 0.10052733468511496, 0.12026645311551026], [0.12374448301107818, 0.10605756748210243, 0.1169138987226994, 0.11299903580140741, 0.1041797634006777, 0.09669233123774065, 0.11298631924919583, 0.12421959161238857, 0.1022070094827098], [0.12326710240519556, 0.1064134980555484, 0.11687252593848442, 0.11199624984523325, 0.10463149076928205, 0.09676480375614281, 0.1124850688373228, 0.12499999999999999, 0.10256926039279059], [0.12365757268614264, 0.1061516311434144, 0.11686845662821994, 0.11242401139706422, 0.10432547493970223, 0.09660581958434487, 0.11267236484305898, 0.125, 0.10229466877805272], [0.123679802413061, 0.10606555162054261, 0.1168715806759881, 0.11298165808009117, 0.1042293673623566, 0.09676305235995986, 0.11295942858564241, 0.12419355829263833, 0.10225600060971989], [0.12364192779441331, 0.10607334665021363, 0.11684148193614755, 0.11294631688594448, 0.10426750248702504, 0.09680557805759434, 0.11292824801856931, 0.12420442426263345, 0.10229117390745893], [0.12350054208734991, 0.10607242575317892, 0.11680561552131061, 0.11311780020525818, 0.10429685661979764, 0.0969427993451305, 0.11300489957081432, 0.123917456899572, 0.10234160399758795], [0.12337857089185295, 0.1063073978603194, 0.11674555616960666, 0.11219433937792336, 0.10464620489802781, 0.09693417029806077, 0.11251522697213293, 0.12467952168743153, 0.10259901184464448], [0.12292831200133401, 0.10657138096403734, 0.11669211152862002, 0.11174506499585718, 0.10499853184442356, 0.09715632918305188, 0.11233743016770037, 0.12465261543689549, 0.10291822387808026], [0.12332714300133565, 0.10612519277828789, 0.11663812927984608, 0.11285687626786668, 0.104524854506632, 0.09716877442212878, 0.11279816421265197, 0.124014608755801, 0.10254625677544993], [0.12327352895947094, 0.10618533970848697, 0.11656029885705894, 0.11253193187926991, 0.10467831081764695, 0.09722689669213395, 0.11259741219584063, 0.12428003865612174, 0.10266624223396997], [0.12317230046028367, 0.10620156388686197, 0.11649597078042465, 0.11253270677408782, 0.10476145629601918, 0.09735926111853428, 0.11257192262164482, 0.12415277484907637, 0.10275204321306726], [0.12287842345851613, 0.10582302335810777, 0.11702721833491223, 0.11328611537280106, 0.10427979458436126, 0.097217401839743, 0.11288004051438072, 0.12425188586637714, 0.10235609667080069], [0.12292663365988146, 0.10644901721509761, 0.11642463249910996, 0.11193688848481963, 0.10514305750673851, 0.0975475119168439, 0.11225488277113213, 0.12423947320064815, 0.10307790274572842], [0.12225451860865767, 0.10670285901161254, 0.11622016673016293, 0.11115919969459892, 0.10557045000417546, 0.09774053213781964, 0.11191448919764668, 0.125, 0.10343778461532618], [0.12273912573606977, 0.1065347898603346, 0.11633544945400057, 0.11175813066836372, 0.10533257362738933, 0.09772402929111725, 0.1121326468357476, 0.12419031425351083, 0.10325294027346638], [0.12294435567165961, 0.10620445155585148, 0.11639276130967237, 0.11273379354893738, 0.10485813993351639, 0.09763293805190976, 0.11263648102243858, 0.12371980026880618, 0.10287727863720832], [0.12268520206353935, 0.10584522914060182, 0.11684370627690001, 0.11312083735466098, 0.10443382710212011, 0.0973912027130329, 0.11273708705612254, 0.12444583294078977, 0.10249707535223254], [0.1229161945137776, 0.10621999982754658, 0.11636289688610406, 0.11266757974851485, 0.10490838350038599, 0.09767475113707823, 0.11258987813655752, 0.12373915978829228, 0.10292115646174294], [0.12266642366027647, 0.10652652091203527, 0.11624495323430332, 0.11178013735242413, 0.10541749824911811, 0.09788155619411844, 0.11210330458390137, 0.12403828335916267, 0.10334132245466024], [0.12248151867661107, 0.1065972582165438, 0.11618559419039041, 0.11150599547531839, 0.10553750595090017, 0.09790588383902467, 0.1119685489112951, 0.12438233231247638, 0.10343536242744003], [0.122500851147094, 0.1058065395179705, 0.11677131229224492, 0.11305419871153724, 0.10449702462412992, 0.0975103091189364, 0.11263350675426612, 0.12466744652920303, 0.10255881130461783], [0.1225247413959989, 0.10604036555086181, 0.11640932158662234, 0.11275300579035338, 0.10484071499987128, 0.09775660979981786, 0.11251548655742455, 0.12429060951581954, 0.10286914480323012], [0.12258256250791125, 0.1064591615356724, 0.1161221173353968, 0.11188210535472892, 0.10545429637974443, 0.09804123930369477, 0.11209563702795261, 0.1239729250274684, 0.10338995552743041], [0.12261943602235777, 0.10640464800726207, 0.11612735940459493, 0.11199614107899986, 0.10537860444165574, 0.09800836630055883, 0.11215183734262087, 0.12398816806818272, 0.10332543933376723], [0.12256923141822565, 0.10616132643897339, 0.11622130939083088, 0.11260122978476661, 0.10502701316962716, 0.09790496092249591, 0.11244796429034104, 0.12402666763947828, 0.10304029694526107], [0.12223910131025999, 0.10665352474921892, 0.11601373177743679, 0.1113283682066774, 0.10576955878013648, 0.0981713163599762, 0.11182689764170028, 0.12434461537188461, 0.10365288580270932], [0.12252992813626017, 0.10573226683787094, 0.11676569095826927, 0.11306158502714622, 0.10448714551188519, 0.09756398250003859, 0.1125638928974647, 0.12474165808103063, 0.1025538500500343], [0.1226004858239158, 0.10630008724027598, 0.1161082218857453, 0.11228951119332099, 0.1052533556010419, 0.09802434446151932, 0.11228836133160659, 0.12390269899884482, 0.10323293346372928], [0.12190255692978634, 0.10679829554242606, 0.11588356794120866, 0.11097284298153624, 0.10604228422711635, 0.09836444845860809, 0.11167867396337519, 0.12446186295210977, 0.10389546700383319], [0.12232636122111758, 0.10659984099909758, 0.1160058793944226, 0.11153896491387758, 0.10573555490998783, 0.0982519210400762, 0.11188204703998231, 0.12401920843393784, 0.10364022204750048], [0.12252098512859297, 0.10637956535359697, 0.11604376283140139, 0.11197500844718468, 0.1054199506485907, 0.09808904173670457, 0.11210214481188963, 0.12410341963481537, 0.10336612140722372], [0.12234880700634146, 0.1057791433220955, 0.11662346728213956, 0.11292515400850082, 0.10460560097816418, 0.0976672397751544, 0.11248344661346495, 0.12490747614035097, 0.10265966487378815], [0.1225328744634622, 0.10630915923684331, 0.1160527442147103, 0.112202875636376, 0.10531569009036554, 0.09808188159971365, 0.11221961614890648, 0.1239980500036992, 0.1032871086059233], [0.12188392331996545, 0.10679417420152615, 0.11584696625362986, 0.11098225318408417, 0.1060801622009535, 0.09843356671445468, 0.11165844723714892, 0.1243860731322657, 0.10393443375597157], [0.12237645918505685, 0.10646794680679998, 0.1159654447663868, 0.11172098461185626, 0.1056059516219993, 0.09821535311040622, 0.11194455950256668, 0.12417567696184334, 0.10352762343308454], [0.12227355506755376, 0.1057889787204672, 0.1165420530801582, 0.11284988771248881, 0.10466922419679957, 0.09773593717408237, 0.11242308872051507, 0.12499999999999997, 0.10271727532793483], [0.12220695539652787, 0.10582422148651827, 0.11647528994863847, 0.11279486765963637, 0.10476012800669776, 0.09784380812838843, 0.11238088195300129, 0.12490848452084102, 0.10280536289975054], [0.12233231448648986, 0.10633222684669814, 0.11589412802074708, 0.11197274094808378, 0.10548919141344393, 0.09824958757350112, 0.1120325042898208, 0.12425794387245541, 0.10343936254875988], [0.12219901985742916, 0.10649455630689307, 0.11583952813324813, 0.1115631781045499, 0.10575371043731965, 0.09837130926768446, 0.11181076692925909, 0.12430631435118335, 0.10366161661243319], [0.12155791680247847, 0.10693288585928241, 0.11566565670416121, 0.1107282556923931, 0.10642009156584173, 0.09878829048725433, 0.11150818484512731, 0.12414349678142372, 0.1042552212620377], [0.12206196671820307, 0.10594799827830005, 0.11632579348768918, 0.11266887722127596, 0.10495825510242283, 0.09802471126385964, 0.1123313457997993, 0.12468960969976997, 0.10299144242868], [0.12225946126309352, 0.10635408817692218, 0.1158379327027624, 0.11184823264497616, 0.10556912634308521, 0.0983071992544282, 0.11194492298956324, 0.12437222771082132, 0.10350680891434773], [0.12174497024229597, 0.10681667279844952, 0.11570246347837247, 0.11094903692205377, 0.10626622409007741, 0.09871242366013144, 0.11156776620545608, 0.12412071629626172, 0.1041197263069016], [0.12156088918216354, 0.1071028125266096, 0.11550880130841033, 0.11031347369366458, 0.1067209842025919, 0.09898500903594049, 0.11133656513161162, 0.12394936200543352, 0.10452210291357443], [0.12220345614201912, 0.10639543779839056, 0.11580287470667922, 0.11170755499724236, 0.10565582987836736, 0.09835232947129426, 0.11186003958860541, 0.12444359358731615, 0.1035788838300856], [0.12213114787746941, 0.10614708871844633, 0.1160320649713573, 0.11242852612980603, 0.105271135423513, 0.09827416319622585, 0.11222657478792393, 0.12421211299767036, 0.10327718589758776], [0.12143515796782463, 0.10704036487421006, 0.11545254317769024, 0.11035647613342976, 0.1067161096510586, 0.09903360112754947, 0.11130027733227255, 0.12414654868297215, 0.10451892105299268], [0.12138254321600618, 0.10694588073768897, 0.11551832563676415, 0.11058118404073566, 0.1065700323763747, 0.09895787738652967, 0.11138154081585155, 0.12427092590947698, 0.10439168988057208], [0.12231966206083977, 0.10570790726455309, 0.11641527093383275, 0.11276316214171422, 0.10477482550743415, 0.09796011647497421, 0.11223805374256379, 0.125, 0.10282100187408802], [0.1219468446576716, 0.10595882706218616, 0.11624030241470414, 0.11259931274026175, 0.10508655430614072, 0.09821529304500856, 0.1122417639617543, 0.12459493948571285, 0.10311616232655975], [0.12161359796017569, 0.10678752512159037, 0.11556118684498164, 0.11088294817349148, 0.10636831406749295, 0.09886804826894417, 0.11145926174108563, 0.1242452740390728, 0.10421384378316527], [0.12201018942364508, 0.10636697047388408, 0.11564744296553044, 0.11162805958452618, 0.10576073866724976, 0.09851283587612161, 0.11174933237516205, 0.12464953876159282, 0.10367489187228798], [0.12196413169779112, 0.10605115658812952, 0.11607375403255622, 0.11245865848224337, 0.1052576547695322, 0.09835933767007958, 0.11216702840674843, 0.12439725590664831, 0.10327102244627122], [0.12192384091589085, 0.10644242903983435, 0.11560261362003522, 0.1114310179889488, 0.10590269682795474, 0.0985964202856142, 0.11163459804224006, 0.1246701688721428, 0.10379621440733894], [0.1214142137658568, 0.10684724345066032, 0.11545574490068013, 0.11066521610658105, 0.10652559776105566, 0.09898277110379272, 0.11134700563579605, 0.12441254258458251, 0.10434966469099474], [0.12185582828355249, 0.1064119317295083, 0.11553945929670213, 0.11142269137556403, 0.10592027950216043, 0.09864475710963976, 0.11160016589149639, 0.12479275916674207, 0.10381212764463442], [0.12190769321788134, 0.10634332669193781, 0.11557081729697785, 0.11165932712065357, 0.10580066009223993, 0.0986183774040763, 0.11173164509586651, 0.12464937922925493, 0.10371877385111178], [0.12119076517682449, 0.10693466535192232, 0.11530780632416729, 0.11038584127421064, 0.10675255591395909, 0.09916440537036846, 0.11119868245935147, 0.1245157672889184, 0.10454951084027783], [0.12192800921580518, 0.10630971826171345, 0.11562131596742024, 0.11196314996990006, 0.10570572468566201, 0.0986496525046936, 0.1119125395621401, 0.12424930271202697, 0.10366058712063839], [0.12116534790585469, 0.10699612601672878, 0.11524988158007028, 0.11024336270818053, 0.10686848611000274, 0.09924786229628645, 0.11113750988441011, 0.12443838866576992, 0.1046530348326965], [0.12216170312555531, 0.10594882021367145, 0.11603090971912322, 0.1124065590081767, 0.10522832513569312, 0.0983751636571522, 0.11206680255861719, 0.12454360187384168, 0.10323811470816906], [0.12161858478923157, 0.10665253032927752, 0.1154583217157889, 0.11106345566560202, 0.10631830988041875, 0.09896239108667303, 0.11142511859299198, 0.12432472715397608, 0.10417656078604014], [0.12155274375282692, 0.10671619149111534, 0.11544216672732435, 0.11096755095135245, 0.10641373790396007, 0.0990302969529909, 0.11140028405867786, 0.12421355791434015, 0.10426347024741198], [0.121579897816099, 0.106690712702819, 0.11544793080811742, 0.11101272193770889, 0.10637761298975694, 0.09900999203053983, 0.11141184425829463, 0.12423783904651739, 0.10423144841014693], [0.12204356633366109, 0.10628818576187467, 0.11550005242527517, 0.11183112818415356, 0.10578472591257543, 0.09873482897327818, 0.11178922275941947, 0.12430352894887649, 0.10372476070088595], [0.1218558289985119, 0.10635873883838942, 0.11539386534075517, 0.11133048581813447, 0.10597919768367664, 0.09873798984507633, 0.11148427122920594, 0.125, 0.10385962224625013], [0.12195091528016186, 0.1063320452251038, 0.11539841868429764, 0.11143498314580488, 0.10594044163887259, 0.09874926301674929, 0.11153897791943092, 0.12482203375212017, 0.10383292133745887], [0.12236669841674684, 0.10574180523823622, 0.11604038274800829, 0.11242361436353433, 0.1050796500020084, 0.09830348942024435, 0.11195114735932642, 0.125, 0.10309321245189514], [0.12194409277431602, 0.106495702413258, 0.1152001080730708, 0.11097648578330255, 0.10634730476011073, 0.09908009343123811, 0.11123212259522326, 0.12453311880113814, 0.1041909713683424], [0.12170062399193624, 0.10671099099450185, 0.11494819257949282, 0.11015249688236098, 0.10679815395311276, 0.09926096757006522, 0.1108721659089848, 0.125, 0.10455640811954532], [0.12221739616985033, 0.1063053797814822, 0.11521850417064093, 0.1112868706867638, 0.10606724853015334, 0.09891351073547543, 0.1113827660282008, 0.12466476493961884, 0.10394355895781435], [0.12208579560945987, 0.10641693400356628, 0.11516647404921165, 0.11103530172518632, 0.10627010533381595, 0.09903930514431168, 0.11124003754414696, 0.12462713848817411, 0.10411890810212719], [0.12259688666598192, 0.10577741363256574, 0.11583577788861207, 0.11223501874586168, 0.1052533578805781, 0.09848599632661946, 0.11180695402982879, 0.12476036572798643, 0.10324822910196578], [0.12190478974756737, 0.1066367067380654, 0.11501410322797072, 0.11048815678416411, 0.10668508530736732, 0.0992944217518634, 0.11099410996146153, 0.12450552747388992, 0.10447709900765023], [0.12195331734295543, 0.10663132943011414, 0.11496419992436606, 0.11042309769033819, 0.10672085688112122, 0.09932473970803023, 0.11094489438733336, 0.12453228237980285, 0.10450528225593832], [0.12205918053914008, 0.10655734026701899, 0.11502005043369964, 0.11073129409143304, 0.10659741998348034, 0.09933364075520619, 0.11105554827604647, 0.1242304728215704, 0.10441505283240485], [0.12253477536742656, 0.1062442123462233, 0.11510084559331683, 0.11134826801045865, 0.10608570574792169, 0.0990384670085668, 0.11136137907649618, 0.12431464353686733, 0.10397170331272264], [0.12250265027359926, 0.10626609329264017, 0.11507624186676757, 0.11124427779479268, 0.10614111290031986, 0.09905744962358586, 0.11129771584101614, 0.12440003754054525, 0.10401442086673324], [0.12215641092569232, 0.1066047725708827, 0.11481411818550427, 0.11028649727003682, 0.10682368190501322, 0.0994468319732214, 0.11081273391613315, 0.1244633425249654, 0.10459161072855068], [0.12275254332711905, 0.10604836324394833, 0.11518435172087692, 0.11163652120567752, 0.10583142182171965, 0.09893462469804222, 0.11147150685442281, 0.12438548348704946, 0.10375518364114406], [0.12257642019025056, 0.10628284382498007, 0.11493445511655388, 0.11099591113418848, 0.10629453256735644, 0.09917442798748598, 0.11110852430422184, 0.12449368014073878, 0.10413920473422399], [0.12227748167963853, 0.10650121862526604, 0.11489013392403669, 0.11066099570160758, 0.10664116703850421, 0.09941597123450532, 0.11094955509332641, 0.12421342546659758, 0.10445005123651765], [0.12236245655803481, 0.10657981885134461, 0.11465279823596637, 0.1101273635157994, 0.10693742045709374, 0.09957515278636173, 0.11066793952017721, 0.12441050846845449, 0.10468654160676764], [0.12289528585558536, 0.10606635643350061, 0.114987497902992, 0.11145787511750713, 0.10597566965462982, 0.09907766130454262, 0.11132688989702283, 0.12433269327106622, 0.10388007056315339], [0.12308594400574331, 0.10595453053840975, 0.11497062670166897, 0.11142838913415756, 0.10590905489106629, 0.09904981842990253, 0.1112503724007425, 0.12453890524914026, 0.10381235864916868], [0.12319350950275736, 0.10575144684284433, 0.11517057956875539, 0.11158908519116156, 0.10562400680547569, 0.09882688765659794, 0.11129526293657548, 0.125, 0.10354922149583226], [0.12246032859512805, 0.10658148759003315, 0.11429842377224071, 0.10952961373589536, 0.10721587557630718, 0.09973132775145485, 0.11028606453018565, 0.125, 0.10489687844875506], [0.12312795629631645, 0.10598716766824781, 0.11487035583002887, 0.11134120798322751, 0.10600472601462668, 0.09914310150669234, 0.11118796085082602, 0.12443893221092642, 0.10389859163910806], [0.12273114044217151, 0.10634206214345227, 0.11455389768567929, 0.11041667523122574, 0.10672388920950773, 0.09955845736617965, 0.11065396391668546, 0.12451613658041631, 0.10450377742468203], [0.12327118943677484, 0.10591085127655304, 0.11486668280228263, 0.11132947674039911, 0.10595466759986749, 0.0991226695892067, 0.11114187035939581, 0.12455330658459259, 0.10384928561092774], [0.12276537449710179, 0.10649394771544345, 0.11432340539422964, 0.1098079540846083, 0.10711972586204213, 0.09978278103035586, 0.11036719303383795, 0.12450894855517548, 0.1048306698272056], [0.12305159429824779, 0.10612005395196529, 0.11451230244302962, 0.11058963215054674, 0.10644000275756495, 0.09934713722816918, 0.11070074915856774, 0.125, 0.10423852801190871], [0.12323361325114149, 0.10607320764689063, 0.11460081838408415, 0.1109370861416018, 0.10628428773195875, 0.09932347791820706, 0.11091943722725052, 0.12450015442357812, 0.1041279172752875], [0.1234020523961957, 0.10588549926711979, 0.1147983882960523, 0.11126599560464297, 0.10599062870278422, 0.09918065770660879, 0.11107125359919016, 0.12452532213831496, 0.10388020228909113], [0.12346435330412737, 0.10584676065220684, 0.11481648674869724, 0.11127936512105942, 0.10595322481451941, 0.09916108141520412, 0.11106299478048659, 0.12456999794315034, 0.10384573522054867], [0.12344672140049362, 0.10601602765635591, 0.1145681519502601, 0.11107036748865765, 0.1062444310628538, 0.09940045393656545, 0.11096096073166077, 0.1241823235292914, 0.10411056224386134], [0.12357366438380567, 0.10581174471435345, 0.11479985082505081, 0.1112632453090013, 0.10594849239408582, 0.09918341351326436, 0.11102717481321502, 0.12455067657107292, 0.10384173747615064], [0.12345662184739918, 0.10604674445039679, 0.11440467792995475, 0.11070337649057241, 0.10642505213011165, 0.09946953055949881, 0.11071206004972849, 0.12453852156924365, 0.1042434149730941], [0.12366864875440914, 0.10581683650959871, 0.11472343618687458, 0.11119624217558084, 0.10601304652944878, 0.09926162875265296, 0.11096685668643066, 0.12445289256164607, 0.10390041184335826], [0.12309743539210931, 0.10635944272449994, 0.11425107530305492, 0.1100458719353845, 0.10702460792002745, 0.09986923858556498, 0.11037437058540725, 0.12421380555138985, 0.10476415200256158], [0.12349239922519478, 0.10604753005874085, 0.11436116619673876, 0.11063986169380462, 0.10646672212638676, 0.09950721997305857, 0.1106605122037382, 0.12454666171346228, 0.10427792680887517], [0.1231548664806848, 0.10644586949525953, 0.11413423503249528, 0.10976284157470799, 0.10720575125418016, 0.0999739626078941, 0.11023317812372752, 0.12417692979384992, 0.10491236563720066], [0.12317876228656716, 0.10623760382334307, 0.11424413990561748, 0.11020512953214605, 0.10685909493641033, 0.0997773747187131, 0.11040140494810818, 0.12447886190645832, 0.1046176279426363], [0.12325558739088542, 0.1064296732804698, 0.11410131515059291, 0.10979280960006024, 0.10721122108590003, 0.1000218083929878, 0.11022031167849856, 0.12404509723339273, 0.10492217618721253], [0.12376408098637012, 0.10600037244066782, 0.11428205651302925, 0.11072926622948798, 0.1064578269451719, 0.0996064461000473, 0.11067386449963268, 0.12419955594476029, 0.1042865303408325], [0.12344784254736561, 0.10614188306129604, 0.11417780165000095, 0.11026209496668099, 0.10677936712235704, 0.09976035205770455, 0.11039461433621846, 0.12448952938095352, 0.10454651487742284], [0.12333163819380331, 0.10636116346996606, 0.11408633913499994, 0.10988531391595906, 0.10714946308500742, 0.1000189117164893, 0.11022990754885827, 0.12406521953076437, 0.1048720434041523], [0.12381769408669102, 0.10601399681400943, 0.11418284926930412, 0.11053924448938812, 0.1065747085748332, 0.0996902716610668, 0.11053285220099107, 0.12426803282489898, 0.10438035007881728], [0.12387499784478836, 0.1059937250856337, 0.11420033143907232, 0.11064015796398009, 0.10652244236848248, 0.09968140993862246, 0.11059280485452186, 0.1241517427871891, 0.10434238771770946], [0.12387021631044522, 0.10600925848939859, 0.11415327730022048, 0.11052088569025714, 0.10659371801151803, 0.09972118245344061, 0.11051092213177274, 0.12422223254400237, 0.10439830706894498], [0.12351529104648047, 0.10641800221784645, 0.11394839022767364, 0.10971770487511362, 0.10728143380354092, 0.10015561181186691, 0.11010262935050266, 0.12387506491798864, 0.1049858717489865], [0.12399264236323669, 0.1059608391934358, 0.1142232655025368, 0.11075816468320544, 0.10648034232154138, 0.09972372245455315, 0.11064570025177323, 0.1238949906004935, 0.10432033262922402], [0.12380045852904109, 0.1060883712357856, 0.11400912756150033, 0.11020305421256088, 0.10685193041150719, 0.09992163166692121, 0.11029086933742603, 0.12421633371384407, 0.10461822333141377], [0.12378080124612696, 0.11238638765437547, 0.11470505401019089, 0.10349359546345868, 0.11181106831115034, 0.1021630559749376, 0.10907198446359578, 0.11307691546800604, 0.10951113740815807], [0.12385884502234792, 0.11242279105550462, 0.114645018035619, 0.10340293056072844, 0.11187776637800324, 0.10221837227572277, 0.1090052375640095, 0.11299802928700611, 0.10957100982105825], [0.12325468305344651, 0.11195090082279423, 0.11491507039022625, 0.10416245821891267, 0.11141196282423908, 0.10187690221325904, 0.10940174874384952, 0.11392733916293374, 0.10909893457033883], [0.12318611193455652, 0.11160164990494907, 0.11508285974638797, 0.10463868323782453, 0.11103056563201721, 0.10155691985454585, 0.10966500352082269, 0.11451969452761522, 0.10871851164128106], [0.1242891356413812, 0.11254220448620697, 0.11419757871265002, 0.10289753735713268, 0.11230959308995858, 0.1026025087010424, 0.10855149232243917, 0.11268010538703017, 0.10992984430215877], [0.12500000000000003, 0.11295156513737716, 0.11376044793158843, 0.10209015893537085, 0.1128569490442831, 0.10303634325618431, 0.10803647484678414, 0.11181293268881101, 0.1104551281596011], [0.12356701407063686, 0.11207669581272273, 0.11448620871002795, 0.10368379400987028, 0.11184519022196653, 0.1022756396344896, 0.10896307330654847, 0.11364135627656748, 0.10946102795717011], [0.12359088458762492, 0.11207536366480371, 0.11441500370015607, 0.1036316924550597, 0.111906590544578, 0.1023385584775874, 0.1088987023146873, 0.1136351611402547, 0.10950804311524837], [0.12271181433877819, 0.11142567956329513, 0.11480105977773399, 0.10474370107632398, 0.11119300147435429, 0.10182234651480812, 0.10951915766804486, 0.11497102404891715, 0.10881221553774417], [0.12367143275488396, 0.11210315548158707, 0.11425908080906838, 0.10348132597178011, 0.11205865175935978, 0.10248593009643013, 0.10874840748189567, 0.11355998051796197, 0.10963203512703293], [0.12289942314053008, 0.11144670377345696, 0.11463864313344878, 0.10457118370213232, 0.11133222859427364, 0.10195016839487865, 0.10935215502588977, 0.1148869810860651, 0.10892251314932454], [0.1230503895205331, 0.11162623591822625, 0.11451281323768542, 0.10426525461517568, 0.11156346991236081, 0.10213580349210004, 0.10916743747099086, 0.11453670537562846, 0.10914189045729937], [0.123182016