[[0.11642054245927522, 0.11919887747568592, 0.10711338928052504, 0.10527068086029104, 0.12161728143133385, 0.12379744573804845, 0.1047590212529002, 0.10325269696967296, 0.09857006453226716], [0.11696367997927519, 0.11968343319014672, 0.10676814601138172, 0.10471775863996179, 0.12226972562089672, 0.12489023657893762, 0.10433108403734351, 0.10272150634220246, 0.09765442959985413], [0.1164146733042263, 0.1190846280710484, 0.10711228567181562, 0.10527305691601135, 0.12148130102539327, 0.12373807948393696, 0.10486622437508593, 0.10334916728642143, 0.09868058386606074], [0.1165290771772261, 0.11918421110739841, 0.10706453892499652, 0.10518717256111679, 0.1214836933606114, 0.12396439721757227, 0.10479890910612795, 0.10326356574008992, 0.09852443480486067], [0.11699828678998996, 0.11964655999516434, 0.10672463118583934, 0.10465830638173515, 0.1222733969459193, 0.125, 0.10434818531287496, 0.10272202918185591, 0.09762860420662102], [0.11689418694464188, 0.11949764157683776, 0.10679487762469772, 0.1047708771595621, 0.12205821146577878, 0.12473389835756853, 0.10449585689593256, 0.10288304199045319, 0.09787140798452731], [0.11648277403967999, 0.11908070788266298, 0.10708744804991938, 0.10522754731413407, 0.12137999747213492, 0.12383327653176228, 0.10489282971187618, 0.1033587952979782, 0.098656623699852], [0.11653398046836609, 0.11904709427853181, 0.10703085873270059, 0.10514795498984808, 0.12138519594082697, 0.1239629198069864, 0.10491529221037504, 0.10335843721435879, 0.09861826635800604], [0.11620300403040792, 0.11866651324737701, 0.10712688546843366, 0.10534523033934726, 0.12118436288916858, 0.12363844520315918, 0.10513912806387997, 0.10362191223274415, 0.0990745185254824], [0.11676024904082859, 0.11915729959978191, 0.1068824472903086, 0.10491480706413556, 0.12165347104332248, 0.12423578902758445, 0.10483749864404446, 0.10322517510887283, 0.09833326318112112], [0.11718717354532919, 0.11948862513814862, 0.1066876105386783, 0.10457537899069427, 0.12223445939200445, 0.12452850473207921, 0.10460678338838088, 0.10292328163128092, 0.09776818264340416], [0.11624496422977039, 0.11863140143986754, 0.10709924800745838, 0.10530237355494622, 0.1210787657717397, 0.12374801405389725, 0.1051776629947662, 0.10364417542829299, 0.09907339451926132], [0.11705055566424188, 0.11933492232328893, 0.10672980181351313, 0.10466057502453842, 0.12201031867732096, 0.12448906931937148, 0.1047131752690141, 0.10304330560742364, 0.09796827630128749], [0.11690696175560805, 0.11914544036841852, 0.10679076454135371, 0.10477043142871614, 0.1217442578631739, 0.12432767707766613, 0.10486889147257629, 0.10321319387982138, 0.09823238161266583], [0.1174984723057912, 0.11956357484250055, 0.10664681845299952, 0.10445402460334571, 0.12244512405979233, 0.124084134378974, 0.1046882227142788, 0.10295310735761944, 0.09766652128469845], [0.1166288493707687, 0.11890174646668301, 0.10687619154321006, 0.10494077428691315, 0.12135895783381363, 0.12437169651148881, 0.1049932600935164, 0.10337702044849667, 0.09855150344510957], [0.11739451066268852, 0.11946137108048666, 0.10665688982500518, 0.10449181076313782, 0.12229940838833321, 0.12417368868346844, 0.10473809402285549, 0.10301056635380659, 0.09777366022021827], [0.11720045705815425, 0.11930369082438728, 0.1066934790201728, 0.1045830734442321, 0.12205468440740724, 0.12428068663983197, 0.10481183823372181, 0.10310570704381655, 0.0979663833282758], [0.11616059676945377, 0.1184027178088871, 0.10706490604814717, 0.10528172360807193, 0.12109839302830872, 0.12368698228946798, 0.1053112758689596, 0.10376448472723568, 0.09922891985146808], [0.11710717879684023, 0.11919923763152909, 0.10672387322987312, 0.10464283965303071, 0.1219038094458251, 0.12423602455870256, 0.10488830261861475, 0.1031914177037774, 0.0981073163618072], [0.1166822559677939, 0.11884706177886005, 0.1067842459603991, 0.10481742526997338, 0.12148375424309897, 0.12456359074937828, 0.10499845550386143, 0.10335152395703905, 0.09847168656959583], [0.11705533261648102, 0.11913199372513898, 0.10672120701451526, 0.1046523207553852, 0.12181724775726727, 0.12432058566547612, 0.10491784974962402, 0.1032224870941862, 0.09816097562192577], [0.11611281851423584, 0.1183285740970445, 0.10707500507900346, 0.10530536820345714, 0.12109342339788176, 0.12360345276724648, 0.1053587153744058, 0.10381521283044341, 0.09930742973628175], [0.11690111048044119, 0.11897422942151768, 0.10671804706385289, 0.10468555935312071, 0.12162424566119569, 0.12456766287407325, 0.10496491668661578, 0.10328011757766246, 0.09828411088152034], [0.1166965491714445, 0.1188022685276231, 0.10673297371254323, 0.10475223322205673, 0.12157423377083297, 0.12466210354498052, 0.1050028501580262, 0.10334032858388646, 0.09843645930860627], [0.11640013985501915, 0.11852404512194718, 0.10685021801461557, 0.10496487755785253, 0.12144670542727455, 0.12423930416718644, 0.10517788621111687, 0.10356068466067134, 0.09883613898431623], [0.11621593431430484, 0.11835836705394898, 0.10696204894887815, 0.10514408981501577, 0.12129179267260415, 0.12385621121451873, 0.10530951559508683, 0.10372911684628051, 0.09913292353936203], [0.11729885816164805, 0.11918404474736995, 0.10667622224832238, 0.10454129782890015, 0.12197229922904781, 0.12403425547289004, 0.10498144630066245, 0.10324129045647112, 0.09807028555468802], [0.1169250250566009, 0.11890953566681954, 0.10665945188205801, 0.10460944096363246, 0.12175169038863093, 0.12462130031225853, 0.1049864887850219, 0.10328119745349959, 0.09825586949147808], [0.11634348432159725, 0.11843682451590481, 0.10685796893215259, 0.1049877644972941, 0.12145780048660763, 0.12414364088959035, 0.10523177693987058, 0.10361727922367558, 0.09892346019330707], [0.11653811151766519, 0.11859735628059993, 0.10674176107533583, 0.10480079977533528, 0.12160647573183674, 0.124542566008784, 0.10510240315795473, 0.10344898290917263, 0.09862154354331566], [0.11670757771130194, 0.11872493436555284, 0.10665826023644143, 0.1046594424265745, 0.1217075521977032, 0.12480584979667256, 0.10501353735169705, 0.10332884117848956, 0.09839400473556709], [0.1168478036404214, 0.11881284999411953, 0.1066289491700678, 0.10459088032567578, 0.12178758002817397, 0.12475780410735517, 0.10499686042107546, 0.10329076509644917, 0.0982865072166619], [0.116063287230906, 0.11814949046122003, 0.10701854129976364, 0.1052485225033964, 0.12123004245205482, 0.1235438822932104, 0.10545737780234772, 0.10389417131569026, 0.0993946846414106], [0.11638223260050963, 0.11840400767486557, 0.10679076268990159, 0.10489715346014111, 0.12158726214664924, 0.12425044931903038, 0.10523223323687135, 0.10359530237845938, 0.09886059649357191], [0.11608352769554943, 0.11813852704394354, 0.1069855804195311, 0.10520370472372402, 0.12129486101195225, 0.12359408699892883, 0.1054562206905397, 0.10388189840026874, 0.0993615930155624], [0.11700073924256561, 0.1188161113484434, 0.1065758421727811, 0.10449092857894679, 0.12198760794682946, 0.12455550072282384, 0.10504698219301993, 0.10330440006861367, 0.09822188772597602], [0.11672864161876094, 0.11862698400211424, 0.106558006660772, 0.10453317387915934, 0.12188663999520814, 0.12499999999999997, 0.10502544889603975, 0.10331043037659679, 0.09833067457134868], [0.1164383743296976, 0.11840704662309513, 0.10672917877015549, 0.1048092181149075, 0.1216967812457918, 0.1243793728077762, 0.10521258141423524, 0.10355492768213269, 0.09877251901220853], [0.11751857538398255, 0.11912502761181697, 0.1066122710844923, 0.10441345590167231, 0.12216324649154524, 0.12371756088415013, 0.10510392066191908, 0.10330994735846162, 0.0980359946219598], [0.1168569892325669, 0.11868551827715336, 0.10654843946567721, 0.10449151672102797, 0.12198928494222837, 0.12478139912256536, 0.10505000355350722, 0.10331543902070686, 0.09828140966456675], [0.11725641047013938, 0.1189188328208458, 0.10656924228612906, 0.10442310289728066, 0.12212170230800636, 0.12413549619591294, 0.10510551749081502, 0.1033271054010156, 0.09814259012985517], [0.11702265055337509, 0.11876332047922726, 0.10654307892618992, 0.10444622148855201, 0.12209303452824638, 0.12450458318666172, 0.10508124178090253, 0.10332360208894648, 0.09822226696789864], [0.11630055919079636, 0.11821174544544193, 0.10676969627242133, 0.10489052656905905, 0.12169166685456888, 0.12407261776228777, 0.10535193372975575, 0.10370552890879223, 0.0990057252668765], [0.11680770629421051, 0.11847463124884952, 0.1064807542309046, 0.10442085995800159, 0.12223269719088307, 0.12464476069012535, 0.1051638386643981, 0.10340340323783799, 0.09837134848478928], [0.11601846863698033, 0.11789150537695672, 0.10692048428304715, 0.10513872305143565, 0.12147182667523256, 0.123433936864167, 0.10561108585285708, 0.104010063640459, 0.09950390561886452], [0.11758733736026437, 0.11885596939669021, 0.10640528891077548, 0.10414676027916416, 0.12258276575347221, 0.12400837504743345, 0.10517315869125288, 0.10330851301099472, 0.0979318315499525], [0.11764443213702305, 0.11887733516166907, 0.10639676342568104, 0.10412303841845791, 0.1226099079861123, 0.12398319543694244, 0.10517109549192988, 0.10329862221654705, 0.09789560972563725], [0.11612059512193056, 0.117949518412306, 0.10683160601523242, 0.10500687131807024, 0.12164339469602709, 0.12364739776986373, 0.10554969301593325, 0.1039191421549341, 0.09933178149570258], [0.1173911587580061, 0.11875871202778095, 0.10643685343422846, 0.10423100071201123, 0.12248971932522411, 0.12405228685429114, 0.10520094379164305, 0.1033616260785611, 0.09807769901825385], [0.11702879116924635, 0.1185504807541028, 0.10644997380869818, 0.10433163588862561, 0.12241845913786148, 0.12433265148467465, 0.10520512245766958, 0.10340731625688214, 0.09827556904223939], [0.1175135893037246, 0.11878146520449959, 0.10638755391057982, 0.10414242187521856, 0.12260246195826317, 0.12408706376704431, 0.10518874595457414, 0.10332495350045579, 0.09797174452564025], [0.1164616379549765, 0.11817870189328625, 0.10659261604462227, 0.1046371545332953, 0.12207157091720862, 0.1243011438880577, 0.10533843049671146, 0.10362708940341521, 0.0987916548684267], [0.11618224344591364, 0.11796985490112248, 0.10677312812912035, 0.10492129824981851, 0.121760936332269, 0.12376447439489452, 0.10552232722665048, 0.10387164324750313, 0.09923409407270788], [0.11693834966134264, 0.11840373550745054, 0.1064184301466216, 0.10431399518086301, 0.1225233896736004, 0.12432220617920244, 0.10526356712290011, 0.10346014775925096, 0.09835617876876829], [0.11701607245090534, 0.11843048904886024, 0.10640852847307422, 0.10428372224270853, 0.1225835161227707, 0.1242182916730367, 0.10527687846077054, 0.10346069933451288, 0.09832180219336084], [0.11727634061931427, 0.11852616638631305, 0.10633385239263214, 0.10413205072721422, 0.12269970701005709, 0.12426666750398589, 0.10525467518133216, 0.10339301276242237, 0.09811752741672874], [0.11681775184172792, 0.11828570783147127, 0.10641746713466685, 0.10434060421416562, 0.12252929859522965, 0.12434000207764441, 0.10530412491961917, 0.10350893489930132, 0.09845610848617378], [0.11741257892890575, 0.11857667810381531, 0.10629598675482696, 0.104054183240726, 0.12275241898712448, 0.1243141290717891, 0.10523617977531316, 0.10335221794017341, 0.09800562719732567], [0.11671333138951466, 0.11820739236421453, 0.10643657805015448, 0.1043879994521259, 0.12248157191822376, 0.12433588968172764, 0.10533390357948452, 0.10355205849972209, 0.09855127506483244], [0.11625909720152983, 0.1179108765430535, 0.10666642678779384, 0.10477268183240009, 0.12201452164155324, 0.12383293870011008, 0.10554544058680251, 0.10385396948914276, 0.09914404721761413], [0.11728828701562734, 0.11848809007699165, 0.10629920523494625, 0.10408689416216976, 0.12276029862165613, 0.12433425657062531, 0.10526104464435658, 0.1033879202335669, 0.09809400344006007], [0.1166176336296463, 0.11813363187132296, 0.10646428189832478, 0.10444376940957735, 0.12242586867052373, 0.12428099678838811, 0.10537274883269278, 0.10360468228325678, 0.09865638661626719], [0.11657419003512105, 0.1180903927412628, 0.10647701621121855, 0.10446916772640613, 0.12240951218330423, 0.1242273431600878, 0.10540068773596353, 0.10363775123805981, 0.0987139389685761], [0.11649698398928397, 0.11803855608951824, 0.10651227982113924, 0.10452990106414163, 0.12233719559245798, 0.12415143259582079, 0.10543558259792397, 0.1036870282926606, 0.09881103995705343], [0.11633519009795233, 0.11791615157826754, 0.106597954728508, 0.10467130237581987, 0.12217406927475531, 0.12391440922237293, 0.10553186214215401, 0.10381428901466369, 0.09904477156550644], [0.11690987541664376, 0.11823634519627658, 0.10635109243270059, 0.10423759781723078, 0.12273523745006541, 0.12426095040454722, 0.10534703148854009, 0.10351841900870955, 0.09840345078528619], [0.11667960574559391, 0.11811106713721428, 0.10642382667979002, 0.10437957578385662, 0.12256568321989984, 0.12420818874630798, 0.10539978210630627, 0.10361043703562196, 0.09862183354540913], [0.11626984529909437, 0.1178455143816208, 0.10662912223577667, 0.10472394311000215, 0.12212460748860555, 0.12378204013475236, 0.10558922969685584, 0.10388121981787006, 0.0991544778354222], [0.11703080714751918, 0.11826389261204714, 0.10629204042622183, 0.10413735214109957, 0.12284576270096997, 0.12433986714096758, 0.10533041989910354, 0.1034744424165116, 0.09828541551555975], [0.11673837762305274, 0.11811428870531017, 0.10639716842439471, 0.10433316170483733, 0.12265872102283636, 0.12416030538075354, 0.10540999616595098, 0.10360550729525962, 0.09858247367760457], [0.11661719742243114, 0.11800851274543021, 0.10642588004290697, 0.10439574778053592, 0.1226036160422141, 0.12408420861791371, 0.10546772584437959, 0.10367792650006594, 0.09871918500412226], [0.11649713315691348, 0.11791677477523135, 0.10647168734662706, 0.10447897116073447, 0.122505703347571, 0.12397791084534218, 0.10552682684424583, 0.10375635408945544, 0.09886863843387916], [0.1167223177318363, 0.1179490965365047, 0.10629080707597005, 0.10420754541439387, 0.12286404366628953, 0.12433396896271703, 0.10545303265386728, 0.10361686884950343, 0.09856231910891801], [0.116288429569321, 0.11768860819155587, 0.1065548508980292, 0.10462688322670595, 0.12236452515325112, 0.12361387922863319, 0.10570301263527423, 0.10395911705594418, 0.09920069404128529], [0.11637216569622706, 0.11766457251677609, 0.10646477636893768, 0.10449947285313517, 0.12256080559646687, 0.12374022781608036, 0.10569204618639558, 0.10391600224933525, 0.09908993071664596], [0.11732897628113174, 0.11801065155834316, 0.10595198432847847, 0.10366143900361498, 0.12339518724562142, 0.125, 0.10534657729402311, 0.10336819131079027, 0.09793699297799689], [0.11642748535060161, 0.117669237333125, 0.10640920969137865, 0.1044198168340931, 0.12266832519132745, 0.12386689104149051, 0.10566625096733352, 0.10387197748405139, 0.0990008061065986], [0.11726771736840522, 0.11787177700333029, 0.1059323029779474, 0.10365287574463308, 0.12356117149570857, 0.12480620154048881, 0.10542931532336274, 0.10344289380177249, 0.0980357447443514], [0.11633034668363473, 0.11752935228614748, 0.1064370819841023, 0.10447641759421632, 0.12261445129439515, 0.12368683701368062, 0.10577004865020596, 0.10398347715178415, 0.0991719873418333], [0.11694712090356596, 0.11773991940043785, 0.10596692551251943, 0.10376747614481012, 0.12344452553911889, 0.125, 0.10542812634951425, 0.10348532110840383, 0.0982205850416297], [0.11669489549049775, 0.11765335023358202, 0.10613780520730837, 0.10403157069092778, 0.12318593936711184, 0.12447622210803462, 0.10555921367871278, 0.10367480323194003, 0.09858619999188489], [0.11692083417814417, 0.1176940035158924, 0.10596784056366419, 0.10377485090337586, 0.12347284691338896, 0.12492721419748834, 0.10546002487216663, 0.10351678636001399, 0.09826559849586562], [0.11634112458018134, 0.11745948258497042, 0.10639095778755947, 0.10441858879625308, 0.12270678373569524, 0.12372094807763855, 0.10579946063993655, 0.10399639020900993, 0.09916626358875558], [0.11657950428222268, 0.11743341894008717, 0.10614295229604988, 0.10406490515644955, 0.12322296232985654, 0.12421421635123937, 0.10571430923536128, 0.10382735332419485, 0.0988003780845387], [0.1166398598982616, 0.11742591634502525, 0.10608587859891984, 0.10398225246597945, 0.12334659662873732, 0.1243190787672789, 0.10569627864930116, 0.1037893109098778, 0.09871482773661866], [0.11641905076664029, 0.11733549747912685, 0.10625592105383996, 0.1042380268775359, 0.12299072813822043, 0.12387243647974022, 0.1058336445751448, 0.10398208719543696, 0.09907260743431456], [0.1227035028298238, 0.10176523076456745, 0.1148127723434546, 0.11026403091844963, 0.09946191811134653, 0.09001433301027897, 0.11835068565124164, 0.12239806361803214, 0.12022946275280527], [0.1221858062921531, 0.1024858751361652, 0.11496886940719245, 0.10983801217474384, 0.1003273014211558, 0.09051813682920386, 0.11776366362341288, 0.12373574496674862, 0.1181765901492244], [0.12200271835942275, 0.10219152077583722, 0.11493318346516533, 0.11008228417538074, 0.09998168255856932, 0.09036972126627299, 0.11814709344256953, 0.12311920561476211, 0.11917259034202], [0.12265797607544951, 0.10172480107630975, 0.11473941174271743, 0.11019910962243186, 0.09946766883705237, 0.09002952320237903, 0.11843806206971559, 0.12248133032515554, 0.1202621170487888], [0.12260335365156025, 0.10172405740193288, 0.1146997660002898, 0.11015419493425366, 0.09950323556372309, 0.09006853609526212, 0.11849524127129987, 0.12250977327523578, 0.12024184180644251], [0.12270250605771435, 0.10142651467090183, 0.11476974608168872, 0.11006061472531488, 0.0992151191497038, 0.08980257644017729, 0.11859512118291396, 0.12282031912978274, 0.12060748256180244], [0.12183377161307568, 0.10223703958468622, 0.11473878194407619, 0.10979663815107707, 0.10021411793042544, 0.0905598587073091, 0.11829741214292691, 0.12349614598410291, 0.11882623394232052], [0.12190008895627344, 0.10253121247156265, 0.11470244446618878, 0.10950460085258173, 0.10061354231874614, 0.09078287136337901, 0.11795412302176948, 0.12415538789747879, 0.11785572865201999], [0.12233653933275088, 0.101529354299318, 0.11442704828369973, 0.10982713167351915, 0.09953934867255484, 0.09015066079904166, 0.11892908593939945, 0.12290181102088417, 0.12035901997883196], [0.12198764149829441, 0.10180601478597845, 0.11435277449776299, 0.10971056964684942, 0.09994820788063592, 0.09052341126981744, 0.11900018976866199, 0.12283791742294004, 0.11983327322905934], [0.12192813687981163, 0.10172440627709188, 0.11422587924603886, 0.10961197101320086, 0.09994131331127296, 0.0905432709442656, 0.11916202684827419, 0.12294834583278828, 0.1199146496472559], [0.12229460147723036, 0.10054584373285148, 0.11483324366699153, 0.10954483265284938, 0.09857794450171213, 0.0893486045738986, 0.11916572397181494, 0.12393852213986674, 0.12175068328278474], [0.12129526752558324, 0.10217781666859187, 0.11425334743227532, 0.10932043168008139, 0.10057117122919981, 0.09098979198624196, 0.11892668227059983, 0.12375836484276656, 0.11870712636465988], [0.12149248302629671, 0.10250710000050624, 0.11406850611193316, 0.10876636021954098, 0.10111501570826767, 0.09124582316201922, 0.1185564881047349, 0.125, 0.11724822366670117], [0.12119433109575863, 0.10223791026771642, 0.11413502142043756, 0.10913839619877712, 0.10075593667711401, 0.09114421313909417, 0.11897449417228073, 0.1240018992756033, 0.11841779775321806], [0.12194228397228679, 0.10132904034595679, 0.11411031952983919, 0.10942948553645612, 0.09963350652374554, 0.09031372719514312, 0.11948003612879184, 0.12333894664074514, 0.12042265412703546], [0.12204352320910634, 0.10053538708986177, 0.11458272222718197, 0.1093377182361078, 0.09873273412233262, 0.08952446051946812, 0.11945684140466771, 0.12419337435439394, 0.1215932388368797], [0.12186481880296214, 0.10138438879467214, 0.11403339556888684, 0.10939442969933107, 0.09973504795610186, 0.09042053794715489, 0.11954057257477141, 0.12329652376547515, 0.12033028489064454], [0.12099776922444418, 0.1021784986443805, 0.11399534258480201, 0.10906786558611722, 0.10080845015028468, 0.09127639519510206, 0.119268866512579, 0.12381192830445839, 0.118594883797832], [0.1210202426136895, 0.10232059574556615, 0.11396823173578446, 0.10890909991635848, 0.1010145648114316, 0.09138392800608916, 0.11906191293900761, 0.12423879086360691, 0.1180826333684661], [0.12179977788996416, 0.10042229766295534, 0.1144629612364556, 0.10916439858610726, 0.09874543135232446, 0.08959581552607368, 0.11968365662547681, 0.12446417497061356, 0.12166148615002917], [0.12169887008909021, 0.10085251694699164, 0.11405868876547295, 0.10909939930074183, 0.09932461083533699, 0.09009992153751838, 0.11989589788997364, 0.12408150446534, 0.12088859016953435], [0.1209363946760241, 0.10195033559718668, 0.11376030229066006, 0.10895750891147359, 0.10070110381844141, 0.0912769717349399, 0.11970892014019567, 0.12372315734377762, 0.11898530548730096], [0.12106754382310068, 0.1018126373518423, 0.11372352520740417, 0.10897906062678929, 0.10053321848105061, 0.09113588357341725, 0.11978337629927034, 0.12373830224073223, 0.11922645239639329], [0.12157719588452977, 0.10110222180002627, 0.11386380188156499, 0.10907712918980944, 0.09966328997543096, 0.09042815333203982, 0.11999119285393349, 0.12377115164419741, 0.12052586343846797], [0.12082788491671868, 0.10235992862950734, 0.11375057362083409, 0.10868936563062993, 0.1012690895252352, 0.09167968049618752, 0.11931200356806662, 0.1241912367605857, 0.11792023685223504], [0.12159365837104828, 0.10031021953015323, 0.11444851058240725, 0.10906430317061902, 0.09871471413581155, 0.08964930713882528, 0.11982328378352002, 0.12456116711603867, 0.12183483617157674], [0.12132111150566864, 0.1014935773316853, 0.11358573254680715, 0.10902104035534772, 0.10017780026639715, 0.09089025755632049, 0.12001497076637627, 0.12362065553679621, 0.11987485413460106], [0.12094389711051502, 0.10254045872769757, 0.11361729937014867, 0.10841633391071276, 0.1016075973367161, 0.09192173703160918, 0.11934437143839868, 0.12433597915154503, 0.11727232592265716], [0.12063631935574831, 0.10222652571948836, 0.1136910468416914, 0.10876419658475381, 0.10115681773379216, 0.0916901172234609, 0.11966432713318337, 0.12378609573410948, 0.1183845536737722], [0.12100092040627045, 0.1017193026107925, 0.11358719543432033, 0.10887411092671664, 0.10051951861102425, 0.09115352091515101, 0.1199701577506903, 0.12387902637272752, 0.11929624697230704], [0.12149973030651279, 0.10034816026854158, 0.11425662130848761, 0.1089468097990758, 0.09884302559814308, 0.08975389405161592, 0.11998839545671068, 0.124763668716128, 0.12159969449478457], [0.12120583290162121, 0.10150640364406678, 0.11352108081636982, 0.10893559801422394, 0.10025765494328974, 0.0909679813291104, 0.12009924041544763, 0.12374059122967224, 0.11976561670619827], [0.12084990901202168, 0.10252116410627977, 0.113562768707009, 0.1083910988027911, 0.10163956945824326, 0.0919909765302647, 0.11946167700499158, 0.12424198103050609, 0.11734085534789282], [0.12069034458915978, 0.1019250499661665, 0.11355414033080122, 0.10874418452141614, 0.10085174763904071, 0.09145173910171965, 0.11995814660591576, 0.12397360466652543, 0.11885104257925481], [0.12140119573405439, 0.10035016657030035, 0.11414753257009505, 0.10886245251679023, 0.09891339951409149, 0.08983099187311365, 0.12011035284760646, 0.12488223428084062, 0.12150167409310775], [0.12129910752069865, 0.10034929364621917, 0.11404137716862468, 0.10877796378897679, 0.09898138798932048, 0.08990832651175706, 0.12023303761716864, 0.12499999999999999, 0.12140950575723441], [0.1208893838689366, 0.1015330557606149, 0.11333189664389946, 0.10869877883900596, 0.10047329007021688, 0.09118526436337365, 0.12033886574140645, 0.12406717369958488, 0.1194822910129612], [0.120456972338338, 0.10195261962828772, 0.11340238032584198, 0.10857362966088943, 0.1010299421266815, 0.09164620462052882, 0.12012985124357793, 0.12413605762326949, 0.1186723424325851], [0.1207089156992037, 0.10268255759829294, 0.11335097211646837, 0.10814564534819308, 0.1020491273216781, 0.09242617302693587, 0.11972854308035083, 0.12394200251913094, 0.11696606328974606], [0.12122747078749616, 0.10053661713191082, 0.11386203990072923, 0.10873304061956159, 0.09926507771595557, 0.09018389562339651, 0.12040561952270631, 0.12468155626165761, 0.12110468243658619], [0.12074269445325968, 0.1015859578176027, 0.11328111080887651, 0.10860648024525758, 0.10060026563674172, 0.0912966953557463, 0.12038514156042228, 0.124211693855509, 0.11928996026658423], [0.12055574813988375, 0.10250493436715624, 0.11335986594637797, 0.1082622400620218, 0.10182395999513434, 0.09228753763377828, 0.11985664524517685, 0.12391221532746792, 0.11743685328300282], [0.12078247030781672, 0.1030519083060313, 0.11327335084881837, 0.10795036469963022, 0.10258365578985496, 0.09290076240780346, 0.11962210009461385, 0.12357985845744825, 0.11625552908798278], [0.12059227280493931, 0.10169486934869797, 0.11327519886623559, 0.10854013973443588, 0.10076839448623723, 0.09143549455331564, 0.12035540523005767, 0.12430301374456974, 0.11903521123151097], [0.12109048696668451, 0.10093567073700666, 0.11355310258901274, 0.10869567938186958, 0.09981526690382425, 0.09071057450515645, 0.12061562492325309, 0.12405941983342189, 0.12052417415977074], [0.1206225172392447, 0.10294628978142244, 0.113180768226108, 0.10791396119939042, 0.1025481173977322, 0.09292655393837532, 0.11985347360793415, 0.1235662605866771, 0.11644205802311579], [0.12054009337680079, 0.1027413550784393, 0.1131970735666599, 0.10800738314678238, 0.10227797743606887, 0.09270763717181171, 0.11997027908722975, 0.12370586858174822, 0.11685233255445895], [0.1209473589286812, 0.10035206210546295, 0.11403198985377384, 0.1086950991745572, 0.09915323973373452, 0.0902888285915444, 0.12052417653643155, 0.12443169487329059, 0.12157555020252384], [0.1209875031174264, 0.10052471092935453, 0.11374039266006652, 0.108600720602276, 0.09939726493553278, 0.09040389271696171, 0.12067492273185539, 0.12459508056285001, 0.12107551174367663], [0.12031998071768722, 0.10249571314682565, 0.1131977060526888, 0.10815972093950159, 0.10197506416119659, 0.09253136013068436, 0.12017453380527696, 0.12364507187607751, 0.11750084917006144], [0.12040881134058862, 0.10157583174414649, 0.11303799824355826, 0.10834216840522039, 0.10080800192797534, 0.09153032415749138, 0.12068675379675173, 0.12455942413958512, 0.1190506862446827], [0.12089410235482562, 0.10070207371187141, 0.1135539575248807, 0.1085443994626533, 0.0996764852495478, 0.09067496519017004, 0.12084777480771715, 0.12433227204396528, 0.12077396965436868], [0.1201958301858637, 0.10176370102776561, 0.11304356190107767, 0.10826491778254665, 0.10108165940269012, 0.0917683100955186, 0.1206127445038862, 0.1245870119686628, 0.11868226313198865], [0.12032340059320215, 0.10261872825536797, 0.11310720712429051, 0.10801085960744394, 0.10221765463467465, 0.09274668317098445, 0.12023861162462901, 0.12357734862060732, 0.11715950636880013], [0.12014888483178972, 0.101673701124124, 0.11293539702757925, 0.10818445301826707, 0.10104771451104455, 0.09176062326058627, 0.1207700877914505, 0.12473993200662307, 0.11873920642853557], [0.12035745263333958, 0.1014683026156788, 0.11289719617558562, 0.10826459882550873, 0.1007741205944267, 0.09156105850323767, 0.12092851440161291, 0.12455776135768719, 0.11919099489292281], [0.12028330310812123, 0.10278969421212213, 0.11297653132865128, 0.1078170145604384, 0.1025583830003636, 0.09306599636710138, 0.12031676152760537, 0.12346392041165773, 0.11672839548393875], [0.12057351511527883, 0.10129733684992326, 0.11295349113510131, 0.10840272925832375, 0.10052113961309493, 0.09142186183617837, 0.12104855883201315, 0.1240479798435541, 0.11973338751653215], [0.12029086891846218, 0.1028904055749523, 0.1129293312890282, 0.10772561551359223, 0.10272583645739305, 0.0932049788244171, 0.12028336163046945, 0.12347464806699664, 0.11647495372468887], [0.12071092864720616, 0.10060614813634614, 0.11351563724045827, 0.10843984435363523, 0.0996710735905925, 0.09075399925082005, 0.12102711681895854, 0.12441561056033158, 0.12085964140165154], [0.11986059044211085, 0.10216589148171437, 0.11296424215763881, 0.10808059237868563, 0.10173931037249664, 0.0924323881548227, 0.12058211660021567, 0.12415959782344448, 0.11801527058887087], [0.11993695447078385, 0.1022796059883348, 0.1129707202762045, 0.10804486777250988, 0.1018932631564561, 0.09256545012070376, 0.12054301892832049, 0.1239542769344727, 0.1178118423522138], [0.11989645285835493, 0.10222913988289808, 0.1129641558276742, 0.10805946389629867, 0.1018290006175241, 0.0925141040030381, 0.12054931656938833, 0.12405211709353964, 0.11790624925128383], [0.12038886714196893, 0.10130788680147364, 0.11279814398208955, 0.1082730687766967, 0.1006560584484039, 0.0915910425672519, 0.12125668787668271, 0.12411815761033505, 0.11961008679509763], [0.11998625259963908, 0.10157154695967369, 0.1127340666112771, 0.10801334796679725, 0.10108004713358908, 0.0918381210455727, 0.12104838631783027, 0.12500000000000003, 0.11872823136562094], [0.12006644446588619, 0.10149981986567876, 0.11271266359939845, 0.10805457413519967, 0.10099150257015962, 0.0918009195487232, 0.12116165557368075, 0.12477596694798994, 0.11893645329328344], [0.12045491110748656, 0.10034739178629548, 0.11353070411892177, 0.10829603289569043, 0.09948208464246858, 0.0906821726285919, 0.12112153476900041, 0.125, 0.12108516805154483], [0.11952542138389101, 0.1019371268359675, 0.11261680926756369, 0.1078403748461213, 0.10173104449338259, 0.09255221904940304, 0.1211912631151427, 0.12441810156145902, 0.11818763944706903], [0.11975451237904246, 0.10255617212900069, 0.11255124778645773, 0.1074765075876731, 0.10264217006808843, 0.09326825742039954, 0.1209510858579365, 0.12400779448946875, 0.1167922522819327], [0.11982587451904855, 0.10152364782601135, 0.11252035381184033, 0.10789973390093792, 0.10120248199713339, 0.09210137246013138, 0.12150565848817964, 0.12457901812143897, 0.11884185887527855], [0.119576954307532, 0.10178928668216422, 0.11254061996443517, 0.10781346340327906, 0.10158310695179969, 0.09243532543352587, 0.1213600859690545, 0.12453428666400333, 0.11836687062420617], [0.12024093394203221, 0.10048178216141647, 0.11331112578956443, 0.10817240100431506, 0.09979048024760907, 0.0910488831030767, 0.1214511483749029, 0.12469434886801849, 0.12080889650906478], [0.11953864867144172, 0.10234807374929028, 0.11254533077890776, 0.10762443679924055, 0.10238377712662795, 0.09315307294672252, 0.12118192263400371, 0.12383086470248156, 0.11739387259128393], [0.11949693719714007, 0.10234747746534947, 0.11248950509606308, 0.1075603665583847, 0.10243247470235829, 0.09320140280933988, 0.1212427848394333, 0.12391062089939606, 0.11731843043253512], [0.11926755045493591, 0.10212774127929054, 0.11246752719506839, 0.10768104557232915, 0.10214996129441774, 0.0930390976989537, 0.12135284798757101, 0.12404564607423822, 0.11786858244319544], [0.11975943772131198, 0.10143424592857073, 0.11235754558194243, 0.10786372225524625, 0.10120726959447929, 0.09225350616563649, 0.12190256263855936, 0.1241388822394672, 0.11908282787478626], [0.11967733238165182, 0.10149880434111797, 0.11235279516711896, 0.10781084313997515, 0.1013138756425974, 0.09232874150213598, 0.12186714012909321, 0.12424736279688577, 0.11890310489942373], [0.11930372996098436, 0.1023104627532826, 0.11230507997173549, 0.10738727710505556, 0.10254957602869137, 0.09335621389788529, 0.12149258371691908, 0.12409328154091243, 0.11720179502453386], [0.11988823142320441, 0.10114775358882042, 0.11264617196642114, 0.10797324097997915, 0.10084461845957357, 0.09207464862956244, 0.12211060896298098, 0.12355886731769707, 0.11975585867176068], [0.11941473866035779, 0.10164887231831626, 0.11225716627348509, 0.10766928909360471, 0.10163118600450745, 0.09266121192639191, 0.12197639315208898, 0.12417397606876868, 0.11856716650247913], [0.1190763297076477, 0.10209580186678496, 0.1123258304746874, 0.10758867217132924, 0.10223653108122535, 0.09320349983366144, 0.12162912395321154, 0.12395680906791716, 0.11788740184353508], [0.11910874009458852, 0.10228516832662488, 0.11211336570003154, 0.10720192871397557, 0.10268954633378426, 0.09353256174816282, 0.1217475154108445, 0.12427306898863402, 0.11704810468335378], [0.11967325053155745, 0.10125632196262446, 0.11244385224613904, 0.10785327792749293, 0.10110795579892784, 0.09238127704198536, 0.12236058963874694, 0.12341285845604463, 0.1195106163964815], [0.11956941003822762, 0.10116269310402021, 0.11244723779223137, 0.10779096803310995, 0.10106787997334032, 0.0924170456912223, 0.12252320119405566, 0.12342803252389935, 0.11959353164989321], [0.11961489071784767, 0.10084438073814722, 0.11266474884822421, 0.10780149121416856, 0.10064695285051059, 0.09205103264331478, 0.12237753482315304, 0.12381685481170188, 0.12018211335293182], [0.11911203689909088, 0.10236606971306962, 0.11175233853869061, 0.10670169777367224, 0.10310715345624305, 0.0938517641895953, 0.1218798484297564, 0.12500000000000003, 0.11622909099988202], [0.11947013242380974, 0.10123970702133313, 0.1123410069026797, 0.1077391263389453, 0.10122171432016738, 0.09258694686451514, 0.12264278134901369, 0.12327675473310838, 0.1194818300464274], [0.11875991804754232, 0.10208097664448776, 0.11201243774000882, 0.10737427478769739, 0.10250597733035365, 0.0936517092684039, 0.12221298004120001, 0.12357358556536766, 0.1178281405749385], [0.11939280193170532, 0.10113269122647622, 0.112330235938656, 0.10767307442842863, 0.10114539180540806, 0.09255017670829682, 0.12273537719221597, 0.12333183045505267, 0.11970842031376017], [0.11900378832339256, 0.10221586161229215, 0.11173510295533136, 0.1068430199004367, 0.10293840551294182, 0.09385932326345808, 0.12224879104847104, 0.12439543107831251, 0.11676027630536363], [0.11893361635403824, 0.10177724511063525, 0.1119245060481952, 0.10741160241945233, 0.1021254889521126, 0.0933536826904984, 0.12260341751392123, 0.12357955173653065, 0.1182908891746161], [0.11915073674012781, 0.10152040408152185, 0.11190352831454826, 0.10753238488376977, 0.10173776640582605, 0.09305452612927022, 0.12280871230976767, 0.12342436964324957, 0.11886757149191877], [0.11926912996177313, 0.1011079197241161, 0.11224854343933532, 0.10758982895754493, 0.10119433876246423, 0.09263794845603941, 0.12287977260664242, 0.12325397231121905, 0.11981854578086551], [0.11924588963090525, 0.10104816336265554, 0.11226513873917938, 0.1075712577298281, 0.10113563861879019, 0.09259977666603178, 0.12289309430042412, 0.12329187066890865, 0.119949170283277], [0.1190976751042903, 0.10132752127281543, 0.1119917793508918, 0.1074937135171745, 0.1015643903708176, 0.09299380941910884, 0.12306310534283321, 0.12303285757254052, 0.1194351480495278], [0.11916701483527231, 0.10099631643026467, 0.11224005129623607, 0.10752059557443432, 0.10111982809474501, 0.09262094622237096, 0.12296397330712039, 0.12326810796442032, 0.12010316627513606], [0.11885667843276389, 0.10157689030811998, 0.11171867439273563, 0.10734245384122357, 0.10199347720286218, 0.0933685031412791, 0.12309263819243038, 0.12320355619640981, 0.11884712829217535], [0.1190591861631918, 0.10101387739188675, 0.1121504551512025, 0.10745332704040583, 0.1012092215316367, 0.0927387074174951, 0.12309503910338573, 0.12315216743356724, 0.12012801876722845], [0.1189030621811922, 0.10205764335094328, 0.11162905830298987, 0.10694865888360582, 0.10282163428486643, 0.09399215640679062, 0.12265836851672507, 0.12363973000558426, 0.11734968806730244], [0.11878570785104998, 0.10160401922147441, 0.11168238293925777, 0.10729854040686823, 0.10206915309054514, 0.09345289680155253, 0.12313893393007068, 0.12316221571160965, 0.11880615004757174], [0.11920951572945461, 0.10207809600303738, 0.11146953668063196, 0.10667110964645808, 0.10299102866601989, 0.09405105119540161, 0.1227237483442442, 0.12398461824039285, 0.11682129549435927], [0.1186968152285744, 0.10198591059088927, 0.11165196179021289, 0.1070932588456032, 0.10269461572627922, 0.09398816613978582, 0.12276605678840023, 0.12322572726780628, 0.11789748762244855], [0.11921501571216626, 0.10202120426227171, 0.11140753181959011, 0.10664718908031327, 0.10297698657854922, 0.09407412993611027, 0.12284516061016215, 0.12382042695392183, 0.11699235504691521], [0.11870058399179596, 0.1014415153752438, 0.11161110993542335, 0.10723638637843695, 0.10196915625805941, 0.09344521692967424, 0.12346752895607464, 0.12283386166496053, 0.11929464051033101], [0.11859300129656401, 0.10185491039395318, 0.11155445585471914, 0.1070744053598849, 0.10259740539601414, 0.09395544212663916, 0.12309499413750134, 0.12299412348937931, 0.11828126194534481], [0.11912840537904101, 0.10195659864416969, 0.11138466851982819, 0.10669727142056186, 0.10291616453709097, 0.09408312205479573, 0.12293964904767325, 0.12356074719291944, 0.11733337320391986], [0.1185332697065995, 0.10155606210313516, 0.11145929580594363, 0.10713594977193538, 0.1022188386606979, 0.09368458203654806, 0.12354008734038535, 0.1228042951311497, 0.1190676194436053], [0.11857493506420286, 0.10146158518218168, 0.11150664764325326, 0.10715733818312867, 0.10208809093906876, 0.09358154984427215, 0.12360673553762529, 0.12272710308865784, 0.11929601451760938], [0.11849011766460148, 0.10155009285101985, 0.11142297286510428, 0.10710878019193719, 0.10224701496401495, 0.09372496926223996, 0.12360493479921768, 0.12274639898221308, 0.11910471841965155], [0.11935732773373295, 0.101894978192977, 0.11118057719471092, 0.10646558513176116, 0.10303305510583391, 0.09417115695078532, 0.12316111685020116, 0.12353344608258837, 0.1172027567574092], [0.11855347732002179, 0.1013187775163545, 0.11159571974445348, 0.10714588503199697, 0.10194608655376484, 0.09350280601216363, 0.12374703194331094, 0.12249504555705551, 0.11969517032087831], [0.11867113749111828, 0.10170280786707137, 0.11129436532847459, 0.106879855647189, 0.10263338675286932, 0.09405312708704068, 0.12352228761103715, 0.12264921035383197, 0.11859382186136777], [0.12374501484847757, 0.11073614111291541, 0.11409311572224788, 0.10860445913522647, 0.11142394164087702, 0.10110553956050601, 0.11285679886322665, 0.1127269444375123, 0.10470804467901071], [0.12382670616010898, 0.11075040644315294, 0.11403498744015246, 0.10855476985669334, 0.11150819899504125, 0.10119098087056265, 0.1128349679098891, 0.11266001237353244, 0.10463896995086687], [0.12311940931191728, 0.11029433501124342, 0.11426944901607843, 0.108719980466673, 0.11081805697265358, 0.10049240046025233, 0.11341367227802752, 0.11344337536605174, 0.10542932111710268], [0.12291302828680219, 0.10996716293334044, 0.1144272444130207, 0.10884468262139316, 0.1102832932749074, 0.09993313808060529, 0.1137357199043612, 0.11395906749238395, 0.10593666299318551], [0.12427187614597733, 0.11066435944747667, 0.1135883258048182, 0.10815212929457176, 0.11200147520912627, 0.10169346332461704, 0.11289972765284265, 0.11238098339298111, 0.10434765972758882], [0.12499999999999999, 0.11096102684252916, 0.11321233127957046, 0.10786656731831057, 0.11273532362990846, 0.10244977594357087, 0.11244430867934277, 0.11168085035365827, 0.10364981595310932], [0.12350844200796667, 0.11020941942086089, 0.11381971060612918, 0.10830757777370428, 0.11130749872971589, 0.10099466747250731, 0.11352625616375754, 0.11317708152104847, 0.10514934630430979], [0.12353296961723709, 0.11016784189730297, 0.11374333252939416, 0.10823693524404074, 0.11136844837806215, 0.10106019906897996, 0.11358191651075797, 0.1131680636262795, 0.10514029312794548], [0.1225644107750182, 0.10952324298044186, 0.11407182314554122, 0.10852189098273646, 0.11030356281472099, 0.09999451993619264, 0.11438797156266695, 0.1143249633637612, 0.10630761443892048], [0.12361771737223973, 0.11011787280155179, 0.11358120583078808, 0.10809133836183611, 0.11153541932589893, 0.10123811615808537, 0.11364966633510595, 0.11309744839834643, 0.10507121541614778], [0.1227651008007035, 0.1094628759407501, 0.11389364120004862, 0.10835154648319802, 0.11045823675381539, 0.10015074823508263, 0.11446297617225475, 0.11424029950566672, 0.10621457490848026], [0.12293767469871883, 0.10962607287551071, 0.1137797537767032, 0.1082520933634805, 0.1107866500754853, 0.