[[0.11434345229764033, 0.1176707596031535, 0.12271258252902505, 0.10392274491567005, 0.1019634150319787, 0.12468406209637617, 0.09756921186022743, 0.10415532008107257, 0.1129784515848562], [0.11499386552155642, 0.11825622855959295, 0.12333854677836714, 0.1035179887755473, 0.10125936991198556, 0.12486077116104517, 0.09679177620267639, 0.10390969584693234, 0.11307175724229673], [0.11437070058946652, 0.11753776505962685, 0.12253286623816778, 0.1039360492261532, 0.1019790667346729, 0.12482464432375881, 0.09772142224194909, 0.10421285347694584, 0.11288463210925902], [0.11449654177056828, 0.11765021219662082, 0.12271680838098091, 0.1038560508088, 0.101846247616937, 0.12478986797304262, 0.09756574153756958, 0.10416407813389202, 0.11291445158158873], [0.1150662087342482, 0.1182196121237425, 0.12322766077831547, 0.10350078443949048, 0.10121398323366484, 0.12499999999999999, 0.09682799295327359, 0.1039275241654518, 0.11301623357181302], [0.11498161989520338, 0.11805615810255889, 0.12308949668253183, 0.10363660973296074, 0.10141280081197804, 0.12466418622859697, 0.09712537875749024, 0.10405413968793652, 0.11297961010074342], [0.11445260780887243, 0.11752224312195775, 0.12253769398178314, 0.1038777148435407, 0.10188594474704415, 0.125, 0.09768936889126831, 0.10419702561762954, 0.11283740098790399], [0.11457616060303141, 0.1175099995394675, 0.12248581166345685, 0.10390027211868222, 0.10187245291515507, 0.12479805408699751, 0.09778994620530725, 0.10426546499697048, 0.11280183787093173], [0.11425603318785632, 0.11709456676657347, 0.12186354153185464, 0.10411953372244794, 0.10224354538601015, 0.125, 0.09832355493964337, 0.10444392440829334, 0.11265530005732079], [0.11487901252481708, 0.11764537534176336, 0.12257759789889497, 0.10375044093930372, 0.10158540308697987, 0.12499999999999997, 0.097601382186112, 0.10421192585960092, 0.1127488621625279], [0.1154422785070184, 0.1180750060421226, 0.12284238759856762, 0.10363185003879065, 0.1012543211226552, 0.12440757034980154, 0.09727433607054899, 0.10420438582356653, 0.11286786444692859], [0.11434636356485332, 0.11706951815500324, 0.12183293710923414, 0.10413921911327811, 0.10223685715477038, 0.12484119750347107, 0.09840722521687943, 0.1044985903023685, 0.1126280918801418], [0.11531381671393202, 0.11790750008221206, 0.12263760182466202, 0.10373240232917329, 0.10142172702806432, 0.1243603307814736, 0.09751786237688809, 0.1042882485522981, 0.11282051031129639], [0.11515362877793273, 0.1176759674888111, 0.12244916463311123, 0.10379020482594838, 0.10154390638572179, 0.12459072812439506, 0.09774478587964198, 0.10433763167278236, 0.11271398221165538], [0.11577012357312903, 0.11809945822578474, 0.12305309223067692, 0.10340004026978758, 0.10085446147104907, 0.12499999999999997, 0.09701723639249442, 0.1040982978913275, 0.11270728994575052], [0.11485343967213671, 0.11740907080406363, 0.12222522293752398, 0.1039499531342635, 0.10183857115844823, 0.12454000694962539, 0.09808434195398859, 0.10443598305577721, 0.11266341033417258], [0.11569349926483338, 0.11800694816451329, 0.12288354105395219, 0.1035086993639284, 0.10101576193888415, 0.12475952477108981, 0.0972362246044213, 0.10419197473941462, 0.11270382609896272], [0.11553104424997247, 0.11786854227698008, 0.12259567344659736, 0.10370212494788275, 0.10131089844185698, 0.12433482136870601, 0.09758958041447247, 0.10434354725085092, 0.11272376760268094], [0.11433342054123515, 0.11683566514495378, 0.12149356432043619, 0.10420731435840218, 0.10231696902994408, 0.12500000000000003, 0.09872041206000767, 0.10461156996097841, 0.11248108458404275], [0.11543093231348767, 0.1177463962474902, 0.12240034132360712, 0.10374532269567664, 0.10139632676218499, 0.1244986918109194, 0.09772930619592027, 0.10437668127492773, 0.11267600137578597], [0.11499265992635375, 0.1173798015980956, 0.12211514263598416, 0.10395546565747146, 0.10179749144246361, 0.12446767685545265, 0.0981891209342138, 0.10449840432619657, 0.11260423662376838], [0.11538353845748128, 0.1176719088116364, 0.12229001183905713, 0.10376084601345048, 0.10143007248591601, 0.12462933939199859, 0.09780377815660235, 0.10439181747032485, 0.11263868737353293], [0.11431180869939658, 0.11676981128916808, 0.12138286563477806, 0.10427453364791464, 0.10240533695328459, 0.12484584821668265, 0.09886543765298801, 0.10467964376863821, 0.11246471413714916], [0.11522892472181512, 0.1174998682269055, 0.12215632138981597, 0.10380361164393904, 0.10153120882305, 0.12483020245251028, 0.09796578451802261, 0.10441748314071173, 0.11256659508322973], [0.1150514022125107, 0.1173466346255957, 0.12203661833259012, 0.10395825438004926, 0.10178002347607537, 0.12447987723631859, 0.09825321692688901, 0.10453004294556865, 0.11256392986440258], [0.11470573333079022, 0.11702194608859466, 0.12169777412040589, 0.10409272866980264, 0.1020536192466914, 0.12476934314474027, 0.09858783116595572, 0.10460427563148093, 0.11246674860153826], [0.11449204478940356, 0.11683387994148758, 0.12145334810262301, 0.10422981449473918, 0.10228998759330572, 0.12471994054155298, 0.09884670502046614, 0.10469328897851768, 0.11244099053790431], [0.11568643410459967, 0.11771436522667615, 0.12245462547293523, 0.10366919525249134, 0.1012150143107388, 0.12455787007762519, 0.09774291083974564, 0.10440094534257226, 0.11255863937261562], [0.11529924695653757, 0.11743747344653573, 0.12202350681969479, 0.10378698597132205, 0.10148492244611702, 0.125, 0.09803177360837025, 0.10444192751112105, 0.11249416324030154], [0.1146612648026875, 0.11693016016278099, 0.12157111474989214, 0.10413095134644751, 0.1021125617847344, 0.12481636171024092, 0.09870859085406546, 0.10464501758978365, 0.1124239769993674], [0.11491934038018814, 0.11713521913780732, 0.12178523164174161, 0.10405126369804077, 0.1019334104479659, 0.12455338852191294, 0.09852749360968534, 0.10461762523261446, 0.11247702733004351], [0.11512502873841454, 0.11728394891561554, 0.1219068179789524, 0.10396111210850055, 0.10175646410493348, 0.12454271081770177, 0.09835234748675023, 0.10457421101578669, 0.11249735883334479], [0.11526290480281118, 0.117359144779769, 0.12193723503561063, 0.103855599248649, 0.1015804998964149, 0.12483123175561459, 0.09819005993351351, 0.10450980896184545, 0.11247351558577173], [0.11433431139694317, 0.11659560035988457, 0.12112091246618084, 0.10431041159203536, 0.10243296808391317, 0.125, 0.09910677001548393, 0.10476632666050491, 0.11233269942505406], [0.11473891029325049, 0.11690175028170052, 0.12151325723395053, 0.10408892173938182, 0.10203194544994126, 0.12500000000000003, 0.09872031713508797, 0.10464400525745778, 0.1123608926092298], [0.11438651347611424, 0.1165983658686236, 0.12112099159853902, 0.1043150336289403, 0.10242058946861714, 0.12490572692204471, 0.09914162172954913, 0.10479009445817625, 0.11232106284939561], [0.11548744980764947, 0.11737198520024794, 0.12192763406661232, 0.10383463505332473, 0.10147902584884794, 0.12467714622110102, 0.09823781738462306, 0.10456505548244584, 0.11241925093514771], [0.11523518372270462, 0.11721161500710738, 0.12173941133496663, 0.10397637390151292, 0.10173538883299726, 0.1245438962721374, 0.09849344194126369, 0.10464471466500115, 0.11241997432230912], [0.11485200402733026, 0.11693167206895844, 0.1215122027160489, 0.10409422063846728, 0.10200106140907067, 0.12481475434282203, 0.09875593818521987, 0.10468293220734126, 0.11235521440474132], [0.11595908585359958, 0.1176024390046183, 0.12262231386017676, 0.10350291241771692, 0.10091335203810171, 0.125, 0.09768863974040834, 0.10436449296232574, 0.11234676412305265], [0.11537397021656912, 0.11726051493713446, 0.12173128626481378, 0.10391875787409241, 0.10161831920800321, 0.12464806606406625, 0.09842183520987727, 0.10462922661524664, 0.11239802361019686], [0.11573404158606017, 0.11742653336577684, 0.12221039342108105, 0.10365284490072507, 0.10117084950193375, 0.12500000000000003, 0.09800864467678179, 0.10446991789679186, 0.11232677465084956], [0.1155554762954284, 0.11732891954414984, 0.12188061926644969, 0.10385771063887397, 0.10148339613720876, 0.1245557138348449, 0.09833815344930345, 0.1046193996279155, 0.11238061120582571], [0.1147292610996187, 0.11672255778098775, 0.12148061889771668, 0.10418864939112771, 0.10215038572417352, 0.12465318228707688, 0.09903400938706042, 0.10477595582235832, 0.11226537960988002], [0.11541554156012147, 0.11706010362617528, 0.12177693225698434, 0.10398013799507884, 0.10167210901442159, 0.12436317680917261, 0.09872183138483744, 0.10474902487093182, 0.11226114248227659], [0.11438506425680625, 0.1163329357616262, 0.12152102764372207, 0.10430972371842566, 0.10239770679586337, 0.12468444866598322, 0.0994079251044526, 0.10485695758104444, 0.11210421047207617], [0.11621744783151136, 0.11740250007842412, 0.12251084025846877, 0.103521307863361, 0.10084283822301837, 0.12484672414927989, 0.09801450598989996, 0.10452054076970742, 0.112123294836329], [0.11628868557822726, 0.11743776727227784, 0.1225787157104212, 0.10351013411737515, 0.10080605920034134, 0.12473770454432495, 0.09799133814086775, 0.10452639459745898, 0.11212320083870542], [0.1145012052738197, 0.11638690455839423, 0.12163939647416451, 0.10418478728546342, 0.10220474628519857, 0.125, 0.09924694492821687, 0.10477601141715218, 0.11206000377759052], [0.11601593928212145, 0.11728930108346097, 0.12224984666894921, 0.10365463523970647, 0.10107346176659918, 0.12472343049735926, 0.09823539468822459, 0.104597981569464, 0.11216000920411484], [0.11565634275766573, 0.11711050494524054, 0.12203310908295033, 0.10385835423507214, 0.10144101129964736, 0.12441340615200396, 0.09858634572356964, 0.1047080973970537, 0.11219282840679663], [0.11615065396794154, 0.11732004877418843, 0.12238391187904654, 0.1035397502251162, 0.10088527262746222, 0.125, 0.0980974291439874, 0.1045350191846514, 0.11208791419760626], [0.11500963245879246, 0.11671927408072341, 0.12187214964621329, 0.10410078298148043, 0.10194350626733639, 0.12434911370636695, 0.09905432045649379, 0.1048017864884739, 0.11214943391411936], [0.11460820634494903, 0.11642986108189296, 0.12173920152316052, 0.10417155289600026, 0.10215348418507056, 0.12480236999611319, 0.09924335487625509, 0.10479339291853534, 0.11205857617802287], [0.11559117376157614, 0.11695856456048542, 0.12214002686956417, 0.1038789793789718, 0.10148129795391908, 0.12436500014555726, 0.09874099668588018, 0.10474344812306981, 0.11210051252097611], [0.11568631729693014, 0.11698515197794566, 0.12222946361654206, 0.10386084974659822, 0.10142783044707064, 0.12424404172497946, 0.09872190675696153, 0.10475214275389555, 0.11209229567907675], [0.1159782392115486, 0.11707626337143552, 0.12243135295405937, 0.10369467954550919, 0.10112621106726083, 0.12450059255222345, 0.09849627327268073, 0.10467755509443293, 0.11201883293084937], [0.11545409598299518, 0.11682143416662155, 0.12211285398691327, 0.1038772439470471, 0.10151838458266504, 0.12463751438986732, 0.09882209675364774, 0.10473058655280222, 0.11202578963744055], [0.11612947502252446, 0.11714164334470552, 0.12247895543086855, 0.10360483946029841, 0.10096551289412077, 0.1246985955784683, 0.0983657855207842, 0.10463370673250326, 0.11198148601572662], [0.11531970194950074, 0.11672284447519994, 0.12214244577512802, 0.10387566468190296, 0.10155673060890906, 0.1248293394506501, 0.09886453671350831, 0.10470843948916257, 0.11198029685603848], [0.11474018694327842, 0.11636716659973016, 0.12202715864228597, 0.1040803362863029, 0.10198942587745062, 0.12483436382099926, 0.09924926232616586, 0.10477865044853793, 0.11193344905524888], [0.1160105339262581, 0.11704621587473041, 0.12251223036152989, 0.10367527374877701, 0.10108926740457416, 0.12449709832582824, 0.09851424718102429, 0.10468010965752486, 0.11197502351975305], [0.11520667096407144, 0.11663903932271578, 0.12218708055964302, 0.10390794400297312, 0.1016306843647569, 0.12480512755000399, 0.09894759401835937, 0.1047200378756708, 0.11195582134180555], [0.11516171046778989, 0.11659322471364852, 0.12222248173831644, 0.10393230049706013, 0.10167362284675881, 0.1247280899345146, 0.09900899671603143, 0.10473824865400932, 0.11194132443187085], [0.11507907622272683, 0.11654406088325472, 0.12222179466358293, 0.10399500228660508, 0.10177701996091748, 0.12454347539610074, 0.09911152147863743, 0.1047783675435503, 0.11194968156462448], [0.11485322789213893, 0.11637844787420576, 0.12218005129465642, 0.1040246540626438, 0.10188139082183471, 0.12481013546836406, 0.0992154686678886, 0.10476757509167157, 0.11188904882659612], [0.11560086048045183, 0.11676977580910518, 0.12238074517458694, 0.10383215846679116, 0.10140927497317202, 0.1244587652601584, 0.09886054837750488, 0.10475304470372271, 0.11193482675450686], [0.11528125176182226, 0.11659767845035711, 0.12230316467410265, 0.10383301889087763, 0.10150928530209313, 0.125, 0.09891149116811657, 0.10468948084765929, 0.11187462890497135], [0.11475926044140886, 0.1162805630010333, 0.12218905642698909, 0.10401957575682633, 0.10190108706846468, 0.125, 0.0992617592493218, 0.10475501271156822, 0.11183368534438774], [0.11577413951112081, 0.11681299596715064, 0.12255411089943835, 0.10380616820367922, 0.10132058947804323, 0.12419768048995468, 0.09883803187868893, 0.1047759199492454, 0.11192036362267874], [0.11537194474710206, 0.11660973251577629, 0.1223593059309516, 0.10382993540669636, 0.1014750381223391, 0.12484650906248837, 0.09893072279686234, 0.10471499915022607, 0.11186181226755801], [0.11523271459520304, 0.11649012329911985, 0.12244960332619721, 0.10386670785642117, 0.10156087291687074, 0.12480437282405657, 0.09904726492593623, 0.10473165609669423, 0.11181668415950094], [0.11510712158956884, 0.116401194882886, 0.12248004090146249, 0.10395560367818273, 0.10170866406862837, 0.12453058211105739, 0.09921090458581107, 0.10479145435813017, 0.11181443382427296], [0.11542468425623864, 0.11645677965534433, 0.1226584224773465, 0.10382242310204472, 0.10143740264376672, 0.12461301422898773, 0.09909114987559287, 0.10476726681854835, 0.11172885694213014], [0.11484376967783788, 0.11611651904979625, 0.12257561055723298, 0.10399455213881749, 0.10182785567479431, 0.1247262430921572, 0.09943492460722562, 0.1048093563163493, 0.11167116888578914], [0.11494188549231639, 0.11607916884318151, 0.1227597092726934, 0.10388278900560123, 0.10165179647397747, 0.125, 0.09935912433534719, 0.1047549024362086, 0.11157062414067424], [0.11615824314287461, 0.11659944887966414, 0.12332060010602912, 0.10343144270947996, 0.10070616858501245, 0.125, 0.09868798271021499, 0.10463825884072184, 0.11145785502600283], [0.11503441713931786, 0.11610392600855642, 0.12285032060828775, 0.10387286479971396, 0.10160901230736895, 0.12483250705136571, 0.09936058700357732, 0.1047724847607996, 0.11156388032101223], [0.11611101939752962, 0.11646164887123142, 0.12349250226994984, 0.10346933368320936, 0.10075904360527464, 0.12476508385095779, 0.09886918149218232, 0.10469581846136826, 0.11137636836829673], [0.11492320881218342, 0.1159457461918645, 0.12295417797938936, 0.10391195971292654, 0.10168337420852559, 0.12475922261757072, 0.0995284559892471, 0.10481212610974411, 0.11148172837854843], [0.11575498422327808, 0.11629297688565997, 0.12322139796201959, 0.10357498210208332, 0.10100182071415735, 0.125, 0.0990482483557146, 0.1047106206013414, 0.11139496915574569], [0.11541465214874515, 0.11612259036176194, 0.12316701386157689, 0.10368474310410371, 0.10124490314188564, 0.12500000000000003, 0.09922196673529328, 0.1047308678969103, 0.11141326274972327], [0.11573390016206742, 0.11624865182853865, 0.12323828310574404, 0.10359875806879158, 0.10103498185879013, 0.12491231913103396, 0.09912040844318185, 0.1047375267296924, 0.11137517067216016], [0.11495954955208647, 0.1158813938897223, 0.12310932629039936, 0.10390518820027445, 0.1016565164875821, 0.12463039549317426, 0.09960072909635215, 0.1048376043764728, 0.11141929661393613], [0.11527476991539805, 0.11586518010445197, 0.12349605729553265, 0.10368079249513036, 0.10126651114358173, 0.12499999999999997, 0.09942512537289994, 0.10475187588368542, 0.11123968778931971], [0.11537478555757469, 0.1158925841347587, 0.12356077158863539, 0.10367583577964817, 0.10122662194869997, 0.12482323779536374, 0.0994410461164612, 0.104778318929018, 0.11122679814984016], [0.11505779072971292, 0.11573039075890057, 0.1234569641012307, 0.10375535494968029, 0.10142285995714928, 0.125, 0.09958049779079409, 0.10478044262518758, 0.11121569908734456], [0.12086994289359071, 0.10433242652094768, 0.10228360550519688, 0.1167877387708434, 0.11213284516707032, 0.09420189351989543, 0.12488052423977239, 0.12363013952414913, 0.10088088385853394], [0.11910087812866911, 0.10508501815028633, 0.10317564096526709, 0.11634513530867348, 0.11168493586821247, 0.09484077806353174, 0.12500000000000003, 0.12314324264721344, 0.10162437086814646], [0.11993525358983108, 0.10468743097402818, 0.1027194132520517, 0.11655918484694641, 0.11182860863546482, 0.09449006835190546, 0.125, 0.12355328873906507, 0.1012267516107073], [0.12089507120023944, 0.1043208718477569, 0.10231549578265033, 0.11673771257847126, 0.11209393095788225, 0.09424537808354468, 0.12494899349101822, 0.12355815524490203, 0.10088439081353474], [0.12087269777448598, 0.1043256090064164, 0.10235300837738531, 0.11669502502463598, 0.11205456697524561, 0.09428392993472894, 0.125, 0.12351651978525117, 0.1008986431218506], [0.121221421095424, 0.10427969955535712, 0.1023359572974144, 0.11672978838411643, 0.11215355523824747, 0.09436249352647146, 0.12467149992168473, 0.12335852085169209, 0.10088706412959242], [0.11965670153412805, 0.10490300298646772, 0.10311700284841283, 0.11635003063635069, 0.11165077630325732, 0.09490532919696852, 0.12465544381448543, 0.1232567512163054, 0.10150496146362416], [0.11897287034310415, 0.10526766171135482, 0.10358354252452638, 0.11610437600008472, 0.1115056701762898, 0.09526731789010132, 0.12462803996859151, 0.12278847386403281, 0.1018820475219145], [0.12097944008084009, 0.10439572040983391, 0.10264874536522998, 0.11649269824451834, 0.1119331626283841, 0.09468311267759053, 0.12463033019125791, 0.12317386143816098, 0.10106292896418416], [0.1205113068729081, 0.10460544529702404, 0.1029718689965757, 0.11633147492610833, 0.11174657412227477, 0.09495508149216904, 0.12445417557560405, 0.12312855467313132, 0.10129551804420465], [0.12057956431915413, 0.1045888742942716, 0.103025222036735, 0.1162658295519177, 0.11170678015841164, 0.09504240894008453, 0.1244682433332483, 0.1230155048625891, 0.10130757250358799], [0.12220510866993536, 0.10396582103769976, 0.10227313762816559, 0.1164660387013309, 0.11215167931873082, 0.094576674414554, 0.12421356101819737, 0.12343234270662037, 0.10071563650476589], [0.11972054302689465, 0.10495136657897719, 0.10353950432352774, 0.11592553288213561, 0.11129443571247336, 0.09538371562418793, 0.12475041804220972, 0.122759198356295, 0.10167528545329896], [0.11944649842675713, 0.10537811224838135, 0.104031122945582, 0.11552457496786767, 0.11089175255237477, 0.09563273817456283, 0.12499999999999999, 0.12211807903600912, 0.10197712164846502], [0.11979920753953235, 0.10500608689514672, 0.10365696290146424, 0.11572152409154052, 0.11112007128118481, 0.09544768492290724, 0.125, 0.12254650545648477, 0.10170195691173935], [0.12100967822515907, 0.10436473485720321, 0.10288664565037496, 0.11618013660274984, 0.11169034929248473, 0.09499764949095083, 0.12500000000000003, 0.12274314828425258, 0.1011276575968249], [0.12207653246328677, 0.10400601239226971, 0.1024590893242304, 0.11628830025208495, 0.1119802152582735, 0.09477979685727742, 0.12439930734564206, 0.12320895632088544, 0.10080178978604973], [0.12092890181718911, 0.10441170507995969, 0.10297379541448845, 0.11613665790683474, 0.11164833039093898, 0.09508480231863307, 0.1249131846600757, 0.12271554837527246, 0.10118707403660779], [0.1200394543576907, 0.10499200948700972, 0.1037248780008659, 0.11565870906497155, 0.11106254040817064, 0.09557605506262233, 0.12476797192345325, 0.12246472018981565, 0.10171366150540037], [0.11994327146399661, 0.105170761298021, 0.10392023568239893, 0.11549895878827665, 0.11095866966809968, 0.09569327532295213, 0.12469083666000215, 0.12227224102926447, 0.10185175008698823], [0.12213989259138722, 0.10394426331600366, 0.10250769064510387, 0.11613209776366852, 0.11189513823498806, 0.09487315396916926, 0.1246351799968012, 0.12309055963878435, 0.10078202384409375], [0.12145748272227172, 0.10419378523273015, 0.10287729429106449, 0.1160031725450136, 0.11162493189115402, 0.09512996733527343, 0.125, 0.12267563957591168, 0.1010377264065809], [0.12038780646950588, 0.10493459166619198, 0.10377229792583326, 0.11563326200342242, 0.11109082628223621, 0.09574761425706861, 0.12434773114013438, 0.12237453079909588, 0.1017113394565114], [0.12045925358970853, 0.10486921222739061, 0.10370318874293817, 0.11570589023349177, 0.11118835845983861, 0.09572945392189282, 0.12425763715229401, 0.12241616636969296, 0.10167083930275253], [0.12114356964099524, 0.10440158596062547, 0.10316131528569389, 0.11595179936856059, 0.11155823106044654, 0.09539813836847094, 0.12468120091969687, 0.12243659268718296, 0.10126756670832739], [0.12020095430973576, 0.10526966674278256, 0.10415032079896783, 0.11527142170414499, 0.11077692817888964, 0.09593838640277998, 0.12443396362745718, 0.12200662864000382, 0.10195172959523814], [0.12229079083109888, 0.10386688233121047, 0.10250121594624644, 0.11602529071541963, 0.11190578044250436, 0.0949306650274873, 0.1247166469907788, 0.12302152586741293, 0.10074120184784138], [0.12068237505765016, 0.10465416256143471, 0.10350103907697915, 0.11581533614959155, 0.11136849919731513, 0.09565261809186648, 0.12442132852430286, 0.12238755302097858, 0.10151708831988138], [0.1201101295481861, 0.10548552216830387, 0.1044341708135311, 0.11511025448649644, 0.11055978710057905, 0.09612698781253454, 0.12441621476245303, 0.12163981220839158, 0.10211712109952419], [0.12043079626938885, 0.10511304495722751, 0.10403004125183263, 0.11533862992266403, 0.11080363766715083, 0.09590420585764092, 0.12445287885010699, 0.12208965949246406, 0.10183710573152441], [0.12062609759458055, 0.10482232603391664, 0.10371200902021087, 0.11562200913618106, 0.11112262619314081, 0.09576116960312406, 0.12439550089792709, 0.12230474396289111, 0.10163351755802791], [0.12209318840949294, 0.10392593669927153, 0.10263924557740682, 0.11593577001997568, 0.11176094031417837, 0.09505012972413318, 0.12489855531895658, 0.12287848759717271, 0.10081774633941222], [0.12075828415220237, 0.10469928552167193, 0.10358495293881853, 0.11573883738070694, 0.11129412928424488, 0.09573349782697722, 0.1243165560391295, 0.1223159531772592, 0.10155850367898944], [0.12021985998863564, 0.1054618116689016, 0.104446738707819, 0.11505674910094754, 0.11052257151387743, 0.09615784848118544, 0.1244180081792666, 0.12161490024959677, 0.10210151210976998], [0.12062838688161985, 0.10496726416790615, 0.10391269754848105, 0.1154293764699642, 0.1109020224681693, 0.09589223131000807, 0.12437880808820992, 0.12214740328680598, 0.10174180977883547], [0.12201206703672324, 0.1039464870329048, 0.10271933903067358, 0.11586424111367911, 0.11168459407364728, 0.09513517044890302, 0.125, 0.12278153464723375, 0.10085656661623528], [0.12194098588904968, 0.1039981953785208, 0.10283277289794365, 0.11580667953975737, 0.11163262591339387, 0.0952676734980784, 0.12489976989920974, 0.12268920944295421, 0.10093208754109226], [0.12095661629967872, 0.10473186479404958, 0.10372386984568059, 0.11548694252685786, 0.11103373731015723, 0.0958370029549009, 0.12456850570330634, 0.12209094454263966, 0.10157051602272914], [0.12080610284796099, 0.10500993965480744, 0.10404339991672312, 0.1152438087790939, 0.11072159092401423, 0.09601170249545052, 0.12443758893321576, 0.12195011235813068, 0.10177575409060323], [0.12033433492733643, 0.10553657209088789, 0.10465726401449323, 0.11478003137430767, 0.11022810622918613, 0.09630684385638698, 0.1247822114464873, 0.12123133827728673, 0.10214329778362752], [0.1216819496819071, 0.10416197229476852, 0.1030794458484003, 0.11575306039560289, 0.11151289865216667, 0.09550195219718158, 0.12466051222490383, 0.12252912669366774, 0.10111908201140138], [0.12098920095683223, 0.10476513871870555, 0.103794055653274, 0.11537607340128857, 0.11090812188594358, 0.09587315428662602, 0.12469875503659647, 0.12200910453327948, 0.10158639552745409], [0.12056135397192652, 0.10541365478865791, 0.10453191927333604, 0.11484173137338628, 0.11034677568886975, 0.09628232974475708, 0.12450932758510862, 0.12144363142973803, 0.10206927614421979], [0.12027668189750543, 0.10575901060327213, 0.10494123498134794, 0.11458468407653925, 0.11000621519176532, 0.09645505553986582, 0.12445373711341437, 0.1212260377400698, 0.10229734285621991], [0.12095421714772538, 0.1048397744642227, 0.10389249354860693, 0.11527987204016413, 0.1107905817110459, 0.0959261111923055, 0.12473030847287307, 0.12194853451180496, 0.10163810691125133], [0.1213425227377194, 0.10432800728930085, 0.10334212772828513, 0.1155935297937535, 0.11127640482011637, 0.09566248666810102, 0.12499999999999999, 0.12218661765875392, 0.10126830330396973], [0.12040790048006782, 0.10569053560498298, 0.1049314188497052, 0.11452061577920408, 0.10996304720457153, 0.09649902055812384, 0.12464815001524748, 0.12108719368551478, 0.10225211782258227], [0.12051934687116668, 0.10553508943751672, 0.10475841935165628, 0.11458630420713573, 0.1100428852881569, 0.09639801133134467, 0.125, 0.12102695757635273, 0.1021329859366703], [0.12207091284323507, 0.10391750132215792, 0.10289782475411849, 0.11561856369503341, 0.11162752032628037, 0.09545067549266296, 0.125, 0.1224936490002939, 0.10092335256621784], [0.12166275895218055, 0.10418711077496609, 0.10323367600995033, 0.11561752901370542, 0.11144547102774992, 0.09572306729213308, 0.12455724998450325, 0.12237428399228735, 0.10119885295252402], [0.12084122944813346, 0.10539011090593821, 0.1046186736581613, 0.1146748189139219, 0.11021508511007035, 0.09641408254147407, 0.12448880781468122, 0.121295592071037, 0.10206159953658252], [0.12124383343574664, 0.10477449833063406, 0.10393751085592993, 0.11509744980123399, 0.11063381264808338, 0.0960027533194986, 0.12499999999999999, 0.12172685703893915, 0.10158328456993415], [0.12167566074401699, 0.10428050213701782, 0.1033817192573666, 0.11551155586540096, 0.11128474042256173, 0.09582791782360747, 0.1245698315725978, 0.12219458320629493, 0.10127348897113572], [0.12122145498045198, 0.10494261135344826, 0.10414221715605762, 0.11498419676011257, 0.11050173875374769, 0.09616241350812674, 0.12467909569375571, 0.12164026603171439, 0.10172600576258506], [0.1208030641832349, 0.1054736819869846, 0.10476211883846576, 0.11454469552101512, 0.1100458181113037, 0.09649928967964459, 0.12468504633218756, 0.12107193159818294, 0.10211435374898081], [0.12134494309050886, 0.10490659315447425, 0.10415002986342685, 0.11493220401457542, 0.1104674686014235, 0.09619947185450832, 0.12473363931427088, 0.12156410656541791, 0.10170154354139414], [0.12146643109108435, 0.10475789038588998, 0.10398322825671284, 0.1150569693740708, 0.11063714648462714, 0.09612106233964988, 0.12476594653752462, 0.12161497186297854, 0.10159635366746188], [0.12082129253046127, 0.10560492591303376, 0.10498266464476858, 0.11436772239321927, 0.10986003846606993, 0.0966585095773072, 0.1247019973645876, 0.12079143862738939, 0.10221141048316314], [0.12157157557618678, 0.10456985384465398, 0.10377005700851324, 0.11518466948840925, 0.1108206805215697, 0.09600609553780405, 0.12500000000000003, 0.12161981659552855, 0.10145725142733462], [0.12078315150446596, 0.10568590380909111, 0.10509306965971758, 0.11429516148664658, 0.10978011120592959, 0.09672624335224424, 0.12457622698383516, 0.12078986329655123, 0.10227026870151852], [0.12190039014272427, 0.10423657987585647, 0.10340800979769016, 0.11540734775847256, 0.11124712087493918, 0.09592389949772594, 0.12450158274723842, 0.12211806876907684, 0.10125700053627612], [0.12130364286583821, 0.10512245702745433, 0.1044506666106116, 0.11459659385993234, 0.11013814989758268, 0.09635936294855638, 0.12490297999995034, 0.1212805384283086, 0.10184560836176564], [0.12124822181399574, 0.10519377394809586, 0.10453598305565726, 0.11451842270802177, 0.1100804911360021, 0.0964065991081243, 0.12491428959204659, 0.12120447027545836, 0.10189774836259806], [0.12128003038772386, 0.10514562646908007, 0.10448418787224398, 0.1145422621936238, 0.11009190294249357, 0.0963674664581376, 0.125, 0.1212321600434978, 0.10185636363319933], [0.12175358251660601, 0.1046193052622068, 0.10389998261896674, 0.1150542869823316, 0.11070768252068017, 0.09615859171936898, 0.12482591935724978, 0.12146930709317712, 0.10151134192941277], [0.12158569014203835, 0.10490931097903958, 0.1042485397190458, 0.11480517391440054, 0.11037365573879498, 0.09634847144906052, 0.1246189198616866, 0.12138832989618863, 0.10172190829974488], [0.12166972478849099, 0.10484228696439916, 0.10418274479570995, 0.11484801827044161, 0.11044044710741728, 0.09632838648582934, 0.12461922385929247, 0.1213926585776006, 0.1016765091508186], [0.12212799461356635, 0.10403522227150448, 0.10327390798770704, 0.11526572741746395, 0.111283588815082, 0.09588350127776864, 0.12499999999999997, 0.12203393792016451, 0.10109611969674283], [0.12181278031079906, 0.10506547319569255, 0.10456491788638554, 0.11443103477434531, 0.10999196084459434, 0.09660327704399845, 0.12465885525008992, 0.12103211801728468, 0.10183958267681015], [0.12139254693910355, 0.10548825960702268, 0.1050985686156023, 0.114009611708994, 0.10955298874365675, 0.09685760243847712, 0.12499999999999999, 0.12047553278754787, 0.10212488915959564], [0.12196660456096454, 0.10489443166235944, 0.1043608700833508, 0.11466717635953952, 0.11029827587579, 0.09656237740418837, 0.12435062214995445, 0.12115357186483948, 0.1017460700390133], [0.12191977667616948, 0.10501574304601714, 0.1045291895849225, 0.11447028095109425, 0.11005066240262844, 0.0966262973120742, 0.12453760073522276, 0.12103417526025254, 0.10181627403161873], [0.12238067812722304, 0.10413323114054601, 0.10347674893850368, 0.11509113899773911, 0.11108655108719029, 0.0961005266487145, 0.12473880578944539, 0.12180032947888754, 0.10119198979175044], [0.12171075284206734, 0.10532577020346086, 0.10494170498223426, 0.11406355465849424, 0.10968978665173948, 0.09684753078261434, 0.12472352883726275, 0.12066661797374952, 0.10203075306837722], [0.12174457673337391, 0.10533429918024352, 0.10498075682969829, 0.114008832590454, 0.10963137893084553, 0.09688055939477416, 0.12478674855834905, 0.12059775858019883, 0.10203508920206274], [0.12201626657413762, 0.10509996552686156, 0.10473826134845937, 0.11411872491091654, 0.10971371416113977, 0.09674064382886907, 0.125, 0.12072175273321897, 0.10185067091639709], [0.12231071300397225, 0.10481716065886687, 0.10436660014707944, 0.11460365291929156, 0.11030121358257396, 0.0966788433198786, 0.12423154062536225, 0.1209754092113781, 0.10171486653159696], [0.1222771421238846, 0.10487092485914744, 0.10443817450504114, 0.11454193737829535, 0.11022031416852923, 0.09671486361233617, 0.12423401942560841, 0.1209515924739786, 0.10175103145317904], [0.12193596171275116, 0.10531566476044238, 0.10506594789808198, 0.11382909631460844, 0.10946077954658123, 0.09697572246739224, 0.125, 0.12040018710765717, 0.10201664019248541], [0.12254596368284833, 0.1045283476922579, 0.10406950217760522, 0.11469631086640873, 0.11049167254766709, 0.09653877163327125, 0.12445442469625934, 0.12117457142519554, 0.1015004352784868], [0.12236801850684875, 0.10493037063129469, 0.10459333959011226, 0.11431487992775526, 0.10997457600725534, 0.09682568787183769, 0.12444763222496677, 0.12076070966370755, 0.1017847855762217], [0.1222597421901186, 0.10510778531353408, 0.10483412772015308, 0.11402285029519925, 0.10963794525327974, 0.09689776400433787, 0.12477887948021939, 0.1205794324656404, 0.10188147327751769], [0.1221268300139679, 0.10537688648481194, 0.10523788350977202, 0.11367921350198112, 0.10933267139979504, 0.09718288831954264, 0.12477466938620158, 0.12020110169453956, 0.1020878556893882], [0.12269950307346919, 0.10457046610888122, 0.10420600590585041, 0.11450800992141591, 0.11030015832123401, 0.09666633737144574, 0.1245748270124774, 0.12094226948504225, 0.10153242280018382], [0.12290921839573037, 0.10446434628111867, 0.10414637974978298, 0.11442163747093893, 0.11024688575672491, 0.09665382704737038, 0.12480653628221997, 0.12090542410398744, 0.10144574491212635], [0.12303320524701808, 0.10426406194251216, 0.10390462097255909, 0.11450956488165306, 0.1103998216482597, 0.09650433943340297, 0.125, 0.12109318061361314, 0.10129120526098181], [0.12223004515307735, 0.10555333565969582, 0.10560330893548533, 0.11332806366802854, 0.10895188574642625, 0.0974401034575234, 0.125, 0.11968699599552671, 0.1022062613842366], [0.12295350256167366, 0.10450679700932557, 0.10423457690924487, 0.11433378900072182, 0.11015400605254783, 0.09673352501039537, 0.12481635978814623, 0.12078624611767368, 0.101481197550271], [0.12278412052183114, 0.10503793384481197, 0.10496984953593376, 0.11370656958041919, 0.1093525014776552, 0.09711671931544184, 0.12500000000000003, 0.12019270454515747, 0.10183960117874949], [0.12311018604292165, 0.10442466703039699, 0.1041809838784055, 0.11427651762580479, 0.11011987194234485, 0.09671272479327347, 0.12500000000000003, 0.12076222675274445, 0.10141282193410849], [0.12255624294023772, 0.10537072860106347, 0.10544636736739632, 0.1133242165596732, 0.10900032999687802, 0.0974227809963174, 0.125, 0.11979269483562582, 0.10208663870280803], [0.12293670316459603, 0.10486728218274938, 0.10477788478022829, 0.11385070121835457, 0.10954444214257383, 0.09704982630585267, 0.125, 0.1202459421744574, 0.10172721803118781], [0.12307580045504923, 0.10475805493688956, 0.1046121856932708, 0.11407499186837805, 0.10984713411446805, 0.09702948214051522, 0.12455824620613808, 0.1203578863374551, 0.1016862182478359], [0.1232556237316745, 0.10444063499372701, 0.10424869621024685, 0.11419941774875625, 0.11006495506566988, 0.09681469038588052, 0.1248642150290024, 0.12067123167443708, 0.1014405351606055], [0.12332582276198517, 0.10442099216536435, 0.1042350170395169, 0.11420082535897107, 0.11008540555706005, 0.09683015503119888, 0.12478633745512246, 0.1206819115156792, 0.10143353311510195], [0.1232972386876701, 0.10454992463220926, 0.1044394533040899, 0.11401543145577962, 0.1098383634200025, 0.09693683305501291, 0.125, 0.12040902821305045, 0.10151372723218526], [0.12344715936193329, 0.10441554494219096, 0.10425876989187519, 0.11416494968964418, 0.11007543608325787, 0.0968936804370556, 0.12465771016229725, 0.12064296715338677, 0.1014437822783589], [0.12332033906251409, 0.10480165378252375, 0.10478485421715163, 0.11383598491687318, 0.10962024980294047, 0.09721514885213028, 0.12461318647218793, 0.12008059135466685, 0.10172799153901178], [0.1235507534932305, 0.10444139065625341, 0.10433169320829432, 0.11408677689572219, 0.11000712538349221, 0.09698241655334183, 0.12458273032402829, 0.12054372415901785, 0.10147338932661941], [0.1231118660366228, 0.10519470169368997, 0.10534367173508388, 0.11333320315391127, 0.10905549164504416, 0.09751918101637441, 0.12467570361163899, 0.11976926423338342, 0.10199691687425111], [0.12335975475088069, 0.10482264063946574, 0.10483609355286369, 0.1137781408898804, 0.10956227608297352, 0.09726426781888764, 0.12460489017265283, 0.12002574075816598, 0.10174619533422971], [0.12298284376720271, 0.10532357837640755, 0.10554678461486248, 0.11312121437344715, 0.10887310248617879, 0.09764077272497906, 0.12484913359318786, 0.11957713020032434, 0.10208543986340991], [0.1233186174075381, 0.1050551261435833, 0.1051909346820523, 0.11343202951414498, 0.10913648045124479, 0.09745800967836253, 0.12469550066597414, 0.11981376249234284, 0.10189953896475701], [0.12310206421704756, 0.1052607354484375, 0.10551449496296449, 0.11308129371616399, 0.10883528676665279, 0.09763934299679841, 0.125, 0.11953131702727492, 0.10203546486466036], [0.1236471914848716, 0.10464039363768204, 0.1047041640099989, 0.11368883060314974, 0.10951722924896964, 0.09720480017996085, 0.12499999999999997, 0.12000256794053674, 0.10159482289483032], [0.12350083199333037, 0.10491974557034266, 0.10508425122968929, 0.11340729773576975, 0.10914312385004431, 0.09741223777212332, 0.125, 0.11974171463623065, 0.10179079721246964], [0.1233146718767593, 0.10520872262503198, 0.10547307154172181, 0.11313453198847112, 0.10888453562050136, 0.09767287107132666, 0.12475230643067853, 0.11954309398369373, 0.10201619486181553], [0.12371029400925675, 0.10476521808219927, 0.10490096432342065, 0.11356809014355765, 0.10939162387672356, 0.0973911486059904, 0.12475286931953945, 0.11980991453644091, 0.10170987710287137], [0.12376998132591514, 0.10467753064137318, 0.10479760231306329, 0.11359967249116766, 0.1094406909573164, 0.09731797429655943, 0.12487044812016475, 0.11988904910551101, 0.10163705074892922], [0.12376742998158594, 0.10476304294439621, 0.10491913714171464, 0.11353580301659807, 0.10936678714384855, 0.0974213467614085, 0.12473768286457529, 0.11977691696992109, 0.10171185317595169], [0.1234107744422493, 0.10526983589224144, 0.10563199774064584, 0.112963482646802, 0.10874594455116637, 0.09784282705356852, 0.1247069265032, 0.1193510501941133, 0.10207716097601323], [0.12389834190774561, 0.10461789557921869, 0.10474668578201404, 0.1136292573319364, 0.10952449936413652, 0.09735756727920442, 0.12465353965870743, 0.11995544508931519, 0.10161676800772172], [0.1238354474480688, 0.10493233384562795, 0.10521075502607626, 0.11328355557263517, 0.10908560753607391, 0.09765373200881562, 0.12463517002099028, 0.1195159517839649, 0.10184744675774711], [0.125, 0.11079153040343191, 0.1093711988743865, 0.11292284448564804, 0.10661581194749449, 0.09814601535148103, 0.11102184027583047, 0.1203363403205278, 0.10579441834119979], [0.12490633058167755, 0.1108464287746911, 0.10947545739294057, 0.11288282873138614, 0.10657945441365989, 0.09825286073097123, 0.11095731110170903, 0.12024835371689166, 0.10585097455607302], [0.125, 0.11027945599669833, 0.10886585124479357, 0.1130277559614985, 0.10682553012376787, 0.0977347490775043, 0.11200079041018032, 0.1209056443047058, 0.10536022288085126], [0.125, 0.10990640786816518, 0.10841848400352751, 0.11322849834697532, 0.10701697775817286, 0.09735879558259342, 0.11269470656593525, 0.12133676734728795, 0.10503936252734254], [0.125, 0.11098368583813964, 0.1100769946912417, 0.11247494029506486, 0.10620632672319197, 0.09883634610434601, 0.11072266749512165, 0.11969221684992865, 0.10600682200296549], [0.12500000000000003, 0.11153891263118022, 0.11080109725151341, 0.11214706863306617, 0.1058415221554186, 0.09949126276310448, 0.1098119531126854, 0.11892486822485776, 0.1064433152281741], [0.12489969508191738, 0.11043915279115034, 0.1094824888463796, 0.11264778072197953, 0.10648259373131298, 0.09835266148719952, 0.11180860175985811, 0.12034421944270067, 0.10554280613750187], [0.12499999999999997, 0.11042565734874824, 0.10955794364649549, 0.11256835128638198, 0.10641172323084014, 0.0984249535011331, 0.1118153260157021, 0.12026133751063216, 0.10553470746006664], [0.12448049778792503, 0.10972897544190778, 0.10871420267673709, 0.11297002309637529, 0.10688272701387988, 0.09779900887693643, 0.11337260541541735, 0.12108115231431789, 0.10497080737650309], [0.12478563252106345, 0.1104817662069704, 0.10979539245087001, 0.11244476076787108, 0.10631829005007967, 0.09868622293329038, 0.11179950729745194, 0.1200754217917555, 0.10561300598064742], [0.1246459434076984, 0.10974925863341548, 0.10890501576191051, 0.11279860516378755, 0.10673385374213042, 0.0979815465784029, 0.11331863948303544, 0.12087106081398329, 0.10499607641563603], [0.12500000000000003, 0.10990414415175348, 0.10914570824548545, 0.11262575474997272, 0.10654974904258964, 0.09814596883480863, 0.1128925102019861, 0.12062460476962758, 0.10511156000377653], [0.12469277311218888, 0.11010418326494999, 0.10945610471342844, 0.11251229855688263, 0.10646600845071647, 0.09845226371278995, 0.11260934051795357, 0.12039929809655327, 0.10530772957453682], [0.125, 0.11166515336593086, 0.11163355365085247, 0.11150958733656628, 0.10531670659533157, 0.100344844555