[[0.1147220331573579, 0.11805040619736347, 0.12094759119423265, 0.10357230587955332, 0.10136478915091146, 0.12355937129216545, 0.09894729697051349, 0.10523505158258294, 0.11360115457531932], [0.11524872250780212, 0.11854887334812572, 0.12168708276526884, 0.1028774529907014, 0.10038951122461294, 0.12486681297229184, 0.09796725700257002, 0.10482490592685668, 0.11358938126177047], [0.11474312111116756, 0.11793291267675075, 0.1207962148083932, 0.10362957043294144, 0.10143224617661127, 0.12349238516375119, 0.09913377768199959, 0.10531359494126909, 0.11352617700711591], [0.11485505234450265, 0.11803489417560938, 0.12078880040066359, 0.10352013085351928, 0.10127175911289298, 0.1237597412655713, 0.09896800887016736, 0.10525461351694344, 0.11354699946013003], [0.11529636851641127, 0.11850791416625123, 0.12169346419392685, 0.10283756558814958, 0.10033174540962297, 0.125, 0.09798363321107552, 0.10482352568257576, 0.11352578323198684], [0.11520942451062226, 0.11835399729260061, 0.12144677190044, 0.10301101213518149, 0.10056633086642869, 0.12467859014261988, 0.09828611633292851, 0.10495256136317241, 0.11349519545600614], [0.11482600480587132, 0.1179292882641606, 0.12067583524344476, 0.10360310172540577, 0.10138141343915004, 0.12360632569641467, 0.09914915212308727, 0.1053294172965539, 0.11349946140591144], [0.11489328183314579, 0.11789343236500645, 0.12068465372446271, 0.10354847300902278, 0.10130066606820269, 0.1237619356194431, 0.09916434311928131, 0.1053269203846358, 0.11342629387679937], [0.11458415769515874, 0.11750100835749487, 0.12048219931254973, 0.10383782792436655, 0.10172830793250548, 0.12338788830842763, 0.09968786029543696, 0.10550077275801654, 0.11328997741604349], [0.11513609374329242, 0.1180056321702744, 0.12099382941576867, 0.10331125692816749, 0.10095577084198977, 0.12408515373466915, 0.09893309184384623, 0.10523020293133223, 0.11334896839065964], [0.11557160517366638, 0.11834896038777373, 0.12166258953635754, 0.10290089936636039, 0.10035189189581492, 0.12443100700233173, 0.09835816705289584, 0.10502706507914018, 0.11334781450565926], [0.11464147044143827, 0.11746498607623444, 0.1203605876977002, 0.10382070690496309, 0.10169473305198777, 0.12351871154270921, 0.09973283423630325, 0.10552093043678874, 0.11324503961187521], [0.115441065732476, 0.11818793832060537, 0.12140501071052436, 0.10303071307340518, 0.10054253880298018, 0.12438562337377214, 0.09859782777688522, 0.105107193516325, 0.11330208869302655], [0.1153136770528806, 0.11799284723583715, 0.12110329658435816, 0.10320589376371618, 0.10078781560829327, 0.12419531617745788, 0.09892400311309991, 0.10523160449970324, 0.11324554596465357], [0.11594072310913453, 0.11843465987117857, 0.1219145846675978, 0.10283564092005448, 0.10018749677417116, 0.12389394792715297, 0.09837490266353333, 0.10511362178437866, 0.11330442228279838], [0.11503204854115828, 0.11773850180266131, 0.12066442736731947, 0.1034190667510164, 0.10111446776363159, 0.12425184733230928, 0.09925242716189125, 0.10532841986585054, 0.11319879341416211], [0.11583507297693707, 0.11832572467018806, 0.12174567618961761, 0.10289579885345582, 0.1002867896600789, 0.12400426092543572, 0.09850182930936996, 0.10514050332730548, 0.11326434408761127], [0.11563306707981487, 0.11815896503956262, 0.12146279611635005, 0.10301461504878597, 0.10048010403812624, 0.12413613399611692, 0.09870584725482391, 0.10518476433515035, 0.11322370709126908], [0.11458907561801768, 0.11722981413712126, 0.12040474236879192, 0.10387629944618448, 0.10177609233279603, 0.12345354627003392, 0.09998910979044474, 0.10559586069554955, 0.11308545934106046], [0.11554469678813073, 0.11805090465853503, 0.12129088006203291, 0.10310588689365849, 0.10061288686785676, 0.12408478612932505, 0.09887413791291295, 0.10524245423823164, 0.11319336644931642], [0.11510104934933894, 0.11767738565026795, 0.12081531445444976, 0.1033214235008427, 0.10098070937477223, 0.1244806291683575, 0.0992361396093057, 0.10529903281312479, 0.11308831607954038], [0.11549492800356065, 0.11797946415808204, 0.12119212639703948, 0.1031310865580773, 0.10065585230393223, 0.12418714253809304, 0.0989451863645598, 0.10525672984035565, 0.1131574838362998], [0.1145493186715406, 0.11715488664995766, 0.12040614904518931, 0.10392150508756255, 0.1018405403764166, 0.12335776166909299, 0.10008822565681692, 0.10563039578442929, 0.11305121705899406], [0.1153377364674508, 0.11781104117109265, 0.1209726048905961, 0.10318897927523057, 0.10076414907593782, 0.1244842064167537, 0.09908740700144274, 0.10527143111971418, 0.1130824445817814], [0.11512310118474578, 0.11762784017142999, 0.12092507415184105, 0.10327149530694744, 0.10091541783894664, 0.12459807444336476, 0.09923596678468878, 0.10528216507290716, 0.1130208650451284], [0.11483402413308101, 0.11734471260047591, 0.12079961693964715, 0.1035449713666628, 0.10131629261360596, 0.12410077427445589, 0.09965638293314744, 0.10542942132300191, 0.11297380381592194], [0.11465827559516803, 0.11718062114016668, 0.12063422456205466, 0.10376341943772834, 0.10162308567721595, 0.12365338570770847, 0.09995719871706067, 0.10555553117804052, 0.11297425798485666], [0.11578168043863288, 0.11803826170213368, 0.12137582142639675, 0.10306631244665128, 0.10051079328459779, 0.1238439971821833, 0.09895467555001669, 0.10531671471735984, 0.1131117432520278], [0.11537504601039561, 0.11774048038624468, 0.12112818234451929, 0.10313901182150176, 0.10069550445382108, 0.12454860948845807, 0.09911230664062289, 0.10526562559497327, 0.11299523325946333], [0.11478586277782896, 0.11725587089560885, 0.12082043015432128, 0.10359355869033962, 0.10138683655861444, 0.12398955078577359, 0.0997697512132221, 0.10546657494051971, 0.11293156398377126], [0.11497519452960053, 0.11741478330549322, 0.12097968931894623, 0.1033694509997453, 0.10106999272885228, 0.12445807761623638, 0.0994684942993733, 0.10534214403830659, 0.11292217316344613], [0.11514557511920415, 0.11754293127341062, 0.12108737008173165, 0.10320331739141664, 0.10082799215206212, 0.1247692786826728, 0.09924675212483663, 0.10525978436582084, 0.11291699880884455], [0.11529671212293537, 0.11763564136613318, 0.1211763634738711, 0.10313354991166652, 0.10070770442927993, 0.12471172229356152, 0.09916022056283469, 0.10525127934869412, 0.11292680649102374], [0.11452761430934755, 0.11697230794798492, 0.12058221792514087, 0.10392863118073513, 0.10185445469166113, 0.12329366494923893, 0.10026737358424295, 0.10567325381872213, 0.11290048159292639], [0.11483439379541809, 0.11721930026682705, 0.12097429966621218, 0.10352019819063725, 0.10128647745500391, 0.12411582238184288, 0.09975080065846285, 0.10544220808554833, 0.1128564995000475], [0.11455207768488025, 0.11696003374828064, 0.12065848432069687, 0.1038915111377886, 0.10180358912005298, 0.12335261420487152, 0.10025475575731133, 0.10566007684149419, 0.11286685718462365], [0.11548015985121841, 0.11764061602117785, 0.1214149823738411, 0.10307359420956018, 0.10059235941309753, 0.12447100586000613, 0.09918028371099652, 0.10528469959241611, 0.11286229896768617], [0.11518177291100394, 0.11743513393749556, 0.12130439474050873, 0.1031090758938716, 0.10070556885780739, 0.125, 0.09925415388744614, 0.10522889118041193, 0.1127810085914547], [0.11489607470663146, 0.11721938555267906, 0.12110173618826355, 0.10343785516164478, 0.10117203091589179, 0.12426757241828337, 0.0996917913776341, 0.10540743106306137, 0.1128061226159105], [0.11605752245605692, 0.1179776999236037, 0.12160925480786809, 0.10302131795072848, 0.10039309453007791, 0.12346711240391185, 0.09907408099005188, 0.10541128383563139, 0.11298863310206976], [0.11532742010274293, 0.11749941689647833, 0.12142375740670291, 0.10308253008689398, 0.1006392385135025, 0.12474033750992285, 0.09924224840178192, 0.10525803042266237, 0.11278702065931245], [0.11577343870329322, 0.11775423090058885, 0.12157048065591013, 0.10303957516910861, 0.10048242947509568, 0.1239699354144629, 0.09917653793199001, 0.10535823729128267, 0.11287513445826815], [0.11551515978540305, 0.11758476651675256, 0.12154370123893733, 0.10305524900095966, 0.10056214551065197, 0.12441096358563979, 0.09922738316906116, 0.10529913632668098, 0.11280149486591352], [0.11477852016502864, 0.1170240842410629, 0.12111284664439403, 0.10358015405545282, 0.1013722080908012, 0.12391036457974892, 0.09997988530195126, 0.10551266702950891, 0.11272926989205126], [0.11530706422683071, 0.1172793319584662, 0.12172579019295594, 0.10308844918724995, 0.10065122908701628, 0.12457968892005342, 0.09944739741365287, 0.10530817417160111, 0.1126128748421735], [0.1145283590848589, 0.11671214794770877, 0.12088647384838361, 0.10392094467463633, 0.10184357467392834, 0.12317411417429272, 0.10052766143045795, 0.1057382810534408, 0.11266844311229278], [0.11616845002851942, 0.11767991598476797, 0.1221200733017919, 0.10284600106992223, 0.10015515846160322, 0.12381856415876619, 0.09915645893930047, 0.10538717596495, 0.1126682020903786], [0.11623198603375423, 0.11770163611930831, 0.12215095278178854, 0.10282449416013043, 0.10011415921521345, 0.12378794448288552, 0.09913143525602913, 0.10539063209941789, 0.11266675985147229], [0.11462964976773858, 0.11676566849079259, 0.12107978540547938, 0.10378094181231703, 0.10164981499127658, 0.123420281646792, 0.10037944467542056, 0.10566536850094999, 0.11262904470923331], [0.11595510444577027, 0.11758076282088409, 0.12201594161410058, 0.10293333879558472, 0.10031116455828394, 0.12387342025603088, 0.09927770854218856, 0.10539251248861117, 0.11266004647854581], [0.11555889270322087, 0.1173611832902638, 0.12194242055528166, 0.10302933139143648, 0.10052036995047144, 0.12420959178572451, 0.09942560490227179, 0.10535284595530409, 0.11259975946602538], [0.11609201388518967, 0.11760064350459129, 0.12214719957907906, 0.10285328402972892, 0.10018182960272773, 0.12391370863597923, 0.09920913424481659, 0.10538070131973662, 0.11262148519815089], [0.11496471151416958, 0.11698280724244775, 0.12155816531307247, 0.1033654748665377, 0.10106718623862206, 0.12417862200543316, 0.0998800387606427, 0.10544459233904369, 0.1125584017200307], [0.11469387237285542, 0.116783219214325, 0.12121420671490273, 0.10369656906576266, 0.10153216421258034, 0.12355592695322021, 0.10030533533020211, 0.10562653798296458, 0.11259216815318716], [0.11547690769673793, 0.11720794341351444, 0.12207442176890006, 0.10304990325557764, 0.10056396953440995, 0.12419933353012295, 0.09955533389935609, 0.10537163891206368, 0.11250054798931726], [0.11556498343526359, 0.11723647205400187, 0.12214431709583058, 0.10302950480941417, 0.10051851233646412, 0.12407621518753292, 0.09954590396492846, 0.10538705099034162, 0.11249704012622269], [0.11585071785745625, 0.11733123479996777, 0.1222751219935809, 0.10288847972746643, 0.10028027244307905, 0.12413130996854847, 0.09940482383502151, 0.10537421066053715, 0.1124638287143427], [0.11535585235806022, 0.11708608395494012, 0.12208786525831976, 0.1030973777563455, 0.10064944752373155, 0.1242220820875329, 0.09966918616931232, 0.10538648345299582, 0.11244562143876181], [0.1159996151514491, 0.11738049812576853, 0.12233386431244181, 0.10281284103761057, 0.10015355876071005, 0.12418640309368774, 0.09932087031543957, 0.10536402814064755, 0.11244832106224509], [0.1152483996444767, 0.11700658332683388, 0.12203635980488776, 0.10315490390712749, 0.10074417400783173, 0.12421848710016264, 0.09976045395435416, 0.10540402918298378, 0.11242660907134167], [0.1147910404288037, 0.11672024029601923, 0.12151310298663899, 0.1035872567131466, 0.1013754524941184, 0.1236369277976905, 0.10030244008497519, 0.10560568211925968, 0.1124678570793477], [0.11586844649711692, 0.11728915106301208, 0.1223479364431388, 0.1028561120869547, 0.10023648179638023, 0.12421168335013931, 0.09940881642046545, 0.10536642387987055, 0.11241494846292195], [0.11515195303631273, 0.11693302788096535, 0.12197577448856946, 0.10322325888587193, 0.10084945404356918, 0.12415527703250494, 0.09986365014744555, 0.10543312301700934, 0.11241448146775149], [0.11511064429332361, 0.11689020826960142, 0.12195954981421372, 0.10325961228655699, 0.10090300467800804, 0.12409313426709856, 0.09992717286742546, 0.10545402929041282, 0.11240264423335938], [0.1150328604933414, 0.11683987392989659, 0.12187869069334122, 0.10332890283276609, 0.10100518080270869, 0.12400531885538046, 0.10001717484233791, 0.10548577834942621, 0.11240621920080142], [0.11487500605703543, 0.1167223893918353, 0.1216978466002378, 0.10349686271040001, 0.10124553306535426, 0.12373146668279303, 0.10024409677432895, 0.10557471176808003, 0.1124120869499354], [0.11547114109860328, 0.11703350806055238, 0.12233247584000227, 0.10303460168715174, 0.1005452466998249, 0.12412951905206848, 0.09969817032656707, 0.10540184539023933, 0.11235349184499052], [0.1152283318561529, 0.11690947402946238, 0.1221410806982445, 0.10318370193557191, 0.10078288524984272, 0.12407007810362537, 0.09987959048104701, 0.10544316898535046, 0.11236168866070279], [0.114816296781692, 0.11665431075240072, 0.12164586196059635, 0.10357041788832716, 0.10134803129160505, 0.12357925291997338, 0.1003649967181927, 0.1056227887476139, 0.11239804293959878], [0.1156039167714673, 0.11705778717805332, 0.12246004478365781, 0.10294236525013647, 0.1004018782982803, 0.12422166982275663, 0.09962027405547504, 0.10538061942479869, 0.11231144441537462], [0.11529616755544807, 0.11691226787953014, 0.12225001000242486, 0.10314972019205303, 0.10072540515353211, 0.12401372206111769, 0.09987072599417182, 0.10544643353207069, 0.11233554762965163], [0.11517670103811745, 0.11680709925417943, 0.1221918226837668, 0.1032341130422625, 0.10085512392008072, 0.12392683950866012, 0.10001395260845677, 0.10548661153166097, 0.11230773641281526], [0.11505779706945432, 0.11671775074371897, 0.12208347737944487, 0.10333527823498614, 0.10100524189915479, 0.12380489510464576, 0.10016030269261245, 0.10553541046304436, 0.11229984641293833], [0.11529960515354032, 0.11673723448129551, 0.12249692979984546, 0.10307519632401399, 0.10063387760325285, 0.12421949600959067, 0.09994167950717169, 0.10543146221958012, 0.11216451890170921], [0.11486944870378069, 0.11649769489306326, 0.12193524682635157, 0.1035504197399498, 0.10130841578128233, 0.12338810146932462, 0.10053188076952847, 0.10567570428009915, 0.11224308753662009], [0.11496500650270511, 0.11646819879678957, 0.12216298446211592, 0.10344176857600532, 0.1011559333006727, 0.12353476489828065, 0.10047730138577438, 0.10563777413589465, 0.11215626794176173], [0.11596734775240468, 0.11677002233020432, 0.12311032841716385, 0.10257090736867329, 0.09987378373366784, 0.125, 0.09952848374128478, 0.10528868652364197, 0.11189044013295926], [0.11502336562140214, 0.11646850815252681, 0.1222864126796744, 0.10336416439004717, 0.1010489224821287, 0.12368129548300553, 0.10041135076401464, 0.10560145615651802, 0.11211452427068258], [0.1159206670331192, 0.11662996062967339, 0.12331051143690455, 0.10261049635363491, 0.09993396733742019, 0.12477243967581049, 0.09968740418561896, 0.10533159426385968, 0.11180295908395861], [0.11494266944125164, 0.11633358961374565, 0.12223261692010527, 0.10346587449253401, 0.10119138332613092, 0.12347665024782513, 0.10061954212390457, 0.10567688363212174, 0.11206079020238105], [0.11557022793739746, 0.11649858027294738, 0.12317856825619007, 0.10271262278767435, 0.10013710837197692, 0.125, 0.09980671005756478, 0.10530359472652263, 0.1117925875897264], [0.11531163763353482, 0.11642972794199914, 0.1228837982416656, 0.10299620968413295, 0.10053917097979101, 0.1243889842071105, 0.10012298206617994, 0.10543933151712195, 0.11188815772846429], [0.11554902188189406, 0.11645347249644657, 0.12321354200138898, 0.10273625070468044, 0.10017089955957215, 0.1249148554390373, 0.09986901661693293, 0.10532365086064178, 0.11176929043940576], [0.1149659972961108, 0.11626196319236169, 0.12234259507372396, 0.10343563155452741, 0.10115002807459539, 0.12351782017581464, 0.10066077957977589, 0.10567909141398579, 0.11198609363910443], [0.11522411438556927, 0.11621547787526804, 0.12293692466832075, 0.10310766164389913, 0.10069512539674691, 0.12408773410432875, 0.10041933646252565, 0.10553901208020958, 0.11177461338313177], [0.115289975953571, 0.11620295431362725, 0.12307962709978161, 0.10303187848689567, 0.10058858685697425, 0.12420913268641622, 0.10036449167118748, 0.10550892870198363, 0.11172442422956283], [0.11507037504402545, 0.11613086053341044, 0.12267492902247923, 0.1033098968402036, 0.10097484837101468, 0.12369521627902297, 0.10067868241250814, 0.10565397692118345, 0.11181121457615201], [0.12090063466818812, 0.10503415494714127, 0.10305489777972479, 0.11624602414391072, 0.11233724994620227, 0.09493650338810088, 0.12276413279110412, 0.12302659943813239, 0.10169980289749543], [0.11908470982978446, 0.10548225382754797, 0.1036109621775778, 0.11630390091032887, 0.11185590349911773, 0.09510728789188266, 0.1239040031986372, 0.12256034405947094, 0.10209063460565233], [0.11997087305848991, 0.10531599902985501, 0.10340888119069265, 0.11631221224832754, 0.11212582588789713, 0.09511363916499367, 0.12337685107631176, 0.12241330870238738, 0.10196240964104505], [0.12093192299871446, 0.1050152721338114, 0.10307723612787002, 0.11618997587341387, 0.11229154722403158, 0.09497338392498206, 0.12283740073708434, 0.1229890736512415, 0.10169418732885077], [0.12091586688734714, 0.10502125107532431, 0.10311502357346947, 0.11615886335951409, 0.11225720297927462, 0.09501681268185962, 0.12286253062405675, 0.12294285471125477, 0.10170959410789936], [0.12124001460940827, 0.10482114773820711, 0.1029281979731775, 0.116242924856622, 0.11221191863946543, 0.09487108184920308, 0.12313419790735487, 0.1230333501734459, 0.10151716625311573], [0.11967445227581841, 0.1053644597312496, 0.10361946879518302, 0.11614857836294562, 0.11188543939987365, 0.09529161546320054, 0.12370276161146404, 0.12226878209788179, 0.10204444226238331], [0.11881032663555278, 0.10553343036368369, 0.10387199404799281, 0.1160783756520434, 0.1115750536755059, 0.09535487043897911, 0.12426824265490094, 0.12231429058543036, 0.10219341594591111], [0.12103188972824007, 0.104932232014592, 0.10323074617918615, 0.11595996144846284, 0.1120269610332827, 0.09520327167610498, 0.12320601571173591, 0.122722699605701, 0.10168622260269423], [0.12057517284262886, 0.10513648094575312, 0.10354543988390602, 0.11588162880647633, 0.11190600652082898, 0.09547396681302471, 0.1231483747588007, 0.12242019148737412, 0.10191273794120716], [0.12065144797050575, 0.10509672425680198, 0.1035719772880696, 0.1157869032769056, 0.1118414877955551, 0.09553558384936192, 0.12324560270703183, 0.12237320820021466, 0.10189706465555341], [0.12224444588655341, 0.10426187049240396, 0.10259301106959529, 0.11637817280617686, 0.11189338292822841, 0.0947661515124022, 0.1240998231510256, 0.12270571086886255, 0.10105743128475174], [0.11959291805383349, 0.10539029184213232, 0.10400979954995584, 0.11576605785402401, 0.11152750465062625, 0.09577710559706479, 0.12393313874845675, 0.12181674966976944, 0.10218643403413712], [0.11859111771344938, 0.10553367202363231, 0.10432890210049767, 0.115539412645699, 0.11095070639073944, 0.09578767624827232, 0.12500000000000003, 0.12196444318899204, 0.10230406968871793], [0.11934282681828491, 0.10543677803181714, 0.10416307343593287, 0.11566192998395637, 0.11136750493542821, 0.09590213240272019, 0.124142167250563, 0.12172916035448667, 0.10225442678681075], [0.12110410229564839, 0.10485303275405314, 0.10340991997452331, 0.11573151072209772, 0.11174753159633824, 0.09547761424560312, 0.12358623443612851, 0.12239749864145359, 0.101692555334154], [0.12211595246359888, 0.10428909506298725, 0.10276303068657323, 0.11618108876491229, 0.11174084769294448, 0.09496762105048212, 0.12431713830391407, 0.12249714781960405, 0.10112807815498384], [0.12102523222808229, 0.10489886574771538, 0.10349497993101471, 0.11566544642673605, 0.11171685179054602, 0.09556665596953914, 0.12355003522085276, 0.12233139669352795, 0.10175053599198569], [0.11950666090919693, 0.10542717078806375, 0.10425215058368947, 0.11556187072151147, 0.11133582685883399, 0.09607699677722704, 0.12398105194631966, 0.12156749228650461, 0.10229077912865307], [0.11905319713950528, 0.10550270380642289, 0.1043799198181346, 0.1155160800974627, 0.11116678633034734, 0.09610054103816434, 0.12434559480350497, 0.12157863550254844, 0.10235654146390943], [0.12217940479232221, 0.10423514697169688, 0.10281842046037115, 0.11609761936742365, 0.11162104652969723, 0.09508822561578753, 0.12454729991308723, 0.12229624271376005, 0.10111659363585389], [0.12152062011072151, 0.10456460913024215, 0.10327158167328472, 0.1157406510560786, 0.11154373254388499, 0.09546496551212293, 0.12422270096549189, 0.12220633906675893, 0.1014647999414143], [0.1198633430766397, 0.10531517344964669, 0.10424830711892526, 0.11540109669189998, 0.11129942505910469, 0.09619992939813274, 0.12390955348500596, 0.12152960821582312, 0.10223356350482186], [0.12007662197329816, 0.10522703550797934, 0.10413601432172143, 0.11538401481649838, 0.11133818471888693, 0.0961224608931678, 0.12392409044649819, 0.12164660800229318, 0.10214496931965661], [0.12120900097320941, 0.10475107539687278, 0.10353184816238023, 0.1155641422320203, 0.1115083269330352, 0.09570678660114229, 0.12395877945233622, 0.12209980978627095, 0.10167023046273242], [0.1192586397167256, 0.10550039316565406, 0.10456086725583028, 0.11531101148419737, 0.11095185712020281, 0.09630163066685624, 0.12430342246132647, 0.12140661010028168, 0.10240556802892561], [0.12232969299487047, 0.10417033767677521, 0.10282428121266007, 0.11609818081031723, 0.11155576608926608, 0.09517620322345163, 0.12462977634408677, 0.12212622208304924, 0.10108953956552326], [0.1206456681881923, 0.10502890713853419, 0.10391102091966359, 0.11530242081196848, 0.11142425130374614, 0.09602031034515365, 0.12382810682206769, 0.12187441067558506, 0.10196490379508891], [0.1192810511049166, 0.10553684940042482, 0.10472844367561189, 0.11513589752779646, 0.11062880752213257, 0.09633480128019813, 0.12442456804357464, 0.12148503322359595, 0.10244454822174894], [0.11942317264093748, 0.10548806217587896, 0.10457155398526305, 0.11531067512304684, 0.11108943093790351, 0.09646064084649672, 0.12395994681054179, 0.12126127026705712, 0.10243524721287464], [0.12014461268467412, 0.10518203063023943, 0.1041607002911939, 0.11528471494970954, 0.11127264594476285, 0.0961877838295027, 0.1240457579239059, 0.1215957361340684, 0.10212601761194304], [0.12213346813375357, 0.10421796025579529, 0.10294909882876412, 0.11594309692963253, 0.11146680976303965, 0.09528676226086945, 0.12480076756186437, 0.12204919613797996, 0.10115284012830107], [0.12055452457828718, 0.10504727600066743, 0.10398673431970692, 0.11525114321316861, 0.11135676827930299, 0.09609716769655377, 0.12393040489774386, 0.12177767644534415, 0.10199830456922507], [0.11938452525563586, 0.1055292437325013, 0.10476562258237557, 0.11509327956600063, 0.11061367374134509, 0.0964081879664013, 0.1243434178410778, 0.12140526713674515, 0.1024567821779173], [0.11975675645389483, 0.10532388670745839, 0.1044086770036579, 0.11524006417125605, 0.11113859329921462, 0.09639324760251088, 0.12412478809987583, 0.1213251375196404, 0.1022888491424911], [0.12205285843339561, 0.10423391054920944, 0.10302351562730164, 0.1158574104545605, 0.11140502965229176, 0.09537210126626804, 0.12490078904730634, 0.12196821110310344, 0.10118617386656326], [0.12197734355479856, 0.10424781063521993, 0.1030962396896368, 0.11577448682767572, 0.11134348393502161, 0.09545808574798276, 0.125, 0.12188440483420987, 0.10121814477545478], [0.1203191492448911, 0.1050922332219671, 0.10419319975648521, 0.11510157104454266, 0.11117114756144716, 0.09631386754714366, 0.12420865331916917, 0.12151283156356218, 0.10208734674079177], [0.119706137003115, 0.10534485996854076, 0.10455798722181392, 0.11510938184510695, 0.11099135328976044, 0.09655539986797036, 0.12426321741907849, 0.12112564016315033, 0.10234602322146377], [0.11961705329572762, 0.10558253914496292, 0.10503141830507569, 0.11486467450632205, 0.11033574027894252, 0.09665889357913864, 0.12407948122819257, 0.12126650939939233, 0.10256369026224564], [0.12171981628944946, 0.10439978225586766, 0.10332903954705393, 0.11562090453688928, 0.11130185747086081, 0.09568192346790948, 0.12473184369535148, 0.12182321436725527, 0.10139161836936267], [0.12015523616702807, 0.10513402532295518, 0.10429770087492515, 0.11505694300452836, 0.11109068670081289, 0.0964039553111065, 0.12433115052145968, 0.12138782899914778, 0.10214247309803626], [0.1197306350027091, 0.10551940123041231, 0.10492968130115092, 0.11491971017894029, 0.11050519518478895, 0.09667119382878447, 0.12405798466654103, 0.12115130319106458, 0.10251489541560836], [0.11952949542528364, 0.10574516655545896, 0.1053343734744623, 0.11471233219648802, 0.11004253159790651, 0.09683967143237611, 0.12375412453844352, 0.12130000489779662, 0.10274229988178445], [0.11993393403646498, 0.10520628495815024, 0.10441940331842169, 0.11504179053803656, 0.11102016918077053, 0.09649270406277827, 0.12440802960796524, 0.12125639103308915, 0.10222129326432325], [0.12122508157068138, 0.10470410751741573, 0.103759157193356, 0.11534566903679114, 0.11124891079860519, 0.09608024555651537, 0.12420671323420276, 0.12170271066705131, 0.10172740442538113], [0.11973356852103499, 0.10568981468177117, 0.10534117572526658, 0.1146511038908684, 0.11003949801080232, 0.09691655367256675, 0.12374462058787768, 0.12116708469913916, 0.10271658021067294], [0.11983132961903468, 0.10560042018801871, 0.10519656219990078, 0.11471312880162203, 0.11019004063274758, 0.09685550727771026, 0.12387209640011602, 0.12111295679518524, 0.10262795808566469], [0.12212081351001716, 0.10427666808133987, 0.10326873005313063, 0.11577838820756466, 0.11129127218868168, 0.09581576846465673, 0.12452218413474314, 0.12159264696188851, 0.10133352839797762], [0.12170020974134477, 0.10442067470250267, 0.10347269497506216, 0.115532691095016, 0.11121114935982213, 0.0959108830645576, 0.12465953542806639, 0.12162621028240633, 0.10146595135122197], [0.12000841691169717, 0.10551244542290633, 0.10506159018856134, 0.1147798206655597, 0.11041718476012674, 0.09688382837343557, 0.12382670195526527, 0.12094734408688641, 0.10256266763556145], [0.11999335577108215, 0.10515390794581501, 0.10450336526497202, 0.11486521163024258, 0.11088667671602408, 0.09664286643867627, 0.12462672275117131, 0.12111012217050487, 0.10221777131151183], [0.12144589411880487, 0.10456536142463901, 0.10370283804276166, 0.11537383938350454, 0.11116078403013813, 0.09613252908466276, 0.12443843851996127, 0.12154692612811334, 0.10163338926741443], [0.12007105417742632, 0.1052095093370746, 0.10462861052746159, 0.1148166322940966, 0.11074663337033351, 0.09669637688197509, 0.1246482556973533, 0.12090826069317742, 0.10227466702110159], [0.12006508717642554, 0.105549460792735, 0.1052009060603094, 0.11466451787225408, 0.11023551543122673, 0.09697011811013062, 0.12376363878027692, 0.12093578143563667, 0.10261497434100515], [0.12016457338210935, 0.10515780031349133, 0.10462531329341591, 0.1147374091538888, 0.11069608308523898, 0.09672537511295304, 0.12477877668960198, 0.12087346469398845, 0.10224120427531205], [0.12011789492695198, 0.10510655594952854, 0.1045197019298171, 0.11476841972754426, 0.11085207171885703, 0.09673107825974119, 0.12462613620496124, 0.12107524035423564, 0.10220290092836301], [0.12014034752773065, 0.10560580852197526, 0.10540382598401726, 0.11450102462031664, 0.10999569916048374, 0.09711500881476384, 0.12365868475894398, 0.12088134789594712, 0.10269825271582152], [0.1205573356502681, 0.10500555824050056, 0.10435079508804872, 0.11483813682118964, 0.11099933007063745, 0.09667507618624772, 0.12419692097671042, 0.12126602742204627, 0.10211081954435132], [0.12011706922506235, 0.1056407601477829, 0.10549666284062073, 0.11443087936124133, 0.10987448724102661, 0.09716016588946981, 0.12366439639903112, 0.12087666800437817, 0.10273891089138694], [0.12152340783005636, 0.1045168770121088, 0.10373171003517656, 0.1153567662804518, 0.11109470506342976, 0.09624418689145071, 0.12450929763645124, 0.12139853613467184, 0.10162451311620294], [0.1203257615466551, 0.10534597867662204, 0.1049788071616929, 0.11464045208564418, 0.11043694412672421, 0.09696805221697054, 0.12427663993166149, 0.12057635171263915, 0.10245101254139026], [0.12032995467452116, 0.10539181076148632, 0.10505838857899548, 0.1146184725887194, 0.11036735581654285, 0.09700828508639758, 0.1240975184783587, 0.12063048269281294, 0.10249773132216564], [0.12033628385251766, 0.10536886205176162, 0.10502389532337862, 0.11462369818024687, 0.11039528153707708, 0.09699336773363612, 0.12418281435133298, 0.1206001469664413, 0.10247565000360788], [0.12045815791116533, 0.10503570135403477, 0.10448643435545393, 0.11471803420254702, 0.11090495294470741, 0.09684774536366772, 0.12425691031954728, 0.1211144017546024, 0.10217766179427414], [0.12036637923409822, 0.10508373733416901, 0.10466591889691827, 0.11457286890470728, 0.11055983943438263, 0.09680946216926714, 0.125, 0.12073787010205754, 0.1022039239243999], [0.12037019370190498, 0.10507660055341958, 0.10464565030255565, 0.11458282405307346, 0.11063370636449875, 0.09685389485062124, 0.12481006528635442, 0.12081734280179059, 0.10220972208578158], [0.12171966110230825, 0.10434294224688709, 0.1036178790207463, 0.11538958047160029, 0.11100331412446643, 0.09624420524484499, 0.125, 0.12119155251518218, 0.10149086527396446], [0.12072825395532641, 0.10521462372569361, 0.10503782803061552, 0.11437660167598489, 0.11027895297429714, 0.09716341819999061, 0.12450079595555684, 0.12030342134336011, 0.10239610413917476], [0.12069699878492468, 0.10542951867184418, 0.10550450681873472, 0.11414498568807997, 0.10971993355898724, 0.09733067909657482, 0.1241348205159497, 0.12042606020091301, 0.10261249666399169], [0.12065004492159041, 0.10507231159803807, 0.10479969290004762, 0.1144067656354243, 0.11048459437449112, 0.0970742986981985, 0.1246426533544623, 0.12060799056118718, 0.10226164795656054], [0.12076460481070722, 0.10515150111093234, 0.10497518778126212, 0.11434543771197467, 0.11030303882195623, 0.09715251861911414, 0.1246017481020262, 0.12036251579482475, 0.10234344724720232], [0.12161910661338021, 0.10445233626527815, 0.10387298586723531, 0.11520405731384233, 0.1108975131103553, 0.09654702931473279, 0.12474384693367842, 0.12101163144506509, 0.10165149313643237], [0.12088440456064162, 0.105363365197115, 0.1053943159504527, 0.11420322323238812, 0.10993736977193848, 0.09739234892353871, 0.12398649313005719, 0.12026563170027142, 0.10257284753359673], [0.12093808929712462, 0.10535039096182405, 0.10542412060822406, 0.11414794882731387, 0.10987223758975828, 0.0974167583630857, 0.12405503356685844, 0.12022644630754387, 0.10256897447826699], [0.12102574845585962, 0.10526941720169591, 0.10528858513143997, 0.11418895613395162, 0.1100599335864536, 0.09742916684095022, 0.12417673372879084, 0.12005494530439276, 0.10250651361646543], [0.120811839596324, 0.10506349661602224, 0.10487147583709953, 0.1143045503859787, 0.11050279960439453, 0.09729663930280508, 0.12427149892616085, 0.12056651201203539, 0.10231118771917967], [0.12086673558893193, 0.10506937306267995, 0.10491254083364296, 0.11427430225326612, 0.11042241519466044, 0.09729253038248817, 0.12436171199405557, 0.12048601253517253, 0.10231437815510235], [0.12115637409455494, 0.105300166034744, 0.10550777237652266, 0.11397783528858901, 0.1097080302725581, 0.09752578025433632, 0.12421275595429597, 0.12005430310148325, 0.10255698262291578], [0.12106968660845284, 0.1049393909394611, 0.10468444324122306, 0.11460998011212079, 0.11067987474301165, 0.09730857879643369, 0.12378795485986198, 0.12070081621414995, 0.10221927448528494], [0.12109925868553498, 0.10509876482362991, 0.10508369148347647, 0.114139790837439, 0.11022972602336499, 0.09743894018546766, 0.12429601273476663, 0.12023990442958804, 0.1023739107967326], [0.12123416494633914, 0.10524714168204329, 0.10536850826374461, 0.11406964245265536, 0.10998425966598316, 0.097578312537309, 0.12410033948535722, 0.11989135488059546, 0.10252627608597299], [0.12138103903256121, 0.10525245323330605, 0.10560400651455545, 0.11379677308803508, 0.10952692715791996, 0.09764321754870937, 0.12436802947301011, 0.11987832742193613, 0.10254922652996663], [0.1210742888020599, 0.10500815366335693, 0.10488323141914899, 0.11442789840393573, 0.11056269873980411, 0.09753548940279347, 0.12366364891693228, 0.12051495110912187, 0.1023296395428469], [0.12135034679205231, 0.10492673283858413, 0.1048468912142407, 0.11442938686363265, 0.1105083672929936, 0.0975620704720378, 0.12367625469376549, 0.12042692957629601, 0.10227302025639731], [0.12178256992846288, 0.10469643697628954, 0.10453049258398002, 0.11463183073642441, 0.11054410867046498, 0.09730534940790729, 0.12400552899777044, 0.12047364509621927, 0.10203003760248115], [0.12154648430138992, 0.10520394659725543, 0.10585211212439935, 0.11341335064546898, 0.10899596696376188, 0.09775717775537615, 0.12500000000000003, 0.11968721026489461, 0.10254375134745375], [0.12131108884413043, 0.10498488778160621, 0.10496973115313922, 0.11433636181834009, 0.11045984581824331, 0.09769600604546544, 0.12354837869938645, 0.12034176955689561, 0.10235193028279323], [0.12171086108365559, 0.10521628811379753, 0.10558314890843898, 0.1137891300658767, 0.10978546559438346, 0.09794014049644711, 0.12376871838003953, 0.11961355828392996, 0.10259268907343096], [0.12150690500470385, 0.10491973130802507, 0.10493041667854232, 0.1143405549394016, 0.11042234801650676, 0.09769900947410821, 0.123596519909129, 0.12028249938487487, 0.10230201528470834], [0.12183229206970105, 0.1051864721121671, 0.10581481027804787, 0.113464588695372, 0.10921033855045344, 0.09791946456494749, 0.12447425516005318, 0.1195305819730444, 0.10256719659621358], [0.12165612309610498, 0.10512773228046034, 0.10542573287868774, 0.11381098656841596, 0.10994918681510885, 0.09791948810948672, 0.12378448839046458, 0.11980885017835681, 0.102517411682914], [0.12145865969694486, 0.10508882708616675, 0.10527315473981123, 0.11389392674407438, 0.11018710857805553, 0.0979095911078324, 0.12366383354336807, 0.12003970627986021, 0.10248519222388656], [0.12161601543302769, 0.10491586835022983, 0.10498851381781525, 0.11428088599512959, 0.11036468305714546, 0.0977958513381687, 0.12353225631419727, 0.12018252295378185, 0.10232340274050435], [0.12172441598023931, 0.1048755156617762, 0.10494901292416647, 0.11430008918008171, 0.11035626072598746, 0.09777712782898773, 0.12356481895348215, 0.12016536014517101, 0.10228739860010794], [0.12143317099527727, 0.10506694655919147, 0.10526639860827205, 0.11404662412598389, 0.11025909567672187, 0.09804967026739903, 0.12334359740760047, 0.12003003640104278, 0.1025044599585112], [0.12186036689395006, 0.10484558059371694, 0.10494928575547983, 0.11428625446043772, 0.1103236172381031, 0.09781329642939778, 0.12354583658586953, 0.12010240046870249, 0.10227336157434257], [0.12175384834887215, 0.10510796443207486, 0.10546175013501319, 0.11372085710034972, 0.11000435933344814, 0.09813700576663759, 0.12347437319353106, 0.11978279473869237, 0.10255704695138096], [0.12189839192563745, 0.10486967935319058, 0.10503362165574145, 0.11421603703116406, 0.1102739786779104, 0.09792475425158173, 0.12344920904175957, 0.12001418009939213, 0.10232014796362263], [0.1221677482050701, 0.10518888605358293, 0.10584860517823541, 0.11345396514480312, 0.10941236089156375, 0.09822420132968307, 0.1238253837969008, 0.1192357722722031, 0.1026430771279577], [0.12182781448778812, 0.10511378142097169, 0.10550913795149763, 0.11368023331320215, 0.10995403556836739, 0.0981854545582754, 0.12343791203258382, 0.11971794864435055, 0.10257368202296327], [0.12224382509431596, 0.10516749327565304, 0.10595738154932681, 0.11329316252260482, 0.10914146393621549, 0.09822232763211985, 0.12412147064319543, 0.11922561578929469, 0.10262725955727388], [0.12217177059916942, 0.10518740242928805, 0.10579751953599484, 0.11350880846477006, 0.10958426705535779, 0.09830222485539811, 0.12347254649103236, 0.11931471787232177, 0.10266074269666761], [0.12234548741394968, 0.10516469355317695, 0.10598972526311516, 0.11326697557155033, 0.10915784565442264, 0.09830477554814943, 0.12398179203503873, 0.11914343697223924, 0.10264526798835787], [0.1218478644050411, 0.1051037135633233, 0.10554933195972764, 0.11369243094209637, 0.10999776405848823, 0.09835045048888007, 0.12317059078875889, 0.1196798367009011, 0.1026080170927833], [0.12222304010525378, 0.10516667397011291, 0.10580292752117236, 0.11347833967283819, 0.10963932657732653, 0.09839751764904796, 0.12328113852709223, 0.11934286367240883, 0.10266817230474727], [0.12242059941896051, 0.10516915139673476, 0.1059949412032628, 0.11328282452328836, 0.10924891213407348, 0.09839334083759944, 0.1237613979343454, 0.11905863895957076, 0.10267019359216446], [0.1220528322062236, 0.1051252402810292, 0.1056871136696585, 0.11352077481750539, 0.10985562845916387, 0.09845213887441746, 0.12313857608418209, 0.11951778488263647, 0.10264991072518345], [0.12196889594158693, 0.10511341463551863, 0.1056427221658729, 0.11360005206075552, 0.10992550921134325, 0.09845591468765288, 0.12307972801898895, 0.11957174141474712, 0.10264202186353383], [0.1220892586437196, 0.10512756352444073, 0.10571816460149065, 0.11349425681939668, 0.10983822870396916, 0.09849622505288558, 0.12309020382116209, 0.11948325222135481, 0.10266284661158069], [0.12262180760550684, 0.10515451044302686, 0.10613203358400347, 0.11313014706255767, 0.10908032072921751, 0.09852032437377803, 0.12374033962418146, 0.11892953142973438, 0.10269098514799382], [0.12188337983427387, 0.10509924229334147, 0.1056264078638403, 0.11373557588583097, 0.1099961117383009, 0.09853101063830466, 0.12289493589405347, 0.11958259868157889, 0.1026507371704755], [0.12244089290452895, 0.10515936636939657, 0.1059518770991079, 0.11332784334519509, 0.10956830576893314, 0.09864465365716646, 0.12299799238268234, 0.11918452976239631, 0.10272453871059326], [0.12361975006933058, 0.10931241181133249, 0.11006886429197081, 0.1130044586583961, 0.10696795865318555, 0.0987205437650117, 0.11150192468916843, 0.12015233779582205, 0.10665175026578211], [0.12370887882527483, 0.109319399499974, 0.11015329291740035, 0.1129338325866762, 0.10690326741745783, 0.09879997430966789, 0.11142077646818747, 0.12007351503760715, 0.10668706293775429], [0.12296030525656135, 0.10905018818480003, 0.10961821871822822, 0.11336160969273996, 0.10734263815319646, 0.09841897826449071, 0.11246564753982169, 0.1205063494068869, 0.10627606478327484], [0.12275749440312336, 0.10884682406295577, 0.10918651436916517, 0.11363929806605738, 0.10764068965969231, 0.09806500236927326, 0.11313622974068575, 0.12076403871678991, 0.10596390861225706], [0.12419994670992418, 0.10924817930901913, 0.11071738521184722, 0.11246099659461978, 0.10648777256206925, 0.09939107200732776, 0.11113438400872268, 0.11953838786311863, 0.10682187573335152], [0.125, 0.10941543691772912, 0.11138507101414223, 0.11191459377364174, 0.10598029966660791, 0.09996715853896006, 0.11021450781782009, 0.11891641602520699, 0.10720651624589186], [0.12338548145496739, 0.10899011854425719, 0.11017872094358205, 0.11289803369252265, 0.10693149351898153, 0.0990157239930865, 0.11220242776839376, 0.11998219809354162, 0.10641580199066748], [0.12341399409042136, 0.10896496031774137, 0.11026293546258895, 0.11283042168702795, 0.10687745797361742, 0.09911869161208063, 0.11220849872574724, 0.1198996639840797, 0.10642337614669552], [0.12242257731267767, 0.10862197358272413, 0.10944773435699988, 0.11343543456883072, 0.10756230911615107, 0.09853835738687625, 0.11370331608793983, 0.12039535155466348, 0.105872946033137], [0.12350771899049294, 0.10893359262910182, 0.11046394374246529, 0.11267252850613149, 0.10674579195884402, 0.09934720852648196, 0.11215027494152563, 0.11971348260741592, 0.10646545809754075], [0.12263825568206738, 0.10858104272644667, 0.10963289676321472, 0.11326328283756018, 0.10740663806759179, 0.09874039098535423, 0.11362961626495387, 0.12020714103457447, 0.10590073563823667], [0.12280943531322107, 0.10867009228122372, 0.10990283642152289, 0.1130820571136620