[[0.11482951601956516, 0.11218584514352761, 0.10301415383996194, 0.10074554454826538, 0.12281691562831684, 0.1048841152712853, 0.09882037793679808, 0.12469847257504353, 0.11800505903723611], [0.1154559753859686, 0.11256799355063084, 0.10235577525959176, 0.10016551175146118, 0.12341527710061397, 0.10451008510561553, 0.09809450689277176, 0.12486720111859075, 0.11856767383475558], [0.11484027632508449, 0.11216033719785912, 0.10299607371275889, 0.10086851292401315, 0.12264185800764717, 0.10486660163583013, 0.09892652125389849, 0.12483239109685132, 0.11786742784605726], [0.11496288855174794, 0.11223692773334903, 0.10287425931177253, 0.10075337456116225, 0.12281818061849431, 0.10479482853622625, 0.09878380494569125, 0.1247991976997149, 0.11797653804184152], [0.11551610781357685, 0.11258208102501253, 0.10229124636088238, 0.10019756546314394, 0.12330792960647609, 0.10447447887580391, 0.09810389655282473, 0.125, 0.11852669430227956], [0.11542565300848633, 0.11252221212038017, 0.10245822905282384, 0.10043243186294055, 0.12317417371885095, 0.10458347465436756, 0.09836083346398201, 0.12467907011529715, 0.11836392200287138], [0.1149116656812737, 0.11218043222673642, 0.10289194593053225, 0.10084834755163649, 0.12264486179553659, 0.10479702751424368, 0.09887801912665603, 0.12499999999999997, 0.1178477001733847], [0.11501724365206094, 0.11223268690864181, 0.10285109126483305, 0.10093880318640534, 0.1225921991292537, 0.10479310363240371, 0.09894133515471021, 0.12480659939507968, 0.11782693767661157], [0.11469282761627263, 0.11201286850586052, 0.10316870578157879, 0.10134207521024743, 0.12199105380062826, 0.10496842608150292, 0.09940808198408167, 0.125, 0.11741596101982775], [0.11529584995010388, 0.11236586308285071, 0.10254974380129092, 0.1008074784869947, 0.12267736561991133, 0.10462561359504104, 0.09872980659469484, 0.125, 0.11794827886911259], [0.11583300696679506, 0.11272940067093838, 0.10222506635109792, 0.10057885118604566, 0.1229305927812595, 0.1045053996948202, 0.09840778675452164, 0.1244317894196832, 0.11835810617483843], [0.11476941368118856, 0.1120505501425859, 0.10314076919339227, 0.1014178315289072, 0.12195869945644167, 0.10496758939179231, 0.09946320985969692, 0.12484750346435496, 0.1173844332816404], [0.11570297305897685, 0.11263873519024574, 0.10236901805707317, 0.10076942180702567, 0.12273251456916662, 0.10458685865454213, 0.09862199678314197, 0.12438603041235685, 0.118192451467471], [0.11553943995467093, 0.11250381354921869, 0.10246298843888717, 0.10094093434647675, 0.12254911422594794, 0.10462126998182406, 0.09881272918534026, 0.12460676465809584, 0.11796294565953838], [0.11613082652016724, 0.11283530690686681, 0.10179806748508644, 0.1003825247614501, 0.12312917725473661, 0.10424416523639188, 0.09811080090329498, 0.12499999999999997, 0.11836913093200574], [0.11524795171655561, 0.11232536313516965, 0.10273911896466895, 0.10119308077023094, 0.12233311003781727, 0.10476840754204053, 0.09913085928986375, 0.12455789210408738, 0.11770421643956577], [0.11605272574140033, 0.11279243728425897, 0.10194154205506474, 0.10055622960056629, 0.12296523535685108, 0.10433825328801119, 0.09830789305375186, 0.12476880699989326, 0.11827687662020228], [0.11589278398393939, 0.11271578430220762, 0.10221588622739322, 0.10083430997691527, 0.12268752522738058, 0.10451576140989612, 0.09863673261906077, 0.12436023299248765, 0.11814098326071941], [0.11473289121977168, 0.11198693951267663, 0.10316646401640182, 0.10165678228482687, 0.12162488272907646, 0.10498601462252678, 0.0997046005589199, 0.125, 0.11714142505579987], [0.1157921436054737, 0.11263943566389217, 0.10228731359446172, 0.10093846035970729, 0.12249847272992438, 0.10454764008973814, 0.09875871500198519, 0.12451761509421022, 0.11802020386060719], [0.1153671552202564, 0.11237588129339604, 0.10266577714051997, 0.1012800889790528, 0.12222309994516457, 0.10474299551212325, 0.09919243929470115, 0.12448759748481082, 0.11766496512997483], [0.11574303367576508, 0.1125967726356121, 0.1023111945284828, 0.10099332678663302, 0.12239132018216828, 0.10455483601328551, 0.09882046310510018, 0.12464319591454522, 0.11794585715840786], [0.11470622034483678, 0.11197413837274715, 0.10323911677437728, 0.10176994283537316, 0.12151634377683612, 0.10503933707035897, 0.09982984551660495, 0.12485153666824532, 0.11707351864062046], [0.11558930587841877, 0.1124807214207571, 0.10239679524702543, 0.1011107590024618, 0.12226120321268302, 0.1045853862935144, 0.09896287251150261, 0.1248364650013916, 0.11777649143224526], [0.11541561524723626, 0.11239068276667072, 0.10263009484258194, 0.10133177718957612, 0.12214510620728285, 0.10472858183642739, 0.09923240286246424, 0.12449891866248103, 0.11762682038527943], [0.11507771699311717, 0.11217052746262404, 0.10288278746469517, 0.10157350730247801, 0.12181710016042352, 0.10484821360220015, 0.0995422357494577, 0.12477767793773888, 0.11731023332726537], [0.11486987287659994, 0.11205599232116048, 0.10310655755157648, 0.10176547153348509, 0.12158087288508362, 0.10497663528935519, 0.09978708297392713, 0.12473001046737256, 0.11712750410143949], [0.11601865468479154, 0.11272732423901516, 0.1020634392678698, 0.10095200596019072, 0.12254542053593089, 0.10443007807747641, 0.09871518784694795, 0.12457364112181826, 0.11797424826595923], [0.11564609015270454, 0.11248687441747711, 0.10232568652086065, 0.10116210991896359, 0.12212992911530432, 0.10454544148019619, 0.09899600244655629, 0.125, 0.11770786594793735], [0.11502878450648141, 0.11213145269837797, 0.10292616077464393, 0.10166468800930385, 0.12169300421387517, 0.10487280094731627, 0.09964319365771884, 0.1248228896547689, 0.11721702553751366], [0.11527714564124818, 0.11228733357685611, 0.10275214130563812, 0.10153849011495561, 0.1218993373724235, 0.1047948229832555, 0.09946711486634242, 0.1245692406528782, 0.11741437348640235], [0.11547450516412174, 0.1124023847270301, 0.10257905564775684, 0.1014107611441713, 0.12201628606429081, 0.10470568089218675, 0.0992954111278612, 0.12455889433709753, 0.11755702089548395], [0.11560542785613387, 0.112461580335844, 0.10240433067143773, 0.10128603494316933, 0.12204497431369793, 0.10459939856039059, 0.09913315665229906, 0.12483716853790952, 0.11762792812911796], [0.11470587409875568, 0.11193440722425213, 0.10321914023488217, 0.10195614688727543, 0.12125604900525248, 0.1050311788724573, 0.10000881758594671, 0.12499999999999997, 0.11688838609117794], [0.11509430134536089, 0.11214341348307234, 0.10282744001287308, 0.101674910794784, 0.12163401996144614, 0.10481317328733544, 0.09963050936704418, 0.12499999999999997, 0.11718223174808376], [0.1147513845843771, 0.11195753716472767, 0.1031968258661446, 0.10198701697483249, 0.12125434439370364, 0.10502614270579294, 0.10003058268655282, 0.12490896784785696, 0.11688719777601195], [0.11580708345243104, 0.11256143257367478, 0.1022693601487701, 0.10133208551392889, 0.122030869424275, 0.10454581792271742, 0.09913706036349759, 0.12468799451393461, 0.11762829608677058], [0.11556494268422929, 0.1124305360871287, 0.10252103741058947, 0.10152511783270785, 0.12184952178677722, 0.1046863441572606, 0.09938857143585196, 0.12455929894714697, 0.11747462965830796], [0.11519663691379808, 0.11220235475991998, 0.10278212109944053, 0.10171011342092395, 0.1216306506981549, 0.10480419520927202, 0.0996472044805777, 0.12482104541208446, 0.11720567800582837], [0.11625747320350392, 0.11277988068453791, 0.10170831048334822, 0.10090452773100804, 0.12270078728163365, 0.10421240472020635, 0.09859002695393329, 0.125, 0.11784658894182863], [0.11569402511053033, 0.11249407332285767, 0.10239573435577252, 0.1014733721362277, 0.1218399673983072, 0.10461968596853816, 0.09930552993189326, 0.12465976748002702, 0.11751784429584615], [0.1160363308475324, 0.1126494716369458, 0.1019482430519344, 0.10115247895782065, 0.1223014005327977, 0.10434926673441093, 0.09888920084833933, 0.125, 0.11767360739021877], [0.11586367904218878, 0.112583875524701, 0.10225081248679982, 0.101413902806069, 0.12198241388736913, 0.10454764608270668, 0.099208208371888, 0.12457021220667723, 0.11757924959160035], [0.11506565815115824, 0.11210621859583278, 0.10289877811792023, 0.10192049109628311, 0.12159588902945064, 0.1048702826262127, 0.09988447231550385, 0.12466454159210649, 0.11699366847553197], [0.11571119863587814, 0.1124623784810428, 0.1023917173340393, 0.10170950049205774, 0.12187635600532057, 0.104628549271748, 0.09953244854570632, 0.12438282124537679, 0.11730502998883012], [0.11472039261970521, 0.11186786316984866, 0.10311171865248388, 0.1021882295554914, 0.12163092921383278, 0.10496333450244534, 0.10021638488089672, 0.12469441700821406, 0.11660673039708196], [0.11647149720645043, 0.11282853886495528, 0.10154162278267789, 0.10116435215161806, 0.12258284318703985, 0.10414261340270069, 0.09879510458517908, 0.12485115789852745, 0.11762226992085115], [0.11653887755741983, 0.11286913018827228, 0.10150091759254969, 0.10114825699960975, 0.12264825583711937, 0.10412733053773608, 0.09876703630060699, 0.12474523776101436, 0.11765495722567165], [0.11482947782938771, 0.11190001551499047, 0.10291750011903808, 0.10206450402835289, 0.12174447462231859, 0.10483562990604094, 0.10005218223617343, 0.125, 0.11665621574369785], [0.11627872880613863, 0.11273593960483437, 0.10177332831817108, 0.10133807123167929, 0.12233029041343581, 0.10427900081575026, 0.0990182765176397, 0.12473152033226119, 0.11751484396008965], [0.11593426720568288, 0.11255908733005542, 0.10214176677050538, 0.10160827136898105, 0.12212135841606073, 0.10448720652245805, 0.09937201241643935, 0.12443085422048357, 0.11734517574933356], [0.11640377347723377, 0.1127752556378764, 0.10157503071095676, 0.10122696974476003, 0.12245874033970816, 0.10415358178652524, 0.09886692843908836, 0.125, 0.11753971986385127], [0.11531394593334476, 0.11220223728359861, 0.102645822942858, 0.10194808562902576, 0.12196742612178985, 0.10473738752281438, 0.0998446437212723, 0.12436894015106352, 0.116971510694233], [0.11492813366794755, 0.11195513918552755, 0.10285684925246301, 0.10206902601493247, 0.12183959021082716, 0.10481278861962913, 0.10003631274256693, 0.12480845433921955, 0.11669370596688669], [0.11586102976221513, 0.11248473674741281, 0.10215584148501933, 0.10172503305558751, 0.12222205420127984, 0.10448475463826268, 0.09949413522150066, 0.12438321267460009, 0.11718920221412193], [0.1159497003218388, 0.11253309722368167, 0.10209443135225972, 0.1017140586104815, 0.12230781202893258, 0.1044586469354486, 0.09946502888253082, 0.12426541958200202, 0.11721180506282432], [0.1162242749582108, 0.1126553375123113, 0.10177728191955406, 0.10154036469087427, 0.12250140346954948, 0.1042757047520973, 0.09921906612294502, 0.1245142120758601, 0.11729235449859766], [0.11572461030446075, 0.1123770378615118, 0.10218381273386169, 0.1017791221730868, 0.12219467068476723, 0.10447582612543155, 0.0995639330136252, 0.12464778660177007, 0.11705320050148486], [0.11636734802587458, 0.11271992169445266, 0.10161002442487828, 0.1014385076596309, 0.12254656004781754, 0.10417857451066578, 0.09908001163548767, 0.12470667807360299, 0.1173523739275896], [0.11559437875996974, 0.11228375843323578, 0.10222192938995063, 0.10180332561532567, 0.12222352839016067, 0.10447506410309682, 0.09960612603836323, 0.12483418191470684, 0.11695770735519058], [0.11503881772953238, 0.11196669348867237, 0.10265919108704866, 0.10207595616915706, 0.12211368867428112, 0.10468924169115303, 0.0999987850509604, 0.12483918496755365, 0.11661844114164134], [0.11625058639859648, 0.11265361050153566, 0.10172777367712355, 0.10155398673298167, 0.1225786631449037, 0.10424472394932877, 0.09922151615493034, 0.12451052768739854, 0.11725861175320132], [0.11548432060595293, 0.11221407033744311, 0.10229322537541184, 0.10186269623364842, 0.12226682934296187, 0.1045059226650434, 0.09968620304133982, 0.12481065235834603, 0.11687608003985257], [0.11543912536396123, 0.1121854382115565, 0.10233136771946601, 0.10190900265541644, 0.12230080073245217, 0.10452635636937845, 0.09974187731014336, 0.12473575711104336, 0.1168302745265823], [0.11535936612010246, 0.11214896407202662, 0.10243312485982033, 0.1019875475898174, 0.12230028562935535, 0.10458844386378459, 0.09984293310429536, 0.12455637331138052, 0.11678296144941737], [0.11514087272523263, 0.11200448517689934, 0.10253676658150707, 0.10205381939324028, 0.12225999235039896, 0.10461927172204298, 0.09994641907581965, 0.12481551782552476, 0.1166228551493343], [0.11585277469138622, 0.11241704787544876, 0.10204154975408615, 0.10181342014253868, 0.12245094601703722, 0.10439949551779804, 0.09956113371470979, 0.12447327134575634, 0.11699036094123884], [0.11554824319219076, 0.11221543289412704, 0.10215461733085533, 0.1018332466781807, 0.12237725157330857, 0.10441451379376104, 0.09962818925705808, 0.125, 0.1168285052805185], [0.1150472533692109, 0.11193104946541482, 0.10255068112621188, 0.10208196573523555, 0.12226810656441775, 0.10460959308611693, 0.09998557721850777, 0.125, 0.11652577343488438], [0.11601428937763676, 0.11250583370880635, 0.10193696637674864, 0.10180358846559848, 0.12261777758307409, 0.10435784529471945, 0.0995190299449073, 0.12421856492924065, 0.1170261043192685], [0.11563094979725792, 0.11225976736890789, 0.10210788491964064, 0.10185352924642005, 0.12243034344391084, 0.10439943293218483, 0.09963201441517683, 0.12485063813392848, 0.11683543974257252], [0.11549336960692001, 0.11216763545114788, 0.10218638202111865, 0.10193759674449789, 0.12251766457836114, 0.10443068221398391, 0.09973985351984531, 0.1248095934356927, 0.11671722242843252], [0.11537035658365986, 0.11210560620829806, 0.1023284123786654, 0.10206278356019838, 0.12254709331946387, 0.10451556421864398, 0.09989711461461409, 0.12454307263303648, 0.11662999648341985], [0.11566353275211336, 0.11223349974682954, 0.10202515255071935, 0.1019803273122657, 0.12271683123213083, 0.1043506806053697, 0.09973742515754269, 0.12462266727561351, 0.1166698833674153], [0.11510486769418597, 0.11190873314476998, 0.10242356891936703, 0.10221999587836285, 0.12263793715423622, 0.10453456359927937, 0.10009215571178982, 0.12473328087914427, 0.11634489701886444], [0.1151901838750903, 0.11191106892039902, 0.10222817897307893, 0.10215996149443551, 0.12281501392886018, 0.10440409638727788, 0.09999210459775884, 0.125, 0.11629939182309935], [0.1163444861327465, 0.11250238937018033, 0.10121789446384896, 0.10167487365203406, 0.1233559750278346, 0.10388576334529033, 0.09924221970731831, 0.125, 0.11677639830074692], [0.11527572868125971, 0.11195759429045071, 0.10217541322807383, 0.10216710696784202, 0.12290237400606156, 0.10438444767883574, 0.0999814324043075, 0.1248365628082908, 0.11631933993487813], [0.11628763814989038, 0.11244478675804877, 0.10124069697655977, 0.10181784994073273, 0.12352245535233074, 0.1038971352042646, 0.09938838529849207, 0.12476975149497782, 0.11663130082470312], [0.11515864355189155, 0.11186830179721813, 0.10222814521963125, 0.10229255772593246, 0.123001976684943, 0.10440466192173527, 0.10012357463588395, 0.12476484815444092, 0.11615729030832364], [0.11594757022935166, 0.11226044183088214, 0.10150173478821818, 0.10194729700998793, 0.12325844861408572, 0.10402129379334119, 0.09958885794692483, 0.12500000000000003, 0.11647435578720854], [0.11562341060805753, 0.11208830061747002, 0.10176226333557617, 0.10207080991466994, 0.1232069343076719, 0.10414896623491605, 0.0997833842854909, 0.125, 0.11631593069614748], [0.11592361778234887, 0.11224266359261999, 0.10152565067212846, 0.10200455810415282, 0.12327435316139135, 0.10403693516177258, 0.0996502769541941, 0.12491411434219023, 0.11642783022920163], [0.11518432536754153, 0.11186261251208712, 0.10217910763718097, 0.10235131795200599, 0.12315165285005318, 0.10437743827996483, 0.10016934320972772, 0.12463866983851848, 0.11608553235292014], [0.1154702622626722, 0.1119419224095781, 0.1017435914188229, 0.10222056840758355, 0.1235262888979631, 0.10410934193621249, 0.09993922038439065, 0.125, 0.11604880428277703], [0.11556242346150786, 0.11199134368869068, 0.10169006999483336, 0.10223968206804547, 0.12358882850144548, 0.10409153784024823, 0.09993930291501035, 0.12482668367075395, 0.11607012785946463], [0.11525910672401532, 0.1118211878044878, 0.10190026445161296, 0.10233240782512408, 0.12348820844519492, 0.10418552964482461, 0.10009520757237271, 0.125, 0.11591808753236758], [0.1138991836483016, 0.12345336416629453, 0.11047238708373974, 0.12033697451044793, 0.09935213997511017, 0.11572797725266554, 0.12486510634091223, 0.09022751336203097, 0.10166535366049718], [0.11459547337949799, 0.12290625038092969, 0.1099854315040209, 0.11834792769102981, 0.10039002964127319, 0.11524044815367272, 0.125, 0.0909913238818365, 0.10254311536773919], [0.11428899807870868, 0.12336660588341998, 0.11012897926286856, 0.11928170139285875, 0.09984433812692438, 0.1154699865256959, 0.12500000000000003, 0.09055308291507226, 0.10206630781445157], [0.11396007830932667, 0.1233712768657685, 0.1104211674685754, 0.12036302887193366, 0.09937534333933258, 0.11566683246061436, 0.1249423825062433, 0.09025925275743675, 0.10164063742076876], [0.11401779213663714, 0.12332363316759594, 0.11037136232889977, 0.12033605336331996, 0.09940837752169682, 0.11561518687325179, 0.12500000000000003, 0.09029013291361075, 0.10163746169498794], [0.11399049131350451, 0.12314532203696461, 0.11048503157805306, 0.12073065120374414, 0.09939230306573876, 0.11565563565066912, 0.12462883363048821, 0.0903832288047145, 0.10158850271612307], [0.11470268147957899, 0.12303009323788135, 0.10991510432979325, 0.11896196350263258, 0.10027176587327162, 0.115225357791182, 0.12461064446674303, 0.09099240677915077, 0.10228998253976639], [0.11504899011654082, 0.12250266259122215, 0.10976170182795515, 0.11819394145295156, 0.10081574119918335, 0.1149547311568647, 0.12457996892467184, 0.09142475162796274, 0.10271751110264771], [0.11439330519202418, 0.12293299058350655, 0.11020962403656899, 0.12044912122982035, 0.09970057597711213, 0.11537057033622741, 0.12458157010008392, 0.09068426247399139, 0.10167798007066506], [0.11473849222188026, 0.12288019431435367, 0.1099877059583127, 0.11991561037059421, 0.100048505732544, 0.11518107102890918, 0.12438173896849279, 0.09096780671960819, 0.10189887468530501], [0.11483267935388224, 0.12275056406779883, 0.1099320636757364, 0.11998941233514349, 0.10009147076207954, 0.11509977073084769, 0.1243972509527338, 0.0910429090996513, 0.1018638790221266], [0.11401254523711256, 0.12322537389147835, 0.1104553891160206, 0.12183611517277429, 0.0992726401362336, 0.11533934866141429, 0.12410973198302969, 0.09056005695888217, 0.10118879884305458], [0.11534920998565865, 0.12245784141953887, 0.10945122621563723, 0.11901052882924344, 0.10065336343885917, 0.11470514212554363, 0.124716852708803, 0.09140073356833948, 0.10225510170837668], [0.11580717936739265, 0.12172723516211774, 0.10897840303476258, 0.11869333687386621, 0.10118734019043242, 0.1142395252136934, 0.125, 0.09164997302560388, 0.10271700713213111], [0.11554455399692044, 0.12221256167164643, 0.10923088186281076, 0.11909133055525388, 0.10075197393074563, 0.1144586358692733, 0.125, 0.09142533566859024, 0.10228472644475935], [0.11478810325013977, 0.12243829003930568, 0.10989246566227666, 0.12047066075911854, 0.09989954714058968, 0.11498873884400672, 0.125, 0.09094489588882013, 0.1015772984157428], [0.11427400137223327, 0.12296958240246254, 0.11024011426185866, 0.12168580950783593, 0.09944648489911277, 0.11512397705377349, 0.1243190244602394, 0.09074085100343554, 0.1012001550390484], [0.11488735926670512, 0.1224062436626784, 0.10984057299026564, 0.12037769301077515, 0.09999154409206347, 0.11493660033105821, 0.12490143024449807, 0.09103441599358529, 0.1016241404083706], [0.11568839267092561, 0.12211639083806154, 0.10914763293120554, 0.11935791078960362, 0.10080182807766687, 0.11437528235882499, 0.12473609292170848, 0.09153341502545054, 0.10224305438655279], [0.11586255192484902, 0.12189700849405735, 0.109027133914888, 0.11924766415822828, 0.10102048776063545, 0.1141919885540184, 0.1246483079230041, 0.09166182066835687, 0.10244303660196238], [0.11437624208694995, 0.12283300032411691, 0.11012745840399335, 0.1217541003357084, 0.0994737630606638, 0.11493593009647134, 0.12458597040015215, 0.09080942410653425, 0.10110411118540986], [0.11485288811301439, 0.12235782348617114, 0.10979612264009557, 0.12097310475000113, 0.09985239688271506, 0.1147730119846368, 0.125, 0.09104575695053965, 0.10134889519282625], [0.11581521308952689, 0.12201046828615691, 0.1091621010338692, 0.1197482534455, 0.10082874385238248, 0.11433441676391222, 0.12425728382498297, 0.09169131184096552, 0.10215220786270382], [0.11573247639761938, 0.12205880794645128, 0.1092781323580966, 0.11983124335000542, 0.10075772243983301, 0.11442046365933582, 0.1241549642814026, 0.09168117617242627, 0.10208501339482966], [0.11513995694869272, 0.12208543794194429, 0.10971687681138692, 0.12061528690829179, 0.10016968858288458, 0.1147123090340691, 0.12463752943242819, 0.09134305351019027, 0.10157986083011214], [0.1162019904545363, 0.1215882313955623, 0.1087889041946372, 0.11953016968221192, 0.10123606550749834, 0.1139116136944483, 0.12435484612747355, 0.09187631137573844, 0.10251186756789378], [0.1143792243933305, 0.12275368635060185, 0.11013312676888196, 0.1219240267360891, 0.09945540233133016, 0.11481032320146055, 0.12467828756427593, 0.0908599743789641, 0.10100594827506586], [0.1155227181074274, 0.12202713128476335, 0.10948785272832405, 0.12008670138827263, 0.10053497205823292, 0.11454818986180067, 0.12434149311342416, 0.09160375722477888, 0.10184718423297597], [0.11649479402941167, 0.12116671151253804, 0.10852666419356456, 0.11942165579110496, 0.10153858619078403, 0.11371781877324916, 0.12433402018904192, 0.09206178580466119, 0.10273796351564447], [0.11615597825292444, 0.1216804491715115, 0.10880754890312433, 0.11978834040545834, 0.10108154655594419, 0.11398018669584889, 0.12437595052478972, 0.09181317278830288, 0.10231682670209571], [0.11580790124500001, 0.1219288483516544, 0.10918720935790578, 0.12001608849134952, 0.10074306570975176, 0.11431410162780622, 0.12431119404309131, 0.09168335737580449, 0.10200823379763643], [0.11457469063306071, 0.1225889995952715, 0.10995442297758784, 0.12169654350743266, 0.0995880401683913, 0.1146989232204032, 0.12488471282716647, 0.09096336214652836, 0.10105030492415806], [0.11564114346092508, 0.12194376903518102, 0.10939360069042224, 0.12017010537663991, 0.1006154291397178, 0.11445463554230967, 0.12422178608128823, 0.09167524969560795, 0.101884280977908], [0.11655961798449777, 0.1211355524948326, 0.10847249223962414, 0.11954296726734052, 0.10153628986437957, 0.11364873298770013, 0.12433559510635007, 0.09207364961187155, 0.10269510244340366], [0.11607078017922703, 0.12174565326922258, 0.10891651126880973, 0.12001270376067477, 0.10094283360258949, 0.11408148240779566, 0.12429132153242371, 0.0917927921818169, 0.10214592179743998], [0.11468644272014283, 0.12247732935848629, 0.1098587296761867, 0.12160234911675741, 0.09966412119947933, 0.11461150747667415, 0.125, 0.09103997956135695, 0.10105954089091637], [0.11481363488546859, 0.12237139823640893, 0.10979416362876446, 0.121520268848089, 0.09978403567267366, 0.11454228962838331, 0.12488598489858857, 0.09117848136850072, 0.10110974283312277], [0.11592272171722999, 0.12167988664970346, 0.10906026427135529, 0.12038527456744003, 0.10071749153517331, 0.11414272017784871, 0.12450753431963467, 0.09171618769621186, 0.10186791906540271], [0.11629933735365036, 0.12151488790309797, 0.10868403625363257, 0.1202076261770825, 0.10105285537161568, 0.1138515827347563, 0.12435733186187806, 0.09187502027458964, 0.10215732206969692], [0.11691412237984287, 0.12068635644806693, 0.10809195969214347, 0.119659638477267, 0.1017155244038773, 0.1133021334874713, 0.12475071729471426, 0.09215755960861466, 0.10272198820800238], [0.11508972597539008, 0.12218775006567383, 0.10964951651608708, 0.12122352681327932, 0.10005089523803376, 0.1144755003307778, 0.12461360848782817, 0.09142649269647696, 0.101282983876453], [0.11605224446133508, 0.12158320260247503, 0.10890144590404488, 0.12041806529677292, 0.10077434040668744, 0.11400563134942844, 0.12465585791331474, 0.09172550687948619, 0.10188370518645531], [0.11682278151156984, 0.12092957955466156, 0.10822873947180302, 0.1199197741501355, 0.10157338022742854, 0.11337341420325207, 0.12443840381274365, 0.09213136171349698, 0.10258256535490895], [0.11715785831690402, 0.12067780234171194, 0.10782810025020606, 0.11959053561327102, 0.10202734123436306, 0.11307167348421099, 0.12437438267619196, 0.09230839271725078, 0.1029639133658902], [0.11618816536775502, 0.12151170031073107, 0.1087564247100923, 0.12037504090377668, 0.100870836986202, 0.11388838183714609, 0.12469170063567334, 0.09176402283228496, 0.10195372641633857], [0.11548092413361997, 0.121791770158002, 0.1093503504837873, 0.12082920972835826, 0.10030252780874338, 0.1142733675117264, 0.12500000000000003, 0.09154507836296216, 0.10142677181280066], [0.11726201921890868, 0.12051282086846224, 0.10775572687158623, 0.11973381213388909, 0.10198549038734554, 0.11298231488922852, 0.12459650087887852, 0.0923152745367108, 0.1028560402149905], [0.11714745903222691, 0.12044288438951427, 0.1078440540842266, 0.11986065031748806, 0.10178272383792142, 0.11305539669597939, 0.12499999999999999, 0.09219326018844527, 0.10267357145419798], [0.11486978571122575, 0.12214730045194987, 0.10977959921575103, 0.12166614707625442, 0.09984356128002624, 0.1143221583447898, 0.125, 0.09136730263352882, 0.10100414528647404], [0.11525944907824488, 0.12200946629674875, 0.109562201089477, 0.12119908177424277, 0.10020945704069725, 0.114313925945581, 0.12449573417705158, 0.09165532230693701, 0.10129536229101975], [0.11703990006047092, 0.12075194259390731, 0.10804528863963483, 0.12023089886916358, 0.10162756209015103, 0.11315952162313807, 0.12441378655093527, 0.0922188860680796, 0.10251221350451939], [0.11635502037725139, 0.12125089287529682, 0.10854475316335253, 0.12069763038304629, 0.100874708482509, 0.11365747022217082, 0.125, 0.09178611798507914, 0.101833406511294], [0.1154898454369208, 0.121800770318247, 0.10935944860972402, 0.12120900365185609, 0.10034703378995578, 0.11417960704549218, 0.1245094462954003, 0.09173286073332619, 0.10137198411907751], [0.11658186733573425, 0.1211496172307387, 0.10838444179992493, 0.12066964385469789, 0.10109618844069072, 0.11352150897088657, 0.12463223147338201, 0.09195103029480338, 0.10201347059914156], [0.11723425416687526, 0.12049030912406777, 0.10783157757912555, 0.12018163096371147, 0.10176552985173248, 0.11299659619161408, 0.12463841167291838, 0.09227923749244331, 0.10258245295751156], [0.11663077334420252, 0.12105973621982961, 0.10833417255388052, 0.120808400746666, 0.10108936839545317, 0.1134543066824369, 0.12469453902386018, 0.09197171199802895, 0.10195699103564228], [0.11641835938209301, 0.12112112632049635, 0.10854173371440044, 0.12095091476918543, 0.10091706791102056, 0.11360636951060862, 0.12473180021599724, 0.09190788181119086, 0.10180474636500748], [0.11750810713862289, 0.12016159616294834, 0.10759423078505756, 0.12019591792432598, 0.1019869217494093, 0.11277652308837889, 0.12465739905707102, 0.09241699505647037, 0.10270230903771568], [0.11613865215621745, 0.12113068618444396, 0.1087688580209889, 0.12107546443453278, 0.10069797200596822, 0.1137643392655833, 0.12500000000000003, 0.09181052425910334, 0.10161350367316226], [0.11761548176526344, 0.1201581504286554, 0.10749643248564432, 0.12015043156109359, 0.10210612055520013, 0.11268894660243799, 0.12451264166909727, 0.09248388801886237, 0.10278790691374552], [0.11551925760949733, 0.12171214281961082, 0.10930999952491179, 0.12146380371040823, 0.10036673350709444, 0.11405620293334355, 0.12443137965065286, 0.0918284708571977, 0.10131200938728331], [0.11704656328858636, 0.1207253906059058, 0.10791994611668383, 0.12075194349368423, 0.10138357814550335, 0.11304383463580514, 0.12488849929065439, 0.0920846078570264, 0.10215563656615065], [0.11714103540693717, 0.12063668197781482, 0.10784862281870417, 0.12068697848197975, 0.10147468985364444, 0.11295044212055577, 0.12490146783325295, 0.0921291992207613, 0.10223088228634979], [0.11709740413335493, 0.1206683680591113, 0.10786116445027778, 0.12072340137115872, 0.10141435195449286, 0.11297744287589355, 0.125, 0.09208310377555552, 0.10217476338015533], [0.11632509913241706, 0.12095406587494544, 0.1086219754757066, 0.12127982619081507, 0.10082081404015762, 0.11360288879318196, 0.12480051541394226, 0.09194970617474603, 0.10164510890408796], [0.11680037235377663, 0.12085296402716791, 0.10820556029238834, 0.12107957941994203, 0.10117250474147726, 0.11329397223485832, 0.12456243150767017, 0.09210139183199943, 0.10193122359071992], [0.11671866711220862, 0.120858983690947, 0.10828648749288541, 0.121177039445487, 0.10110301238041806, 0.11334612059444402, 0.12456289133072429, 0.09208666985835987, 0.10186012809452576], [0.11537011775086799, 0.12161515266428145, 0.10934693657609992, 0.12172248944264227, 0.10020635014238645, 0.11389132265971222, 0.12499999999999999, 0.09177247458999106, 0.10107515617401854], [0.11729898229131383, 0.12042978765043064, 0.10771371825330406, 0.12132895563733256, 0.1014628421291417, 0.11282665018595094, 0.12460706897135009, 0.0922926124047654, 0.10203938247641078], [0.11793820895017076, 0.11977495090685994, 0.10716112784847931, 0.12083395824098223, 0.10201697213739355, 0.11230782749068585, 0.125, 0.09249995039130182, 0.10246700403412652], [0.11697882421311, 0.12057770987617729, 0.10809723018003382, 0.1215124644942481, 0.1012709149404444, 0.11312021378517102, 0.12425340155802342, 0.09230488309377777, 0.10188435785901405], [0.11725214005350798, 0.12043293601896951, 0.10778426663767089, 0.121452799122764, 0.10142571040212993, 0.112873921881457, 0.12446749865019159, 0.0923246993857964, 0.1019860278475127], [0.11564950900730818, 0.12134318560675265, 0.10909870644231677, 0.12200644992610421, 0.10040167534381265, 0.11367543851947699, 0.12470148840566969, 0.09197159616562434, 0.10115195058293461], [0.11779926611439244, 0.11999690821507993, 0.10732364417352477, 0.12120241064952593, 0.101841762296753, 0.11237336345771975, 0.12468080113992283, 0.09249666043439307, 0.10228518351868825], [0.11787440190864024, 0.11991438113619038, 0.10724564675883588, 0.1212392244323606, 0.10187309009266549, 0.11230262995985321, 0.12475364468892673, 0.09251546679414749, 0.10228151422837987], [0.11764881416414548, 0.12005815020059184, 0.10734264550508182, 0.12155345717238553, 0.10159544602102548, 0.11243092117797306, 0.12500000000000003, 0.0923573113199735, 0.10201325443882338], [0.11699475217390894, 0.1203708241678718, 0.10809312165660886, 0.1219067209508942, 0.1012669943478939, 0.1130418852061947, 0.12411610055484339, 0.09242436164884552, 0.10178523929293884], [0.11710814983981835, 0.12034057288266291, 0.10798964012238284, 0.12186618559443911, 0.10133481148393206, 0.11296351892412657, 0.12411841121805713, 0.09244583378645699, 0.10183287614812404], [0.11808651947276382, 0.1196756147462037, 0.10701300831705521, 0.12145330785066222, 0.10192589339089386, 0.11206943168208232, 0.125, 0.09256127835301727, 0.10221494618732159], [0.11657705947013727, 0.12060635170440233, 0.1083366413889525, 0.12218144718393038, 0.10096053767960476, 0.11316582630810579, 0.12437338628691483, 0.09231121100320505, 0.10148753897474709], [0.11739859009387577, 0.1201104017593412, 0.10766967324905381, 0.1219642720697413, 0.10146295419219309, 0.11267578057600826, 0.12436289890836748, 0.09250374329536588, 0.1018516858560532], [0.11780263055295769, 0.1198886243265636, 0.107237295931786, 0.12183151835154556, 0.10168277925771649, 0.11230743608627702, 0.12474432467394302, 0.09250618912143713, 0.10199920169777348], [0.11834840247686744, 0.11943673349523369, 0.10683718035418455, 0.12166919169185049, 0.10209017492446602, 0.11187603939004576, 0.12473877874119216, 0.09275218064213935, 0.10225131828402056], [0.11681778164914546, 0.12033139203995682, 0.10808714745351293, 0.12235317113256637, 0.10107554124376132, 0.11292847671450607, 0.12451081867397891, 0.0924008014092518, 0.10149486968332044], [0.11676767326831279, 0.12028699699714314, 0.108018638927231, 0.12259343574780561, 0.10099673876959488, 0.11282392715853069, 0.12477731635558913, 0.09237254317954062, 0.10136272959625227], [0.116392917126445, 0.12051070496302131, 0.10822305135429135, 0.12273997181592691, 0.10075946799561188, 0.11294552456746759, 0.125, 0.09225586342619173, 0.10117249875104423], [0.11891818976962062, 0.11881825721933555, 0.10632782991565942, 0.12177712488766924, 0.10243172132829415, 0.11141956450704901, 0.125, 0.09293373553946649, 0.1023735768329055], [0.11690840937550775, 0.12014566958437194, 0.10789711217553113, 0.12264239321094664, 0.10107780907052236, 0.11271230738214885, 0.12478844273044205, 0.09243644429254742, 0.10139141217798184], [0.11813399104858399, 0.1194235347383826, 0.10684889346604068, 0.12242957863729965, 0.10176501490347994, 0.11189961476034378, 0.12500000000000003, 0.09265537970820248, 0.10184399273766695], [0.11685520896335946, 0.12011693029635702, 0.1078540371876387, 0.12282241928935034, 0.10101081960936696, 0.11264362582804702, 0.12500000000000003, 0.09240534981430851, 0.1012916090115721], [0.11880180081504992, 0.11894007640194595, 0.10638062303774191, 0.12215611422666749, 0.10224475211695508, 0.11141248143475987, 0.12499999999999999, 0.0929074233343487, 0.10215672863253093], [0.11784127957681377, 0.11949287744040782, 0.10709621033837571, 0.12260986740877694, 0.10157460825757496, 0.11208460075640223, 0.12499999999999999, 0.0926223895997752, 0.10167816662187326], [0.11747844448303577, 0.11963694980906786, 0.10749384091211162, 0.12277696551891787, 0.10144588664585821, 0.11237829979929675, 0.12448964029303464, 0.09268556264420647, 0.10161440989447072], [0.1169317030829534, 0.12001017762023608, 0.10778419729325456, 0.12298923687113983, 0.1010797270096628, 0.11255004126382101, 0.12484347906005543, 0.09251046068633871, 0.10130097711253806], [0.11688906429096968, 0.12002395995725482, 0.10781285354877394, 0.12307072666406357, 0.10107103534967547, 0.11255534407470325, 0.12475378147464881, 0.09253788694426736, 0.10128534769564332], [0.11727980622733536, 0.11969600519802513, 0.10748361232836678, 0.12303278312986483, 0.10124619843866894, 0.11230942006089005, 0.125, 0.09257834756765833, 0.10137382704919058], [0.11689124687481511, 0.11997949513832554, 0.10780278153959338, 0.12321069882939267, 0.10110037604469936, 0.11251503037166395, 0.12460558759715931, 0.09261375941445496, 0.10128102418989557], [0.1177699775185707, 0.1193048256748157, 0.1071949415539741, 0.1230554650902483, 0.10159702871979254, 0.11207547661694844, 0.12455218794959856, 0.09283361938501873, 0.10161647749103303], [0.11698822330204137, 0.11986237922434752, 0.10771478093700176, 0.123329170090023, 0.10117160019716749, 0.11241819318403973, 0.12451893162972388, 0.09269865153423645, 0.10129806990141867], [0.11869614486123546, 0.11891287316016996, 0.10644501097249548, 0.12280273532472806, 0.10212548125303701, 0.1114230816876824, 0.1246226088761258, 0.0930199424556404, 0.1019521214088853], [0.11785334236109832, 0.11923828010968873, 0.1071183744896517, 0.1231000922514535, 0.10164400362052604, 0.11200164070716845, 0.1245423414742967, 0.0928735039709471, 0.1016284210151693], [0.11901752020045986, 0.11867768296055807, 0.10619826536291471, 0.1226482744943289, 0.1023202382419831, 0.11115097696442483, 0.12482411061122566, 0.09310292056114368, 0.10206001060296106], [0.11847594604663153, 0.11897009641668037, 0.106555898041717, 0.12304510015126607, 0.10196851450274892, 0.11155022131527802, 0.12464596653688728, 0.09297764354467068, 0.1018106134441201], [0.11901646384708559, 0.11862120503711321, 0.10614511448850664, 0.12278620496515144, 0.10227166815127872, 0.11109775260576582, 0.125, 0.09308591356570685, 0.10197567733939175], [0.11771278924517702, 0.1192097279170254, 0.10706089563998676, 0.12343256911038437, 0.1014842400786621, 0.11189431940143008, 0.12500000000000003, 0.09279510603772766, 0.10141035256960672], [0.11836498357975432, 0.11888552916585295, 0.106561212442437, 0.1232567284926323, 0.10184144990773722, 0.11151970462234971, 0.125, 0.09292023333613536, 0.10165015845310114], [0.11893636179400045, 0.11863802434397416, 0.10621166247658392, 0.12303514730500516, 0.10223438096289326, 0.11116655327925233, 0.12471122455591714, 0.0931404575278025, 0.10192618775457118], [0.11798374633920336, 0.1189794861201926, 0.10689423936248629, 0.12350393738741715, 0.10168506152524698, 0.11173895209497746, 0.12471332770870815, 0.09297365396191563, 0.10152759549985237], [0.1178361004977011, 0.11907445888281872, 0.10696082737034975, 0.12357393929649184, 0.1015777170176548, 0.11178267297074608, 0.12484979996743858, 0.09290597583524494, 0.10143850816155416], [0.1180087520642498, 0.11894004247232313, 0.10686193759818931, 0.1235699400299665, 0.10170165774897233, 0.11169893884354212, 0.12469565279925646, 0.09300252526449546, 0.10152055317900492], [0.11918536292481953, 0.1184042823456179, 0.10602175374837666, 0.12314441915254261, 0.1023859073240459, 0.11094615411150692, 0.12465780718482208, 0.0932912663059554, 0.10196304690231311], [0.11768142834081644, 0.11915794815292728, 0.10707796749667103, 0.12372418007006615, 0.10154482628667309, 0.11183164929658156, 0.12459876752010399, 0.09298755727843111, 0.10139567555772934], [0.11848288652971119, 0.11862020469644691, 0.10648620101417304, 0.12364523311815027, 0.10197844235279553, 0.11136982860335143, 0.12457557984631208, 0.09318707910157686, 0.10165454473748278], [0.12500000000000003, 0.12306287199316548, 0.10520450280412229, 0.11083144761386124, 0.10817141404486187, 0.11199571080127464, 0.10994877114871453, 0.09608450064317893, 0.10970078095082121], [0.12489913395832418, 0.12306264585488144, 0.10516420351403231, 0.11080414590712123, 0.10828270646230362, 0.11195186621138542, 0.10987841102226545, 0.0961978774659246, 0.10975900960376189], [0.125, 0.1228471232601094, 0.10534739920586442, 0.11165470405163702, 0.10755365978768194, 0.11205405250877017, 0.11094356377667351, 0.09551726429542319, 0.10908223311384033], [0.125, 0.12306393387459455, 0.10545120911881854, 0.11213894173844743, 0.10697474349144379, 0.11220356227791217, 0.11162329363556045, 0.0949520960607471, 0.108592219802476], [0.125, 0.12273566554694827, 0.10473379059376497, 0.11085342070250488, 0.10890773607143293, 0.11149356732624204, 0.10960399912009887, 0.09678635166889324, 0.10988546897011478], [0.12499999999999997, 0.12265250348933075, 0.10441725407389532, 0.11017719132448237, 0.10974553093035902, 0.11119156370994873, 0.10868285243058715, 0.09759490750246202, 0.11053819653893446], [0.12489148066791436, 0.12235610937726125, 0.10496612131639517, 0.11179300156714243, 0.10821169112929126, 0.1116362027760007, 0.11072829973185767, 0.09617039291247087, 0.10924670052166628], [0.125, 0.12228062353601563, 0.10487472881398086, 0.11184986578826091, 0.10828109831570393, 0.1115404251960578, 0.1107251351091627, 0.09622756325330216, 0.10922055998751605], [0.12443178180845943, 0.12248486479855507, 0.10518379161331716, 0.11304317618477074, 0.10718701270614503, 0.11184191989645233, 0.11228225410861789, 0.09524825376137519, 0.10829694512230714], [0.12476769863955972, 0.12216625018524116, 0.10475538706595536, 0.11194572364660313, 0.10852338220262849, 0.11139439541507999, 0.11069516034569916, 0.09648482483796675, 0.10926717766126624], [0.12461246779065974, 0.12228029866315182, 0.10500681199175456, 0.11312370281671359, 0.1073832547205608, 0.11164497823025302, 0.11221418115727895, 0.09542698490836371, 0.10830731972126381], [0.125, 0.12217741934467308, 0.10485264140314465, 0.1128247502760345, 0.10768738446893165, 0.11148753575259088, 0.11177882814540362, 0.09567585709781702, 0.1085155835114046], [0.12466532071887201, 0.12203336219259425, 0.10480989550641222, 0.1126723861083726, 0.10806717313220107, 0.1113964545170512, 0.11150216770511842, 0.09608007909242283, 0.10877316102695539], [0.12500000000000003, 0.12207581123612626, 0.10376661916861189, 0.11053089906862283, 0.11058092693845369, 0.11044719810012432, 0.1085803144095033, 0.09840321590