[[0.11484171291524636, 0.11235291107055984, 0.10198396718788603, 0.10091181220318815, 0.12284537782644304, 0.10514637828963634, 0.09911918040061413, 0.12470240377139165, 0.11809625633503446], [0.11546675594213829, 0.11274237026177887, 0.10128633710328071, 0.10034416280091006, 0.12343750511090346, 0.10477180219693231, 0.09842410634113316, 0.12486906381326345, 0.1186578964296597], [0.11484155777539785, 0.11232540724398535, 0.1019766004626056, 0.10103542464935318, 0.12267217489473746, 0.10512544184432045, 0.09922972115936565, 0.12483454592052545, 0.11795912604970898], [0.1149638567576577, 0.11240322584082771, 0.10184554747135244, 0.10092193744534345, 0.1228466089174512, 0.10505702570649951, 0.09909193263003149, 0.12480181407936214, 0.11806805115147438], [0.11551965658293847, 0.11275645209687553, 0.10122677425000512, 0.1003787635369126, 0.12333168947548317, 0.10472902336073918, 0.09844004893801199, 0.125, 0.11861759175903396], [0.11542263810841541, 0.112693647803813, 0.10140857836909663, 0.10061088896809584, 0.1231992592371622, 0.1048339209408642, 0.09869249025208982, 0.1246834794572934, 0.11845509686316927], [0.11490670001585514, 0.11234561190766292, 0.10187277290331022, 0.10101748847681337, 0.12267520766866054, 0.10505456869618497, 0.09918779302583272, 0.125, 0.11793985730568013], [0.11500307326763282, 0.11239719508538, 0.10183905572127926, 0.10111040307044183, 0.12262322389761027, 0.10503998003271121, 0.09925861420091146, 0.124809091382287, 0.11791936334174614], [0.11473792368248469, 0.11225308231618207, 0.10233348047496804, 0.10165746898263112, 0.12204670815601305, 0.10533774835209934, 0.09987428153183638, 0.12420306886460754, 0.11755623763917795], [0.11532754872715915, 0.11260680846405889, 0.10167180677484645, 0.1011293907182001, 0.12272166053532879, 0.10497893871583908, 0.09922054297830574, 0.12426054097961603, 0.11808276210664576], [0.11580920812227072, 0.11290921887981772, 0.10120785388014773, 0.1007837833209889, 0.12284600122459483, 0.10476369417382167, 0.09878468508622582, 0.1244401162019437, 0.11845543911018892], [0.11479464854838867, 0.11227453388922767, 0.10228394757286915, 0.10170645495953312, 0.1220113041537771, 0.10530478189474715, 0.09990442921003606, 0.12420374173041555, 0.11751615804100551], [0.11566645217507424, 0.1128053822581394, 0.1013434538186584, 0.10095060058085387, 0.12276308343120103, 0.10482147139320432, 0.09897102206119701, 0.12439430757760908, 0.11828422670406286], [0.1155277075614123, 0.11270907619955167, 0.10153018237675279, 0.10120030504594106, 0.12258937253288237, 0.10491678138320851, 0.09924288190701869, 0.12420515651483524, 0.11807853647839736], [0.11614119713629552, 0.11308750042854214, 0.10091892062385825, 0.10073911124312844, 0.12308630265621949, 0.10462636721143748, 0.0986666465810703, 0.1242273546784369, 0.1185065994410115], [0.11522692869073846, 0.11251248700513591, 0.10179467991313555, 0.10141785966646867, 0.12237248306095161, 0.1050316709073936, 0.09951278216260606, 0.12431917977779812, 0.11781192881577225], [0.11604254276483238, 0.11301860778621535, 0.10102252867599253, 0.10086054676106705, 0.12288494903359812, 0.10467407210476025, 0.09880241987838345, 0.12429289652422892, 0.11840143647092194], [0.11586699466074948, 0.1129183141096102, 0.10126972406310052, 0.10109189291651721, 0.12253977157332534, 0.10480916943159026, 0.09907138368645646, 0.12417868172066933, 0.1182540678379812], [0.1147871772704714, 0.1122620071180922, 0.10242623025580112, 0.10204285561896874, 0.12169622531805574, 0.10539061787032394, 0.10023928991651307, 0.12384805850872233, 0.11730753812305147], [0.11577270253568671, 0.11285260107926892, 0.10137182401827183, 0.10121783523121666, 0.12247958535475584, 0.1048570193587144, 0.09921126184891844, 0.12409659590238978, 0.11814057467077742], [0.11531598638957635, 0.1125387358064924, 0.10168521285475196, 0.10146337462081481, 0.12225892269975505, 0.10496635523682554, 0.09952536374119476, 0.12448645960586308, 0.11775958904472604], [0.11571963726322189, 0.11280725449282207, 0.10139626510108468, 0.10126819909051948, 0.12242250684566587, 0.10485873225135174, 0.09926472792301014, 0.12419711158810467, 0.11806556544421949], [0.11475736400260594, 0.11224655793813051, 0.10250366484239305, 0.10215176704524442, 0.12158920007927627, 0.1054384111818099, 0.10035624774174857, 0.12371749610798595, 0.11723929106080519], [0.11555582637249333, 0.11267941932708089, 0.10147142675923602, 0.1013637472348293, 0.12230467162694039, 0.10486770016835462, 0.09937611698768417, 0.12448995322713004, 0.11789113829625102], [0.11535003557738988, 0.11254274260354415, 0.10163497279558711, 0.10149712310681933, 0.12217953429536871, 0.10493384655629924, 0.09954314265470272, 0.12460286646608529, 0.11771573594420354], [0.1150759260591214, 0.11239769643229243, 0.10205151658249283, 0.10187932821914461, 0.1218734591475142, 0.10516994930603361, 0.09999301141915168, 0.12411271830729728, 0.11744639452695198], [0.11489414109519, 0.1123079384132926, 0.10233603960224381, 0.1021146593194456, 0.1216474238124687, 0.10533422743263224, 0.10027783483946837, 0.12380699873546318, 0.11728073674979546], [0.1159531827514291, 0.112904731746333, 0.10108428943766365, 0.10116689181148883, 0.12255141867903568, 0.10467927882978423, 0.0990951476124634, 0.12448925020161244, 0.11807580893018965], [0.11561076224972254, 0.11269505859367375, 0.10142574989059895, 0.1014364198902133, 0.12217767924286566, 0.10484238000627093, 0.09942863782392711, 0.12455412519403547, 0.11782918710869231], [0.11503690552947642, 0.11237360970069457, 0.10213122705538728, 0.10199888398536297, 0.12175523440718851, 0.10521671226547523, 0.1001203514959929, 0.12400359201791632, 0.11736348354250578], [0.11522289180749345, 0.11245831819542096, 0.10181390429416315, 0.10174309740589595, 0.12194104110309871, 0.10502847924490585, 0.09981053067543585, 0.12446533755501253, 0.11751639971857357], [0.1153912088937131, 0.11254306265149491, 0.10157145968791084, 0.10155839182265926, 0.12204960528182342, 0.10489139359589579, 0.09958245499556152, 0.12477228621822481, 0.11764013685271632], [0.11554305183415908, 0.1126368182954796, 0.10145223909364881, 0.10149909802771288, 0.12208627398987791, 0.10484143065941183, 0.09949467373115575, 0.12471545357124167, 0.11773096079731246], [0.11477947236376629, 0.11224952633354177, 0.102579659390139, 0.10241789447011984, 0.12134634651589273, 0.10548354816443653, 0.10061156093464718, 0.12344796788090384, 0.11708402394655287], [0.11509822405533877, 0.11239078090859442, 0.10204584287919638, 0.10202144191983473, 0.1216987831717586, 0.10516494268956614, 0.1001186315895655, 0.12412870310222325, 0.11733264968392222], [0.11481469292303612, 0.11226451827508237, 0.1025463059038909, 0.10243590851798925, 0.12133591068462216, 0.10546451590851538, 0.10061828913038966, 0.1234417094423588, 0.11707814921411554], [0.11574088856657827, 0.11275009759395556, 0.10134853141405957, 0.10157513608836803, 0.12202830167358289, 0.10480943623030432, 0.0995293428397508, 0.12447815738063306, 0.11774010821276751], [0.11545209040281666, 0.11254795060993157, 0.10148142278281942, 0.10163402132506902, 0.1218789511959048, 0.10483282341899561, 0.09962781422965797, 0.125, 0.11754492603480494], [0.11516818244274653, 0.11241618269069957, 0.10194233467512762, 0.10199777659619819, 0.12168694706953977, 0.10510331807731929, 0.10007080864397629, 0.124278541298142, 0.11733590850625074], [0.11615883740621875, 0.1129474711875349, 0.10071457443752097, 0.10110662011655243, 0.12273231939732099, 0.10444326290904388, 0.09895222150806723, 0.125, 0.11794469303774087], [0.1156027439366717, 0.1126483113126412, 0.10142150739643913, 0.10165239630822091, 0.12187261794591026, 0.10482570514323708, 0.09962242475417793, 0.1247441700470119, 0.1176101231556899], [0.115973419119161, 0.11286169669603374, 0.10106356671486269, 0.10144363148147453, 0.12234777186320124, 0.10465305719411858, 0.09933787524751495, 0.1245194813713622, 0.11779950031227086], [0.11578228758821263, 0.11276165727651648, 0.10131699285340791, 0.10163890422253566, 0.12202562155224271, 0.10479255501280356, 0.09957751120122317, 0.12441896580605784, 0.11768550448699988], [0.11506772372406676, 0.11236227121714394, 0.1021564637137295, 0.10228650364408516, 0.12143056750677927, 0.10523264472827501, 0.10038323187235114, 0.1239279304748317, 0.11715266311873754], [0.11560479618705613, 0.11261657397584594, 0.10144234847941307, 0.10189610705968472, 0.1217768225538416, 0.10483177986605964, 0.09984566438907672, 0.12458623995617515, 0.11739966753284703], [0.1148091078315396, 0.11222728960299796, 0.10257903740562818, 0.10273335998723418, 0.12124089965986079, 0.10547763938625292, 0.10089471214004861, 0.12320149989740427, 0.11683645408903366], [0.11633952390680628, 0.11299514204983761, 0.10057539879222867, 0.10137559139505757, 0.12261592927415225, 0.10436816522572996, 0.09915379767774844, 0.12485319525196224, 0.11772325642647695], [0.11640451968970572, 0.11303585424584117, 0.10053356072718078, 0.10135994266315175, 0.12268057770152685, 0.10435332341122174, 0.09912757649417099, 0.12474873915826436, 0.11775590590893666], [0.11492426006514127, 0.11227825773808532, 0.10241268381160805, 0.10264644737538652, 0.12124167295344161, 0.10538153355411832, 0.10077251271161429, 0.12344550190615045, 0.11689712988445418], [0.11615311897978657, 0.11290062904894828, 0.10081592021767023, 0.10154603164337393, 0.1223661409371278, 0.10450049894107048, 0.09936717528848378, 0.12473512564451594, 0.11761535929902296], [0.11584900349209247, 0.11276016055662523, 0.10127644614602557, 0.10188551722390667, 0.12198553417842171, 0.10476748788742758, 0.09978621853544593, 0.12422073699470214, 0.11746889498535269], [0.116270228370708, 0.11294153567187677, 0.10061471575750054, 0.10143895201399714, 0.12249330635844852, 0.10437767933458587, 0.09922238847154075, 0.125, 0.1176411940213424], [0.11526381105363155, 0.11241985533288508, 0.10184100051083494, 0.10225234839402678, 0.12161192436763527, 0.10503918377416274, 0.10027239501529081, 0.1241914513561845, 0.11710803019534854], [0.1149944223887283, 0.11230498201946149, 0.10230326467411156, 0.10260382007372161, 0.12127559957807528, 0.1053162985441824, 0.10070579992374805, 0.12357934497219157, 0.11691646782577973], [0.11576488017598659, 0.11267879996696444, 0.10129025309004351, 0.10199199229399974, 0.122112858750647, 0.10475141310994565, 0.09988963231464733, 0.12420985288734297, 0.1173103174104228], [0.11585064668005075, 0.11272962364441563, 0.10123294950398865, 0.1019867087253502, 0.1221804033546839, 0.10472964392953915, 0.0998675584094951, 0.124087888730775, 0.11733457702170164], [0.11610246749152817, 0.11284259778980772, 0.10088685077417625, 0.10179774067417369, 0.12229698067931624, 0.10453236145357551, 0.09961014565523268, 0.12452158115391869, 0.1174092743282711], [0.11564378256527125, 0.11259140310904603, 0.10136475264615102, 0.10208453375184065, 0.12212542476943856, 0.10477394088743967, 0.09999589254388522, 0.1242321153514697, 0.1171881543754579], [0.1162380771534586, 0.11290757883209258, 0.10071390926193687, 0.10169739793999025, 0.1223499816662342, 0.10443654803427713, 0.09947610608237303, 0.12471116045162575, 0.11746924057801159], [0.11553712452187294, 0.11252563032603045, 0.10145875331671453, 0.10215867212023286, 0.12207495375150021, 0.1048163887372667, 0.10008913545024348, 0.12422866433665145, 0.11711067743948757], [0.11508378295205217, 0.1123100675250039, 0.1021019836921386, 0.102604623833312, 0.12156322667325148, 0.10518306852325005, 0.10065746426507867, 0.12365652178157846, 0.11683926075433468], [0.11612419661687204, 0.11284144288108164, 0.10084137770738083, 0.10181393551169964, 0.12236916874995771, 0.10450182017069462, 0.09961369833598897, 0.12451797429753579, 0.11737638572878878], [0.11544108378629246, 0.1124702752699981, 0.10156229704112184, 0.10224340652538128, 0.12201545266243166, 0.10486881553096815, 0.1001934418431844, 0.12416635989145278, 0.11703886744916915], [0.11539934539257156, 0.11244523313922118, 0.10161118393851333, 0.10229613343959026, 0.12199917584227951, 0.10489412637597124, 0.10025394571056843, 0.1241049534007097, 0.11699590276057475], [0.11532211362829195, 0.1124068341438804, 0.10171475646632866, 0.10237025285107756, 0.12191999055165745, 0.10495198986796352, 0.10034773712821879, 0.12401848005996054, 0.11694784530262112], [0.11516439758444393, 0.11233212684566463, 0.10195270620118216, 0.10255800840998079, 0.12174239446869548, 0.10508966012864852, 0.10057806754640991, 0.12374857989605356, 0.11683405891892117], [0.1157531984620907, 0.11262515055224624, 0.10121711855705448, 0.10211151489518239, 0.12236238401542748, 0.10468667317412692, 0.09998185344059454, 0.12413927885004349, 0.11712282805323378], [0.11551347118191477, 0.11249511629672174, 0.10146951950380087, 0.10225928677482057, 0.1221756385517882, 0.10481513950410205, 0.10018323928728667, 0.12408131875133524, 0.11700727014822991], [0.11510433151443346, 0.11230056718155795, 0.10204608986312004, 0.10265872073885614, 0.12169049985759404, 0.10514340555226685, 0.10069284689195207, 0.123598160657542, 0.11676537774267742], [0.11588321882288936, 0.11268360805973249, 0.10105337971536028, 0.1020473488859684, 0.12248619660979866, 0.10459541447657147, 0.09988158818264307, 0.12422968364730931, 0.11713956159972697], [0.11557895071342769, 0.11252426303888123, 0.10139677379274528, 0.10225387814257325, 0.12228152085278134, 0.10477597807530858, 0.10015867060250241, 0.12402502335914765, 0.11700494142263257], [0.11545830243334515, 0.1124506580857413, 0.10151771614006815, 0.10237057581664195, 0.12222363158253509, 0.10483462172004675, 0.10029697556697949, 0.12394761644641301, 0.11689990220822931], [0.11533256612254937, 0.11237827966042023, 0.10164942958361368, 0.10247582262190837, 0.12211490367884445, 0.10490070756105933, 0.1004279569734589, 0.12391333963728468, 0.11680699416086082], [0.11556773491621389, 0.11245813577732638, 0.10125438021299363, 0.1023130592091715, 0.12252092925635995, 0.1046603843201521, 0.10018193887862535, 0.12422697948791106, 0.11681645794124614], [0.11511611012099889, 0.11224158316969453, 0.10187139587544373, 0.10273735272733749, 0.12195949187299589, 0.10500889156528428, 0.100725446338574, 0.12377477229934106, 0.11656495603033014], [0.1151876279119738, 0.11224195955575322, 0.10167358214126207, 0.10267763382882453, 0.12217999166747623, 0.10487607239937942, 0.10062430888917079, 0.12401947877466638, 0.11651934483149357], [0.11617285707055379, 0.11269462034579603, 0.10037134826596866, 0.1019579123835952, 0.12311848365307534, 0.10414347842546556, 0.09963841089794023, 0.12499999999999997, 0.11690288895760499], [0.11524053903827901, 0.11225330178818771, 0.10155786111394002, 0.10262517409038831, 0.12230156743869351, 0.10480169285944257, 0.1005486726961249, 0.12415503640910533, 0.11651615456583866], [0.11610699912526168, 0.11263276382133565, 0.1004003227012832, 0.102096540855255, 0.12331614731886859, 0.10414558690095808, 0.09977184323145159, 0.12477319878312547, 0.11675659726246074], [0.1151372688629387, 0.11218280472634941, 0.10165750286606909, 0.1027834098442543, 0.12224394737537592, 0.10484828996537525, 0.10071936266897118, 0.12405834132212881, 0.11636907236853734], [0.11577288765180119, 0.11243322567226395, 0.10064243754492806, 0.10219704297082935, 0.12318773522020136, 0.10424317999549292, 0.09993350370932443, 0.125, 0.11658998723515872], [0.11551201325887704, 0.1123233270074455, 0.10103202720037416, 0.10243010902155536, 0.12289395603470307, 0.10447095532094072, 0.10024239204141795, 0.12462121685207682, 0.1164740032626094], [0.11574606882251463, 0.11241301201396905, 0.10066718082870349, 0.10225113214705099, 0.12322205486285127, 0.10425422471094938, 0.09998877122639901, 0.12491526117141517, 0.11654229421614698], [0.11514185945420569, 0.11215858400170799, 0.10158221465481673, 0.1028123350039644, 0.12235001640934705, 0.10479103001154044, 0.10072875172875348, 0.12414884282499843, 0.11628636591066599], [0.11535716106952422, 0.1121832463926823, 0.1010444649076762, 0.1025945631213772, 0.12293550016770269, 0.10443746388439004, 0.10040236414461547, 0.12483100659131671, 0.11621422972071516], [0.11541015205902967, 0.11218893706434394, 0.10091073719703221, 0.10253884246313347, 0.12307615573602482, 0.10434944915990915, 0.1003199592729573, 0.125, 0.11620576704756944], [0.11520482236311759, 0.11212773140772156, 0.1013310824663076, 0.10281743810488246, 0.122674529327561, 0.10461462556997617, 0.10067450141883584, 0.12442593347130884, 0.11612933587028909], [0.11406284289604655, 0.12347616620616803, 0.11043430716928197, 0.12040572145838921, 0.09973026617276579, 0.11518581628490736, 0.12405281036853714, 0.09064269327683383, 0.10200937616707015], [0.11461813834567934, 0.12291081135386384, 0.10991194622773302, 0.11836241840256508, 0.10044363939847298, 0.11520148300627014, 0.12500000000000003, 0.09095952836973531, 0.10259203489568053], [0.11433967437356994, 0.12337433385905516, 0.11007135629192848, 0.11930875602215016, 0.09996335553984972, 0.11515278175833381, 0.12499999999999999, 0.09061492959423367, 0.10217481256087892], [0.11413182602043628, 0.12339661485983887, 0.11040367666597788, 0.120435166084501, 0.09977398530915356, 0.11512800289437171, 0.12402057338781547, 0.09070611649539376, 0.10200403828251146], [0.11419163541585381, 0.12335016928045602, 0.11035678986477285, 0.1204098814849053, 0.09981348108807034, 0.1150887642996247, 0.12403350846454872, 0.09074849021354456, 0.10200727988822371], [0.1141662882733999, 0.12317493705038354, 0.11053759833979149, 0.12079882305050742, 0.09980120008368543, 0.11502621722103779, 0.12368238428882455, 0.09085022030084419, 0.10196233139152559], [0.11473774549981422, 0.12303680108618491, 0.10988364818148202, 0.11898252398481102, 0.10035596947444037, 0.11500565915552427, 0.12461197028474795, 0.09101836854333221, 0.10236731378966303], [0.11507434527868679, 0.12250145449939494, 0.10972839206436394, 0.11806346655865774, 0.10087736266378401, 0.11498032649073538, 0.12458103916338592, 0.09141932642134774, 0.10277428685964368], [0.11454293450558511, 0.12296215001589461, 0.11020742387169055, 0.12051332076405877, 0.10005747654968118, 0.11481369111181511, 0.1237996107659341, 0.09109640713654443, 0.10200698527879615], [0.11482748485533381, 0.12289857826868614, 0.10990384899349269, 0.11995970459460187, 0.10026489685473339, 0.1147273855331302, 0.12412367924036068, 0.09119520312412006, 0.10209921853554105], [0.11493698083429577, 0.12277363991108046, 0.109861091850213, 0.1200408134593311, 0.10034699496209883, 0.1146410592452157, 0.12396797683571231, 0.09133022193380191, 0.10210122096825083], [0.11411646540722266, 0.12239064762601976, 0.11059295313515574, 0.12186603943244584, 0.09951597143280987, 0.1151941804322212, 0.1240798854755381, 0.09082985009152587, 0.10141400696706103], [0.11543119457004947, 0.12247943735255212, 0.1095059380955357, 0.11899853625145623, 0.10086019095005914, 0.11457504489551691, 0.12407543813857819, 0.09162639172682031, 0.10244782801943193], [0.11583840051851778, 0.12164659362707779, 0.10901699772727297, 0.11859781679731542, 0.10126821402451644, 0.11427607051604485, 0.125, 0.0917045373027239, 0.10265136948653085], [0.11565348521921648, 0.12224467428315978, 0.10931856665062915, 0.1190429373209826, 0.1010313226909342, 0.11444051895095092, 0.12401323660698303, 0.09175879559294063, 0.10249646268420322], [0.11499131841137053, 0.12248926767014554, 0.11001824431553472, 0.12056079390741122, 0.10039904225885551, 0.11448725119776584, 0.12343638376081607, 0.09157429193421118, 0.10204340654388949], [0.11437231465093645, 0.12215022085292779, 0.11037540168921714, 0.12171618699946529, 0.09968070550076902, 0.11495867613178111, 0.1243177574143917, 0.09101043506007135, 0.10141830170044004], [0.115077547157979, 0.12245502429884293, 0.10993827274954326, 0.12046462449012721, 0.10046187677949757, 0.11445140623796818, 0.1234601212910448, 0.09162735805045105, 0.102063768944546], [0.11579209143091675, 0.12214850416542002, 0.10924098126431601, 0.11933113996789568, 0.10107131113614631, 0.11430183728769949, 0.12382483767566875, 0.09186282413973912, 0.10242647293219784], [0.11592713391526344, 0.12191893993115496, 0.10905758136237115, 0.11910533835218881, 0.10118997103614606, 0.11421663086465152, 0.12424435760941674, 0.09185359600288827, 0.10248645092591906], [0.11447386040675096, 0.1219171457731852, 0.11026411744062194, 0.12178392587146175, 0.09970831550258262, 0.11484940626826041, 0.12458977478596514, 0.09108977107226873, 0.10132368287890323], [0.11500669552765629, 0.12195905390224446, 0.10995411784818776, 0.12103414343315888, 0.10023357803681975, 0.11444603608042961, 0.12412848773814322, 0.09153049463803044, 0.10170739279532946], [0.1158941283997008, 0.1220361542192953, 0.10917889113056731, 0.11978193567090732, 0.10103642228790582, 0.11411546827449076, 0.12374077744149861, 0.09194780758375105, 0.10226841499188304], [0.11580812861639468, 0.12208281734898878, 0.10925564800883941, 0.11987343670452585, 0.10095561587547772, 0.11412731879644385, 0.12376008433927495, 0.09192400360168218, 0.10221294670837261], [0.11527526942760487, 0.12201955211841119, 0.10979744690655649, 0.1206754597082147, 0.10051044277356376, 0.11423614941158941, 0.1238065641485784, 0.09177785272295824, 0.10190126278252294], [0.11625014034028561, 0.12160690337672553, 0.10881048558713863, 0.11933526080893432, 0.10136612114393011, 0.11395603215173049, 0.12419454365461932, 0.09202801294225078, 0.10245249999438537], [0.11447641952205186, 0.1217199394732067, 0.11026917970050355, 0.12195217624497631, 0.0996891715540772, 0.1148396791316043, 0.1246812316883926, 0.09114667487729648, 0.10122552780789089], [0.11563817451194994, 0.12206334807528085, 0.1094442338410484, 0.12014655734681494, 0.10083301575839067, 0.1141177732669142, 0.12365706519713196, 0.09198577089179052, 0.1021140611106784], [0.11652161515137645, 0.12117879976747319, 0.10856597587273656, 0.11934557408454957, 0.1016125716349249, 0.1137533970719709, 0.12433612035284718, 0.09214071140735251, 0.10254523465676862], [0.1162374141759956, 0.12171101565965803, 0.1088629128947346, 0.11969676888695469, 0.10130178813724687, 0.11393585698242441, 0.12379347646832596, 0.09209577466923427, 0.1023649921254257], [0.11588779677532851, 0.12195554206940092, 0.10916024931190739, 0.12005940746166384, 0.1009539011980246, 0.11400091823136568, 0.12389891697113682, 0.0919508717960171, 0.10213239618515539], [0.11466944910434865, 0.12163033528029903, 0.11009117631776304, 0.12172656952164326, 0.09981901638035008, 0.11465748718890575, 0.12488576070362482, 0.09125221528887686, 0.1012679902141885], [0.11573645601315402, 0.12197489433048199, 0.10932912672096322, 0.12021929403356903, 0.10086376670894934, 0.1140291783689731, 0.12377144289194277, 0.09199391604541651, 0.10208192488655007], [0.11659422749503014, 0.12115139853549595, 0.10852212580940168, 0.11946000145193292, 0.10163250204074506, 0.11369527848700296, 0.12424175170097726, 0.09218835107476722, 0.1025143634046467], [0.11613461799282619, 0.12176891962218024, 0.10892128021230553, 0.12001307405704024, 0.10111482588579304, 0.11387329140397263, 0.12398478652270159, 0.0920127689651844, 0.10217643533799625], [0.11477967139264023, 0.12153635728370797, 0.10999559811972269, 0.12163306194191163, 0.09989314308620899, 0.11455512248246433, 0.125, 0.09133109671342854, 0.10127594897991563], [0.11490506718044016, 0.12144547053429239, 0.10993065044233852, 0.12155150273785498, 0.10001037288545235, 0.11447476913324073, 0.12488700829233758, 0.09147097822816012, 0.10132418056588309], [0.1160101693183925, 0.1217118715618133, 0.10901655997276823, 0.12042973135906082, 0.10095142146981993, 0.11377630947957122, 0.12408535850895723, 0.09202805057517527, 0.10199052775444148], [0.11635659932763394, 0.12153782459267372, 0.10869733591288441, 0.1201665281135667, 0.10121045954826616, 0.11367712057841896, 0.12414256393422916, 0.09208537958498283, 0.1021261884073441], [0.11699112939325586, 0.12072743805014738, 0.10825298583524617, 0.11970285291018562, 0.10193727744155313, 0.11341353979433746, 0.12393684642362793, 0.09246413544408609, 0.10257379470756048], [0.11517817698314557, 0.12137521218805519, 0.10978652238800488, 0.12125723252699597, 0.10027357055995854, 0.11429822945202092, 0.12461705710272569, 0.09171933621709989, 0.10149466258199347], [0.11613598117217071, 0.1216151783727589, 0.10887575901951842, 0.12046094489262843, 0.10100105391527643, 0.11368399007819362, 0.12422464251543724, 0.09203189484661803, 0.10197055518739837], [0.11688815199716948, 0.12096211939219713, 0.10833724715416418, 0.11984259686932214, 0.10176065778551972, 0.11346635969082522, 0.12390924419118486, 0.0923901307729476, 0.10244349214666966], [0.11723592472450262, 0.12072082865489893, 0.10799904188570336, 0.11954349895518172, 0.10225602786300277, 0.11319041676090517, 0.12369272604502704, 0.0926304109483453, 0.10273112416243296], [0.11626202395667548, 0.1215409383642731, 0.10874710526197802, 0.12041380615152793, 0.10107308158184042, 0.11362402133608275, 0.12431177761775684, 0.09203933873796366, 0.1019879069919018], [0.11562983542097836, 0.1214648242704375, 0.10950865802328763, 0.12089445532124668, 0.10068888173953697, 0.11394915983693658, 0.12402911726038476, 0.09206678295512516, 0.10176828517206628], [0.11733210215309534, 0.12055346127435827, 0.10791190834747058, 0.11977228577345453, 0.10219393292657536, 0.11309115912889792, 0.12393546353601016, 0.0926113002737029, 0.10259838658643496], [0.11723048876027095, 0.12049106956567021, 0.10802545441433259, 0.11991499181130687, 0.1020282143273785, 0.1131816943069052, 0.12409125538964665, 0.09254014595392471, 0.10249668547056431], [0.11495757460873654, 0.12108876639384218, 0.1099114999008138, 0.12169503839723696, 0.10006156812149765, 0.11441469300595138, 0.125, 0.09165876511773201, 0.1012120944541895], [0.11534553791724626, 0.12114819085060911, 0.1096986432882417, 0.1212326750114039, 0.10042856056766652, 0.11419130410820724, 0.1245001909741665, 0.09195002890131043, 0.10150486838114828], [0.1170955781293109, 0.12078165624505359, 0.10813269127524533, 0.12013540780252747, 0.1017910439831911, 0.11324234155946718, 0.12405985954811842, 0.0924481783046115, 0.10231324315247464], [0.11643612145435508, 0.12128606434350832, 0.108540051883754, 0.12073799216818167, 0.1011010348838299, 0.11338227567846922, 0.12456465787503987, 0.09209770710659854, 0.10185409460626339], [0.11559219210668414, 0.12112563942583969, 0.10950772141087337, 0.12124980171131391, 0.1006123448292928, 0.11397343724457926, 0.12425543217215368, 0.09209087604148063, 0.10159255505778254], [0.1166314064969622, 0.12117227602460702, 0.10836917301229311, 0.12064007596983065, 0.10123685797181205, 0.11330665119419864, 0.12458958477718146, 0.09214551739829054, 0.10190845715482431], [0.11728550765125884, 0.12052007282942864, 0.1079425357737562, 0.12017521474235038, 0.10191887604390693, 0.11307581797956115, 0.12426605595954851, 0.09249519267900702, 0.10232072634118249], [0.11667574405724393, 0.12108090860278123, 0.10829761243507073, 0.12079855278275707, 0.1012178483849134, 0.11320779301290057, 0.12474168212170954, 0.09214918426913266, 0.1018306743334909], [0.11648630729461834, 0.12115183855621053, 0.10848845203203984, 0.12098297470985654, 0.10110775230760571, 0.11326603571998906, 0.12456367675446203, 0.09216989934980467, 0.10178306327541303], [0.11755301628191706, 0.12019059932346514, 0.1076985673256732, 0.12022471534766417, 0.1021248705492545, 0.11284979507535657, 0.124392962329516, 0.09261230949369455, 0.10235316427345878], [0.11626905105179831, 0.12118762495460614, 0.10882112277777482, 0.12113321581868183, 0.10105558776224632, 0.11336094784255271, 0.12406837623926552, 0.09229892298329499, 0.10180515056977936], [0.11765908007625032, 0.12018673678414303, 0.1075997738216141, 0.12017906348889586, 0.1022412863769914, 0.11276163125396722, 0.12429506429519767, 0.09267586365182508, 0.10240150025111518], [0.11560604364201238, 0.12087374491881347, 0.10945362465839883, 0.12149617379637065, 0.10059222465311977, 0.11392782011923897, 0.12443658476034729, 0.09213212064412211, 0.10148166280757652], [0.1171419707353077, 0.12077666775600072, 0.10804519534539656, 0.12056633257082161, 0.1016668748625814, 0.11308260002165813, 0.12415659526962919, 0.09247945270663538, 0.10208431073196947], [0.11724081490063992, 0.12069207981781808, 0.1080048924202816, 0.12051785733319866, 0.10177337341530295, 0.11305589724086966, 0.12401720977786039, 0.09254653560401112, 0.10215133949001759], [0.11720535571665554, 0.12072753931551682, 0.10802540156421513, 0.12052948350245707, 0.10173653824525715, 0.11306736235253885, 0.12404789315233603, 0.09253275742414575, 0.10212766872687767], [0.1164359141330709, 0.12100574948488602, 0.10864087184832863, 0.12132734847024973, 0.10112968402597639, 0.11319862005019495, 0.12413480369931548, 0.09237189755050476, 0.10175511073747316], [0.11682186173953385, 0.12086383247871403, 0.10811312280150258, 0.12107159698943212, 0.10123495126457936, 0.11299786388926131, 0.125, 0.09218761170835235, 0.10170915912862442], [0.11675827910791103, 0.12087879136230383, 0.10820322044286192, 0.12119532576474354, 0.101217318541481, 0.11301906394666798, 0.12477793217956579, 0.0922441037774872, 0.1017059648769777], [0.11545576971704746, 0.120620157293738, 0.10948616108833212, 0.12175164091263423, 0.10042687463106971, 0.11394769429186631, 0.12499999999999999, 0.09206801329015553, 0.10124368877515655], [0.11736314807149069, 0.12046786719421007, 0.10777157153248698, 0.12117599158583542, 0.10165895648117415, 0.1127369087413663, 0.12441576837874606, 0.09256513418331266, 0.10184465383137772], [0.11796970973724458, 0.11979825847257121, 0.10724070235150791, 0.12085254185432698, 0.10211949336209461, 0.11236444392423632, 0.125, 0.09264492453955799, 0.10200992575846038], [0.11701284599144446, 0.12059646699836496, 0.10800542989293034, 0.12152725685924082, 0.10137156174004383, 0.11279250492660162, 0.12458162019189846, 0.09244355927412272, 0.10166875412535305], [0.11730062001491585, 0.12046151308245243, 0.10778945907424932, 0.12135500212371153, 0.10157321960567982, 0.11270052597429255, 0.12453363620507647, 0.09252915549673645, 0.10175686842288546], [0.11573693945878216, 0.1203955579144745, 0.10924738925222005, 0.12203444069521731, 0.10063167852031701, 0.11369090201913994, 0.12470427959636574, 0.09228042361232869, 0.10127838893115448], [0.11785415293090289, 0.12003504374197847, 0.1074252856147253, 0.12111610286820772, 0.10201828346302802, 0.11246960863134371, 0.12437953151182551, 0.09274441363053328, 0.10195757760745511], [0.11793035292518048, 0.11995431400098545, 0.10735700546761992, 0.12117558153304152, 0.10205468525171867, 0.11240233117117962, 0.12441288670158417, 0.09277053908862701, 0.10194230386006323], [0.11776126973439702, 0.12013374868901248, 0.1075366286266694, 0.12131705689089985, 0.10195347974823064, 0.1125015834961778, 0.12403628058206816, 0.09285666642430948, 0.10190328580823514], [0.11705606764312498, 0.12040628092004196, 0.10801780527883847, 0.12193041364104351, 0.10144877515082214, 0.11267402007490142, 0.12414662508947161, 0.09267387179442828, 0.10164614040732754], [0.11715914370085055, 0.12037068016727787, 0.10791670890598866, 0.12188643500275964, 0.1014877261123139, 0.11262757749222271, 0.1242519981908546, 0.09265618530026148, 0.1016435451274707], [0.11815954911588085, 0.11973185819020711, 0.1071800828956165, 0.12142830963460143, 0.10216963368411788, 0.11220602204142992, 0.12432593132023942, 0.092903940526682, 0.10189467259122505], [0.11666676134564985, 0.1202821726402381, 0.10841923883996471, 0.12221146395455061, 0.1012165509862176, 0.11282121614798411, 0.12423753749401992, 0.09265933713218001, 0.10148572145919507], [0.11745339733107853, 0.12014565645207737, 0.10764641916830903, 0.12197240314480604, 0.10163265961113142, 0.11242586816726881, 0.1243674924970678, 0.09273804588809645, 0.10161805774016455], [0.11790240297087065, 0.11995947997925067, 0.10740216130722588, 0.12159011237309023, 0.10200601061461513, 0.11233763994008131, 0.12401483462975002, 0.09295662953614915, 0.10183072864896682], [0.11840805106856774, 0.11948662241456602, 0.10698482422068106, 0.12168464916126417, 0.1022956201272317, 0.11199372927810519, 0.12425901836821278, 0.0930413648574218, 0.10184612050394955], [0.11692039566181475, 0.12009863780908549, 0.10818338482152075, 0.12238636527617021, 0.10137558025624532, 0.11256647156926049, 0.12417133828229597, 0.09280963119522918, 0.10148819512837796], [0.11687278127269217, 0.11991833282535563, 0.10815412511800358, 0.12262416207514938, 0.10130320557645937, 0.11255095696460403, 0.12442766230490161, 0.09278912126082274, 0.10135965260201134], [0.11647748362348258, 0.11981900288836425, 0.10838698576142063, 0.1227621770937825, 0.10099763659559555, 0.11282362695543859, 0.12500000000000003, 0.09257758182593832, 0.10115550525597769], [0.11895431404315056, 0.11885497506462195, 0.1064387374504185, 0.1217962678759738, 0.1025657706723141, 0.11150022854420563, 0.12500000000000003, 0.09312420029659896, 0.10176550605271663], [0.11702152191216357, 0.11984535444997443, 0.10803890696708394, 0.12267535025199364, 0.1014122179431372, 0.11242130073096948, 0.12430328224073081, 0.09289165100770837, 0.10139041449623865], [0.11822938242812497, 0.11950101012736508, 0.10701483387238021, 0.12215560341331894, 0.1020878250392742, 0.11190405597629277, 0.12439339592248677, 0.09310475254942599, 0.10160914067133119], [0.11697397003191168, 0.11972457455917315, 0.10803191535399831, 0.12285417109377259, 0.10136061135774538, 0.11242235533413865, 0.12444555657896114, 0.09288061989401027, 0.10130622579628898], [0.1188673612455631, 0.11900417424522437, 0.10657460122953394, 0.12218619495980733, 0.10248544200173136, 0.11155620117337456, 0.12438167579818223, 0.09324687727567822, 0.10169747207090489], [0.11790045732427348, 0.11953840221142775, 0.10710147626403739, 0.1225611599455931, 0.10176825486405339, 0.1118724378821912, 0.125, 0.09289003995323884, 0.10136777155518481], [0.11755252211425599, 0.11965782765171526, 0.1074758373913682, 0.1227988595444433, 0.10167786431574737, 0.11204130939939067, 0.12437712943074085, 0.09300381821888544, 0.1014148319334528], [0.11704259758171146, 0.119591283714947, 0.1079554708007921, 0.12301687375307276, 0.10140849858446867, 0.11233933210144444, 0.12441090300827022, 0.09295701232097868, 0.10127802813431472], [0.11699106726657238, 0.11954311886932764, 0.10797918517508967, 0.1230949891694114, 0.10137196556105761, 0.11236707923162603, 0.12446657093869597, 0.09294612987021611, 0.10123989391800321], [0.11742420463627502, 0.11951711477342548, 0.10768818611365458, 0.12306957792989855, 0.10169048924958995, 0.11203524936636469, 0.12398378777267635, 0.09318476175417797, 0.10140662840393741], [0.11698545807800505, 0.11944292565640457, 0.10796781018061592, 0.12323148774891576, 0.10137805280879056, 0.11235284418760061, 0.12444288428352021, 0.09299003757279302, 0.1012084994833542], [0.11784162253957957, 0.1193612613062712, 0.10717670646668497, 0.12307473422043695, 0.1018289375932915, 0.11178301168736092, 0.12442433509944117, 0.09315236818847807, 0.10135702289845565], [0.1170844534951429, 0.11934325577846958, 0.10788452359901335, 0.12334923858306002, 0.10145780531755126, 0.11225794181091535, 0.12432163367620189, 0.0930866260269719, 0.10121452171267376], [0.11877966632482721, 0.11899352313253446, 0.10663480194544142, 0.12261097626330916, 0.10242855187294299, 0.11150272577425148, 0.12401278663988892, 0.09344365479563813, 0.10159331325116623], [0.11792267294876134, 0.1192941752492251, 0.10710440723614954, 0.12311852348565666, 0.10187058295820547, 0.11172280070735291, 0.12443423660067861, 0.09318516698347525, 0.10134743383049512], [0.11909316764723668, 0.1187576275918436, 0.10641685262066619, 0.12267801166620163, 0.10260701999937945, 0.11132609552196264, 0.12396421619542915, 0.0935062537440442, 0.10165075501323645], [0.1185579865137952, 0.11904592290592514, 0.10669885983137495, 0.12271685380987388, 0.1022581371581061, 0.1115162022426325, 0.1243466890982855, 0.09338032707580868, 0.10147902136419794], [0.11911019174238358, 0.11872112438432356, 0.10641211670911169, 0.12280611490012247, 0.10262769152163592, 0.11129311541636273, 0.12379905307921682, 0.09358582533617175, 0.10164476691067151], [0.11784689737103028, 0.11914403663155018, 0.10723448433395584, 0.12346141488225557, 0.10191700572757362, 0.11165732288279363, 0.12400353397156519, 0.09338777971190748, 0.10134752448736838], [0.11846416358799365, 0.11897692807571238, 0.1067139413352933, 0.12305668656144303, 0.102187623156375, 0.11145052185099664, 0.12436088673716841, 0.0933997606380316, 0.101389488056986], [0.11902702400286984, 0.11873314722996328, 0.10644466143342719, 0.12290407417773982, 0.10257476758195987, 0.11128941064379201, 0.12382565609189897, 0.09361681452602182, 0.10158444431232722], [0.11808761871452514, 0.11900209951522685, 0.10697259168314795, 0.12352608589924582, 0.10203022835599962, 0.11151486826507186, 0.12408749780532588, 0.09344778913385801, 0.10133122062759888], [0.11796318245596141, 0.11901699020354424, 0.10712026299643206, 0.1235992364948601, 0.10199320994680158, 0.1115531087939037, 0.12394381735966212, 0.09347529865140138, 0.10133489309743343], [0.11811543995694791, 0.11895335749288988, 0.1069522762762305, 0.12359176304154282, 0.10205719528117899, 0.11147992892339859, 0.12403053930876565, 0.09349081336163699, 0.10132868635740867], [0.11927235240503697, 0.11850295712841126, 0.10627103010316095, 0.12313342435049286, 0.10272422391062486, 0.11110591952046944, 0.12358573195347064, 0.09376564264737357, 0.1016387179809595], [0.11782091948264241, 0.11894946991288673, 0.107306483590638, 0.12374849705254284, 0.10199187922478196, 0.1116113935157397, 0.12362717820366793, 0.09359771078868152, 0.1013464682284189], [0.1185773670149742, 0.11871269444039663, 0.10661138172136463, 0.12350039334581608, 0.10231219255492645, 0.11125976188144229, 0.12402029966797262, 0.09364828024803849, 0.10135762912506859], [0.12351183869980815, 0.12181851097564078, 0.10555816885078588, 0.1106005929868814, 0.10890151099821055, 0.11243392727319422, 0.11044661161843868, 0.09712508936316933, 0.1096037492338712], [0.12360820550874627, 0.1217267530693123, 0.10549220072358015, 0.11056949327330164, 0.1089956422872405, 0.11237068396729938, 0.11036195604482854, 0.09721469073930632, 0.10966037438638493], [0.12278413723951034, 0.12226358259594466, 0.1058175754285365, 0.11134805952584914, 0.1082896974206965, 0.11259775064709744, 0.11138305808616396, 0.0965636662168885, 0.10895247283931292], [0.12218401794867206, 0.12256042191802635, 0.10611514500415187, 0.11183255232605642, 0.10779681754269792, 0.11278716669956489, 0.11209363582659274, 0.09613014210312365, 0.10850010063111412], [0.12413341264331998, 0.12146829563078357, 0.10494825789645153, 0.1105986821877898, 0.10952961377788802, 0.11183118432419731, 0.10998129104689695, 0.09769608112194603, 0.10981318137072699], [0.125, 0.12204684823277621, 0.10429167892998274, 0.10982456540060011, 0.11017630058084392, 0.11127925205323734, 0.10890181159956241, 0.09818773948135655, 0.11029180372164074], [0.12324198708483271, 0.12166108970631423, 0.10532560985493537, 0.11147656346104425, 0.10886144273124197, 0.11210149171990927, 0.11106501155705513, 0.09712134593028615, 0.10914545795438078], [0.12327156106019074, 0.121565983416106, 0.10524994286745665, 0.11154734056452821, 0.10893945693953264, 0.11201630851404151, 0.11105974368222113, 0.09720318675421427, 0.10914647620170902], [0.12216506725816437, 0.12206777227940412, 0.10582011108546996, 0.112648004611898, 0.10789390898204956, 0.11236408934898767, 0.11257466547726483, 0.09628419696983585, 0.10818218398692567], [0.12337186282259582, 0.12135058464294558, 0.10508394225582603, 0.11163088152551032, 0.10914059184901842, 0.11183718124277381, 0.11098044540281636, 0.09740937983423117, 0.10919513042428249], [0.12239866348534456, 0.12185453097079532, 0.10562184188914049, 0.11273531045716226, 0.1080739481531507, 0.11216858379315033, 0.1124761234012362, 0.09645528460872764, 0.10821571324129246], [0.12259180817644441, 0.12170989857616904, 0.10544335110533562, 0.11249210159242005, 0.1084029708832611, 0.11204604961909512, 0.11207556159179306, 0.09675775794067902, 0.10848050051480254]