[[0.11864121018140741, 0.10671354359016756, 0.10691532392670222, 0.11575446521575866, 0.10501364479560199, 0.1230154550624967, 0.10305337193847545, 0.12472589482455301, 0.096167090464837], [0.11919862284335384, 0.10651994765871926, 0.10685691644185655, 0.11639215192825865, 0.10457695478056112, 0.12357072309582376, 0.10269688223567591, 0.12488022740494743, 0.09530757361080346], [0.11851205866301717, 0.10668622697652852, 0.10692689076630735, 0.11575849640492306, 0.10498475446813389, 0.12285498322618388, 0.10316127850790101, 0.12484753932975168, 0.09626777165725343], [0.11862120912539131, 0.10664942529469937, 0.10691675843995341, 0.11588417716292043, 0.10490514170407368, 0.12301844593966565, 0.10308913883518185, 0.12481762898577801, 0.09609807451233647], [0.11916305010254742, 0.10649223225110055, 0.106859594479508, 0.11644841814832135, 0.10452362155987768, 0.12347426792875857, 0.10273675273011224, 0.125, 0.0953020627997742], [0.11900393554778288, 0.10655253721916673, 0.10691307776109478, 0.1163490465793429, 0.10463225996968882, 0.12335026470980923, 0.10290970109571149, 0.12471002205306304, 0.09557915506434013], [0.11849842117910449, 0.10663510741765313, 0.10691273401075564, 0.11582950906215245, 0.10490335142629421, 0.1228591338392385, 0.103162301037198, 0.125, 0.0961994420276036], [0.1184808445201692, 0.10663519383406657, 0.10695305084438761, 0.11592728630876577, 0.10487021815183004, 0.1228116977752046, 0.10325617898308594, 0.1248242300768449, 0.09624129950564554], [0.11807525208179115, 0.10670979867677194, 0.10699394802825797, 0.11558884445432863, 0.10506653056688482, 0.12225262568077827, 0.10353358583498627, 0.12500000000000003, 0.09677941467620109], [0.11860889995182058, 0.10653433190033523, 0.10693535798030553, 0.1162049565346855, 0.10465293425391682, 0.12289495522823947, 0.10320476937775504, 0.12500000000000003, 0.095963794772942], [0.11901013297452147, 0.1065173301772295, 0.10701255273467801, 0.1167329197458151, 0.10446085443970458, 0.12313374402119123, 0.10310212199073014, 0.12448756997504629, 0.09554277394108389], [0.11804714160247401, 0.10671081424785063, 0.10702588425730694, 0.11565968159311402, 0.10504296435211082, 0.12222335411064, 0.10361082105624944, 0.12486077374702827, 0.09681856503322588], [0.11884833334393734, 0.10655358858474466, 0.10703570077597917, 0.1165987068824669, 0.10454942864571247, 0.12295097832188594, 0.10323619598981428, 0.12444518408908976, 0.09578188336636968], [0.11862780114955374, 0.10654663674419526, 0.10702291981895903, 0.11643326640256281, 0.10459226798399329, 0.12278067203173466, 0.1033554205976041, 0.12464391723121582, 0.09599709804018149], [0.11903973714628376, 0.10634328552247727, 0.10694639743747787, 0.11702780137973638, 0.10414457138498415, 0.12331838101459398, 0.10300736014164319, 0.125, 0.09517246597280343], [0.11837050915599344, 0.10661607237266613, 0.1070405435844795, 0.1161385645873578, 0.10477211004400142, 0.12257666569466995, 0.10351265109951813, 0.12459826792780553, 0.09637461553350817], [0.1189473611641834, 0.1063988107163739, 0.10699020045157344, 0.11694502070049295, 0.10424111902052315, 0.12316815863622597, 0.10313335268833365, 0.12479186344620419, 0.09538411317608932], [0.11880796969682313, 0.10650769550378267, 0.1070646232023501, 0.11677839044682957, 0.10443146543103378, 0.12291239555002262, 0.10332777223274224, 0.12442244539588268, 0.0957472425405332], [0.1178147897424869, 0.10670091981701203, 0.10705669423756911, 0.11561263195343768, 0.10503727802800777, 0.12191408080885614, 0.10381303362169692, 0.12500000000000003, 0.09705057179093363], [0.11869109760747548, 0.10651350844727563, 0.1070626395808587, 0.11667719714482915, 0.10447044315580473, 0.1227389180050582, 0.10339945244631249, 0.12456398163707406, 0.09588276197531155], [0.1183375939953969, 0.10660057985725165, 0.10707527587641846, 0.11625049518656844, 0.10471384415700348, 0.12247774401521631, 0.10360961428672633, 0.1245345852263197, 0.0964002673990989], [0.11861999621712603, 0.10650870679742626, 0.10705804497817055, 0.11662768865150656, 0.10447948205929727, 0.12264062232934358, 0.10343909367190329, 0.12467729439762341, 0.09594907089760303], [0.11774659366875576, 0.106734291382851, 0.10709132187361485, 0.1155803138696792, 0.10508693630807289, 0.1218121575060446, 0.10390153598586267, 0.12486414339204455, 0.09718270601307431], [0.11845599374030712, 0.10650575186124844, 0.10704136630630906, 0.11647455275202581, 0.10452303759244219, 0.1225188368433264, 0.10351511688248971, 0.12485184844116481, 0.09611349558068642], [0.11830358807350984, 0.1065892500317773, 0.107089543900195, 0.1162953445161786, 0.10468337847195315, 0.1224071505318756, 0.10366383218956994, 0.1245449117992454, 0.09642300048569515], [0.11799033377925522, 0.10663048341880471, 0.1070799380724609, 0.11595526626670942, 0.10483888403851581, 0.12209860306053226, 0.10381022890295775, 0.12479734060651232, 0.0967989218542516], [0.11780510454131783, 0.10670008372433733, 0.10710843560193149, 0.11574179185671582, 0.10499096707362088, 0.12187516354803474, 0.10393091292628225, 0.12475324897120009, 0.09709429175655955], [0.11865985806165628, 0.10643739921557968, 0.10707418647967587, 0.11689510158467414, 0.10430170946483057, 0.12278495130624388, 0.10345867530472828, 0.12461524746295148, 0.09577287111965975], [0.11839512082249445, 0.10647320294882584, 0.10704520883973016, 0.11652765926441103, 0.10446265113979364, 0.12240042197675599, 0.10357338011687363, 0.125, 0.09612235489111529], [0.11789954705551527, 0.10663783904640951, 0.10709015324901879, 0.11590320201456394, 0.10486190787606772, 0.12198300847829233, 0.10387995874840605, 0.12483842120022925, 0.09690596233149716], [0.11809641516074981, 0.10661151837925005, 0.10710866190710258, 0.11615135054105341, 0.10475249905688623, 0.12217812530461447, 0.10381601227683905, 0.1246079712476188, 0.09667744612588555], [0.11824052950903528, 0.10656936231887966, 0.10710645362718248, 0.1163492567491035, 0.10463803074005762, 0.12229028846934833, 0.10374462951764599, 0.12459940224607406, 0.0964620468226731], [0.11831617917648311, 0.10650398326243998, 0.1070762517295131, 0.11648249799744678, 0.1045138452493849, 0.12232085327407828, 0.10366857791216483, 0.12485237035990616, 0.09626544103858269], [0.11757067166183315, 0.10671080005160383, 0.10711382024138759, 0.11557173552212648, 0.10505117594334235, 0.12157096090437264, 0.10406760015991724, 0.125, 0.09734323551541674], [0.11787148940274789, 0.10659295549457493, 0.10708156956287453, 0.11596764248345776, 0.10478229543991656, 0.12193078336402606, 0.10390690444354841, 0.12499999999999997, 0.09686635980885375], [0.11757087323154616, 0.10670936332517592, 0.1071294348336388, 0.11561504754810045, 0.10503420518299529, 0.12156999522953162, 0.10410253505811648, 0.12491663923517371, 0.09735190635572157], [0.11832456705808135, 0.10647775298005988, 0.10711695894937236, 0.11667537130135937, 0.1044163108231356, 0.12231130925938537, 0.10374468135696704, 0.12471746400503113, 0.09621558426660794], [0.1181662737642521, 0.10655333803209611, 0.10713975714389365, 0.1164321029016533, 0.10458704097941961, 0.1221390769299984, 0.1038605633658173, 0.12459980303822148, 0.09652204384464821], [0.11789667301620559, 0.10659462680183139, 0.10711292635641018, 0.1160657407284143, 0.10475181692069757, 0.12192935577571443, 0.10395418031917318, 0.12483691038756613, 0.09685776969398724], [0.1185586596345809, 0.10628166052714447, 0.10703187178508654, 0.11712772895446835, 0.10402683088635896, 0.1229296573940651, 0.10347912571990286, 0.125, 0.09556446509839281], [0.11821389708824745, 0.10651563348052841, 0.107138583709632, 0.1165597448394362, 0.10449857247408516, 0.12213394009861685, 0.10384252771284717, 0.1246914187587436, 0.09640568183786316], [0.11838378218724749, 0.10635101999641931, 0.10706481899653211, 0.11690521301916043, 0.10418273657196382, 0.12256298593109093, 0.10364615426939139, 0.125, 0.09590328902819455], [0.11827996027098565, 0.10647887702563046, 0.10714613378261156, 0.11672638393227426, 0.1043989238987933, 0.1222673520268721, 0.10382398597216574, 0.12461079528521736, 0.09626758780544954], [0.11768872880059554, 0.10661782054148686, 0.1071365745819583, 0.11592809644185935, 0.10481746989563565, 0.12189141294955207, 0.10411194773687844, 0.12469366402218862, 0.097114285029845], [0.11801368733113025, 0.10650462911493452, 0.10718117246875059, 0.11656663761462624, 0.10447379503996573, 0.12216402356586314, 0.10405136851418044, 0.12443965944686956, 0.09660502690367967], [0.11730630235492466, 0.10663337370932255, 0.10711914971886156, 0.11557718924379876, 0.10493608848218294, 0.12191173842853623, 0.10428602273614433, 0.1247198870934086, 0.09751024823282035], [0.11835829964017544, 0.10622342365712237, 0.10709694858270774, 0.11732233228038917, 0.10388191750935356, 0.12282398771679624, 0.10374325224776458, 0.12486600693867872, 0.09568383142701214], [0.11839126233312507, 0.10621971496672351, 0.1071078387729991, 0.1173870642679227, 0.10385658725012441, 0.12288400684521493, 0.10374023262703427, 0.12477077644656254, 0.09564251649029368], [0.11736395988636639, 0.10654603065301871, 0.10707018729523071, 0.11569217121562844, 0.10479060223507439, 0.1220206177902849, 0.10421023892842557, 0.12499999999999997, 0.09730619199597072], [0.11824589469583631, 0.10630275310872622, 0.10712906736615525, 0.11713050687047338, 0.1040418014577304, 0.12259103222657657, 0.10385080825244773, 0.12475774186426225, 0.09595039415779187], [0.11806562391386685, 0.10641780661547248, 0.10716467807187138, 0.11678750567830314, 0.10429311233186556, 0.12239228717648494, 0.10401260453078691, 0.12448442044470731, 0.09638196123664143], [0.11827894359069574, 0.10621921024576413, 0.10709021301945149, 0.11725555578178393, 0.10389616246245198, 0.12271054850276332, 0.1037873667548201, 0.125, 0.09576199964226934], [0.11768186036879835, 0.10653019556313569, 0.10714971148434231, 0.11617095465466529, 0.10462368973609278, 0.12223574408117661, 0.10419100961909071, 0.12442477545721521, 0.09699205903548305], [0.11740355770484272, 0.1065379776179616, 0.10708916726531105, 0.11578887033242949, 0.10474919185185806, 0.12210967725235906, 0.10423202236317956, 0.12482482373568698, 0.09726471187637163], [0.1179171387712128, 0.10639669724462457, 0.10715811754043182, 0.11671274692512477, 0.10428482991294899, 0.12248094815244082, 0.10410572874506159, 0.12444069490041326, 0.09650309780774137], [0.11794246043702265, 0.10638574944520708, 0.10717058474637522, 0.11679876100294596, 0.10424333452771223, 0.12256038167122839, 0.10411182440541925, 0.12433433479721179, 0.09645256896687743], [0.11803615548835428, 0.10627563473260737, 0.10713944341503243, 0.11707114745263561, 0.10401831398180078, 0.12274252231343162, 0.10402129465204621, 0.12456109144242168, 0.09613439652167], [0.11778574522873984, 0.10636776707044836, 0.10712049451563972, 0.11657962593886455, 0.10428703399683618, 0.12245326902973261, 0.1041359126717918, 0.12468025402060832, 0.09658989752733863], [0.1181013754731487, 0.10621780599565124, 0.10712101888229528, 0.11721282211282295, 0.10390081737035946, 0.12278684772646734, 0.10396425147078807, 0.12473540575643391, 0.09595965521203306], [0.11769203856023457, 0.10634916910975205, 0.10708443210695279, 0.11645319371292182, 0.10430176517539057, 0.12247704437534923, 0.10413932619430417, 0.12484932254683366, 0.09665370821826093], [0.11734239836316075, 0.10644358362213657, 0.1070630108048263, 0.11589921493743177, 0.10458887865715823, 0.12236299384091175, 0.10427206315359358, 0.12485307536742268, 0.09717478125335835], [0.11800687021539884, 0.10625086424936897, 0.10713433654525092, 0.11709627745009794, 0.10397719454649662, 0.12281270201931435, 0.10404104332096245, 0.12455783855571301, 0.09612287309739692], [0.11761000671709061, 0.10635738724806366, 0.10707517178215827, 0.11634398084307923, 0.10434458823136925, 0.12251374793256944, 0.10417215754498006, 0.12482775829810952, 0.0967552014025798], [0.11756420959661892, 0.10636562564725523, 0.10707848656799317, 0.11629803564417127, 0.10436782589356026, 0.12254328586979447, 0.1042039821660164, 0.12475949562267931, 0.096819052991911], [0.1175134554735621, 0.106403029458, 0.10709658919106041, 0.11621641764722873, 0.1044393181290916, 0.12254029000593379, 0.1042536485855782, 0.12459581168604467, 0.09694143982350051], [0.11735367714311512, 0.10639728615778693, 0.10705617146779045, 0.11600098284393395, 0.10449645873513652, 0.122499030577522, 0.10427711004973636, 0.12483161204771746, 0.09708767097726118], [0.11773486679160992, 0.10631433787150173, 0.10712723932180272, 0.11670302058972995, 0.10417556608093174, 0.12268788373536696, 0.10419458416721877, 0.1245222314252013, 0.09654027001663688], [0.11757241001410398, 0.10628854555388335, 0.10704565157701126, 0.11640869857659739, 0.10423438228103411, 0.1226160175563506, 0.10416796474457879, 0.125, 0.09666632969644053], [0.11725944607969135, 0.10637493221816019, 0.10702780572408056, 0.11590893176399963, 0.1044942745651752, 0.12250462555134987, 0.10429016100355332, 0.125, 0.09713982309398987], [0.11777584484125385, 0.10629871089709213, 0.10715441306205083, 0.11685916516259336, 0.10410545359549245, 0.12284176454626788, 0.1042136714081638, 0.12429203886987224, 0.09645893761721344], [0.11758230132792684, 0.10628389108967957, 0.1070663615135874, 0.11648799334486584, 0.10420196479926147, 0.12266540543240569, 0.10419958972344862, 0.12486430116495138, 0.09664819160387318], [0.11746471600740625, 0.10628699585226116, 0.10705288598891585, 0.11635131189923718, 0.10424523640964073, 0.1227416872292776, 0.10425063045390814, 0.12482677700521201, 0.09677975915414092], [0.11737337503331567, 0.10633488127584882, 0.10707623075141953, 0.11622560955275034, 0.10434198046097251, 0.12276494725555777, 0.10433259727317737, 0.12458365445630432, 0.09696672394065368], [0.11743006772200353, 0.10623508273670247, 0.10707228494601895, 0.11651555399527411, 0.10412177620562432, 0.12292518715951717, 0.10432363477280526, 0.12465710165945285, 0.09671931080260132], [0.11709385938261535, 0.10630552365085656, 0.10703068492933616, 0.11596113499655586, 0.10437720219491148, 0.12284233635966998, 0.10443266519108425, 0.12475636120339334, 0.09720023209157697], [0.11706149412329885, 0.10620812953057175, 0.1069842094128521, 0.1160494437430586, 0.10422280473158878, 0.1230064008844457, 0.10441020384162396, 0.125, 0.09705731373256027], [0.11757770910037338, 0.10594314239598342, 0.1070094224840547, 0.1171878826142148, 0.10353523164783546, 0.12351616943087473, 0.10421012847731716, 0.125, 0.09602031384934638], [0.11708430545411232, 0.10620115131281656, 0.10700162990890136, 0.11613266032041034, 0.10418678353174983, 0.12308722303200827, 0.10443150953935358, 0.12485096537851934, 0.09702377152212842], [0.11743914310469682, 0.10593422436876801, 0.10702029775133039, 0.11712865467034297, 0.10353421585248906, 0.12366508481145731, 0.10432775372816719, 0.12479197770640758, 0.09615864800634064], [0.11692549686312186, 0.10619387295112157, 0.10699663334958587, 0.11601360710889479, 0.10420644018996816, 0.12317555409060078, 0.10452444233446263, 0.12478527686865067, 0.09717867624359348], [0.11727396351038602, 0.10598885601930745, 0.10699654652030405, 0.11679658440088747, 0.10370560277468935, 0.1234217861758852, 0.10438014669236148, 0.12499999999999997, 0.09643651390617884], [0.11710719449279051, 0.10604884376509346, 0.1069789416047073, 0.1164777745545244, 0.10387960937406604, 0.12337031254864383, 0.10442801414968571, 0.12499999999999997, 0.09670930951048862], [0.11722839422848118, 0.10599469795378094, 0.10700597769309494, 0.11677127071520438, 0.10371794497810741, 0.12343551314438268, 0.10442568691066949, 0.1249221352945903, 0.09649837908168865], [0.11685987915626089, 0.10616879760469551, 0.10700115950947797, 0.11603695466355642, 0.1041614228746277, 0.12331220777758092, 0.10458483006420875, 0.12467005644135006, 0.09720469190824181], [0.11684931900877105, 0.105977615175238, 0.10693330550246291, 0.11632251660215819, 0.10382343618270677, 0.12365808441180395, 0.10454032025479801, 0.125, 0.09689540286206114], [0.11687270720054824, 0.10597070245975854, 0.10695453843408657, 0.11641063313802792, 0.10378506844160057, 0.12371565865910528, 0.10457108300376351, 0.12484226061330543, 0.09687734804980394], [0.11671254907195151, 0.10600632413309251, 0.10692279899052744, 0.11611121415144783, 0.10392096785886981, 0.12362045594817857, 0.1045984899559924, 0.125, 0.09710719988993992], [0.10266217658221041, 0.11612406488436634, 0.12491785720568169, 0.11389864513478115, 0.11109298605670083, 0.10044778009725856, 0.11860737314552573, 0.09171294456254656, 0.12053617233092873], [0.10336573986167344, 0.11559795305829677, 0.125, 0.11521765539695085, 0.1105354344101632, 0.10129152442755363, 0.11816298589408561, 0.09223710531765009, 0.11859160163362643], [0.10301651938086256, 0.11586484353162724, 0.12500000000000003, 0.11459297697035799, 0.11074513019898623, 0.10088661255352468, 0.11839496785342722, 0.09198032187757672, 0.11951862763363744], [0.10260826738294403, 0.11605344628718943, 0.125, 0.11393581388728427, 0.11102507586389626, 0.10043681004122627, 0.11868713624891546, 0.09169834116690173, 0.12055510912164252], [0.10260709914237066, 0.11600469361800615, 0.12494479425872983, 0.11399200044798345, 0.11097850846622893, 0.10047053075052303, 0.118742018536913, 0.09173072924271, 0.12052962553653493], [0.10247998312459057, 0.11601145730726806, 0.12464371235571561, 0.11392931313262913, 0.11103774334273808, 0.10036741199816013, 0.11893576412754663, 0.09170139196834315, 0.12089322264300861], [0.10313869842852798, 0.11559065447860684, 0.12462519541229078, 0.11492744306624954, 0.11047885513527078, 0.10119590629901637, 0.11859229670949722, 0.09226333423464991, 0.11918761623589057], [0.10345247749127184, 0.11528606465369301, 0.1245938232442663, 0.11556411863252454, 0.11026432238474655, 0.10161343563243401, 0.11841843272473597, 0.09253219878778547, 0.11827512644854231], [0.10248912727380993, 0.11570548493467628, 0.12455190801881039, 0.11428092269421879, 0.11072403797380724, 0.10058049791781544, 0.11918284431934127, 0.09187777463985075, 0.12060740222766993], [0.10256929986457881, 0.11546602932102897, 0.12500000000000003, 0.11455238914647405, 0.11042338256657763, 0.10077263106364928, 0.11919763602818818, 0.09195546593405231, 0.1200631660754509], [0.10251392680572699, 0.11537793413169192, 0.12483955098219082, 0.11463461122559898, 0.11035542239781375, 0.10079131730244563, 0.11936005400512267, 0.09199699002351919, 0.12013019312589017], [0.10194249032494854, 0.11564513544535046, 0.12413791146950624, 0.11388684713440252, 0.11091576695494032, 0.10008698343009492, 0.11979842620218686, 0.09165017801308327, 0.12193626102548688], [0.10298770422417806, 0.11503673467354908, 0.12472597275037071, 0.11517864208367642, 0.109952044933136, 0.10143755719375333, 0.11920344688901036, 0.09248295019561635, 0.11899494705670972], [0.10347186025843341, 0.11460404438224067, 0.125, 0.11610568642430955, 0.10952114667020142, 0.1019940119337396, 0.11890697982593852, 0.0927797302477672, 0.11761654025736963], [0.10302897609375335, 0.1148040161058411, 0.125, 0.11537196910769179, 0.10974754571059613, 0.1015464431167298, 0.11928492387252472, 0.09252538546913415, 0.11869074052372898], [0.10219223106768467, 0.11525157152151799, 0.125, 0.11457246052353877, 0.11028909438254533, 0.10055852697629546, 0.11970757436249631, 0.09183896847937559, 0.12058957268654588], [0.1018572754890593, 0.11539665684027589, 0.1243378263874733, 0.11409566453341953, 0.11064763888121101, 0.10015202467762835, 0.12004884215056927, 0.09168675579577971, 0.12177731524458363], [0.10222540679688247, 0.1151954478806586, 0.12490396562424207, 0.11466376676877486, 0.11023049892622207, 0.10063480360117723, 0.11974145599979896, 0.0919080678885747, 0.12049658651366903], [0.10294586147511794, 0.11470340753867378, 0.1247442432143047, 0.11549256503775115, 0.10963720460465112, 0.1015491448330088, 0.1195321565059989, 0.09256696994752597, 0.11882844684296764], [0.10318647200267304, 0.11454820043318152, 0.12465989903726779, 0.11568278795092606, 0.10955356976039352, 0.10181080771531822, 0.1194372504082074, 0.09276058481816882, 0.11836042787386365], [0.10169002287536943, 0.11518269456088612, 0.12459612213731591, 0.11416308441865596, 0.1104921234745468, 0.10009964982886398, 0.12029486017041868, 0.09164775484442252, 0.12183368768952062], [0.10184593895461506, 0.11498793896738746, 0.125, 0.11458513261996149, 0.11011564227600071, 0.10038089055585614, 0.1202673959403775, 0.09175932804295123, 0.12105773264285043], [0.10277255132013859, 0.11462399943958058, 0.12427744941109885, 0.11558063592127624, 0.10959211794509251, 0.10148502085801393, 0.11989084431798396, 0.09259568048415985, 0.11918170030265536], [0.10267019826092348, 0.11469063551950394, 0.12417654413751826, 0.11548539230525198, 0.10967962502179712, 0.1013768026161511, 0.11996323898326562, 0.09253204603309392, 0.11942551712249458], [0.10202298168887595, 0.11490695734176921, 0.12464438755859104, 0.11484477226038016, 0.11000604121911338, 0.10063949061261257, 0.12025726149229292, 0.09197985993237873, 0.12069824789398605], [0.10323370527450808, 0.11426753543961846, 0.12437555466755192, 0.11600328703915469, 0.10930925777460553, 0.10199885468201021, 0.11970574361144246, 0.0929395356120475, 0.1181665258990613], [0.10154110869968712, 0.11503759251907202, 0.12468546299949136, 0.11414526178378359, 0.11046471570943957, 0.10002514594494998, 0.12048665009527672, 0.09162142937695214, 0.12199263287134751], [0.10231397768010114, 0.11475891310739642, 0.12435476954177022, 0.11523024129967115, 0.10980059951342878, 0.10102822155504862, 0.12018576042363152, 0.09227707261945661, 0.12005044425949554], [0.10349086775473429, 0.11409938323963432, 0.12435654369102121, 0.1163050219082461, 0.10908379401272245, 0.10233205348765115, 0.11961031593479533, 0.09317575941229346, 0.11754626055890165], [0.1029874661589496, 0.11430599303307817, 0.12439440086220983, 0.11593332830288976, 0.10928628688506908, 0.10178870769322601, 0.11994242574942182, 0.09279435806972966, 0.11856703324542608], [0.10256066120902056, 0.114570853680872, 0.12432774411098832, 0.11554387759286204, 0.10956714619808962, 0.10132589154836434, 0.12013583785331931, 0.09248386249919958, 0.11948412530728433], [0.10153147210840865, 0.1149058795132951, 0.12488702903220192, 0.11431119331554401, 0.11025669980860277, 0.1000985853389976, 0.12059904496563736, 0.09164718351233073, 0.12176291240498183], [0.10235459570669539, 0.11466919258118624, 0.12423761969943214, 0.11534798344674961, 0.10971113005005917, 0.10111156005477996, 0.12026837489521672, 0.0923532783948813, 0.11994626517099947], [0.10343623810512367, 0.11402590704856164, 0.124357671610367, 0.1163612836439446, 0.10902165976525334, 0.10231592995434836, 0.11972429074372436, 0.09316770944429224, 0.11758930968438477], [0.10274585291321153, 0.11436809901878323, 0.12430992470075142, 0.11581990446058557, 0.1093387109853978, 0.10157434639217483, 0.1201436228102651, 0.09266449818813435, 0.11903504053069616], [0.10149894786667484, 0.11480217951272677, 0.12499999999999999, 0.11440235562460709, 0.11013663494825408, 0.10012913992911995, 0.12070274482812857, 0.09166328715164364, 0.12166471013884499], [0.10150554098998803, 0.11471554613463202, 0.12488787382622454, 0.11450955361953778, 0.11004608398137053, 0.10020179727878033, 0.12081687124093218, 0.09173881417041342, 0.12157791875812105], [0.10234614769185169, 0.11436718169650757, 0.12451771546963843, 0.11562451682234988, 0.1093897996013164, 0.1012195039007146, 0.12048067860010324, 0.09240429145505785, 0.11965016476246032], [0.10275107891008287, 0.11414136701621894, 0.12437403693491163, 0.11603909931144915, 0.10910814217989276, 0.10167532095880288, 0.12033219584215092, 0.0927360481873247, 0.11884271065916616], [0.10346568001164728, 0.11369263545536346, 0.12475903893070414, 0.11670476135020257, 0.10865638936881541, 0.10249281430814186, 0.11983791215492005, 0.09325391658870853, 0.11713685183149682], [0.10162526640221825, 0.11462738926614942, 0.12461918486649366, 0.11475846605631064, 0.10987105375463435, 0.1004109591916535, 0.12089862831929891, 0.09191102349996359, 0.12127802864327775], [0.10238137040875787, 0.11424232650160122, 0.12466326686658581, 0.1157577948539884, 0.1092480278527324, 0.1012958888799258, 0.12051670868106308, 0.0924418655411746, 0.11945275041417083], [0.10328972297340272, 0.11374017466685589, 0.12445611935551751, 0.11659811954907143, 0.10875778861779241, 0.10231237257467994, 0.12008002979357896, 0.0931682023842428, 0.11759747008485849], [0.10380576272031448, 0.11352737390613325, 0.12439828326929227, 0.11711665903044101, 0.1084841220275132, 0.10290497065524787, 0.11979719454402236, 0.09355731721746009, 0.11640831662957558], [0.10248517878759589, 0.11414461830850954, 0.12469881008994729, 0.11590358474432591, 0.10913100529355106, 0.10142726103686625, 0.12048169352463242, 0.09253045211260727, 0.11919739610196425], [0.10173731419142104, 0.11441467501280526, 0.125, 0.11512547429102483, 0.10955651144514342, 0.10062788043755085, 0.12088415371487535, 0.09198579742185482, 0.12066819348532443], [0.10366900148489354, 0.11342351477596069, 0.12461131436125007, 0.11707153502557636, 0.10838880814147368, 0.10283041176286056, 0.11992714732853117, 0.09351521421222701, 0.11656305290722692], [0.1034098622956111, 0.11344931110996734, 0.125, 0.1169251777256397, 0.10840983046120733, 0.10254839344627943, 0.120030138065799, 0.09327517537296826, 0.11695211152252782], [0.10128622703588121, 0.11444768103568594, 0.125, 0.11452238948072907, 0.10995852167261519, 0.10013928620117205, 0.12117788692485998, 0.09176266967603171, 0.12170533797302487], [0.10154719017230351, 0.11442745020279191, 0.12450109128038958, 0.11489149893732972, 0.1097262056289705, 0.1004728211125704, 0.12118471974092428, 0.09200956182911932, 0.12123946109560074], [0.10318673261031759, 0.11351467569259656, 0.1244313699698969, 0.11679351152435116, 0.10855384366118657, 0.1023286162344726, 0.12037394762280054, 0.09320215259192674, 0.11761515009245123], [0.1023205897169647, 0.113895998602283, 0.125, 0.11604737634599753, 0.10889079971991203, 0.10138205268332823, 0.12078810731151614, 0.09248459122071848, 0.11919048439927991], [0.10163289038051879, 0.11429908843941514, 0.12451486310795659, 0.11512067450462368, 0.10953215535796233, 0.1006192578006267, 0.1212508647496866, 0.09210020452463968, 0.12093000113457061], [0.10254621557290629, 0.1137875390572699, 0.12464075502344246, 0.11628794795214979, 0.10876953060402489, 0.1016501927116254, 0.12077000591592034, 0.09271698639855033, 0.11883082676411047], [0.1032755340568378, 0.11336770424779014, 0.12464959086369974, 0.11698987813028558, 0.10836237200826647, 0.10248386768245513, 0.12033060000578825, 0.09329086209198345, 0.11724959091289357], [0.10246402521614333, 0.11370835601942418, 0.12470126033165256, 0.1163255719172354, 0.10870088439149622, 0.10161549358681278, 0.1209006319346888, 0.09269846044335288, 0.11888531615919384], [0.10224088102514578, 0.11382060114779734, 0.12473684311069827, 0.1160918543251879, 0.10885119445520074, 0.10136989337122228, 0.1210270487248128, 0.09253010478605671, 0.11933157905387806], [0.10341792364603607, 0.11316881925291083, 0.12466839437672088, 0.11726644389532666, 0.10815284569905624, 0.10272549575720223, 0.12035009852171329, 0.09346270307888419, 0.11678727577214963], [0.10195532249965966, 0.11392856054582498, 0.125, 0.11578269979836511, 0.1090060936387762, 0.10105317231363012, 0.12113282574777898, 0.09229562418562795, 0.119845701270337], [0.10354639591174122, 0.11310933915704902, 0.12452928377169588, 0.11738868225574682, 0.10809413677824561, 0.10288789090043007, 0.12031603253762713, 0.09359423422079466, 0.11653400446666962], [0.10154014038269422, 0.11416159892742381, 0.12443685584018822, 0.11514037518054243, 0.10946110459266109, 0.100603968133582, 0.12149785961631861, 0.09214793459248756, 0.12101016273410192], [0.10274745156323718, 0.11335357572317081, 0.12489138787155826, 0.1167614307079402, 0.10836242866028646, 0.1019953943894309, 0.12086199530389066, 0.09293732685537381, 0.1180890089251117], [0.10284463570413298, 0.11327524422418983, 0.12490412381908704, 0.1168620713027334, 0.10831094711677734, 0.10210882683199908, 0.12080323822163888, 0.09301524876283176, 0.11787566401660965], [0.10277869160647897, 0.11329554523429466, 0.125, 0.11681503059408209, 0.10831463736392974, 0.10203839974983675, 0.12083655501191304, 0.09295404514120273, 0.117967095298262], [0.10197707815498284, 0.11376488871234904, 0.12480335091201103, 0.11596367289242866, 0.1088547747000806, 0.101164499918091, 0.1213327051919443, 0.09241948705438995, 0.1197195424637226], [0.10240189014565892, 0.11353280743194415, 0.12457135910968861, 0.11647866745556928, 0.10854821310322978, 0.10165865124995195, 0.12115956679402683, 0.0927726140196874, 0.11887623069024292], [0.10229526915722612, 0.113565269667085, 0.12457111107937463, 0.1163863261128495, 0.1086007820414253, 0.1015523908657701, 0.121248929520123, 0.09270559901723101, 0.11907432253891537], [0.10124410856731894, 0.11396976988539508, 0.12499999999999999, 0.11497392873715431, 0.10945747533435417, 0.10038143786762155, 0.12174563455726707, 0.09200712063333846, 0.12122052441755032], [0.1025476158485546, 0.11309610733883126, 0.12461576650143635, 0.11697799304552227, 0.10809635017750756, 0.10198383722446513, 0.12141021422080973, 0.09301659057627852, 0.11825552506659456], [0.10311904621925679, 0.11267510363583572, 0.12500000000000003, 0.11765235737227844, 0.10767733515600084, 0.10268203699300085, 0.12095451189376805, 0.09344041136665512, 0.11679919736320428], [0.10228757439558288, 0.11332743823619452, 0.12426642481025, 0.1166320966463004, 0.10839207279196121, 0.10168483203759035, 0.1215732991437557, 0.09287519871474273, 0.11896106322362204], [0.10245808175233143, 0.11312264741601782, 0.12447842111676247, 0.11692083655127891, 0.10813738925831885, 0.1019092573267663, 0.12152555796744241, 0.09299492281110777, 0.11845288579997415], [0.10132291183074227, 0.11375662172770193, 0.12470362836746525, 0.11525370696597545, 0.10921269920293357, 0.10057801514434117, 0.12202791000642596, 0.0922083692884014, 0.12093613746601288], [0.10286927390611782, 0.11269804567718565, 0.1246890090418446, 0.11749191987364753, 0.1077781752295658, 0.10243725484864767, 0.12130006212898392, 0.09333245359236331, 0.1174038057016437], [0.10286607186106127, 0.11262933943541253, 0.12475998353029527, 0.11756474209846081, 0.10770247485929885, 0.10246815667600068, 0.12133599100760532, 0.09335130955323198, 0.11732193097863329], [0.10253043742218056, 0.1127137151761894, 0.125, 0.11731988398137025, 0.1077399215462497, 0.10212202935222284, 0.12163100156844237, 0.09309174512972729, 0.11785126582361764], [0.10210928002686688, 0.11320880126202126, 0.12412843836993184, 0.11662387855183504, 0.10832911449478437, 0.10159826894800157, 0.12194989815293236, 0.09287906518392319, 0.11917325500970345], [0.10218532168371898, 0.11314663203072486, 0.12413182298347147, 0.11674399183016573, 0.10824842172324367, 0.10169483416498772, 0.12191386086495111, 0.0929410860508441, 0.11899402866789247], [0.10277525428623256, 0.11238740776463252, 0.12499999999999999, 0.11776125680136916, 0.1074553270931202, 0.10249330959778576, 0.12154052468815382, 0.09335898015379204, 0.1172279396149138], [0.1017107313322257, 0.11327816236353905, 0.12437933442614625, 0.1161831334424463, 0.10849481854820082, 0.10118873260407672, 0.1222082023350403, 0.09262150977930848, 0.1199353751690164], [0.10220155529096861, 0.11286205192427286, 0.12437252821430861, 0.11702596666374715, 0.10793160816101105, 0.10181869901512695, 0.12201015482426553, 0.09299489988238195, 0.11878253602391729], [0.10245470859891813, 0.11255879912072268, 0.12474938805800218, 0.11745119067873096, 0.10758906782160248, 0.10214455257636669, 0.12189426683697015, 0.09314969526871036, 0.11800833103997639], [0.10275394382331542, 0.11216600950179201, 0.12474455034931092, 0.11799920094616216, 0.10723848259813745, 0.10259636087965711, 0.12174278493751954, 0.09346468687868502, 0.11729398008542022], [0.10166381153319425, 0.11301524013369028, 0.1245143346382398, 0.11640093544580553, 0.10820870766429885, 0.10124749699406153, 0.12237219507155919, 0.09263510638183121, 0.11994217213731921], [0.1014628255124297, 0.11287548874519837, 0.1247782593461724, 0.11632958829823728, 0.1080905492986692, 0.10109838453423116, 0.12260362674065498, 0.0925107095213897, 0.12025056800301731], [0.10122172153463141, 0.11297042666816515, 0.125, 0.11594490813613081, 0.10825770912657778, 0.10080954401694636, 0.12274464057565304, 0.09232350616940184, 0.12072754377249359], [0.10287856309728707, 0.1117226585196384, 0.125, 0.11855557773414534, 0.1067445634554308, 0.10293540989876697, 0.12184905440350677, 0.09364940425046919, 0.11666476864075544], [0.10147194816378159, 0.11275422439326548, 0.12478916441584677, 0.11646203427098956, 0.10795545526412882, 0.10115941485073758, 0.12265043571600098, 0.09254752836414949, 0.12020979456109973], [0.10213646740527886, 0.11206508071374192, 0.125, 0.11772494462475074, 0.10707815314756373, 0.10205848710989639, 0.12246204464601874, 0.09306391223117613, 0.11841091012157348], [0.10132267708228809, 0.11265981793095078, 0.12499999999999999, 0.11639411706089897, 0.10787650568773254, 0.10104225563356442, 0.12282527284577854, 0.09244806266215326, 0.12043129109663327], [0.10255173159987657, 0.11164743509204458, 0.12499999999999999, 0.11840812065670918, 0.10670258695577745, 0.10263823299331014, 0.12220529034077075, 0.0934623641223285, 0.11738423823918273], [0.1018581259798624, 0.11218426045803748, 0.125, 0.11740639588119157, 0.10723436219122706, 0.10175536670783317, 0.12262831050112101, 0.09287222647522048, 0.11906095180550683], [0.10169533748742016, 0.11242197814188135, 0.12449140643117512, 0.11702353461964562, 0.10755442229194337, 0.10152739742618092, 0.12278465849689216, 0.09279738918443566, 0.11970387592042557], [0.10128300189210582, 0.11254059822670857, 0.12484336034214834, 0.11645609880092486, 0.10777113946171268, 0.10106158397558741, 0.12298771174874766, 0.09248581804036642, 0.12057068751169825], [0.10124412348616282, 0.11253371098912421, 0.1247533534622986, 0.11640773560750321, 0.10778297638605681, 0.10102943859174135, 0.1230673729244799, 0.09248145664406247, 0.12069983190857074], [0.10135995277828026, 0.11230196762479511, 0.125, 0.11679997684013856, 0.1074733259773597, 0.10123224921893295, 0.12303162789834035, 0.09255930822556332, 0.12024159143658973], [0.10119732203292064, 0.11247097202378147, 0.12460419575085369, 0.11639845725422342, 0.10774209408450977, 0.10101603639647998, 0.12320438454463367, 0.09249947125062266, 0.12086706666197483], [0.10162744083276302, 0.11208153626713549, 0.12455239790584176, 0.11729221649071946, 0.10720328943826703, 0.10160800118005994, 0.12305637678354484, 0.09284870056120867, 0.11973004054045969], [0.10117962324650417, 0.11235531759019857, 0.124516527566468, 0.11648517591987158, 0.10762840078277128, 0.10105252152986609, 0.12332082038124638, 0.09253723064323376, 0.12092438233984032], [0.10216496715196204, 0.11154846369433666, 0.12462609405997362, 0.11825753617597268, 0.10661636515642729, 0.10233672602860161, 0.12282302692903758, 0.0933152763226927, 0.11831154448099586], [0.10163210101963853, 0.11200368738190623, 0.1245424135355563, 0.11737301386636857, 0.10712119006586236, 0.10164768117141447, 0.12310039140407006, 0.09287856249305397, 0.11970095906212953], [0.10232058934919526, 0.11130829007371706, 0.12482610856491297, 0.11858472853697198, 0.10641183705878447, 0.1025778610238209, 0.12267498809358776, 0.09346524422332388, 0.11783035307568561], [0.10187092213918285, 0.1115852001880224, 0.125, 0.11799914092316266, 0.10660386566337134, 0.10202841254413735, 0.12305018426414553, 0.09306092416643279, 0.11880135011154509], [0.10219256238336985, 0.11122870931541318, 0.125, 0.11857224281687899, 0.106322724172563, 0.10248576501420154, 0.12280705852252072, 0.0933865386108755, 0.11800439916417724], [0.1013115830898867, 0.1118394461245862, 0.12500000000000003, 0.1172064755222196, 0.10698578489449938, 0.10138577996477084, 0.12342600630210497, 0.09266026465739431, 0.12018465944453811], [0.1017507118072711, 0.1115777559334347, 0.124650389132115, 0.117905738238126, 0.10664061691856658, 0.10194117948769231, 0.12326423568692921, 0.09305838108898251, 0.11921099170688255], [0.10208012866170649, 0.11125884549842914, 0.12471315117096224, 0.11847961189958585, 0.10633701210200144, 0.10238626570602943, 0.12304825615771822, 0.09335301394530815, 0.11834371485825892], [0.10142118938622603, 0.11167883654225778, 0.12471202815354754, 0.1174748482387588, 0.10681216154963698, 0.10157936924337957, 0.12349715537203627, 0.09282847075260518, 0.11999594076155198], [0.10130660775950075, 0.11170868059534032, 0.12484895912744341, 0.11732169241618055, 0.10685984165438253, 0.10144659592551161, 0.12356595601676425, 0.09272630916897998, 0.12021535733589647], [0.10139712433539966, 0.11162901664265806, 0.12469405287983211, 0.11749590485314425, 0.10676658781910109, 0.10157918095197245, 0.12356242236356947, 0.09283431809441167, 0.12004139205991136], [0.10208693542620881, 0.11102173312644001, 0.12465964743524842, 0.11871910538508221, 0.10612381528855834, 0.1025075217818687, 0.12315439812724405, 0.09346179008118295, 0.11826505334816637], [0.10119602925890374, 0.11172027087158133, 0.12459537388010487, 0.11715318683023619, 0.10692638224518575, 0.1013464415105432, 0.123713389135227, 0.09271679478652593, 0.12063213148169206], [0.10148007076317254, 0.11126796251646809, 0.12500000000000003, 0.11795137790370548, 0.10634783677786602, 0.10180638905109925, 0.1236351081683696, 0.09294932290101665, 0.11956193191830246], [0.11113444096846821, 0.11321431741264491, 0.12044889418602019, 0.125, 0.10705950028915383, 0.10974838805640218, 0.11215915506080013, 0.09879411576699122, 0.10244118825951935], [0.11119732706840882, 0.11318324017208592, 0.12036615752389913, 0.12490865285345897, 0.10703614042687175, 0.1098603450954749, 0.11214383213068889, 0.09891598139373016, 0.10238832333538159], [0.11048057950811714, 0.11319133006311094, 0.12096158457391396, 0.125, 0.10707384385448757, 0.1090862885228366, 0.11282706362967407, 0.09810726812326903, 0.10327204172459072], [0.11000368304054804, 0.11330436331288281, 0.1213603761466154, 0.125, 0.1071328747277782, 0.10852534854662883, 0.1132453016921006, 0.09753693759816454, 0.10389111493528155], [0.11134731715582827, 0.11279988335156593, 0.11982991897037042, 0.12500000000000003, 0.10669389914051484, 0.11046414869061937, 0.11222165047021686, 0.09951512112549342, 0.10212806109539103], [0.11201073486426354, 0.1125975744958585, 0.11913780661251448, 0.12499999999999999, 0.10651304263154641, 0.11129878052319633, 0.11168648813677025, 0.10038536507716618, 0.10137020765868418], [0.11064972334990793, 0.11282641137979511, 0.12041154865090824, 0.1249011456336843, 0.10675038176100737, 0.10970689412632506, 0.1129692453324143, 0.09873801989935517, 0.10304662986660254], [0.1106297692880144, 0.11274245505132913, 0.1203277019164498, 0.125, 0.10667204984108652, 0.1097742078131885, 0.11302426053353218, 0.09879713387363906, 0.10303242168276042], [0.1097021156566308, 0.11294886390071757, 0.12107425956085724, 0.12447958404976595, 0.1068508610404895, 0.10868555803554072, 0.11404906263083024, 0.09775116580143696, 0.104458529323731], [0.11068240137981525, 0.11261826827776228, 0.1201434771498717, 0.12478859497894931, 0.10657646250812614, 0.11000551298668357, 0.11312000256020507, 0.09904986697465541, 0.10301541318393125], [0.10971926922265729, 0.11277461205861512, 0.12086294157241538, 0.12464524718262168, 0.10669793476941106, 0.10887336621243221, 0.11412825880211173, 0.09792841686632957, 0.10436995331340612], [0.10993370488040466, 0.11264998601647236, 0.12063317267544535, 0.125, 0.10658587835301633, 0.10917675414452047, 0.11387216264992187, 0.09819855444084809, 0.10394978683937084], [0.1101783507323397, 0.11257447582490548, 0.12042220536068406, 0.12469430281952808, 0.1065582906825862, 0.10953349901595522, 0.11373991602971115, 0.09858444702306922, 0.10371451251122087], [0.11210210374258309, 0.11195163523229694, 0.11846309025969062, 0.12500000000000003, 0.10596168007743766, 0.11207153947303959, 0.11202668337600787, 