[[0.11537949598737438, 0.11846174280399847, 0.12295944423568142, 0.10218704881811005, 0.10619743557785688, 0.12471815861398855, 0.10048931953501981, 0.10320244356393522, 0.10640491086403506], [0.11601156363961038, 0.11902033620591167, 0.12352679887467095, 0.10175319941133917, 0.10592780720448389, 0.12487654658009274, 0.09994287071396073, 0.10264153015225515, 0.10629934721767534], [0.11537580026843756, 0.11832941255321165, 0.12279459751231005, 0.1022957452966431, 0.10617066445447995, 0.12484324731370636, 0.10058500553365746, 0.10318742374585647, 0.10641810332169721], [0.11550000713848427, 0.11843836940274516, 0.12296164727642019, 0.10220823459122122, 0.10612241835824683, 0.12481240155846228, 0.10047599220864384, 0.10308250356507277, 0.10639842590070324], [0.11606248978920743, 0.11898304087587985, 0.12342721495501864, 0.10178854629937145, 0.10588971541156612, 0.125, 0.09996084019620398, 0.10258800092603466, 0.10630015154671789], [0.11596039502844971, 0.11882258500788244, 0.1233003685841166, 0.10198030712096057, 0.10596622111775712, 0.12470125169082706, 0.10016962409917131, 0.1027332072574142, 0.10636604009342099], [0.11544099427406557, 0.11831358975291217, 0.12279827179992758, 0.10228701561109378, 0.10611039081976191, 0.12500000000000003, 0.10055417607198223, 0.10309702509689414, 0.10639853657336278], [0.11553310503275278, 0.11829477495039548, 0.1227492393088032, 0.10237701685761516, 0.10609824972882076, 0.12481921325617207, 0.1006234088540072, 0.1030670367304977, 0.10643795528093583], [0.11525323142347141, 0.11793002440979962, 0.122195007009141, 0.10282960867008822, 0.10632508367936631, 0.1242430865735384, 0.10113596355639894, 0.10347167440483976, 0.10661632027335616], [0.11585147352226957, 0.11845744607700409, 0.12284507067238178, 0.10242238292093621, 0.1060634135956093, 0.12430059503673337, 0.10061693116958814, 0.10293541808815478, 0.10650726891732264], [0.11633352307044294, 0.11882879226075543, 0.12296888223107548, 0.10216526650131744, 0.10591813198305551, 0.1244720563708068, 0.10028021252969241, 0.10256514474536298, 0.10646799030749103], [0.11530803700266533, 0.11789263876032188, 0.12216165291423584, 0.10287825557214808, 0.10629556576217596, 0.12424379814632296, 0.10116688218464831, 0.10342669695275368, 0.10662647270472798], [0.11618924729626938, 0.11866039379293686, 0.12288837866626325, 0.10229766698259521, 0.10595172073744162, 0.12442823390972954, 0.10042896955676375, 0.10266851553794433, 0.10648687352005608], [0.11604601624999293, 0.11845726788942584, 0.12272127821139038, 0.10250258627936307, 0.10601570297702913, 0.12424864907876247, 0.10065227020314066, 0.10281441325036653, 0.10654181586052897], [0.11665875309545179, 0.11888596200344782, 0.12319810618989481, 0.10215649999686077, 0.1058166516349214, 0.12427249477204115, 0.10020511449781049, 0.10232580441231019, 0.10648061339726159], [0.11574415644835943, 0.1181923486267599, 0.1225115411575816, 0.10266591538801616, 0.10608847012159955, 0.12435521134921812, 0.10086166176379549, 0.10302279288740922, 0.1065579022572607], [0.11655930391150437, 0.11878211160742017, 0.12300696760806323, 0.10225316647537737, 0.10584668722650241, 0.12433368975308416, 0.10031377418220612, 0.10240580355527885, 0.10649849568056328], [0.1163812305766846, 0.11863389906278772, 0.12267829528719677, 0.10243804425308903, 0.10594601867947309, 0.1242249262307684, 0.10053130024881987, 0.10260586257704186, 0.10656042308413863], [0.1152899297348354, 0.11768621934254234, 0.12185886212347567, 0.10317298009268087, 0.10635594013738392, 0.12390476579121223, 0.10145819955036808, 0.10353748212704608, 0.10673562110045522], [0.11628547881074025, 0.11852176435095518, 0.12261964899076379, 0.10253944970284398, 0.10597639831248296, 0.12414679957143071, 0.10064438494249882, 0.10268488107675283, 0.10658119424153145], [0.11583082046561609, 0.1181445131510175, 0.12240464740192877, 0.10271465918810858, 0.10603140981091817, 0.12451376110552642, 0.1008796793533324, 0.10292470377048825, 0.10655580575306396], [0.11623226161602897, 0.11844860650921499, 0.12256488121158036, 0.10257908525167746, 0.10597128621472722, 0.12424146116410706, 0.10068628089103138, 0.1027000772116215, 0.10657605993001129], [0.11525682024381217, 0.11761772240571017, 0.12175551911163716, 0.10326590334303824, 0.10639228259007245, 0.12378003416688024, 0.10155793799758264, 0.10360064173404403, 0.1067731384072229], [0.11606938521101413, 0.11827770666144384, 0.12245123921064821, 0.10264904830995039, 0.10596246196817781, 0.12451768874307859, 0.10076950217067888, 0.10275087239653187, 0.10655209532847627], [0.11586354031282498, 0.11810335437708055, 0.1223296200813916, 0.10274778456549982, 0.10600162923031252, 0.12462399918133008, 0.10089778151383441, 0.1028782988419427, 0.10655399189578332], [0.11558139096629601, 0.11783112387419521, 0.12203270389832864, 0.10305693816896427, 0.10617995737258035, 0.12415791040895952, 0.10126669753203607, 0.10322035642684824, 0.10667292135179171], [0.11539392222864246, 0.11766248976781642, 0.12181322410146665, 0.10324644451578645, 0.10630679020008384, 0.12386599812678821, 0.10150045944186104, 0.10345687652692334, 0.10675379509063157], [0.11646409799131122, 0.11846684973981589, 0.12268970129032296, 0.10251285667987312, 0.1058268831027564, 0.12451809458396183, 0.10055811337246919, 0.10243491924074023, 0.10652848399874915], [0.11612134134005143, 0.11821913006469575, 0.12233115474355274, 0.10271778815644884, 0.10593853493953898, 0.12457837150229657, 0.1008191876412372, 0.10270769838271031, 0.10656679322946815], [0.1155391335588767, 0.11774843147442363, 0.12191879927494771, 0.10315834354927804, 0.10621396484030166, 0.12405381978789293, 0.1013745057025305, 0.1032840153587357, 0.10670898645301331], [0.11573104027510797, 0.11790534703718472, 0.12210002525724234, 0.10295183512076664, 0.10606646486067417, 0.12449312572067074, 0.10111971023909357, 0.10301896194218164, 0.10661348954707839], [0.11590255498682935, 0.11803180290358628, 0.1222066149197271, 0.102805871825633, 0.10596150295814669, 0.12478440434540351, 0.10093508741215365, 0.10281824426502219, 0.10655391638349826], [0.11605336262287408, 0.11812320881048467, 0.12224350291746108, 0.10276724115493337, 0.10592921661732996, 0.1247308081137367, 0.10087097853228603, 0.1027229107976555, 0.10655877043323861], [0.11527041294015841, 0.11746426594429554, 0.1215218488785169, 0.10350262045488053, 0.10642101621445314, 0.12352251936887466, 0.10178305371449164, 0.10365661503603843, 0.10685764744829074], [0.11559936473540948, 0.11772070342026346, 0.12186586168935097, 0.10318441412681012, 0.10616881857661366, 0.12417280047650597, 0.10137790729485129, 0.10320758012454091, 0.10670254955565416], [0.11530490174348755, 0.1174594201075895, 0.12151225970264856, 0.10352189606714932, 0.10640473956020023, 0.12351670843555652, 0.10179175691448933, 0.10362698013535569, 0.10686133733352347], [0.11624509178748833, 0.11813544429322208, 0.12219012496283979, 0.10285073277154347, 0.10590890969035192, 0.12450657422509863, 0.10091634282039014, 0.10263646781336017, 0.10661031163570549], [0.11596061804385936, 0.1179419879402128, 0.12204518020862963, 0.10287850797371953, 0.10590693986604023, 0.125, 0.1009791527238657, 0.10273403692533935, 0.10655357631833341], [0.11566944466673429, 0.11772665208185423, 0.12185585869452069, 0.10317051455567613, 0.10611772410880449, 0.12431532391654421, 0.10134179051773144, 0.10311789926767684, 0.10668479219045769], [0.11666734658716835, 0.11835048676980613, 0.12286274753883425, 0.10248087411378076, 0.10562560622987263, 0.12499999999999997, 0.1004503881084424, 0.10211137737274523, 0.10645117327935012], [0.11610774543115662, 0.1180072495961409, 0.12204068111248753, 0.10290707902384912, 0.10590985662151835, 0.1247579181568561, 0.10098619661898386, 0.10268859790905872, 0.10659467552994861], [0.11647668625970228, 0.11820095629390444, 0.12249564394102236, 0.10275699103392921, 0.10578747872757088, 0.12454627216174054, 0.10076863893477236, 0.10239811636253042, 0.1065692162848275], [0.11628397365150325, 0.11808360547940895, 0.12218750599249535, 0.10291036243810807, 0.10589237165622847, 0.12445058935259239, 0.10096116343018599, 0.10260597151660242, 0.10662445648287514], [0.11556121733644537, 0.11754256474022884, 0.12160791780255079, 0.10341504306999588, 0.1062148026233239, 0.12398119716295013, 0.10160633697846219, 0.10329146428441731, 0.1067794560016256], [0.11610312643422037, 0.11780279615382157, 0.12194778284862366, 0.10312155878043838, 0.10590152080242578, 0.12460818616926549, 0.10117987347403277, 0.10269186797240049, 0.10664328736477151], [0.11529069775292837, 0.11722223792115813, 0.12141854307001312, 0.1037856122568174, 0.10640020553236476, 0.12328649142795026, 0.1020338531979293, 0.10363858248124994, 0.1069237763595887], [0.11683651588779859, 0.11814084122953651, 0.12275274207983577, 0.10273130688991003, 0.10555214822223392, 0.1248616198214387, 0.1006370135142726, 0.10197703431533084, 0.10651077803964303], [0.1169001127330372, 0.11817358153696061, 0.12281430955991929, 0.10272296689648841, 0.10554375709449812, 0.1247632262050297, 0.10061931315585099, 0.10194423199405335, 0.10651850082416237], [0.11540801905198328, 0.11728616694405988, 0.12142211870690672, 0.1037196918259098, 0.10632346035181381, 0.12352013686376054, 0.1019357289895384, 0.10349715177777437, 0.1068875254882532], [0.11665009958810407, 0.11803019738935021, 0.12251410007394653, 0.10286357705115134, 0.10565207478833176, 0.12475000517302044, 0.10080711969249678, 0.10217448021800934, 0.10655834602558947], [0.11634282787582453, 0.11787530354309457, 0.12214820681471174, 0.10313286719309599, 0.1058593151891547, 0.12426278914421653, 0.10114685506093575, 0.10255666402740607, 0.10667517115155993], [0.11676751969245544, 0.11806038830350789, 0.1226361001275364, 0.1027811067910362, 0.10555242954990568, 0.125, 0.10069080976053149, 0.10200382314164448, 0.10650782263338239], [0.11575700409263708, 0.11750780310373563, 0.12178354956171386, 0.10340464561089349, 0.10605031201640208, 0.12423240891822686, 0.1015249880696076, 0.10301413482461066, 0.10672515380217276], [0.11547916768244923, 0.11730809480928149, 0.12145603749446568, 0.10368885916275536, 0.10626992481289141, 0.12364817216693097, 0.10188279335773141, 0.1034028649230427, 0.10686408559045175], [0.11625788501666567, 0.11772082109767217, 0.12226698502499746, 0.10322024481151934, 0.10583235754206342, 0.12425203386158172, 0.10123011658079847, 0.10255596704076998, 0.10666358902393178], [0.11634205309551995, 0.11774628240645355, 0.12233184224135611, 0.10322273913951802, 0.10581835289819934, 0.12413687769356231, 0.1012174071476623, 0.10250946388507119, 0.10667498149265726], [0.11659410801392342, 0.11782870615738267, 0.12244633824891209, 0.10307980071552089, 0.10566331776057189, 0.1245480165832006, 0.10101308306981538, 0.10221924279080458, 0.10660738665986853], [0.1161367194185825, 0.11759972525092961, 0.1222768731596288, 0.10329184620511897, 0.10583956062141733, 0.12427257172660135, 0.10131324607219502, 0.10260998711607623, 0.1066594704294502], [0.11672934400244812, 0.1178914780841543, 0.12249856391004013, 0.10300393716520118, 0.1055895075419651, 0.12472735521814887, 0.10090718955097552, 0.10207559110736326, 0.10657703341970347], [0.11602986569592448, 0.11752148217531272, 0.12222726376825697, 0.10334804238536931, 0.10586736910081344, 0.12426882853845506, 0.10138626851230888, 0.10268456903796878, 0.10666631078559036], [0.11556860169093211, 0.11723825154792872, 0.12173125568088954, 0.10369956739670674, 0.10615194805468553, 0.12372220644866655, 0.10184760738307215, 0.10322150208665856, 0.10681905971045993], [0.11661507263163408, 0.11779800946581848, 0.12251466678588617, 0.10309624004715924, 0.10563547133331638, 0.12454463271318843, 0.10101768691623006, 0.1021774695202848, 0.10660075058648236], [0.11593291391894535, 0.11744848761854856, 0.12216901508312118, 0.10341429014200922, 0.10590461529178888, 0.12420925275880355, 0.1014698012668011, 0.10276822544321554, 0.10668339847676665], [0.11589028348295538, 0.11740519945696141, 0.12215262567896348, 0.10345711603393046, 0.1059222582696904, 0.12415072241191029, 0.1015193574073904, 0.10280719204036505, 0.10669524521783331], [0.11581186697616816, 0.11735532784262974, 0.12207585567353219, 0.10351544034368715, 0.10596652751630008, 0.12406815027287467, 0.10159527484569753, 0.10289311561818504, 0.10671844091092543], [0.11565023794173655, 0.117237424525301, 0.12190330746297676, 0.10366655517222167, 0.10607315318054497, 0.12381039516315533, 0.10178441565684825, 0.1030911525292013, 0.10678335836801418], [0.11624379605990298, 0.1175407586878207, 0.12250232516812525, 0.10332588461685854, 0.105764415494376, 0.12418494520579079, 0.10130921431813047, 0.1024789413026956, 0.10664971914629966], [0.11600397406646544, 0.11742053585615181, 0.12232167272971854, 0.10343509993552327, 0.10585880178430467, 0.12412881935045782, 0.10146639490176006, 0.10268616774042938, 0.10667853363518905], [0.11558773781329537, 0.11716764144762512, 0.12185216990719776, 0.10375009876301108, 0.1061134059968029, 0.12366664091929745, 0.10188025842831967, 0.10316739508467858, 0.10681465163977212], [0.11637328419286179, 0.11756209325623385, 0.12262132412514914, 0.1032811505141447, 0.10569224685188162, 0.12427109139430284, 0.10123180856648847, 0.10234061137107285, 0.10662638972786471], [0.11606865793684121, 0.11742052548528377, 0.12242282771092391, 0.10343622416788302, 0.10582722505658812, 0.12407570275686243, 0.10144992575626624, 0.10262367220055114, 0.1066752389288], [0.11594667593993775, 0.11731449019267083, 0.12236573468003512, 0.10352881953201815, 0.1058667479673472, 0.12400148068207498, 0.10156135253779841, 0.10271961184377977, 0.10669508662433783], [0.11581971836381234, 0.11721984841027307, 0.122260286740878, 0.10361083979724543, 0.10591353221375939, 0.12396809760490039, 0.10166616826970684, 0.10282608958018674, 0.10671541901923783], [0.11605702647964831, 0.11724097294933705, 0.12264952916202898, 0.10348992697428239, 0.1057154863838924, 0.12426707933790118, 0.10146935688687904, 0.10248616614427285, 0.10662445568175778], [0.11559844778788209, 0.1169765894538299, 0.12210786985110696, 0.1038237785653017, 0.10598446542525776, 0.12383456388724536, 0.10191005399011802, 0.10300008074428316, 0.10676415029497528], [0.11567180692803394, 0.11693781197054991, 0.12231914139064959, 0.10377910258601553, 0.10586906200245651, 0.12406786134697907, 0.101827096352992, 0.10282459455148582, 0.10670352287083769], [0.11666123302948612, 0.11735087472168726, 0.12322258158799279, 0.10323275314752171, 0.10529739921335458, 0.12500000000000003, 0.10104158183294881, 0.10173396825569299, 0.10645960821131589], [0.11572601432591965, 0.11693817554820672, 0.12243579845094074, 0.10373818894714967, 0.10580643881901729, 0.12419706833524802, 0.10176498117900153, 0.10272396845975137, 0.10666936593476499], [0.1165935991773372, 0.11720765312738936, 0.12340828301230515, 0.10334975386732173, 0.1052866818634948, 0.12478560870925687, 0.10115225717386074, 0.10174634801075999, 0.10646981505827413], [0.115619559109389, 0.11679112708711635, 0.12237871910149194, 0.10386980717097818, 0.1058337140901872, 0.12410438868867579, 0.10190669246632804, 0.10279895735154981, 0.10669703493428369], [0.11626422285549376, 0.11703781264130292, 0.12328423664460432, 0.10341127935529337, 0.10534846147468886, 0.125, 0.10126827146721805, 0.10193945523136094, 0.10644626033003782], [0.11600085434220299, 0.11691328059248542, 0.12300246386061157, 0.10359295739576643, 0.10552865499046725, 0.12464073255856216, 0.10151795620747829, 0.10226690769801584, 0.10653619235441021], [0.1162365154187896, 0.1169905418780788, 0.12331628369643065, 0.103456793243249, 0.10535372444597606, 0.12491975222167853, 0.10131433457730352, 0.10195678933253284, 0.10645526518596096], [0.11562383449703773, 0.11671238480783226, 0.12247957694347374, 0.10389711369393448, 0.10577906818471652, 0.1241904568103106, 0.10191539903518819, 0.1027271352453019, 0.10667503078220458], [0.11584478062367062, 0.1166585089850797, 0.1230398978969418, 0.10372756235738853, 0.10547727122381623, 0.12483955225833344, 0.10164621860649503, 0.1022558495865325, 0.10651035846174213], [0.11589907151406169, 0.11665412364394023, 0.12317423913577201, 0.10368398021400403, 0.10540227670472495, 0.12499999999999997, 0.10157822240045515, 0.1021388806789985, 0.10646920570804326], [0.11568737149624259, 0.11656633981699827, 0.12278909119654309, 0.10391023870634125, 0.10561888961952202, 0.1244542142555932, 0.101872871544251, 0.10249710681638012, 0.10660387654812843], [0.1142338241013383, 0.10236878991014811, 0.10012530937330832, 0.11852341189811626, 0.11533924198270178, 0.09117980302649464, 0.12406761783845717, 0.11066201348203168, 0.12349998838740373], [0.11466482305379075, 0.10269279806755646, 0.10055406338264197, 0.11783017137997158, 0.11524554455524932, 0.09111260009568857, 0.12499999999999999, 0.10997979353776095, 0.1229202059273403], [0.11443825203714073, 0.10238588056453679, 0.10019487322523964, 0.1182054896844842, 0.11524384049339988, 0.09093289360594388, 0.125, 0.11020940374644278, 0.1233893666428121], [0.11429609914108524, 0.10235162366352937, 0.10015527807853633, 0.11861478111405636, 0.11527721874007205, 0.09122447066170235, 0.12403537748152366, 0.11062430099427716, 0.12342085012521757], [0.11434804783618559, 0.10234001727644702, 0.1001779658676202, 0.11866737910646567, 0.1152321939880207, 0.09124415831430195, 0.12404749497278623, 0.11056869795880933, 0.12337404467936328], [0.11433710387985122, 0.10232556731969954, 0.10019851066367638, 0.11889418272605504, 0.11518347429017493, 0.09138866137041474, 0.12370315919334982, 0.11076562765907504, 0.12320371289770328], [0.11479056929087256, 0.10248381297485104, 0.10048282182635716, 0.11837007493801988, 0.11505710389142755, 0.09119328513693803, 0.1246139676236955, 0.1099614578879175, 0.12304690642992078], [0.11507631495246622, 0.10277869739029692, 0.10088214962520732, 0.11804003772490117, 0.11498231482185749, 0.09142599026107429, 0.12458112230310793, 0.10973142260356414, 0.12250195031752456], [0.11466325989527082, 0.10227155696555242, 0.10034448047592681, 0.11912662080592988, 0.11493090101043192, 0.09148652260681858, 0.12381342317845465, 0.1103776362977335, 0.12298559876388127], [0.11489889313572642, 0.10225997577215044, 0.10043853052898387, 0.11911762020350665, 0.11479949648344911, 0.0914325035733795, 0.12412983077295892, 0.11000981985405091, 0.12291332967579433], [0.11499972449348535, 0.10224399652733174, 0.10050070824840247, 0.11929235022334723, 0.11470564799711815, 0.09154015545824294, 0.12397441157548869, 0.10995548404780413, 0.12278752142877931], [0.11430359553622084, 0.10181954157359714, 0.09995414062430914, 0.11977069003238726, 0.1153627804642245, 0.09141736736413175, 0.12409570580928977, 0.1108406660923131, 0.12243551250352643], [0.11543119457004948, 0.10244782801943193, 0.10086019095005916, 0.11899853625145623, 0.11457504489551691, 0.09162639172682031, 0.12407543813857819, 0.10950593809553569, 0.12247943735255212], [0.11583840051851778, 0.10265136948653086, 0.10126821402451644, 0.11859781679731542, 0.11427607051604485, 0.0917045373027239, 0.125, 0.10901699772727297, 0.12164659362707779], [0.11565348521921648, 0.10249646268420322, 0.10103132269093419, 0.11904293732098259, 0.11444051895095092, 0.09175879559294062, 0.12401323660698303, 0.10931856665062915, 0.12224467428315978], [0.11506189908324514, 0.10220529517784556, 0.10057252685927498, 0.1197106058221604, 0.11456138652389646, 0.09181000818837279, 0.12344741029650294, 0.11012389483230928, 0.12250697321639246], [0.11451997889987353, 0.10174595289199252, 0.10003249937526258, 0.12002502577795393, 0.11509819329837327, 0.09148269627346856, 0.12432723669757406, 0.1105786002460655, 0.12218981653943595], [0.11513754950930873, 0.10220246729019504, 0.10061026197355091, 0.11973615937806865, 0.11451519494415013, 0.09182916671801936, 0.12346943313608666, 0.11002935295566801, 0.1224704140949526], [0.11579209143091677, 0.10242647293219785, 0.10107131113614633, 0.1193311399678957, 0.1143018372876995, 0.09186282413973912, 0.12382483767566876, 0.10924098126431603, 0.12214850416542004], [0.11592665874059255, 0.10248527182020187, 0.10118872402967963, 0.11911157627518074, 0.11421606610552996, 0.09185186002095451, 0.1242443180340366, 0.10905674640752241, 0.12191877856630173], [0.1146038547844732, 0.10161607764373094, 0.1000206595256372, 0.12027993425896326, 0.1149747627775466, 0.0915085512973293, 0.12459484093305086, 0.11044610076570752, 0.12195521801356098], [0.11506985646877803, 0.10185460966401363, 0.10039010989509962, 0.1202691682011666, 0.11451274057197891, 0.09174203281975915, 0.12413399597966739, 0.11004921272689831, 0.12197827367263836], [0.1158941283997008, 0.10226841499188304, 0.10103642228790582, 0.11978193567090732, 0.11411546827449076, 0.09194780758375105, 0.12374077744149861, 0.10917889113056731, 0.1220361542192953], [0.11580812861639468, 0.10221294670837262, 0.10095561587547769, 0.11987343670452585, 0.11412731879644385, 0.09192400360168217, 0.12376008433927495, 0.10925564800883941, 0.12208281734898878], [0.1153096370743053, 0.1019828947860018, 0.1005969899991494, 0.1202489870636729, 0.11427418935638839, 0.09189526132484677, 0.1238107818059619, 0.10985117343088235, 0.12203008515879117], [0.1162458135191677, 0.10244135021564896, 0.10135443414892566, 0.1193942723070224, 0.11395057089004518, 0.09201170823618127, 0.12419414535502821, 0.10880247984355249, 0.12160522548442831], [0.11460336181057493, 0.10151231099112577, 0.0999944872680657, 0.12048110958897028, 0.11496223954589159, 0.09155503575544024, 0.1246850768795867, 0.11044687245864407, 0.12175950570170069], [0.11563817451194995, 0.10211406111067842, 0.10083301575839068, 0.12014655734681495, 0.11411777326691422, 0.09198577089179055, 0.12365706519713197, 0.10944423384104841, 0.12206334807528087], [0.11652161515137645, 0.10254523465676862, 0.1016125716349249, 0.11934557408454957, 0.11375339707197091, 0.0921407114073525, 0.12433612035284718, 0.10856597587273656, 0.12117879976747319], [0.11623741417599559, 0.10236499212542569, 0.10130178813724686, 0.11969676888695467, 0.1139358569824244, 0.09209577466923427, 0.12379347646832595, 0.1088629128947346, 0.12171101565965801], [0.11588779677532848, 0.10213239618515536, 0.10095390119802457, 0.12005940746166381, 0.11400091823136566, 0.09195087179601708, 0.1238989169711368, 0.10916024931190736, 0.12195554206940089], [0.11476580886208322, 0.101489354083029, 0.10005389576922459, 0.12059114674821665, 0.11475395852319473, 0.09156700279553452, 0.12488682628773874, 0.11023024059929447, 0.12166176633168409], [0.11573645601315402, 0.10208192488655007, 0.10086376670894934, 0.12021929403356903, 0.1140291783689731, 0.09199391604541651, 0.12377144289194277, 0.10932912672096322, 0.12197489433048199], [0.11659422749503014, 0.1025143634046467, 0.10163250204074506, 0.11946000145193292, 0.11369527848700296, 0.09218835107476722, 0.12424175170097726, 0.10852212580940168, 0.12115139853549595], [0.11613461799282619, 0.10217643533799625, 0.10111482588579304, 0.12001307405704024, 0.11387329140397263, 0.0920127689651844, 0.12398478652270159, 0.10892128021230553, 0.12176891962218024], [0.11485845845644946, 0.10145883432473587, 0.1000866882855573, 0.120695409917139, 0.11463564056197707, 0.09159064551401373, 0.12499999999999999, 0.11011126492592593, 0.12156305801420153], [0.11496662572502271, 0.10146855487844307, 0.10016275875094825, 0.12081028595770334, 0.11453895162015114, 0.09167543702134309, 0.12488769731178903, 0.11002254280488874, 0.12146714592971065], [0.1160101693183925, 0.10199052775444148, 0.10095142146981993, 0.12042973135906082, 0.11377630947957122, 0.09202805057517527, 0.12408535850895723, 0.10901655997276823, 0.1217118715618133], [0.11635659932763394, 0.10212618840734411, 0.10121045954826617, 0.1201665281135667, 0.11367712057841896, 0.09208537958498283, 0.12414256393422916, 0.10869733591288441, 0.12153782459267372], [0.11699112939325584, 0.10257379470756046, 0.10193727744155312, 0.1197028529101856, 0.11341353979433746, 0.09246413544408608, 0.12393684642362791, 0.10825298583524616, 0.12072743805014736], [0.11520806355419597, 0.10156618636485959, 0.10034880997213433, 0.12088826203250877, 0.11433079359263905, 0.0918206050875576, 0.1246182223497565, 0.1098328150852765, 0.1213862419610717], [0.1161359811721707, 0.10197055518739835, 0.10100105391527643, 0.12046094489262842, 0.1136839900781936, 0.09203189484661801, 0.12422464251543723, 0.1088757590195184, 0.12161517837275888], [0.11688815199716948, 0.10244349214666966, 0.10176065778551972, 0.11984259686932214, 0.11346635969082522, 0.0923901307729476, 0.12390924419118486, 0.10833724715416418, 0.12096211939219713], [0.11722965334493872, 0.10271313662780931, 0.1022376565725399, 0.11964005941212498, 0.11318087764950352, 0.09260426463058473, 0.12369167010328579, 0.10798530947617596, 0.12071737218303695], [0.11626202395667548, 0.1019879069919018, 0.10107308158184042, 0.12041380615152793, 0.11362402133608276, 0.09203933873796365, 0.12431177761775684, 0.10874710526197802, 0.1215409383642731], [0.11562983542097836, 0.10176828517206629, 0.10068888173953697, 0.12089445532124668, 0.1139491598369366, 0.09206678295512517, 0.12402911726038476, 0.10950865802328764, 0.12146482427043752], [0.11733153638902183, 0.10259673371777248, 0.10219225021592038, 0.1197811229877272, 0.1130902804533526, 0.09260891052320558, 0.12393538499082109, 0.10791064752885578, 0.12055313319332321], [0.11723048876027095, 0.10249668547056431, 0.1020282143273785, 0.11991499181130687, 0.1131816943069052, 0.09254014595392471, 0.12409125538964665, 0.10802545441433259, 0.12049106956567021], [0.11496005292139504, 0.10121796493518749, 0.10006772253430128, 0.12116688464917855, 0.11441730529325203, 0.09166699321017376, 0.125, 0.10991522350535518, 0.12158785295115666], [0.11534977167608908, 0.10151517167100553, 0.10043933584940523, 0.12117951100232004, 0.11419604403171815, 0.09196452226263854, 0.1245004101547759, 0.10970535337252503, 0.12114987997952248], [0.11709513694664915, 0.10231197689873262, 0.10178974858307717, 0.12014211312011441, 0.11324168530969565, 0.09244636143557601, 0.12405980707449368, 0.10813174983205298, 0.12078142079960845], [0.1164361214543551, 0.1018540946062634, 0.10110103488382992, 0.1207379921681817, 0.11338227567846923, 0.09209770710659855, 0.12456465787503988, 0.10854005188375401, 0.12128606434350833], [0.11559219210668414, 0.10159255505778254, 0.10061234482929278, 0.12124980171131391, 0.11397343724457926, 0.09209087604148061, 0.12425543217215368, 0.10950772141087337, 0.12112563942583969], [0.11663140649696219, 0.10190845715482431, 0.10123685797181205, 0.12064007596983062, 0.11330665119419864, 0.09214551739829054, 0.12458958477718145, 0.1083691730122931, 0.121172276024607], [0.11728550765125884, 0.10232072634118249, 0.10191887604390693, 0.12017521474235038, 0.11307581797956115, 0.09249519267900702, 0.12426605595954851, 0.1079425357737562, 0.12052007282942864], [0.11667574405724392, 0.10183067433349087, 0.10121784838491338, 0.12079855278275706, 0.11320779301290056, 0.09214918426913264, 0.12474168212170951, 0.10829761243507072, 0.12108090860278121], [0.1164863072946184, 0.10178306327541309, 0.10110775230760574, 0.1209829747098566, 0.1132660357199891, 0.09216989934980468, 0.12456367675446207, 0.10848845203203988, 0.12115183855621059], [0.11755301628191708, 0.1023531642734588, 0.10212487054925451, 0.12022471534766418, 0.11284979507535658, 0.09261230949369456, 0.12439296232951602, 0.10769856732567322, 0.12019059932346517], [0.11626905105179831, 0.10180515056977936, 0.10105558776224632, 0.12113321581868183, 0.11336094784255271, 0.09229892298329499, 0.12406837623926552, 0.10882112277777482, 0.12118762495460614], [0.11765908007625034, 0.1024015002511152, 0.10224128637699141, 0.12017906348889587, 0.11276163125396724, 0.09267586365182509, 0.12429506429519768, 0.10759977382161412, 0.12018673678414304], [0.11560604364201235, 0.10148166280757649, 0.10059222465311975, 0.12149617379637062, 0.11392782011923894, 0.09213212064412209, 0.12443658476034726, 0.10945362465839882, 0.12087374491881345], [0.11713779309038401, 0.10207212782837902, 0.10165447003326607, 0.12063043049032036, 0.11307626425172831, 0.09246216347357984, 0.12415614688169731, 0.10803618148820526, 0.1207744224624397], [0.11723620782389632, 0.1021377729194164, 0.1017595824243934, 0.12058941575210465, 0.11304880533658587, 0.09252726610609947, 0.12401662623849147, 0.1079948014424427, 0.1206895219565697], [0.11719953570677992, 0.10211059069367323, 0.10171916816751765, 0.12061947898637991, 0.11305845263627395, 0.09250851517965628, 0.12404718224481354, 0.10801272717819575, 0.12072434920670966], [0.11643591413307089, 0.10175511073747315, 0.10112968402597637, 0.12132734847024972, 0.11319862005019493, 0.09237189755050475, 0.12413480369931547, 0.10864087184832862, 0.121005749484886], [0.11682186173953385, 0.10170915912862442, 0.10123495126457936, 0.12107159698943211, 0.11299786388926131, 0.09218761170835235, 0.125, 0.10811312280150258, 0.12086383247871403], [0.11675827910791103, 0.1017059648769777, 0.101217318541481, 0.12119532576474354, 0.11301906394666798, 0.0922441037774872, 0.12477793217956579, 0.10820322044286192, 0.12087879136230383], [0.1154110308015502, 0.10113233022984637, 0.10031168724069965, 0.12173641411503967, 0.1138958862197152, 0.09191364344294005, 0.125, 0.10941343942220186, 0.121185568528007], [0.11736314807149069, 0.10184465383137771, 0.10165895648117415, 0.12117599158583542, 0.1127369087413663, 0.09256513418331264, 0.12441576837874606, 0.10777157153248697, 0.12046786719421007], [0.11796970973724459, 0.10200992575846035, 0.1021194933620946, 0.12085254185432696, 0.1123644439242363, 0.09264492453955797, 0.12499999999999999, 0.1072407023515079, 0.1197982584725712], [0.11701284599144442, 0.10166875412535302, 0.1013715617400438, 0.12152725685924079, 0.11279250492660159, 0.0924435592741227, 0.12458162019189842, 0.10800542989293031, 0.12059646699836493], [0.11730062001491588, 0.10175686842288548, 0.10157321960567983, 0.12135500212371154, 0.11270052597429257, 0.09252915549673645, 0.12453363620507649, 0.10778945907424933, 0.12046151308245244], [0.11569630258816059, 0.10117432267404101, 0.10052477515691692, 0.12202143084288473, 0.11364128922113977, 0.0921368834522982, 0.1247029822765729, 0.10917828284812596, 0.12092373093985992], [0.11785361493323947, 0.10195584278591656, 0.10201655321192153, 0.12112522147650065, 0.11246866524125813, 0.09274198516684927, 0.1243794847978959, 0.10742396244685128, 0.12003466993956709], [0.11793035292518049, 0.10194230386006323, 0.10205468525171868, 0.12117558153304153, 0.11240233117117962, 0.09277053908862702, 0.12441288670158418, 0.10735700546761992, 0.11995431400098548], [0.11775395644735613, 0.10187995120473592, 0.10193019585565412, 0.1214396234775034, 0.11248895634969006, 0.0928241920239292, 0.12403530693662598, 0.10751898538774923, 0.12012883231675596], [0.117056067643125, 0.10164614040732756, 0.10144877515082215, 0.12193041364104353, 0.11267402007490143, 0.09267387179442828, 0.12414662508947162, 0.10801780527883849, 0.12040628092004198], [0.11715914370085054, 0.10164354512747069, 0.10148772611231388, 0.12188643500275963, 0.1126275774922227, 0.09265618530026148, 0.12425199819085458, 0.10791670890598865, 0.12037068016727785], [0.11815954911588084, 0.10189467259122503, 0.10216963368411787, 0.12142830963460141, 0.1122060220414299, 0.09290394052668198, 0.12432593132023939, 0.10718008289561648, 0.1197318581902071], [0.11666676134564985, 0.10148572145919507, 0.1012165509862176, 0.12221146395455061, 0.11282121614798411, 0.09265933713218001, 0.12423753749401992, 0.10841923883996471, 0.1202821726402381], [0.11745339733107853, 0.10161805774016455, 0.10163265961113144, 0.12197240314480604, 0.11242586816726881, 0.09273804588809646, 0.1243674924970678, 0.10764641916830903, 0.12014565645207737], [0.11789585667445648, 0.10180935903368125, 0.1019848026663978, 0.1217022580631543, 0.1123259611195009, 0.09292707511085495, 0.12401392598637338, 0.10738593036767563, 0.11995483097790531], [0.11840805106856774, 0.10184612050394955, 0.1022956201272317, 0.12168464916126417, 0.11199372927810519, 0.0930413648574218, 0.12425901836821278, 0.10698482422068106, 0.11948662241456602], [0.11692039566181475, 0.10148819512837796, 0.10137558025624532, 0.12238636527617021, 0.11256647156926049, 0.09280963119522918, 0.12417133828229597, 0.10818338482152075, 0.12009863780908549], [0.11686502457870777, 0.10133709003213295, 0.10128058913300897, 0.12262189455309076, 0.1125390754808561, 0.09275837889523218, 0.12442711606042299, 0.10813804725659197, 0.1200327840099564], [0.11642387774970565, 0.10100552549424391, 0.10084666385395914, 0.12274810138574671, 0.11274703864658113, 0.09237364768496445, 0.12499999999999999, 0.10828249137208965, 0.12057265381270924], [0.11895431404315056, 0.10176550605271663, 0.1025657706723141, 0.1217962678759738, 0.11150022854420563, 0.09312420029659896, 0.12500000000000003, 0.1064387374504185, 0.11885497506462195], [0.1170136714024274, 0.10136718358943875, 0.1013890084900745, 0.1226730628877521, 0.11240892378388853, 0.09286005765072972, 0.12430259669776227, 0.10802221791629948, 0.11996327758162713], [0.1182223112454562, 0.10158471143170322, 0.10206389573404225, 0.12228318181758997, 0.11189037866969131, 0.09307144139005323, 0.12439276238969685, 0.10699605029855307, 0.11949526702321388], [0.116943419678117, 0.10121603759769861, 0.10127063017285298, 0.12284600319102006, 0.11237447967257577, 0.09275836039213889, 0.124443446140458, 0.10796732788158489, 0.1201802952735538], [0.1188673612455631, 0.10169747207090489, 0.10248544200173136, 0.12218619495980733, 0.11155620117337456, 0.09324687727567822, 0.12438167579818223, 0.10657460122953394, 0.11900417424522437], [0.1179004573242735, 0.10136777155518485, 0.10176825486405341, 0.12256115994559312, 0.11187243788219121, 0.09289003995323886, 0.12500000000000003, 0.1071014762640374, 0.11953840221142777], [0.11755252211425599, 0.1014148319334528, 0.10167786431574737, 0.1227988595444433, 0.11204130939939067, 0.09300381821888544, 0.12437712943074085, 0.1074758373913682, 0.11965782765171526], [0.11699639564033557, 0.1011402946007008, 0.10127152258299557, 0.12300535940733714, 0.11226582225422542, 0.09277096564890741, 0.12440748261763947, 0.10785650755909006, 0.12028564968876856], [0.11693281942915813, 0.10106709001989662, 0.10120012220137078, 0.12308113429450789, 0.11227520178184897, 0.09271300659674614, 0.12446269138441965, 0.1078553951911332, 0.12041253910091876], [0.11739923923722359, 0.10132887842408915, 0.10161367470938155, 0.12306321638566405, 0.11199252511661519, 0.0930799173014719, 0.12398043893040195, 0.1076311364810779, 0.1199109734140746], [0.1169103043701017, 0.10098540258052269, 0.10115654583601592, 0.12321490411201737, 0.11223424967989397, 0.09268987477001955, 0.12443766011572222, 0.10780809647132363, 0.12056296206438297], [0.11784162253957957, 0.10135702289845565, 0.10182893759329151, 0.12307473422043695, 0.11178301168736092, 0.09315236818847808, 0.12442433509944117, 0.10717670646668498, 0.11936126130627121], [0.11700193105263791, 0.10096654947686982, 0.10121236940154327, 0.12333202879671924, 0.1121251012340002, 0.0927539175314545, 0.12431456146129939, 0.10770608855142957, 0.12058745249404597], [0.11877401808370179, 0.10157205930923825, 0.10240805635160455, 0.12272231054129558, 0.11149046986269688, 0.0934150007304289, 0.12401189022188448, 0.10661812581963448, 0.11898806907951523], [0.11792267294876135, 0.10134743383049513, 0.10187058295820549, 0.12311852348565668, 0.11172280070735292, 0.09318516698347526, 0.12443423660067862, 0.10710440723614957, 0.11929417524922512], [0.11909316764723667, 0.10165075501323644, 0.10260701999937945, 0.12267801166620161, 0.11132609552196263, 0.09350625374404418, 0.12396421619542913, 0.10641685262066618, 0.11875762759184359], [0.11854962793725646, 0.10144850266059464, 0.10222862936499064, 0.12287608014762727, 0.11149870688099915, 0.09333930023585663, 0.12434584142089594, 0.10667511392007352, 0.11903819743170578], [0.11911019174238358, 0.10164476691067151, 0.10262769152163592, 0.12280611490012247, 0.11129311541636273, 0.09358582533617175, 0.12379905307921682, 0.10641211670911169, 0.11872112438432356], [0.11781101975766599, 0.10122889143880649, 0.1018012290098676, 0.12345369784465024, 0.11159040039675003, 0.09322922319791453, 0.12399853602525387, 0.10714537834242395, 0.11974162398666743], [0.11846416358799365, 0.101389488056986, 0.102187623156375, 0.12305668656144303, 0.11145052185099664, 0.0933997606380316, 0.12436088673716841, 0.1067139413352933, 0.11897692807571238], [0.1190229405977529, 0.10156843634578633, 0.10255943664661894, 0.12298809713809236, 0.11128003744511172, 0.09359535951595435, 0.12382485325560336, 0.1064319761381094, 0.11872886291697078], [0.11805905457790725, 0.10123341377643563, 0.10193531002493189, 0.12351999522195269, 0.11145914345342177, 0.09331740546077115, 0.12408372705885282, 0.10689809675401099, 0.11949385367171592], [0.1179207349361285, 0.10119214034190047, 0.1018544282928845, 0.12359078680346286, 0.1114719944012696, 0.09328513521781137, 0.12393744625037978, 0.10701240877308232, 0.11973492498308047], [0.11808209041250035, 0.10121401998489991, 0.10194605788373642, 0.12358494139124926, 0.1114144362545158, 0.09333817949487842, 0.12402584313759271, 0.10686485117415581, 0.11952958026647131], [0.11927164985894685, 0.10163585251532627, 0.10272149159179125, 0.12314852774231397, 0.1111042152899359, 0.09376181148016721, 0.12358555848112095, 0.10626873283113875, 0.11850216020925884], [0.1177485134379811, 0.10110790582844163, 0.10175982624579735, 0.1237358747706102, 0.111476360061705, 0.09328099675411891, 0.12361333233635151, 0.10712803211119654, 0.12014915845379778], [0.11856154465283103, 0.10129938538690403, 0.10225630041435606, 0.12349669901677532, 0.11122591236459269, 0.09357104428190371, 0.12401788614481456, 0.10656608077105408, 0.11900514696676864], [0.12353579514645739, 0.10985159834809669, 0.10916066475584096, 0.11083239489292888, 0.1126362161318223, 0.09757382016233587, 0.1106808923192496, 0.1058711437888049, 0.11985747445446343], [0.12363052654142656, 0.10990638504871814, 0.10925231365199917, 0.11080092385753232, 0.11257322778944212, 0.09766030020244011, 0.11059671502652613, 0.10580505885594525, 0.1197745490259702], [0.12288870505733127, 0.10921461663245635, 0.10856266795745584, 0.1115710703002711, 0.11280034713790416, 0.09702818690760645, 0.11160549714288365, 0.10613092922370376, 0.12019797964038742], [0.1227942144638179, 0.10870688499946578, 0.10801241577990775, 0.11199757286886011, 0.11294022357363145, 0.09649195251154742, 0.11225538435024417, 0.1063518187392107, 0.12044953271331472], [0.12414963159470192, 0.11009741615801767, 0.10981915578431396, 0.1108682156302429, 0.11207765039545643, 0.0982070981929965, 0.11026237951241914, 0.10532354404365182, 0.11919490868819967], [0.12499999999999997, 0.11071138038821988, 0.1105991721737266, 0.11025747084614916, 0.11167066005307112, 0.09895260545669145, 0.10936104018879171, 0.10488241950486837, 0.11856525138848156], [0.12327137184532062, 0.1094104627883249, 0.10913119481091725, 0.11170260443050574, 0.11231708716473872, 0.09758733088721974, 0.11129793151700795, 0.10565446252556707, 0.1196275540303982], [0.12330044480759478, 0.10941140264273481, 0.10920784285600692, 0.11177214643304785, 0.11223327751226024, 0.09766769615280355, 0.11129269772702816, 0.10557998383580874, 0.11953450803271495], [0.12221261931946012, 0.10846427950408294, 0.10818083991223079, 0.11285519218751555, 0.1125760392090099, 0.09676586470244057, 0.11278308321505659, 0.10614182709652378, 0.12002025485367979], [0.12339899515039242, 0.10945851296235232, 0.10940488325307458, 0.11185367313658297, 0.11205653494232967, 0.09786916771994365, 0.11121407630085857, 0.10541583628455403, 0.11932832024991197], [0.1224423202499036, 0.10849739446599697, 0.10835800854142778, 0.11294114182913013, 0.11238392621930159, 0.09693433447875466, 0.11268630456348055, 0.10594705459478929, 0.11980951505721522], [0.12263244079479466, 0.10875922852614849, 0.10868300702625107, 0.11270314319524742, 0.11226461730826627, 0.0972342