[[0.11537467610501843, 0.11838000310286138, 0.12293393370384874, 0.10204563616948291, 0.10596237049087669, 0.1247146351015341, 0.10022366268003795, 0.10419264306372222, 0.10617243958261759], [0.11600870899073122, 0.11894019622149561, 0.12350705490255294, 0.10160377881039863, 0.10569674010482852, 0.12487489204641189, 0.09965271433611908, 0.10366719517665898, 0.10604871941080314], [0.11538117442370602, 0.11824716206322639, 0.1227674041898817, 0.10215326001891083, 0.10593849268743981, 0.12484131450263737, 0.10031465891683862, 0.10416755064183744, 0.10618898255552205], [0.11550578652156451, 0.1183564305296182, 0.12293619318803017, 0.10206485185156733, 0.10588770736137752, 0.12481005890831277, 0.10020181441431956, 0.10407101992983044, 0.10616613729537969], [0.11606642930223736, 0.11890232059137043, 0.12340611531752996, 0.10163677548666863, 0.10566551259050291, 0.12499999999999997, 0.09966459583084965, 0.10360896643431328, 0.1060492844465276], [0.11597030357955097, 0.11874142489408362, 0.12327803848660734, 0.10182999349585181, 0.10574489821657086, 0.12469732667578426, 0.09987624096690503, 0.10374055028372031, 0.10612122340092578], [0.11545229431231328, 0.11823098823084628, 0.12277107243677442, 0.1021426221452397, 0.10587969438598192, 0.12499999999999997, 0.10027788260395813, 0.10407670514141004, 0.10616874074347607], [0.11555306213809548, 0.11821194751361341, 0.12272143640323588, 0.10223027355786245, 0.10587769672891627, 0.12481698005706468, 0.1003400184300329, 0.10403992071555321, 0.10620866445562574], [0.1152196548876489, 0.11780360162708522, 0.12214484912459467, 0.10255129530470203, 0.10599229364051599, 0.125, 0.10071615366811572, 0.10428456188017877, 0.10628758986715868], [0.11583114744279126, 0.11833726385193807, 0.12280548609967497, 0.10214197929758717, 0.10574949955120834, 0.125, 0.1001789153357971, 0.1037881382811338, 0.10616757013986933], [0.11636329192806331, 0.11874232119464546, 0.12305030221300699, 0.1019915464838413, 0.10569095512064787, 0.12446465881584005, 0.09994607207009207, 0.10354253269629407, 0.10620831947756887], [0.11529266689252364, 0.11777393879162187, 0.12211424970805586, 0.10262396429571209, 0.105992166366648, 0.12485530304685266, 0.10076931363827842, 0.10425878065045224, 0.10631961660985523], [0.1162304351786714, 0.11857867428920417, 0.12286115920785713, 0.1021441314014118, 0.10574498790080575, 0.12442086366627561, 0.10011853944977456, 0.10365297536752403, 0.10624823353847554], [0.11606527136419063, 0.11835407516825479, 0.12268533795001572, 0.10227817150196261, 0.10575394883786804, 0.12462862123879674, 0.1002682550165774, 0.10371562765884462, 0.10625069126348943], [0.116659304460326, 0.11876423742467773, 0.12324065196577563, 0.10184937989012251, 0.10548092093037949, 0.125, 0.09971301880820545, 0.10318057618570722, 0.10611191033480598], [0.11577138566673924, 0.118095812204653, 0.12247625337622552, 0.10247089948194664, 0.10585432324415542, 0.12458162191711117, 0.10051936620822569, 0.10393395522431627, 0.10629638267662711], [0.11657807103135985, 0.11867162937945729, 0.12308470794599487, 0.1019914621951022, 0.10555142179092672, 0.12478238165404681, 0.09987513825692974, 0.10329543508717544, 0.10616975265900706], [0.11641367216470097, 0.11853328544668236, 0.12281978746594421, 0.10221646916703166, 0.10568735959694572, 0.12439682453397154, 0.10014458247798275, 0.10351902601812062, 0.10626899312862013], [0.11524868203007971, 0.11753621786700891, 0.12179443917474368, 0.10282948021159785, 0.1059914612342564, 0.125, 0.1009753706319813, 0.10426331975816198, 0.10636102909217016], [0.11631231160821402, 0.1184145048207656, 0.12263978840516115, 0.10229773905403926, 0.10570302987320297, 0.1245448658659692, 0.1002411313453668, 0.10357039319716481, 0.10627623583011615], [0.11588560152764812, 0.11805974173334655, 0.12237255460911316, 0.10255671084535026, 0.10583324137569633, 0.1245151753393255, 0.1005814198976675, 0.1038678203203613, 0.10632773435149123], [0.11626269719968212, 0.11834185954178898, 0.12253776510801365, 0.1023410029002343, 0.10570257768072382, 0.12466322602612831, 0.10029011848903548, 0.10358488875959701, 0.10627586429479631], [0.1152183589316711, 0.11746787883657869, 0.12168966347425673, 0.10292569019415847, 0.1060324247453934, 0.12485892305142703, 0.10108211706110631, 0.10432176944004293, 0.10640317426536518], [0.1161088415000349, 0.11817527923317821, 0.1224124038013958, 0.10242961088641915, 0.1057124146386106, 0.12484549326817622, 0.10040030263515454, 0.1036446490057533, 0.10627100503127726], [0.11593152069049716, 0.11802370172878744, 0.12229877859060091, 0.10260578332509655, 0.10581974577057447, 0.1245258907213258, 0.10061941350174136, 0.10383421551737164, 0.10634095015400463], [0.11559172861715901, 0.11770859219822415, 0.12198198635794161, 0.10278708784122145, 0.10589215202307489, 0.12478919505776094, 0.10086104380379546, 0.10402854236068682, 0.10635967174013568], [0.11538029791802883, 0.11752417425140133, 0.12175315187803432, 0.10293618587997208, 0.10598554925829916, 0.12474361438533903, 0.10105748205784867, 0.10420969881847568, 0.10640984555260088], [0.11653288608807529, 0.11837651118387656, 0.12268595870677065, 0.1023288858470279, 0.10560781921139589, 0.12459805251193135, 0.10022013786992783, 0.10337668348661878, 0.10627306509437573], [0.11616287853612325, 0.11811074455484713, 0.12228849588759665, 0.1024791147736398, 0.10567552274071307, 0.125, 0.10043268123408533, 0.10357840565107566, 0.1062721566219191], [0.11554056703177816, 0.11761649442145469, 0.12186273905268884, 0.10286239604268743, 0.10590584940214394, 0.1248319800189073, 0.10094465689374545, 0.10405912246713674, 0.10637619466945746], [0.11578900097679594, 0.11781371541431702, 0.1220625703749039, 0.10277361084921376, 0.10585851552457166, 0.1245919177867759, 0.10081128222763042, 0.10392336991372392, 0.10637601693206747], [0.11598683526472087, 0.11795734258995498, 0.12217676554458856, 0.10267951172608793, 0.10579721374473054, 0.12458261926819486, 0.10067793611261268, 0.10378496934289075, 0.1063568064062187], [0.11611916533419481, 0.11803106619150472, 0.12220656841510436, 0.10258282125941214, 0.10571499524473285, 0.12484607289495762, 0.10054767204090265, 0.10363996354520662, 0.10631167507398406], [0.11521196976827498, 0.11728718174526755, 0.12144011488938018, 0.10308906427931733, 0.10601291680679063, 0.125, 0.10123747257980006, 0.10428996440308091, 0.10643131552808835], [0.11560496878551597, 0.11758526033194465, 0.1218075459761, 0.10287738666358484, 0.10585386264016394, 0.125, 0.1009383800474734, 0.10397049966419895, 0.10636209589101826], [0.11525594465570653, 0.11728660744286089, 0.12143875059719988, 0.10311999268772554, 0.10600949611036374, 0.12491344954487801, 0.10125987761760497, 0.10427024023970155, 0.10644564110395875], [0.11631496598673013, 0.11803556179468606, 0.12219490545719895, 0.10263967057994788, 0.10567585339912697, 0.12470523193104355, 0.10056591433590584, 0.10352516345277546, 0.10634273306258518], [0.11607194352091264, 0.11787901183977202, 0.12201881541548541, 0.10278656060952768, 0.10577791574646032, 0.12458298039337944, 0.10076482335209358, 0.10372896360109125, 0.10638898552127764], [0.11570450139053912, 0.11760946385220722, 0.12180520026906162, 0.10291664896967746, 0.10585044145581199, 0.12483031617736705, 0.10096060929045528, 0.10393312115349443, 0.10638969744138584], [0.11676689376191271, 0.11826341290366559, 0.12283476070306604, 0.10230855304589903, 0.10542368249400198, 0.125, 0.10012891651410948, 0.10306549997284596, 0.10620828060449922], [0.11620002646908657, 0.11792467764712838, 0.12201179042690229, 0.10275260465111305, 0.10572784139665907, 0.12467826722018065, 0.10070263629810074, 0.10362481451781853, 0.1063773413730107], [0.11654433296838987, 0.11808881938886544, 0.12245433949444003, 0.10250400042303277, 0.1055196151841072, 0.12500000000000003, 0.10036899010882033, 0.10325466581474732, 0.10626523661759724], [0.1163677601793968, 0.11798867701015059, 0.12214890412411786, 0.10271522603570564, 0.10567607029950217, 0.12459392502506626, 0.100631227080903, 0.10350596063288245, 0.10637224961227541], [0.11556874867814519, 0.11739912156011113, 0.12176827850508515, 0.10308927333406413, 0.1058896828316584, 0.12468152972778547, 0.10115636171196363, 0.1040180183789152, 0.10642898527227171], [0.11620969078538196, 0.11771798769896608, 0.12204398926047953, 0.10295940677249295, 0.10572180208919556, 0.12441594271627066, 0.10089918834015228, 0.10360501181423724, 0.10642698052282389], [0.11521918165256148, 0.11701399019532742, 0.12179440389694939, 0.10329510654960371, 0.10593555733503596, 0.12470924456332308, 0.10141894009128695, 0.104173785935826, 0.10643978978008617], [0.11696731300947581, 0.11805118402831494, 0.12272336779906937, 0.1025500691015514, 0.10535518519110089, 0.12485981103118766, 0.10031856087965577, 0.10290540660490699, 0.10626910235473715], [0.1170331250494127, 0.11808401010777189, 0.1227856304776828, 0.10254153126524089, 0.10534658538281477, 0.12476011942695497, 0.10029940704739067, 0.10287359156374376, 0.10627599967898754], [0.11533158916225231, 0.11706814234528103, 0.121905197558579, 0.1031968128969683, 0.10583113029180363, 0.12500000000000003, 0.10128383797806377, 0.10400769718681994, 0.10637559258023217], [0.11677494232093805, 0.1179407263234314, 0.1224821886800985, 0.10268436222298868, 0.10545796195648505, 0.12474679599983528, 0.10049655669528203, 0.10309485451958592, 0.10632161128135507], [0.11643108682851157, 0.1177646748657668, 0.12227911352074329, 0.10289018316358618, 0.10561134712420436, 0.12446204450569594, 0.10077647550993622, 0.10339444198929477, 0.10639063249226084], [0.11689982024020067, 0.11797021664084546, 0.12260538417523385, 0.10259879663563998, 0.10535652801495023, 0.125, 0.1003749419284771, 0.10292677268258292, 0.10626753968206978], [0.11581264994299373, 0.11738487198466739, 0.12212356367194314, 0.10313495512694293, 0.10578064476862338, 0.12440143140857944, 0.10113981272962393, 0.10379676817340114, 0.10642530219322495], [0.11542886882281124, 0.11710666353521522, 0.12199671384939034, 0.1032090674363567, 0.10581642052691996, 0.12481797726604883, 0.10127741299079392, 0.10395772307794779, 0.106389152494516], [0.11635616961832418, 0.11761238307489406, 0.12237256040135151, 0.10298604643936594, 0.10559624919094816, 0.12441662956726987, 0.1008760163183609, 0.10339351411834018, 0.10639043127114516], [0.11644314746674968, 0.11763643879788532, 0.1224545974962793, 0.10298367196073852, 0.10557861780743732, 0.12430547091984259, 0.10085726549804336, 0.1033433057380507, 0.10639748431497323], [0.1167162352589559, 0.11772443909341461, 0.12264147284213212, 0.10285549354770256, 0.10543749257866868, 0.12454144496797101, 0.10066432516687006, 0.10307912938133887, 0.10633996716294618], [0.11622127884088247, 0.11747872712685806, 0.12234488742507815, 0.10302252862643149, 0.10557483239192288, 0.12466664654391255, 0.10092595602043464, 0.10340554925471608, 0.10635959376976349], [0.11685845083918413, 0.11778743961662204, 0.12268613375777529, 0.102778897056633, 0.10536308428420653, 0.1247233648604317, 0.1005545734786984, 0.1029406564071027, 0.10630739969934604], [0.11609313129743683, 0.11738416657157709, 0.1223707565450346, 0.10303337729558203, 0.10556344131909205, 0.12484297476195078, 0.10095268877475991, 0.10342978373847744, 0.10632967969608925], [0.1155383521175269, 0.11703876041309602, 0.122258431710048, 0.10322555346538867, 0.10570778767756617, 0.12484724953625967, 0.10125254853701914, 0.1037795402589256, 0.10635177628416981], [0.11674152832780563, 0.11769299195898228, 0.12271452776864437, 0.10286957558384215, 0.1054093317424671, 0.12453799266875507, 0.10066798321747215, 0.10303361109760077, 0.1063324576344305], [0.11598341234785867, 0.11730217482469256, 0.12241018252329287, 0.10307623409695377, 0.1055808248693204, 0.1248205835298773, 0.10101389668203241, 0.10348418224051349, 0.10632850888545856], [0.11593761864325361, 0.1172562348489582, 0.12244153395462747, 0.10311294135628012, 0.10559382918342639, 0.12474953443887792, 0.10105880749569095, 0.10351328477964808, 0.10633621529923729], [0.11585670899031879, 0.11720686361065871, 0.12243955901226646, 0.10317471839984702, 0.10564143913783341, 0.12457925921010576, 0.10114074069786275, 0.10359730914415806, 0.10636340179694907], [0.11563983347864727, 0.11704681422701549, 0.12239866144788651, 0.10321510306921423, 0.10565072037396722, 0.12482485428728275, 0.10121435621318238, 0.10367360877435568, 0.1063360481284486], [0.11634581061533511, 0.11742208090664898, 0.12258834016042869, 0.10306317801310004, 0.1055098637899812, 0.12450166204784943, 0.10093228994187405, 0.10327901142661865, 0.10635776309816385], [0.11604730139803493, 0.11725996491037272, 0.12251573420154588, 0.10305646460296575, 0.10550143932743826, 0.125, 0.10096783548430004, 0.10336086669999554, 0.10629039337534692], [0.11554688466587155, 0.11695118251681828, 0.1224052485524732, 0.10323245892082467, 0.10563319851120695, 0.12499999999999997, 0.10124130982711978, 0.10367764463831027, 0.10631207236737517], [0.11650390116019176, 0.11746058451145652, 0.12274757968921922, 0.10306751036087655, 0.10548259130377471, 0.12426114362268233, 0.10090743245353644, 0.10319362080041806, 0.1063756360978444], [0.11612773152222286, 0.11726835495174472, 0.1225665961471067, 0.10308084081151855, 0.10549175125920263, 0.12485855785298915, 0.10097711892043666, 0.10332170960534764, 0.10630733892943112], [0.11599034829926025, 0.11715022169276272, 0.12264743377741341, 0.1031432313950767, 0.10550598568460862, 0.1248195473311772, 0.10106037972597282, 0.10337901090873665, 0.10630384118499164], [0.11586554850420804, 0.11706041305620148, 0.12267323086345631, 0.1032423001601154, 0.10556894975509108, 0.12456656953012962, 0.10118799793062527, 0.103494269361182, 0.10634072083899061], [0.11615607189412232, 0.11710933314966314, 0.12283727828733176, 0.10319471488884184, 0.10544002176489685, 0.12464257321341492, 0.10107013555082957, 0.10323717540154838, 0.10631269584935121], [0.11559972183635575, 0.11677773747301425, 0.12275606357712443, 0.103359220605213, 0.1055580371275978, 0.12474661946398297, 0.10133779341905917, 0.10355261298774174, 0.10631219350991071], [0.1156861563626593, 0.11673928409283345, 0.12292548419284964, 0.10331472633095592, 0.10544540046662701, 0.125, 0.10125647366783957, 0.10337949481604557, 0.10625298007018955], [0.11683042736466047, 0.11723809095144254, 0.1234482745183702, 0.10298440198344393, 0.10507116704613013, 0.125, 0.1006883230443079, 0.10255307869889106, 0.10618623639275376], [0.11577010479493262, 0.1167606594791858, 0.12300901605180786, 0.10332791753669089, 0.1054325299776211, 0.12484487185696069, 0.10125336135530101, 0.10333580151164107, 0.10626573743585892], [0.11677119786789132, 0.1170957863319471, 0.12360446308863152, 0.10310452215868865, 0.1050684014493081, 0.12478253091163591, 0.10080989939486244, 0.10255940274975597, 0.10620379604727896], [0.11565110625422814, 0.1165997806025938, 0.1231019580204685, 0.10342884096538257, 0.10543525520417935, 0.12477661518207922, 0.101368394059292, 0.1033676516689188, 0.10627039804285765], [0.11643587384683643, 0.1169342436864765, 0.12335239088851625, 0.10319079942293391, 0.10515292125584602, 0.125, 0.10095957861566389, 0.10276927159305861, 0.1062049206906684], [0.1161149994258775, 0.11677121258858227, 0.12330093981512459, 0.10327292434844292, 0.10524212864295643, 0.125, 0.10110542215985577, 0.1029805540186994, 0.10621181900046114], [0.11641081526091572, 0.11688796284570362, 0.12336698156426226, 0.1032388958657777, 0.10516218001013915, 0.1249187244693231, 0.10101098663500355, 0.10278569498596259, 0.10621775836291233], [0.11567473239387766, 0.11653091361644712, 0.12324399927181057, 0.10348288284484179, 0.10540777491470947, 0.12465672247948843, 0.10140992310000066, 0.1033192764366824, 0.1062737749421419], [0.11596076908062043, 0.11650953286200005, 0.1236021425429594, 0.10339305256329118, 0.105184608695294, 0.125, 0.10122912820802418, 0.10294062614154931, 0.10618013990626143], [0.11605061695735171, 0.1165320584705644, 0.12366182655812928, 0.10341704355829659, 0.10517310525248125, 0.12483564909787566, 0.10123566001137986, 0.1028958621990803, 0.10619817789484096], [0.1157498337486049, 0.11637561640128681, 0.12356436952718913, 0.1034743564891148, 0.10523412168011416, 0.125, 0.10134986198031715, 0.10306398364792252, 0.10618785652545049], [0.11407527893331348, 0.10203551753562315, 0.09975899899141456, 0.11842803618082295, 0.11587506188469611, 0.09077911882518667, 0.12486724619590947, 0.11070284257962225, 0.1234778988734113], [0.11486148149760038, 0.10257803925351575, 0.10042830190422712, 0.11791405109646474, 0.11525562574751501, 0.09104421256785021, 0.12500000000000003, 0.1100087814514301, 0.12290950648139681], [0.11438851081842283, 0.10227937794158956, 0.10007805191492553, 0.11817349050926496, 0.11555852705227873, 0.09087311899750573, 0.125, 0.11026714150266391, 0.12338178126334878], [0.1141295439295895, 0.10199920960808583, 0.09976868836991289, 0.11851542560843158, 0.11581009896833018, 0.09079253210894057, 0.12494326694950214, 0.1106449562749519, 0.12339627818225539], [0.11417923896177616, 0.10198090881267691, 0.09978459387551965, 0.11856702167069624, 0.11575315077838705, 0.09080039441219247, 0.125, 0.11058641445115902, 0.12334827703759249], [0.11416685037284831, 0.10196352668462032, 0.09980250750554513, 0.11879669168869571, 0.11580532110473804, 0.09093774775550187, 0.12463477926835917, 0.11071754387721128, 0.12317503174248015], [0.11475337615664134, 0.10240178611260368, 0.1003935053184379, 0.11837630245791425, 0.11527347928312122, 0.09115982939044316, 0.12461256130101225, 0.10998936870386343, 0.12303979127596287], [0.11522715820857786, 0.1026830038155463, 0.10077828877788432, 0.11818340139984557, 0.1149391747718676, 0.0913727560568929, 0.12457931845277104, 0.10973810337212817, 0.12249879514448625], [0.1145170782916119, 0.10195013258825512, 0.09999580349009213, 0.11904355980402916, 0.11548293939919421, 0.09108470439064185, 0.12458645289973172, 0.11038221792280817, 0.12295711121363576], [0.11481115091336028, 0.10206244689841201, 0.10022517985910952, 0.1190665235184521, 0.11525059595119165, 0.09120877858119182, 0.12438611669138827, 0.11009400355753181, 0.12289520402936253], [0.11489672626923267, 0.10200962018967528, 0.10024837684571072, 0.1192335640637791, 0.11516213515978832, 0.09125681470980553, 0.12440104784461432, 0.11002698099720734, 0.12276473392018673], [0.11420323470161949, 0.1016020469788486, 0.09971914358780358, 0.11972162514198265, 0.11550701118838691, 0.09115776902576977, 0.12412518276167563, 0.11070781373307528, 0.12325617288083819], [0.11534920998565863, 0.10225510170837666, 0.10065336343885915, 0.11901052882924341, 0.11470514212554361, 0.09140073356833948, 0.12471685270880299, 0.10945122621563722, 0.12245784141953886], [0.11580717936739267, 0.10271700713213112, 0.10118734019043243, 0.11869333687386624, 0.11423952521369342, 0.09164997302560389, 0.12500000000000003, 0.1089784030347626, 0.12172723516211775], [0.11554455399692044, 0.10228472644475935, 0.10075197393074563, 0.11909133055525388, 0.1144586358692733, 0.09142533566859024, 0.125, 0.10923088186281076, 0.12221256167164643], [0.11486156862410841, 0.10174580359880452, 0.10008012222877039, 0.11960398316124385, 0.11506076082608685, 0.09118989160512542, 0.12500000000000003, 0.11000115072706443, 0.12245671922879628], [0.11442439091610461, 0.10153385336888228, 0.09980477148982547, 0.11997964917511657, 0.11526244906348465, 0.09122119954437938, 0.12432857243841526, 0.1104470630561654, 0.12299805094762639], [0.1149496766206277, 0.1017681899948075, 0.10014565426357791, 0.11963588683990665, 0.11499861424566006, 0.09124372287746832, 0.1249020376631241, 0.10993399026901053, 0.12242222722581733], [0.11568839267092562, 0.1022430543865528, 0.10080182807766688, 0.11935791078960363, 0.114375282358825, 0.09153341502545055, 0.12473609292170851, 0.10914763293120555, 0.12211639083806157], [0.11586255192484904, 0.1024430366019624, 0.10102048776063546, 0.1192476641582283, 0.11419198855401841, 0.09166182066835689, 0.12464830792300412, 0.10902713391488801, 0.12189700849405737], [0.11450864358954777, 0.10140192026679674, 0.09979189080360533, 0.1202367063999815, 0.1150613563334378, 0.09123553355481326, 0.1245911303578233, 0.11031281154088485, 0.12286000715310945], [0.11491800190790878, 0.10150066381473484, 0.10001376850152657, 0.12019682298449381, 0.11483863834289879, 0.09126364058504974, 0.125, 0.10989368558835497, 0.12237477827503247], [0.11581521308952687, 0.10215220786270379, 0.10082874385238247, 0.11974825344549997, 0.1143344167639122, 0.09169131184096552, 0.12425728382498295, 0.10916210103386918, 0.1220104682861569], [0.11573247639761935, 0.10208501339482964, 0.100757722439833, 0.1198312433500054, 0.11442046365933581, 0.09168117617242626, 0.12415496428140257, 0.10927813235809658, 0.12205880794645127], [0.11517528591304002, 0.10166377621034285, 0.10025865667178874, 0.12018311707406815, 0.11474917027954845, 0.09146364781757714, 0.12463882818028274, 0.10977163690842061, 0.12209588094493132], [0.11620199045453629, 0.10251186756789377, 0.10123606550749834, 0.1195301696822119, 0.11391161369444829, 0.09187631137573843, 0.12435484612747354, 0.10878890419463721, 0.12158823139556228], [0.1145085079689001, 0.10129802080482098, 0.09976634920050408, 0.1204398814431231, 0.11493435913811913, 0.09127555086280902, 0.12468220367507007, 0.11031409684112903, 0.12278103006552436], [0.1155227181074274, 0.10184718423297597, 0.10053497205823292, 0.12008670138827263, 0.11454818986180067, 0.09160375722477888, 0.12434149311342416, 0.10948785272832405, 0.12202713128476335], [0.11649479402941167, 0.10273796351564447, 0.10153858619078403, 0.11942165579110496, 0.11371781877324916, 0.09206178580466119, 0.12433402018904192, 0.10852666419356456, 0.12116671151253804], [0.11615597825292442, 0.1023168267020957, 0.10108154655594417, 0.11978834040545833, 0.11398018669584888, 0.09181317278830287, 0.12437595052478971, 0.10880754890312432, 0.12168044917151148], [0.11580790124500001, 0.10200823379763643, 0.10074306570975178, 0.12001608849134952, 0.11431410162780622, 0.09168335737580449, 0.12431119404309131, 0.1091872093579058, 0.1219288483516544], [0.11467281785017971, 0.10127572911503088, 0.09982722778499323, 0.12055108655003466, 0.11479588111029725, 0.09128372871169144, 0.12488579795654166, 0.11009603801760198, 0.12261169290362924], [0.11564114346092509, 0.10188428097790801, 0.10061542913971781, 0.12017010537663993, 0.11445463554230968, 0.09167524969560796, 0.12422178608128824, 0.10939360069042225, 0.12194376903518103], [0.11655961798449774, 0.10269510244340364, 0.10153628986437954, 0.11954296726734051, 0.1136487329877001, 0.09207364961187153, 0.12433559510635006, 0.10847249223962413, 0.12113555249483259], [0.11607078017922705, 0.10214592179743999, 0.1009428336025895, 0.12001270376067479, 0.11408148240779567, 0.0917927921818169, 0.12429132153242374, 0.10891651126880975, 0.12174565326922261], [0.11476666807156644, 0.10124576487679754, 0.09986119963956007, 0.12065644937265245, 0.11469231572166959, 0.09130414201279008, 0.12499999999999999, 0.10997650802363429, 0.12249695228132948], [0.1148763101201509, 0.10125673613816533, 0.09993918586257818, 0.120772572168942, 0.11460663441127802, 0.09138658029227854, 0.12488668641705544, 0.10988772294579194, 0.12238757164375953], [0.11592272171722999, 0.1018679190654027, 0.10071749153517331, 0.12038527456744003, 0.1141427201778487, 0.09171618769621186, 0.12450753431963467, 0.10906026427135529, 0.12167988664970346], [0.11629933735365036, 0.10215732206969691, 0.10105285537161568, 0.1202076261770825, 0.1138515827347563, 0.09187502027458966, 0.12435733186187806, 0.10868403625363257, 0.12151488790309797], [0.11691412237984287, 0.10272198820800238, 0.1017155244038773, 0.119659638477267, 0.1133021334874713, 0.09215755960861466, 0.12475071729471426, 0.10809195969214347, 0.12068635644806693], [0.11512015242703921, 0.10135579968785771, 0.10012749379906692, 0.12085134721782466, 0.11450781257355956, 0.09152956983583016, 0.12461479478425481, 0.10969664545948, 0.1221963842150868], [0.11605224446133508, 0.1018837051864553, 0.10077434040668745, 0.12041806529677292, 0.11400563134942844, 0.09172550687948619, 0.12465585791331474, 0.10890144590404488, 0.12158320260247503], [0.11682278151156981, 0.10258256535490892, 0.10157338022742851, 0.11991977415013547, 0.11337341420325205, 0.09213136171349695, 0.12443840381274361, 0.10822873947180299, 0.12092957955466153], [0.11715785831690402, 0.10296391336589021, 0.10202734123436306, 0.11959053561327102, 0.11307167348421099, 0.09230839271725078, 0.12437438267619196, 0.10782810025020606, 0.12067780234171194], [0.116188165367755, 0.10195372641633856, 0.10087083698620199, 0.12037504090377667, 0.11388838183714607, 0.09176402283228495, 0.12469170063567331, 0.10875642471009228, 0.12151170031073104], [0.11548092413361997, 0.10142677181280066, 0.10030252780874338, 0.12082920972835826, 0.1142733675117264, 0.09154507836296216, 0.12500000000000003, 0.10935035048378731, 0.121791770158002], [0.11726201921890865, 0.10285604021499047, 0.10198549038734551, 0.11973381213388905, 0.1129823148892285, 0.09231527453671078, 0.1245965008788785, 0.10775572687158622, 0.1205128208684622], [0.11714745903222691, 0.10267357145419798, 0.10178272383792142, 0.11986065031748806, 0.11305539669597939, 0.09219326018844527, 0.12499999999999999, 0.1078440540842266, 0.12044288438951427], [0.11491285581730554, 0.10110616721597378, 0.09995051760428282, 0.1211488654362501, 0.11436755676970789, 0.09151029702654263, 0.125, 0.10984431100344548, 0.12215942912649176], [0.11526375866172979, 0.1013058501079828, 0.10022042530269577, 0.12114545877433255, 0.11431865386381, 0.09167007523759263, 0.12449595728308326, 0.10956903134823368, 0.12201078942053939], [0.11703990006047091, 0.10251221350451938, 0.10162756209015102, 0.12023089886916356, 0.11315952162313805, 0.09221888606807958, 0.12441378655093525, 0.10804528863963482, 0.1207519425939073], [0.11635502037725139, 0.101833406511294, 0.100874708482509, 0.12069763038304629, 0.11365747022217082, 0.09178611798507914, 0.125, 0.10854475316335253, 0.12125089287529682], [0.1154898454369208, 0.10137198411907751, 0.10034703378995578, 0.12120900365185609, 0.11417960704549218, 0.09173286073332619, 0.1245094462954003, 0.10935944860972402, 0.121800770318247], [0.11658186733573424, 0.10201347059914156, 0.10109618844069072, 0.12066964385469789, 0.11352150897088656, 0.09195103029480338, 0.12463223147338201, 0.10838444179992493, 0.1211496172307387], [0.11723425416687527, 0.10258245295751157, 0.1017655298517325, 0.12018163096371148, 0.11299659619161409, 0.09227923749244332, 0.1246384116729184, 0.10783157757912556, 0.1204903091240678], [0.1166307733442025, 0.10195699103564226, 0.10108936839545316, 0.12080840074666598, 0.11345430668243689, 0.09197171199802893, 0.12469453902386017, 0.1083341725538805, 0.1210597362198296], [0.116418359382093, 0.10180474636500747, 0.10091706791102055, 0.12095091476918542, 0.11360636951060861, 0.09190788181119085, 0.12473180021599722, 0.10854173371440043, 0.12112112632049633], [0.11750810713862289, 0.10270230903771567, 0.10198692174940929, 0.12019591792432598, 0.11277652308837888, 0.09241699505647036, 0.12465739905707102, 0.10759423078505755, 0.12016159616294833], [0.11613865215621741, 0.10161350367316224, 0.10069797200596818, 0.12107546443453275, 0.11376433926558327, 0.09181052425910331, 0.125, 0.10876885802098887, 0.12113068618444393], [0.11761548176526343, 0.10278790691374551, 0.10210612055520012, 0.12015043156109356, 0.11268894660243797, 0.09248388801886236, 0.12451264166909726, 0.1074964324856443, 0.12015815042865538], [0.11551925760949731, 0.1013120093872833, 0.10036673350709442, 0.12146380371040821, 0.11405620293334352, 0.09182847085719768, 0.12443137965065285, 0.10930999952491179, 0.1217121428196108], [0.11704656328858634, 0.10215563656615063, 0.10138357814550333, 0.12075194349368422, 0.11304383463580513, 0.09208460785702638, 0.12488849929065438, 0.10791994611668382, 0.12072539060590579], [0.11714103540693717, 0.10223088228634979, 0.10147468985364444, 0.12068697848197975, 0.11295044212055577, 0.0921291992207613, 0.12490146783325295, 0.10784862281870417, 0.12063668197781482], [0.11709740413335493, 0.10217476338015533, 0.10141435195449286, 0.12072340137115872, 0.11297744287589355, 0.09208310377555555, 0.125, 0.1078611644502778, 0.1206683680591113], [0.11632509913241705, 0.10164510890408794, 0.10082081404015761, 0.12127982619081505, 0.11360288879318196, 0.09194970617474602, 0.12480051541394224, 0.10862197547570658, 0.12095406587494542], [0.11680037235377663, 0.10193122359071993, 0.10117250474147726, 0.12107957941994203, 0.11329397223485832, 0.09210139183199942, 0.12456243150767017, 0.10820556029238834, 0.12085296402716791], [0.11671866711220863, 0.10186012809452577, 0.10110301238041806, 0.12117703944548701, 0.11334612059444403, 0.09208666985835987, 0.1245628913307243, 0.10828648749288543, 0.12085898369094701], [0.115370117750868, 0.10107515617401855, 0.10020635014238646, 0.12172248944264229, 0.11389132265971223, 0.09177247458999106, 0.125, 0.10934693657609992, 0.12161515266428147], [0.11729898229131384, 0.1020393824764108, 0.10146284212914171, 0.12132895563733258, 0.11282665018595095, 0.0922926124047654, 0.12460706897135011, 0.10771371825330409, 0.12042978765043066], [0.11793820895017076, 0.10246700403412652, 0.10201697213739355, 0.12083395824098223, 0.11230782749068585, 0.09249995039130182, 0.125, 0.10716112784847931, 0.11977495090685994], [0.11697882421311, 0.10188435785901405, 0.10127091494044442, 0.1215124644942481, 0.11312021378517102, 0.09230488309377778, 0.12425340155802342, 0.10809723018003381, 0.12057770987617729], [0.11725214005350798, 0.1019860278475127, 0.10142571040212993, 0.121452799122764, 0.112873921881457, 0.0923246993857964, 0.12446749865019159, 0.10778426663767089, 0.12043293601896951], [0.11562970949358597, 0.10110145272329815, 0.10034958878846985, 0.12200011113215076, 0.1136514589433663, 0.09190165905371736, 0.12470085631218787, 0.10906503570991971, 0.12160012784330401], [0.11779926611439245, 0.10228518351868826, 0.10184176229675301, 0.12120241064952596, 0.11237336345771977, 0.09249666043439309, 0.12468080113992286, 0.10732364417352479, 0.11999690821507995], [0.11787440190864024, 0.10228151422837987, 0.10187309009266549, 0.12123922443236063, 0.11230262995985321, 0.09251546679414747, 0.12475364468892673, 0.10724564675883588, 0.11991438113619038], [0.11764881416414548, 0.10201325443882338, 0.10159544602102548, 0.12155345717238553, 0.11243092117797306, 0.0923573113199735, 0.12500000000000003, 0.10734264550508182, 0.12005815020059184], [0.11699475217390892, 0.10178523929293883, 0.10126699434789388, 0.12190672095089419, 0.11304188520619468, 0.0924243616488455, 0.12411610055484336, 0.10809312165660885, 0.12037082416787179], [0.11710814983981835, 0.10183287614812404, 0.10133481148393207, 0.12186618559443911, 0.11296351892412657, 0.09244583378645699, 0.12411841121805713, 0.10798964012238284, 0.12034057288266291], [0.11808651947276382, 0.10221494618732159, 0.10192589339089386, 0.12145330785066222, 0.11206943168208232, 0.09256127835301727, 0.125, 0.10701300831705521, 0.1196756147462037], [0.11655950182133734, 0.10143852716804608, 0.10091042733687297, 0.12217557190079224, 0.11314115793192729, 0.09224307110896429, 0.12437208010845273, 0.10830190656003107, 0.12085775606357599], [0.11739859009387575, 0.10185168585605317, 0.1014629541921931, 0.12196427206974127, 0.11267578057600826, 0.09250374329536587, 0.12436289890836746, 0.1076696732490538, 0.12011040175934119], [0.11780263055295769, 0.10199920169777348, 0.10168277925771649, 0.12183151835154556, 0.11230743608627702, 0.09250618912143713, 0.12474432467394302, 0.107237295931786, 0.1198886243265636], [0.11834840247686744, 0.10225131828402056, 0.10209017492446602, 0.12166919169185049, 0.11187603939004576, 0.09275218064213935, 0.12473877874119216, 0.10683718035418455, 0.11943673349523369], [0.11678475689500574, 0.10139999918287124, 0.10097897826603684, 0.12234248810397329, 0.11287975409779007, 0.09226922578117064, 0.12450884425917733, 0.10801888445035186, 0.12081706896362301], [0.11671041632615954, 0.10119832919424215, 0.10082979285204904, 0.12257669776902184, 0.11273924093055893, 0.09214561481910688, 0.12477576756082404, 0.10790053127184793, 0.12112360927618974], [0.11631029305171788, 0.10094376559340226, 0.10052676993086924, 0.12271827657489001, 0.11282980709459486, 0.0919415346313033, 0.12499999999999999, 0.10806200028984127, 0.12166755283338108], [0.11891818976962064, 0.10237357683290552, 0.10243172132829416, 0.12177712488766926, 0.11141956450704903, 0.0929337355394665, 0.12500000000000003, 0.10632782991565944, 0.11881825721933556], [0.1168472900887351, 0.10121308629419033, 0.10089711440670389, 0.1226245851862795, 0.11261949312056084, 0.09219047765978214, 0.12478684474680361, 0.10776792666008744, 0.12105318183685713], [0.11813399104858398, 0.10184399273766694, 0.10176501490347993, 0.12242957863729964, 0.11189961476034377, 0.09265537970820246, 0.125, 0.10684889346604066, 0.11942353473838259], [0.11677675801766983, 0.10106324886268006, 0.10077975488597528, 0.12280144474681175, 0.1125246087489441, 0.09209139686941564, 0.12500000000000003, 0.10768888660349998, 0.12127390126500347], [0.11880180081504996, 0.10215672863253096, 0.1022447521169551, 0.12215611422666753, 0.1114124814347599, 0.09290742333434873, 0.12500000000000003, 0.10638062303774194, 0.11894007640194598], [0.11782535077461086, 0.1016262734274294, 0.1015224846363783, 0.12260454914698801, 0.11205586282172096, 0.09255034648014197, 0.125, 0.10705637278259145, 0.11975875993013906], [0.11742744628117793, 0.10145584920285891, 0.1012861833205676, 0.12276189273763648, 0.11229272122274131, 0.09246646192820741, 0.1244861799147529, 0.10737514436950073, 0.12044812102255674], [0.11683908093173437, 0.10102891790299301, 0.10080512790096724, 0.12296615378328354, 0.11240711866533595, 0.09213748841545097, 0.1248416822364733, 0.10758656392675157, 0.12138786623701019], [0.116787911439698, 0.10098959825518962, 0.10077261318370218, 0.12304666636993557, 0.11240014466552323, 0.09213304644106446, 0.12475071084176885, 0.10759850973800628, 0.1215207990651118], [0.1171963506772083, 0.1011184273378532, 0.10098941905782888, 0.1230115174504077, 0.11217223447184435, 0.09222786843210214, 0.125, 0.10729425959805693, 0.12098992297469849], [0.11677649103916786, 0.10094535101699655, 0.10076214632228649, 0.12318537647120915, 0.1123383419091332, 0.09215542629658947, 0.12460000583579861, 0.10755940488910651, 0.12167745621971204], [0.11770342195787846, 0.10140122180468615, 0.10138159399888827, 0.12303756478474624, 0.11195650065212284, 0.09253751359796643, 0.12454806564124116, 0.10703103810124252, 0.12040307946122783], [0.11686520009036286, 0.1009341197223716, 0.10080570803823462, 0.1233035140003137, 0.11222499580203925, 0.0922026547310782, 0.12451154468196195, 0.1074493612624571, 0.1217029016711807], [0.11869614486123548, 0.10195212140888528, 0.10212548125303701, 0.12280273532472806, 0.11142308168768243, 0.0930199424556404, 0.1246226088761258, 0.10644501097249547, 0.11891287316016996], [0.11778635347660209, 0.1014093485362265, 0.1014250772044567, 0.12308228354881916, 0.11187980115177008, 0.09257236765793209, 0.12453805163201435, 0.10695076185078714, 0.12035595494139198], [0.11901752020045986, 0.10206001060296106, 0.1023202382419831, 0.1226482744943289, 0.11115097696442483, 0.09310292056114368, 0.12482411061122566, 0.10619826536291471, 0.11867768296055807], [0.11845228560054333, 0.10172651370577555, 0.10188498741593542, 0.12303801041797917, 0.11150144370464776, 0.09286150973524113, 0.12464468258219787, 0.10648900777944319, 0.11940155905823656], [0.11901646384708559, 0.10197567733939175, 0.10227166815127872, 0.12278620496515144, 0.11109775260576582, 0.09308591356570685, 0.125, 0.10614511448850664, 0.11862120503711321], [0.11761438462048705, 0.10109180402201326, 0.10116668928903702, 0.12341140292573438, 0.11171734365254629, 0.0923602194109837, 0.12500000000000003, 0.1068186505765168, 0.12081950550268161], [0.11831592149796992, 0.10147749997525156, 0.10167020591877471, 0.12324383801522429, 0.11142002568978851, 0.09268302214689333, 0.12499999999999999, 0.10642486834833742, 0.11976461840776016], [0.1189246267749298, 0.10188153277722363, 0.10219032243491394, 0.12303134470612581, 0.11113978127281565, 0.09307879943973858, 0.12471066568594033, 0.10617530122090661, 0.11886762568740566], [0.1178892919369556, 0.10121160465294689, 0.10137119052178246, 0.12348379705232831, 0.11156042885257442, 0.09254250800889671, 0.12470946846113473, 0.10665049549561148, 0.12058121501776939], [0.11773153968337206, 0.10109461601557355, 0.10123585669684863, 0.12355312520377687, 0.11158975925427246, 0.09243754697179067, 0.12484760772036534, 0.10669753632622317, 0.12081241212777713], [0.11791038230957603, 0.10119018763555929, 0.1013738404218511, 0.1235498184937667, 0.11151178740292865, 0.09255230753958592, 0.1246913705080621, 0.1066067275462614, 0.1206135781424088], [0.11916864873483231, 0.10189682711837426, 0.10232090305353214, 0.1231390852803817, 0.1109057562935186, 0.09320011946525604, 0.12465682355065003, 0.10596720072823589, 0.11874463577521902], [0.117554573626202, 0.10098653563531927, 0.10113827163281483, 0.12370206594990063, 0.1116033988334835, 0.09243267724518583, 0.12459181285270418, 0.10676732022499094, 0.1212233439993988], [0.11840264788909978, 0.10136711570877881, 0.10169500114852774, 0.12362855324086404, 0.11120201405951183, 0.09279539871448453, 0.12457035438931563, 0.10625825929274255, 0.12008065555667521], [0.12500000000000003, 0.11012056847264842, 0.1086331650905365, 0.11122021134584893, 0.11235252890540855, 0.09687789838317976, 0.11036175419311864, 0.10574766142447298, 0.11968621218478641], [0.12490196507762708, 0.11018679542135956, 0.10875192932106277, 0.11120259672243822, 0.11231810268524765, 0.0970062986522426, 0.11030284546753698, 0.10572095686121276, 0.11960850979127256], [0.12499999999999997, 0.10944849183117177, 0.10795509010350393, 0.11196177168313412, 0.1123519313605393, 0.09619564519142498, 0.11126699433940422, 0.10579959431655835, 0.12002048117426314], [0.125, 0.10895330830461197, 0.1073714280395628, 0.11242197699413961, 0.11248517541961199, 0.0956133648305096, 0.11191767683709657, 0.10588142231846392, 0.12035564725600352], [0.12500000000000003, 0.11034155532902011, 0.10939332586890742, 0.1112802987730188, 0.11190112874431013, 0.09763770855938006, 0.11006857893201188, 0.10534533068314164, 0.11903207311021008], [0.12499999999999997, 0.11103735400678576, 0.11027204770779397, 0.11068880909503465, 0.11166816983394182, 0.09854081003903914, 0.10924604816791214, 0.10512767939294776, 0.11841908175654461], [0.12489405707848987, 0.10962070731469525, 0.10861027058686767, 0.11210655538081842, 0.11195347922651896, 0.09685485072436742, 0.11106713115290058, 0.10544175543537394, 0.11945119309996792], [0.125, 0.10959843451355239, 0.1086814703849791, 0.1121647756157734, 0.11186274528128683, 0.09691658459309416, 0.11106697916703741, 0.10535667413680304, 0.11935233630747369], [0.12444303377434307, 0.10862770222659256, 0.10753974890554871, 0.1132799475089707, 0.1121024787286464, 0.09583740356094056, 0.11253409335807693, 0.10557619598197245, 0.12005939595490864], [0.12477342379773171, 0.10965491924061055, 0.10892945491288064, 0.1122674514092056, 0.11172971087826315, 0.0971875925178245, 0.11104770873151361, 0.1052543234947317, 0.11915541501723856], [0.12462022304211054, 0.1086413717815294, 0.10773579906679544, 0.11336136995441447, 0.11191223743983356, 0.09601879679565005, 0.11247004954122172, 0.10540691344544018, 0.11983323893300465], [0.12500000000000003, 0.10886571035720059, 0.10805510215384728, 0.11308335098450241, 0.11177453872228346, 0.0962986980498832, 0.1120596441028492, 0.10528056865926064, 0.11958238697017334], [0.12467265172400491, 0.10912860292763484, 0.10843807939285752, 0.11294241716739531, 0.11169443430661287, 0.0967135574717895, 0.1117978318929442, 0.10525215102691368, 0.11936027408984719], [0.12499999999999997, 0.11113941096289831, 0.11110656539096112, 0.11105836125639867, 0.11