[[0.10349861641153736, 0.11399862048358667, 0.10976379279734594, 0.11752327646298624, 0.12266655381483005, 0.10007373932084253, 0.09697118803267434, 0.1246777046143451, 0.11082650806185174], [0.10309457178807432, 0.11467630258665026, 0.10916357898269721, 0.11813203796872018, 0.12330795012201168, 0.09932010773855927, 0.09622055378439141, 0.124858207178572, 0.11122668985032379], [0.10351607755647026, 0.11401896670150313, 0.10967783409344148, 0.11738898350857206, 0.1224836766869572, 0.10011225526760056, 0.09714294438027, 0.12482114809378138, 0.11083811371140412], [0.1034389219141091, 0.11414955889002722, 0.10957659265409385, 0.11750561685479521, 0.12267189023076527, 0.09996687546907548, 0.09698984186624231, 0.12478573396086716, 0.11091496816002462], [0.1030743936751393, 0.11474581830535052, 0.10906268302301637, 0.11809662415450986, 0.12319551270572075, 0.0992862715426899, 0.09627207823500555, 0.12500000000000003, 0.11126661835856783], [0.10321242481488897, 0.11465255012260879, 0.10917683341527062, 0.11792884012034222, 0.1230544668775635, 0.09951166034806823, 0.09657717943657622, 0.12465802895537458, 0.11122801590930688], [0.10345921078816187, 0.11409937598748604, 0.10955289678866705, 0.11737514379773005, 0.12248925652156228, 0.10002291545589101, 0.09712317442257944, 0.125, 0.11087802623792231], [0.10348023300630807, 0.11422187781945521, 0.1094551972522563, 0.11736605718319261, 0.12243749415063587, 0.10002917707252905, 0.09724709066429056, 0.12479417310318305, 0.11096869974814927], [0.10385105981657991, 0.11396199468487647, 0.10975986119616496, 0.11699340504191805, 0.12182340590125994, 0.10061963532023012, 0.09797449313210363, 0.1241428118602825, 0.11087333304658423], [0.10346162971315978, 0.11459451578819758, 0.1092278370436012, 0.11755853478521179, 0.12254899511405863, 0.09990386465158, 0.0972668302520905, 0.12420450060229454, 0.111233292049806], [0.10324376929003265, 0.11511889866575835, 0.10879795612433812, 0.11796388491866111, 0.12268421693617225, 0.09942085405730818, 0.09681568393472781, 0.12439806399518195, 0.11155667207781944], [0.10384189613862384, 0.11403663392803709, 0.10966813048117764, 0.11696028677599164, 0.12178931521415433, 0.10059668575360872, 0.09804042583346868, 0.12414459870013554, 0.11092202717480253], [0.10332098542654217, 0.11497240466529916, 0.10889065168828221, 0.11778483828074418, 0.12259674514234546, 0.09958434064165284, 0.09703549361485732, 0.12434926797151978, 0.11146527256875685], [0.1034519650851546, 0.1148368238634987, 0.10899865114567939, 0.1175737034251759, 0.12241354780728694, 0.09981835659708711, 0.09736422654338327, 0.1241471827550666, 0.11139554277766753], [0.10315971157652085, 0.11550347026286518, 0.10841983978436287, 0.11803915298124426, 0.12294853954730764, 0.09918537358644819, 0.09677096299930837, 0.12417173354172442, 0.11180121572021824], [0.10357605675788621, 0.11451450949853009, 0.10921904240636648, 0.11728794615929136, 0.12218094721351982, 0.10010310160903026, 0.09765486231645208, 0.12426955061032437, 0.11119398342859951], [0.10321980412476886, 0.11540165968651066, 0.10849840682433971, 0.11792932618381792, 0.12273362256464962, 0.0993070021343564, 0.09692805024957807, 0.1242423050851244, 0.11173982314685424], [0.1033707848775572, 0.11521636398127497, 0.10870673533694034, 0.11777349104390003, 0.12236450614497499, 0.09957919121181788, 0.09722424217900397, 0.1241201714220003, 0.11164451380253046], [0.1040028079709364, 0.11406438772049979, 0.10964526073021649, 0.11676312144164394, 0.12146240809838875, 0.10082862249282712, 0.09848690637161166, 0.12376653244152967, 0.11097995273234618], [0.10343382212249086, 0.11512075015173281, 0.10877467521505081, 0.11765592369759313, 0.1223015060912581, 0.09970238118093548, 0.09738916503435438, 0.12403276611285623, 0.11158901039372819], [0.10354638032916796, 0.11462958825809443, 0.10904975380154427, 0.11724639227004247, 0.12206463648612245, 0.10003267218554307, 0.09771973402694026, 0.12445006011478878, 0.11126078252775631], [0.10344427964603775, 0.11506790900981165, 0.1087802013559115, 0.11757858373352448, 0.12224149828389985, 0.09973865522570073, 0.0974574274545376, 0.12414072747067205, 0.1115507178199045], [0.10406917983165026, 0.11404042130197703, 0.1096760127060656, 0.11669607312090408, 0.12135045801062416, 0.10092901323061543, 0.09863128570051662, 0.12362772607182128, 0.11097983002582536], [0.10346314578524395, 0.11489694211315393, 0.10882764066958518, 0.11739517991353147, 0.1221166287648749, 0.09982992723111407, 0.09758843562498702, 0.12445436919369043, 0.11142773070381899], [0.10353399600110447, 0.11467683689521589, 0.10896450713357998, 0.11720757272740658, 0.12198277359115035, 0.10000498693925419, 0.09776722700707692, 0.12457516172439194, 0.11128693798081964], [0.10380317581848458, 0.11439191564683354, 0.10927462356319048, 0.11692576712890358, 0.12165796433053844, 0.10046980712553966, 0.09826942081803718, 0.12405156298740984, 0.11115576258106272], [0.10398423210599633, 0.1142004046937138, 0.10949153553513326, 0.11675083286337809, 0.12141727967905853, 0.10078022782240044, 0.09858073357804026, 0.12372510283606344, 0.1110696508862158], [0.10330035807336475, 0.11533928504676139, 0.10841920282244066, 0.11760594810647193, 0.12238526317800909, 0.09946142037594638, 0.09733729963305639, 0.12445459181068062, 0.1116966309532688], [0.103469353183456, 0.11497121872816952, 0.1087258877448345, 0.1173407505549615, 0.12198543818944078, 0.09982000091140275, 0.09768685649386008, 0.12452375464094455, 0.11147673955293053], [0.10387068431748818, 0.11435903015376947, 0.10930438725531673, 0.11684390536546134, 0.1215344649763841, 0.10057526689685915, 0.09842757410368692, 0.1239357977761563, 0.11114888915487782], [0.10366680552011352, 0.1145562810123795, 0.10905117757321434, 0.1170061620659167, 0.1217324789206686, 0.10023305836408518, 0.09809309318325227, 0.12442888385617303, 0.11123205950419666], [0.10352256011688628, 0.11473711906298223, 0.10884611909492724, 0.11713913609341585, 0.1218487659503763, 0.09997663159793611, 0.09785223133624295, 0.12475678528087181, 0.11132065146636103], [0.10348047426565936, 0.11490458916082974, 0.10872522353057076, 0.11724020943434663, 0.12188956092080439, 0.09986246973935602, 0.09777274415005018, 0.12469624311662085, 0.11142848568176206], [0.10417970978475377, 0.1140966681171231, 0.10961101048564428, 0.11655518020599515, 0.12110225636678273, 0.10108182049918707, 0.09898223900964352, 0.1233442810498944, 0.11104683448097598], [0.10384203329859952, 0.11443781999502133, 0.1091826114163897, 0.11682127179485333, 0.12147860681051359, 0.10051490351554448, 0.09845915587365972, 0.12407059150565214, 0.11119300578976622], [0.10417204507578809, 0.11414083133569593, 0.10955988330004948, 0.11655403826636397, 0.12109349393434063, 0.10106076581845978, 0.09900519113888927, 0.1233386126833927, 0.11107513844702016], [0.10349531760957349, 0.1151382520634637, 0.1085449854349365, 0.11726759248260188, 0.12183488636579437, 0.09980915709886266, 0.09787156521460234, 0.12444419284596116, 0.11159405088420389], [0.10350472748048427, 0.11482331919598167, 0.10868541288732626, 0.11705397712013124, 0.12167341661232216, 0.0999326225947394, 0.09795694588884692, 0.125, 0.11136957822016808], [0.10379328866161533, 0.11452083982251021, 0.10906527771401223, 0.1168312924431064, 0.12146881035651629, 0.10042418104778299, 0.09842943074423328, 0.12423103930131045, 0.11123583990891284], [0.10312358837734469, 0.11559126400903999, 0.10795941179519952, 0.11749176566555058, 0.12258674180277654, 0.09915553043824833, 0.09728004027954587, 0.125, 0.11181165763229443], [0.10351751429034546, 0.11499338412947104, 0.10859762616956294, 0.11713093072986484, 0.12166982460786771, 0.09989257324692108, 0.09797683009816327, 0.1247275808969687, 0.11149373583083494], [0.1033603195596735, 0.11539991768819172, 0.10824049749844707, 0.11734201846735967, 0.12217926324938716, 0.09954277175134921, 0.09770743893264149, 0.12448895174726989, 0.11173882110568031], [0.1035042842977325, 0.11519463739455497, 0.1084674914602573, 0.11721918871225019, 0.12183599814105876, 0.09980714712223779, 0.09795676954662814, 0.12438192355074132, 0.11163255977453902], [0.10396817218501499, 0.11443237870849178, 0.1091650107001209, 0.11665068691161885, 0.12120223906725587, 0.10069521490083089, 0.09880855347084871, 0.12385935263726025, 0.11121839141855773], [0.10359209954912948, 0.11502730104057797, 0.1084861109326268, 0.11693249777274517, 0.12157870345302658, 0.09999432992798794, 0.09829950243054872, 0.12456080736079216, 0.11152864753256518], [0.10426777417995492, 0.1141775445641818, 0.10941624265671793, 0.11633053216938939, 0.12100793578840585, 0.10118953625505846, 0.0994008277862776, 0.12309004090221891, 0.11111956569779512], [0.1031607944587175, 0.11583271461050595, 0.10762597057987205, 0.11729742287527606, 0.12247641394105796, 0.09914607610634825, 0.09764128318431652, 0.12484460426802027, 0.11197471997588543], [0.1031517094686787, 0.11590427215886015, 0.10757555468811704, 0.11733430757452742, 0.12254558986653527, 0.09910964078402727, 0.09762182981003495, 0.12473411605273228, 0.112022979596487], [0.10417630271139804, 0.11430527220662444, 0.10926646629294753, 0.1163993423022927, 0.12101078581014542, 0.10102506617087041, 0.099284133637637, 0.12335000366459188, 0.1111826272034926], [0.10329074306499274, 0.11563102986803711, 0.10785674316935946, 0.11717956271767943, 0.12221070659416937, 0.09938872291466751, 0.09785448187091793, 0.12471949437100116, 0.1118685154291753], [0.10356131166112367, 0.11530346004333955, 0.10827628198612066, 0.11701992257026536, 0.12180582456111058, 0.09986214887523222, 0.09828308023959044, 0.12417428065226684, 0.11171368941095086], [0.10317904216728649, 0.11576282530455095, 0.10764796464187637, 0.11721347599212192, 0.12234760907177818, 0.09919736275914279, 0.0977241088276772, 0.12500000000000003, 0.11192761123556624], [0.10382508826216816, 0.11467161766985516, 0.10878708463488958, 0.11662800948816815, 0.12140584825466408, 0.10043237888815373, 0.09876836462421641, 0.12414227224103311, 0.11133933593685161], [0.10411871837226842, 0.11438567096142681, 0.10915723997766884, 0.11642465596444845, 0.12104900255781581, 0.10092236788219083, 0.09922771144688632, 0.12349291060433387, 0.11122172223296065], [0.10357226792269018, 0.11522708723501045, 0.10823544012641807, 0.11686252062014528, 0.12194473053865935, 0.09990955259416583, 0.09842736883092038, 0.12416383989047695, 0.1116571922415135], [0.10356168905409098, 0.11532347134183334, 0.10816380808881128, 0.11689290406298519, 0.12201794140101879, 0.09986351907043592, 0.09841945569311893, 0.12403533391623994, 0.11172187737146563], [0.10338159005285069, 0.11560221310582829, 0.10781515901711229, 0.11698249377935921, 0.1221450062674761, 0.09953111437852177, 0.09818262786014091, 0.12449468255863672, 0.11186511298007414], [0.10360568332081081, 0.11510336726477612, 0.10827914934345985, 0.11673694202067245, 0.12195938924836854, 0.09999958030058363, 0.09855165481226172, 0.12418776231927736, 0.11157647136978953], [0.1032936739416447, 0.11575110761937218, 0.10764058696847588, 0.11705069655847708, 0.12220269913294599, 0.09936413861243117, 0.09805754089447662, 0.12469510734744292, 0.11194444892473347], [0.103650423083251, 0.11499047369452095, 0.10835664505541436, 0.11665492752341614, 0.1219059798539274, 0.10009882397958435, 0.09865008610972817, 0.1241841058639641, 0.11150853483619357], [0.1040234738353987, 0.11450353203753132, 0.1089036432815517, 0.11636173223841302, 0.12136212267802787, 0.10076209824599465, 0.09923305225860009, 0.1235779076829652, 0.1112724377415174], [0.10336524978239295, 0.1156320565643573, 0.10774718309224181, 0.11695367628313814, 0.12222329604709745, 0.09950184537091943, 0.09820609439358634, 0.1244912472347242, 0.11187935123154243], [0.10370691591137277, 0.11488937749551081, 0.1084390444829172, 0.11657937948925365, 0.12184319531604854, 0.10020955705734186, 0.09876169645680571, 0.12411824518034424, 0.11145258861040523], [0.10373806871813633, 0.1148473221138675, 0.10847019007243842, 0.11653567914230659, 0.12182663294201962, 0.10026636200134272, 0.09883108460552766, 0.12405348956011379, 0.11143117084424735], [0.10379742887220575, 0.11476476603855314, 0.1085574266700567, 0.11648412328312027, 0.121742613407881, 0.10037376382997035, 0.09892801811463733, 0.12396195451793095, 0.11138990526564453], [0.1039446455521127, 0.11459876644968729, 0.10874471872453254, 0.1163644475697738, 0.12155505433075466, 0.10062728998428867, 0.09917359786747842, 0.12367661255297216, 0.11131486696839978], [0.10355679038126621, 0.11523886607152559, 0.10807436346744853, 0.11668467820632049, 0.12221567260076413, 0.09989424964752638, 0.09859027570696918, 0.12409140318570137, 0.11165370073247816], [0.10367665647797508, 0.11497840421732271, 0.10831249579338523, 0.11655645765584198, 0.12201633660520848, 0.10014233407950832, 0.09878350403320253, 0.12402950253946504, 0.11150430859809064], [0.10401043350074314, 0.11453970721016002, 0.10880074681843832, 0.11629552895279759, 0.1215016673175666, 0.10073639203317614, 0.09930593610037519, 0.12351817489765189, 0.11129141316909096], [0.10348084523893131, 0.11538522861207928, 0.10789872989006172, 0.11671019718920021, 0.12234888394912359, 0.0997453322529865, 0.09850953340221845, 0.1241876062961681, 0.11173364316923083], [0.10365077782121934, 0.11505479349630679, 0.10822350322169651, 0.11656012179297577, 0.12213027331959644, 0.10008356536048463, 0.09877657804672582, 0.12397077875992288, 0.11154960818107183], [0.1037192442620726, 0.11493053676344776, 0.1083091129072861, 0.11645187359409173, 0.12207006646191691, 0.10021887563653267, 0.09893061406292745, 0.12388940752632639, 0.11148026878539835], [0.1037900946950709, 0.11479837933572559, 0.1084123611456165, 0.11635427883649262, 0.1219554838831663, 0.10035916307242229, 0.09907019638503013, 0.12385329478827033, 0.1114067478582052], [0.10358027718575594, 0.11506684753609456, 0.10800685531382999, 0.11638188226875452, 0.12238928163631513, 0.09999340194544379, 0.09886401009860243, 0.12418592930371465, 0.11153151471148905], [0.1039324282705671, 0.11458389127487953, 0.1085303003692976, 0.11611075334055296, 0.12179576931570509, 0.10062598752405418, 0.09941833192330775, 0.12370879733593483, 0.11129374064570097], [0.10382001872094192, 0.1146726990251576, 0.10831725334351258, 0.11607430113704173, 0.12203200464268221, 0.10044946973769078, 0.0993451332345509, 0.12396802345901677, 0.11132109669940556], [0.10314429549581478, 0.11574997109212394, 0.10706869820472552, 0.11651497695108295, 0.12302834498786276, 0.09919145216944003, 0.09842340163529614, 0.12499999999999999, 0.11187885946365375], [0.10375262451435577, 0.11473364796623003, 0.10820319006116322, 0.11607551696053575, 0.12216141509019625, 0.10034031324344975, 0.09927870916446112, 0.12411115032747533, 0.11134343267213281], [0.1031802976302046, 0.11569536834531992, 0.1070345901214629, 0.1163750344642532, 0.12323820674490439, 0.09926167619765466, 0.09860410626691025, 0.12476270082376296, 0.1118480194055271], [0.10382670255581207, 0.11463727943592647, 0.10823152936051188, 0.11593152900442565, 0.12210422977043957, 0.10047415906354239, 0.09948846001351766, 0.12401060410043566, 0.11129550669538864], [0.10325290647210346, 0.1153326773954239, 0.10729286255469009, 0.11618875944734819, 0.12310127506742188, 0.09948037855957649, 0.0987376226641833, 0.125, 0.11161351783925268], [0.10346898752562006, 0.11504892998804507, 0.10765590928459035, 0.11605787215239809, 0.12279116565834866, 0.09986221451596594, 0.09903403937564693, 0.12460272945913854, 0.11147815204024637], [0.1032747310263131, 0.11530915253377079, 0.10729486211906755, 0.11614297101485074, 0.1231381107340249, 0.0995183279959891, 0.09880788787605899, 0.12491126030153753, 0.11160269639838728], [0.10379268504123931, 0.11465485665119118, 0.10811928022081303, 0.1158559029642071, 0.12221910435442193, 0.1004253507360566, 0.09952972581855785, 0.12410679474015866, 0.11129629947335433], [0.10348102579554383, 0.11490863767796095, 0.10757402460102755, 0.1158055716987807, 0.12283947279720112, 0.09993020613764067, 0.09925823894063349, 0.12482314609531954, 0.11137967625589222], [0.103403491940418, 0.11497086179680713, 0.1074381913238091, 0.11580292219293783, 0.12298802857734628, 0.09980725999503681, 0.09918941980774566, 0.125, 0.11139982436589915], [0.10366718313908792, 0.11474957603231671, 0.10780241804688759, 0.1157170577629874, 0.12256644941004866, 0.10023103219047912, 0.09954393550318787, 0.12439925282390144, 0.11132309509110329], [0.11661691281796277, 0.12369837044878394, 0.10361413130680458, 0.10536185081144525, 0.10341507883994405, 0.11255826501608023, 0.12419092881395079, 0.09565264866018691, 0.11489181328484148], [0.11644883400799785, 0.1231767650234062, 0.10342387679610543, 0.10544456836961734, 0.10356966357281516, 0.11183265514715442, 0.12499999999999999, 0.09529287967325055, 0.11581075740965295], [0.11650493265097958, 0.12359755892319782, 0.1034111203665172, 0.10530900709309965, 0.10340121182827892, 0.11212125286377941, 0.125, 0.09533644611817103, 0.11531847015597638], [0.11657443634856375, 0.12363154097274882, 0.1036253832747727, 0.10537337966132235, 0.10347007143786377, 0.11254231286619482, 0.12416407782796388, 0.09573081614273729, 0.11488798146783272], [0.11654231825667888, 0.12359212881439909, 0.10362517949432903, 0.105379327563434, 0.10350726512626743, 0.11250432188595458, 0.12417525139532792, 0.09577172032230863, 0.11490248714130043], [0.11652181031306792, 0.12344860969800969, 0.10371115442279553, 0.10541688607663365, 0.10357982168769546, 0.11270627079802842, 0.12387996398343562, 0.09597106318907511, 0.11476441983125858], [0.11635765048095191, 0.12330237416827906, 0.10347747902254971, 0.10542896596899758, 0.10368970763812799, 0.11192852306105401, 0.1246644612711164, 0.0956152570893826, 0.11553558129954077], [0.11624191481154357, 0.12281604916354807, 0.10349633904085065, 0.10557275130996537, 0.10391467096552881, 0.1116512573347488, 0.12463379099186211, 0.09564750666619581, 0.1160257197157568], [0.1163382276720949, 0.12326714536202414, 0.10369215823830702, 0.10544824078737251, 0.10379050578755883, 0.11242135861251583, 0.12397926733181955, 0.09617059715105804, 0.11489249905724919], [0.11622967499384243, 0.12320589474879412, 0.10361280123048801, 0.10544827857737223, 0.10388221208491225, 0.1121115429186894, 0.12425183429238328, 0.0961388900727481, 0.11511887108077032], [0.11616976407770846, 0.12310219159482559, 0.103652731771539, 0.10548047324825363, 0.10398512446095728, 0.11209519305757387, 0.12412027607516521, 0.09629898791646124, 0.11509525779751574], [0.11679534268360829, 0.12281672078521932, 0.10366527669819861, 0.10526529154809838, 0.10367718042436977, 0.11294543570272747, 0.12423012815880777, 0.096409389239632, 0.11419523475933842], [0.11602169267388081, 0.12282921021177427, 0.10358694959815157, 0.10557734264716777, 0.10421001843442002, 0.11165601452342237, 0.12420373752686148, 0.09625757294347805, 0.11565746144084378], [0.11571424194523419, 0.12209631434215838, 0.10345507242863249, 0.1056485135776095, 0.10445085119167066, 0.11116045617277057, 0.125, 0.09616974599740113, 0.11630480434452306], [0.11591271727073284, 0.12262882061307336, 0.10360169697198109, 0.10563389620689033, 0.10437302540320711, 0.11150486536374583, 0.12415081073609732, 0.096393270057006, 0.11580089737726612], [0.11609174799234638, 0.12287246544753797, 0.10378672023298233, 0.1055471315265496, 0.10415373654308395, 0.11230481840049761, 0.12367502898015124, 0.09667585409050902, 0.11489249678634196], [0.1166030925597354, 0.12261691465814598, 0.10365406536629619, 0.10528015623195178, 0.10382711730514528, 0.11277039761107954, 0.1244294848051569, 0.09657673286101578, 0.11424203860147315], [0.11605725729603539, 0.12284245526970544, 0.10378069683237293, 0.10555543539216736, 0.10419740513764311, 0.11223117464595744, 0.12369454266605039, 0.09670779754733222, 0.11493323521273573], [0.11583246680408234, 0.12255647923624527, 0.10364167709664758, 0.10565615897717809, 0.10449488567397272, 0.11149568797188311, 0.12399297291426391, 0.09660389424918572, 0.11572577707654126], [0.11573699203475594, 0.12235334257773374, 0.10357367266362666, 0.10566066534664861, 0.10454697783442399, 0.11130532359858429, 0.12435089660800872, 0.09652695040013383, 0.11594517893608423], [0.11653391673508103, 0.12242875133538138, 0.10363014488147115, 0.10525281304215098, 0.1039055189751447, 0.11270956536860807, 0.124657852445761, 0.09671723849640895, 0.11416419871999273], [0.11613266449450428, 0.12244502733679764, 0.10371486876547523, 0.10542978311698188, 0.10419149861684036, 0.11235859947665047, 0.12426776406647484, 0.09687925451429312, 0.11458053961198218], [0.11573497166274893, 0.12247714317547397, 0.10368319263109461, 0.10565063481258934, 0.1046019496140443, 0.11153290507128635, 0.12392813646175713, 0.09686562480890797, 0.11552544176209739], [0.11575637140214598, 0.12251989849852019, 0.10369286712219708, 0.10562712834821114, 0.10455818325303905, 0.11161462250244479, 0.12394586076370413, 0.09687977643361716, 0.11540529167612051], [0.11592451000464586, 0.12248704938731152, 0.10376511102216185, 0.1055244083610527, 0.1043517450122844, 0.1121820388651679, 0.12399376017525404, 0.09698890278525361, 0.11478247438686809], [0.11555170793344488, 0.12209715128229366, 0.10359266763257856, 0.1057102512112908, 0.10478083663719476, 0.11114961011386991, 0.1243109191458567, 0.09679193492625898, 0.11601492111721182], [0.11653717264721858, 0.12246137877193403, 0.10359363741993645, 0.10519754925347237, 0.10391787335575199, 0.11273027047332111, 0.12473448858342043, 0.09680257892029981, 0.11402505057464543], [0.11577945423170802, 0.12251176536369249, 0.10376295269902225, 0.10560867025148946, 0.10452323639757843, 0.11181954922025515, 0.123862127015234, 0.09702693732050151, 0.11510530750051869], [0.1153743726769194, 0.12172955028282324, 0.10357313679520197, 0.10578164542623818, 0.10498340735170707, 0.11093461575198742, 0.12443180548724225, 0.09687672863366516, 0.11631473759421518], [0.1155770261222641, 0.1221988780808334, 0.10366853462773262, 0.10572249359162784, 0.10481699703474141, 0.1112565632047493, 0.12397244280883042, 0.09697653218451609, 0.11581053234470466], [0.11567723635620414, 0.1224195335294812, 0.10368957681867451, 0.1056175397228426, 0.10461865359293407, 0.11157431093358663, 0.12406672783726735, 0.09698773339808565, 0.11534868781092382], [0.11638423372575347, 0.12227308900345149, 0.10359743706750452, 0.1052301961556816, 0.10402313747295419, 0.1125802967212844, 0.12490483366132774, 0.09688661685458773, 0.11412015933745485], [0.11571717687274559, 0.12244034477855588, 0.1037456542566892, 0.10560815818082225, 0.1045774289169624, 0.11174028711874157, 0.12396047181155757, 0.09707231602351463, 0.11513816204041115], [0.1153427035573462, 0.121712251143063, 0.10359050630109946, 0.10579117136557026, 0.10503782272246305, 0.1109234289300795, 0.12435225042099605, 0.09696995785531308, 0.11627990770406929], [0.11556871563261982, 0.12226125317347124, 0.10366205271709872, 0.10565415960641762, 0.10475431213181026, 0.1113712635886491, 0.12413947894695321, 0.09703917459536122, 0.11554958960761892], [0.11629867870236846, 0.12219510259613243, 0.1035913251648678, 0.10523618849904313, 0.10408421344206434, 0.11250027260540985, 0.125, 0.09695142358122535, 0.11414279540888864], [0.11622889726324126, 0.12212622704845066, 0.10361645638386242, 0.10526997723257275, 0.10417512788558177, 0.11244209843759224, 0.12490583941683989, 0.09705890318732956, 0.11417647314452944], [0.11554092193733888, 0.12222883809739298, 0.10370253525839525, 0.10560812584281255, 0.10473239005486058, 0.11152951035559454, 0.12422916038647226, 0.0972119704815581, 0.1152165475855749], [0.11543073569012977, 0.12207402416591207, 0.10364829582690605, 0.10566873798133809, 0.10489483134836707, 0.11122218820883151, 0.12427535814551396, 0.09718298538002357, 0.11560284325297804], [0.11513378303901868, 0.12136178587521683, 0.10364808691454307, 0.10590341630668348, 0.10536140284145189, 0.11073941719341188, 0.12409469297256086, 0.09729473946107658, 0.11646267539603673], [0.11606486817042443, 0.12197358892075276, 0.10368611620156504, 0.1053749026773701, 0.10435538743510159, 0.11229794967664086, 0.1246802729739901, 0.09721327845305483, 0.11435363549110032], [0.11547219702164811, 0.12215006315794483, 0.10367608217921957, 0.10560977196101028, 0.10479347565410807, 0.11142378432865742, 0.12434716800340828, 0.09724166356856034, 0.11528579412544313], [0.11520597711094223, 0.12157115238242303, 0.10365480087545918, 0.10584568719929717, 0.10526584465320894, 0.11085048792990278, 0.12407376274345835, 0.09730867297249855, 0.11622361413280975], [0.11491648528099356, 0.12134626503155208, 0.1036218064387762, 0.1059859050283433, 0.10558024799275963, 0.11048387289271845, 0.12388379497397455, 0.09736149480956895, 0.11682012755131319], [0.11541983542894613, 0.12208698647292719, 0.10365026060061101, 0.10562060024415823, 0.10485018934228404, 0.11131279022699485, 0.12442042053012237, 0.09724251481214226, 0.11539640234181392], [0.11573966142803684, 0.12203760766746442, 0.10377121923873535, 0.10553238109143676, 0.10462786694649687, 0.11201862758653326, 0.12418642358862789, 0.09740275530191472, 0.11468345715075408], [0.11487545730396428, 0.12121968488246583, 0.10361422935459307, 0.10595481382943892, 0.10561095934417554, 0.11047221216553253, 0.12409496272577579, 0.09746408976345414, 0.11669359063059989], [0.11497599127652562, 0.12117563133151406, 0.10363453068074267, 0.10591321827273864, 0.10551587207541237, 0.11060258996116842, 0.12422922421046236, 0.0974683158000664, 0.11648462639136944], [0.11618153935298405, 0.12224668601012224, 0.10355441632699919, 0.10518265232660677, 0.10422416607827191, 0.11242999665272072, 0.12499999999999997, 0.09722391680302692, 0.11395662644926804], [0.1159818086357995, 0.12185674775029137, 0.1037100530497517, 0.10539693269316884, 0.10449891965570955, 0.11223337539144672, 0.12458298637637279, 0.097424891315927, 0.11431428513153252], [0.11506847601506277, 0.12143682605759876, 0.10364793573104165, 0.10583682470355668, 0.10539573061999537, 0.11075242834204575, 0.12420587696144636, 0.09750394714591656, 0.1161519544233361], [0.11526790506604691, 0.12188885935082956, 0.10364187746067019, 0.10561081995148763, 0.1049799865363689, 0.11121160450688491, 0.12463531662728397, 0.09743795522072418, 0.11532567527970375], [0.11579967909196101, 0.12187091721237166, 0.10374447125196866, 0.10546934390322277, 0.10465147809503929, 0.11207358423669826, 0.12437874901672147, 0.09754135237456782, 0.11447042481744904], [0.1151973761598381, 0.12179118968245169, 0.10362019891242019, 0.1056421828203793, 0.10507917608280869, 0.11105825039355516, 0.12465594577615177, 0.09745783566740786, 0.11549784450498705], [0.11493640980008948, 0.12121909904655953, 0.1036189256785853, 0.1058594907606447, 0.10552034324456673, 0.11060410017824994, 0.12438057704586274, 0.09756708595651871, 0.11629396828892277], [0.11513962712897763, 0.12172294571029248, 0.10361267911439268, 0.1056263415752573, 0.10511391058039579, 0.11103384681029588, 0.12478400051814034, 0.09753090175757885, 0.11543574680466906], [0.11520349957484094, 0.12178723112491624, 0.10366973641043024, 0.10561654824697528, 0.10505274184486196, 0.11121477082866958, 0.1246357206517408, 0.09759067035634832, 0.11522908096121666], [0.11475412626659721, 0.12097315733418998, 0.10359670377686397, 0.10590265795890962, 0.10571014526576308, 0.11041026298012632, 0.12448810482113078, 0.09768851105786001, 0.116476330538559], [0.11528816839697632, 0.12181888662860366, 0.1037804168608544, 0.10564580614670961, 0.1050203576424693, 0.11150005782406358, 0.12422263660655224, 0.09771364120311657, 0.11501002869065434], [0.11467575474264967, 0.12093954791198798, 0.1035930540962712, 0.10593598430499258, 0.10580082843868317, 0.11032122978748636, 0.12440531869417636, 0.09773147113672553, 0.11659681088702728], [0.11576414386892095, 0.1220772842318742, 0.10366935463061892, 0.10538218480094826, 0.10464026018262365, 0.11203199482296398, 0.12453002731607245, 0.09758326649912717, 0.11432148364685038], [0.11500768068192095, 0.12145888495434624, 0.10367153484133554, 0.10578600324096055, 0.10543599799574548, 0.11078399463034368, 0.12429283489724607, 0.09773266874112228, 0.11583040001697911], [0.11497677462539597, 0.12138488919991856, 0.10368327409087127, 0.10582591230016816, 0.10550873157699302, 0.11073808372446038, 0.12417526430481081, 0.09776577450917975, 0.11594129566820206], [0.11498963796994804, 0.12141580684217458, 0.10368309269526728, 0.10581226269667643, 0.1054841409655315, 0.11075990651211019, 0.1242012717960613, 0.09776303346301912, 0.11589084705921154], [0.11516131668675222, 0.1219381499896777, 0.10373751477104848, 0.1056209862678565, 0.10509957475697938, 0.11136157111713112, 0.12427869516595226, 0.0977983025308756, 0.11500388871372674], [0.11499564263697619, 0.12172548726151042, 0.10356979946673464, 0.10558596459724526, 0.10519068954849638, 0.11092397614220452, 0.125, 0.09764929714384506, 0.11535914320298753], [0.11501571279058742, 0.12182938293519327, 0.10360307057109672, 0.10558796609053617, 0.10518075372117633, 0.1110024399975813, 0.12481494026098515, 0.0977029445586327, 0.11526278907421096], [0.11579135694855919, 0.12229350778666558, 0.10353055352657126, 0.10520653824952321, 0.10452597890825124, 0.11207406321651352, 0.125, 0.09756148005727215, 0.11401652130664387], [0.11476561816001733, 0.12180860547765121, 0.10358134299684232, 0.10567529227919457, 0.1055203152388567, 0.11062170730685725, 0.12451241906556837, 0.09793090341614533, 0.11558379605886694], [0.11439890066173354, 0.12152032601177588, 0.10339875342069167, 0.10571156826281962, 0.10580349433583276, 0.11010013509333202, 0.125, 0.09785443022874457, 0.11621239198506991], [0.11483280381304332, 0.12210767355573647, 0.10357016509888539, 0.10556822037056762, 0.10532069921503648, 0.11084581625037142, 0.12465154607361675, 0.09788487785423515, 0.11521819776850739], [0.1147461266123304, 0.12196122398049972, 0.10355435906030433, 0.10562257558115627, 0.10546947052028244, 0.1106518492402928, 0.12461120001589143, 0.09792957994534883, 0.11545361504389379], [0.11557626999579439, 0.12252883649544556, 0.10352662081343822, 0.10523307797351182, 0.10469418227086996, 0.11187354634298285, 0.12475357988362111, 0.09773518593160632, 0.11407870029272976], [0.11451762168017163, 0.12175090123740413, 0.10350714827380295, 0.10572371549957084, 0.10577449936781744, 0.11029776128858974, 0.12448094315355177, 0.0980163847796154, 0.1159310247194761], [0.11446246965306964, 0.12180100134377722, 0.10348494455626214, 0.10571300523085476, 0.10580700852155013, 0.11024222276185283, 0.12450889928262049, 0.09804112951105418, 0.11593931913895862], [0.11456516681318912, 0.12192513871911517, 0.10357719093150278, 0.10571672842069159, 0.1057586349606666, 0.11041996363264855, 0.12419539796405937, 0.09816377448072926, 0.11567800407739753], [0.11473784872973916, 0.12244437685732408, 0.10359957983345462, 0.10555644732988477, 0.1053921283767419, 0.11086125791307493, 0.12428951187043107, 0.0980864710438209, 0.11503237804552857], [0.1147000663191862, 0.1224079843327109, 0.10357129475055257, 0.10555595530667093, 0.10542623733742797, 0.11077830936441528, 0.12437729502670285, 0.09807405674333977, 0.11510880081899354], [0.11430715516921393, 0.12201488223721396, 0.10344568282155452, 0.10568922101112078, 0.10591902571379631, 0.11010661741706333, 0.12443663246714093, 0.09817502150314569, 0.11590576165975056], [0.11486281797273673, 0.12267892280331207, 0.1035710959148828, 0.10542755954089336, 0.10520351171197279, 0.11119877024896593, 0.12436535360952286, 0.09808079440795892, 0.11461117378975458], [0.11453578155278434, 0.12248042765223886, 0.10350603849528453, 0.10554149942263198, 0.10555365112976914, 0.11055831423752571, 0.12447362595141905, 0.09815153524299595, 0.11519912631535045], [0.114439701188039, 0.12215618320084266, 0.10354048836093323, 0.10567702801337898, 0.10582321165725224, 0.11032355468009199, 0.12417838059889266, 0.09827610607822164, 0.11558534622234756], [0.11413826488077113, 0.12223129993157518, 0.10340009682435387, 0.10566384196929846, 0.10603922596281051, 0.10995525184541115, 0.1243811949339838, 0.098310856192897, 0.1158799674588989], [0.11465427503750951, 0.12282523954034585, 0.10354924613039959, 0.10543623192494862, 0.10534252702852599, 0.1110071840100951, 0.1243104848502123, 0.09821494827872572, 0.11465986319923731], [0.11464695496444062, 0.1230241728650763, 0.10346857811792508, 0.10533988792779037, 0.10529294467311598, 0.11099040096328495, 0.1245240246245391, 0.09821234433253469, 0.11450069153129293], [0.11487464839566033, 0.12313912207922881, 0.10336166093398362, 0.10517193689553629, 0.10504066006229332, 0.11118532712837265, 0.12499999999999997, 0.09803890225160798, 0.11418774225331679], [0.11372025247170206, 0.12232311842273429, 0.10319168029288531, 0.10558160007865589, 0.10625505726990518, 0.1094911185310573, 0.125, 0.09836614370885283, 0.11607102922420715], [0.1145395239234645, 0.12306681576884386, 0.10347727115967974, 0.10536621282877293, 0.1053843446268063, 0.11089511489955625, 0.12442060786277986, 0.09829862100146977, 0.11455148792862678], [0.11410606391985913, 0.12263387240005148, 0.10339602295795694, 0.1055421796302127, 0.10594037596470327, 0.1100389364958861, 0.12449539292208188, 0.09846775563809503, 0.11537940007115348], [0.11454324937433033, 0.12321600956666577, 0.10342558617110101, 0.10530156720028762, 0.10534678204526811, 0.11089314339432066, 0.12453904910308183, 0.09829672152918716, 0.11443789161575749], [0.11379579658583398, 0.12265494526921318, 0.10327832684258097, 0.10557942800625779, 0.10623613043858973, 0.10964407877016369, 0.1244846821034433, 0.09853661337644541, 0.11578999860747195], [0.1141011917043765, 0.12297521809623663, 0.10330168238900134, 0.10537997267832294, 0.10571246326338248, 0.11014022807720797, 0.125, 0.09834156214313206, 0.11504768164834006], [0.11423317191394936, 0.12317116546658537, 0.10341875815748278, 0.10540408110822672, 0.10562262359284293, 0.11043991426492863, 0.12448248318091967, 0.09841572545677664, 0.11481207685828794], [0.114475589059836, 0.12335149016338477, 0.10340263307655377, 0.10528067853719121, 0.1053891344767965, 0.11083142445474348, 0.12451030238892169, 0.09836368248604745, 0.11439506535652517], [0.1144988446531195, 0.1234164537214876, 0.10338171038104169, 0.10524933666567089, 0.10535912163670501, 0.11085139383963097, 0.12455658540554472, 0.09835511906761381, 0.11433143462918584], [0.1142223548733254, 0.12339523299721036, 0.10345647435975897, 0.10538674297796138, 0.10562271754826, 0.11060862512218242, 0.12415521901893992, 0.09855187483942153, 0.11460075826294007], [0.11448665937914458, 0.1235298693268588, 0.10336269646419376, 0.10522257711354142, 0.10536352357535093, 0.11084146382424626, 0.12453688027731569, 0.09839072568963905, 0.11426560434970949], [0.11402635590998599, 0.12340151319318296, 0.10335153208578916, 0.10536998975836323, 0.10576180548668797, 0.11020188751627988, 0.12452204378301483, 0.09855792648501882, 0.11480694578167695], [0.11440801247105808, 0.12362778492438019, 0.10336052610932116, 0.10522803807275842, 0.10543027046493711, 0.11077255652886221, 0.12443609991925174, 0.0984716280437065, 0.11426508346572457], [0.11377872203420544, 0.12301382864659088, 0.10333529771244526, 0.10554029770204376, 0.10623469307298795, 0.10973165849487343, 0.12417925683807925, 0.098764886509663, 0.11542135898911103], [0.11397818982849059, 0.123438128665077, 0.10333559020937061, 0.1053652797067134, 0.1057995618357922, 0.11014431982210063, 0.12453034245763249, 0.09858953176664302, 0.11481905570818005], [0.11362855037841868, 0.12306899533325703, 0.10328008363835016, 0.10555474073929985, 0.10637762009650342, 0.10954594117035647, 0.12413862471604616, 0.09880926936269853, 0.11559617456506971], [0.11380208999383598, 0.12310391211526599, 0.10331747480866217, 0.10546649714271296, 0.10611353061959802, 0.10980142432376058, 0.12445744390303931, 0.09874076219468868, 0.11519686489843652], [0.11360671633365708, 0.1231764233059855, 0.10329662202009884, 0.10555372638839929, 0.10640393937005838, 0.10954958704892158, 0.12400176230030872, 0.09888826024578207, 0.11552296298678857], [0.11391890873517971, 0.123722205299682, 0.10337251781940537, 0.10535662277576913, 0.1058295768569392, 0.11024574201018754, 0.12417243511880087, 0.09874605598120773, 0.11463593540282847], [0.11375552883569379, 0.12338727870676924, 0.10329151853977103, 0.10540605565777775, 0.10606841379523564, 0.1098247248268207, 0.1244696112591492, 0.09877552283687292, 0.11502134554190976], [0.11361043022365172, 0.1232588864141078, 0.10330484016261376, 0.10552701695286733, 0.10637105978887428, 0.109585832320034, 0.12402445682419262, 0.09892956849093368, 0.11538790882272482], [0.11380657419129298, 0.12377656752195702, 0.10333020808679237, 0.1053535678334225, 0.1059337839782378, 0.11003622645411058, 0.12424257131356668, 0.09880987161467118, 0.11471062900594887], [0.11383440601873818, 0.1238368793706704, 0.10335492719735008, 0.10534973503188444, 0.10589636685469088, 0.1101536031032158, 0.12412300126837322, 0.09882353956434106, 0.11462754159073596], [0.11377765821280382, 0.12383109220538649, 0.10332880981005882, 0.10535161422273703, 0.10595631342078503, 0.11001947785913985, 0.12419529866635744, 0.09884578380625257, 0.11469395179647893], [0.11346684978363732, 0.12345059934785278, 0.10328518942475075, 0.10553223998512722, 0.10650940091333745, 0.10945352151686417, 0.12382604927682295, 0.09907309279731738, 0.11540305695428998], [0.11387480939384666, 0.12396007035153422, 0.10339326823946025, 0.10534522489126077, 0.10588152569017423, 0.11029766762667463, 0.12385926110604333, 0.098906436539443, 0.11448173616156293], [0.1136005428385151, 0.1237558656796232, 0.10328939847973566, 0.10538533308817148, 0.10617727750956311, 0.10974405868970445, 0.1241872009880997, 0.09898934551442257, 0.11487097721216473], [0.1131962579702132, 0.12360211917692425, 0.10447071895502756, 0.10983428515683286, 0.10987813851012264, 0.10673762284675789, 0.11132950438454825, 0.09881614276681448, 0.12213521023275875], [0.11313333168217471, 0.12369225193577227, 0.10445936424514767, 0.10987578618493456, 0.10996209896676928, 0.10667022006381095, 0.11124590500483164, 0.09889256486644868, 0.1220684770501103], [0.11344641493567302, 0.12293576486283113, 0.10439464803319648, 0.10938463514569419, 0.10943315427653112, 0.10713019527989318, 0.11231484166775885, 0.09850951493295979, 0.12245083086546242], [0.11367126259278935, 0.12238786893932499, 0.10436998945508807, 0.10906146335496963, 0.10904216844422458, 0.10748223340495514, 0.11302793692458302, 0.09822005213273921, 0.12273702475132602], [0.11267165734167295, 0.12418872082808813, 0.10430125207274236, 0.11002114233059815, 0.11051697987896449, 0.10622801976770162, 0.11093982976010844, 0.09943869850328846, 0.12169369951683547], [0.11209655525808074, 0.125, 0.1041093766551663, 0.11034119978446659, 0.11105930324876846, 0.10552521060355632, 0.10986073169800754, 0.09978486425443818, 0.12222275849751586], [0.11301674293085222, 0.12336673200994502, 0.1042796091562452, 0.10955727331188272, 0.11000660105206128, 0.10672166349259737, 0.11205380923581985, 0.09909955700265873, 0.12189801180793762], [0.11294887330694185, 0.12339570767162918, 0.10425528953813006, 0.10956523664576691, 0.1100930192395341, 0.1066685076846736, 0.11206101456577734, 0.09919971674076547, 0.12181263460678152], [0.1133856713687025, 0.12239426453536478, 0.10419256425046791, 0.10888999140584193, 0.10927689399153472, 0.10737075750869726, 0.1135792229395599, 0.098605798385634, 0.12230483561419668], [0.11279844189273668, 0.12349076320633934, 0.10421452210103142, 0.10961346182534612, 0.11029878032433034, 0.10653838168593308, 0.11200427216916763, 0.09942428089475555, 0.12161709590036003], [0.11322373717841627, 0.12261257666417119, 0.10413308251483273, 0.108927693852925, 0.10946581173371604, 0.1072153471422845, 0.11350598718063604, 0.09880257446286515, 0.12211318927015302], [0.11308614537452649, 0.12278516618850202, 0.1041489872055698, 0.1091178036893011, 0.10973557592106774, 0.10701358928810538, 0.11311328777835662, 0.09902537787328777, 0.12197