[[0.1187147000338519, 0.10692488395863861, 0.10712433227798429, 0.11575170160301088, 0.10404576454815906, 0.1230383908598398, 0.10330701366967088, 0.12472906271490206, 0.09636415033394251], [0.11926975270459382, 0.10672332342630755, 0.10707936621216288, 0.1163864784179048, 0.10357411958493003, 0.12358824725691903, 0.10297033759445712, 0.12488169591972181, 0.09552667888300277], [0.11858665854390237, 0.10689680306147582, 0.10713469964219427, 0.11574695000814199, 0.10402860869887216, 0.122879647135352, 0.10341238528235798, 0.1248492923585245, 0.09646495526917889], [0.11869530050516472, 0.10686160015008062, 0.10712680017737623, 0.11587199449783184, 0.10394071806493471, 0.1230414622255593, 0.10334363940866624, 0.12481974727439102, 0.0962987376959955], [0.11923499910871466, 0.10668995244734227, 0.10708320170101933, 0.11643674516176385, 0.10352649619656677, 0.12349307482416316, 0.10301118004973393, 0.125, 0.09552435051069601], [0.11907681800618161, 0.10674956086105919, 0.10713292519071181, 0.11633242214307447, 0.10364960246296163, 0.1233703173234218, 0.10317820976564611, 0.12471354674927382, 0.09579659749766974], [0.11857358143567293, 0.10684488677438904, 0.10712182838457204, 0.11581268280234393, 0.10394869155050511, 0.12288388291240275, 0.10341475157300223, 0.125, 0.096399694567112], [0.11855666685620812, 0.10683651210854596, 0.10716294948042841, 0.11590286192335063, 0.10392369187753232, 0.12283714926001063, 0.10350907482350817, 0.12482627440393913, 0.09644481926647662], [0.11819264713511946, 0.107018785850848, 0.10729920411215046, 0.11561528683568212, 0.1042713698871283, 0.12229920183900486, 0.10389750534013432, 0.1242712030308518, 0.09713479596908067], [0.11871932443563624, 0.1068213870451283, 0.10724747620022099, 0.1162176609662079, 0.10381859560002343, 0.12293132588126916, 0.10358134415720793, 0.1243285900713873, 0.09633429564291875], [0.11908880770554779, 0.10672212053919222, 0.10724881133097579, 0.11669867328881775, 0.10351040685844827, 0.12305446061579815, 0.10338974267664838, 0.12449430055758033, 0.09579267642699134], [0.11815777387882027, 0.10699332154253577, 0.10731188423404064, 0.11566958887418617, 0.1042314738688194, 0.12226753545848058, 0.10395116072957955, 0.12427200772528231, 0.09714525368825536], [0.11892318814502646, 0.10674132501943136, 0.10725429422720179, 0.11655447756019632, 0.10359421782902141, 0.12297591125774184, 0.10350102263130986, 0.12445193520825373, 0.09600362812181724], [0.11872304423455518, 0.10678687578257015, 0.10729161711104698, 0.11640974153099264, 0.10371562761482718, 0.12281384357067882, 0.10367893475091693, 0.12427917016664765, 0.09630114523776447], [0.11915090601784392, 0.10664793749350929, 0.10728312732233858, 0.11702021035842697, 0.10330836166916607, 0.12327618895284688, 0.10341755966063898, 0.12430402028033832, 0.09559168824489098], [0.11846009615586571, 0.10683226781612559, 0.10728323700656303, 0.1161081923110776, 0.10388716483867776, 0.12260941319447204, 0.10380301836428983, 0.12438057113316958, 0.09663603917975885], [0.11904854540732848, 0.10666739830731971, 0.1072912770540164, 0.11692098404963823, 0.10337395499746715, 0.12309236817494343, 0.10349890566751661, 0.12436224085593373, 0.09574432548583625], [0.11890047961886244, 0.10674390438470471, 0.10733258059726869, 0.11674214165368574, 0.10354361736068497, 0.12277551670097651, 0.10365155877818898, 0.12425738245451329, 0.09605281845111469], [0.11795490306355276, 0.10704086023729431, 0.10740659299782404, 0.11564664508252043, 0.10432594290190918, 0.12197425697224118, 0.10422618454090228, 0.12394500101515146, 0.09747961318860437], [0.11878992242548332, 0.1067638553726266, 0.10734361656681794, 0.11664620499440279, 0.10360858617911453, 0.1227181805011808, 0.10373781085607203, 0.12418211668499472, 0.09620970641930722], [0.11841638860997893, 0.1067836677142753, 0.10728726711919638, 0.11619445253860014, 0.10380016767645416, 0.12250757410783765, 0.1038625930449818, 0.12453304440742927, 0.09661484478124653], [0.118718469550422, 0.10675511130164574, 0.10733497335893244, 0.11659341967318644, 0.10361864896140552, 0.12266518789638987, 0.1037718794173772, 0.1242727066689627, 0.0962696031716781], [0.11788673574493423, 0.10707035573644867, 0.10743733300543754, 0.11561186586318849, 0.10438044346201349, 0.12187374937684721, 0.10430917653653493, 0.12382449024135252, 0.09760585003324275], [0.11855078059755036, 0.106735807489164, 0.10730148868099147, 0.11643216588859809, 0.10365467955632486, 0.12255477532635893, 0.1038263153239538, 0.12453728125812111, 0.09640670587893718], [0.11837771888509495, 0.1067574283440118, 0.1072878167455805, 0.1162270098027948, 0.10375835125967196, 0.12243585396850705, 0.10390002844709807, 0.12463895736321554, 0.09661683518402514], [0.11810462523660316, 0.10689796493873804, 0.1073721217412642, 0.11594072238136029, 0.1040512763765702, 0.1221459098614717, 0.10415572464316618, 0.12419003715328839, 0.09714161766753789], [0.11793442484635343, 0.10699957825954742, 0.10743001672549458, 0.11574993256873427, 0.10425528508625832, 0.12193132903445149, 0.10430960651298427, 0.12390802531021898, 0.09748180165595739], [0.11874308579608929, 0.10663756493116033, 0.10730950058804659, 0.11682501482525987, 0.10338902081045574, 0.12278738583437272, 0.10374145062245904, 0.12453847061180777, 0.09602850598034861], [0.11849545978516908, 0.10671531570103768, 0.10731797160671565, 0.11648315881909022, 0.10361614015100627, 0.12243991383652117, 0.10389888566435111, 0.1245955534400163, 0.09643760099609254], [0.11802272292599479, 0.10692454887947148, 0.10740084624014981, 0.11589699196979895, 0.10410542508940858, 0.12203534606292549, 0.10424634093360866, 0.12408960916820579, 0.09727816873043643], [0.1181819589139754, 0.10680466033219634, 0.10733035719242634, 0.11609242572395764, 0.10387597584023255, 0.12221309173990809, 0.10407850746742771, 0.12451288813138159, 0.09691013465849437], [0.11830997513235589, 0.10672152467987463, 0.10729028880819814, 0.1162657273426637, 0.10370374568604222, 0.12231812757398186, 0.10396300349442875, 0.12479301097964797, 0.09663459630280681], [0.11840173874266065, 0.10670163850069564, 0.10730569356626946, 0.1164157273120409, 0.10362519733997011, 0.12235514902162276, 0.10394164136912695, 0.12474171116368497, 0.09651150298392838], [0.11773646665709585, 0.10709211376011335, 0.10751297329444524, 0.1156218585343586, 0.10442756642017915, 0.12164748431197255, 0.1045347335230363, 0.12357588792965031, 0.09785091556914864], [0.11799792261953772, 0.10688597097978834, 0.10739937575381484, 0.11595737138511428, 0.10403750608262596, 0.12198521983108564, 0.10428101736473636, 0.12420430291455492, 0.09725131306874195], [0.11773270338880064, 0.107078663032993, 0.10751871293606384, 0.11565626838915771, 0.10440157427550666, 0.12163866126938107, 0.104557748724967, 0.1235704654133364, 0.09784520256979355], [0.11841719816644565, 0.10669249844227846, 0.10736511153031458, 0.11660443467928779, 0.10355437307652589, 0.12230545554049282, 0.1040396290767137, 0.12452682675551215, 0.09649447273242896], [0.1182252665850922, 0.10667325425535176, 0.10729393746523283, 0.11632342046604169, 0.10362769817064403, 0.12216377413270796, 0.10404305165331969, 0.125, 0.09664959727160982], [0.11800618258495382, 0.10684341084054505, 0.10738868526844482, 0.11602803810346504, 0.10395887576095336, 0.12197669485014363, 0.10427863654123062, 0.12434163750036044, 0.09717783854990322], [0.11863885148306534, 0.10646580179166582, 0.10725556706178631, 0.1170287028442202, 0.10310397199919645, 0.12295543224699125, 0.10374705111921693, 0.12499999999999997, 0.09580462145385757], [0.11829083721712147, 0.10668404818166526, 0.1073410945894587, 0.11646836652767686, 0.10359342606311654, 0.12216069486309551, 0.10408240893268589, 0.12476773566928184, 0.09661138795589791], [0.11848737878184379, 0.10659684227637456, 0.10734564767055885, 0.11683574686182711, 0.10335026316778713, 0.12260114464437204, 0.10398051232135298, 0.12456538629924271, 0.09623707797664083], [0.11836811022271575, 0.10667836078408435, 0.10738033142261409, 0.11664250595204682, 0.10352714617000114, 0.12230319746776831, 0.10410176180231892, 0.12447318926859564, 0.09652539690985498], [0.11782297333053576, 0.10692114877740273, 0.10746457050537073, 0.11591612698684199, 0.10410773149768723, 0.12173546419806867, 0.10449547977678666, 0.12401950538251709, 0.09751699954478897], [0.11809303748165507, 0.10667170434597623, 0.10738355772028406, 0.11646191026923289, 0.10359148704663494, 0.12207086947751247, 0.10428930190486534, 0.12462398682865021, 0.09681414492518876], [0.1175015598131073, 0.1070681778524102, 0.10757294573959211, 0.11563938682899769, 0.10440573265832782, 0.12154716352863318, 0.10481172035723321, 0.12334802846795795, 0.09810528475374052], [0.11844112727534402, 0.10640355270275767, 0.10732021481437426, 0.11719390379003251, 0.10298495315196461, 0.12285112443506882, 0.1040083419164198, 0.12486767794576979, 0.09592910396826827], [0.11847394095799903, 0.10639982325661816, 0.1073316786893097, 0.11725650422341444, 0.10295867568328175, 0.12291047898151367, 0.10400620298629787, 0.12477364414825413, 0.09588905107331105], [0.1175680012793253, 0.10700583059480881, 0.10754928692086536, 0.11575847382002898, 0.10428278466496231, 0.12155284098059153, 0.10476575877185235, 0.12357420547533941, 0.09794281749222593], [0.11832884636125264, 0.10648111375768228, 0.10734855219171854, 0.11700788435085904, 0.10315253058712796, 0.12262061836415374, 0.10411055556147879, 0.12476071719776909, 0.09618918162795792], [0.11816852429215992, 0.1066470604596806, 0.10742933942720993, 0.11669911849260978, 0.10348033169875381, 0.12226557391084385, 0.10432404003793903, 0.12429312945705083, 0.09669288222375207], [0.11836238952979464, 0.10639875790098544, 0.1073125737470871, 0.1171257845719611, 0.10300458138502579, 0.12273897341375557, 0.10405073429618662, 0.12500000000000003, 0.0960062051552039], [0.11779704946022952, 0.10678189025464686, 0.10743067886396654, 0.11611384240405756, 0.10386292877442242, 0.12190772496486982, 0.10451854760229033, 0.12426204280622448, 0.09732529486929248], [0.11759207971854173, 0.10696143862781296, 0.10753366300726155, 0.11583067652645372, 0.10420023050322583, 0.12158688048402438, 0.1047474242858725, 0.12369808161003912, 0.09784952523676801], [0.11801829929175475, 0.10661568155974684, 0.10741294310580117, 0.11661514901753711, 0.10347318730451523, 0.1223786751441817, 0.10440414986164419, 0.12428260099272072, 0.09679931372209828], [0.11804483424616946, 0.10660783993807517, 0.10742921101946747, 0.1166984008500555, 0.10343513969843389, 0.12244165950363886, 0.10441481981659094, 0.12417240247780757, 0.09675569244976116], [0.11813305000708678, 0.1064839507512715, 0.10738795413805347, 0.11695084719981988, 0.10318603950843717, 0.12255471356656392, 0.10431319111167016, 0.1245671983900112, 0.09642305532708592], [0.11789871635634794, 0.10661369416974578, 0.10740047740502838, 0.11649481991464904, 0.10351460416469808, 0.12238689484555325, 0.10446263241578689, 0.12430196179534214, 0.09692619893284853], [0.1181978566952811, 0.10642610336188137, 0.10737106669139171, 0.11708581080773278, 0.10306363737641566, 0.12260637626880296, 0.10425844848334737, 0.12473910625874263, 0.09625159405640464], [0.11782023665566956, 0.10663168622034706, 0.10739871149956523, 0.11638820780001076, 0.10357603378235875, 0.12233803001786682, 0.10450526937468667, 0.12429803763511918, 0.09704378701437598], [0.1175290921455277, 0.10685820370380915, 0.10750031800830004, 0.11592200576442684, 0.1040375645224663, 0.12185373885037627, 0.10477741419090818, 0.1237700866708063, 0.09775157614337916], [0.11810448363199975, 0.10645951126345075, 0.10738371393468538, 0.1169718856004257, 0.103148661576942, 0.12262042788358035, 0.10433359836181647, 0.12456401045450445, 0.09641370729259513], [0.11774670844895953, 0.10665872138299884, 0.10740674922303343, 0.11629098708414888, 0.10364619239009086, 0.1222808150286349, 0.10455743558593293, 0.12424048058271521, 0.0971719102734853], [0.11770347713526483, 0.1066715161966553, 0.10741414490814087, 0.11624805786785308, 0.10367879086586695, 0.12226445326376002, 0.10459347811201003, 0.12418407688195526, 0.09724200476849364], [0.11765243558960646, 0.1067062573582559, 0.10742894787844008, 0.11616896083780633, 0.10375229263403962, 0.12218950161083164, 0.10463878358569627, 0.12410436631553126, 0.09735845418979229], [0.11753202198405623, 0.10679144583913931, 0.10747469803348077, 0.11600507070971516, 0.1039226150779636, 0.12202083002426156, 0.1047604561732514, 0.12385554184971569, 0.09763732030841626], [0.11784571305503007, 0.10655081926592805, 0.10739992926173288, 0.11660177383806501, 0.10339966432484901, 0.12260443700711422, 0.10451201848505104, 0.12421826689476782, 0.09686737786746191], [0.11772222825927878, 0.1066206965540174, 0.10740779986186505, 0.11636205118523953, 0.10357434578964232, 0.12242828066072742, 0.10458815742771202, 0.12416349575748738, 0.09713294450402994], [0.1174619366117241, 0.10682305600123944, 0.10749795285026732, 0.11594139670496331, 0.10398773930197878, 0.12197044732868224, 0.1048319240814773, 0.12371674091495447, 0.09776880620471304], [0.11787076946554546, 0.10649352660133275, 0.1073889021612083, 0.1167312964704946, 0.1032809853806231, 0.12272004015877586, 0.10448680153737944, 0.12430134140322233, 0.09672633682141811], [0.11772432307777643, 0.10659570087346737, 0.10740972497867386, 0.11642664056627652, 0.10352055159517146, 0.12252612494285471, 0.10459784136397254, 0.12411275008470392, 0.09708634251710317], [0.11761819733659723, 0.10662283383211567, 0.10741843915403483, 0.11630443479553111, 0.10360006261700556, 0.12246983254949693, 0.10467326095077313, 0.12404093902092364, 0.09725199974352186], [0.11752270332903658, 0.10665650368214533, 0.1074271757534981, 0.11617707559742012, 0.1036892447207279, 0.12236693448764199, 0.10473726225141555, 0.1240082660659433, 0.09741483411217118], [0.11755342876183722, 0.10649207323315163, 0.10736443836162209, 0.11641715978492276, 0.10339279763349855, 0.12274418256001829, 0.10466058070848051, 0.12429659403342666, 0.0970787449230423], [0.11728031312993423, 0.10670429249018176, 0.10745446263502377, 0.11595434058216449, 0.10383288075020267, 0.12221735052588224, 0.10491771305869389, 0.12387868110378232, 0.09775996572413462], [0.11724753265149361, 0.1066040048147609, 0.10740640865502121, 0.11603016303430064, 0.10367649500960313, 0.12242213047388217, 0.1048927247885917, 0.12410367080928546, 0.09761686976306119], [0.11768297066962277, 0.10615281125681891, 0.1072645615572385, 0.11702327059861024, 0.10274409092798474, 0.12329975034009664, 0.10450496662507568, 0.125, 0.09632757802455255], [0.11725082915810256, 0.10655080335162084, 0.10738026443502949, 0.11608567796241555, 0.10358787733259507, 0.12253524329442594, 0.10486421208960225, 0.12422820762449766, 0.09751688475171046], [0.11754387243699087, 0.10613725978593141, 0.1072693438895424, 0.11695631330275219, 0.10274968204418407, 0.1234769614214459, 0.10461409568372146, 0.12479485913059163, 0.09645761230484005], [0.11710521627205131, 0.10656705753252448, 0.10739734585886399, 0.11597847501233084, 0.1036484171329546, 0.12247901496301097, 0.10498017998899944, 0.12413865670936239, 0.09770563652990197], [0.11737155108546261, 0.10617216400733748, 0.10722394816025865, 0.11663038664207544, 0.1029060476997175, 0.12335615358990835, 0.1046405960813117, 0.125, 0.09669915273392829], [0.11724064071872226, 0.10631687845156554, 0.10728362949140997, 0.11636515058028225, 0.10318717061190105, 0.12308332652565535, 0.1047758313952947, 0.12465527613662579, 0.09709209608854324], [0.11732518395261478, 0.10617456279836227, 0.10723008021532039, 0.11660266136971155, 0.10291955456637879, 0.12338663081706974, 0.10468192508675565, 0.12492310504313107, 0.09675629615065574], [0.11703058013720014, 0.10651703810584671, 0.1073786010470768, 0.11598382371000725, 0.10358228131232548, 0.12257634625841196, 0.10501294281596986, 0.1242215384732387, 0.09769684813992309], [0.11699233551161556, 0.10625857096078144, 0.1072503140404953, 0.11621117256470459, 0.10316607063909448, 0.1231183411962931, 0.10489931747841973, 0.12484597337803438, 0.09725790423056144], [0.11699149326090144, 0.10619448546979227, 0.10721828545779596, 0.11626696298840195, 0.10306300736618944, 0.12324804279846109, 0.10486966589318882, 0.12499999999999997, 0.09714805676526887], [0.1168953147731517, 0.1063748958848057, 0.10732146105765969, 0.11605063270041958, 0.103374885638122, 0.12287533294815439, 0.1050484107242851, 0.12447550392549209, 0.09758356234790977], [0.10294101994379952, 0.11558351420073114, 0.12447257362908744, 0.11403108359983938, 0.11102454939924936, 0.10075426580108515, 0.11868717239579946, 0.09203494653739883, 0.12047087449300974], [0.10352235841689558, 0.11560829329849676, 0.125, 0.11490749667376124, 0.11053836505908829, 0.10146315900932044, 0.1180968030065084, 0.09237280491151217, 0.11849071962441711], [0.10319887442787028, 0.1155945814466881, 0.12499999999999999, 0.11434142233943517, 0.11074113632278745, 0.10108663537873142, 0.1184497572186075, 0.09215763059023978, 0.11942996227564019], [0.10288434686476952, 0.11550591288930366, 0.12455336383068416, 0.11407223007360891, 0.11096243862854374, 0.10073966256594043, 0.11876497087578605, 0.09201892090596572, 0.12049815336539793], [0.10286304897991458, 0.11545765189237628, 0.12459725130122647, 0.11411782138181134, 0.11090179744003768, 0.10075090146753549, 0.11881354698019124, 0.092023301687633, 0.12047467886927392], [0.10267953723336859, 0.11533671978950139, 0.12463897492990658, 0.11402741257294488, 0.11098784003455942, 0.10058568599736706, 0.11898950046316494, 0.09191336700696862, 0.12084096197221854], [0.10329087945728645, 0.11541349541449508, 0.12462780450432286, 0.11468089170565282, 0.11050049690326229, 0.10136161150445601, 0.11860771687502308, 0.09240504743118233, 0.11911205620431907], [0.10361973314148672, 0.11536146592415616, 0.12459697605950779, 0.1151235367703592, 0.1103093103937517, 0.10179496624821617, 0.11829546688462095, 0.0926967052590736, 0.11820183931882743], [0.10259052103364745, 0.11507220768818793, 0.125, 0.11432920369883562, 0.11058284210987697, 0.10069048855032398, 0.11920904602609855, 0.091956840572248, 0.12056885032078153], [0.10281000465093806, 0.11504622320001111, 0.12451300639270538, 0.114664502897863, 0.11037239783092057, 0.10103261597846085, 0.11925990143995784, 0.0922444240989799, 0.12005692351016344], [0.10272255789083425, 0.11492213940066316, 0.12454778323313985, 0.11473078374486805, 0.11027187194412193, 0.10101593116439349, 0.11941238275290764, 0.09224381982732766, 0.12013273004174399], [0.10200197931969869, 0.11543862851599512, 0.12410282289864716, 0.11391551936751859, 0.11095210465478239, 0.10015125968251003, 0.11981184640240412, 0.09168167360404912, 0.12194416555439479], [0.10317944017603535, 0.11491323954448715, 0.124105431732895, 0.1152644034296071, 0.11000857899656462, 0.1016433074398695, 0.11919322897726697, 0.09270906072843207, 0.11898330897484223], [0.10348436952795388, 0.11467578331719248, 0.125, 0.11570732113431062, 0.10961273183935745, 0.10215276839077642, 0.11883644523899196, 0.09294555839300118, 0.11758502215841603], [0.10323559755906676, 0.11478734801139086, 0.12404564712212926, 0.11548368551254727, 0.10983362764365055, 0.10181858049200199, 0.11923859868372841, 0.09285061209782754, 0.1187063028776574], [0.10244914492423435, 0.11467305514468616, 0.12449949667750172, 0.11468991959589134, 0.11028303418071043, 0.10083384338768624, 0.11976718990337049, 0.09216506306401413, 0.12063925312190517], [0.10191305992235164, 0.11516934914945647, 0.12433207127441484, 0.11412194891381498, 0.11068223456293552, 0.10021191953664398, 0.12006077668034516, 0.0917235565876053, 0.12178508337243199], [0.10246848019444495, 0.11463753684311366, 0.12446255371488153, 0.1147740854606217, 0.11020403788098233, 0.10089485351812275, 0.11979758047785047, 0.09221622043168436, 0.12054465147829817], [0.10312257294061503, 0.11463173660435093, 0.12386107616429312, 0.11559799659721605, 0.10972694223273743, 0.10180920027812712, 0.11950595064343661, 0.09288467545814257, 0.11885984908108113], [0.10323171216847137, 0.11457359044726845, 0.12426937147929029, 0.1157500243485351, 0.10958531986704106, 0.10197814937766028, 0.11930046808715941, 0.09295083438799336, 0.11836052983658055], [0.10172902981778972, 0.11502318802984084, 0.12459679798699393, 0.11418121892560269, 0.11051640097174224, 0.10014131810336195, 0.1203027337567989, 0.09167032620770187, 0.12183898620016774], [0.10211094663247818, 0.1146288877723612, 0.12414358704043704, 0.11470433502744527, 0.11021479383959991, 0.10066266631053096, 0.12032156252522098, 0.09211036735032964, 0.1211028535015968], [0.10288769992767759, 0.11441199957788992, 0.12373640618752034, 0.11566245207202237, 0.10960991142180114, 0.10168927085431871, 0.11992409331771725, 0.09284826062523749, 0.11922990601581518], [0.10280062122167448, 0.11440772353122075, 0.12373360390538407, 0.11556550804676334, 0.10966169236548547, 0.10157571675281288, 0.12000564996400358, 0.09277702833623606, 0.11947245587641926], [0.10228053014838935, 0.1144128853613, 0.12400814334704874, 0.11495860179321735, 0.1100470636804913, 0.10091254656707666, 0.12031042265445918, 0.092323340390425, 0.12074646605759241], [0.1031773710052531, 0.1143110804779827, 0.12422043796463772, 0.11605298673045883, 0.10933095613487055, 0.10212591773569674, 0.1195173743568978, 0.09308801682662449, 0.11817585876757795], [0.10155769336993568, 0.1149816342784751, 0.12468568536688154, 0.1141529357293101, 0.11047499168087584, 0.10004280235137203, 0.12048984088630467, 0.09161965735512412, 0.12199475898172105], [0.10251479197537006, 0.11430832014155237, 0.12398805158798032, 0.11532314536802953, 0.1097166139978759, 0.10125617761943402, 0.12023154071938044, 0.092563847266181, 0.12009751132419634], [0.1033083307326235, 0.11413559828538346, 0.12435868144158889, 0.11633390917548088, 0.10912446486740332, 0.10240736305389225, 0.1195377324153688, 0.0932573917109385, 0.11753652831732053], [0.10299078717104743, 0.11424174978011264, 0.12404693283199174, 0.11599905708497718, 0.10930905849438269, 0.1019569778175855, 0.11984338848500034, 0.09300548503055223, 0.1186065633043502], [0.10271900249253194, 0.11428306981983437, 0.12369296228978273, 0.11564167657245386, 0.10956657512269807, 0.10157073859556083, 0.12018614495321, 0.09279865747635006, 0.11954117267757818], [0.10156032224852284, 0.11478488675756782, 0.1248871679087546, 0.11432433319257101, 0.1102748239226602, 0.10012919694383834, 0.12060445511193901, 0.09166792211893127, 0.121766891795215], [0.10252783210827997, 0.11424263297060822, 0.12388292180549378, 0.11543760682276184, 0.10963402822474769, 0.10133337511526441, 0.1203123101924238, 0.09263610135650899, 0.1199931914039112], [0.10326316642451225, 0.11407174146023362, 0.1242670024255324, 0.11639736411852533, 0.10907086197271024, 0.10241067227241232, 0.11964449112049319, 0.0932810246887782, 0.11759367551680242], [0.10277688351251005, 0.11416601569852396, 0.12398062394542123, 0.11588607641141555, 0.10934428328338638, 0.10174320315320104, 0.12014427137977357, 0.09288060547321657, 0.11907803714255177], [0.10152985172508709, 0.1146669070622748, 0.125, 0.11441629151562265, 0.11015618025739526, 0.10016184508350456, 0.12070839571408208, 0.09169143260058947, 0.1216690960414441], [0.10153766572729858, 0.11456967527225646, 0.12488802713998577, 0.11452389754778484, 0.1100665309567045, 0.10023570466723533, 0.12082259096882482, 0.09177330983889835, 0.12158259788101144], [0.10255137381717977, 0.11404988214436759, 0.12361049215825648, 0.11574992466051694, 0.1094061494997517, 0.10153759530462868, 0.120541129706036, 0.0928317277659587, 0.11972172494330402], [0.10270880862192769, 0.11396552631314241, 0.12421003209883884, 0.11609330088175225, 0.10911258203879765, 0.10181640434704575, 0.12028964176326389, 0.09292374983785717, 0.11887995409737434], [0.10331819930171186, 0.11379813514136905, 0.12397213622839959, 0.11678215737554874, 0.10880887811037682, 0.10270281028147299, 0.11987868384449366, 0.09354411517022705, 0.11719488454640023], [0.10167685075488363, 0.11438117810271045, 0.12462002526546825, 0.11478106750742774, 0.1099044409543349, 0.1004652233289304, 0.12090767940012959, 0.09197729223871962, 0.12128624244739544], [0.10254541464183148, 0.11396645955772051, 0.12378031239227665, 0.11587641186995558, 0.10927825123974404, 0.10160011399533901, 0.12057424848131232, 0.0928548424728585, 0.11952394534896194], [0.10311787541138977, 0.1138111867383622, 0.12412414523259009, 0.11665110748784634, 0.10883542185995047, 0.10245545609270693, 0.11999679034569533, 0.09336508444106109, 0.11764293239039779], [0.10358366769478741, 0.11364253584781961, 0.12374277383205758, 0.11706789283594261, 0.10864990800889227, 0.10312676002240238, 0.1198494201786438, 0.09386965104255808, 0.11646739053689627], [0.10257463917183017, 0.11391407112677106, 0.12399347831832808, 0.1160023246581324, 0.10916150026535429, 0.10168313878078859, 0.1205307389100276, 0.09287972646920346, 0.11926038229956422], [0.10200111388003466, 0.11405991157679685, 0.1240388474665072, 0.11524890437063624, 0.10966391256062369, 0.10093252825017009, 0.12093560117165593, 0.09239684031122616, 0.12072234041234914], [0.10341438742848402, 0.11352495039202021, 0.12397424032565342, 0.11714100591536052, 0.1085343589236881, 0.10302466639171377, 0.1199715967383435, 0.09379109057548218, 0.11662370330925427], [0.10323170382160501, 0.11356771173341677, 0.12412093741556089, 0.1170079488919857, 0.10857988840625508, 0.10277853419707877, 0.12008108175903402, 0.09360037147602544, 0.11703182229903832], [0.10128622703588121, 0.11444768103568594, 0.125, 0.11452238948072907, 0.10995852167261519, 0.10013928620117205, 0.12117788692485998, 0.09176266967603171, 0.12170533797302487], [0.10158777318582278, 0.11422944361881872, 0.12450195459781131, 0.11490899080454306, 0.10975263557949685, 0.10051526322674312, 0.1211913217460346, 0.09206664886509204, 0.12124596837563748], [0.10294331559497048, 0.11356888345443468, 0.1243460501341634, 0.11683224402862433, 0.1086011419435345, 0.10243561930541853, 0.12027051065165689, 0.09335223021212509, 0.11765000467507199], [0.10243979234925228, 0.11367625747775666, 0.12400526239200459, 0.1161700917060014, 0.10895656419111045, 0.10170578849749061, 0.12084584054677101, 0.09293028627595949, 0.11927011656365351], [0.1017175559141676, 0.1140323214923395, 0.12425940832659291, 0.11517064600797239, 0.10959045355424815, 0.1007425802218821, 0.12126982858732951, 0.09226661793419262, 0.12095058796127535], [0.10248637196005665, 0.11359930203363923, 0.12434601104531313, 0.11635562576762562, 0.10878539470886381, 0.10183158097014121, 0.12074919231011232, 0.09296777046475221, 0.11887875073949582], [0.10301741367408632, 0.11344211835998136, 0.1242886020747255, 0.11704112047489025, 0.1084665260671254, 0.10262790786438329, 0.1203234279004767, 0.09349371176121804, 0.11729917182311296], [0.10242317560612081, 0.11350935110516183, 0.12427742066761514, 0.11640366666139794, 0.10872473690259392, 0.1018260212467669, 0.12090599496121902, 0.09298926698917509, 0.11894036585994949], [0.10234942967602421, 0.11355228033498739, 0.12384344994218863, 0.11621275244663791, 0.10889124358469239, 0.10169059260598673, 0.12108096817823404, 0.0929707744246487, 0.11940850880659998], [0.10307576640734979, 0.11323747678558643, 0.1244123313363539, 0.1173113224997792, 0.10825061143111916, 0.10285475694723678, 0.1203770823680012, 0.09364571718712474, 0.11683493503744892], [0.10227700183407198, 0.11359772029896295, 0.12333412392388575, 0.11597111752702044, 0.10915024859060271, 0.10154268733239517, 0.12121187754960579, 0.0929641587969821, 0.11995106414647311], [0.10316878275422021, 0.11317715822742669, 0.12431899884121266, 0.11743209384578224, 0.10819056034483915, 0.10301400859086202, 0.12034274781638017, 0.0937733588184748, 0.11658229076080207], [0.10154469515656836, 0.11395749507034772, 0.12443809478997746, 0.11516206692657072, 0.10949529106313112, 0.10065764081758714, 0.12150556452813313, 0.09222021104036189, 0.12101894060732234], [0.10252326146024328, 0.11331087818246044, 0.125, 0.11680384267950131, 0.10836996514672481, 0.10211382158769093, 0.12065125960592836, 0.09310238478392621, 0.11812458655352466], [0.10262450283636107, 0.11330324266525948, 0.12479700718408135, 0.11691381047297657, 0.1083568369892148, 0.10225436390287591, 0.12061067614951772, 0.09321860081358156, 0.11792095898613154], [0.10257774210714228, 0.11330216843755637, 0.12489181645484508, 0.11687060622720054, 0.10835942151195896, 0.1021943081482717, 0.12061745269315965, 0.09317163596431262, 0.11801484845555277], [0.10222155052082328, 0.11343543051828754, 0.12338752805395446, 0.11613206460939737, 0.10896913962816976, 0.1016086738325388, 0.1214010451338264, 0.09302662405256655, 0.11981794365043585], [0.10233055390228948, 0.11331807837585786, 0.124192387173898, 0.11655545963091028, 0.10856366116087827, 0.10186899780509028, 0.12117640596189892, 0.09306303938004959, 0.11893141660912718], [0.10228863685216429, 0.11331875249946319, 0.12398131904787563, 0.1164817740819237, 0.10862337146734709, 0.10181221341081056, 0.12129049506623599, 0.09306345270738191, 0.11913998486679767], [0.10121628878317478, 0.11393494681247372, 0.125, 0.11498089065653767, 0.10946826777746567, 0.10039853254413107, 0.12174789432874311, 0.09203003028162977, 0.1212231488158442], [0.10234891629066124, 0.11300396657377636, 0.1244511457349384, 0.11704192387437679, 0.1081467613329483, 0.10216726293970581, 0.12125926841845995, 0.09327148014264956, 0.11830927469248344], [0.1026723124299453, 0.11272849772604021, 0.125, 0.11768418893350728, 0.10775238064944223, 0.10277872318773766, 0.12097203781451277, 0.09357713426253322, 0.1168347249962813], [0.10219994835880436, 0.11307043911934529, 0.12390462584471963, 0.11671273884552205, 0.10839235383558482, 0.10190952230231232, 0.12160632255254067, 0.09318478816812184, 0.119019260973049], [0.10228311015956877, 0.11297899518787961, 0.12425647352547121, 0.11698884138219738, 0.10817911848464237, 0.10210361928778393, 0.12143752757886637, 0.09326431949760607, 0.11850799489598422], [0.1012617355606327, 0.1136829626511773, 0.12470407199067497, 0.11526829568272086, 0.1092363303885237, 0.10061457113728904, 0.12203235877262937, 0.09225745336687115, 0.12094222044948093], [0.10254569097057263, 0.11278942268923478, 0.12439536777257418, 0.11754768873038107, 0.10787384628282146, 0.10260484742633534, 0.12121523184715223, 0.0935676752241239, 0.11746022905680453], [0.10253104994171798, 0.11272399505797644, 0.12442787782003033, 0.11762163388382012, 0.1078074947028217, 0.1026405618314255, 0.12127323271958525, 0.09359347337964453, 0.11738068066297808], [0.1023771921565384, 0.11275803031695594, 0.12426624818891407, 0.11742204625503475, 0.10789494810397192, 0.10242635619996017, 0.12139262478793277, 0.09351619442949127, 0.1179463595612006], [0.10198981148790506, 0.11285540691690181, 0.1240498112019044, 0.11669441948887929, 0.10826771211703111, 0.1017953506220295, 0.121975585106459, 0.09314957712130202, 0.1192223259375878], [0.10201976594850821, 0.11282686984971028, 0.12413821636667825, 0.11680479028829502, 0.1081918829354588, 0.10186645683299737, 0.12193658764732869, 0.09317717260712083, 0.11903825752390244], [0.1024670741236714, 0.11252297459786886, 0.12434263041038614, 0.11783906265394385, 0.10762154592611838, 0.10273522344765265, 0.12151679316926024, 0.0936990746229441, 0.11725562104815437], [0.1016585111850741, 0.11291070937737145, 0.12424314028923955, 0.11625814726446028, 0.10854107907294215, 0.10139131865465438, 0.12223195492466737, 0.09289698568524872, 0.11986815354634202], [0.10200047622689258, 0.1126315217615663, 0.12437783734179571, 0.11709343608712852, 0.1079302420452634, 0.10201483928000009, 0.1220219203745947, 0.09326569955917562, 0.11866402732358299], [0.10223719682814059, 0.11255978099750254, 0.12444404050081204, 0.1175386670236708, 0.10771088752232659, 0.10240940374924651, 0.12164993345222122, 0.09351877973283418, 0.11793131019324557], [0.10240556671175484, 0.11230798801104427, 0.1242769220358909, 0.11807664864361662, 0.10742010858736376, 0.10284420548298419, 0.1217647549791506, 0.09381355239688784, 0.11709025315130696], [0.10161731019202017, 0.11263475028386352, 0.12433770999119347, 0.11649427225661359, 0.10827573325461089, 0.10150531374439647, 0.12240071804983207, 0.0929864045879818, 0.11974778763948803], [0.10142560543277544, 0.11258568782598546, 0.12442925903656167, 0.11642786978727573, 0.10820112244492358, 0.10136931588549825, 0.12263079028724555, 0.09287898451868791, 0.1200513647810464], [0.10109446836389299, 0.11279245800111672, 0.12499999999999997, 0.11599231698431985, 0.10834445993866079, 0.10093619559293981, 0.1227564487377532, 0.09249458725379665, 0.12058906512751977], [0.10237502830982015, 0.11185437489173473, 0.125, 0.11861950890006215, 0.10692566445944142, 0.10315429918200379, 0.12188031300473028, 0.09396041430781346, 0.11623039694439401], [0.10140713450156867, 0.11243020880429373, 0.12456108490497592, 0.11655855233558948, 0.10805091859540618, 0.10142892250754607, 0.12267699653909894, 0.09291438972822526, 0.11997179208329563], [0.10188437489249802, 0.1120581525788657, 0.12499999999999999, 0.11781974230075438, 0.10722646069301713, 0.10235742670469161, 0.12218907269583755, 0.09348005571668598, 0.11798471441764952], [0.10128794427571845, 0.1124126507396865, 0.1245330682918727, 0.11650192205933502, 0.1080188232064227, 0.10134237179970695, 0.12285251542612954, 0.09285583738772521, 0.12019486681340293], [0.10220551948665796, 0.11184930616492542, 0.1243951566537266, 0.1185077801426959, 0.10697631628199684, 0.10297630990424597, 0.12224754222579719, 0.09393916662691378, 0.11690290251304022], [0.10163844437147113, 0.1120227950191704, 0.12500000000000003, 0.11749753168141051, 0.10730647782951791, 0.10203434072632728, 0.1225890933124163, 0.09325781285865879, 0.11865350420102777], [0.10154571352774305, 0.11211322129253201, 0.12449747093383468, 0.1171186465095277, 0.10757308453984508, 0.10180728625974182, 0.12281107437247708, 0.09318137520176963, 0.11935212736252904], [0.1012000502004353, 0.11229771445136659, 0.12456011125872496, 0.11655223852308841, 0.10789944269408885, 0.10133094952792679, 0.12301035489839099, 0.09285168187085077, 0.12029745657512747], [0.10115558183722151, 0.11232225166087965, 0.12446467808039169, 0.11650046090255974, 0.10791878728336579, 0.10128812213285683, 0.12308822929104704, 0.0928323875965738, 0.12042950121510394], [0.10122390356115891, 0.11193484057097282, 0.125, 0.11689578978170073, 0.10755411038574458, 0.10150996283903559, 0.12305462728718014, 0.09293836058244387, 0.11988840499176337], [0.10107372979435597, 0.11228120291998252, 0.12443972843751575, 0.11648030084878357, 0.10787132938389983, 0.10124424357409077, 0.12322146980801704, 0.09280871346176685, 0.1205792817715877], [0.101461167915055, 0.11184123123650236, 0.12442687084738725, 0.11739864753313893, 0.10725521634270059, 0.10193100387151895, 0.12308321482910604, 0.0932926539117783, 0.11930999351281259], [0.10104439046620678, 0.1121668012327829, 0.12437035357851814, 0.1165694060628433, 0.10776210111505903, 0.10128941421447946, 0.12333743112247035, 0.09285835808855122, 0.12060174411908871], [0.10184223336955577, 0.11164626352200113, 0.12444252528658437, 0.11835626763145775, 0.10683010798439697, 0.1026685895852557, 0.12263638251058173, 0.09377924305161382, 0.11779838705855278], [0.10144798969833767, 0.11177924702644669, 0.12443664187159952, 0.11747793037899612, 0.10718048806594323, 0.10196891472426681, 0.12312652234304783, 0.09332042368760265, 0.1192618422037595], [0.10201545866776776, 0.11153967514467333, 0.12407039245569951, 0.11869314436309368, 0.10670711218862135, 0.10295678726794434, 0.1227142799751596, 0.0939981704788654, 0.11730497945817507], [0.10170093506849427, 0.11164341801688459, 0.12443524601958382, 0.11813454274372379, 0.10687152585308053, 0.10247270012778467, 0.12273839464099091, 0.09367864964375511, 0.1183245878857023], [0.1019301262591925, 0.11146058913157161, 0.12409943931211401, 0.11869080314176358, 0.10663922753459498, 0.10290104128217475, 0.12283292026834279, 0.09396965059632256, 0.11747620247392322], [0.10121971200600917, 0.11158522215619467, 0.12451403112185437, 0.11734063174829419, 0.1071384836156086, 0.10179227059050165, 0.12345310072581234, 0.09321695461944994, 0.11973959341627508], [0.10153878039825597, 0.11153619696556989, 0.1243649279335463, 0.11802593745406816, 0.10682956646520336, 0.10233186878548872, 0.12306897438534806, 0.09359957306609017, 0.11870417454642926], [0.10179832628326502, 0.11141464567614992, 0.1241735350923084, 0.1185930260189049, 0.10661414929171133, 0.10277960375891354, 0.12292321874777623, 0.09390347428558561, 0.11780002084538492], [0.1012906274714525, 0.11149174058072625, 0.12425372819926864, 0.11760705368712977, 0.10694167376426388, 0.10199083403353282, 0.12352355806186574, 0.09339367549317122, 0.11950710870858915], [0.10119823191208142, 0.11147545572860844, 0.12437170682159847, 0.1174565745829832, 0.10701701114708484, 0.10186035040753308, 0.12359114737015009, 0.09329324990461543, 0.11973627212534502], [0.10126610225625261, 0.11144418348448162, 0.1242218846379683, 0.11762962697076111, 0.10690456026924332, 0.10199653726984059, 0.12358803983270066, 0.0934075068686516, 0.11954155841010021], [0.10183217335595539, 0.11122097675693446, 0.12392271232799691, 0.11883112934381095, 0.10642612518277716, 0.1029086901832028, 0.12314888151127451, 0.09402429516094209, 0.11768501617710583], [0.10105666270988636, 0.11144735492386815, 0.12433762826520776, 0.11727378725447683, 0.10708970079696489, 0.10170998134855307, 0.12373316350894625, 0.09321296669228706, 0.12013875449980949], [0.101388812676094, 0.11127788482768732, 0.12402159186220539, 0.11811418758156679, 0.10663563573630297, 0.10234211706651034, 0.12350237128029933, 0.0936896321901847, 0.11902776677914928], [0.11090644330993583, 0.11349715680545283, 0.12021556947250495, 0.12363775369946854, 0.1072031640285501, 0.11026362224040721, 0.1118189429929816, 0.09948361687152331, 0.10297373057917568], [0.1109580897659579, 0.11343911015069831, 0.12013865208920792, 0.12372594978504085, 0.10714253898999541, 0.11034959326799985, 0.11179029819944314, 0.0995652972053331, 0.10289047054632354], [0.11030646925789717, 0.11364417985940356, 0.1205301285920463, 0.12303474034026095, 0.10743607614266222, 0.10969961495000057, 0.11249993036075315, 0.09896295762885896, 0.10388590286811711], [0.10983066686447054, 0.11377202019714516, 0.12076339121206753, 0.122946353682351, 0.10763803613321482, 0.1091840971358765, 0.11289438675684542, 0.0984582325490459, 0.10451281546898314], [0.1111378572045029, 0.11297983910904871, 0.11960019782083832, 0.12420900104384493, 0.10669727846738786, 0.11087902389911711, 0.11185484242424575, 0.10007767547610652, 0.10256428455490779], [0.11171367996650701, 0.11260566932413031, 0.11901662779816578, 0.125, 0.106293601480054, 0.1116093427884835, 0.11129161068297484, 0.10077974434593115, 0.10168972361375342], [0.11049040323821589, 0.11319567582373896, 0.11999972169892151, 0.12339111981741953, 0.10699459393292379, 0.11023048110674752, 0.11262376040574171, 0.09948630003636152, 0.1035879439399296], [0.11049089997692618, 0.11311736237095685, 0.11991298878204155, 0.1234181375837609, 0.10692480371913375, 0.11030143653524366, 0.1126881642334527, 0.09956043534313272, 0.10358577145535153], [0.10959504718206235, 0.11342563105463911, 0.12036078642334583, 0.12240322970021472, 0.10743141181043228, 0.10933099013415228, 0.1136856946221098, 0.09869660897318831, 0.10507060009985515], [0.11053432465586054, 0.11295250654593655, 0.11972092485603478, 0.1235098197924874, 0.10677148985114127, 0.11048440729844596, 0.11276368722545911, 0.09974721623298431, 0.10351562354165024], [0.10962698614260967, 0.11324748754632022, 0.12016480008035128, 0.12261739161976681, 0.10725121523174669, 0.10949714108599046, 0.11376656214177112, 0.09885540943301399, 0.10497300671842968], [0.10987374228509557, 0.1131385757441846, 0.12002303447415634, 0.12279491320650071, 0.10709274370051786, 0.10980275144252871, 0.11354700804013886, 0.09913968672484293, 0.10458754438203463], [0.11007787128634174, 0.