[[0.10341596121588938, 0.11464704117454681, 0.10852376898256515, 0.11799969929910523, 0.12091802326740837, 0.10119233759965933, 0.09875720647035113, 0.12354885991331502, 0.11099710207715964], [0.10275905314933056, 0.11519653368398568, 0.10774256066800429, 0.11851434692709815, 0.12166935203675452, 0.10025779592230893, 0.09782257779897881, 0.1248661001555015, 0.11117167965803752], [0.10347819556689687, 0.11467046774390789, 0.10848555088208038, 0.117882853814175, 0.12076643780188695, 0.10126530682863083, 0.09895055740904345, 0.12348170615549037, 0.11101892379788827], [0.10337569248910565, 0.11478683406829113, 0.10836463240942754, 0.11798805829935788, 0.12076048278018836, 0.10111220188836921, 0.09879296040057094, 0.12375140131983751, 0.1110677363448518], [0.10272468679842495, 0.1152469455082053, 0.10763938524665832, 0.11847484835867414, 0.1216766231848105, 0.10020610385459183, 0.09784603213669807, 0.125, 0.11118537491193689], [0.1028931336848702, 0.11515693924511397, 0.10778140926669652, 0.11831836943629685, 0.1214277237739617, 0.10043534698165006, 0.09814290868609049, 0.12467686713034958, 0.11116730179497061], [0.10345886956298717, 0.11475742396258957, 0.10839593748958776, 0.11788162602683953, 0.12064668692365149, 0.1012222053254681, 0.09897489678748712, 0.12359693121989133, 0.11106542270149788], [0.10341219214661469, 0.11482907417704401, 0.10826013144943852, 0.11784828456893273, 0.12065723846809112, 0.1011501049604512, 0.09900021002040843, 0.12375407023617364, 0.11108869397284565], [0.10368720068752657, 0.1145100202417758, 0.10851242478741163, 0.11744763234362636, 0.12045004269688135, 0.1015626656411476, 0.0995076945899234, 0.12337641368622387, 0.1109459053254834], [0.10319470177573974, 0.11508308518057968, 0.10790103611619564, 0.11796804448684667, 0.12097230028328043, 0.10082655732393396, 0.09879300846310818, 0.12408023735728617, 0.11118102901302956], [0.10281282356905594, 0.11553402837787739, 0.10738002475600679, 0.11832245272004274, 0.121649288312367, 0.10025365704864571, 0.09825198623054615, 0.12442873928507205, 0.11136699970038623], [0.10367652880075766, 0.11457095471896313, 0.10842789275862812, 0.1174136914453034, 0.12032900488389371, 0.10153608237410687, 0.09956082792607811, 0.1235086276668879, 0.11097638942538109], [0.10293606458363586, 0.11539988375441508, 0.10750426735294197, 0.11815859047002085, 0.121389522710931, 0.10043717071462921, 0.0984840814483905, 0.12438297650498589, 0.11130744246004966], [0.10310564583216407, 0.11526912217050705, 0.10764482940222944, 0.11796061592691992, 0.1210853726349631, 0.10067644506722533, 0.09880405945848382, 0.12419161481490196, 0.11126229469260547], [0.10277248597964864, 0.1159149096809141, 0.10708851735898242, 0.11841595264562406, 0.12190579311081323, 0.1001167962338625, 0.09829903733264245, 0.12389079635157642, 0.11159571130593621], [0.10330266800838096, 0.11497828548081818, 0.107906577622448, 0.11769933624619215, 0.12064104305871581, 0.10098563895500615, 0.0991135552665152, 0.12424781210228403, 0.11112508325963952], [0.10282772049752238, 0.11580684607292713, 0.10715749426562658, 0.11830516868227935, 0.12173565325265567, 0.10021067586077781, 0.09842021804081962, 0.12400119416547072, 0.11153502916192079], [0.10293567181640521, 0.11559943310143088, 0.10731882036955867, 0.11813440083867167, 0.12145009502838708, 0.10039206010124885, 0.09861143246904584, 0.12413303210025102, 0.1114250541750008], [0.10373740536984721, 0.11452062095865681, 0.10835313248837818, 0.11717872305174805, 0.12037452730005468, 0.1016233888234767, 0.09982465638488833, 0.12344337791615696, 0.11094416770679312], [0.10302282259705063, 0.11550882421787893, 0.1074036650564412, 0.11802454041560835, 0.12127680799447826, 0.1005203643532987, 0.09877501874115216, 0.12408131389018734, 0.1113866427339044], [0.10321465373782772, 0.11505229575082157, 0.10771273119695912, 0.11764132083767283, 0.12079470434271074, 0.10086241129519383, 0.09910924930041608, 0.12447807120055858, 0.11113456233783953], [0.1030464746720254, 0.11545815241931347, 0.10741956374137367, 0.1179523013646375, 0.12117739354950915, 0.1005616636165811, 0.09884437902777647, 0.12418399755317525, 0.11135607405560802], [0.10378205468778318, 0.11448017940446889, 0.10837363176038771, 0.11710298521214046, 0.12037575720009618, 0.10168732280008588, 0.09992341517552775, 0.12334689700381544, 0.11092775675569447], [0.10309775788698305, 0.11529732547045184, 0.10748634761660056, 0.11778097440747333, 0.12095576090252522, 0.10066278619179998, 0.0989790313900374, 0.12448204918590663, 0.11125796694822176], [0.1031692931071319, 0.11507664420114133, 0.10761236736618811, 0.11759316447871597, 0.12090590732965745, 0.10080213359259513, 0.09911478307196107, 0.12459618394622148, 0.11112952290638756], [0.10342708722591, 0.11477816742226202, 0.10790944106083426, 0.11730265080728368, 0.1207765380355653, 0.10118616305084471, 0.09951713303641917, 0.12409583350025277, 0.1110069858606281], [0.10363484048401764, 0.11459566061345577, 0.10814546187460553, 0.11713327794621338, 0.12060779154774239, 0.10148154786345188, 0.09980557462779152, 0.12364523249979223, 0.11095061254292984], [0.10300175160370707, 0.11575454672115089, 0.10717494512605727, 0.11801777013217883, 0.12136515381644183, 0.10043871038359287, 0.09887801228502051, 0.12384059453882099, 0.11152851539302971], [0.1030541814456685, 0.1153376968998408, 0.10736140835676428, 0.11771231021515381, 0.12111315796665537, 0.10060119218052467, 0.09901185085430614, 0.1245468578921245, 0.11126134418896191], [0.10347500201796479, 0.11472929316391123, 0.10793028765874038, 0.11721298108670619, 0.12079728217350123, 0.10125605825495544, 0.09963001690166236, 0.1239839545498225, 0.1109851241927359], [0.10326285734492362, 0.11492579307178484, 0.10767529706547585, 0.11737740395048599, 0.12095987754213895, 0.10095206752339814, 0.09934267703483238, 0.12445540706508604, 0.1110486194018742], [0.10310747708239401, 0.11510224507936387, 0.10746984471023638, 0.1175101424410918, 0.12107016619492043, 0.1007217075057494, 0.09913351474468043, 0.12476826419791162, 0.11111663804365206], [0.10304689027525069, 0.11525825670854171, 0.10734685810114718, 0.11760645543796153, 0.12116120989613889, 0.10061143084608008, 0.09905781409621371, 0.12471057981084821, 0.111200504827818], [0.10379654665464982, 0.11446196883027134, 0.10825505683381131, 0.11692198687443038, 0.12055452534110844, 0.10170936832307918, 0.1001123386993719, 0.12328296889724272, 0.11090523954603489], [0.10340863676133305, 0.11478159584281164, 0.10779173445879332, 0.11717888900088878, 0.12095339105228856, 0.10116331456493462, 0.09961966179636682, 0.12411123015516798, 0.11099154636741525], [0.10376284281578979, 0.11448839161803598, 0.10818811049936404, 0.11691102555194367, 0.12063202029757167, 0.10166219371824094, 0.10010391932960962, 0.12334257244549558, 0.11090892372394874], [0.10300178430322951, 0.11544898197209401, 0.10714923503707287, 0.11761651372738553, 0.1214032412894888, 0.10051242335786578, 0.09909572304811733, 0.12446927338182409, 0.11130282388292209], [0.10302210242624316, 0.11514276472424337, 0.10727603917767439, 0.1174050784391342, 0.1212897119613421, 0.10060904616601728, 0.09915186466920296, 0.125, 0.11110339243614256], [0.10333271018372536, 0.11484680423702676, 0.10766203369599416, 0.11718144440441224, 0.12108272681486948, 0.10105583694251875, 0.0995683792098406, 0.12426400083101853, 0.1110060636805941], [0.10297888194671123, 0.11604025649751909, 0.10688896654464639, 0.11796414140569147, 0.12160270802420417, 0.10034558400433151, 0.09902402373908521, 0.12346415273489986, 0.11169128510291106], [0.10300470484640181, 0.11529307440227346, 0.10718004025370116, 0.11747278359043627, 0.12141105877218963, 0.10055273755655922, 0.09915078696847705, 0.12473941549219827, 0.11119539811776312], [0.10298541125048846, 0.11575068200714243, 0.10696981850636308, 0.11773635969587112, 0.12156202197589412, 0.10042195852770279, 0.09911284609047452, 0.12396739482907737, 0.1114935071169861], [0.10298864598373897, 0.11548637299369253, 0.10706677059701625, 0.1175622610472942, 0.12153321126227216, 0.10048797584504665, 0.09914916245729785, 0.12440917584138828, 0.1113164239722531], [0.10347263097277327, 0.1147272105046208, 0.10774709368762474, 0.11698404683594742, 0.12109333395916161, 0.10125360158776822, 0.09985428963388275, 0.12390489484109228, 0.1109628979771289], [0.10301873248343667, 0.11527622389343058, 0.10704603118690832, 0.11725476685434864, 0.12171537253163699, 0.10057375779963619, 0.09936609585533805, 0.12457835160242947, 0.11117066779283506], [0.1038033247646652, 0.1144699279339995, 0.10803689643497465, 0.11666590221244225, 0.12086352061029255, 0.10171436315946218, 0.10039110719617643, 0.12316392583695392, 0.11089103185103315], [0.10282436757371097, 0.11615982597362755, 0.10645710515402698, 0.117672767884314, 0.12211726103825832, 0.10013089734346439, 0.0991312225858373, 0.12381741048046747, 0.11168914196629304], [0.10280642284540857, 0.11622484078344911, 0.10640734348314565, 0.11769568851966418, 0.12214863102961258, 0.10009387918804351, 0.09911035438516796, 0.12378695675178857, 0.1117258830137201], [0.10367135414912686, 0.11457609119608261, 0.10786021531107272, 0.11672314157277172, 0.12105953911778757, 0.10152922093910277, 0.10025228968575983, 0.12341212305458235, 0.11091602497371372], [0.10290026405589996, 0.11594154745302176, 0.10662290784485293, 0.11756964245536591, 0.12201146894134762, 0.10027415955794473, 0.09923915454046707, 0.1238717316756235, 0.11156912347547654], [0.1029759757075349, 0.11553596501059654, 0.10685454242856916, 0.11734263245337266, 0.12193499523540346, 0.10046092126339591, 0.09936349758250289, 0.12420767228242739, 0.11132379803619707], [0.10282964543820311, 0.11608250582786105, 0.10646557917225524, 0.11759274570313016, 0.12214415460464828, 0.1001553395988271, 0.09918160602160274, 0.12391254916845966, 0.11163587446501246], [0.10327879324800834, 0.11492450378864778, 0.10735946515857585, 0.11695068528737829, 0.12154437514205958, 0.10097129621931264, 0.09977939227618372, 0.12417533104464, 0.1110161578351938], [0.10359283927214079, 0.11464369019820456, 0.10773998196226417, 0.11674321040176491, 0.12119577308525073, 0.10141789558747034, 0.10018509308013138, 0.12354889553186933, 0.11093262088090379], [0.10299708968103685, 0.11545399442436957, 0.10682786883280736, 0.11718919514255471, 0.12206738260885525, 0.10050517461739877, 0.09949411212956534, 0.12419740706671, 0.11126777549670218], [0.10298224613697898, 0.11554468865567917, 0.10676246163352766, 0.11721977265688045, 0.12213817450406028, 0.10046585250352996, 0.0994911520453099, 0.12407422812062914, 0.11132142374340448], [0.10285926746234358, 0.11583863043640434, 0.1064889996809622, 0.11732110333910811, 0.12227152206658491, 0.10024761438853298, 0.09937100919619156, 0.12413016231324499, 0.1114716911166273], [0.10304048053434162, 0.11533079941219294, 0.10687691419965901, 0.11706552569332529, 0.12208030030216706, 0.10058619122616376, 0.09960338341190589, 0.12422006126246117, 0.11119634395778327], [0.10279261989614097, 0.11599141229611229, 0.10634756678478804, 0.11737355379253561, 0.12233143442464019, 0.10013091397756466, 0.09929746662887257, 0.12418566159009237, 0.11154937060925332], [0.10309278107697138, 0.11522066815682105, 0.10695526295301647, 0.11698385174148207, 0.12202793183937545, 0.10067519557203077, 0.09968867802690824, 0.12421626464286907, 0.11113936599052571], [0.10349690057190633, 0.11474796130621889, 0.10750612958336438, 0.11668530188914504, 0.12149838919892815, 0.10127576312117897, 0.10019822288206581, 0.12363117599173166, 0.11096015545546073], [0.10283036926287197, 0.11585783083755659, 0.1064181242034521, 0.11728018700807769, 0.12234485335285815, 0.10020769358650088, 0.09937906602886556, 0.12421076691229792, 0.11147110880751912], [0.10315629517582373, 0.11512167018737948, 0.10703952431518107, 0.11690822185608242, 0.12196647496302492, 0.10077519085843709, 0.09978635560487027, 0.12415267950041463, 0.1110935875387864], [0.10319105714929157, 0.11507945965453638, 0.1070736575753166, 0.11686463522589126, 0.1219499621986393, 0.10082701832285386, 0.09984810936918605, 0.12409027459846612, 0.11107582590581871], [0.10325575294760299, 0.11499921682940088, 0.10716162188076035, 0.11681232976448871, 0.12186815484388336, 0.10092418729069375, 0.09993284635738718, 0.1240019613506385, 0.11104392873514429], [0.1034147254531267, 0.11483633080601582, 0.10735442949820126, 0.11669077073903247, 0.12168523310018431, 0.10115479622376117, 0.10014953466625633, 0.12372662116439112, 0.11098755834903083], [0.10298983025911589, 0.1154517187045956, 0.10669333514305106, 0.11701727019336303, 0.12232703870363615, 0.10049540129242918, 0.09964659834820977, 0.12412774477624786, 0.11125106257935148], [0.10312453388361116, 0.11520183008363538, 0.10692541462537647, 0.11688753168802567, 0.12213332701403565, 0.1007172059352475, 0.09981146133781182, 0.1240675560594673, 0.11113113937278912], [0.10348612082109482, 0.11477623737640848, 0.10741735045937206, 0.11662148150151103, 0.1216326678629074, 0.10125499207198803, 0.10026809055748953, 0.1235736641590026, 0.11096939519022589], [0.10290737410019382, 0.11558901128586778, 0.10652769079511835, 0.11704518804116124, 0.1224560155232756, 0.10036285704443632, 0.09958001290299433, 0.12422043511793694, 0.11131141518901577], [0.10309616673089413, 0.11527238416143759, 0.10684353382884425, 0.11689244543094898, 0.12224326997512008, 0.10066590987092316, 0.09980913595453614, 0.12401130476496605, 0.11116584928232963], [0.10317553072042558, 0.1151502618830119, 0.10693525643154973, 0.11678504827370703, 0.1221842645471453, 0.10079013861054693, 0.09994670330809215, 0.12392395112495178, 0.1111088451005696], [0.10327062558221961, 0.11502812718489383, 0.10705394430359264, 0.1166930345534489, 0.12207477378628002, 0.10093363586698241, 0.10008617516204642, 0.12380132862903362, 0.11105835493150257], [0.10303105066335173, 0.11528007337822731, 0.10665075382047778, 0.11672059737712297, 0.12249188986018157, 0.10058481633972327, 0.09989122450061426, 0.12421792446236887, 0.11113166959793222], [0.10347973393493455, 0.11483606407970226, 0.10723154911640571, 0.11646967605662531, 0.12192514711611827, 0.10123034158671612, 0.10045124755041432, 0.12338278955441243, 0.11099345100467103], [0.10338093909797591, 0.11493669140558682, 0.10704266492373869, 0.11644412516089454, 0.1221549794374487, 0.10108865402794887, 0.10040810726093, 0.12353063053843104, 0.11101320814704545], [0.1025754231520187, 0.11596916635029696, 0.10577397040792834, 0.11677167932082386, 0.12311070887604389, 0.09987884254504349, 0.0995336120739728, 0.12500000000000003, 0.11138659727387216], [0.10330855417633543, 0.11499772285077291, 0.10693045454596767, 0.11644657980672724, 0.1222794379931622, 0.10098736144222217, 0.1003481509845586, 0.12367790603961473, 0.11102383216063906], [0.10261742167278187, 0.11592347537042898, 0.10575290098154891, 0.116632549574691, 0.12331103401425506, 0.09994172053636012, 0.09969523364924716, 0.12477251006271567, 0.11135315413797123], [0.10340946907977354, 0.11491632577193303, 0.10698809532670037, 0.1163108892512527, 0.122225368175092, 0.10112902022481624, 0.10055568117030728, 0.12347266006157309, 0.11099249093855193], [0.10270137161741892, 0.11556546757596348, 0.1059886102856849, 0.11649428856469249, 0.12317764875640043, 0.10012455702400609, 0.09979399191707942, 0.125, 0.11115406425875426], [0.10296726386409341, 0.11529889266598549, 0.10637117516465347, 0.11641845381380941, 0.12288101439422909, 0.10050699294388571, 0.10009025653690086, 0.1243881804204479, 0.11107777019599469], [0.102725321941512, 0.11554438261380885, 0.10599475529014304, 0.11644927720239433, 0.12321266507018938, 0.10015871152444834, 0.09985668039440632, 0.12491481364352795, 0.11114339231956977], [0.10338479125580323, 0.11494234106448246, 0.10689429620748715, 0.11624136233856498, 0.12233632995816422, 0.10109379922187861, 0.10060339727154799, 0.1235143257787858, 0.11098935690328543], [0.10308142790094628, 0.1152123998731141, 0.10638733474598452, 0.11620495132065173, 0.12293445247064763, 0.10066600069464923, 0.10038988128060933, 0.12408664092969286, 0.11103691078370428], [0.10301170079313883, 0.1152810573079115, 0.10626634311675061, 0.11619487423751702, 0.12307786323953274, 0.1005661650027307, 0.1003418639857795, 0.12420840627571941, 0.11105172604091965], [0.1032746317869581, 0.11505423087217893, 0.10661624625592167, 0.1161164405616276, 0.12267114878449613, 0.1009357868577897, 0.10063913937514199, 0.12369309488443785, 0.11099928062144798], [0.11655804063455526, 0.12309693702279932, 0.10403224418401383, 0.10574579420781072, 0.10383708337106874, 0.11278858621884534, 0.12284382543037291, 0.09600805154673829, 0.11508943738379558], [0.11643284833142437, 0.12259651974452786, 0.10378477468134997, 0.10577166670205436, 0.10392812292269754, 0.11205080667684626, 0.12392025484890101, 0.09555054274628857, 0.11596446334591018], [0.11652857836061652, 0.12247772928398461, 0.10395625828742419, 0.10580622172934293, 0.10394659994836375, 0.11244645239043005, 0.1234172749946121, 0.09585794783011863, 0.11556293717510711], [0.11650839418131366, 0.12306175401579925, 0.10402201446784529, 0.105737574722267, 0.10386958462503072, 0.11275086537921536, 0.12291556297456163, 0.09605862775010522, 0.11507562188386188], [0.11647741463621594, 0.12301697484814872, 0.1040192921989034, 0.10574109697700598, 0.10390355195672475, 0.11271633334053567, 0.12293954488436121, 0.09609712429655035, 0.11508866686155401], [0.11659529138166769, 0.12311248407991793, 0.10394620416098131, 0.105633102864146, 0.10381632146810588, 0.11272648448676438, 0.1232092739103632, 0.09608340697127418, 0.11487743067677941], [0.11634304591775356, 0.1223287875172202, 0.10388095341780892, 0.1057958565915473, 0.10408920346542963, 0.11217356899496722, 0.12373126220580535, 0.09594431478485298, 0.11571300710461484], [0.11618718720373436, 0.1223470465273298, 0.10371561314111816, 0.10577085211174386, 0.10412967931046418, 0.11173878946889544, 0.12427716744808612, 0.09571643380701686, 0.11611723098161121], [0.11630515157344402, 0.12280965737731295, 0.10396490745312761, 0.10569851141699547, 0.10406199611294621, 0.11252233114888308, 0.12327451825817416, 0.09634104739636522, 0.11502187926275126], [0.1161817924517004, 0.12250511506755037, 0.1039869959103446, 0.10579035938081129, 0.10425169309892098, 0.11233704192505115, 0.12320932759458589, 0.09644592129506031, 0.11529175327597503], [0.11610120375761641, 0.12246281997247907, 0.10397561915424654, 0.1057757151891479, 0.10430298424929683, 0.11229038427798636, 0.12330545314919159, 0.09654074860973995, 0.11524507164029536], [0.11684005901787704, 0.12282861991024129, 0.10378155341542225, 0.10537284799875828, 0.10379339226490471, 0.11259552709922534, 0.12414804718350572, 0.09638583112660958, 0.11425412198345582], [0.11597056616402354, 0.121887250560402, 0.1038595420057744, 0.10582459695381176, 0.1044746790513355, 0.11182588612322164, 0.12395676700907479, 0.09642431831002762, 0.11577639382232875], [0.11563788493630325, 0.1219960393490659, 0.10355279912282012, 0.10573629093445662, 0.10454406108410384, 0.11109694108751507, 0.12500000000000003, 0.09609173817656244, 0.11634424530917285], [0.11584546704759528, 0.12179344776110705, 0.10380875233381025, 0.105821287497819, 0.10457261719714457, 0.11163544768054844, 0.12415902770498818, 0.0964740425691447, 0.11588991020784244], [0.11610407211323437, 0.1225021102450821, 0.10391293428621379, 0.10566287154431102, 0.10427776693510843, 0.11228023524592158, 0.12364306294932244, 0.09666431261429566, 0.11495263406651064], [0.11664631381852823, 0.12262918107277761, 0.1037639389324325, 0.10538165984824344, 0.10393610012398125, 0.11244030930203854, 0.12435316138666262, 0.09655192264220412, 0.11429741287313172], [0.11603262449431706, 0.12243636717738883, 0.10392705360891527, 0.10568955119110712, 0.10434088773477268, 0.1122393492675447, 0.12360707011400425, 0.09672442728647772, 0.1150026691254724], [0.11576811886984303, 0.12164250168075563, 0.1038611030111314, 0.1058548890003765, 0.10470554610283428, 0.1116344252702025, 0.12400331866286027, 0.0967090410820747, 0.1158210563199217], [0.1156757011758981, 0.12163621948643022, 0.10376223054531077, 0.10583085708871286, 0.1047269703489149, 0.11139960909845045, 0.12435660890571923, 0.0965869393685059, 0.11602486398205766], [0.1165800084201863, 0.12244274992009503, 0.10374648824853329, 0.10536032215758198, 0.10402036312992477, 0.11234600549942254, 0.12457183015675174, 0.0967090406659608, 0.11422319180154332], [0.11617091905881671, 0.12233615628364458, 0.10380669493143059, 0.10551421097244032, 0.10428126855437278, 0.11216902503018375, 0.1242588208811721, 0.09683741409105273, 0.11462549019688642], [0.11565688169826847, 0.12162208484113382, 0.10389150534994794, 0.10583972123629812, 0.10480128402945042, 0.11166450860417507, 0.12393861095749314, 0.09696737397027418, 0.11561802931295881], [0.11566493486948133, 0.1217445735294536, 0.10388814636165357, 0.10580468014102837, 0.10474553189587846, 0.1117372990893207, 0.1239555219184698, 0.09696608530201437, 0.11549322689269982], [0.11596739751808259, 0.12222375368867282, 0.1038654594977627, 0.10561644302788957, 0.10444932126587336, 0.11208491346240619, 0.12400327754674655, 0.09695867524119005, 0.11483075875137597], [0.11549258528520821, 0.12147395102668916, 0.10376531455195881, 0.1058658201372471, 0.10494390115205914, 0.11121512244409788, 0.12431647647942022, 0.09683944449480472, 0.11608738442851455], [0.11660080597126443, 0.12228848476860323, 0.10375459521216329, 0.10534644698146892, 0.10407639316720585, 0.11231487050255572, 0.12465068035490463, 0.09686015010390986, 0.11410757293792405], [0.11565189705051021, 0.12198704901337465, 0.10391621757836299, 0.10574861483851428, 0.10467101441296524, 0.1119134869673858, 0.12387033888966474, 0.09706466509991368, 0.11517671614930844], [0.11530812460660594, 0.12154640448993452, 0.10367908764295665, 0.10587667571322316, 0.10508238474004321, 0.1108797283237409, 0.12443461507676272, 0.09683529521291191, 0.11635768419382099], [0.11551928975166978, 0.1213417664548374, 0.1038739845182611, 0.10590816117292824, 0.10501138573131634, 0.11138893046296591, 0.12398233952753933, 0.09707510345215317, 0.1158990389283288], [0.11558071063488023, 0.12169945387475047, 0.1038746012296555, 0.10578582489792472, 0.104795611440363, 0.11169087737576334, 0.12407483082662263, 0.09706560590291859, 0.1154324838171215], [0.11643776186356, 0.12221036151494141, 0.10373040717156691, 0.10535302223416405, 0.10415346278034479, 0.11220595807923361, 0.12481164912922585, 0.09690962348272443, 0.11418775374423894], [0.11559491816972642, 0.12189130557789161, 0.10390207402856498, 0.10575087099401537, 0.10472772730527816, 0.11183787098648669, 0.12396812214170924, 0.09711637129516817, 0.11521073950115937], [0.11527851158224126, 0.12147248005756422, 0.10370433575728312, 0.10589330038123654, 0.1051439571231967, 0.11088266368982902, 0.12435569435962246, 0.09694278657814576, 0.11632627047088091], [0.11549551309115157, 0.12142132049336526, 0.10386578766165647, 0.10583887389349282, 0.10494761817201517, 0.11150139090691198, 0.1241476952109972, 0.09714197834520034, 0.1156398222252092], [0.11635149631350025, 0.12213205571340802, 0.10372127727485331, 0.10535615617689727, 0.10421117368673813, 0.11213973206544545, 0.12490615062769167, 0.09697325876346079, 0.11420869937800511], [0.11626842386288606, 0.12205121483278238, 0.10371282040932983, 0.10535888973699967, 0.10426897428180183, 0.11207465833480174, 0.125, 0.09703976963564484, 0.11422524890575364], [0.11543180954171726, 0.12162917298188486, 0.10386539140648253, 0.10575641043761053, 0.10488737117240894, 0.11163251567021548, 0.12423505479558508, 0.09727091490421536, 0.11529135908988021], [0.1153649939928522, 0.12122576873181266, 0.10385162352737677, 0.10585282544440834, 0.10508628855835705, 0.11135339135619182, 0.12428225875451185, 0.09729051927280813, 0.11569233036168117], [0.11506903048766129, 0.12134178681756543, 0.10372706080159556, 0.10597404845274218, 0.10543403972170058, 0.11063141200529995, 0.12409804141326715, 0.09723032807509908, 0.11649425222506865], [0.11609532463901287, 0.12198390480592702, 0.10375876713104056, 0.105441797175577, 0.1044252155388263, 0.11199474669489505, 0.12474540776898063, 0.0971649113442061, 0.11438992490153446], [0.11537252136867122, 0.1215024741244822, 0.10384628759859109, 0.10576454285831083, 0.10495476214842112, 0.1115321483498115, 0.12435237884433781, 0.09731155274396716, 0.11536333196340687], [0.11514674682255643, 0.12123798673105282, 0.10378013776815963, 0.10595815942474912, 0.10538172165659519, 0.11083165919460752, 0.12407920151678442, 0.0973092386851266, 0.11627514820036824], [0.1148905892184573, 0.12136411564872837, 0.1037262513294093, 0.10607879992444921, 0.105675124759064, 0.1103017034359247, 0.12377571213767041, 0.09732761256772532, 0.11686009097857139], [0.11533336116603883, 0.12136600174389478, 0.10383229344594912, 0.10578583351527727, 0.10502199131599586, 0.11142949056197837, 0.1244253621595272, 0.09732738124152308, 0.1154782848498155], [0.11577658293857285, 0.12184988273077883, 0.1038558596270379, 0.10560999962461005, 0.10470722645738101, 0.11186268046572172, 0.12424212100060147, 0.09737105734588761, 0.11472458980940836], [0.1148584358095194, 0.12124387411464532, 0.1037510712197275, 0.10607667891630553, 0.10573502466454687, 0.11033921979259367, 0.12376977111788644, 0.09747918322725534, 0.11674674113751993], [0.1149408537104267, 0.12119900594873893, 0.10376511685337893, 0.10602987706157509, 0.10563495945209518, 0.11051789509707102, 0.12389706528904937, 0.09747855406374835, 0.11653667252391645], [0.11626705131516682, 0.12218426110661085, 0.10376237256941359, 0.10537481968468, 0.10442029337453279, 0.11201771239071297, 0.12454750411034327, 0.09736227222083739, 0.11406371322770255], [0.11601665971596088, 0.12179867833783466, 0.10379232870989573, 0.10547268935462442, 0.10457317032979514, 0.11191603509828459, 0.12467693996942159, 0.09739791807620057, 0.11435558040798241], [0.11504132730735628, 0.12105104054890681, 0.10384209404045804, 0.10601107903661508, 0.10557175996366333, 0.11079031941036407, 0.1238567234667735, 0.09760324487109548, 0.11623241135476739], [0.1151775546680023, 0.12123000392959557, 0.10381231206260394, 0.10576554268881179, 0.10513504901833919, 0.111321633826777, 0.1246382267456872, 0.09751680212589124, 0.1154028749342916], [0.11583820117811003, 0.12171350090739834, 0.10383346894213175, 0.10555111948738197, 0.10473020385769727, 0.11182838177961735, 0.12446552800112005, 0.09752508330581267, 0.11451451254073057], [0.11512568699382941, 0.12103784601311784, 0.10380568902948382, 0.10581013030314751, 0.10524686117286701, 0.11117920833680159, 0.12465893077390722, 0.09755536263175027, 0.11558028474509532], [0.11492678458560893, 0.12103891249735751, 0.10382394475089021, 0.10604302547871852, 0.1057033154526131, 0.11061016973320995, 0.12379501190729782, 0.09768138681613961, 0.11637744877816435], [0.11505348731470971, 0.12113011618628869, 0.1037700784580677, 0.10576892143072159, 0.10525283451082461, 0.11113663029390665, 0.12478559015981919, 0.09759620700776495, 0.11550613463789691], [0.11510410989695044, 0.12120400865739912, 0.10382676443609537, 0.10575924433446485, 0.10519164453746854, 0.11131625421217421, 0.12463840238451018, 0.09765855953587059, 0.11530101200506669], [0.11476321210738975, 0.12101268816821077, 0.10380681631929788, 0.1060901333387834, 0.10589319484485299, 0.11037039667049166, 0.12369218098688121, 0.09781137160270416, 0.11656000596138821], [0.1152222189886931, 0.12140715826152944, 0.10390701675910012, 0.10576127679268732, 0.10513126135100169, 0.11152850543526774, 0.1242272744981576, 0.09774565723436121, 0.11506963067920178], [0.11468888434652603, 0.12097732351274214, 0.10379220931945754, 0.10611334254738931, 0.10597276282933268, 0.11024371925475644, 0.12369700009419102, 0.09783976982583473, 0.1166749882697701], [0.11583823194247521, 0.1215783493834847, 0.10384046453106106, 0.1055395547420575, 0.10479358944262701, 0.11178896616162293, 0.1245337973369867, 0.0976799020258111, 0.11440714443387373], [0.11491429082217534, 0.12125735650652511, 0.10375978290731165, 0.10586550254112315, 0.1055080366412044, 0.11082189613943168, 0.12429576084396468, 0.09770903369867931, 0.11586833989958467], [0.11489083529008774, 0.12125444275990674, 0.1037725757942938, 0.10590623789521814, 0.10558156315062556, 0.11075124792991699, 0.12412119537053759, 0.09774265670511693, 0.11597924510429647], [0.11489674875561748, 0.12126396185719389, 0.10376440349131429, 0.10588545202813858, 0.10554956303913758, 0.11077960216004079, 0.12420431844936608, 0.09773035738441577, 0.11592559283477558], [0.11510119617126281, 0.1212592002788023, 0.10391163183086988, 0.1057796797064149, 0.1052508813836372, 0.11143021106025039, 0.12428460188266892, 0.097896851490136, 0.11508574619595764], [0.11489426991603224, 0.12132443395599159, 0.10369305799865254, 0.10569762689824107, 0.10529268710105492, 0.11100493618890406, 0.12500000000000003, 0.09767839412051901, 0.11541459382060477], [0.1149170936470528, 0.12132923662684515, 0.10374409553818466, 0.10571590881485501, 0.1052987870301815, 0.11109469647976541, 0.1248161599707426, 0.09775705585973894, 0.11532696603263393], [0.11586963754127201, 0.1218635820379371, 0.10371306043728197, 0.10537479799300663, 0.10468595292848086, 0.11170247278103372, 0.125, 0.09768060690508962, 0.11410988937589812], [0.1146608401754761, 0.12165326689096485, 0.10365749463923181, 0.10574399911881664, 0.1055719337502831, 0.11067282772039101, 0.12451415260511516, 0.09790821077958478, 0.11561727432013634], [0.11440762032620537, 0.1215548646865444, 0.10361316386049794, 0.10590302208085543, 0.10597619590634055, 0.11008963134150059, 0.12415575333963631, 0.0980001321137548, 0.11629961634466457], [0.11473891595501237, 0.12159193770449517, 0.10371234435163822, 0.10569714324468768, 0.10543307249197503, 0.11093972417258055, 0.12465385794018505, 0.09794990762866192, 0.11528309651076402], [0.11464503609006364, 0.12169504313027942, 0.10365070083238585, 0.1057096261576411, 0.10553827062784821, 0.11071630645442643, 0.12461294664960407, 0.09793556911241813, 0.11549650094533315], [0.11567673268670903, 0.12178224201477464, 0.10375554009010995, 0.10544380537943226, 0.10489240988825127, 0.11157798853395387, 0.12475620687187054, 0.09791994654778566, 0.11419512798711277], [0.11446991819540167, 0.12177192012999119, 0.10364618865848528, 0.10584841658839468, 0.10587860281633796, 0.11030943707480338, 0.12401152811809216, 0.09807429517853725, 0.1159896932399564], [0.1144141402573274, 0.12182080101401217, 0.103618108414285, 0.10583237887782687, 0.1059042999997648, 0.11024330851863694, 0.12407821277622173, 0.09809335142543871, 0.11599539871648633], [0.11445845814483038, 0.12192801862666848, 0.10362667346154503, 0.10576126903449182, 0.1057799591384427, 0.11043236551726443, 0.12419725643856139, 0.09811646355993789, 0.11569953607825788], [0.1146543746993382, 0.12173648646820825, 0.10377472288853143, 0.10571557519698685, 0.10552983498966811, 0.11097697071052356, 0.12429532657222851, 0.09820275447172158, 0.11511395400279346], [0.11461359662338258, 0.12179219729812177, 0.10372988139332164, 0.10569985414394885, 0.10554798311124813, 0.11088355931517727, 0.12438190345684369, 0.09816902239945344, 0.11518200225850264], [0.11424280244425608, 0.12202794741649958, 0.10354002114945132, 0.10577373988430586, 0.1059763554766882, 0.11007564133892445, 0.12423168089518256, 0.09818624632890373, 0.11594556506578801], [0.11502403099821075, 0.12155593541793067, 0.10391188277762861, 0.10573882280260027, 0.10549403498100358, 0.11125054357864037, 0.12383625586117582, 0.09841210483489705, 0.11477638874791289], [0.11445993577269983, 0.12201389119418428, 0.10366502223014068, 0.10568542752522078, 0.10567079852766106, 0.11066513461773499, 0.12431676536982907, 0.09825140462127815, 0.11527162014125114], [0.11433877447318203, 0.12212978710528924, 0.10360321017743902, 0.10573350515618055, 0.10585188339708734, 0.11035398375948087, 0.12412249131808958, 0.0982535012601956, 0.11561286335305582], [0.1140601794813835, 0.12223887581375578, 0.10345919976708041, 0.10571675071760842, 0.10606003839979325, 0.10989072469084298, 0.12438288814529488, 0.09828642074862098, 0.11590492223561978], [0.11481502184370238, 0.12177674862759412, 0.10388253743550087, 0.10574020416919097, 0.10561985625946531, 0.11109135594897009, 0.12371258269072474, 0.09854116984554068, 0.11482052317931081], [0.11484327550109774, 0.121791135137149, 0.10387686961905938, 0.1057126945503346, 0.10563597909669539, 0.11107578207190666, 0.12372808547539378, 0.09863639294706256, 0.11469978560130088], [0.11508646409779644, 0.12192365086678641, 0.10381432076856777, 0.1055867269465475, 0.10542805904201114, 0.1111779843624701, 0.12404913550949273, 0.09851973082574735, 0.11441392758058075], [0.11367088095592735, 0.12233171256843499, 0.10326169604503585, 0.10564394297780229, 0.10627770207351583, 0.10935168011864359, 0.125, 0.09836268951772846, 0.11609969574291162], [0.1147310026472036, 0.12191185970400047, 0.10387124411268628, 0.10572560875704663, 0.10571101304637516, 0.11099794908097033, 0.12360210042395278, 0.09870647457618076, 0.11474274765158402], [0.11406343663956993, 0.12258990215786494, 0.1035716438789641, 0.10570035422591255, 0.10605823870308784, 0.11015773347615056, 0.12379884526978205, 0.0986022387447237, 0.11545760690394438], [0.11475636970016909, 0.12190254713491168, 0.10386529696363993, 0.10570304339179991, 0.10571331193622911, 0.1109910082833038, 0.12365126832566568, 0.09876399501319615, 0.11465315925108467], [0.11372438970113778, 0.12266137951288135, 0.10333792568099626, 0.1056327131986, 0.10624689990657901, 0.10956595395219015, 0.12448609600686715, 0.09852937349293518, 0.1158152685478131], [0.11412204432069799, 0.12253598422338706, 0.10363369747348976, 0.10568018696892627, 0.10596990306585871, 0.11036760369769956, 0.12381827995854577, 0.09867233403382283, 0.11519996625757202], [0.11424047468602282, 0.12232394890543719, 0.10375580788786601, 0.10571012462635604, 0.105888700618946, 0.11064932208217065, 0.12370552656348202, 0.0987549056696748, 0.11497118896004449], [0.11469858292307865, 0.12197423678806181, 0.10386024351323377, 0.10569849647479512, 0.1057683111311189, 0.11093498456936127, 0.12358945059614054, 0.09885592862798512, 0.11461976537622504], [0.11473238482075643, 0.12194105982003675, 0.10386248976339173, 0.10568858102247491, 0.10575910886328144, 0.11094789412909477, 0.12362280284890245, 0.09887698082442267, 0.11456869790763886], [0.11440765394879411, 0.1222640150868214, 0.1038268702427699, 0.10572395192763435, 0.1059168299178342, 0.11074496470350476, 0.12339819342816204, 0.09893796926123882, 0.11477955148324046], [0.11472712747302562, 0.12198956349478154, 0.10385759920972634, 0.10567493943631745, 0.10577437710760108, 0.11092755365401268, 0.1236056757338888, 0.09893203532992936, 0.11451112856071713], [0.11405650193083176, 0.12260001014056587, 0.10371537838830329, 0.10569991179594286, 0.10604316954091966, 0.11045059973613426, 0.12351977280903305, 0.09893639497784937, 0.11497826068041991], [0.11465388272580726, 0.1220296132143942, 0.10386284004649315, 0.10568700172831964, 0.10584428771801509, 0.11087187808221417, 0.12351217357032104, 0.09902405140390043, 0.114514271510535], [0.11371365801240377, 0.12302344110624064, 0.10344014822104117, 0.10563447668756519, 0.10627935744099842, 0.10976295733007806, 0.12385180320875418, 0.09882644132169756, 0.11546771667122079], [0.11401178464842074, 0.12267129702712859, 0.10370076337737164, 0.10569624062748656, 0.10608001732697799, 0.11039472571110483, 0.12348366495008253, 0.09897084162414597, 0.11499066470728113], [0.11355052150891518, 0.12307383577652023, 0.10333452888368837, 0.10560348410890984, 0.10637600775735465, 0.10949009240001902, 0.1241407839227338, 0.09881099853744807, 0.1156197471044109], [0.1137869783677485, 0.12303064442615219, 0.1035400481084706, 0.10566701051232272, 0.10626235837461671, 0.10995743923027157, 0.12350952190764525, 0.09894850400747261, 0.11529749506529983], [0.11352389760446377, 0.1231806720342848, 0.10334718844624169, 0.10559903401559192, 0.10640599972512009, 0.1095047467049587, 0.12400408808171294, 0.09888932997203861, 0.11554504341558751], [0.11403978863931113, 0.12265199554847495, 0.10376699259129599, 0.10571490843680842, 0.10614683786264632, 0.11045861838562353, 0.12322678848851434, 0.09916909913940707, 0.11482497090791825], [0.11377379104983326, 0.12306939722989481, 0.10358977753911834, 0.10567526243041565, 0.10629520045207738, 0.11003322224734569, 0.12332521550685158, 0.09907968843163448, 0.11515844511282886], [0.11354000014637379, 0.12326580633409702, 0.10339106588128283, 0.1056044108034061, 0.10641207567799525, 0.10959462649537532, 0.12378858351833044, 0.09897731981460733, 0.1154261113285319], [0.11385577548344943, 0.12285794671964428, 0.10371810910314827, 0.10570524961401856, 0.106250725732242, 0.1102975898695229, 0.12319289841356318, 0.09922689074269014, 0.11489481432172123], [0.11394450581089995, 0.12276042240511206, 0.103756496067903, 0.10571429535382275, 0.10622760965642002, 0.11038099066716597, 0.12313774976511285, 0.09925795429158088, 0.11481997598198251], [0.1138296690912879, 0.12288728777854331, 0.1037206495340411, 0.10570687934625726, 0.1062802633825715, 0.11028022050549571, 0.12314587767596123, 0.0992688558364139, 0.11488029684942808], [0.11338485126259341, 0.12345442884290002, 0.10333885970005034, 0.10558035645548941, 0.10653690383114264, 0.10942192640831568, 0.12376736951158025, 0.09908852725153301, 0.11542677673639505], [0.11409157565434488, 0.1226413235079337, 0.10381425971826959, 0.10572818391210653, 0.1062386889929821, 0.11047029316948961, 0.12296146413613923, 0.09936753401402766, 0.11468667689470692], [0.11363259864523535, 0.12325205129431592, 0.10361267136020778, 0.10567739730694356, 0.10644921590131425, 0.10997122107795469, 0.1230502639936744, 0.09933278111466332, 0.11502179930569054], [0.1130068794253035, 0.1236200286114373, 0.10473373695227393, 0.10931557765381203, 0.11007187747813578, 0.10697159761934155, 0.1115046486757811, 0.09872584710532678, 0.12204980647858804], [0.11294121631425982, 0.12370966890937567, 0.10473293047745628, 0.109328995030889, 0.11016237815854255, 0.10691434146764846, 0.11142908608995233, 0.09881600706023029, 0.12196537649164543], [0.11333002286884594, 0.12295476948426315, 0.10458435360818244, 0.10900690007676714, 0.10957647225641548, 0.1072947157202514, 0.11243162905673831, 0.09834683684026307, 0.12247430008827322], [0.1136174301529204, 0.12240651432513874, 0.10451724642536135, 0.10881573124401456, 0.10915607541106394, 0.1076072751847024, 0.11311339348470296, 0.09801315590838042, 0.12275317786371526], [0.11249683298733423, 0.12420223325718542, 0.10464600437682432, 0.10929319791328934, 0.11075820483490577, 0.10654068039142675, 0.11117401185184761, 0.09946426216214883, 0.12142457222503757], [0.1119369558281073, 0.125, 0.10463241745922665, 0.10944206985846011, 0.11140833798639053, 0.10601280301938248, 0.11023977520163367, 0.1000099379341501, 0.12131770271264919], [0.11289289108526095, 0.12338479538176382, 0.10450876942040314, 0.10898331530827543, 0.11017242279207787, 0.10692381549127294, 0.11219698957048292, 0.09900468223978065, 0.12193231871068227], [0.11282870093993222, 0.12341376983326202, 0.10448884691839203, 0.10896269300434289, 0.11026085167953993, 0.10687489549275267, 0.11220669004034324, 0.09911503206159364, 0.12184852002984135], [0.11339043858275344, 0.12241254894835697, 0.10433856976550036, 0.10855824914335534, 0.10938722282870186, 0.1074944616815977, 0.11365936238859403, 0.09843539911233593, 0.12232374754880426], [0.11267999923613385, 0.12350862334695531, 0.104460495138268, 0.1089433292398606, 0.11047275292540708, 0.10675685442690569, 0.11215806216914681, 0.09936275470551796, 0.12165712881180489], [0.11322618220553018, 0.12263079003339614, 0.10429227375127594, 0.10852914118671532, 0.10958432021198118, 0.10735102414777156, 0.1135936736400141, 0.09865738241678945, 0.12213521240652611], [0.11305649472374964, 0.12280473684560916, 0.10433323038427625, 0.10863506681816165, 0.109870455029