[[0.11548070286646334, 0.11870905806746665, 0.12133166063974883, 0.10304996853247765, 0.1056031282851847, 0.12369590773148649, 0.10141645733569975, 0.10360483026239761, 0.10710828627907497], [0.1159854793893672, 0.11919601396279916, 0.12201941592369835, 0.10243617188652489, 0.10509666204398822, 0.12488017354318569, 0.10067902920356735, 0.1028582965535896, 0.10684875749327957], [0.11549634721450944, 0.11858935803423534, 0.12118669466900202, 0.10318050521579983, 0.10561462009131994, 0.12363242401071359, 0.10153643110619824, 0.10362140019099668, 0.10714221946722491], [0.11560387410879389, 0.11868947513996013, 0.12118456913186564, 0.10308044813183057, 0.10553880993959937, 0.12387630083823188, 0.10141449658871221, 0.10350174027812374, 0.10711028584288242], [0.11603021894113977, 0.11915458471635948, 0.12202282510865019, 0.10245030613997923, 0.10504514478840392, 0.12499999999999997, 0.10067470803983086, 0.10278892699573863, 0.10683328526989777], [0.11594608829285788, 0.11900190558166893, 0.1217931704861782, 0.10264853234797301, 0.1051546837725668, 0.12470992388110196, 0.10089041058665062, 0.10294833061288798, 0.10690695443811463], [0.11557316389177782, 0.11858285196773673, 0.12107552868856752, 0.103201669103152, 0.10558087095201742, 0.12373514652428315, 0.10153861113516674, 0.10356453891260134, 0.10714761882469727], [0.11563646564412322, 0.11854438403120993, 0.12107993341398171, 0.10321918128694851, 0.10551340290972841, 0.12387534058690196, 0.10153085319246385, 0.10347149194409408, 0.10712894699054831], [0.11533573293845899, 0.11815687414838144, 0.12087732855954708, 0.10354097569155547, 0.10568868273084377, 0.12352888445297559, 0.10190167347430042, 0.10376366247758902, 0.10720618552634818], [0.11586871696195108, 0.11864976685667962, 0.12136277104077052, 0.10308606028163765, 0.10530864569255653, 0.12416940498175447, 0.10133368044877471, 0.10317008418460927, 0.10705086955126614], [0.11628107812249111, 0.11898278778191293, 0.12198063638326773, 0.10273508149284012, 0.10500688823187418, 0.12448523060796661, 0.1008970669146428, 0.10270079478032317, 0.10693043568468119], [0.11538868704533908, 0.1181180941489419, 0.12076271537230122, 0.10357998808844261, 0.1056564523242221, 0.12364710433126315, 0.10192290184621958, 0.10371475028544529, 0.10720930655782523], [0.11615846852398097, 0.1188247626032655, 0.12174108759637614, 0.10288627696054586, 0.10508450765807582, 0.12444305825511859, 0.10106602979530092, 0.1028289398832276, 0.1069668687241086], [0.11603611707917333, 0.11863055149696919, 0.12145792626864754, 0.10309842803843593, 0.1051893233937255, 0.12426854853299087, 0.10129711739898895, 0.10299130876415433, 0.10703067902691438], [0.11662118739273644, 0.1190542896788258, 0.12220578287993952, 0.10278541222396721, 0.10492748951949574, 0.12399833594356928, 0.10088775098783559, 0.10252927439717244, 0.10699047697645798], [0.1157679593279672, 0.11838352477037341, 0.12104954678073307, 0.10329311321780535, 0.10533605374625636, 0.12431830409383438, 0.10153952761858595, 0.10323616723525474, 0.10707580320918955], [0.11652418747893116, 0.11894849324610274, 0.12204933321675648, 0.1028618386157752, 0.1049583151851206, 0.1240971721367367, 0.10097434163615948, 0.10259274949079293, 0.10699356899362471], [0.1163364418665682, 0.11878727824288224, 0.12178766975254449, 0.10298163196995379, 0.10503385741851486, 0.12421547556055529, 0.10112082736169946, 0.10273212795935514, 0.10700468986792654], [0.11533373476673528, 0.11787987713450922, 0.12078918709150879, 0.10375092639411368, 0.10564353337601116, 0.12358292442967694, 0.1020815506334159, 0.10371903208940186, 0.10721923408462716], [0.11625285513013942, 0.11868031690603911, 0.12162683249924985, 0.10308916382735722, 0.10508893968833578, 0.12416768135395252, 0.10124048011519861, 0.1028217423997486, 0.10703198807997887], [0.11583527599306175, 0.11832076855509795, 0.12118299121762585, 0.10328761802187161, 0.10522615654487054, 0.12452626236688288, 0.10149981574273556, 0.10309110331829328, 0.10703000823956056], [0.11620652065343097, 0.11861028186854698, 0.12153427607934968, 0.10313238882802139, 0.10509607872084378, 0.12426018039369273, 0.1012862951138329, 0.10284325222021254, 0.10703072612206903], [0.11529348915282449, 0.11780421490717635, 0.12078637519378839, 0.10381495422887865, 0.10566614047466147, 0.12349368727089961, 0.1021501358290131, 0.10375741408932818, 0.10723358885342993], [0.11605966174738559, 0.11844698305425272, 0.12132887195110634, 0.10321187535235819, 0.10511840214764692, 0.12452983398959952, 0.10137965871427773, 0.10290807464895123, 0.10701663839442174], [0.11585751015160639, 0.11827095948085281, 0.12128055525349338, 0.10328856700974595, 0.10516700778333615, 0.12463313690707056, 0.10148352348919272, 0.10301646559256784, 0.10700227433213418], [0.11557633798905599, 0.11799135031996015, 0.1211544208785921, 0.10354737191962313, 0.1053572652836479, 0.12417673135380781, 0.10179714367644888, 0.10331684174181006, 0.10708253683705402], [0.1154016872420861, 0.11782778877999638, 0.12099555615077139, 0.10373650737350772, 0.10552105619723327, 0.12376483767965214, 0.10202985575178448, 0.10355786627040235, 0.10716484455456594], [0.11647438562177685, 0.11865797731925272, 0.12169843626269107, 0.10317071898214072, 0.10501879157416827, 0.1239469015099507, 0.10127316177055358, 0.10269075800074383, 0.10706886895872222], [0.1160964655171594, 0.11837549830266363, 0.12146686502755505, 0.10323162048729219, 0.1050512759798168, 0.1245880943410904, 0.10137680208558532, 0.10282151153727938, 0.1069918667215578], [0.1155284865037981, 0.11790186801664977, 0.12116908008656053, 0.10362049297673914, 0.1053792339123514, 0.12407384009378351, 0.10187439950352013, 0.10335659137496347, 0.1070960075316341], [0.11571529437718674, 0.11805981552853517, 0.12132156879851304, 0.10343187928695656, 0.10520887123903215, 0.12450416165232837, 0.10163964438551523, 0.10310495447209385, 0.10701381025983886], [0.11588086815266443, 0.11818582298258648, 0.12142468725390135, 0.10329643506996432, 0.10508246146938804, 0.12478916971861176, 0.1014670011463132, 0.10291191869335348, 0.10696163551321693], [0.11602414922448011, 0.11827382486808992, 0.12150771367960833, 0.10325418490451783, 0.1050284613882153, 0.12473670397701522, 0.10139945438493082, 0.10281283578268749, 0.10696267179045497], [0.11526902480326136, 0.11761667292898204, 0.12093682346360338, 0.10393739572307788, 0.10561998307625291, 0.12343062866750742, 0.1022526064814612, 0.10371229611932674, 0.10722456873652705], [0.11557624742261102, 0.11786350188929835, 0.12130760679481817, 0.1036123719974185, 0.1052986144835779, 0.12418902770728951, 0.10184130353606032, 0.10324983425090574, 0.10706149191802032], [0.11529312442070988, 0.11760328094464963, 0.12100583251859591, 0.10393166004476517, 0.10558032124657478, 0.12348441529219922, 0.10223452886633044, 0.1036594459479542, 0.10720739071822097], [0.1161975316415923, 0.11827127716603826, 0.12172219984298856, 0.10328901293517355, 0.1049525737842454, 0.12451633792188971, 0.10139289985952907, 0.10268396797709864, 0.10697419887144456], [0.1159181799593208, 0.11807740108421537, 0.12161815652106171, 0.10330292504185877, 0.10496764434023059, 0.125, 0.10144001031715308, 0.10276819823444847, 0.10690748450171121], [0.11563718128224243, 0.11786236598592292, 0.12142388392756351, 0.10357783244102972, 0.10521972436024082, 0.1243280993351484, 0.1017832306919466, 0.10314114505061112, 0.10702653692529449], [0.11673451153912863, 0.11858711439493412, 0.1219035129805749, 0.10328223311464985, 0.10492868829319178, 0.12360014059607341, 0.10132400338802931, 0.10252854931339522, 0.10711124638002274], [0.11605517758028086, 0.11813564326075174, 0.12172710713184959, 0.10331272643327473, 0.10494164850534604, 0.12476236301376965, 0.10142711328828623, 0.10270560568757048, 0.10693261509887088], [0.11647203603182094, 0.11837330715725615, 0.12186349772125929, 0.10332083529858739, 0.1049158670316573, 0.12405794381205199, 0.10138288649373936, 0.10257720306985016, 0.10703642338377745], [0.1162314196239812, 0.11821349143275071, 0.1218367548768468, 0.10332519326147402, 0.10491590676172244, 0.12446090697191012, 0.10141259910173449, 0.10263418923600505, 0.10696953873357518], [0.11551903396966433, 0.11766386822282689, 0.12142465265222331, 0.1037661464126508, 0.1052983359848216, 0.1239977691247453, 0.10198686093829402, 0.103267499270503, 0.1070758334242707], [0.11603656570294602, 0.11791176204192876, 0.12199399351038952, 0.1034527990549731, 0.10488330992141881, 0.12461411824274167, 0.10154051092396492, 0.102645732041666, 0.10692120855997124], [0.11526402833130475, 0.1173455760470136, 0.12120086448123024, 0.1041220255848277, 0.10553198525133141, 0.12331366388884217, 0.10239804555505921, 0.10361338552340325, 0.1072104253369877], [0.11685158024686601, 0.11828908998473772, 0.12235973946719607, 0.1033438337956504, 0.10468964659577662, 0.12391688270205263, 0.10130714645170733, 0.10222273466251378, 0.10701934609349945], [0.116911610552555, 0.11830958858575498, 0.12238827792912975, 0.10333238752148789, 0.10467171001431903, 0.12388890850073199, 0.1012862822870382, 0.10218714550803668, 0.10702408910094645], [0.11536640194660125, 0.11739875282968298, 0.12138118527772225, 0.10403028479891539, 0.10541233756188166, 0.12354173594434553, 0.10227235947650042, 0.10344505925885161, 0.10715188290549872], [0.116649690376713, 0.11819351127191767, 0.12226239244315623, 0.10340797388156146, 0.10475580546514324, 0.12396646351323068, 0.10140209058677044, 0.10235019435467832, 0.10701187810682898], [0.11627554057682593, 0.11798434899904023, 0.12219185430061287, 0.10346754972751353, 0.10482167277047452, 0.12427407236089577, 0.10151193406203433, 0.10251738946148492, 0.1069556377411179], [0.11678119101311081, 0.11821134160128431, 0.12238265245776961, 0.10337242363556683, 0.10468113991144486, 0.12400336454982433, 0.10133775619167498, 0.10223017116248663, 0.10699995947683766], [0.11570238280396596, 0.11761644736782811, 0.12183019127384395, 0.10371779960536351, 0.10507536305716375, 0.12424353974798985, 0.10186539895723543, 0.10295872004241875, 0.10699015714419069], [0.11543076786351726, 0.1174153641669482, 0.12150546069614818, 0.10398605892433255, 0.10533551461997692, 0.12366702441481153, 0.10220518005466533, 0.1033376248094933, 0.10711700445010672], [0.11619859247368387, 0.11783068098471887, 0.12230823263279492, 0.10354895241398616, 0.10480414487107508, 0.12426332242538596, 0.1015888598872326, 0.10251688582719093, 0.10694032848393165], [0.11628248438369539, 0.11785618892239254, 0.12237226950081947, 0.10355270275293456, 0.1047832804860407, 0.12414995550701542, 0.10157775505019451, 0.10247272580409406, 0.10695263759281357], [0.11655722065073333, 0.11794539340800926, 0.12249334581969284, 0.103483305729039, 0.1046592968222712, 0.12420087963806102, 0.10145463203178239, 0.10225996970483123, 0.10694595619557973], [0.11608283232337853, 0.1177099162490805, 0.12231742085208706, 0.10361508327614413, 0.10482390138941822, 0.12428340322276155, 0.10166594474173932, 0.10256893478242428, 0.10693256316296644], [0.11670016019989317, 0.11799250356175213, 0.12254801079613437, 0.10343874212299288, 0.10459493416103856, 0.1242517519495029, 0.10138344175615648, 0.1021492478955495, 0.10694120755698003], [0.11597895259825787, 0.11763165671416989, 0.12226811209447162, 0.10366702196146557, 0.10486315818308578, 0.12427960025559068, 0.101734149207166, 0.10264094380421367, 0.10693640518157889], [0.11552605772129526, 0.1173466065491132, 0.12177688776968451, 0.10399692416035494, 0.10520713703100185, 0.12374004461008385, 0.10217081774539209, 0.10316265645067586, 0.10707286796239858], [0.11657596084217635, 0.117902859101714, 0.12255901472223552, 0.10348708765933601, 0.10461854863984338, 0.12427442563299501, 0.10144562393815909, 0.10220741525809054, 0.1069290642054501], [0.1158847550852793, 0.11755852836726688, 0.12221026823667872, 0.10372883742133622, 0.10491179356232247, 0.12422077553915176, 0.10181268366641845, 0.10272204985985456, 0.10695030826169166], [0.11584397843966242, 0.11751519051442465, 0.12219386253709946, 0.10376910903161463, 0.10493503833548304, 0.12416302200285599, 0.1018594138307345, 0.10276004302504499, 0.10696034228308031], [0.11576714073880122, 0.1174650445495498, 0.12211782313524337, 0.10382378778967219, 0.10498918762839458, 0.12408152422551776, 0.10193118060037706, 0.10284349259558606, 0.10698081873685795], [0.11560939661764019, 0.11734644643216482, 0.12194679912711034, 0.1039661738803011, 0.10511800495179892, 0.123827102631978, 0.10211046817412135, 0.10303640521814905, 0.1070392029667362], [0.1161949372154624, 0.11765184934457812, 0.12253952309829362, 0.1036486777283534, 0.10473950676960707, 0.12419708383606062, 0.10166204174793904, 0.102443369947937, 0.10692301031176875], [0.11595871857051965, 0.11753105137705984, 0.12236072519145194, 0.10374953590602518, 0.10485980021826263, 0.12414152196128385, 0.10180953639262479, 0.10264343300751413, 0.106945677375258], [0.1155496917085336, 0.11727642682229167, 0.12189589082136969, 0.10404524338033605, 0.10516785184581054, 0.12368516024092828, 0.1022013736750554, 0.10311112950692414, 0.10706723199875082], [0.11632460421878364, 0.11767387010929897, 0.1226570708631646, 0.1036075413565358, 0.10465339120445127, 0.1242820454319002, 0.10158899691705692, 0.1023099715791928, 0.10690250831961579], [0.1160245149756306, 0.1175313273785015, 0.12246050256136683, 0.1037514580515094, 0.10482220675179653, 0.12408921476013346, 0.10179419669570369, 0.10258345612499703, 0.10694312270036083], [0.11590740405468482, 0.11742566666860048, 0.12240384123929784, 0.10383941573686635, 0.10487744656182173, 0.12400786357217333, 0.10190040958030198, 0.10267807210798494, 0.10695988047826839], [0.11578967240517143, 0.11733580572677253, 0.1223011201094624, 0.10392962916666641, 0.10495198751636657, 0.12389407867217547, 0.10201394150778458, 0.10279582792868602, 0.10698793696691458], [0.11602288007549237, 0.11735331776246527, 0.12268356219288852, 0.10380137647931308, 0.10470994015852397, 0.12427769147190763, 0.10181006271069809, 0.10245064955467634, 0.10689051959403476], [0.11559780008039579, 0.1171089810361333, 0.12215559191199815, 0.1041732002291707, 0.10509256990072674, 0.12350399136311743, 0.1022910533755985, 0.10301175822290597, 0.10706505387995359], [0.11568164455808926, 0.11707748802301987, 0.122365586815442, 0.10414675106677881, 0.10498132603056447, 0.12363940305616883, 0.10222856301363765, 0.10285873117457885, 0.1070205062617203], [0.11663843995710665, 0.11738147882245906, 0.12325072393266995, 0.10357739983254353, 0.10423730487970655, 0.12500000000000003, 0.10142092192384784, 0.10174056742109258, 0.10675316323057403], [0.11573595659613607, 0.11707787839311289, 0.12248023333704605, 0.10410663352315128, 0.10490952534058509, 0.12377548525698051, 0.10216761934734064, 0.10275965187509925, 0.10698701633054822], [0.11657968010118203, 0.11723749042788284, 0.12343314104477156, 0.10368786832198446, 0.10423561303833162, 0.12478895688340277, 0.10152469019430693, 0.10175335683986342, 0.10675920314827438], [0.11564390608748873, 0.11693784583448655, 0.1224255697537089, 0.10424747112758531, 0.10496731842562307, 0.1235828641845175, 0.10231944354554832, 0.10285141372986521, 0.10702416731117645], [0.1162499908520786, 0.11711142115756515, 0.12330986960078731, 0.10373380794211268, 0.10431925043401294, 0.12500000000000003, 0.10162281590699401, 0.10192939683539518, 0.10672344727105432], [0.11600042259196446, 0.11703902332752615, 0.12303424760400451, 0.1039335749873678, 0.10456054834372618, 0.12443242379695922, 0.10189159012554713, 0.10227819048200919, 0.10682997874089536], [0.11622485417394023, 0.11706462820959931, 0.12334129026074984, 0.10377675307511736, 0.10432831456598288, 0.12492094406214825, 0.10166611421772132, 0.10194640973961913, 0.10673069169512185], [0.11565637151839518, 0.11686317046162296, 0.12252543375868478, 0.10428106160111267, 0.10491933497119348, 0.12361979929358097, 0.10233540244609296, 0.10279098894588591, 0.10700843700343107], [0.11589189109634525, 0.11681553596939437, 0.12307785038220577, 0.10413945002125073, 0.10460309584548709, 0.1241500496778933, 0.1020984062975404, 0.10235535648562383, 0.10686836422425931], [0.1159519361483575, 0.11680267415451051, 0.12321054442944145, 0.10410784972142767, 0.10452950835128884, 0.1242630483799765, 0.10204396494684868, 0.10225278292094939, 0.10683769094719943], [0.1157365963516668, 0.11672592930179626, 0.12283092804901555, 0.10430931859174515, 0.10476517928582112, 0.12378275983888878, 0.1023105043673696, 0.10258679927606006, 0.10695198493763668], [0.11447567247404707, 0.1028771711017782, 0.10068408748601285, 0.11866890016692117, 0.11530029986055115, 0.09168863301971349, 0.12252258381397857, 0.1109692463765261, 0.12281340570047142], [0.11486155981803751, 0.10311743005503277, 0.1010194075653407, 0.11796665369568324, 0.11525025764262269, 0.09148540473008578, 0.12377120921373942, 0.11026332863935279, 0.12226474864010514], [0.11474339211256995, 0.10303922640601762, 0.10091151958734736, 0.11840179027766935, 0.1153073292804432, 0.09165679884688595, 0.12318910768819318, 0.11063671972409388, 0.12211411607677966], [0.11452465016523641, 0.10283521461558406, 0.10068576567504398, 0.11875111910289304, 0.11522892404115836, 0.0916978952338392, 0.1226014910557717, 0.11090523072251142, 0.12276970938796176], [0.11457422784478659, 0.10282117181117376, 0.10070502868270004, 0.11880184387181003, 0.11518526879322817, 0.09171503493088598, 0.12262715041734312, 0.11085395377692085, 0.12271631987115157], [0.11447773308190899, 0.10262461247019276, 0.10052560881936609, 0.11892064246703243, 0.11528968806458197, 0.09159144877360698, 0.12293109913610366, 0.11081989339669004, 0.12281927379051705], [0.11501014383102433, 0.10296806930146467, 0.10101011353112224, 0.11851266494016599, 0.11506831971914422, 0.09166589967367075, 0.12354444207368262, 0.11028489227548444, 0.12193545465424074], [0.11519253567074038, 0.10303894101329755, 0.10116460456814043, 0.11811333912717227, 0.11493513894727721, 0.09155607787499159, 0.12417447364790488, 0.10985475131810024, 0.12197013783237531], [0.11481719906721685, 0.10261003869817759, 0.10071166105906809, 0.1192086156206778, 0.11491387016816837, 0.09175526672532629, 0.12299842021197789, 0.11052575250804961, 0.12245917594133764], [0.11510385887157311, 0.10272140300598341, 0.10093691746135151, 0.11923698200412103, 0.11477298450956347, 0.09188408572478288, 0.12292324751621449, 0.11031399179732139, 0.1221065291090887], [0.11517562197926579, 0.10264425787959607, 0.10093163275840222, 0.11939274358198766, 0.11465167256238079, 0.09190500108169171, 0.1230294272176913, 0.11022010601037417, 0.12204953692861029], [0.11439738103754736, 0.10202278659129076, 0.10017374137759563, 0.11951809320589755, 0.11544727908884336, 0.0915018203010227, 0.12400263157499869, 0.11047826903028936, 0.1224579977925146], [0.11557234518120892, 0.10278049784758692, 0.10121628020546469, 0.11908706457217082, 0.11453714171898814, 0.09188792307063257, 0.12379115356107527, 0.1097344928846541, 0.1213931009582185], [0.11588635962264374, 0.10276836000767671, 0.10139244508231306, 0.11863133092020102, 0.11419547783063749, 0.09163788538978546, 0.125, 0.10895491753520685, 0.12153322361153565], [0.11575841169984842, 0.10274909342707338, 0.1013004014881575, 0.11910981290364343, 0.11437902336147063, 0.09190453472176183, 0.12402431427737397, 0.10949461062543749, 0.12127979749523322], [0.11513317173929082, 0.10236877099380479, 0.10074771233040337, 0.11972249675125032, 0.11458864126649781, 0.09183729790887486, 0.12341190726889752, 0.11011340969192407, 0.12207659204905659], [0.11460781731884799, 0.10194085695880784, 0.10024176477269527, 0.11977529084889742, 0.11518118540662878, 0.09156249815397455, 0.12423971426766305, 0.11023750214762726, 0.12221337012485775], [0.11521771125541774, 0.10238776505475372, 0.10080850114232419, 0.11977253184207493, 0.11449934287993513, 0.09188974452447138, 0.12336890078754222, 0.11005747664012727, 0.12199802587335346], [0.11590229462211755, 0.10269664011520857, 0.10135769732843564, 0.11939898669566472, 0.11424519334134156, 0.09204205902777238, 0.12383890239376937, 0.10942959023472836, 0.12108863624096187], [0.11601994867442703, 0.10271676289302102, 0.10143354589808255, 0.11916564031146856, 0.11416093627579738, 0.09197113846369462, 0.12425208777603011, 0.1091901781102388, 0.12108976159723991], [0.11469849105000463, 0.10182894183900679, 0.1002480468359261, 0.11998792442655563, 0.11506602266206442, 0.09162208670533835, 0.12449484159463856, 0.11007071017690027, 0.12198293470956514], [0.11513316182868728, 0.10200216314708796, 0.10054699966668443, 0.12013890092191755, 0.11457959758471645, 0.09176149191731235, 0.12412523344938811, 0.1098564167146488, 0.12185603476955692], [0.11599848908791442, 0.1025289374283685, 0.10131106436192899, 0.11984173892845701, 0.1140424456469755, 0.09212350058525921, 0.12375520915529689, 0.10936021389486617, 0.12103840091093335], [0.11590705867448581, 0.10245819867195935, 0.10121440020991111, 0.11992861275991906, 0.11403747449365269, 0.09207869729642074, 0.12377342927451442, 0.109425100951781, 0.12117702766735595], [0.11536932011339132, 0.10212465735987727, 0.10074728837402608, 0.12020548819535479, 0.11434024972799475, 0.09190726511838479, 0.12382372633319666, 0.10975836864207242, 0.12172363613570192], [0.11633251204838382, 0.10266476352329183, 0.10158861190904764, 0.11938858900632784, 0.11390204035604493, 0.09212831848370058, 0.12420212626937518, 0.10890897847610993, 0.12088405992771825], [0.11471034153025328, 0.1017539954991639, 0.10025178993588353, 0.12012600087251436, 0.11506552647191651, 0.09171649768769119, 0.12458682859865285, 0.10999616954180035, 0.121792849862124], [0.11571780983130223, 0.1023087377850572, 0.1010385895014944, 0.12018784261282826, 0.11398155880941387, 0.09207312206561342, 0.12366848872153242, 0.10957516193191169, 0.1214486887408464], [0.11657055806208018, 0.10267485858805846, 0.10174757952127336, 0.1193782152146235, 0.11368541444679399, 0.09211968025182157, 0.12433995271040925, 0.10851557201979294, 0.12096816918514676], [0.11633634221570652, 0.10262053734950087, 0.10156933674576539, 0.11975664142557339, 0.1138867068895504, 0.0922664228431766, 0.1238070979049944, 0.10904509774587696, 0.12071181687985544], [0.11598099220900181, 0.10236627554474031, 0.10119983366361468, 0.12010993757527746, 0.11390435842694843, 0.09209411799054101, 0.12391017834315135, 0.10932225101426814, 0.12111205523245677], [0.11486350352772012, 0.10171378458865607, 0.10029202903045911, 0.12026602053953071, 0.11485176631109797, 0.09170640307312405, 0.12477676062944462, 0.1098360994907425, 0.12169363280922482], [0.11581691959282776, 0.10228099236714697, 0.10107341516889037, 0.12026081947091491, 0.11389954315215194, 0.09209002401200804, 0.12378211419688699, 0.10946524466485547, 0.12133092737431755], [0.11664649556729402, 0.10265418171138417, 0.10177780386413347, 0.11949444980802165, 0.11363044806206153, 0.09218630609579641, 0.1242464665771964, 0.1084893813059916, 0.12087446700812059], [0.1162343102499102, 0.10243308899082443, 0.10138341746101939, 0.12006915262226868, 0.11380614275655664, 0.09219036803572564, 0.12399620271693798, 0.10910208729601152, 0.12078522987074541], [0.11495317775112547, 0.10167870253698312, 0.10031937197604968, 0.1203738869653874, 0.11473244091639286, 0.0917264729254453, 0.12488858142286054, 0.10973220736956192, 0.12159515813619376], [0.11504074659733313, 0.10164239183412054, 0.10034624218699982, 0.12048309740574292, 0.11461623190591998, 0.09174912485428056, 0.125, 0.10962892056593451, 0.12149324464966854], [0.1160916201549998, 0.10219900117631886, 0.10116930953800202, 0.12047113950316371, 0.11366301431566322, 0.09214485961151248, 0.12409364546310349, 0.10916137522104026, 0.12100603501619617], [0.11645382249317203, 0.10238347884837037, 0.10147805034002576, 0.12022089623268453, 0.11361919201059881, 0.09226973710154056, 0.12415220859282139, 0.10888071241818988, 0.12054190196259673], [0.11702589406469857, 0.10267114172401029, 0.1020373874335468, 0.11972584661144557, 0.11334501337641922, 0.09240951078101468, 0.12394146132959787, 0.10813702396630007, 0.12070672071296681], [0.11527031724591918, 0.10171517031895441, 0.10050488885899021, 0.12062695938331361, 0.11439862465856675, 0.09186120374528398, 0.12469689767558804, 0.10951672114832167, 0.12140921696506228], [0.11621988610415367, 0.10218854705295492, 0.10122822287531742, 0.12050391063056834, 0.11358271086673262, 0.092164091442941, 0.1242319818857915, 0.10902838768254615, 0.12085226145899436], [0.11694418592758939, 0.10259930495173313, 0.1019211873817592, 0.11987822248361754, 0.11340869826690206, 0.09242477191647991, 0.12391677876716248, 0.1083324577806822, 0.1205743925240741], [0.11728031271844684, 0.10285843755015112, 0.10238605742372461, 0.11957469431673347, 0.11316998133009872, 0.09261781007432808, 0.1235673400179627, 0.10780007346360672, 0.12074529310494775], [0.1163503503037778, 0.10222052082655944, 0.10131494277381586, 0.12046016491329725, 0.11353965389701014, 0.09219254810327089, 0.12431873439684574, 0.10891139488865247, 0.1206916898967703], [0.11568381408750243, 0.10190211601109835, 0.10082670861134317, 0.12079170540014733, 0.1140128203640215, 0.09208766891151383, 0.12409719438541376, 0.10935047567544008, 0.12124749655351968], [0.11738974892662729, 0.10276680050651907, 0.10236538750382519, 0.11981158740007038, 0.11308457464598089, 0.09266551670154775, 0.12355459176337495, 0.107774902479343, 0.1205868900727116], [0.11728641522383636, 0.10265866873583018, 0.10219356973968327, 0.11995159469614994, 0.11315322809348322, 0.09258767760617424, 0.12370106114651541, 0.10794425902831506, 0.12052352573001232], [0.1151061903799498, 0.10156412673628286, 0.10042425656581462, 0.12074427557015992, 0.11457134276944557, 0.09199575366326981, 0.1244596413305782, 0.10949689418410749, 0.12163751880039161], [0.11541312803505784, 0.10166935592074437, 0.10059463761508866, 0.12087719523691413, 0.11426697492471194, 0.09202186179625689, 0.1246140175815023, 0.10936767183095511, 0.12117515705876898], [0.11718052857085404, 0.10255706237706916, 0.10203783273943827, 0.12018768857167962, 0.11322988044032878, 0.09261987331379622, 0.1236487655633283, 0.10820562944414286, 0.12033273897936277], [0.11651757480820622, 0.10207424154227986, 0.10132274929248455, 0.12077852927180721, 0.11329252078692367, 0.09224247812590752, 0.12456879853116451, 0.10869660688055105, 0.1205065007606754], [0.11564871863603654, 0.1017331979831691, 0.10075113213027827, 0.12102398162161913, 0.11403969001358968, 0.09213160704865021, 0.12436060822763491, 0.10924272115939528, 0.12106834317962685], [0.11671829790733627, 0.10214821748310438, 0.10147746234682732, 0.12068534521943247, 0.11324141816044876, 0.0923182312177359, 0.12459384613335042, 0.10854185149310647, 0.12027533003865801], [0.1173730016983676, 0.10257794371183959, 0.10217613922988299, 0.12022993512698998, 0.11308553533842206, 0.09268790917372655, 0.12357475617689943, 0.10797990094058374, 0.12031487860328809], [0.1167591032056853, 0.10206269209829806, 0.10144714448129498, 0.12084062610013933, 0.11313658718158687, 0.0923149254071722, 0.12474426891847666, 0.10846487024332709, 0.12022978236401949], [0.11656126924398527, 0.10198748536291719, 0.10130861916538111, 0.12101834409148987, 0.1131642218319258, 0.0922988260015823, 0.12456751852350065, 0.10863383404964086, 0.12045988172957695], [0.11763955184757661, 0.1026163254154976, 0.10238320863893455, 0.12028020519083006, 0.11288267875792522, 0.09281672650858995, 0.12345193010984498, 0.10768288792857098, 0.12024648560223018], [0.11633140451179064, 0.1019708002745887, 0.10121665711860438, 0.12116083107266845, 0.11329576841694301, 0.09237591698932782, 0.12407502957846582, 0.10887430727143631, 0.12069928476617502], [0.11773989736094458, 0.10265029051266804, 0.10248393413826669, 0.12023213789953618, 0.11279824116979634, 0.09285967789563775, 0.12345808240923932, 0.10753801189558207, 0.12023972671832905], [0.11567437062376255, 0.10165272353373954, 0.10075776672010073, 0.12119756639851803, 0.11400835366696022, 0.09222326380336124, 0.12444068276350277, 0.10915032876476319, 0.12089494372529176], [0.11722254146545158, 0.10231927216490427, 0.10189555647528088, 0.1206117922923308, 0.11304508843894168, 0.0926511504748264, 0.12416524295120986, 0.10819424298597985, 0.11989511275107467], [0.11731679421495973, 0.10237507761927261, 0.10199035820907583, 0.1205617472677918, 0.11302126759301812, 0.09270174086346643, 0.12395867108743168, 0.10811611363759893, 0.11995822950738484], [0.11728108173487335, 0.10234987650336, 0.10195185887337294, 0.12057291517187389, 0.11302797279121003, 0.09268635209885791, 0.12405714299849584, 0.10814928672545204, 0.11992351310250386], [0.11649823911816547, 0.1019242750124842, 0.10128940501636086, 0.12135407612751589, 0.1131155947784312, 0.09246023001925938, 0.12414110015025982, 0.1087082466405721, 0.12050883313695122], [0.11690020254381771, 0.10193226897932621, 0.10144833665288056, 0.12110922832331245, 0.11292292211348579, 0.0923487061845626, 0.125, 0.10827488719083411, 0.12006344801178057], [0.11683243124757178, 0.10191554520229092, 0.10141622019438735, 0.12122955705441597, 0.11293003031880273, 0.09238822138287656, 0.12477993016084307, 0.10835434387447039, 0.12015372056434122], [0.11550468097234655, 0.10136543258988387, 0.10053585870285542, 0.12128169777594186, 0.11400433397155842, 0.09209934310612274, 0.125, 0.10898583090596879, 0.12122282197532236], [0.11744165670962098, 0.10208269624861348, 0.10187791466701153, 0.12121530329380165, 0.1126949701189365, 0.09275702459904332, 0.12442177441753882, 0.10794868383854861, 0.11955997610688512], [0.11806212646149061, 0.10231214192197101, 0.10239907491077488, 0.12090706229110058, 0.11241589335416603, 0.09292324035131401, 0.12399700630674242, 0.10728597585191743, 0.11969747855052305], [0.11708217174565919, 0.10187126132820618, 0.10155485099020405, 0.12155739907725353, 0.11270513948405499, 0.09258850125474913, 0.12458525158497208, 0.10815293692596939, 0.11990248760893148], [0.11737573868284942, 0.10198363903117594, 0.10177918572405253, 0.12139056438789617, 0.11264494720953026, 0.09270800214578931, 0.12453818626327792, 0.10795737297267528, 0.11962236358275316], [0.11578125213063961, 0.10139186848389475, 0.10072622685341631, 0.12158287741596814, 0.11374500253436379, 0.09230910712605311, 0.12470569426500033, 0.1087970209414959, 0.12096095024916803], [0.11794242738250157, 0.10224222646441199, 0.10227809667548866, 0.12116408162930623, 0.1124871329503205, 0.09300425952030583, 0.12382540159989469, 0.1075432447554525, 0.11951312902231802], [0.1180134365666338, 0.10221328165266814, 0.10229878242182348, 0.1212205267204481, 0.11241539167103011, 0.09301302473420059, 0.12390416730847698, 0.10745705242288468, 0.11946433650183398], [0.11783373549538545, 0.10213450328821111, 0.10215671673416023, 0.12135392624025884, 0.11247123232510992, 0.09304854669606012, 0.1240459282217007, 0.10768616578917195, 0.11926924520994167], [0.11711636244859534, 0.10182339725668925, 0.10160016907941875, 0.12195371194018217, 0.11256631581320907, 0.09279426295738785, 0.12415310224359531, 0.10814670090397381, 0.11984597735694842], [0.11722209202416425, 0.10183105649315377, 0.10164874225557165, 0.12191143146853159, 0.11253159717719347, 0.09279063697771918, 0.12425800333339576, 0.10805385776958468, 0.11975258250068563], [0.11822405564479369, 0.10211255946678102, 0.10235375834237348, 0.12146199123713411, 0.1121943520019162, 0.09308020962336587, 0.12408537293700243, 0.10723365494400179, 0.11925404580263138], [0.11675855453216794, 0.10174473846872321, 0.10144919034346786, 0.12218292595700712, 0.11295536919748402, 0.09289871931015146, 0.1235949366424239, 0.10839939445472847, 0.12001617109384605], [0.11752931340759355, 0.10185327157022045, 0.10183574006989049, 0.12200285966737641, 0.11236870802497327, 0.09294428279902126, 0.12418120649788972, 0.10782098987621888, 0.11946362808681611], [0.11797820048062459, 0.10207816071139772, 0.1022189983175803, 0.12162652765414941, 0.11231606864007963, 0.09317900969447636, 0.1239560055866853, 0.1075752617066652, 0.11907176720834159], [0.11845530063254826, 0.10201208215232177, 0.10242132174263245, 0.12170841282861083, 0.1119584377784328, 0.09315424847466469, 0.12426432955302075, 0.1069879536659821, 0.11903791317178637], [0.11701134605736117, 0.10175286253826309, 0.10160759908764282, 0.12241578640893815, 0.11270643316657149, 0.0930634173341791, 0.12344604961432327, 0.10821185940904755, 0.11978464638367352], [0.11698359120039911, 0.10168197506853188, 0.10158922738714858, 0.12257715682567392, 0.1127206924676166, 0.09312684653394711, 0.12346227692754361, 0.10816585685616814, 0.11969237673297106], [0.11658497822910267, 0.1014562561663287, 0.10126382923817784, 0.12244396334173419, 0.11297720770089947, 0.0928856485267232, 0.12384682454507298, 0.10823713911925176, 0.12030415313270931], [0.11898222134769454, 0.10186704550213152, 0.1026244683753406, 0.1218110565250536, 0.11146025918156179, 0.09316501983718485, 0.125, 0.10629826382675085, 0.11879166540428222], [0.11712800369154353, 0.10170551101554809, 0.10168787104875633, 0.12268899297880519, 0.11258917764505084, 0.09322238219474302, 0.12331053775628285, 0.10807751374444481, 0.11959000992482534], [0.11833729147214764, 0.10198194052928067, 0.10240877769902441, 0.12220093696129025, 0.11195631677480504, 0.09351624917988782, 0.12356742184093271, 0.10729811171016754, 0.1187329538324639], [0.11707232082040135, 0.10159656876591368, 0.1016090225003705, 0.12277939169195691, 0.11257648150550219, 0.0931808613123538, 0.12336425247595238, 0.10800983512802928, 0.1198112657995199], [0.11890875097078271, 0.10185474290757532, 0.10258873881545316, 0.12220518558066379, 0.11152486009437872, 0.09336575705280109, 0.12438584892329764, 0.10655523964631652, 0.11861087600873105], [0.11803836385255442, 0.10182682064175615, 0.10217432105836927, 0.12260853369631168, 0.11195241938407706, 0.0934212406953998, 0.12358258408464899, 0.10744914982309912, 0.11894656676378353], [0.11766110939045031, 0.10175871333843609, 0.10197386951514872, 0.12283095307332073, 0.11203645268200307, 0.09337876093153592, 0.1234403617114603, 0.10770967474824894, 0.1192101046093959], [0.1171293231317367, 0.10153656741002191, 0.10162143600485996, 0.12291781159509642, 0.11247731725406984, 0.09321855585168277, 0.12328529778475174, 0.10790218474416538, 0.11991150622361525], [0.11707352031040437, 0.10148450741813343, 0.10157038908841519, 0.12293147698444884, 0.11249713685659435, 0.09319002972520178, 0.12332298861994075, 0.10788876691291048, 0.12004118408395095], [0.11750072589124202, 0.10164493927649328, 0.10187863225943429, 0.12308907665080215, 0.11216620313969002, 0.09342297195999025, 0.12305923446485796, 0.10772845068057978, 0.11950976567691014], [0.11705714504814788, 0.10142130523117981, 0.10154263010320247, 0.12300002146365953, 0.11246596809286424, 0.09319422220310715, 0.1232987713714502, 0.10783007103914581, 0.12018986544724289], [0.11796106464271412, 0.10175152108257417, 0.10216500211763278, 0.12310685851048388, 0.1118176931911396, 0.09360433146921023, 0.12321694956632571, 0.10747409951087333, 0.11890247990904607], [0.11714595385356706, 0.10139932454834186, 0.10159152958785342, 0.12312565104399632, 0.11235694206885197, 0.09325713316277527, 0.12318186134533335, 0.10773529488106198, 0.12020630950821878], [0.11885513121962361, 0.10187728244723737, 0.10264727948146544, 0.12263995982502307, 0.11152394289724663, 0.0937483888297282, 0.12362903626870143, 0.10680674860618058, 0.11827223042479366], [0.11804320724377523, 0.10175026181454483, 0.10221248824477887, 0.12315056700202939, 0.1117656281287165, 0.09365009008099973, 0.123173703254807, 0.10740918793118173, 0.11884486629916668], [0.1191389572649086, 0.10179878700659917, 0.10272284397696675, 0.12269601166208666, 0.11130466468170999, 0.09367393069823106, 0.12397224556575313, 0.10644776764261965, 0.11824479150112498], [0.11867157478988133, 0.10189375309688063, 0.10260529616724631, 0.12275711119839759, 0.1115985109788652, 0.09386398252155244, 0.12321862237976229, 0.10702155318906754, 0.11836959567834678], [0.1191578591603816, 0.10179417015756463, 0.10275939575298294, 0.12282387045913584, 0.1112732361028206, 0.09376857749104828, 0.12380877258728272, 0.10646586043091115, 0.11814825785787234], [0.11792205183628673, 0.10159603051913484, 0.10212021071641698, 0.12347758011121611, 0.11169892484830173, 0.09365217811262906, 0.12284806891053927, 0.10735289418267309, 0.11933206076280219], [0.11858700003235571, 0.10183323100797548, 0.1025764214852327, 0.1230932097694956, 0.11154186177337543, 0.09392636352015722, 0.12299224463853717, 0.10705761493514697, 0.11839205283772361], [0.1190923555780063, 0.1018151191845565, 0.10278057651953956, 0.12292699912091777, 0.1113010745351328, 0.09389330184912946, 0.12355191061943586, 0.10658489824661589, 0.11805376434666595], [0.11817403307461613, 0.10162711322077786, 0.10228788111344099, 0.12354451187122069, 0.11150033337270776, 0.09377948910615128, 0.1228109496140967, 0.10719009002516047, 0.11908559860182812], [0.11803285197992183, 0.10156919457278875, 0.10219283616472537, 0.12361310505489785, 0.1115683345255516, 0.09372518399726179, 0.12273749397748512, 0.10723890858537463, 0.11932209114199306], [0.11819672135848687, 0.101608157745138, 0.1023033541920807, 0.1236083891546084, 0.11145659127723781, 0.09380241013809473, 0.12275197917933932, 0.10715308108307506, 0.11911931587193934], [0.11932419339373726, 0.1017593031773043, 0.10290406299244446, 0.1231503187430947, 0.11109942815181648, 0.09399012687867339, 0.12352483433024329, 0.1063567491804803, 0.11789098315220578], [0.11785486925480139, 0.10145832545198102, 0.10208193790315175, 0.12375441539261714, 0.11167470805004086, 0.09368841164979766, 0.1225098066709124, 0.10725109517847248, 0.11972643044822533], [0.11867113749111827, 0.10170280786707135, 0.1026333867528693, 0.12352228761103713, 0.11129436532847457, 0.09405312708704067, 0.12264921035383194, 0.10687985564718898, 0.11859382186136776], [0.12356232363853396, 0.10865971683380339, 0.1094476421405329, 0.11108908383841191, 0.11250537431909255, 0.09762716542727823, 0.11094032619131562, 0.10621772077849652, 0.1199506468325349], [0.12365590829066314, 0.10867607507173405, 0.10954418044462587, 0.11106408878985208, 0.11243879668213852, 0.09772507181807791, 0.11086366475460664, 0.10616081688811388, 0.11987139726018792], [0.12285462644312725, 0.10822381100627892, 0.10882127182233156, 0.1117823438276602, 0.1127586119736399, 0.0970417864832645, 0.11181622904256018, 0.10642779094169633, 0.12027352845944111], [0.12262582597246593, 0.10789839239405546, 0.10825802757335254, 0.11218556601758795, 0.11297225589818387, 0.09648351741211685, 0.11243964998012689, 0.10662143996284111, 0.12051532478926939], [0.12416742639896751, 0.10860790432564187, 0.11013683004140241, 0.11116393726714358, 0.11195131518353414, 0.09835012847029231, 0.11057077887237082, 0.10573529344567835, 0.11931638599496902], [0.12500000000000003, 0.10891944822894509, 0.11095176719035617, 0.11061843220023745, 0.11149814235038683, 0.0991704723471653, 0.10974395007155845, 0.1053749855375159, 0.11872280207383497], [0.12330172832667258, 0.10815960615424941, 0.10940986728741069, 0.11193612031970533, 0.11227024434944717, 0.09766779001688691, 0.11153855387715042, 0.10599418998285579, 0.11972189968562154], [0.12333076554289119, 0.10812349241760132, 0.10948958117122137, 0.11200813656054441, 0.11219180090956041, 0.09776052283585021, 0.11153724140863605, 0.10592644458753815, 0.1196320145661569], [0.1222487641949432, 0.1075174920213852, 0.10839893945326107, 0.11301267787621706, 0.11265555737494912, 0.09675386909724282, 0.11294150396435067, 0.10638636718255987, 0.12008482883509101], [0.1234287679907455, 0.10808357918243792, 0.10969489544217459, 0.11209814678138819, 0.1120203281547241, 0.09799001539714229, 0.11147044410981016, 0.10578003017184438, 0.1194337927697327], [0.1224775408143221, 0.10746374542770927, 0.108587177315273, 0.11310719850256798, 0.11246460834421941, 0.09695344497354977, 0.11285587047701412, 0.10620942344334454, 0.11988099070199977], [0.12266839972664344, 0.10761872040082388, 0.1089308