[[0.11434948113296306, 0.11776172729285632, 0.1227409730676694, 0.10418434763252503, 0.10086869817080915, 0.12468798339512284, 0.09786509476077443, 0.10441403616516164, 0.11312765838211811], [0.11499772544460465, 0.1183458683335623, 0.12336063119990544, 0.10377658570795999, 0.10011963760001762, 0.12486262182306185, 0.09711658661861648, 0.10419003306089814, 0.11323031021137356], [0.11436560298778613, 0.11762923908559397, 0.12256310900854389, 0.1041942566392745, 0.10089788219117792, 0.12482679387946298, 0.09802230300202414, 0.10446766775122507, 0.1130331454549114], [0.11449095232143984, 0.11774141677779658, 0.12274514083641057, 0.10411731004212103, 0.10075450651522137, 0.12479247553179437, 0.09787114096761297, 0.10442263410558078, 0.11306442290202245], [0.11506263298007313, 0.1183099118490431, 0.12325126440509589, 0.10375181036647134, 0.10008072660109396, 0.125, 0.0971596602440295, 0.1042081627976348, 0.11317583075655831], [0.1149715003967512, 0.11814680187989125, 0.1231144360806142, 0.10388400604123278, 0.10029731410969515, 0.12466856988668852, 0.0974532857736953, 0.10432756352537458, 0.11313652230605702], [0.11444106166706741, 0.11761414884644945, 0.122567957070329, 0.10413441793154343, 0.1008058350480738, 0.125, 0.09799698789243745, 0.10445270555793468, 0.11298688598616478], [0.11455523240600506, 0.11760216601632825, 0.12251674942939754, 0.10414581397752586, 0.1008014951269506, 0.12480053908595258, 0.09810545536476316, 0.10452060904544487, 0.11295193954763211], [0.1143005247067612, 0.11723896324641249, 0.12192083043033605, 0.10449968708017819, 0.10136736873337603, 0.12416910138555574, 0.09880335171390729, 0.1048193908586577, 0.11288078184481533], [0.11490859700447949, 0.11778314945935922, 0.12262297673567471, 0.10411174818902538, 0.10066137141952705, 0.1242285121151946, 0.09810393379369173, 0.10460134866556321, 0.11297836261748481], [0.11541122209536975, 0.11817204200785013, 0.12275272727976201, 0.1038874076620545, 0.10017758991250944, 0.12441587172646443, 0.09764949138743559, 0.10449578282936642, 0.11303786509918774], [0.1143696826049752, 0.11720451978204488, 0.12188685043399212, 0.10448464385417909, 0.101338017518809, 0.12417058435721394, 0.09885941248848329, 0.1048475884742228, 0.1128387004860797], [0.11526945905276306, 0.11799857800332249, 0.12266793842207323, 0.10396319785933292, 0.10033724628559704, 0.12436854505617181, 0.097863905515986, 0.10455421729199194, 0.1129769125127615], [0.11513687067658561, 0.1177929495142318, 0.12248990747351746, 0.10408812637151311, 0.10056179267945496, 0.12417236042522117, 0.09818011575375211, 0.10466765829311943, 0.11291021881260434], [0.115776884749291, 0.11823956265355641, 0.1230076031233319, 0.10378851508769682, 0.09992860222032864, 0.12419558015249504, 0.09758370490266478, 0.10452267341272953, 0.1129568736979059], [0.11482691365951377, 0.11751771869203362, 0.12226493792624857, 0.10421436061334978, 0.10084487851034325, 0.12429131358161222, 0.09846958193246003, 0.10473031290018733, 0.11283998218425145], [0.1156783183612087, 0.11813312842288397, 0.12279894771015926, 0.10384758767158024, 0.1000475667013929, 0.12426414457654986, 0.09773718476247159, 0.10456742769834172, 0.11292569409541174], [0.11549932270833004, 0.11798249348137384, 0.1224407289301391, 0.10399633709214624, 0.10031440250561982, 0.12414561750094076, 0.09802756244367618, 0.10467360987769228, 0.11291992546008174], [0.11438907812227343, 0.11700768345976584, 0.1215674431075394, 0.10462623778371563, 0.10154629737683325, 0.12380315545512034, 0.09927410939257107, 0.10504114364202467, 0.11274485166015635], [0.1154064049960595, 0.11786827493934812, 0.12237953204153341, 0.10405740015512885, 0.10043385244409657, 0.12406073332187544, 0.09818752208422948, 0.104723204629903, 0.11288307538782562], [0.11493428473078278, 0.1174742035647841, 0.12215088136539975, 0.10417671617337419, 0.10076624544250241, 0.12446621807913819, 0.09852126447942973, 0.10475238602716848, 0.11275780013742032], [0.11535496748576018, 0.11779307838977951, 0.12232122482882452, 0.10406728564134067, 0.10046876161905585, 0.12416556226758813, 0.0982534661644541, 0.10473257261641013, 0.1128430809867869], [0.11436424631800247, 0.11694143102459637, 0.12145829180841501, 0.10468762725223076, 0.10164024382543291, 0.12366827294310424, 0.09941040774214586, 0.10510337331880573, 0.11272610576726683], [0.11518984477127049, 0.11761565494621687, 0.12220022198076697, 0.10408753118594363, 0.1005596450355218, 0.12447018784140171, 0.09838313760121022, 0.10473523517153029, 0.11275854146613823], [0.1149779300151678, 0.11743485250742054, 0.12207077628023127, 0.10416008957836591, 0.10073401024241319, 0.12458755287626849, 0.09856151849527219, 0.10476599355867106, 0.11270727644618954], [0.11470139572817759, 0.11716132466809225, 0.12175546482510519, 0.10442157162431853, 0.10118545057570764, 0.1240792326734751, 0.09904925830275117, 0.10496059399205813, 0.11268570761031436], [0.11451586328994197, 0.11699179288189429, 0.12152193174157282, 0.10459810739025263, 0.10148769278895009, 0.12376234286758912, 0.0993524462637923, 0.10508597147943798, 0.11268385129656877], [0.11561322286458135, 0.11781561275866019, 0.12245940627224763, 0.10391566994061578, 0.10018558859810156, 0.12447005732538906, 0.09812169911179143, 0.10468720776309666, 0.11273153536551633], [0.1152587353475838, 0.11756033471459151, 0.12207186310960749, 0.10408661849403605, 0.1005418900441475, 0.12453740818985899, 0.09846990106065313, 0.10477591521178034, 0.11269733382774116], [0.11466785917822744, 0.11708061675415717, 0.1216350439476653, 0.10448391281488935, 0.10128413710379446, 0.123966683732922, 0.0991987760228379, 0.10502452218129218, 0.11265844826421416], [0.11485877702998186, 0.11723769875732762, 0.12182712069675443, 0.1042847086234574, 0.10095041788150752, 0.1244454258906055, 0.09887243550065007, 0.10488321152772953, 0.11264020409198605], [0.1150331886053967, 0.11736591085520912, 0.12193967457816209, 0.10414215376095667, 0.10069852024479203, 0.12476380168016972, 0.09863540591413954, 0.10479117915979798, 0.11263016520137614], [0.11519362711402842, 0.117462377112124, 0.12197861474529181, 0.10409659180373187, 0.10058217301946579, 0.12470493986698006, 0.09855227758632717, 0.1047866431839712, 0.11264275556807965], [0.11441153130819104, 0.11679904721260345, 0.12121481425381236, 0.10478095196343386, 0.10177252260777726, 0.12339209441169444, 0.09973357221107819, 0.10525612692419223, 0.11263933910721717], [0.11474136216088347, 0.11705631691548352, 0.1215798066873463, 0.10445008343926697, 0.10121857067655972, 0.12409730139577066, 0.09922190232430925, 0.10503252841914165, 0.11260212798123849], [0.11445280784998939, 0.11679668499034176, 0.1212057251909963, 0.10477041802476682, 0.10174852369990442, 0.12338634320862436, 0.09975200427983184, 0.10526714578585705, 0.11262034696968802], [0.11541480891226633, 0.11748443540643558, 0.12192364688354551, 0.10409838181631154, 0.10051559374439992, 0.12445977956304743, 0.09863233850605926, 0.10486630210882973, 0.1126047130591047], [0.11511257901411014, 0.11727983319023298, 0.12176797071343232, 0.10411570455045013, 0.10064513241683583, 0.125, 0.09872561192686805, 0.10482300587477371, 0.11253016231329684], [0.11481997424322637, 0.11706447349594308, 0.12156961045409581, 0.10439864798469634, 0.10112571373183227, 0.12425298978295783, 0.09918790486885788, 0.1050173429573838, 0.1125633424810066], [0.11585165077645827, 0.1176995560498535, 0.12265352872309447, 0.10372901806637068, 0.09987077613026162, 0.125, 0.09804719016147569, 0.10463540109970779, 0.112512878992778], [0.11527473095659778, 0.11735217812261362, 0.12176345609052622, 0.10412151760889067, 0.10059849570319322, 0.12473524025466547, 0.09873661574489524, 0.10487048943363227, 0.1125472760849855], [0.11566525977703844, 0.1175536817375507, 0.12225722718315193, 0.10395843089075538, 0.10024639843915747, 0.12450307689812552, 0.09846179341923599, 0.1048145905068237, 0.11253954114816087], [0.1154670574825907, 0.11743536116617057, 0.12192390286214266, 0.1041014947222354, 0.10050707424120227, 0.12439909542367403, 0.09870810527150864, 0.1049021947535626, 0.11255571407691317], [0.11473046136457604, 0.11688619737828022, 0.1213093631432213, 0.10456142045957564, 0.1013807840273229, 0.12389152706764169, 0.09954733997092627, 0.10517577189564398, 0.11251713469281195], [0.11530155645242586, 0.1171543590918246, 0.12167279123180762, 0.10418083010029135, 0.10068200137701455, 0.12457288543099528, 0.09903378268780394, 0.10498942663447822, 0.11241236699335859], [0.11447918089120877, 0.11657216184845919, 0.1211191999643761, 0.10484560907930272, 0.10185316576791956, 0.1231432740201969, 0.1001143109997009, 0.10541294067777311, 0.11246015675106276], [0.11607672598548448, 0.11750244719329675, 0.12254358581124157, 0.10374210226644365, 0.09983424618613106, 0.12484874053351384, 0.09836950727947708, 0.10478995345616315, 0.11229269128824858], [0.11614548399552695, 0.1175375959513968, 0.12261067897062532, 0.10373110964193953, 0.09979623356775169, 0.12474116709431805, 0.09834787821775313, 0.1047966657009448, 0.11229318685974383], [0.11460184326199821, 0.1166378435694215, 0.12112140905229377, 0.10475375601371491, 0.10168990510511852, 0.12339575902779598, 0.09999724964902917, 0.1053652290484223, 0.11243700527220563], [0.11588198441302348, 0.11738903870619644, 0.12228541980678873, 0.10387224099052576, 0.10007473923203654, 0.12472700791427219, 0.09858159392854556, 0.10486188096941362, 0.11232609403919769], [0.11556529712511293, 0.11723540976424036, 0.12189207734605545, 0.1041402236871443, 0.10054094993313346, 0.12419657767216678, 0.0990045211180178, 0.10502935451226714, 0.11239558884186195], [0.11600853036060056, 0.1174205943352155, 0.12241816158195265, 0.10375947069052148, 0.09988370232059074, 0.125, 0.09844963633909265, 0.10480294575306132, 0.11225695861896509], [0.11495601836088651, 0.11685853928564899, 0.1215048162447492, 0.10440815725964232, 0.10110886899065633, 0.1241658904960095, 0.09949067475849384, 0.10514147993699935, 0.11236555466691396], [0.11467856245565723, 0.11666128376437676, 0.12115802626909672, 0.1046949158648435, 0.10158676537946906, 0.12353449718634309, 0.09993887124574194, 0.10533903952466075, 0.11240803830981093], [0.1154891807045192, 0.11708075445226977, 0.12202666784769536, 0.10414692450449915, 0.10058243718551099, 0.12418626433132071, 0.09914000315648502, 0.10505124713487357, 0.11229652068282622], [0.11558137992270857, 0.11710898254339874, 0.1220974222281335, 0.10413308449430961, 0.1005334818591339, 0.12406104516760601, 0.09912790711234697, 0.10506497508772135, 0.11229172158464137], [0.1158494962678894, 0.11719345773421481, 0.12222012947316199, 0.10395043342317438, 0.10020127498564918, 0.12450797893321426, 0.09888827107759104, 0.10497812994850358, 0.11221082815660137], [0.11536862923055934, 0.1169584188665471, 0.12204088751214553, 0.10417912063537456, 0.10066967291211093, 0.12420953293253907, 0.09926055653913315, 0.10507008366944817, 0.11224309770214215], [0.11599294447488614, 0.11725855220958735, 0.12227584199349345, 0.10386124348648103, 0.10003445629494057, 0.12470307957561134, 0.09876202304452741, 0.10493669631826477, 0.1121751626022079], [0.1152592994268125, 0.11687905103846358, 0.12198907591722837, 0.10422380842373591, 0.10076759457614543, 0.12420601832334514, 0.0993577654425148, 0.10509138202553964, 0.11222600482621464], [0.11478823094859608, 0.11659603061706794, 0.1214607939373368, 0.10459242657057946, 0.10141951026883261, 0.12361647952785061, 0.09993193706343821, 0.10531473623633901, 0.11227985482995906], [0.11587722973145444, 0.11716426067476096, 0.12229596656511468, 0.10393146372963186, 0.10016917042134178, 0.12450456205964698, 0.09890733119561826, 0.10498168402192075, 0.11216833160051032], [0.11516120828278888, 0.11680577345280925, 0.12192806810228307, 0.10427939458999216, 0.10087606454677513, 0.12414195174309117, 0.09946713063811556, 0.10512446052201996, 0.1122159481221248], [0.11511999991126338, 0.11676301151646576, 0.1219118623513837, 0.10430911575177068, 0.10093065116787608, 0.12407891067411495, 0.09953392205295128, 0.10514746358641021, 0.11220506298776398], [0.11504006826510285, 0.11671317909464453, 0.12183022897044864, 0.10436772507276619, 0.10103614806805275, 0.12398987534842197, 0.09962928930107431, 0.10518279882731443, 0.11221068705217434], [0.11487869007520919, 0.11659685222956347, 0.12164776657270139, 0.104511298644286, 0.10128322154455892, 0.12371222827204531, 0.09986865197660422, 0.10528011038171595, 0.11222118030331554], [0.1154962006999389, 0.11690389661471375, 0.12228907635302423, 0.10412210179074588, 0.10055611731426795, 0.12411535669615399, 0.09928652028646626, 0.10508299172490614, 0.11214773851978294], [0.11524504439126466, 0.11678111125873665, 0.1220957216197135, 0.1042439972637175, 0.10080371102072243, 0.12405532413687315, 0.09948103476546565, 0.10513288396497024, 0.11216117157853606], [0.11482034919830075, 0.11652906353060341, 0.1215955250191531, 0.1045735681845337, 0.1013873668496641, 0.12355793117896786, 0.09999528900101379, 0.10533198689727669, 0.11220892014048683], [0.1156364899515357, 0.1169268333289516, 0.12241816515645781, 0.10404320199512306, 0.10040530859455753, 0.12420883645567529, 0.09920180468477297, 0.10505712854625986, 0.11210223128666617], [0.1153176821816351, 0.11678321906957347, 0.12220613083688206, 0.10421511692762979, 0.1007421991196749, 0.1239979848937136, 0.09946976032700784, 0.10513443451361795, 0.11213347213026532], [0.11519651687084224, 0.11667766830886976, 0.12214745927013426, 0.10428136535667705, 0.10087345731230908, 0.12391874330108218, 0.0996192245586767, 0.10517834021311238, 0.11210722480829634], [0.11506816166207004, 0.11658291532918096, 0.12203599625150686, 0.10435099161361124, 0.10101079113507665, 0.12388361946018597, 0.09975591123084855, 0.10521852601320274, 0.11209308730431705], [0.11532505032696384, 0.11660590199042228, 0.12245714476135289, 0.10413706237861202, 0.10064342452702554, 0.12420709029228395, 0.09954339014025532, 0.1051204301802911, 0.11196050540279304], [0.1148569638151112, 0.11634379710287342, 0.12187977260671706, 0.10448474348544143, 0.10126498560655241, 0.12374264798023349, 0.1000889903495412, 0.10532592073659383, 0.11201217831693593], [0.11494077324548826, 0.11630599282196721, 0.12210904733208346, 0.1043698048636943, 0.10108674798442778, 0.12399481132036579, 0.10001107764951356, 0.10526966092671251, 0.11191208385574719], [0.11598032388481141, 0.11672627885887174, 0.12307744496828286, 0.10368856650500098, 0.09983416054659068, 0.125, 0.09908523671866871, 0.10494567667210795, 0.11166231184566562], [0.114999092870094, 0.11630626674728121, 0.12223480901785569, 0.10430199273440086, 0.10097790955408437, 0.12413413226059986, 0.09994375411427757, 0.10523255853941287, 0.11186948416199377], [0.11592440668977293, 0.11658734247391826, 0.12328157420160674, 0.10371740094527475, 0.09989523841607086, 0.12476854206632715, 0.09925385491095717, 0.10499471759174007, 0.1115769227043321], [0.11490272529281981, 0.11616382206291823, 0.12217840625770458, 0.10436906631526874, 0.10110239976762718, 0.12403594793179179, 0.10014194985245609, 0.10529836034578731, 0.11180732217362625], [0.115574460197612, 0.11640913136610108, 0.12314876277974524, 0.10379680817350448, 0.10011863237969047, 0.125, 0.09939445304464141, 0.10498128742874907, 0.11157646462995627], [0.11530009900598336, 0.11628357506344812, 0.12284691752741544, 0.10401243895867303, 0.10049670235351338, 0.12461275672771208, 0.09968943068753683, 0.10509843234622884, 0.11165964732948888], [0.11555060958474159, 0.11636365265353815, 0.12318450154689896, 0.10381603759379483, 0.10015322906086857, 0.12491347133890755, 0.09946049025930585, 0.10500379440605048, 0.11155421355589418], [0.11491725068613658, 0.11608783368147746, 0.12228963894293388, 0.10433058700690205, 0.10104866171013571, 0.12412944998274564, 0.10017575340737843, 0.10529406896146185, 0.11172675562082841], [0.11515930428989607, 0.11603395872100797, 0.12289313968742231, 0.10401555108400463, 0.1005529327912725, 0.12482753909674779, 0.0998976570711175, 0.10512598839113302, 0.11149392886739823], [0.1152187252548933, 0.11603022183358096, 0.12303775310843616, 0.10393723522541227, 0.10042988175273758, 0.125, 0.09982731107338061, 0.10508392325082679, 0.1114349485007323], [0.11500374333894145, 0.11594723560083811, 0.12262679120673267, 0.10419614707476035, 0.10084519818555097, 0.12441414882158824, 0.10017513859984209, 0.1052534406350226, 0.11153815653672348], [0.12092396386542174, 0.10460275750571664, 0.10258073498197869, 0.11629287284351687, 0.1120773420101868, 0.09451825571261216, 0.12415965496450138, 0.12364805724108906, 0.10119636087497653], [0.11911227688901346, 0.10512349948874969, 0.10321781175673951, 0.11630843755206384, 0.1116164684244163, 0.09480513631593743, 0.12499999999999999, 0.12314683042392724, 0.10166953914915244], [0.1199564888820291, 0.10477259680537027, 0.10281283051949593, 0.1162735150915648, 0.11177041771343445, 0.09452836927064691, 0.125, 0.12355935445960943, 0.1013264272578491], [0.1209517052654251, 0.10460617352992607, 0.10262846483844108, 0.11624508040330643, 0.11205534089714739, 0.09458668144563899, 0.12413140156456805, 0.12357804780183325, 0.10121710425371364], [0.12093061916167794, 0.10461574753765714, 0.10267082982559368, 0.11621316965769703, 0.11201802610545725, 0.09463423991118305, 0.12414315455650392, 0.12353733852524527, 0.10123687471898472], [0.12127491898695135, 0.1045730617990989, 0.10265683944085884, 0.11615649035857173, 0.11217654160364918, 0.09472022424037996, 0.1238317023236103, 0.12338176124858156, 0.10122845999829821], [0.11967280913591506, 0.10496358624362181, 0.10318297007937993, 0.1161521440044211, 0.11161769633935571, 0.09491651712682785, 0.12465648249384517, 0.12326200631433197, 0.1015757882623014], [0.11885553604777148, 0.10531219854148573, 0.10363188049211229, 0.11612445384839631, 0.11147222777103413, 0.09525383932184224, 0.12462887950015092, 0.12278675863220521, 0.1019342258450017], [0.12102963143938317, 0.10465293751521856, 0.10292777113721645, 0.11598589437051729, 0.11190969955688179, 0.09499790889468879, 0.12393774717896935, 0.12319665835628917, 0.10136175155083542], [0.12054570900746857, 0.10476175275563773, 0.10314069647161993, 0.11592171977846366, 0.1116589864200889, 0.095125480727316, 0.12422556371159334, 0.12314289775966777, 0.10147719336814413], [0.120619618743605, 0.1047738234602734, 0.1032243397589016, 0.11585009012138446, 0.11162801067114766, 0.09525994817120531, 0.1240884281347478, 0.12303348675765409, 0.10152225418108066], [0.12222848580334086, 0.10414175589512627, 0.10246323049075401, 0.11632823545281985, 0.11225914571764661, 0.09478166970134684, 0.12418629784512936, 0.12269242241799602, 0.10091875667584008], [0.11970463943968049, 0.10510120746219286, 0.10370036408905779, 0.1158015946748364, 0.11132889445546389, 0.0955529690072309, 0.12418421761395516, 0.12277599455860269, 0.10185011869897984], [0.11936009816314468, 0.10531232810843925, 0.10409385922307521, 0.1155529242634756, 0.11092002743085873, 0.09566888977082481, 0.125, 0.12204586979728482, 0.1020460032428969], [0.11974936509854144, 0.10516508054333792, 0.10387368651263923, 0.11569273185042722, 0.11117817443165058, 0.095700756827522, 0.1241302535175421, 0.12257141897722756, 0.10193853224111196], [0.12107980120962812, 0.10472736385275114, 0.10327524950016843, 0.1157163433554471, 0.11176982791811826, 0.09548223993348938, 0.12361919308056273, 0.12278280853892429, 0.10154717261091045], [0.12210019509696074, 0.10417593835583143, 0.10264153612936848, 0.11613290550304628, 0.11208559778535422, 0.09498516448746387, 0.12439753865567653, 0.12248347316308407, 0.1009976508232145], [0.12099648797341635, 0.10475350074649342, 0.10333946247466765, 0.11568843982203711, 0.11170456149505965, 0.09554096775161255, 0.12364070286630904, 0.12275347359777244, 0.10158240327263178], [0.12000920348993994, 0.10512653699831898, 0.10393346877578429, 0.115581465616327, 0.11112594855709862, 0.09582642705940188, 0.12396540115758524, 0.12248957720263383, 0.10194197114291022], [0.11981372392117093, 0.10519199608245423, 0.10405131947695145, 0.11551251238201127, 0.11097344693232476, 0.0958369347690621, 0.12433516624217332, 0.12228920350527331, 0.10199569668857875], [0.12216307493398561, 0.10411492869031784, 0.1026900000296129, 0.11604607896410987, 0.11200135850987215, 0.09508751210498623, 0.12463813701242775, 0.12228058928949674, 0.10097832046519088], [0.1215048066736549, 0.1044717323022631, 0.1031728281635501, 0.11569856823199445, 0.11173974562628305, 0.0955026165708241, 0.12423191779880835, 0.12231994984500504, 0.10135783478761688], [0.12041258699647582, 0.10501573723889238, 0.10393264224541715, 0.11543096458269332, 0.111091018435101, 0.09594247067060444, 0.12389296613171409, 0.12239436238855086, 0.10188725131055096], [0.1204918490667469, 0.1049617268641882, 0.10385606663119604, 0.11543887979339934, 0.11115487393180593, 0.09591392899352431, 0.12390965416383574, 0.1224347142651616, 0.10183830629014205], [0.12119019342429312, 0.10465061833073139, 0.10342534238040146, 0.11551732993919601, 0.11160694944779358, 0.09573215957876434, 0.1239486143155916, 0.12237430358565557, 0.10155448899757298], [0.12002660990609666, 0.10520429372157682, 0.10425050121130523, 0.11530388541442498, 0.11078632344927383, 0.0960520558355187, 0.1242928450059085, 0.12202101145972166, 0.10206247399617353], [0.12231265157472997, 0.10403740650955248, 0.10268275975462293, 0.11604137099761226, 0.11201143835186098, 0.09515060998566661, 0.1247189333803137, 0.1221078821480608, 0.10093694729758025], [0.12072866565757912, 0.10485893648658758, 0.10373153612391214, 0.11542295704544143, 0.11130994884140744, 0.09594540501351016, 0.12381813303401079, 0.12241556187759679, 0.10176885591995453], [0.12004150791989932, 0.10530891592182753, 0.10449104293589304, 0.11513760328978914, 0.11058863805137896, 0.09618495764544728, 0.12441782914450208, 0.12164910437013768, 0.10218040072112475], [0.1203452294060093, 0.10513272157984192, 0.10419952245008599, 0.11528874162409557, 0.11083609936487905, 0.0961191880529339, 0.12394100593836477, 0.12211318114085953, 0.10202431044292998], [0.12065949693725296, 0.10490991897715868, 0.10387456520908699, 0.1153368780700462, 0.1110841618001615, 0.09596505306247809, 0.12403265565374291, 0.12232532507596344, 0.10181194521410938], [0.12211646227357295, 0.10409466964587055, 0.1028182806276513, 0.11588936634700836, 0.11186694101841425, 0.09527185668329421, 0.12489936755244496, 0.12203169032948404, 0.10101136552225937], [0.12079626911909949, 0.1048478674987137, 0.10377672671219412, 0.11535322774438925, 0.11122041715254341, 0.0959773628933176, 0.12391971531184846, 0.12233998907060294, 0.10176842449729102], [0.1201447157762829, 0.10529346836927493, 0.10452060037472442, 0.1150924818771441, 0.1105587033274727, 0.0962436961853698, 0.12433546715365298, 0.12162706518569384, 0.1021838017503843], [0.12062485002278978, 0.10497633821857869, 0.10404496273321176, 0.11523827114796864, 0.1108937527211503, 0.09605950945312314, 0.12410932881842045, 0.12216529553414773, 0.1018876913506096], [0.12203584516272502, 0.10411403198463716, 0.10289664969006355, 0.11580463207691852, 0.11179055876688941, 0.09535887182335122, 0.125, 0.12195070917998461, 0.10104870131543055], [0.12196514991092428, 0.10416409460221608, 0.10300787812504146, 0.11573727035130131, 0.1117382186004882, 0.09549278367482401, 0.1249005616452626, 0.12187183626791832, 0.10112220682202372], [0.12099078705681586, 0.10481521849363921, 0.10390367506086792, 0.11515415310563684, 0.11097872036235122, 0.09607575576370153, 0.12419764180350057, 0.12211552905771401, 0.10176851929577295], [0.1207666578375602, 0.10496622856073984, 0.10416419770598748, 0.11508298300231307, 0.11072149443264752, 0.09617209872375727, 0.12424902423473022, 0.12196769248482961, 0.10190962301743481], [0.1203665146389737, 0.1053834984824765, 0.1048267283222224, 0.11486516839370373, 0.11035116286982206, 0.09654044439920507, 0.12407004535665718, 0.12126273295548343, 0.10233370458145595], [0.12170799726492346, 0.10432555638919572, 0.10325152806515114, 0.1155871101616067, 0.11161877600733877, 0.09572753330557983, 0.12466317729479642, 0.12181176790247755, 0.10130655360893046], [0.12102209532932677, 0.10481761976533761, 0.1039679751702909, 0.11508295610947002, 0.11086915294261315, 0.0961076476555876, 0.12432049774979055, 0.1220336342163964, 0.10177842106118698], [0.12048936950674485, 0.10527222818022995, 0.10467502578724182, 0.11491275485770248, 0.11042686712990728, 0.0964796251544386, 0.12404603222062066, 0.12146849646300864, 0.10222960070010557], [0.12022958796926894, 0.10553116597361074, 0.10511580728789952, 0.11467532902514557, 0.11013670675470438, 0.09670049528562354, 0.12385709993436426, 0.12125888269816879, 0.10249492507121438], [0.12098391246703882, 0.10484852300389431, 0.10404741885401028, 0.115038160706484, 0.11076749040958077, 0.09613665380351905, 0.12439733002560446, 0.12197093172029452, 0.10180957900957378], [0.12139279341054277, 0.10458819075934134, 0.10363980717587858, 0.11529052986281331, 0.11138902381281575, 0.09606427360269973, 0.12414696468070253, 0.12189392999361064, 0.10159448670159534], [0.12043615840025393, 0.10544318974455155, 0.1050900980570481, 0.11460347467038053, 0.11008194209467671, 0.09672437345140832, 0.12407065007988896, 0.12111813164768655, 0.10243198185410546], [0.12056070747171783, 0.10535425070224287, 0.10494526798904197, 0.11468243231604429, 0.11018095338430421, 0.09666203431957389, 0.12420665159048738, 0.12106363245743197, 0.10234406976915557], [0.1220932380916215, 0.10407819029943956, 0.10306628561780602, 0.11569006818927358, 0.1117294442070938, 0.09567589788242827, 0.125, 0.12156001302658265, 0.10110686268575465], [0.12168868393376661, 0.10434879336312204, 0.10340276524880139, 0.11549962281728664, 0.11155076786096577, 0.0959505018497428, 0.12456068943818206, 0.1216144260027867, 0.101383749485346], [0.12075415829667907, 0.10519887907842074, 0.10474310089180613, 0.11473785375757606, 0.11027812406483707, 0.09658859849646677, 0.1241794404596439, 0.12131820734264209, 0.10220163761192805], [0.12127463424767757, 0.10476846438042937, 0.1041102246469256, 0.11484509789394516, 0.11061257289592874, 0.09624053264217831, 0.12461947309651521, 0.12175369702567618, 0.10177530317072388], [0.12170707444888429, 0.10444669385373552, 0.1035860035492797, 0.11531793856131611, 0.11139674062967707, 0.09610358258261316, 0.12434621952331146, 0.12159805163706221, 0.10149769521412068], [0.12119279989363381, 0.10483585865992791, 0.1042494006245799, 0.11478906088519752, 0.11047752533337253, 0.09631060339806549, 0.12464161465448552, 0.12165753095113208, 0.10184560559960504], [0.12079389521157034, 0.10522888140291489, 0.10487856022397271, 0.11460485152893478, 0.1101298082444768, 0.09666327236988502, 0.12436016933850311, 0.12109453227082367, 0.10224602940891876], [0.1213338340806453, 0.10478253974383452, 0.10424779028942024, 0.11471016767920979, 0.11042556388401321, 0.09633451050837187, 0.12477459285984557, 0.12158021663193753, 0.101810784322722], [0.12149087181290487, 0.1047185227391627, 0.10412859547183832, 0.11474963266913273, 0.11057610813924611, 0.09632080998856311, 0.12461884377393419, 0.12163838516923749, 0.10175823023598052], [0.12084309751352984, 0.10528584794494061, 0.10508711743589627, 0.1144232028581445, 0.10993904055159832, 0.0968063987806819, 0.12447157152179782, 0.120813399391607, 0.10233032400180361], [0.12161573095922515, 0.10469951071710179, 0.10404348180917716, 0.11481332238020463, 0.11083999759743282, 0.09637951399451984, 0.12418462854318672, 0.12166335067256047, 0.10176046332659142], [0.12080481632338916, 0.10533476337138017, 0.10519534510110375, 0.11435015952327028, 0.10985830612687687, 0.09687150487129133, 0.12438656425882498, 0.12081149363243328, 0.10238704679143008], [0.12192528882094482, 0.10436196315803835, 0.10358145485721176, 0.11528383450622573, 0.1113575955887608, 0.09615746323756746, 0.12450558645459756, 0.12137908906194723, 0.10144772431470607], [0.12113611787731018, 0.10502928196437457, 0.10466549216307301, 0.11461414461936938, 0.11022411352563712, 0.09665877610035234, 0.12426498400885341, 0.12131942219022226, 0.10208766755080775], [0.1210946558462019, 0.10509169065373436, 0.10476236432256825, 0.11459296136907175, 0.11019196086255131, 0.09672291092201704, 0.12414368320382314, 0.12124645796682788, 0.10215331485320427], [0.12110442602840646, 0.10506922501545145, 0.10472839689759635, 0.11460199058487863, 0.11020846441769318, 0.09670829250324295, 0.12417034135631212, 0.1212770103529923, 0.10213185284342659], [0.12178983073042392, 0.10468224630602586, 0.10413557706900312, 0.11468472044064801, 0.11070091116890589, 0.09648062347884316, 0.12424375439539806, 0.1215087294139558, 0.10177360699679641], [0.12157758029836552, 0.10470904908396704, 0.10429591979651565, 0.11454375430000684, 0.11028817408301883, 0.09641388909311996, 0.12499999999999999, 0.12139657612112882, 0.10177505722387725], [0.12168361007085494, 0.10469547490419119, 0.10426954046519561, 0.11455667339379379, 0.11035888564409321, 0.09644793019443909, 0.12480643192091172, 0.12140769906256116, 0.10177375434395915], [0.12215040353436554, 0.10415997010117387, 0.10344342656781788, 0.1153044551307443, 0.11139061158507527, 0.09611068376039823, 0.125, 0.12115781877553437, 0.10128263054489052], [0.12167632630507712, 0.10487430815465476, 0.1047129075165698, 0.1143414162783258, 0.11002574568344832, 0.09680892439620085, 0.12449220946687481, 0.12106085317890392, 0.10200730901994474], [0.12140648955075298, 0.10508055316914335, 0.10517548657527534, 0.11405208896738966, 0.10961269060961479, 0.09696637128826131, 0.12499999999999999, 0.12049301960946873, 0.10221330023009371], [0.12197780147472005, 0.1046956889648088, 0.1044370535425502, 0.11437627342052105, 0.11021026098575087, 0.09666734677399733, 0.12463589969433354, 0.12116776985681307, 0.10183190528650499], [0.12183224492658869, 0.10480011224304361, 0.10464050872826144, 0.11431090701076116, 0.11004285045312186, 0.09678059194978172, 0.1245946976301318, 0.12105574119749242, 0.10194234586081728], [0.12240213307499424, 0.10421957294726224, 0.10365304656430911, 0.11509308916913444, 0.11120051658446042, 0.09633724314309082, 0.12474094523943198, 0.12096645132579206, 0.1013870019515247], [0.12163256226138644, 0.10502163288039433, 0.10507426640339311, 0.11413583152627448, 0.1097622749887255, 0.0970335850472107, 0.12446203801702257, 0.12069525646367675, 0.10218255241191601], [0.12168598912391772, 0.10501958822097167, 0.10511697117146024, 0.1140836183663772, 0.10971164275768507, 0.09707188886013762, 0.12449124295020204, 0.12062771218095057, 0.10219134636829785], [0.1218050475845936, 0.10496360502756714, 0.10500714826054057, 0.11415762616615642, 0.10985052880330974, 0.09711566450942061, 0.12416397359641873, 0.12077852795455947, 0.10215787809743375], [0.12232863907608901, 0.10467589745232726, 0.10450413690471216, 0.1142731015614712, 0.11022094964098665, 0.0968676246205832, 0.12425733563977444, 0.12100223606356006, 0.10187007904049604], [0.12229244185835304, 0.1046892116894374, 0.10455371137276337, 0.11424093336014517, 0.11014435898119629, 0.09687379775279603, 0.12434953714147179, 0.12097434047001301, 0.10188166737382388], [0.12190992333936042, 0.10501024006616985, 0.10524812486826896, 0.11393118701735419, 0.10958295532215241, 0.0972318358730594, 0.12441682405754569, 0.12044222472107714, 0.10222668473501206], [0.122568749895667, 0.10449852853831985, 0.10426384599169193, 0.11438164361935267, 0.11054367716851236, 0.09680303977067145, 0.12433522930419381, 0.12088665232448244, 0.10171863338710847], [0.12237254860565505, 0.1047083562536724, 0.10472102825330344, 0.11408774126914921, 0.10993997307637476, 0.09700198032634598, 0.12445108850352324, 0.12078723577356815, 0.10193004793840776], [0.12204542707352524, 0.10492446985065375, 0.1050763468058111, 0.11402841667770273, 0.10975196151456161, 0.0972353094282776, 0.12414638156751255, 0.12063252939154584, 0.10215915769040948], [0.12213663573609612, 0.10500272238306832, 0.10539094107259776, 0.11376689297657153, 0.10944085918999813, 0.09739833180813698, 0.12436003746575498, 0.12023826915477821, 0.10226531021299798], [0.12272461998930793, 0.10453107588737999, 0.10443303555044195, 0.11417560981428164, 0.1103597789791593, 0.09697568541335688, 0.12427858308167614, 0.12073296855421833, 0.10178864273017782], [0.12293244904103576, 0.10442720653554984, 0.10437808403414099, 0.11416633554974563, 0.11034003334042514, 0.09696878098052301, 0.12450192841945378, 0.12057772618654795, 0.10170745591257793], [0.12305004363745262, 0.10422278652673925, 0.1040852255973629, 0.11438995752299033, 0.11052403198412007, 0.0967483003538715, 0.125, 0.12048547016204693, 0.1014941842154164], [0.12224419757698855, 0.10501403605589216, 0.10570241170415498, 0.11338769864403485, 0.10903387976020759, 0.09758091417840999, 0.12499999999999999, 0.1197141415228254, 0.10232272055748637], [0.12297838137985662, 0.10446805633442022, 0.10448701757977397, 0.11406100470349813, 0.11024988053674174, 0.0970771543151624, 0.1243941033068181, 0.12051729139707702, 0.1017671104466518], [0.1225432271286985, 0.10479675938855051, 0.10521021044336658, 0.11368872218727125, 0.10946578496293866, 0.09745131743339247, 0.12447606165461114, 0.12025039187506029, 0.10211752492611069], [0.1231341465301648, 0.1043976534274537, 0.10444494307308103, 0.11406341420136315, 0.11024581362413442, 0.09707137221155313, 0.12451789717345571, 0.12041288178425708, 0.10171187797453696], [0.1225784876621306, 0.10494624429275091, 0.1056243576951051, 0.11343049740067332, 0.10914341796409886, 0.09767380740864642, 0.12446788080122194, 0.11984009523278481, 0.10229521154258803], [0.12289227357841828, 0.10457624477915779, 0.10492235573054202, 0.11365472564440485, 0.10953150245854466, 0.09724950809537582, 0.125, 0.12027990614135395, 0.1018934835722026], [0.12309222558420116, 0.10455824213030734, 0.10478621779092519, 0.11376843214267168, 0.10981144217823606, 0.09726824083344479, 0.12446014506553328, 0.12036982762498538, 0.10188522664969515], [0.12327646091789327, 0.10438318567539745, 0.10449657781079419, 0.11399658760376684, 0.11018656477041629, 0.09715137379285373, 0.12448801459817752, 0.12029927360108306, 0.10172196122961769], [0.123344123716928, 0.10434720605641021, 0.10446200556195033, 0.11401919424793253, 0.11020514259836466, 0.09713808841591755, 0.1245363320160013, 0.12025676185209319, 0.10169114553440223], [0.12332487517747973, 0.10452683870557263, 0.10477315911190178, 0.11374983044353264, 0.10997766389381132, 0.09739230935793629, 0.12411818127584452, 0.12024222330219109, 0.10189491873173002], [0.12346284080889718, 0.10432085363453451, 0.10446822634988708, 0.11400731856032063, 0.11019592549646001, 0.09717751365778143, 0.12451576499197578, 0.12016989045585494, 0.10168166604428844], [0.12333473568028241, 0.10454993715826748, 0.10495812116673145, 0.11356792694037426, 0.10958368964121998, 0.09745329684545347, 0.12450207694480918, 0.1201227563204242, 0.10192745930243759], [0.12356587611680522, 0.10433600692685394, 0.10454736322859698, 0.11393014473048599, 0.11013067168457852, 0.09727477493817079, 0.12441065902284211, 0.12008561812387233, 0.10171888522779392], [0.12294325151339644, 0.10484881154268018, 0.10556788174064803, 0.11337998220330199, 0.10918910924794376, 0.09783264111401756, 0.12415009233555135, 0.11982892864677396, 0.10225930165568674], [0.12337351046570796, 0.1045529462948006, 0.10500519567161085, 0.11352219226252888, 0.10952970626076945, 0.09749687012187523, 0.1245109116479177, 0.12006745677084421, 0.10194121050394514], [0.1230047610869217, 0.10493645294833158, 0.10575815264586867, 0.11325028278085023, 0.10903186689656501, 0.0979380431702233, 0.1241099713455341, 0.11963605214660764, 0.10233441697909765], [0.12303283614622919, 0.10473427230469651, 0.10540556021184248, 0.11338232975419582, 0.10923169677955498, 0.09775641922820141, 0.1244371058687853, 0.11986995388526485, 0.10214982582122946], [0.12311492039554245, 0.10493218808199993, 0.10577675881040856, 0.11322246043299601, 0.10902849826381211, 0.09800760192365805, 0.12396809520857276, 0.11960492239876273, 0.1023445544842474], [0.12366873287722141, 0.1045345979503211, 0.10502734394362424, 0.11345519355989402, 0.10962831425271773, 0.09764739593395533, 0.12413780365654015, 0.11993310352823262, 0.10196751429749362], [0.1233252958199978, 0.10465298738822137, 0.10534080241622107, 0.11332336192259639, 0.1092414824732083, 0.09776761849192178, 0.12444922644411202, 0.11980945094706466, 0.1020897740966566], [0.12319841340965228, 0.10487278429206973, 0.10572403251074738, 0.11321484345124769, 0.10905046171679358, 0.09802408057011087, 0.1239905738958787, 0.11961322638698797, 0.10231158376651184], [0.12372678756138736, 0.10455417870804039, 0.10515800313310748, 0.1133511274826293, 0.10942736894014353, 0.09774422755034025, 0.12421175247327784, 0.11981882865570902, 0.10200772549536483], [0.12378884734142308, 0.10453826107306548, 0.10510746650950964, 0.11337331357213547, 0.10954050885315966, 0.09774256096114876, 0.12408678487975011, 0.11982686535258827, 0.10199539145721954], [0.12378367594940796, 0.10455458566849803, 0.10518381423669547, 0.11332242861016768, 0.10941179924171918, 0.09778484896119881, 0.12416265629319671, 0.11977738695710152, 0.10201880408201464], [0.12339791745296086, 0.10494900329432329, 0.10588069342168756, 0.11307470575902423, 0.10892491844428057, 0.09819153992186751, 0.12378613323024004, 0.11942358578143578, 0.1023715026941802], [0.12391652032306476, 0.10452212496636759, 0.10508088489518018, 0.11340891021658893, 0.10968196540646158, 0.09781369393588961, 0.12381148940208112, 0.11976179708773967, 0.10200261376662659], [0.12370831452892002, 0.10463565520609643, 0.10545786795777473, 0.11316485249821809, 0.10916097248069692, 0.09799521125490197, 0.12415613558971525, 0.11958443237703584, 0.10213655810664075], [0.12359531656350471, 0.11046739628794233, 0.10980454984920011, 0.11313881652555849, 0.1066487512563873, 0.09868872227742126, 0.11126297861540523, 0.12006652335013665, 0.10632694527444381], [0.12368547565653298, 0.11051200524539848, 0.10988417798232161, 0.11307184288294699, 0.1065752417490727, 0.09875728554505171, 0.11117463624067088, 0.11998421640233102, 0.1063551182956738], [0.1229942844231176, 0.11000399509917742, 0.109384648372034, 0.11341041425167543, 0.10707451341238235, 0.09842697123967922, 0.11227531502957375, 0.1204381139076633, 0.10599174426469674], [0.12291823802454677, 0.10962298953664076, 0.10896756787815037, 0.11361830237569906, 0.10740034036705844, 0.09809485973029075, 0.11297196925257315, 0.12070538948026578, 0.10570034335477478], [0.12418352859243757, 0.1106914561618553, 0.11042428767632452, 0.11259275520480158, 0.10610787796156557, 0.09927510463141127, 0.11084984382222135, 0.11942630859184761, 0.10644883735753538], [0.125, 0.11116281076929878, 0.11105414762762604, 0.11209178323888337, 0.1055180083354238, 0.09977553906149562, 0.10985513281488632, 0.11876854891453859, 0.10677402923784747], [0.12335806946911537, 0.11019234050369918, 0.10992707893361381, 0.11295318602882165, 0.10662471869403559, 0.09896218601006203, 0.1119851451177658, 0.11989700370832308, 0.10610027153456349], [0.12338664634722074, 0.11020205722036214, 0.11000882199802632, 0.11288080643002556, 0.10656496820136221, 0.09905399221643336, 0.11198793290699101, 0.11981171810773851, 0.10610305657184015], [0.12239088148580096, 0.10952179324025409, 0.10925648054295319, 0.11337059238238796, 0.10734786930614149, 0.09857153055857644, 0.11356439524297382, 0.12033872594153867, 0.10563773129937337], [0.12348088856573435, 0.11025347960678034, 0.1102025931247062, 0.11271860948894429, 0.10641759093487053, 0.09925694397622914, 0.111919243668492, 0.11961843381551064, 0.1061322168187325], [0.12260740764110038, 0.10956256773307825, 0.10943217857937367, 0.11319824032861213, 0.1071768414949835, 0.09874585427630893, 0.11348110143182571, 0.12014453886862796, 0.10565126964608947], [0.12277772461570864, 0.10975583352302642, 0.10968428930879795, 0.1130461162689634, 0.106953157131115, 0.09893810629546881, 0.11307334986797617, 0.11998423916502744, 0.10578718382391614], [0.12292738845364079, 0.