[[0.11764601203977747, 0.10385157646194917, 0.10408493692955682, 0.11417921572075998, 0.10048292109231766, 0.12270485894434706, 0.09934084293420571, 0.1246829953155272, 0.11302664056155894], [0.11825894957756732, 0.10349935753444273, 0.10391820549130461, 0.11486707199422883, 0.09979464100287813, 0.12333921715163224, 0.0987931996973934, 0.12486082733794508, 0.11266853021260753], [0.11751194236742979, 0.10386315847403496, 0.10414092059214539, 0.11419636946038332, 0.10051432622557122, 0.12252432884471263, 0.09951337396001847, 0.12482403751417848, 0.11291154256152575], [0.11762957544704863, 0.10379554644680375, 0.10410557498888162, 0.11432902735050772, 0.100380928342599, 0.12271039763077594, 0.09939889599328404, 0.12478927796389767, 0.11286077583620162], [0.11822421294330213, 0.10347962462549422, 0.10394182285466518, 0.11493533697733922, 0.09976151489357088, 0.12322886339579198, 0.09886123716190957, 0.125, 0.11256738714792683], [0.1180551848293844, 0.10360171665588053, 0.10405120384287274, 0.11483743429526745, 0.09996707599586822, 0.12308922889970267, 0.0991206455235309, 0.12466413915976388, 0.1126133707977293], [0.11749904395096228, 0.10380923799041851, 0.10413248597455445, 0.11427650575225134, 0.10042878076275255, 0.1225300548649609, 0.09952009503636619, 0.125, 0.1128037956677338], [0.11748983332563133, 0.10382915279894722, 0.10420963895678961, 0.11439663343634351, 0.10043405201194806, 0.1224790424169279, 0.0996611973775939, 0.1247975103641384, 0.11270293931167986], [0.11711279729791368, 0.10416642729721737, 0.10449132828474655, 0.1141265905415626, 0.10098318896024226, 0.12187077444404457, 0.10026690606316005, 0.1241555940262781, 0.11282639308483482], [0.11768281579829942, 0.10382134522646834, 0.10431775246836607, 0.11476829932170658, 0.10032299892630428, 0.12258992970980226, 0.09974922103090261, 0.12421778635559766, 0.11252985116255279], [0.11809194052372263, 0.10363972746513579, 0.10425523972290199, 0.11529873233752225, 0.09988638837173906, 0.12272636363189873, 0.09943876404764297, 0.12440901908594074, 0.11225382481349583], [0.11707987811744382, 0.10415662453164791, 0.10452537226071576, 0.11419971482642811, 0.10095968689622285, 0.121837074392849, 0.10034852862899085, 0.12415732285908007, 0.1127357974866216], [0.11791178842314733, 0.1037024258009021, 0.10430077150648971, 0.11514883933235645, 0.1000315269557449, 0.12263903020237343, 0.09961688715992348, 0.12436071754491762, 0.112288013074145], [0.11769894531995947, 0.10381536515871845, 0.10440245612704621, 0.11500822227501242, 0.1002430362071416, 0.12245716741904346, 0.09989506754091297, 0.12416156521967507, 0.11231817473249034], [0.11817054727931971, 0.10357197309576355, 0.10431362623347695, 0.11568272859961663, 0.09967265548023915, 0.12298726331260298, 0.09948354044671037, 0.1241873680599966, 0.11193029749227407], [0.11741101214913764, 0.1039179318064737, 0.10444124220811096, 0.11468183292420117, 0.10050039674050534, 0.12222593257393909, 0.10010255923992678, 0.1242812068408214, 0.11243788551688391], [0.11805964694707796, 0.10362123853175807, 0.10434878147052491, 0.11557856829072612, 0.09978055404458963, 0.12277539454351453, 0.09961018186088375, 0.12425627028592308, 0.11196936402500193], [0.11790115362767868, 0.10375288382801993, 0.1044380068762115, 0.11538920044497934, 0.10002827197147057, 0.12241106444264113, 0.09984113756817548, 0.12413571436123029, 0.11210256687959308], [0.11688056294547942, 0.10430218616265614, 0.10472369123983036, 0.11422030779900616, 0.10117325825552606, 0.12151284712209634, 0.10076860415624633, 0.12378411923535852, 0.11263442308380067], [0.11778254430821826, 0.10380564868028487, 0.10447945680597745, 0.11529108016966794, 0.10013854221880245, 0.12234803133588024, 0.09997651592734813, 0.12404944237551532, 0.11212873817830524], [0.11737014767309081, 0.10388880174661363, 0.10447243113538515, 0.11479511049362591, 0.10043117593042304, 0.12211148784969476, 0.10019740564088306, 0.12445883771026651, 0.11227460182001711], [0.11770496871700242, 0.10381136852273873, 0.10448478909781753, 0.11523705019669896, 0.10016885001969884, 0.12228847492303382, 0.1000341244633688, 0.12415536068090076, 0.11211501337874015], [0.11681261490926312, 0.104362934250464, 0.10478532601225171, 0.11419423394022947, 0.10126683844108693, 0.12140167765120218, 0.10089559364883774, 0.1236469853042347, 0.11263379584243016], [0.11752082613654244, 0.10381897595043575, 0.10447499766732114, 0.11506386401924901, 0.10024578513969878, 0.12216426759144973, 0.10013249641386134, 0.12446338406178616, 0.11211540301965561], [0.11733163643152822, 0.10387575754415525, 0.10448992825439209, 0.11484119259700545, 0.10040293404821096, 0.12203081103460167, 0.10025781554026356, 0.12458192560017557, 0.11218799894966743], [0.11704570592553655, 0.10411804431749364, 0.10466501714697948, 0.11454949357308514, 0.10083419119291892, 0.12170760864262341, 0.10065286892461153, 0.12406565155728243, 0.11236141871946871], [0.11686819972710046, 0.10428323862696816, 0.1047786320745984, 0.11435405834257036, 0.10112482002831362, 0.12146825363081623, 0.10089160862125021, 0.12374324171956787, 0.11248794722881468], [0.1177357864466107, 0.10368140023129527, 0.10446151067338955, 0.11550892561895973, 0.0999098736510433, 0.12243117752832142, 0.09999653233469794, 0.12446416908914973, 0.11181062442653235], [0.11746669170685407, 0.10382338192746363, 0.10452135481750827, 0.11513612212693156, 0.10023403600878772, 0.12203500667387224, 0.10024524539296788, 0.12453158555042637, 0.1120065757951883], [0.11696284693936156, 0.10417881635559256, 0.10472746516938436, 0.11451420904244687, 0.1009314565105841, 0.1215850034029945, 0.10079217029071923, 0.12395131719974369, 0.11235671508917311], [0.11712814605846794, 0.10399234479899142, 0.10459929463238786, 0.11471564958473461, 0.10061099577649513, 0.12178234048532491, 0.10053651538450023, 0.12443759894747325, 0.11219711433162464], [0.1172635375880281, 0.10386244968292567, 0.10452017852356635, 0.11489953349258748, 0.10037263698187893, 0.12189863556144004, 0.10035890044272046, 0.12476063425662448, 0.11206349347022852], [0.11736577571074183, 0.1038286958695016, 0.10452759087741352, 0.11506794964550121, 0.10026923665476373, 0.12193989298193725, 0.10031844970790951, 0.12470115840659583, 0.11198125014563551], [0.11666976277442523, 0.10446220750365318, 0.10494487339009184, 0.11424460872474537, 0.10140635157341094, 0.12115514245404926, 0.10123612112432451, 0.12336674648249439, 0.11251418597280509], [0.11694057218678892, 0.10415065753169837, 0.10474158912105357, 0.11459188700674759, 0.10087205948575247, 0.1215299722034118, 0.10084641075934225, 0.12408414847867567, 0.11224270322652939], [0.11666860696727183, 0.10445457438547359, 0.10495905753686269, 0.1142881349686089, 0.10138549934761908, 0.1211464853329695, 0.10126939465988989, 0.12336114925087564, 0.11246709755042889], [0.11739401906038607, 0.10384692393591366, 0.10462408272888547, 0.1152994938293408, 0.10022103296706077, 0.12188663667566492, 0.10045844020178686, 0.12445328041619527, 0.11181609018476618], [0.11717887286373775, 0.10384259059589898, 0.10455914163909444, 0.11498327646462786, 0.1003266321248688, 0.12172570391531065, 0.1004867234405706, 0.12500000000000003, 0.11189705895589112], [0.11695132437632569, 0.10410490252971388, 0.10473241919702181, 0.11467482181364626, 0.10078530097265925, 0.12152069806537588, 0.1008435249694649, 0.12424233849871597, 0.11214466957707633], [0.11762621048777783, 0.10351531433321728, 0.10443080354879343, 0.11575973981591295, 0.09961830969646147, 0.122629954368456, 0.10002805265049852, 0.125, 0.1113916150988825], [0.11725636668548658, 0.10385995327920373, 0.1046183081764131, 0.1151528933904993, 0.1002927951740463, 0.12172290886959677, 0.10053473683381858, 0.12473192336103214, 0.11183011422990345], [0.11747183106562685, 0.10372713986756493, 0.10459271047539848, 0.11556265138285562, 0.09997430438557567, 0.12222707835119487, 0.10037166455405577, 0.12449761466990088, 0.11157500524782693], [0.11734579064115422, 0.10385404205054735, 0.10466422292078333, 0.11535418088861288, 0.10021706115960068, 0.12188747975699625, 0.10055392335466487, 0.12439198030032597, 0.11173131892731449], [0.11676790943918278, 0.10426345444232936, 0.10488676226649858, 0.11458074579749852, 0.10103644876175619, 0.12125555879917962, 0.10117286452922074, 0.12387536707647272, 0.11216088888786174], [0.11705684081141036, 0.1039220558749561, 0.1047407029511555, 0.11518100855219396, 0.10037973806461156, 0.12163143531436878, 0.1008539642450929, 0.12456757656218562, 0.11166667762402524], [0.11644280043996671, 0.10453625330503072, 0.10511229304589073, 0.11431769369200825, 0.10149787808624332, 0.12105963240391054, 0.10165964224385625, 0.1231147745777998, 0.11225903220529364], [0.11743284661426838, 0.10354476294395722, 0.10460234144756438, 0.1159938902850565, 0.0996006298205932, 0.12252078265742872, 0.10043275755775385, 0.12484733637582099, 0.11102465229755668], [0.11747028422568603, 0.10353926185339447, 0.10461442934816576, 0.11606561526304973, 0.09956889275346231, 0.12258912702560643, 0.10042785745224571, 0.1247388323923321, 0.11098569968605755], [0.11651290406116924, 0.10445125560145867, 0.1050718646934618, 0.11444648374434739, 0.10134162750260566, 0.12106345877956914, 0.10158647578037631, 0.12337178996193968, 0.11215413987507211], [0.11731198269782385, 0.1036583362402213, 0.10465799567704034, 0.11578967046498338, 0.09982238725857578, 0.12225793645665443, 0.10058249320016664, 0.12472424404783909, 0.11119495395669506], [0.11714617890693946, 0.10390050263722612, 0.10479985137512597, 0.11545687329328878, 0.10025986594286952, 0.12185636102434162, 0.10089503638191295, 0.12418734472349716, 0.11149798571479841], [0.11734819233241932, 0.10355657129042704, 0.10461001411135547, 0.11592263966695444, 0.09964377978111469, 0.12239349866237424, 0.10050083421707211, 0.125, 0.1110244699382827], [0.11674726946804298, 0.10412672734598416, 0.10487007238706911, 0.11481874667903066, 0.10078234751213037, 0.12145704736486494, 0.10121249908631307, 0.12415449067285382, 0.11183079948371086], [0.11653900458188059, 0.10439716150812897, 0.10505073061642094, 0.11452720858901337, 0.10124343301174092, 0.12110168745221989, 0.10155802294646052, 0.12351300700956573, 0.11206974428456908], [0.11698794940058403, 0.1039025488581699, 0.10481746917843114, 0.11537772411803365, 0.10029628957645143, 0.12199182358855346, 0.1010274471950132, 0.12417672822332468, 0.11142201986143854], [0.11701906794284472, 0.10389531536215302, 0.10483782443042274, 0.11547405897624288, 0.10025469687130659, 0.12206434865778978, 0.10103948084867771, 0.12405034619891694, 0.11136486071164563], [0.11711304677218783, 0.10373361324324502, 0.10477189551364034, 0.11575524188700229, 0.09994583675607774, 0.12219149553309441, 0.10089227407283166, 0.12450291089079922, 0.11109368533112148], [0.11686098020578839, 0.10392683708970865, 0.10482859579236845, 0.11525192732163488, 0.10037486590240448, 0.12200503237954587, 0.10112479273765869, 0.12419995495886088, 0.11142701361202975], [0.1171833742962288, 0.1036559630726999, 0.10474185972610435, 0.11590547612810981, 0.09979201359786102, 0.12224938744388818, 0.10081283533036701, 0.12470019615399006, 0.11095889425075088], [0.11677760064390963, 0.10396426328403324, 0.10484267498919465, 0.1151376143970134, 0.10046487292343159, 0.12195146215587906, 0.10119434137591567, 0.12419609956203452, 0.11147107066858826], [0.11647695966307439, 0.10430328353278237, 0.10503582718406254, 0.11464354633261188, 0.10108541202549204, 0.12141064898522443, 0.10161036718815751, 0.12359687723100946, 0.11183707785758536], [0.11708450502093438, 0.1037170187595191, 0.1047779286629087, 0.11578437410197553, 0.09991643114992123, 0.1222684437053542, 0.10092622468656529, 0.12449951927105701, 0.1110255546417646], [0.1167006243578395, 0.10401350580920973, 0.10486941570770962, 0.11503495597102978, 0.10056650391095345, 0.12188864877978894, 0.10127655156148746, 0.12413094118619057, 0.111518852715791], [0.11665618241586968, 0.10404076663859728, 0.10488998737239653, 0.11499186187568414, 0.100618485272196, 0.12187181094568146, 0.10133250629422663, 0.12406696466442346, 0.11153143452092482], [0.11660336067383756, 0.1040943025050479, 0.10492017776159408, 0.11490807748275535, 0.1007185748508112, 0.1217882226024143, 0.10140211446588238, 0.12397648899733252, 0.11158868066032473], [0.11648080001182656, 0.1042283381042792, 0.10500776756611295, 0.11473890906751266, 0.10095567943622995, 0.12160147033535823, 0.10158716704051689, 0.12369444341700636, 0.11170542502115717], [0.11680993799902423, 0.10387980517953742, 0.10485184663730689, 0.11538590519313403, 0.1002724359838884, 0.12225761496709717, 0.10120235874198184, 0.12410509004610609, 0.11123500525192395], [0.11667834414030863, 0.10398446891889603, 0.1048844700576077, 0.11512307064154471, 0.1005011661179586, 0.12205940718236673, 0.10132343479969293, 0.12404351212440308, 0.11140212601722162], [0.11641056129474851, 0.10428781727028535, 0.10505684570882418, 0.11467794329258048, 0.10105704329773516, 0.12154789889203006, 0.10169607143911716, 0.12353775768573406, 0.11172806111894487], [0.11683751824417403, 0.1038113526766661, 0.10483649650344738, 0.11553289953554773, 0.10013321252154656, 0.1223896017924981, 0.10116537571751544, 0.12420008365248002, 0.11109345935612466], [0.11668269155137596, 0.10396082601626407, 0.10489139091627181, 0.11519922467511019, 0.10044541908621943, 0.12217194947857217, 0.10133706999548943, 0.12398572582380724, 0.11132570245688973], [0.11657252325573887, 0.10401960434771683, 0.10492791166150152, 0.11507265882327347, 0.10056864050051753, 0.12211142002563749, 0.10145596992236056, 0.12390508261111269, 0.11136618885214102], [0.11647305271893697, 0.10408147383530696, 0.10496033158464994, 0.11493852797926904, 0.10069767594060497, 0.12199730908114828, 0.10155775220679211, 0.12386904808720751, 0.11142482856608404], [0.11650477260747742, 0.10388571244135124, 0.1048809275408434, 0.11520848965667618, 0.10034998436878323, 0.12242650926235, 0.10144898511242798, 0.12419753757210117, 0.11109708143798938], [0.11622568185994205, 0.10420480960036338, 0.10505746484672326, 0.11471856049932969, 0.10094111762143479, 0.12183719661572671, 0.1018419049725618, 0.12372549121519114, 0.11144777276872715], [0.1161906677057781, 0.10409614743480351, 0.10500793999648061, 0.11480733863122111, 0.10076954114175073, 0.12207069914056516, 0.1018125059576247, 0.12398147759531852, 0.11126368239645758], [0.1166479281599217, 0.10348675093961283, 0.1047557657211696, 0.1158949091221099, 0.09959584442773604, 0.12305923870680323, 0.10123236607353378, 0.125, 0.11032719684911291], [0.1161929791426965, 0.10403227803363485, 0.10497496999525803, 0.1148687715478856, 0.1006648788911199, 0.12219877595202763, 0.10177284905839817, 0.12412284918125606, 0.11117164819772306], [0.1165063106373042, 0.1035124041194824, 0.1048020240498363, 0.11583698936748091, 0.09965342601224997, 0.12326502209567622, 0.10140114483054738, 0.12476631263271401, 0.11025636625470864], [0.11604666861728027, 0.10409553346145971, 0.10503714842965757, 0.11476885174116407, 0.1007855561923126, 0.12214099648263507, 0.10195352083206481, 0.12402316615868024, 0.11114855808474564], [0.11631625500267115, 0.10356757927548807, 0.10476486400250432, 0.11547256015728831, 0.09984963851652985, 0.12312874895015591, 0.10145484381971649, 0.12500000000000003, 0.1104455102756461], [0.11618048367613366, 0.1037642137057916, 0.10486305141493021, 0.11518537579577218, 0.1002068955845062, 0.1228214524702714, 0.10165310836452447, 0.1246081767024771, 0.11071724228559333], [0.1162697000064335, 0.10358558260346336, 0.10478626072285863, 0.11544781204691415, 0.0998829272992459, 0.12316475119658989, 0.10151792980912029, 0.1249125300154019, 0.11043250629997235], [0.11597093887129685, 0.10405948040700039, 0.10503559969755295, 0.11478500213679194, 0.10073450833340324, 0.12225408898460016, 0.1020091581195024, 0.12411803157162284, 0.11103319187822924], [0.11592551681018119, 0.10376174969415053, 0.10488561744841732, 0.11504028366379557, 0.10025725194398075, 0.12286765776613379, 0.1018582885902454, 0.12482545322748737, 0.11057818085560811], [0.11592402874798889, 0.1036878734306148, 0.10484813708046183, 0.11510292487199249, 0.10013899644636433, 0.12301452209332715, 0.10181926085035636, 0.125, 0.11046425647889414], [0.1158329313304961, 0.10393346828140282, 0.10500411170515585, 0.11487752611142811, 0.10054020880607348, 0.12259682600632286, 0.10207622956019981, 0.12440675160141056, 0.11073194659751039], [0.10648731981291278, 0.11709735039226746, 0.12455736504126375, 0.11619310145332336, 0.1132713050747145, 0.10465211800445563, 0.12130056104830803, 0.09733455533535294, 0.09910632383740156], [0.1069083086622281, 0.11708889588174598, 0.12499999999999997, 0.11661791641110625, 0.1128182418410255, 0.1051737420460276, 0.11964096463328924, 0.09751648229279797, 0.09923544823177918], [0.1066629220831621, 0.11708903722507641, 0.125, 0.11643581089302814, 0.11300677087109343, 0.10488630316984499, 0.12042782355921869, 0.09737605531660098, 0.09911527688197526], [0.10645667909075243, 0.11703948882009092, 0.12462550878481145, 0.11623619876061464, 0.11322992006148326, 0.10465842475211573, 0.12131904152422812, 0.09734634085485354, 0.09908839735104986], [0.10644813987658026, 0.1170030402027365, 0.12466247666547407, 0.11627918458741619, 0.11318500878252158, 0.10467805576815299, 0.12129642616323844, 0.0973638953770932, 0.09908377257678659], [0.10633468320264997, 0.11691915560549372, 0.12469809553791361, 0.11622243379289814, 0.11328243807018677, 0.10458371607194519, 0.12159617038439567, 0.09733155544176973, 0.09903175189274724], [0.10674884487331292, 0.11694049422829003, 0.12468709014648051, 0.1167244467982378, 0.11281006905564117, 0.10512688286804538, 0.12014746560776456, 0.09759697671722728, 0.09921772970500035], [0.1069768795096506, 0.11687491614820045, 0.12466025919657343, 0.11695115720885411, 0.11261605406462416, 0.10543863895344724, 0.11937507461699177, 0.09776899408207518, 0.09933802621958315], [0.10630447123596808, 0.11671755278168222, 0.125, 0.11649740166269232, 0.1129722152203945, 0.10471933344682516, 0.12135189896898688, 0.097433123569558, 0.09900400311389286], [0.1064694784090736, 0.11668775508953615, 0.12459331917773483, 0.11676875200460694, 0.1127847158796693, 0.10498520864458266, 0.1209215670007013, 0.09764632565672254, 0.09914287813737267], [0.10642459995751989, 0.11659686775134706, 0.12462293214323346, 0.11683691818769336, 0.1127193768847345, 0.1050015786783497, 0.12097712726296521, 0.0976872076430803, 0.0991333914910766], [0.10594115208489892, 0.11707633006741668, 0.12425649419290065, 0.11620547393137942, 0.11335827201681378, 0.10440742948376733, 0.12246757841632855, 0.09738854054470716, 0.09889872926178754], [0.10671599368588744, 0.11654804490144247, 0.12425041832216473, 0.11724216190571446, 0.11243830412713356, 0.10542882869681486, 0.12013435773872065, 0.09794259440211282, 0.09929929622000906], [0.106788274464614, 0.11626115310265121, 0.12500000000000003, 0.11753428369486302, 0.11197557550799692, 0.1056611518146693, 0.11978291060186977, 0.09786778588732642, 0.09912886492600953], [0.10672269490372338, 0.11642362135857008, 0.12419855375006544, 0.11740878890114212, 0.11226358715737622, 0.10553271262271831, 0.12016169166944195, 0.09800159409654093, 0.09928675554042178], [0.10626654152628517, 0.11642119480802897, 0.124584221610379, 0.11683253293762029, 0.1127743142285091, 0.10492467736389378, 0.1213774380048692, 0.09772334350468297, 0.0990957360157315], [0.1059086432444145, 0.11687070863890581, 0.12444766757549672, 0.11639599998661387, 0.11316016470859952, 0.1045019138170565, 0.12234147877241704, 0.09748260485770749, 0.09889081839878856], [0.10628397178752892, 0.11639231820717391, 0.12455356496491264, 0.11690325093607655, 0.11270958875211276, 0.10497682333397977, 0.1212991209936933, 0.09776783152636014, 0.09911352949816205], [0.10665292423664657, 0.11630485895173977, 0.12404486382947674, 0.11751609216266574, 0.1121915492057905, 0.10555148997388915, 0.12039252310068928, 0.09806711200843071, 0.09927858653067155], [0.10667937474753346, 0.1162249257441522, 0.12438508846307612, 0.11761686467303213, 0.11202669772247538, 0.1056243512978884, 0.1202031602532199, 0.09802678293414593, 0.09921275416447646], [0.10580590255834112, 0.11677103921267819, 0.12466743549298911, 0.11646658882781655, 0.11305380227478377, 0.10449634420656743, 0.12239276848307809, 0.09750939683824934, 0.09883672210549638], [0.1060806993263252, 0.1164275969650392, 0.12429211863755825, 0.11688298972396964, 0.11277905943162367, 0.10488360085175197, 0.12177875335476875, 0.09781456602181904, 0.09906061568714426], [0.10651857212471792, 0.11615056482117775, 0.12394389015016008, 0.11759666630538887, 0.11213698660374992, 0.10551692686798382, 0.12075756466114117, 0.09812762352283276, 0.09925120494284753], [0.10648271282219672, 0.1161646074785401, 0.12394365421667802, 0.11753047246024606, 0.11220577498469886, 0.10546097667174957, 0.1208340359517937, 0.09812167939569968, 0.09925608601839729], [0.10620023891388751, 0.11623944233299378, 0.12417926482312558, 0.11708516856715809, 0.11262684023092692, 0.10506826864053276, 0.12148031303497764, 0.09796092744397021, 0.09915953601242755], [0.10661295452166143, 0.11599386011589424, 0.12434316609603534, 0.11786466049663216, 0.11179776748165543, 0.10572703380650222, 0.12038051592845703, 0.09811198911670654, 0.09916805243645561], [0.10570321137579937, 0.11675327373969797, 0.12474126850516486, 0.11645843043699072, 0.11304358207057008, 0.10445621242491829, 0.12252620330372553, 0.0975226093836913, 0.09879520875944187], [0.1063470541069296, 0.11613055455447865, 0.12416052282214579, 0.11736974173821446, 0.1123214349696806, 0.10530295144815942, 0.12104425216536682, 0.09809209675709679, 0.09923139143792788], [0.10663612831280325, 0.11580234551863475, 0.1244570684453966, 0.11806623921047887, 0.11155998823571178, 0.10587338135024395, 0.12037571867757721, 0.09812714026513578, 0.09910198998401792], [0.10652253515142271, 0.11596809177979002, 0.12419986847180468, 0.11784690456292901, 0.11182693368616382, 0.10565461787799825, 0.12067085344002694, 0.09813954250478366, 0.0991706525250809], [0.10642830464842563, 0.11606720592992219, 0.12391055568050584, 0.11759961543673514, 0.11213590516059299, 0.10547120175073843, 0.12098754726462954, 0.09815948161385159, 0.09924018251459864], [0.10572177219537925, 0.11659846469624797, 0.1249071999716991, 0.11660818172118471, 0.11288911255982523, 0.10454472701868409, 0.12234089362705054, 0.09758565593752207, 0.09880399227240698], [0.10634216343245916, 0.11606854323541271, 0.12407252996298858, 0.11745845521985548, 0.11224218368848439, 0.10535044854896314, 0.12110797895732572, 0.09812941348212338, 0.09922828347238745], [0.10660694433490671, 0.11575283587435095, 0.12437975946943972, 0.11812415101363101, 0.11152124186278495, 0.10588558938965734, 0.12046832924889521, 0.09816035583044062, 0.09910079297589339], [0.10641874075749656, 0.11594145634127141, 0.12414767621605224, 0.1177824612939029, 0.11190989487894958, 0.10555445681509736, 0.12094001352805481, 0.09814423488936057, 0.09916106527981455], [0.10571325257953396, 0.1165087134845616, 0.125, 0.11669126317265818, 0.11280199431306716, 0.10458908419948482, 0.12226280794743992, 0.09762846749644642, 0.09880441680680795], [0.10573060577211106, 0.11643367250812561, 0.12490803774435397, 0.11678388563295748, 0.11273528248124716, 0.1046613174121328, 0.12219331981632228, 0.09771123221754068, 0.09884264641520898], [0.10632117949225434, 0.11588873927970934, 0.12384383269788268, 0.11770216057523075, 0.11202483028820409, 0.10547764516118498, 0.12128990935970904, 0.09823375701432478, 0.09921794613150021], [0.10634502393470312, 0.11576550736880005, 0.12433889436241569, 0.11795078426205408, 0.11170419194834313, 0.10559819169473288, 0.12105801149544097, 0.09815613737775031, 0.09908325755575977], [0.10659330800805673, 0.11549021439420977, 0.12412739849808602, 0.1184265823156731, 0.11125460136944093, 0.10607087556305897, 0.12065227582434096, 0.098295632062452, 0.09908911196468151], [0.10583840615715419, 0.11627589717207742, 0.12468782425318632, 0.11699323200095373, 0.11259794536218994, 0.10484296971840526, 0.12194888914417462, 0.0978695423134103, 0.098945293878448], [0.10629479008975702, 0.1158087953202434, 0.12398397087439034, 0.11780037646707983, 0.11190340498272838, 0.10550733190520864, 0.12131324249158247, 0.09822231029644576, 0.09916577757256416], [0.10649843317759863, 0.1155397405363777, 0.12425945556884418, 0.1183464036696898, 0.1113326789223327, 0.10593835066644068, 0.1207697335388638, 0.0982523456867903, 0.09906285823306218], [0.10671385978442603, 0.11530253271100128, 0.12392652889103292, 0.11862451117121468, 0.11103962291833885, 0.10632373333122515, 0.12051938122428035, 0.09841963516988494, 0.09913019479859579], [0.10628747632812015, 0.11574950418614947, 0.1241601222857076, 0.11789462355738402, 0.11178378896631523, 0.10554357649530675, 0.12127068859302963, 0.09819769419106651, 0.09911252539692064], [0.1060422779771327, 0.11598220869694073, 0.12420773282425564, 0.11735368647070256, 0.11235863636710243, 0.10516145491366194, 0.1216497619590835, 0.09812558376858216, 0.09911865702253832], [0.10659442874899623, 0.11521548068331508, 0.12412535756351405, 0.11869991627115745, 0.11096011445033413, 0.10626212229781146, 0.12070481532288632, 0.09838885777848723, 0.09904890688349793], [0.10650765988688855, 0.1152881805188495, 0.12425322936811688, 0.11861532079330916, 0.11105098507488408, 0.10612268869957132, 0.1208213399728174, 0.09832576673286034, 0.09901482895270267], [0.10558795607466522, 0.11636189422242706, 0.125, 0.116804911010905, 0.11268707795107225, 0.10464907275580987, 0.12230299669801405, 0.0977919923503531, 0.0988140989367535], [0.10580413263458356, 0.11616913681958273, 0.12459164869030827, 0.11711216278200019, 0.11249856699188851, 0.10492477335423889, 0.12192204019212709, 0.09799768854530479, 0.09897984998996598], [0.10636827273256662, 0.11534390473526236, 0.12444759532651864, 0.11850841402800685, 0.11114755304130178, 0.10593941141198379, 0.121004904724825, 0.09826648899343428, 0.09897345500610072], [0.10618540641194467, 0.11555630973127468, 0.12417041615436694, 0.1180386869023764, 0.11162021515168517, 0.10557326735822876, 0.1215355451056812, 0.0982547395155246, 0.09906541366891757], [0.1058641893495, 0.11598567923434372, 0.12439130866246645, 0.11730902685332913, 0.11233491372688717, 0.10506285809030591, 0.12193417694535745, 0.09809647565983327, 0.09902137147797688], [0.106176606349751, 0.1154680034098608, 0.12445320711903274, 0.1181782241289474, 0.11144314911230827, 0.10562914289606208, 0.12144594703544445, 0.09821820965650903, 0.09898751029208423], [0.10637940212915357, 0.11520976589984205, 0.12439740235765274, 0.11866609081204936, 0.1109951342873035, 0.10604946683658571, 0.12103865681734684, 0.09831224292722286, 0.09895183793284335], [0.10613479477204767, 0.11539840830483511, 0.12439621236533985, 0.11822212484772085, 0.11140038239590834, 0.1056358123046537, 0.1215790474376098, 0.098251816233725, 0.09898140133815951], [0.10613051018715211, 0.11546325869461033, 0.12403651390575277, 0.11808052394337677, 0.11158029309069774, 0.1055816533944276, 0.12173517576028706, 0.0983174424721764, 0.09907462855151941], [0.10636597439988806, 0.11500269916970911, 0.12450052379817574, 0.11887255301703167, 0.11076422140095342, 0.10617813221511069, 0.12107085168392144, 0.0983511091213637, 0.09889393519384627], [0.1061342669104273, 0.11553327541191427, 0.12361690903714456, 0.11789860652163364, 0.11184076909911787, 0.10552460346323264, 0.1218549173600289, 0.09840229378963256, 0.09919435840686827], [0.10640285232035726, 0.11492859024019383, 0.12441988213587014, 0.11895888340184435, 0.11068070537892248, 0.1062710063522392, 0.12103267167079931, 0.09839926349254308, 0.09890614500723026], [0.10574618826215237, 0.11593551277849547, 0.12453874753704941, 0.11730942792807145, 0.11227261278788304, 0.1050180298622513, 0.12213151446316749, 0.09809197686202788, 0.09895598951890157], [0.1061163864741245, 0.11517949786314124, 0.125, 0.11852461163293553, 0.11102843777643163, 0.10577239954284946, 0.12134644800531184, 0.0982015284569866, 0.09883069024821921], [0.10616428363209608, 0.11515365772790981, 0.12482912044021177, 0.11860357209063696, 0.11098976837728698, 0.1058527002998082, 0.12130506269916934, 0.09824638570161917, 0.09885544903126171], [0.10614175372072483, 0.11516153548888093, 0.12490901219905481, 0.11857331267200609, 0.11100443680308189, 0.10581926648225086, 0.12131405736041885, 0.09823074551548128, 0.09884587975810047], [0.10607537939160411, 0.11539201109184752, 0.12366033814775278, 0.11802762538212494, 0.11168136078180416, 0.10556619377666061, 0.12200994330227179, 0.09843611952481948, 0.09915102860111459], [0.10606052593208659, 0.11524019154635712, 0.12432526969953546, 0.11834976189295646, 0.11126805384334366, 0.10567491308137496, 0.12180553023577594, 0.09831786428030055, 0.09895788948826931], [0.10605141206885674, 0.11525407924797054, 0.12415009216005828, 0.11829575265930027, 0.1113366199665468, 0.1056539215522292, 0.12190507875018786, 0.09835463879238981, 0.0989984048024605], [0.10553566834128257, 0.11594448031680613, 0.125, 0.1171800964006445, 0.11228899857311037, 0.10486642549235864, 0.12233851194216654, 0.09801773387988978, 0.0988280850537415], [0.10599579546436805, 0.11493535692271356, 0.1245395125969543, 0.1187322338003137, 0.11086017345455206, 0.10584338874156225, 0.12186153523598628, 0.09837984845584459, 0.09885215532770524], [0.10606331349048839, 0.11459222307130455, 0.125, 0.1192092225811031, 0.1103718501008164, 0.10615356319302616, 0.1215837815967544, 0.09834945879039708, 0.09867658717610993], [0.10596519434702903, 0.11504051058909619, 0.12408551811674949, 0.11848367742168403, 0.11113497363656083, 0.10572272982857607, 0.1221667612127447, 0.09843881568523738, 0.09896181916232209], [0.10596813503770752, 0.11492898491376405, 0.12437708482285566, 0.11869561886773565, 0.11090772118033342, 0.10581776031397692, 0.12201541476288555, 0.09841232932630385, 0.09887695077443738], [0.10552527829824954, 0.11571557428220679, 0.1247572225366316, 0.1173953088336566, 0.11206758535503011, 0.10499434870682625, 0.12256536594487341, 0.09813822225228501, 0.09884109379024068], [0.10603563575391015, 0.11468724285958143, 0.12448934230036644, 0.11911882811812981, 0.11053566637025204, 0.10608559786020882, 0.12180347670714156, 0.09845302162850342, 0.09879118840190629], [0.10601444700049288, 0.11462716362605062, 0.12451657483140813, 0.11917889981669415, 0.11047287613941836, 0.10610698108778781, 0.12185099937755822, 0.09846247714581545, 0.09876958097477441], [0.10596382659661073, 0.11469888002859849, 0.12438257767083853, 0.11903388190145625, 0.11060679398331753, 0.10600519614111045, 0.12196454036372646, 0.0985076571225877, 0.09883664619175385], [0.1058314711077971, 0.11488300407556197, 0.12420844970827727, 0.11847972885183218, 0.11106124658436599, 0.10566947640167032, 0.12248052545339308, 0.09846715560986, 0.0989189422072419], [0.10583254280157543, 0.11484658073526528, 0.12428119962272861, 0.11856540715047867, 0.1109806099581571, 0.10570467004348698, 0.12244485521690583, 0.09845707269042075, 0.09888706178098138], [0.10594621201629781, 0.11444945729710054, 0.12444412985441033, 0.11935902817765588, 0.11030482098837854, 0.10617295844040421, 0.12205460867263491, 0.09853201270436696, 0.0987367718487508], [0.1056676388946162, 0.11498716261513127, 0.12437313830533464, 0.11814879346335562, 0.11136805881193955, 0.10544633927985331, 0.12270739358673255, 0.09841099060882473, 0.09889048443421218], [0.10577241406419596, 0.11465996076394085, 0.12447987244889573, 0.1187942301915052, 0.11072969417906654, 0.10578442156664032, 0.12251032749695015, 0.09847014682312549, 0.09879893246567976], [0.1058562891687042, 0.11453767014265542, 0.12453243333845966, 0.11913557970537313, 0.11045970954001394, 0.10600111665220478, 0.12218256557542269, 0.09852402633099246, 0.09877060954617374], [0.10587466447348444, 0.1142566905884016, 0.12438794177756117, 0.1195549843986705, 0.11011928502489601, 0.10624595564807053, 0.12226148712185561, 0.09860184844291167, 0.09869714252414848], [0.10562164766782944, 0.11475232671509034, 0.12445112862369027, 0.11834081664828455, 0.11113980101729994, 0.10552883086018987, 0.12284585084715892, 0.09846880378569908, 0.09885079383475756], [0.10552253346775696, 0.11474313638466209, 0.1245284465108001, 0.11830392112702942, 0.11112055234652114, 0.10547602632331768, 0.12304252861058851, 0.09846120587594061, 0.09880164935338352], [0.1053602348084977, 0.1149708041606008, 0.125, 0.11798034106939939, 0.11131651866514894, 0.10523020465041354, 0.12315679397319604, 0.09829493928409187, 0.0986901633886517], [0.10574843279111314, 0.11381439991439, 0.125, 0.11999068368839085, 0.10962056482633903, 0.10641151364598479, 0.12234546125924245, 0.09858844562229895, 0.0984804982522408], [0.10549983180310427, 0.1146107133517788, 0.12463722430504702, 0.11841023311725352, 0.11099110658285945, 0.10551784020404492, 0.12307997217580233, 0.09848033891681138, 0.09877273954329831], [0.10560233025549746, 0.11413974071687849, 0.125, 0.11938523391637053, 0.11008518614294806, 0.10599929563204666, 0.1226411868911885, 0.09854977567210946, 0.09859725077296083], [0.10544197070926978, 0.11461778141935762, 0.1246148683129581, 0.11837491241983879, 0.11099369211249961, 0.10548686327871912, 0.12322872522376284, 0.09848705311732671, 0.09875413340626742], [0.10569712066137578, 0.11386369635978091, 0.12448780503573875, 0.11991996807108374, 0.10973713880680444, 0.10634984334208616, 0.12266915678253792, 0.09869698693475995, 0.09857828400583235], [0.1055077501235229, 0.11417217131398184, 0.125, 0.119144180682447, 0.11023700386968868, 0.10583807532946161, 0.12298840469656638, 0.09851517796060898, 0.09859723602372256], [0.10552129671096265, 0.11429757513232512, 0.12458265135946345, 0.11884921864543184, 0.11052700735991178, 0.10573853195455592, 0.12318210488429385, 0.0985747428410132, 0.09872687111204223], [0.10539143870378961, 0.11453470293509187, 0.12463757968317386, 0.11842241808728678, 0.11091100699975218, 0.10549928546432341, 0.1233607495704332, 0.09851329427522475, 0.0987295242809245], [0.10537519774771548, 0.11456576325490536, 0.12455941106459767, 0.11838497393054749, 0.11094155581802242, 0.10548428311413313, 0.1234265448685396, 0.09852491354430211, 0.09873735665723674], [0.10536045974208694, 0.11420791202027367, 0.12500000000000003, 0.11869377380312963, 0.1105893396001477, 0.10559675053601351, 0.12339308248903062, 0.09851643236746231, 0.09864224944185584], [0.10533485393118197, 0.11454634382005771, 0.12453950941706499, 0.11837548560838246, 0.11092184211182136, 0.10547500023716326, 0.12353821528752534, 0.09854178706181295, 0.09872696252498994], [0.10545200742012463, 0.11407220573982234, 0.12452404076879627, 0.11908145983988178, 0.11026371665286497, 0.10584218607289603, 0.1234081919543572, 0.09866840615441919, 0.0986877853968376], [0.10531498725847267, 0.11445459179859908, 0.12448260144196945, 0.11844904349107459, 0.11083512313854733, 0.10551633031342272, 0.12363381937780919, 0.09858828922019534, 0.0987252139599096], [0.10553827597406379, 0.11377755622132263, 0.1245314997686491, 0.11982804129288047, 0.1097300722201835, 0.10623274348786654, 0.12301362229717522, 0.09876216086349489, 0.09858602787436388], [0.10543612700258516, 0.11401795945263594, 0.12453203710702732, 0.11914609279182073, 0.11019792306947154, 0.10586884212617413, 0.1234437643124876, 0.09868482776419689, 0.09867242637360069], [0.10560346075387854, 0.11364089930932149, 0.12421550885197656, 0.12009311304859821, 0.10956272364849304, 0.10639784324221721, 0.12307109232563673, 0.09883771142889916, 0.09857764739097906], [0.10549895762455834, 0.11382069851260072, 0.12452730758353728, 0.11965898167236856, 0.10982668108868486, 0.10614491587092366, 0.12310706300565205, 0.09878439940191569, 0.09863099523975885], [0.10556215277311928, 0.11359217857196355, 0.12424121990149005, 0.12009809246307718, 0.10952987241456968, 0.1063802109081159, 0.12317409643305019, 0.09885494182230845, 0.09856723471230576], [0.10533029020257345, 0.11390405417918927, 0.12459803401850637, 0.11905138575081063, 0.11022596345713989, 0.1058038782937622, 0.12372049237516342, 0.09871086173254782, 0.09865503999030696], [0.10542756021890706, 0.11376786976171135, 0.12447019336640135, 0.11958197836193385, 0.10984137985180781, 0.10608919141130439, 0.12338904868544373, 0.09880430447789369, 0.09862847386459679], [0.1055037056581078, 0.11358426896824962, 0.12430552410570372, 0.12002677195918897, 0.1095504267704474, 0.10632827007229113, 0.12325488716583952, 0.0988696860519527, 0.09857645924821913], [0.10534778917458777, 0.11380328183834094, 0.12438143066656977, 0.11926064301033681, 0.11003182511846507, 0.1059281759799649, 0.12377620767041564, 0.09880216824056776, 0.09866847830075133], [0.1053114956097199, 0.11381267776913644, 0.12448028428158578, 0.11914562487801911, 0.11012471200991607, 0.10585919117823536, 0.12383461593753882, 0.09877260016362577, 0.09865879817222276], [0.10533350445407724, 0.11376731466520194, 0.12435523433753556, 0.11928020043726224, 0.11000567042511197, 0.10593876099880549, 0.12383001483190731, 0.09882167766287182, 0.09866762218722637], [0.10551706928597251, 0.11341256198623068, 0.12409405740144783, 0.12022323470278391, 0.10938034254507883, 0.10642236364439422, 0.12344330614979955, 0.09895105201407993, 0.09855601227021253], [0.10525887599570846, 0.11382593333617948, 0.12445387886429395, 0.11900837388265947, 0.11023307618996492, 0.10579753291324519, 0.12395550165125147, 0.09879180025521293, 0.09867502691148436], [0.10535181539624962, 0.1135810633594634, 0.12418581207096958, 0.1196624186212336, 0.10971798922122379, 0.10614511309828858, 0.12375373969343913, 0.09894489831031492, 0.09865715022881738], [0.1112250819952776, 0.11375722251589106, 0.12032373980075606, 0.12366855248077398, 0.10760552948830544, 0.11059679435155546, 0.1121169511373056, 0.10006051218287268, 0.10064561604726219], [0.11126268794008208, 0.1136898898438209, 0.12024410481413846, 0.12375358657823715, 0.10752990437885498, 0.11066739099397628, 0.11207684404556456, 0.1001170286935365, 0.10065856271178925], [0.11079086563450849, 0.1140185431234891, 0.12067748524525199, 0.1230995283530937, 0.10801509974324537, 0.1102040172756949, 0.11291201568911405, 0.09982131149925427, 0.10046113343634795], [0.1104453665804163, 0.11422700631511064, 0.12093506930729081, 0.1230295726213006, 0.10834158678780337, 0.10982499749129368, 0.11338493679984549, 0.09953377204488484, 0.10027769205205413], [0.11139135952482115, 0.11319965640002662, 0.11969894607367854, 0.12422346634504063, 0.10703198735367658, 0.1111372596033327, 0.1120952329609444, 0.10053343958038224, 0.10068865215809701], [0.11181964003333322, 0.11270451566407777, 0.11906434594109432, 0.125, 0.10644278735185705, 0.11171613495737619, 0.11140093680521561, 0.10097290391917517, 0.10087873532787066], [0.11092251199519475, 0.11354721914575701, 0.12014863445485131, 0.12343903370691188, 0.10753081101478205, 0.11067033057706142, 0.11299233587995702, 0.10024612081968313, 0.10050300240580141], [0.11092274428588603, 0.11347103347580648, 0.12006439699072417, 0.12346521964129198, 0.10746278820023945, 0.1107389199747434, 0.11305460985724579, 0.10031761057812405, 0.10050267699593868], [0.11029681911492768, 0.11395290091144934, 0.12057212558920635, 0.1225215254544455, 0.10823174805535422, 0.11004479117396058, 0.11420111729479886, 0.09989485876855961, 0.10028411363729768], [0.11095350233486412, 0.11330161159798179, 0.11987389873478489, 0.12355300134231635, 0.10729970470417179, 0.1109050314527454, 0.11311826377072023, 0.10047897628123713, 0.10051600978117846], [0.11031552357219696, 0.11377386739552325, 0.12038136243794098, 0.12272410557091896, 0.10804616037106667, 0.11019149410791107, 0.11426969331045964, 0.10002639186714161, 0.10027140136684085], [0.11048779447684812, 0.11362009164182882, 0.12022507496870707, 0.12288442896142657, 0.1078196908533577, 0.11041968551579445, 0.11401194358121108, 0.10018948915088323, 0.10034180084994314], [0.11063195275057812, 0.11346114506572808, 