[[0.07343471314877627, 0.0758376644018698, 0.07504262359281066, 0.07080414220309145, 0.0719580786958315, 0.0734289631984276, 0.08080963671441549, 0.08167732227955657, 0.08099939976401253, 0.0808741300499366, 0.08274322626316993, 0.08191231956859035, 0.07047778011951115], [0.07345377598929627, 0.07575460078723156, 0.07499501090039638, 0.07081311569387912, 0.07195387330992829, 0.07348159988510168, 0.08060730765941711, 0.08149665095780428, 0.0808481825726468, 0.08114762053904039, 0.08297475484285581, 0.08197087990769789, 0.07050262695470466], [0.07351542006522888, 0.07568617465939165, 0.07497125768500959, 0.07087925260932489, 0.07199826652525895, 0.07358148333115565, 0.08037129596548674, 0.08126689076572226, 0.08065857362652835, 0.08149523223015631, 0.08302196575500886, 0.08196552695951592, 0.07058865982221174], [0.0735716603506388, 0.07563854923497865, 0.07496025881391513, 0.07091612992304024, 0.07202539798673839, 0.07367169727577484, 0.08020022874261895, 0.08111216813815145, 0.0805301788589582, 0.08180636990333645, 0.08296571612425842, 0.08195902089248386, 0.0706426237551066], [0.07364421722341193, 0.07558654887888029, 0.07495152147370207, 0.07098075629380379, 0.07207375977286426, 0.07378188463483269, 0.07998834568488962, 0.08096485969763412, 0.08035498440336979, 0.0821699463452588, 0.08290749481733989, 0.08186849625939896, 0.07072718451461371], [0.07367398579573749, 0.07553926347085163, 0.0749324351280568, 0.07096664663487197, 0.07206216878273676, 0.0738419292101216, 0.07986043193438683, 0.08089901218421128, 0.08026372020002573, 0.08241670928062853, 0.08294850865574321, 0.08186819412037143, 0.07072699460225668], [0.07366820339310755, 0.07544142877029637, 0.07487135601719619, 0.07082672751509918, 0.07195156720392117, 0.073887334377974, 0.07969874299786678, 0.08085911818502312, 0.08017512239047765, 0.08271957468330364, 0.08333333333333334, 0.08196080258316897, 0.0706066885492322], [0.07376929117416953, 0.07542376063953131, 0.0748989282494278, 0.07083193238995959, 0.07197078108104606, 0.07403779429534241, 0.07954681693952056, 0.08079075043190509, 0.0800806745337884, 0.08305177445404667, 0.0829466155005982, 0.08201637529238698, 0.0706345050182774], [0.07383073459157184, 0.0754123116312408, 0.07491966540427021, 0.07074066387980954, 0.07191877510104941, 0.07414504291792301, 0.07947590347174782, 0.08081480829486953, 0.08007366203814519, 0.08333333333333334, 0.08256167977873811, 0.08221303213395671, 0.07056038742334464], [0.0740612344984466, 0.07550371451616947, 0.07506804156882944, 0.0708141780985055, 0.07202482133682289, 0.07443625161320451, 0.07939949335419592, 0.08078981601655481, 0.08004132646287825, 0.08287490771366532, 0.08201875773611433, 0.08230579353140208, 0.07066166355321075], [0.07421664095275826, 0.07554731751507333, 0.07516435405569097, 0.07075870268285038, 0.07202358824555953, 0.07465379201877027, 0.07930224846529878, 0.08072944164206157, 0.07998765661590213, 0.08333333333333336, 0.0814318353863407, 0.08222062776325931, 0.07063046132310165], [0.07446182319321117, 0.07564877853527852, 0.07534031535811901, 0.07091595130210729, 0.07219134027221494, 0.07494787246231091, 0.07917585606975384, 0.08057104712776551, 0.0798664007364587, 0.08311145105627628, 0.08101615180068181, 0.08194027005713742, 0.07081274202868461], [0.07461717254487052, 0.07576552374664161, 0.07549590063420117, 0.0708851552256597, 0.07221783137352744, 0.07513645801167146, 0.07919107103607105, 0.08057759933710933, 0.07990630344621448, 0.0831028165694893, 0.08054789814342865, 0.08176307762385746, 0.0707931923072578], [0.07473348192215791, 0.07586719317513212, 0.07562100695926188, 0.0708672028276881, 0.07224333569902062, 0.0752710125929473, 0.07921262181689032, 0.08057425705933181, 0.07994003075829076, 0.08310825238577776, 0.08019882340195368, 0.08158165169080633, 0.0707811297107414], [0.07481669521640356, 0.07600015903299576, 0.0757552228055287, 0.07077668214918963, 0.07221842099895247, 0.07535659595934187, 0.07932052499825626, 0.08065772536364776, 0.08005145919080814, 0.08315771691003897, 0.07978066419082051, 0.08142023030761465, 0.07068790287640173], [0.07481422508184378, 0.07610225275355034, 0.07582875756110893, 0.07064991239895715, 0.0721480745253854, 0.07533429987674853, 0.07952653292652814, 0.08084459298652437, 0.08020636688446288, 0.08307431632849518, 0.07948615000018955, 0.08143520139439768, 0.07054931728180788], [0.07485214600625628, 0.0762766956411464, 0.07596455195788333, 0.07055521717440982, 0.0721180989133108, 0.07533780607790255, 0.07980605300770567, 0.08105285478903654, 0.08038605887593517, 0.08279170917056781, 0.07907306797421747, 0.08134670130819113, 0.07043903910343702], [0.07470690371336912, 0.07638812569591497, 0.07598063164802092, 0.07028975964194649, 0.07192958988837038, 0.07512371091148412, 0.08016343032799446, 0.08134626420873421, 0.08065761233245188, 0.08333333333333334, 0.0786761361182288, 0.081263230953016, 0.0701412712271355], [0.07343753284456839, 0.07593977701627434, 0.07510443757004179, 0.07093048822474457, 0.07206125850585463, 0.07337943811570502, 0.08093254890339516, 0.08168868846880568, 0.08099827079180648, 0.08050811212541831, 0.08281576932781021, 0.0816200453743793, 0.07058363273119612], [0.07346943849355807, 0.07584037335883836, 0.07505231032912416, 0.07094186626366815, 0.07205810251339129, 0.07345519230828333, 0.08070063704223332, 0.08151400272511465, 0.08084801808799395, 0.08085620572069017, 0.08289929071284359, 0.08174894171776614, 0.0706156207264948], [0.07347462182821743, 0.07577404872976413, 0.075010954957117, 0.07093520182771705, 0.07204364595579807, 0.07348486468890815, 0.08055729413462562, 0.08139201020685337, 0.0807438492052158, 0.0810672295969919, 0.0831107896969534, 0.08178517851315517, 0.0706203106586829], [0.07353496468290513, 0.0756817699242473, 0.07497377304894742, 0.07093297653864229, 0.07203742198565737, 0.07360202379804678, 0.08031566327195057, 0.08119624057916697, 0.0805935678954412, 0.08154866171204157, 0.08304148471032502, 0.08189683843460205, 0.07064461341802632], [0.07347140002825293, 0.07574752800393905, 0.07499381135554874, 0.07089618380532288, 0.07201224598415294, 0.07349525818174797, 0.08052694760522142, 0.08138430900712951, 0.080742272496013, 0.08115783359157094, 0.08313398675407471, 0.08185174801712433, 0.07058647516990156], [0.07359553501328328, 0.07561863396511688, 0.07495398615026315, 0.0709753479275378, 0.07206664445099911, 0.07370228000573564, 0.08010378286242907, 0.08100679908453651, 0.08042859694763475, 0.0819170486708661, 0.08306473923102971, 0.08185946172692109, 0.07070714396364673], [0.0736561652820869, 0.07558521202743142, 0.07495234311386352, 0.07105321972192835, 0.07212486171712701, 0.07378700081766089, 0.07993751831377499, 0.0808688059587592, 0.08027917053343976, 0.08216764133876482, 0.0830404341897734, 0.08174846250835764, 0.0707991644770321], [0.07368513923972156, 0.07552854230630744, 0.07492899894145093, 0.07098315977021236, 0.07207371457942674, 0.0738584881050841, 0.0798179009642487, 0.08085842898033248, 0.08022299752180172, 0.08247812912673186, 0.08298000491941, 0.08183776324105192, 0.0707467323042201], [0.0737155514164156, 0.07544483687809364, 0.07488545102731255, 0.0709825269446574, 0.07206614386304694, 0.07392788911310262, 0.07959623459641625, 0.08068459383838411, 0.08003318864705414, 0.08283064031616144, 0.08333333333333333, 0.08173436393137934, 0.07076524609464258], [0.07382101934634805, 0.07542950527790644, 0.07491674498019998, 0.07097237337043728, 0.07207608934926737, 0.07408673953146906, 0.07945726117625873, 0.08064485433314132, 0.07996035876619279, 0.08312975245802524, 0.08290151585423546, 0.08182479042979679, 0.0707789951267216], [0.07385832501537604, 0.07541246590700543, 0.07492384422767352, 0.07088558585549086, 0.07202179198967851, 0.07416046693122338, 0.07940252930396514, 0.08067300314301461, 0.07996079060703425, 0.08333333333333333, 0.082678160408817, 0.08198426181570924, 0.07070544146167858], [0.07397141266602589, 0.07545150823679936, 0.07499366709524484, 0.07089673142647329, 0.07205602725879945, 0.07430963983102393, 0.07936438298165185, 0.08068553380665903, 0.07995894854308817, 0.08309502123343926, 0.08238678071354655, 0.08209814800625212, 0.07073219820099617], [0.07409164873569334, 0.07548944413692373, 0.07506531817770117, 0.07091738228829052, 0.07209808961697559, 0.07446746888498783, 0.07930829788350731, 0.08066055637880155, 0.07992915988288098, 0.08300031209622462, 0.0820690183680986, 0.08213387905409987, 0.07076942449581483], [0.07415517334163133, 0.07550143331927467, 0.07509836445476922, 0.07091853714390373, 0.07211270834776763, 0.07455470804691133, 0.07925858593627376, 0.08062379522352642, 0.07989328356390879, 0.08312156018121503, 0.08187023737881649, 0.08211083388505547, 0.07078077917694608], [0.07424646248386564, 0.07551896193770041, 0.07514775443864993, 0.07092968273735435, 0.07214029386297742, 0.07467824567882898, 0.07918119293665274, 0.08055466191351449, 0.07983079955777951, 0.08333333333333334, 0.08160077953646301, 0.08203175513176066, 0.07080607645111955], [0.0743649178315999, 0.07558794402994265, 0.07524945226361567, 0.07094876784971633, 0.07218582739640306, 0.07482347357869065, 0.07917663440718935, 0.08056138675127064, 0.07984511888233058, 0.0830864401890756, 0.08132965825352732, 0.08200429684317018, 0.07083608172346803], [0.07465634485482159, 0.07569300673790978, 0.07545036118438642, 0.07112585198310084, 0.07237684954379321, 0.07517913956690742, 0.07899268595193684, 0.08033465009766975, 0.07966513995672178, 0.08305171170979589, 0.08079185065028692, 0.08163698317439232, 0.07104542458827712], [0.07477312702498211, 0.07578660762422479, 0.0755733603207299, 0.07107575652948084, 0.07237959298905351, 0.07532338080873498, 0.07901657602774544, 0.0803553915504083, 0.07971063423903167, 0.08304976643134343, 0.0804262751951946, 0.08152620197468449, 0.07100332928438606], [0.07443611411866377, 0.07566087863326236, 0.07534045837021519, 0.07084520831325111, 0.07214052490085603, 0.07491813994253467, 0.07923839542954854, 0.08065088343457112, 0.07994082963911163, 0.08310767207936283, 0.08097738003620457, 0.08200600192391069, 0.07073751317850742], [0.07488473583956334, 0.07586107989850699, 0.07567764075894855, 0.07107803591174199, 0.07241395083887507, 0.07545750978557982, 0.07899722184193816, 0.0803131777065888, 0.07969833587837558, 0.08310444960647809, 0.08013546081058977, 0.0813644169558344, 0.07101398416697954], [0.07499727950306874, 0.07597746423665638, 0.07581697741886319, 0.07099749875268475, 0.07239922690674669, 0.075589527887557, 0.07906253914061488, 0.08032541717763032, 0.07973991605943374, 0.08333333333333333, 0.07969245247526516, 0.08113086951628147, 0.07093749759186424], [0.07502808911905533, 0.07607221745161827, 0.07589678500086132, 0.07093811714489659, 0.07237910239544951, 0.07560918402210809, 0.0792167458503262, 0.08046520372197534, 0.0798578186783667, 0.08302126850126225, 0.07950788877342872, 0.08113665462747857, 0.0708709247131731], [0.07500728730056073, 0.07616894696777907, 0.07596602115535799, 0.07074253002773681, 0.07225849608008034, 0.07557040707912484, 0.07942514807206007, 0.08063497580335502, 0.07999265459022026, 0.08333333333333333, 0.07913149872501139, 0.08110613731446564, 0.07066256355091446], [0.0751211839682411, 0.07634215883117602, 0.07613559080705665, 0.0707268199176802, 0.0722962530846767, 0.07567030092385757, 0.07959894551545856, 0.08070173335473158, 0.0800453829707976, 0.0830639794457034, 0.07872200737784303, 0.08093391209302957, 0.07064173170974791], [0.07497244764301689, 0.07641776477620073, 0.07612026536382958, 0.07053214994647825, 0.07214796804079596, 0.07545698764770181, 0.07990057502631234, 0.08099972677008015, 0.08032769737154341, 0.08306815423524637, 0.07860075146848372, 0.08103840885881518, 0.07041710285149558], [0.07346574779853186, 0.07593736166267005, 0.0751048628296624, 0.07105659407958431, 0.07215053107333987, 0.07340157569543827, 0.08080114785306063, 0.08150897015818534, 0.08083569530872262, 0.08049916049681848, 0.08304794701773924, 0.0814798597101083, 0.07071054631613866], [0.07351791601593559, 0.07578600876097678, 0.07503010441242396, 0.071077091235732, 0.07214946260928576, 0.0735195051948129, 0.08045979172003997, 0.08124658959807692, 0.08060953974897558, 0.081085750482511, 0.08313909626261319, 0.08161656448980774, 0.07076257946880879], [0.07351203389562325, 0.07584858298654658, 0.07506870338778483, 0.07108403953167979, 0.07216339656927598, 0.07349005188170737, 0.08059241919360234, 0.08135630608846567, 0.08070417234669346, 0.08087427122382997, 0.08295864800671834, 0.08158889124041989, 0.07075848364765246], [0.07349240434992566, 0.07572075653279768, 0.07498111490763601, 0.07097750163023485, 0.0720668559122647, 0.07352014030209032, 0.08040063063195449, 0.08123233218820769, 0.08060378965282769, 0.08126430784980646, 0.08333333333333331, 0.0817344877195813, 0.07067234498933966], [0.07357817626251849, 0.0757250842838039, 0.07501118100361469, 0.07113437463702282, 0.07218870903830707, 0.07361627294291591, 0.08025492943803755, 0.08106104667594449, 0.08045524008899967, 0.08142523420350492, 0.08309273853274703, 0.08161800205186619, 0.07083901084071707], [0.07359576655235509, 0.07563181810687991, 0.07495825703705698, 0.07108961451605429, 0.07214648626510345, 0.07367851918722769, 0.08006588831477635, 0.08090600389858683, 0.08033253361702007, 0.08179161266531661, 0.08333333333333333, 0.08165585445456114, 0.07081431205172826], [0.0735729326584651, 0.07569669211921318, 0.07499300888449265, 0.07106773027043678, 0.07213791451145644, 0.0736291701503386, 0.08023983146359036, 0.08107693150557088, 0.08047793097926208, 0.08154536488810914, 0.08306488029063587, 0.08171887539076031, 0.07077873688766859], [0.0736834073398434, 0.07559962241590207, 0.0749678404213436, 0.07116980491254495, 0.07221104815581592, 0.07380162999877667, 0.07988396613546281, 0.0807482072391683, 0.08018889900050516, 0.08210972426165118, 0.08313083963982007, 0.08159098344074399, 0.07091402703842184], [0.07369697546752493, 0.07554967450479197, 0.07494041588833285, 0.07116200397907235, 0.07220046484446739, 0.07383781037522089, 0.0797645955493972, 0.08067047602199226, 0.08009389202014064, 0.082293768310295, 0.08333333333333333, 0.08153945219598092, 0.07091713750945026], [0.07373254600957853, 0.07553192835477589, 0.07494261621571695, 0.07115739489776775, 0.07220086243661397, 0.07389562824741622, 0.0796982838223548, 0.08065370419343544, 0.080057151178412, 0.08247452032488375, 0.08315470361169197, 0.08157786236414363, 0.07092279834320907], [0.07376467381268986, 0.07547485099532081, 0.07491735084967276, 0.07115613043201229, 0.07219714215326928, 0.07395950217053485, 0.07954034244706709, 0.08054351038798604, 0.07992981380167928, 0.08271972218051311, 0.08333333333333333, 0.08152654160430488, 0.07093708583161644], [0.07383190907262648, 0.07543654875293966, 0.07492020211118822, 0.07110147451842061, 0.07216652247513537, 0.07407791090650875, 0.07941346106448992, 0.0805212960270092, 0.07986939759399217, 0.08313547325189834, 0.08301437372138185, 0.08160720518160454, 0.07090422532280498], [0.07386266371550432, 0.07542031940478605, 0.07492267518185869, 0.07107012224774117, 0.07214853873912894, 0.07413266355785404, 0.07935655584639438, 0.08051048518997361, 0.07984303885426468, 0.08333333333333333, 0.08284263205488954, 0.08167419633376008, 0.0708827755405111], [0.0738993502666367, 0.07543316242286036, 0.07494561262191925, 0.07106641037998335, 0.07215462641059944, 0.07418248602562205, 0.07934872908966142, 0.08053178533893607, 0.07985479716439657, 0.0832069791600277, 0.08275139805368398, 0.08174016761470931, 0.0708844954509638], [0.07399937278246714, 0.07545088514397147, 0.07499595955757302, 0.0710753997394718, 0.07218180794812573, 0.07431991764424782, 0.07927461947744703, 0.08051747975043509, 0.07982505218662317, 0.08314312484244737, 0.08248028882963689, 0.08182596154835958, 0.07091013054919393], [0.0740630653556156, 0.07544822796361352, 0.07502119674604789, 0.0710291908109392, 0.07216221210466342, 0.0744201993952179, 0.07921631269490936, 0.08050524649703351, 0.07979850423496784, 0.08333333333333333, 0.0822277777238979, 0.0818963767303816, 0.07087835640937891], [0.07417549414140334, 0.07549360594587509, 0.07509344056976193, 0.07107388042790036, 0.07222013282134186, 0.0745607101988311, 0.07918131879767003, 0.08048913533279572, 0.07978100561652302, 0.08307533501440698, 0.0820053359234875, 0.08191443834698847, 0.07093616686301461], [0.07436825068362922, 0.07554505540322749, 0.07520629113374803, 0.07116325670592277, 0.07232471249973028, 0.07480688069750932, 0.07904768098450712, 0.0803621103880342, 0.079666685305835, 0.08310098906538291, 0.08157296350263422, 0.08178375277106548, 0.071051370858774], [0.07451624978296748, 0.07557856497023463, 0.0753005003472179, 0.07121111896221566, 0.07239058715268185, 0.07500066031234351, 0.07892687311377664, 0.08023876407187636, 0.07955959676936, 0.08333333333333333, 0.08120196461252192, 0.08162148963719933, 0.07112029693427126], [0.07469145291149913, 0.07569514816614337, 0.07546196688382491, 0.07121204092062369, 0.07244194907711851, 0.07521522609308837, 0.07894679380512809, 0.08027093418757783, 0.07960732117509102, 0.08292532009048689, 0.080818870475612, 0.08157762294635611, 0.07113535326744999], [0.07454529911169544, 0.07564182011285102, 0.0753615167543352, 0.07111749033637445, 0.07234209223312342, 0.07503798169538932, 0.07903764565330366, 0.08038484121177715, 0.07969782229236964, 0.08297146980743238, 0.08107876339155269, 0.0817583423217683, 0.0710249150780271], [0.07441779460583924, 0.07557123896815211, 0.07525157105009592, 0.07112407935602093, 0.07231166523366843, 0.07487627134657777, 0.07905029984699899, 0.08038473682879098, 0.07968758213957954, 0.08309673451737153, 0.0814028290765491, 0.08180659824247317, 0.07101859878788218], [0.07422308429853465, 0.0754951927864777, 0.07511588407122927, 0.07101980939283696, 0.07219308601384224, 0.07463737539234207, 0.07914107449864899, 0.08047747600650076, 0.07976382663535843, 0.08333333333333331, 0.08177525668349295, 0.08193194756713634, 0.07089265332026609], [0.07451649200319065, 0.07561956474125046, 0.07533276359668555, 0.0711215001880735, 0.07233602702305807, 0.07500301994789814, 0.07902746435271181, 0.08037088396477632, 0.07968179222887717, 0.08305833052092415, 0.08114711278258231, 0.08175811368068653, 0.07102693496928536], [0.07442544086696605, 0.07562129014105477, 0.07530046817025478, 0.07095837034675803, 0.07220879251946147, 0.07489808454544733, 0.07916652625499912, 0.08055263275792869, 0.07984313141750216, 0.08302475997287602, 0.08118494749246867, 0.081964083000487, 0.07085147251379584], [0.07476803087157134, 0.07574495654713781, 0.07553557766345036, 0.07117976966242008, 0.07244250256663888, 0.07531373452641119, 0.07894342072774603, 0.08026806694744922, 0.07961824784374263, 0.08299009880488847, 0.08057991025627936, 0.08150558700521614, 0.07111009657704848], [0.07487239740036392, 0.07581484245832897, 0.07563297018246636, 0.0711800732626917, 0.07247333444745846, 0.07544005384455826, 0.07893505890381607, 0.0802469653872052, 0.0796194674927917, 0.08295592673185774, 0.0803203250666149, 0.0813902601913789, 0.07111832463046769], [0.07498844181780409, 0.07590422148771342, 0.07575010662325213, 0.07116656343766792, 0.07250012919868204, 0.07557797593234993, 0.07893643328060068, 0.08022541822867339, 0.0796302245797008, 0.08296607890199367, 0.08000690605830649, 0.08123552041851667, 0.07111198003473859], [0.07506562124601245, 0.07596516878592649, 0.07583104346246029, 0.07114224194770738, 0.07250806506183757, 0.0756706120947746, 0.07895069673812093, 0.08019311008987119, 0.07962648797543032, 0.08310043626098135, 0.07976072108997441, 0.08109338313274755, 0.07109241211415551], [0.07512225345432061, 0.07608019525152665, 0.07594291042549134, 0.07103252817874016, 0.07246243777404116, 0.07572678692795737, 0.07912208272775026, 0.08033275935730406, 0.07973135973805462, 0.0830552599463101, 0.07942262500732057, 0.08099094444720864, 0.07097785676397446], [0.07519114155481042, 0.07621396645793635, 0.07607387353686951, 0.07092554747554651, 0.07242424027460215, 0.07579063732070943, 0.07929415293580813, 0.08043692442351777, 0.07980606247542095, 0.08307758637461173, 0.07900615960886923, 0.08089428210582972, 0.07086542545546824], [0.07522887997028121, 0.07632390624847141, 0.07616879082732436, 0.07086188398395438, 0.07240536634321214, 0.07581204265106242, 0.07944368958366325, 0.08052854191687212, 0.07988377463335468, 0.08297936648139727, 0.0787411629278288, 0.08082877741432756, 0.07079381701825022], [0.07518561941108182, 0.07643196733752404, 0.07623161947428934, 0.07068669497979978, 0.07229604154273522, 0.07573127253480524, 0.0796644016215741, 0.08067311397159897, 0.08001350982215696, 0.08333333333333333, 0.07840469686137454, 0.08074715349653308, 0.07060057561319354], [0.07497827525747515, 0.07650698823059908, 0.07618658875199637, 0.0704580025370351, 0.0721134123616642, 0.07543968038832273, 0.08003085470262007, 0.08103829085537206, 0.0803668876739582, 0.08333333333333334, 0.07832346364437216, 0.08089048852777832, 0.07033373373547325], [0.07428311591683075, 0.07551406176915869, 0.07514502536812726, 0.07116356868909049, 0.07230410917859548, 0.07469407746994865, 0.0790801782397034, 0.08037762928456711, 0.07968147215628292, 0.08313190826410737, 0.08179225863270474, 0.08179223516378809, 0.07104035986709493], [0.07417541945455638, 0.0754839270888081, 0.0750818482976391, 0.07118230856239197, 0.0722918787905357, 0.07454522893228158, 0.07912811697900408, 0.08038863678688456, 0.07969940102018337, 0.08313526683820703, 0.0820897948035105, 0.08175566576253963, 0.07104250668345799], [0.07405217758078474, 0.07544662421152877, 0.07500956054372135, 0.07116901088771643, 0.07225434349199066, 0.07438113145557065, 0.07917667540316294, 0.0803941303808129, 0.07971617769250158, 0.08333333333333334, 0.08237040924033531, 0.08168495806890486, 0.07101146770963658], [0.07402494162271432, 0.07545382219349246, 0.07500211253096581, 0.0712071889403293, 0.0722760830675322, 0.0743331239314702, 0.07921221300549472, 0.08039119095532953, 0.07972466385510922, 0.08314890693916545, 0.08255570412845493, 0.08162826797950176, 0.07104178085044012], [0.07393722263608041, 0.07544121167045753, 0.07495967556101377, 0.07120883651304326, 0.07225916177998601, 0.07420988162074175, 0.07927530290305547, 0.08039346055253516, 0.07974462174208342, 0.08314003991115147, 0.0828676733738362, 0.08153502668688682, 0.0710278850491288], [0.07383288240002363, 0.07545597194688439, 0.07492825817851038, 0.07123120212784378, 0.07225750109457654, 0.07405056002194403, 0.07939995881365154, 0.08041680687536641, 0.07980204602490058, 0.08284585859127437, 0.08333333333333334, 0.08141963477696139, 0.07102598581472974], [0.07383078768787409, 0.07550616936918796, 0.07495819388466265, 0.07129512004487595, 0.07230791868232268, 0.07402124895352373, 0.07948582502872246, 0.08044689167866005, 0.0798536270463621, 0.0826541793769632, 0.08316145918957032, 0.08139962247766926, 0.07107895657960554], [0.07445286460484041, 0.07570909710814379, 0.07538383800131133, 0.07078313250430977, 0.07210899525499964, 0.07493593864924902, 0.07931382792716495, 0.08073978044996785, 0.08003292253588806, 0.08300671618939577, 0.08083301025251252, 0.08202686481160303, 0.07067301171061378], [0.07472180767350982, 0.07580529031927924, 0.07557318403162552, 0.0709162885339999, 0.07226520175515125, 0.07526750392225455, 0.07911319425577788, 0.08047236648894163, 0.07982898182301752, 0.08333333333333331, 0.08029936915471418, 0.08156741711889269, 0.07083606158950233], [0.0749199527033333, 0.07594647404666455, 0.07575813663674491, 0.07097781034519733, 0.07236596990051335, 0.07549345716913214, 0.07909016544338869, 0.08039532594377818, 0.07980767296894216, 0.08316504933992058, 0.07988072116860429, 0.08128964945945817, 0.07090961487432229], [0.07377355308082877, 0.07552144455100668, 0.0749473788696662, 0.07126527721627604, 0.07227979722509902, 0.07393900372312397, 0.0795832721872215, 0.08050430962822668, 0.0799250278099129, 0.08247760054535483, 0.08333333333333336, 0.08141380810634151, 0.07103619372360874], [0.07376306946427041, 0.07557504569176023, 0.07497750144882939, 0.0712981362715598, 0.07230837779483207, 0.07390188769035941, 0.07969503408890488, 0.08056345959678374, 0.08000536288519486, 0.08228277116334277, 0.08315863893788505, 0.08141365580080492, 0.07105705916547238], [0.07373301808830184, 0.07563075649505996, 0.07500222655814624, 0.07131044833879609, 0.07232006360632787, 0.07383923969204506, 0.07983472465200968, 0.08064144004975746, 0.08010567410161087, 0.0820321362550995, 0.08305367782227496, 0.08144272528632462, 0.07105386905424585], [0.07366114674061651, 0.07565368575350483, 0.07499091483764878, 0.07127657009148569, 0.0722883105588259, 0.07373369587589257, 0.07995257946446581, 0.08074205488289413, 0.0801784766542263, 0.08175597712927055, 0.08333333333333334, 0.0814303018130528, 0.07100295286478295], [0.07365099340808891, 0.07572472009687696, 0.07503294833742684, 0.07129936878779979, 0.07231328764934926, 0.07369314705277835, 0.0800993709747368, 0.0808691888468272, 0.08028399211676496, 0.08151304228295007, 0.08306793159633008, 0.08144048172182361, 0.07101152712824732], [0.07364255624117447, 0.07575776144958005, 0.07505159821743705, 0.07129498105963483, 0.07231412214006794, 0.07367149598698604, 0.0801791610267571, 0.0809427090787411, 0.0803469402982361, 0.08140180625160018, 0.08293818786918324, 0.0814582160523773, 0.07100046432822468], [0.07360314201565134, 0.0757880685024664, 0.07505771264465948, 0.07125708688260808, 0.07228660521413224, 0.07361137962372033, 0.08029115445862761, 0.08104359952710873, 0.08043074845055216, 0.081218183606499, 0.0829963406473959, 0.08146454870197305, 0.07095142972460564], [0.07357713078149761, 0.07583082995623068, 0.07507646921750318, 0.0712383159724171, 0.07227643443359785, 0.07356344406695828, 0.0804081161627622, 0.08114284594414829, 0.08051474948674006, 0.08102471113087939, 0.08297189986914469, 0.08145351059852478, 0.07092154237959566], [0.07354817890792, 0.07590298078947347, 0.07510576527633843, 0.07125366429761402, 0.07229246321180138, 0.07349880129893151, 0.0805402486052098, 0.0812196511272121, 0.08057788909417601, 0.08072912746991923, 0.0830611226334378, 0.08134963093583839, 0.07092047635212786], [0.07349077558500122, 0.07595623334606762, 0.0751147376496102, 0.07121073641826874, 0.07226144302594867, 0.07340820443793183, 0.08070353500823406, 0.08131112061033653, 0.08065711319976669, 0.08043404069476018, 0.08333333333333333, 0.08125798110771026, 0.07086074558303058], [0.07351005358430056, 0.07589676741868585, 0.0750924745540998, 0.0711536640827496, 0.07221743670109095, 0.07346184535647565, 0.08062426093549926, 0.08133236940006831, 0.080678188557916, 0.08069183031070057, 0.08308327712072155, 0.08143985947726956, 0.07081797250042238], [0.07469878222248089, 0.07573429326852016, 0.07550299116441354, 0.07107046199023763, 0.07235390925877282, 0.07523501220398397, 0.07901747343023824, 0.08036560177512403, 0.07970495743404189, 0.08311225411219225, 0.08060514924281366, 0.08160627129554353, 0.0709928426016374], [0.07454474289974429, 0.07567776962399583, 0.07540151808923214, 0.0709232027872449, 0.07221669237600888, 0.07505564394213418, 0.07911707061852945, 0.08050175645029502, 0.07981467644864984, 0.08333333333333336, 0.0807826258610199, 0.08180055862076603, 0.07083040894904642], [0.07473575933444444, 0.075943746144538, 0.07567658713318547, 0.0707806882907795, 0.07219678039952725, 0.0752608854834325, 0.07934060803545039, 0.08069850215205965, 0.08008324174536184, 0.08301459159726222, 0.08002845350802107, 0.08155410091332399, 0.07068605526261368], [0.07460078899637301, 0.07580491441848178, 0.07551878375225608, 0.07080082071066625, 0.07216365887992991, 0.0751126065774324, 0.07928669899104511, 0.08068526534413918, 0.0800170484562181, 0.08306422487359913, 0.08044858149604528, 0.08179423321415366, 0.07070237428965999], [0.07415932399822972, 0.07553003955313949, 0.07512614078429683, 0.07078557233191404, 0.07202810372798946, 0.07457310047105686, 0.0793384478311506, 0.08075469989042508, 0.08000790632021719, 0.0831135860563586, 0.08165975372401996, 0.08227486865112434, 0.07064845666007782], [0.07435708229592486, 0.07564965633725172, 0.07529736423834879, 0.07078098938002311, 0.07208034877824683, 0.07481879729104218, 0.07932836454850235, 0.08076144618281739, 0.08003512426297713, 0.08297387982530822, 0.0811001487839836, 0.08215432512384682, 0.07066247295172685], [0.07474150449162792, 0.07600347666800052, 0.07572908182995573, 0.07065709246764092, 0.07212407186885754, 0.07526475035363206, 0.07941790283526723, 0.0807772021496568, 0.08015716186930501, 0.08333333333333334, 0.07973088192723692, 0.08150554049997596, 0.07055799970551023], [0.07477862944023374, 0.07617053948592753, 0.07585877559051168, 0.0705666513554785, 0.07209539492561418, 0.07527086466887689, 0.07969797778163544, 0.08101574268850967, 0.08036105319375698, 0.082881880322697, 0.07936009060576822, 0.08148981170503171, 0.07045258823595835], [0.07521904259126275, 0.07662539519778584, 0.07637345760020693, 0.07063618899860334, 0.07229798421679913, 0.07571162819517278, 0.07993336779709623, 0.08080698774979078, 0.08015267176712254, 0.08304674705699577, 0.07805744861781216, 0.08060858370397095, 0.07053049650738076], [0.07529400512751556, 0.07653523519949935, 0.07634874902056334, 0.07074139619161811, 0.07236966773736381, 0.07583824872016136, 0.07970413373872197, 0.08062537966856341, 0.07997158976808624, 0.08313599365461422, 0.07818581619501015, 0.08059245070845861, 0.07065733426982389], [0.07350313686760823, 0.07574997564105725, 0.07504254153372636, 0.07018003825808516, 0.07153221427678724, 0.0736556378763516, 0.08076074217683266, 0.08228882429136929, 0.08144199912758938, 0.08132267577939455, 0.0814419484282933, 0.08317247582031687, 0.06990778992258795], [0.07349006134875381, 0.07568214943325893, 0.07498616976344429, 0.07029141817486183, 0.07159453727136159, 0.0736419792095997, 0.08061048178530288, 0.08201145694128427, 0.0812179199159267, 0.08159425981649775, 0.08177021685875557, 0.08308748464428649, 0.0700218648366663], [0.07353453054414184, 0.07562864275710934, 0.07496681673271662, 0.07032303539556098, 0.07161541554980709, 0.07371829609569924, 0.08042432661327995, 0.08185488863658115, 0.08104950821217462, 0.08186092761432545, 0.08196395787259346, 0.08299098945399311, 0.07006866452201704], [0.07356339557899584, 0.07557540745061146, 0.0749403009603324, 0.07037482515604218, 0.07164734936645305, 0.07376872066028008, 0.0802561745472054, 0.08167200812082862, 0.08087482331625695, 0.08211163912977658, 0.0821877014484234, 0.08289582146732985, 0.07013183279746428], [0.07364781202232161, 0.07555183812380807, 0.0749593923613408, 0.07035564551641764, 0.07164602722921344, 0.0739005234176469, 0.08010332990490823, 0.08159150436499836, 0.08077008452597292, 0.08227926814080616, 0.0821108688724759, 0.08295051023427963, 0.07013319528581033], [0.07373028902894171, 0.07556863538105307, 0.07500557877155817, 0.07032151740315616, 0.07164065305432607, 0.07401865646603255, 0.0800438034088378, 0.08158394270316884, 0.08074852513078418, 0.08220366327337852, 0.08185788248557685, 0.0831632641935588, 0.07011358869962721], [0.07382595673391133, 0.07568883867047234, 0.07512818875261257, 0.07026104094197373, 0.07163570553766058, 0.07412570417126449, 0.08018173017229599, 0.08178631725825483, 0.08093843975878544, 0.0819581797242308, 0.08136468858334374, 0.08304949281060808, 0.07005571688458617], [0.07374046889319968, 0.07581457273262539, 0.07518886715615306, 0.07007513244886698, 0.07151420054683438, 0.07398871748381364, 0.08057098359197234, 0.08225304068630226, 0.08137732380061298, 0.08143834137782933, 0.0808624000985145, 0.08333333333333333, 0.0698426178499421], [0.07358643512109704, 0.07584030249419714, 0.07514608785988872, 0.07002044787325545, 0.07145357852159409, 0.07376811030279909, 0.08086020861292408, 0.0825723538826016, 0.08165036127415082, 0.0811724738119792, 0.08083870802218508, 0.08333333333333331, 0.06975759888999412], [0.07354967876239205, 0.07584567273309718, 0.0751295308973863, 0.07010405916563399, 0.07150423039881038, 0.07370196048155217, 0.08092506475955542, 0.0825695900295556, 0.08166808428406927, 0.0810075395915857, 0.08107959527019465, 0.08308480876814295, 0.06983018485802438], [0.07355944534062356, 0.0757345683603872, 0.07505765145711796, 0.07013588933557698, 0.07150997719709315, 0.07374796542186748, 0.08066141971067883, 0.08227035462137151, 0.08138689762099954, 0.08138689762099954, 0.08133718568441124, 0.08333333333333334, 0.06987841429553976], [0.07350323233164667, 0.075693252812573, 0.07500444472172145, 0.07018762265284392, 0.07152846008894981, 0.07367313486350344, 0.08063125001763956, 0.08215240910915597, 0.08130798063050643, 0.0815045712496566, 0.08155706266955257, 0.08333333333333334, 0.0699232455189173], [0.07359381311871144, 0.0756236566988647, 0.07499336632375193, 0.07021180260726109, 0.07155017926088571, 0.0738220156364152, 0.08035836169826409, 0.08191738368094112, 0.0810606242858982, 0.0818398197276621, 0.08172169893405365, 0.08333333333333333, 0.06997394469395733], [0.07373195010959138, 0.07573675285725609, 0.07512409743299638, 0.07022518641988953, 0.07160156060570483, 0.07398109385642453, 0.08042332802482226, 0.08204767207322651, 0.08117455200028256, 0.08162140997681615, 0.08135909869610973, 0.08297664099039793, 0.06999665695648209], [0.07365937187423348, 0.0757053022075424, 0.07507460117911609, 0.07020765991504646, 0.07157175583554932, 0.07389010280896102, 0.08045544417887468, 0.08206211183787435, 0.0811880438187208, 0.0816347603145046, 0.0814716627452385, 0.08310856922076358, 0.06997061406357483], [0.07369846637742104, 0.07579466672231622, 0.0751532722834117, 0.0701560776581539, 0.07155788475686849, 0.07392415542603882, 0.0805991139242792, 0.08226111168834144, 0.08137002006753573, 0.08136341035064985, 0.08113072222428067, 0.08307554558142209, 0.06991555293928078], [0.073566705106039, 0.07562440536398254, 0.07498069145029786, 0.07025250941890729, 0.07157287405102553, 0.07377673438152979, 0.08038628574900945, 0.08190330510085252, 0.08106291375442615, 0.0818599247052036, 0.08182755517855701, 0.08317832254597499, 0.07000777319419417], [0.07369544924397994, 0.07560295164076071, 0.07501595540617471, 0.07029452714360573, 0.07162123790928164, 0.07396188581591837, 0.080169634558758, 0.08172051664510828, 0.08087567531952694, 0.08206684441873743, 0.08180904688346535, 0.08309033384761312, 0.07007594116706968], [0.07376539821641713, 0.07566963844810547, 0.07509096404021276, 0.07025691229580375, 0.07161883497696098, 0.07404606920665932, 0.08022652457868329, 0.08182511526430428, 0.0809692678293761, 0.08189398437013336, 0.0814959725633949, 0.08309812538767185, 0.07004319282227685], [0.07381332099469835, 0.07579865617156618, 0.07520336009354865, 0.07015123412771326, 0.07157625402951157, 0.07408723119884514, 0.08043165638019525, 0.08208614079123026, 0.08122818963791552, 0.08158322019896415, 0.08095892767977084, 0.08315009385613396, 0.06993171483990679], [0.07389425839593913, 0.0757646856935408, 0.07520739330565102, 0.07025311853857767, 0.07165450872936933, 0.07419945945904202, 0.0802436641365596, 0.08186173319576474, 0.0810230606779733, 0.08183811590705183, 0.08110797367565405, 0.08290221455883542, 0.07004981372604116], [0.07361803550721385, 0.07557720437000608, 0.07496721807029597, 0.0703020623855444, 0.07160832949386511, 0.07385796897489724, 0.08020765570786437, 0.08171657262204719, 0.08088372837829687, 0.08211162008553051, 0.08198508676743195, 0.08309233040955703, 0.07007218722744935], [0.07376073414304961, 0.07559003757531929, 0.07503455656859682, 0.07027912873247126, 0.07162095588947028, 0.07406172979084015, 0.08005496082459165, 0.08162379692387685, 0.08078197582502736, 0.08211596999641846, 0.08166749264893655, 0.08333333333333333, 0.0700753277480684], [0.07386324413165862, 0.07565267407102408, 0.07511710978819665, 0.07029475873514845, 0.07165989508827333, 0.07418570433614612, 0.08004824846874785, 0.08163315322201121, 0.08079885920485784, 0.08214789007226736, 0.08141076751888712, 0.08308725306169336, 0.07010044230108785], [0.07341816930899614, 0.07604213348114446, 0.07520390575123634, 0.07014323168564116, 0.07153978329768908, 0.07344192011889586, 0.08154424798192005, 0.08273115720128997, 0.08214980674246675, 0.08051690579714962, 0.08108419863783302, 0.08236972272199206, 0.06981481727374526], [0.07342429007869603, 0.07599459730039128, 0.07518267283223734, 0.07001080098485368, 0.07144345901706405, 0.07348569807680712, 0.08143396906250436, 0.08294744114612015, 0.08215907532772282, 0.08074171012133403, 0.08088964902259348, 0.08259066736165013, 0.0696959696680256], [0.07350346226305082, 0.07597391042342282, 0.07520986875208063, 0.06987864811508249, 0.07136468229446932, 0.07362412444332005, 0.08126315859327474, 0.08305519341876924, 0.08209876052200905, 0.08113431372060922, 0.08050099364840635, 0.08280565221932733, 0.06958723158617813], [0.07369014583424331, 0.07612186395812244, 0.07538730947669992, 0.0698718424784944, 0.07141697088532765, 0.07383967515425295, 0.08123265155556499, 0.08278376052917506, 0.08212142756695062, 0.08151809044293962, 0.07993968175086864, 0.0824813947333567, 0.06959518563400387], [0.07379045238790947, 0.07652205869514599, 0.07569933930557003, 0.06985622160383795, 0.07148967219096458, 0.0738424026242748, 0.08170023773820007, 0.08306108328718954, 0.08251095619210806, 0.08130299319639887, 0.07911514853494901, 0.08156393395783347, 0.06954550028561811], [0.07364343397389769, 0.07668541148254299, 0.07573717308437412, 0.06995825617345602, 0.07156069460593381, 0.07356440149883614, 0.08237221212445454, 0.08284805858116324, 0.08298314074399196, 0.08061331088686403, 0.07925001431783549, 0.08118878163049024, 0.06959511089615968], [0.07345656447983198, 0.0765777280313319, 0.07557958092406036, 0.07005505317006018, 0.07157702290987439, 0.07332425998908322, 0.0826658121919656, 0.08282513620882667, 0.08299304854466781, 0.0802065094272835, 0.07985085438068576, 0.0812225465415105, 0.06966588320081815], [0.07334758712768433, 0.07634713286879617, 0.07537943108544409, 0.07009342241374107, 0.07154577344821084, 0.07324323982498916, 0.082336572117378, 0.0831309096983949, 0.08267389059080398, 0.08015180104955531, 0.08048965328980968, 0.08154878929589701, 0.06971179718929543], [0.07337819965662637, 0.07611495313752295, 0.07523836714986558, 0.07009764657378884, 0.07151431578013745, 0.07336636844517079, 0.08176792324979805, 0.08297471302474385, 0.0823418197809771, 0.08043089608086337, 0.0808706129275232, 0.08215076658717596, 0.0697534176058065], [0.07341095241155333, 0.07605340603288718, 0.0752172654588216, 0.06999335975647061, 0.07143903888849666, 0.07344910204957686, 0.08158419919442458, 0.08298371430289508, 0.08230967658013716, 0.08069654883667933, 0.08076109700978946, 0.08243304261199726, 0.06966859686627082], [0.07343739238575483, 0.07604098272835143, 0.07523017511950617, 0.06983060787354788, 0.07133168330000145, 0.07351342056929748, 0.08150604467196235, 0.08333333333333333, 0.08234773882511451, 0.08098827149725339, 0.08039871164796411, 0.08252211157896835, 0.06951952646894463], [0.07351025458996983, 0.07607451689074263, 0.07528314780194424, 0.0698275086739115, 0.07134771974190052, 0.07360616876392587, 0.08145119899472844, 0.08315289545838464, 0.0823254451191284, 0.08115312106830744, 0.08022517098588326, 0.08251716432667999, 0.06952568758449335], [0.07356350179790512, 0.07621512413231482, 0.07539845488081981, 0.06984006634958961, 0.07138842848768565, 0.07363164095207834, 0.0816422624555071, 0.08294313307104714, 0.08254726557966514, 0.08114702940341578, 0.0799399558156274, 0.0822144268532542, 0.0695287102210897], [0.0734095554774227, 0.07622781668278614, 0.07533506670459675, 0.06994995367620058, 0.07143843005684862, 0.07339330177520162, 0.08197080678833661, 0.08300659500449521, 0.08272533720899482, 0.08060626931498653, 0.08032031506109848, 0.08201347480004384, 0.0696030774489881], [0.07341329826048568, 0.07638156689330779, 0.07544071487640044, 0.06991612820084335, 0.07144216621135814, 0.07334966568423833, 0.0822