[[0.07160661912065511, 0.07479698242814203, 0.08076450068939557, 0.07325182467279634, 0.0817407216680587, 0.08158943911066752, 0.08095765762940332, 0.08136515657666114, 0.07556382627497281, 0.07451746017341097, 0.08273267226579813, 0.07024786002247792, 0.07086527936756046], [0.07158927747683165, 0.07474284119109513, 0.08055448964911785, 0.0732907179855976, 0.0820566999796836, 0.08169882563317493, 0.08080003162537983, 0.08124260159353426, 0.07546661381419767, 0.07442945584405888, 0.0829678072184866, 0.0702540260746259, 0.07090661191421604], [0.07162281868370254, 0.07471427141376402, 0.08030945053660234, 0.07337787099582595, 0.08243419804984005, 0.08176810248614769, 0.08060272636983074, 0.08107117300439055, 0.07538483146666687, 0.0743650014943091, 0.08301546460089407, 0.07032255926323733, 0.07101153163478868], [0.07166909326991931, 0.07472090038969335, 0.0801387782171252, 0.07348220069317563, 0.08273836781615501, 0.08183025157534952, 0.08047519974463148, 0.08096186670766017, 0.07534439771342291, 0.07433392175496542, 0.08278962523490035, 0.07039371703977325, 0.07112167984322845], [0.07173435792965542, 0.07472820830615293, 0.0799259186182733, 0.0736036271980792, 0.0830891030605888, 0.08181830078024026, 0.08029939986716263, 0.08079630497846423, 0.0752979007672903, 0.07430289088526122, 0.08265240487978902, 0.07049191760938385, 0.07125966511965898], [0.07175695025209743, 0.07473832904633848, 0.07980532285339588, 0.07369131665351329, 0.08333333333333333, 0.08184494483504054, 0.08021501062283311, 0.08072245105813558, 0.07526887694761625, 0.07427413969758208, 0.0824855104114131, 0.07052695329318265, 0.07133686099551828], [0.07180299977599586, 0.07480110350528978, 0.0796905755399338, 0.07386610783193112, 0.08333333333333334, 0.08195771830512687, 0.08016802542695811, 0.0806934870897285, 0.0752704099669686, 0.07426283511180971, 0.08210650552081164, 0.07057808991051144, 0.07146880868160126], [0.07193612694591076, 0.07491987189130465, 0.07957474802420095, 0.07410636246223166, 0.08294946810901453, 0.08197585650667467, 0.0801046676395663, 0.08063351689557217, 0.07532412981229201, 0.07431498295208468, 0.08174210489113388, 0.07072817741055569, 0.07168998645945798], [0.07196073441833407, 0.07500382844573274, 0.07952968718923746, 0.07427315423391516, 0.08284747777873734, 0.082058520428548, 0.08011911127412362, 0.08065662672938029, 0.07535638044362294, 0.07432084793789437, 0.081349224625443, 0.07073847919402712, 0.07178592730100401], [0.07207993986364543, 0.07517062290057268, 0.07945834251516375, 0.0745693495015448, 0.08251154721056278, 0.08199201319848272, 0.08009057397758501, 0.08061949290580295, 0.07544482860889777, 0.07438555933294441, 0.08081799930716245, 0.07085122823773692, 0.07200850243989837], [0.07215257132943022, 0.07532709781571091, 0.07938830510664754, 0.07483908510944721, 0.08250110486283452, 0.08181664378024422, 0.08005908098695023, 0.08056730273290853, 0.07552600214696073, 0.07443161488344828, 0.08031230803090322, 0.07090164551705212, 0.07217723769746238], [0.07224961667066643, 0.07544118853194362, 0.07923830194616895, 0.07507382323005721, 0.0828444965073291, 0.08151882125718674, 0.07991847453765072, 0.08039637942590237, 0.07557034982466221, 0.07446599974673246, 0.07991854935667128, 0.07100080302040752, 0.07236319594462134], [0.07218661413155043, 0.07552808088668003, 0.07922109050014207, 0.07519586173518167, 0.08333333333333334, 0.08132646103987821, 0.07993113953653999, 0.08045226334309605, 0.07561343047662802, 0.07445460252009398, 0.07952451678853732, 0.07088407219026924, 0.07234853351806968], [0.07223859397892435, 0.0756686856381817, 0.0792529876441243, 0.07534998979016502, 0.08296181433421336, 0.08116965405341374, 0.07997327100453226, 0.08052965216459236, 0.07572544568590998, 0.07453471125788656, 0.07926579099680847, 0.07090408907851407, 0.07242531437273372], [0.07224789310996384, 0.0758264640294442, 0.07936251268328477, 0.07546249688316513, 0.08246670305164654, 0.08107325643510012, 0.0800950300754029, 0.08069324732488248, 0.07587185667664628, 0.07462924093663785, 0.07898612697056197, 0.0708557863987925, 0.07242938542447118], [0.0722023510097997, 0.07592068012394684, 0.07951441777190572, 0.07546181108946799, 0.0820599519093081, 0.08110594493529522, 0.08025621331730914, 0.08088426556715402, 0.0759835345116745, 0.0746926810589714, 0.0788207688304287, 0.07075310507679619, 0.07234427479794253], [0.07218206313665619, 0.0760679173762401, 0.07969900064523888, 0.07547709387471302, 0.08151654802302531, 0.08106101761064949, 0.08043740250252188, 0.08109258235445667, 0.07615573141053078, 0.07480682683974957, 0.078572621474173, 0.07066366692063174, 0.07226752783141316], [0.07210183915848555, 0.07616611776953472, 0.08000260971584584, 0.0753497095283455, 0.08093970380496719, 0.08106792059528761, 0.08073127092650567, 0.081400965247429, 0.07632771589672999, 0.07491677998793249, 0.07841803379096092, 0.07050442895063999, 0.07207290462733545], [0.07175979653897493, 0.07488748038394141, 0.08090021753667469, 0.07324538899718971, 0.0814075621122048, 0.08127641448570544, 0.08096682450183396, 0.0812925478563595, 0.07570811561788342, 0.07469172429476954, 0.0825139618363171, 0.070411932498304, 0.07093803333984172], [0.07170240293471855, 0.07480005378976139, 0.08065150646035017, 0.07327084942827655, 0.08179305950242408, 0.08144621024703405, 0.08080163788660903, 0.08118675098183248, 0.07556744840698167, 0.07455644918141736, 0.0828911907407432, 0.07037828662050279, 0.07095415381934887], [0.07168166442042025, 0.0747563616774631, 0.08050334342990305, 0.07329346543775485, 0.0820144230551125, 0.08151706536481672, 0.08069352408961768, 0.08110472663567947, 0.07549278074534013, 0.07448695859825315, 0.08310646469101696, 0.07037324046861834, 0.07097598138600375], [0.0716646514428584, 0.07471785429695502, 0.08025274428678622, 0.07339912417422248, 0.08248471989273595, 0.08171196192963556, 0.08053644327365217, 0.080998744180504, 0.07538271834599881, 0.07437656506182098, 0.08303539961195185, 0.07038005123466422, 0.0710590222682143], [0.07164604829952531, 0.07473823939941067, 0.08047141364312599, 0.07330057813934063, 0.08210518186716557, 0.08159511735483187, 0.08069099947502899, 0.0811195012142165, 0.07546049745201783, 0.0744464265307428, 0.08313004199863164, 0.07033423488411585, 0.07096171974184651], [0.07173149979373765, 0.0747298414106089, 0.08004553302026683, 0.07352856934809365, 0.08284041297822622, 0.08175549532862068, 0.08037620562026142, 0.08085677279297639, 0.0753386400141763, 0.07434638115724322, 0.08276960058352743, 0.07047941148368674, 0.0712016364685746], [0.07179674242334023, 0.07473510625830879, 0.07987679071942701, 0.07361628309446816, 0.08303537325573308, 0.08169419911139823, 0.08022455272931428, 0.0807070281231066, 0.07530658579761655, 0.07433234204628095, 0.082783701353413, 0.07057501507036226, 0.07131628001723087], [0.07179570476046067, 0.07475545553532087, 0.0797701544488459, 0.07372980099176962, 0.08326699415945193, 0.08181745044508547, 0.08018075301781434, 0.08068591803241841, 0.07527645624927234, 0.07428857893602285, 0.08246923825382092, 0.0705757814006583, 0.07138771376905828], [0.0719226794311396, 0.07481653194874203, 0.07958826953956342, 0.0739078428410573, 0.08333333333333336, 0.0817309559715985, 0.0800261548912186, 0.08052946274854948, 0.07528149029897475, 0.07431159757909377, 0.08222339492111143, 0.07073845913062717, 0.07158982736499085], [0.07201620166301971, 0.0749177791637182, 0.07947639472262824, 0.07413238371044677, 0.08313075739909953, 0.08178531956764007, 0.07997700886006828, 0.08049004901528631, 0.07531560184752917, 0.07433572334792038, 0.0818052711863242, 0.07084096740238638, 0.07177654211393265], [0.07202416178283993, 0.07497659686067194, 0.07944317992815872, 0.07425532862926382, 0.0830660034031268, 0.08187066542499241, 0.07999566794152341, 0.08051840468421054, 0.07533463323646149, 0.07433242546048645, 0.0815063107193667, 0.07083603349399473, 0.07184058843490311], [0.07205999882752337, 0.07505297023583869, 0.07940563800282376, 0.07440343608280338, 0.08296317701693134, 0.08189405457546482, 0.07999402338747487, 0.0805193030753827, 0.07536731426056151, 0.07434651317358895, 0.08119422405474971, 0.0708631799595496, 0.07193616734730743], [0.072143859816697, 0.07516078131567172, 0.07936452353916376, 0.07459131600330104, 0.08268611117727949, 0.0818511018489845, 0.07997671272722381, 0.08049600167323182, 0.07542738119663743, 0.07439394922379101, 0.0808802094367018, 0.0709449295369016, 0.07208312250441493], [0.07220821198018519, 0.07523351509492308, 0.0793330978701596, 0.07471523636516304, 0.08250136044713427, 0.0817938967868051, 0.07995618924517099, 0.08046829556667225, 0.07547004367013915, 0.0744312610062993, 0.08069206215375441, 0.07101031858006937, 0.07218651123352424], [0.07230630402099888, 0.07533655913852623, 0.07928263085426072, 0.07488969182094148, 0.08225487520183163, 0.08168584276442005, 0.07991636740920087, 0.08041525930199134, 0.0755316769479074, 0.0744881252041935, 0.08044282052377548, 0.07111212073914219, 0.07233772607281015], [0.07228749271335519, 0.07538622069979796, 0.07925474451534317, 0.07498338558521785, 0.08252446351254493, 0.08161322516298715, 0.07991066724483474, 0.08040126000241735, 0.075548235350334, 0.0744783863137791, 0.08017972114204329, 0.07107092232467986, 0.07236127543266543], [0.07244287723336892, 0.07554710662821053, 0.07905961201184146, 0.0753048646057172, 0.08279116281473997, 0.0812327446452526, 0.07972169781735727, 0.08018534336115334, 0.0756185753192664, 0.07454194962042801, 0.07968696912130925, 0.07123488510983404, 0.07263221171152091], [0.07239360316638714, 0.07562886609482436, 0.07906367772093356, 0.07541078028467416, 0.08303592062060196, 0.08110635194877541, 0.07975016281318427, 0.08026061961450012, 0.07566564671282093, 0.07454196505477463, 0.0793847986893365, 0.07113786639792033, 0.0726197408812668], [0.07218148099464713, 0.07543072703093924, 0.07929417335345047, 0.07503276488376714, 0.08292282343763206, 0.08157368759167274, 0.07998703957375274, 0.08046815324310276, 0.07556831088194556, 0.07444412736990379, 0.07990525046594034, 0.0709090832278185, 0.0722823779454275], [0.07243814837001201, 0.07573611537158279, 0.0790489223947324, 0.07555141521950065, 0.08290427748180063, 0.08095598966136854, 0.07974167687138276, 0.08027819910201328, 0.07574050636226214, 0.07459406741813536, 0.07915220723220655, 0.07116087087947055, 0.07269760363553245], [0.07247769076391282, 0.07590957659108526, 0.07909973559307559, 0.07572243652338265, 0.08252791184987775, 0.08076864916165866, 0.07980159067034315, 0.08037704270408909, 0.07588312217386547, 0.07468988244933342, 0.07883490863287307, 0.07115025004669456, 0.07275720283980852], [0.07243148272130549, 0.07597357862125102, 0.07919917585458769, 0.07572619603794681, 0.08229983212090862, 0.08080624981931939, 0.07991046874499133, 0.08050865260080838, 0.07595477687449581, 0.07472376762475447, 0.0787181997326496, 0.07105971593096216, 0.07268790331601922], [0.07239272438874, 0.07610079577017477, 0.07935353729976818, 0.07574883845960612, 0.08185798979051807, 0.08080953478468302, 0.08006944031513359, 0.0806969977321148, 0.07609590302529565, 0.07480796178053735, 0.07850503467279525, 0.0709538020439778, 0.07260743993665518], [0.07244451466143915, 0.07627872829503052, 0.07942702987446802, 0.07585988140118832, 0.08140053557901213, 0.08067415831624629, 0.08012672559938919, 0.0807668381270238, 0.07626846380421103, 0.0749372515387628, 0.07822107221410066, 0.0709557170572346, 0.07263908353189341], [0.07230305928618734, 0.07627954899886907, 0.07969918137903276, 0.07566036134841699, 0.08109748833869303, 0.08081230111209371, 0.08040530535536602, 0.08105998240406632, 0.07634457337947849, 0.07496402457239588, 0.07823275384697528, 0.07075061050812034, 0.07239080947030475], [0.07186750211921927, 0.07489860668883432, 0.08077024811178025, 0.07328038048921774, 0.08145453035423642, 0.08115941267858247, 0.08080521714297459, 0.08111655958258625, 0.07571540753152031, 0.07473555083696401, 0.0825963964517976, 0.07055651302904055, 0.07104367498324624], [0.07179701017195836, 0.07477915708794652, 0.08040513940277286, 0.0733328545312032, 0.08201400143872697, 0.08136435067501464, 0.080557735511844, 0.08094686228971536, 0.07551455894734185, 0.07454358607659833, 0.083135402038745, 0.07052349442291543, 0.07108584740521748], [0.07181356524882583, 0.07481746346322124, 0.08054151353227189, 0.07330723741674715, 0.08181214576653553, 0.0813045896186735, 0.08065534222216345, 0.08102026116062952, 0.07558297399346742, 0.07460735911489084, 0.08295168915891438, 0.07052493709830907, 0.07106092220535014], [0.07170482417491487, 0.07472715763470825, 0.08034264603473402, 0.07332611652835563, 0.08219988599405696, 0.0815043506595827, 0.08054982186030805, 0.08097136185945926, 0.07543713115993463, 0.07444806386097108, 0.08333333333333334, 0.0704220153840938, 0.07103329151554745], [0.07183665135562908, 0.074763753355215, 0.08019489194227464, 0.07342676305666958, 0.08232215199102123, 0.08142394711768984, 0.08039910921181816, 0.08081570926792828, 0.07544780643443898, 0.07449118871830468, 0.08308804626044879, 0.070595336566897, 0.0711946447216649], [0.071829412693254, 0.07474231152363704, 0.08001141996427669, 0.07351757331118924, 0.08266437316592314, 0.08153218788666948, 0.08028251024713959, 0.08073133098958689, 0.0753703069303558, 0.07441219105123804, 0.08303407639861828, 0.07060561980588898, 0.07126668603222285], [0.07177744968565876, 0.07474255773779967, 0.08017745550665394, 0.07343349984196512, 0.08245608942832862, 0.08154037120823962, 0.08042035595206855, 0.08085848348403361, 0.07540955878913756, 0.07443662252430891, 0.08305926385968289, 0.07052559174658805, 0.07116270023553463], [0.07189182821661023, 0.07475376443927928, 0.07982395004403536, 0.07363578636834517, 0.08287269295568313, 0.08152630086375079, 0.08013418848475516, 0.08059555710748346, 0.07533078066708064, 0.07438549211532365, 0.08295327109372819, 0.07069794154235716, 0.07139844610156793], [0.07194020886577024, 0.07477307293670435, 0.07972051405721056, 0.07372052049671812, 0.08301240185130095, 0.08151729395345161, 0.08005387803884469, 0.08052091064860897, 0.07531835602390827, 0.07438002589946947, 0.08278891016109163, 0.07076377111709106, 0.07149013594983], [0.07195769097202893, 0.07479118353920718, 0.07965837342168723, 0.07379200858825508, 0.08310295328962217, 0.08155858847267967, 0.08002118090013435, 0.08049780801884614, 0.0753085255757816, 0.07436665770618237, 0.08261110376518324, 0.07078653900961293, 0.0715473867407791], [0.0720592242130878, 0.07484882840960459, 0.0795331063356814, 0.07394161916252388, 0.08307594284785105, 0.0815230946816536, 0.07992332070766116, 0.0804020450219714, 0.0753210581569762, 0.07439003621062511, 0.0823582765227636, 0.07091343678252125, 0.07171001094707884], [0.07209688557567473, 0.07491033629172694, 0.07942887107702509, 0.07411429632058186, 0.08313625109008438, 0.08160180849100523, 0.07988301520433844, 0.08037715834614656, 0.07532183254441087, 0.0743753986491825, 0.08196657628589255, 0.07095308730021317, 0.07183448282371774], [0.07209038586940607, 0.07492489840828445, 0.07937587413101266, 0.07417735832842776, 0.08333333333333333, 0.0816254068377794, 0.07985999391457915, 0.08036051242076944, 0.07530925344479089, 0.07435240771390185, 0.08178008947559018, 0.07094325753124052, 0.07186722859088435], [0.07210342689741303, 0.07495505360829516, 0.07937042952003157, 0.07423232217312506, 0.08320766729359684, 0.08166541136781309, 0.07987374151302139, 0.0803781755650059, 0.07532421385582967, 0.07435958513608443, 0.08167594882616579, 0.07095229268329484, 0.0719017315603233], [0.07212508854348869, 0.07500681278918922, 0.07929410186278066, 0.0743631832805706, 0.08333333333333334, 0.08167333827318461, 0.07984189241916624, 0.08035064626410124, 0.07533094795412969, 0.07435115769638645, 0.08137304060800081, 0.07096976363305064, 0.07198669334261787], [0.07219358460997279, 0.07510280744333626, 0.07926786559549732, 0.07453180872346622, 0.08301597567617877, 0.081682379194439, 0.07984276699415899, 0.08035103824754318, 0.07538375828028611, 0.07439013691110302, 0.08108988347348231, 0.0710343163239816, 0.07211367852655427], [0.07226410472429898, 0.07518839229888409, 0.07923765435047382, 0.07467973930375756, 0.08276066619680306, 0.08164905647024938, 0.07982920447130731, 0.08033259837908954, 0.0754327914636608, 0.07443068496188848, 0.08085797124081666, 0.0711043746619776, 0.0722327614767925], [0.07244747624623678, 0.07535952964387593, 0.07913525803283777, 0.07498111824498117, 0.08232117208105046, 0.08146795537373744, 0.07974161303803978, 0.08022420124166772, 0.07553217225653791, 0.07452893077930305, 0.08044829947944167, 0.07130235202422579, 0.07250992155806467], [0.07255974912059211, 0.07547817583258888, 0.07903485605429744, 0.07520485744345828, 0.08228714204162163, 0.08128235500769346, 0.07965207443865115, 0.08011481780683335, 0.07559166361957721, 0.07458230151727653, 0.08009303770780342, 0.0714195846884657, 0.07269938472114093], [0.07251230967811882, 0.07556049828229948, 0.07901567958238903, 0.07534271203583118, 0.08266975063851585, 0.08118362966512464, 0.07966583409671267, 0.08011759182600554, 0.07562613618882962, 0.07456877927976642, 0.07969938131073426, 0.07132690912428175, 0.07271078829139074], [0.07242620251628802, 0.0754770145639029, 0.07911086998267455, 0.075179384331202, 0.08259456783107023, 0.08136889186365306, 0.07975979324503753, 0.08022722855504343, 0.07558700045365022, 0.07453101243289, 0.07993525777550571, 0.0712347244821305, 0.07256805196695182], [0.0724469634212184, 0.07541061221657215, 0.07914277522068154, 0.07505886855717094, 0.08228006181869588, 0.08146104681985818, 0.0797662978921114, 0.08024545075740955, 0.07556171970476683, 0.0745388042863351, 0.08026611996171262, 0.07128448736487455, 0.07253679197859275], [0.0723181645312478, 0.07527456071869151, 0.07922800060267074, 0.07481768528597109, 0.0824963669845694, 0.08162777843853476, 0.07983784003070689, 0.08033616533929382, 0.07548573135656549, 0.0744695787300056, 0.08062735683022497, 0.07115060968402158, 0.07233016146749643], [0.07244291189081074, 0.0754658035935676, 0.07910953128794367, 0.07516179005728611, 0.08251285375892439, 0.08138018687119539, 0.07975138811966356, 0.08022086830269166, 0.07558302995326949, 0.074537236424479, 0.07999690756518087, 0.07126148655504538, 0.07257600561994212], [0.07228346355781086, 0.07541503952792515, 0.07923490665338986, 0.07503651324200011, 0.08266165755462894, 0.08155760577626091, 0.07990040822273502, 0.08038453302495463, 0.07555907591840626, 0.07447661501470892, 0.08005412127902946, 0.0710563091187675, 0.0723797511093823], [0.07248920790746613, 0.07561357684067126, 0.07900328610560592, 0.07542309805047086, 0.08284042355641737, 0.08109800344873785, 0.07966891058275322, 0.08015043896591759, 0.07565259105155782, 0.07456752199448068, 0.07949789809991345, 0.07127678524555509, 0.07271825815045292], [0.07249733954708278, 0.07569089980644092, 0.07898633251366526, 0.07553207105253917, 0.0828899486163861, 0.08097873077060423, 0.07966276249659188, 0.0801718879995069, 0.07570002849916092, 0.07458984682692603, 0.07928040451737789, 0.07126072310981946, 0.07275902424389848], [0.07252437982006296, 0.075804362566054, 0.07898847790909122, 0.07566977349197254, 0.08276394116684548, 0.08083361361610977, 0.07967405703370964, 0.08021323195248524, 0.07578187597825431, 0.07464095736031083, 0.07903244696117154, 0.07125664008715019, 0.07281624205678221], [0.07256286679563818, 0.07590367720923254, 0.07899293601961567, 0.07578370961675648, 0.08257577515891372, 0.08071097222543552, 0.07968119896011802, 0.0802394580459365, 0.0758581125738043, 0.07469583576970847, 0.07884793532283217, 0.07127308133251337, 0.07287444096949497], [0.07253632673518634, 0.07602884420228773, 0.07909394445448811, 0.07585554438536868, 0.08225564830203605, 0.08067035153686605, 0.07979233103002795, 0.08038355064356441, 0.07597670591406082, 0.0747624020094618, 0.07862173552058983, 0.07118700026529479, 0.07283561500076727], [0.072548311875752, 0.07619310874996056, 0.07918725118764137, 0.075956184402632, 0.08181340197554189, 0.08060155447554018, 0.079883479011458, 0.08050049480236796, 0.0761333279306634, 0.07486704059856511, 0.07834610813744722, 0.07113907108077325, 0.07283066577165695], [0.07254619551354737, 0.07630029436493949, 0.07927556910527407, 0.07599140394765297, 0.08150310178435528, 0.08055921451506315, 0.07996603675394415, 0.08059542817966586, 0.07624722311770601, 0.0749436871826411, 0.07817883964093014, 0.07109284866054445, 0.07280015723373572], [0.072515856481671, 0.07641879092584722, 0.07943871896294558, 0.07597005154758406, 0.08110014890247998, 0.08053041458396927, 0.08011778472887068, 0.08075667086094836, 0.0763966242924417, 0.0750420390058228, 0.07800700211821673, 0.07100050865752744, 0.07270538893167507], [0.07233244304666159, 0.07638848686927863, 0.07977602582754387, 0.0756904590757291, 0.0807978667579605, 0.08071267014390164, 0.08046113065042333, 0.08111120357957903, 0.07646733792672968, 0.07505908919423344, 0.07807068054894382, 0.07074672662313503, 0.07238587975588041], [0.07238716128565997, 0.07527221318738349, 0.07915202976319632, 0.07484002646121848, 0.08257120244416598, 0.0815093529254907, 0.07974316560112078, 0.08023292710505121, 0.07547856212263276, 0.07448739908702291, 0.08067206711511958, 0.07124803366510203, 0.07240585923683573], [0.07231073732614075, 0.07515557755157688, 0.07917524120255988, 0.07464370961948817, 0.08291779703443872, 0.08153255788479592, 0.07974012335746221, 0.08023518510098318, 0.07541090873317301, 0.07443809402908291, 0.08099563155044409, 0.07118023935020601, 0.07226419725964828], [0.07224745937432805, 0.07505815073887191, 0.07921415971868902, 0.07446186149529886, 0.0831489322534591, 0.08153378413937512, 0.07974879683163345, 0.0802443385767545, 0.07536313627239774, 0.07440704325672576, 0.0813168942580987, 0.07112258503193443, 0.07213285805243327], [0.07225103343738294, 0.07503402555458806, 0.07924286959506828, 0.07440007556203657, 0.08307445522596522, 0.08151285515021417, 0.07975150837560362, 0.08024330337517234, 0.07536155982055974, 0.07441755706036896, 0.08147335993362306, 0.07113321644312216, 0.07210418046629478], [0.0722157266449302, 0.07497264681133653, 0.07929937357128383, 0.07426399841041213, 0.08314118645303084, 0.08148190787899706, 0.07976590859233366, 0.08025212689197475, 0.07534249730408907, 0.07441219079067804, 0.08174255240126391, 0.07110087621273378, 0.07200900803693609], [0.0721931767875495, 0.07491771573634987, 0.07941697192588691, 0.07409071100767192, 0.08292629097779834, 0.0814279121398622, 0.07981731998038412, 0.08028945741163937, 0.07535231628280759, 0.07444072620845082, 0.08215505643942807, 0.071079219058502, 0.0718931260436693], [0.07213851515264047, 0.07486437589067338, 0.079466637968541, 0.07397481071109131, 0.08311313078107994, 0.08138997929469895, 0.07983627417051206, 0.0803017242376585, 0.07533230082066712, 0.07442414451128403, 0.08234869264614905, 0.07101784547973389, 0.07179156833527031], [0.07210600319144786, 0.07544384365687509, 0.07935377600268913, 0.07501939661811538, 0.08304405854282727, 0.08158442378204812, 0.08006572385009822, 0.08056577083635431, 0.07558191495316621, 0.07442661264238655, 0.07980723939791962, 0.07079883701329125, 0.07220239951278093], [0.07228892878660897, 0.07563844944227738, 0.07916420717346927, 0.07536500343217552, 0.0831038622117783, 0.08115031542499226, 0.07987134232153952, 0.08040823270662575, 0.07568616865352344, 0.07452316754828656, 0.07931920491987152, 0.0709871282446809, 0.07249398913417081], [0.07239867342732005, 0.07582336557666469, 0.07914550372743748, 0.07559570278027326, 0.08269466267733837, 0.080901105675263, 0.0798536537078063, 0.08042241560947554, 0.07582451472457621, 0.07463423874488237, 0.07898590103450219, 0.07107164175585483, 0.07264862055860591], [0.07204476532226932, 0.07480083573105839, 0.07954346588288067, 0.07383928440416572, 0.08333333333333336, 0.08139343265047601, 0.07988884918730764, 0.08035144231636623, 0.07530490405675723, 0.07439005373515123, 0.08255526932983687, 0.07090566153686455, 0.07164870251353297], [0.07201819324672568, 0.07478590574084455, 0.0796389680872839, 0.07375654960484682, 0.08310697645558039, 0.08138407367013897, 0.0799540790341412, 0.08040816157055074, 0.07532416666619336, 0.07440909351891069, 0.08277213814207597, 0.0708678824207478, 0.07157381184195974], [0.07198031266573501, 0.07476932362630441, 0.07976611799951747, 0.07365306340240926, 0.0828192556327975, 0.08136498402683154, 0.08004238068544342, 0.08048396326417939, 0.07535089084518495, 0.07443322674000659, 0.0830481938627321, 0.07081307249329202, 0.07147521475556642], [0.07195567261535708, 0.07475929192925607, 0.07988968204356506, 0.07355509889395451, 0.08252278578557734, 0.08130731966940599, 0.08011978194999048, 0.08054277536457435, 0.07538509613538173, 0.07446756390718592, 0.08333333333333334, 0.07077355162462212, 0.07138804674779606], [0.07197873237876783, 0.07479655887573806, 0.08003936979945024, 0.07351428828985025, 0.08233271571268778, 0.0812749463817566, 0.08022741630154019, 0.08063052810803815, 0.07546038585784527, 0.07454217096172769, 0.0830630074771297, 0.07078291505056095, 0.07135696480490748], [0.07197754280433158, 0.07481252421799506, 0.08012054379388524, 0.07349194011157616, 0.0822480221485842, 0.0812723133296414, 0.08029144108038416, 0.08068627378697299, 0.07549429069815627, 0.0745718416561109, 0.08293084447401042, 0.07077126992025166, 0.0713311519781], [0.07194716689413916, 0.07481464577374558, 0.08023478358367812, 0.07343123405720348, 0.08209619840605976, 0.0812471963791259, 0.08037696422017111, 0.08075754659197609, 0.07552612842126954, 0.07459529391916718, 0.08299009625042247, 0.07072199589815714, 0.07126074960488463], [0.07193630091451315, 0.07483083410489134, 0.08035451721380045, 0.07338442973550327, 0.08192475902107713, 0.08120542839624999, 0.08046310438727264, 0.08082489527368762, 0.07557218912191926, 0.07463495917082527, 0.08296527729971807, 0.07069412030763936, 0.07120918505290243], [0.07199957844247719, 0.07489109037134968, 0.08049738185927145, 0.07336277977176284, 0.08164932135589081, 0.08107373315802373, 0.08053977851279531, 0.08086048576454036, 0.07567337217622944, 0.07474245980115009, 0.0827480454474747, 0.07074879398257497, 0.07121317935645943], [0.0720415003299239, 0.07495058102516176, 0.08065856664680053, 0.07333954571601659, 0.08138707571830317, 0.08096308195406188, 0.08063860000403181, 0.08091792970852218, 0.07577263138143536, 0.07484009718951841, 0.08251644923942573, 0.07077446439283783, 0.07119947669396087], [0.07191818545802463, 0.07487454511527986, 0.080586074994429, 0.0733227010285273, 0.08163182042971606, 0.08114911119448368, 0.08064076275784947, 0.08096849008460977, 0.07566409102749236, 0.07470943889693053, 0.08276612781234959, 0.07064156125662518, 0.07112708994368251], [0.07239209595557242, 0.07557817219124413, 0.07907370911254712, 0.0753405333804102, 0.08298152289403224, 0.08118937145596358, 0.07975223519535742, 0.0802429483854217, 0.0756346192920193, 0.07452880437409296, 0.07953541801007219, 0.07115363927527958, 0.07259693047798717], [0.07227730910412546, 0.07549923946830732, 0.07918113682106763, 0.07518142361028027, 0.08302118606517297, 0.08137835771182446, 0.07986814251561122, 0.08035247258148043, 0.07559588475138315, 0.07447931203972469, 0.07971435934573562, 0.071020391153692, 0.07243078483159482], [0.072188345020664, 0.07572507589700071, 0.07937984039792484, 0.07534020503999488, 0.08267879564182737, 0.08117484136691361, 0.08011517701807445, 0.08069773308319868, 0.07579520350569387, 0.07456771934484877, 0.07917926971163748, 0.07081032692183571, 0.07234746705038568], [0.07213970836056893, 0.07555877649385451, 0.07931970935255024, 0.07517966703782818, 0.0831112142892512, 0.08136577419994968, 0.08004410100245475, 0.08058461240237548, 0.07565493656152197, 0.07446938322025785, 0.07948496052932284, 0.07080541115657699, 0.0722817453934875], [0.07215415536200916, 0.07528566687395125, 0.07942278910769543, 0.07475804925670561, 0.08229721528970166, 0.08189845652715926, 0.08007811377902663, 0.08059467063973384, 0.07551224488205754, 0.07443489411311066, 0.08050404043886769, 0.07091626375764087, 0.07214343997234032], [0.07211208953945485, 0.07538579242633196, 0.07938022292916956, 0.07492904785103609, 0.08281677159122718, 0.08171533345958416, 0.08007783115800672, 0.08057252531601523, 0.07555257885926268, 0.07442129452751332, 0.08003484546991549, 0.07082654172138594, 0.07217512515109682], [0.07218231914858463, 0.07582398526588216, 0.07946550752202503, 0.07539416693104016, 0.0823358437914352, 0.0811633186729731, 0.08020810628434913, 0.08081820138707303, 0.07589268045522136, 0.07462860961841593, 0.07899487211070183, 0.07076291052535541, 0.07232947828694315], [0.07213829559301493, 0.07594846590848418, 0.0796569868619254, 0.0753941171473059, 0.08181168871470883, 0.08117363284592805, 0.0804064910005919, 0.0810511721336147, 0.0760417758200254, 0.07471937096526099, 0.0787761348485993, 0.07064949861457011, 0.07223236954597027], [0.07251096941942649, 0.07656103867388891, 0.0796478320947447, 0.07595146596859977, 0.0806424535019433, 0.08043970374049682, 0.08025275997235175, 0.08088648611514083, 0.07657639287978708, 0.07517091633810187, 0.07780118125614457, 0.07093337274337046, 0.07262542729600334], [0.07258921239556533, 0.07653270286234089, 0.07943468369445239, 0.07607564595494411, 0.08088555967927204, 0.08039561803084906, 0.08007806870296523, 0.0807111506431574, 0.0764946885348458, 0.07512656434348244, 0.07783446989788131, 0.07105883035440409, 0.07278280490584005], [0.0712903546843328, 0.07490811644443847, 0.08074083548926904, 0.07358075195469582, 0.08137625694048195, 0.0827901637266211, 0.08142736400027156, 0.08207630559029022, 0.07550568461593775, 0.07428084928226085, 0.08142731290866478, 0.06980390318668966, 0.07079210117604606], [0.07132650721572052, 0.07483004440436203, 0.08058235916994379, 0.07354188332867387, 0.08176169050087442, 0.08280621435038263, 0.0811960711456894, 0.08181600746786995, 0.07542553770511218, 0.07424341192530928, 0.0817540724151087, 0.06988437907888893, 0.07083182129206433], [0.07137006663910281, 0.074830308549425, 0.08039886464965121, 0.07363413756600384, 0.08195197199853718, 0.08294734577611278, 0.08102951834010988, 0.08164675978072154, 0.07538299737033204, 0.07421315259894085, 0.08170979442808035, 0.0699525614850275, 0.0709325208179551], [0.071439855545761, 0.07483243318557324, 0.0802380586677904, 0.07371241177865288, 0.08218095687314357, 0.08289324574317714, 0.08086034955194855, 0.0814657104047696, 0.07535357060327376, 0.07420590354749748, 0.08171940577459705, 0.07005411279390679, 0.07104398552990855], [0.07151821072267414, 0.07491568040812072, 0.08010533974868962, 0.07390639290811965, 0.08211162954120244, 0.082950748442889, 0.08077167948702785, 0.08137630481528578, 0.0753748859185155, 0.07421984257405756, 0.08140392442451776, 0.0701414089660606, 0.07120395204283925], [0.0715901339952445, 0.07502282932103005, 0.08006713788786009, 0.07408473068847417, 0.08186834868519978, 0.08289349276920523, 0.08076686062374623, 0.08136587686819924, 0.07543555044350986, 0.07426364405217312, 0.08109900346218699, 0.07020736375591662, 0.07133502744725406], [0.07155339088898156, 0.0751270438102254, 0.0801965370655553, 0.07416896354600419, 0.08167993654295787, 0.08277915228187893, 0.08094969147155312, 0.08154625529720169, 0.07552558627180224, 0.07430117075228843, 0.08074230660081635, 0.07011809791400171, 0.07131186755673312], [0.07137766347008159, 0.07514601400510477, 0.08057360960922261, 0.07399760090724498, 0.0812197531578062, 0.08291818971610956, 0.08137918327361805, 0.08199217572498115, 0.07561449292759066, 0.07432360273890112, 0.08056228417057246, 0.06985544274718353, 0.07103998755158329], [0.07122107433564838, 0.0750274913261654, 0.0808439581438316, 0.07370525889868762, 0.0808223162764791, 0.08333333333333334, 0.08163930275971136, 0.08230429834044987, 0.07558888443468675, 0.07429081919011372, 0.08078846953640206, 0.0696683951182802, 0.07076639830621063], [0.07121512187010647, 0.07496578030139844, 0.0808977504000877, 0.07359272234129424, 0.08097221629879009, 0.08308199002550597, 0.08164919718334049, 0.08232446837020907, 0.07556583944518523, 0.07429157972868956, 0.08105403358148894, 0.06967703339667308, 0.07071226705723062], [0.07131560546294713, 0.07496258386079557, 0.08065109016690761, 0.07371090865604796, 0.08132946863310445, 0.08292764855911391, 0.08137937275465733, 0.0820327298522243, 0.07551349871401326, 0.07427382020398166, 0.08119912038417065, 0.06982639795266078, 0.07087775479937546], [0.07130692890533151, 0.07488577038799989, 0.08061440424415085, 0.07361290966084832, 0.08154598875000207, 0.08293364719178849, 0.0812953538426245, 0.08193733860379951, 0.07546089706521827, 0.0742487873526782, 0.08147933990403167, 0.0698396421376029, 0.07083899195392375], [0.07136256881894508, 0.07490630511828647, 0.08034689734157582, 0.0737853628033705, 0.08171548833648472, 0.08333333333333334, 0.0810518661697329, 0.08168332363240477, 0.07540530029921264, 0.0741999639389859, 0.08129140215025515, 0.06992246292697386, 0.07099572513043888], [0.07143626660431811, 0.07505819798171881, 0.08041776603844744, 0.07396321862149201, 0.0813553252781985, 0.08297595923289543, 0.08117042585235922, 0.08179673967411136, 0.07552526570464199, 0.07428815218749321, 0.08093537342994761, 0.0699711661396522, 0.07110614325472406], [0.07138105486150899, 0.07498752636381287, 0.08044400289188527, 0.07385256046290892, 0.08146426151943202, 0.08310767565239494, 0.08117951504235217, 0.08181568201848026, 0.07548138509214458, 0.07425221285622911, 0.08109848407232206, 0.06991748946498247, 0.07101814970154616], [0.07136955218030146, 0.07506959653283175, 0.08058958724982862, 0.07389137159952018, 0.08112304780030881, 0.08299598331631569, 0.08136317941449017, 0.08200171821670155, 0.07556852184440842, 0.07430496127061943, 0.08085749844077098, 0.06986880218283449, 0.07099617995106837], [0.0713612622762121, 0.07487323727566396, 0.08036897413040492, 0.07372059677551, 0.08181870989989333, 0.08317741197783737, 0.08104957680050949, 0.08167848914715883, 0.07539459429305981, 0.07420284643993079, 0.08145949136613999, 0.06992949586469059, 0.07096531375298892], [0.07150128701536937, 0.07498142251874612, 0.08017419968898327, 0.07397540855666092, 0.08181124638684417, 0.08305690491280715, 0.08087922165237392, 0.08149121623506121, 0.07542523998075398, 0.07423856515974152, 0.0811644341963891, 0.07009507121894838, 0.07120578247732093], [0.07152283947731698, 0.07507696079406284, 0.08023770352714232, 0.07407948672772241, 0.08154998876885718, 0.08293487378484146, 0.08097777423209013, 0.08158641503097665, 0.0755015274648974, 0.07428612005525792, 0.08090625804205169, 0.07009101353076559, 0.07124903856401747], [0.07145219083054548, 0.07517214791731446, 0.08043660181460943, 0.07410298966969887, 0.08142523328250892, 0.08275521011657354, 0.0812317775114956, 0.08183062757478408, 0.07560477953748178, 0.07432919885675458, 0.08054351064962399, 0.06995455570964298, 0.0711611765289661], [0.07154641234522027, 0.07519058727650353, 0.08025186285843067, 0.0742236970348896, 0.08168745508423023, 0.08261050109475714, 0.08102919119931438, 0.08161378658675186, 0.07557990966191867, 0.07432914070705396, 0.08053938766664248, 0.07008506276915644, 0.07131300571513108], [0.0714514523128722, 0.07490181994546301, 0.08020262167939325, 0.07384270852271053, 0.08198291536256808, 0.08309194226473682, 0.08087978319182397, 0.08149489731879477, 0.07538091827584122, 0.07420821013058346, 0.08140080153298693, 0.07005082962277742, 0.07111109983944813], [0.07161127088711072, 0.07508309173737958, 0.08008970465178553, 0.07415998921390193, 0.08169232203683481, 0.08284556496693544, 0.08080901482811259, 0.08140470227922464, 0.07547987819019765, 0.07429239606254735, 0.0809411688511382, 0.07021583461657152, 0.07137506167825998], [0.07162213717486282, 0.07514986216111409, 0.08007532070390903, 0.07426108953122851, 0.08184839208131625, 0.08267366662773294, 0.08081974569103531, 0.08140330690898887, 0.0755175240338152, 0.07430766851635955, 0.08069041303864039, 0.07020949395504938, 0.07142137957594763], [0.07118791590320932, 0.07497953840654123, 0.08151608215812411, 0.07328619820128536, 0.08050402545848523, 0.0823545524638121, 0.08213117431590879, 0.08270935574661638, 0.07574365136397794, 0.07446731039142315, 0.0810487901921282, 0.0696019933629036, 0.07046941203558478], [0.07115123940563775, 0.0750065958321929, 0.08141370081510418, 0.07338061328040894, 0.08044291235065718, 0.08258274232174023, 0.08214654473939131, 0.08282464462939951, 0.07572379065658545, 0.0744192516253548, 0.08086357229842914, 0.06955044441786698, 0.07049394762723185], [0.07118649767073305, 0.07512283345662363, 0.08126054908179023, 0.0736118857218181, 0.08026602311936822, 0.08280498706295163, 0.08209720430945015, 0.0827764350285582, 0.07575915972458204, 0.07441736431755945, 0.08049742340730891, 0.06956990425159025, 0.07062973284766634], [0.07126118705986124, 0.0753235568180904, 0.0812341343251573, 0.07384637626806122, 0.08029964339510041, 0.08248199607557993, 0.08212228299257394, 0.08270156707704308, 0.07590768969179655, 0.07451436770222052, 0.07994207716526536, 0.06960488272752793, 0.07076023870172217], [0.07139190548695187, 0.07566497731543755, 0.0817110729629696, 0.07390537283116977, 0.07942750614764134, 0.08157567352776297, 0.08251641248088691, 0.08306288960547997, 0.0763388320594754, 0.07486854445803232, 0.0791431352495946, 0.06963697948046875, 0.07075669839412894], [0.0714893527544174, 0.07569885319086067, 0.08238139878815637, 0.07365777566502917, 0.07877330138932036, 0.08120927985184169, 0.08298648798211285, 0.08260101734456078, 0.076538927681744, 0.07510100165776126, 0.07918517565941316, 0.06972642464537791, 0.07065100338940437], [0.07146787092372112, 0.07550529046435339, 0.0826700416707089, 0.07338767844930283, 0.07890856424328063, 0.08123592069150273, 0.08299520462211786, 0.0823766877389924, 0.07643187847870771, 0.07506901695600067, 0.0796702747333627, 0.06975248149146115, 0.07052908953648794], [0.07136455216994447, 0.07525758238456336, 0.08233631653213283, 0.07324065256639423, 0.07952138449293909, 0.08154833171075221, 0.08267372149931813, 0.08256438374964364, 0.07616667424048679, 0.07486147323230427, 0.08030431102227274, 0.06970830441329334, 0.07045231198595475], [0.07120648199028244, 0.07504083942109822, 0.08174968728667885, 0.07325026008096484, 0.0802129648145119, 0.08213699048863429, 0.08233026932224227, 0.08279824381359573, 0.07584774602417027, 0.07455835381818844, 0.08084192390924895, 0.06959522082084037, 0.07043101820954334], [0.07114762038118108, 0.07503955320849363, 0.08156608240146601, 0.07334672535488024, 0.0802505930631814, 0.08242371778079184, 0.0822990739756566, 0.08295847991213896, 0.07578526815312099, 0.07446894402567042, 0.08073445487190103, 0.06952706329494521, 0.07045242357657257], [0.07115695367883901, 0.0751398956448826, 0.08150501191512799, 0.07350787049818161, 0.08002618497881746, 0.08252165308829379, 0.08234718178150899, 0.08304994179886892, 0.07583272887848043, 0.07447729163821107, 0.08039705304269508, 0.06951171910727855, 0.0705265139488145], [0.07118626463665162, 0.0752058894764482, 0.0814521252890408, 0.07361095599777592, 0.08003406543683848, 0.0825175660050795, 0.08232594115232919, 0.08295113359297655, 0.07586860636843973, 0.07449682592161443, 0.0802267006711163, 0.06953248303126992, 0.07059144242041931], [0.07122126913205352, 0.07531544124409265, 0.08164285273837107, 0.0736350274114156, 0.0797853042485077, 0.08221481741720409, 0.0825475399633891, 0.0829654863825264, 0.07600461504782012, 0.07460561379797118, 0.07994114030329494, 0.06953352884375866, 0.07058736346959497], [0.07118645833124222, 0.07517970345398013, 0.08196200254092377, 0.07332907220297746, 0.07970109564451816, 0.08200494626082404, 0.08272140851613788, 0.08307506772051615, 0.07598679184541314, 0.07463553143012341, 0.0802952380146902, 0.06951435655742734, 0.07040832748122605], [0.07129227614837513, 0.07534905721712898, 0.08229169439890002, 0.07337486050575652, 0.07924690619719461, 0.08163346408185394, 0.08306979366206775, 0.082766695079691