[[0.07402020363431008, 0.07506281250757917, 0.08124133143606685, 0.07261756038577956, 0.06939271078508709, 0.07929499767381541, 0.06995023799722097, 0.07995061579286111, 0.08240641835774193, 0.08080819525157149, 0.07359324565328894, 0.08137460714869034, 0.08028706337598729], [0.07392096972036312, 0.07492520493678378, 0.08110487869075052, 0.07262918015608931, 0.06937555141283326, 0.07949650828377783, 0.069939677809767, 0.07973820390139777, 0.08270510931428153, 0.08063315528337724, 0.07346705797440897, 0.08145705350176552, 0.08060744901440424], [0.07382899941937797, 0.07478490628672341, 0.08091050393100933, 0.07267078808557237, 0.06939895071787283, 0.07972243794335944, 0.0699681850395547, 0.07948626263046529, 0.08299278698324769, 0.0804087860531427, 0.07334691702833257, 0.08149227655555456, 0.08098819932578717], [0.07378118989034978, 0.07469452901178603, 0.0807832666540852, 0.07274029153103133, 0.06943699481901444, 0.07993756245854838, 0.07001445152064649, 0.07931185360075077, 0.08293027691102794, 0.08025994779609448, 0.07326594423640852, 0.0815333271598983, 0.08131036441035826], [0.07377026720909466, 0.07462957831090684, 0.08060464559113222, 0.0728685981578147, 0.06955844260667873, 0.08016947233420697, 0.07014004670319168, 0.0791110466056872, 0.08266149101231332, 0.0800702018654074, 0.07322457847100379, 0.08150715990894707, 0.08168447122361554], [0.07369544204834637, 0.07452355988327179, 0.0805052950013715, 0.07288935697063773, 0.06951553628721084, 0.08034844614516712, 0.07011164630163308, 0.07897082970912399, 0.08290988704610759, 0.07995564900014993, 0.07311007362910857, 0.08151810651975924, 0.08194617145811217], [0.0735495311075218, 0.07433632268077395, 0.08042061128983416, 0.07288749904449378, 0.0693446515968035, 0.08068280867295749, 0.06997735760375097, 0.07879704587175379, 0.08333333333333334, 0.07984083367139416, 0.07287897382521896, 0.08160820271525952, 0.0823428285869047], [0.07352906936152055, 0.07426117036025946, 0.08031733136772064, 0.07302575764238348, 0.0693673537774703, 0.08104225064547355, 0.07002717367692733, 0.07865199057141557, 0.08290451222724513, 0.07972654661164694, 0.07278430496255073, 0.08162230744030155, 0.08274023135508493], [0.07352287782274583, 0.07421426517919569, 0.0803243507161708, 0.07314845861517508, 0.06932087604561483, 0.08144464418874268, 0.07001799113551975, 0.07860212418837711, 0.08247798435936178, 0.07972011016962195, 0.07268946560081287, 0.08172968643079742, 0.08278716554786436], [0.0736135001340027, 0.07423487224458425, 0.0802677723960077, 0.07343351526829955, 0.06942061454462459, 0.08202053067721768, 0.0701605551653247, 0.07852730371028876, 0.0818705998602038, 0.07967030425126767, 0.07266784279623256, 0.08170754727911168, 0.08240504167283424], [0.07375889067481399, 0.0743114040630112, 0.08021652068194375, 0.07376186282097323, 0.06955273101809285, 0.08263063934521679, 0.07033765541866571, 0.07849302533631734, 0.08123643317820463, 0.07964384734735705, 0.07269639514878072, 0.0815892697714595, 0.0817713251951633], [0.07390908336646551, 0.07439121163814706, 0.0800449041742354, 0.07408537959638295, 0.06978385365029476, 0.08308862918828583, 0.07059276875269851, 0.07838804679745423, 0.08077781635654678, 0.07950980678444461, 0.07277188576086785, 0.08130743165162448, 0.08134918228255208], [0.07411645031616394, 0.07455991422202998, 0.0800836615385563, 0.07437809694123512, 0.06991656289184961, 0.08297706665600245, 0.07076081484639135, 0.07848119716851369, 0.08029019438079307, 0.07958924042504781, 0.07288948819891164, 0.08118875442408946, 0.08076855799041559], [0.07431501204815914, 0.0747330999695517, 0.0801198365541444, 0.07461903214421162, 0.07006369651056484, 0.08256807057773834, 0.07092897115135677, 0.07858147950124017, 0.07994534313771783, 0.07966562255663116, 0.07303044912942713, 0.08107390586119358, 0.08035548085806345], [0.0745456648676289, 0.07495760298373083, 0.08023341065211478, 0.07482945232551597, 0.07015810435134538, 0.08205761785980999, 0.07104781853772285, 0.07877906317905661, 0.07954588562989263, 0.07983457614951724, 0.07319878588742328, 0.08096433216060157, 0.07984768541563998], [0.07462229831788125, 0.07505903036514622, 0.08036076482995479, 0.0748202571482875, 0.0700329212765182, 0.08239135604270344, 0.07094515469304312, 0.07895968447832588, 0.07923891805295584, 0.08000541831062485, 0.073230052368715, 0.08089302769446113, 0.07944111642138271], [0.07476863602068547, 0.07523649214700602, 0.08047835420800528, 0.07484119459778771, 0.06993950362939882, 0.0827231423864233, 0.07087466269986137, 0.07919856385900072, 0.07880845794687556, 0.08020300023779481, 0.07332611989183252, 0.08070764347199613, 0.07889422890333225], [0.07492455680467935, 0.07546588417866035, 0.08071329765856888, 0.07475012874979568, 0.06981911223905544, 0.08252415309901365, 0.0707592714801707, 0.07957998514333976, 0.07846420849066851, 0.08053585257491123, 0.07347756802734051, 0.08057953534863121, 0.07840644620516486], [0.07420527931686764, 0.07528454093140365, 0.0811755230533466, 0.07266691580044171, 0.06960996327959985, 0.0789751040595087, 0.07013257919217096, 0.08009970886699758, 0.08215416036700972, 0.08083112173789371, 0.07386154571528065, 0.08107536298735575, 0.07992819469212328], [0.07406098274743696, 0.07509441556581077, 0.0810564171636659, 0.07265988663587838, 0.06955029931493562, 0.07922938886059708, 0.07008422047449633, 0.07984644484420135, 0.08255841333555976, 0.0806479211965525, 0.07367793968589131, 0.08121627817605388, 0.08031739199892025], [0.07398695801764484, 0.07499282536222394, 0.08096541179775434, 0.07266585242280035, 0.06953280079351465, 0.07936965927591866, 0.07007207007395562, 0.07969676702531164, 0.08279429564591859, 0.08052850412565155, 0.07358305751449788, 0.08126977787126755, 0.0805420200735405], [0.07383321282489846, 0.07478111609249322, 0.08083184959050167, 0.0726889496398305, 0.06945329140382236, 0.07971503833524084, 0.07001534842833465, 0.07942898059523962, 0.08309536802590306, 0.08033649981926477, 0.07336225237876141, 0.08142822753690916, 0.08102986532880024], [0.07394154623780644, 0.07493790779078051, 0.08097727114410834, 0.07265601278937689, 0.06947675636497466, 0.07945605545354782, 0.07002574044423092, 0.07966074777520765, 0.08284948381520693, 0.08052123984119293, 0.07351487168950781, 0.08134341006452588, 0.08063895658953327], [0.07379669599645616, 0.0746916817382744, 0.08067112611977353, 0.07279358961077755, 0.06953507040659318, 0.07996164426144431, 0.07010421617392162, 0.07922292691233732, 0.08291779937068962, 0.08015453491477216, 0.07329011967221576, 0.08145025691880235, 0.08141033790394217], [0.07381142517323297, 0.07466557023142718, 0.0805151278333309, 0.07290627241126871, 0.06967312457050746, 0.08009543045002632, 0.07023926316854902, 0.07907001886416572, 0.0826937752791306, 0.07999739866647448, 0.07329338634436561, 0.08138150276974158, 0.08165770423777956], [0.07369270625425896, 0.07451172885421951, 0.08045958518048235, 0.07290877572128215, 0.06954128999635237, 0.0803711576289525, 0.07013659952888664, 0.07892924295672088, 0.082944588998393, 0.07991123259405523, 0.07310530681801512, 0.08148514529012717, 0.08200264017825415], [0.07365801044860915, 0.07442556651488356, 0.08026280292483721, 0.07301143925998205, 0.06961724392166706, 0.08057000899773199, 0.07022103540583473, 0.07872336759132717, 0.08303363141819378, 0.07971162838448709, 0.0730339785313691, 0.08137935657302232, 0.0823519300280548], [0.07358647927965101, 0.07430171600913145, 0.08017221703590474, 0.07310387030703133, 0.0695549390128135, 0.08094453703600589, 0.07019366006985153, 0.07856794046694802, 0.08285561569685057, 0.07960182750939795, 0.07287516079657927, 0.0814222735899574, 0.08281976318987744], [0.07354468878845045, 0.07423141103133975, 0.08017911948388298, 0.07316115075532208, 0.06946460617906941, 0.08125307231066069, 0.07013532622950674, 0.07851866741879052, 0.08260678414835701, 0.07959337693800558, 0.07276093356022817, 0.08151708120546332, 0.0830337819509234], [0.07356615330684498, 0.07421602212464673, 0.08016931253887452, 0.07329279431879054, 0.06947180500590487, 0.08158480575168327, 0.070170553317676, 0.07847769630384743, 0.08228011731864328, 0.07957870202544758, 0.0727132202087553, 0.08156167836492714, 0.0829171394139584], [0.07363115785439764, 0.07423772693355737, 0.08013424643978695, 0.07347672282250535, 0.06954977730581624, 0.08192794193171943, 0.07027334606415003, 0.07843525803364118, 0.08192773320850226, 0.07954874898649372, 0.07271219085244852, 0.08154155817596662, 0.0826035913910147], [0.07368184626023452, 0.07426018054035025, 0.0800982257942287, 0.07360205830481797, 0.06961781603322467, 0.08213377790453705, 0.07035518264956088, 0.07840486057506998, 0.08171146331815757, 0.07951997197824406, 0.07272451299967578, 0.08149620705449324, 0.08239389658740522], [0.07376041663146303, 0.0742988662185267, 0.08003291686502648, 0.07378335852095286, 0.06972983200048263, 0.08240155937374287, 0.07048433549987872, 0.07835789881418491, 0.08142164326366721, 0.0794686573564652, 0.0727536238491716, 0.08139991427315359, 0.08210697733328429], [0.0738286709863435, 0.07433807325004096, 0.08003183895807953, 0.07393134968122107, 0.069764556029894, 0.0827236107113276, 0.07054419815951213, 0.0783623812106938, 0.08111960468355114, 0.07947943489211667, 0.07276073512631359, 0.08136122544697211, 0.08175432086393376], [0.07405940061680881, 0.07447557725309789, 0.07981062701062133, 0.0743859217476721, 0.07012744626195301, 0.0830243163232659, 0.07093297045485343, 0.07823728823814607, 0.08054462211866056, 0.07930830806946526, 0.07290425806724232, 0.08100176944270714, 0.08118749439550618], [0.07421905142817367, 0.0746071506205902, 0.0798595423888903, 0.07460979017335471, 0.07020246938898966, 0.08293958421584564, 0.07104004563340599, 0.07832457032361972, 0.08016729120527565, 0.07938789522896196, 0.0729864501797247, 0.08093512028554284, 0.08072103892762494], [0.0739079729392707, 0.0744021504401942, 0.08013123593896437, 0.07405669878782445, 0.06970685051896268, 0.08308457173191197, 0.07052462808065282, 0.07845744053034351, 0.08073620731034173, 0.07959354798270853, 0.07275667070520908, 0.08138558747792435, 0.08125643755569169], [0.07438620088979549, 0.07474426894723674, 0.07985101535727128, 0.07483694696462495, 0.07035532839359532, 0.0826348393738983, 0.07121016114191331, 0.07837283654733834, 0.07988348959999378, 0.07941192211337245, 0.07310446890203628, 0.0808187196003075, 0.08038980216861633], [0.07463403242114049, 0.07496740358745116, 0.07990491087150163, 0.07511544235039636, 0.07050567788202164, 0.08213793343357981, 0.07138818241713626, 0.07851625885431417, 0.07946955315665216, 0.0795199225213125, 0.07327935364506506, 0.08068093454499346, 0.07988039431443547], [0.07470614513619692, 0.07505293335914862, 0.0800041262980663, 0.07513762829043266, 0.07043805149484125, 0.08216279967210133, 0.07133783643635543, 0.07864773565719757, 0.0792743471579387, 0.07964564012121611, 0.07331540336629859, 0.08066403273838156, 0.07961332027182483], [0.07480764106207981, 0.0751772909708138, 0.08011411103278707, 0.07514955747363965, 0.07030468018803829, 0.08261813278079407, 0.07123286507784948, 0.07883634589365117, 0.07890370570221053, 0.0798115471978462, 0.07335681519402656, 0.08055267582519847, 0.07913463160106494], [0.07496988695002094, 0.07533994456839789, 0.08009828617806258, 0.07526366954628856, 0.07030266202758537, 0.08304968644307366, 0.07125533416190462, 0.07897738797195834, 0.07847731184146738, 0.07987091107587997, 0.07345720619354107, 0.08030633249704155, 0.07863138054477807], [0.07499287453926244, 0.07544008886522091, 0.08036068954571214, 0.07506004760664582, 0.0700768098710659, 0.08295040085096521, 0.07103130204170789, 0.07928815011620191, 0.0783622460352901, 0.08017622392056872, 0.07349011851620016, 0.08036623918767512, 0.07840480890348372], [0.07424616190273478, 0.07531261070143673, 0.08099261498581754, 0.07271829823514069, 0.06977289902156385, 0.07893026311467098, 0.07027272209719111, 0.0799812366315538, 0.0822542193509498, 0.08066386471957421, 0.07394327353400851, 0.0809435557866067, 0.0799682799187514], [0.07404100437432794, 0.07503670514688209, 0.08080102527649519, 0.07272172624486825, 0.06970151190776269, 0.07929550327868648, 0.07021792108310006, 0.07960760400510654, 0.08286390803544742, 0.08038811899909859, 0.07367810214743535, 0.0811064068506668, 0.0805404626501225], [0.07411044144422453, 0.07513276009086903, 0.08088345374207542, 0.07271424065827568, 0.06971730916685516, 0.07916569380104486, 0.0702283433916195, 0.0797466557337049, 0.0826413846110055, 0.08049695155232035, 0.07376844921623013, 0.08106242548016179, 0.08033189111161312], [0.07394619113562813, 0.07492479892738381, 0.08082210474813911, 0.07269374298397265, 0.06958220094359706, 0.07945713404832497, 0.07011774988653183, 0.07953863858179573, 0.08303434057485198, 0.08037392689866873, 0.07353926231418483, 0.0812394913343176, 0.08073041762260336], [0.07394974646208177, 0.07490066395309534, 0.08064503602036643, 0.0727551828376245, 0.06970976959898587, 0.07949224188101123, 0.07023272803860464, 0.0793839383357426, 0.08317078899237298, 0.08020019406528188, 0.07355626493053029, 0.08113522581983619, 0.0808682190644665], [0.073878887257998, 0.07477996089610685, 0.0805486474749726, 0.072828420381037, 0.0697139490544117, 0.07976664394808416, 0.07025329565418431, 0.07920211545595583, 0.08304713262179853, 0.08006831555773365, 0.07343258155605432, 0.08122786971799935, 0.08125218042366389], [0.07387265233167888, 0.0748153421006516, 0.08068004001767903, 0.0727196946771658, 0.06959157299238258, 0.07961000679743592, 0.07013166417159258, 0.0793522456897566, 0.08333333333333333, 0.08021032228821921, 0.07344295198303347, 0.08124440252274591, 0.0809957710943251], [0.07387917286834868, 0.07472888890447989, 0.08040477119519777, 0.07295999872464386, 0.06983762282983097, 0.07997582789151472, 0.07038139732044944, 0.0790294628165114, 0.08270214716178989, 0.07991125142996333, 0.07340203537324737, 0.08121336591721841, 0.08157405756680425], [0.07387094207574682, 0.07469060989906263, 0.08031914442507941, 0.07303088698107517, 0.06989403960889089, 0.08010035881853299, 0.07044251635321323, 0.0789266578927139, 0.08257366993471947, 0.07981860639436643, 0.07337194992700698, 0.08119703351047225, 0.08176358417911976], [0.07381466012089276, 0.07461383674743116, 0.08027473352159767, 0.07304138005049586, 0.06984477965209829, 0.08023391302238231, 0.0704065695157938, 0.07884426380633766, 0.0827098440751168, 0.07976060952202985, 0.07328221639059669, 0.08122562243232831, 0.08194757114289891], [0.07378521183038521, 0.07454461764936714, 0.08014574505075459, 0.0731204457343336, 0.06989010964956799, 0.08039470825902285, 0.07046124769510789, 0.07869641772909969, 0.08274941977940595, 0.07962516302237951, 0.07321867483658843, 0.08117283141765788, 0.08219540734632927], [0.07368635198211158, 0.07440054220975556, 0.08007486966245886, 0.07317158806564703, 0.06978189309888874, 0.08073286045508311, 0.0703884277169537, 0.0785498148407743, 0.08277960391319997, 0.07953019707616997, 0.07303490663880625, 0.0812361975348808, 0.08263274680527014], [0.07365213517552996, 0.07434479358297419, 0.08004566615675636, 0.07320766502752676, 0.06974112050429596, 0.08090099551416345, 0.0703647779694507, 0.07848992903050722, 0.08269581729121693, 0.07949213861087673, 0.07295974230966307, 0.08126092682934533, 0.08284429199769337], [0.07362339054931204, 0.07430651823440626, 0.08004799555683187, 0.07321546548564933, 0.06968841821760377, 0.08101346386003398, 0.07032502398064334, 0.07846749335545547, 0.08264600996862569, 0.0794872010488363, 0.07290283956229687, 0.08129862398270642, 0.08297755619759875], [0.07358852474258645, 0.07423521367492911, 0.07999578952714498, 0.07329598511199067, 0.06964344273616706, 0.0813002148003528, 0.07030816820434997, 0.07837786157686806, 0.08238338216861874, 0.07942650813602858, 0.07280034852013034, 0.08131122746749998, 0.08333333333333334], [0.07363912270723574, 0.074247794543248, 0.07998618096046194, 0.07345502044499036, 0.06969751531282853, 0.08161240863322104, 0.07038655287250149, 0.07834824427954463, 0.08210806012401196, 0.07941572723844989, 0.07278827595583501, 0.08133794713910385, 0.08297714978856775], [0.07369433075836851, 0.0742694819176608, 0.0799587914476077, 0.07360174558561507, 0.06976764051340459, 0.08186035384359479, 0.07047487883458331, 0.07831738823821381, 0.08186016810960112, 0.07939268885849772, 0.07279454940123407, 0.0813186544664071, 0.08268932802521144], [0.0738367312607717, 0.07434069102648333, 0.07983099706461175, 0.07392483444500575, 0.07000025371887986, 0.08222695001508934, 0.07073159998440534, 0.07822339049791062, 0.08139085639684152, 0.07928737713512914, 0.07286156496227407, 0.08115158691936031, 0.08219316657323729], [0.0739720565757053, 0.07441655149021831, 0.07972044064108667, 0.07420884382882915, 0.07020637473296024, 0.08247618972568257, 0.07095837964012133, 0.07815345840689053, 0.0809994302179364, 0.0792009955368062, 0.07293333827625643, 0.08098329243346354, 0.08177064849404338], [0.07407931680376302, 0.07448516437483926, 0.07974380988889186, 0.07442524601285012, 0.07022451370470296, 0.08288561596675664, 0.07101936974317405, 0.0781886027080054, 0.08057418590674457, 0.07924473968945298, 0.07294153090381315, 0.08093665756769336, 0.08125124672931262], [0.07395497076242687, 0.0744069948747214, 0.07985104206045832, 0.07419184343638824, 0.07002721111316434, 0.08283646873580658, 0.07081102278094668, 0.07824585510158093, 0.08084879388952361, 0.07932699473531836, 0.07285687606090248, 0.08111097929515136, 0.08153094715361087], [0.07386888149240192, 0.07435624737563364, 0.07985334107943058, 0.07400814928949978, 0.06998800189707204, 0.08246195809805815, 0.07073992602567722, 0.0782377637728924, 0.08120466175446703, 0.07931334377750147, 0.07284717490907877, 0.0811643970916211, 0.08195615343666586], [0.07374462516042159, 0.07429102839863759, 0.07995458489501543, 0.07373352691657277, 0.06980478012643632, 0.08212891808406575, 0.0705334620412251, 0.07830669386976231, 0.08161331187940743, 0.07939281596464157, 0.07279162157297471, 0.08131482136026523, 0.08238980973057412], [0.07394004620907212, 0.07439733230232605, 0.07983966374682894, 0.07416096611401554, 0.07003567953089056, 0.0827407967152092, 0.07081117757041717, 0.07823491364008055, 0.08092612284963555, 0.07931268316366923, 0.07286040342668068, 0.08111144674443237, 0.08162876798674197], [0.07386953221041358, 0.07436277625588299, 0.08002137162396913, 0.07401471302055693, 0.06979298724875235, 0.08288910997494552, 0.07058496298618261, 0.0783608927488797, 0.08095996030785557, 0.07947762411995914, 0.0727707687530947, 0.0813213707415877, 0.08157393000792018], [0.07416985111762706, 0.07455350393029225, 0.07975543032799222, 0.07457134123618284, 0.07026988458677813, 0.08295832477017341, 0.07108666271507494, 0.07822199008344638, 0.08032501934879403, 0.07927433356492407, 0.07297927472676621, 0.08088457046799767, 0.08094981312395086], [0.07430296764639494, 0.07465996013155511, 0.07975684015920857, 0.074763215459608, 0.07037694608999738, 0.08280075849039079, 0.07121280475240344, 0.07826340241723302, 0.08006196355135531, 0.07930100835790249, 0.07306228759974241, 0.08080079818506378, 0.08063704715914478], [0.07447733975424282, 0.07480696124087596, 0.07977095673224047, 0.07499052605877554, 0.07050728891872081, 0.0824986191370139, 0.07136465906193451, 0.078334839819005, 0.07975493710560276, 0.07934972290109632, 0.07317962448541368, 0.08069712287985466, 0.08026740190522345], [0.07461745420614777, 0.07492699543082036, 0.07977346167540714, 0.07516492318419539, 0.07061575657647193, 0.08224252117844287, 0.07148784265568477, 0.07838976429617116, 0.07952495231579856, 0.0793818607036863, 0.07327920247455079, 0.0806021781250177, 0.07999308717760514], [0.07477433675800135, 0.07508543331573571, 0.0798720691540862, 0.07529108255481623, 0.07060815604552963, 0.08210978469213669, 0.07150701622493935, 0.07855383488894202, 0.07919861891718236, 0.07952503802991481, 0.0733742959880766, 0.08053033981702498, 0.07956999361361398], [0.07491691373820832, 0.07522927619887686, 0.07990672444449423, 0.075395379647892, 0.07055813649845993, 0.0825624466618774, 0.07148826615926476, 0.07868823166234293, 0.07877940400141191, 0.07962122394177702, 0.07344422361906863, 0.08035217307171887, 0.07905760035460722], [0.07500614901368423, 0.07533054719910606, 0.07994384283908884, 0.07542332669597675, 0.07049260569098288, 0.0828857443642981, 0.0714413805311809, 0.07883053369710272, 0.07850383000446506, 0.07970549426083205, 0.07349093584564181, 0.08023074398260628, 0.07871486587503428], [0.0750991474650296, 0.07546007534180776, 0.08003056335197413, 0.07537752074491633, 0.07034791055894393, 0.08333333333333334, 0.07131587843331536, 0.07907298976907982, 0.07817534931735007, 0.07985902624983125, 0.07354328049998347, 0.08009420247244321, 0.07829072246199179], [0.07513586044623924, 0.07559618315053379, 0.08037090326832472, 0.07512471198496606, 0.07012087421715948, 0.08279953061026955, 0.07108055447736204, 0.07946059033125129, 0.07812356244932983, 0.08024852211374338, 0.07361486861156365, 0.08020977313591897, 0.0781140652033381], [0.07378082350824551, 0.07431472706884745, 0.07984812179441683, 0.07378588408483443, 0.06994923904121808, 0.08198087573723728, 0.07066038746109442, 0.07823976762785513, 0.08163025465097183, 0.07929757379549827, 0.07285666040804796, 0.08117907385750733, 0.08247661096422543], [0.07371555465484979, 0.07429223755137104, 0.07986249707275557, 0.07359840175005285, 0.0698924467200416, 0.08161916633017885, 0.07057367280478845, 0.07826646861098355, 0.08195581641312585, 0.07930788247016955, 0.07286626354652229, 0.08118178148174321, 0.08286781059341727], [0.0736741366277215, 0.07429404266506506, 0.07988535697690684, 0.07343088041427291, 0.0698504858512949, 0.08127709955152221, 0.07050278556498522, 0.0783125632084144, 0.0822484533980948, 0.07933222679850147, 0.07289779119557231, 0.08116667531194004, 0.08312750243570823], [0.07368946418446519, 0.07432697549694038, 0.07989312442498327, 0.07338771035183556, 0.06988385522167796, 0.08111201152808337, 0.07051928493212646, 0.0783440470377719, 0.08236061881897444, 0.07934559654936188, 0.07295199970590126, 0.08114019399277664, 0.08304511775510166], [0.07372836568869369, 0.07439877897129374, 0.07993128521622324, 0.07331962137174189, 0.06993664634134417, 0.08085041386787703, 0.07054507969892715, 0.07842342607233482, 0.08252530629927306, 0.07939443769163183, 0.0730548749153499, 0.08111169163981026, 0.08278007222549923], [0.0738105874732667, 0.07453187332724955, 0.08000832771998136, 0.07323707057311747, 0.07002187204454334, 0.08048607853577447, 0.07059257809677669, 0.07857117822159583, 0.08261637863600738, 0.07949258409258551, 0.07322861845745572, 0.08106596810079099, 0.08233688472085492], [0.07385878361992736, 0.07460467927014607, 0.08005268908888288, 0.07320604369661213, 0.07006432859905895, 0.08032422313409204, 0.07061842853320775, 0.07865260178301679, 0.08257997931789413, 0.07954900407024326, 0.07331811048875757, 0.0810434593441212, 0.08212766905403966], [0.07396261085371378, 0.07446124567033294, 0.08023384219357722, 0.07409770356351096, 0.06967222143211052, 0.08297411298805156, 0.07050508586024337, 0.07855696344646489, 0.08058342587415801, 0.0797034727205768, 0.07278019035915065, 0.08143745358153738, 0.08103167145657193], [0.07426337198836798, 0.07466851991553625, 0.08000631346419412, 0.07460741477861438, 0.07011139055304642, 0.0827712692468761, 0.07096552846996153, 0.07846466174147146, 0.08005107642318816, 0.07954219366155688, 0.07300022917427869, 0.08102323754787383, 0.08052479303503429], [0.07451912458534957, 0.07488017638099569, 0.07997065427927533, 0.0749445914727929, 0.07035717476447681, 0.08230862011647012, 0.0712331296838331, 0.0785288982043364, 0.07963900556745278, 0.07956084330091841, 0.07318958932985889, 0.08081190217144434, 0.0800562901427957], [0.07388697754879729, 0.07466257386209553, 0.08013500579501212, 0.07315017171959666, 0.07004731550523978, 0.08019175704462972, 0.070591569080143, 0.07875715092866567, 0.08255372172371388, 0.07963883597012997, 0.07337729602942067, 0.08106494552237141, 0.08194267927018424], [0.07393179544212185, 0.0747359380740036, 0.08021092749254387, 0.07311082064869058, 0.07005610909198946, 0.08005049383066841, 0.07058882972661756, 0.0788650589939429, 0.08245999864675714, 0.07972622776245454, 0.07345576940370727, 0.08106686938859305, 0.08174116149790964], [0.07395476350827807, 0.07479828669726435, 0.0802990906282159, 0.07302498878397283, 0.07001149385275872, 0.07986459574076152, 0.07053343605377019, 0.0789910952287589, 0.08264090418878779, 0.07982885731849548, 0.07351638961159525, 0.0810559893131776, 0.08148010907416349], [0.07398974004752538, 0.07487230171693407, 0.08036981448264757, 0.0729490365683351, 0.06998699489381123, 0.07966087313293306, 0.07049625216124265, 0.07911539617137253, 0.08283797461124745, 0.07992060361805736, 0.07359275912734078, 0.08100888389743413, 0.08119936957111862], [0.07402294660242717, 0.07494307180792528, 0.08045574158657398, 0.07287930478782491, 0.06994730231381865, 0.0794872164312634, 0.07044854644153827, 0.0792489539170493, 0.0829574364532744, 0.08002656112009285, 0.07365779922000767, 0.0809790307450211, 0.08094608857318301], [0.07403619933763902, 0.07497488980027067, 0.08051210861119651, 0.07284441860692788, 0.069914356680982, 0.07941600568070235, 0.07041437333943168, 0.07932308996153115, 0.08298059121970945, 0.08009129760433108, 0.07368145928503976, 0.08097936827679869, 0.08083184159543975], [0.07407297508637317, 0.07503870661148228, 0.08059553199362601, 0.07280840119170025, 0.0698884110672144, 0.07930495410177901, 0.07038532580218511, 0.07944181818570951, 0.08291619165238623, 0.08019101134342356, 0.07373566222017523, 0.08096867569173592, 0.08065233505220937], [0.07412637444134738, 0.07511842974959322, 0.08067454302472123, 0.07278810644781765, 0.06988579909635154, 0.07918781529524406, 0.0703782707764337, 0.07956707411455927, 0.08276754973575592, 0.08029106690146379, 0.07380854796949206, 0.0809425467967735, 0.08046387565044669], [0.07424283191386473, 0.0752674031472602, 0.08072095986004488, 0.07280020951003106, 0.0699698692297243, 0.0789889103815787, 0.07044685920025931, 0.07972027184712811, 0.08248348333768633, 0.0803821572877703, 0.07396845907311794, 0.08082908892077129, 0.08017949629076276], [0.0743471353799041, 0.07540536936445105, 0.08078835857384142, 0.0728034421894536, 0.0700167045948824, 0.0788112897366544, 0.07048420958797791, 0.07988887321121796, 0.08220911925247021, 0.08049404459658227, 0.07410506231342884, 0.08073766138794604, 0.07990872981118984], [0.0742138121232368, 0.07525078855666366, 0.08083432694001669, 0.07275477420711841, 0.0698562314068292, 0.07900821334975867, 0.07034688470826891, 0.07980161553893396, 0.08246313570112368, 0.08048800686773257, 0.07391763754078612, 0.08091311297249519, 0.08015146008703611], [0.0741224714314984, 0.07452842729010738, 0.07985412544740932, 0.0744752394029587, 0.07012300010690577, 0.08309151277872176, 0.07094810782736788, 0.07829077862428564, 0.0803491949487002, 0.07936454844356775, 0.07292328761855757, 0.08099185201140928, 0.08093745406851022], [0.07398830810911435, 0.07443925734777938, 0.07998320966689461, 0.07424110181834927, 0.0698745885967842, 0.08333333333333333, 0.07069897642757071, 0.07835978014694117, 0.08053163085704436, 0.0794684331775786, 0.07280822328834703, 0.08118064995091509, 0.08109250727934789], [0.07440364197805971, 0.07483942897535316, 0.08027049185421647, 0.0746473435154808, 0.07002087570498843, 0.08225104767601024, 0.07089963349911364, 0.07874928034805947, 0.07977726793091129, 0.07983622031815847, 0.07309197173742366, 0.08111207010907433, 0.08010072635315034], [0.07416393335453918, 0.0746220958056348, 0.08021041474696151, 0.07438259865423111, 0.0698633450081221, 0.08274150265669848, 0.07071834338061435, 0.0786040815634719, 0.08019241294060969, 0.07972255937906333, 0.07291726565379754, 0.08126072332851715, 0.08060072352773885], [0.07369878129883282, 0.07427701920271013, 0.08023579351393804, 0.07363433536908631, 0.06950152307635472, 0.08239746069207443, 0.07026904057287245, 0.07850168804955404, 0.08148040938953789, 0.07965154652041018, 0.07268123048222819, 0.08164590967339395, 0.08202526215900677], [0.07385607418625542, 0.07438141167421736, 0.08024413065028284, 0.0739293685888903, 0.06958662824374325, 0.08290583134682512, 0.0704006949271192, 0.07853478277174256, 0.08086687025588436, 0.07969059323999458, 0.07272340912619196, 0.08153671389903105, 0.08134349108982208], [0.0745323180406523, 0.07497078514956336, 0.08034744404266063, 0.07474559576421075, 0.07003595284148784, 0.08214797908316225, 0.07093188574971215, 0.07888397512949724, 0.07949909039886727, 0.07995279835262707, 0.07317943767690765, 0.08102352702427934, 0.07974921074637213], [0.0746462920138752, 0.07511697723802516, 0.08049731672867164, 0.07474293540286867, 0.06990641813879331, 0.08251015083635384, 0.07082725202108989, 0.0791189996607153, 0.07909992325453456, 0.08016642872602107, 0.07324220597502976, 0.08089620472727513, 0.0792288952767464], [0.07531756834819006, 0.07571488273190971, 0.08011730413885404, 0.07542831952725818, 0.07038041002643998, 0.08285450953055191, 0.07135278241491214, 0.07938664386658188, 0.07786133713832949, 0.08003444245031274, 0.07374397943613561, 0.07992793995190076, 0.07787988043862341], [0.07524712401295973, 0.075591985459489, 0.07996213509149382, 0.07552878848822639, 0.07047788672811331, 0.08312784581027378, 0.07145190385555182, 0.07914092542766801, 0.07797328332450522, 0.07983278867415611, 0.07366542416468151, 0.07993204794624366, 0.07806786101663764], [0.07372275639142276, 0.0746682459615587, 0.08196193980994403, 0.07269345126787297, 0.06865472687829263, 0.08032429775222505, 0.06938416231659054, 0.0799577687319586, 0.08119819995637459, 0.08125395679323266, 0.0729080799872796, 0.08276770925869861, 0.08050470489454926], [0.07367430070753873, 0.07460880561036638, 0.08168070385619386, 0.0726687560859826, 0.06875785498986912, 0.08036636318262519, 0.06946049110337844, 0.07977408589598912, 0.08160035961553444, 0.08100548631505472, 0.07291371861361204, 0.08264353302891826, 0.08084554099493704], [0.07360298091109495, 0.07449986871994888, 0.08148539694061126, 0.07270616749711585, 0.06876060142380297, 0.08060494677072598, 0.06947144436681073, 0.07957606281954163, 0.0818198103220683, 0.08080910095610697, 0.07281412656672334, 0.08271755009767075, 0.08113194260777828], [0.07355960704588972, 0.07442550334232449, 0.08127810366266137, 0.07274596950524362, 0.06881693714826528, 0.08076885511681277, 0.06952540250426427, 0.07939704189038443, 0.08206519817792093, 0.08061193300949966, 0.07276584973161992, 0.08261879307302958, 0.08142080579208394], [0.07352694994375224, 0.07434176811241762, 0.08115945458046081, 0.0728618326341957, 0.06880548148780107, 0.0811323344283445, 0.069542583049294, 0.07924507107028249, 0.08197625759758126, 0.0804878332206148, 0.07265720384723093, 0.08269842454188413, 0.08156480548614038], [0.07355598273769606, 0.0743329393920115, 0.08113453477489668, 0.07299723974069383, 0.06881408357695795, 0.0814086051759824, 0.06957946545626845, 0.07919818021517594, 0.0816960894148366, 0.0804650835935748, 0.07261404582139717, 0.08273704931484059, 0.08146670078566785], [0.07367249471260283, 0.0744427312758282, 0.08134323184451338, 0.07312783274011973, 0.06878342104430085, 0.08141915485790847, 0.06958320953966049, 0.07937125988979822, 0.0811513378586881, 0.080678894566792, 0.07265270783201219, 0.08282432923777204, 0.08094939460000349], [0.07383828404985265, 0.07467591601090517, 0.0818624238101792, 0.07309440418314644, 0.06870043376564865, 0.08085624214691117, 0.06950907038439315, 0.07983050669300841, 0.08062592291287689, 0.08119012666276236, 0.07281450507986369, 0.08275015089395164, 0.08025201340650058], [0.07384956243393409, 0.0747684042807548, 0.08221666621039053, 0.07288533666386274, 0.06861660231781246, 0.08039419964065722, 0.06939640065243069, 0.08011524164348202, 0.08060847925943956, 0.08149503992260786, 0.0729133227962757, 0.0826841722439931, 0.08005657193435926], [0.07381741057920811, 0.07476840799575485, 0.08223908802150928, 0.07276837340120036, 0.06861256523442762, 0.0802459892848755, 0.06936730736305526, 0.08015135027597399, 0.08077239471404002, 0.08150666856256353, 0.0729470573834452, 0.08267171698018021, 0.08013167020376609], [0.07368595542592125, 0.07459590921218602, 0.08190452580213385, 0.07276239988051675, 0.06859984094753306, 0.08055737521435472, 0.06935617315686689, 0.07985621566034572, 0.0811319421970045, 0.08118676550460618, 0.07280351862185004, 0.08301205291584497, 0.0805473254608362], [0.07366786791325639, 0.07459252164650569, 0.08180617966815665, 0.07269963943431479, 0.06866027124108709, 0.08046504934444401, 0.06939011808702035, 0.07981818575222241, 0.08137806102920397, 0.08110387803314731, 0.07284702660661886, 0.08286260054870667, 0.0807086006953159], [0.07357378488796446, 0.07443213739726218, 0.08151263462562124, 0.07279765127316525, 0.06865480532860714, 0.08090709488777925, 0.069408169817721, 0.07952198573000333, 0.08154812668067966, 0.08081585460934933, 0.07268405435584611, 0.08308836085817504, 0.08105533954782591], [0.07364772403137593, 0.07448527573821827, 0.08162674948029022, 0.07292662211698811, 0.06863320053550118, 0.08101115377264152, 0.06941932759431323, 0.07959748174787416, 0.08113650231830004, 0.08093114784954997, 0.07267960824137147, 0.08315572453849028, 0.08074948203508578], [0.07360242893563587, 0.07446368718868021, 0.08165064605718117, 0.07282158025736649, 0.06858595574205703, 0.08088694494403185, 0.06935873479307396, 0.07961771160440252, 0.0812610105746825, 0.08094529953537978, 0.0726720968793115, 0.08333333333333334, 0.0808005701548638], [0.07373114652700738, 0.07459810409080193, 0.0818649954586235, 0.07292192402131924, 0.06861799965413937, 0.08077881955218173, 0.0694058522676857, 0.07980511299433343, 0.0808961081009612, 0.08116089508003184, 0.07276567719192036, 0.08300803554510691, 0.0804453295158875], [0.073579420226146, 0.0744545585028334, 0.0815118618219794, 0.07275268415046268, 0.06868676807750797, 0.08078495504752363, 0.06942344110733119, 0.07954660309143714, 0.0816662014924694, 0.080819623886752, 0.07273004389274007, 0.08294946260376176, 0.08109437609905525], [0.07355781716434877, 0.07436527074442317, 0.08128327640182112, 0.07291907759954652, 0.06874038134606159, 0.08122546083040576, 0.0695033701853679, 0.0793212742479205, 0.08163943184469223, 0.08060219932074802, 0.0726311633449899, 0.08290649067187683, 0.08130478629779765], [0.07362400802949673, 0.0744189418517, 0.08138599285461574, 0.07301780223228577, 0.0687257503059147, 0.08129274242104487, 0.06951324716687814, 0.07939887169145045, 0.08129254371998439, 0.08070752331023476, 0.07263982661259052, 0.08296368753020843, 0.08101906227359564], [0.0738084899325974, 0.07461306341643621, 0.08167664324804651, 0.07315714365392695, 0.06874479923821629, 0.0810806596007275, 0.06955824590019541, 0.07967414603521325, 0.0807200805317684, 0.0810164281947807, 0.07276531760393334, 0.0827632573492743, 0.08042172529488383], [0.07376652746683061, 0.07452907896899359, 0.08142668218648011, 0.07323247476093736, 0.06881852557995924, 0.08138389981997948, 0.0696337053544893, 0.07946185404212767, 0.0808723793630577, 0.08077847679856691, 0.07270823768959998, 0.08270738801927306, 0.0806807699497049], [0.0735425897135212, 0.07437796690299232, 0.0812976424160557, 0.07282441239537844, 0.06874672592248979, 0.0810262212485718, 0.06948736332297684, 0.07935703790377162, 0.08183802233209335, 0.08061652964875718, 0.07267228822246793, 0.08284037817406768, 0.08137282179685605], [0.07359420096106965, 0.07435931502832559, 0.0811749533891445, 0.07306721119123517, 0.06881359634385634, 0.08148901691173778, 0.06959435064379711, 0.07922703167110798, 0.08148880623972823, 0.08050830444934538, 0.07261522239793351, 0.08276136536233612, 0.08130662541038279], [0.07367151347454191, 0.07441011679427599, 0.08117971090949712, 0.07321005862565244, 0.06886607557783916, 0.08162356406574758, 0.06966725483695128, 0.07923994206602038, 0.08120571513967685, 0.08052854338722197, 0.07263865497402097, 0.08266029863380309, 0.08109855151475123], [0.07404872508997287, 0.07513653350909094, 0.08266651904385582, 0.07259645204628143, 0.06868510909965111, 0.07951407470045056, 0.06938713241798142, 0.08077565224549639, 0.0806515677946349, 0.08204864486357495, 0.07333075342774228, 0.08180286812639952, 0.0793559676348679], [0.07400613470522088, 0.07505944518281445, 0.08278765097046263, 0.07265681593974736, 0.06859867755428134, 0.07975678840760822, 0.06933214932792724, 0.08069751501416526, 0.08046782678985843, 0.08206023723514573, 0.07320912665807658, 0.08197040758520095, 0.07939722462949093], [0.07402589296744698, 0.07501442492001112, 0.08273278390319369, 0.07284989358649259, 0.06858141371626095, 0.08018645322409236, 0.06936119567208933, 0.08057277385007197, 0.08009184428481819, 0.08200031332859141, 0.0731047424298876, 0.08209510672992987, 0.07938316138711413], [0.07422086187407517, 0.07516320255214719, 0.08255100630975994, 0.07313359890915686, 0.06869333737547453, 0.08057373815816038, 0.06951287575711546, 0.08062690006150347, 0.07953799817896642, 0.08203129393702666, 0.0731877152152374, 0.08176582880207521, 0.07900164286930127], [0.07474047316573715, 0.07575137108635469, 0.08229251239911405, 0.07336377415841887, 0.06894732457185516, 0.08034808677607869, 0.0697683237037488, 0.08129905661905056, 0.0786599039803686, 0.08246948364094045, 0.07369488708916673, 0.0807757392192414, 0.07788906358992495], [0.0748725483210512, 0.0760263099132985, 0.08223826088490067, 0.07310263346799228, 0.06897609951916615, 0.07963680571985333, 0.06973619026606152, 0.08195044427515204, 0.0786551719445138, 0.08296658747643562, 0.07400367792764108, 0.08036914822157235, 0.07746612206236166], [0.07474467633573864, 0.07597019260333329, 0.0823219993430619, 0.07281911688867534, 0.06895982071483835, 0.07920870704313684, 0.06965945577833385, 0.08202900972473293, 0.07914837751877139, 0.08297587487561213, 0.0740474907217987, 0.08044226171354543, 0.07767301673842111], [0.07449286125526611, 0.07570047680549205, 0.08251981821826235, 0.07265571736260328, 0.06889585054974325, 0.07914752512448994, 0.06956985858377873, 0.08160476703722364, 0.07982207466533746, 0.08263549278769411, 0.07386063672363782, 0.08084426771589713, 0.07825065317057402], [0.07415420104429989, 0.0752792573463422, 0.08276309968740814, 0.07258801425915583, 0.06870505940057522, 0.07941721054913212, 0.06940167301100897, 0.0810139814365006, 0.08041338925981213, 0.08226438911551105, 0.07345705414611513, 0.08152291629526719, 0.07901975444887153], [0.07406522078845168, 0.07514436227332943, 0.082931902021534, 0.07263865398789048, 0.06859014239507955, 0.07969311083059531, 0.06932177980529855, 0.08085675015629622, 0.08031551881385797, 0.0822257428267027, 0.07327865815532515, 0.08177280343229808, 0.07916535451334077], [0.07409289847081146, 0.07513236489633755, 0.08302866078687618, 0.07277003691107592, 0.06854471308891218, 0.08000592241010705, 0.06931512629652249, 0.08082580790928094, 0.07996031082416638, 0.08227312768867692, 0.07320607163543444, 0.0817913981800493, 0.07905356090174934], [0.07413682039226975, 0.07515059562762332, 0.08292220530107605, 0.07287507959642793, 0.0685736982431019, 0.08017818536836986, 0.06936133157433909, 0.08079692738200647, 0.07978434735833148, 0.08224969270945173, 0.07320127200879901, 0.08177068738897138, 0.07899915704923209], [0.074280095424798, 0.07531730354525878, 0.08293874258131131, 0.07292992556095865, 0.06861077585718624, 0.08014967775520346, 0.06940375025732126, 0.08103074062831583, 0.07946635988990851, 0.08249040994875713, 0.07333279804680921, 0.08143613457676852, 0.07861328592740308], [0.07426182409365718, 0.07539601258428409, 0.08305776386899912, 0.0726587845589941, 0.06861432558751082, 0.07957583749698638, 0.06934693028685351, 0.08128009109771232, 0.07982220913152206, 0.08268040942198504, 0.07348303707798357, 0.08126832043454175, 0.07855445435896986], [0.07448530936224124, 0.07565784711794181, 0.08273074486535588, 0.07274304782755257, 0.0687264266839108, 0.07946963273242484, 0.0694560777421