[[0.07297627200662325, 0.07452878229760708, 0.08272621485293145, 0.0799268181136254, 0.07128704254548582, 0.07238521868532638, 0.08157468608900403, 0.08085474731739302, 0.07125306359348925, 0.08065322314067436, 0.07537309811590577, 0.07463658521079107, 0.081824248031143], [0.07305870250408734, 0.07450779060364623, 0.0828714896889228, 0.08017007387821717, 0.07136181048657993, 0.07243492604581353, 0.08138933093759179, 0.08070297160235523, 0.07128895492447951, 0.08044802201791353, 0.07531176443138185, 0.07456289310484863, 0.0818912697741626], [0.07320091716311534, 0.07452307011858154, 0.08280437079498586, 0.08045755163970186, 0.07150701354751966, 0.07254441812791887, 0.08115613430949162, 0.08051521280390617, 0.07139073363251018, 0.08021253773662161, 0.07527630495953427, 0.07451951940776373, 0.08189221575834917], [0.07328295217952917, 0.07450685556598903, 0.08294580959694857, 0.08073785274422965, 0.07157227139633751, 0.07259004150619694, 0.08099189170787002, 0.08037838762144171, 0.07141307158242964, 0.08003057065654463, 0.07522187551564256, 0.07444381826028143, 0.08188460166655898], [0.07341646969609256, 0.07452143146898256, 0.08288564406568612, 0.08105037897024898, 0.07170093078156883, 0.07268864989618092, 0.0808433278791902, 0.08020215848377193, 0.07149600521014435, 0.07981670669112566, 0.07518904358785562, 0.07439592116215764, 0.08179333210699465], [0.07348311257614712, 0.07450952622762053, 0.08292913622945217, 0.08128559576290817, 0.07174108339949115, 0.07271876447765906, 0.08077646623075153, 0.08010919306694411, 0.07149476804888008, 0.07968560290110209, 0.07514690286429228, 0.07432541054260752, 0.0817944376721442], [0.07351376271349867, 0.0744355710828524, 0.08333333333333331, 0.08166935301368355, 0.07168871751761614, 0.07267313896245758, 0.08073169812164116, 0.080012477101208, 0.07136541552564103, 0.079511564558179, 0.07503500211806557, 0.07413984758352522, 0.0818901183682982], [0.07365005604016758, 0.07445184719666059, 0.08303684991118734, 0.08207401412542346, 0.07176525322139389, 0.07274301348577081, 0.08065597617942252, 0.07990826141087973, 0.0713684882373257, 0.07934610571936627, 0.07500449928657217, 0.07404906766074103, 0.0819465675250887], [0.0736615809083916, 0.07438352568572053, 0.08333333333333334, 0.08243150068250618, 0.07166800918570318, 0.0726706154625703, 0.0806543216537676, 0.07986594772549328, 0.07119141123434791, 0.07923009850561982, 0.07490756454806721, 0.07386044730226776, 0.08214164377221143], [0.07386243009017533, 0.07444672923718743, 0.08274560517033251, 0.08284044728579953, 0.07175656412143312, 0.07277119029668924, 0.08059861663488915, 0.07979386218421261, 0.0711747463296552, 0.07910378167705452, 0.0749151522655237, 0.07376232262923031, 0.08222855207781726], [0.074079247768042, 0.07453912914385588, 0.08213533710667176, 0.08333333333333334, 0.07184730650073776, 0.07288353765850919, 0.08053014894002727, 0.0797315902997089, 0.07115798017690723, 0.07899372342250492, 0.07495140327804724, 0.07368179717501509, 0.0821354651966395], [0.0743900519022356, 0.07473148647605711, 0.08174535216800409, 0.08309455026372096, 0.07210876505516872, 0.07313120605439395, 0.08036064354457755, 0.07960232417567972, 0.07134265368094524, 0.07885918066098685, 0.0750634453205465, 0.07373618039279733, 0.08183416030488641], [0.07458820524176678, 0.0748929794382653, 0.08115205706234466, 0.08308508328254757, 0.07219965445844197, 0.07325730585380912, 0.08036560511649311, 0.07964266750350604, 0.0713627335382662, 0.0788724134049284, 0.07518334422666585, 0.07375567051609866, 0.0816422803568663], [0.07472578290747077, 0.07501813181460142, 0.08074830744747205, 0.08309065773246097, 0.07225952865762383, 0.07334721398860072, 0.08035857913970822, 0.07967477515556066, 0.07137642685676154, 0.07889050441273952, 0.0752835624897058, 0.0737818072491989, 0.0814447221480956], [0.07480634723181201, 0.07514273387253195, 0.0802566325250137, 0.08314352298724968, 0.07223978915483677, 0.07338417739709595, 0.08044147353353029, 0.07978620684533104, 0.07132007559067967, 0.07899619603967827, 0.07540746668756042, 0.07380977138746835, 0.08126560674721182], [0.07477285296791525, 0.07520153763200722, 0.07988981167915805, 0.08305266811914379, 0.07213641678630701, 0.07333862936188393, 0.08063658821833276, 0.07994502024290816, 0.07121322924572662, 0.07920836689639785, 0.07549789109657744, 0.07383042906155023, 0.08127655869209183], [0.07476842553757296, 0.07532567741791268, 0.0793756564733651, 0.08274475026784114, 0.072063723178134, 0.0733346010424861, 0.08085513692950627, 0.0801305297026297, 0.07114573627074056, 0.0795002372315869, 0.0756648840091233, 0.07391618194958764, 0.08117445998951363], [0.0745229167794007, 0.0753092061022265, 0.07884986239935655, 0.08333333333333333, 0.0717600205330354, 0.07312449863242737, 0.08116481131854279, 0.08041327392321118, 0.07088823597598076, 0.07987396477552594, 0.07575391122235292, 0.07393176927701407, 0.08107419572759247], [0.07295389975812497, 0.0746141544368524, 0.08259762010487216, 0.07956442046440912, 0.07134686295132793, 0.0724403629505243, 0.08159069942381603, 0.08085914619818117, 0.07138966072129953, 0.08078950855554276, 0.07549926396800967, 0.07483643393929262, 0.0815179665277473], [0.07301663249820033, 0.07455238876079145, 0.0829550088508238, 0.07986835647426678, 0.07138694432121136, 0.07245564483925519, 0.08140417056904962, 0.08069798074422378, 0.07137742198974661, 0.08054170237219056, 0.07538802679489334, 0.07470242906419712, 0.08165329272115003], [0.07307027968183635, 0.0745322909858191, 0.08309785015905742, 0.08003697845936408, 0.07143281943582527, 0.07248458479029173, 0.0812803544522978, 0.08059491428537124, 0.0713943163590705, 0.08039762944656847, 0.07533927431493385, 0.07464257168343855, 0.0816961359461255], [0.07322241431786208, 0.07452737363504072, 0.0829108681953167, 0.08047751327801915, 0.07154722330552778, 0.0725721024382014, 0.08108212010865538, 0.08044726478330248, 0.07143422181320773, 0.08015452008966129, 0.0752731774498721, 0.07453107078839373, 0.08182012979693945], [0.07308955664438554, 0.07452265310134838, 0.08303548721273304, 0.08013621611817086, 0.07143153088671503, 0.07248401282601526, 0.08127419491409463, 0.0805958852445745, 0.07137263813069337, 0.08036839513617196, 0.0753189525046212, 0.07460243443888767, 0.08176804284158869], [0.07332945415490513, 0.07451598554661432, 0.08305069942859938, 0.08080090718730855, 0.07163998023304832, 0.07263873438500335, 0.08088518777244746, 0.08027676217308966, 0.07147771831823828, 0.07993496958558713, 0.0752153754646128, 0.07445180542544329, 0.0817824203251024], [0.0734363202630874, 0.07453642758413008, 0.08302589875908298, 0.0809958187310446, 0.07175754224363551, 0.07272851120342476, 0.08074650117356122, 0.08012760446480757, 0.07156862942384419, 0.0797689973913361, 0.07520070328884623, 0.07443723386067465, 0.08166981161252464], [0.07350560616355374, 0.07451203148811242, 0.0829624751018092, 0.08132626136209167, 0.07176707986359422, 0.07273790839033475, 0.08073564060504794, 0.08006868324277747, 0.07151508681207924, 0.07964348847493405, 0.07514132022700493, 0.07432085531802865, 0.08176356295063153], [0.07359419643658582, 0.07448845038409066, 0.08333333333333333, 0.08160058931782464, 0.07183809495378478, 0.07278611759842903, 0.08056011870424636, 0.07987810131087707, 0.07153665241122847, 0.079420612996991, 0.07507412407063042, 0.0742303866818543, 0.08165922180012411], [0.07371417928021892, 0.07448602664851998, 0.0831193342206949, 0.08203169029985341, 0.07188304967479589, 0.07283010721385155, 0.08050727160470857, 0.0797877470240708, 0.07150000066051423, 0.07925890344947922, 0.07502502741929148, 0.07410907165382212, 0.08174759085017885], [0.07371807614651377, 0.07442811546931725, 0.08333333333333333, 0.08234019522795212, 0.07180076514208204, 0.07276778535329238, 0.0805161800393166, 0.0797619834741388, 0.07135499091830169, 0.07917081337255273, 0.07494554077932848, 0.0739574849897287, 0.08190473575414202], [0.07379724869776694, 0.07443251240908774, 0.08307898582532991, 0.08266399883106296, 0.07180590079244943, 0.07278471165770231, 0.08050737018835837, 0.07973189487164804, 0.0712972063455535, 0.07909732252318902, 0.07492116050319456, 0.07386665179137042, 0.08201503556328664], [0.0738919565032433, 0.07444414360146136, 0.08292802743906398, 0.08297529226716698, 0.07182791934135185, 0.07281596763761182, 0.08045975109955823, 0.07967340490895702, 0.07125398766226336, 0.07900589765287969, 0.07490013407206098, 0.07377975355683149, 0.08204376425754989], [0.07397813336798352, 0.07447539853218159, 0.08275235920940666, 0.08310553978587, 0.07187642374839529, 0.07286633713054547, 0.08041882178242989, 0.07963304775610443, 0.0712638809752273, 0.07895033598306163, 0.07490895909261762, 0.07375240942808424, 0.0820183532080924], [0.07410473902919334, 0.07452682656252878, 0.08248481285950715, 0.08333333333333331, 0.07195552369567851, 0.07294579788972134, 0.08034388213051495, 0.0795651102416934, 0.07129123110088219, 0.07886622685410208, 0.0749261924956926, 0.07372330160542695, 0.08193302220172523], [0.07425982263946013, 0.07463693219956073, 0.08214388472968963, 0.0830677329612934, 0.07205397359549913, 0.07305494353761917, 0.0803513548515731, 0.07958081497675121, 0.07134117481039219, 0.07886167906945728, 0.07500107167106851, 0.0737430199319545, 0.08190359502568112], [0.0746396680795509, 0.07486179218476562, 0.0815889306604383, 0.08303068489984339, 0.07237072107659392, 0.07335312772443665, 0.08011075840316086, 0.07939126040148624, 0.07155880191131074, 0.07866859873727931, 0.07512255446482324, 0.07379277344410738, 0.08151032801220355], [0.07479020210669199, 0.0749876779646312, 0.08111079191667288, 0.08302836427814014, 0.07242404874670078, 0.07344091109653227, 0.08013063201104964, 0.07943721177512089, 0.07155286170499989, 0.07869076966407165, 0.07521702006419559, 0.07379969956156039, 0.08138980910963274], [0.07435784553064179, 0.07472783955165027, 0.081646598354701, 0.0830903761337311, 0.07205003604213682, 0.07309213792354521, 0.08044528541190443, 0.0796808091064846, 0.07128264521301304, 0.0789245363948096, 0.07507281862287322, 0.07372480392301455, 0.08190426779149441], [0.07493167601764288, 0.07509710375951185, 0.08075542525363606, 0.08308709317912452, 0.07250265226758867, 0.07353739115831526, 0.08008415700488919, 0.07942269125250308, 0.07158592574676985, 0.07866841120462756, 0.07529445322875293, 0.07381790739947937, 0.08121511252715874], [0.07506562596030864, 0.0752334175909618, 0.0802081437454677, 0.08333333333333334, 0.07252403201682406, 0.07360845829253496, 0.0800918865872568, 0.07946092794474141, 0.07155031749676645, 0.07873096038723162, 0.07540636439080449, 0.07382665908474163, 0.08095987316902716], [0.07504723067192305, 0.07527286016805808, 0.07996729049636557, 0.08333333333333334, 0.07244349707191525, 0.07357196819136323, 0.08022456825398401, 0.07956622373363453, 0.07146004473578722, 0.0788713650308619, 0.07546301136434228, 0.07382625319993592, 0.08095235374849576], [0.07502536159016314, 0.07535291054989701, 0.07952669919820228, 0.08333333333333334, 0.072331029262705, 0.07352933722523539, 0.080410417432678, 0.07971464199656858, 0.07133684378549959, 0.07909990736365678, 0.07557272392792026, 0.07384600514482852, 0.08092078918931216], [0.07512803218083854, 0.07552094865240601, 0.07904221560037895, 0.08304097830982615, 0.07236586068355964, 0.07361437758746041, 0.08047701119009157, 0.07976461259205236, 0.07135375552237566, 0.07928005217267779, 0.07574515629269159, 0.07393798267641491, 0.0807290165392263], [0.07489034118603712, 0.07548040869277235, 0.07883971739551611, 0.08304463073378301, 0.07210948237167929, 0.07342443506571891, 0.08079271725160152, 0.08006107348430822, 0.0711557369082319, 0.07959606197969181, 0.07580429867631877, 0.07396626550414764, 0.08083483075019325], [0.0730110456230199, 0.07464583626329845, 0.08273049620464061, 0.0795287182948265, 0.07146278448640342, 0.07252486845746105, 0.0814071977615151, 0.08069636416498871, 0.07152669662908416, 0.08065988947388947, 0.07552477617920808, 0.0749048630793108, 0.08137646338235388], [0.0731069064082811, 0.07455504307633619, 0.08333333333333333, 0.07996748758898556, 0.07152506525889696, 0.07254984174405958, 0.08112719854233384, 0.08045370049273709, 0.07150958809547832, 0.08029538477292121, 0.07535419577239318, 0.07470391371905152, 0.08151834119519215], [0.07306714245838689, 0.07458402738104496, 0.08311246594830778, 0.07980744754054774, 0.07149540410810298, 0.07253481864321458, 0.08124036409510701, 0.08054998622384506, 0.07150833997484778, 0.08043167935058283, 0.07540964271536367, 0.07477209244786816, 0.08148658911278044], [0.07315214108850078, 0.07454409231802057, 0.08312797944346056, 0.08017071479929797, 0.071531987335379, 0.07255746110799799, 0.08112239912438805, 0.08046096864565039, 0.07147734724672854, 0.08024717950510353, 0.07532243505011463, 0.07463446482667396, 0.08165082950868402], [0.07326298865411622, 0.07458972122618278, 0.08298275956223466, 0.0802796112830571, 0.07168310927945043, 0.07267414222857997, 0.08094597098507246, 0.08030948446111319, 0.0716243104682195, 0.08009902945337569, 0.07533977879743224, 0.07467796128100675, 0.081531132320159], [0.07332385725667569, 0.07453732494708705, 0.08333333333333334, 0.08061355054735438, 0.07170302691572657, 0.07268029860031497, 0.08078400610228406, 0.08018171315264645, 0.07158423432255127, 0.07990166623346415, 0.07524473925702542, 0.07454070511670867, 0.08157154421482804], [0.07325799967197981, 0.07455573110908521, 0.08305080547255989, 0.08041180219960763, 0.07163895618230719, 0.07263839695532001, 0.08095862982825348, 0.08032822409472297, 0.07155094599875485, 0.08007764117661562, 0.07529630799720707, 0.07460032890060195, 0.08163423041298425], [0.07346864312329164, 0.07456907738375619, 0.08312118724979749, 0.08089077951876135, 0.07184387365773877, 0.07279233611695117, 0.0806249804616549, 0.08003901133707106, 0.0716808754249367, 0.07971954305172486, 0.07523097491482801, 0.07451078797057503, 0.08150792978891276], [0.07351322134551745, 0.07455057576393088, 0.08333333333333334, 0.08104622338173549, 0.07187555763888928, 0.07281234963889166, 0.08054678975528935, 0.07994342417474558, 0.07168335754952604, 0.07959883231024174, 0.07518813365253103, 0.07445207271041981, 0.0814561287449485], [0.07357501644664327, 0.0745574074597497, 0.08314650291419642, 0.08121898450577089, 0.07191400409571681, 0.07284583683181094, 0.08053068531519601, 0.07990674519588045, 0.07168978272735249, 0.0795314026272942, 0.07517377428230963, 0.07441258700919137, 0.0814972705888878], [0.07367114671361923, 0.074563600180734, 0.08314966943478472, 0.0814327246100085, 0.07199463095577135, 0.07290884245984391, 0.08042624520414643, 0.07978675298692517, 0.07172905241009006, 0.07938091090524765, 0.07514453384110709, 0.07436129393023472, 0.08145059636748699], [0.0737562909818416, 0.07453795689015068, 0.08312648360600244, 0.08182746153039008, 0.07200277198106775, 0.07291973672059299, 0.0803935329155897, 0.07971201589538522, 0.0716591655859975, 0.07923536418209505, 0.07507776341039407, 0.07422267664435259, 0.08152877965614025], [0.07376709222448309, 0.07450050283121606, 0.08333333333333336, 0.08201346556058235, 0.0719691900451675, 0.07289192601741784, 0.08036879254063198, 0.07966784378651544, 0.07158711881927848, 0.07915694180080994, 0.07502312626832539, 0.07412975069485496, 0.08159091607738382], [0.07379118930816052, 0.07449973214015777, 0.08320026233413372, 0.08213687894883803, 0.07196513172290968, 0.07289318800804462, 0.08038285863853703, 0.07966988264039251, 0.07156038067928937, 0.07913691263547507, 0.07501319946358274, 0.07409490651327544, 0.08165547696720371], [0.07386206168223237, 0.07448867127439748, 0.08313155158912057, 0.08245629113700495, 0.07196985463709918, 0.07290421323296892, 0.08034614887716957, 0.07961159049380738, 0.07150329234841768, 0.07902766665522389, 0.074971276850431, 0.07399313585028443, 0.0817342453718425], [0.07389329970740736, 0.07444842911002718, 0.08333333333333333, 0.08277969010709883, 0.07192205072229056, 0.0728710327204011, 0.08031037041497219, 0.07955492838835519, 0.07139243929948197, 0.07893261954889853, 0.07490488593416503, 0.07385956091197478, 0.08179735980159387], [0.07398389618519004, 0.07447304476579587, 0.08305590987392458, 0.0830475590785722, 0.07196190506254581, 0.0729153014208729, 0.08027499073700885, 0.07951354470737566, 0.07138340069823051, 0.07886870642881497, 0.07490333928646908, 0.07381079447034435, 0.08180760728485519], [0.0742480707904889, 0.07460280205259222, 0.08256867277204898, 0.08308373589684583, 0.07216819103592302, 0.07310968658262128, 0.08014147653858042, 0.07939441133521999, 0.0715072462791165, 0.07872944166266893, 0.07496672191160793, 0.07381085744319243, 0.08166868569909336], [0.07445492769726418, 0.07470980995926885, 0.08214875848671173, 0.08333333333333333, 0.07231831708659786, 0.07325417672486816, 0.08001120645668074, 0.07928209692355918, 0.07158591774179662, 0.07860284624790366, 0.07500832192637062, 0.0737946773552681, 0.08149561006037691], [0.07468151102706495, 0.07488051864382941, 0.08165162496411808, 0.08289518064983581, 0.07244425579268576, 0.07340654153644742, 0.08004471849747051, 0.07933208520106937, 0.07163741580484452, 0.07862276547984222, 0.0751309247430934, 0.07382452689842843, 0.08144793076127006], [0.07449075379247709, 0.074766499883923, 0.08193081176928317, 0.08294446029202719, 0.07228112150244771, 0.07325404295352012, 0.08016476558193575, 0.07942646752893441, 0.07152170533427998, 0.07871701526569874, 0.0750677251020297, 0.07379384609580043, 0.08164078489764273], [0.07431968304854797, 0.0746490805763155, 0.08234334556528017, 0.0830790962192221, 0.07218753839968564, 0.07314347157099971, 0.08016492074873953, 0.0794157936005172, 0.07149000656536156, 0.07873100229976092, 0.07499257954367163, 0.07379070079394605, 0.08169278106795205], [0.07406221964170599, 0.07449548427269426, 0.08276504626452241, 0.08333333333333333, 0.07197985040790912, 0.07294459225218067, 0.08026186490216669, 0.07949433653378818, 0.07135202122935791, 0.07882456794613042, 0.07490342998258871, 0.07375710728682912, 0.08182614594679319], [0.07445365803699783, 0.0747362122122061, 0.08202469418932903, 0.08303782531768507, 0.07226294802086261, 0.07322981855335788, 0.08014999303695054, 0.0794095201316328, 0.071516028132868, 0.07870640320502745, 0.07504439828628132, 0.07378784126445971, 0.0816406596123417], [0.07433895381407601, 0.07469174323550343, 0.08196904821863328, 0.0830013764982506, 0.07210393468699006, 0.0731101245293262, 0.08034191320245723, 0.07957864634395101, 0.07136578255432624, 0.0788507685128502, 0.07503687687210103, 0.07375050936888068, 0.08186032216265407], [0.0747837820892644, 0.07495597779935179, 0.08134772545275387, 0.08296458650436733, 0.07248272235535992, 0.07346437193541325, 0.08004022857242213, 0.07934210902431311, 0.07163299733211652, 0.07861712264181983, 0.0751809196190516, 0.07381772433856443, 0.08136973233520194], [0.07491705837496554, 0.07505836375498397, 0.08102354091058249, 0.08292776439006513, 0.07255597868052625, 0.07355447805297424, 0.08001665847509275, 0.07934233625352773, 0.07166295381475118, 0.07860685662198635, 0.07525380746593918, 0.07383493647581527, 0.08124526672879012], [0.07506213863032869, 0.07517977328815446, 0.08062780496844703, 0.08293845775170196, 0.0726262628931838, 0.07365032754207111, 0.07999167240323413, 0.07935171432985151, 0.07168536555252918, 0.07860574309197263, 0.07534547910828632, 0.07385751621408236, 0.0810777442261568], [0.07515876851220088, 0.0752622851611622, 0.08032142590144148, 0.08308278003261266, 0.0726640193024395, 0.07370962488323697, 0.07995504570307879, 0.07934546723306726, 0.07168738746884082, 0.07861844338774356, 0.0754065786989268, 0.07386460410517338, 0.08092356961007582], [0.07519892015670374, 0.07535307375339981, 0.0798989453587617, 0.08314712432131358, 0.07260331819149367, 0.07370779369403488, 0.08009328069817245, 0.07944388280406937, 0.07159482127369939, 0.07878597881684891, 0.07550131541180143, 0.07386754935441962, 0.08080399616528151], [0.07526814471373826, 0.0754835517262837, 0.07941635806337978, 0.08305678964703732, 0.07257517275843298, 0.07374081131300729, 0.08020139541725863, 0.07951923329285783, 0.07153713906503058, 0.07896569650070102, 0.07563503666674772, 0.0739047265092408, 0.08069594432628406], [0.07528579053553255, 0.07557108986058246, 0.0790961891583381, 0.08294983684577585, 0.07253769546725101, 0.07374867049902517, 0.08029455258123454, 0.07959599567634788, 0.07149370220987201, 0.07911919659230902, 0.07573914576426533, 0.07394829962596396, 0.08061983518350217], [0.07518886522875784, 0.07561378910331552, 0.07867798399843756, 0.08333333333333333, 0.07237024537985687, 0.07365371478665537, 0.08044168190495227, 0.0797246939345856, 0.07133582627401566, 0.07934521424152118, 0.07583156670212152, 0.07396092243921247, 0.08052216267323478], [0.0748660814655453, 0.0755381928541411, 0.07850453306945357, 0.08333333333333334, 0.07204609444241339, 0.07340310846457429, 0.08083007071945177, 0.08009775378021697, 0.07109547326373022, 0.07973123386511302, 0.07588766091148431, 0.07399760495987517, 0.08066885887066769], [0.07412901985754816, 0.0745362149581921, 0.08283499508127008, 0.0831169320712861, 0.07209861630532269, 0.07303428683517313, 0.08015786918257499, 0.07940995194604246, 0.07148407328016018, 0.07876395111352869, 0.07493268965337999, 0.07382374702864257, 0.08167765268687857], [0.07401839312263474, 0.07451086031458021, 0.08312156099155343, 0.08279322035775714, 0.07207124660325732, 0.07299358911781625, 0.08018486906089294, 0.07944793941380798, 0.07152782991543548, 0.07883712354035663, 0.07494076223782872, 0.07390611133126186, 0.08164649399281719], [0.07392393126494998, 0.07450461812549637, 0.08333333333333333, 0.08243842395152108, 0.072055505101041, 0.07296758183638698, 0.08021583043390038, 0.07949675131427834, 0.07158226220585093, 0.07892452136676088, 0.0749681952495116, 0.07400408261976495, 0.08158496319720418], [0.07392061063861385, 0.07453925542881033, 0.0831386607737606, 0.08226304805234974, 0.07209929214801526, 0.07300154973277553, 0.08022773453909524, 0.0795241772353268, 0.07166177612053803, 0.07898325618658106, 0.07501606069621561, 0.07409103867540802, 0.08153353977251009], [0.07386667239049385, 0.07456054236086399, 0.0831308265154932, 0.08197460748671626, 0.07211018182081508, 0.0730050435792909, 0.08025333053254412, 0.07957356460304377, 0.0717313076866761, 0.07908187552448548, 0.07506503105012122, 0.0741977066507157, 0.08144930979874034], [0.073778820833414, 0.07459263698774332, 0.08310486508858862, 0.08155876101063245, 0.07210836734647531, 0.07299904202999062, 0.08030034770460397, 0.0796610389750449, 0.07181523449538084, 0.07924289610859399, 0.07514142277749289, 0.07435334733744738, 0.08134321930459165], [0.07370406134109567, 0.0745802004817833, 0.08333333333333334, 0.08136088334191156, 0.07206464773782854, 0.07295891328067784, 0.0803166185160519, 0.07969657819619141, 0.07181031096753379, 0.07931217624763892, 0.07515290762831373, 0.07439702021430597, 0.08131234871333413], [0.07437353831586835, 0.07476719138295965, 0.0814412946267709, 0.08298138032228815, 0.07201978909008323, 0.07308851183822031, 0.08053859716118708, 0.07977690789943462, 0.07123831732763994, 0.07900203273606951, 0.07511768101323281, 0.07372923693888249, 0.08192552134736289], [0.07472571387940773, 0.07497578554351125, 0.08088986612264946, 0.08333333333333333, 0.07229452814808503, 0.07335451149862117, 0.08025212107858484, 0.07955920682092794, 0.07141314533020583, 0.07878831587953213, 0.07522576003703772, 0.07375624049011031, 0.08143147183799312], [0.07496459763909356, 0.07517058776142309, 0.08041037440405531, 0.08315199686418634, 0.07245638331519323, 0.07353736645127779, 0.0801674476448295, 0.07953421501598924, 0.07151531713091581, 0.0787610560325847, 0.07537353303405725, 0.07382598785191545, 0.08113113685447862], [0.07363542153291898, 0.07457980147296775, 0.08333333333333334, 0.0811927641496536, 0.07201476354849858, 0.07291947524459995, 0.08038030643059106, 0.07977563323868313, 0.07179529304080128, 0.07941889761071741, 0.07517902989154884, 0.07444560999976826, 0.08132967050591788], [0.07359402136928209, 0.07460466303404864, 0.08315084404895355, 0.08101560477640105, 0.07199910499164282, 0.07291093303969409, 0.08043986743416577, 0.07985686836741714, 0.07181644270053869, 0.07953269265581475, 0.07522886978663441, 0.07452208828089527, 0.08132799951451157], [0.0735228320950251, 0.07461980047455025, 0.08304084068493703, 0.0807893253822439, 0.07195303936644648, 0.07287768274469174, 0.08051787300954591, 0.07995751358554999, 0.07181451713778073, 0.07967412663638726, 0.07527718206931484, 0.0745993268548355, 0.08135593995869132], [0.07340570670503223, 0.07459602155941959, 0.08333333333333333, 0.08052967839568576, 0.07185794083726388, 0.07279854448958657, 0.08061939519582281, 0.08002913966076328, 0.07176548792006743, 0.0797925494948768, 0.07529016512576216, 0.07464181658382137, 0.08134022069856474], [0.07335587721713488, 0.07462832178197884, 0.08305499381203375, 0.08031489746309421, 0.07182893271071722, 0.07278322213867691, 0.08074906691318282, 0.08013534305609438, 0.07177608327531249, 0.07994172201625442, 0.07535381598012554, 0.07472951450429036, 0.08134820913110437], [0.07332757135758385, 0.07464027083804792, 0.08291856225378118, 0.08022030992625757, 0.07180380061355862, 0.07276774269718024, 0.08082397439380072, 0.08019861567739732, 0.07176683305153367, 0.08002250334441763, 0.07538150694654273, 0.07476322394461987, 0.08136508495527876], [0.07324779313837372, 0.07462777661472571, 0.0830383488730064, 0.08005503368576906, 0.0717246877017601, 0.07270661782757316, 0.08092464300417376, 0.08027995301562404, 0.07171270428150164, 0.08013310682003424, 0.07539607600689184, 0.07478579764994774, 0.08136746138061866], [0.07317512596398436, 0.07462398696859777, 0.08312105117330253, 0.07987796438648538, 0.07165581644739612, 0.07265492364356133, 0.08102280561816581, 0.0803602890112201, 0.07167050821150099, 0.08024781210236971, 0.0754196872326895, 0.07481953431578639, 0.08135049492494008], [0.07313464915295707, 0.07467269140467275, 0.08292840678265422, 0.07961726892444122, 0.07164917664948449, 0.07265871615459189, 0.08110839339830185, 0.08043285098612947, 0.07171130577415193, 0.08039322921761927, 0.07551186988990766, 0.07493622672089684, 0.08124521494419121], [0.07308815642209245, 0.0747168417952725, 0.08268116869057507, 0.07940572031474682, 0.07162268845000305, 0.07264883953518776, 0.08121321701584983, 0.08052754642979525, 0.0717254075008388, 0.08057621570800694, 0.07559907774249157, 0.07503761558272927, 0.08115750481241064], [0.07307958166355664, 0.07464255452010903, 0.08293949902928298, 0.0796310958978542, 0.07155763011350877, 0.0725890733473009, 0.08122312426130467, 0.08053322759454934, 0.07161055036501886, 0.08047635572586401, 0.07549075876367477, 0.07489006582371807, 0.08133648289425764], [0.07469651489023742, 0.07491335452212801, 0.08133532112619031, 0.08309560651151011, 0.07236988732710427, 0.07337534628729706, 0.08014212708737246, 0.07943173522534969, 0.07152714197250415, 0.07869248263329241, 0.07516207402551002, 0.07378218748699253, 0.08147622090451168], [0.07450225877850102, 0.07479625398666762, 0.08149048737315007, 0.08333333333333334, 0.07217669326036893, 0.07320400256634176, 0.0802856833588007, 0.07954617338396686, 0.07136839933015525, 0.07879533437156505, 0.07509358583307817, 0.07372419938380795, 0.08168359504026336], [0.07470772627248304, 0.07506307561999805, 0.08053067532032995, 0.08298905180272009, 0.07219014894558141, 0.07331869790673973, 0.08048738123688744, 0.079822821906959, 0.0713044426801473, 0.07902068324295844, 0.0753516412608812, 0.07380211731010236, 0.081411536494212], [0.07455684263264484, 0.07490641378941966, 0.081015345344959, 0.08304313678198533, 0.07212789078783244, 0.07321606353940034, 0.08047775532973506, 0.07975717509744236, 0.0712883719476557, 0.07896959340535657, 0.07521496645497174, 0.07375281986471781, 0.08167362502387923], [0.07399910754046987, 0.0745027228379847, 0.08237577182102122, 0.08309689406390189, 0.07181752854330523, 0.0728438686464717, 0.08055882701968824, 0.07975530704625826, 0.07116935903776309, 0.07903499652296662, 0.07493730173763767, 0.0737138474571176, 0.08219446772541385], [0.07425291433150777, 0.0746787357588765, 0.0817372425239623, 0.08294620821850113, 0.07195365718697744, 0.07300858169491307, 0.08056345604391915, 0.0797812200931055, 0.0712140666108374, 0.079020052293887, 0.07505814816186453, 0.07372215488226005, 0.08206356219938821], [0.07470162872038913, 0.07510249792133825, 0.08017897043676092, 0.08333333333333334, 0.07210845102726811, 0.07328312746204453, 0.08056657909657973, 0.07989544802021857, 0.07120043818078095, 0.07909527466544555, 0.0753995026625471, 0.07377981656078499, 0.08135493191250888], [0.07470017077737429, 0.07522088334945387, 0.07971123989135806, 0.0828433525083974, 0.07203979764467106, 0.07327986151748349, 0.08081795532220014, 0.08010739344497696, 0.07113632898988652, 0.07938772998106938, 0.0755592537380925, 0.07386355059127545, 0.08133248224376087], [0.07516438972069418, 0.07574814900699414, 0.07823757422885981, 0.0830209987723766, 0.07231259333303604, 0.07365915208115562, 0.08058000875427578, 0.07986690588771368, 0.07130651556185919, 0.07962789859793837, 0.0760227218858281, 0.07408931303120167, 0.08036377913806697], [0.07530485097907737, 0.07573778558542717, 0.0784288900410271, 0.08311873173570825, 0.07246090138081179, 0.07375905021481013, 0.08038850649198903, 0.07967752754409461, 0.07141064161723365, 0.07938667629933441, 0.07594058429369724, 0.07403315668403555, 0.08035269713275378], [0.07310047794045914, 0.07443124533314462, 0.08124809346021358, 0.08086561180738897, 0.07098752657918786, 0.07220535557767167, 0.08221181060868869, 0.0813025473789571, 0.07066209482182498, 0.0805710600285373, 0.07519083993279348, 0.07406272104803316, 0.08316061548309957], [0.07312086957585874, 0.07440681605951122, 0.08164920213663805, 0.08098107538786092, 0.0710813514316859, 0.0722553201684722, 0.08191970913049045, 0.0810710948790788, 0.07077977966882086, 0.08042149613569827, 0.07515110176720247, 0.07409176269685658, 0.0830704209618255], [0.07320906020098418, 0.0743985647852767, 0.08187095019574449, 0.08124931668030021, 0.07115891537133213, 0.07231133726424174, 0.08175447300147089, 0.08089439131769373, 0.0708195371791195, 0.08022674752359472, 0.07510534188610665, 0.0740336270603157, 0.08296773753381945], [0.07328023761226451, 0.07439169650715878, 0.08211281805398052, 0.0814464580232675, 0.07124293375840834, 0.07236875699202303, 0.08156341680731462, 0.0807141245981299, 0.07088350352873543, 0.0800550383025005, 0.07506831627098691, 0.07400547572262962, 0.08286722382260041], [0.07337518636492533, 0.07437737548562928, 0.08220600708819033, 0.08179047740600569, 0.07126632655181203, 0.07239346112329959, 0.08147044143207767, 0.08059193016979573, 0.07083372040654122, 0.07987883387487446, 0.07501099820800741, 0.0738813391389953, 0.08292390274984586], [0.07343560770958711, 0.07436998753130934, 0.08211744454669148, 0.08200192398933727, 0.07124481153504342, 0.07238912049496565, 0.08145042563658651, 0.08055124728847067, 0.07074824380940434, 0.07979273976508651, 0.07497601777146357, 0.07377214575266353, 0.08315028416939077], [0.0735155225861819, 0.0744653479105727, 0.08162058938228653, 0.08184708991134275, 0.07123151424480592, 0.07242110605432622, 0.08166134378243532, 0.08074497171469038, 0.07069072944593258, 0.07992713242907694, 0.07507128912829779, 0.07377680024915692, 0.08302656316089414], [0.07335856384880624, 0.07450643571375663, 0.08094012041410008, 0.08127955846125863, 0.0710256145622601, 0.07229010705022765, 0.082162522087135, 0.08121342817164032, 0.07052386580175747, 0.0803395240613671, 0.0751845696691771, 0.07384235682518038, 0.08333333333333333], [0.0731374027778863, 0.07446519347028227, 0.08074400806938568, 0.08099276537040506, 0.07087247098460077, 0.07215555418555679, 0.08250906682955189, 0.08151039646710082, 0.07046559563681924, 0.08065453055522012, 0.0752171426443961, 0.07394253967546152, 0.08333333333333333], [0.07310515519147655, 0.0744802731639472, 0.08082347377759226, 0.08077302692025033, 0.07091904773485838, 0.07218081556566591, 0.08250914656444153, 0.08153629468628479, 0.07056806249132473, 0.08073447179879951, 0.0752530912334783, 0.07405200060467469, 0.08306514026720582], [0.07316439300789677, 0.07442012602009335, 0.0812369519975806, 0.08106351830457761, 0.07098386918377483, 0.07221052654803127, 0.08218846699228816, 0.0812369519975806, 0.07059915312234014, 0.08045558617025837, 0.07514918989457789, 0.07395793342766709, 0.08333333333333333], [0.07312122097885097, 0.07439622647579738, 0.08142735025799444, 0.0810304470243433, 0.07100877718526738, 0.07221109024930114, 0.0820661719539133, 0.08116007896850394, 0.07066640758316353, 0.08043393000878259, 0.07513533487300818, 0.07400963110774046, 0.08333333333333333], [0.07325834475608266, 0.0743745276002488, 0.08172899865940053, 0.0814840258205817, 0.07109615948201332, 0.07227695646499455, 0.08181231798051036, 0.0808919856852667, 0.07067585061945858, 0.0801376141045399, 0.07505158651661874, 0.07387829897695085, 0.08333333333333334], [0.07337513392228068, 0.07446600066141308, 0.0814522282808937, 0.0814841729369991, 0.07113337358164333, 0.07234244883395428, 0.08194460650964693, 0.08100149240702897, 0.0706610782208967, 0.08019004625267305, 0.0751277698596821, 0.07387360193083312, 0.08294804660205483], [0.07329964324737667, 0.07443099607893654, 0.08150239008654082, 0.0814086576814133, 0.07109425720021756, 0.07229820192104361, 0.08196304522296814, 0.08102086086046717, 0.07065517310561234, 0.08023116954410339, 0.0751108477991402, 0.07389370395595407, 0.08309105329622625], [0.07330974552253829, 0.07448706814997587, 0.08115236696948211, 0.08120297501580274, 0.07105171992370787, 0.07229130557340104, 0.08217378734106658, 0.08121012304416127, 0.07059886348956668, 0.08037643242338138, 0.07518069931715823, 0.0739103625119223, 0.08305455071783559], [0.07324034491253795, 0.07438704619139991, 0.08175520549674754, 0.08139439761242794, 0.07112412052461906, 0.07229337004873282, 0.08180166905656974, 0.08090154878300737, 0.07073702582561743, 0.08017683096204753, 0.07507651062549439, 0.07394462445832677, 0.08316730550247164], [0.07338740444525073, 0.0743879182693384, 0.08197121306968445, 0.08181038336048087, 0.07120640002995303, 0.07236431920710168, 0.0815987344219142, 0.08069009994759709, 0.0707368689481867, 0.0799307467340616, 0.07501923802002906, 0.07382468835417078, 0.08307198519223148], [0.07344005964834184, 0.07443279787415623, 0.0816979501373542, 0.08177905008909872, 0.0711910972357793, 0.07237671238246515, 0.0817046816767315, 0.080780493476552, 0.0706834138381721, 0.07997844100780693, 0.07505768034466942, 0.07379827862600787, 0.08307934366286472], [0.073464434008902, 0.07452750264646307, 0.08110926012592103, 0.08143773054478949, 0.0711298255729912, 0.07237237910126655, 0.08198245971594639, 0.08105318573547082, 0.07059886955737349, 0.08019043541673403, 0.07517228662261785, 0.07382677008098705, 0.08313486087053702], [0.07358595995827907, 0.07454030039126823, 0.08135642196940039, 0.0817153671607977, 0.0712590536012877, 0.07246913741845348, 0.08174092329300486, 0.08083340058776431, 0.0706957444368588, 0.07999002007544996, 0.07514334327718461, 0.07380350564186663, 0.08286682218838408], [0.07332260628893886, 0.07437526961017914, 0.08202517718425514, 0.0816589985035959, 0.07120048614094292, 0.07234689183103239, 0.08160217794980888, 0.08071040541591375, 0.07077872127673933, 0.07998649690248757, 0.07502841578032529, 0.07388907498259435, 0.0830752781331865], [0.07345552993371735, 0.07437669884480115, 0.08195765941945789, 0.0820194675965397, 0.07121734682350504, 0.07237871710079907, 0.08148827915264945, 0.0805797255066268, 0.0706924964087675, 0.07979507882782323, 0.0749762137472475, 0.07372945330473199, 0.08333333333333333], [0.07357580499788999, 0.07445452267225985, 0.08174624288396987, 0.0820522914767397, 0.07128591787520702, 0.07245895438896513, 0.08149604431420883, 0.08059446969500851, 0.07071850519821381, 0.07978332689083854, 0.07503327686972482, 0.07373323451233732, 0.08306740822463664], [0.07280761905794553, 0.07452680161690566, 0.08084834597421975, 0.08028232412340516, 0.07073869532805142, 0.07204380448172346, 0.08268100164673411, 0.08205123021420899, 0.07055749255127089, 0.0813952341582678, 0.0754348457583261, 0.07434314198206149, 0.08228946310687955], [0.07284668831582732, 0.07449868028537988, 0.0806127386153877, 0.08052422456160155, 0.07069257775242323, 0.07201588530800505, 0.08291505758899508, 0.08206053316370834, 0.070445676639267, 0.08127457694884195, 0.07537874037085635, 0.07420627662482598, 0.08252834382488061], [0.0729853765760103, 0.07452198684814168, 0.08016193584534272, 0.0809481042796903, 0.07070359889043079, 0.07205106091866549, 0.08303164097854154, 0.08199421888370796, 0.07035119619111452, 0.08108785952876424, 0.07535072633829192, 0.07405132568926719, 0.08276096903203149], [0.0731898633903699, 0.07468762014378878, 0.07966191703489252, 0.08135824872713718, 0.07079849307072086, 0.07218470204089822, 0.08273536774359252, 0.08201471286881594, 0.07036767228738651, 0.0810476754394263, 0.0754868560236524, 0.0740604941854951, 0.08240637704382366], [0.07317417781661899, 0.07498814545642297, 0.07866013041174441, 0.08111384379284776, 0.0707556057148436, 0.07224271214791436, 0.083035720081829, 0.08243434235636343, 0.07038629970662656, 0.08154809620676791, 0.07588751056609151, 0.07437432157149491, 0.08139909417043469], [0.07287984844832943, 0.07502200655829303, 0.07873605593287747, 0.08035722505663545, 0.07063396828178338, 0.07213545964004149, 0.08280237072738844, 0.08295017066313921, 0.07045231920763495, 0.0822817240760763, 0.07605952010849781, 0.07470245583469882, 0.08098687546460416], [0.07264787090001093, 0.07487430563852737, 0.079327471507753, 0.07992209595794013, 0.07056391300530067, 0.07201715324292163, 0.08277891099383722, 0.0829620965050848, 0.0705076780619781, 0.08260509498838112, 0.07596324342996401, 0.07479961475085714, 0.08103055101744375], [0.07258090131108227, 0.07468374390688344, 0.08005795549732929, 0.07987352868097189, 0.0705602321630777, 0.07195087389804314, 0.08311320473760012, 0.08261621250441632, 0.0705147758293035, 0.08224939050809801, 0.0757360856194636, 0.07467039099428247, 0.08139270434944813], [0.07271307312326443, 0.07454616377734491, 0.0806334431643834, 0.08018270766238765, 0.07064818662191773, 0.07198284056451364, 0.0829440472774839, 0.08225703511242065, 0.07050366748034448, 0.08163406448934839, 0.07549770693754736, 0.07440741889544464, 0.08204964489359895], [0.07279920382427021, 0.07452470144641485, 0.08048403877934729, 0.08047154553716412, 0.07064785650562147, 0.07199020122379594, 0.08295388045203556, 0.08222232543432588, 0.07042406951997608, 0.08143494128083757, 0.07543219195001091, 0.07425882545341288, 0.08235621859278727], [0.07285393810257039, 0.07452590605556036, 0.08006720817382161, 0.0807844553479682, 0.07058997109337885, 0.07196655372403638, 0.08333333333333336, 0.08226207793791268, 0.07028858496577954, 0.08134722969622776, 0.0754071833134799, 0.0741219523206295, 0.08245160593530167], [0.07295144570452937, 0.07458175838840764, 0.0798700776729963, 0.08096316547088807, 0.0706438358202702, 0.07202851608323407, 0.08313717442750944, 0.08223763073016614, 0.07030344784841523, 0.08128721406608252, 0.07544207718015622, 0.07410760272882677, 0.08244605387851812], [0.07296791153233456, 0.07469061410306249, 0.07956722539884328, 0.0809519974210826, 0.07064776392602115, 0.07206397643851144, 0.08290832476758155, 0.08247714342045927, 0.07032286827945057, 0.08149140835829984, 0.07558013535873226, 0.07421601759733475, 0.08211461339828616], [0.07271782964551006, 0.07462305628993819, 0.08001649962842605, 0.08036350446697217, 0.07055814334862515, 0.07195394319191181, 0.08297750856567045, 0.08267121303525876, 0.07037953874860137, 0.08184951387134372, 0.07559527939795216, 0.07439798959516077, 0.08189598021462934], [0.07266449079669823, 0.0747229108980596, 0.07957583333521094, 0.08022934553498068, 0.07050142302621928, 0.07194146341650644, 0.08301122037745334, 0.083045098328