[[0.07321332347444777, 0.07485719597813463, 0.07320744492237367, 0.08081912822100816, 0.07170366304267518, 0.0813880298644591, 0.08075319244620954, 0.07567001843983967, 0.08273002809921916, 0.07433780826144205, 0.07496097779457596, 0.08188053758597794, 0.07447865186963727], [0.07323674057450046, 0.07481183353678444, 0.07326517570930748, 0.08109960451297618, 0.07170388783585006, 0.08129719615856881, 0.08054742196896766, 0.07558811019413202, 0.08296687754342753, 0.0742703550546289, 0.07486503773817663, 0.08194094935169464, 0.07440680982098526], [0.0733053479095791, 0.0747923358297049, 0.07337282471953539, 0.08145590270559219, 0.07175573210335259, 0.08115668438093734, 0.08030791777523524, 0.07552254975628217, 0.08301530347794533, 0.07422979187550237, 0.07478889363830926, 0.0819362602481881, 0.07436045557983614], [0.07336812849584823, 0.07478567937550758, 0.07347025120084562, 0.08177453256360426, 0.07178962640751987, 0.081065856622413, 0.08013490319957613, 0.07547811221946628, 0.08295805126880296, 0.07419685351385374, 0.07472463338526947, 0.08193036634109255, 0.07432300540620042], [0.07345603880538276, 0.07478873303375878, 0.0735963799421879, 0.0821473514748405, 0.0718550805129344, 0.080918860081482, 0.07992338057590853, 0.07543609370557927, 0.08289922433968573, 0.07417561633341616, 0.07466702997557624, 0.08184004673726337, 0.07429616448198419], [0.07349502554715143, 0.07477679036785836, 0.07366608047554513, 0.08239972684287139, 0.07185334614725562, 0.08085391113403274, 0.07979608894483695, 0.07539486151464725, 0.08294137894851451, 0.07413306051145782, 0.07459825135963237, 0.08184104925610972, 0.07425042895008685], [0.0734987705721914, 0.07472301484681684, 0.07372174299334952, 0.08270881529775172, 0.0717520412012455, 0.08081574440166744, 0.0796350274661335, 0.07530308115771527, 0.08333333333333333, 0.07401032237260634, 0.07443684474679911, 0.08193674167987715, 0.07412451993051283], [0.07361090197865588, 0.07475924686642638, 0.07388385175456405, 0.08304711158413895, 0.07178260693038142, 0.08074864295751487, 0.07948410880048955, 0.07529277095598756, 0.08294021110323165, 0.0739880705650328, 0.07437040804880832, 0.08199456527512027, 0.0740975031796481], [0.07367606814852765, 0.07478272264504117, 0.07399549222817714, 0.08333333333333331, 0.07173298917356945, 0.08077381621259784, 0.07941311907221697, 0.07528338729325372, 0.08254912017122491, 0.07393753065567789, 0.07428297563454997, 0.08219479785864374, 0.07404464757318602], [0.07391273134476874, 0.07493566356952705, 0.07429375478292942, 0.08286756550868458, 0.07184370272227933, 0.08074907870888565, 0.07933648845602034, 0.07537831431205715, 0.08199770332055953, 0.07400256335589059, 0.07428891250290945, 0.08228933631887302, 0.07410418509661519], [0.07406427640916306, 0.07502782835675122, 0.07450873344974068, 0.08333333333333333, 0.07183457187026224, 0.08068592358172233, 0.07923487815373485, 0.07541719216949275, 0.08140005622184261, 0.07398761995384713, 0.07421813884075043, 0.08220203144901911, 0.07408541621034022], [0.07431114199574884, 0.07520455521121955, 0.07480544673485728, 0.08310768242087212, 0.07200209528122144, 0.08052413013318237, 0.07910524197558004, 0.07551825758668615, 0.08097679483861304, 0.0740861843360785, 0.07426398716244464, 0.08191660909758461, 0.07417787322591175], [0.07445244328715668, 0.07534777871421329, 0.07498154288102157, 0.08309845996612683, 0.07200775626920179, 0.08052551791884824, 0.0791127852161964, 0.07562249751227183, 0.08049525539367001, 0.07413004857658456, 0.0742717524444995, 0.08173340090451729, 0.07422076091569174], [0.07455518137895449, 0.07546110745447833, 0.07510385666213401, 0.08310358578710123, 0.07201340700516515, 0.08051705318744225, 0.07912718718940226, 0.0757123978441209, 0.08013383567173368, 0.07417296570017341, 0.07429064559417334, 0.0815453341111821, 0.07426344241393888], [0.07461378246108932, 0.07557467089453274, 0.07516654658343178, 0.08315353276932054, 0.07195360318517663, 0.08059397779356017, 0.07922491802463132, 0.07582544283840682, 0.07969602024158494, 0.07420889283391661, 0.07431200312342658, 0.08137464976270727, 0.07430195948821522], [0.07458667594746927, 0.07562830703619408, 0.0751206421692578, 0.08306739787018955, 0.07184931133511153, 0.08077811763548041, 0.07942485161062826, 0.07590910740571019, 0.07938339003853702, 0.0742203647334658, 0.07432915639596326, 0.08138450145411252, 0.07431817636788027], [0.07459005800882805, 0.07573683983696221, 0.07509072608238489, 0.08277497175082886, 0.07177152263613701, 0.08098238281007854, 0.07969705201512528, 0.07605862947069203, 0.07894141607532369, 0.07428387941219178, 0.07439971655501942, 0.08128530985567198, 0.0743874954907563], [0.07439854010383883, 0.075717799198054, 0.0748302466493955, 0.08333333333333333, 0.07152194737046147, 0.08127523368572043, 0.08005011777857944, 0.07613985968200636, 0.07850965818856244, 0.07425438139015984, 0.07441050223484906, 0.08118923229189963, 0.07436914809313971], [0.07319295552372664, 0.07490105823943008, 0.07313342496830667, 0.08043828603761455, 0.07178266620149656, 0.08137764545180502, 0.0808732128825791, 0.07575704332054434, 0.08280297759681496, 0.07445119226744186, 0.07511602365470196, 0.081577701010292, 0.07459581284524626], [0.07324772579823162, 0.07486617615391784, 0.07323315939866155, 0.08080052683840405, 0.07180466694294738, 0.08121227925778432, 0.08064146141230649, 0.07567195263062668, 0.08288953465189217, 0.07438475862373542, 0.07501085476129177, 0.08171332903725342, 0.07452357449294736], [0.07325754410781736, 0.07482770556136398, 0.07326801250476075, 0.0810173325457373, 0.0717950597588419, 0.08114600004429505, 0.08049616887898912, 0.07560760179917421, 0.08310588953680065, 0.0743287793892967, 0.07493428459227264, 0.08175108988818462, 0.07446453139246573], [0.07332686161747978, 0.07479622817562685, 0.07339534497046385, 0.08151075788861765, 0.07179751329655926, 0.08108408300286762, 0.08025157235920578, 0.07551926187239344, 0.08303528627104856, 0.07424379101802148, 0.07479981245128109, 0.08186632937717027, 0.07437315769926452], [0.0732556655404146, 0.0748113803405502, 0.0732800456023799, 0.08111024349862844, 0.07176459180667132, 0.08117190232586569, 0.08046555658086525, 0.07558158489958496, 0.08312962595271374, 0.07429327955723249, 0.0748885472323576, 0.08181933763272065, 0.07442823903001518], [0.07339619940194143, 0.07478245843542604, 0.07350512949595668, 0.08188805690499174, 0.071836011997713, 0.08095917424044452, 0.08003767300922424, 0.07546071178760416, 0.08305924103032503, 0.07420093821291275, 0.07472021792951193, 0.08182929113927415, 0.07432489641467453], [0.07346793849654468, 0.07478932777297889, 0.0736013188626068, 0.08214496792275015, 0.07190685014886782, 0.08082086940716267, 0.07987146765287476, 0.07543450637060307, 0.08303473712385614, 0.07419891414175987, 0.07469298574671218, 0.08171763580995735, 0.07431848054332578], [0.07350837636918724, 0.07477502460618926, 0.07368490112868582, 0.08246246108056848, 0.07186742908052904, 0.08081308669207732, 0.07975349534484474, 0.07538555209980122, 0.08297353165155485, 0.07412993917767208, 0.07458954805028428, 0.08181036316389428, 0.07424629155471127], [0.07355002070273332, 0.0747400553426007, 0.0737660129229662, 0.08282198851529776, 0.07187222535560718, 0.08063900663930383, 0.07953191575176302, 0.07530906872911752, 0.08333333333333334, 0.0740643527093515, 0.07448933262016777, 0.08170684422376402, 0.07417584315399389], [0.07366750397189743, 0.07478091307700631, 0.07393751250723204, 0.08312646694891077, 0.07189441325784941, 0.08060146606179307, 0.07939470682098776, 0.07530194860503145, 0.08289454692721214, 0.07403839614917515, 0.07441652223499881, 0.08180044466818419, 0.07414515876972153], [0.07370807439842082, 0.07479049015725978, 0.07401500755114529, 0.08333333333333331, 0.07184241841990785, 0.08063081676818659, 0.07934019630005386, 0.07528686018955495, 0.0826677709576611, 0.07398900698589607, 0.07433901076142702, 0.08196286881835899, 0.07409414535879423], [0.07382548038560903, 0.07486366957066747, 0.07416897978728168, 0.08309130645850958, 0.07188023822459381, 0.08064426028632643, 0.07930251555121048, 0.07532864747445593, 0.0823720259866856, 0.07400820047527092, 0.07432521933002223, 0.0820788941140302, 0.07411056235533643], [0.07394882000732914, 0.07493753735178156, 0.07433044839574392, 0.08299516530731271, 0.07192445075753226, 0.08061924904683371, 0.07924609161701492, 0.07536821810853936, 0.0820494785864897, 0.07402798285491888, 0.07431002422233554, 0.08211534168381593, 0.07412719206035241], [0.07401327859249408, 0.07497105148090155, 0.07441899012154143, 0.08311828615915387, 0.07193923700177567, 0.08058190564754208, 0.07919559016585505, 0.07538035180742833, 0.08184761785228639, 0.07402798622239694, 0.07428851782035653, 0.08209193399088381, 0.07412525313738441], [0.0741053203055465, 0.07502061161301303, 0.07454381018994212, 0.08333333333333334, 0.07196643753784314, 0.08051150209056515, 0.07911669965288291, 0.07539758490712017, 0.08157386857657414, 0.07403135881676223, 0.07426214068491886, 0.08201153831723054, 0.07412579397426791], [0.07422113538125918, 0.07511985074947504, 0.07468704273565692, 0.08308248197580517, 0.0720071095706634, 0.08051694665238077, 0.07910999383318672, 0.0754637692464852, 0.08129753515300801, 0.0740714460558768, 0.07427557819022432, 0.08198298960967829, 0.07416412084630022], [0.07451408008012418, 0.07532111481515438, 0.07504544634582129, 0.08304709434319207, 0.07219721098582407, 0.0802854847684813, 0.07892151826244591, 0.07556773869769004, 0.08075018141652036, 0.07417302230631109, 0.07431005772412788, 0.0816091704287874, 0.07425787982552001], [0.07461771503970814, 0.07543247670553192, 0.07517795877345254, 0.08304461822654452, 0.07218072599078747, 0.08030132651647759, 0.07893820457282467, 0.07564959554968795, 0.08037349706575696, 0.07419906280958681, 0.0743078140367634, 0.08149339320092579, 0.07428361151195219], [0.07428010277321913, 0.07520030455958289, 0.07477058084441661, 0.08310371514461756, 0.07194426075801286, 0.08060384709572227, 0.07916659133475583, 0.0755263433417583, 0.08093606876412938, 0.07406976922987586, 0.07425233831432744, 0.08198272737553342, 0.0741633504640483], [0.0747200051471339, 0.07552837012086508, 0.07530394703538011, 0.08309998683323809, 0.07220104479848902, 0.08025429073416467, 0.07891267637164495, 0.07571538595543123, 0.08007310871542118, 0.07423284688614339, 0.07431615518172462, 0.08132602703863924, 0.07431615518172462], [0.07480987069785114, 0.07564799683042132, 0.07541543384306298, 0.08333333333333333, 0.0721534094176502, 0.08025779405709715, 0.07896652435312854, 0.07581209166747498, 0.07961059922126229, 0.07425712219624439, 0.07431324066227006, 0.08108135434748659, 0.074341229372717], [0.07482458900705345, 0.07571457020024608, 0.0754199222485348, 0.08301362210018846, 0.07211069521015306, 0.08039492707723275, 0.07911587873645888, 0.07589430120291274, 0.07941415541938006, 0.07429013723332159, 0.07434723659453711, 0.08108283027853228, 0.07437713469144888], [0.0747707570243748, 0.07575672704656428, 0.07534987417747002, 0.08333333333333333, 0.07194387683537339, 0.0805583195791038, 0.07931412248613413, 0.07596541767199125, 0.07901213100875304, 0.07426699744756979, 0.07432607239637391, 0.08104286607054152, 0.0743595049224166], [0.07485462867099281, 0.07590196178823194, 0.07542156922270102, 0.0830552365816382, 0.07193800433935557, 0.08061631516719635, 0.079477732321375, 0.07611523473193123, 0.07857232995404954, 0.0743499315780186, 0.07439619769809916, 0.08085603011432962, 0.07444482783208091], [0.0746778824568992, 0.07586613933129967, 0.07517949345405409, 0.08305881162092586, 0.07175389266036031, 0.08091751068950075, 0.07977963435961051, 0.07617412004589415, 0.07843401627923802, 0.07433505661042619, 0.07442636988821599, 0.08095755559996183, 0.07443951700361336], [0.07321940968525291, 0.07489944419995842, 0.07315363556566346, 0.08042840714111751, 0.07187135939550815, 0.0811998965254208, 0.08073793342320008, 0.0757527258466652, 0.08304082252651583, 0.07448471505317909, 0.07515090942995596, 0.08143358889808977, 0.07462715230947298], [0.07330225116058067, 0.07484766543848112, 0.07330387525697821, 0.08103636647623327, 0.07190373002512608, 0.0809814973902614, 0.08039665411556046, 0.0756201785563528, 0.08313482847568097, 0.07438442079066192, 0.0749915735112825, 0.08157884355626571, 0.07451811524653497], [0.07328915164297514, 0.07488114782538195, 0.0732666707744209, 0.0808184658483963, 0.07190990865927999, 0.08105600100495516, 0.08053021753468206, 0.07567872582778863, 0.08295014498630238, 0.07443538337936748, 0.07506282633119979, 0.08154930328306773, 0.07457205290218226], [0.07327915793367118, 0.07480012786362242, 0.0733074949055577, 0.08121947343729875, 0.07182271880509668, 0.08102651340629803, 0.08033708090590087, 0.0755557970331495, 0.08333333333333334, 0.07429906283283882, 0.07488786777015236, 0.08169984179358676, 0.07443152997949366], [0.07337155579347514, 0.07483491249196139, 0.07341045938594128, 0.08138481944295066, 0.07195265876434075, 0.08087693114010719, 0.08018972687367763, 0.07556393670044867, 0.08308764258091504, 0.07434837167966225, 0.07492067808995109, 0.08158167023769154, 0.07447663681887738], [0.07339562953776739, 0.07478612340197319, 0.07348008299438172, 0.08175992555304665, 0.07191656207302928, 0.08081284612404714, 0.07999873224734676, 0.07547352822811523, 0.08333333333333331, 0.07425433381448518, 0.07478940796220676, 0.08162137709256889, 0.07437811763769836], [0.07336759978386125, 0.07481755063731035, 0.07342502036301277, 0.0815077507867225, 0.07190239267114827, 0.08093358885432372, 0.08017475241072503, 0.07553603749600175, 0.08305923275250815, 0.07430134234823949, 0.07486081815975855, 0.0816849114889372, 0.07442900224745112], [0.07349445427757192, 0.0748040375585862, 0.07361499182818938, 0.08208576504359362, 0.07199326515466478, 0.08069758845803154, 0.07981642484080666, 0.07544819033636521, 0.08312687465568384, 0.0742479249754886, 0.07474731082120896, 0.08155686687363506, 0.07436630517617426], [0.07351575245317624, 0.07478257722981235, 0.0736592359265288, 0.08227421807049383, 0.07199109819225344, 0.08062039786637977, 0.07969748124878372, 0.07540329366929237, 0.08333333333333333, 0.07420727378912903, 0.0746866761896926, 0.08150571615674065, 0.07432294587438387], [0.07355854736828964, 0.07479054812706214, 0.0737245852062094, 0.08245895573715233, 0.07199910452396606, 0.08060514027739633, 0.07963240446740201, 0.07539054058931059, 0.08315146623877544, 0.07418979012819316, 0.07464957496703133, 0.08154604731052763, 0.07430329505868408], [0.07360040989286507, 0.07477287478497838, 0.07379858284351153, 0.0827091883985353, 0.07200596862355917, 0.08049561786431216, 0.07947522867125623, 0.07533994546232207, 0.08333333333333336, 0.07414409994402169, 0.07457539622533042, 0.08149552464826451, 0.0742538293077104], [0.0736790430633697, 0.07478484537308301, 0.0739290027584719, 0.08313228993114448, 0.07198686248257223, 0.08047605387076988, 0.07935039523203231, 0.07530949938521937, 0.0830092420609428, 0.07408956378790446, 0.074478415125018, 0.08157943394281124, 0.07419535298666059], [0.0737139456479931, 0.07479060249035334, 0.07398818530192987, 0.08333333333333333, 0.07197290374132176, 0.08046615796310384, 0.07929410844967955, 0.07529606122800124, 0.08283492656533069, 0.07406275389580226, 0.07443202709262171, 0.08164814288049121, 0.07416685141003797], [0.07375279896797211, 0.07481531438474805, 0.07404033307205564, 0.0832050163233278, 0.07198097186772659, 0.08048826496223543, 0.07928683063993494, 0.07531043798097653, 0.08274235803629489, 0.0740670230982285, 0.07442495123779948, 0.0817154187357468, 0.07417028069295334], [0.07385892596771722, 0.07487050824633125, 0.07418429402374392, 0.0831402628015658, 0.07201401248644361, 0.08047510999063537, 0.07921354857084374, 0.07533227903517187, 0.0824674531868536, 0.07407193093087128, 0.07439636580982681, 0.08180328033338231, 0.07417202861661312], [0.07392518346258495, 0.0748975656783658, 0.07428762935698631, 0.08333333333333331, 0.0719960577555134, 0.08046318277594353, 0.07915507793873654, 0.07533094837064636, 0.08221133417548633, 0.07404419084168971, 0.07433846507656765, 0.08187500406919271, 0.0741420271649532], [0.07404065578074474, 0.07497211788556131, 0.07443154368942413, 0.08307153629402679, 0.07205650407581556, 0.0804472578781098, 0.07912018528989748, 0.07537817522397873, 0.08198578273086751, 0.07408017805484081, 0.07434717013601416, 0.08189354679496448, 0.07417534616575436], [0.07423835631352835, 0.075088539065134, 0.0746833416028238, 0.08309762264774782, 0.07216520946727276, 0.08031906057488812, 0.07898558650818453, 0.07543221166319404, 0.0815474576440451, 0.07412562537460789, 0.07434065555537393, 0.08176130102143626, 0.07421503256176347], [0.07438761299853483, 0.0751833053814091, 0.07487909083225115, 0.08333333333333334, 0.07223093802681149, 0.08019361587329982, 0.0788625850904029, 0.07546542682647647, 0.08117086902211278, 0.0741467029596757, 0.07431842034790243, 0.08159651470447198, 0.0742315846033181], [0.07455450383327918, 0.0753372282474434, 0.07508657732115752, 0.08291885424801029, 0.07226935179948674, 0.0802224039233667, 0.07887727970453429, 0.07557410478589975, 0.08077902343379073, 0.0742047439027354, 0.07433829223899838, 0.08154979996022567, 0.07428783660107208], [0.07440741988804948, 0.07523644351801873, 0.07490783237930065, 0.08296579237596607, 0.0721696459554256, 0.08033858105912034, 0.0789702487739322, 0.07552114467568766, 0.08104339048045699, 0.07415085581896662, 0.0743171457871379, 0.08173363161486309, 0.07423786767307454], [0.07428484962674556, 0.07513105901480278, 0.07475016299088684, 0.08309320644962342, 0.07214731448831542, 0.0803407685266352, 0.07898643294958514, 0.07545549369412624, 0.08137404216238689, 0.07412182232729429, 0.07432031954861382, 0.08178383217404593, 0.07421069604693853], [0.07408722608971328, 0.0749933398977862, 0.07450769537313114, 0.08333333333333333, 0.0720269550946026, 0.08043488752625277, 0.07907855669326078, 0.07537830512170385, 0.081752021588377, 0.07405315589741868, 0.0742965573240149, 0.08191104915268732, 0.07414691690771817], [0.07438039246491777, 0.07520926428368839, 0.07487443060813652, 0.08305408549094218, 0.07216626914095162, 0.08032515466375795, 0.07896099760365934, 0.07550049258100448, 0.08111336559394881, 0.0741407585239147, 0.07431307694892643, 0.08173379809425642, 0.07422791400189527], [0.07427985727070957, 0.07516918533280476, 0.07476022546615388, 0.08301971689229395, 0.0720269817640555, 0.08050718717229682, 0.07909842723363564, 0.07549525056585152, 0.08114983596209935, 0.07408999090047916, 0.07427995401041798, 0.08194170504875671, 0.07418168238044517], [0.07462384858165945, 0.07540431571751484, 0.0751787382288118, 0.08298432103574267, 0.07225917396546046, 0.08021646840452795, 0.07886952402009183, 0.07561721913837352, 0.08053356106474548, 0.07421429866103259, 0.07432697911585817, 0.08147482000636903, 0.07429673205981215], [0.07472044862556729, 0.07549468042876381, 0.07529829953310281, 0.08294914893905225, 0.07227830123386664, 0.0801915377333734, 0.07885607090342474, 0.07567981892360097, 0.08026621486908984, 0.07424651210227527, 0.07433576114760093, 0.08135536481034787, 0.07432784074993433], [0.07482443996738007, 0.07560107374363664, 0.07542556017450645, 0.08295886126396879, 0.0722872246305642, 0.080164338485794, 0.0788500211632669, 0.07575821742194201, 0.07994153190366468, 0.07428334146142918, 0.07434713866688648, 0.08119429217735463, 0.07436395893960594], [0.07489086186791316, 0.07567246325329154, 0.07550864075565983, 0.08309551338182256, 0.0722792451500042, 0.08012673338791007, 0.07885805843169162, 0.07580942366074091, 0.07968520473342434, 0.07430087525733205, 0.07434581363420177, 0.08104603601907288, 0.07438113046693495], [0.07492304817713724, 0.0757636147341144, 0.07554224796263027, 0.08304851373424599, 0.07219870391746826, 0.08025996379576875, 0.07901991549073215, 0.07590423016492111, 0.07932774908995704, 0.07432007735293336, 0.07435451249127138, 0.08093411681500837, 0.07440330627381171], [0.07496139326562029, 0.07586903330293134, 0.07557780500824136, 0.08307036996067427, 0.07211641831031602, 0.08035519643062272, 0.07918017935089336, 0.07601307922704922, 0.07888405971399245, 0.07434646790526576, 0.07436773992873236, 0.08082545937823882, 0.07443279821742196], [0.07497592882038724, 0.07594517558960565, 0.07557729281149389, 0.08296831868850978, 0.07206428944482973, 0.08044100051435865, 0.07932228844590825, 0.07610513237665212, 0.07859783496571392, 0.07438105803225506, 0.07440059246999198, 0.08075060677513622, 0.07447048106515759], [0.07489564193561872, 0.0759788691843359, 0.07546071487658239, 0.08333333333333333, 0.07190322387143158, 0.08057843665449446, 0.07953382419021425, 0.07618634743630903, 0.0782292864855008, 0.07437252992954194, 0.07440417147395165, 0.08065511124918309, 0.07446850937950286], [0.07465689085567805, 0.0759116831545468, 0.07513604432658708, 0.08333333333333334, 0.0716818285764946, 0.0809500100981132, 0.07990382205849683, 0.07624440707109259, 0.07813075475372774, 0.07435091873238435, 0.07444490979088064, 0.08079652242851385, 0.07445887482015098], [0.07415343732014372, 0.07502769688447856, 0.07457028745196068, 0.08312902208810599, 0.07214607382484528, 0.08033527764420019, 0.07901923570554632, 0.0754020211278247, 0.08177017690854606, 0.07411512348014451, 0.07435503347903567, 0.0817701531033484, 0.07420646098181993], [0.07404457384217097, 0.07496395347717277, 0.07441966705025434, 0.08313243692167901, 0.07213412169646365, 0.08034656381830138, 0.07906803406968886, 0.0753717770532736, 0.0820720274863449, 0.07411470754728963, 0.07439026241025089, 0.08173312450672815, 0.07420875012038193], [0.0739169467584808, 0.07488827924330774, 0.07425069364656954, 0.08333333333333334, 0.07209291737799293, 0.08035130480576765, 0.079116110934155, 0.07533171113515673, 0.08235637898156323, 0.07409731771746536, 0.07440949503514481, 0.0816609404628634, 0.0741945705681996], [0.07388797626415747, 0.07487952544182228, 0.07420069322312273, 0.08314619325585798, 0.07211338468800647, 0.08034789974044985, 0.07915157409590581, 0.07533788164199098, 0.08254426195174154, 0.07412021388661275, 0.07444865157782442, 0.08160317933961524, 0.07421856489289251], [0.07379410396575826, 0.07483213057940159, 0.07407091600827445, 0.08313709572515196, 0.07209048340244224, 0.08034868131388409, 0.07921349223074421, 0.07532100129886818, 0.08286058058444995, 0.07412108857144638, 0.07448052754360408, 0.08150763543274311, 0.07422226334323147], [0.07367772496055826, 0.07479098996369714, 0.07389895760346483, 0.08283789735519065, 0.07207661517851037, 0.0803691753702381, 0.07933572056609717, 0.07532732213530761, 0.08333333333333334, 0.07415051752232842, 0.07455713052312071, 0.0813883810427966, 0.07425623444535692], [0.07367005113245877, 0.07481652752321291, 0.07386373407037632, 0.08264269141661905, 0.07212142263808892, 0.08039806721558566, 0.07942074402254908, 0.07537377207048424, 0.08315855192041696, 0.07421083043969563, 0.07463829296504852, 0.08136691355590184, 0.07431840102956215], [0.0742887154426991, 0.07523689722170915, 0.07478071876798988, 0.08300067890328425, 0.07190152133132739, 0.0806918404655155, 0.07923953022230078, 0.07556816851230101, 0.08078679355479673, 0.07407564609537734, 0.07425585676126237, 0.08200271566815547, 0.07417091705328105], [0.07455282562857529, 0.07542090835484065, 0.07510922995294664, 0.08333333333333333, 0.07204801428087922, 0.08041622637545272, 0.07903038340908199, 0.07565756921234404, 0.08023983435316873, 0.07415222173164635, 0.07426631624414065, 0.0815327649393734, 0.07424037218421696], [0.07473740767904095, 0.07559377767976781, 0.07532335546474232, 0.08316139808402044, 0.07212801114025846, 0.08033158003070431, 0.07899810147771186, 0.07578620144433856, 0.07980580988154862, 0.07424211210539519, 0.0743188872964114, 0.08124530767358056, 0.07432805004247951], [0.07360408574319939, 0.07479872007846997, 0.0737724693482948, 0.08246243087058504, 0.07208384990348962, 0.08045415919560879, 0.0795167944166459, 0.07538296228898492, 0.08333333333333333, 0.07421641498073547, 0.07466788462323577, 0.08137978045914264, 0.07432711475827425], [0.07358577212612773, 0.07482270250374708, 0.07372716207879688, 0.08226330859900378, 0.07210413104710794, 0.08051214531253822, 0.07962763147804387, 0.07543131676576448, 0.08315540257452818, 0.0742684365391368, 0.07474219044224899, 0.08137809212970178, 0.07438170840325416], [0.07354495572076288, 0.07483902695226118, 0.07365325811933146, 0.08200664686262418, 0.07210432260966865, 0.08058282339514553, 0.0797661897534247, 0.0754798692794442, 0.08304819959826225, 0.07431654369794503, 0.07481906843469945, 0.08140568981234968, 0.07443340576408086], [0.07346582075510454, 0.07482244299329355, 0.07353983499149398, 0.0817241230441463, 0.07206526068920723, 0.08062081706610659, 0.07988430647625576, 0.07549859830584907, 0.08333333333333334, 0.07433281586054971, 0.07486705127108977, 0.08139187084363385, 0.07445372436993641], [0.0734502256128425, 0.07486083601662519, 0.0734932533328455, 0.08147529770635865, 0.07208478190667032, 0.08069096206775614, 0.08003231326991973, 0.07556695198336721, 0.08306242836859748, 0.0743990533268351, 0.07495932584207766, 0.08140123256844686, 0.07452333799765738], [0.07343884817560412, 0.07487750936739113, 0.07346839625855742, 0.08136120397154824, 0.07208248930247975, 0.08073873370556268, 0.08011285774344577, 0.0755985167286095, 0.08292988158813318, 0.07442477530796984, 0.07499710701503279, 0.08141879955250443, 0.07455088128316112], [0.0733935891177579, 0.07487948590270146, 0.07340200413391541, 0.08117263098165686, 0.07204869890643067, 0.08079631629909063, 0.08022563700082119, 0.07562557096680045, 0.08298908305177406, 0.07444024360488728, 0.07503293797541523, 0.081424301884387, 0.074569500174362], [0.07336173036281497, 0.07489417165058553, 0.07334774146881325, 0.08097374066502995, 0.07203231684382042, 0.08084854103745084, 0.0803435323249492, 0.07566518739602249, 0.08296392003077026, 0.07447057582531852, 0.07508365265299911, 0.08141200729824216, 0.0746028824431833], [0.07331434210089437, 0.07490915026543607, 0.0732637845102804, 0.08066689450378874, 0.07202861844208588, 0.08091790477702344, 0.0804735019820926, 0.07572541691685655, 0.08305461758731032, 0.07452088929870312, 0.07516549035743099, 0.0813022262026525, 0.07465716305544493], [0.07323603217703634, 0.07490202535198494, 0.07315132393756253, 0.08035900169510964, 0.07197488224148241, 0.08100318861313481, 0.08063547101463345, 0.07576530049713694, 0.08333333333333333, 0.07453913218337715, 0.07521590514661422, 0.08120426719388818, 0.074680136614706], [0.07327458662061802, 0.07489493869596915, 0.07322522282710422, 0.0806285126904975, 0.07195098532278618, 0.08102823854103818, 0.08055932365709416, 0.07571851070189842, 0.08307728319826002, 0.07448719923578694, 0.07513526215856647, 0.08139447234068277, 0.07462546400969794], [0.07454865939018274, 0.07536685054411141, 0.07509421242305848, 0.08310841036416021, 0.07216301777895935, 0.08031400392582079, 0.07894243662703485, 0.0756021741342848, 0.08055771623588122, 0.07417219919458189, 0.07429660762317324, 0.08157624408957312, 0.07425746766917794], [0.07439081128868633, 0.0752625928419624, 0.07491066073083845, 0.08333333333333333, 0.07202198510582208, 0.08045216155851637, 0.07904322304112352, 0.07554368290505722, 0.08073795037938063, 0.07409555854751625, 0.07424909933429817, 0.08177371216766556, 0.07418522876579967], [0.07454284716256182, 0.0755047852342759, 0.07507975608026192, 0.08300743967736214, 0.07194689867544742, 0.08063938186931603, 0.07925101935508022, 0.07577793875351226, 0.07995429868888321, 0.07418818237136852, 0.07431117396820769, 0.08151417853632878, 0.07428209962739421], [0.07442655495507593, 0.0753628657858663, 0.07494858445629443, 0.08305885555021783, 0.07194079857199512, 0.08063243038910393, 0.07920595946910255, 0.0756547054070531, 0.0803910241620822, 0.074124768689053, 0.07427175735746888, 0.08176352468026275, 0.07421817052642403], [0.07400945798554581, 0.07499206862699623, 0.07442999388359915, 0.08310999627930525, 0.07184342224124342, 0.08071257550422205, 0.07927318764452204, 0.07540256545954292, 0.08163241423767377, 0.07399535579982794, 0.07424690855277588, 0.08225757764174173, 0.0740944761430038], [0.07419874391109683, 0.07515561214588558, 0.07466860342069723, 0.08296753917288617, 0.07188184949480195, 0.08071607886235416, 0.079257718096433, 0.0755141185720946, 0.08106075607614899, 0.07404859762349394, 0.07425173976650408, 0.08213352777149883, 0.07414511508610468], [0.07452872255481076, 0.07554075785461309, 0.0750649269230887, 0.08333333333333334, 0.07184646759988939, 0.08071389798542794, 0.07932093478571677, 0.07582194824994463, 0.07964166499780298, 0.07417094582482413, 0.07428850412574046, 0.0814602740839023, 0.07426762168090567], [0.07453584875426043, 0.07564664922368174, 0.0750420535145161, 0.08286906818180041, 0.07177646461199426, 0.08094996995650319, 0.07959480716046294, 0.07596726091246793, 0.07924733081805485, 0.0742351147368844, 0.07436055338770958, 0.08143749295138242, 0.07433738579028168], [0.07489025375439642, 0.07609144534309562, 0.07540279879196675, 0.08303513465962746, 0.07185083489521675, 0.08070462091917813, 0.07979560212544619, 0.07635359138307621, 0.07784367121517816, 0.07446194926000953, 0.0745076862920267, 0.08049817759580118, 0.07456423376498081], [0.07499012858242164, 0.07608474047463211, 0.0755549439017576, 0.08312853446172598, 0.0719552548986819, 0.08052302240899423, 0.0795669545359288, 0.07627827559774755, 0.0779912464892139, 0.07444230251086414, 0.07445797683737249, 0.08048884877540752, 0.07453777052525228], [0.07329403533826635, 0.07486618521665807, 0.0734497802490279, 0.08127990638297634, 0.071281188567253, 0.0822666061761111, 0.08070601969523514, 0.07558866740103068, 0.08140171612188958, 0.07402189483565336, 0.07451566636011964, 0.08316905416418872, 0.0741592794915901], [0.07328492752366349, 0.07481221484332946, 0.0734400113532994, 0.08155801751788194, 0.07134990071738646, 0.08198390903231433, 0.08055373754882585, 0.07552269873207436, 0.0817376415055606, 0.07401427162711172, 0.0745114696644984, 0.08308236115668431, 0.07414883877736966], [0.07333773670958654, 0.07479878815625399, 0.07352519290869836, 0.08183135661736812, 0.07138007925176795, 0.08182519635607391, 0.08036590370187918, 0.07547390593515496, 0.08193645607939867, 0.07398036121835222, 0.07445019742514011, 0.08298411400541013, 0.07411071163491584], [0.07337327587178406, 0.07477697536937196, 0.07358259651018632, 0.08208786537091313, 0.07141994404349912, 0.08163967929019254, 0.08019629407077115, 0.07542444081863482, 0.0821654078367333, 0.0739560700764082, 0.07440739613574887, 0.08288730763336716, 0.07408274697238941], [0.07346486759492218, 0.0748012216457949, 0.07372235231529943, 0.08225935848938974, 0.07142527220174484, 0.08155860392598148, 0.08004232016586202, 0.0754048577869005, 0.0820877784209012, 0.0739195062231891, 0.07432866052139829, 0.08294327930159127, 0.07404192140702517], [0.07354871943260183, 0.07484812172082815, 0.07384253917809512, 0.08218230403246682, 0.07141957365792885, 0.08155086609324269, 0.0799816066094056, 0.07542182432528693, 0.08182998539311795, 0.07390610245362952, 0.07428217077855158, 0.0831600486106582, 0.07402613771418662], [0.07363583031039332, 0.07496410407822662, 0.0739415720309882, 0.08193067970519269, 0.0714017789530577, 0.08175538037146972, 0.08011870510632851, 0.07553596574967726, 0.08132532005916894, 0.07395550542607116, 0.07431428194199871, 0.08304381663034205, 0.07407705963708504], [0.07353073846889763, 0.075010803309039, 0.07378441456060542, 0.08139691084690116, 0.07125579683961382, 0.08222942206470639, 0.08051058987047843, 0.07565018879278623, 0.08080837766559108, 0.07398689364522704, 0.07438466978774175, 0.08333333333333334, 0.07411786081507882], [0.07337132510729895, 0.0749653987372148, 0.07355700978514959, 0.08112478453572614, 0.07119139724445064, 0.08255555938074242, 0.08080562777283042, 0.07567493440148715, 0.08078365267294298, 0.0740131656344615, 0.0744722251022685, 0.08333333333333336, 0.07415158629209379], [0.07333620014559143, 0.07495052453694784, 0.0734918046405645, 0.08095679094471232, 0.07124612025048664, 0.08255292520733616, 0.0808725165179667, 0.07568229253437692, 0.08103041887288207, 0.07405811712690728, 0.0745450006945216, 0.08307938598057077, 0.07419790254713583], [0.07335433495086696, 0.07488398174283453, 0.07354681122921175, 0.08134605060209664, 0.07126185759646503, 0.08224804743122607, 0.080605348140701, 0.07557510411786342, 0.0812952954333067, 0.07398467065386974, 0.07444584229665195, 0.08333333333333333, 0.07411932247157281], [0.07329812351728847, 0.07483065927762925, 0.07347157113040732, 0.08146641342984766, 0.07128214689701118, 0.08212776867388209, 0.08057487001655067, 0.0755338396125514, 0.08152000010328139, 0.07398172297875243, 0.07446285631203516, 0.08333333333333334, 0.07411669471742979], [0.07339959238543195, 0.07482705479377576, 0.07363234560577281, 0.08181003681215249, 0.0713152053839528, 0.08188914750772988, 0.08029903627363165, 0.07546991411028768, 0.08168956051163562, 0.07392529041076032, 0.07435589167060576, 0.08333333333333334, 0.07405359120093001], [0.0735361788109941, 0.0749567118870548, 0.07379040257533288, 0.08158650402099767, 0.07136235086600225, 0.08202145756136069, 0.08036399329097231, 0.07558185929764658, 0.08131884423801154, 0.07399390435167813, 0.07439709603695388, 0.08296936806715878, 0.07412132899583668], [0.07346279176607959, 0.07490677929281293, 0.07369821127769416, 0.08160024439575089, 0.07133275424490315, 0.08203627993228721, 0.08039696392095445, 0.07555029650589173, 0.08143383259601762, 0.07397527145533007, 0.07439820261452303, 0.08310400189291707, 0.07410437010483796], [0.07349514414486558, 0.07498065046281775, 0.07372559585408243, 0.08132183954945102, 0.07130939035576626, 0.08223848485813698, 0.08054141436318622, 0.0756355800911404, 0.08108424106266283, 0.07401498420955717, 0.07443612243834002, 0.08307010554976584, 0.07414644706022755], [0.07337184963872286, 0.07481404663700449, 0.0735860692398484, 0.08183052850826643, 0.0713382393607337, 0.08187477439270735, 0.08032748875982526, 0.07547060338370686, 0.0817975131723298, 0.07394584774768569, 0.0743927414044606, 0.08317522990246416, 0.07407506785224441], [0.07350962630679493, 0.0748555924487275, 0.0737811999011246, 0.08204242591693345, 0.07139542320222447, 0.08168942078097789, 0.08010863695874437, 0.07545390624673468, 0.08177965792395933, 0.07392683502522603, 0.07432180868966319, 0.0830856487032648, 0.0740498178956247], [0.07357569662287908, 0.07492754418312472, 0.07386193242239915, 0.08186544667745048, 0.07138657389047286, 0.08179521211721962, 0.08016492648417563, 0.07551769185624921, 0.08145954356782768, 0.07395025119087018, 0.07432829540352634, 0.08309346196535977, 0.0740734236184454], [0.07360929005784639, 0.07502912018737092, 0.07388907064887687, 0.08154571213598054, 0.07132427873581719, 0.08205941121843681, 0.08036946823945222, 0.07563717452789713, 0.08090803990854423, 0.07399344093115201, 0.07436830432695399, 0.08314616670553045, 0.0741205223761412], [0.07369871453043829, 0.07503905289789072, 0.07401023826774707, 0.08180714035094717, 0.07141256526322327, 0.08183124690539408, 0.08017965724373766, 0.07560789039040833, 0.08106187218451445, 0.0739961358038527, 0.07434405012522248, 0.08289328332010551, 0.0741181527165183], [0.073430471649197, 0.07480570157502907, 0.07367503728026555, 0.08208803364955608, 0.07138196618573464, 0.08168535938680456, 0.08014731127325797, 0.07542746429021903, 0.08195905747507422, 0.07392205497956285, 0.0743428684366364, 0.08308767759921751, 0.07404699621944495], [0.07357670320857318, 0.07487501456619314, 0.07388348542584554, 0.08209256647684801, 0.07139578822882879, 0.08159093149446733, 0.07999193489565085, 0.07544117456267785, 0.08163546725941123, 0.07389993775686969, 0.07426377949731496, 0.08333333333333331, 0.07401988329398597], [0.07367729415633074, 0.07495578009710606, 0.07400608602948489, 0.08212461329625675, 0.07143068124377473, 0.08159976932846802, 0.07998374417142702, 0.07550186045460368, 0.0813730169699589, 0.07393554624093898, 0.0742752125989271, 0.08308242115151114, 0.07405397426121194], [0.0731760632340546, 0.07500540335646082, 0.07320039398548099, 0.08044813495135536, 0.0712518112478321, 0.08271645341026901, 0.08150056252890053, 0.07586409872816459, 0.08102927981129564, 0.07423828723425802, 0.07483172492915136, 0.08234619351134953, 0.07439159307142737], [0.07318987387099704, 0.07498985432536336, 0.07325273458554803, 0.080680400621564, 0.0711621826944551, 0.08293831217364696, 0.08138903619078657, 0.07582098632444352, 0.08083183928312453, 0.07415325644071345, 0.07471370722706273, 0.08257309826479635, 0.07430471799749847], [0.07327113377746641, 0.07501787109408828, 0.07339464780201811, 0.08108234000775562, 0.07108180385685138, 0.08304861959652178, 0.0812142301222079, 0.07579997085013544, 0.08043405144896598, 0.07407032734854509, 0.07457369776590539, 0.08279318050395972, 0.07421812582557873], [0.07344132379329185, 0.07518227915102772, 0.07359471140088433, 0.08147125194261458, 0.07110949437662036, 0.08276957996628596, 0.08117844790896128, 0.07593578725595646, 0.0798521157553815, 0.07413413942976557, 0.07459103380745515, 0.082459412261147, 0.07428042295060824], [0.07347144643442037, 0.07544414493002619, 0.07352513329883131, 0.08123512159714136, 0.07109375418285668, 0.0830519823263734, 0.08164564550128087, 0.07629436674626204, 0.0789741401674238, 0.0743684671670436, 0.07486386173615756, 0.08150478526488503, 0.07452715064729779], [0.0732475019263986, 0.07542679181322368, 0.07316524016189768, 0.08050216999504194, 0.07107966123469786, 0.08333333333333333, 0.08233294043813351, 0.07641377550239893, 0.07908316873993754, 0.07450952434022795, 0.07512280411880815, 0.08110115463714614, 0.07468193375875469], [0.07306615400728297, 0.07527308937940311, 0.07292861976381651, 0.08008291184017323, 0.0711123176225548, 0.08333333333333331, 0.08263942631130934, 0.07631069140250828, 0.07971319840496013, 0.07451166394241389, 0.075201919642469, 0.08113911102924236, 0.07468756332053288], [0.07304502731581036, 0.07513843445702749, 0.07293751837655617, 0.08005540326521084, 0.07118862017915636, 0.08312477643047035, 0.08230637108084335, 0.07613545680025476, 0.08040349214758963, 0.07443737689871462, 0.0751257834786892, 0.08149471909451916, 0.0746070204751578], [0.07314709570413883, 0.07505044614940432, 0.0731349898364286, 0.0803635173049799, 0.07123994260145737, 0.08277040559653683, 0.08173158295851543, 0.07594738168665305, 0.08081344198053872, 0.07430018095029547, 0.07491966362645365, 0.08212331383184464, 0.07445803777275321], [0.07317077853777694, 0.07502081387360027, 0.07320985159795282, 0.08063272476543401, 0.07115113432252874, 0.08297525168111627, 0.08154186093658022, 0.07587719345302939, 0.08069883534427148, 0.07419294123035575, 0.0747699123267906, 0.08241125083522788, 0.07434745109533562], [0.07319710626259805, 0.0750334200577247, 0.07327498050783113, 0.08093133039179011, 0.07104026786277622, 0.08333333333333334, 0.08146167576246147, 0.0758639151139777, 0.08032745527411908, 0.07411397829734431, 0.0746527435148998, 0.0825024140755769, 0.07426737954556728], [0.0732680643998581, 0.07508466868809217, 0.07336634335909496, 0.08109936745024678, 0.07105221177437292, 0.08314844672246599, 0.08140479455420713, 0.07589554915769814, 0.08014853855225489, 0.07412271184938403, 0.07463776044013237, 0.08249704149838462, 0.0742745015538079], [0.07331087915857426, 0.07519327939440795, 0.07338078021548927, 0.08109049722400695, 0.07107956406379862, 0.08293304349890165, 0.08159853572522494, 0.0760310656059063, 0.07985221182724234, 0.07422155165116466, 0.07474628568179045, 0.08218549481823018, 0.0743768111352626], [0.07315615117158648, 0.075130830451793, 0.07313948243003376, 0.08053663355987654, 0.0711346929366176, 0.08299825172025291, 0.08193601458537404, 0.07604637685809608, 0.08024337744572323, 0.07430883223387978, 0.07491888424121287, 0.08197977212750458, 0.07447070023804915], [0.07314694994314375, 0.07522880175008702, 0.0730816088618874, 0.08041171510439443, 0.0711228939173681, 0.08303014558105679, 0.08