[[0.07183214395663833, 0.07165226425495588, 0.0732910659989188, 0.07558262962455177, 0.0808398908967967, 0.08096690472407914, 0.08077449962932898, 0.08246467663197178, 0.08137281751993618, 0.0750301179386261, 0.07429796776994087, 0.07029879399902332, 0.08159622705523206], [0.07185825473090007, 0.07164499054089468, 0.07333835952264965, 0.07548226639428418, 0.08111584112737484, 0.08081204944972185, 0.08056767230918792, 0.08274673087037403, 0.0812525198937179, 0.0749265924125575, 0.0742320696256396, 0.07031607348755617, 0.08170657963514184], [0.07191431205266227, 0.07166374284147745, 0.07341266185887611, 0.07537968489553747, 0.08146341150543562, 0.08061226888726393, 0.08032001795062033, 0.08301648136389062, 0.08107907846448208, 0.07482306719790516, 0.07417367318722778, 0.07036802737345697, 0.0817735724211643], [0.07198419652022951, 0.07169636838036932, 0.07350523611848898, 0.07531835422943384, 0.0817800617192798, 0.08048188306981072, 0.08014624821458405, 0.08295938241579576, 0.08096741203369873, 0.0747551689374076, 0.07414794761982706, 0.07042397443002489, 0.08183376631104951], [0.07211378546644584, 0.07178745896234798, 0.07364817056726447, 0.07527796617359897, 0.08215365968433, 0.08031328945607605, 0.07994151803407377, 0.08271154003201454, 0.08080791969622378, 0.07471312583841662, 0.07415562273657834, 0.07055070663276257, 0.08182523671986698], [0.07212845665530865, 0.07176408603001051, 0.07369726007203863, 0.07520504776162114, 0.08240273798513531, 0.0802169327826448, 0.0798074975481242, 0.08294264311112018, 0.08072406042748197, 0.07462642444409434, 0.07410414364109041, 0.07053484725135557, 0.08184586228997423], [0.07211269598272978, 0.07167682859831302, 0.07376251230410351, 0.07508997273879282, 0.08271146430472805, 0.08013338890718268, 0.07965071450395242, 0.08333333333333334, 0.08066460045710847, 0.07447458082324161, 0.07400872736559316, 0.07043851510321848, 0.08194266557770281], [0.0722327427108513, 0.07173141435216995, 0.07394063087194666, 0.0750663916156888, 0.083048831405291, 0.08004667548727691, 0.07950723764303615, 0.0829425732575004, 0.08058502374674159, 0.07442426359448871, 0.07402097327329787, 0.07050176805410964, 0.08195147398760097], [0.07228828921224428, 0.07171733257637493, 0.07407924391510759, 0.07504764750561951, 0.08333333333333334, 0.08005031894481308, 0.07944827972164334, 0.08255615382863034, 0.0805993385648494, 0.07436414886464258, 0.07401575920745743, 0.07046891805680362, 0.0820312362684807], [0.07254979285763609, 0.0718918809640601, 0.07442289188768555, 0.07514416215420351, 0.08278587572072829, 0.08003638323434789, 0.0793935863586203, 0.08201678378895895, 0.0805741410885199, 0.07441811878323816, 0.07415414921204257, 0.07064263596242822, 0.08196959798753048], [0.07275655618211167, 0.07200788226496513, 0.07472916193708926, 0.07522348996442782, 0.08270165406262384, 0.08001670923190746, 0.07933725291152807, 0.0814483472894188, 0.08053150782199658, 0.07444582605154668, 0.07426382746874297, 0.07074076835329245, 0.08179701646034922], [0.072928579203395, 0.07210795063794402, 0.0749682546681593, 0.07534031543335121, 0.08311199037669224, 0.07987482767147622, 0.07918596148419672, 0.08102178408156809, 0.08035884087985169, 0.07443713223061976, 0.07432555884972147, 0.0708431753314261, 0.08149562915159816], [0.07302990949425733, 0.07214319099657225, 0.07516416141859601, 0.07549767476229541, 0.08300833870369112, 0.07991788595781553, 0.07920507085594217, 0.08055731222397762, 0.08044103985313428, 0.07446989111422313, 0.07441130667119084, 0.07083557487574932, 0.0813186430725548], [0.07313722241443117, 0.07221044881656212, 0.07532973762442788, 0.0756492419408637, 0.08263048251673417, 0.07996474719006756, 0.07924263661304118, 0.08022165481741379, 0.08052253977923698, 0.07453884740455002, 0.07451571711542677, 0.07087255854080453, 0.08116416522644018], [0.07319571724439278, 0.07223704773153375, 0.07545479649435391, 0.07581911972585449, 0.08215142928917156, 0.08009186189952573, 0.07935862785311475, 0.07982440062015979, 0.08069066441150488, 0.07463041447773752, 0.07463129589059199, 0.07084357906054904, 0.08107104530150971], [0.07308148954321886, 0.07211118176010102, 0.07539733872251056, 0.07585996616252517, 0.08245521048567367, 0.08023100990624087, 0.07948313862184708, 0.07951646891285227, 0.08086420627101878, 0.07463251916386403, 0.07462970347139382, 0.070650065656029, 0.08108770132272497], [0.07297328103854606, 0.07199577534833666, 0.07534585129450086, 0.07594654481096305, 0.08275940379915117, 0.08038902446664944, 0.07963828722097946, 0.07907735471560243, 0.08105514943993955, 0.07467622989674973, 0.074668027046873, 0.07045201353109484, 0.08102305739061388], [0.07282023410811236, 0.0718838843177248, 0.07519478183769089, 0.07602703304023806, 0.08256607269749834, 0.08068077612245728, 0.07993797474169491, 0.07871645360210285, 0.08136346632058118, 0.07479303225430167, 0.07473685697866646, 0.07025547527018253, 0.08102395870874861], [0.07190227298032928, 0.07179386731271363, 0.07327508640733084, 0.07574346155256924, 0.08047849390530096, 0.08097379115242496, 0.08090738026828048, 0.08222139365656968, 0.08129855562576227, 0.07523014976959663, 0.07444310643613558, 0.0704499711836307, 0.08128246974935573], [0.07190970354051152, 0.0717559825381898, 0.07331720375068165, 0.07560180383593168, 0.08082160252304428, 0.08081330051663917, 0.08066386069303047, 0.08260613626813985, 0.08119663953135259, 0.07508010676856534, 0.07434079051300901, 0.07043796596188269, 0.081454903559022], [0.071922081288324, 0.07174334285233501, 0.07334661175636886, 0.07552508585517959, 0.08103541800289552, 0.08070749799292058, 0.08051832405979246, 0.0828286950453579, 0.0811165238269225, 0.07499987206399966, 0.07428802234738077, 0.07044184507893983, 0.08152667982958331], [0.07194054444090171, 0.07169441539637657, 0.07342446391202893, 0.0753720641474209, 0.08151609815124773, 0.0805435774561171, 0.08026060211597812, 0.08311181114604442, 0.0810046991464274, 0.07482481621329366, 0.07417771833352049, 0.07041309188911957, 0.08171609765152328], [0.07190654357834662, 0.07170859093457209, 0.07335426682279418, 0.07548693502314736, 0.08112665608374867, 0.080705139501707, 0.0804867287482338, 0.08288112563734835, 0.08113134818242855, 0.07495089323769695, 0.07425355563190596, 0.07040379747867008, 0.08160441913940043], [0.07204611384537576, 0.07175785447953491, 0.07355084181677417, 0.07531256113592125, 0.08189477908341368, 0.08038292302156479, 0.08005300157632904, 0.08294765436699325, 0.0808623985395169, 0.07476027870776729, 0.07416390347766666, 0.07050861040905089, 0.08175907954009133], [0.07215698738223164, 0.07184747743664957, 0.07365901622742249, 0.07529130792717988, 0.08215201328348559, 0.08023822436130257, 0.07989199172090909, 0.08278611849605368, 0.08071857795015992, 0.07474421103910557, 0.0741815436337212, 0.0706311229320284, 0.08170140760975053], [0.07214881285071281, 0.07177988310380645, 0.07371663157914587, 0.07519536312623604, 0.08246532508668755, 0.08017642985530206, 0.07976526822872261, 0.08297471491834857, 0.08068228760735771, 0.07461830342109194, 0.07410332166988198, 0.07055828685183033, 0.08181537170087609], [0.07220849912763504, 0.07179599346749904, 0.07380319701128855, 0.07510885132435928, 0.08282397589421489, 0.07998943718060691, 0.07954669023835281, 0.08333333333333333, 0.08049833297719707, 0.07452370547375016, 0.07405619283315101, 0.0705986254463372, 0.08171316569227469], [0.0723271809731473, 0.07184175277881398, 0.07399055489356059, 0.07508457194714203, 0.08312763477521184, 0.079925272512339, 0.07941694161589692, 0.08289702401553682, 0.08044622096846205, 0.07446686045960423, 0.07406612471170815, 0.07064840277017838, 0.0817614575783987], [0.07235548353639575, 0.0718144163999403, 0.07408696354928263, 0.07505981497043498, 0.08333333333333331, 0.07993376597969795, 0.07937103125556465, 0.08267291042221554, 0.0804661976516521, 0.07440846481072284, 0.07404982750713841, 0.07060425250735833, 0.08184353807626307], [0.07247442113047604, 0.07188017160358255, 0.07426099032890404, 0.0750951924881529, 0.08309373641974231, 0.07994075619868239, 0.0793429851517612, 0.08238167755776328, 0.0804744149148201, 0.07441566121927014, 0.07410463553403203, 0.07066426161270484, 0.0818710958401083], [0.07262436608218255, 0.0719773347734099, 0.07446121472443963, 0.07514620869145215, 0.08282551114162502, 0.07992675850990522, 0.07930545854188845, 0.08206812649468659, 0.08045377566708274, 0.0744410872108455, 0.07418055365960527, 0.07076056165977208, 0.08182904284310494], [0.07272981597450702, 0.07205167675535255, 0.07459397604774995, 0.07518501528331258, 0.08263708765728742, 0.07990867138065952, 0.07927681284299141, 0.08187678200867532, 0.08042798325755471, 0.07446606487932884, 0.0742369491759028, 0.07083692848176971, 0.08177223625490823], [0.07286834671167065, 0.0721483716154614, 0.07476875946665305, 0.07523107521527574, 0.08249770318134421, 0.07986742860322218, 0.07922461548416274, 0.08161889836009874, 0.08037346577462756, 0.07449429869757516, 0.07430770509305495, 0.07093708488416114, 0.08166224691269255], [0.07290314900880569, 0.07213471092695507, 0.07486789234416949, 0.07527629931792698, 0.08278434589968807, 0.0798633262540272, 0.0791983310555584, 0.08134011680114524, 0.08036070470049281, 0.07446503417173785, 0.07431534281788109, 0.07090131340817185, 0.08158943329344019], [0.07316361144359095, 0.07230622017252084, 0.07520412071314228, 0.07544940246900435, 0.08305257448435853, 0.07967637781515191, 0.07900598393700989, 0.08079963672361032, 0.08014584133725015, 0.07448281135247863, 0.07442396402874667, 0.07108306976253637, 0.08120638576059902], [0.07322752621958299, 0.07231422721347514, 0.07535329621622489, 0.07557296440260677, 0.08297314338358953, 0.0797241642217983, 0.07903269816497847, 0.08043713241669898, 0.08023832477031875, 0.07450185925952214, 0.07448509107149053, 0.07104937913229013, 0.08109019352742322], [0.07287821571513926, 0.07205437625611677, 0.07493815803726367, 0.07534065601159032, 0.08310820888323042, 0.07994889974007849, 0.0792481364837419, 0.08098298438706009, 0.08043549696725272, 0.07443005776324446, 0.07431370179844742, 0.07076747616442339, 0.08155363179241112], [0.07334146472498211, 0.07238926404888683, 0.0755164994484213, 0.07570202830984399, 0.08269070586636373, 0.07972556189137568, 0.07902969917632353, 0.0801594127720301, 0.08026449138035943, 0.07455485623605491, 0.07457443741454449, 0.0711062556925341, 0.08094532303827984], [0.07345729849131646, 0.07245825760737812, 0.07570881192694523, 0.07589628700219865, 0.08222424681176844, 0.07979526834464283, 0.07909215684616447, 0.0797485358800876, 0.08037175052002972, 0.07464745777471618, 0.07470743020448521, 0.07112844058096553, 0.08076405800930159], [0.07340071217714635, 0.07238970625621331, 0.07569704508761903, 0.07594537565399727, 0.08224269715356725, 0.07989735214781174, 0.07918333354563091, 0.07955140264421806, 0.08049782827563476, 0.07466192423225183, 0.07472337414020515, 0.07101268278336068, 0.0807965659023437], [0.07328318681748716, 0.07225317745198297, 0.07565209859513988, 0.07600854510414418, 0.0826620511008865, 0.08002780951789927, 0.07930277519427531, 0.07917571584468482, 0.0806633713993141, 0.0746670541861378, 0.0747309692090522, 0.07079590172246314, 0.08077734385653272], [0.07326311578350177, 0.07220628978511856, 0.07569637769928367, 0.07612438809859781, 0.08306489603856934, 0.0800565716411091, 0.07934156801800779, 0.07873769940482822, 0.08071068850955625, 0.07470662159276896, 0.07479088201038957, 0.07068492036244452, 0.08061598105582451], [0.07305690344866687, 0.07204683462491697, 0.0754821241949819, 0.07611569509151851, 0.08296993684199228, 0.08033728954962648, 0.07961476286417848, 0.07861585501682336, 0.0810071742354469, 0.07475695290023501, 0.07478440805851362, 0.07045832367281879, 0.08075373950028082], [0.07198896346717441, 0.07190394090305115, 0.07331232909972124, 0.07576146054088734, 0.08047369267062349, 0.08081325157830178, 0.08077839367982384, 0.08231460794185001, 0.08112360456153275, 0.07527846702508514, 0.0744878488841884, 0.0705971181787617, 0.08116632146899867], [0.07200088920874606, 0.07184689526214996, 0.07337609836028332, 0.07554832248174194, 0.08105290715802743, 0.08056973768495618, 0.08041780142829705, 0.08289285547221609, 0.08095718181020602, 0.07505164333527375, 0.07433391647662348, 0.07057888641917344, 0.08137286490230546], [0.07199045513867239, 0.07186105950717368, 0.07334857349106648, 0.07562262236202325, 0.0808389268977078, 0.08066638317374807, 0.08055302378229771, 0.08268271825471794, 0.08102979760672303, 0.07513011546377446, 0.07438562632520974, 0.07057774417526977, 0.08131295382161569], [0.07196107241602771, 0.07176992466978614, 0.07338214045691027, 0.07546884373043514, 0.08123521179559748, 0.08056540493909357, 0.08035938895684826, 0.08305368585531926, 0.08098458500868039, 0.07495074694359347, 0.07426010778321981, 0.0704942974949375, 0.08151458994955099], [0.0720392573131398, 0.07184767889136581, 0.07343626536855107, 0.07544360799669628, 0.0813898868574756, 0.08040192369876512, 0.08019790231297677, 0.0831812545374769, 0.0808181241550589, 0.07494255651308374, 0.07426820900505031, 0.07060755476296685, 0.08142577858739293], [0.07210462797855459, 0.07185969239872778, 0.07354340957447467, 0.07536212363156557, 0.08177003780335897, 0.08029054038116024, 0.08002016364059118, 0.08306661211837604, 0.08073817977332556, 0.0748443195452591, 0.07422424375434067, 0.0706391206817228, 0.08153692871854296], [0.07199185319080466, 0.07177170637918681, 0.07342857959704957, 0.07538425873029789, 0.0815084065669301, 0.08041890819416819, 0.08017588702655329, 0.08333333333333333, 0.08085725347674123, 0.07486386163087956, 0.07420724550978182, 0.07051922626322141, 0.08153948010105207], [0.07220665919927945, 0.07192345364897088, 0.07366259133084588, 0.07531167344428683, 0.08209187551317222, 0.08014303123210252, 0.07983365032059085, 0.08295432162270394, 0.08060312458710837, 0.0747893643342655, 0.07421609209597498, 0.07073286699354205, 0.08153129567715665], [0.07228036230091511, 0.07197255978582627, 0.07374781619953226, 0.07529204190319187, 0.08228391579372107, 0.08006319009335278, 0.07973077270293252, 0.08279045605752874, 0.08052889655815437, 0.07476584876963915, 0.0742222266682066, 0.07079946254691391, 0.08152245062008548], [0.07228003845104344, 0.07194189186833146, 0.07377875708348103, 0.07523855358639686, 0.08246388527377901, 0.08001658080476462, 0.07965326943978589, 0.08292901897596913, 0.08049386988884366, 0.07469853196811535, 0.07418036570078178, 0.07076911334710567, 0.081556123611602], [0.07234023091390938, 0.07196510027763785, 0.0738632107411622, 0.07518380518587299, 0.08271341894185243, 0.0798948516016024, 0.07950137945448776, 0.08305182832059345, 0.08037757263228092, 0.07463475877117275, 0.07415611454813996, 0.07080974703384349, 0.08150798157744443], [0.07237352408855191, 0.07192589679537369, 0.0739740071537243, 0.0751059173120187, 0.08313325202373183, 0.07983051056041081, 0.07936945557015526, 0.08299272230780698, 0.08033217324353074, 0.07452079030906779, 0.07410159837741238, 0.07076469295934266, 0.08157545929887297], [0.07240478961667594, 0.07192320486189911, 0.074041210300436, 0.07508473040422796, 0.08333333333333334, 0.07980834585829284, 0.07931702728335688, 0.08283775455885632, 0.08031630700249325, 0.07448253370295366, 0.07409173396962795, 0.07075901889076591, 0.0816000102170809], [0.07244105916381065, 0.07193953772787404, 0.07409950208512853, 0.07509522540515762, 0.08320583332436396, 0.0798232522561776, 0.0793125949317711, 0.08274612080656209, 0.08033504801489928, 0.07448167136712792, 0.07410748132010972, 0.07077160386974668, 0.08164106972727096], [0.07255118597234901, 0.07199698366855231, 0.07426065875757741, 0.07510961955039679, 0.0831418743128153, 0.07980198692013017, 0.07924793537979635, 0.08247468047101757, 0.08031655557808012, 0.07447096043371215, 0.07414473968444057, 0.07082845394719717, 0.08165436532393495], [0.07266030705969166, 0.07205509892891421, 0.07442239107319236, 0.07513752981143232, 0.08295867219272736, 0.07979937342498925, 0.07921732504180286, 0.08222804957237403, 0.08031396333891376, 0.07447246944886401, 0.07419154602781297, 0.07088141900204117, 0.081661855077244], [0.07277740739167705, 0.07213230391690677, 0.07457670134869973, 0.07517754074655283, 0.08272252175504165, 0.07978748096648747, 0.07918888728496039, 0.08200775665959806, 0.08029686876289784, 0.07449370363857608, 0.07425106066636615, 0.070958765000873, 0.08162900186136318], [0.07304066965421206, 0.0723280552702683, 0.07488949204877363, 0.07527205472930033, 0.08234038799210291, 0.07970221083574759, 0.07908920394214347, 0.08159001942690314, 0.08019009317044919, 0.07455497304745554, 0.07438497953345245, 0.07117036870694568, 0.08144749164224598], [0.07318822982893122, 0.07241332985807405, 0.07509438673828814, 0.07537141968296301, 0.08255937656520587, 0.07960204399364287, 0.07897643725320776, 0.08122593838085157, 0.08007107631277831, 0.07454799429953611, 0.07443761613512058, 0.07125766992955528, 0.08125448102184522], [0.07322542322850106, 0.07237450612853043, 0.07524095308831406, 0.07546151279862193, 0.08292661312030777, 0.07961912923504504, 0.07896069513436159, 0.08082683902936738, 0.0800766400077314, 0.07450667558482459, 0.07445074928290264, 0.0711740097381803, 0.08115625362331186], [0.07308484440800596, 0.07227598493812191, 0.07506708472719652, 0.07536881404823655, 0.08288404045733107, 0.0797105769528203, 0.07905271644724252, 0.08108667322149013, 0.08018444997787667, 0.07448756283932681, 0.07438731786118487, 0.0710680973689793, 0.08134183675218754], [0.07304262803160394, 0.07229450026941117, 0.07494298502671258, 0.07529965484123928, 0.08254931216062984, 0.07971634171109174, 0.0790840866309272, 0.08141805789285526, 0.08020220509207422, 0.07452279807316324, 0.07437686095925475, 0.07111574378489141, 0.0814348255261455], [0.07287216470403474, 0.07218649957438528, 0.07471589724686269, 0.07521634831652367, 0.08251951364711026, 0.07979605819484283, 0.07917892932045972, 0.08178932564160672, 0.08030034001498555, 0.07450974006571771, 0.07430280255654398, 0.07100498887579113, 0.08160739184113575], [0.07308640429523285, 0.07229089294951316, 0.07504772382356427, 0.07535598107219146, 0.08279808142718682, 0.07970138789496686, 0.07905057141035035, 0.08115884493804364, 0.0801774215324008, 0.07449787032977243, 0.0743889211995725, 0.07109297614647879, 0.0813529229807261], [0.0729278571054353, 0.07213451937555351, 0.07492467816077794, 0.07530830670485311, 0.08293248847487758, 0.07985413489700938, 0.07917966285207936, 0.08119172065922052, 0.08034478534833091, 0.07445361945918796, 0.07432373290821816, 0.07089082379004055, 0.0815336702644157], [0.07326540654621645, 0.07237408033462853, 0.07533911836995942, 0.07553161939431255, 0.08299118521978031, 0.07963000692934111, 0.07895731579375288, 0.08058862546289915, 0.08011664749922678, 0.07450411119195882, 0.07447882549237206, 0.07114878588519775, 0.0810742718803542], [0.07334823859774833, 0.0724175083784059, 0.07547459742369482, 0.07563459630424056, 0.08284496606645661, 0.07963572058743353, 0.07895430719485105, 0.08033351097871248, 0.080148596930807, 0.07453317823833532, 0.07454161389415165, 0.07117178151367841, 0.08096138389148452], [0.07344980950252122, 0.07247684673291312, 0.07563607248129005, 0.07577125341971616, 0.08256320732004664, 0.07965796512443815, 0.07896937112032759, 0.08003182482542286, 0.08019951110053873, 0.07458635956137163, 0.0746316258471264, 0.07120353203077379, 0.08082262093351353], [0.07353351023105642, 0.07253118656863204, 0.07576150316986628, 0.07588182363475968, 0.08232218866426358, 0.07967045657996248, 0.07898016918433383, 0.07980309749354896, 0.08023035772784996, 0.07463625391748331, 0.07470858667677296, 0.07123760733333237, 0.08070325881813795], [0.07352715701720618, 0.07249494338202016, 0.07582688310984544, 0.07600084715971295, 0.0821913014290693, 0.07977875888412363, 0.07907769549459472, 0.07947408686018394, 0.08037224455629804, 0.07468253970065213, 0.07477295255029023, 0.07114044514036645, 0.0806601447156368], [0.0734782317857822, 0.07241049719381648, 0.07586191667794788, 0.0761018685253791, 0.08260775395295801, 0.07983939559651412, 0.07913427113614734, 0.07904705190536675, 0.08046429582560606, 0.07469618044307486, 0.07480864144426241, 0.07098324863940077, 0.08056664687374397], [0.0734194863453917, 0.07233869118051679, 0.07585017258621263, 0.07616500490403746, 0.08290989750609766, 0.07990126251609761, 0.0791975128429174, 0.07876444339485998, 0.08054276108740246, 0.07471487194126933, 0.07483265753834602, 0.0708573873500067, 0.0805058508068442], [0.07329057543189059, 0.07221257309754646, 0.07576361144617524, 0.0762249318725974, 0.08333333333333334, 0.08002763223989832, 0.07932952789719999, 0.0784256631154293, 0.08068443045543722, 0.07474771822544281, 0.07485343178686424, 0.07065474033698618, 0.08045183076119894], [0.07307120286733848, 0.07206616852292237, 0.07550546471164496, 0.07622038813940595, 0.08282429077810889, 0.08039160951335672, 0.07968992185439129, 0.07836521502231045, 0.0810574173380614, 0.07484547695947846, 0.07487153669367322, 0.07044207012535035, 0.08064923747395743], [0.07293644926666272, 0.07226329509031326, 0.0747439167341304, 0.07521969330932064, 0.08257041070918901, 0.07970253948856665, 0.07910471439463033, 0.08180114898510812, 0.08019784310291292, 0.07453292776144722, 0.07432707110680488, 0.07111127717315133, 0.08148871287776238], [0.07278660627015676, 0.07217150884527232, 0.07453394934992849, 0.07516110605719473, 0.0829569717735037, 0.07969473684723764, 0.07912271955971814, 0.08208819871468222, 0.08019605180864317, 0.07450492170742236, 0.07424668577739976, 0.07102673133702854, 0.08150981195181232], [0.07263746701897257, 0.07208024036665751, 0.07432804446627445, 0.07511300405871667, 0.08333333333333333, 0.07969472778493586, 0.07915202622097735, 0.08235866532463729, 0.08019774426765404, 0.07448549344872107, 0.07417421546697343, 0.07093839845165889, 0.08150663979048745], [0.0726198619707515, 0.0720937939940392, 0.07427332745989235, 0.07512895487983368, 0.08314768162904825, 0.07970068822384849, 0.07918483270315403, 0.08250072504542454, 0.08019946097827833, 0.07451931373799549, 0.07418421675991524, 0.07096011703175843, 0.08148702558606047], [0.0725369525403002, 0.07206185227891589, 0.07413847335807405, 0.07512938492584986, 0.08313852702459298, 0.07971653328740427, 0.0792435411409497, 0.08272646769417322, 0.08020948114086919, 0.0745450973072474, 0.07416583461897999, 0.07093157164593408, 0.08145628303670921], [0.07245789782985243, 0.07206032347185258, 0.0739804869711737, 0.07517994973440706, 0.08284217878124307, 0.07977538932796878, 0.07937026687319683, 0.08292143674380804, 0.08025315729259662, 0.07463297213537876, 0.07418767093290218, 0.07093308110203347, 0.08140518880358669], [0.07243981216964451, 0.07207891263799313, 0.07392498484767249, 0.07522433061068254, 0.0826471585913175, 0.0798176554206038, 0.07944605123248177, 0.0828906846347286, 0.0802855835980685, 0.07469453378014429, 0.07421838343565396, 0.07095227638934444, 0.08137963265166435], [0.07285651524428069, 0.07201738966894386, 0.07495377752533905, 0.0753815745811327, 0.0830074100334961, 0.08003993371274432, 0.07932236670158027, 0.0808383217753481, 0.08054392740087073, 0.07443953589276381, 0.07432872076358862, 0.07069990646990332, 0.08157062023000844], [0.07316922944632438, 0.07224720630593767, 0.07533490144805521, 0.07560938045598173, 0.08281812897032009, 0.07985826394755721, 0.07914845745288583, 0.08032472075447972, 0.08039718254508528, 0.0745151175064853, 0.07449485458715169, 0.07094048794814015, 0.08114206863159559], [0.07334943112954442, 0.07237506263861154, 0.07557899521353931, 0.07580714959341195, 0.08238611468106369, 0.07984614017001748, 0.07913646110875322, 0.07991839136727603, 0.08041613017728866, 0.07460658481046559, 0.0746385196910619, 0.07104516555892386, 0.08089585386004247], [0.07239587405626306, 0.0720663177436384, 0.07385741068402864, 0.07526477376639683, 0.0824701682067291, 0.07989542548410998, 0.0795507015942787, 0.0828335929871892, 0.08035713541859242, 0.07474487084428448, 0.07423720409208044, 0.07092938876417378, 0.08139713635823505], [0.07236122318260219, 0.07206459956856735, 0.0737958264767645, 0.0753120455380465, 0.08227095707853288, 0.0799679382317643, 0.07965411963656184, 0.08277443974899046, 0.08042015845801541, 0.07480359947180293, 0.0742640180537858, 0.0709190064653927, 0.08139206808917321], [0.07226959497094375, 0.07201148166449152, 0.07367963997002715, 0.07534032119917455, 0.08201026258291731, 0.08005141578737736, 0.07977591156314774, 0.0830489766950782, 0.08049178602912825, 0.07484227301321494, 0.0742605024434197, 0.07084744607596928, 0.08137038800511036], [0.07218917467074878, 0.0719724274107619, 0.07356949836687895, 0.07537784841047067, 0.08172899715625777, 0.08012451424051006, 0.07989475318026318, 0.08333333333333336, 0.08054688475304979, 0.07489269466164966, 0.07426752341282306, 0.07079204721682468, 0.08131030318642833], [0.07217406775143839, 0.07199287045173688, 0.07352651438003754, 0.07546251344870307, 0.0814815781645125, 0.08023128360447816, 0.0800434712466949, 0.08306334407078857, 0.08063389348015905, 0.07498763132926267, 0.0743267806255126, 0.070798542084059, 0.08127750936261663], [0.07214898116381245, 0.07198136676459238, 0.07349525411217302, 0.0754935299038277, 0.08136657320617269, 0.0802924654102239, 0.08012162567184818, 0.08300247881225166, 0.08068716516045221, 0.07501980286645751, 0.07434224948655936, 0.07077550008204997, 0.08127300735957886], [0.07211103484342907, 0.07196491529109623, 0.07344666913709623, 0.07554172119479159, 0.08118234849030777, 0.08038157251505702, 0.08023961350525372, 0.08294148855312194, 0.08076156164707003, 0.07507026804248068, 0.07436670454371046, 0.07074165405300273, 0.08125044818358244], [0.0720888430445431, 0.07196580887958647, 0.07341018836188024, 0.07560304169779435, 0.08098849684904373, 0.08047053567397784, 0.08036222964268412, 0.08280092632851654, 0.0808313898505154, 0.07513524367877618, 0.07440551386231242, 0.07072684439254241, 0.08121093773782728], [0.07210634506429, 0.07202619407177349, 0.07338619412649602, 0.0757161314719062, 0.08069930884126529, 0.0805463387587366, 0.08050404166741648, 0.08253076266641217, 0.08086629287743728, 0.07526478204780948, 0.07449622202294602, 0.07077834689221964, 0.0810790394912913], [0.07210845442272207, 0.07206384522207879, 0.07335932196549357, 0.07582389171907544, 0.0804197613242866, 0.08064393248863473, 0.08066385962032681, 0.0822684672422027, 0.0809227094403417, 0.07538172792177397, 0.07457693973240757, 0.0707993165644895, 0.0809677723361667], [0.0720448807753765, 0.07195348593174393, 0.07335365814502282, 0.07570836564125406, 0.08066288058734246, 0.08064908932688523, 0.08059457068119995, 0.08251240019721573, 0.08097580318189626, 0.07523942820196317, 0.07446876200206029, 0.07068080959326865, 0.081155865734771], [0.0731675710641643, 0.07228019470707946, 0.07525878720648069, 0.0754988564626751, 0.08311290315524088, 0.07971560959819873, 0.07903014390580133, 0.08061315862926889, 0.08021134154589749, 0.07447711440208708, 0.0744378034467697, 0.0710290717401552, 0.08116744413618102], [0.07299565949590076, 0.07213702427843123, 0.0750779877629209, 0.0753998362407507, 0.08333333333333333, 0.07982417429703793, 0.07912845150201481, 0.0807895109406535, 0.08031464980519817, 0.07442956911931047, 0.07435209343050557, 0.07086415787203086, 0.08135355192191172], [0.0731043475267953, 0.07217328354286155, 0.07532940302558402, 0.07571479400192126, 0.0823360331803345, 0.08011082796103221, 0.07937449759769767, 0.0800565047567807, 0.08069417129977192, 0.07458406830924928, 0.07455674127134088, 0.07079340317299049, 0.0811719243536403], [0.07299331791223775, 0.0721031950961761, 0.07515307002623067, 0.07553341612577824, 0.08279244692102607, 0.08003337162657882, 0.07930661703313269, 0.08046278060662634, 0.08057564615825541, 0.07449274925062138, 0.07442948770620401, 0.07076454545526523, 0.08135935608186723], [0.07270854259191716, 0.0719963057765634, 0.07463696655813443, 0.07521321313105735, 0.08249420626337592, 0.0800321501975808, 0.07936757236577865, 0.0816719548815394, 0.0805560008223314, 0.07445813734500753, 0.07424581875988724, 0.0707409351878657, 0.08187819611896097], [0.07279118764828311, 0.0719908298448397, 0.07483822894452612, 0.07529990922113415, 0.08294714792106286, 0.08004265135023761, 0.07933750458446608, 0.08110524529988455, 0.0805426913026723, 0.07442952604276504, 0.07428583884936345, 0.07069139006089824, 0.08169784892986696], [0.07309797380610014, 0.07214808876151622, 0.07536979598733508, 0.0758009337400997, 0.08223413662832275, 0.08019851274157434, 0.0794536344159164, 0.07977778257779597, 0.08081048065973628, 0.07462200111173412, 0.07460567924951148, 0.07072432296451103, 0.08115665735584646], [0.07296756648604454, 0.07200792127125036, 0.07530165922535823, 0.0758624637793115, 0.0825636910419464, 0.0803724058020518, 0.07961417314491086, 0.07937526638538117, 0.08102459471373705, 0.07464149733929679, 0.07461849306715494, 0.07050178617382709, 0.0811484815697295], [0.07327919267515157, 0.07222351666070696, 0.07575539622308257, 0.07638115978622582, 0.08287432127422976, 0.0801709368773148, 0.07954994151310059, 0.07808774565309387, 0.08082149541730163, 0.07490008108691315, 0.07498934932833361, 0.07060401744650986, 0.08036284605803573], [0.07338381451658729, 0.07229145177190831, 0.07587450772012581, 0.07634423141995554, 0.08313694832554494, 0.07998785288799799, 0.07932663722377158, 0.07821071835867717, 0.08063847994653252, 0.07482260795235818, 0.0749498901562807, 0.07071865699976153, 0.08031420272049829], [0.0717101231503324, 0.07125272580583988, 0.07355027953500756, 0.07536604427846197, 0.08130078631760734, 0.08142140870544498, 0.08073273510237883, 0.08137014195913603, 0.0820723779453459, 0.07460532735827036, 0.07406795345821829, 0.06976162981745898, 0.08278846656649753], [0.0717286353133175, 0.0712958334380053, 0.07351686916106533, 0.07530263396044075, 0.08157180933441668, 0.08119061109283107, 0.08057533127021729, 0.0817381763929604, 0.08181213116318603, 0.07458000368202707, 0.0740330763655939, 0.06985002110374529, 0.08280486772219346], [0.07176774832222209, 0.07130174241704963, 0.0735787438326464, 0.07522516766617567, 0.08183955717704673, 0.08101636086638721, 0.08038210540695633, 0.08194408281233188, 0.08163712747636329, 0.07449869796804066, 0.07398738306497103, 0.06987614165335665, 0.08294514133645231], [0.07182474115358214, 0.07134277918417709, 0.07363388436419144, 0.07517256320901321, 0.08209441640189499, 0.08084016468491127, 0.08021279456859244, 0.08217155100246988, 0.08145046658442083, 0.07445434563014623, 0.0739669137440471, 0.06994572579073897, 0.08288965368181428], [0.0719153237123248, 0.07136919167126372, 0.0737874949697605, 0.07513660674175196, 0.08226663782664237, 0.08073937045065155, 0.08006462645625977, 0.08209622071759501, 0.08135162165769592, 0.07438969365510466, 0.07396226416922781, 0.06997502490723453, 0.08294592306448739], [0.07202277729207425, 0.07142280303621872, 0.07395294568630757, 0.07516514257646338, 0.08219569396842796, 0.08073029049260524, 0.0800205972816316, 0.08184747385551559, 0.08133784222724032, 0.07438746304773279, 0.07400941567876614, 0.07002032945510146, 0.08288722540191504], [0.07209431679300436, 0.07145365257855692, 0.07409137074255777, 0.07528212498010729, 0.08174269993728363, 0.08092950967413991, 0.08016997846721136, 0.08135734789629141, 0.08153112448100606, 0.07445813592577323, 0.07410907109935275, 0.07000620727796385, 0.08277446014675159], [0.07194870052568796, 0.07133629905257684, 0.0739653009911213, 0.07541229351687427, 0.08111961275499031, 0.08137242227403697, 0.08056406147301381, 0.08085620823456117, 0.08198753556647176, 0.07455418550414648, 0.07415781498481132, 0.0698088117261144, 0.08291675339559355], [0.07169908260739224, 0.07116402617437138, 0.07365991112803315, 0.07540337532271005, 0.08091577518296628, 0.08163132395663338, 0.0808322333056064, 0.0808104895060925, 0.08229945163479037, 0.07456549328553996, 0.07408147065047023, 0.06960403391206083, 0.08333333333333334], [0.07166077324183705, 0.07117530554311645, 0.07356071800191474, 0.07541075518782622, 0.08097343221351354, 0.08164366368395841, 0.08088974790180026, 0.0809644584701539, 0.08232115358259522, 0.07460653925846944, 0.07408012528468919, 0.06963216343336191, 0.08308116419676372], [0.07175934086380616, 0.07124929945120523, 0.07365781837055316, 0.0753360189809483, 0.0813685920701161, 0.0813685920701161, 0.08063629129237777, 0.08131841261005453, 0.08202555396751297, 0.07454665185526561, 0.07405614275209542, 0.06975187546175342, 0.0829254102541953], [0.07172578572446134, 0.07125475718393005, 0.0735707415100281, 0.07530856061434898, 0.08148518727084487, 0.08128651288780316, 0.08060260926321534, 0.08153823507397961, 0.0819312826418083, 0.07455205827772021, 0.07403125105537682, 0.0697811051823595, 0.08293191331412376], [0.07179433899124023, 0.07125452408498975, 0.07369918552250568, 0.07519380929953008, 0.08182053234265871, 0.08103127429254554, 0.08031994261518251, 0.08170088612523452, 0.08166843111163499, 0.07441774634665138, 0.07396457572984702, 0.06980142020464623, 0.08333333333333333], [0.07191187680729398, 0.07132551888804388, 0.07387599386019576, 0.07529245638236669, 0.08157226526305746, 0.08115029172438581, 0.08039062553172364, 0.08133691234668625, 0.08178243579211454, 0.07447724584118415, 0.0740649650040931, 0.06984678005904248, 0.08297263249981235], [0.07183689577265413, 0.07127928683156586, 0.07377183614079445, 0.07526549763570745, 0.0816134874491376, 0.08116117629256107, 0.08041940160204972, 0.08144834725197489, 0.08180275993129689, 0.07446647863346256, 0.07402581831141175, 0.06980325986401349, 0.08310575428337023], [0.07185314467996377, 0.07128145009844891, 0.07382184036396175, 0.07535313881439232, 0.08129468381159846, 0.0813486710697119, 0.08056938212078628, 0.08110677111031782, 0.08199191211422435, 0.07452524932213872, 0.0740906089681827, 0.06976964847796863, 0.08299349904830444], [0.07177738352482729, 0.07126735443814557, 0.07364519534298081, 0.07520351121595222, 0.08183964439886122, 0.08103166322167718, 0.08034572196604074, 0.08180682933123977, 0.0816655086996557, 0.0744469743005206, 0.07396966723428797, 0.06982435738092535, 0.08317618894488567], [0.07193559242649804, 0.07135575993268238, 0.07386031168701075, 0.07517579877666747, 0.08205311734956992, 0.0808490375486339, 0.08013534423737954, 0.08179252562908461, 0.08146855929812273, 0.07439644309601623, 0.07399175648528328, 0.0699322485242445, 0.08305350500880661], [0.07200440154610692, 0.07139103508060114, 0.07397621435960444, 0.07524717462226438, 0.08180749043879794, 0.08095148633506795, 0.08020315648583864, 0.08148215271787117, 0.08156691952843788, 0.07443695020432116, 0.07405936163756117, 0.06994323004313382, 0.08293042700039323], [0.07204448309626443, 0.07140869365626525, 0.07406919713948479, 0.0753946283069577, 0.08128255824790047, 0.08122408366051953, 0.08042599680455394, 0.08095429652040453, 0.08182512612959428, 0.07453929059312116, 0.07417297659870757, 0.06990557565391034, 0.08275309359231599], [0.07214874524153156, 0.07148715699316036, 0.07417790096087278, 0.07535314483302717, 0.08156636406352347, 0.08101760778804987, 0.08023637165270894, 0.08110272120416537, 0.08160514206050491, 0.07450570968369945, 0.0741738073521955, 0.0700184609027948, 0.08260686726376594], [0.07186049414128767, 0.0713221776666778, 0.07373945069994288, 0.07515773329038387, 0.08209633884238872, 0.08085308861157044, 0.08016855959438308, 0.08196822283997132, 0.08147489516888928, 0.07440282793521703, 0.0739605790473554, 0.06990631622756659, 0.08308931593436596], [0.07207227618765234, 0.07144879411114816, 0.07403283962873651, 0.07520340855790071, 0.08205472984979466, 0.08077402583755632, 0.0800447454704968, 0.08166230191712942, 0.08137796997361456, 0.0744071231782944, 0.07404896514075908, 0.070034016023643, 0.08283880412327399], [0.07218219714845762, 0.07152189286382615, 0.07418343385735945, 0.07526810378140049, 0.081864316032479, 0.08079823013805312, 0.08004743309730028, 0.08141029033021902, 0.08138678646423046, 0.07444744326726262, 0.07412469509632987, 0.07009715784361978, 0.08266802007946222], [0.0715040987714067, 0.07116742785038786, 0.07326924973191624, 0.07565016384586412, 0.08020216026693403, 0.08212914639899357, 0.08151301664487338, 0.08081961339368864, 0.08270830316148872, 0.07488949539164742, 0.07421559315613999, 0.06957883002411826, 0.08235290136254111], [0.07152095345388308, 0.07112452781280244, 0.07335879002020133, 0.07560344795189425, 0.08027238095912961, 0.08214394247627535, 0.08140949165019995, 0.08065623198293188, 0.08282352923120768, 0.07480439213736635, 0.07418099304510291, 0.06952022277296838, 0.08258109650603673], [0.07162723795478321, 0.07113684266564813, 0.07357214545167771, 0.07558755237272881, 0.08040325611353502, 0.08209215114213385, 0.08125207575462838, 0.08031516521457052, 0.08277415848601463, 0.07473013844613358, 0.07419280837980206, 0.06951364078017899, 0.08280282723816504], [0.07174535583743115, 0.07118180388980468, 0.07378399260330339, 0.07568417705201658, 0.08074970580846266, 0.0821143194529539, 0.08122033056002112, 0.07978001056369302, 0.08269741275294669, 0.07476095034982055, 0.07429093506962278, 0.06951460814798208, 0.08247639791194135], [0.07174139438731679, 0.07122217980913852, 0.07377137152016974, 0.07606135347921106, 0.08047013616658479, 0.08250480143678188, 0.08168801548236579, 0.07885097335878109, 0.08305904573977053, 0.07507649072154006, 0.0745612355865621, 0.0694423107213259, 0.08155069159045167], [0.07163561887722172, 0.07128119776537924, 0.07348773016495724, 0.07630135566977053, 0.07977594777200299, 0.08298039226202954, 0.08236466877720304, 0.07883126395409434, 0.08258814707467138, 0.07538320826212885, 0.07471123263923196, 0.06948728663684163, 0.08117195014446753], [0.07154500423868031, 0.0713069583543661, 0.07325280120423135, 0.07627390317127153, 0.07937883724152144, 0.08299061911522261, 0.08266104649108755, 0.0793209961544656, 0.08236371426225515, 0.07545527148971604, 0.07467506568998361, 0.06956830579830527, 0.08120747678889331], [0.07151688652778958, 0.07129560946718012, 0.07318251659743366, 0.07607705740077282, 0.07935403944075775, 0.08266992199609459, 0.08233057350516644, 0.07999530887648182, 0.08255995443793135, 0.07531921084542395, 0.07453104980559666, 0.06962982137427985, 0.0815380497250914], [0.07148806159792186, 0.07118262597893685, 0.07323042460157268, 0.07576077135974067, 0.07988550162422398, 0.08232829608898065, 0.08174657192911508, 0.08058795850798055, 0.08279719118243101, 0.07499839764759342, 0.07429136731805454, 0.06956819512730344, 0.08213463703614536], [0.07149765772745886, 0.0711202621474862, 0.0733243043479218, 0.07566936828559201, 0.08005655262085698, 0.08229675195237249, 0.08156211473341234, 0.08050899498504097, 0.08295763832596846, 0.07486672754402121, 0.07422188499701073, 0.06949606673662745, 0.08242167559623056], [0.07153608123053616, 0.0710881759218085, 0.07345237179374207, 0.07566210548227961, 0.0802208561250313, 0.08234161154686198, 0.08149468472019461, 0.08017819081408821, 0.08304834107396918, 0.07480583627442729, 0.07422102835624118, 0.06943364831349723, 0.08251706834732285], [0.07158785983046174, 0.07110431179637124, 0.07354536186500014, 0.07567503729164222, 0.08038040265902266, 0.08231914456192774, 0.08143943330991087, 0.08001180620856578, 0.08294855499932084, 0.07479394284538751, 0.07424270978519172, 0.06943937259378245, 0.08251206225341498], [0.07158102953878984, 0.071107092270549, 0.07354360433821572, 0.0757901550826045, 0.08033747601373008, 0.08254013252075335, 0.08162691707574911, 0.07969446587079179, 0.08296201879767387, 0.07488677008655747, 0.0743226227557572, 0.06940344215169594, 0.08220427349713197], [0.07145010998077567, 0.07110773029928333, 0.07326423118091539, 0.07584620716732539, 0.07978895780858855, 0.08271744242308463, 0.08195311447922624, 0.08002135556216493, 0.08307339381316005, 0.07502185730051662, 0.07433447238831392, 0.06942479106465117, 0.08199633653199417], [0.07146922039037641, 0.0711572027070374, 0.07326314895297283, 0.0760347990912001, 0.07965938352145907, 0.0830668373427197, 0.