[[0.07350606081252099, 0.07455884112650332, 0.08248327369569997, 0.07962983707125018, 0.07141856122777651, 0.0726979124764567, 0.08141479018585207, 0.08101756757349424, 0.0705486002523033, 0.08023109448468906, 0.07574856437251896, 0.07520788140444883, 0.08153701531648583], [0.07355852061251424, 0.07448539186150098, 0.08275965206856907, 0.07982962354135437, 0.07145979563746187, 0.07271644137352898, 0.08129835434644861, 0.08086758622432355, 0.07058737370329275, 0.08005033501273916, 0.07565520326101746, 0.07511176921025445, 0.08161995314699454], [0.07364223283105174, 0.07442190366801076, 0.08302381353035214, 0.08005141993326495, 0.07154000853529886, 0.07276514339894968, 0.08113124342963654, 0.08067523613820507, 0.07066848650494306, 0.07983676211562092, 0.07556373763923624, 0.07502000044735443, 0.08166001182807574], [0.07374086399150719, 0.07438750535887644, 0.08296834786021359, 0.08025831214337051, 0.07162584616900729, 0.07282876563842872, 0.08102413481445425, 0.08055024637004306, 0.07074958225880497, 0.0796917050113163, 0.07551051273552642, 0.07496082976745715, 0.08170334788099413], [0.07389184462423669, 0.07438781860031199, 0.08272718405369907, 0.08047883607187517, 0.07177969677478163, 0.07294826298356588, 0.08087145789391348, 0.08038927231372957, 0.07090535755722355, 0.07952390368250951, 0.07548063535362452, 0.07493000613077347, 0.08168572395975539], [0.0739943467109166, 0.07437347043844977, 0.08250196504062417, 0.08066425208002105, 0.07186140515798162, 0.07301649642936126, 0.08080450607131372, 0.08031301351386136, 0.07097748176075272, 0.07943238971072443, 0.07545564828891684, 0.0748948643185929, 0.08171016047848352], [0.07409458591184188, 0.0742865247897998, 0.08245728811578476, 0.0809890947407482, 0.07188183618903315, 0.07304118591410082, 0.0807571960402451, 0.0802444156505424, 0.07096113847078332, 0.07932124459729158, 0.0753759881688335, 0.0747819481741829, 0.08180755323681256], [0.07417537992741217, 0.07417767952514075, 0.08280638107563343, 0.08129777918038594, 0.07188254348286559, 0.07304552253843795, 0.08065371144149522, 0.08012881796205154, 0.07092500436487004, 0.07917410907185829, 0.07527300486334394, 0.07464692535928623, 0.08181314120721898], [0.07424465006236881, 0.07407407337669761, 0.08284594923168291, 0.08164792257399534, 0.07183891445996837, 0.07302842370468543, 0.08064820555984478, 0.08010899903065045, 0.07082902771738545, 0.07911134115403495, 0.07519574455852673, 0.07452446266538451, 0.08190228590477469], [0.0744320149435008, 0.0740106814423333, 0.08249866954714583, 0.08215294048688529, 0.07189544261748694, 0.07310630898272134, 0.08057696611857121, 0.08003975885383394, 0.07082385701841894, 0.07901204181215016, 0.07515254672933411, 0.07442724672605014, 0.08187152472156801], [0.07465184941893224, 0.074010403527929, 0.08191656581488616, 0.08269597812791298, 0.07197311764388956, 0.07321395747696116, 0.08050633210480754, 0.07998690780777806, 0.07083409644219661, 0.07894309298702736, 0.07515029252095004, 0.07436596762748114, 0.0817514384992482], [0.07488412962481425, 0.074054004043903, 0.0815205543236871, 0.08310976439812505, 0.07212997137340757, 0.07336967807259355, 0.08032892731697984, 0.07984004653547516, 0.07095412845809514, 0.07881517347579733, 0.07516354681211404, 0.07434766585100426, 0.08148240971400365], [0.07508962000217968, 0.07413647313992644, 0.08097233784867126, 0.08300537321829383, 0.07221572538758354, 0.07349745157563047, 0.08034185867833533, 0.07988672095263218, 0.07098256954477707, 0.07886671538656524, 0.07525699130047897, 0.07438901467481988, 0.08135914829010607], [0.07526402871148762, 0.07424165706712876, 0.08057588919405267, 0.0826247121649076, 0.07231551611605942, 0.07362692840042563, 0.08035768630784772, 0.07993709135365726, 0.07104586019918845, 0.07893319208764049, 0.07536965370771445, 0.0744666453429684, 0.08124113934692143], [0.07540800357090056, 0.07436815513765921, 0.08008482725027993, 0.08214440961704234, 0.07236886914266967, 0.07373377750458905, 0.08044431013743991, 0.08007260985720133, 0.07105446509872052, 0.07908890743336267, 0.07552743565428602, 0.0745787253095387, 0.08112550428631], [0.07537267332611526, 0.07438320227001038, 0.07969368359487439, 0.08245248124388564, 0.07225090421468641, 0.07367974172134041, 0.08055365573040886, 0.08022136775792447, 0.07089598917726911, 0.07924349192126738, 0.07559595247420757, 0.0746054766769451, 0.08105137989106491], [0.07535007997045055, 0.0744438438046836, 0.07916023907844809, 0.08275970764484449, 0.07214207870432554, 0.07364808570634922, 0.08064943680114003, 0.0803905832217155, 0.07074211934641955, 0.07944633697839332, 0.07572168959523533, 0.07468081307889879, 0.08086498606909606], [0.07523173917560486, 0.07454317345571011, 0.07868289775477164, 0.08256955684459771, 0.0719978241161676, 0.07358048277635224, 0.08086030994106518, 0.08069282144197525, 0.07057740591740701, 0.079790588491122, 0.07590733299891582, 0.07483181394574072, 0.08073405314056972], [0.0734917552595761, 0.07473307405744062, 0.08224534640850575, 0.07931212813211039, 0.07149992972238929, 0.07276815979213211, 0.08134238761295817, 0.08102461902530608, 0.07067119842230046, 0.08034976668140728, 0.07590695811608823, 0.07540470379428942, 0.08124997297549606], [0.07353958891080724, 0.07461915388046267, 0.08262228200931176, 0.07956763473291766, 0.07152271903139219, 0.07276758283447746, 0.08124407991132887, 0.08086925205928223, 0.0706862928440266, 0.08013383314746088, 0.0757734646966571, 0.07526335071484352, 0.08139076522703176], [0.07357487014496389, 0.07456248973551531, 0.08284022915307775, 0.07970741942691291, 0.07154796111098578, 0.07277735572752388, 0.08116719164236683, 0.08076751457983546, 0.0707087980846467, 0.08000665304709496, 0.07570355262962393, 0.0751903432237389, 0.08144562149371387], [0.07366092372357337, 0.0744342983245985, 0.0831170974297194, 0.08004543688782487, 0.07158136799589537, 0.07279213698361195, 0.0810602683922798, 0.08061015065644238, 0.07072072420455688, 0.07978550003163817, 0.0755620474978229, 0.07502785878749506, 0.08160218908454137], [0.07358134008596272, 0.0745195713364317, 0.08289141560555818, 0.07979207150212891, 0.07152829137604319, 0.07276130274355146, 0.081181454267315, 0.08076494394824081, 0.07067760716394428, 0.07997902459868507, 0.07566547950589354, 0.07514163533003801, 0.08151586253620718], [0.0737950470804475, 0.074411449602462, 0.08295728226531639, 0.08028201288665306, 0.07170878369270745, 0.07288887573762025, 0.08092408172951222, 0.08045657560045129, 0.07084614341180126, 0.07961348642896734, 0.07551278771276183, 0.07497429218907502, 0.08162918166222428], [0.07391657210312941, 0.07443346549531071, 0.08275574339362782, 0.08040915761722428, 0.07184998486906474, 0.07299756778059986, 0.08078818964523873, 0.08032062433775285, 0.07099669070357108, 0.07948310029973983, 0.07550540788620165, 0.07497287616242389, 0.0815706197061151], [0.07402525530657054, 0.07438221798955041, 0.08245713663375559, 0.08068840933641633, 0.0718992105618134, 0.07304569698780046, 0.08076736621688903, 0.08027774269034818, 0.07101843036030901, 0.07940092503477553, 0.07545653070355969, 0.074897990270584, 0.08168308790762763], [0.07415948859826943, 0.07436675693062406, 0.08246108629406677, 0.08087735885546316, 0.0720268344669066, 0.07314470343899794, 0.08060432167891611, 0.08011445134899801, 0.07114281154143255, 0.07923610954372731, 0.07541633000546637, 0.07485306028933042, 0.0815966870078013], [0.07423040695178842, 0.07423432635820268, 0.08287632095686567, 0.08120760720487792, 0.07200094579992872, 0.07312868707211935, 0.08052034023046892, 0.08001276580009604, 0.07107230762425172, 0.0790927372893075, 0.07529633790189122, 0.07469448458466452, 0.08163273222553756], [0.07426249432792474, 0.0741310149222741, 0.08306621441929007, 0.08147830245071037, 0.07193844995979821, 0.07308997095147339, 0.08052062664058854, 0.07999830251874697, 0.07096617512893727, 0.0790399519433795, 0.07521687738025278, 0.07457789228957562, 0.08171372706704857], [0.07434663597714006, 0.07407054070850269, 0.0829608225757442, 0.08176832888760727, 0.07193837690537139, 0.07310663900603588, 0.08050140396506741, 0.07997278314781185, 0.07092669263481383, 0.07898733752650343, 0.07517296301695682, 0.0744998467277537, 0.08174762892069154], [0.07447099117192414, 0.07404271423976828, 0.0826772028333755, 0.08206970833180542, 0.07198754543296454, 0.07316644818460831, 0.080456948736058, 0.07993051231452973, 0.07094016941733831, 0.07892934281442905, 0.07515523032401128, 0.07445088583742705, 0.08172230036176036], [0.0745570975893058, 0.0740410843612229, 0.08248609406358628, 0.08225150374776562, 0.07203145823463221, 0.07321461569842512, 0.08041572322188686, 0.07989421994568782, 0.07096387374819961, 0.07888854694534285, 0.07515063090025352, 0.07442864665960076, 0.08167650488409071], [0.0746833827376834, 0.07405422767257651, 0.08222255356464209, 0.08248937312661926, 0.07210495837981626, 0.07329136921724992, 0.08034396006724744, 0.07983287841854474, 0.07101187523854639, 0.07882680178450326, 0.07515030712264724, 0.07440618598161314, 0.08158212668831036], [0.07478253713858168, 0.07405285299978974, 0.0818972732087474, 0.0827788105784539, 0.07212389631235261, 0.07333234679363401, 0.08033073233066387, 0.07982833892518935, 0.07099297478488854, 0.07881241518804286, 0.07515243890327998, 0.07437561703456554, 0.08153976580181048], [0.07511644312732269, 0.07414592853032992, 0.08136269380444826, 0.08304954636106718, 0.07237715094964545, 0.07357577780343906, 0.08009824229000509, 0.07963693573800813, 0.07120565561339882, 0.07865336051313382, 0.07519877860919866, 0.07438735408782335, 0.0811921325721795], [0.07527572055935881, 0.07420626125059814, 0.08092045402651855, 0.08296964189963178, 0.07242774811091471, 0.07366712457758366, 0.08012472167465842, 0.07968907871273873, 0.07120484206425085, 0.07870692499571719, 0.07527328250251851, 0.07441600660090446, 0.08111819302460625], [0.07485679587044253, 0.07404290036982528, 0.08143556698505973, 0.08310602708089529, 0.0720719225092497, 0.07333337760397109, 0.08040741247377611, 0.07991609937071176, 0.07088211608457683, 0.07887797963724616, 0.0751724527887532, 0.07434377132292112, 0.08155357790257124], [0.07544573167910863, 0.07429556505362964, 0.0806007126312438, 0.08268488799777318, 0.07253755102649573, 0.07379464888189408, 0.08010053107640172, 0.07969289982628688, 0.07128523090613928, 0.07872826701960137, 0.0753596942448938, 0.07447538246812237, 0.08099889718840954], [0.07565018295952608, 0.07443072907697673, 0.08010507808282408, 0.08221571846040421, 0.07264143226772309, 0.07394474141705695, 0.0801279993402341, 0.07976806229643435, 0.07134037723541818, 0.07882970732259907, 0.07551177712289209, 0.07458066749530189, 0.08085352692260916], [0.07565270902517034, 0.07445691441114119, 0.07984711432016181, 0.08223636495234342, 0.07258000507383373, 0.07392871894927236, 0.0802133591092574, 0.07987740294323589, 0.07124848954858422, 0.07894221442151081, 0.0755733369705889, 0.07461157828890175, 0.08083179198599802], [0.07563127847044913, 0.0744808935243615, 0.07938177947246935, 0.08266023157834115, 0.07245401619445087, 0.07387941343282357, 0.08030360387840718, 0.08001884983623984, 0.07107158484034527, 0.079101051734723, 0.07565737949281792, 0.07464356408088788, 0.08071635346368339], [0.07569375304916046, 0.07455103274990346, 0.07888197739478398, 0.0830648037827003, 0.07242578572831128, 0.07391252630183534, 0.08027070233432529, 0.08005544549171249, 0.07099714904809117, 0.07920954389428393, 0.075765962892155, 0.07470365678570214, 0.08046766054703523], [0.07549989463043826, 0.07456558272659618, 0.0786668325871533, 0.08297075935401313, 0.07222024609632625, 0.07376900411084428, 0.08051872935794328, 0.08034407079844363, 0.07078158939679946, 0.07950321120045903, 0.07585973109710542, 0.07477636468920278, 0.080523983954675], [0.07353471368230659, 0.07479245132812297, 0.08233721533884066, 0.07926890867808359, 0.0716116749665096, 0.0728442470781919, 0.08117264252210915, 0.08086917684448358, 0.07081584875653854, 0.0802390505249994, 0.0759294943757289, 0.07545721937764202, 0.08112735652644316], [0.07361613467990152, 0.07462881438625676, 0.08290347395063322, 0.07963583525950706, 0.07165755905388173, 0.07285386207857855, 0.08101446304018704, 0.08063635892369812, 0.07085048170717706, 0.07992163030762947, 0.07573599359305562, 0.07525128775390337, 0.08129410526559032], [0.07358162207785067, 0.07468329719317879, 0.08269790389032732, 0.07950611206505381, 0.07163345009877975, 0.07284422449195345, 0.08108356312078387, 0.08072863093689249, 0.07082948388195369, 0.08003962026496197, 0.07580259367063283, 0.07532158209509901, 0.08124791621253241], [0.07362145404729797, 0.07454035933029582, 0.08306041102312957, 0.07979511632417192, 0.07161113766156511, 0.07281537277427279, 0.08104106943235402, 0.08063197011275543, 0.07078122057051119, 0.07986951413126234, 0.07565797474887771, 0.07515233753384488, 0.08142206230966151], [0.07368736927182315, 0.07455931563210524, 0.08318511301145934, 0.07983073331633571, 0.07171952301182268, 0.07288924824615925, 0.08088193889741066, 0.08047629808964013, 0.07091032930966036, 0.07973197388709342, 0.07564378251654638, 0.07515544348309817, 0.08132893132684549], [0.07379869279761077, 0.07449881820717197, 0.08307356717268596, 0.08009607650451835, 0.07179602233596961, 0.07294751159609235, 0.0808058513080229, 0.08036988461420021, 0.07097188550343934, 0.0795836899412922, 0.07556998184937035, 0.07506568008436497, 0.08142233808526093], [0.07367779394304504, 0.07448600817370954, 0.08333333333333331, 0.07994611362528603, 0.0716625662479307, 0.07284452138994861, 0.08091955433131297, 0.08049223829144754, 0.07083204960187246, 0.0797116207610471, 0.0755842660683105, 0.07507696272429917, 0.08143297150845688], [0.0739467037430019, 0.07450314592852747, 0.08276218519068547, 0.08029519168277156, 0.07194484401590182, 0.07306493918471489, 0.08068333417106584, 0.0802367576933455, 0.07112132626584645, 0.07943884425435242, 0.07554733820920206, 0.07504037378535902, 0.08141501587522555], [0.0740362980542581, 0.07450414339859121, 0.0825784333874466, 0.08041586333710647, 0.0720308450585909, 0.07313397872079266, 0.0806132977554056, 0.08016160700439894, 0.07120557419633872, 0.07935670335302838, 0.07553404936442502, 0.07502369232703619, 0.08140551404258127], [0.07409948665540296, 0.0744822993058817, 0.08243390818048997, 0.0805525616804431, 0.07206864498296792, 0.0731677074744684, 0.08058918546027502, 0.08012791809391706, 0.07123152591381704, 0.07930578106995778, 0.0755102804715193, 0.07498838638688562, 0.08144231432397409], [0.0742121503534319, 0.07447253768759823, 0.0823170457217801, 0.08070883201063812, 0.07216991677421362, 0.07324915511061054, 0.08048648167574356, 0.08002154716130493, 0.07132712041159535, 0.07919207991420066, 0.07548408569061606, 0.0749552696415947, 0.0814037778466722], [0.07427000175271546, 0.07434026277347185, 0.08270847531559282, 0.0810139534097947, 0.07213313038856864, 0.07322372072719505, 0.08042708682600902, 0.07994128954194339, 0.07124670913598599, 0.07906687977855424, 0.07536611453767668, 0.07479949254558593, 0.08146288326690623], [0.07429730165245571, 0.07427791300899532, 0.08289691838583131, 0.08116274261982832, 0.07211242294155162, 0.07321035381987612, 0.08039945639143359, 0.07990549468048769, 0.07120379659293052, 0.0790111342051495, 0.075312062292636, 0.0747264621610439, 0.08148394124778044], [0.07430279546014477, 0.0742325349480562, 0.08301579025538128, 0.08126277168389658, 0.07208058047390242, 0.07318830921409736, 0.08040105870160796, 0.07990053071292809, 0.07115478696526188, 0.07899040724785782, 0.07527659679038762, 0.07467655084751292, 0.08151728669896528], [0.07435263421601454, 0.07413433969346658, 0.08333333333333334, 0.08151424472428033, 0.07204844282086091, 0.07317005563486986, 0.08034713856821447, 0.07983778641922415, 0.07108460132852537, 0.0788995327071324, 0.07519298855464418, 0.07456080393063, 0.08152409806880392], [0.07446359902843655, 0.07410561914185528, 0.08301351623080207, 0.0817881155394383, 0.07208764247119766, 0.07322035278265657, 0.08032792617920195, 0.07981571594607023, 0.07108973624961216, 0.0788572233039038, 0.07517543066353764, 0.07451344582057828, 0.08154167664270955], [0.07456612136490365, 0.07409177548990585, 0.08275314732551335, 0.08200632239262481, 0.07213586536673834, 0.07327493494788001, 0.0802932000297583, 0.07978319677815451, 0.07111196642649886, 0.07881445573484186, 0.07516768671208345, 0.07448302337485162, 0.08151830405624551], [0.07479520803174747, 0.07412690893139831, 0.08229864259489039, 0.08232930075439866, 0.07229312582078537, 0.07342739072391007, 0.08015499571905858, 0.0796616656852824, 0.0712336874965829, 0.0786961077003572, 0.07517259401460066, 0.0744569537878836, 0.08135341873910429], [0.07500066909902324, 0.074170664516557, 0.08190625863908087, 0.08255057284250113, 0.0724360934769116, 0.07356802524992628, 0.08003396828894119, 0.07955960074870908, 0.07134553517973767, 0.0786029691286879, 0.07519035184241346, 0.07444806147136554, 0.08118722951614504], [0.07515102334182616, 0.07417288308847705, 0.08142088261183122, 0.08292209328256642, 0.07244795793111995, 0.07362416751488184, 0.08003626265053164, 0.07957785368658463, 0.07129254141411029, 0.07860776438853428, 0.07520605991638367, 0.07440858589185108, 0.0811319242813018], [0.0749772527102897, 0.0741156076994689, 0.08168580274462113, 0.08287915784525922, 0.07230823836197622, 0.07349184515292738, 0.08015023003648575, 0.07967120727886905, 0.0711704330506386, 0.0786829559056113, 0.07517391898516863, 0.07439143296924505, 0.08130191725943921], [0.07485091468932607, 0.07411421584478359, 0.08208061634922523, 0.08254070881172808, 0.07228385627948636, 0.07343873959549627, 0.08016784608538725, 0.07967665114917295, 0.07119408893308422, 0.07869827690569084, 0.07516755334030452, 0.07442611687182152, 0.08136041514449299], [0.07465594476406309, 0.07408391715336135, 0.08248047020568473, 0.0822446468887398, 0.07215978122184365, 0.07331315721871624, 0.08027923913556795, 0.07977144896945725, 0.07110469997763005, 0.07878968922954391, 0.07515987752872533, 0.07444835332396539, 0.0815087743827012], [0.07495714760514585, 0.07411919417010031, 0.08177672797863152, 0.08279223018673156, 0.07231517356220368, 0.07348891644666769, 0.08014292189103422, 0.07966168437250162, 0.07118994489988556, 0.07867746759553416, 0.07517299669249844, 0.07440128324998127, 0.08130431134908403], [0.07483937712438701, 0.0740567096294661, 0.08172963082176685, 0.08292842213119282, 0.07214100329314922, 0.07335975393169586, 0.08031446822446349, 0.0798188404026654, 0.07099125877335569, 0.07880093570811525, 0.07515663802563333, 0.07436353979950686, 0.08149942213460203], [0.07525529236714108, 0.07419957910489972, 0.08113586799877767, 0.08298759751181119, 0.07247938668727481, 0.07367971127515634, 0.08003471736452787, 0.07959117446724188, 0.07128960252824114, 0.07862097572024157, 0.07523884742104743, 0.07441152944334467, 0.08107571811029463], [0.07539725880906975, 0.07426182324107045, 0.08083652659947212, 0.0828401599948081, 0.0725564453728183, 0.07377664324197063, 0.08002143998675605, 0.07959933200656301, 0.07133549896940103, 0.07863849130480122, 0.07530164262379331, 0.07444657502232722, 0.08098816282714898], [0.07556674368920731, 0.07435192973641996, 0.08047915841408582, 0.08255627083870883, 0.07265043576135786, 0.07389773914605904, 0.08001700151503766, 0.079624861291363, 0.07139315295431213, 0.07868007374252359, 0.0753958572517281, 0.07450757606453474, 0.0808791995946621], [0.07569803308743464, 0.07442916311668338, 0.08021108777654219, 0.08231371284875919, 0.07272876637044247, 0.07399610354702242, 0.08000579609550251, 0.07963975289479597, 0.07144576706694707, 0.07871240549108426, 0.07547563364853745, 0.07456335154969093, 0.08078042650655744], [0.07578025041290273, 0.07450282569710306, 0.07979889779487435, 0.08218420672703242, 0.0727121967042855, 0.07403889912661951, 0.08008259966742916, 0.0797566766231194, 0.07138216171745843, 0.07884454666617435, 0.07558710973648317, 0.0746287979417946, 0.0807008311847234], [0.07583691674777143, 0.0745515387175808, 0.07929543176734878, 0.08260532610899166, 0.07265418747057062, 0.07405089494396609, 0.08009732456779475, 0.07982770461426936, 0.07126873819562081, 0.07894660867003646, 0.07568005256092189, 0.0746672798705142, 0.08051799576461302], [0.07583784844940684, 0.07458278730983806, 0.07895689541012121, 0.08290920014287914, 0.0725856216219988, 0.0740346030459332, 0.0801214681695498, 0.07989561018392033, 0.0711655205419626, 0.07906650169133167, 0.07574993103691717, 0.0747006780597211, 0.08039333433642003], [0.07576750028286408, 0.07461397301384619, 0.07853790212287509, 0.08333333333333334, 0.07244281057682851, 0.07396531845139825, 0.08019245916047436, 0.08002933049670169, 0.07098443248770146, 0.07928182410199325, 0.07584600820278904, 0.07475212896278897, 0.0802529788064058], [0.07553198421465984, 0.0746581818067845, 0.07837302013358295, 0.08282601532871524, 0.07223035487850764, 0.0738127885707235, 0.08051788477066041, 0.08040157557915102, 0.07077641276079719, 0.07965273717425345, 0.07598006325325667, 0.07487423239005285, 0.08036474913885479], [0.07469827548625903, 0.07412751288926904, 0.08255848268751373, 0.08211012184783203, 0.07225820601789425, 0.07338047961805609, 0.08018118217080512, 0.07968324668096732, 0.07122827517224561, 0.07872652858686208, 0.07517658017687466, 0.07448616538970333, 0.08138494327571766], [0.07456704823966245, 0.07414710967269121, 0.08291413110055137, 0.08178972960902738, 0.07221702489987511, 0.07332236305564939, 0.08020785269555139, 0.07970842343076516, 0.07122984365229806, 0.07877063247537683, 0.07519184589648392, 0.07453812978465632, 0.08139586548741155], [0.0744485885145562, 0.07419160954129551, 0.08314865636327685, 0.0814884255525575, 0.0721832065227029, 0.07327531453520537, 0.08023971700226644, 0.0797434338563767, 0.07123616303749418, 0.07882856449289968, 0.07522304070313748, 0.0746039298980105, 0.0813893499802206], [0.07441881966591558, 0.07424002874162382, 0.08307499841393326, 0.08134230636302969, 0.0722024546843468, 0.0732839163861418, 0.0802497869944754, 0.0797590238980259, 0.07127822560714725, 0.07886130971498535, 0.0752607067944487, 0.07466085571630887, 0.08136756701961773], [0.07436992713954074, 0.07432929787556508, 0.08283810198857668, 0.0811108392371658, 0.07223029566396257, 0.07329873235374203, 0.08028811500855551, 0.07980757567953331, 0.07134178138727432, 0.07893841031947155, 0.07533589539876397, 0.07476631551678321, 0.08134471243106525], [0.07429749958719907, 0.07446493338860853, 0.08244154354806742, 0.08078513093461971, 0.0722607372736624, 0.07331696630880101, 0.08035755916414271, 0.07989598503681905, 0.0714199992630702, 0.07907135611612753, 0.07545630683085326, 0.07492786891406297, 0.08130411363396611], [0.07426200497610562, 0.07452803968789197, 0.08225338233376915, 0.08063797972347667, 0.07226856383857302, 0.07332213386803989, 0.0803947582325728, 0.07994359189324653, 0.07144787303389016, 0.07914065648019025, 0.0755148063666792, 0.07500398759548299, 0.08128222197008184], [0.07487789495326508, 0.07405896832356779, 0.08122610722577549, 0.08300445857653857, 0.07204067868320185, 0.07333205937116563, 0.08049567558882208, 0.08001010974118734, 0.07082626096654787, 0.07896045327367646, 0.07521072638538219, 0.07435899651325976, 0.08159761039761003], [0.07526380560158605, 0.074218341537171, 0.08073606020034066, 0.08281354946138406, 0.07235630749025776, 0.07363703444261649, 0.08025658228073795, 0.07982737501794396, 0.07110598634813821, 0.07883089841133274, 0.07532031421942967, 0.07443673482753652, 0.08119701016152504], [0.0755170511400264, 0.07436191881464543, 0.08027992022768236, 0.08237854800278342, 0.07253166308761767, 0.07383516825148553, 0.08020012827720034, 0.0798182833824587, 0.07124268626784519, 0.07885675968594041, 0.07545703182564467, 0.07453687281910305, 0.08098396821756705], [0.07418365332114484, 0.0745473904629754, 0.08230900200101651, 0.08051059331742888, 0.07220787628010959, 0.07327252218027808, 0.08045960171050079, 0.08001378779714294, 0.0713957037076477, 0.07922158432370997, 0.0755425628797387, 0.07504055948114839, 0.08129516253715814], [0.07409571654989339, 0.07456074214600587, 0.08248605124464961, 0.08036678154487578, 0.07213856561144688, 0.07321445947802555, 0.08051175810135351, 0.08007375714212471, 0.07133531354377703, 0.07929555834552861, 0.07556426077832805, 0.0750718019014287, 0.08128523361256239], [0.07398531574005555, 0.07457704070690836, 0.08270541099388148, 0.08018774386583373, 0.0720469701871712, 0.07313955026727399, 0.08058176114306614, 0.08015533484045635, 0.07125255845789907, 0.07939561879523312, 0.07559341294831197, 0.07511113502322816, 0.08126814703068085], [0.07388622179968962, 0.07460967735850944, 0.0828826808527068, 0.07999231353187788, 0.07197405174288193, 0.07308053408554226, 0.08063727275763301, 0.08022860327948286, 0.07119150508465433, 0.07949606599470571, 0.07563591181517787, 0.07516649569007701, 0.08121866600706121], [0.0737956220492223, 0.07463788460787797, 0.08299038459362086, 0.0798243365463824, 0.07189732875515614, 0.073021963991519, 0.0807079684651722, 0.08031640655578408, 0.07112061566678937, 0.07960695823518799, 0.0756784956141548, 0.07521664467443828, 0.08118539024469455], [0.0737520721277205, 0.07464723337810654, 0.08301111559994456, 0.07975498986817581, 0.07185304640949909, 0.0729897036640715, 0.08075624202430817, 0.08037184570875569, 0.0710755617933926, 0.0796701145689949, 0.07569818395405302, 0.07523682331818395, 0.0811830675847936], [0.0736986423300594, 0.07467540175448455, 0.08295147517534923, 0.07964569063713922, 0.0718026613687902, 0.07295575654378514, 0.08082710625448239, 0.08045680158964498, 0.07102563672741548, 0.07977097820577829, 0.07574029953728514, 0.07528086191961386, 0.08116868795617212], [0.07365648939501525, 0.07471769777361555, 0.08281414113044797, 0.0795291922244139, 0.07176801560178582, 0.07293591275526608, 0.08089349024977754, 0.08054159278572862, 0.0709931825163603, 0.07987721967290674, 0.07579491421620918, 0.07533872734826398, 0.081139424330209], [0.07362623795269678, 0.07481877025180689, 0.08255013025840806, 0.07932960863836555, 0.07177680629391388, 0.0729526330270437, 0.08092582736450048, 0.08061359436131497, 0.07101785856577508, 0.0800036152885204, 0.07589994937590253, 0.07545949189173554, 0.08102547673001613], [0.07359112937079053, 0.07490546266584358, 0.08229321594525407, 0.07914956063859255, 0.07176405447382898, 0.0729552333171492, 0.0809787350903207, 0.0807064372330772, 0.0710128533311395, 0.08014653561700584, 0.07599841971103694, 0.0755665323049274, 0.0809318303010336], [0.07358739917420341, 0.07478140532298386, 0.08253162785267584, 0.07934863805609116, 0.07169597796880396, 0.0728958204683646, 0.08103102056257482, 0.08071195890378029, 0.07091699700014605, 0.08007959256559993, 0.07588695540115958, 0.07542900127721844, 0.08110360544639815], [0.07517667686243336, 0.07415912562384219, 0.08112717428122582, 0.08311066159299363, 0.07237138260447612, 0.07359740233844154, 0.08012963017333216, 0.07967882083807608, 0.0711690742002708, 0.0786900786082526, 0.07522565301094733, 0.07438705519975189, 0.08117726466595633], [0.07499505905081547, 0.07407539433239163, 0.08127832382034958, 0.08333333333333333, 0.07219065997505286, 0.0734383920169219, 0.08026101275228735, 0.07978892319374116, 0.07099063122254827, 0.07877220325668666, 0.07517678288310711, 0.07434012674614006, 0.08135915741662461], [0.07527218705840995, 0.07428747195615774, 0.08033327021294667, 0.08232890399621837, 0.07227283264657544, 0.07362530280151086, 0.08049082330306394, 0.08008779193316708, 0.07097853319296897, 0.07907904310030292, 0.07545045447775857, 0.07452152432883373, 0.08127186099208591], [0.07508422182065266, 0.07415763786722622, 0.08081492520091235, 0.08278789461537149, 0.0721709424960348, 0.0734830756966256, 0.08045521163856895, 0.0800055978944315, 0.07091921988311549, 0.07897479444018381, 0.07530494545728454, 0.07441834353438635, 0.08142318945520632], [0.07456612443423849, 0.07400567861553148, 0.08215092941052815, 0.0824873705875827, 0.07194298491466994, 0.07317113096144558, 0.0805333761862126, 0.08000525818270247, 0.07083035411603761, 0.07896586736567676, 0.07514706521247368, 0.0743858384470817, 0.081808021565819], [0.07476086338164001, 0.07402193778760284, 0.0815194321432858, 0.08294363090109097, 0.07198638801456925, 0.07325966745529207, 0.08051727671308817, 0.08001268285871008, 0.07080210639685035, 0.07895906868870822, 0.07517293699858192, 0.07434843839141471, 0.08169557026916557], [0.07533114011524122, 0.07435009399709251, 0.0799935897480945, 0.08222880100856124, 0.07226835060767155, 0.07366201878642537, 0.08055103324096614, 0.08018329598317074, 0.07094261841758771, 0.07918734916031704, 0.07554097523860762, 0.07457971536238751, 0.08118101833387688], [0.07529184293550933, 0.0743853074573439, 0.07949115984059481, 0.08256275038726958, 0.07213668437636982, 0.07360749088134853, 0.08067853195171412, 0.08036878696462413, 0.07076436848638704, 0.07938828631270584, 0.07564198432012768, 0.07463087420141924, 0.08105193188458588], [0.07577872417255518, 0.07476636129344022, 0.07812161502303946, 0.0828757342986408, 0.07243161008650974, 0.07401174391645901, 0.08025986069812156, 0.08018067201019662, 0.07095457278039027, 0.07956158832039568, 0.07605258492272093, 0.07492604204164689, 0.08007889043588354], [0.07588251710449104, 0.07471105299376507, 0.07830651019779165, 0.08313715920633133, 0.07253336542109068, 0.07407073887612083, 0.08011492930472551, 0.07999144530859643, 0.07106053945538668, 0.07933093966638659, 0.07594284977326832, 0.07483174688043319, 0.08008620581161241], [0.07365133297089461, 0.0741023004907128, 0.08134773641598356, 0.08059519362392285, 0.0710733007198507, 0.07250325244694983, 0.08208540290432938, 0.08144115781004851, 0.06997620473515558, 0.0802616622853957, 0.07544834188719411, 0.07469548274434967, 0.08281863096521264], [0.07366463840345502, 0.0741256581400088, 0.08171324883502651, 0.08064342555847256, 0.07117330500595181, 0.07255318624426274, 0.08183503013049843, 0.08122286592884678, 0.07011894608746179, 0.0801064564629744, 0.07542352172016428, 0.07471176934309012, 0.0827079481397868], [0.07375643215091184, 0.07409614677192043, 0.08171583053346988, 0.08087458855601108, 0.0712571758576728, 0.07261414680378309, 0.08166802533896794, 0.08105856653184243, 0.07020079963560316, 0.07994738744891147, 0.07537286494462221, 0.0746596285228771, 0.08277840690340653], [0.07384256849665526, 0.07410069242448665, 0.08176936426929055, 0.08103447404437553, 0.07136541543282511, 0.07269114247316381, 0.08149097655723395, 0.08089380533379117, 0.07032049040986597, 0.07980474802916734, 0.0753481425887335, 0.07464537749720294, 0.08269280244320854], [0.0739566822672729, 0.07403060482226184, 0.08174971423229034, 0.08136246026348185, 0.0714038441045207, 0.07273274259344913, 0.08138674486323114, 0.08078534499508161, 0.0703244436422696, 0.0796725200641973, 0.07528188282622554, 0.07454820778130841, 0.08276480754440954], [0.0740478344537948, 0.07397878550178044, 0.08165643148695292, 0.08160424090703941, 0.07140926439886063, 0.07275705123670345, 0.08135802792731092, 0.08075662197656598, 0.07028986810769236, 0.0796184908446088, 0.07524776917812259, 0.07447795638739453, 0.08279765759317327], [0.07410523150517705, 0.07397376843115643, 0.08117770861092798, 0.08160247910162306, 0.07135187431314703, 0.07275566544095684, 0.08153382736893135, 0.08093311484228373, 0.07017689176855413, 0.07975071464122441, 0.07529419989240935, 0.07447144662718078, 0.08287307745642793], [0.07401543997343649, 0.07406703735635436, 0.08052919140942631, 0.08107906717138799, 0.07121780746929149, 0.07269300229582344, 0.08199473845902885, 0.08138291733653591, 0.07001672612590112, 0.08014560104082522, 0.07545468799852928, 0.07460117269651202, 0.08280261066694747], [0.07378459571291725, 0.07409927834313539, 0.0807002126461066, 0.08064717087075371, 0.07105490358324218, 0.07254816645093944, 0.08231277774706647, 0.0816532618321958, 0.06988327132210867, 0.08039222278774692, 0.07550558770440069, 0.0746785054619433, 0.0827400455374436], [0.07367548924441665, 0.07411187117170126, 0.0809543405053559, 0.08051107109472672, 0.0710152112160278, 0.07249305722880395, 0.08233304079228143, 0.08166350744926583, 0.06987650206453487, 0.08042455786622688, 0.07550379928162729, 0.07470902819976752, 0.08272852388526374], [0.07374144419734092, 0.07404972302060607, 0.08113332204459495, 0.08081447512253771, 0.07109345049413793, 0.07253294813241072, 0.08203685715200944, 0.08138557340012205, 0.0699644074781687, 0.08017825460911615, 0.07540514005898627, 0.07462259546200395, 0.083041808827965], [0.07369216835497677, 0.07408057977888728, 0.08142731113134236, 0.08073276955895077, 0.07112175869045512, 0.07253241992897687, 0.08194872130922483, 0.08131197118344591, 0.07002982716582246, 0.08014628299366824, 0.0754083725137229, 0.07466127953206828, 0.08290653785845835], [0.07385718243265964, 0.07402172045255456, 0.08129482763468032, 0.0811510919274343, 0.0712416041394624, 0.07262831695436799, 0.08169573496994213, 0.08106902731674429, 0.07013096583797908, 0.07990527762532917, 0.07532729486283227, 0.07456395909154216, 0.08311299675447169], [0.07392898528933413, 0.07399401197879255, 0.08099835579840436, 0.08123482359712517, 0.07120958515036471, 0.07263696123471304, 0.08179112579181155, 0.08116252375804127, 0.07004910143241465, 0.07995731493328369, 0.07533751107902505, 0.07452686833111552, 0.0831728316255742], [0.0738495982057075, 0.07399363392558127, 0.08106384656800962, 0.08112619439696706, 0.07116985122651374, 0.07259049579425102, 0.08181520782997284, 0.081178842084163, 0.07002820507432643, 0.07998108827421031, 0.07533111200034023, 0.0745385912866236, 0.08333333333333333], [0.07388681277762355, 0.07403603192632485, 0.0807922128749423, 0.08101556191350773, 0.07115193160112504, 0.07260904077322916, 0.08200107527868479, 0.08136222817352161, 0.06998175931306816, 0.08013209467691283, 0.0754076510241007, 0.07458541679319568, 0.08303818287376377], [0.07381186583330153, 0.0740485002767025, 0.08146446649563945, 0.08104006185190042, 0.07124217468465333, 0.07261770852037117, 0.0816942012254786, 0.08107126014798523, 0.0701529705162571, 0.07992567579678321, 0.07534337312129187, 0.07459985133619451, 0.08298789019344109], [0.07397454187273063, 0.07398891895831587, 0.08151037553789431, 0.08143908955012784, 0.07133829137989012, 0.07270338106278364, 0.08149104562743988, 0.08087899436489214, 0.07021934824072759, 0.07972788852116316, 0.07527416619545046, 0.07450420835505195, 0.0829497503335324], [0.07402504088382106, 0.07397327122456367, 0.08124503447402463, 0.08149199169078145, 0.07130923627078135, 0.0727077294625223, 0.08157613687906295, 0.08096391508695919, 0.07015207747090504, 0.07978304404281732, 0.0752893691294876, 0.07448337255584929, 0.0829997808284243], [0.07408207339376509, 0.07403482828970649, 0.08068636588732125, 0.0812854086271392, 0.07127468764072718, 0.07273264109838241, 0.08182722239189617, 0.08122701531378537, 0.07007077383876086, 0.08000673527168538, 0.07540566233996812, 0.0745515134629177, 0.08281507244394483], [0.07416538831545685, 0.07399921739756603, 0.08092576024603197, 0.0815639491628356, 0.07135996911944145, 0.07278887511920447, 0.0816027801573497, 0.08101444290719555, 0.0701591107190654, 0.07981942320131556, 0.07534223838262764, 0.07449364505145714, 0.08276520022045275], [0.0739103934795034, 0.07403301620226194, 0.08157541904317595, 0.0812646358391658, 0.07134160900383812, 0.07269092569804338, 0.08150800862228569, 0.08089728134801821, 0.07025409093391748, 0.0797679441849104, 0.07530340526171411, 0.07456195072981128, 0.08289131965335418], [0.07408775764966162, 0.0739659916721575, 0.08150809871884367, 0.08167235883639291, 0.07139986431893398, 0.07276557801793465, 0.08138951610109081, 0.08078913816460812, 0.07025699103143072, 0.07963523562198735, 0.07525141454479968, 0.0744598311109748, 0.0828182242111843], [0.07418195121660204, 0.07396499213679454, 0.08131310342157846, 0.08178771174832891, 0.07142901662399258, 0.07281327361874815, 0.0813864710476806, 0.0807978193524121, 0.07025501552365081, 0.07963293116879962, 0.07526679689949616, 0.07444600340633163, 0.08272491383558452], [0.07341128549387724, 0.0743342168350938, 0.0808550898604117, 0.07980392233831583, 0.0708833352446051, 0.07239607007838171, 0.08271712429615158, 0.08214614125073925, 0.06979677856254084, 0.08096975740908481, 0.07575859744753595, 0.0750086644092571, 0.08191901677400494], [0.07347811702940385, 0.07425145775095918, 0.08068825856173825, 0.0800319174723038, 0.0708598673240106, 0.07239255100285952, 0.08282962809677738, 0.082158171343632, 0.06973215473611208, 0.08090027780448956, 0.07569592177000188, 0.07490642518415647, 0.08207525192355557], [0.07365482378326797, 0.07418382057606425, 0.08034072942945335, 0.08042807418884518, 0.07090352457913952, 0.07246230576240208, 0.08277889475828026, 0.08210266409137855, 0.06971408255844734, 0.080784732686268, 0.07565315998672524, 0.07480300845009655, 0.08219017914963164], [0.07386462468406221, 0.07423935548838648, 0.07978017785800759, 0.0807715212687259, 0.07099307291673555, 0.07259581312858174, 0.08260707651657645, 0.08212461248033953, 0.0697426013998728, 0.08082087300212039, 0.0757487644831753, 0.07483333326049085, 0.08187817351292519], [0.07391831991251445, 0.07457305989484163, 0.07891985834337327, 0.08051413782951138, 0.07102841781150178, 0.07272402948141446, 0.0823504069177902, 0.08251753432910916, 0.06974753047234605, 0.08141221102184497, 0.07617310938972466, 0.07520338201972282, 0.0809180025763052], [0.07361443094236128, 0.0747758366956978, 0.07888920003789962, 0.07982172693945859, 0.07090335437476632, 0.07260872180387544, 0.0822930426027436, 0.08298493417859344, 0.06969432956224553, 0.08201962420776909, 0.07639184855491168, 0.07548551657272747, 0.0805174335269502], [0.07337556343232621, 0.07479869858950752, 0.07936985899678756, 0.07942699568643347, 0.07084182641369181, 0.07249183686694795, 0.08237552242833651, 0.0829947927402333, 0.0697205137687413, 0.08209803877389016, 0.07635987396772112, 0.07555121170523298, 0.08059526663015008], [0.07330519723199953, 0.07467256591961856, 0.080035651537493, 0.0794021323491972, 0.0708471067770772, 0.0724296750379365, 0.0825693013324834, 0.08267793984588422, 0.06977402920482889, 0.08170990932884731, 0.07616475522442116, 0.07541606784303166, 0.08099566836718133], [0.0733585591017221, 0.07440825927279847, 0.08062277790903714, 0.07969803498937364, 0.07084073373624147, 0.07237858541941256, 0.08280399103664515, 0.08234104290758071, 0.06975405021757396, 0.0811803017318649, 0.07585681364509622, 0.07510410906657441, 0.08165274096607929], [0.07343247347329589, 0.07428858149971825, 0.08053951804670265, 0.07996330869820284, 0.07081493969992485, 0.07236742802380246, 0.08296169852006054, 0.08230795444779147, 0.06968446526964289, 0.08104057614300027, 0.0757521939420388, 0.07495822746318939, 0.08188863477262971], [0.07354257435395632, 0.07423611002970545, 0.08020699387459364, 0.08024926969709838, 0.07081100403920638, 0.07239699591108395, 0.08305094274702829, 0.08235066490101192, 0.06962626589313736, 0.08100919358754073, 0.07573213554862278, 0.07488368315844265, 0.08190416625857216], [0.07363044782541008, 0.07423479740597243, 0.08004067994674052, 0.08040607222122567, 0.07084863620207772, 0.07244630128012688, 0.08295189984295881, 0.08232796081419526, 0.06963974231690248, 0.08098012435921047, 0.07574161017407441, 0.07486817500302435, 0.08188355260808089], [0.0736295375584147, 0.07431459092938143, 0.07972640746989935, 0.08036377333685912, 0.07082611873252022, 0.07245976941870072, 0.08296527815794542, 0.08254709515476738, 0.06960084354163286, 0.08118558618632257, 0.07585636831465041, 0.07496091313788933, 0.08156371806101644], [0.07336995491303637, 0.07440825471208583, 0.0800561307233828, 0.07982617310374018, 0.07074063634567339, 0.0723471391108504, 0.08307612313060884, 0.0827239091650667, 0.06959494989033016, 0.08141688423421954, 0.07592482062353517, 0.07510912627964923, 0.08140589776782126], [0.07337539159380183, 0.07456225832012754, 0.07963516148962263, 0.07970033349949146, 0.07075162654609093, 0.07239531557697394, 0.08276672529866255, 0.08306980