[[0.08062065240661045, 0.08268240211314339, 0.07418807464977811, 0.07257548723193966, 0.07506506275940773, 0.07925733563472052, 0.08054951154471017, 0.07078559622672621, 0.07082089005426424, 0.08123446415562224, 0.07094994673085578, 0.08176585131090182, 0.07950472518131967], [0.08090745793193317, 0.08293535481493332, 0.07407880943988274, 0.07255928584209055, 0.07492186184202684, 0.07926188913591194, 0.0803077763419456, 0.07070351654126732, 0.07077991337723312, 0.0811220465194989, 0.07091919667897982, 0.0818211757161787, 0.07968171581811807], [0.08127806890489757, 0.08298517908502114, 0.07398331629771775, 0.0725801626851674, 0.07478269747658366, 0.07936240285212874, 0.08002134465800399, 0.0706590796895527, 0.0707824834017617, 0.08095050805129672, 0.07093282363060337, 0.08180392682776316, 0.0798780064395022], [0.08161476534182997, 0.08291958723029585, 0.07390959889617403, 0.07260287827728688, 0.07467300172801884, 0.07947134345778038, 0.07980708433623392, 0.07060646944459747, 0.07077644174932174, 0.08083345459799997, 0.07093811661849972, 0.08178657109609129, 0.08006068722586993], [0.0820164725235544, 0.08285131826976941, 0.07384579422035376, 0.07265611142542244, 0.07456459433724247, 0.07956827749318791, 0.0795470754599146, 0.07058839866533893, 0.07080903654851885, 0.0806524110419392, 0.07098243689740652, 0.08167525519153808, 0.08024281792581336], [0.08229011301803474, 0.08289535996758365, 0.07377217502787663, 0.07265999031088917, 0.07446281330344282, 0.07967121349676538, 0.07938078454114421, 0.07050549208090402, 0.07077239048791156, 0.0805628045988632, 0.07095760641021184, 0.08166584164228267, 0.08040341511409006], [0.08262696549075424, 0.08333333333333333, 0.07359453998115222, 0.07258560077073876, 0.07425063022232602, 0.07988953681082482, 0.07915032469663544, 0.07023418827821525, 0.07058804930546668, 0.0804857872884771, 0.07079729980173817, 0.0817537033194506, 0.0807100407008873], [0.08300621888111717, 0.08288404545316468, 0.07353426109032385, 0.07264963329882851, 0.074144010142561, 0.08012770594392328, 0.07893416737874652, 0.07013234650883328, 0.0705701030602202, 0.08037936642196473, 0.0708009266000794, 0.08180329453914846, 0.08103392068108886], [0.08333333333333333, 0.08242651923567053, 0.07344595233742801, 0.07264837731095701, 0.07402488901324188, 0.08044194905860472, 0.07880024752247873, 0.06991943500812264, 0.07044596090817083, 0.08037367093484457, 0.07070148131438729, 0.08201680350570084, 0.08142138051705952], [0.08278723663377606, 0.0817673532393767, 0.07348735536041297, 0.07283997684902274, 0.074006348079016, 0.08090454481452736, 0.0786471706560615, 0.06986213797852171, 0.07050676725424054, 0.08030338397542995, 0.07079289258013789, 0.08210928286489579, 0.08198554971458089], [0.08302690868362066, 0.08103809172129849, 0.0734728014323921, 0.07295715784723548, 0.07393506523302013, 0.08140763708523632, 0.07846753069316209, 0.06968167644460482, 0.07045458597227104, 0.08019025312517893, 0.07077545374132255, 0.08199021953696235, 0.08260261848369503], [0.08290410444636694, 0.080500331312254, 0.0735610147820138, 0.0731731204756887, 0.07393814397625585, 0.08180559820944994, 0.07825037314038097, 0.06971105626258507, 0.07058141404957219, 0.07995614328891826, 0.07092647689020791, 0.08163016462542531, 0.08306205854088103], [0.08226007606925666, 0.0799282644762176, 0.07375242543776361, 0.07340646677988022, 0.07408202752890436, 0.08236953700149874, 0.07826960454957543, 0.06974513365390039, 0.07069514858831742, 0.0799645728455481, 0.07106143951078377, 0.08141376656925169, 0.083051536989102], [0.08177767137108291, 0.07950452458356044, 0.07391271468844302, 0.07358150112024217, 0.0742134315335106, 0.08275374450762482, 0.07829987781561465, 0.06978688399778192, 0.0707873847399225, 0.07996311737917998, 0.07116710017050909, 0.08119365148623454, 0.08305839660629333], [0.0811686103472425, 0.07904072205023284, 0.07417687055807236, 0.07380081606186752, 0.07447282156602959, 0.08312113990639408, 0.07848474607539127, 0.06990343142485182, 0.07093160073705052, 0.08010045560138043, 0.0713187275923945, 0.08102177340345898, 0.08245828467563361], [0.08070335706756253, 0.078741962102875, 0.07437709436220288, 0.07390494744215173, 0.07470349366514904, 0.08302421283627569, 0.07879015658443125, 0.06998443075995972, 0.07100121580133253, 0.0803631783292873, 0.07138582468197947, 0.08106803230102679, 0.08195209406576622], [0.08009663756200609, 0.07833427857901906, 0.0746867025572423, 0.07408498448775067, 0.07505297630601396, 0.08269778399128803, 0.0791943734340637, 0.07017322094075738, 0.07116445906703991, 0.08065738802288806, 0.07154176558741035, 0.08100219162425885, 0.08131323784026163], [0.07946730949827055, 0.07796281153832302, 0.07485444725028113, 0.07402359581877403, 0.0753243555587492, 0.08333333333333334, 0.07967790875242281, 0.07018292335772641, 0.0711041153746694, 0.08104191264639296, 0.07146424979121255, 0.08094616151348, 0.08061687556636474], [0.08024627207975991, 0.08276780176248907, 0.07434178775120917, 0.07262967061277796, 0.07525454602685197, 0.07908797860824981, 0.08071004543959918, 0.0710165684195622, 0.07097243374769899, 0.08124793448956413, 0.07107973240531938, 0.08146125872923388, 0.07918396992768442], [0.0806093206391862, 0.08285603147694921, 0.07422697495726213, 0.07263430496715853, 0.07509358097536668, 0.07912712768585008, 0.08043824707286476, 0.07093434681112153, 0.07094422203151239, 0.081052157002518, 0.07106484119003574, 0.08159103194713219, 0.07942781324304259], [0.08083067138952174, 0.0830875584022595, 0.07414218320629476, 0.07261536798921675, 0.07498493621611366, 0.07912635288547656, 0.08026750384560143, 0.07086511729177496, 0.07090532702430807, 0.08096970901583454, 0.07103356669781534, 0.08162356687849148, 0.07954813915729125], [0.08133885254035864, 0.0830071744668496, 0.07399100826579309, 0.07260656471180295, 0.07478223851365776, 0.07933250446242299, 0.07996090060948788, 0.07070945454616605, 0.07082933888706028, 0.08087193367181993, 0.07097794290460654, 0.08172796153801566, 0.07986412488195856], [0.08092297222433775, 0.08311246580913544, 0.07409349797183531, 0.07259059751797337, 0.07492858393466369, 0.07918864797695747, 0.08022397740649635, 0.07079005045714222, 0.0708518117917154, 0.08098982514088608, 0.07098609321896397, 0.08169179986987447, 0.07962967668001872], [0.08173898685211636, 0.0830309703456996, 0.07390049610063286, 0.07263113962743799, 0.07464870649430796, 0.07944282237838611, 0.07969774893024514, 0.07065014452916746, 0.07082373303542723, 0.08071429650316791, 0.07098526925291283, 0.08167415981283822, 0.08006152613766028], [0.08201725479321127, 0.08300264711514235, 0.07387110709843503, 0.07268779734712655, 0.07458562276787255, 0.07947681316847369, 0.07949942240807284, 0.07067885081960841, 0.07088205134153056, 0.08055085596852911, 0.0710497196979914, 0.08154399747846358, 0.08015385999554261], [0.08235946636505838, 0.08293097928898138, 0.07376286631339558, 0.07267096847952459, 0.07444559854807724, 0.07967065414182382, 0.07933012165940917, 0.0705114006356745, 0.07078479465745192, 0.08051502680441025, 0.07097131228743556, 0.0816302473330893, 0.08041656348566825], [0.08275747386725665, 0.08333333333333334, 0.07365587049210912, 0.07267743930231739, 0.07429667437511095, 0.07973128273124355, 0.07905230373912064, 0.07042621608502386, 0.07075603379104592, 0.08029907254348008, 0.07095630570776297, 0.08150163558813203, 0.08055635844406361], [0.08309773559750354, 0.08283360456355951, 0.07359308068725999, 0.07274333187224896, 0.07418648203196011, 0.07999741743181517, 0.0788476770911266, 0.07030567938344384, 0.07072738898477786, 0.08022204125193028, 0.07095151774637173, 0.08158754413806907, 0.0809064992199333], [0.08333333333333333, 0.08256831201132123, 0.07351388226580399, 0.07273094842939966, 0.07408442782576014, 0.08023561911328396, 0.07874347807132338, 0.0701252626257325, 0.07061680120956261, 0.08022696363606789, 0.07086049979108747, 0.08175807215070197, 0.0812023995366219], [0.08305280810815002, 0.08221911426123595, 0.07351643041303084, 0.07281578468204665, 0.07405537069088437, 0.08050063523805645, 0.07866134776633202, 0.07005843530076987, 0.0706194851234521, 0.08021651904320388, 0.07088156641822459, 0.08187935494878378, 0.08152314800582948], [0.08293809773451881, 0.08183282157404402, 0.07352070411660572, 0.07291115393076067, 0.0740240644395733, 0.08075887708833708, 0.07855634880804221, 0.06999914384855875, 0.07063269751683479, 0.08016123353185088, 0.07091376327798929, 0.08190979940372778, 0.08184129472915659], [0.08308064608406282, 0.08158757052786145, 0.07350738697073599, 0.07295577974613063, 0.07398832783420092, 0.08090252704165964, 0.07847135389478785, 0.06994490881238812, 0.07062439139710557, 0.08010031854882349, 0.0709175869565293, 0.081874649738505, 0.0820445524472091], [0.08299087223978405, 0.08125798032415014, 0.073528174139042, 0.07305822214036756, 0.07397282792213225, 0.0811372375675435, 0.07835965974099349, 0.06992566415234124, 0.07066528711671122, 0.0800048802122416, 0.07097384393080355, 0.08177422778509547, 0.08235112272879376], [0.08333333333333334, 0.08089512621234687, 0.07349632104124974, 0.07306975017347254, 0.07390822067676033, 0.0814339240747895, 0.07827518142853333, 0.06976829545339235, 0.07057458420468382, 0.07996024157634364, 0.0709020342335394, 0.08171607199838657, 0.08266691559316865], [0.08266351909626936, 0.0802178245717661, 0.07366989200396103, 0.0734165162343179, 0.07396734213140051, 0.08189301676631475, 0.07801229572098785, 0.06990218880105385, 0.07082834061691719, 0.07965735947909634, 0.07118453025566684, 0.08125384098891503, 0.08333333333333334], [0.08220666640312295, 0.0797794691580812, 0.0738468047604746, 0.0736223334294614, 0.07410749853278589, 0.08239614235145958, 0.0780561189080969, 0.06994244001618975, 0.07093272063506041, 0.07969281425341575, 0.07130619315361356, 0.08112412419808407, 0.08298667420015397], [0.08277489886034348, 0.08045470109797431, 0.07356720276102237, 0.07314730705116382, 0.07395870971457444, 0.08188216819593687, 0.07832991485895423, 0.06965734951939502, 0.07052823958420092, 0.08005576974252569, 0.07087460308572774, 0.0817115274228235, 0.08305760810535759], [0.08182842656994269, 0.07942259129818235, 0.07397103432175366, 0.07378298905537224, 0.07419536570108821, 0.08273962085222257, 0.07803061618063334, 0.06997980287980121, 0.07102186560071307, 0.07963992483183543, 0.0714088295870843, 0.08092550625879559, 0.08305342686257541], [0.0812358671972348, 0.07891373222595408, 0.0742093613556634, 0.07402035616291075, 0.07440417347539173, 0.08333333333333333, 0.07814909153050148, 0.07006061424282577, 0.07115743355278253, 0.07968207692289903, 0.07155904147989235, 0.08065980132164044, 0.08261511719897027], [0.08094215483237896, 0.07872697844200208, 0.07437871897427491, 0.07412806059672186, 0.07458996347540099, 0.08295756488521892, 0.07837640281427864, 0.07014295128195902, 0.07123549712014628, 0.07987971567991729, 0.07163631263373965, 0.08068823377877343, 0.08231744548518795], [0.08039884676547304, 0.07833721131354346, 0.07457335250825546, 0.0742138073206874, 0.07481463809284578, 0.08333333333333334, 0.07868637021808032, 0.07016498107192341, 0.07125628236675786, 0.08012489589362783, 0.07165787544012335, 0.08068512270404894, 0.08175328297129994], [0.07986883734607537, 0.0779254735831335, 0.07489229436192647, 0.07446776031957374, 0.07513454375268652, 0.08301745281186654, 0.07895388894643694, 0.07038977163057145, 0.07148331981817833, 0.08024716598357937, 0.07188398164784351, 0.08051944993526988, 0.08121605986285853], [0.07957602427495235, 0.07784895422860871, 0.07497442895880503, 0.07434634221544825, 0.07531918782562877, 0.08291086098897382, 0.07935526206732385, 0.07037110987033714, 0.07138630707284427, 0.08062902024596517, 0.0717679338550736, 0.08067384720199973, 0.08084072119403928], [0.08024350758533919, 0.08302220411260021, 0.07436262424273425, 0.0726745394998275, 0.07527021756106031, 0.07896364339066973, 0.08057273532221675, 0.07114180079428599, 0.07107580511857828, 0.08106410253550075, 0.07117577136135683, 0.08131266950843018, 0.07912037896739994], [0.08085920087241763, 0.08311951774846797, 0.07419316384141911, 0.07268532869289132, 0.07502526108109044, 0.07902224972559257, 0.0801701473441539, 0.07102216198455441, 0.07103827718384251, 0.08080009972070351, 0.07115831399225207, 0.08144351933955715, 0.07946275847305732], [0.08063699583726813, 0.08292249454586512, 0.07427124761896059, 0.0727001354344139, 0.07512637795358328, 0.07900769401339473, 0.08032794784921289, 0.07108560717415643, 0.0710722088618937, 0.08089167126374668, 0.07118488705630638, 0.08142056967980082, 0.07935216271139721], [0.08104138431447148, 0.08333333333333334, 0.07408121972791464, 0.07261596341212101, 0.07490055274753941, 0.07913300145473078, 0.08008465170396015, 0.07085296898942443, 0.07091048661884469, 0.08083216772705182, 0.07104236078655395, 0.08156222289272917, 0.07960968629132524], [0.08121911006966097, 0.08306674806186272, 0.07411217297312779, 0.07271297849237897, 0.07490319630068612, 0.07911715360210873, 0.07992238207368925, 0.07098480092162798, 0.07104681113670906, 0.080668028924939, 0.07117758419592561, 0.08143270183914629, 0.07963633140813747], [0.08160936624679341, 0.08333333333333333, 0.07396824134127046, 0.07267626479337767, 0.07472142389842146, 0.07925407461335603, 0.07967964444796774, 0.07082409184240009, 0.07095057007141155, 0.08057166083794083, 0.07109811214811751, 0.08145756009155058, 0.07985565633405935], [0.08134327688770009, 0.08303453795503854, 0.07405033034051114, 0.07267787753315452, 0.07483354850114488, 0.07921645624139555, 0.07989018345453973, 0.07087253434801005, 0.07096561202189441, 0.08071738645260111, 0.07110529247204683, 0.08153639869312589, 0.07975656509883723], [0.08195766651759621, 0.08310567577422479, 0.07392826167879935, 0.07274736701639818, 0.07463855514164486, 0.07934995567696691, 0.0794553137115278, 0.07082888318828716, 0.07100379935548785, 0.08042695394751365, 0.07116232880133004, 0.08137446184070606, 0.08002077734951718], [0.08216042556819492, 0.08333333333333334, 0.07386387464123964, 0.07274541216102169, 0.07455128153391656, 0.07939423972354043, 0.07930684132392751, 0.07077247604256778, 0.07097970376033864, 0.08032891711240357, 0.07114620594515339, 0.08130935496824129, 0.0801079338861214], [0.08236056631793978, 0.08313100162727853, 0.07382927043813958, 0.07276537061597482, 0.07449677710723683, 0.07948847359524276, 0.0792159571072954, 0.07072371938755997, 0.07096654436330362, 0.08029815010353351, 0.07114214206483672, 0.0813449327868726, 0.08023709448478572], [0.08263498208574827, 0.08333333333333331, 0.07375509825708748, 0.07278036744670903, 0.07438958953132975, 0.07955315747886067, 0.07901652796672873, 0.07065922699057933, 0.0709492898348506, 0.08015823404533928, 0.07113645646876027, 0.08127702250473426, 0.08035671405593878], [0.08310591366041448, 0.08296672229133716, 0.07366331027013061, 0.07280391244788881, 0.0742567972611811, 0.0797919626851695, 0.07882784610822623, 0.0704982407037352, 0.07087601666209895, 0.08010118766857008, 0.071086409682952, 0.08134932778337532, 0.08067235277492057], [0.08333333333333333, 0.08276658483209293, 0.0736192198569821, 0.07281263426056928, 0.07419398729673585, 0.07990990322142248, 0.07874024833539524, 0.07041515714057822, 0.07083534897415239, 0.08007300974185602, 0.07105710696435638, 0.08141706889880251, 0.08082639714372321], [0.08318697011578427, 0.08265924463719856, 0.07361735989844104, 0.07283804202087066, 0.07418211653222889, 0.08000770733942604, 0.07871773985900692, 0.07038440200447675, 0.07082958288841769, 0.08008814112597971, 0.07105805670911115, 0.0814878789683033, 0.08094275790075499], [0.08311138682812552, 0.08233795060619904, 0.07360479301674568, 0.07291556411918933, 0.07413562706921335, 0.08022493836964327, 0.0785973862062799, 0.07032107465100632, 0.07083426215386308, 0.0800476290044141, 0.07108042516087859, 0.0815744428749448, 0.08121451993949727], [0.08333333333333331, 0.08203199235248833, 0.0735491814669796, 0.07293786701223702, 0.07405183661953411, 0.0804433852490846, 0.07848722009394443, 0.07018389269662101, 0.07076710647818575, 0.08000441413102871, 0.07103236716729557, 0.08164190279907751, 0.08153550060018987], [0.08302776467028615, 0.08176047660021434, 0.07357414952975481, 0.07303537577887702, 0.07404809835037317, 0.0806426587092859, 0.07841576047512717, 0.07017105445975007, 0.07080824932981448, 0.07996471533581144, 0.07108734287719622, 0.0816528191122097, 0.08181153477129953], [0.0830550193938781, 0.08122467161853456, 0.0735983433090986, 0.07320279976348668, 0.07400413261140075, 0.08098510024648006, 0.07819975806221069, 0.07014663990122876, 0.0708836271941184, 0.07977424934903454, 0.07118780705251603, 0.081477165868595, 0.08226068562941789], [0.0827668693743586, 0.08077313271204198, 0.07368429241377189, 0.07339909931240568, 0.07401830370597832, 0.0812786650245518, 0.07804029225524621, 0.0701889039829428, 0.07100840094965843, 0.07961613599040004, 0.07133289266163298, 0.08127706627282796, 0.08261594534418343], [0.0826565656368059, 0.08025737751502081, 0.07370424879383174, 0.07347754783844357, 0.07398950069956839, 0.08178504072462218, 0.07796725614408095, 0.07000984491134038, 0.07092896247609913, 0.07958708413285066, 0.07128169991725329, 0.08118556345734942, 0.08316930775273368], [0.08296643540583784, 0.08058163168877265, 0.07360373462625548, 0.07329056187337575, 0.07394584475480387, 0.08158912515764001, 0.07809044836684562, 0.06991852829635854, 0.07078101904180979, 0.07973469996671774, 0.07112047793483808, 0.08141105748090673, 0.08296643540583784], [0.08293043047549653, 0.08100849285985975, 0.07360074248975736, 0.07323158103714347, 0.07398570766730432, 0.0812094988832936, 0.0781754220967845, 0.07006031412436425, 0.07084205000122012, 0.07978243906847342, 0.07115894547476229, 0.0814947383035474, 0.082519637517993], [0.08333333333333334, 0.08147273686288939, 0.07352036482842078, 0.07303929617144228, 0.07397332101441599, 0.08087522184352736, 0.0783270956801342, 0.07003006943765681, 0.0707271698195842, 0.07992297604254113, 0.07102302913003361, 0.08165985121640178, 0.08209553461961924], [0.08298898075765544, 0.08067447379029485, 0.07360312052990728, 0.07328332600630605, 0.07395192521016647, 0.08149292273024793, 0.07809657859407979, 0.06995851951560218, 0.07080388267321067, 0.07973043207451465, 0.07113834299275229, 0.08141756696457288, 0.08285992816068931], [0.0831449078466189, 0.08071113405313163, 0.07352886858220443, 0.07312860527327648, 0.07392044588871194, 0.08159773722911111, 0.07824756227968038, 0.06975534265779945, 0.07059282586213363, 0.0799393661470909, 0.07092856376223168, 0.08166210316186631, 0.08284253725614321], [0.08240629745989365, 0.0799670059818979, 0.07379981906518683, 0.07360385862726908, 0.0740558051026556, 0.08209424216634176, 0.07796623846231504, 0.0700182341045563, 0.07098522966780202, 0.07958574722488905, 0.07135083936942783, 0.0810987357856111, 0.08306794698215393], [0.08208759614756207, 0.07965456828934528, 0.07393149162638174, 0.07377094350560678, 0.07415355054945352, 0.08241187758029939, 0.07796321257930132, 0.07007370018847696, 0.07108833575286097, 0.07956499899501854, 0.07146627296934992, 0.08096091715661995, 0.08287253465972372], [0.0816798723328393, 0.07927004897216297, 0.07407030006950412, 0.07393665859971896, 0.07425855385256162, 0.08279808146725319, 0.0779624492752252, 0.07010040042896383, 0.07116932778290976, 0.07953696509903668, 0.07156179482199714, 0.08077082115294396, 0.08288472614488343], [0.08136667254864832, 0.07898839726246647, 0.07420920576123273, 0.07409218265706936, 0.07437232616620482, 0.08305008879921337, 0.07800326263690192, 0.07016786913355479, 0.0712719281418325, 0.07951425969430186, 0.07167339519351433, 0.080609152884822, 0.08268125912023751], [0.08089566585629553, 0.07862550952407746, 0.07443652845157364, 0.07426467007304732, 0.07460179589644023, 0.08299858054611048, 0.07826370803404105, 0.0702466347929312, 0.07137095916002735, 0.07972115558235623, 0.07177839765968301, 0.08051349783312932, 0.08228289659028704], [0.08033883010494904, 0.07819090862462036, 0.07470617209453484, 0.07446943289308643, 0.07487265889277382, 0.08302940297059498, 0.07853316065670822, 0.07036893826462923, 0.07150977051864323, 0.07989123331775871, 0.07192148608579364, 0.08043475839810013, 0.08173324717780747], [0.07997342779253169, 0.0779273727793522, 0.07489914410368728, 0.0745891475797431, 0.07508174792148767, 0.08291663911904863, 0.07875439596320638, 0.07046879363485221, 0.07160316113029597, 0.08003149772606599, 0.07201295440737308, 0.08038493871645334, 0.08135677912590245], [0.07949885420026145, 0.07759894243911043, 0.07507060113176492, 0.07461577736537335, 0.07530370271455492, 0.08333333333333331, 0.0790645890834503, 0.07049161820563339, 0.07159882451225909, 0.08023821001244001, 0.07200212304055359, 0.08032435383335486, 0.0808590701279102], [0.07924159040885251, 0.07759853008732545, 0.07515244708917657, 0.07444707598929945, 0.07551920871851767, 0.08290533152583296, 0.07955298247650032, 0.07048987767418581, 0.07148754073681468, 0.08070619572906815, 0.07186365423018436, 0.08053700624497441, 0.08049855908926769], [0.08309380759487714, 0.08150075580411763, 0.07359616149266009, 0.07314545382924449, 0.07403500317614044, 0.08075288871285363, 0.07827567035977576, 0.07021787024616989, 0.07089808287766111, 0.07981854146725992, 0.07118696707372758, 0.0815007278959252, 0.08197806946958708], [0.08310027617201653, 0.08187010978528304, 0.0736241309877233, 0.0730821668916009, 0.07409724150364265, 0.08042803225875356, 0.07838521838013013, 0.0703412820986603, 0.0709393165237958, 0.07986842313932425, 0.07120594136662062, 0.08147695310447985, 0.08158090778796907], [0.08333333333333334, 0.08221060524234369, 0.07362817214579223, 0.0729898392232298, 0.07413776959066518, 0.0801559284255247, 0.07848684890452721, 0.07041570752553265, 0.07093593028394729, 0.07990634906332693, 0.07118205448013709, 0.08141139864780238, 0.08120606313383755], [0.08311935727491132, 0.08243110871996129, 0.07366724515123052, 0.07298725628140687, 0.07419132986033458, 0.08003587292424053, 0.07855190772442085, 0.07050443842630592, 0.0709853380213053, 0.07991978706625986, 0.0712206062599294, 0.08135507438937392, 0.0810306779003196], [0.0831106790713396, 0.08279694066434576, 0.07368773561749507, 0.07292483238381561, 0.07424241598820451, 0.07983674428280632, 0.07865889712954187, 0.07057701981490078, 0.07099358821306613, 0.07994690043264088, 0.0712119883124472, 0.08126186791726624, 0.08075039017212995], [0.08277744104048392, 0.08333333333333334, 0.07374859776395479, 0.07285619602238524, 0.07435037666932039, 0.0795720251936607, 0.07884790590145029, 0.0707029973442058, 0.07102443636386196, 0.08000746957057224, 0.0712180546084653, 0.08115104533656253, 0.08041012085174358], [0.08256289668719678, 0.08313835819163483, 0.07383252090746388, 0.07288154326599446, 0.07445414784566086, 0.07947742986966713, 0.0789686949970863, 0.07082603155541356, 0.07110209339390651, 0.0800589352284015, 0.07128345487286163, 0.08113971921644267, 0.08027417396826975], [0.08248853799654221, 0.08026822327825489, 0.07358816149458804, 0.07314032665763597, 0.0739868919492662, 0.08205148954491696, 0.07840587954490355, 0.06957357893623102, 0.07046261120492985, 0.08015393420601273, 0.07081527946505699, 0.08173175238832825, 0.08333333333333333], [0.08198473727987907, 0.0796204274220535, 0.07383661467799357, 0.07355245713592651, 0.07412066180470255, 0.08263139345526169, 0.078168809823827, 0.06978837078794199, 0.07078988999663172, 0.07983213816979907, 0.07116892643942886, 0.08117223967322107, 0.08333333333333333], [0.08144307771906419, 0.07912587780690496, 0.07410197409453965, 0.07386901708245164, 0.07433148764497395, 0.08312825747067866, 0.07816248316646784, 0.0699681791590045, 0.0710324436197811, 0.07975299043987044, 0.07142657443327062, 0.0808428395856571, 0.08281479777733544], [0.08236600336625574, 0.08333333333333333, 0.07385375609939787, 0.07283104632662535, 0.07450268640151152, 0.07939890381772759, 0.07909422204068718, 0.0708382918088316, 0.07107596588844597, 0.08013537312196038, 0.07124816834290171, 0.08116348042981548, 0.08015876902250628], [0.08215107584442732, 0.08313673977305837, 0.07393003945536779, 0.07284128707347348, 0.07460249005023738, 0.07932981394809836, 0.07923894782100781, 0.07092632247516958, 0.07112310241355439, 0.08021623654277475, 0.07128479343021936, 0.08117301078989289, 0.08004614038271851], [0.08187675023886326, 0.0830202819927663, 0.07400734460345236, 0.07283327262710405, 0.07471093216585262, 0.07924083755075778, 0.0794169287051433, 0.07100488380978419, 0.07115314247412981, 0.08031351940925313, 0.07130270076612769, 0.08121695314342399, 0.07990245251334169], [0.0815781526300755, 0.08333333333333333, 0.07405042569052436, 0.07278578238317081, 0.07478791460976454, 0.07911600484098706, 0.07957144750322297, 0.07104314118084043, 0.07114136726156758, 0.08037476648753314, 0.07127872101707039, 0.08121576204950756, 0.07972318101240221], [0.08131939328882046, 0.08303969722172272, 0.07414992405127918, 0.07280755027512158, 0.07491528893494785, 0.07904632172106991, 0.07975533063148325, 0.07114093624899692, 0.07119669010903305, 0.08046924546173483, 0.07132328473533704, 0.08123911347880099, 0.07959722384165216], [0.0812012456997586, 0.0828971578504498, 0.07419166237664132, 0.07281122059079988, 0.07497115022787366, 0.07902524010745975, 0.07985164683117942, 0.07116993985099689, 0.07120881513669586, 0.08052828723055629, 0.07133136679090125, 0.08126351282497095, 0.07954875448171626], [0.08100663656827091, 0.08296263627001299, 0.07423002511787224, 0.07278699105083503, 0.07503342763361145, 0.07897274755783014, 0.07998689045190535, 0.07118176493446765, 0.07119429586977877, 0.08060141177926052, 0.07131080234091786, 0.08127764190817262, 0.07945472851706453], [0.08080381199335294, 0.08293731632384761, 0.07428641610274009, 0.07278139781107526, 0.0751129573985079, 0.07891717433113703, 0.08012821850372998, 0.07121846166175476, 0.07120320045060737, 0.08066959597633733, 0.07131304541170115, 0.08127364088212839, 0.0793547631530802], [0.0804950151645509, 0.08303665149795894, 0.07436612523771545, 0.07277363994106027, 0.07523500864941314, 0.07884437745472041, 0.08028915651069589, 0.0712999135851619, 0.0712355852369539, 0.08076220562516791, 0.07133302520497556, 0.08117130050967408, 0.07915799538195166], [0.08018646350570384, 0.08333333333333333, 0.07441293308173184, 0.07272680301956912, 0.07532628600859097, 0.07879277114814218, 0.08047897055121754, 0.07131598914406959, 0.07120964713202534, 0.08086801910281194, 0.07129718778315236, 0.08108076206349041, 0.0789708341261615], [0.08045037171806174, 0.08306041959579712, 0.07433918139262317, 0.07272164910315251, 0.07521699430298939, 0.0789100980480571, 0.08037662585693489, 0.07120133763410413, 0.07114657007033895, 0.08087642373256142, 0.07124787054360063, 0.08126677789130647, 0.07918568011047265], [0.08244081463980152, 0.07999853997674608, 0.0737619216623032, 0.07351542919124646, 0.07404465358014549, 0.08217074327881106, 0.0780578458826088, 0.06991264424192228, 0.07087063509957045, 0.07970572934618247, 0.07123568514060068, 0.08122226061281966, 0.08306309734724182], [0.08263430223997659, 0.08021224985254573, 0.07362784660083464, 0.07329361442652628, 0.07396587207457163, 0.08204441486282933, 0.07817425176374047, 0.06973084663881504, 0.07064976582617298, 0.07986857387731643, 0.07100712103374555, 0.08145780746959173, 0.08333333333333331], [0.0814538215088269, 0.07931916301721727, 0.07403330279084182, 0.07363370704670735, 0.0743577992414663, 0.08294618351758379, 0.0784836927356898, 0.06980666290243022, 0.07080265306449392, 0.08013301693004429, 0.07118217971527567, 0.0811722435680805, 0.082675573961342], [0.08203834236434936, 0.07981308421563231, 0.07379727518356911, 0.0734016939915198, 0.07414643909164209, 0.0824691457631002, 0.07839524445200668, 0.06970303206049812, 0.07065304712069055, 0.08010190840378499, 0.0710206691224448, 0.08145517668687142, 0.08300494154389061], [0.08288404305922473, 0.08132373760080042, 0.07347832611955252, 0.07291628882976454, 0.07396331843047971, 0.08120945168378702, 0.07853636711047297, 0.06975827479188461, 0.07048163532921498, 0.08023696986559177, 0.07078896999594492, 0.08206235339514162, 0.08236026378814018], [0.0827778884007606, 0.08060626974303867, 0.07352017268879689, 0.07303734792003028, 0.07395037580673734, 0.08177065246759109, 0.07844264726954181, 0.06959169945392084, 0.07043029663563935, 0.08019266150280278, 0.07076950453376245, 0.08189358203213193, 0.08301690154524602], [0.08103212235525104, 0.07899756404684335, 0.07418115433119765, 0.07373541261727848, 0.07451140520124482, 0.08333333333333334, 0.07862087468137981, 0.06984230566820986, 0.07085195969375123, 0.08025687404795098, 0.07123554216957412, 0.08113347353355196, 0.08226797832043348], [0.08044988722926881, 0.07863060591530038, 0.0744864518199104, 0.07391859840486416, 0.07485545535668232, 0.08279899385380851, 0.07903052894923149, 0.0700321169979967, 0.07101737794331572, 0.08059023460604565, 0.07139418024118499, 0.08115134237491442, 0.08164422630747653], [0.07902408193738576, 0.07729851670111952, 0.07537228488417981, 0.07475959892152764, 0.07566046350940192, 0.08280526025982436, 0.07944428539665745, 0.07071055782142223, 0.0717664891653901, 0.08044357490069926, 0.07215487085171403, 0.08021663058705844, 0.08034338506361954], [0.07925412719910324, 0.07738148203708001, 0.0752573607666266, 0.0747970426802815, 0.07547298666470671, 0.0831051580031645, 0.079137046904147, 0.07065652128287052, 0.07177321086472603, 0.08020224370375997, 0.07217730162485342, 0.08016416937226822, 0.0806213488964123], [0.08102845617108269, 0.08116518199194134, 0.07382934960499782, 0.07240860520817606, 0.07464030257637276, 0.08035977628996609, 0.08038429479973981, 0.06980535600613991, 0.07015279113895309, 0.08213598123731325, 0.070371218283995, 0.08314893753336146, 0.08056974915796086], [0.0813410788282895, 0.08154265237117814, 0.0737709576974209, 0.07239340999912348, 0.0745682607551606, 0.08020389922345111, 0.08021407862062868, 0.0698855583474844, 0.0702086118283931, 0.08181901310956109, 0.07041921996973662, 0.08305169304983114, 0.08058156619974119], [0.08163491053213633, 0.08175375613127833, 0.07368254049978239, 0.0723977100919412, 0.07444595807942313, 0.0803313074455348, 0.07997778854130204, 0.06981669285226882, 0.0701832685064285, 0.08162794455980653, 0.07040481608800604, 0.08293843901649146, 0.0808048676556003], [0.08191823676918258, 0.08200634026141909, 0.07361162782039739, 0.07240320521545938, 0.07434727591436985, 0.08036636651007902, 0.07976903973767037, 0.06979737997273874, 0.07018816690730742, 0.08140900923217277, 0.07041520169916735, 0.08282656041376456, 0.08094158954627154], [0.08209887494595233, 0.08190165575050513, 0.0735262723075106, 0.07242884308404916, 0.07422010950632048, 0.08065849851349932, 0.07955054565401629, 0.06964585636473206, 0.07011957396579294, 0.08129340696579145, 0.07036864733207474, 0.08288499371557496, 0.0813027218941806], [0.08199821720360236, 0.08158955141390835, 0.07349106182946473, 0.07246505880601228, 0.07415651804357237, 0.08095558441070899, 0.07944555705500794, 0.06951417799437146, 0.07005943804388273, 0.08126579190656816, 0.07032798933840541, 0.08313233477655867, 0.08159871917793636], [0.0814590612956656, 0.0810049940310881, 0.07362901232366535, 0.07258960941403236, 0.07429209957623358, 0.08128247157463127, 0.07960589520364421, 0.06949841134456669, 0.07009019730668005, 0.08150365922436599, 0.07037185533925293, 0.08299763180839619, 0.0816751015577778], [0.08075892869380001, 0.08045260736937415, 0.0738381455036586, 0.07260336750669506, 0.07456762142576705, 0.08112406581821392, 0.08011286079715087, 0.0695540526106613, 0.0700937890990185, 0.08207387919951706, 0.0703634594709665, 0.08333333333333333, 0.08112388917184357], [0.08058089540124831, 0.08046102556867009, 0.07390655142765518, 0.07249511752303701, 0.0747058690949441, 0.08084532298813439, 0.08048578131593541, 0.0696550018277702, 0.0700875079931628, 0.08245714275861339, 0.07032971378206802, 0.08333333333333333, 0.08065673698542766], [0.08066525105238571, 0.08074791121088874, 0.07392217209282803, 0.07246036603751739, 0.07474370897643394, 0.08061162400146343, 0.08057063834704807, 0.0697633338219447, 0.07013644534007892, 0.08245718944343251, 0.07036253912057092, 0.08304823325035415, 0.08051058730505345], [0.0810838529408327, 0.08102640124801797, 0.07376919309630563, 0.07242175370587732, 0.07455150061954288, 0.0805847492247284, 0.0802454238449639, 0.06966917395036815, 0.07008198588592504, 0.08210485722438612, 0.07031812507018557, 0.08333333333333333, 0.080809649855533], [0.08122867877356738, 0.08128908920487428, 0.07374792386390215, 0.07238042877194166, 0.07454064758786508, 0.08038518355706216, 0.08022360570828942, 0.06974754187198615, 0.07011474715199066, 0.08197425137546817, 0.07033824621903209, 0.08333333333333333, 0.08069632258068743], [0.08159113554031243, 0.08145334651371561, 0.07360468267840348, 0.0723925844053249, 0.07433992238182104, 0.08068874150704146, 0.07986300069141, 0.06958817229704155, 0.07004459899193743, 0.08168161462781959, 0.07029127836674848, 0.08333333333333334, 0.08112758866509087], [0.08129352905867264, 0.0810209252377467, 0.07371790910938404, 0.07253501151699196, 0.07443550839376067, 0.08099116735575772, 0.07992486318154614, 0.06959198480289623, 0.07010412531014963, 0.08182744672289778, 0.07036548383869523, 0.08291554192906664, 0.08127650354243456], [0.08135114749700512, 0.08116081732682394, 0.07369563055538268, 0.0724708238539536, 0.07443164050705747, 0.08082297124776386, 0.07997491950169006, 0.0696079108342405, 0.07008326487637596, 0.08184985442768562, 0.0703351250164254, 0.08307104008157906, 0.08114485427401662], [0.08098542195245267, 0.08076900301175442, 0.07380991882930747, 0.07254247645066948, 0.07455664493134839, 0.08091377978949386, 0.0801500924481538, 0.06962408628980539, 0.07011160723155326, 0.08208502832642339, 0.07036715619808126, 0.08303321092586852, 0.0810515736150881], [0.08162245689970016, 0.08158487040858682, 0.07363450445216788, 0.07239134521693992, 0.07438196509811433, 0.0805419596678918, 0.07991131301625712, 0.06967745250661156, 0.07009710874912421, 0.08167282887063913, 0.07033355710993577, 0.08315333961130189, 0.0809972983927295], [0.081843660194647, 0.08154043285559295, 0.07355024377005498, 0.07245603894218236, 0.07424068212533406, 0.0808793632876605, 0.07961211869887008, 0.0695572996469209, 0.07007079897510204, 0.08143630157065067, 0.07033145087242375, 0.083047511797574, 0.08143409726298687], [0.08154695442140943, 0.08116606563790597, 0.07361100716036227, 0.07252660893735509, 0.07429358532950345, 0.0811118898439712, 0.07966868218806611, 0.06951544069553989, 0.07006999874508398, 0.08155430748705055, 0.07034205380830229, 0.08305589267460138, 0.08153751307084846], [0.0809242057058136, 0.08054755303800411, 0.07379481188525419, 0.07264329042626501, 0.07449324523068523, 0.08128000656627163, 0.07992893001777736, 0.0695392961577274, 0.07011443046623818, 0.08187006002826039, 0.0703927401542262, 0.0831183469327819, 0.08135308339069502], [0.08123778993386153, 0.08070150175674072, 0.07372315392680329, 0.07268012556146461, 0.07438223826797113, 0.0814377043282096, 0.079679322205184, 0.06952131905324478, 0.07013697717339198, 0.08159293883269336, 0.07042497977316521, 0.08282346878174496, 0.08165848040552494], [0.08190564396980325, 0.08175777762497449, 0.07355672348107371, 0.07240787268969685, 0.07426955110536394, 0.08064818520515503, 0.07968067858171175, 0.06963153931655934, 0.07009184308913152, 0.08144399303598635, 0.070338228901364, 0.08305169825122721, 0.08121626474795253], [0.08182247206835577, 0.08135875976787132, 0.07349653118364113, 0.07248483908697463, 0.07415496036133146, 0.08111297661821541, 0.07944737487756255, 0.06945028250741363, 0.07002670992494055, 0.08130696584517828, 0.07030408328592519, 0.08333333333333334, 0.0817007111392568], [0.08159606285395768, 0.08104948687576718, 0.07357315092650259, 0.07260720569877552, 0.0742093562417868, 0.08137198526324912, 0.07943092886196867, 0.0694662706906549, 0.07009000864822638, 0.08131366238355837, 0.07037951535545409, 0.08304101067137873, 0.08187135552872005], [0.07990667713085958, 0.08082898452913297, 0.07428144227283401, 0.072514361458512, 0.07521478549022456, 0.08019731976043806, 0.08134123665304645, 0.0702015440331496, 0.07038779531209721, 0.08266282699184217, 0.07056379617690842, 0.08226037977165682, 0.07963885041929811], [0.07994928022124902, 0.0805968880745136, 0.07420619846306829, 0.07249951531106903, 0.07511539399689192, 0.08043122563474296, 0.08120641934086761, 0.07001901525316086, 0.0702740903248319, 0.08290121006705291, 0.0704691530858466, 0.08250169367833879, 0.07982991654836648], [0.07992314519902298, 0.08013789284958076, 0.07416845536004248, 0.07257019274941232, 0.07503044578473396, 0.08085240340375616, 0.08099776595487612, 0.06983032298855577, 0.07019686489473548, 0.08301953638734005, 0.07042177850435206, 0.08273800445975932, 0.08011319146383238], [0.07954246004851476, 0.07952071046684923, 0.07440631430463673, 0.07285982499311312, 0.07523155494720024, 0.08129398533782949, 0.08097330691738955, 0.06994580817036931, 0.07039064658294059, 0.08271591171858703, 0.07063434298333444, 0.08237621663817972, 0.08010891689105562], [0.07847529534310416, 0.07874361877134532, 0.07502695150559187, 0.07322141901649502, 0.0759221344677544, 0.08112416466536836, 0.08155639775740205, 0.07044650484890977, 0.0708140935432299, 0.08303710401645593, 0.07103366443405071, 0.08140808859706317, 0.07919056303322936], [0.07808928912278355, 0.07896467896074996, 0.07520636638303896, 0.07311172510214735, 0.07622086606055356, 0.0804232403650414, 0.08230505061630468, 0.07073804272339121, 0.07091566250205149, 0.08333333333333333, 0.07108492221990795, 0.08103892402112967, 0.07856789858956685], [0.07829004408311127, 0.07961313675820823, 0.0750503017487733, 0.07287018957448439, 0.07611658341204637, 0.0799930691868803, 0.0826202465070506, 0.07077452497636987, 0.07082958991154946, 0.08333333333333333, 0.07096820254122946, 0.08107846204752449, 0.07846231591943889], [0.07883710237222856, 0.08027212863158255, 0.07477100473593808, 0.07268937653300968, 0.07581272996653728, 0.0799084326986596, 0.08226032579588044, 0.07064409502585005, 0.07068909277631176, 0.08311542549084233, 0.07082639452441501, 0.08141228226068443, 0.07876160918806045], [0.07959324324095564, 0.08062542091127764, 0.07443242057335551, 0.07257560195967785, 0.0753962807335983, 0.08014192521747167, 0.081612068750957, 0.0703375972468143, 0.0704839870783857, 0.08272840288285958, 0.07064905851738755, 0.08203302852639115, 0.07939096436086816], [0.07973562425578455, 0.08047351413043431, 0.07430986743048716, 0.07254228658947293, 0.07523949075014441, 0.08040174929946493, 0.08138864133395833, 0.07010922505567148, 0.07033846998954943, 0.08294462596309887, 0.07052644024963106, 0.08233238770889649, 0.07965767724340576], [0.07961540850602236, 0.08006100433899412, 0.07429768839789815, 0.07258239648685737, 0.0752018012723048, 0.08071840893678126, 0.08129576586852423, 0.06995057003550027, 0.07025976566681995, 0.08333333333333334, 0.07046946117632245, 0.0824287586548043, 0.07978563732583745], [0.07956143158160818, 0.07986346747115772, 0.07434633045606627, 0.07267216039261339, 0.07522979286202948, 0.08089940509373662, 0.08123217098738592, 0.06995292819707664, 0.07030247301634615, 0.08313189751610786, 0.07052228996479826, 0.08242218498991569, 0.07986346747115772], [0.07921083968275955, 0.07958803000569255, 0.0745755318457125, 0.07282989060310366, 0.07547689753498422, 0.08092028870707849, 0.08146688217870884, 0.0701496272371719, 0.07047884903659025, 0.08290266555965906, 0.07069187299489575, 0.08209838551473864, 0.07961023909890444], [0.07917696511979319, 0.08004490812022104, 0.07460397981911676, 0.07269458051745746, 0.07557833220334773, 0.08035700021303956, 0.08184626414248551, 0.07035116850467098, 0.07053016426853764, 0.08297672927004483, 0.07070369183961626, 0.08189283225220606, 0.07924338372946305], [0.07871275495717504, 0.07974309436590399, 0.0748528260279074, 0.07282546362630002, 0.07586375826113839, 0.08027617889082359, 0.082