[[0.07156428706743723, 0.07475561357032719, 0.08072227070523093, 0.07324310053573792, 0.08171454013943179, 0.08186312653140383, 0.08091860302318206, 0.08161999404293357, 0.07557817731621862, 0.0743725327937237, 0.08295469871299108, 0.07003274311635779, 0.07066031244502424], [0.07159433943589923, 0.07473156172433255, 0.08052117891787489, 0.0733192151689419, 0.0820413966393839, 0.08192783321151938, 0.08076966427048674, 0.08143862100484721, 0.07551515084260099, 0.07432272271914425, 0.08296342556066141, 0.07009724097317743, 0.07075764953113027], [0.07164280551517903, 0.07470902792433448, 0.0802784082205359, 0.07341478158828194, 0.08242496778414098, 0.08192263335831682, 0.08057469473960159, 0.08120208834551669, 0.07544636427340042, 0.07427293516427916, 0.08303725916699649, 0.07018899437726041, 0.07088503954215608], [0.07163014635198908, 0.07466759076353807, 0.08009071584982606, 0.07346597535624601, 0.0827294165067624, 0.08191098389702424, 0.08043219886928792, 0.08103453069616623, 0.07536958979183561, 0.07419852480327065, 0.08333333333333333, 0.07019903935590564, 0.07093795442481472], [0.07173226431413071, 0.07469730663415679, 0.07988689441008523, 0.0736143985946503, 0.08308630595668262, 0.08182406871462149, 0.08026465303969565, 0.0808930254504153, 0.07535159400276746, 0.07419946764635628, 0.08298378429119664, 0.07034484831417126, 0.07112138863107026], [0.07174974699530322, 0.07469957333089665, 0.07976416769675916, 0.07369526657034783, 0.08333333333333334, 0.08182758239744807, 0.08017863458020957, 0.0808315360187111, 0.07532322215348043, 0.07416846185586307, 0.08285399248032854, 0.07037756355086214, 0.07119691903645704], [0.07179052278677826, 0.07475162466889232, 0.07964731596312778, 0.07386255945816368, 0.08333333333333333, 0.08194138218635551, 0.08013043580715448, 0.0808241096870523, 0.07532976357211439, 0.07415511839366998, 0.08247930765182722, 0.07042661499402675, 0.07132791149750393], [0.0718998234660723, 0.07484625652082422, 0.07952317065245422, 0.07408007133199093, 0.08305001615660562, 0.08200815106603965, 0.08006036211580216, 0.08077487234267368, 0.0753743664188182, 0.07419122819546768, 0.08210626913537339, 0.0705552025385008, 0.07153021005937713], [0.07184780264402804, 0.07486735162450442, 0.07945191907660144, 0.07418443512838492, 0.08333333333333333, 0.08220606642165265, 0.08005339433472698, 0.0807991488268102, 0.07536306098475261, 0.07413658159112843, 0.08172610434274964, 0.07048096890042108, 0.07154983279090617], [0.07195174807409893, 0.07501463296504637, 0.07937407369488103, 0.07446767380304799, 0.08287194546224305, 0.08229915378198774, 0.08002005419619912, 0.08077338033437229, 0.07545312114075176, 0.07419097348886099, 0.08124123810062017, 0.07057978184717552, 0.0717622231107149], [0.07194475819587307, 0.07510741545651418, 0.07927415140228175, 0.07467725186819883, 0.08333333333333334, 0.08221287209461296, 0.0799643369159599, 0.08071129225763175, 0.07549304820935072, 0.07417403392891875, 0.08071116142269556, 0.0705419210400134, 0.07185442387461592], [0.07211827897652563, 0.0752879028097954, 0.0791485942796944, 0.07496855416437154, 0.08310999610952094, 0.0819311353352454, 0.07984366704902902, 0.08055293401208356, 0.0755983886699051, 0.07427174780365853, 0.08031528092640036, 0.0707306408625381, 0.07212287900123203], [0.07214666878556936, 0.07544572458314792, 0.0791645518463718, 0.07516090955654849, 0.08300514887247742, 0.0817530246851376, 0.0798843632480427, 0.08055995684434522, 0.07571707385051363, 0.07433253008718281, 0.07991963357146087, 0.07071290903332182, 0.07219750503588034], [0.07216157485122716, 0.0755641479441749, 0.07918224193059943, 0.07529099607254568, 0.08302183555078102, 0.081568737443132, 0.07991501368394109, 0.08055391580924974, 0.07581214916437502, 0.07438215928210437, 0.07962245017526691, 0.07068858877036431, 0.0722361893222383], [0.07210689319569864, 0.07567918351753841, 0.07928026020038598, 0.07536482877996092, 0.0831559547626359, 0.08140103409882435, 0.08001852863745243, 0.08063087812722788, 0.07592657745214386, 0.07442361609814552, 0.07927943602092223, 0.07056101774787955, 0.07217179136118436], [0.07201550294515206, 0.07573981071721494, 0.07948141340321373, 0.0753395022476558, 0.08307124636880735, 0.0814127040740445, 0.08016930498982272, 0.08081509556976972, 0.07601654746986258, 0.07444863967168522, 0.07905852943217187, 0.07039779667430306, 0.0720339064362966], [0.07195923058010736, 0.07586017018831745, 0.07975608765476813, 0.07534011360014337, 0.08278403684516304, 0.08131855986177076, 0.0803443095407894, 0.08102055088778311, 0.07617673551314616, 0.07453273267483591, 0.0787392814076857, 0.07025638620868513, 0.07191180503680458], [0.07172987796045853, 0.07585186496399111, 0.08010791632563678, 0.07511875112762673, 0.08333333333333333, 0.08122697758241507, 0.08061075286019002, 0.08131146498620845, 0.07626649538971673, 0.07452695585013754, 0.07845400633189319, 0.06991024076165048, 0.071551362526742], [0.07161960677056901, 0.07478202078795278, 0.08083848364693111, 0.0731537302308616, 0.08135870075163996, 0.08155291695199947, 0.08090678058798423, 0.08162424955498865, 0.07565008971137811, 0.07447246627987097, 0.08333333333333334, 0.07008408606552113, 0.07062353532696969], [0.07168374950269744, 0.07477736909352943, 0.08061322794182955, 0.0732809610983266, 0.08177107471251936, 0.08169633775950776, 0.08076550223891965, 0.08145359847250903, 0.0755915968885155, 0.07443117408407725, 0.08296457076960954, 0.07019337535701743, 0.07077746208094118], [0.07168392049112554, 0.07474577742576019, 0.08046884066755342, 0.07331923005617484, 0.08199834312216475, 0.08173584936050017, 0.08066133997798043, 0.08133015345737932, 0.07553318580099767, 0.07437910508090656, 0.0831036987465728, 0.07021523318965299, 0.07082532262323124], [0.07168352809102552, 0.07471187321144031, 0.08022112154106523, 0.07343425497342705, 0.08247600873826454, 0.08185183394061446, 0.08050773274400007, 0.08112928678901377, 0.07544205118960788, 0.0742846223842187, 0.08307757822598183, 0.0702470836950576, 0.07093302447628302], [0.07165252211421938, 0.07472882575595774, 0.08043777561109172, 0.07332926420130252, 0.08209074659195387, 0.08180467112537841, 0.08065994238028416, 0.08132237939280959, 0.07550649150581064, 0.07434197284647842, 0.08312765258132812, 0.07018144789587599, 0.07081630799750939], [0.07171443750413446, 0.07469204013232567, 0.0800028241758991, 0.07352920002484999, 0.08283400989509242, 0.08181338715931866, 0.08033779224498094, 0.0809340695068316, 0.07537746544268448, 0.07422963977842423, 0.08317865178922389, 0.07031243779443626, 0.0710440445517984], [0.07179468588341607, 0.0747054583888279, 0.07983748540174178, 0.07362648941245221, 0.08303198506793512, 0.08170177585348815, 0.0801892019111982, 0.08079620664205782, 0.07535697016721465, 0.07422998924420747, 0.08312018465436696, 0.07042993664707364, 0.07117963072602017], [0.07178736772635708, 0.07471526570963741, 0.07972849891449306, 0.07373202744646135, 0.08326621861777242, 0.08179972893466646, 0.08014389760811123, 0.080795488920938, 0.07533005624756058, 0.07418284074837511, 0.0828439077106662, 0.07042663855377411, 0.07124806286118714], [0.07191269194243763, 0.07477039626868272, 0.07954533769970579, 0.07390464820664026, 0.08333333333333333, 0.08171258698990051, 0.07998824278529033, 0.08064851969906432, 0.07533740059729188, 0.07420817618603683, 0.08258938477359996, 0.0705940767777292, 0.0714552047402872], [0.07199664892509244, 0.07485735057160182, 0.07942990840530284, 0.0741178978520937, 0.08312831582299171, 0.08181414490338616, 0.07993655626793261, 0.08062588220173304, 0.07537372933006187, 0.07422727833617164, 0.0821646338550637, 0.07069040133291378, 0.07163725219565464], [0.07195377892503302, 0.07487328037357069, 0.07937889450297421, 0.07419873536342508, 0.08333333333333334, 0.08197615023431182, 0.07994051247167722, 0.08065700733804734, 0.07536483999538576, 0.0741836839766974, 0.08185960099374204, 0.07062951355759282, 0.07165066893420938], [0.07199401182770579, 0.07494780614285834, 0.07934255718696098, 0.07434931964709118, 0.08309371072297585, 0.08209135555510881, 0.07994039234482062, 0.0806709731990094, 0.07540816501476248, 0.0742021801996729, 0.08154350232978182, 0.07066290285489699, 0.07175312297435486], [0.07203565146983062, 0.07501936994908084, 0.0792859293651178, 0.07450291530537119, 0.08299846138167585, 0.0821272132705467, 0.079910241710016, 0.08064570283000584, 0.0754458529233997, 0.07421692297486338, 0.08125180127365506, 0.07069960249564132, 0.07186033505079577], [0.07205000540771125, 0.07505234591653069, 0.07923581548969781, 0.07458746932170598, 0.08312037675343986, 0.08210400233068815, 0.07987405992576381, 0.08060865382044967, 0.07545766720484337, 0.07421477005345675, 0.08106877076300789, 0.07071063316887302, 0.0719154298438319], [0.07207804538420394, 0.07510223151921203, 0.07915810140516732, 0.07470772260077536, 0.08333333333333333, 0.08202451659183883, 0.07981132072006447, 0.08053920873215537, 0.07547550343536621, 0.07421619980332067, 0.08081771692031305, 0.07073640791415177, 0.07199969164009765], [0.0721195395800574, 0.0752013820650671, 0.07915191690566216, 0.07484874923243176, 0.08308497205732522, 0.08199639382636309, 0.07982437647409948, 0.08054490357673894, 0.07554188664754935, 0.07425513923580533, 0.08058431997944562, 0.07076176774469761, 0.07208465267475689], [0.07231692313738103, 0.07540724532698108, 0.0789689448134415, 0.07519942302223294, 0.08305017138242529, 0.08162770499984336, 0.07964507680039282, 0.08031824882206587, 0.07565121802855064, 0.0743554400023816, 0.08007620078719432, 0.0709782159629958, 0.0724051869141136], [0.07232036311061875, 0.0755314000182444, 0.0789932341369934, 0.0753467897741215, 0.08296983816338366, 0.08151643031976807, 0.07969104531139443, 0.08033928900239777, 0.07574580040839879, 0.0743969192839914, 0.07976925190711923, 0.07093665757061839, 0.0724429809929503], [0.07206032826104748, 0.07528318930157, 0.07920905513822762, 0.07493707259571063, 0.08310605521310332, 0.08199649157451176, 0.07991652229940721, 0.08063166364093012, 0.07560590538059384, 0.07425680293855573, 0.080300151282733, 0.07064726393872604, 0.07204949843488305], [0.07235847012403496, 0.07563874265304936, 0.0789751903245615, 0.07548419393030718, 0.0829623179288455, 0.08135441301210045, 0.07967986667855173, 0.0802978324805025, 0.07582311383566039, 0.074443670041008, 0.07951622939809913, 0.0709513903070739, 0.07251456928620534], [0.07233432463113584, 0.0757723621038006, 0.07903718871407259, 0.0756157348335577, 0.08316285217033938, 0.08111779621078212, 0.07971858638243992, 0.08030756289711254, 0.07593380153347389, 0.07448674095401123, 0.07914049192099354, 0.07086391883596668, 0.07250863881231409], [0.07229305785881791, 0.07583837155686562, 0.07918441041167357, 0.07562857190683256, 0.08291002231052859, 0.08111939990622563, 0.07983051881133463, 0.08044267481193064, 0.07601518201435085, 0.07452266875290356, 0.07900283656614611, 0.07077303357128319, 0.07243925152110736], [0.07213445049119546, 0.07588350232851497, 0.07938137378164659, 0.0755777310101224, 0.08333333333333333, 0.08108119122854088, 0.07995523675260437, 0.0806047523931889, 0.07608870104583987, 0.07450965917141826, 0.07869728490919772, 0.07052064244965195, 0.07223214110474525], [0.0721567310273046, 0.07604460262693329, 0.07955173833206976, 0.07567802283493254, 0.08306057448644637, 0.08090358050347805, 0.08000381929736373, 0.08066846674481999, 0.07625378192097759, 0.07461543750646003, 0.07835276737000041, 0.07048129449900233, 0.07222918285021117], [0.07199217841473399, 0.07601980184454889, 0.07985276361210947, 0.07547026425332753, 0.08296369580009044, 0.08100644517981365, 0.08028583491195275, 0.08096722432743686, 0.07632144482496585, 0.07462253704691604, 0.07831627532398733, 0.07023720575700926, 0.07194432870310799], [0.07177592905956624, 0.07482922515412385, 0.08071632458979396, 0.07322894415912466, 0.08141500311850529, 0.08141777196719788, 0.0807520293176817, 0.08144785755837573, 0.07568961107053496, 0.07455466621027358, 0.08309981141744001, 0.07028770762811205, 0.07078511874926997], [0.07180060546644003, 0.07477110278506123, 0.08037015767993018, 0.07335860904718206, 0.08199824001589463, 0.08156301352445265, 0.0805245767812351, 0.08118149805014192, 0.07555058596761594, 0.0744385791987467, 0.08313303744888059, 0.07037046144591663, 0.07093953258850218], [0.07180845372805195, 0.07480608137868112, 0.08050532220524359, 0.073327694408074, 0.08179242608524363, 0.0815334587661017, 0.08062062649586679, 0.0812934828440469, 0.07561074291546493, 0.07449424128885489, 0.08294674177329889, 0.07035889742172477, 0.07090183068934693], [0.07171582305790335, 0.07472088245301456, 0.0803092555763996, 0.07335692945967273, 0.08218723126877889, 0.0816846720302134, 0.08051874448090199, 0.0811668706955489, 0.07548356930350987, 0.07434886150696837, 0.08333333333333333, 0.07027786295992411, 0.07089596387383083], [0.071854959995054, 0.07476195677637093, 0.08016274020602729, 0.07346135877108319, 0.08231179295232487, 0.08156663287522135, 0.08036904957765888, 0.08099299830770666, 0.0754972393808362, 0.0744006054426911, 0.08308553341910827, 0.07046484226691713, 0.07107029002900027], [0.07182247458272709, 0.07471568443869783, 0.0799712512511714, 0.0735268226230019, 0.08265628407206119, 0.08160726857952891, 0.08024561956888596, 0.08083569963063386, 0.07540875428110749, 0.07430431623179241, 0.08333333333333334, 0.07045171577036155, 0.07112077563669715], [0.07180109809761243, 0.07474208855575383, 0.08014676284127581, 0.07347190928049194, 0.08244755774392575, 0.08167030410073793, 0.08039202562848588, 0.08100904720540225, 0.07546694224129641, 0.07435009706837428, 0.08305680382716761, 0.0704010293432376, 0.07104433406623845], [0.07188447560289976, 0.07472221280677814, 0.0797826858109814, 0.07364100613014427, 0.08286727662741956, 0.08153982456076433, 0.08009657211523301, 0.08067230276318091, 0.0753725451851432, 0.0742802810924993, 0.08333333333333331, 0.07054937134964528, 0.07125811262197736], [0.07194093759784848, 0.07474476184303633, 0.07968140183414797, 0.07373034324922725, 0.08300892746114918, 0.08149763359075764, 0.08001837479962938, 0.08060840001464137, 0.07536822337686273, 0.0742830977857895, 0.08312828284492592, 0.07062769358770841, 0.07136192201427578], [0.07195528060204129, 0.07475751735291804, 0.07961809478472331, 0.0737975269575372, 0.08310042825686875, 0.0815391367492148, 0.07998487873939426, 0.08059459168856067, 0.0753598296927041, 0.07426838031512438, 0.08295710307760304, 0.07064902246908562, 0.07141820931422453], [0.07205707482950606, 0.0748114974098149, 0.07949263546414022, 0.0739442712486776, 0.0830732017438906, 0.0815038163764428, 0.07988700546043706, 0.08050842091911739, 0.07537600960762117, 0.07429479373452265, 0.08268387597680205, 0.07078116993683722, 0.07158622729219018], [0.07208677385438796, 0.07486011910094893, 0.07938546700146548, 0.07410708451032742, 0.08313406021922537, 0.08159487790740945, 0.07984465963603103, 0.08050121365080373, 0.07538015327112996, 0.07427581749091655, 0.08230765594946915, 0.07081546191187708, 0.07170665549600787], [0.07207164719850866, 0.0748648548564651, 0.07932921689572352, 0.0741616972518517, 0.08333333333333333, 0.08166279034870395, 0.07981904430367606, 0.080491079098887, 0.07536592020891428, 0.07424652534384624, 0.08212466212031601, 0.07079718232177039, 0.07173204671800372], [0.07207969432264331, 0.07488938881799959, 0.07932201985417284, 0.0742121003340295, 0.08320613219426563, 0.08172948845167358, 0.07983148015823738, 0.08051300625811926, 0.07538020671826737, 0.07424996447098754, 0.08202338240270586, 0.07080104953708477, 0.07176208647981343], [0.0721140671569302, 0.0749453135448928, 0.07924996451067462, 0.07435105526530174, 0.08314196940646715, 0.08181680490352287, 0.07980374086531014, 0.08050037463315228, 0.07540300261145143, 0.07425300797368388, 0.08172332754611134, 0.07083466485668011, 0.07186270672582161], [0.07210215532020486, 0.07497651007716352, 0.07919417928358635, 0.07445437520824419, 0.08333333333333333, 0.08188865154405399, 0.07977950072897119, 0.08049004249037375, 0.07540583704654004, 0.07422804211573261, 0.081425652245438, 0.07081139752053985, 0.07191032308581824], [0.07216521998809465, 0.07505272539893308, 0.07916080275626584, 0.07459557915738681, 0.08307406018645348, 0.08190742726645443, 0.07976345276310853, 0.08047508150821503, 0.0754548680825326, 0.07426363507275363, 0.0811877685513079, 0.07087490966402968, 0.07202446960446422], [0.07227547189301978, 0.07516993957847891, 0.079028511633051, 0.07483825174911463, 0.08309994980961304, 0.08177682163153525, 0.07965028470705, 0.08034882036535923, 0.07551021911117009, 0.0743050571687451, 0.08076552798013685, 0.07099643470528265, 0.07223470966744347], [0.07234314933332202, 0.07526567727137823, 0.0789077707001356, 0.07502722457206379, 0.08333333333333333, 0.0816140686360458, 0.07954323727143527, 0.08022534882718385, 0.0755449473303193, 0.0743235754835136, 0.08041932508253168, 0.07106735228902689, 0.07238498986971059], [0.07238735385378536, 0.0754225100986139, 0.07892480540589726, 0.07523626277906231, 0.08292327484319857, 0.08156882209988606, 0.07958864380028394, 0.08025558330458955, 0.07565686024834957, 0.07438431065910381, 0.0800901501222155, 0.07107420847352444, 0.07248721431148972], [0.07228443135628201, 0.07531969600545226, 0.07901511015289849, 0.07506175598776925, 0.08296957144418024, 0.08175007980055565, 0.07967875012822757, 0.08036937320051814, 0.07560146985645262, 0.07433138755019458, 0.08033412056424569, 0.07096034419083966, 0.07232390976238406], [0.07225885153923686, 0.0752128448137553, 0.07902977638179011, 0.07490483111154563, 0.08309560078176492, 0.08179928242422885, 0.07967011240743199, 0.0803706077266093, 0.0755340445184332, 0.07430165888846849, 0.08061713832779771, 0.0709595889700027, 0.07224566210893507], [0.07213849335525996, 0.0750756145521497, 0.07912053038066967, 0.0746707900913577, 0.08333333333333331, 0.08192508009171305, 0.07974633430732647, 0.08046348090930659, 0.0754567820655554, 0.07423754158771316, 0.08095821318808827, 0.07083168790567458, 0.07204211823185194], [0.07228022365884522, 0.07529216650005768, 0.07900561518636151, 0.07502788439558615, 0.08305693508083478, 0.08175012058187561, 0.07966326330257094, 0.08035585167992296, 0.07558042295270218, 0.07432083042578769, 0.08039084888946321, 0.07096448891107057, 0.07231134843492149], [0.07214076878148047, 0.0752513492426305, 0.079141047289381, 0.07492140551016155, 0.0830228731252505, 0.08195571038291742, 0.07982178972038445, 0.08053562948107353, 0.07557413295819329, 0.07427378451083293, 0.08045746022567961, 0.07077514910916194, 0.07212889966285282], [0.07238300538695847, 0.07549297811524934, 0.0789194384049397, 0.07533182039326428, 0.08298822369665763, 0.08149560193116405, 0.07959795213686431, 0.08025132123641614, 0.07570350084675988, 0.07439777947515433, 0.07988235178145292, 0.07104332039356495, 0.07251270620155409], [0.07242437201231804, 0.0755982530029073, 0.0789152292308347, 0.07546616690214102, 0.0828406079288529, 0.08138149982282955, 0.07960272348413677, 0.08023305046032816, 0.07578094525210548, 0.07444683084423345, 0.07966100618903578, 0.07106325311732677, 0.07258606175295024], [0.07242971715782652, 0.07570081829984475, 0.07890785496689937, 0.07559070096590233, 0.08296348070836373, 0.08122188536772014, 0.07960615566697543, 0.08020521786665633, 0.07585593485706453, 0.07447966202199584, 0.07938493922808443, 0.07103254550945186, 0.07262108738321472], [0.07243676551536726, 0.07578163038078263, 0.07892183094064174, 0.07568477468534832, 0.08306580269299034, 0.0810786299248443, 0.07960207320932702, 0.08017242732363768, 0.07591663910727343, 0.07450869904092608, 0.0791710960722296, 0.07101178851117246, 0.07264784259545913], [0.07239141940895856, 0.07589462960545022, 0.07909457109070706, 0.07575093717001954, 0.08289419319488062, 0.08097564187823693, 0.07970782844071006, 0.08031315693752873, 0.07603281129815512, 0.0745578650372444, 0.07890470902034988, 0.07089713979443074, 0.07258509712332799], [0.07231450425713173, 0.07600084966561257, 0.07925352228316973, 0.0757996379019651, 0.08307501378195169, 0.08086974736525394, 0.07977058118890124, 0.08040778906120871, 0.07614235179999815, 0.07458997788063453, 0.07854905380507142, 0.07074000911248363, 0.07248696189661735], [0.07228145003632905, 0.07608754939891833, 0.07939958345770354, 0.0758212324155355, 0.08297535271881085, 0.08080037731757161, 0.07984465879645071, 0.08049673733746414, 0.07624442373186906, 0.07464127303828066, 0.07833525783676674, 0.07065162675053895, 0.07242047716376102], [0.07214771671799916, 0.07613618297741556, 0.0796150966232611, 0.07574001437938892, 0.08333333333333331, 0.08071239907685233, 0.07996889632005952, 0.08063736457056157, 0.07633922321865967, 0.07465813013948042, 0.07806888941685956, 0.07042946624206543, 0.07221328698406329], [0.07198096121718074, 0.07610222144660098, 0.0799918689490328, 0.07547874164347794, 0.08295502114741711, 0.08086165074976649, 0.08033186878892111, 0.08101119788353994, 0.07642640324040358, 0.07468671150434833, 0.07809988415771067, 0.07018027348839033, 0.07189319578321002], [0.07225316808004136, 0.07510720571760651, 0.07906053402994297, 0.07472644025333118, 0.08313097793445237, 0.08178511723485356, 0.07966460516568447, 0.08036397766146719, 0.07547794660114834, 0.07429383140493502, 0.08098587099871678, 0.07098358184136247, 0.07216674307645768], [0.07223340512132062, 0.07503814983339781, 0.07910584686693437, 0.07457511574803395, 0.08313421791166627, 0.08174731070285901, 0.07968015633143286, 0.0803730421737719, 0.07544235796560082, 0.07428964151712918, 0.08132387465829545, 0.0709774165516172, 0.07207946461794057], [0.07218699731532652, 0.0749589625848073, 0.07915140820612544, 0.074408159104965, 0.08333333333333334, 0.08167493804240814, 0.07969418998366731, 0.08037626376263499, 0.07539868304420017, 0.07427106010663541, 0.08164720813501569, 0.0709365664279305, 0.07196222995295022], [0.07221242468587598, 0.07495414834269563, 0.07918848704792168, 0.07436469039192123, 0.08314784516652711, 0.08161845164194641, 0.07970388816012233, 0.08037425256487225, 0.07540845857095099, 0.07429902218155382, 0.08180242551389857, 0.070971016390896, 0.07195488934081788], [0.07219943499231317, 0.07491451356605973, 0.07925341655962007, 0.07424864038604194, 0.0831389974137394, 0.08152532780523905, 0.07972526659536233, 0.08037760481501854, 0.07539864676412786, 0.07431055639765706, 0.08206608182922459, 0.07096151756571487, 0.0718799953098814], [0.07219298180253142, 0.07487929666601315, 0.07937704599465178, 0.07409217040774554, 0.08292214132371739, 0.08140848703895097, 0.0797814754571783, 0.0803998174322038, 0.07541008448950139, 0.07435006919709994, 0.08245564038791918, 0.07095429266050562, 0.07177649714198156], [0.07214287464535597, 0.07483282292415723, 0.07942823006989724, 0.07398196986256075, 0.08311094350835477, 0.0813706759522054, 0.07980153786956116, 0.08040368332793263, 0.07538900128258683, 0.07433564950741299, 0.08263017141136672, 0.07089551569561475, 0.07167692394299363], [0.0720187162214175, 0.07531989901880456, 0.07928149844269873, 0.07495164537391705, 0.08300408915875039, 0.08201635668945595, 0.08000637683714504, 0.08071892011537883, 0.07564777423338642, 0.07426484690173484, 0.08019845701724225, 0.0705711828461443, 0.07200023714392421], [0.0722379829102575, 0.07555410020535337, 0.0791028160532628, 0.07532133267321525, 0.0829168911408409, 0.08156307436246658, 0.07982036389147788, 0.08046533077453641, 0.07578677729079693, 0.07439343629861717, 0.07969818833502132, 0.0708053281907541, 0.07233437787339966], [0.07225523008271793, 0.07568164825308889, 0.07904732126831544, 0.07548855494498304, 0.08333333333333334, 0.08126901394562566, 0.07977207362104487, 0.08036566025384334, 0.07587188734617845, 0.07443029097737368, 0.07930269550109255, 0.07078416992787552, 0.0723981205445274], [0.0720522960113006, 0.0747747811777908, 0.079506089333318, 0.07385143673802795, 0.08333333333333333, 0.08137430090115563, 0.07985487888779588, 0.08044608334475735, 0.07536066214050605, 0.07430185304277234, 0.08282772214550303, 0.07078309696253, 0.07153346598120902], [0.07203296089765923, 0.07476876253075473, 0.07960414491611982, 0.07377712098660816, 0.08310484281048222, 0.08136569990404552, 0.07992222610595723, 0.08049426475718399, 0.07538123416098766, 0.07432497343064938, 0.0830104203798623, 0.07075038279581738, 0.07146296632387242], [0.07201346108308102, 0.07477029376960771, 0.07973732558015031, 0.07369227136626513, 0.08281510630640253, 0.08139009194381579, 0.08001581809252753, 0.08056649942871448, 0.07541632158584073, 0.07436139042583229, 0.0831299008036008, 0.07071201646864578, 0.0713795031455159], [0.07198877089862184, 0.07476466947333453, 0.07986089383503898, 0.07359733012014123, 0.08251600977666655, 0.08137869183210661, 0.08009291732882287, 0.08067177972978803, 0.07544541465497362, 0.07439344791880398, 0.08333333333333333, 0.07066855446188776, 0.07128818663648055], [0.07200169472280092, 0.07479825409690193, 0.08000793035601714, 0.07355064918324507, 0.0823231652544757, 0.08138696114758412, 0.08019777167984825, 0.08079951490771602, 0.07550958577408849, 0.07445826315605522, 0.08306042733488549, 0.07066312678891078, 0.07124265559747085], [0.0719957881433508, 0.07481234716825058, 0.0800880401416886, 0.0735256321448613, 0.08223704210247752, 0.08140404578847266, 0.08026066638861071, 0.080873646333662, 0.07553891075029885, 0.07448320202544, 0.08292677251170606, 0.0706441800704382, 0.07120972643074269], [0.07195769845727483, 0.07481131321015519, 0.08020057621892962, 0.07346042350427479, 0.08208254068579723, 0.08140890725902876, 0.08034432650099413, 0.08097542468726969, 0.07556341478071534, 0.07449882772511614, 0.0829863069822038, 0.07058276927458614, 0.07112747071365443], [0.07193895169279371, 0.07482445016970991, 0.08031883160683712, 0.07340893762809109, 0.08190788458933351, 0.08139613395661806, 0.08042871963240567, 0.08107598708123362, 0.07560183578475849, 0.07453075443003984, 0.08296086806382401, 0.07054270512447201, 0.07106394023988301], [0.07194742348515484, 0.07484864443331583, 0.0804529615363027, 0.07334184965662562, 0.08162038586601922, 0.08128763798370275, 0.08049177833328458, 0.0811535961584832, 0.07567077383636196, 0.07459484735099625, 0.08305261574000927, 0.07053256047841923, 0.07100492514132452], [0.07190498314911871, 0.07485013968812379, 0.08061886856365891, 0.07324665022297702, 0.08133821743409081, 0.08119116507375526, 0.08057095220352338, 0.08124601540443664, 0.07571872736652689, 0.07462688546348958, 0.08333333333333334, 0.07045919020542189, 0.07089487189154395], [0.07186306676939327, 0.07482975957398236, 0.08053789689017342, 0.07330045417394933, 0.08160198134800255, 0.08137949635738426, 0.08059354370164927, 0.08126857954344947, 0.07565969294395612, 0.07455820343451969, 0.08307530543783215, 0.07041898826098045, 0.07091303156472777], [0.07228753242902287, 0.07545565231626446, 0.07899138161557957, 0.07525277847415698, 0.08311091756323273, 0.08159583022850107, 0.07968302184910588, 0.08034766015896594, 0.07568835277244135, 0.07435863564708287, 0.07992057595647646, 0.07091823735396997, 0.0723894236351998], [0.07214321885076012, 0.07534909412143077, 0.07908920395572897, 0.07507413731549784, 0.08333333333333331, 0.08179042801009172, 0.07979142049152654, 0.08048304163019705, 0.075627171493171, 0.07428327711101014, 0.08009850675049618, 0.07074777302206466, 0.07218939391469155], [0.07208845314351486, 0.07560210858396334, 0.0793017700774124, 0.07526991994300349, 0.08301149113899199, 0.08153679399914565, 0.08005162751916396, 0.08067287267464238, 0.075871866299133, 0.07439462322333046, 0.07950491327036469, 0.07056303291112218, 0.07213052721621148], [0.07210559903468042, 0.07547816380927883, 0.07926566463013561, 0.07515231037222195, 0.08278716030080802, 0.08178623298862195, 0.0799998104438148, 0.08067150071578728, 0.07576578177956798, 0.07435002731505798, 0.07986809765715316, 0.07063671870314422, 0.07213293224972775], [0.07195183150361058, 0.0750707698760116, 0.0793114958085887, 0.07459955066008243, 0.08311210350233703, 0.08226772757937639, 0.07998547088775323, 0.08073730279939602, 0.07547739360123278, 0.07418164632953454, 0.08091685312093067, 0.070562876464574, 0.07182497786657188], [0.07199407403146736, 0.07523575380998612, 0.07929765912399213, 0.07483733865073708, 0.08297112395550037, 0.08214528586548596, 0.08000983744675715, 0.08074172795503791, 0.07559074687337332, 0.07423515962095407, 0.08043388783924044, 0.07056532758859678, 0.0719420772388713], [0.07200074407659038, 0.07564541748215477, 0.07937482404719252, 0.07527099027884383, 0.08333333333333334, 0.08148543055289567, 0.0801222166397944, 0.08074907879678227, 0.07592283129782737, 0.07438938039951344, 0.07926124884085842, 0.07041744149863916, 0.0720270627555745], [0.07194624476595278, 0.07575957309977953, 0.07964972926475541, 0.07527343732336617, 0.08287588862865375, 0.08146534444642745, 0.08032160502797316, 0.0809849835757468, 0.07607547473230435, 0.07446954385105829, 0.07898612759383336, 0.0702816347106648, 0.07191041297948411], [0.0721496323380043, 0.07627989366939836, 0.07988766092640169, 0.07573705769771595, 0.08286546385785737, 0.08057195398591738, 0.08010991307284156, 0.08077302524349889, 0.0765352181481303, 0.07479242317347011, 0.07781047496943425, 0.07035838370179785, 0.07212889921553205], [0.07221864194745616, 0.07625253554581084, 0.07965414108519649, 0.07584894090003579, 0.08313327527720679, 0.08055469472622417, 0.07992528135298875, 0.08058807728664787, 0.07644159059391148, 0.07474137584785877, 0.07787111357497639, 0.0704827208839378, 0.07228761097774888], [0.07124680172791117, 0.07484202698858974, 0.08069852351810423, 0.07357266708059416, 0.08134431563719746, 0.0831685854474992, 0.08139625681164027, 0.08226356262028857, 0.07556657053874276, 0.07413310434005548, 0.08159707833416154, 0.06958309032871499, 0.07058741662650046], [0.07129394627644585, 0.074772427043241, 0.0805407587360643, 0.07353915016683735, 0.08173792400222678, 0.08308118928813162, 0.08116375130950065, 0.08197760814301364, 0.07548622840620768, 0.07410595346439872, 0.08197728765528552, 0.06968100300227724, 0.07064277250636958], [0.07135693254675395, 0.07478226156037518, 0.08036015746592867, 0.07364383933714251, 0.08193375111675695, 0.08298343776472174, 0.08099912980991315, 0.08182227594615916, 0.07545868666127999, 0.07409285262326493, 0.0820216655082535, 0.06977606207402284, 0.07076894758542739], [0.07142198239030209, 0.07477843933772525, 0.08019683080920854, 0.07371505315786357, 0.08216560766544236, 0.08288738394708758, 0.08082741036669655, 0.0816399690695509, 0.07542579400750325, 0.07408432972123405, 0.08209966462158148, 0.06987723872435446, 0.07088029618145003], [0.07146812736383726, 0.07483192731864285, 0.0800541639833552, 0.07388060343308056, 0.08226322354899195, 0.08294468304218096, 0.08073106769748459, 0.08156499088651027, 0.07543339107212076, 0.07407535967709863, 0.08180853831961452, 0.06993226765024736, 0.07101165600683501], [0.07147461100001096, 0.07488732038748588, 0.0799970903975041, 0.0740068696891738, 0.08218762137939209, 0.08316084912458657, 0.0807118195291838, 0.08155910045938032, 0.07545837268949143, 0.07406913365527258, 0.08148364079558626, 0.06992586154861266, 0.07107770934431937], [0.07145153703750573, 0.07499900622113007, 0.08013211104973626, 0.07410633955834893, 0.08193652918259152, 0.0830450239999854, 0.08090073433975867, 0.08176196089855187, 0.0755684830615324, 0.0741156610157129, 0.08107097959931249, 0.06984667290150597, 0.07106496113432782], [0.07127699610366442, 0.07502541154571424, 0.08051554453023436, 0.0739450285972289, 0.0814003097794256, 0.08333333333333336, 0.08133806760809657, 0.08223135972032716, 0.07566367473919083, 0.07413403640149639, 0.08078303874860533, 0.06957186552724566, 0.07078133336543743], [0.07117595948060199, 0.07495475939623572, 0.08080241394257826, 0.07370026942866295, 0.0811219764946908, 0.08333333333333334, 0.08161103175123637, 0.08255457048650679, 0.07566519719373846, 0.0741399122360369, 0.08094355622411113, 0.06944034635097715, 0.0705566736812902], [0.07122613614672879, 0.07493666502114209, 0.08086844798552417, 0.0736324369594266, 0.08095286174537138, 0.08307896612280771, 0.08162893539920049, 0.08255163493828437, 0.07566964286963337, 0.0741827987018199, 0.08119831574596044, 0.06951273492147607, 0.07056042344262477], [0.07124908328307987, 0.07487504044456487, 0.08060246132400019, 0.07368339783669277, 0.08134394761378377, 0.08333333333333333, 0.08134394761378377, 0.08224689895671243, 0.0755668941811935, 0.07410957199326776, 0.08141196886018358, 0.06958151835076297, 0.07065193620864116], [0.07125247096995435, 0.07480972152710996, 0.08056807732799585, 0.07359370698459519, 0.08151553478818988, 0.08333333333333333, 0.08126062939711862, 0.08212479998286686, 0.0755146334366316, 0.07409399883626325, 0.0816972606504703, 0.06960972768226342, 0.07062610508320737], [0.07132998158159455, 0.07483751319906363, 0.08030276691897396, 0.07377901400134433, 0.0818119096937326, 0.08333333333333333, 0.08101815303797323, 0.08189092312330665, 0.07547958212489601, 0.07406500057386982, 0.08161411839819444, 0.0697242911328605, 0.07081341288085692], [0.0713843414447899, 0.07497209965947794, 0.08036944793985573, 0.07394349364565311, 0.08158971292951676, 0.08297003666782574, 0.08113458117228829, 0.08202386746444106, 0.07559609868033446, 0.07413825135853572, 0.08122483803401293, 0.06974972226730668, 0.07090350873596184], [0.07134525740351534, 0.07491555874761646, 0.08040002326436084, 0.07384578652479037, 0.08160205006577032, 0.08310424082866785, 0.08114673093263809, 0.08203763130577363, 0.07555840549323484, 0.07411398557341009, 0.08138635271650804, 0.06971328166382822, 0.07083069547988582], [0.07131726238463114, 0.07498611893191966, 0.08054324222171504, 0.07387521346083503, 0.08132315646663515, 0.08307027788397552, 0.081329901248079, 0.08223920165119027, 0.07564061978035302, 0.0741524616790639, 0.08109338229507958, 0.0696413707603505, 0.07078779123617222], [0.07134414195831044, 0.0748182388443456, 0.08032896788878717, 0.07372680621031075, 0.08183126801494632, 0.08317530770268233, 0.0810187558002886, 0.0818754921266816, 0.07547447250977234, 0.07407962369945312, 0.08177992608743845, 0.06974860106629852, 0.07079839809068478], [0.07143580615364181, 0.07488427051670689, 0.08011954529660256, 0.07393927197967483, 0.08204679273247388, 0.08308648655815508, 0.08083676444800805, 0.08169498172422567, 0.07548056036941947, 0.07408122169652334, 0.08153228447587763, 0.06986604350012038, 0.07099597054857047], [0.07142787842760083, 0.07495660622557274, 0.08017588088389911, 0.07402229196490484, 0.08187052172555598, 0.08309429129283319, 0.08093073149795466, 0.08180052999318271, 0.07554471353146693, 0.07410543868382355, 0.08123686002852355, 0.06982655193034122, 0.07100770381434066], [0.07135891584731917, 0.07505307161121841, 0.0803780167663075, 0.07405345137542367, 0.0815508680817907, 0.08314670654081088, 0.08118927452199322, 0.08206308552784894, 0.07565937217122667, 0.07414709442290639, 0.08080116666495453, 0.06968397615187645, 0.07091500031632328], [0.07146344782431832, 0.07507445617295769, 0.08019311838276484, 0.07417808964537068, 0.08181365474726898, 0.08289516162790843, 0.08098526554024191, 0.08183765840539056, 0.07564086564168557, 0.0741574867584172, 0.08084444176978285, 0.06983250065178104, 0.07108385283211191], [0.07141146118066119, 0.0748267470715267, 0.0801551741146666, 0.073827136929926, 0.08209110694714636, 0.08308828385744237, 0.08084259836229717, 0.08168942645148358, 0.07544697532727755, 0.07406991413859827, 0.08177578372491494, 0.06984952636517926, 0.07092586552887993], [0.07145211221548735, 0.07491492279097667, 0.08000770035491214, 0.07404910895406193, 0.08209842069019417, 0.08333333333333333, 0.08074519588197898, 0.08159915253296957, 0.07547841151897114, 0.07406382621785927, 0.08130087615579595, 0.06988420255735188, 0.07107273679610752], [0.07149294534962077, 0.07499960401613741, 0.08000126624739365, 0.07417483192402151, 0.08213093624611369, 0.08308373370122943, 0.08076261197550792, 0.08160883779588836, 0.07554282776613917, 0.07410251562754798, 0.08103807808679542, 0.06991118977299174, 0.07115062149061285], [0.07118840883713383, 0.07496169935683863, 0.08149094436270955, 0.07332741612413987, 0.08046488801645577, 0.08234101311735885, 0.08211454500904794, 0.08271321609679504, 0.07582490106112502, 0.0743446678674315, 0.08152478348787784, 0.06941204955125382, 0.07029146711183232], [0.07110466225951843, 0.0749504233335317, 0.08137984751006083, 0.07338290280658105, 0.08066786295376525, 0.08256950542028281, 0.08212561536050698, 0.08293644531737442, 0.07578548323355527, 0.0742620490751918, 0.08126030261861536, 0.0693073789673691, 0.07026752114364702], [0.07103757395083123, 0.07498785099626606, 0.08120657983364149, 0.07353248274958774, 0.08107421357558785, 0.08279123046915587, 0.08206501911989936, 0.08304759173613539, 0.07577277425274023, 0.07418521852431517, 0.08078895184306815, 0.06921154475569138, 0.07029896819308015], [0.07108660662532437, 0.07516701722704579, 0.08117441313053864, 0.0737523097494097, 0.0814677654065178, 0.08245777594311111, 0.08208782919719207, 0.08276852440208038, 0.07592193619039357, 0.07426347240323287, 0.08023549451353072, 0.06921431495989441, 0.07040254025172835], [0.07110431339701113, 0.07545095101615311, 0.08164710148739161, 0.07373758198733961, 0.08123693174655838, 0.08150636277260888, 0.08248419839656596, 0.0830522250508575, 0.07630043933705173, 0.07453474783407373, 0.07958750615745232, 0.06909688370915328, 0.07026075710778273], [0.0711514894159346, 0.07547313812416548, 0.08233880450905086, 0.07344725448741793, 0.08051876561729596, 0.0811142391504783, 0.08297096839857511, 0.08283119091438422, 0.07645433634407627, 0.07473264625469812, 0.07976604984472087, 0.06911758397523489, 0.07008353296396734], [0.07117436333194051, 0.07531401098246614, 0.08264294925526494, 0.07320330765987326, 0.08009941412706319, 0.08115025102632847, 0.08298139361855189, 0.08280773020028401, 0.07634634513298959, 0.07473145762083695, 0.08034491588807133, 0.06919776612126151, 0.07000609503506833], [0.07115721282042659, 0.07511724168569604, 0.08230371526086173, 0.07311978878523517, 0.0800469262329225, 0.08148996426694678, 0.08265215297177832, 0.08312423708290566, 0.07611684242151256, 0.0745844534178016, 0.08099356517744946, 0.06926278206766764, 0.07003111780879612], [0.07114334683678426, 0.07498428672075676, 0.08171878900306478, 0.07324259285466236, 0.08033979594704502, 0.08211364882046718, 0.08231069868878967, 0.08296345684407201, 0.07588838651623578, 0.07438714649169055, 0.08140138968649642, 0.06932717854104567, 0.07017928304888969], [0.07108454559149635, 0.07497537707503749, 0.08153206862622037, 0.07333816100847716, 0.08061796305472874, 0.08240621066937592, 0.08227916788043076, 0.08297329438237194, 0.07583643768368191, 0.07429833364988066, 0.08119259405387237, 0.06926133794853381, 0.07020450837589257], [0.07097832121966237, 0.0749915955212174, 0.08145224419278084, 0.0734080322564601, 0.08091922633041221, 0.08249822694594354, 0.08231872017144376, 0.08333333333333334, 0.0758262755694873, 0.07422169481338048, 0.08078262764636643, 0.06911280943274993, 0.07015689256676241], [0.07099899189784639, 0.07504892334416566, 0.08139643728852834, 0.0735056378476941, 0.0810896866252593, 0.08249341745248763, 0.08229612007195362, 0.08314764552181389, 0.07586331774026954, 0.07423524537460095, 0.08058637638144825, 0.06912394673937734, 0.07021425371455504], [0.07102210407225941, 0.07515510930811277, 0.08159040096654853, 0.07352499184428363, 0.08107998018708296, 0.08218011240977156, 0.08252315858056648, 0.0829311664723318, 0.07599682404050666, 0.07433481249154719, 0.0803641023756236, 0.0691053522657842, 0.07019188498558136], [0.07104994530596481, 0.07507384519261441, 0.08192630699097785, 0.07326722104086388, 0.08051720404382068, 0.08197036852993903, 0.08270548019818845, 0.08299592380731668, 0.0759957521756837, 0.07440912885535861, 0.08086228197168453, 0.0691546505124408, 0.07007189137514651], [0.07104125720772242, 0.0751746163707459, 0.08225385150635105, 0.07322418163617252, 0.08039218171243971, 0.08157170758706045, 0.0830602