[[0.08061652950317191, 0.08241905968043778, 0.07438367325209953, 0.07276370274762832, 0.07518764579736446, 0.07919755972429213, 0.08064012411265346, 0.07103884037740074, 0.07051851219126246, 0.08126986228491505, 0.07135302226696623, 0.08150500402918123, 0.07910646403262643], [0.08093757807598445, 0.08271051219108093, 0.07425570617194918, 0.07272123843323984, 0.07502052126209255, 0.0792899787573081, 0.08039691170726071, 0.07092331552962504, 0.07044274274840531, 0.08112404393359668, 0.07128492722344067, 0.08160613875020861, 0.07928638521580804], [0.08132877555154248, 0.08299366775397794, 0.07412598098218873, 0.07269836511807301, 0.07484230982833155, 0.0793843853322601, 0.08010305669326737, 0.07082352245152693, 0.07039139404069987, 0.08091677020642657, 0.07123876395390859, 0.0816612683156546, 0.07949173977214222], [0.0816550044207198, 0.0829292748086534, 0.07404925489213016, 0.07271395449294879, 0.07472137601043274, 0.07949873622304704, 0.07988964901350067, 0.07075945085268881, 0.07037251615096127, 0.08077692652964333, 0.0712283420304186, 0.08171303288675992, 0.07969248168809533], [0.08204814180728554, 0.08265592269312506, 0.07400142724023204, 0.07278186503033135, 0.0746192354106525, 0.07961275238586565, 0.0796381314576192, 0.07075471897253996, 0.0704214045381945, 0.08058202986146136, 0.07127946452603551, 0.0816903425030085, 0.07991456357364884], [0.08231205144126619, 0.08290457033755154, 0.07390655995224923, 0.07275822445120894, 0.0744884508584263, 0.07971288614011161, 0.07946390474784878, 0.07063666254230778, 0.07034296355905252, 0.0804697867065772, 0.07121786201591168, 0.08170090819334264, 0.08008516905414544], [0.08264190516519382, 0.08333333333333333, 0.07374292366410759, 0.07269196843585171, 0.07427043421159908, 0.07994148497165322, 0.07923879529714016, 0.070372990648443, 0.07014328124342625, 0.08036608942990199, 0.071062436814547, 0.0817871124820991, 0.08040724430270368], [0.08282855679629217, 0.08289463182854344, 0.07371798408761925, 0.07278826243510853, 0.07417999144599642, 0.08020042447991524, 0.079037823017379, 0.07030800236870635, 0.07014813949561585, 0.08024784014753063, 0.0710962222622453, 0.08178193693469014, 0.08077018470035768], [0.08277170065469983, 0.08245376491461824, 0.0737047058586429, 0.07286007104710358, 0.07411224410958936, 0.08053828292570311, 0.07893644633209504, 0.07018699152199673, 0.07008784329924557, 0.08023915053420039, 0.07108101156817381, 0.08185969249564343, 0.08116809473828805], [0.08304635744847971, 0.08180272406567103, 0.07368484724812213, 0.07297413013133644, 0.07400896384922583, 0.08099286839324232, 0.07875301711393441, 0.07003159842578144, 0.07002211032809538, 0.08012551997057818, 0.07107614378700032, 0.08174786625551335, 0.08173385298301951], [0.08269059562117122, 0.08110999101560275, 0.07376776757730798, 0.07318470733366834, 0.074005411405739, 0.08152871563141122, 0.07861995376453625, 0.06997495611405243, 0.07005327874307556, 0.08002857824171705, 0.07116883397453597, 0.08152124653928172, 0.08234596403790059], [0.08225785624377459, 0.0806019423109961, 0.073888560604948, 0.07344892323488848, 0.07404313190156392, 0.08184195690293283, 0.07843268316272804, 0.07006910827169062, 0.07022693562847404, 0.07981859014659604, 0.07137147236322759, 0.08116185085253833, 0.08283698837564137], [0.08163704803695875, 0.0800470195892088, 0.0740573114869989, 0.07366249118770275, 0.07415874378100147, 0.08237183691293194, 0.07844620705281564, 0.07008620115697076, 0.07029107589892687, 0.07990937384542227, 0.07148943383297415, 0.08094829949052983, 0.08289495772755778], [0.08118111127423425, 0.07965062723042726, 0.0742391257789345, 0.0738609888698601, 0.07430647233879857, 0.08277586090650098, 0.0784919483059646, 0.07016927590186436, 0.07039980748340292, 0.08000672792640531, 0.07163134870932492, 0.08076609877339554, 0.08252060650088677], [0.0806094572271072, 0.07919028721272621, 0.07446119582582258, 0.07403103427121403, 0.07451484399678492, 0.08333333333333333, 0.07864034276712722, 0.07023179312907385, 0.07046387199673113, 0.08021309703369561, 0.07173734608389684, 0.08066221809115308, 0.08191117903133395], [0.08021127411311899, 0.0789260349969686, 0.07470390481022267, 0.0741697131486608, 0.07477707664639771, 0.08286444434861714, 0.07888754881566505, 0.07037521784624827, 0.07057620376433357, 0.08048225496240172, 0.0718648128500618, 0.08074032264861163, 0.08142119104869222], [0.07966366881173317, 0.07853162124689245, 0.07499935543690331, 0.07432163649672194, 0.0751000847310135, 0.08268581025378431, 0.07916448072121529, 0.07054198871038793, 0.07070036412220408, 0.08076302363053785, 0.07200724947421554, 0.08072681649817968, 0.080793899866211], [0.07915488679545642, 0.07822681156635544, 0.07525216517329027, 0.0743316497757042, 0.07543437005168249, 0.08248470106090626, 0.0795778808276914, 0.07066961583975978, 0.07073844583947202, 0.08115455256271326, 0.07204770117777061, 0.08077903855524406, 0.08014818077395387], [0.0802907458003333, 0.08217697928219157, 0.07457598286147421, 0.07287332833187563, 0.07542688452839273, 0.07896840052899974, 0.08081048005875782, 0.07133294467934302, 0.07075634008823604, 0.0812172801925991, 0.07154887105589097, 0.08120055179560277, 0.07882121079630301], [0.08067619092145319, 0.08256875002909334, 0.07440267649869801, 0.07280226023286313, 0.0752058071061212, 0.07909350302910308, 0.08052661929446683, 0.0711607744095134, 0.07063354893941708, 0.0810867890532998, 0.07143933569861569, 0.08135833080325072, 0.07904541398410471], [0.0809028114430088, 0.08279957371679147, 0.07430943002805569, 0.07277030471175054, 0.07508422266201956, 0.07915739110372508, 0.0803558773887298, 0.07107451543887577, 0.07057628115230595, 0.08098859766764434, 0.07138811151564767, 0.08142242267838797, 0.07917046049305751], [0.0813850489411092, 0.08309583615945021, 0.07412011313778488, 0.07270988963797298, 0.07483110539463789, 0.07935288617574635, 0.08003901329634044, 0.07085507934480682, 0.07042586279505895, 0.08083677059545946, 0.07126411992355086, 0.081599471327755, 0.07948480327032688], [0.08099166779736465, 0.08285346289601082, 0.07426126368191813, 0.0727438209190158, 0.07502360268716007, 0.07921976837256453, 0.08031259441344252, 0.0709974746821342, 0.07051445259918504, 0.0809966469241364, 0.07133799100381942, 0.08149865688332608, 0.07924859713992245], [0.0817772181729732, 0.08291613607672148, 0.07404789135347839, 0.0727514012610028, 0.07470494597288364, 0.0794798460515122, 0.07978492771820252, 0.07081188818531058, 0.07043686625243392, 0.08066046987119149, 0.07128136725004275, 0.08163042905005366, 0.07971661278419336], [0.08204922834824824, 0.08273850613087123, 0.07402808992680487, 0.0728172680006615, 0.07464656117311054, 0.07952712503143364, 0.07959256560449958, 0.07084810986082775, 0.07050942926101247, 0.08049107189644009, 0.07134814474227931, 0.08155941613179989, 0.07984448389201097], [0.08237971882192813, 0.08293934661038674, 0.07389654967253667, 0.07276819598574844, 0.07446971836769106, 0.07971481034340852, 0.0794133721180526, 0.07064043803164774, 0.07035502812543537, 0.08042083142513341, 0.07122839185395818, 0.08166566456859375, 0.08010793407547945], [0.08276893075783899, 0.08333333333333334, 0.07379136422498624, 0.07277329617301705, 0.07431228963045776, 0.07978882640613778, 0.07913747606071989, 0.07054917856394302, 0.07031839231016715, 0.08019196073396577, 0.07120255025108332, 0.08153807774439224, 0.08029432380995752], [0.08310248001482151, 0.08284366799571116, 0.07374305986615257, 0.07284803179967671, 0.07419641424452138, 0.0800685745377416, 0.07893800828672602, 0.07043645388904554, 0.0702800035134966, 0.08009315762945993, 0.07120086012689965, 0.08156923378091639, 0.0806800543148309], [0.08302584841524571, 0.08258754169374292, 0.07372135151075564, 0.0728917433075799, 0.07413316767214462, 0.0803272258626284, 0.07885884931198082, 0.07032543823847504, 0.0702164981092946, 0.0800955810007407, 0.07117401867090778, 0.08165096158529098, 0.08099177462121301], [0.08290383589098696, 0.08224645156142525, 0.07372551465110137, 0.07297185127948323, 0.07409025232719357, 0.08059621999561754, 0.07877597466074046, 0.07025272894428877, 0.07019517680563372, 0.08006817549346947, 0.07118706979594432, 0.08166331848302166, 0.08132343011109366], [0.08310127488899943, 0.08186544889252659, 0.07371048355786654, 0.07303996116272732, 0.07402439414529946, 0.08085667942527378, 0.07866022016694903, 0.07015818039647088, 0.07015550570038573, 0.07999248995058969, 0.0711838159884088, 0.08158806565249975, 0.08166348007200272], [0.08333333333333334, 0.08162448879750762, 0.07369681497200342, 0.07308020823483796, 0.07397821782463042, 0.08100715575228153, 0.0785741719107083, 0.0700975503767176, 0.07012954726669178, 0.07992473967953895, 0.0711801471801522, 0.08150183438976775, 0.08187179028182917], [0.08301869552994547, 0.08130992770783457, 0.07376023011293496, 0.07322527603609742, 0.0739938096643692, 0.08121550346801112, 0.07848415390139853, 0.0701326492512586, 0.07021221129570264, 0.07984004676223806, 0.07128320967980903, 0.08136108841474086, 0.08216319817565941], [0.08267022442853447, 0.08097874407074745, 0.07381554864983028, 0.0733330969645039, 0.07400958397190034, 0.08149906396100286, 0.07844864980458054, 0.07010438622799019, 0.0702237915762607, 0.07982176329188984, 0.07132836331728082, 0.08127326196494675, 0.08249352177053182], [0.08203353786717967, 0.08033322273797569, 0.07399809389370429, 0.07370765959632795, 0.07408378075702211, 0.08180372255518104, 0.07820938647880295, 0.0702763008129409, 0.07050330199781048, 0.07955907382910947, 0.0716345208363702, 0.0808148479218428, 0.08304255071573251], [0.08155794483627342, 0.07989703486605464, 0.07412577328146978, 0.07386514030955181, 0.07416972956533266, 0.08223134850356707, 0.07823069492435292, 0.07025933102466314, 0.07052958677698022, 0.0796611526085027, 0.0717040640851958, 0.08067188197038776, 0.08309631724766821], [0.08216545259845567, 0.08055773294142095, 0.07389453134529868, 0.07341920893112848, 0.07405886026119145, 0.08195448293928936, 0.07850899693224518, 0.0700136610635947, 0.07016203215722483, 0.07991118796800586, 0.0713205252596852, 0.08123162826426124, 0.08280169933819834], [0.08119907200589817, 0.07957345978460607, 0.07429317579129782, 0.07407339553999177, 0.0742984007628212, 0.08247808643331732, 0.07823518424049775, 0.0703688259289221, 0.07067755953209424, 0.07969793746839292, 0.0718688527272916, 0.08050446078626072, 0.08273158899860819], [0.08064576889628644, 0.07910297508755973, 0.07455700198366944, 0.07433576584946128, 0.07452572769233094, 0.08283524997436195, 0.07832839340066539, 0.0704998422168261, 0.0708302801176712, 0.0798384200395692, 0.07206320478096608, 0.08030137540699654, 0.0821359945536357], [0.08036923367243028, 0.07890179549014054, 0.07467637562278798, 0.07438539030523734, 0.0746542599500636, 0.08297182577749332, 0.07847050463015907, 0.07050996307072499, 0.07081157940596852, 0.08001078487840768, 0.07208022950053722, 0.08036083547604464, 0.08179722222000475], [0.07990768515077398, 0.07857446490322628, 0.07494927598407514, 0.07454128221279778, 0.0749436042466934, 0.08266150844704323, 0.07871989885167562, 0.07065082846885544, 0.07091437317991858, 0.08027725672405343, 0.0722123143199951, 0.08040771122835556, 0.08123979628253644], [0.0793942098776708, 0.07814747406664195, 0.07519853059877685, 0.07471555007203035, 0.07518669441410968, 0.08303042016526246, 0.07882889858657537, 0.07077722403631667, 0.07102913890433249, 0.08037385762786767, 0.0723539941347508, 0.08026698672948886, 0.08069702078617601], [0.07916338312237033, 0.07807301128864716, 0.07528515610671774, 0.07457867973728552, 0.07535934716705942, 0.0829281205382532, 0.079186864202748, 0.0707480888489183, 0.07091334348817119, 0.0807395013830655, 0.07224042296565254, 0.08045690372498668, 0.0803271774261245], [0.08035262467787589, 0.08227444498744046, 0.07459393267375732, 0.07291725390130468, 0.07544023749478762, 0.07888303438816656, 0.08067766592170483, 0.07145334040664292, 0.07087303494720852, 0.08103648664274794, 0.07163788147695357, 0.0810808876519565, 0.07877917482945287], [0.08092679611259354, 0.08286849637471162, 0.07434513344812035, 0.07282544808022602, 0.07511784828571412, 0.07905649552107376, 0.08025656806739219, 0.07121167771853701, 0.07070750352935688, 0.08082577700704428, 0.07149094507385637, 0.08126444800810632, 0.0791028627732676], [0.08071520295754596, 0.08265044738662469, 0.0744319227018992, 0.07285332387512118, 0.07523209035081119, 0.07899767298659614, 0.08041511888932966, 0.0712920283741089, 0.07075965434041176, 0.08091554095939829, 0.07153725207016783, 0.08121274187931073, 0.07898700322867434], [0.08110525624577047, 0.08303636477019172, 0.07424526437109254, 0.07276577352180615, 0.07499499207647198, 0.07917047523856242, 0.0801751858162532, 0.07105369870111926, 0.0705783350229698, 0.08083910588631031, 0.07138488505199139, 0.08140193880318855, 0.0792487244942722], [0.08126536181495937, 0.08317151018961083, 0.07422340977186145, 0.07280211731023808, 0.0749505949174149, 0.07913955244430235, 0.07999700165223475, 0.07111174320932892, 0.07065367326336482, 0.08065696379702868, 0.07144350909736585, 0.0813035532836395, 0.07928100924865039], [0.08165310699025538, 0.08304666200149863, 0.07412402735859179, 0.0728111464013278, 0.07479721874133019, 0.0793016261884619, 0.07977234637335393, 0.07100149115781214, 0.07060105018620111, 0.0805440684168469, 0.0714085459581604, 0.08140256189650394, 0.07953614832965587], [0.0813825410629279, 0.08333333333333333, 0.07414548639232918, 0.07274544707689254, 0.07485884498271855, 0.07922968306652901, 0.07995811742720327, 0.07097429903635014, 0.07053562732946744, 0.08068647783530883, 0.0713465539398428, 0.08141575774389027, 0.07938783077320669], [0.08198887439842559, 0.08292287582723439, 0.07406761818279396, 0.07286023043665628, 0.07469078096289022, 0.07939911059916828, 0.07954328906488141, 0.07097680020047788, 0.07062666164555063, 0.08037660497461309, 0.07143843581697039, 0.08138178444577425, 0.07972693344456355], [0.0821916332911778, 0.0827427171245549, 0.07404675480509854, 0.0729048957451958, 0.07463830389061836, 0.07946687204064852, 0.07941397476694594, 0.07097352882415704, 0.07065538923333722, 0.08028228314255097, 0.07147047056918591, 0.081363207247183, 0.07984996931934613], [0.08238232973810442, 0.08289109368114166, 0.07397694040187118, 0.07288252346073879, 0.07454359580956277, 0.07954912630361845, 0.07930807391159196, 0.07087335752568151, 0.0705840295675396, 0.0802275239470717, 0.07141489187407693, 0.08138941866670141, 0.07997709511229957], [0.08265071134702062, 0.08302335261084287, 0.07391257650391964, 0.07290525812919156, 0.07443691606852541, 0.07962587713867636, 0.07911375720446263, 0.07081514382847874, 0.07057041127923373, 0.08007858192161428, 0.07141117189824217, 0.08132333766546757, 0.08013290440432436], [0.08311023992843704, 0.08295354736741159, 0.07379865857793366, 0.07289755625299227, 0.07426446462215124, 0.0798628145774504, 0.07891355525140571, 0.07061388510770718, 0.07043710194794515, 0.07998699866366116, 0.07131938633568989, 0.08137327967061181, 0.08046851169660292], [0.08333333333333333, 0.08277750904385461, 0.07376248697333049, 0.07291160433987642, 0.07419997659356145, 0.07998712620964973, 0.07882878113794717, 0.07053612151329822, 0.07039166919436304, 0.079949539266593, 0.0712937341388361, 0.08138929710913317, 0.0806388211462232], [0.08318984911121369, 0.08267250410434952, 0.07376709768551344, 0.07294189019115603, 0.07418860114870876, 0.08008802855573402, 0.0788085295583536, 0.07051113894563125, 0.07038478661620827, 0.07995916387181216, 0.07129951399522394, 0.08142891678387645, 0.08075997943221867], [0.08333333333333334, 0.08235568146405009, 0.07374449941514036, 0.0730032946789877, 0.0741177739716832, 0.08030888081418415, 0.07868174813361783, 0.07042590132322964, 0.07035290122208566, 0.07989846629791572, 0.0712986875107723, 0.08142168045835409, 0.08105715137664606], [0.08296490715752482, 0.08206594541082837, 0.07377836873681802, 0.07311548611838842, 0.07410452958441097, 0.08056044179391168, 0.0786136591809795, 0.07040099995775305, 0.07037840739013264, 0.07987113367052459, 0.07135330950909669, 0.08141671116866978, 0.0813761003209616], [0.08296043869444338, 0.08179767299824695, 0.07378519199231781, 0.07318890889211395, 0.07407169594109342, 0.08074897000338335, 0.07853205587160968, 0.07035711179310956, 0.07037689197784468, 0.07981563549502321, 0.07137694759815949, 0.08135889134804335, 0.08162958739461099], [0.08285276505076203, 0.08128275192257789, 0.07385121540185888, 0.07340122419933173, 0.07405651486457616, 0.0810203716787152, 0.07834115561805555, 0.07038832180495815, 0.07049063754198859, 0.07963608189526698, 0.07152233954495212, 0.08111510292680259, 0.08204151755015418], [0.08248957169820709, 0.08085073704525594, 0.07395387778745928, 0.07362752180026519, 0.07408938794788009, 0.08124054784904536, 0.07820073394880847, 0.07046912861387862, 0.07064032743474333, 0.07949026293001538, 0.07169664782552768, 0.08088436142805105, 0.08236689369086261], [0.08206774241519604, 0.08036829748975485, 0.07402143104705813, 0.07376052183785811, 0.07410006564664391, 0.08168164087711756, 0.07816075864587546, 0.07036968310105064, 0.0706074616516784, 0.07948085602003013, 0.07171628576730267, 0.0807579756457745, 0.08290727985465952], [0.08238346377678632, 0.08067813588647338, 0.07392052934051839, 0.073563932933859, 0.07405230551362826, 0.0815631806728808, 0.07827432019333098, 0.07026529376952091, 0.0704434903463725, 0.0796118504967467, 0.07154879174356683, 0.08097969888288213, 0.08271500644343353], [0.08274848967125666, 0.08107474217427069, 0.07385960708304208, 0.07343900372084712, 0.0740402963887021, 0.08122477411161817, 0.07832240340028154, 0.07031577448116139, 0.07044465469052623, 0.07964094611103702, 0.07150587028883268, 0.0810945154285543, 0.08228892244987003], [0.08309256552519427, 0.08152313851801543, 0.07377229352482417, 0.0732302501630555, 0.0740228293038624, 0.08096131231227145, 0.07846270953713316, 0.0702647840082363, 0.07032396704892047, 0.07977745157886655, 0.07135650267833253, 0.08130983930706696, 0.08190235649422092], [0.08246736631556553, 0.08076480125813615, 0.07391038805467624, 0.07354627085256742, 0.07405079013884047, 0.0814742884785244, 0.07827448298791705, 0.07028986877599952, 0.07045928521615509, 0.07960553202395516, 0.07155263437594993, 0.08099404859686705, 0.0826102429248459], [0.0824850364658729, 0.0808026605234673, 0.07385042499391621, 0.07339710384144324, 0.07402292224168693, 0.0816426087071184, 0.07842507841165047, 0.07010006555887825, 0.07024054628657268, 0.07980186510005037, 0.07136154564226752, 0.08120673105343386, 0.08266341117364187], [0.08177235698690444, 0.08007800979236536, 0.07408021633710644, 0.07385190310822425, 0.07412697986626594, 0.08193235774114896, 0.07814321708608714, 0.0703352599637022, 0.07060980601944705, 0.07951822673038225, 0.07174595913944358, 0.08065400413856079, 0.08315170309036159], [0.08144717737529436, 0.07977647809949213, 0.07420502843430651, 0.07401531958211358, 0.07421593196263745, 0.08217523030996494, 0.07814117186557311, 0.07039056388472867, 0.07070312632855466, 0.07955722761684597, 0.07185953295162, 0.08052093986821662, 0.08299227172065204], [0.08105529357913431, 0.07942669638712466, 0.07438521137334579, 0.07422525332773927, 0.07435848624233983, 0.08245000078381917, 0.0781695071695241, 0.07048697793015918, 0.07083385388045887, 0.07962511762280228, 0.07201561023682371, 0.08036243630279741, 0.0826055551639314], [0.080758649823836, 0.07916554605896026, 0.074536100313774, 0.07439405028505412, 0.07448214859533399, 0.08259414465045459, 0.07819399903192716, 0.07058034688566805, 0.07094927252159398, 0.07966996838318496, 0.07214878630974057, 0.08022827418358718, 0.08229871295688514], [0.08031724868392683, 0.07881451729460813, 0.07474767902086153, 0.07454398341754308, 0.07468639597818336, 0.08279116316006448, 0.07835038014428641, 0.07064259417305783, 0.07099437587085458, 0.07986617580637788, 0.07224230045613178, 0.08020327991896126, 0.08179990607514304], [0.07981994289670895, 0.0784251473465796, 0.07505264182238375, 0.07477787491431903, 0.0749833125573037, 0.08254387770958328, 0.07852502137806515, 0.07082568254638603, 0.07115313520303612, 0.08004802182788272, 0.07244129856062263, 0.08016522318030031, 0.08123882005682867], [0.0794737230583559, 0.07815377821525116, 0.0752069059726297, 0.0748499940388587, 0.0751455840266654, 0.08285330224576665, 0.07864473052672671, 0.07086917775047169, 0.0711691456258815, 0.08016978092707447, 0.07248705985074076, 0.08012793732060772, 0.08084888044096968], [0.07904693469324547, 0.07784106631772315, 0.07537818615696318, 0.07486191369993819, 0.07535268355378952, 0.08333333333333333, 0.07885259857377824, 0.07088787919326138, 0.07113927781003977, 0.08036889577786183, 0.07248056209991874, 0.08010858903927019, 0.08034807975087699], [0.07886759142280556, 0.07784680273723478, 0.07547816785785177, 0.0746886437332802, 0.07556735458176288, 0.08277117330027646, 0.07930973983133469, 0.07089046450582406, 0.07103010206935856, 0.080819930479278, 0.0723602026735038, 0.0803691579386666, 0.08000066886882269], [0.08289064782348464, 0.08154862071253935, 0.07383735929451678, 0.07332824469787524, 0.0740804376876665, 0.08082028708671639, 0.07840777095099107, 0.07043877727819864, 0.07050103592405839, 0.07968106460138241, 0.0715042167940827, 0.08118469018119201, 0.08177684696729584], [0.08285102829150674, 0.08190615631521966, 0.07384156846258753, 0.07324745313487138, 0.07413792648605491, 0.08053635014368456, 0.07850711525229852, 0.07053961677372461, 0.07054367911709536, 0.0797373718811966, 0.07150469981550132, 0.08124320768044208, 0.08140382664581669], [0.08312129479756122, 0.08222923926190694, 0.07381789230786223, 0.07313223310136452, 0.07416858811726097, 0.08026432041160682, 0.07859679088772516, 0.07058594333092746, 0.07053121425006863, 0.07978136972422964, 0.07145770494701388, 0.08126407334636893, 0.0810493355161036], [0.08303708826073011, 0.08239387412657327, 0.0738360874655131, 0.07311063190853474, 0.07421089865904847, 0.08013469927686676, 0.07865244417108327, 0.07065139289942017, 0.07056901962319288, 0.0797972824922327, 0.07147529401185886, 0.08125008381867331, 0.08088120328627234], [0.08311517452819873, 0.08265371939489116, 0.07384081709329673, 0.07303623526421456, 0.07426073617525276, 0.07992466333980901, 0.07875327540960154, 0.07071067827237056, 0.07057824165559513, 0.0798350079139375, 0.07145672193276127, 0.08123127076391809, 0.080603458256153], [0.08279041790234848, 0.08287802855508866, 0.07391988814345783, 0.07299482666158058, 0.07440601864741941, 0.07965911233521104, 0.07895261462458933, 0.07087230455655548, 0.07066442956056242, 0.07992854945105254, 0.07150087611990863, 0.08120198910794968, 0.08023094433427583], [0.08257953723368172, 0.08284706235585045, 0.07398024126125029, 0.07299780805325709, 0.07449701619874245, 0.07955159935624127, 0.07906296617108668, 0.07096980855673897, 0.07072655731026134, 0.0799852330281433, 0.0715437184048012, 0.0811870987613607, 0.08007135330858463], [0.08192227016931516, 0.08038790324943801, 0.07394606241122074, 0.07344103616639085, 0.07411034587162242, 0.08217589837642564, 0.07859827639748258, 0.06997454916654888, 0.07012168296330797, 0.08004036255595304, 0.07130405810572665, 0.08125240180931176, 0.08272515275725606], [0.08136352251899061, 0.07976883686278997, 0.07418227049344661, 0.07385707759161907, 0.07423902008277959, 0.08253780832653104, 0.07837524221506743, 0.070198886931396, 0.0704427528757137, 0.0798546869980577, 0.0716551528257563, 0.0807372013653062, 0.0827875409125457], [0.08084312510326203, 0.07929541522178991, 0.0744341737176521, 0.07416439791710479, 0.07443553543464183, 0.08285964744685229, 0.0783708401091714, 0.07037598291589721, 0.07067216520174249, 0.07988395481506694, 0.07190635160759729, 0.08045119284323303, 0.08230721766598881], [0.0823902088722576, 0.08278729952113659, 0.07402822701890176, 0.07297960822747852, 0.07457793820301208, 0.0794787886984831, 0.07920029735865418, 0.07102259732414466, 0.07074383032856978, 0.08008143521108485, 0.07155057552934845, 0.08121777667749398, 0.0799414170294343], [0.08217919300669231, 0.08272616461972893, 0.07408569419314258, 0.07297201244627254, 0.07466804984892668, 0.07939732540970862, 0.07933632297228045, 0.07109124865821922, 0.07077678510863178, 0.08016852935078068, 0.07157133908942713, 0.08122438888651616, 0.07980294640967309], [0.08190562706252832, 0.08302648824930874, 0.07411740727230882, 0.07291617420039428, 0.07474324501328193, 0.07928277069942044, 0.07949457159848644, 0.07111608900256208, 0.07075613824864968, 0.0802670612509621, 0.0715412085838702, 0.08121514777638554, 0.07961807104184136], [0.08161465648342718, 0.08333333333333336, 0.0741617479943006, 0.07287363207936168, 0.07483116588156177, 0.07915351477034331, 0.07964968635829534, 0.07116273824105201, 0.0707565058583183, 0.08034829519929541, 0.07152943013174275, 0.08116612229001836, 0.07941917137895019], [0.08136297174472984, 0.08304605103964202, 0.07426108186118477, 0.07289837967568151, 0.07496654800013328, 0.07907870547532322, 0.07983275291295139, 0.0712665046104466, 0.07082150798580232, 0.08046099216912478, 0.07158316306424921, 0.08114583217063379, 0.07927550929009727], [0.08124648817949465, 0.08298227773463068, 0.07429531127523914, 0.07289456773999227, 0.07501846096710049, 0.07905108781941579, 0.07992552753314515, 0.07128824654650881, 0.07082558288478066, 0.08052559732549018, 0.07158604615751724, 0.08114720945666888, 0.07921359638001625], [0.08106121707365418, 0.08291942205019459, 0.07434894745281966, 0.07288990759414457, 0.07509932532592879, 0.07900168146665414, 0.0800653925353944, 0.0713247096722461, 0.07083477823242426, 0.0806167338726314, 0.07159283127885495, 0.08113315176016313, 0.07911190168488977], [0.0808684376838726, 0.0827736662867363, 0.07441863420818977, 0.07290210837032146, 0.07519593000606668, 0.07894902050289151, 0.08021010465182607, 0.07138377447969417, 0.07086641418123524, 0.0807032865700244, 0.07162014675728084, 0.08110226788171297, 0.07900620842014788], [0.08058667564114715, 0.08249644403998767, 0.07455076574439992, 0.07296084571980484, 0.07536458297945081, 0.07883739100494717, 0.08038305867148783, 0.07154269086857773, 0.0709846410756165, 0.08076080006132821, 0.07172056243545419, 0.0809826439071954, 0.07882889785060251], [0.08031717284176668, 0.08223097271794284, 0.07467259200485324, 0.07300813150660457, 0.07552190321350369, 0.07874878040666325, 0.0805698659738702, 0.071667040310266, 0.07107171987570358, 0.08083783003926961, 0.07179712476173554, 0.08088447962458993, 0.078672386723231], [0.08054745469574628, 0.08247691672374124, 0.07453621682160502, 0.07292230323406985, 0.07535734240153952, 0.07888305616602047, 0.08047619220718749, 0.07146161089874481, 0.07090180496491708, 0.08087390285053747, 0.07165484533927878, 0.0810617483086667, 0.07884660538794541], [0.08178603701508409, 0.08010195155888909, 0.07402650986558948, 0.07374132398472974, 0.0740942509727767, 0.08204756088709962, 0.07822143817919815, 0.07020295951803572, 0.07044877758748465, 0.07962462030589028, 0.07161083190564647, 0.08076040488624273, 0.08333333333333334], [0.08198439366537023, 0.08032718362776824, 0.0739579618382171, 0.07357761896929325, 0.07407362108965033, 0.08202620948610298, 0.07836423473764172, 0.070102149715458, 0.07029649443213584, 0.07976601879698399, 0.0714610333121278, 0.0809937363063732, 0.08306934402287729], [0.08089572362514684, 0.07946318797552114, 0.07433534825783902, 0.07388017672134584, 0.07441828540628352, 0.0830772572574205, 0.07865769364493377, 0.07015259656895068, 0.07036288947422951, 0.0802163131859299, 0.07161815259519023, 0.08078057027793636, 0.08214180500927247], [0.08145354125851677, 0.07993927275943898, 0.07411093124069786, 0.07366122074107927, 0.07422499906830458, 0.08257778815540476, 0.07857225756224061, 0.0700551346521183, 0.07024539036988414, 0.08007272180406756, 0.0714620348085662, 0.08099935831150844, 0.08262534926817264], [0.08292704654912111, 0.08137647320340813, 0.07372051993264284, 0.07309028883060872, 0.07399116386695832, 0.08131514882635116, 0.07866224860014583, 0.06997997775456592, 0.07002558087793632, 0.08006204300664331, 0.07111815787648128, 0.08161939513020988, 0.08211195554492708], [0.08224978835814171, 0.08070501755667248, 0.07385687862520468, 0.07331226748930453, 0.0740557507160933, 0.0818976683868259, 0.07861974052020436, 0.06995339483086128, 0.07006895482764161, 0.08004141292171199, 0.07122444464929274, 0.08140406958989863, 0.08261061152814671], [0.08051582863608525, 0.07916953711403397, 0.07451237165820795, 0.07400747948583133, 0.07459306543175309, 0.08312623212780546, 0.07878993716349889, 0.0702346371643816, 0.07043806713414263, 0.0803788981005321, 0.0717153864867397, 0.08078429499051552, 0.08173426450647252], [0.08000423660663356, 0.07882352440591872, 0.074821048257481, 0.0741820693273086, 0.07492860341341634, 0.08256634601702634, 0.07909573401002967, 0.07042919474854858, 0.07059148007990147, 0.0807027638723723, 0.07188395631984237, 0.08084392016318065, 0.08112712277834029], [0.07862718486213566, 0.07755400325993098, 0.07567377102963418, 0.07498433556505565, 0.0756911368565237, 0.0828276164606129, 0.07916497862095201, 0.0710930846672076, 0.07128526292743351, 0.08056591406736242, 0.07262811587078999, 0.08006059679945411, 0.07984399901290731], [0.07881627236859867, 0.07763559177210186, 0.07555955048130315, 0.07503708992940604, 0.0755160964032624, 0.08311489977422054, 0.07887679715803611, 0.07105175687326573, 0.07130791762012205, 0.08033592317868259, 0.07265359985883682, 0.07997523867725563, 0.08011926590490841], [0.08067343690604074, 0.08119657528801173, 0.07413458665349806, 0.07268535515548817, 0.07478701831265211, 0.0803311700248199, 0.08050281499178183, 0.07018467362240788, 0.0698501113914627, 0.08196089628746693, 0.07089215836240294, 0.08274029463982299, 0.08006090836414421], [0.08089419530196092, 0.0815968275094043, 0.07405290892761418, 0.0726470197963413, 0.07470282575484265, 0.08021669007639336, 0.08033094120263201, 0.07022917527544642, 0.06989347653078357, 0.08167733550579875, 0.0709030460022202, 0.08275803971283473, 0.08009751840372754], [0.08115400055980562, 0.08180765878810912, 0.0739419828275412, 0.07262084579035116, 0.07455241200653098, 0.08034352295479755, 0.08009229562533052, 0.07012024345355213, 0.06982523879827053, 0.08147056052143332, 0.0708459983407627, 0.08290702098768513, 0.08031821934583011], [0.08141632985552914, 0.08205005864562138, 0.07386681752079158, 0.07261957309082488, 0.07444715084072466, 0.08038987232451594, 0.07988646699492062, 0.07008887761862484, 0.06982321005090358, 0.08125356746409505, 0.07084079536194629, 0.0828432562757626, 0.08047402395573952], [0.08169564931339544, 0.08194748087262015, 0.07378468079171498, 0.07263978497126092, 0.07430558536011588, 0.08068178715853472, 0.07967162508518084, 0.06993072555796538, 0.06972841521231306, 0.08111335758725537, 0.07078362087522191, 0.0828993441656897, 0.08081794304873152], [0.08179619598907675, 0.08164910249961131, 0.07377909867352014, 0.0727006063875866, 0.07425358667658179, 0.08097685760155132, 0.0795783266953887, 0.06983267417151098, 0.06967920761458571, 0.08107143192241663, 0.07077212879541604, 0.08282766725623825, 0.08108311571651577], [0.08144197347470179, 0.081084282560759, 0.07391391778475094, 0.07281420565392943, 0.07437137630467962, 0.08126234887208197, 0.07973282820196508, 0.06981197600012175, 0.06967564949261805, 0.08128207367540047, 0.07081324140850903, 0.08269722835579138, 0.0810988982146914], [0.08072285410408653, 0.08056312832184971, 0.07414565702884934, 0.07285692656849138, 0.07467137643989434, 0.08106453537480318, 0.08023641635105407, 0.06991687547903855, 0.06971145849325995, 0.08182830812485624, 0.07086105723996307, 0.08286746593253784, 0.08055394054131597], [0.08040622422158777, 0.08056647713606983, 0.07418123682793787, 0.07272428655505805, 0.07479982840507325, 0.08061562037349035, 0.08059032402099686, 0.06998699672477618, 0.06969148445647544, 0.08219945340229554, 0.07080711807711637, 0.08333333333333333, 0.08009761646578904], [0.08040530962170435, 0.08075626833518111, 0.07420048319363086, 0.07270184523640508, 0.0748554237974427, 0.08041110621300934, 0.0806749917790874, 0.07010678922509914, 0.0697733744583571, 0.0822321974953834, 0.07085247626495228, 0.08305900214532132, 0.07997073223442608], [0.08080666633120034, 0.08111729479791992, 0.07407626952093305, 0.07269206404676838, 0.07468551651466598, 0.08056934709931637, 0.08036708804867428, 0.07004314060433041, 0.06975437224639333, 0.08189501894359373, 0.07083092667768887, 0.08288469371569945, 0.080277601452816], [0.08085387055459897, 0.08136944627038599, 0.07405137408692258, 0.07265278830872438, 0.0746833081031602, 0.08038753773504521, 0.08034584579840899, 0.07011903750577374, 0.06980527182962216, 0.08179945116263047, 0.07084906929150017, 0.08289416874809355, 0.08018883060513361], [0.08126925097140175, 0.08151559765627342, 0.07386511488971281, 0.0726056760425316, 0.07442576275450656, 0.08068219128505515, 0.079977912226832, 0.06988353697962091, 0.06964466076947538, 0.08147945888509195, 0.07072313395983008, 0.08333333333333336, 0.08059437024633526], [0.08113478488971697, 0.0810960965612902, 0.07397369647330833, 0.07273521411072732, 0.07450197596238604, 0.08095645018961385, 0.08003566508241186, 0.06987709128390963, 0.06967061816511476, 0.08159536071528686, 0.07078704022914589, 0.08292912341275191, 0.08070688292433668], [0.08111531876949504, 0.0812326822760989, 0.07395347531845904, 0.07267788638606673, 0.07450852347234943, 0.08079742944778011, 0.08008601292467621, 0.06990015959358738, 0.06966705770046581, 0.0816276440091736, 0.07076509449815116, 0.08307971651534343, 0.08058899908835326], [0.08083203391834645, 0.08085729678660142, 0.07407601611123826, 0.07275612872494289, 0.07463492910555307, 0.08086591673076607, 0.0802596962506104, 0.06993110139116691, 0.06969390093293586, 0.08184161308013636, 0.07081360130500539, 0.08295542244413104, 0.08048234321856605], [0.08122994529134585, 0.0816432682417997, 0.07389328856549661, 0.07260713556575484, 0.07447503533890126, 0.0805426413387314, 0.08002560687339262, 0.0699745149496469, 0.06971230706774184, 0.08148680545766931, 0.07076774347611728, 0.08315935131633137, 0.08048235651707099], [0.08159120825206995, 0.0815979065257262, 0.07381079590154559, 0.0726637762765125, 0.07431682003047539, 0.08088347639165537, 0.0797314068942002, 0.06984287510661591, 0.06965830007076078, 0.08123302007431303, 0.07074824249747338, 0.08301815995084544, 0.08090401202780617], [0.08143680260563692, 0.08123846304643788, 0.0738858207531812, 0.07274444192787939, 0.07437163930663727, 0.08109668112905705, 0.07979109957409122, 0.0698189492921812, 0.06965500739604803, 0.08133438857163401, 0.07077602648879326, 0.08287738835517815, 0.08097329155324438], [0.08092857648327371, 0.0806509835813339, 0.07409795805667804, 0.07288807528309467, 0.07458753342656857, 0.08122429433271218, 0.08005532881714861, 0.06988837354681846, 0.06971835906837408, 0.08163283874790789, 0.07087319892757928, 0.08267911650198381, 0.08077536322652672], [0.08123039400962702, 0.08079368252817258, 0.07401584926475452, 0.07290946766333573, 0.07446133842754182, 0.08139548599210772, 0.07980730515348858, 0.06984593635965217, 0.06971973290922498, 0.081365710948375, 0.07087709912596667, 0.08250621950463423, 0.08107177811311907], [0.08152184902514127, 0.08180903940814245, 0.0738162024038527, 0.07262072282438067, 0.07435698806456985, 0.08066080636728572, 0.07979952020366879, 0.0699215753062489, 0.06970036166362663, 0.08125818555725237, 0.07076103351696877, 0.08306086144135424, 0.08071285421750761], [0.08172882266942649, 0.08143113245473144, 0.0738115839372719, 0.07274621502738, 0.0742695221835093, 0.08112841852764865, 0.07958980424023109, 0.0698046942359456, 0.06966830558616982, 0.08110746620434027, 0.07078163542690223, 0.08277039125531654, 0.08116200825112677], [0.0816376390987807, 0.08112893639397292, 0.07387226955143555, 0.07284474292343227, 0.07429733030555732, 0.08136788074227856, 0.07956668411559648, 0.06979380084328873, 0.069689547019817, 0.08110199375661932, 0.07083014748698718, 0.08257068034108395, 0.08129834742115018], [0.07959544973997357, 0.0806963948255247, 0.07455526586919245, 0.07277592430146905, 0.07535818659556696, 0.07971236217887316, 0.08142378760530557, 0.07057107444188589, 0.07008609602956341, 0.08267766517289686, 0.07109295596247625, 0.08230484214093975, 0.07914999513633245], [0.07969505254912129, 0.08049897615516041, 0.07449814379560384, 0.07277287456163499, 0.07525913238304507, 0.0799339553693376, 0.08129648310969885, 0.07040736937651679, 0.06996726206008166, 0.08279358278705493, 0.07101388435383253, 0.08253690930149217, 0.07932637419741992], [0.07978990742062309, 0.08009406045221264, 0.07448532671669705, 0.07285706098918955, 0.07517106072970232, 0.08030526482355092, 0.08109960712324753, 0.07024335295117043, 0.06987898263801604, 0.08273319449167507, 0.07098477995804721, 0.08276396345739274, 0.07959343824847574], [0.07954021674843222, 0.07952890198967781, 0.07470112435808182, 0.0731091534488108, 0.07533064966700272, 0.08056712430218921, 0.08107100747633449, 0.07032307153463016, 0.07000849179532057, 0.08265247309491952, 0.0711600567833365, 0.08241583943030625, 0.07959188937095804], [0.07851616915417718, 0.07869808046585854, 0.07529070095413579, 0.07344521386841274, 0.07599744513380441, 0.0803724727704459, 0.08163189383942776, 0.0708090694589087, 0.07041009368966179, 0.08304968981478668, 0.07155623645336706, 0.08148988584199304, 0.07873304855502043], [0.07811620692077773, 0.0788113009596677, 0.07553023149085099, 0.07344407296987189, 0.07638886059005656, 0.07976017367743622, 0.08236037354238845, 0.07122775640432832, 0.07068547524312341, 0.08258484278327216, 0.07174390241227166, 0.08116236617831361, 0.0781844368276412], [0.0782275507729861, 0.07932521274308293, 0.0754074691537586, 0.07326339489442672, 0.07634563605896247, 0.07938299304460196, 0.0826617530012636, 0.07131959694219746, 0.07070111678881931, 0.08236473324061017, 0.07168793709633392, 0.08120971086397419, 0.07810289539898245], [0.07865220851210777, 0.07995181194282121, 0.0751052251695184, 0.07305024392901259, 0.07603146796338768, 0.07930218629087858, 0.08231750680110626, 0.07113874899979912, 0.07052965947977363, 0.08254987673750025, 0.0714928943470441, 0.08151465584855781, 0.07836351397849267], [0.07930904085001839, 0.0804824668728046, 0.07470525863381382, 0.07284221809792718, 0.07554481914727636, 0.07954945756212942, 0.08168560027103063, 0.07071573236006834, 0.07019405830618228, 0.08277658980164206, 0.07119092408401688, 0.08208857686567174, 0.07891525714741819], [0.07949444038250272, 0.08036401954191974, 0.07459425091695869, 0.07281053325061314, 0.07538000412745227, 0.07981995481604336, 0.08147119673077877, 0.0704933558817728, 0.07002857441104549, 0.08293835361448758, 0.07107011407607845, 0.08237487950875355, 0.07916032274159326], [0.07947837659021621, 0.07999767881631602, 0.07462220466176835, 0.07288706227236791, 0.0753588136011778, 0.0800537994159299, 0.0813894919650863, 0.07038760603822744, 0.06997260753090516, 0.08303203609827514, 0.0710611866257976, 0.0824703681990926, 0.07928876818483947], [0.07946884815053998, 0.07981294333588282, 0.07466117546188063, 0.07295934704386037, 0.07536830867776378, 0.08020360799359655, 0.08132604378000947, 0.07037214907073575, 0.06998513121736413, 0.08292551796786705, 0.07109464384299592, 0.08246289200127818, 0.07935939145622523], [0.07914258714772218, 0.07952161796360213, 0.07485541511614817, 0.07307858763008358, 0.075584130229846, 0.08019517138921084, 0.08154586150503815, 0.07052634009909653, 0.0701159998112471, 0.0829443811834825, 0.07122679940798438, 0.0821506426265965, 0.07911246588994186], [0.07898849386245366, 0.0799184663542364, 0.07487191632776859, 0.07295142656186498, 0.0757094710783905, 0.07967884898071027, 0.08191023688931505, 0.07072793227540398, 0.07021165907664689, 0.08306531858645631, 0.07124701078052224, 0.08195480166932383, 0.07876441755690737], [0.07859266349917962, 0.07954270577078848, 0.07514988369141018, 0.07312643921934611, 0.07602506913406012, 0.07960950710597665, 0.08226570996448447, 0.0709919032932