[[0.0731477443184482, 0.07470885410757329, 0.08245227929837715, 0.07992560581402115, 0.07098413149567151, 0.07231321615361438, 0.08134483734259093, 0.0809331314223239, 0.07148555385039723, 0.08073798035192974, 0.07548361476348446, 0.07491161573747471, 0.08157143534409325], [0.07319248287464479, 0.07465881049595134, 0.0827381694071197, 0.08020000584148734, 0.07101516687547571, 0.07231985999288461, 0.08122215042047624, 0.08077525131011924, 0.07147439917171369, 0.08052730748509114, 0.0753896629365589, 0.07480389602441317, 0.08168283716406421], [0.07326912287628348, 0.07462012141407572, 0.08301189693536243, 0.08051641782551888, 0.07108596238430433, 0.07235685295060858, 0.08104646238086188, 0.08057289868705486, 0.07149489931603803, 0.0802764192662592, 0.07529800630457238, 0.07469993491338017, 0.08175100474568014], [0.07336361610530963, 0.07461722684793413, 0.08295399389218715, 0.0807926679140702, 0.07116541990877738, 0.07241200697137648, 0.0809333197981102, 0.0804407945035224, 0.07152868311088323, 0.08010032324796496, 0.07524822962061771, 0.07463156009143784, 0.08181215798780886], [0.07351411223811255, 0.07464903968465417, 0.08270293340628548, 0.0811009268357452, 0.07131746218020249, 0.07252671556795433, 0.0807729638838347, 0.08027148716055149, 0.07162764537282369, 0.07989456982031698, 0.07522397341383634, 0.0745938082139612, 0.0818043622217213], [0.07355968362535181, 0.07462098985486769, 0.08293706513645457, 0.08132576507784224, 0.07132746888634085, 0.0725281933658171, 0.08068680723470424, 0.08017243921118776, 0.07159890921040024, 0.07975715837512531, 0.07515878080800369, 0.07450211389205455, 0.0818246253218498], [0.07360034919730306, 0.07456159154382885, 0.08333333333333334, 0.08170277114386741, 0.07126922605186413, 0.07247887284935994, 0.08061938280931133, 0.08007917068200131, 0.07147932673128488, 0.07958831809002823, 0.07504407211279596, 0.07432448264200664, 0.08191910281301508], [0.07376154475608149, 0.07460545554429857, 0.08293512282409173, 0.08210186525473229, 0.07136509822303536, 0.07256544021794295, 0.08053262305683566, 0.07998401037143324, 0.07151020617321821, 0.07943428732666867, 0.07502482083811231, 0.07425439866987722, 0.08192512674367235], [0.07384350546917351, 0.07460882946761131, 0.08282443770010485, 0.08245770210444565, 0.07133158860808145, 0.07255498263520173, 0.0805296928494487, 0.07996668751713261, 0.07142142685916611, 0.0793493119616186, 0.07497810006772104, 0.07413566808037643, 0.08199806667991814], [0.07401710716552692, 0.07465626842843472, 0.08271775609311731, 0.08285331113186455, 0.07136230026555844, 0.07260616729437183, 0.08044848647698652, 0.07988623893588094, 0.07137083309016105, 0.07921416885823482, 0.07494775258042438, 0.0740121166921788, 0.08190749298725972], [0.07431836926305817, 0.07483629820707391, 0.08217750343374716, 0.0826714955261658, 0.07153673988448433, 0.07279729056498305, 0.08039773905554999, 0.07985836221385811, 0.07146716635930404, 0.07914646631668719, 0.07504739580539896, 0.07402150594986324, 0.08172366741982595], [0.07455826917491593, 0.07494856521588221, 0.08178918934815267, 0.08310114201472378, 0.07169789129881377, 0.07295363136459285, 0.08021305638642348, 0.07970532093921262, 0.071557777203189, 0.07898269235054099, 0.07508578868509742, 0.07400111560207652, 0.08140556041637861], [0.07475944553004096, 0.07510948174174326, 0.08121471215300596, 0.08299223786854112, 0.07177044664152853, 0.07306886761510423, 0.08029775028376078, 0.0797486783767017, 0.07158881064491018, 0.07900054909606688, 0.07519940866799357, 0.07403077979048021, 0.08121883159012251], [0.07492044236152902, 0.07525628578453009, 0.08079252456839589, 0.08270224056913081, 0.07184638379554378, 0.07317732049283485, 0.08037879882473097, 0.07979248132341824, 0.07164163648419757, 0.07903344278935659, 0.07531609983242998, 0.07408910686777148, 0.08105323630613068], [0.07495413069392408, 0.07534160596317512, 0.08022685857774886, 0.08314885620583133, 0.07174094916256847, 0.07314648311793479, 0.08052272790526527, 0.07988587265010719, 0.07153190021161142, 0.07910604299612953, 0.07538993045723032, 0.07407736079226701, 0.08092728126620662], [0.07493045317461997, 0.07542029762729559, 0.07980756282452794, 0.08306123935316226, 0.0716352676368976, 0.07310652513058925, 0.08071894410819826, 0.08004849592481546, 0.07145096704944151, 0.07925662633756375, 0.0754873949270506, 0.07412063822268157, 0.08095558768315625], [0.07493388664091126, 0.07556556169764106, 0.07924348925853705, 0.08276434730687877, 0.07155864168760447, 0.07310744149747553, 0.08093764917716682, 0.08023716795211493, 0.07141102622149871, 0.07944771046797107, 0.07565944749424336, 0.07422972865881232, 0.08090390193914473], [0.07469674287102228, 0.07557992371739455, 0.07865400661469923, 0.08333333333333333, 0.07124927322313623, 0.07290413340503142, 0.08124292023421299, 0.08051845278358778, 0.07118323485206599, 0.07973019564422845, 0.07575473867337856, 0.07427040820667881, 0.08088263644123028], [0.07314991848940734, 0.07480755033646437, 0.08220755633728125, 0.07957086960492453, 0.07108890900598053, 0.07240786475500634, 0.08127323422622144, 0.08094442828390427, 0.07165026664886277, 0.0808771909622944, 0.0756359519160441, 0.07512931126138674, 0.08125694817222205], [0.07318669133632706, 0.07472868527566143, 0.08259666072732273, 0.0799110608942424, 0.07109714767068877, 0.0723907977022663, 0.08116879793200707, 0.08078046392397675, 0.07160512706136755, 0.08062907686595791, 0.07550249803648988, 0.07497256537582528, 0.08143042719786693], [0.07321632518034069, 0.07469046142775373, 0.08282211154403904, 0.0801028731046292, 0.07111494355638057, 0.07239189800697407, 0.08108760337309076, 0.08067324139599039, 0.07159214006127579, 0.08048159950339918, 0.07543253869323371, 0.07489115388988442, 0.08150311026300845], [0.07328907473350396, 0.07462241351910448, 0.08310878439236681, 0.08053509837265001, 0.07112957194730295, 0.07238550521153696, 0.080972882008039, 0.08050545981217183, 0.07153538781498407, 0.0802186180572871, 0.07529464281641104, 0.07470856065533152, 0.08169400065931036], [0.07321842525826235, 0.07466785875958075, 0.08287496989113188, 0.08019769965637029, 0.07108897351975975, 0.07236930949021346, 0.08110137332379233, 0.08066936281241406, 0.07155034735607109, 0.08044797890925486, 0.07539603099814743, 0.07483678599369942, 0.08158088403130216], [0.07342025007068961, 0.074634793326879, 0.08294250573082454, 0.08085623088304805, 0.07125200913912655, 0.07247450983244677, 0.08082941270061898, 0.08034353640583121, 0.07160332718015278, 0.08000921066159544, 0.07525031770425619, 0.07464583238589358, 0.0817380639786373], [0.07354418658922526, 0.07467131095951382, 0.0827329026184117, 0.0810496914018814, 0.07139587623078991, 0.0725833828330073, 0.08068754202159388, 0.0802014868593633, 0.07171114567673695, 0.07985114459878753, 0.07524703064131226, 0.07464226215788941, 0.08168203741148719], [0.07358243884073687, 0.0746238316204265, 0.08296971070917364, 0.08136542021984816, 0.0713552510224719, 0.07254782186658142, 0.08064529456185109, 0.08013237800328059, 0.07161866471895875, 0.07971547897254642, 0.07515282687046813, 0.07449669273177938, 0.08179418986187702], [0.07370808112411174, 0.07463602878353653, 0.08305385880081971, 0.08163968601698861, 0.07147048778323614, 0.07263239637978874, 0.08047003814857046, 0.07995606329817273, 0.07168084460919144, 0.07950889750326173, 0.07511084135604308, 0.07443578064862216, 0.08169699554765693], [0.07380922904351431, 0.07462220906321798, 0.08312364255104158, 0.08205789558693403, 0.0714766142743275, 0.07264170580553542, 0.08039018751897867, 0.0798591284279684, 0.07161872269992943, 0.07934093177986622, 0.07503400402838623, 0.07429477880947144, 0.0817309504108288], [0.07386263834441828, 0.07461510671687885, 0.08305443942295024, 0.08236502985769951, 0.07143614666728584, 0.07262088713713549, 0.08039663837442351, 0.0798512894336734, 0.07153495716769587, 0.07927490226158228, 0.07498863079189054, 0.0741919395141491, 0.08180739431021723], [0.07393055623859188, 0.07461448626433212, 0.0830492385318007, 0.08267985134204761, 0.07141079593725891, 0.07261274732839061, 0.0803702870058073, 0.07981719130053481, 0.07146302301522774, 0.07919764815659217, 0.0749454762760433, 0.07409086057281376, 0.08181783803055917], [0.07403641638558466, 0.07464202851306764, 0.08293802144790843, 0.08298412082266676, 0.07143119212783872, 0.07264456308393583, 0.08031590202413638, 0.0797636512082595, 0.0714336078985844, 0.07911260330674692, 0.07492555082354202, 0.07401532516369073, 0.08175701719403801], [0.07412934724523376, 0.07468286042060038, 0.08276704747728215, 0.08311129889373324, 0.07148060920286839, 0.07269633886436784, 0.08027352003074212, 0.07972659888607017, 0.07145188635716469, 0.0790611475261701, 0.07493546905609927, 0.07399463566677449, 0.08168924037289335], [0.07429537178579589, 0.07477369261777993, 0.08250975090917999, 0.08303479162929552, 0.07160128701132833, 0.07281355245153039, 0.08020986570986414, 0.07967585846467247, 0.07153014785202368, 0.07899751528697929, 0.07498254412525318, 0.07400574081105657, 0.08156988134524072], [0.07445740310266227, 0.07488561373096045, 0.08218009914366214, 0.08275772549851554, 0.0716976705649476, 0.07292262993501897, 0.08021656193529732, 0.07969506560749594, 0.07159168971596272, 0.07899782479122945, 0.07505783405830668, 0.07403501033707144, 0.08150487157886957], [0.07480372897752152, 0.07506109170512516, 0.08163539399368754, 0.08303874614352358, 0.07196424955232376, 0.07317019881894203, 0.07998884637202817, 0.07949626015364852, 0.0717630968488206, 0.07879284706676394, 0.07513702145950503, 0.0740468926451413, 0.08110162626296868], [0.07495593705625193, 0.07518654343311246, 0.08117196519862997, 0.08295520803144012, 0.07200466074876802, 0.0732468959913816, 0.08008421145171377, 0.07954444871605394, 0.07176554019771521, 0.07881855169513513, 0.0752254356702967, 0.07406210352057088, 0.08097849828893024], [0.0745274105687721, 0.07494960140455752, 0.08169393365252425, 0.08309719430703466, 0.07163432128141765, 0.072913146159659, 0.08029371565721531, 0.07978331087722793, 0.07150253512078505, 0.07904826165027118, 0.0750955616207733, 0.07399445067075064, 0.08146655702901143], [0.07512511289942256, 0.07531993113578668, 0.08083600006270195, 0.08265852970011892, 0.07211496627292173, 0.07336854821905683, 0.08011083537601278, 0.07954492184771689, 0.0718412977530301, 0.07881421749337304, 0.07532456266992675, 0.0741153204972694, 0.0808257560726624], [0.0752709690501112, 0.07546920999798908, 0.08028933542543225, 0.08271717507597431, 0.07212984196104084, 0.07344097355628472, 0.0802016797877379, 0.07959209276541551, 0.07183374963004452, 0.07884860465248225, 0.07544118634271531, 0.07414866597655545, 0.08061651577821673], [0.07524141849382382, 0.07550456594590012, 0.0799988444504132, 0.08289318849017292, 0.0720095054878301, 0.07338471787456655, 0.08032864509794979, 0.07969234097569128, 0.07173674406195465, 0.07893571975648632, 0.07548456602639435, 0.07414453614199112, 0.08064520719682587], [0.07524221985497996, 0.07561768672347394, 0.07950951127743354, 0.08278419955720129, 0.07190446258328397, 0.07336193498980186, 0.0805208994307972, 0.07985142330094096, 0.07166192871552117, 0.07908770038553864, 0.07561246715978558, 0.0742046124433976, 0.08064095357784434], [0.07529772812250095, 0.07574808069227165, 0.07897356947151121, 0.08305088359446489, 0.07186035404494209, 0.073383932438133, 0.08057378628055958, 0.07988552446938024, 0.07162545739405927, 0.07913319761102579, 0.07573704410614458, 0.07425630668337373, 0.08047413509163316], [0.07507403247317387, 0.07574053524472475, 0.078715020485143, 0.08295104814634845, 0.0716160869927553, 0.07321243701669831, 0.08088626467174431, 0.08018156058549371, 0.07146018273347737, 0.07942147826321057, 0.07581052845253972, 0.07431116807955977, 0.08061965685513085], [0.0731992422157842, 0.07483052926248697, 0.08230311164093798, 0.07957290942136129, 0.07121036518386271, 0.07249248304636291, 0.08109866780516349, 0.08078481249312634, 0.07177496037923307, 0.08074956122378181, 0.07565392257717023, 0.07518756797843332, 0.0811418667722957], [0.07326494183089681, 0.07472106614858098, 0.08288793824464778, 0.08006705695955232, 0.0712355806031182, 0.0724783188232231, 0.08093065589640341, 0.08053888658003269, 0.071718667637266, 0.08038525419919614, 0.0754614620814672, 0.0749591915733006, 0.0813509794223148], [0.07323564617405023, 0.07475665597526993, 0.08267535981882174, 0.07988927652501195, 0.07121835601217436, 0.0724767803786078, 0.08100374469074242, 0.08063622005206106, 0.07173130845419595, 0.0805215785694901, 0.07552763262618897, 0.07503733732994418, 0.08129010339344143], [0.0732609465652517, 0.07467111166671579, 0.08305028007607512, 0.0802485878749672, 0.07117600671304115, 0.07242632125063513, 0.08095598000086614, 0.08053169480824837, 0.07162909587527107, 0.08032316979226788, 0.07538570875005483, 0.07484865684451161, 0.08149243978209408], [0.07332976162514111, 0.07467984323271444, 0.08317961799611845, 0.08034110679110373, 0.07128896082523323, 0.07250292425909398, 0.08079105763456026, 0.08037037838649076, 0.07172408014495571, 0.08016416149781214, 0.07537059430388449, 0.07485226218099932, 0.08140525112189255], [0.07343436582271119, 0.07466948605249346, 0.0830636412799231, 0.0806782183174599, 0.07135517156677734, 0.0725485487404216, 0.08070927400372448, 0.08025664864027263, 0.07173189478919438, 0.07998326034466931, 0.07530280493089968, 0.07474976580459428, 0.08151691970685837], [0.07331222454284242, 0.07463731870716822, 0.08333333333333331, 0.08046667948628844, 0.07122069809837851, 0.07244696083457616, 0.08082816598869196, 0.0803846712909519, 0.07163588738087648, 0.0801387952576953, 0.0753124906789652, 0.0747643674016152, 0.08151840699861669], [0.07358307888749739, 0.07470713332062646, 0.08274005971328771, 0.08094845594010681, 0.0715036699243268, 0.07266272515449985, 0.08058067692298829, 0.080116800699324, 0.07182964208706771, 0.07980487607067116, 0.07528728570975662, 0.0747191161722491, 0.08151647939759797], [0.07366481614648865, 0.07472346791980723, 0.08262041347191568, 0.08110792307718631, 0.07157923120742128, 0.07272054933349466, 0.08050461321508084, 0.08003487424366101, 0.07187418796155251, 0.07969957848364917, 0.07527191081471572, 0.07469166376080648, 0.08150677036422059], [0.07369296544258097, 0.07470251226880878, 0.08274931729090115, 0.08126838125203487, 0.07157271572076811, 0.07271271270279221, 0.08046837401944996, 0.079986799301698, 0.07183960680304512, 0.07962022572211716, 0.07522522454317103, 0.0746209990918688, 0.08154016584076385], [0.07378803386348208, 0.07471007895426206, 0.08278758858849859, 0.08147602676869645, 0.07165084056914962, 0.07277072156914065, 0.0803541088535904, 0.0798675558281807, 0.07187485558887598, 0.07947096017266517, 0.07519003120528396, 0.07456570668979931, 0.08149349134837507], [0.073840936072162, 0.07466057999282623, 0.08313040726378244, 0.08185602586881835, 0.0716029034343756, 0.0727318975714822, 0.08028950269103288, 0.07978070735813225, 0.0717637056409221, 0.07931309707906259, 0.07508427781468728, 0.07439549340103734, 0.08155046581167882], [0.07386174316960849, 0.07463505166636249, 0.08333333333333333, 0.08203954281499744, 0.07157154804436065, 0.07270741334674258, 0.08025803645901142, 0.07974026460429859, 0.07170283078679357, 0.07923945675176118, 0.07503265578620795, 0.07431159024798971, 0.08156653298853264], [0.07389134821938001, 0.07464115715073243, 0.08320295915230724, 0.08216112630511649, 0.07156788519705, 0.0727100859930339, 0.0802674590951028, 0.07974412616802837, 0.07168269281300883, 0.07922195733845236, 0.07502414817233717, 0.07428213256172436, 0.08160292183372612], [0.0739550403583671, 0.07462795508818255, 0.08333333333333331, 0.08247312645302574, 0.07154883771290999, 0.0727012407001988, 0.08021493363841556, 0.07968303143144284, 0.07161511203758952, 0.07911031633788412, 0.07496683844268838, 0.07417242617061573, 0.08159780829534619], [0.07402416858422141, 0.07462810044721287, 0.08333333333333334, 0.0827923670537723, 0.07153050076196672, 0.07269768902279468, 0.0801790302421435, 0.07964144373926799, 0.07155108415195675, 0.07903338410507274, 0.07492525551335164, 0.0740764849202368, 0.08158715812466942], [0.07412442915105884, 0.07466572293929735, 0.0830625042139521, 0.08305435191653558, 0.07157173683495063, 0.07274434004266588, 0.0801400380879603, 0.07960434086818508, 0.07155378078165368, 0.07897483035923926, 0.07492580545333308, 0.07403714468355829, 0.08154097466761], [0.07439871782790893, 0.07480351587444264, 0.08258745495629535, 0.083089866702169, 0.07178044487825375, 0.07293967024691088, 0.08000740129006638, 0.07949116218448082, 0.07168840483336623, 0.07884252601144634, 0.0749881968659724, 0.07404475586257674, 0.08133788246611069], [0.07467792111424307, 0.07496895763290087, 0.08218716101559496, 0.08271269386825116, 0.07201401212280582, 0.07315899225468045, 0.07990617441783486, 0.07941343326223198, 0.07186134108020854, 0.0787562030977879, 0.07508980237569451, 0.07410390940822753, 0.08114939834953828], [0.0748439500151222, 0.07507533013675076, 0.08169568431845683, 0.08290665988410144, 0.07204774572774833, 0.07322562496592713, 0.07991687029603216, 0.07943691455940745, 0.07183687839143006, 0.07874617842229578, 0.07514506505822846, 0.07407364968316513, 0.08104944854133438], [0.074663391480457, 0.07497985615426113, 0.08196929082202117, 0.08286209864206606, 0.07189412676793659, 0.07309031045250158, 0.08003067007045597, 0.07953365482585814, 0.07173598462036243, 0.07884366682738096, 0.07509680209891896, 0.0740555678702925, 0.08124457936748744], [0.07449384197263681, 0.07486960465005059, 0.08237036677060429, 0.08292153840475441, 0.07181872163390975, 0.07299302159385135, 0.08003459292037542, 0.07952272082618782, 0.0717035813927955, 0.07885662055065328, 0.0750310305999539, 0.07405116202538768, 0.0813331966588392], [0.07421209375260887, 0.07470145994731449, 0.08277909742772176, 0.08333333333333331, 0.07158825070126927, 0.07277459788990501, 0.08012302130713564, 0.07958925752269086, 0.07153481922059174, 0.0789360492761837, 0.07492764801541572, 0.07399388394848136, 0.08150648765734816], [0.07464424733464049, 0.07496751549492299, 0.08206305019814486, 0.08277201677140895, 0.07190357987448782, 0.07308986596882304, 0.08002374108061362, 0.07952452648341866, 0.07175316967520717, 0.0788420178040593, 0.07509216635784496, 0.07406761814536891, 0.08125648481105903], [0.0745147826254492, 0.07491711185640165, 0.08200752337756409, 0.08291294854673585, 0.07171329108555462, 0.07294799842252886, 0.08019910301851362, 0.07968453489840002, 0.07158861236092726, 0.07897718445921463, 0.07507020571636917, 0.07402076129134579, 0.08144594234099545], [0.07494328975607178, 0.07514532234968979, 0.08139972843456807, 0.08297424396736812, 0.0720743833557992, 0.07327088155991295, 0.07995737528790149, 0.07944663901091739, 0.07183143969466625, 0.07874063998943988, 0.07518670303152361, 0.07406693771364505, 0.08096241584849659], [0.07508283920090197, 0.07525081403048228, 0.0810866584375051, 0.08282062094343151, 0.07215010785562044, 0.07336025976816757, 0.07998983772481469, 0.07945139448021145, 0.07187335417423989, 0.07873601260939854, 0.07526046839448293, 0.07409449024067788, 0.08084314214006574], [0.07524980358611381, 0.07539176826134429, 0.08071057617134356, 0.08252456036108077, 0.07223989608640395, 0.0734731175480437, 0.0800422476174883, 0.07947352543287711, 0.07193203953912719, 0.07875037596152885, 0.07536804938850256, 0.07414741329724257, 0.08069662674890354], [0.07535734294475209, 0.0754840857335919, 0.08041921544901659, 0.08250409055468569, 0.07228377270609124, 0.07353855147417154, 0.08006473075363615, 0.07947494386226438, 0.07195460231173696, 0.07874781111971328, 0.07543594782528307, 0.07417203146417137, 0.08056287380088582], [0.07538898003843249, 0.07557309261250043, 0.0799591540174366, 0.08271972560928118, 0.07218062712504138, 0.07351564118165471, 0.08019950380246839, 0.0795713960131884, 0.07186266526019894, 0.07882943475550747, 0.07551770124150183, 0.07417787917681926, 0.08050419916596906], [0.07547213935691979, 0.07572460928393102, 0.07943560575458117, 0.08261277857121685, 0.07214154260934222, 0.07355690695875718, 0.08031462062941888, 0.07965711989784664, 0.07184066231445384, 0.07891520970649601, 0.07566090599950792, 0.07424558767464072, 0.08042231124288794], [0.07546004194867925, 0.0757912878832925, 0.0790678151043416, 0.08288782190264396, 0.0720438881097085, 0.07352378014629363, 0.0803972760756303, 0.07972233331475673, 0.07176549131250916, 0.07898189402365441, 0.07573437567783992, 0.07426555300358163, 0.08035844149706851], [0.07536411166940478, 0.0758497787508458, 0.07860365909350846, 0.08333333333333333, 0.07186215900213891, 0.07342512093315076, 0.08054463191010341, 0.07985317050027514, 0.07162566365781502, 0.0791182229903868, 0.07582578797875643, 0.0742946036500106, 0.08029975653027056], [0.07508321191472972, 0.07583669991626446, 0.07838320639643394, 0.08294255018955314, 0.07159165648141627, 0.07322942884322037, 0.08093464932278265, 0.0802329263301342, 0.0714583923728067, 0.07949338806446106, 0.075921815904835, 0.07438762294239072, 0.08050445132097195], [0.07427253378088719, 0.07473359769320925, 0.08284684980155643, 0.08312207993304578, 0.07171215946279413, 0.07286411937655357, 0.08002576894308953, 0.0795032833102923, 0.07165577684279988, 0.07887264986959018, 0.07495373413338578, 0.07404996583728131, 0.08138748101551453], [0.07414846658783995, 0.07468950713255712, 0.08312632459954267, 0.0828053696614099, 0.07168623190186905, 0.07282187002248562, 0.08005861401187606, 0.07953533748175579, 0.0716825324644575, 0.07893826130325356, 0.07495939026629896, 0.07411816730451996, 0.08142992726213381], [0.0740605456842124, 0.07468380906531251, 0.08314059056334432, 0.08245939212597976, 0.07169622272580811, 0.0728167580123566, 0.08010460275176283, 0.07958664435008228, 0.07174597139345135, 0.07902782203647042, 0.0750025911276434, 0.07422267163057027, 0.08145237853300584], [0.0740356756164057, 0.07469548530636354, 0.08306389522975052, 0.08228587000067092, 0.07172405170250347, 0.0728342897754649, 0.08011725677743847, 0.0796054007793301, 0.07179897108981194, 0.07907601391912236, 0.07503638014826035, 0.07428811432878761, 0.08143859532609019], [0.07395923944638454, 0.07469170072381653, 0.08313472969686515, 0.0820007960045681, 0.07172157377533296, 0.07282391870888476, 0.08014858839758633, 0.07964603159169874, 0.07184213912990076, 0.0791638194861762, 0.07507397938842228, 0.07437378965013848, 0.081419694000225], [0.073885779554025, 0.0747311209922697, 0.08283720532426023, 0.08159660895846065, 0.07175621165432361, 0.07284954200170117, 0.08022196726702731, 0.0797393613987096, 0.07194617237750849, 0.07933013665252446, 0.07517535769160733, 0.07454487181752763, 0.0813856643100549], [0.07385576216006534, 0.07475664338278233, 0.08264211000496008, 0.08141252213113694, 0.07177304841443931, 0.07286465629975396, 0.0802631595320222, 0.07979178853501265, 0.07199610732426774, 0.07941745023891544, 0.0752305207250481, 0.07463097311126786, 0.08136525814032783], [0.07454405308402937, 0.07499276758624802, 0.08146711738722208, 0.08299147377804349, 0.07159481641473331, 0.07290516645990992, 0.08040753738051025, 0.07987890055651567, 0.07146408841980598, 0.07912624758739775, 0.0751387330126225, 0.07400466723493085, 0.08148443109803083], [0.07493667532436585, 0.07522482009989885, 0.08097146786710434, 0.08279247796280595, 0.07191133306341119, 0.07320748023669728, 0.08025099739732856, 0.07968524710739429, 0.07169524994046889, 0.07894010074948511, 0.0752751044006571, 0.07407607595972344, 0.08103296989065908], [0.07515045843354247, 0.07539122156760951, 0.08047815804268466, 0.0827354830478813, 0.07203379307016912, 0.07335066688580763, 0.08025491347152018, 0.07965342346017738, 0.07176946329985398, 0.07890452460026015, 0.07539243684062323, 0.07412430861176775, 0.08076114866810274], [0.0737890740951204, 0.07475571069065308, 0.08260263538415308, 0.08124992265814115, 0.07172809182563888, 0.07283122078753768, 0.08033567226181748, 0.07987063265874705, 0.07198506450413118, 0.07952342275719763, 0.07526244483644638, 0.07468293426542151, 0.08138317327499456], [0.07373362637188015, 0.07476544640089042, 0.08251320648888355, 0.08107502162691667, 0.07169976028619228, 0.07281217916957172, 0.08040115980506383, 0.07994599036515272, 0.07199110903979257, 0.07963012516072318, 0.0753049957212723, 0.07474797169100009, 0.08137940787266054], [0.07363142026392237, 0.07475017622138545, 0.08268163922911131, 0.08084773608334717, 0.07161969319292429, 0.072750160071106, 0.08047759264523517, 0.08003502277658135, 0.07195492959271055, 0.07975814242279974, 0.07533304370771178, 0.07479986059987787, 0.08136058319328711], [0.0735357779011615, 0.0747423503235703, 0.08286596374170101, 0.08060120183377899, 0.0715526752289221, 0.07269901683168674, 0.08053726144989609, 0.08011343223486526, 0.07193319128684159, 0.07988287766981399, 0.0753693910677061, 0.07486354399821261, 0.08130331643184384], [0.07344784065667298, 0.07473878864908534, 0.08297787937232433, 0.08038196284111324, 0.07148032833661502, 0.07264678859097268, 0.08061223763178871, 0.08020639787920952, 0.07190189330167204, 0.08001707882516204, 0.0754071078940964, 0.07492067919586669, 0.08126101682542096], [0.0734048940737738, 0.07473715860098865, 0.08299944000492378, 0.08028577391779837, 0.0714370569497157, 0.07261656617027722, 0.08066286083718573, 0.08026453587884667, 0.07187710208934442, 0.0800921270246941, 0.07542495523048616, 0.07494344538698082, 0.08125408383498445], [0.07335382054809732, 0.07474804762333556, 0.08293780862284142, 0.08013437587728334, 0.07138998317779446, 0.07258734562957833, 0.08073740937815939, 0.08035385165576622, 0.07185815111326838, 0.0802105594668952, 0.07546509256294295, 0.07499266715123634, 0.08123088719280108], [0.07331548744272842, 0.07477191486968505, 0.08279584533525643, 0.07997434337168301, 0.07136046579004827, 0.07257392131454714, 0.08080751270791893, 0.08044321474190776, 0.0718573236143457, 0.08033387509871552, 0.07551840720804004, 0.07505700571814887, 0.08119068278697486], [0.07329540998404957, 0.07483404718787341, 0.08252343787802488, 0.07972144151592313, 0.07138294775898137, 0.07260559523002076, 0.08084377704172692, 0.0805209028110539, 0.0719229976732876, 0.08047821968862638, 0.0756216147734073, 0.07519114313575545, 0.0810584653212695], [0.07326858932850448, 0.0748910630682096, 0.08225878025620224, 0.07948432504525552, 0.07138102454477897, 0.07262047084884586, 0.0809007802230455, 0.08061946726380582, 0.07196132775582162, 0.08063957567072803, 0.07571895002276482, 0.0753093929202706, 0.08094625305176688], [0.07325177349771284, 0.07481461274100805, 0.08250401911451913, 0.07971396261343928, 0.07129521646118363, 0.07254289488168837, 0.08095173465025876, 0.08062168530333433, 0.07183730662559673, 0.08056661006508639, 0.07560975275959794, 0.07515679578616712, 0.08113363550040743], [0.07485831869094635, 0.07511029452085316, 0.08138880918043845, 0.08310197060933518, 0.07194919111264045, 0.07318196194427402, 0.0800565019552898, 0.07953618348172581, 0.07173199869109155, 0.07881672115051162, 0.07517014713926068, 0.07403787772018262, 0.08106002380345038], [0.07466958792454238, 0.07500735855429264, 0.08154128853455561, 0.08333333333333334, 0.07175572364113827, 0.07301848482226367, 0.08016531264487084, 0.07965057284437385, 0.07158313216459332, 0.07892043197749411, 0.07511007192526652, 0.07398909139067364, 0.08125561024260186], [0.07485870427415166, 0.07526675949722772, 0.08050472241675206, 0.0829987114157801, 0.07170550308037242, 0.0730911883936821, 0.08053896626596217, 0.07992131740847809, 0.07151697829027681, 0.07914168459630441, 0.07534111154672218, 0.07406953757691645, 0.08104481523737385], [0.0747487571445991, 0.07514790200669895, 0.0810404011461314, 0.08276571338742386, 0.07171700417547004, 0.07304813514563553, 0.08043934633433336, 0.07987026966068328, 0.07154814089054391, 0.0791075949222633, 0.07524914399984506, 0.07405579974281228, 0.08126179144356], [0.07419349840869364, 0.07475585154846895, 0.08240480902743486, 0.08280545921663203, 0.07145886958108233, 0.07271292708790907, 0.08041437173275019, 0.07986380753057734, 0.07141817806406876, 0.07916533978717795, 0.07499734624102258, 0.0740055498630614, 0.08180399191112092], [0.07442717414358348, 0.07491119386247669, 0.08176857653109296, 0.08292846146819512, 0.07154470043105786, 0.07283730716116284, 0.08040765978900108, 0.07988342427478115, 0.07144199721132942, 0.07914415739109541, 0.07508794018142317, 0.07399869522939936, 0.08161871232540126], [0.07485391040865515, 0.07531297767809209, 0.08011477610132003, 0.08333333333333333, 0.07160846420957648, 0.07304858224890906, 0.08064704784654092, 0.07999543606034926, 0.07142349790221572, 0.07920230380313019, 0.07538634754260705, 0.07405767266459358, 0.08101565020067704], [0.07486660517424086, 0.07545778699323284, 0.07959138737304171, 0.08280510732306463, 0.0715446003595243, 0.07305767022391521, 0.08089953659062059, 0.08021202037054256, 0.07139445434867064, 0.07941271630229307, 0.07555729677317294, 0.07417068410534117, 0.08103013406233961], [0.07535541904917195, 0.07601421154062127, 0.0781362718243544, 0.08285009379074451, 0.07182075713490434, 0.07345112013814317, 0.08068891608649448, 0.08000401989465046, 0.07163712052007772, 0.07935024727626057, 0.07603080551779594, 0.0744549588390872, 0.08020605838769419], [0.07547950422683251, 0.07597410349178965, 0.0783552825612218, 0.08312654819446139, 0.07194919772546506, 0.07352858494925757, 0.08049576625983436, 0.07981068338019882, 0.07170669727897974, 0.07911445114490159, 0.07593296669212067, 0.07437189809127866, 0.0801543160036582], [0.07328573400424614, 0.07465325159151856, 0.08131705490525903, 0.08064020557529761, 0.07061035348923969, 0.07208500816169869, 0.0820382801963957, 0.08136970796599416, 0.07092605166132807, 0.08066241180113899, 0.07526889634503908, 0.07436931158847493, 0.08277373271436932], [0.07328462068970183, 0.07460662718334084, 0.08170043645376386, 0.0807719587082201, 0.07069536809743837, 0.07212077556679394, 0.08177614092551476, 0.0811399162646139, 0.07101103731379327, 0.08051007948994945, 0.07521776660166993, 0.0743729079910348, 0.08279236471416516], [0.07334262304776419, 0.07457474559009077, 0.08191045444453705, 0.08105442273405879, 0.07073537618580762, 0.07214022507047058, 0.08159606891021437, 0.0809602759478566, 0.07101050425778783, 0.08031066762330655, 0.07514404576922049, 0.0742848457053233, 0.08293574471356194], [0.0734022558968303, 0.07455838415953876, 0.08214380696653947, 0.08130143435703695, 0.07081017830115588, 0.07218540879407132, 0.08140550263433632, 0.08078062637147265, 0.0710564377962059, 0.08013827429288221, 0.07509632182183322, 0.07424231025370881, 0.0828790583543882], [0.07353140065152214, 0.07458083638415325, 0.08206303164610176, 0.08158841044442847, 0.07086277753197069, 0.07223655994367151, 0.08129845659443086, 0.08066978000393804, 0.07104821947525974, 0.0799769340789826, 0.07505830853280157, 0.07414975503277202, 0.08293552967996737], [0.0736666149769828, 0.0746471236678212, 0.0818021188857372, 0.08168667045521082, 0.07091971748494234, 0.07230476281250243, 0.08127693105753615, 0.08065083417043238, 0.07105924123933623, 0.07991947799965926, 0.0750785033047166, 0.07411439572036967, 0.08287360822475297], [0.07375371346709927, 0.07475520565320357, 0.0812851548039191, 0.08153654718029628, 0.07089547503987129, 0.07233318118053443, 0.08146528035700025, 0.08084168541176341, 0.07101962565001492, 0.08005440455367167, 0.07517180661661492, 0.07413387850248697, 0.08275404158352385], [0.07355900471878249, 0.07476137069195116, 0.08074877407368482, 0.08135120005002898, 0.0706243307123218, 0.07215486263997922, 0.08192916764074054, 0.08128737657557261, 0.07081598164446663, 0.08044395676021614, 0.07525185892880033, 0.07417342944919166, 0.0828986861142636], [0.07326418375278931, 0.07464698944076897, 0.08070728318006683, 0.08105863281944034, 0.07038572175549188, 0.07194797727595025, 0.08225715685201401, 0.08156169692196172, 0.07066619532626539, 0.08072991649070997, 0.07523410072886279, 0.0742068121223452, 0.08333333333333333], [0.07321205008842961, 0.07463876844698455, 0.08087994162099513, 0.08084011044937378, 0.07042411655092125, 0.07196286606032797, 0.08228504097713667, 0.08158337955620475, 0.070741530751216, 0.08080256552482733, 0.0752622784673441, 0.074295184213959, 0.08307216729227998], [0.0733633411966085, 0.07466022762259689, 0.08125708789890516, 0.08085959982251234, 0.0706109661404826, 0.07209524369446142, 0.08198575131377604, 0.08130879458574959, 0.07088151828801657, 0.08055420601616396, 0.07523104183406597, 0.07427922659263446, 0.08291299499402634], [0.07331686018479933, 0.07462848771513286, 0.08149155260140992, 0.0807483761148422, 0.07064639043936799, 0.07210168281040323, 0.08189482157756994, 0.0812332842476406, 0.07094064747052724, 0.0805315953502808, 0.07522113070205019, 0.07432369661017661, 0.08292147417579915], [0.07342638322351971, 0.07458947013869213, 0.08165466145024644, 0.081169819939544, 0.07069189704546885, 0.07212742824871525, 0.0816212874345206, 0.08096608876591055, 0.07091249830371021, 0.0802346148901158, 0.07510722627827796, 0.07416529094794527, 0.08333333333333334], [0.07355217468629373, 0.07469518810362974, 0.08126855491947398, 0.08124198373055179, 0.07072381443637574, 0.07219212731317036, 0.0817293330815657, 0.08107554440962451, 0.07091437148606188, 0.08028986725694046, 0.0751827449412264, 0.07417401352686812, 0.08296028210821774], [0.07347618877343619, 0.07465621102570046, 0.08139006232428643, 0.08108786593586373, 0.0706909303280674, 0.07215272413530092, 0.08175543366138867, 0.08109401186238227, 0.07090656830825316, 0.08032930104272644, 0.07516967516452806, 0.07419231003873551, 0.08309871739933078], [0.07346905863289561, 0.07469998232531737, 0.08102418781052552, 0.08115455738316223, 0.07061323261325801, 0.07211977560440698, 0.08194215873677982, 0.08127505985103187, 0.07083444517042126, 0.08046686703756174, 0.07522122319317313, 0.07419855706311575, 0.08298089457835064], [0.07338751851219982, 0.0745800976389564, 0.08176622867982196, 0.08112908018998982, 0.07070330283726572, 0.0721273322393839, 0.0816211493226183, 0.08097044536325428, 0.0709464338231545, 0.08026626002717326, 0.07511951951112843, 0.07421062250257579, 0.08317200935247786], [0.07357835887778211, 0.07462705725229059, 0.08174666538755726, 0.0814878473581501, 0.07083050876013054, 0.07223665855981501, 0.08141305659819927, 0.08077509554769664, 0.07099926222855575, 0.0800401600350045, 0.07508970555393188, 0.07413044757713574, 0.08304517626375062], [0.07366286245769137, 0.07470524454147312, 0.0814201602425945, 0.08142034651829855, 0.07084138799749533, 0.0722761784137248, 0.08150776573047042, 0.08087172286416759, 0.0709911105011218, 0.08009833288882759, 0.0751489259423064, 0.07413902745892804, 0.08291693444290049], [0.07366832611573876, 0.07478783179792337, 0.08085135255425673, 0.08150392934998427, 0.07073538468474165, 0.07224002247163516, 0.08175986407459714, 0.0811328137290349, 0.07089269924349714, 0.08030019263390284, 0.07524083635375052, 0.07415876111445525, 0.0827279858764823], [0.07379839892730303, 0.07481043000402061, 0.08101026005053696, 0.08166009362640718, 0.07088067985686071, 0.07234641318435654, 0.08153350676511367, 0.08092161859629221, 0.07099612087075456, 0.08010799942430169, 0.07521792853482001, 0.07413979565688611, 0.08257675450234689], [0.07347939014265123, 0.07457904627706338, 0.08193121890639882, 0.08141809240302017, 0.07079310999176781, 0.07218946594004379, 0.08142451864426355, 0.08078585682969347, 0.07099659229569194, 0.0800827723428913, 0.07507648536295088, 0.07416074948799412, 0.08308270137556956], [0.07373072538347394, 0.07469702420700823, 0.08160802067022456, 0.08162853877891249, 0.07093903487667264, 0.0723383675896587, 0.08131445257933435, 0.08069089011626668, 0.07106274056265435, 0.07993792004039416, 0.07511237816044343, 0.07411716703943784, 0.08282273999551877], [0.07383477654271331, 0.07476531340691865, 0.081390143831602, 0.08172907572342199, 0.07097740426438218, 0.07239323557908257, 0.08131261321172682, 0.08070162992132525, 0.07107181741468983, 0.07992222372691334, 0.07515025204544896, 0.07410884604258139, 0.08264266828919367], [0.07289906978014889, 0.07465765645730862, 0.08072715304033036, 0.08036233752576835, 0.07024061664859356, 0.07183003819275544, 0.08268531312602896, 0.0820848536567105, 0.0707199380954092, 0.08144606124479696, 0.07545121162278719, 0.07457891177114327, 0.08231683883821869], [0.07295133455693953, 0.07464744866175639, 0.08054687363571908, 0.08060108053203068, 0.07019313378291413, 0.07180342684228384, 0.08280270397033274, 0.08209535641198668, 0.07062580377571374, 0.0813309036106642, 0.07539557738934896, 0.07445598884941228, 0.08255036798089761], [0.07310914495462079, 0.0746982307459943, 0.08017200504225024, 0.08101767702974914, 0.07020272623346334, 0.07184042451692146, 0.08274763525591301, 0.08203327839237932, 0.07055832893248858, 0.08115335587492452, 0.07536746437188181, 0.07432206480209104, 0.0827776638473224], [0.07329829637127584, 0.07486081650467438, 0.07959928233028056, 0.08141457565777759, 0.07025499562236087, 0.07194157878603707, 0.08266506871596084, 0.08205231826719377, 0.07056375577203947, 0.08111285952989711, 0.07547869586663038, 0.07432494390369009, 0.08243281267218211], [0.07326455852450867, 0.07514376254754467, 0.0786133946766317, 0.0811793783366332, 0.07017398688386674, 0.07197998600204415, 0.08304450766487728, 0.08246088673175618, 0.07058025191626005, 0.0816008086428953, 0.07586341890058287, 0.07463885300445317, 0.08145620616794594], [0.07300736161199436, 0.07518564523504993, 0.07861160726917027, 0.08045821092082293, 0.0701269437576722, 0.07194068221655987, 0.08255178931795101, 0.08296317221072301, 0.07069317214380165, 0.0823174074786135, 0.07608219153595167, 0.07499532038862661, 0.08106649591306314], [0.07280649384838066, 0.07504785070559856, 0.0791433531913613, 0.08004475983360888, 0.07012795807607393, 0.07187915374750863, 0.08232078516701963, 0.08297544572213797, 0.0707745003899858, 0.08263128153829608, 0.07602858484623828, 0.07510647671324759, 0.08111335622054279], [0.07275644704448393, 0.07487014090164477, 0.07985519891044962, 0.07999830921665933, 0.07016384728649284, 0.07183929652325467, 0.08252749269531516, 0.08264207602278689, 0.07079033902839413, 0.08228848374600528, 0.07582284726462798, 0.07498282672239748, 0.08146269463748781], [0.07283041784461501, 0.07469555390130768, 0.08047926025981461, 0.08027482419679521, 0.07017927944138291, 0.07179928398807468, 0.08277596358464259, 0.08228850342140251, 0.07070154026663161, 0.08168374692492875, 0.07553605874018345, 0.07466839064845837, 0.08208717678176257], [0.07289413262642945, 0.07466367937986526, 0.08038760953485069, 0.08054850143379462, 0.07013427532074121, 0.07176822302914534, 0.08294149156804523, 0.08225220137731025, 0.07059536429132234, 0.0814859906503092, 0.07544319010001153, 0.07450284665278852, 0.08238249403538658], [0.07298418474258792, 0.07470319493380409, 0.08002869151018567, 0.0808618863888186, 0.07009682666003658, 0.07176709913134294, 0.08303483735927712, 0.0822946210493367, 0.0705079667876621, 0.0814075645073646, 0.07543295537393911, 0.07440178008154183, 0.08247839147410262], [0.07306920024229534, 0.07475300749760241, 0.07985022178316116, 0.08103276684293803, 0.07012647926380253, 0.0718086990506533, 0.08292983644497097, 0.08226980668097009, 0.07050939887105562, 0.08134729956071562, 0.07545265267144301, 0.07437852172929565, 0.08247210936109611], [0.07305772390449275, 0.07483816642326162, 0.07951386286310468, 0.08101769556687739, 0.07008910857204648, 0.07181242592278061, 0.08294358984343787, 0.0825007646531609, 0.07050028371503639, 0.0815422248159572, 0.07556836413951305, 0.07446755318935239, 0.08214823639097855], [0.0728056543018618, 0.07475310964736953, 0.07987051823756469, 0.08044504726346233, 0.07002741776591971, 0.07172491115383864, 0.08306155539379562, 0.08268939291805588, 0.07055093995203707, 0.08189025520488911, 0.07560242449674423, 0.07464332794588668, 0.08193544571857489], [0.07280062440164393, 0.07488865935387107, 0.07942170494384986, 0.08033163791119806, 0.0700254170068295, 0.07176649873621713, 0.0827340