[[0.07212360261459193, 0.0745450049053795, 0.07194665841810538, 0.07025563885393518, 0.0826549098413187, 0.08043193601145801, 0.08142948086532785, 0.07029242332667554, 0.07964555431497053, 0.07391852577024037, 0.0806500993199019, 0.08040651751213208, 0.0816996482459629], [0.07211226711723938, 0.07441150944759392, 0.07197520879130806, 0.07021388335572235, 0.0829199259696103, 0.0801904814411461, 0.08121581084096965, 0.07029324194693572, 0.07988772387314774, 0.07378005063551897, 0.0804681876212705, 0.08076915662351698, 0.08176255233602019], [0.07215531397779909, 0.0742993261185117, 0.07206511870490824, 0.07023571948648408, 0.08297354963074262, 0.07991071374926906, 0.0809455691281871, 0.07036324527342255, 0.08017942387688334, 0.07366710200958425, 0.08024266167113475, 0.08120941656526183, 0.08175283980781146], [0.07219202316502082, 0.07420700239455891, 0.07214247849536151, 0.07023560721044592, 0.08290753062267552, 0.07970432904689698, 0.08076060785264315, 0.0704105325271003, 0.08048147532687863, 0.07356572619305503, 0.08008650281474822, 0.08156468607874975, 0.08174149827186532], [0.07224904472210979, 0.07411141678224051, 0.07224560001946366, 0.0702627350600079, 0.08283900163045244, 0.07945032750302887, 0.08058390705649154, 0.0704890107695385, 0.08081252973258189, 0.07346477829482553, 0.07987593752946238, 0.08198282357593692, 0.08163288732386015], [0.07225375600385363, 0.07401420606863635, 0.07228551860516144, 0.07021391115835658, 0.08288540469330767, 0.07929094184660493, 0.08049982959718954, 0.070486876251271, 0.08106404368171911, 0.07335081102834404, 0.07976036175360565, 0.08226640028757844, 0.08162793902437145], [0.07217958136601821, 0.07380279661738426, 0.07226805720295719, 0.07000045179602882, 0.08333333333333333, 0.07907568457931609, 0.08043497669033595, 0.07036062699350622, 0.08147957290158665, 0.07309131309332935, 0.07963372714812976, 0.0826143613143779, 0.08172551696369629], [0.0722757237517979, 0.0737290999127226, 0.07242123186091536, 0.06999474988423315, 0.08287936243237184, 0.07888831395926704, 0.08034857661196126, 0.07043706926298052, 0.08192942595225362, 0.07298309883854573, 0.07951501330576678, 0.08281098759983843, 0.08178734662734566], [0.07234256856488654, 0.07366711351161666, 0.07253735766802456, 0.06992155732989887, 0.08242666271009234, 0.07880096473879399, 0.08037413920706539, 0.07044799992400896, 0.08233718318454528, 0.07286973255258619, 0.0795033137770582, 0.08275439502684771, 0.08201701180457523], [0.0725261697548007, 0.07364466112156322, 0.07279132065089411, 0.06993405471178064, 0.08177571331209033, 0.07867218799879856, 0.0803195595303099, 0.07057524259789359, 0.0827901520016882, 0.07278567355384219, 0.07943268598955328, 0.08263676124969249, 0.08211581752709282], [0.07279612501824191, 0.07372649975911631, 0.07312607168220413, 0.07003291535792885, 0.08109714522492797, 0.07859272130157784, 0.08027112038442816, 0.07078593895491223, 0.08333333333333333, 0.07278994593741131, 0.07939877084699408, 0.08202463613639441, 0.08202477606252939], [0.07315882445431517, 0.0740014937331529, 0.07354331708857788, 0.07032506882109292, 0.0806280264699862, 0.07847948324999475, 0.08010836725918176, 0.07115619597073287, 0.08307428602153698, 0.07292172134517935, 0.07928569338069034, 0.0816105886985082, 0.08170693350705076], [0.07341606185777884, 0.07424602664362903, 0.07382926193588989, 0.07044518753401435, 0.08010369107589342, 0.07853048406757956, 0.08013812886520374, 0.0713462584098589, 0.08306605492590269, 0.07302154303723613, 0.07935977811256824, 0.08098486232182382, 0.08151266121262134], [0.07360717832315807, 0.07443742207209648, 0.07403371524309936, 0.07054139092100896, 0.07971778066549434, 0.07858023002760772, 0.08015083086831587, 0.0714861660100326, 0.08307370996692846, 0.07311475615724981, 0.07941927198193731, 0.08052472078463539, 0.08131282697843546], [0.0737663257934305, 0.07464146655216083, 0.07418425344742423, 0.07058486035443144, 0.07925852777447995, 0.07873076184286804, 0.0802644907840168, 0.07156086068441325, 0.0831319065330432, 0.07322692633444887, 0.07956912156382415, 0.07994143712011488, 0.08113906121534378], [0.07380517901873533, 0.07475610455777958, 0.07419097245607083, 0.07054932973054066, 0.07893625978894951, 0.07898241477603278, 0.0804888693735532, 0.07152308645404117, 0.08303729420005172, 0.07330989116077868, 0.0797594195746489, 0.07949728357978741, 0.08116389532903016], [0.0739133107971951, 0.0749608589973208, 0.07424874480530214, 0.07059048515129335, 0.0784927822888097, 0.07932560634327372, 0.08074223351463554, 0.07155029435190426, 0.08271793518654795, 0.0734871487430438, 0.07998461412204522, 0.07890988117941333, 0.08107610451921507], [0.07379511844569156, 0.07501056108654701, 0.07404058346077297, 0.07042504961460168, 0.07806169395659779, 0.07974521268231605, 0.0810841024423677, 0.07132928058049458, 0.08333333333333331, 0.07358185829428109, 0.08030459404274513, 0.07829849777432274, 0.08099011428592824], [0.072184895187018, 0.07474518817391752, 0.07195215494917612, 0.07044496234225608, 0.08274155613020931, 0.08058830183946716, 0.08145286381134885, 0.07039877943395792, 0.07926631401142067, 0.07416436201090118, 0.08066344755070876, 0.08002279653553444, 0.081374378024084], [0.07217941889844084, 0.07458343236125663, 0.07199791231461466, 0.07039471582390891, 0.08283525825717858, 0.08031224659258326, 0.08124560464388632, 0.07040502083547011, 0.07958355558991459, 0.07399301908295092, 0.08048137013512424, 0.08047324228107292, 0.08151520318359788], [0.07216378922670261, 0.07448087846243956, 0.07201107410479222, 0.07035418178067047, 0.08307748678178016, 0.08014186909953573, 0.08110149765634105, 0.07039603926940019, 0.07974979797419651, 0.073885427127553, 0.08035634151609931, 0.0807281147081873, 0.08155350229230192], [0.07218305660545046, 0.07430471224418576, 0.07209600102643118, 0.07028926058414563, 0.08299631805823966, 0.07984864700726536, 0.08086550293885672, 0.07041313535278666, 0.08020271937975353, 0.07368409584199244, 0.08016956030187024, 0.08127246495848281, 0.08167452570053946], [0.07214332100955204, 0.07442607371566005, 0.07200506109459015, 0.0702974134451385, 0.08310379124457018, 0.0801018575573171, 0.08108908556870714, 0.07036160045404448, 0.07984880645726783, 0.07381755715045717, 0.08034979823118678, 0.08082830537305917, 0.08162732869844952], [0.07222102532923391, 0.07418999275444653, 0.07218170734963679, 0.07028783392461989, 0.08302233298182102, 0.07959389407139972, 0.08063948055333693, 0.07046638119618835, 0.08054674117860218, 0.07356041417871094, 0.07996999054488417, 0.08169344241953028, 0.08162676351758932], [0.07228034268281414, 0.07413814199584529, 0.07227179194845818, 0.07034583552301518, 0.08299394477832925, 0.07939852922792875, 0.0804776323085415, 0.07055438346882467, 0.08075286330940651, 0.0735125955306304, 0.07979440902374059, 0.08198262087713425, 0.08149690932533145], [0.07226447974815509, 0.07399933797109856, 0.07230327948829747, 0.07022555181940628, 0.08292200931308066, 0.0792408751046779, 0.08045219621528069, 0.07050504081604768, 0.0811072619077247, 0.07333746867513453, 0.07971246453274858, 0.08233775522940917, 0.08159227917893876], [0.07226772171782675, 0.07385783537938401, 0.07235357957840256, 0.07018021020621976, 0.0833333333333333, 0.07897070856746068, 0.08024124042049176, 0.07051631414123115, 0.0814013496224703, 0.07318368370586113, 0.0794808012080511, 0.08274649815429962, 0.08146672396496761], [0.07233763775993934, 0.07375505851425007, 0.07248471070015174, 0.0701257030978446, 0.08282670083951703, 0.0787857080096594, 0.08017905893183036, 0.07055323859292295, 0.08188052030422856, 0.0730377859311873, 0.07937597032871542, 0.08309448082841361, 0.08156342616133962], [0.07237240525193384, 0.07369220600303955, 0.07255854266739653, 0.07004637539192742, 0.08256374280380928, 0.0787160644548156, 0.08020841036526716, 0.0705408497655519, 0.08223169641405072, 0.072933187946761, 0.07937181898276545, 0.08301603629168014, 0.08174866366100128], [0.07243246323203405, 0.07364151446105245, 0.07266011145007632, 0.06999453919675305, 0.08221375118744408, 0.0786388600850691, 0.08020151687221962, 0.07055828952212395, 0.08259155691776714, 0.0728420751094036, 0.07934211204722064, 0.08301085340829784, 0.08187235651053819], [0.07254398144502285, 0.0736268658244483, 0.07281475266196179, 0.0700036892719375, 0.0818333330757921, 0.07855797720976593, 0.0801623148526626, 0.07063702697135703, 0.08293823246435245, 0.07279088994271886, 0.07929457622549074, 0.08288607538959093, 0.0819102846648988], [0.07265021981245036, 0.07364936559708292, 0.07294693782574281, 0.07005769561785934, 0.08160227718805374, 0.07851231219636265, 0.08012755412153899, 0.07073145410337574, 0.08308277477273594, 0.07279492024119442, 0.07926325216398414, 0.08269429837445756, 0.08188693798516142], [0.07280478852291869, 0.07368981406654637, 0.07313668070487304, 0.07014669214704018, 0.08129219291604217, 0.07844165170287458, 0.08005975039951081, 0.07087412228516712, 0.08333333333333334, 0.0728099182569111, 0.07920696030807746, 0.08240416541799904, 0.08179992993870616], [0.07299477934893672, 0.0738530718790695, 0.07335351117645596, 0.07026024753040869, 0.08098355066556118, 0.07845862126537374, 0.08008257072208612, 0.07103729527040455, 0.08304379276010586, 0.07287858578031194, 0.07924257733150085, 0.0820366723841092, 0.08177472388567555], [0.07343252070721587, 0.07417731701784751, 0.07386229503022297, 0.07060745501714688, 0.08038141919843357, 0.07829170214488035, 0.07985038399494485, 0.07148497482066518, 0.08300623181233574, 0.07302192476284068, 0.07907275270841015, 0.08144798814599344, 0.08136303463906283], [0.07362480358862808, 0.0743662377398589, 0.07407737202127614, 0.07067565570820185, 0.07997406028197872, 0.07834507173111299, 0.07989215014933, 0.07161171370935351, 0.08300565545183053, 0.07308979922991649, 0.07914709595438431, 0.08094529543059524, 0.08124508900353343], [0.07313336662122809, 0.07400313016836545, 0.07351015151565901, 0.0702677996995082, 0.08058319361379343, 0.07855325072644431, 0.08020206921988407, 0.07109981614438646, 0.08306991555741146, 0.07291562415949558, 0.07937321274455279, 0.08150455041449663, 0.08178391941477439], [0.0737996340293334, 0.07452550415006583, 0.07427224476268324, 0.07077064813359771, 0.07965419984455768, 0.07834466262003982, 0.07985866208592006, 0.0717509960623159, 0.08307000395465423, 0.07315753074305502, 0.07915129018651158, 0.08057651678121729, 0.08106810664604801], [0.073991957221279, 0.07473561746451221, 0.0744754453190045, 0.07082616344875367, 0.0791686477481768, 0.0784481103049088, 0.07989267555205605, 0.07185971997539843, 0.08333333333333333, 0.07324240317473155, 0.07922293980345478, 0.07998898028293219, 0.08081400637145861], [0.0740171063723555, 0.07481249424067711, 0.07448295941439945, 0.07078191363799768, 0.07895011734447296, 0.0786165241383494, 0.0800470142209367, 0.07182153487854029, 0.08333333333333333, 0.07328326575086758, 0.07935106900650483, 0.07968630119969311, 0.08081636646187206], [0.07407759829150853, 0.07495846396011253, 0.07450874551047702, 0.0707438959530427, 0.0785568537811603, 0.07889066275567562, 0.08026594711568762, 0.07178722081568405, 0.08333333333333333, 0.07337707707526696, 0.07953578174116555, 0.07916287476276217, 0.08080154490412356], [0.07427173109378896, 0.07520274081060813, 0.07467714789985491, 0.07086581288301985, 0.0781243650774276, 0.07911495714689379, 0.08036066974739489, 0.07191914230698228, 0.08302907033743763, 0.07355529872297735, 0.07961925429603364, 0.07863687009952033, 0.08062293957806053], [0.07411686326299761, 0.07519084284623573, 0.07444210007593215, 0.07070670470952689, 0.0779909460195202, 0.07945825521434165, 0.08069903551134498, 0.07169561823139128, 0.08303398522061914, 0.07362086770018625, 0.07994041338165338, 0.07836166593870107, 0.08074270188754964], [0.07223192549480105, 0.07476784787628968, 0.07199733121327534, 0.07056940223982926, 0.08300759643996954, 0.08044312386394126, 0.08125102468513153, 0.07050030803411685, 0.07922023614865131, 0.07422147394095663, 0.0804825559609482, 0.08008937577156199, 0.08121779833052757], [0.0722423721489801, 0.07453879016914851, 0.07208487980696242, 0.07051455881346942, 0.08311070189611483, 0.08003972569755742, 0.08094154089554396, 0.0705313384601955, 0.07968423427060142, 0.07397770345062814, 0.08021136450357402, 0.08075718966265816, 0.08136560022456597], [0.07225421865939374, 0.07463456815056461, 0.07206912156383667, 0.07055095646231084, 0.082904560176063, 0.08019675357955237, 0.08107091163283676, 0.07053697327273327, 0.07952198227027096, 0.0740789511815587, 0.08032463889793057, 0.0805192924576439, 0.08133707169530456], [0.07217658245830072, 0.07441320317102211, 0.07204640433857107, 0.07037486708612586, 0.08333333333333333, 0.07996020013929307, 0.08091680584147135, 0.07043458811981713, 0.0798766250319974, 0.07382556290335619, 0.08019386938802187, 0.0809535835774108, 0.0814943746112791], [0.07228575899510989, 0.0744360557278032, 0.07217236670822637, 0.07053267399722303, 0.08305698735711958, 0.07979749412337248, 0.08072339632287669, 0.07059695464306392, 0.07999491166287788, 0.0738710177886924, 0.08002756992821633, 0.08114170028282641, 0.08136311246259176], [0.07226045389332555, 0.07426664623277629, 0.07219798766049323, 0.07043102292022364, 0.08333333333333334, 0.07956483720300571, 0.0805337815337097, 0.07056147538389931, 0.0803465952244171, 0.07367768071743055, 0.07987237161719436, 0.08155519526567796, 0.08139861901451331], [0.07225409697706314, 0.07436560205366788, 0.07215930687944436, 0.07044217479456963, 0.08302421843654502, 0.0797712671277447, 0.08073516044211448, 0.07053846709909006, 0.08013687408010006, 0.07377851719419018, 0.08004543093111481, 0.08127454615829241, 0.08147433782606334], [0.07234211877608306, 0.07420051320686744, 0.07232300025765928, 0.07048567535775124, 0.08309942729020027, 0.07934887426911033, 0.0803471829738082, 0.07066539242363794, 0.08064024521035791, 0.07360585384481286, 0.07970111062099759, 0.08191990878991584, 0.08132069697879811], [0.07233898602166246, 0.07411655690624885, 0.07234659455788295, 0.07045211357869992, 0.08333333333333333, 0.07920414635088406, 0.08025229000322294, 0.07066462660309515, 0.08080450697040738, 0.07351344427047947, 0.07958515688813361, 0.08213051076120113, 0.08125773375474872], [0.07235951245913463, 0.0740641364590928, 0.07239254790389145, 0.07042786804577532, 0.083126254447311, 0.07911935373098715, 0.0802269375323192, 0.07067639026928575, 0.0809898338009931, 0.07344576673778053, 0.07953537549734978, 0.08233774290494827, 0.08129828021113117], [0.07237294046115006, 0.07396223720717449, 0.07244369315638638, 0.07039634814697078, 0.08333333333333331, 0.07892699133415149, 0.0800923780073199, 0.07069242730379409, 0.08121444746169997, 0.07333089185358094, 0.07937944272113473, 0.08262049729578098, 0.08123437171752267], [0.07239589540867915, 0.0738315576177468, 0.07252432380017346, 0.07029209551025686, 0.08296083412937647, 0.07875548320734678, 0.08004927598295619, 0.07067593895097354, 0.08165112071327486, 0.07315579921039639, 0.07928795185833158, 0.08310226105939104, 0.08131746255109681], [0.07240440044603556, 0.07376972458852053, 0.07255984479726536, 0.07023654154757891, 0.08275874857733684, 0.07867674118172574, 0.08002793026446137, 0.07066254324257681, 0.08186170744196519, 0.07307152470086646, 0.07924638657017895, 0.08333333333333333, 0.08139057330815488], [0.07243169144251564, 0.07375892825904164, 0.07260168942568392, 0.07022351978178801, 0.08265086951457498, 0.0786603940504364, 0.0800478216801419, 0.07067423175461096, 0.08200101727256376, 0.07304585009275878, 0.07925388470637934, 0.08318515164604641, 0.08146495037345818], [0.07248313360744599, 0.07369191268392594, 0.07269659738788418, 0.07017341316510455, 0.08232665512736495, 0.07854364326994534, 0.08001034324217352, 0.07069242425563108, 0.08235769805847958, 0.07294315350309064, 0.07919320915985924, 0.08333333333333333, 0.08155448320576168], [0.07254199306942066, 0.07364176212681951, 0.07279610764209837, 0.07012668498406262, 0.08202633076255235, 0.07846613668356343, 0.07998993139688686, 0.07071243608468888, 0.08272100301877676, 0.07285532552627914, 0.0791544112787527, 0.08333333333333331, 0.08163454409276524], [0.07265061995013342, 0.07365077620571021, 0.0729374596601584, 0.07016379135529628, 0.08175960867887237, 0.07841304689903057, 0.07996285649171493, 0.07080133783718591, 0.0830183929768276, 0.07283892477698387, 0.07912369733011372, 0.0830275960538073, 0.08165189178416558], [0.07296781883379938, 0.07378360881220766, 0.07331427943710772, 0.0703975943846912, 0.0812648013230855, 0.07829745455732626, 0.0798419818770923, 0.07112055615508289, 0.08306031595523944, 0.07291735536066325, 0.07902481890475996, 0.08249692401554723, 0.0815124903833971], [0.0732042903851634, 0.07395106741109807, 0.07360085734869713, 0.07055231886884052, 0.0808439166914647, 0.07818663333009764, 0.07971890841301578, 0.07134915852661457, 0.08333333333333331, 0.0729554166692371, 0.07892564802170556, 0.08204453341551544, 0.08133391758521653], [0.07347566226484128, 0.07419586893512507, 0.07390944024381675, 0.07069008561684771, 0.080414422748948, 0.07824122524417026, 0.07977835169870347, 0.07156227694420578, 0.08285969174842915, 0.07305434539144857, 0.07900799748959854, 0.08151541221281543, 0.08129521946104999], [0.07325668549202208, 0.0740335727305508, 0.0736561432494548, 0.07051117292027195, 0.08070319746492578, 0.07832207063646648, 0.07989368183132792, 0.07133556020450571, 0.08291119063493968, 0.07297770448794455, 0.07909221940218668, 0.08181082039282503, 0.08149598055257862], [0.0730519641247558, 0.07385772390841684, 0.07341769693370603, 0.07041077777387304, 0.08106987844696932, 0.07831161269271024, 0.07987619764317974, 0.0711718725287625, 0.08305592874113175, 0.07292112385962106, 0.07905880592684353, 0.08225313245848709, 0.08154328496154305], [0.07274577279409876, 0.07365925296775871, 0.0730627994992711, 0.07017592298348381, 0.08149313596153883, 0.0783819827754138, 0.07996036631813813, 0.07086538053705731, 0.08333333333333334, 0.07281709482762187, 0.0791174965547709, 0.08270926260585622, 0.08167819884165725], [0.0732106826834733, 0.07398975524801737, 0.07360465948209095, 0.07048997422010492, 0.0807801248619297, 0.07830466357981723, 0.07987359510092776, 0.07130174646323438, 0.08301216742440354, 0.07295904067749247, 0.07906882960868702, 0.0819110697807754, 0.08149369086904595], [0.07309120613704254, 0.07393485445805478, 0.07346406428285142, 0.07031758369559399, 0.080819714776144, 0.07845815523584904, 0.0800799044401737, 0.07112038817336305, 0.08297230147846522, 0.0729111809775952, 0.07924978551938938, 0.08184955492158184, 0.0817313059038959], [0.07360028016562395, 0.07431064963695118, 0.07405395777066863, 0.07073169186638725, 0.08014738258566775, 0.07825382141069707, 0.07978655266773703, 0.07164687328402279, 0.0829361810352951, 0.0730847137313617, 0.07903465526535292, 0.08119476922693478, 0.08121847135329993], [0.07376289430473383, 0.07445871340914391, 0.07423637854745518, 0.07081725316919081, 0.07986086032502382, 0.07826434981664657, 0.07977631375757417, 0.07177499158642194, 0.08289837460744535, 0.07314662978095572, 0.07905312639523245, 0.08085616049763869, 0.08109395380253749], [0.07394524839071896, 0.07463405078627464, 0.07443658688701021, 0.07090576031457982, 0.07951734156043391, 0.07828932273570095, 0.0797680130994327, 0.07190963245984851, 0.08291202850004438, 0.07322329427948938, 0.07908522226110208, 0.08044672238611347, 0.08092677633925087], [0.07406910540320426, 0.07475579044226081, 0.07457236551985945, 0.07095655177672895, 0.07924868247632559, 0.07832256275282472, 0.0797430428990869, 0.07199447166802182, 0.08306705668157927, 0.07327039858855829, 0.07909521062743392, 0.08013241510934473, 0.08077234605477125], [0.07416701619590288, 0.07490594700770797, 0.07465949883681486, 0.07093712303169154, 0.07887390654800304, 0.07853119464521928, 0.07991174347170521, 0.07200212512207789, 0.08313669119833944, 0.07333719001666625, 0.07922596039938318, 0.07964932384115106, 0.0806622796853374], [0.07431511682765897, 0.07511000942818816, 0.07478916693956571, 0.0709758014716629, 0.07843162547520385, 0.07875785669299949, 0.08005235798599908, 0.07206323137896581, 0.08304362994791777, 0.07345605371333172, 0.0793377342696231, 0.07909697520626557, 0.08057044066261775], [0.0743960230990061, 0.07524634890109644, 0.074843669044673, 0.07099837979638543, 0.0781499164510485, 0.07894289410791909, 0.08016742225086441, 0.07208604952092092, 0.08293379289949071, 0.07355566766825242, 0.07943964054256301, 0.07873388235252961, 0.08050631336525038], [0.07438678283741931, 0.07534426718183758, 0.07478140237517597, 0.07091694258616806, 0.07778886849108835, 0.07920597214526783, 0.0803407221298672, 0.07198747763573761, 0.08333333333333333, 0.07363369195541765, 0.07959870107857092, 0.07825782542813367, 0.08042401282198243], [0.07416024050365289, 0.07529331747170193, 0.07445305306561092, 0.07071103494952918, 0.07769728025972271, 0.07961807804871446, 0.08075143360039583, 0.07169151880038692, 0.08333333333333333, 0.07370433377869492, 0.07999611176586242, 0.0780051069557985, 0.08058515746659597], [0.07282637292264559, 0.07370817408864468, 0.0731437633817923, 0.07032491538471873, 0.0815157128448422, 0.07831694974351842, 0.07984722832183559, 0.07099957629036567, 0.08309576254421355, 0.07289346851352868, 0.07902614582722171, 0.08278624497224325, 0.08151568516442947], [0.07269812527748468, 0.073708919364611, 0.07297031829907101, 0.07031314670316065, 0.08186694104983971, 0.07837450281499947, 0.07986091958065455, 0.07091247622287127, 0.0827376474490094, 0.07293613250876256, 0.07904816630798965, 0.08309977146684802, 0.08147293295469803], [0.07262025951856754, 0.0737594555746708, 0.07284524557985501, 0.07035357491607379, 0.08220520502197474, 0.07846353775364362, 0.07988986557956312, 0.07087629989881053, 0.0823448525850468, 0.07302861990231975, 0.07909559983524629, 0.0831153295180853, 0.08140215431614281], [0.07259837576746311, 0.0737953827464383, 0.07280067826048037, 0.07039338961604757, 0.08242329893037093, 0.07851051899771784, 0.07989023890529452, 0.07087845194901195, 0.08214673663120825, 0.07308664812143932, 0.0791102237156617, 0.08302810607127199, 0.08133795028759418], [0.07251892126952991, 0.07382906575040141, 0.07268109550200573, 0.07040350009835591, 0.08278964430056912, 0.0785953123921554, 0.07990083595827867, 0.0708257349322252, 0.08181910649537819, 0.07315216901766151, 0.07914327341058758, 0.08310765038249679, 0.08123369049035455], [0.07245032560219158, 0.07393297147934526, 0.07255006291531514, 0.07046716821987725, 0.08333333333333331, 0.07876415560182161, 0.079945370229788, 0.07079460903414883, 0.08135106691672585, 0.07330233914192295, 0.07923123747327113, 0.08276706161805551, 0.08111029843420345], [0.07247914984706402, 0.07403795874272713, 0.07254851472562765, 0.07056421610500326, 0.08313427677539903, 0.0788773299870967, 0.07999039222609075, 0.07084605674821919, 0.08114758341738794, 0.0734306510175721, 0.07930330100303729, 0.08254676913058206, 0.08109380027419297], [0.07317734238248781, 0.07407214129942562, 0.07355033686555132, 0.07025693715278349, 0.0804204475171713, 0.07865059438034533, 0.08031183444570102, 0.07110181692514682, 0.08295282312919655, 0.07294996804047942, 0.07948834231072102, 0.08125612297127091, 0.08181129257971957], [0.07357511495492677, 0.07436883104973616, 0.07401571026146689, 0.07054745938295309, 0.07982850658965228, 0.07845824073820533, 0.08002835261547513, 0.07149285131875792, 0.08333333333333333, 0.07306071834836743, 0.07928511648912394, 0.0807124129460463, 0.08129335197195534], [0.07387603887715517, 0.07464435889027977, 0.07434076372017362, 0.0707534434120102, 0.07937308516253438, 0.0784662943863554, 0.07996335204521125, 0.07175517744284253, 0.08314030662043004, 0.07321307646858476, 0.07928929671909224, 0.08019563871214487, 0.0809891675431857], [0.07242762384726147, 0.07408113725166864, 0.07246731769835889, 0.07054818514742124, 0.08333333333333334, 0.07899579944464818, 0.08006112370402725, 0.07079137748270571, 0.08096139724005622, 0.07348496593522628, 0.0793910934244836, 0.08234354414779851, 0.08111310134301081], [0.07244032356299822, 0.07417970802977927, 0.0724494495576625, 0.0706105398979094, 0.08313173608426935, 0.07913473773977554, 0.08013690036185699, 0.07081232826876893, 0.080772921620708, 0.07359948638753942, 0.07949285702274889, 0.08212098509000632, 0.08111802637597727], [0.07243282940087958, 0.07428423364100266, 0.07240413265435268, 0.07065532113691554, 0.08301140568896631, 0.07930588239171595, 0.08023453917623159, 0.07080778354925767, 0.08053330915687773, 0.07372038016365431, 0.07961778798485995, 0.0818354500673546, 0.08115694498793145], [0.07237431447352505, 0.07434863512239459, 0.07230633605967914, 0.07064603794724156, 0.08333333333333331, 0.07944989879112543, 0.08035676046431064, 0.07074743776958288, 0.08025836154007118, 0.07380071628886939, 0.07970938439218679, 0.08152144172399967, 0.0811473420936802], [0.07239007251052647, 0.07446767315513969, 0.07228697151291247, 0.07070583751944047, 0.08302921850304011, 0.0796276457784428, 0.08050975391447435, 0.07076358101559999, 0.08003537870532072, 0.07393276782667699, 0.07983919687042283, 0.08124752368445069, 0.08116437900355251], [0.07239024867138343, 0.07451823359691773, 0.07227136598567055, 0.0707172904372081, 0.08288092598415994, 0.07972207909529347, 0.08059627551535756, 0.07075761243062956, 0.07993783461864355, 0.07398557341993699, 0.07991417183668255, 0.08112190203477848, 0.08118648637333813], [0.07235766889426871, 0.07457007637453918, 0.07221376304718315, 0.07069854063400274, 0.08294789497710103, 0.0798538144186441, 0.08071443010098066, 0.07071156987967604, 0.07976892763132581, 0.07403983115130772, 0.08001347627788485, 0.08091411218131225, 0.08119589443177379], [0.07234446733225099, 0.07464045963218797, 0.07217455045398818, 0.07070457872035531, 0.0829205182601788, 0.07999226544695731, 0.08083144487693239, 0.07068867016631511, 0.07959178648930491, 0.07411441103160533, 0.08011405783144902, 0.08069651594418627, 0.0811862738142884], [0.07234539092566253, 0.07475818528744617, 0.07213523291753347, 0.07076163476483716, 0.08302338032885663, 0.08015298442136126, 0.08092658682943886, 0.07069442888155505, 0.07931361806662827, 0.07425007375220452, 0.0801958438043669, 0.08036805154260705, 0.08107458847750222], [0.07229984318118818, 0.07483868374946079, 0.07205077254286195, 0.0707471718058618, 0.08333333333333334, 0.08034386490604073, 0.08103454827785189, 0.07063579630394841, 0.07907472825757135, 0.0743385098737336, 0.08029109411771582, 0.0800375126151537, 0.08097414103527854], [0.07228435649736065, 0.07472904916183984, 0.07207191364907352, 0.07065228895218223, 0.0830480685423029, 0.08024281635164068, 0.08105062836743643, 0.07059504281362664, 0.07932846201943404, 0.07419988351166892, 0.08030433712642487, 0.08031989967420856, 0.08117325333280077], [0.07350852387016547, 0.07425916456803054, 0.07394861794566962, 0.07060986035486776, 0.0801717853031015, 0.07833191190330521, 0.07989418643165698, 0.07151808277980301, 0.08307713633454845, 0.07304011155035471, 0.07912860069919483, 0.08118008563885895, 0.08133193262044285], [0.0732905401377012, 0.07410325853401481, 0.07370077257706582, 0.07039714856408008, 0.08036513248194026, 0.07842696334946873, 0.08003829107300058, 0.07127105556819167, 0.08333333333333334, 0.07294418014531351, 0.07923875154602823, 0.08134089477614025, 0.08154967791372157], [0.07363709501349269, 0.07452106743242282, 0.07404263006786717, 0.07051610482569792, 0.07952969677154631, 0.07873804493347006, 0.08030086596841722, 0.07145985765561551, 0.08296648861123422, 0.07317746965083903, 0.07959275338894857, 0.0802323380572106, 0.08128558762323783], [0.07341174097652803, 0.07428191995065828, 0.07381145425358998, 0.0703957558339885, 0.07999199150488645, 0.07864620967245423, 0.0802661369726288, 0.07129748890802405, 0.0830216311822935, 0.07304283662562994, 0.07949215669147423, 0.08079004842973607, 0.08155062899810801], [0.07269424029636716, 0.07368495391928655, 0.07300025400929677, 0.0699983185997058, 0.08135927269704664, 0.07862119046755901, 0.08029172195928815, 0.0707088881632604, 0.0830741317710097, 0.07278776798007763, 0.07941084615142369, 0.0822835862223347, 0.0820848277633439], [0.07302251785483553, 0.07393489023262535, 0.07337518372168968, 0.07017243963102504, 0.0807215191672556, 0.07864933432842951, 0.08032539057498546, 0.07097559655286587, 0.08291293558135192, 0.07289609312360215, 0.07947592299295156, 0.08158374835393165, 0.08195442788445072], [0.07368088071163464, 0.07460872971121277, 0.07407598719495082, 0.07047258522014646, 0.07920012435514766, 0.07884103332321192, 0.08040060137755646, 0.07143506980073337, 0.08333333333333333, 0.07320670063256338, 0.07968920911581774, 0.07981949770706373, 0.08123624751662768], [0.07378457557332288, 0.0748043055591631, 0.07413345535612913, 0.0705100075792576, 0.07879956709017766, 0.0791851215546241, 0.08068878958118404, 0.07145986973742953, 0.08281819178263118, 0.07337727318099137, 0.07994174004643857, 0.07926736527753771, 0.08122973768111319], [0.07448016166935456, 0.07554648856551592, 0.07480602091388118, 0.07098676942557194, 0.07743057057319862, 0.07952938555297336, 0.08050680860168125, 0.07201959487732823, 0.08301269501563956, 0.07384355061661034, 0.07977474711358759, 0.07777837679059939, 0.08028483028405806], [0.07454588006836374, 0.07550704760565251, 0.07493502770638549, 0.07104845341285995, 0.07756549689401998, 0.07926678452837695, 0.08029904837537784, 0.07213061802703341, 0.08311221255621837, 0.07375063539092698, 0.07956647126872723, 0.0780101729686583, 0.08026215119739914], [0.07208772668543673, 0.07415825124456327, 0.07206722750231526, 0.06959528414523068, 0.08113151342671514, 0.08033850007391632, 0.08211738791941428, 0.06994811449294779, 0.08065785061116904, 0.07328221422105312, 0.08113157244734022, 0.08033828312304218, 0.083146074106856], [0.07205547281267266, 0.07409495647103959, 0.07204064370972073, 0.0696548959560329, 0.08151193779174086, 0.08016057573614885, 0.08179303879599575, 0.06998349059810405, 0.08077029709178227, 0.0732636551691101, 0.08086838294111759, 0.08075579069974978, 0.08304686222678495], [0.0720828954373739, 0.07400168542916644, 0.07210682435377479, 0.06965150288720849, 0.08173445175581737, 0.07993677965838246, 0.0816071026122599, 0.0700225585465579, 0.08105479513898226, 0.07316559503408465, 0.08066674114062972, 0.08103545508333547, 0.08293361292242668], [0.07209841497830986, 0.07392439884203163, 0.07215038386139448, 0.06967007558326362, 0.08199386001430554, 0.07973551788604911, 0.08139091114197369, 0.07006453783280975, 0.08126255292040342, 0.07309633212196533, 0.0804588423071908, 0.08133237824897763, 0.08282179426132523], [0.0721608906385858, 0.07383076671012392, 0.07226672472918583, 0.06962174119406285, 0.08189913336092725, 0.07954388098011755, 0.08128981293800833, 0.07009629341065036, 0.08164088002865315, 0.07296486112106808, 0.08032612004697917, 0.08147469102959465, 0.08288420381204309], [0.0722218539480732, 0.0737837940159617, 0.07236659867766695, 0.06956683087058343, 0.08159619546206413, 0.07946037001557621, 0.08127366952282881, 0.07011001340456022, 0.08187693924267549, 0.07287459864369623, 0.08029008168896783, 0.08144595389873234, 0.08313310060861347], [0.07238317214556553, 0.07392496648777008, 0.07253349179251072, 0.06961291471382385, 0.08102426430200811, 0.0796367449782142, 0.08151880234192671, 0.07019980281770598, 0.08172038380949948, 0.07296208104749984, 0.0805243071815416, 0.08095865817292942, 0.08300041020900452], [0.07235601237611518, 0.07411956859124307, 0.0724364248342646, 0.06955085039483543, 0.0804519379072696, 0.0801121123801377, 0.08207358651051243, 0.07009071231446583, 0.08112355239871527, 0.07312141613452297, 0.08105239880968938, 0.08017809401489522, 0.08333333333333333], [0.0721892477394496, 0.07420034469150448, 0.07219238466623219, 0.0694965688258211, 0.08042775628129449, 0.08045279876874835, 0.08244699404252358, 0.06993408461173041, 0.08081650493033912, 0.0732353500322118, 0.08137311711467707, 0.07990151496213445, 0.08333333333333333], [0.072149640778925, 0.07424502257515417, 0.07212276987521889, 0.06956469295975323, 0.08071006519040065, 0.08053019736445355, 0.0824443642419616, 0.06994326617253184, 0.08057178297657147, 0.07332247386077928, 0.08139504473962707, 0.07995661937671064, 0.08304405988791251], [0.07212646384386073, 0.07408580662713177, 0.07214525455187609, 0.06953306597424228, 0.08100342201831258, 0.08021466534024052, 0.08209262043819082, 0.06994998990787345, 0.08087349267351052, 0.07317303850847315, 0.08106144598443113, 0.08040740079852349, 0.08333333333333331], [0.07206635318857015, 0.07407300048660984, 0.07206761243426846, 0.06956649327974537, 0.08126184695530002, 0.08018216448564382, 0.08195613981561452, 0.06993859205448645, 0.08083047919944546, 0.07320002081705065, 0.08097136754728086, 0.08055259640265114, 0.08333333333333334], [0.07211934280246152, 0.0739184435252986, 0.07218963013194613, 0.06952788849974102, 0.08144510123058925, 0.07984778043833339, 0.08167437048747246, 0.06998631699980201, 0.08131630408472496, 0.07302078081736789, 0.08067056925639259, 0.08095013839253692, 0.08333333333333334], [0.07229105068533108, 0.07402150558723146, 0.07238115527523235, 0.06959454230179425, 0.08102135561626037, 0.07992549755586811, 0.08182772699403261, 0.07010658749098043, 0.08132854191747071, 0.07307744187594863, 0.08080523751131621, 0.0807037375013741, 0.08291561968715958], [0.07220780568423217, 0.07400479453177185, 0.0722777292153829, 0.06956353874000087, 0.08115379393027757, 0.0799640622872733, 0.08184505857780863, 0.07004042952567602, 0.08124293631123392, 0.0730809185326833, 0.08082174881458912, 0.08072699171959524, 0.08307019212947515], [0.07228456538102508, 0.0741128201098502, 0.07234352017890466, 0.06957974285603924, 0.08076070852180846, 0.08013979605252351, 0.08208099060427732, 0.07006884071536115, 0.0810324856161781, 0.0731562562074555, 0.0810402056905879, 0.08036782790518558, 0.08303224016080354], [0.07210366933920391, 0.07395287170688176, 0.07215483454970378, 0.06957694568483914, 0.08157200178050028, 0.0798861270622733, 0.08166060761386325, 0.06999969058312633, 0.0812158277559291, 0.07307995402163155, 0.0806775891057959, 0.08096786593266618, 0.0831520148635855], [0.07220525873911217, 0.07385168308674271, 0.07232266860309115, 0.069572603652759, 0.08154242461606646, 0.07961625265293748, 0.0814384090121561, 0.07008553252670817, 0.08166962022680697, 0.07294582385558687, 0.08044579132220554, 0.0812561023847519, 0.0830478293210754], [0.07229953355123728, 0.07391017732590481, 0.07242907149281094, 0.06957923356121894, 0.0811760712314222, 0.0796856007301621, 0.08156252069002051, 0.07013123139061272, 0.08164338053770441, 0.07296598721486286, 0.08055766238097418, 0.08100235636217935, 0.0830571735308897], [0.072428866740065, 0.07408541813075473, 0.07254140370989894, 0.06961062396040632, 0.0805619580729248, 0.07994653390015348, 0.08187762649109072, 0.07018278429792159, 0.08129062414578166, 0.07308902254471805, 0.08087623711292444, 0.08038944228403572, 0.08311945860932458], [0.07250229847800856, 0.07402580620384079, 0.07265508492032383, 0.06967982858721365, 0.08073170520051295, 0.07972125639300734, 0.0816129119601188, 0.07028842128737722, 0.0815853014107299, 0.07303741781645487, 0.0806324349352118, 0.08069821271435602, 0.08282932009284415], [0.07213628357666932, 0.07386697620637347, 0.07222477631431264, 0.06958738449464753, 0.08175270030578333, 0.07966890769099001, 0.08143790452784952, 0.07004917162268968, 0.08150011691815048, 0.07299288700784101, 0.08046150959255326, 0.08127059107621698, 0.08305079066592275], [0.07225786599251369, 0.07378884345811348, 0.07241460155535735, 0.06954021683456986, 0.0813715510446056, 0.07947254809513979, 0.08132009264265988, 0.07011291015844548, 0.08189970174078348, 0.07285400851764706, 0.08032871949547428, 0.0813056071313567, 0.08333333333333333], [0.0724121179091966, 0.07386430134987461, 0.07259083800501807, 0.06962466020595864, 0.0810755729577849, 0.07947550210495931, 0.08133673105433968, 0.07024127383191629, 0.08194121099235298, 0.07290079986415797, 0.08035697995332024, 0.08113566219186116, 0.08304434957925937], [0.07207854950936311, 0.07460790731015576, 0.07190401147619382, 0.0697061320150308, 0.08073450505898606, 0.08126608248980878, 0.08263753136059146, 0.06989940984000892, 0.08007901000253065, 0.07374405075508987, 0.08196579301930083, 0.07915711581179287, 0.0822199013511471], [0.07207842910959936, 0.0745058658548935, 0.07194248439262502, 0.06958020796540551, 0.08050670154638026, 0.0811363214691852, 0.08288696834342045, 0.0698436896861967, 0.08033557927866794, 0.07359335048524257, 0.0819750584570921, 0.07914105853745912, 0.08247428487383221], [0.07216720195015228, 0.0744136938746585, 0.07209285583525044, 0.06947707025270936, 0.0800542968169704, 0.08093666509328103, 0.08301132713422968, 0.0698532012747865, 0.08078749970727005, 0.07342634048434533, 0.0819040523216013, 0.07915336521490757, 0.08272243003983751], [0.07244889587404682, 0.07457640056777336, 0.07240102502992651, 0.06961118896291564, 0.07942541452332176, 0.0809143184068725, 0.08270047935682666, 0.07006714604568529, 0.08124301213690767, 0.07351946907609404, 0.08193777777162511, 0.07880257859977824, 0.08235229364822645], [0.0727289521829108, 0.0751409784034356, 0.07256116583961307, 0.06989082643117113, 0.07854571085872274, 0.08147977651964362, 0.08302433064570072, 0.07027426550359517, 0.08102890559123568, 0.07403146690451348, 0.08239993864530444, 0.07756861018712373, 0.08132507228702976], [0.07261217591700392, 0.07545483547885833, 0.07230250144659457, 0.07003996606807406, 0.07872255230189841, 0.08224805946127273, 0.08278537330036802, 0.07022743017862354, 0.08026195246554954, 0.07442616008663136, 0.0829379046778313, 0.07706932907598438, 0.08091175954130994], [0.0723612342394335, 0.07539678989846427, 0.07200032496685571, 0.07002197474842425, 0.07939021474992225, 0.0825775168436613, 0.0827579152036258, 0.07008033929040916, 0.079792913529324, 0.07447644565697843, 0.08294803788946022, 0.0772529475689515, 0.0809433454144896], [0.07214229843211555, 0.07510167359392202, 0.07181805053212337, 0.06988082315578803, 0.08008799374651461, 0.08219578319293953, 0.08310231809050757, 0.06992852757124501, 0.0797024210966344, 0.07424195780633405, 0.0825807466833532, 0.07792067720748705, 0.0812967288910357], [0.0720713238809482, 0.07472911532336354, 0.0718540440827424, 0.069720972632426, 0.08049693527245494, 0.08153039780116993, 0.08292029824194616, 0.06987430840171435, 0.07999049856601477, 0.07386287881750729, 0.08219137377080932, 0.07878652183801196, 0.08197133137089105], [0.07209082899912976, 0.07459932846485878, 0.07192684761181366, 0.06960721788158944, 0.08036495106317194, 0.08131481788102161, 0.08292987004274653, 0.06984516530027864, 0.0802904619305531, 0.07368462333496242, 0.08215202486291562, 0.07889947232959117, 0.08229439029736728], [0.0721267781873776, 0.0745340154735936, 0.07199933008966955, 0.06948120005315989, 0.0799462348427322, 0.08122430282433143, 0.08333333333333334, 0.06980124001795408, 0.08062669641145924, 0.07355182786560004, 0.08219577421020134, 0.07878223393509423, 0.08239703275549355], [0.07222343557650338, 0.0745572107478845, 0.07211668187440134, 0.06951240440617638, 0.0797492288925829, 0.08116299430756883, 0.08312526563396949, 0.0698734573081464, 0.08081927274468084, 0.07354750926499667, 0.08217111070127694, 0.07874924133733177, 0.08239218720448038], [0.0723420294662051, 0.07475546523452503, 0.07220075748109432, 0.06962669803546703, 0.07943947325958639, 0.08139284974767695, 0.08288558320410254, 0.06996897835511467, 0.08082457574966866, 0.07372816386619462, 0.08243132999733618, 0.07835469405927752, 0.08204940154375093], [0.07216992624211876, 0.07486146358367471, 0.0719398934419931, 0.06969918492028675, 0.07987975852570264, 0.08177158132077801, 0.08295882008475428, 0.06988717011706046, 0.08020752434659496, 0.07392869117609072, 0.08263643742748968, 0.0782390606633759, 0.08182048815007993], [0.0722418345732084, 0.07508679613563614, 0.0719551377497719, 0.06978119698563412, 0.07952525466094748, 0.0821431938683127, 0.08299683096697034, 0.0