[[0.0718210556911916, 0.07161957944872835, 0.07314015486532598, 0.07546158526456623, 0.0808009502850495, 0.08092994771382289, 0.08073453778848869, 0.08272566614646697, 0.0816280435150136, 0.07490044488814739, 0.07427276978153853, 0.07009523087356928, 0.08187003373809099], [0.07188090908128893, 0.07163297518035103, 0.07320378329010252, 0.0753765565615077, 0.08108598394591211, 0.08077810189841604, 0.08053043436858077, 0.08296464301271056, 0.08144485694141661, 0.07481340076818235, 0.07421509189899415, 0.07014080401498797, 0.08193245903754907], [0.07199855087654697, 0.07169935368693066, 0.07332432091540118, 0.07530885976954958, 0.08144676034841201, 0.08058803853138118, 0.08029318517780028, 0.083013754796205, 0.08121239737599766, 0.07474728553921782, 0.07418546116821434, 0.07025257476887416, 0.0819294570454692], [0.07209478926750222, 0.07174470860711689, 0.07343187289157005, 0.07525852528005575, 0.08176846710280448, 0.08046059801450879, 0.08012245776525644, 0.08295659100608338, 0.08105703362760085, 0.07469113601146385, 0.07416130249202386, 0.07032761068779705, 0.08192490724621648], [0.07221846848968376, 0.07181427618739145, 0.07356176580515977, 0.07520610139446059, 0.08214313539852654, 0.08028634657663634, 0.07991125845030485, 0.08289768111486094, 0.08091027681065459, 0.07463622191889749, 0.07414306133819679, 0.07043666829950858, 0.08183473821571849], [0.07227080754093022, 0.07181625796472008, 0.07363484866031786, 0.07515240206625913, 0.08239671065762887, 0.08019674832030399, 0.07978466123473352, 0.0829401126687239, 0.08084590091053509, 0.0745700310916606, 0.0741033373600062, 0.07045195336267239, 0.08183622816150794], [0.07227261009222813, 0.07172289550863332, 0.07369755428846511, 0.07503402431547807, 0.08270724362418644, 0.08011167059906249, 0.07962572024162334, 0.08333333333333333, 0.0808094085910956, 0.07441445568012905, 0.07398685991189106, 0.07035099682221753, 0.08193322699165652], [0.07240282762540524, 0.07176505852999597, 0.07386949566297343, 0.07500378230499556, 0.0830466767427551, 0.08002178413213565, 0.07947826087968186, 0.08293961385366887, 0.08074471617576931, 0.07435679115615319, 0.07397387280750274, 0.0704045887724978, 0.08199253135646538], [0.07246048026460346, 0.07172988036762952, 0.0739929897562251, 0.07497041950083858, 0.08333333333333333, 0.08001971910598688, 0.07941206848395746, 0.08254891000793124, 0.08077313028104972, 0.07428055020601226, 0.0739350126504556, 0.07034901330237077, 0.08219449273960609], [0.07271243863761274, 0.07186375288723526, 0.07430952944507507, 0.07503997602005019, 0.08286837830432889, 0.07999443802673212, 0.07934346321454881, 0.08200003408322569, 0.08075358840404141, 0.07430469561515383, 0.07403736771030574, 0.07048117948901197, 0.08229115816267826], [0.07286033304335182, 0.0718837252350642, 0.07454645566692925, 0.07506333161658398, 0.08333333333333333, 0.07994628199479328, 0.07925239768079125, 0.08140832033580214, 0.08069724037420638, 0.0742571032528372, 0.07407124000013013, 0.07047337007944413, 0.08220686738673287], [0.07313035175478386, 0.07206454345251441, 0.07485244521115965, 0.07524935414018367, 0.08310892601727073, 0.07982694675143209, 0.07912854362824472, 0.08098978207962765, 0.08053961207803541, 0.07431396970456318, 0.07420085165765818, 0.0706702566448317, 0.08192441687969472], [0.07324689635582543, 0.07209509877579962, 0.0750459516355207, 0.07540936306908178, 0.08310027130240656, 0.07986846365435822, 0.07914533395518605, 0.0805171425646077, 0.08054717170611017, 0.07434163508130362, 0.07428220290800261, 0.07065472945694577, 0.08174573953485188], [0.0733302421418976, 0.07212291499787307, 0.07518346791093315, 0.0755372626898699, 0.08310580834508333, 0.07990318459395722, 0.07916787708506987, 0.08016478733665076, 0.08054429763910553, 0.07437812377683041, 0.07435457077010794, 0.07064483165090212, 0.08156263106171913], [0.0733479640956512, 0.07209597911575368, 0.07526872421402611, 0.07567174233387054, 0.08315578231937897, 0.08001530606261932, 0.07927631989841549, 0.07974152798469444, 0.08062825086410567, 0.07442487225713679, 0.0744257744868641, 0.07054860080433618, 0.08139915556314746], [0.0732766938912629, 0.07201926063843864, 0.07524217982757922, 0.07574233188319618, 0.08307133338569957, 0.08017035549576398, 0.07948269229971291, 0.07944184430754105, 0.08081593166333303, 0.07446240706352354, 0.07445953632064646, 0.07040209147088462, 0.081413341752418], [0.07323421716394828, 0.07198217061259247, 0.07524090053028087, 0.07587524255130138, 0.08278514470215677, 0.08035033799897967, 0.07976330247723402, 0.07902143368739062, 0.08102521545830642, 0.07456248070555485, 0.07455417007510858, 0.07028276064879296, 0.08132262338835308], [0.07297542484685472, 0.07177582709775149, 0.07501301616816555, 0.07588149122670415, 0.08333333333333333, 0.08062153415075662, 0.08012068882521999, 0.07861334062973739, 0.081319471489727, 0.07460229394608929, 0.07454486405695288, 0.06996339557663034, 0.08123531865207721], [0.07180249542011868, 0.07169657732371544, 0.07311737774662148, 0.07557919979198115, 0.08041670881008585, 0.08092272539479252, 0.08085487723093279, 0.08279902477489907, 0.08163547989429082, 0.07505477879667435, 0.07438499232003373, 0.07017114648011362, 0.08156461601574044], [0.07189013929837475, 0.07172149062069064, 0.07317496076938194, 0.07548068031496044, 0.08078225329989555, 0.08077382123277642, 0.08062204025822019, 0.0828863327601126, 0.08145968824328624, 0.0749508102482282, 0.07432019699027495, 0.07023594483517386, 0.08170164112862416], [0.07192410867759452, 0.07172065403135007, 0.07320310526245509, 0.07541288344615424, 0.0810023975797426, 0.08066976544772111, 0.08047787313622688, 0.08310442284240871, 0.08133646998934083, 0.07488012247453611, 0.07427071260984136, 0.0702565978717897, 0.08174088663083895], [0.07203571225169178, 0.0717418142002359, 0.0733473607812758, 0.07531011573000786, 0.0815019578375655, 0.08052186974123815, 0.0802366925066425, 0.08303384719242404, 0.08114031403753123, 0.07475860953722109, 0.07419990343210718, 0.0703125565986561, 0.08185924615340284], [0.07192280445995679, 0.07169378871730189, 0.07321851740348023, 0.07538019718216907, 0.08109663772933363, 0.08066938708076551, 0.08044800519437877, 0.08312837922143859, 0.0813294837999029, 0.07483686339590614, 0.07423795255956912, 0.07022791158970286, 0.08181007166609425], [0.07214472727787873, 0.07179228227747665, 0.0734677482145531, 0.07524443177916694, 0.08188255983902036, 0.08035786189880069, 0.08002513806306064, 0.08305819852839089, 0.08095014419684582, 0.07468745820087795, 0.074166203419299, 0.07039967574517084, 0.08182357055945817], [0.0722491774474905, 0.07186599544283269, 0.07356652262793753, 0.07521442023900289, 0.08214071899342273, 0.08020863283908065, 0.07985908995954383, 0.08303366951099884, 0.08081188624292301, 0.07466209270158237, 0.07416625457320769, 0.07050968044171411, 0.08171185898026323], [0.07229229193316138, 0.07183119937004369, 0.07365441422615249, 0.07514271275005023, 0.08245970931769905, 0.08015600557855111, 0.07974218385200059, 0.08297239475816419, 0.08080512327252042, 0.07456191963107144, 0.07410085849651599, 0.07047563589760888, 0.0818055509164605], [0.0723628560875648, 0.071842059912348, 0.07374083189670398, 0.07505503039824074, 0.08282064266434473, 0.07996755475839629, 0.079521910484682, 0.08333333333333331, 0.08063191521680187, 0.0744660553591721, 0.07403995690838473, 0.07051528964821893, 0.08170256333180821], [0.07249410206245378, 0.07187566417385634, 0.07392211218686176, 0.07502414371802121, 0.0831261278823563, 0.07990030596639267, 0.07938825117318096, 0.08289382772967172, 0.08059698836559498, 0.07440190704063344, 0.07402316118321453, 0.07055547634709924, 0.08179793217066297], [0.07252615887932072, 0.07183377345809765, 0.07400799709365527, 0.07498915692452675, 0.08333333333333333, 0.07990473277089788, 0.07933719214264641, 0.08266727023501515, 0.08062878358347736, 0.07433224406132274, 0.07398197696739672, 0.07049554277373343, 0.08196183777657655], [0.07264763941178472, 0.07188403901659866, 0.07417202104393386, 0.0750144039310931, 0.08309138677686913, 0.07990748638494972, 0.07930385320708899, 0.08237234500344419, 0.08064515267456215, 0.07432820873745817, 0.0740141329324429, 0.07054002047106481, 0.08207931040870951], [0.07277791825572477, 0.07194148778150043, 0.07434389251399523, 0.07503794463384515, 0.08299567029776435, 0.07988171099578292, 0.07925219514508806, 0.08205139578249451, 0.08062330202211271, 0.07432349884025495, 0.07405952007220983, 0.07059430313357562, 0.08211716052565149], [0.07284714070349871, 0.07196534242359184, 0.07443941409225277, 0.07504090629100696, 0.08311877886142957, 0.0798481037174979, 0.07920507029728546, 0.08185102182818783, 0.08058820954196635, 0.07430924072082577, 0.0740760729378246, 0.07061592037929425, 0.08209477820533784], [0.07294832188142789, 0.0720057545788768, 0.07457421233739843, 0.07504936454845464, 0.08333333333333331, 0.07978869943046829, 0.07913128459871341, 0.08157995440240408, 0.08052126254379335, 0.0742935171011365, 0.07410268496114894, 0.07065549999892877, 0.08201611028391528], [0.07305687534551168, 0.07205588701068799, 0.07472427879331395, 0.07515522287901458, 0.08308356229059528, 0.07980445867243388, 0.07912818203902552, 0.0813063025079291, 0.08052907568455378, 0.07431458625835966, 0.07416235543764141, 0.07069040808994394, 0.08198880499098923], [0.07337958188567806, 0.07226270626578277, 0.07509419019593123, 0.07536823736630485, 0.0830487778109387, 0.07962692517683206, 0.07894746563031568, 0.08076537380150753, 0.08030341019070615, 0.07436312664199062, 0.07430348353187237, 0.07091741069157487, 0.08161931081056517], [0.07345712554364224, 0.07226777201720751, 0.07524161141786122, 0.07549414283916696, 0.08304687164604019, 0.0796736520100671, 0.07897250852368173, 0.08039659856821581, 0.08032499130959543, 0.07437825815507704, 0.07436125528747291, 0.07087745876050254, 0.08150775392146921], [0.07307954071887478, 0.0720106318014643, 0.07482048120405937, 0.07524770065812951, 0.08310505326926994, 0.07990145946475381, 0.07919087347119931, 0.08095003908083737, 0.08061975346987861, 0.07430525878796591, 0.07418727183858799, 0.07059133805819144, 0.08199059817678771], [0.07354972829994512, 0.07230557331929098, 0.0753793403267097, 0.07560165615337847, 0.08310217787997684, 0.07966225764702296, 0.07895418488372959, 0.08010372115020724, 0.08028320192950153, 0.07440082351304259, 0.07442074827530062, 0.07089171163863672, 0.08134487498325764], [0.07360515640322741, 0.072291673865328, 0.07551335615524035, 0.07574304298769459, 0.08333333333333333, 0.07970456950784408, 0.07902052958932836, 0.07965663904941664, 0.08029582989191564, 0.0744247940270848, 0.07448630385925809, 0.07081556628967024, 0.08110920504065842], [0.07358929654296757, 0.07226823435857968, 0.07553100771968385, 0.07582151951491493, 0.08301811008553193, 0.07982264291029192, 0.07917508176861823, 0.07946917135630323, 0.08043617531265089, 0.07447338002109785, 0.07453616604689377, 0.07074479237342039, 0.08111442198904573], [0.07348027474329787, 0.07214030892963948, 0.07548756359239117, 0.07588739953656469, 0.08333333333333334, 0.07995700392627296, 0.07938344115855313, 0.0790866580788127, 0.08060617978766232, 0.074481419153242, 0.07454670326053273, 0.07052734511472153, 0.08108236938497614], [0.07353770691451467, 0.07217694506376088, 0.07558746549905403, 0.07605778504715233, 0.08306106779891503, 0.0800098410664365, 0.07955857773613241, 0.07867216012103667, 0.08067328643052558, 0.07458359427646209, 0.07466905634928604, 0.07050453873498937, 0.08090797496173448], [0.07330693392147086, 0.07201345429078414, 0.07536226773763588, 0.07603352194541702, 0.08306496522585995, 0.08029155198390368, 0.07985929312083272, 0.07854383805374673, 0.08097166312068955, 0.07462602598726542, 0.07465390027563587, 0.0702617739415593, 0.08101081039519886], [0.07186670003271832, 0.07178982786037763, 0.07314746712756662, 0.07558683834463611, 0.08040774376383389, 0.08075513356405896, 0.08071947177426432, 0.08303874183297633, 0.08145012500975236, 0.07509270605368328, 0.07442177289015565, 0.07030339614681763, 0.08142007559915876], [0.07200226435012291, 0.07183004451379627, 0.07323921634215948, 0.07544130200875258, 0.08102155816024809, 0.08053174656084872, 0.08037772163785861, 0.08313354873468354, 0.08118699093799428, 0.07493779501859962, 0.07432672804501088, 0.07040355115407336, 0.08156753253585142], [0.0719678358534751, 0.07182971975866265, 0.07321864460061858, 0.07550480236064527, 0.08080081225811413, 0.0806256320584947, 0.08051054053057774, 0.08294745512287226, 0.0812972468332973, 0.075004769935419, 0.07437292252853549, 0.07038283821422782, 0.08153677994506], [0.0719765524555584, 0.07175471828743496, 0.07324826590423818, 0.0753630418390783, 0.08120698552304864, 0.0805281676771684, 0.08031938013800435, 0.08333333333333334, 0.08117412397612025, 0.0748379750360345, 0.07424569165363527, 0.07032157245574361, 0.08169019172060184], [0.07211365418456173, 0.07189009166827447, 0.07335590678418148, 0.07537954789714224, 0.08137410717321418, 0.0803781223134175, 0.08017244438957148, 0.08308629185633223, 0.08100016133359225, 0.0748744281593697, 0.07429897540218071, 0.07050422865117754, 0.0815720401869844], [0.07216389371929721, 0.0718669570075412, 0.07343727131696522, 0.075275703110954, 0.08175308920727067, 0.08025755169300894, 0.0799842436409382, 0.08333333333333331, 0.08084535145642727, 0.07475228520938139, 0.07421488620224609, 0.07050149533912733, 0.08161393876350898], [0.0721047820055774, 0.07184433797003979, 0.07337469868214846, 0.075341016523209, 0.081498479139513, 0.08040305399959759, 0.08015871082002761, 0.08305784066871, 0.08101776206714431, 0.07481778851324257, 0.07425547127318537, 0.07044951874388661, 0.0816765395937183], [0.07230167310162339, 0.07195248829779409, 0.07358004641037248, 0.07524320431570955, 0.08208127901116546, 0.08011580030885335, 0.07980377866690651, 0.0831261322672065, 0.08068811079089283, 0.07471643701996286, 0.0742152554720621, 0.07062531531946387, 0.08155047901798716], [0.07233687367059971, 0.07195229285405826, 0.07362613780989352, 0.07518996588807682, 0.08227059450552177, 0.08002167895130644, 0.0796850418602493, 0.08333333333333333, 0.08061111606460195, 0.0746570932679366, 0.07417605068163767, 0.07064035780671647, 0.08149946330606819], [0.07238648558415688, 0.07196268241272133, 0.07369370786121356, 0.07516649861463251, 0.08245614595815334, 0.07998705702310943, 0.07962051167388856, 0.08315088181581544, 0.08059637333324407, 0.07462167004129183, 0.07416040770144054, 0.07065727404515415, 0.08154030393517815], [0.07244840891481066, 0.07197379335205145, 0.07377149947561187, 0.07510488291926373, 0.08270741552079612, 0.07986155240107784, 0.07946426976173152, 0.08333333333333333, 0.08048755736056595, 0.07455051938843875, 0.07411799801415322, 0.07068846518795646, 0.08149030437020896], [0.07253317011931112, 0.07196355195593702, 0.07390968222248896, 0.07504937179157635, 0.0831318769016093, 0.07980643630232064, 0.07934221256572858, 0.08300857623820931, 0.08047018379099863, 0.07446022331811501, 0.07407057311326805, 0.0706783110006136, 0.08157583067982348], [0.07256972485044945, 0.0719548066532218, 0.07397329854383136, 0.07502444524523184, 0.08333333333333333, 0.0797825833828508, 0.07928767399154722, 0.08283413260669407, 0.08046159057198075, 0.07441784737151715, 0.07404798592497337, 0.07066711914095948, 0.0816454583834092], [0.07260777864153514, 0.07196637270955773, 0.07402838225626382, 0.07503177473010496, 0.0832048513074119, 0.07979621728458257, 0.07928162682987033, 0.08274159804095281, 0.08048460619896608, 0.07441349504169127, 0.07405510660586048, 0.07067485225866772, 0.08171333809453522], [0.07272228559543686, 0.07201021204967245, 0.07418122225416664, 0.07503761618881771, 0.08314019797856466, 0.07977106794369664, 0.0792121653622827, 0.08246716246952238, 0.08047415034851207, 0.07439336524287951, 0.07406882143563576, 0.07071896650931832, 0.08180276662149435], [0.07278728010658228, 0.07200333071737812, 0.07429343225554054, 0.07501892045441531, 0.08333333333333333, 0.0797482300915342, 0.0791577583262721, 0.08221205394780125, 0.08046502400273622, 0.07434423536356126, 0.07405924642943967, 0.07070121537118074, 0.08187593960022498], [0.07291114208219858, 0.07207351445572342, 0.07444497147308964, 0.07505484956290555, 0.08307193119821446, 0.07973413914602086, 0.07912654055583176, 0.08198781542526855, 0.0804516113394255, 0.07436072519182017, 0.07411443203440171, 0.0707726089136897, 0.08189571862141008], [0.07313354304784245, 0.07219934105634376, 0.07470977737366179, 0.07511373648712825, 0.08309834301764671, 0.07962492776303776, 0.07899887392420897, 0.08155291556839209, 0.08032827267894187, 0.07436813863008249, 0.07419452705551778, 0.07091149799128868, 0.0817661054059076], [0.07329313758305263, 0.07227414941156156, 0.0749119954006257, 0.07521502592313288, 0.08333333333333333, 0.07951944182526846, 0.07887998558976474, 0.08117928550115001, 0.08020583589748616, 0.07435350708934398, 0.0742406854061091, 0.07099034250171382, 0.08160327453745762], [0.0734400696600841, 0.07233070155404633, 0.07513230556606756, 0.07538156663348929, 0.08292115253367507, 0.07956926268649214, 0.0789019885126243, 0.08079318707686324, 0.0802396540204651, 0.07438816972313037, 0.0743314925600343, 0.07101075982396379, 0.08155968964906457], [0.07327700359697874, 0.07222312642198661, 0.07494819536213763, 0.0752752322649943, 0.08296755310799078, 0.07965847263968331, 0.07899115045184407, 0.08105436062034213, 0.08035292764044584, 0.0743603384975972, 0.0742586517455177, 0.0708916925467221, 0.08174129510375937], [0.07316691385568992, 0.07218794572537654, 0.07478133984064472, 0.07516085232705212, 0.08309407866810184, 0.07964665815774964, 0.07900222229720025, 0.08138115894138943, 0.08035163848955644, 0.07435305772872917, 0.07420430904716344, 0.07088036445811183, 0.08178946046323457], [0.07295244330528515, 0.07205538750681352, 0.07452988941009067, 0.07504114274389889, 0.08333333333333334, 0.07971970591442255, 0.07908925627899387, 0.08175599814978485, 0.08044217631530777, 0.07431928231473514, 0.07410787804792698, 0.07073888087562528, 0.08191462580378207], [0.07325497657145465, 0.0722163999067378, 0.07491240399702545, 0.07524573454979794, 0.08305533907988394, 0.07964207128993754, 0.07898062572924605, 0.08112333138987143, 0.08033865886662896, 0.07435357034561045, 0.07424284186805136, 0.07089306773788852, 0.08174097866786607], [0.07311272357898284, 0.07208130241808752, 0.07480141442296093, 0.07520840946768909, 0.08302122364273312, 0.07980313280510909, 0.07911877357327403, 0.08116032643770112, 0.08052076521353468, 0.07432345040118624, 0.07419165982377747, 0.07070842717575959, 0.08194839103920415], [0.07349498510110161, 0.07233339156794681, 0.07523338928428247, 0.07545745498145078, 0.08298666007161032, 0.07958102784678563, 0.0788994399003117, 0.08055232478110351, 0.08023735723541844, 0.07438733855217829, 0.0743617184315245, 0.07098763672083563, 0.08148727552545038], [0.07358123322877644, 0.07236731458158101, 0.07536299633824291, 0.07555779600638754, 0.0829522423302579, 0.07958321117615312, 0.07889212110336048, 0.08029091081568525, 0.0802168349683041, 0.07440820815764555, 0.0744167636073265, 0.07099907659020738, 0.08137129109607193], [0.07366876975671885, 0.0723968295212211, 0.07550402496565917, 0.07567779700335317, 0.08296257695890907, 0.07959491370259572, 0.07889450677837385, 0.07997518701559886, 0.0801957828018969, 0.07443630408344541, 0.07448234691824676, 0.07099544370456433, 0.0812155167894167], [0.07372117088004942, 0.0724059010460057, 0.07559829477622901, 0.07576024022304668, 0.08309823828310307, 0.07959150443522298, 0.07890933538399378, 0.0797270043815624, 0.08016347407447512, 0.07444879113369753, 0.07452691409081003, 0.07097688780215987, 0.0810722434896444], [0.07371018181595097, 0.07235723666332602, 0.07565317596129989, 0.07587139095459595, 0.08305256894178195, 0.07969650229499273, 0.07908132911745286, 0.07938477984016433, 0.08030372184946126, 0.07448235124274602, 0.07458019602152176, 0.07085828889107733, 0.0809682764056289], [0.07370634544239076, 0.07231610986830854, 0.07571587448020534, 0.0760019181201325, 0.0830750514230437, 0.07977110033613764, 0.07925411677376182, 0.07896326887080234, 0.08040821535755556, 0.07452735184623538, 0.07464869698260725, 0.07074184415157737, 0.08087010634724179], [0.07369212467372223, 0.0722947704610674, 0.07573592384702278, 0.07609628247336138, 0.08297578417955877, 0.07984886356638504, 0.07940432466042434, 0.07869468812264181, 0.0805001561813354, 0.07458329006282599, 0.07470345003541855, 0.07066691154079145, 0.0808034301954447], [0.07356330848493264, 0.07217664325737812, 0.07564903560189223, 0.07615479515234934, 0.08333333333333333, 0.07997759691503781, 0.07962471216117135, 0.07835138027293374, 0.08064433647468297, 0.07461776574973239, 0.07472507939907418, 0.07046283625932892, 0.08071917693815288], [0.07326430943688733, 0.07197455778850768, 0.0753419907688421, 0.07609814265947878, 0.08333333333333334, 0.08033017578027692, 0.07998998415978968, 0.07826146291201522, 0.08100988805784275, 0.07466822010778143, 0.07469482406259396, 0.07017285436226516, 0.0808602565703858], [0.07304940835327219, 0.07217071771545215, 0.07458959115577837, 0.07507391598267867, 0.08312947215578997, 0.07963730521409652, 0.07902873902938769, 0.08177362031270635, 0.0803418819208222, 0.07437481135576028, 0.07416525608586061, 0.0708916841584469, 0.08177359655994805], [0.0729408428817746, 0.07214407719285916, 0.07442759081984004, 0.07506232799701709, 0.08313261550777658, 0.0796507569760812, 0.07907182569117276, 0.08207314871935849, 0.08034921889565015, 0.07439821231897897, 0.07413685508023919, 0.07087798091300124, 0.0817345470062506], [0.07280821647255031, 0.0720906767064957, 0.07424888310753373, 0.0750407429192595, 0.08333333333333333, 0.07966274247459382, 0.0791152702704229, 0.082356184234876, 0.08035071036634901, 0.07440771615167643, 0.0740954766043766, 0.07082944027150266, 0.08166060708702998], [0.07278158155083926, 0.07210516205955049, 0.07419400029530084, 0.07505711937673983, 0.08314605610876621, 0.07966888168414774, 0.07914850946044368, 0.08254368367451397, 0.08034571184173568, 0.07444214036825167, 0.07411346197887006, 0.07085178021831787, 0.08160191138252278], [0.07268200257633867, 0.07207312827345545, 0.07405661799234486, 0.0750563509482662, 0.08313679280115821, 0.0796843354626059, 0.07920713260002957, 0.08285985081530899, 0.0803440740282673, 0.07446686182829879, 0.07410686800485666, 0.07082116749172838, 0.08150481717734073], [0.07255525218929962, 0.07204842927932463, 0.07387533470027537, 0.07508828279498196, 0.08283665682412814, 0.07973538804093738, 0.07932571087154043, 0.08333333333333333, 0.08036175336176553, 0.07453515563095053, 0.07412752450454735, 0.07079366742716454, 0.08138351104175115], [0.07254643942109329, 0.07208954690936402, 0.07383681177448544, 0.07514833473408125, 0.08264072790522642, 0.07978470722290751, 0.07940962043809748, 0.08315805501270376, 0.08038972218421252, 0.07461357275851414, 0.07418489494703666, 0.07083624371456425, 0.0813613229777133], [0.07306415579848893, 0.07197700210944, 0.07483718908102302, 0.07529035552714117, 0.08300287531932207, 0.07999411119576684, 0.0792665603592735, 0.08080360758252435, 0.08070928143961538, 0.07431579257850977, 0.0742034356297187, 0.07052413204723255, 0.08201150133194351], [0.07335204672085054, 0.0721478064168844, 0.07518195282761608, 0.0754908751662276, 0.08333333333333334, 0.07979181253856754, 0.07906843289284657, 0.08026718908452596, 0.08044202133374584, 0.07434649271042579, 0.0743258423169469, 0.07070350792103386, 0.08154868673699575], [0.07352972159818448, 0.07225471442859409, 0.07541392765159773, 0.07568129208896253, 0.08316334222815958, 0.07977190785455802, 0.07904712176667276, 0.07984569707205694, 0.080365522117122, 0.07442081742708698, 0.07445343210946645, 0.07078358580009529, 0.0812689178574433], [0.07246412963224079, 0.07204857670027118, 0.07374249087858183, 0.07516692183893979, 0.08245970012123612, 0.07985373205584992, 0.07950482750690832, 0.08333333333333334, 0.08044513143045899, 0.0746407137637704, 0.07418782852022973, 0.0707789592018593, 0.0813736550163204], [0.07243668419059722, 0.07206636202924428, 0.07369485206741175, 0.0752271234709321, 0.08225970960930931, 0.07993230850297564, 0.07961516748318455, 0.0831548041108229, 0.08050265634813648, 0.07471329444224366, 0.07423794708492398, 0.07078757491395544, 0.08137151574626285], [0.07237990272641696, 0.07206340661989054, 0.07361798610220956, 0.07528927336752735, 0.08200181271548425, 0.0800304556322376, 0.07975319188443657, 0.08304716063505556, 0.0805787072524049, 0.07478804436818696, 0.0742836885443049, 0.07076770423897694, 0.08139866591286812], [0.07227502045440075, 0.07201424733524285, 0.07349549740038676, 0.0753175530884759, 0.08171683775085097, 0.08010019431755115, 0.07986869187796111, 0.08333333333333333, 0.08067775676963285, 0.0748287223165965, 0.0742920682901175, 0.07069699570306338, 0.08138308136238681], [0.0722383147628866, 0.07202581603340526, 0.07344167078783873, 0.07539441913231544, 0.08146555772392482, 0.08020444625350547, 0.0800150090390618, 0.08306100826149113, 0.08080490856907074, 0.07491542857515673, 0.07435221906324015, 0.07069009746790818, 0.08139110433019503], [0.07221349463177237, 0.07201998453286608, 0.07341359098195584, 0.07542845389925927, 0.08135024768319614, 0.08026722402035545, 0.08009496618933301, 0.08292764018666013, 0.08087889575439042, 0.0749507945869124, 0.07437528325515688, 0.0706712610381277, 0.08140816324001444], [0.07214442151217841, 0.07198043889479412, 0.07334193017661446, 0.07545917713951977, 0.08115956103520675, 0.08035030166843365, 0.08020683875004979, 0.08298700070445676, 0.08098013825928795, 0.07498272942968079, 0.07438644988987765, 0.07060825826122054, 0.08141275427867907], [0.07208889360320231, 0.07195667981869705, 0.07329499102258825, 0.0755023305800774, 0.08095794805291415, 0.08043323882081053, 0.08032352176623576, 0.08296144756970689, 0.08107949920851065, 0.07502843803531785, 0.07441125792122397, 0.07056260562231585, 0.08139914797839946], [0.07202677987208726, 0.07195265192220583, 0.07324701551159432, 0.0755705773754351, 0.08064897630945106, 0.080493083182141, 0.08045428420992519, 0.08305274464619992, 0.08115459709901042, 0.07511060329377878, 0.07446167058231898, 0.07053843862394896, 0.08128857737190305], [0.07192431969385042, 0.07189949906415072, 0.07316901893399101, 0.07561641222877066, 0.08033926180561993, 0.08056962662873912, 0.08061756598234142, 0.08333333333333334, 0.08124501377001934, 0.075162031821499, 0.07448076728666572, 0.07045301233252987, 0.08119013711848946], [0.0719599582042977, 0.07187218698348874, 0.07320495138053916, 0.07555676878856146, 0.08060978761070242, 0.08059572215738768, 0.0805401195916869, 0.08307551060042677, 0.08127022126611677, 0.0750785081045334, 0.07442595873642395, 0.0704292566877259, 0.08138104988810901], [0.07339494977515511, 0.07223993546225056, 0.07515094619120403, 0.07542170695323822, 0.08310995916138295, 0.07966729245511005, 0.0789726719055796, 0.08057682885949514, 0.08033479472819234, 0.07435883361873981, 0.07431899763907229, 0.07086474001901671, 0.08158834323156315], [0.07321020902752388, 0.07209422328206318, 0.07496445082691208, 0.07531413537803197, 0.08333333333333334, 0.07977591233616053, 0.07907062116707182, 0.08075452539125984, 0.08047056171650496, 0.07430711438992539, 0.07422857316700723, 0.07069266753714931, 0.08178367244705657], [0.0732833968385256, 0.07207169366621137, 0.07517021504551435, 0.07559058589243367, 0.08301101146229822, 0.08004673643333816, 0.07929576139686226, 0.07999133280973975, 0.0806689074985557, 0.07441005657092495, 0.07438218603303608, 0.07054399993287143, 0.08153411641968834], [0.07319317569642067, 0.07203693040753353, 0.07501933616493209, 0.07543012172947226, 0.08306117163295607, 0.07997942267596271, 0.07924078683929134, 0.08041585178712608, 0.08065522099392358, 0.07434822022983922, 0.07428392446313718, 0.07055906642950852, 0.08177677094989678], [0.07280883526274119, 0.07188129387563716, 0.07445933997808336, 0.07504735660517492, 0.08311073241548497, 0.07996472228363882, 0.07928657019830158, 0.08163802059838517, 0.08072121372444352, 0.07427685811065127, 0.0740602028381383, 0.07048373069373147, 0.08226112341558822], [0.07298191855084639, 0.07194482413096327, 0.07471625298483917, 0.0752005835245881, 0.08296955076845658, 0.07999540247905934, 0.07928013094618212, 0.08107325355926451, 0.0807304718135538, 0.07430168177041381, 0.07415593146130373, 0.0705098722016245, 0.08214012580890485], [0.07323487962828666, 0.07199550582849168, 0.07517220672189047, 0.07564186390673805, 0.08333333333333333, 0.08012073236947154, 0.07937299431055668, 0.07968956315575851, 0.0807478842801448, 0.07440585774981785, 0.07438913091369641, 0.07041147140263432, 0.0814845763991796], [0.07319491698180271, 0.07195984405405456, 0.07517361599080634, 0.07576861823425975, 0.08287643494233989, 0.08032520185262826, 0.07965412849223881, 0.07931216575557778, 0.08098778814556534, 0.07450292961606635, 0.07447955860327068, 0.07029722199697923, 0.08146757533441024], [0.07352380383257243, 0.07217110901295423, 0.07562400021142363, 0.07629343877678316, 0.0830434521279595, 0.08011610318371723, 0.07989427784027471, 0.07799679091304222, 0.08077794194367174, 0.07475385452229912, 0.0748446706112036, 0.07038330020983437, 0.08057725681426396], [0.07365713298029287, 0.07225280037828595, 0.07575835475247883, 0.07627429673854644, 0.08313389010932717, 0.0799357552117576, 0.07966544823080714, 0.0781309461582968, 0.08059651419555745, 0.07469007421835074, 0.07481933853131842, 0.07052221426627596, 0.08056323422870487], [0.0718098665827011, 0.07124586104679773, 0.07342080935376126, 0.07526060415932939, 0.08127388733126396, 0.08139610605116085, 0.08069831845383006, 0.08139605412165032, 0.08226347936124134, 0.07448981981442923, 0.07399460093565635, 0.06958202016282108, 0.08316857262535716], [0.07184439286343315, 0.07131078309232113, 0.07340771649486705, 0.07521333783175274, 0.08155222233876532, 0.08116678542185944, 0.08054466408972474, 0.08173243267461548, 0.08197950409463468, 0.07448267237690687, 0.07398385133156969, 0.06970009548356107, 0.08308154190598857], [0.07192623953110786, 0.0713481430184245, 0.07349898790551437, 0.07515887330595901, 0.08182734369515045, 0.08099741672863262, 0.08035797544029503, 0.08193272395778314, 0.0818211669751128, 0.07442646381258157, 0.0739553723159261, 0.06976611233854495, 0.08298318097496767], [0.07199340869025007, 0.07139219516315984, 0.07355988491882112, 0.0751103027172146, 0.08208496440456217, 0.08082114369745264, 0.08018898722256877, 0.08216268748368667, 0.08163573440077142, 0.07438660568248776, 0.07393422838638229, 0.06984358849034807, 0.08288626874229464], [0.07210019576370232, 0.07141311526923219, 0.07371254047050575, 0.0750722455495968, 0.08225826206911159, 0.08071900249746068, 0.08003896037248062, 0.08208650683463338, 0.08155679210578715, 0.07431946765629091, 0.0739098956527025, 0.06987013466283341, 0.08294288109566271], [0.07218475389212212, 0.07142415299079836, 0.07384618718735644, 0.07507218013000984, 0.08218274645756646, 0.08070066517680395, 0.07998289492415886, 0.08183056324014731, 0.0815515512263194, 0.07428564980509936, 0.07390972603085554, 0.06986881372205803, 0.08316011521670433], [0.07223801837321171, 0.07142461445709257, 0.0739595466884619, 0.07516728541923824, 0.08193336420895174, 0.08089522239186907, 0.080124857503033, 0.08132916314564058, 0.0817584003762469, 0.07433154327927914, 0.0739774995168254, 0.06981611391101827, 0.08304437072913161], [0.07204747448146993, 0.07127597002609395, 0.07380036418072754, 0.07527283295625667, 0.08140014526576989, 0.08133789779720217, 0.08051530471694494, 0.08081259511519812, 0.08223126593476142, 0.07439961679771742, 0.0740025050632386, 0.06957069433128595, 0.08333333333333333], [0.07184130520975666, 0.07117984493620459, 0.07354770821229373, 0.07531139500885632, 0.08112268323686407, 0.0816115821930022, 0.08080322281586336, 0.0807812268080148, 0.08255481937648111, 0.07446379430071118, 0.07400429806594737, 0.0694447865026712, 0.08333333333333333], [0.07181293799065641, 0.07121774286234325, 0.07346869948987965, 0.07533615654378795, 0.08095121148935408, 0.08162775382956491, 0.08086673920987748, 0.08102501227526047, 0.08255109302781306, 0.07452436815294931, 0.07403634151919691, 0.06950315382594577, 0.08307878978337063], [0.07187446667138898, 0.07124030530127376, 0.07352933846797845, 0.07522982368562746, 0.08134250252686662, 0.08134250252686662, 0.08060047762251164, 0.08129165674029272, 0.08224610977234834, 0.07442997465672892, 0.07396797964258801, 0.06957152905219531, 0.08333333333333334], [0.0718337192309963, 0.07125008492789726, 0.07344533408587815, 0.07520547671057723, 0.08146144652234855, 0.08126022002578279, 0.08056753117351377, 0.0815151757621825, 0.08212456129035346, 0.0744392565642605, 0.07395684318422445, 0.06960701718865184, 0.08333333333333334], [0.07197550056340674, 0.0713009072944257, 0.07362080424162572, 0.07512758794481869, 0.08180822453072828, 0.08101254525290225, 0.08029542633943937, 0.08168760489832662, 0.08188742934510793, 0.07434521111659943, 0.07391409756603871, 0.06969132757324704, 0.08333333333333331], [0.07210030586093567, 0.07136580842999378, 0.07379315884816617, 0.07522202789231897, 0.08158700855553741, 0.08113117088406364, 0.08036485092176719, 0.08131942608039382, 0.08202183646880981, 0.0743996770792685, 0.07399660184734623, 0.06972865394060435, 0.08296947319079434], [0.07202168173182034, 0.07132536072323911, 0.07369227510718697, 0.07519836533057231, 0.0815991766447273, 0.08114310181574624, 0.08039515483235099, 0.08143266231917111, 0.08203548082148188, 0.07439269770663036, 0.07396950598078768, 0.06969067638379825, 0.08310386060248764], [0.07202282157813564, 0.0713096610486019, 0.07372581215132429, 0.07527257061982802, 0.08132188483384375, 0.08132863388201925, 0.08054147721714887, 0.08108429169606698, 0.08223850950626105, 0.07443632273962646, 0.07401519399185175, 0.06963270925952703, 0.08307011147576492], [0.0719514660514637, 0.07131597167317304, 0.07356797442275893, 0.07513871111238542, 0.08182773870200183, 0.08101331737604138, 0.0803219087111844, 0.08179466207640904, 0.08187206672448459, 0.07437614409324868, 0.07392842082327152, 0.06971668183425798, 0.08317493639931957], [0.07212376754709322, 0.07139358224559378, 0.07377972685741878, 0.075106404495024, 0.0820422268448562, 0.08082790421230886, 0.08010813967520751, 0.08177941833017655, 0.08168916727163829, 0.07432041901375985, 0.0739253844400531, 0.06981824855929063, 0.0830856105075792], [0.07217304973772082, 0.07139828244743748, 0.07387121497618546, 0.07515643711200358, 0.08186688529640067, 0.08092475882771036, 0.08016803171721039, 0.08146137999671986, 0.0817967195703464, 0.07433712089298848, 0.07395944718684666, 0.06979297518441771, 0.083093697054012], [0.07215685803730255, 0.07135250242918104, 0.0739112665654571, 0.07525929305112623, 0.08154991340529073, 0.08118812617839438, 0.08037643391846568, 0.08091373983582682, 0.08206240519159667, 0.07438937394801527, 0.07401681520738881, 0.06967666564720901, 0.08314660658474558], [0.07228737399731737, 0.07144704178419128, 0.07403720195671619, 0.07523050676097366, 0.08181155431354162, 0.08098202014293751, 0.08018877811406998, 0.0810684415664087, 0.08183559114847674, 0.0743700483838237, 0.07403304543821217, 0.06981384038731989, 0.08289455600601121], [0.0720426354484717, 0.07136744166612106, 0.07366329953438894, 0.07509283970181665, 0.08208652023444145, 0.08083340174092184, 0.08014343929448522, 0.08195738731496524, 0.08168335660087946, 0.07433194230725601, 0.07391061743477403, 0.06979973966814963, 0.08308737905332864], [0.0722031993329003, 0.07140955310146348, 0.0738943817995744, 0.07508237716199737, 0.0820939971728244, 0.08073592504728876, 0.07999578777524324, 0.08163742502460114, 0.08159294061268893, 0.07427423736384559, 0.07391081515984374, 0.06983602711439534, 0.08333333333333333], [0.07230279493414478, 0.0714592519401721, 0.07402847481720515, 0.07513151427751869, 0.08212751466419971, 0.08075529664366182, 0.07999178440433316, 0.08137772244259132, 0.08160393051292471, 0.07429695538494538, 0.07396874127999764, 0.06987299526625096, 0.08308302343205462], [0.07158503496518998, 0.07119226221999166, 0.07315044939380948, 0.07555946873948459, 0.08043391399827032, 0.0821149317103434, 0.08149152892213427, 0.08101792328300733, 0.0827134128496962, 0.07478982106041972, 0.07419345835015459, 0.06941646654341393, 0.0823413279640844], [0.0715834404538401, 0.07111028821552227, 0.07320975365179175, 0.07548795052917462, 0.08066908923738957, 0.0821261709865549, 0.0813807462361145, 0.08082117359225102, 0.0829366279107652, 0.07467695548364484, 0.07411411508743959, 0.0693138317864611, 0.08256985682905056], [0.07165988247825432, 0.07105929596394357, 0.07337638894952035, 0.07543221400554355, 0.08107820459618882, 0.08206725975727015, 0.08121033701251675, 0.08042872503430992, 0.0830480965347841, 0.07455760500461861, 0.07405330982047972, 0.06923649268018395, 0.08279218816238633], [0.07182774386694399, 0.07113473985918914, 0.07361482424850205, 0.0755486708196691, 0.0814750976365457, 0.0820927243943573, 0.08118289832119359, 0.07985930539670395, 0.08277074426711249, 0.07460908898398955, 0.0741531382148577, 0.06926980685005515, 0.08246121714088014], [0.07179871934147894, 0.07117776900104776, 0.07359245866456077, 0.07592528823370455, 0.08124952412482432, 0.08248929886414337, 0.08165723011416909, 0.07900406250517666, 0.08305391357363337, 0.07492199781319607, 0.07443000372739492, 0.0691823972672247, 0.0815173367694454], [0.07157125646457414, 0.07117276564495083, 0.07332413490445569, 0.07612620480597364, 0.08052368140736141, 0.0829716012879301, 0.08234054150577913, 0.07911546184071262, 0.08283206793244297, 0.07518518839629082, 0.0745765683679998, 0.06914241252672765, 0.08111811491480127], [0.0713914991896762, 0.07114384337474598, 0.07309263957597839, 0.07606567422189563, 0.08009129673918125, 0.08298051022258751, 0.08264121633771451, 0.07972253702945352, 0.08280641089567842, 0.07522289571672085, 0.07453442062399523, 0.06916228475185414, 0.08114477132051834], [0.07135475861284982, 0.071121664002336, 0.07298830587429533, 0.07586095045041495, 0.08003733139620414, 0.08265016423023011, 0.0823007092372664, 0.08038733936061163, 0.0831236266155107, 0.0750805336525012, 0.07438833175252951, 0.06922170236031361, 0.0814845824549365], [0.07149660641943398, 0.07114654470122467, 0.07306842684881684, 0.07563020317567484, 0.08034058125773927, 0.08231096696201261, 0.08171921255512553, 0.08079398072551243, 0.08296355387575227, 0.07485468440753179, 0.07423041743369678, 0.06933085285064149, 0.08211396878683737], [0.07154093161055747, 0.07109482442554563, 0.0731630577298569, 0.07554590091960504, 0.08062024171618196, 0.08228005250607529, 0.08153358019629518, 0.08068665787859106, 0.0829735965168122, 0.0747303295425762, 0.07415069150703014, 0.06927314676654511, 0.08240698868432784], [0.07154412574673485, 0.07100328211353817, 0.07324471826638754, 0.0755008906535376, 0.08092410356308104, 0.08232076999958036, 0.0814560445667486, 0.08031841158583769, 0.08333333333333333, 0.0746266265045388, 0.0740862403214656, 0.06914153922958664, 0.08249991411562971], [0.07161931212313875, 0.07103205573762714, 0.07334998532410597, 0.07552217095007085, 0.08109570101813697, 0.08229890045980587, 0.08140162939552752, 0.08014331159962462, 0.08314814328264541, 0.07462348908177804, 0.0741075951823768, 0.06916203688664484, 0.08249566895851727], [0.07163390117677391, 0.07106496202715153, 0.07336892039161287, 0.07565555767470658, 0.08108782457901573, 0.08252597896773274, 0.08159646847736905, 0.07984806359638481, 0.08293256649899221, 0.07473605304383717, 0.07421069372107664, 0.06915488283319282, 0.08218412701215404], [0.07146146048640874, 0.07106778748945979, 0.07310033274418848, 0.07571187406431662, 0.08052129460054797, 0.08270639218361302, 0.08192835076115973, 0.08022643007506262, 0.08299641391010126, 0.07487273381290395, 0.07425933587512182, 0.06917524569839792, 0.08197234829871823], [0.0713942035350005, 0.07104433010350934, 0.07308140921186469, 0.07585541843805044, 0.08039291697085595, 0.08306028750363253, 0.082