[[0.07061141080303153, 0.07460194962821223, 0.08024633557962149, 0.07355434155450256, 0.08178851133238083, 0.08154584050847115, 0.08102894477799362, 0.08142421586184588, 0.07578582784235878, 0.07478199899866604, 0.08275069636509036, 0.07064051718470855, 0.07123940956311689], [0.07063329106098283, 0.07451726659711723, 0.08006216202400847, 0.07359373440457721, 0.08209521991236829, 0.08162612560424051, 0.08087646908565875, 0.08130568536433545, 0.07568286374756808, 0.0746981130591778, 0.08297883625928218, 0.07064866877585822, 0.07128156410482515], [0.0707151946395285, 0.07445476914690652, 0.07984965751982417, 0.07367797374704346, 0.08246130206200394, 0.0816661830615009, 0.08068503923833042, 0.0811393647684087, 0.0755923920182644, 0.07463534765880443, 0.08302504660501372, 0.07071476295619841, 0.07138296657817232], [0.07080044419337951, 0.07442366326715492, 0.0797064240136521, 0.07377963554262758, 0.08275633158595642, 0.08170993607659204, 0.08056149525650018, 0.08103346830359363, 0.07554213158964056, 0.07460564062483999, 0.08280604139153029, 0.07078440235128272, 0.07149038580324998], [0.07093483667557662, 0.07440903733233195, 0.07953293963732287, 0.07391423980492409, 0.0830968999046695, 0.08168963208386174, 0.08039625561694799, 0.08087729745449493, 0.07549926192783943, 0.07459118009263976, 0.08251144384111343, 0.07090186890268575, 0.0716451067255921], [0.07099480463220088, 0.07438603214269245, 0.07943785882343626, 0.0740074399456294, 0.08333333333333333, 0.08171243616256224, 0.08031724799431442, 0.0808080514804923, 0.07546669278265583, 0.0745711545453208, 0.08228794720782467, 0.07094682344616168, 0.07173017750337571], [0.07112742261210904, 0.07440811524380672, 0.07937516766735368, 0.07421875605295064, 0.0829586599583459, 0.08182805994851736, 0.0802859311641772, 0.08079181970908296, 0.07548293607279162, 0.07460070549010664, 0.0819584565461484, 0.07105321473996255, 0.07191075479464734], [0.07129358353285235, 0.07444964066281969, 0.07929765539478724, 0.07444740937274315, 0.08259381820602203, 0.08185829725929018, 0.08022400544558261, 0.08073330739755917, 0.07551243026612652, 0.0746483188407963, 0.08162709760761758, 0.07119408865532213, 0.07212034735848123], [0.07136245662744453, 0.07446906987616916, 0.07929144973068464, 0.07463236982546542, 0.08223812631481986, 0.08196333384246146, 0.0802465479026608, 0.08076275208690299, 0.07554289099304108, 0.07467817258204722, 0.08133123775887148, 0.07123783664938148, 0.07224375581004978], [0.07143193963306753, 0.07446385329338667, 0.07922209874664604, 0.07486470587508325, 0.08238609142698208, 0.08194258288422653, 0.08019985871178291, 0.0807109524614596, 0.07555021278527531, 0.07468710964735857, 0.08087854262810473, 0.07127188959060123, 0.07239016231602556], [0.0714389039181028, 0.07446151727933371, 0.07915552597038442, 0.07507192517388592, 0.08290973552635722, 0.08182798251790187, 0.08014883314714454, 0.080643123773955, 0.07554624983435085, 0.07467562431699154, 0.0803951188586008, 0.0712424166972591, 0.07248304298573216], [0.07156885171132939, 0.074514794502266, 0.07903953505267151, 0.07530369792853697, 0.08319899734359043, 0.0815743223853125, 0.0800135152393622, 0.08047811930944, 0.07556923989169131, 0.07471279109501484, 0.0800135879760559, 0.07134403605138982, 0.0726685115133391], [0.07160653014159998, 0.07460109852451133, 0.07909236892893383, 0.07550609240649443, 0.08292737095720802, 0.08145888412012431, 0.0800608438129586, 0.08049298798038243, 0.07566500810666509, 0.0747930927485849, 0.0796697230358768, 0.07135868430966982, 0.07276731492699032], [0.07165340441232705, 0.0746911876779354, 0.07915075352778594, 0.07566300897972777, 0.08257441005803143, 0.0813445861935864, 0.08010501580310625, 0.08050481477852191, 0.07576341143308354, 0.07487969673125783, 0.07942527540316109, 0.07139142774087823, 0.07285300726059699], [0.07164484896983297, 0.07479921250444933, 0.07929298492206892, 0.07578906367966518, 0.08211470612737683, 0.08123165956337877, 0.0802293896606558, 0.08058321811051493, 0.07590275331396029, 0.07499038013555596, 0.0791664957616813, 0.07137348900338732, 0.07288179824747226], [0.07157750761885336, 0.07487363489756428, 0.07946759944056593, 0.07580888675995, 0.08174813585308285, 0.08117642212952257, 0.08039189145676272, 0.08070597133125423, 0.07601993107276425, 0.07507366965159887, 0.07901973941094881, 0.07130779971166903, 0.07282881066546286], [0.0715308630802507, 0.07500070267230091, 0.07968982771896604, 0.07585017003897807, 0.08124906731093876, 0.08101960924042885, 0.08057492412110627, 0.08081756249372367, 0.07619850114881703, 0.07521173256518755, 0.07879869759226253, 0.0712653225311391, 0.07279301948590053], [0.07140024052462463, 0.07511019202789591, 0.08001911699913732, 0.07575434108679856, 0.08073629263556474, 0.08090172246218964, 0.08086315045797972, 0.08101983493405598, 0.07638635501504452, 0.0753433535815962, 0.07866715441120498, 0.07115463237961059, 0.07264361348429722], [0.07072727333746709, 0.07477116074761532, 0.08036297955965226, 0.0735353391938391, 0.08146291310599124, 0.08125919924390564, 0.08103484328526511, 0.08135120461839651, 0.07593984620038274, 0.07494010356378686, 0.08253751241498529, 0.07078332260398479, 0.07129430212472826], [0.07071755127577793, 0.0746406918508619, 0.08014174103375912, 0.07356379513453842, 0.08183790097591012, 0.08139556647935832, 0.08087534228382133, 0.08124924371115685, 0.07579214967185177, 0.07481196765487992, 0.08290406268918823, 0.0707554425339685, 0.07131454470492776], [0.07072473724981684, 0.07457356340452832, 0.08001085316262443, 0.07358719073764332, 0.08205300895295753, 0.08144800483299824, 0.08077075406612964, 0.08116992651454343, 0.07571318564442034, 0.07474576719006057, 0.08311310193571905, 0.07075239955744932, 0.07133750675110892], [0.07076552382832796, 0.07446590744022608, 0.07979810183317627, 0.07369527984347313, 0.08251001850256083, 0.08160833805897222, 0.08061982332275107, 0.08106834225337599, 0.07558965088092101, 0.07464358155596637, 0.08304428152285535, 0.07076621060250937, 0.07142494035488424], [0.0706985863865497, 0.0745341817880525, 0.07998458498998064, 0.07359750583057861, 0.08214153002600014, 0.08151887533246409, 0.08076920153187733, 0.08118502140754398, 0.07567819040135687, 0.07470944189074284, 0.0831360585738888, 0.07071895395839492, 0.07132786788256942], [0.0708861716527538, 0.07444004909634125, 0.07962541056315048, 0.07382562247994122, 0.08285534689560113, 0.08163464439596499, 0.0804657971749142, 0.08093180469235006, 0.07553785681849721, 0.0746186571950643, 0.08274060638659447, 0.07086884439076228, 0.0715691882580646], [0.07101987049278662, 0.07445018779705218, 0.0794903346497026, 0.07393426561561574, 0.08304512375556045, 0.08157393173610189, 0.08032628503179912, 0.08079297181296329, 0.07552011607442635, 0.07462689212392042, 0.08251797205220615, 0.07099252060003797, 0.07170952825782713], [0.0710465841232714, 0.07440268161644134, 0.07940991512518483, 0.07404653500507691, 0.0832691820911458, 0.08168686062257692, 0.08028472824069004, 0.08077323241251592, 0.07547453828629308, 0.07458688389900404, 0.08224062833234627, 0.07099653810557655, 0.07178169213987706], [0.07126599309888203, 0.07445736148924181, 0.07927751075823136, 0.0742521875410674, 0.0830553667876448, 0.08161423529677281, 0.08014697718364602, 0.08063189752116694, 0.07549632894373226, 0.07464119176778981, 0.08194350066618872, 0.07119859202053354, 0.0720188569251023], [0.07140840336340169, 0.0744837457418169, 0.07920897929839141, 0.07447993377305323, 0.08271384980544612, 0.08167934861798998, 0.0801037882500901, 0.08059744919496856, 0.07551664572801987, 0.07467559260510666, 0.08160633851615721, 0.07131284506060154, 0.07221308004495683], [0.07145656710229893, 0.07449591225847034, 0.07921019637119518, 0.0746221781426209, 0.08239792860736429, 0.08177794892787266, 0.08013054569986884, 0.08063215822793834, 0.07553871727149951, 0.07469615942852961, 0.08139560891986435, 0.07134105948966135, 0.07230501955281565], [0.07153202296194658, 0.07452248007113942, 0.07919938227958312, 0.07478510442179459, 0.08207918611014413, 0.0818249967589457, 0.08013674718872991, 0.08063957615628062, 0.07557111427749313, 0.07473061442659931, 0.0811593267021772, 0.07139616064136599, 0.07242328800380048], [0.07155969845716625, 0.07450714837179932, 0.07914949644396886, 0.07491401592065665, 0.08228600802960313, 0.08180283522087908, 0.08010061790280207, 0.08060073798953718, 0.07556405024597167, 0.07472393467273872, 0.08089081675297458, 0.07140223095033423, 0.07249840904156844], [0.07158301570561955, 0.07450619936304081, 0.07911102665236912, 0.07499638402214774, 0.08244957864313227, 0.08175943591289701, 0.08006636161282865, 0.08056176152072736, 0.07556020856745338, 0.07472167277426824, 0.0807218703415018, 0.07141233154623396, 0.07255015333778012], [0.07162993092031567, 0.07451967615531692, 0.0790528535559251, 0.07511727222312722, 0.08265320845544807, 0.08166996882587088, 0.0800084644597599, 0.080493909782437, 0.07556077525106794, 0.0747265289806319, 0.08049180456781785, 0.07144151753711162, 0.07263408928516987], [0.07160819539437005, 0.07451552535608066, 0.07903780264383216, 0.07520883156315901, 0.08291481079986619, 0.08162918295331043, 0.08000307815886254, 0.08048042506541224, 0.07556029211415735, 0.07471746711412197, 0.080264867684987, 0.07140200358712086, 0.07265751756471966], [0.07183889381268987, 0.07462564243829838, 0.0788977220166163, 0.07554548229524793, 0.08291560837849955, 0.08130393387046804, 0.07982994054990877, 0.08026716030334019, 0.07562351868759623, 0.07480543229795293, 0.07979625269226803, 0.07159748235685727, 0.07295293030025639], [0.0718342780266088, 0.07467993165794316, 0.07894702310187418, 0.07569388891502422, 0.08279243285234511, 0.08123315282801855, 0.07987820569179166, 0.08029123995977763, 0.07569157738675367, 0.07485612038033183, 0.07952589767953397, 0.07157366555500501, 0.07300258596499226], [0.07147619851282903, 0.07448617293219474, 0.07909055703346485, 0.07526123520022997, 0.08333333333333333, 0.08163849501604525, 0.08007914516855316, 0.08054701634819193, 0.07556183124338457, 0.07468879973323742, 0.07999960727804699, 0.07125105647587582, 0.07258655172461287], [0.07189818167814423, 0.07475536418612559, 0.07896255112941811, 0.07584701574458204, 0.08254884117240867, 0.08111766231726482, 0.07987810795694987, 0.08026500084673277, 0.07576535549026271, 0.07492603333650791, 0.0793110296527005, 0.0716232486943308, 0.073101607794572], [0.07193067776858483, 0.07486892062843356, 0.07905137851138812, 0.07602835225532184, 0.08214374447282409, 0.08097558448993862, 0.07994354708740518, 0.08028576781279881, 0.07589675883745195, 0.07503730111360991, 0.07901572029267843, 0.07163994225169668, 0.07318230447786792], [0.07186919254266341, 0.07491282595620054, 0.0791677515243872, 0.07604720204381328, 0.081927549919247, 0.08096027641093229, 0.08005490679671308, 0.08037360754745218, 0.07597190670489343, 0.07508707410826332, 0.07891294915627234, 0.07157763808050165, 0.07313711920866015], [0.07180515747167895, 0.07501050050236337, 0.07935425265061301, 0.07609206239989226, 0.08152236936511761, 0.08087291717156112, 0.08021714246814836, 0.0804848607855889, 0.07611660189980195, 0.07519376355975538, 0.078723531450595, 0.07151401753344257, 0.07309282274144147], [0.0718410799804177, 0.07515183887827917, 0.0794916565302129, 0.07621638451791357, 0.0810936768023326, 0.08066370414125881, 0.08027968913774411, 0.08048022004049776, 0.07628365441199746, 0.07533776650229257, 0.07846494038092203, 0.0715461615827528, 0.07314922709337847], [0.07164864987806045, 0.07517124916618363, 0.0797677917684351, 0.07604101984507008, 0.0808399762642884, 0.08071805067851882, 0.080550565722593, 0.08071315906347268, 0.07637599920968503, 0.07537922855036257, 0.07848579516175573, 0.07137484325181652, 0.07293367143975799], [0.07084802179619552, 0.07481440351298674, 0.08024700359918868, 0.07355989856483487, 0.08150676967151206, 0.08113302643391179, 0.08087551033776255, 0.08117819603333813, 0.07594852407797742, 0.07497460852033574, 0.08261688666817206, 0.07091176708019747, 0.07138538370358695], [0.07085017211419352, 0.0746285985014516, 0.07992154569240291, 0.07361589367915804, 0.08205134190838924, 0.08129405468975073, 0.08063629203478694, 0.08101440552881113, 0.07573580516791467, 0.07479235842275388, 0.08314100400101924, 0.07088604565294966, 0.0714324826064185], [0.07083982139594204, 0.07469044858043328, 0.08004234333077065, 0.07358968427117009, 0.08185499940037307, 0.08124964032387441, 0.08073078436552768, 0.0810854231104721, 0.07580881968342261, 0.07485318001968565, 0.08296244052190455, 0.07088576460852673, 0.0714066503878972], [0.07077490004738222, 0.07453593169356176, 0.07986776995083668, 0.07361656370263545, 0.08223278291068256, 0.08142109990333683, 0.08063060986137478, 0.08103991517989646, 0.07565410987908465, 0.07470594789219129, 0.08333333333333333, 0.07079675052650816, 0.0713902851191758], [0.07093541553941643, 0.0745770333293319, 0.0797392462449169, 0.07370684772246236, 0.08235074073368473, 0.08133297888967028, 0.08048206740617646, 0.08088688908851784, 0.07565931030983562, 0.07474117928519396, 0.08309498116788028, 0.07095547306899208, 0.07153783721392133], [0.0710061484969793, 0.07452330538204514, 0.0795940830610211, 0.07382512055361289, 0.08268533301562546, 0.08142763490960875, 0.08037809858927147, 0.08081285688710209, 0.07559150001337539, 0.0746917081443554, 0.08281504857579786, 0.07100440433086644, 0.07164475804033868], [0.0708856588805552, 0.07452394817493402, 0.07972715175792447, 0.0737191998108843, 0.08248140586992463, 0.0814411208336667, 0.08050442176469208, 0.08092990534437511, 0.07561749640812723, 0.07469337330742436, 0.08306717324928746, 0.07089521123326412, 0.07151393336494026], [0.07114365457874894, 0.0745192909558168, 0.07944596489965423, 0.07396386616367807, 0.082888276979289, 0.08141852330788704, 0.08024241944160963, 0.08068817940331631, 0.07556157404565615, 0.07468820845442205, 0.0825124117363329, 0.07112541219732806, 0.07180221783626081], [0.07123160075811527, 0.07452309112460373, 0.07936523732906432, 0.07405624979145015, 0.0829417359017593, 0.08140965120487959, 0.08016841363127088, 0.08061913503937568, 0.07555078687905875, 0.07469272184407796, 0.08233484921282383, 0.07120276543953072, 0.07190376184398979], [0.07125851321347709, 0.0745020373085882, 0.079314762601068, 0.07412007833883286, 0.0830576529738851, 0.08144653133841658, 0.08013506624118154, 0.08059530497105506, 0.07552772605336666, 0.07467496867086561, 0.08219677343161326, 0.07121794909094958, 0.07195263576670045], [0.07134902484185028, 0.07448870354118507, 0.07919963531882981, 0.07422879126407776, 0.08333333333333334, 0.0814072981751768, 0.08002758926548027, 0.08049167554195152, 0.0754984060511381, 0.07466349698496717, 0.08195342420407144, 0.07129320215109092, 0.07206541932684761], [0.07147502473316701, 0.07451014133028315, 0.07914747282714248, 0.07444120753594256, 0.08293012381399935, 0.08149821595508622, 0.08000536504319584, 0.08048198564606339, 0.07551661481695247, 0.07469305105806934, 0.08166646357007193, 0.07139209641489117, 0.07224223725513501], [0.07153086884023407, 0.07452209188731093, 0.07912768205132072, 0.07454095771713676, 0.08274193798159929, 0.08153380999697614, 0.07999792614885909, 0.08047856821121997, 0.0755283553961288, 0.07470905559285704, 0.08153089042311383, 0.07143528858039537, 0.07232256717284793], [0.07154439108763991, 0.07452367877266987, 0.07912934188381077, 0.07459169157929978, 0.0826274980083393, 0.08157538388345648, 0.08001034957076208, 0.08049486515846555, 0.07553434001155518, 0.074713929340705, 0.08146022246085843, 0.07144117981329674, 0.07235312842914095], [0.07163898142558178, 0.07455068801302234, 0.07910020742354526, 0.07475910248116552, 0.08232220247941653, 0.08160598442415515, 0.07999599558216024, 0.08048229434948767, 0.07556142221183505, 0.07474760767513436, 0.0812325496861976, 0.07151545959169607, 0.07248750465660239], [0.07171595389278743, 0.07457758480630575, 0.07908616085012125, 0.0749172552598547, 0.0820234905406347, 0.08163331368552544, 0.07999562990883635, 0.08048164236015538, 0.07559267916887476, 0.07478178770320852, 0.08101655011979565, 0.07157292908908403, 0.0726050226148159], [0.07173683843063026, 0.07456429143799423, 0.07904550354830818, 0.07501438426013625, 0.08219582710517791, 0.08161110553995651, 0.07996471337618202, 0.08044864043218736, 0.0755851918903623, 0.07477496115114982, 0.08081922550302044, 0.07157728329706563, 0.07266203402782904], [0.07185092271926828, 0.07459655320797745, 0.0789326649545802, 0.07523076058782587, 0.082449957053077, 0.08145441946606401, 0.07984896725005118, 0.08031713120232682, 0.07558889510461902, 0.07479208871497464, 0.08044226303118442, 0.07166195032586853, 0.0728334263821824], [0.07195903138313506, 0.07463957986365048, 0.07884505365856184, 0.07542710753304051, 0.08258549112436034, 0.08129706007277206, 0.07975272800891486, 0.08020281897381441, 0.07560708293556387, 0.07482157363069673, 0.08012700065639525, 0.07174533231193841, 0.07299013984715619], [0.07191851923977897, 0.07464911743958037, 0.07885343771242839, 0.07557640604520581, 0.08281652899865627, 0.08124637134267806, 0.07977309391657827, 0.08020767107208249, 0.0756285813731356, 0.07482510775547567, 0.07980566000752368, 0.07167804945582804, 0.07302145564104853], [0.07179322745034673, 0.07458759610432203, 0.07892107584010054, 0.07540512107183053, 0.08288360572890124, 0.08140593476553504, 0.07985872436317751, 0.0803132190326045, 0.0755917171618227, 0.07477469892510538, 0.08002933127297707, 0.07156966654854473, 0.07286608173473193], [0.07181217569417013, 0.07458362022290546, 0.078934277345286, 0.07528280900605484, 0.082634805204355, 0.08146086905851115, 0.07986283628335494, 0.08032902133615505, 0.07558332555323795, 0.0747768197756488, 0.0802998726916788, 0.07161057781878317, 0.07282899000985872], [0.07172626156084683, 0.07455404996358032, 0.07902063528382297, 0.07509700233937973, 0.08241028890025075, 0.08160151375242794, 0.07995249376980801, 0.08043447378605086, 0.07557532101962819, 0.07476031383368402, 0.08062636692662248, 0.07155020845246429, 0.07269107041143363], [0.07181060703287463, 0.07459013910429663, 0.07891543408862384, 0.07538526380424972, 0.08281983965276886, 0.08140801692677578, 0.0798493464478858, 0.08030598737985907, 0.0755900806038933, 0.07477779034048634, 0.0800856747011087, 0.07159162502964936, 0.07287019488752804], [0.07160665247803691, 0.07451925551673279, 0.07902692761507683, 0.07526289807732095, 0.08303819302586883, 0.08159086360184963, 0.07999407810797737, 0.08046499320908032, 0.07556433989074539, 0.07471827708475179, 0.08014359699053383, 0.07139129674950419, 0.07267862765252113], [0.0719204241022292, 0.07467798312372455, 0.07886779764733316, 0.07567840067132858, 0.0828050458242882, 0.08119396655103978, 0.07978717972377111, 0.08020749091377925, 0.07566281707185142, 0.07485043830843684, 0.07962168666399617, 0.07166590999535559, 0.07306085940286605], [0.07195712222363719, 0.07473182986504424, 0.0788817371182852, 0.07580843705357557, 0.08266199348743389, 0.0811096691321681, 0.07979279542551523, 0.08019303344748686, 0.07571777486603291, 0.07489959188021574, 0.07942398278574457, 0.07168840505274782, 0.07313362766211255], [0.07199876334538648, 0.07480746986831611, 0.07891608880017816, 0.07596066800545609, 0.0824196186059805, 0.08100367417092869, 0.07981295637303963, 0.08018520709867683, 0.07579844899166278, 0.0749709038254042, 0.07919570062848495, 0.0717150489570566, 0.07321545132942894], [0.07203918845913136, 0.07487365486274847, 0.0789430799093699, 0.0760791834760115, 0.08220686524148636, 0.08090786634489894, 0.0798241345921817, 0.08017190509846994, 0.07586788610642724, 0.07503388635808762, 0.07902348286138665, 0.07174509018170222, 0.07328377650809813], [0.07199660129317971, 0.07495682414510473, 0.07907532639756142, 0.07616857326644223, 0.08188016734406492, 0.08083617469373372, 0.07994056147576475, 0.08024972800251286, 0.0759853624344838, 0.07512119109280442, 0.07881896844621193, 0.07169545979469481, 0.07327506161344052], [0.07199426990955272, 0.07507965179773286, 0.07921041427869385, 0.07628773071306308, 0.08146230695708431, 0.08068730245648417, 0.08003852352563101, 0.08029192927347784, 0.07614029990885425, 0.07524753557645016, 0.07857024569092723, 0.07168710971958121, 0.07330268019246748], [0.07197125599316857, 0.07516223616144595, 0.07934904528213431, 0.0763341889173701, 0.08117459591755286, 0.08058801693541622, 0.08012325137633561, 0.0803341533637853, 0.07625209327229547, 0.07533538866199767, 0.07841949613208404, 0.07166434069587624, 0.07329193729053765], [0.07190051086466304, 0.07526080122547964, 0.07958237716718394, 0.07632875639366099, 0.0808078673832885, 0.08048148871273418, 0.0802744313031535, 0.08042545859503787, 0.07640144036141705, 0.0754459523072646, 0.07826647620521567, 0.07160130652263028, 0.07322313295827057], [0.07165510100064523, 0.07526523777892709, 0.07991029208526297, 0.07607789463003031, 0.08056115506590136, 0.08057248000771065, 0.08060672946587047, 0.0807148997575457, 0.07649461870548445, 0.07547853039611717, 0.07833745699061904, 0.07138477178561892, 0.07294083233026659], [0.07184711530621972, 0.07459813691115597, 0.07896203969540537, 0.07513972073037485, 0.08226430658890063, 0.08148454973346807, 0.07986984802421641, 0.0803423278358459, 0.07559357331717718, 0.07479953614257395, 0.0806329255872244, 0.07167447475643922, 0.07279144537099828], [0.07185064680090579, 0.07461828259245476, 0.07900465911838811, 0.07501668198424034, 0.08198119941101346, 0.08149524064042704, 0.07989434960083987, 0.08036816251296608, 0.07560943298651678, 0.07481989173950122, 0.08090028123688522, 0.07170186932535906, 0.07273930205050222], [0.07176511492842216, 0.07459133377166392, 0.07902553667218369, 0.07483707627304641, 0.08228017866172688, 0.08147435115366986, 0.07990040313680676, 0.08037498617415588, 0.0755776653399583, 0.0747845765463931, 0.08114316743820937, 0.07163903295553574, 0.07260657694822822], [0.07173300928310351, 0.07458307723050829, 0.07903001856324374, 0.07475512319692627, 0.08243883947228894, 0.0814417263262393, 0.0798938661259774, 0.08036611499177077, 0.07556524980272072, 0.07477190990229554, 0.0812524841831954, 0.0716181036766648, 0.07255047724506535], [0.07165693310317259, 0.07456593423733786, 0.07905391392861986, 0.07460549571773427, 0.08271149538747069, 0.08139697566541891, 0.07990023662779379, 0.08036814683301458, 0.07554607722503691, 0.07474810805279769, 0.08144979040593035, 0.07156147792213374, 0.07243541489353876], [0.07152843541449659, 0.07454565429793954, 0.07911014898504021, 0.07437974449283008, 0.08309090342129286, 0.0813225837593987, 0.07992727206513435, 0.08038464490659884, 0.07552800417716916, 0.0747188140864236, 0.0817504850825454, 0.07146242733333835, 0.07225088197779231], [0.07147460274325544, 0.07454784228148859, 0.07915008556673159, 0.07428240586630565, 0.08316627939082082, 0.08128683480031594, 0.0799512152247149, 0.0804013669171683, 0.07553238977937152, 0.07471697099994784, 0.08189645438172564, 0.07142262992603794, 0.07217092212211579], [0.07143192100576677, 0.0745080832011999, 0.07917221175965633, 0.0752873529775494, 0.08311204506968356, 0.08168166348297595, 0.08017103818807932, 0.08063309031310197, 0.07560406691291607, 0.07471367429952827, 0.07992088463318181, 0.07120282108441243, 0.07256114707194829], [0.07172418349614115, 0.07467918246523826, 0.07905853507129011, 0.07567178936417471, 0.08270918690055724, 0.08130501960082726, 0.08000463124811516, 0.08041213840653798, 0.07572544098724826, 0.07486236471443805, 0.07947375149886159, 0.07146246524525174, 0.07291131100131851], [0.07184068349163844, 0.07480564039105199, 0.07907816873036519, 0.07590364046205897, 0.08230505202565046, 0.08110016661532816, 0.07999213595633108, 0.08035509499775666, 0.07584658967228802, 0.07498044020834495, 0.07915891759488745, 0.07155962536443469, 0.0730738444898641], [0.07140137608033292, 0.07455156525679246, 0.07922353809288375, 0.0741880009510016, 0.08308671328421814, 0.08129613100951946, 0.08001536513703514, 0.0804609672141454, 0.07554626480004478, 0.07471854051693773, 0.08207152840227513, 0.07136213009168317, 0.07207787916313028], [0.0713514357622955, 0.07457253022725394, 0.07930098406509098, 0.07410812950461296, 0.08289743873868045, 0.08128798572597985, 0.08007813716487464, 0.08051554956471614, 0.07557470039149876, 0.07473671742986013, 0.08224535752491742, 0.07132551016996284, 0.07200552373025652], [0.07127382063694004, 0.07459245179299166, 0.07940254917779423, 0.07400176826282796, 0.08271870957611761, 0.08127178176118222, 0.08016092812181821, 0.08058660391359676, 0.07560703521796654, 0.07475382838122976, 0.08246407244290746, 0.071264080144916, 0.07190237056971158], [0.07121096447708745, 0.07462365853511556, 0.07950221588329612, 0.0739013624397092, 0.08254414407119305, 0.08122205512940134, 0.08023357914961375, 0.08064159366381712, 0.07564824827250352, 0.07478151554910795, 0.0826612992288593, 0.07121831438576529, 0.07181104921453042], [0.07113767998794576, 0.0746500343958041, 0.07961216494373234, 0.07380894869550143, 0.08236274331646143, 0.08118839147600859, 0.08032062198177224, 0.0807116367780315, 0.07568919139971265, 0.07480598556478645, 0.08283669555345338, 0.07115954142572438, 0.07171636448106601], [0.07108924207806902, 0.07465692749907529, 0.07967420290392306, 0.07376276529331141, 0.08227788881402738, 0.08118546738866288, 0.08037515087671693, 0.08075911818680066, 0.07570670516173872, 0.07481294904022699, 0.08292117770268068, 0.07111696519226825, 0.07166143986249876], [0.07102960338330225, 0.0746781921251253, 0.07977212631962849, 0.07370174750115754, 0.08212999544449374, 0.08116938560119888, 0.08045772866901163, 0.08082791398810747, 0.07574274670129721, 0.0748340066475914, 0.08299947307475049, 0.07106652247048514, 0.07159055807385033], [0.07099230443072882, 0.07471708471256765, 0.07987697374692164, 0.07365580082177603, 0.08196317997243666, 0.08113926821866702, 0.08054139413440757, 0.08089331663835363, 0.07579437780643518, 0.07487222021392166, 0.08297531657335956, 0.07103887356961322, 0.07153988916081137], [0.07102186482885937, 0.07482154006623923, 0.08000469845638325, 0.07362939570167625, 0.08169435239820744, 0.08102622748310427, 0.08061447910104676, 0.08092661053384394, 0.07590236747932948, 0.07497218262660882, 0.08276369624088267, 0.07108530876491027, 0.07153727631890823], [0.07102851252774535, 0.07491617439815655, 0.08015058600237833, 0.07360351160648236, 0.08143848221642976, 0.08093488258537038, 0.08070977598956149, 0.08098172775917846, 0.0760077423067863, 0.0750644290171984, 0.08253802559721043, 0.0711061817706793, 0.07151996822282289], [0.07092870630213007, 0.07478947027104355, 0.08008266102574829, 0.07359659013707066, 0.08167837351828801, 0.0811057082049309, 0.08071443100698247, 0.08103319177272658, 0.07589397775345057, 0.07494538710553914, 0.08278164645390716, 0.070988805869561, 0.0714610505786216], [0.07180791982684046, 0.07464093897624935, 0.07893393423001459, 0.07560505020246708, 0.08291131590467202, 0.08129049762356359, 0.07987074944624703, 0.08029788306322923, 0.07565145420927129, 0.07482018487075535, 0.07966110769299523, 0.07155671879495192, 0.07295224515874303], [0.0716421898516703, 0.07456411146983903, 0.07901298065156442, 0.07543522802775396, 0.08311954739683673, 0.08146337214548958, 0.0799760289823173, 0.0804231974155841, 0.07560735884467637, 0.07475497624517695, 0.07982703375160853, 0.07140374661559726, 0.07277022860188549], [0.0715719478135709, 0.07472195461360005, 0.07928338133288317, 0.07565937276793201, 0.08233297417631846, 0.08137087577284842, 0.0802436788513484, 0.08062735218188073, 0.07582907780732981, 0.07491773263101237, 0.07934514257132222, 0.0713103738817514, 0.07278613559820217], [0.07152974474915734, 0.07460889765857182, 0.07918914694989376, 0.07548991230523215, 0.08277697762672395, 0.08151713014134478, 0.08016925559267998, 0.0805967573775534, 0.0756997807753451, 0.07480665463576852, 0.07963139029556292, 0.07128209592939957, 0.07270225596276676], [0.07143798955019476, 0.07445899565506388, 0.07917812294359153, 0.07499220422635544, 0.08270569287165208, 0.08188215057635084, 0.0801670001446713, 0.08066945200839412, 0.07554491171747821, 0.07467787309164049, 0.08058129653743121, 0.07125532174378511, 0.07244898893339102], [0.07139603076132313, 0.07446325647968972, 0.07916638935748734, 0.07516716029046051, 0.08317921277027103, 0.08177319294665542, 0.08017006690679836, 0.08065074525906343, 0.07555970345261946, 0.07467379276841303, 0.08012829910059291, 0.0711808874496893, 0.07249126245693614], [0.07155926596867428, 0.07479716202950103, 0.07939368196714203, 0.07572938451718346, 0.08201205337164676, 0.08128813239328399, 0.08034006359755112, 0.08068949970960919, 0.07592877679557798, 0.07499615153955719, 0.07917805614098072, 0.07129367491256791, 0.07279409705672436], [0.07148976471980242, 0.07490172741284432, 0.07961596793042515, 0.07575594375181839, 0.08153386282567902, 0.08118359905352, 0.08053988067009897, 0.08083174925688946, 0.0760858773273882, 0.07511194885733595, 0.07898382734810862, 0.07122755931237108, 0.07273829153371848], [0.0718549104841283, 0.07538945824255694, 0.07983591661275662, 0.07632818947930885, 0.08039136506451358, 0.08031559407294839, 0.08040997282300391, 0.08048340192287126, 0.07658213166348461, 0.07558747413227271, 0.07808350707552353, 0.0715661877826141, 0.07317189064401713], [0.07196949719040555, 0.07534964339837008, 0.0796273682317436, 0.07643434557246362, 0.0806018509197499, 0.08032669723571795, 0.08023895496286597, 0.08035329338590479, 0.07649020983359836, 0.07553217080519034, 0.07810624244859242, 0.07166547807760228, 0.07330424793779529], [0.07032824588583464, 0.07434559405489363, 0.08034261940146113, 0.07390651225762643, 0.08143831912148822, 0.08283219648661932, 0.08149102808295994, 0.08211829342125186, 0.07565615911687715, 0.07458322460549696, 0.08149097869793899, 0.07025581956574221, 0.07121100930180957], [0.07040453145582311, 0.07432465165086254, 0.08017619475673947, 0.07387359533439294, 0.0818149341773453, 0.08272146377676211, 0.08126847671653677, 0.08186741100931913, 0.07559446619312281, 0.07455135774136813, 0.08180757417495924, 0.0703399989910003, 0.071255344021768], [0.07049676641924554, 0.07430432445182682, 0.08002369622039955, 0.07397226595004475, 0.08196301966210817, 0.08279091323268038, 0.0811098327558073, 0.08170555624215928, 0.0755522693367618, 0.074531095658124, 0.08176639340799886, 0.0704190350845735, 0.07136483157827019], [0.07060749309089434, 0.07430432146307532, 0.07988257217939253, 0.07405189054635311, 0.08213869359522752, 0.0827069295700653, 0.08094760995438254, 0.08153161036317941, 0.07552425868924294, 0.07452796922471511, 0.08177635397188597, 0.07052267637163921, 0.07147762097994675], [0.07073316000915075, 0.07432288014240225, 0.07978753635957102, 0.07425128010369433, 0.08197480461922421, 0.08278266962183856, 0.08086539829410999, 0.08144790323924993, 0.07553484519869066, 0.0745532621278139, 0.08147451237751877, 0.07062403912961748, 0.07164770877711814], [0.07078757893312461, 0.074335735103918, 0.07976024131424467, 0.07440214929513009, 0.08189627164611632, 0.08281809783740184, 0.08085494378860686, 0.08143340137041863, 0.07555629706853813, 0.07457492222520916, 0.08117568724910514, 0.07065785634752855, 0.07174681782065796], [0.0706804481996754, 0.07433200124629737, 0.0798878376371184, 0.07445843263480849, 0.08188329567345887, 0.08289069352728082, 0.08102498204294838, 0.08160270258847716, 0.07560189383266569, 0.07458646389660067, 0.08082414770552236, 0.07053551910541384, 0.0716915819097327], [0.07047656182735182, 0.07438701177957273, 0.08025567660976927, 0.07433719610564407, 0.0813573388522473, 0.08282093704886832, 0.08145026714223624, 0.08204096147239825, 0.07572674546388643, 0.07465133934371088, 0.08066308343808057, 0.07034571246772676, 0.07148716844850744], [0.07034124153427926, 0.07441369489523209, 0.08049236663983142, 0.07410972710564495, 0.08094976748991119, 0.08276024679283821, 0.08171046771728357, 0.08234752733097057, 0.07577211988272879, 0.07467068844712045, 0.08089537736141757, 0.07024244895381523, 0.07129432584892667], [0.070292251516291, 0.07439676869040446, 0.08051442462472114, 0.07397386880383218, 0.08104461621899794, 0.08274720950236253, 0.08171509680057462, 0.08236394487863216, 0.07574569311417091, 0.07464538016321735, 0.08114322172771396, 0.07021139930210439, 0.07120612465697718], [0.07037301865845866, 0.07433346959892748, 0.08027468722123302, 0.0740346130864147, 0.08133739218309136, 0.08305071905557136, 0.08144510521994462, 0.0820764829729922, 0.07564745933328655, 0.07457858793511905, 0.08127091665279937, 0.07028077977117707, 0.07129676831098451], [0.07037683307974389, 0.0743219266962354, 0.08022941335809279, 0.07394364651588087, 0.08158270543507204, 0.08291767030369135, 0.08136469597729769, 0.08198483724398689, 0.07561508555894375, 0.07455788850590728, 0.08154242192357306, 0.07029876420256893, 0.07126411119900623], [0.07052872617736214, 0.0743022603103464, 0.08000855793488879, 0.07414267948458032, 0.08165595766719178, 0.08311963504509777, 0.08113724622747696, 0.08174507246043577, 0.07556850043298935, 0.07454176487249427, 0.08136781797823732, 0.07042434211592796, 0.07145743929297123], [0.0705076723403369, 0.07431640480548155, 0.08007385489091316, 0.07425362283353834, 0.081526155516887, 0.08317837213513467, 0.08123745997756024, 0.08184436270590605, 0.07561352639538592, 0.07456848586368124, 0.08100969244072573, 0.07038529443524377, 0.07148509565920551], [0.07046917863149767, 0.0743031807702694, 0.08009219215832586, 0.07416391884456852, 0.08142309592369684, 0.08333333333333333, 0.08125024866150266, 0.08186552325650744, 0.07559633063918295, 0.07455044624015791, 0.0811718788322928, 0.07035807964602966, 0.07142259306263497], [0.0704319024140259, 0.07434948681033607, 0.08024002318732812, 0.07420529852692577, 0.0813078275151743, 0.08304813375617792, 0.08142868321377413, 0.08204599183841663, 0.07567486230619139, 0.07460513714307317, 0.08093981515232915, 0.07031647174687178, 0.07140636638937559], [0.07050961685944278, 0.07429973780352131, 0.08001788331914862, 0.07406950643187808, 0.08178342357713891, 0.0829972375106835, 0.08113246939850204, 0.08173855436509836, 0.07555957279131399, 0.07453425207299764, 0.08152750545899781, 0.07041600959541293, 0.07141423081586416], [0.07069272169106587, 0.07432622280934638, 0.07985803369356415, 0.07431236469115063, 0.08173405767963174, 0.08296359646854205, 0.08096758825131083, 0.08155754639602365, 0.07556507667979008, 0.07456604566433937, 0.08124253098458988, 0.07057174887300952, 0.07164246611763572], [0.07063960187891963, 0.07431946424184396, 0.0799143557101352, 0.07436931913874895, 0.0817805347757793, 0.08301211766409416, 0.08105155083577997, 0.08164112887755492, 0.07558688470216898, 0.074569480667251, 0.08098227454777035, 0.07050576575646551, 0.07162752120348792], [0.07055151446794027, 0.07437188006066597, 0.08012731764086065, 0.07441741262642755, 0.08155925154400138, 0.08283385834014725, 0.08130336502971944, 0.08188181583005542, 0.07569302418312046, 0.07463591621074245, 0.08063854332976315, 0.07041029115906394, 0.07157580957749199], [0.07066524732350804, 0.07435782206696691, 0.07995442308666817, 0.07451760891297729, 0.08183331583884144, 0.08278702716030674, 0.08110353168007606, 0.08166926577353711, 0.07564924592170995, 0.07461965056702556, 0.08062953109183194, 0.07051250289468554, 0.07170082768186523], [0.07064455206610835, 0.07431066319784746, 0.07987438352146223, 0.07419170119225421, 0.08188312448020622, 0.08290451530770922, 0.08097000602022893, 0.08156250094925131, 0.07554312670050295, 0.07454376244352265, 0.08147186528752773, 0.07053925862726007, 0.0715605402061185], [0.07076431024754246, 0.07432941382178317, 0.07977870969055403, 0.07444645567851788, 0.08196059553012738, 0.08283820875655847, 0.08088784459709764, 0.08146492983772739, 0.0755649665006766, 0.07457472770769849, 0.08101587169593202, 0.07062546968891499, 0.07174849624686942], [0.07077759622676467, 0.07433933036597208, 0.07978079106890958, 0.07454762023999006, 0.08206472533127646, 0.08274922493534126, 0.08089913289274554, 0.08146426336599763, 0.07558911788470475, 0.07459272811059706, 0.08077388498248994, 0.07062398711470853, 0.07179759748050249], [0.07016809948571347, 0.07458107139317341, 0.08103459260600467, 0.07368345696039096, 0.08061589489397282, 0.08195781285907686, 0.08217870708950374, 0.08273402751210483, 0.07596637985373372, 0.07481786855808603, 0.08113911989920095, 0.07014492376105363, 0.0709780451279849], [0.0701602647690133, 0.0745373184230019, 0.08097686054142358, 0.07378831933620877, 0.08056131637811714, 0.08211485123253327, 0.08219516068499524, 0.08284548269818952, 0.07593631656316531, 0.07478441060449935, 0.08096474429211069, 0.07011505060063618, 0.07101990387610568], [0.07023956790768882, 0.07453684549543126, 0.08088306792682101, 0.07402825952177655, 0.08042668797211514, 0.08223428662554119, 0.08215014824943531, 0.08280028722347975, 0.07594949189513826, 0.07479923912137078, 0.0806188866542887, 0.07015939786367699, 0.07117383354323618], [0.0703387716708343, 0.07463827140126618, 0.08093108444354771, 0.07427997851700724, 0.08039010096631626, 0.08194200547051747, 0.0821776341602589, 0.08263893445663098, 0.07608146874727695, 0.0749174393409682, 0.08009707484166563, 0.07023234283051628, 0.07133489315319369], [0.07046215970686473, 0.07503386059727937, 0.08151326431850499, 0.07441356070930413, 0.07951613953448956, 0.08104505181937653, 0.08256044631773989, 0.08240211000513185, 0.07654974560387856, 0.07532481525980407, 0.07936899617387927, 0.07037524318035032, 0.07143460677339698], [0.07040163395522055, 0.07521961947237679, 0.08208775178154194, 0.07411844300008959, 0.07890254203471912, 0.08066346312974673, 0.08300300179238637, 0.08234699098607619, 0.07675182665594826, 0.07549295490989706, 0.07938267546320382, 0.0703742693049395, 0.0712548275138541], [0.07031483854957504, 0.0751713138952164, 0.08215197074329757, 0.07381031167723812, 0.07909659152405829, 0.08071480842570215, 0.08300957315092214, 0.08241733968401169, 0.07666432960892428, 0.07542020295108669, 0.07982593369179967, 0.07032958971801517, 0.07107319638015291], [0.0702475374434429, 0.07497501099233382, 0.08176660137097594, 0.07365539256775737, 0.07967802946207754, 0.08107730261699993, 0.08270082702452557, 0.08259598230693008, 0.07641509113853215, 0.07520960861387295, 0.08042878307746085, 0.07026819971201129, 0.07098163367307976], [0.07015940153683445, 0.07467467912089316, 0.08124457126602404, 0.07365631325116, 0.08033862447179418, 0.0817029078509876, 0.0823706634869397, 0.08281979228303453, 0.07607999310849417, 0.07491172904033959, 0.0809422548965961, 0.07014846525322462, 0.07095060443367804], [0.0701367239687174, 0.07458828164178383, 0.08111654723300972, 0.07376054097157668, 0.08037833273903133, 0.08193650522522473, 0.08234193063678164, 0.0829740127336933, 0.07600339691525315, 0.0748362582064115, 0.08084214473972774, 0.07009915445568168, 0.07098617053310735], [0.07017296845078744, 0.07459895024110053, 0.08110189125236981, 0.07393307604213392, 0.08016930473191265, 0.08196116818830586, 0.08238985835706049, 0.08306220581671572, 0.07603530719990677, 0.07486054462989375, 0.08052412315421294, 0.07010986161658232, 0.07108074031901777], [0.07021426137088554, 0.07461652943282691, 0.08107885400521898, 0.07403753553499841, 0.08017421250398855, 0.08194437862879055, 0.08237014154442904, 0.08296790300880366, 0.07606012338235742, 0.07488453698365767, 0.08036300744852579, 0.07013800986199681, 0.07115050629352074], [0.07022167406039463, 0.07472231819589709, 0.08128268343494051, 0.07406823532235131, 0.07990763622891109, 0.08164372039010502, 0.08258264010427571, 0.08298191752115888, 0.07619439354836426, 0.07499546715768034, 0.08009266417435705, 0.0701499441767437, 0.0711567056848205], [0.07012627979970015, 0.07475343078280924, 0.08149100261433093, 0.07375528707202277, 0.07985584107656035, 0.081480441047865, 0.08274747855293801, 0.08308607069643927, 0.07621134373617026, 0.07500608678157361, 0.08042467100144557, 0.07010309102768335, 0.07095897581046151], [0.07018937751843525, 0.07493953077370702, 0.08181514008326596, 0.07380371504412213, 0.07942288527083134, 0.0810976143731