[[0.08030878850540643, 0.0824561381684187, 0.0742787425756291, 0.07319235550317178, 0.07537701259797029, 0.0791262007918656, 0.08013206509523964, 0.07014048715300361, 0.07103821894447429, 0.08135354662409007, 0.07183888535453824, 0.08147967341434857, 0.07927788527184369], [0.08055961269754763, 0.08273669205821947, 0.07413127740763369, 0.07316731069331354, 0.07521873990263439, 0.07918942375028627, 0.07991894205980818, 0.07007725182378267, 0.07098459003963649, 0.08121690992518224, 0.07179137385761829, 0.08155137983071707, 0.07945649595362], [0.08084976000684325, 0.0830085317650597, 0.07398192414084058, 0.07316375900845684, 0.0750519050083352, 0.07925126009988288, 0.0796641276665075, 0.07004319140320182, 0.07095774265167808, 0.08102252075426325, 0.07176803104545765, 0.08157739576843809, 0.07965985068103529], [0.0811066510646928, 0.08294748491861308, 0.07387615271515614, 0.07319254866823532, 0.07493521534370272, 0.07933871266137331, 0.07948354582524352, 0.07003028222327425, 0.070956634271585, 0.08089213867380908, 0.07177388978952455, 0.08161017625141898, 0.07985656759337134], [0.0813904003364156, 0.08268740607160745, 0.07380077752510798, 0.0732722557186531, 0.07483846759296571, 0.07942485985652821, 0.07927391340862638, 0.07008978321857924, 0.07102150013319411, 0.08070989961044876, 0.07183968087238694, 0.08157760112870006, 0.08007345452678645], [0.08160402021767206, 0.0829250199873095, 0.07367142891011491, 0.07326259930379454, 0.07471019400908552, 0.07950298567888262, 0.07912673498643973, 0.07000935077218073, 0.07096253314580264, 0.08060636221836069, 0.07179570373157089, 0.08158297831452195, 0.08024008872426425], [0.0819795351235061, 0.08333333333333334, 0.07342113209612686, 0.07321083287575457, 0.07448161658682358, 0.07968897937998017, 0.07893745928097472, 0.06977764851548834, 0.07078641763202417, 0.0805107698690037, 0.07166075591277025, 0.08166160133108506, 0.08054991806312918], [0.0823764585968093, 0.08291531463439236, 0.07328793824394847, 0.07328541517260763, 0.07435361903203526, 0.07989951437220139, 0.0787699180003414, 0.06971916994330456, 0.07076976217356115, 0.08039330729504073, 0.07167314709535344, 0.08166540979247967, 0.08089102564792451], [0.08277133825923874, 0.08249191676849314, 0.0731263191500933, 0.07331435563012843, 0.07422075574006452, 0.08018098401763353, 0.07867918880586021, 0.0695491188959711, 0.07066237506906545, 0.080373362731345, 0.07161246401651838, 0.08175580754092708, 0.08126201337466103], [0.08309296185950414, 0.08187084705720912, 0.07296667117909121, 0.07343518830403974, 0.07408773160327288, 0.0805781344062155, 0.07852811591302572, 0.06942296574700264, 0.07061455436414424, 0.08026829046542859, 0.07162167584236352, 0.08170782203145124, 0.08180504122725128], [0.082527038792769, 0.08121736979731797, 0.07296121309576648, 0.07367484647564264, 0.07407450201194433, 0.08106232532166778, 0.07844902103085238, 0.06942744852901471, 0.07069465369988799, 0.0801881850520472, 0.07175633195489949, 0.08157341410570966, 0.08239365013248041], [0.08208903230035519, 0.08073503049026749, 0.07300673102245805, 0.07393054528475815, 0.07408489160519605, 0.0813471155207725, 0.07830525009903316, 0.06955700083298284, 0.07086555038303735, 0.07998984749038313, 0.07195431908278901, 0.08127351289497525, 0.08286117299299184], [0.0815074940730481, 0.08021323628791198, 0.07309002897518993, 0.07415162752107937, 0.07417506965694513, 0.08183444283318092, 0.07835849125482802, 0.06957726551440385, 0.07095073323634932, 0.08000148042631798, 0.07208848006775365, 0.08113452006099846, 0.08291713009199324], [0.08108280998715951, 0.07984174685992577, 0.07321471823544418, 0.07435257058009018, 0.0743031268952245, 0.08221207189930776, 0.07843617968005008, 0.06965794416090629, 0.07107101246133954, 0.08002157584918382, 0.07223864098387621, 0.08100481821260544, 0.08256278419488688], [0.08056121126974514, 0.07941761128104347, 0.07338789403163877, 0.07454144048102827, 0.07450086338448692, 0.08270894051479212, 0.07862481787079997, 0.0697118819739201, 0.07117000420547884, 0.08012842159495766, 0.07237360426711749, 0.08088409815959371, 0.08198921096539748], [0.08018228305869293, 0.07914345207590809, 0.07353895975709977, 0.07462176503646328, 0.07468797076668558, 0.08296585441215057, 0.0788577078509896, 0.06972280695122564, 0.07120552758923991, 0.08029145599411774, 0.07243056811165981, 0.08083612917631948, 0.08151551921944779], [0.07969317586189811, 0.07878685312340826, 0.07383204118028008, 0.07480064736884293, 0.07501514170754969, 0.08274791419414029, 0.07917882166569341, 0.06987555240387543, 0.0713718613672863, 0.08046472260166533, 0.07260928008015317, 0.08069510664808627, 0.0809288817971208], [0.0792674813882876, 0.07853622577080377, 0.0741583707619652, 0.07487707949945288, 0.07539582626014159, 0.08216391584435231, 0.07963549941680333, 0.0700189956837822, 0.07150159486181244, 0.08075204955942394, 0.07273151984230486, 0.08062026567436911, 0.0803411754365009], [0.07998048620552574, 0.08222161014016797, 0.0745454449074125, 0.07327704464799134, 0.07562066259393468, 0.07893081903535436, 0.0802846751467227, 0.07039495260985641, 0.07124176407990863, 0.08129895177674876, 0.07200370637359785, 0.08120452095822502, 0.07899536152455397], [0.0802875314868069, 0.08259970984867122, 0.07434252425920242, 0.07322868874803509, 0.07540884454371481, 0.07902097574117026, 0.08003226575038962, 0.07028481545426873, 0.07114779379845809, 0.0811777570422657, 0.07192095231094413, 0.08132909884955758, 0.07921904216651539], [0.08046147291632273, 0.08282176897510744, 0.07423413856704333, 0.07320954578879943, 0.07529335378476334, 0.07906522995427123, 0.07988211321840723, 0.07023617753747911, 0.07110675603225793, 0.08108609851291212, 0.07188482815675074, 0.081374951850439, 0.07934356470544639], [0.0808625919568218, 0.08310627405408126, 0.07398886998866214, 0.07317678523971065, 0.07504650307511507, 0.07921796520640029, 0.07960791836326597, 0.07008941828312469, 0.07099314035558396, 0.08094649341182686, 0.07179455645797912, 0.08151553916112286, 0.0796539444463052], [0.08055121018848171, 0.08287367039672063, 0.07416565467400926, 0.07318974874241513, 0.07523156661107738, 0.07911848778081412, 0.07984433231263077, 0.07016941640862584, 0.07105425985003312, 0.08109504555134903, 0.0718431187837064, 0.08144288198615429, 0.07942060671398228], [0.081158417668716, 0.08293510449030657, 0.07388527763573777, 0.07323252250735832, 0.07492568464094754, 0.07931490860703751, 0.07939410684270232, 0.0701097059645011, 0.07102322083051418, 0.08078199507013001, 0.07182932549655136, 0.08152867857751347, 0.07988105166798395], [0.08132926190842732, 0.08271861646790413, 0.0738613905517245, 0.07331127174950858, 0.07487846174420387, 0.07934839405879184, 0.07923561102399165, 0.07020370318230552, 0.07111184627594863, 0.08062459025721581, 0.07191116217392507, 0.08145731416976305, 0.08000837643629001], [0.08163769272494902, 0.08295825841432751, 0.07366105639008849, 0.07327533441069482, 0.07469424792189155, 0.07950207792379725, 0.07908410397400183, 0.07002625957665208, 0.07097800131026684, 0.08056063477853852, 0.07180944260171034, 0.08155013312098944, 0.0802627568520925], [0.08188169241464302, 0.08304304538758525, 0.07356154278411402, 0.07333566139524375, 0.07457830322545707, 0.07956729788044327, 0.07886817172569775, 0.07004808149516745, 0.0710114912159423, 0.08035925168882899, 0.07184856412587058, 0.08144073314916017, 0.08045616351184652], [0.08229299567120026, 0.08286817229801288, 0.07337703599711648, 0.07337274731201618, 0.07440782526518072, 0.07978904999594459, 0.07869319675441837, 0.0699170981397272, 0.0709332307594815, 0.08025530560861632, 0.07180800498334695, 0.08147250496757956, 0.08081283224735905], [0.08262232871667786, 0.08262228647794433, 0.07323389680405808, 0.07337819390973957, 0.07428940285914024, 0.08000077678807264, 0.0786213976116026, 0.06976052224882458, 0.07082758247263633, 0.08024642072610329, 0.07174049426751682, 0.08155583445119276, 0.08110086266649096], [0.08296972039797094, 0.08229245119908073, 0.0731055162324268, 0.07341037590320024, 0.07418202348363728, 0.08022158679468556, 0.07853455913704976, 0.0696341329905597, 0.0707512174490187, 0.080206365388087, 0.07170113097171231, 0.0815824256572698, 0.08140849439530123], [0.08333333333333334, 0.08192623900944249, 0.07298941314587491, 0.07346624492207139, 0.07408314056865557, 0.08044510559458627, 0.07843005121885918, 0.06953512493342884, 0.07070124462930569, 0.08013084570543579, 0.07168696907003934, 0.08153965346017428, 0.08173263440879294], [0.08310968270186382, 0.08170491924201674, 0.0729883186598871, 0.07356279362630606, 0.0740771662783123, 0.08059194667365212, 0.0783849747021663, 0.06956247535321765, 0.07075101186471629, 0.08008517247314774, 0.07175216303297528, 0.08148879444180755, 0.08194058094993105], [0.08280864410477703, 0.08140561324083971, 0.07300283649764891, 0.07370327947640808, 0.07407504526315986, 0.08077940992038961, 0.07831617849027661, 0.06961576307249066, 0.0708327006034194, 0.08000524200696935, 0.07185305217210756, 0.08138370204703932, 0.08221853310447404], [0.08247735572673377, 0.08109165323900473, 0.07300018554486079, 0.07381263638512484, 0.07407263550814379, 0.08103594946540477, 0.07829961593338101, 0.06959323109068023, 0.07085243092306533, 0.07999015293799785, 0.07190403534679542, 0.08133632480513844, 0.08253379309366893], [0.08186706650835492, 0.08047693596773849, 0.07308630671449705, 0.0741687548184603, 0.07410743840345516, 0.08133773996107654, 0.0781135996770632, 0.06980691982641882, 0.07111352861875563, 0.07972512571146972, 0.07219492488645077, 0.08094517893431924, 0.08305647997194024], [0.08141917226838122, 0.08006790025607555, 0.07314173966754413, 0.07433593366734852, 0.07417412239290186, 0.08174701273273018, 0.07816733119358983, 0.06979025471260243, 0.07115579246732341, 0.07975049034052013, 0.0722823140959741, 0.08085983364640068, 0.08310810255860787], [0.08201014413151349, 0.08069403564562419, 0.07300088435409355, 0.07390606646644422, 0.07409807602234697, 0.08144664762114175, 0.07837826666097177, 0.06948558614463524, 0.07080884139295275, 0.0800792408580508, 0.0719104438338012, 0.0813539603314393, 0.08282780653698474], [0.08108193597755023, 0.07976244569653138, 0.07325642639969356, 0.07453883613674761, 0.0742813582359473, 0.08201769707079355, 0.07819878869459448, 0.06989997200690481, 0.0712962805770522, 0.0797288320372425, 0.07244510224579363, 0.08073048990485662, 0.08276183501629207], [0.08056433875569909, 0.07931591205252335, 0.07343246975479273, 0.07478866241300529, 0.07446769424705343, 0.08249728230809165, 0.07832471052397852, 0.06999559318341013, 0.07144253702277342, 0.07976858152863814, 0.07263049171726475, 0.08057546335879867, 0.0821962631339709], [0.0803095293253294, 0.07912375735059655, 0.07351023777220124, 0.07483356476567243, 0.07457423033440667, 0.08281835964131291, 0.07847389834392722, 0.06995963202658759, 0.07143315466677712, 0.07988061155217184, 0.07264386225084059, 0.08056500075232337, 0.08187416121785293], [0.07986322972695514, 0.07878239623041651, 0.07366962720487437, 0.07492543716161953, 0.07477593139730994, 0.08333333333333334, 0.07871319171086179, 0.06994787840629511, 0.07145700025712144, 0.08002594963652816, 0.072698229885242, 0.08047652493360165, 0.08133127011584104], [0.07942939154256978, 0.0784355750624139, 0.07397688583017553, 0.075194311991945, 0.07509053892798652, 0.08287175090953097, 0.07893994927251659, 0.07019066535497646, 0.0717126998119598, 0.08007048143119866, 0.07296395256080117, 0.08028031587719946, 0.08084348142672608], [0.07925384669774846, 0.07839267494887463, 0.07412995663293079, 0.07511068986684846, 0.07530394982625026, 0.08248225215580325, 0.07931291140546677, 0.0701579554198523, 0.07166809184391174, 0.08037888562948775, 0.07291452624309165, 0.08038440130110068, 0.08050985802863314], [0.07997329142133248, 0.08231511498347377, 0.07460295919114175, 0.07331731676990264, 0.07564570653117218, 0.07884117680099824, 0.08017039927078261, 0.07053812979254404, 0.07135161258752598, 0.08112470439125513, 0.07208708273830582, 0.08107841365859725, 0.0789540918629684], [0.0804172486577652, 0.08288769103900803, 0.07430921532942403, 0.07325935361668882, 0.07533711172910218, 0.0789659291850362, 0.07979636467539435, 0.07039215567784003, 0.07122886604164377, 0.08092932234911465, 0.07197995667866139, 0.08121923204501605, 0.07927755297530541], [0.08025737564214926, 0.0826779331377668, 0.07441143737727642, 0.07327513799111468, 0.07544596314840736, 0.07892460125720813, 0.07993610298319641, 0.07043650353425976, 0.07126573740363162, 0.0810128556571506, 0.07201203728959438, 0.08118237416099013, 0.07916194041725447], [0.08058951472251885, 0.08304896535996419, 0.07417160450557855, 0.07321416268688226, 0.07521327615798463, 0.0790631203431845, 0.07972425041931791, 0.07025481708744769, 0.07111953877718867, 0.08094493775122777, 0.07189186630824904, 0.0813419084946863, 0.07942203738576976], [0.08066277710198606, 0.08317845151546545, 0.07416498317466583, 0.07325384875223093, 0.0751787525523867, 0.07902254716091908, 0.07957011725893096, 0.07035199971969963, 0.07119756117857089, 0.08077176537998826, 0.0719535173846687, 0.08123884708085585, 0.07945483173963165], [0.08097391918368439, 0.08305946267380446, 0.07401913136726519, 0.07328099131395106, 0.07502785337029563, 0.07915434912273336, 0.0793800959054204, 0.07030069712903325, 0.07116958204192805, 0.08066861685334953, 0.07194102088172377, 0.08131857695535917, 0.07970570320145162], [0.08078584514101915, 0.08333333333333334, 0.07405606555696301, 0.07320857552994713, 0.07508544467128736, 0.07910099752765569, 0.07953562083425128, 0.07022454003901336, 0.07109541628456813, 0.08080225487168505, 0.07187087186914023, 0.08134062195409877, 0.07956041238703758], [0.08121563802299143, 0.08272697039319526, 0.07395871053945426, 0.0733679602691865, 0.07494777668035675, 0.07923961639470128, 0.07919872503833189, 0.0703683808849213, 0.0712426735716916, 0.08051994541623968, 0.07201509341152754, 0.08129673979978208, 0.07990176957762048], [0.08135767652709602, 0.08260185065893792, 0.07391227735759097, 0.07341306993204796, 0.07489201323242065, 0.07929171530410413, 0.07909012937961042, 0.07039258808553224, 0.07127318110096093, 0.08043095977187745, 0.07204854380287595, 0.08127628239394591, 0.08001971245299938], [0.08150904864439915, 0.08273181136144879, 0.0738156406589896, 0.07340399461313696, 0.07480026847295528, 0.0793600624484457, 0.07900242639593194, 0.07032001946900832, 0.07122019022954314, 0.0803824966256992, 0.07200959443572688, 0.08129988303627178, 0.08014456360844309], [0.08168952008254488, 0.08276823578081587, 0.07373170314971461, 0.07344954531794397, 0.07470697358922339, 0.07942401279488671, 0.07884583746762096, 0.0703233034230059, 0.07123656441191663, 0.08024846173752403, 0.07203344203000922, 0.08124245132426568, 0.08029994889052833], [0.08205740858499656, 0.08279506127962297, 0.07353183049882296, 0.07345525336206914, 0.0745245510717463, 0.07962247730131221, 0.078683346842944, 0.07016018178944214, 0.07112628789991092, 0.08016582973267618, 0.07196142223369793, 0.08129473911727976, 0.080621610285479], [0.08223647703167622, 0.08271228942024354, 0.07344812657211736, 0.07346929187892375, 0.07444949807710707, 0.07972663131220165, 0.07861507283134299, 0.07009231587615496, 0.0710842034973919, 0.08013061284727316, 0.07193799714453418, 0.08131447363456135, 0.08078300987647188], [0.08235869478554025, 0.08266296803202737, 0.07338832166723702, 0.07346509972371139, 0.07439974658695148, 0.07980295840509738, 0.07858754634227991, 0.0700250739280375, 0.07103674640489635, 0.08012905342445376, 0.07190541722777807, 0.0813488255791364, 0.08088954789285306], [0.08265249109905652, 0.08240354034752022, 0.07327017862444235, 0.07350897991494258, 0.07429524894979207, 0.07998712183718337, 0.07848301781007094, 0.06993394531572053, 0.0709883308748306, 0.08006661296274432, 0.07188781819227805, 0.08135413701202743, 0.08116857705939115], [0.08293430658071152, 0.08211988694491748, 0.07315553227148305, 0.07355036982216626, 0.07419841208228567, 0.08018791953110586, 0.07839636232782048, 0.06982913361346701, 0.07092978441288812, 0.08001848899703391, 0.07186319354067729, 0.08135720739467538, 0.08145940248076797], [0.08304750551474971, 0.0818620888526696, 0.07308859734860716, 0.07361443382954772, 0.07414148424893666, 0.08035225796946327, 0.07832392813042559, 0.0697853277422594, 0.0709203716921552, 0.07996319124461071, 0.07187847829823754, 0.08132128124608295, 0.0817010538822544], [0.0827166472969699, 0.08137477659934561, 0.07310442961841582, 0.0738469510199711, 0.0741245109292148, 0.08060731980293284, 0.07818109046105269, 0.06988988266830538, 0.07106698380301768, 0.07980200477291158, 0.07205238574549817, 0.0811335264524044, 0.08209949082996008], [0.08232984883596707, 0.08096332100313737, 0.07314473444846446, 0.07406767337951783, 0.074135340337514, 0.08081997758474055, 0.07807331745540154, 0.07000327968388478, 0.07121594613212819, 0.0796645434115018, 0.07222436315217258, 0.0809469335413227, 0.0824107210342472], [0.08190127998752184, 0.08050802129953998, 0.07312119075407647, 0.0742116292655809, 0.07412257601544543, 0.08123367717947699, 0.0780652315978871, 0.06991016301315016, 0.07119823050926002, 0.07965773278896436, 0.07226372540379009, 0.08087918506401261, 0.08292735712129408], [0.08220214377712408, 0.08080369620506914, 0.0730661700169398, 0.07402591327663843, 0.07409483863958978, 0.08110622256578119, 0.07815351062762374, 0.06978568735603796, 0.07105303175505602, 0.07978783385766888, 0.07210606510124717, 0.08107064062336664, 0.08274424619785706], [0.08256863406463814, 0.08117905554040433, 0.0730763393319783, 0.07389597479477206, 0.07410305998636672, 0.08079401144112949, 0.07817646815254801, 0.0698274682492856, 0.07103992021649418, 0.07981147956003291, 0.07205212341571783, 0.0811383065259157, 0.08233715872071681], [0.08296986451866689, 0.08160480809570955, 0.07305010185197132, 0.07368606548687766, 0.07410319736205827, 0.08054882780520872, 0.07828184217118155, 0.0697378949780249, 0.0709109035717332, 0.07993788036739259, 0.07189685485116555, 0.08130484183985205, 0.08196691710015762], [0.08228459319062417, 0.08088544576688605, 0.07307286220879712, 0.07400597130034398, 0.07409767418879482, 0.08102502335251217, 0.07814876045939335, 0.06981097555599541, 0.07106398204891717, 0.07978062766010861, 0.07210597636150208, 0.08107390126793632, 0.08264420663818867], [0.08230160427372266, 0.08092473106561518, 0.07300499090449934, 0.07387639176687245, 0.07407597614562707, 0.081166661950375, 0.07828708416000842, 0.06959200066673947, 0.07087209518012935, 0.07997221040906631, 0.07193902156417664, 0.08129150610726248, 0.0826957258059055], [0.08161867351732803, 0.08023551388968847, 0.07313148022609273, 0.0743106483266777, 0.07413800345145906, 0.08147664645370309, 0.07806991382858125, 0.06988121173428627, 0.07121012894797672, 0.07964897805845719, 0.07230659739545277, 0.08081171316466133, 0.08316049100563506], [0.08131140890686521, 0.07995146745674295, 0.0732061799481031, 0.07447374510971629, 0.07420980437184814, 0.08172920145407367, 0.07809215685237215, 0.06993932201015135, 0.071302348824518, 0.0796360380015541, 0.07242401838102888, 0.08071525749049176, 0.08300905119253445], [0.08094304945152721, 0.07962109045850183, 0.07332471750651655, 0.07467847096201027, 0.07432736466424218, 0.08204449076552901, 0.07814787572814665, 0.07002754242581986, 0.07142862194146561, 0.07963770928466267, 0.07257877960775413, 0.08059851783228722, 0.08264176937153694], [0.08066346792678389, 0.0793721590001717, 0.0734252777395586, 0.07483720427572997, 0.0744266224229611, 0.08226865367026195, 0.07819142691849269, 0.07010552382652564, 0.0715331726827926, 0.0796306386250568, 0.07270324650757054, 0.08049260341128797, 0.08235000299280651], [0.08025130530655417, 0.07903592994345916, 0.0735609693804804, 0.07497464340233917, 0.07459166417040845, 0.08271619418341254, 0.07836577554104794, 0.07010745736962794, 0.0715793530404923, 0.07973587848638085, 0.07278573815016277, 0.0804200501832985, 0.08187504084233573], [0.07977546115841527, 0.07864687054842327, 0.07376366228666177, 0.07516436060150035, 0.07481863742509609, 0.08305635147849662, 0.07855304481180832, 0.07018633868919948, 0.07169608634252503, 0.07980699950917386, 0.07293333713269705, 0.08026541207158329, 0.08133343794441975], [0.07947853399140699, 0.07842056952211349, 0.07393965501147196, 0.07528695843547806, 0.07501453530927131, 0.08295465497712982, 0.07875290557592428, 0.0702712319586455, 0.07179570513946988, 0.07988540813177847, 0.07304573553060852, 0.08017725544179996, 0.08097685097490175], [0.07913823917753889, 0.07818764281168898, 0.07418638794918313, 0.07539648255959318, 0.07529689269371882, 0.08258138093878378, 0.07908314383495646, 0.07037885990288738, 0.071908754785299, 0.08003843514528382, 0.07316540050875786, 0.0801019225888255, 0.08053645710348312], [0.07899370255683448, 0.07819283012291778, 0.07432665631784323, 0.07523385154538545, 0.07551298736759207, 0.08220058774112553, 0.07951208125170268, 0.07029654342137795, 0.07180604870360387, 0.08041029091959365, 0.07305226182609084, 0.08025130312888874, 0.08021085509704373], [0.08285969348194129, 0.08162541847107163, 0.0731259103453929, 0.07375877248826997, 0.0741502342871441, 0.08042197421157278, 0.07822530358673932, 0.0699112326422958, 0.07105322100213193, 0.07983822494692118, 0.07201323411432078, 0.08117295647345181, 0.08184382394874654], [0.08280865075534821, 0.08196615136423088, 0.0732085973224689, 0.07367143899587393, 0.07422579052509748, 0.08016692824016827, 0.07830448324324907, 0.06999328824432251, 0.07108132505855948, 0.07988853735038874, 0.07200194678531029, 0.08119792370319974, 0.0814849384117825], [0.08256506054695856, 0.0822681516490002, 0.07332946571741591, 0.07361068003618731, 0.07432827650102404, 0.079942566094325, 0.07840372572921184, 0.07009529498085246, 0.07113165287877939, 0.07994796215668627, 0.07201468976936892, 0.08120601549323132, 0.08115645844695872], [0.08240931790145685, 0.08238117543155189, 0.07340263807348331, 0.07359789362293308, 0.07438987771985762, 0.07983314147040474, 0.07844948683938051, 0.07016808631603184, 0.0711774264545255, 0.07996582719714355, 0.07204050357135633, 0.08118654214024094, 0.08099808326163385], [0.0821534899812108, 0.08254533616768055, 0.0735235824640709, 0.07356784738944487, 0.07449635045892022, 0.07966611749674668, 0.07854513585701439, 0.07026873161353789, 0.07123675353426176, 0.08001561726605483, 0.07206988018228089, 0.08116676305313444, 0.08074439453564182], [0.08177748540854614, 0.08263762176717515, 0.07371775981267914, 0.07353621950807743, 0.07467341393614114, 0.07944717246067284, 0.07871227930658384, 0.07041628625125294, 0.07132785747073392, 0.08010684653942904, 0.07212050213507878, 0.08113314938465703, 0.08039340601897245], [0.08160489377378195, 0.08260397777100766, 0.07381619506395572, 0.07352865336024028, 0.07476545657536253, 0.07935629864437706, 0.07880170872921353, 0.07048701910239787, 0.07137405685253778, 0.08015719558313268, 0.07214924754689662, 0.08111640437718633, 0.08023889261991007], [0.08179101768432216, 0.08053479003533709, 0.07302404890233277, 0.07393435893916876, 0.07414159751232006, 0.08164817517217794, 0.0784724868742836, 0.06943060616090364, 0.07078053983785611, 0.08017902349377076, 0.07190395065946255, 0.08140392237970565, 0.0827554823483588], [0.08124518620204195, 0.07995032446519522, 0.07317435851798397, 0.0743395645146824, 0.07423889648763932, 0.0820102728775907, 0.07831521329513304, 0.06970553060361127, 0.0710990569257347, 0.07990418746514111, 0.07224975152946961, 0.08095232698849107, 0.08281533012728565], [0.08075504722630164, 0.07950245026087933, 0.07334895576436834, 0.07463451416262268, 0.07440086571039041, 0.08240014871596937, 0.07835130943757573, 0.06987753044924283, 0.07131204573325339, 0.07984635787185422, 0.0724922440261431, 0.08071870123554051, 0.08235982940585831], [0.08146342541372661, 0.08258039226714703, 0.07388951134423884, 0.07349853807375933, 0.07484249581578853, 0.07929576971437241, 0.0789137023063976, 0.07050183069096262, 0.07137481761017332, 0.08024442070427175, 0.07214112865235228, 0.08114254715745357, 0.08011142024935604], [0.08130675626013435, 0.08249190230637513, 0.07398006443524252, 0.07348425774004187, 0.07493423413288451, 0.0792308297937756, 0.07902828885964593, 0.07054113739714922, 0.07139755854130517, 0.08032499163618191, 0.0721528311851219, 0.0811496652460585, 0.07997748246608342], [0.08110266691368886, 0.08266829988043183, 0.07405953121785032, 0.07343283445433384, 0.0750206545820612, 0.07914099063899908, 0.0791628942021195, 0.07053856728607093, 0.07137992989120537, 0.08041913926882749, 0.07212606306192842, 0.08114609154968082, 0.07980233705280253], [0.0808777440503249, 0.08285909014094925, 0.0741530122730579, 0.07339168533375924, 0.07511850865350471, 0.07903824254211715, 0.07929519310125921, 0.07055590585301072, 0.07137941718678041, 0.08049613964363381, 0.0721140596847002, 0.08110796760973325, 0.07961303392716947], [0.08068103413957278, 0.08297452899527644, 0.07423586667793593, 0.07335466367342296, 0.07521021810935447, 0.07896184826492858, 0.07943467620001729, 0.07055598333667193, 0.07136860631282058, 0.08058658959411395, 0.07209695688072572, 0.08108608408334603, 0.0794529437318134], [0.0805967351112447, 0.08299710773489814, 0.07426962003363619, 0.07333554317839401, 0.07525143828233902, 0.07893833127569401, 0.07951086239641357, 0.07054267613345204, 0.07135396056393732, 0.08064420738583722, 0.07208229880981273, 0.08108958845779858, 0.07938763063654249], [0.08046298369743851, 0.08293656845147282, 0.07433741920078442, 0.07332252969394741, 0.0753286424003927, 0.07890281466496443, 0.0796319133642243, 0.07054517708285132, 0.0713525346935026, 0.08072926983471536, 0.0720791851610383, 0.08108418597486569, 0.079286775779802], [0.08032070434017477, 0.0827963343180343, 0.07442220603590494, 0.07332460123527725, 0.07542096562200795, 0.07886517359018486, 0.07975868482725708, 0.07056995052340471, 0.07137135817471815, 0.08080981058766742, 0.07209456253987835, 0.08106417950593357, 0.07918146869955667], [0.08009088542571591, 0.08252899667549979, 0.07458901729172261, 0.0733643062627008, 0.07558562156405998, 0.07877644985488842, 0.079913767744998, 0.07068554359487203, 0.07146497041106496, 0.08086086435730168, 0.07217226650351918, 0.0809632026143645, 0.07900410769929225], [0.07987970026940935, 0.08227227824411251, 0.07473580851015114, 0.0733950175113354, 0.07573755308742992, 0.07871000921834058, 0.08008238495579414, 0.07076484043263115, 0.07153116335407664, 0.08093133671501648, 0.07222938727039209, 0.08088348772609243, 0.07884703270521831], [0.08009238644709764, 0.08251036957967484, 0.0745546397279929, 0.07332897293912949, 0.075572780986631, 0.07882503504333013, 0.07999331535884041, 0.0705877615467143, 0.07138739821811323, 0.08096997171783657, 0.07211102375993485, 0.08104448128511697, 0.07902186338958761], [0.08163331340269002, 0.08026083510605006, 0.07307517589844448, 0.07421295271079367, 0.07411043913229144, 0.08156358651771224, 0.07814146941565758, 0.06973184433100275, 0.0710762077121445, 0.07975110667893315, 0.07218721462314534, 0.0809225211378014, 0.08333333333333333], [0.08182707838493121, 0.08047517970722258, 0.07303487590195676, 0.07405790359233833, 0.0741017398614518, 0.0815210868513109, 0.07825956865109258, 0.06960341004661127, 0.07093831245014184, 0.07991570844768374, 0.07204551979129131, 0.08113727580495626, 0.08308234050901137], [0.08082817180061944, 0.07966896580904015, 0.07328944841511083, 0.074382806443923, 0.07440936928469832, 0.08247574984314955, 0.07860967024281879, 0.06961543675904337, 0.07105253536355466, 0.08017721116513878, 0.07224105542924328, 0.08104442019457678, 0.08220515924908338], [0.08134571966634065, 0.08011358128406224, 0.07312732309682057, 0.0741579507313786, 0.07423716291153375, 0.08201590149597936, 0.0784853855429959, 0.06952527165363297, 0.07091754691471995, 0.08013203490454435, 0.0720717082325264, 0.08120870441061175, 0.08266170915485355], [0.08277533981995913, 0.08146970076875104, 0.07295468797932993, 0.07357828185887107, 0.07407222043688273, 0.08087053990169711, 0.07847376447649329, 0.06942158476516082, 0.0706595808979838, 0.08021789187290786, 0.07170010599360208, 0.08163615752995518, 0.08217014369840608], [0.08210524754115152, 0.08083403603904442, 0.07298279121221003, 0.07380418049246296, 0.07410248541105471, 0.08139591641154696, 0.07847090318193752, 0.06940362842514748, 0.07072007521416743, 0.08020300635708534, 0.07181884447563723, 0.08151279682010776, 0.08264608841844669], [0.0804762047701535, 0.0793889979377194, 0.07341595428813948, 0.07449901640530313, 0.07455528597650855, 0.08277124229921684, 0.07875622088868334, 0.06965414569723848, 0.07111773674155523, 0.08026171032512011, 0.07232773254072503, 0.08095720564984248, 0.08181854647979435], [0.07999703647162015, 0.07904391002438722, 0.07364804546098723, 0.0746292738564132, 0.07482747482383334, 0.08284595483685168, 0.07906323883492046, 0.06972876351120899, 0.07121414974393582, 0.08045979273552623, 0.07244346517594011, 0.08086395851370998, 0.08123493601066555], [0.07876761596863771, 0.07792808269727289, 0.07447834422902797, 0.07552474221216857, 0.07562255350140286, 0.08212347439712246, 0.07943478424991673, 0.07053840540422533, 0.07206509992259608, 0.08015653217529892, 0.07332103385161982, 0.07996947778865464, 0.08006985360205598], [0.07892579611069452, 0.07799749608601582, 0.07434250717608494, 0.07556404367851792, 0.07544450014431195, 0.08237796066012731, 0.07915986364141749, 0.07053595817562813, 0.07207173777174705, 0.07997736368430547, 0.07333194610784363, 0.0799474124506366, 0.0803234143126691], [0.08086220152412575, 0.08128258834343291, 0.07358997521582195, 0.07311397885443244, 0.07485142713812065, 0.0801890914063329, 0.08009118355990108, 0.06923487982628751, 0.0703928649889894, 0.08201614236642595, 0.07139296540259282, 0.08279006481917782, 0.08019263655435874], [0.08108719946483459, 0.08166810084621624, 0.07357425786500503, 0.07308563002931869, 0.07479647666851769, 0.08004304462180814, 0.07991321541609113, 0.06932760445036078, 0.07044510349764571, 0.08174530446351562, 0.07141323608820281, 0.08267049703943143, 0.08023032954905218], [0.08135946456230221, 0.08187214471945893, 0.07343756732240825, 0.07307363222402728, 0.0746518725305751, 0.08013105501112289, 0.0797059812196646, 0.06926449540965188, 0.07039618760224815, 0.08154929463943018, 0.0713738025370074, 0.08273884256849663, 0.08044565965360652], [0.08160575794973238, 0.08210507145520463, 0.07335775691009791, 0.07307886217194336, 0.07455392402775567, 0.08014515003838785, 0.07952080854057492, 0.06927336822170176, 0.07040237665233312, 0.08134272512054828, 0.0713763390138334, 0.08264125997003803, 0.08059659992784854], [0.08186643723775608, 0.0820088469118882, 0.073193870613018, 0.07311329909148978, 0.07440225681680981, 0.08039285435981441, 0.07934324809927923, 0.0691543586488359, 0.07033084581969773, 0.08121165890191177, 0.07133932660100369, 0.08271367147439915, 0.08092932542409628], [0.0819154876313352, 0.08172508388825563, 0.07310478467477943, 0.07318028491041013, 0.07433246429962102, 0.08065956102002816, 0.07927141095728678, 0.06907120958999075, 0.07029519172558893, 0.0811734739980852, 0.07133880750995246, 0.08274760909822355, 0.08118463069644276], [0.08151999675775462, 0.08118432568755748, 0.07313893241033056, 0.07328212146849127, 0.07441007374022568, 0.08097302636145327, 0.07943115928108571, 0.06900338942747697, 0.070283175748989, 0.08137331858305558, 0.07137016487117064, 0.08283202445996352, 0.08119829120244572], [0.08083880922058224, 0.08069121072859725, 0.07339664105686615, 0.073341310715854, 0.07471270571886315, 0.08092749508565192, 0.07991497556350767, 0.069053298644653, 0.07034127560307592, 0.08189789404002076, 0.07143772183086389, 0.08276421403980719, 0.08068244775165694], [0.08058304584371226, 0.08070547486088997, 0.07358931158196964, 0.07325725005570878, 0.0749043181617213, 0.08055327252400238, 0.08022979483808068, 0.06914046823412362, 0.07037680592641624, 0.08225641578826606, 0.07143639379550878, 0.08270728018614017, 0.08026016820345999], [0.08059366875239635, 0.08087482351731855, 0.07364921182444113, 0.07319093573611192, 0.07494609680216001, 0.08033500901382831, 0.0802786187369056, 0.06920134571059826, 0.07039718619587694, 0.08228285409889156, 0.07142664505155026, 0.08269817937594885, 0.0801254251839723], [0.08096985525617283, 0.08120748391083281, 0.07345323250704576, 0.07312514615336789, 0.07473235495272795, 0.08040559941494291, 0.07997553449645142, 0.06910542727752797, 0.0703070135633826, 0.08195355596667679, 0.07133975400516064, 0.08302307779595645, 0.08040196469975389], [0.08104250227605801, 0.08145026669055677, 0.07350490496966192, 0.07309232790997121, 0.07475682724905314, 0.08021741620759416, 0.07994799557733512, 0.06920212832677468, 0.07036199611150885, 0.08186257546538067, 0.07136283787036617, 0.08287998409777174, 0.08031823724796766], [0.08143432954923135, 0.081598076711523, 0.07327025589990695, 0.07309243935446581, 0.07452063130604068, 0.08045159148784305, 0.07962862712642539, 0.06906551012039171, 0.07026577900736687, 0.08156357772314524, 0.07129531689267417, 0.08309521518099071, 0.08071864963999521], [0.08125338038749175, 0.08118944003484527, 0.07324761943697844, 0.07317739585641969, 0.07453175792069985, 0.08072995505606569, 0.07968750571919136, 0.06898743418292508, 0.07024066301147715, 0.08166787355931805, 0.07131050497513068, 0.08316000443256176, 0.08081646542689497], [0.08125275146682318, 0.08131786580259534, 0.07326524439989276, 0.07310997554444355, 0.07454230246295444, 0.08057523350516702, 0.07971965157459025, 0.06899055754000012, 0.07022123900938465, 0.08169681143764244, 0.07127474930357121, 0.08333333333333334, 0.0807002846196019], [0.08096460866717047, 0.08096456048308824, 0.07337418253979319, 0.07321434088917404, 0.07467501991143749, 0.08070178908669925, 0.07990420727731791, 0.06903129737925551, 0.07028477102295123, 0.08190623548189102, 0.07135596516395387, 0.08301717192208552, 0.08060585017518225], [0.08141220238823794, 0.08171754680389766, 0.07333341249742202, 0.07307855323537318, 0.0745702130448695, 0.08031912274685202, 0.07966322904674501, 0.06913786164790293, 0.07031095279468755, 0.08156796057776808, 0.07132000264718849, 0.08296128528129387, 0.08060765728776167], [0.08172698875779198, 0.08167577964476376, 0.07315820228560033, 0.0731425470798225, 0.074397147886363, 0.08059761056394031, 0.07940736515845431, 0.06905351744331603, 0.07027193441617412, 0.08132726659840665, 0.07131296828853721, 0.08291564987731155, 0.08101302199951833], [0.08153850924865207, 0.08133068415920704, 0.0731542904423123, 0.07321058981040524, 0.07442021378994891, 0.08081840026011575, 0.07947240308054834, 0.06899875229936023, 0.07025715944653367, 0.08142238681736845, 0.07132882864453119, 0.08297059586274587, 0.08107718613827096], [0.08102078981506257, 0.0807708405830745, 0.07330384768422553, 0.07335480685356763, 0.07461079149953018, 0.08103602963913026, 0.07974522240979132, 0.06902816820225433, 0.07032672492109593, 0.08170882294136861, 0.07142996239589482, 0.08277433055512023, 0.08088966249988411], [0.08129524636805735, 0.08090607849735042, 0.07319021796057205, 0.07337079111858326, 0.07447937336422171, 0.0811349322764133, 0.07951486823992315, 0.06901728446030468, 0.07032222275174904, 0.08145279096129802, 0.07142836803002156, 0.08271595941697217, 0.08117186655453339], [0.08169309261555788, 0.08187699498152573, 0.07323149947545537, 0.07309830892345054, 0.07445437318192288, 0.08039488271881362, 0.07946067304568352, 0.06912690017156528, 0.07030814234911165, 0.08135069911690654, 0.07132152767668982, 0.08285322618267059, 0.08082967956064646], [0.08182222373268311, 0.08151715951731307, 0.07309188918099602, 0.07322501760775467, 0.0743345730310017, 0.0808081096955615, 0.07929015197510343, 0.06903678749932868, 0.07028630666608164, 0.08120813107783409, 0.07134928614846858, 0.08277015740811712, 0.0812602064597562], [0.0816948306086095, 0.08122934797557106, 0.07308516973933389, 0.07332250440685137, 0.07434313297683688, 0.0810396776671795, 0.07928541001903924, 0.06902677279757267, 0.07031102953880694, 0.08120363259125016, 0.07139967498152794, 0.08266777446694483, 0.08139104223047591], [0.07983264207206586, 0.08081171546479106, 0.07417671365048101, 0.0732376290985077, 0.07546688830243131, 0.07975891776329419, 0.08092838993315359, 0.06955986080672531, 0.07066543448203785, 0.08270633936123467, 0.0716282616357367, 0.08189426330379614, 0.0793329441257446], [0.07991959353477275, 0.08062886758018963, 0.07404753856087357, 0.07325683369331454, 0.07536034451915653, 0.07998083923744345, 0.08084564738058922, 0.06942676172575882, 0.0705797953209193, 0.08281831819025544, 0.07157845356051018, 0.08204700369004732, 0.07951000300616912], [0.07998920038716216, 0.0802529485847107, 0.07391544160423466, 0.07337092796162153, 0.07525674833194923, 0.08036459231645834, 0.08070997561019089, 0.06931459456198007, 0.07053892600629873, 0.0827626316349137, 0.07159048335410491, 0.08215664746848055, 0.07977688217789432], [0.07972417969474437, 0.07972407460121139, 0.07401753915076885, 0.07363366807625425, 0.07538618457228405, 0.08065115158065007, 0.08075959016653607, 0.0694111021995863, 0.07069207467179497, 0.08258936197734955, 0.07178456277662926, 0.08184267988983585, 0.07978383064235492], [0.07878688556445587, 0.0789783311085285, 0.07468912204827627, 0.07404305651347887, 0.0760870140514067, 0.08026605597837262, 0.08143766337719073, 0.06992752457267361, 0.07119144183162197, 0.08236342940587309, 0.07226828799915364, 0.08095000254649858, 0.0790111850024694], [0.07840038099319814, 0.07905077071288577, 0.07508695259074875, 0.07396777084354009, 0.07647044384397314, 0.07964543975158048, 0.08206738534724053, 0.07019018846181942, 0.07135525803221579, 0.08233086335751166, 0.07235763489653402, 0.08061980823134492, 0.07845710293740725], [0.07850637214948519, 0.07951423597987098, 0.0751095886600375, 0.07373829386892572, 0.07645023071043473, 0.079332886424803, 0.08214303669404, 0.07021638624150406, 0.07129685297122344, 0.08241041248617108, 0.07223713476662136, 0.08069500584290132, 0.07834956320398183], [0.07892142102005444, 0.08010262273437654, 0.07484845370853688, 0.07350885432167527, 0.07615261773949898, 0.07933898689525164, 0.08174287874656586, 0.07004939926252805, 0.07110068416531595, 0.08258481772876482, 0.07202096019956104, 0.0810431429964477, 0.07858516048142283], [0.07955415604997806, 0.08060701149031971, 0.0743563450217704, 0.07330053908643754, 0.07565411068311295, 0.07964339731917401, 0.08116777824777144, 0.06967506394724485, 0.07076806835026508, 0.08280091202478669, 0.07172138446741468, 0.08164296550724973, 0.07910826780447483], [0.07972534135352041, 0.0804997940207729, 0.07415997816717654, 0.07329169751874763, 0.0754799347376109, 0.07990142802972157, 0.08100797644089568, 0.06949039804140907, 0.0706369461884454, 0.08295641440874886, 0.0716308605382848, 0.08186809324171294, 0.07935113731295336], [0.07969395810631608, 0.08015789534553615, 0.07409323997716942, 0.07338881246386471, 0.07544202555541966, 0.08016413206180938, 0.08097269344277126, 0.06941099917054139, 0.07061434338964183, 0.08304650785996939, 0.0716506363849171, 0.08188172147863886, 0.07948303476340464], [0.07967525380462863, 0.0799853931962358, 0.07408202442117465, 0.0734675272421392, 0.0754407788854586, 0.08030665820710825, 0.08094061176490959, 0.06940981403076038, 0.07063900638248195, 0.08294549521552297, 0.0716941684113081, 0.08185920942468661, 0.07955405901358518], [0.07936169451404838, 0.07971212878364249, 0.07427888856174392, 0.07359112327971397, 0.07565162542075507, 0.08022851980182281, 0.08117708393015421, 0.06954648092906873, 0.0707766065994756, 0.08296382114314294, 0.07183188805764584, 0.0815567127101372, 0.07932342626864895], [0.07923634873458012, 0.08007830233921284, 0.07446863651876523, 0.07343736124245692, 0.0758087047037834, 0.07973927691912015, 0.08142984979608452, 0.06968789567247355, 0.07082583109043128, 0.08307786326281338, 0.07181272220699857, 0.0814189376576242, 0.07897826985565566], [0.0788548096577542, 0.07972364410716976, 0.07477211543566169, 0.07361364573334216, 0.07612189829990623, 0.07960083725704793, 0