[[0.07211997708741148, 0.08045106711306575, 0.07383860918407997, 0.08236337737384661, 0.0702900648614624, 0.07914984652196427, 0.0811441900343846, 0.06932879848442901, 0.08139365269302379, 0.08069094131742156, 0.07406183028457458, 0.07469154633158907, 0.080476098712747], [0.07215893499946305, 0.08081063411059602, 0.07377470963248677, 0.08267751074601146, 0.07026574549374129, 0.07916909995325337, 0.08100698024095407, 0.06935127987345316, 0.08151461983202751, 0.08051453350835258, 0.0739345821692249, 0.0745800500058509, 0.08024131943458487], [0.07221498427390548, 0.08123766434057016, 0.0737074881703665, 0.08297822926547847, 0.07025492621108431, 0.07932561735659878, 0.0808069325180927, 0.06939685001642062, 0.08158526957420197, 0.08028376714192252, 0.07379566144026267, 0.07445637561333271, 0.07995623407776306], [0.07229614178978026, 0.08158897163760463, 0.07368397873349118, 0.08291337738310976, 0.07026473944748092, 0.07950351426293853, 0.0806763463306409, 0.06945601155399095, 0.08164928319671652, 0.0801310855281449, 0.07369984666137444, 0.07438254402951033, 0.07975415944521663], [0.07244326550136851, 0.08200689965663405, 0.07370196379905858, 0.08263418439878516, 0.07035106776729888, 0.07969001493554252, 0.08049373977397235, 0.06960381376890952, 0.08163761847396697, 0.0799375739152197, 0.0736407089951925, 0.07433959760411933, 0.07951955140993204], [0.07247022243067032, 0.08228423789799841, 0.07364983164702098, 0.08289289342618415, 0.07029088200399954, 0.07983874716485258, 0.08039180101171536, 0.06958103750674736, 0.08165645080345328, 0.07982009678134173, 0.0735177046723203, 0.07424756974291308, 0.07935852491078318], [0.07247939194145245, 0.08262809289792096, 0.07355134150458412, 0.08333333333333333, 0.07011408925367746, 0.08013745654548463, 0.08030681448603005, 0.06945555451817899, 0.08175622450754988, 0.07970438560224091, 0.07328692453976605, 0.0740893898302671, 0.07915700103951402], [0.07266269862709367, 0.08282254624740167, 0.07360349079702526, 0.08288940805792538, 0.07015290524585556, 0.08046657691890495, 0.08021110011251781, 0.06955849691267274, 0.08176346392095374, 0.07959950641569807, 0.07321213241736287, 0.07407099943688349, 0.07898667488970455], [0.07280517018745745, 0.08276875657519339, 0.07365423257619033, 0.08244915421539337, 0.07011807837469657, 0.08085559264649, 0.08022293082243034, 0.06956918808058771, 0.0818519676677352, 0.07959832391960042, 0.0731292999482813, 0.07406390714337752, 0.0789133978425664], [0.07305769647462859, 0.08280387712031713, 0.07376268032898022, 0.0818150712913228, 0.07013890178917637, 0.08139164440955904, 0.08015139698326555, 0.0696604876319746, 0.08176065601197627, 0.07953124763812992, 0.07305219206855744, 0.07408418232366812, 0.07878996592844392], [0.07331783536800295, 0.0828958412358403, 0.07389324712167587, 0.08113915646050357, 0.07015018914571226, 0.08198173695602824, 0.0800719294844684, 0.06973477650297345, 0.08154501720074304, 0.07947268941890633, 0.07298802441300552, 0.07412777357680417, 0.0786817831153358], [0.07366489441590628, 0.08256974625852903, 0.07409492585085327, 0.08066162232619584, 0.07035892732242989, 0.08235886121968947, 0.0798953861545979, 0.07001348183697163, 0.08120929704621765, 0.07933595900182183, 0.07305101795991971, 0.07424611981436087, 0.0785397607925066], [0.0738860158042955, 0.08195518831974742, 0.074271710522314, 0.0801229769886366, 0.07039238546812845, 0.08291322772264696, 0.0799885126856845, 0.0700699677352299, 0.08100342538000722, 0.07938350632552783, 0.0730831202250557, 0.0743707983860916, 0.07855916443663424], [0.07403888872572456, 0.08149409681124213, 0.07440992385531019, 0.07971979203829763, 0.070416509723299, 0.08333333333333333, 0.08006920481633392, 0.0701031666577748, 0.08081431393912818, 0.07942144941849427, 0.07312044086719831, 0.07447600558117894, 0.07858287423268469], [0.07424639328385584, 0.08092518334191977, 0.07466659609954852, 0.07928620353576692, 0.07053510898073961, 0.08276739784813601, 0.08028533412306586, 0.07020547602652766, 0.08072405750712616, 0.07959468779633802, 0.07329556826190534, 0.07471900225312877, 0.07874899094194146], [0.07429308706973875, 0.08048399433906916, 0.07482008666980462, 0.07898537242760842, 0.07054967875636943, 0.08233302433845244, 0.08052064030693079, 0.07017801988008919, 0.08077523351234495, 0.07979933801887244, 0.07342184691693558, 0.07489227336079038, 0.07894740440299393], [0.07427439158752752, 0.07985452090766582, 0.0749556635511149, 0.07850644769127749, 0.07047492854112765, 0.08271967252249925, 0.08074954847145163, 0.07004311575523431, 0.08071315151882859, 0.07999406792086956, 0.07351494559384873, 0.0750569209307166, 0.07914262500783796], [0.07405085250031843, 0.07920353984725444, 0.07500008232825943, 0.07806751943064708, 0.07027458558284334, 0.08333333333333333, 0.08108658797585165, 0.06973485889303059, 0.0806993602362243, 0.08030794097922514, 0.0735926342523318, 0.07518797088049856, 0.07946073376018187], [0.07215862699532272, 0.08008285475476389, 0.07397761889453273, 0.08209796901539303, 0.07051299346431339, 0.07897154838792703, 0.08107269651336675, 0.06950352116698207, 0.08105482511426955, 0.08071188337711524, 0.07433070122518126, 0.07488666016640717, 0.08063810092442522], [0.0721807192945366, 0.08051936713225419, 0.07387559167306675, 0.08252362453999905, 0.07044235344489126, 0.07901485041434199, 0.08095419864902827, 0.06948942271481669, 0.08124176671580836, 0.08052736390794063, 0.07414365086246881, 0.07472612282045143, 0.08036096783039584], [0.07220513921316397, 0.08077276852017092, 0.07382661406746048, 0.08277101538086196, 0.07041861823594223, 0.0790290180297498, 0.08086314466083858, 0.06949933512263001, 0.08132018109486616, 0.08040736757264615, 0.07404736556269224, 0.0746428612956475, 0.08019657124333007], [0.07223801571360618, 0.08129850971444179, 0.07371087876008232, 0.0830852869696884, 0.07030081814216278, 0.07930528375585255, 0.08072587784821753, 0.06945115125210236, 0.08152245635103514, 0.08020954330006634, 0.07380604057107802, 0.07445345199162268, 0.07989268563004379], [0.0721960721225798, 0.08087054376173403, 0.07379200551040613, 0.08282864131365605, 0.07035939509311903, 0.07909307384733143, 0.08087578043678466, 0.06945249708025396, 0.0814037571581997, 0.08040010494123874, 0.07397800687769751, 0.07459377695184154, 0.08015634490515725], [0.0723586445328168, 0.08171946173540717, 0.07370325487435143, 0.08290065147254949, 0.07034714490451056, 0.07950731170910384, 0.08056126444243773, 0.06955828834628972, 0.08156722441878754, 0.08002335499594512, 0.073715476121175, 0.07438469659252023, 0.07965322585410536], [0.07248066034708907, 0.08200812556386106, 0.07373023934772369, 0.08271946636813031, 0.07044847162690097, 0.07960491654980713, 0.08040009424245578, 0.06970478904655036, 0.08150263499855749, 0.07986123239199477, 0.07369803458535645, 0.07436850717653765, 0.07947282775503509], [0.07249282113661938, 0.08235486335213478, 0.07365058477957202, 0.08292907754990782, 0.07030960427021901, 0.07985208369091255, 0.08034491856691184, 0.0696100311954556, 0.08162219764342478, 0.07977468593714626, 0.07350923870367075, 0.07423869282078137, 0.07931120035324384], [0.07257060974250597, 0.08275809777101693, 0.07360821831088984, 0.08333333333333334, 0.07030380303562135, 0.07999227710160205, 0.08013166609774387, 0.0696610327622012, 0.08150362010549825, 0.07955695188483548, 0.07338430570280283, 0.07413914221441538, 0.07905694193753367], [0.07273310358270793, 0.08309994965742619, 0.07363794195168075, 0.0828383008287314, 0.07029509263641626, 0.08034446669480365, 0.08005764242609488, 0.06971741282187235, 0.08154989768309757, 0.07946657914029227, 0.07327351545955076, 0.07409626549666759, 0.07888983162065845], [0.07283055978420179, 0.0830240466771361, 0.07366502915821152, 0.08258317165430414, 0.07024921719822415, 0.08064439936383613, 0.08007660907261048, 0.0697063974374953, 0.0816411035626217, 0.07947183017975612, 0.0731957468817902, 0.07407925839688811, 0.07883263063292427], [0.07297037752945736, 0.08290377480205555, 0.0737241480972669, 0.08224629697040911, 0.07025086844393211, 0.08095641458846509, 0.08006771107858886, 0.06974787667997753, 0.08166308095093736, 0.0794581351744384, 0.07314705158159884, 0.07408893765128129, 0.07877532645159176], [0.07314100093219125, 0.08279733036831737, 0.07380494147766038, 0.08187985765022435, 0.07028750773384183, 0.08127078129168978, 0.0800252836783995, 0.06982851529715649, 0.08160519720484255, 0.07941984384110137, 0.07311787834805963, 0.07411577071790593, 0.07870609145860978], [0.07322257106068181, 0.08302490152506725, 0.07383061632252202, 0.08164821580119781, 0.07028132687859956, 0.08144974320285298, 0.07997206739865347, 0.06984907809260024, 0.08152726442818348, 0.07937126361399603, 0.07307458770519451, 0.07410811194638554, 0.07864025202406529], [0.0733477405167817, 0.08333333333333334, 0.07387621334096274, 0.0813344423412457, 0.07029258254736591, 0.08168012019290705, 0.07988236978368825, 0.06989823397586706, 0.08138498320902579, 0.0792923718197087, 0.07302774170227072, 0.07410696295212026, 0.07854290428472285], [0.0735042854218318, 0.0829797817046555, 0.07397847828639635, 0.08101905096836834, 0.07033084517991006, 0.08199150005915033, 0.0798818758968346, 0.0699632800529368, 0.08130852717534107, 0.07930438010107907, 0.07303653515537324, 0.07416919202623302, 0.07853226797188993], [0.07398822887468966, 0.08238109021001574, 0.07427019758893355, 0.08042067000532993, 0.07065688738712614, 0.08234321822033952, 0.07966908600014107, 0.07038180145005761, 0.08088825677131894, 0.07912940450102096, 0.07315903278432576, 0.07435338685031066, 0.07835873935639036], [0.07415223478144004, 0.08191426674556795, 0.07440496484250253, 0.08000123028024145, 0.0706557608163716, 0.0827645953515582, 0.07977250044258521, 0.07039525486796727, 0.08075258247697668, 0.07918095448882752, 0.07317264953697383, 0.07444758828428348, 0.07838541708470423], [0.07362026306997252, 0.0824576781060563, 0.07408594615193573, 0.08061402091239366, 0.0702837782347371, 0.0824576781060563, 0.07998058759035395, 0.06992201983471155, 0.08127424993064586, 0.07941760315098047, 0.07303239998333846, 0.07424694254875454, 0.07860683238006334], [0.07433544205638118, 0.08155772434337731, 0.07454900275734994, 0.07967986025807547, 0.07073570787541568, 0.0829198524221513, 0.07980081535411578, 0.07049458276616137, 0.08058451490895721, 0.0791804581840371, 0.07322850269966885, 0.07455407986766555, 0.0783794565066432], [0.07457734738201245, 0.08100269014958024, 0.07479264340357866, 0.07921655872336868, 0.07084441695410537, 0.08279157200498272, 0.0799322572362509, 0.07060603215279984, 0.08038278241436693, 0.0792702261972082, 0.07335849028253504, 0.07476220881599839, 0.07846277428321256], [0.07460538188853325, 0.08071257241651907, 0.0748892131237967, 0.07901074801962117, 0.0708252348061845, 0.08258549923795287, 0.08009247211008555, 0.07055882352300728, 0.08043391646325201, 0.0794061535324255, 0.07342228294380507, 0.07486764118071422, 0.07859006075410276], [0.07463662194338401, 0.08019450851000623, 0.07504019148922168, 0.07862606938411494, 0.07078835571708919, 0.0825733060674352, 0.08031039637674485, 0.07047444253459077, 0.08043943625127249, 0.07959081177329114, 0.07352135242964575, 0.07503458125533971, 0.07876992626786422], [0.0747331472810327, 0.07964204079624895, 0.07521514157860454, 0.07815806340807764, 0.07080286316796532, 0.08303103870325147, 0.0803799007727168, 0.0704612927186326, 0.08027324810093735, 0.07964328175354742, 0.07361855567276464, 0.07520332956300835, 0.0788380964832122], [0.07449317459830992, 0.07933354600939668, 0.07520655099633705, 0.07802163466219898, 0.0706251710124927, 0.08292416289721373, 0.08071416788940367, 0.07018838548868343, 0.08042881015044179, 0.07995990356495881, 0.07367665968415098, 0.07528146666752204, 0.0791463663788902], [0.07223129030287206, 0.08015632647868115, 0.0740183887981842, 0.08220471060562945, 0.07067096900188112, 0.07885290269099456, 0.08088522500623649, 0.06967351340749389, 0.0809325500979897, 0.08054139198370315, 0.0744095298627354, 0.07492042805405567, 0.08050277370954301], [0.07227621080673073, 0.08080100867679212, 0.0738753286986704, 0.08284419978432989, 0.07057809018691157, 0.07892136950221373, 0.08069470939766213, 0.06966728642556846, 0.08115630931912834, 0.08026446775159324, 0.07413683839435385, 0.0746884326136443, 0.08009574844240146], [0.07225384921935014, 0.08056544137459633, 0.07392274662763772, 0.08261138513010036, 0.07060324491697101, 0.07889290170801683, 0.08077723905644009, 0.06966017571844893, 0.08109144038268516, 0.08037398003964394, 0.07423071859796616, 0.07476868524916219, 0.08024819197898089], [0.07224416167724093, 0.08099527897379805, 0.0737966797877567, 0.08302170648362785, 0.07044757931449329, 0.0790689400795911, 0.08071599150582791, 0.06955931868005291, 0.08130660570061617, 0.08024887567316487, 0.07399214775365416, 0.0745834138463813, 0.08001930052379463], [0.07231930135314124, 0.08117055323390822, 0.07380575463557279, 0.08316409121768532, 0.07055143006790006, 0.0790742025354119, 0.08053426249488256, 0.06969290670728477, 0.08121049563528818, 0.08007109045725463, 0.07399558961309843, 0.07456627843748531, 0.07984404361108646], [0.07240228309866265, 0.08158781800648279, 0.07376617900630357, 0.08303552274040482, 0.07052230961956246, 0.07930976556374456, 0.08043568523822328, 0.06972269709184895, 0.08132753741808943, 0.07993586840580423, 0.07385482885812895, 0.0744655287583858, 0.07963397619435852], [0.0722782833027217, 0.0812964672746766, 0.07374009582149145, 0.08333333333333334, 0.07042898782243591, 0.07918455566980696, 0.0805696920128894, 0.06958261901201822, 0.08133114955790065, 0.080080439159305, 0.07388025293412233, 0.07448492956030536, 0.07980919453899318], [0.07252064915612115, 0.08194528148319817, 0.07376718540304039, 0.08290956709849359, 0.07057615032759626, 0.07947134815417899, 0.08028073562126535, 0.06983283432566977, 0.08131850716522022, 0.07976631344575567, 0.07378047395780146, 0.07441055369595694, 0.07942040016570195], [0.07260744612388005, 0.08215906865795011, 0.07378187435266291, 0.08272587101830366, 0.07062099095453665, 0.07957656736157188, 0.08019525824393182, 0.06991269087241264, 0.08130701347382846, 0.07967414759914865, 0.07374659202181101, 0.07439029615281428, 0.07930218316714782], [0.07261804177324271, 0.08235826241329923, 0.07374015544247021, 0.08287990179353531, 0.07055802929103343, 0.07969104465652155, 0.08014892432488607, 0.06987485373992636, 0.08134022345239296, 0.07961365289467119, 0.07364955335479063, 0.07432115136350786, 0.07920620549972243], [0.07269618922829982, 0.08263702569309032, 0.07372370298341495, 0.08301713791372187, 0.07056417094329136, 0.07981722739379107, 0.08001332852757914, 0.06992652467722447, 0.08128303995214545, 0.07947112085118617, 0.07356281661345758, 0.07425855485200014, 0.07902916037079752], [0.0727645326016233, 0.08310739618243833, 0.07367712117436376, 0.08294870627934152, 0.0704517517626438, 0.08012205934591848, 0.07994434332012178, 0.06986988543670436, 0.0813482950917839, 0.07937785243918838, 0.07338197472313746, 0.07414886479470571, 0.07885721684802931], [0.07281497006021677, 0.08333333333333334, 0.0736737424047169, 0.08277235522726001, 0.0704174608432062, 0.08027687000325162, 0.07991816342652258, 0.06986182979152578, 0.08137127125754216, 0.07934316890434374, 0.07331453295366688, 0.07411528859697504, 0.07878701319743905], [0.07286515840189366, 0.08318878960475791, 0.07369645933743035, 0.08266762445400232, 0.07041645816797824, 0.08039311935966652, 0.07993424855865358, 0.06987464224186865, 0.08141485432043022, 0.07935403787606081, 0.073298414629981, 0.07412107523789438, 0.07877511780938237], [0.0729870187415825, 0.08333333333333334, 0.07372939131478726, 0.08235414108253158, 0.07040556446269235, 0.08066083078549044, 0.07989305434518888, 0.06990723183100467, 0.08141866847131564, 0.07930624952046478, 0.07322684298329805, 0.0741032540001378, 0.07867441912817276], [0.07315576897274789, 0.08296635964136707, 0.07381603824186683, 0.08207094196264847, 0.07045198440593844, 0.08095231755808083, 0.07988478305104932, 0.06999434590786123, 0.0814242672624239, 0.079297048127471, 0.07321296560544875, 0.07414091323250332, 0.07863226603059313], [0.07330416342087362, 0.08273907477165172, 0.07389367192995903, 0.08181512019885265, 0.07050453940789102, 0.08118000706432113, 0.07985560135104813, 0.07008168022977553, 0.081381323707996, 0.07927218791418131, 0.07320910425444573, 0.0741769208022347, 0.07858660494676932], [0.07356545699300703, 0.0829642349022833, 0.0740080073477421, 0.08131665939471731, 0.07060237456845285, 0.08149908291812867, 0.07969721794647235, 0.0702502502095413, 0.08115178256571562, 0.07913283330761027, 0.07317848379819585, 0.07420991207286164, 0.07842370397527172], [0.07384229077386961, 0.08275685073300318, 0.0741614251969358, 0.08090567162283845, 0.07075378611360664, 0.08174877896885295, 0.07957530190725062, 0.07046124749053746, 0.08093855196953144, 0.07903498942296344, 0.07321286153427686, 0.074293936805616, 0.07831430746071742], [0.07403748520265303, 0.08241143137515951, 0.07429084571077185, 0.08045408276865262, 0.07074475119782185, 0.08221485175208795, 0.07959231701348989, 0.07048335428590767, 0.08083248664299135, 0.07906676698589941, 0.0731940087530121, 0.07436720523126505, 0.07831041308028781], [0.07379463638800743, 0.08271488797201137, 0.07414281180469924, 0.08074083811971072, 0.07057389427139837, 0.08208691651415356, 0.07969973295727119, 0.07026691563107348, 0.08103527973486063, 0.07915291524201133, 0.07312590696490873, 0.07427147609611036, 0.07839378830378367], [0.07361768662193717, 0.08301328874528427, 0.0740306942568915, 0.08111553034653537, 0.07055086015870755, 0.08171958390728061, 0.07970762738068012, 0.07021261681784434, 0.08113494651321652, 0.07914501939503722, 0.07313112899116495, 0.07420812047241854, 0.07841289639300202], [0.07337340590064695, 0.0830148234973468, 0.07390776877360317, 0.08154878809147766, 0.07044995894803965, 0.08141900672067799, 0.07982783668079724, 0.07005329583231218, 0.08133851122582282, 0.07924499390902083, 0.0731351319473124, 0.07415475458342541, 0.07853172388951686], [0.07376573744909744, 0.08279125638162647, 0.07412168963098269, 0.0808223984170109, 0.07058235743426483, 0.08199220906736963, 0.07968912481469471, 0.07027160967199608, 0.08104650507810808, 0.07913943713451851, 0.07313080817588791, 0.07425894331718606, 0.07838792342725676], [0.0735931247676726, 0.08279886738740112, 0.07403750284649174, 0.0808525853796291, 0.07036113012147788, 0.08214920109759144, 0.0798715335466782, 0.07000820773686649, 0.08124868444722046, 0.07930318609626717, 0.07304747152039341, 0.07420659708607837, 0.07852190796623185], [0.07416010424146426, 0.08213214147840416, 0.0743809959744113, 0.08018382657111803, 0.0707577722690555, 0.08246600658598968, 0.0796422396852366, 0.07051187515940038, 0.08074109778103311, 0.07908382770189472, 0.07320194735273308, 0.07442623941932833, 0.07831192577993087], [0.074313946540747, 0.08181409067469309, 0.07449757553739683, 0.07989046943811215, 0.07080535827974925, 0.08267301343701323, 0.07967824557149807, 0.07057741363505686, 0.0806110724360998, 0.07908962290102771, 0.07323348985352013, 0.07450812962564421, 0.07830757206944143], [0.07449765137943604, 0.08142417729417041, 0.07465282551230247, 0.07954353333763237, 0.07087117769356481, 0.08280784119121451, 0.07973602033052989, 0.07065757614613655, 0.0804512878019512, 0.07911437997037923, 0.07329268643390818, 0.07462689965772062, 0.07832394325105375], [0.07465604432603024, 0.08112975442804815, 0.0747939311281419, 0.0792876962833177, 0.07095411360005581, 0.08274357260840838, 0.07977733491153809, 0.0707498875750276, 0.0803192777897733, 0.07913569029314957, 0.07336651289738183, 0.07474156063592052, 0.0783446235232069], [0.0747764475355276, 0.08067693213103189, 0.07497475571893263, 0.07893403268480662, 0.07097824373914978, 0.0825148415860446, 0.07995787652646971, 0.07075023344101404, 0.08028606477941029, 0.07928133981894049, 0.07347196731193278, 0.07491509351381352, 0.07848217121292608], [0.07490564604863066, 0.08013736832116342, 0.07517630946185087, 0.07849844844398733, 0.07101247753157, 0.08251488665848168, 0.08009708617453254, 0.07075748243205707, 0.08021253718827652, 0.07939220462959423, 0.07359070660714268, 0.07510801559176739, 0.07859683091094576], [0.0749170516411004, 0.07975840321773843, 0.0752711423204503, 0.07819472064780522, 0.0709677022062716, 0.082857096710731, 0.08019478761743139, 0.07068024348875879, 0.08015327476891518, 0.07947329667747743, 0.07364018343579116, 0.0752103051013746, 0.07868179216615441], [0.07484519405224266, 0.07927509801095427, 0.07536248545225123, 0.07783022648526003, 0.07086331617813076, 0.08333333333333333, 0.08036304500506483, 0.07051178558293884, 0.08010222451114643, 0.07962655893382306, 0.07370604478350642, 0.07533693251577349, 0.07884375515557457], [0.07453721180338016, 0.07899169746465469, 0.07534056628709913, 0.0777506933388571, 0.07067249859528042, 0.08291668782593549, 0.08077590235768951, 0.07020360943417926, 0.08031723348315185, 0.08002773873554213, 0.07379558815626727, 0.07543131532479455, 0.07923925719316834], [0.07347095331437764, 0.08280896027041124, 0.0739728061023161, 0.08157407714558534, 0.07062270011207732, 0.08127605600748515, 0.07973315911416708, 0.07024235951419237, 0.08121533757501045, 0.07916445081913591, 0.07322869548413063, 0.07421241732166539, 0.0784780272194452], [0.07331572628796229, 0.08285429310184649, 0.07390581994122616, 0.08191581713540871, 0.07062621976246614, 0.0809462553441485, 0.07976171359673356, 0.07020316758806769, 0.08125735612022832, 0.079190994521535, 0.07328267993873736, 0.07420017186346016, 0.07853978479817979], [0.07313675460864785, 0.08312138878093185, 0.07382210990546664, 0.08222972863749113, 0.07059159344860386, 0.08062884405418642, 0.07978294408669677, 0.0701216885549997, 0.08126499051940804, 0.0792133846598346, 0.07331503217068269, 0.0741726502734306, 0.0785988902996198], [0.07308509585959454, 0.0830363482480507, 0.07381236358615871, 0.08239152738129682, 0.07061971373379458, 0.08047576049730727, 0.07978844952689593, 0.07012939314176833, 0.08124487991421103, 0.07922426207445595, 0.07336334355926459, 0.07418811104855137, 0.07864075142865015], [0.07295630979521382, 0.08311348119239677, 0.07376713674108593, 0.08264844427151129, 0.07061270196690954, 0.08022323138668072, 0.07980785411798591, 0.07008110384194448, 0.08121495467800713, 0.07925152900893206, 0.07341521251946284, 0.07419031521023457, 0.07871772526963516], [0.0728324346209143, 0.08278189006099325, 0.07377202650128654, 0.08287087685761323, 0.07067657301078095, 0.07988739796722964, 0.0798750688256367, 0.07008195671643323, 0.08116851102943105, 0.0793386553307146, 0.07356501167343536, 0.0742657928976526, 0.07888380450787862], [0.07279661206098656, 0.08256486349914677, 0.07379816975648915, 0.08283759638588996, 0.0707291346124564, 0.07974455743847811, 0.07992005739895466, 0.07010438336852101, 0.08114531919209335, 0.07939600912534564, 0.07365845541417926, 0.07432500446777236, 0.07897983727968684], [0.07362297328594147, 0.08219701788548069, 0.07411871119068907, 0.08044207500108054, 0.07022024121067037, 0.08265240536771397, 0.0801009262054159, 0.06984568767783365, 0.08129067387909227, 0.07951689045394426, 0.07302706205650611, 0.0742799731830666, 0.07868536260256505], [0.07408467574822222, 0.08169777827129945, 0.07440205825457145, 0.07985444797840634, 0.07051434652541316, 0.08308068428246601, 0.07993823618826137, 0.07022461686486042, 0.0807995545632703, 0.07931507984383347, 0.07313675232046783, 0.07445744484756156, 0.07849432431136634], [0.07439521339203867, 0.08118885828703512, 0.07465819795383224, 0.07939706431673393, 0.07070216658441686, 0.08297984921424874, 0.07997078822644761, 0.07044068824646244, 0.08052374680897163, 0.0793137832091755, 0.07327435424447978, 0.07465952539144936, 0.078495764124708], [0.07273684269479988, 0.08236809527451049, 0.07381004862726404, 0.08277449657457166, 0.07073394542790619, 0.07963465792046426, 0.08000518740927506, 0.07007438775741338, 0.08116817286502884, 0.07948887831943462, 0.07372924877790697, 0.07437264898189662, 0.07910338936952807], [0.07268739035692912, 0.08214748915013341, 0.0738316645764301, 0.08270948589413651, 0.07075496260394777, 0.0795143764632919, 0.08008159322249211, 0.07006093516223577, 0.08116645687366712, 0.07957681657448057, 0.07381228536352613, 0.07443001735123957, 0.07922652640749006], [0.07257558566501836, 0.08185894827212924, 0.07381609299658348, 0.08301645596349823, 0.0707166467650148, 0.07934943950205782, 0.08016680962724478, 0.06997541107389216, 0.08114589379770587, 0.07967607600197779, 0.07387118440000615, 0.07446239247351173, 0.07936906346135963], [0.07247616128668496, 0.08154934641067263, 0.07381322587055225, 0.08333333333333333, 0.07070025313165756, 0.07916685399278624, 0.08023486313804452, 0.06991168312280002, 0.08108376782593103, 0.07976519631780123, 0.07394752677710661, 0.07450808177481039, 0.07950970701781906], [0.07245226149386802, 0.08127873427149694, 0.07387322232059718, 0.08303376906324486, 0.07075062002995673, 0.07904182501923611, 0.08033819300204029, 0.0699222075462261, 0.08105231148300689, 0.07989148066836459, 0.07407343127033625, 0.07460884875364607, 0.07968309507797983], [0.07242380588231882, 0.08115237675487136, 0.07388771939900464, 0.08296644601733477, 0.07074504367631307, 0.07898969199985637, 0.08039897555138385, 0.06989631412130583, 0.08104862081339678, 0.07996128973251355, 0.07411439061043358, 0.07464348130820841, 0.079771844133059], [0.07238098441506055, 0.08095049357554138, 0.07391112538766426, 0.08289925155716535, 0.07073951214390146, 0.07890163657884865, 0.08048435006789476, 0.0698595080991922, 0.08102593374293933, 0.08006340186166941, 0.07417959124160417, 0.0746980702553817, 0.0799061410731367], [0.07235540656059926, 0.08073925219347096, 0.0739514137079967, 0.08274433406657027, 0.07075749660017078, 0.07880870064544625, 0.0805654454890149, 0.06984668865229968, 0.08098533746133238, 0.08016623427754306, 0.07426382682476738, 0.07476944767621271, 0.08004641584457564], [0.0723536938828747, 0.08042590049005861, 0.07403667961161639, 0.08244745686442344, 0.07085252757334988, 0.07873506880575605, 0.0806102172542083, 0.06990058136512797, 0.08084504669268822, 0.08025705230989869, 0.07442727681190726, 0.07489813350313743, 0.08021036483495324], [0.07233836307271548, 0.08012152251718267, 0.0741107927051167, 0.08215946551107742, 0.07091027885044408, 0.07869906895742579, 0.0806759533649848, 0.06991669573235537, 0.08072562898507189, 0.08036864027095253, 0.07456778637334438, 0.07501519647734588, 0.08039060718198296], [0.07229329473259165, 0.08037913884895483, 0.07400471695832415, 0.08242517416579025, 0.07074435100540591, 0.07880080774795872, 0.08072531018797444, 0.06978036336864599, 0.08092450480070229, 0.080363882235395, 0.07437943218976362, 0.07487545290011867, 0.08030357085837436], [0.07405146986092259, 0.08214169598565985, 0.07432743460555503, 0.08020643433151009, 0.07062751407628144, 0.0825944025735746, 0.0797445370000511, 0.07035560097635336, 0.08084359737684645, 0.07917468252338275, 0.07315292025373794, 0.07439298538699514, 0.07838672504912975], [0.07383191563841918, 0.08231424534166724, 0.07420234432565587, 0.0804055432258964, 0.07044703946899786, 0.08256593260088474, 0.07985900596024721, 0.07013038067309366, 0.08105472125415376, 0.07929449746906324, 0.07308562387854502, 0.0743149887530285, 0.07849376141034758], [0.07406314894727505, 0.08119363744293355, 0.07450951033149526, 0.07953809725078805, 0.07040771862438217, 0.08297793281306647, 0.08027664521448355, 0.07006337878800141, 0.08082998072967093, 0.07960101460519897, 0.07319989927066754, 0.07459084217545937, 0.07874819380657762], [0.07384080398394192, 0.08174831389440741, 0.07428216465625023, 0.08000229067807035, 0.07030167251608577, 0.08306072660355067, 0.08013326195871896, 0.06995474859569774, 0.08104269349802347, 0.07950399652872994, 0.0730745555018128, 0.07439411457319448, 0.07866065701151628], [0.07320068329924641, 0.08300192533694288, 0.07382412208210143, 0.08139756327425415, 0.07012389361798485, 0.08174803386861346, 0.08009729935618651, 0.06968492274776801, 0.08163786710864962, 0.07948693008497851, 0.0729923188317249, 0.07409184914992174, 0.07871259124162754], [0.07347597363959145, 0.08250089951035611, 0.07401168789826823, 0.08074795425265198, 0.07017197220151299, 0.08236281305969294, 0.08009519039668574, 0.06977717143529082, 0.08143558643104525, 0.07951496519322801, 0.07300173208514474, 0.074207311174619, 0.078696742721913], [0.07417514386501244, 0.08080388698731143, 0.07467095885968296, 0.07924439570817038, 0.07047013139334568, 0.08260001067138835, 0.08043201426096508, 0.07010810308635725, 0.08083012274401093, 0.07972824181669103, 0.07331516834701798, 0.0747502018844102, 0.07887162037563643], [0.07419120537594516, 0.08022058769972491, 0.07482954638958714, 0.07882802671660229, 0.07044207743203863, 0.08247297035151194, 0.08070539006811107, 0.07002403188682325, 0.08084640543732244, 0.0799630299570234, 0.07343976995241724, 0.07493699416919335, 0.07909996456369903], [0.07488009825319891, 0.0787850163885391, 0.07557814132572284, 0.07748184827224212, 0.07094026505306626, 0.08282130258093104, 0.0805313628130596, 0.07052191822548073, 0.08001973665453908, 0.07980566079259038, 0.07392598900045032, 0.07559572396511649, 0.079112936675063], [0.07500348941979115, 0.0790331605348806, 0.075528065982507, 0.07761251542166347, 0.07100201541706194, 0.08311401509924829, 0.08032378340603881, 0.0706522026608985, 0.07996163810091216, 0.07959717815682599, 0.07382875209081, 0.0754844359116589, 0.07885874779770319], [0.07219677736516042, 0.08039599592596727, 0.073712506212352, 0.08109853108592831, 0.06958135316099842, 0.08034832497218386, 0.0818979226179088, 0.06873300949686326, 0.08271308332048939, 0.08115689067398182, 0.0733977928532768, 0.0743948744109171, 0.08037293790397232], [0.07219309753288125, 0.08079058809894751, 0.07365870458038709, 0.08152306599647649, 0.06967255029286626, 0.08013876343147307, 0.08160699372894957, 0.06884173839434417, 0.08273360298061021, 0.08090166031999893, 0.07339959806538185, 0.07433622790786049, 0.08020340866982312], [0.07223858467082353, 0.08106242421214571, 0.07360686475680213, 0.08175321708562384, 0.06964875160727471, 0.08033403517351351, 0.08140408990780175, 0.06886153751858713, 0.08289180858871037, 0.08069803769358219, 0.07328492905184716, 0.0742390763033715, 0.07997664342991637], [0.07229294545862947, 0.08135788666726539, 0.07357821430632698, 0.08201093578275942, 0.06968509732936204, 0.08044192494573699, 0.0811901621809812, 0.06893457320991653, 0.0828283154235049, 0.08049548666769273, 0.07322683465595702, 0.07417624009779976, 0.0797813832740676], [0.07242203533953388, 0.08149052828508996, 0.07359024434236938, 0.08191926115988021, 0.06965781213311763, 0.080800563353382, 0.08106815286336166, 0.06896337908984847, 0.08289050696981906, 0.08036832377421457, 0.07311037397014998, 0.07412175593980251, 0.07959706277943068], [0.0725364420754126, 0.08163906560516432, 0.0736315857759088, 0.08162309876625382, 0.06962423033236183, 0.081115371282758, 0.08103650922655288, 0.06896629858142016, 0.08281986000940873, 0.08033721296511363, 0.07303657457286584, 0.0741133996509744, 0.07952035115580487], [0.07263044344192413, 0.08135741686326871, 0.07374936681724117, 0.08104499312940343, 0.06957576681922834, 0.08130713679160001, 0.08124623952416406, 0.06891306461522773, 0.08268611602202158, 0.08054952419214607, 0.07305518519275914, 0.07421481683533251, 0.07966992975568306], [0.07249019992049907, 0.08059051464845843, 0.07382404239421247, 0.08046615728770447, 0.06944723233446846, 0.08113013743488898, 0.08177562471324024, 0.06869329380471485, 0.082851158242875, 0.08106365497933739, 0.073171810861434, 0.07436816461470586, 0.08012800876346084], [0.07218816372948948, 0.08017223966640454, 0.07371874024922578, 0.08042665545430891, 0.06931254633888279, 0.08081555138735111, 0.08214215335214134, 0.06846641832560825, 0.08333333333333333, 0.08137237445362475, 0.07323152424052955, 0.07436859203956768, 0.08045170742953249], [0.07213633359969737, 0.08013155744589784, 0.07371468732166805, 0.08061918872490259, 0.06940324099756595, 0.08057512419205205, 0.08217362572026785, 0.06853180165941383, 0.08304440988149911, 0.08139738988601894, 0.07333458605658334, 0.07440446561983004, 0.08053358889460273], [0.07226514585275978, 0.08057600228648963, 0.07370488441092538, 0.0810283893164482, 0.06950994997404955, 0.08055856093513993, 0.08183731505835708, 0.06869869108819487, 0.08286669469601832, 0.08108579149853071, 0.07328191609038053, 0.0743385738484369, 0.08024808494426905], [0.07222545460731998, 0.08059167434439099, 0.07367999846967513, 0.08129087021215904, 0.06959032722606118, 0.08032865578291432, 0.08173807980526863, 0.06876835285923487, 0.08287659756354222, 0.08100446066361884, 0.07334199700145204, 0.07433721646735564, 0.08022631499700728], [0.07230037833329925, 0.08106091247222535, 0.07359565946967181, 0.08146386683348955, 0.06950077008978461, 0.08069247842335507, 0.08142669959134215, 0.06875091697353135, 0.08333333333333333, 0.08069703230254695, 0.07312326888815217, 0.07417226277600958, 0.07988242051325878], [0.0724431334676619, 0.08098445770019633, 0.07371574799249642, 0.08103443905948796, 0.06950624172574878, 0.08091924842498177, 0.0815474627676183, 0.0687728924524492, 0.082917983521696, 0.0808195439632846, 0.07313547979415176, 0.07425858668869824, 0.07994478244152863], [0.07235696980032788, 0.08093208118744541, 0.07367097642153378, 0.08116941568874197, 0.06949558451817942, 0.08076044645392971, 0.08157627272489529, 0.06874106954087494, 0.0830720781831629, 0.08083975049267751, 0.073154402291439, 0.07424274129874403, 0.07998821139804821], [0.0723796253195656, 0.08066091206975842, 0.07374649507162334, 0.08076916043808607, 0.06945403905260923, 0.08086584989433426, 0.0817885141966418, 0.06868041206317049, 0.08294197042708287, 0.08104773936699634, 0.07318969124370077, 0.07432530298652068, 0.08015028786991014], [0.07227928864776711, 0.08099436496995124, 0.0736047529958695, 0.08159161129462568, 0.06956620181483901, 0.08054823890588622, 0.08143036621553222, 0.06880108984050816, 0.08315403354489966, 0.08070715642596317, 0.07319410844424579, 0.07420428089645852, 0.0799245060034538], [0.0724474208231248, 0.08141801941752991, 0.07361769951596144, 0.08156271583769843, 0.06956931790170987, 0.08097123414095103, 0.08119043028122307, 0.06887701761604909, 0.08301176891889343, 0.08047850753736184, 0.07306351564801883, 0.07413398471564206, 0.07965836764583613], [0.07253036216203311, 0.08131437574887532, 0.07369481669019243, 0.0811961102331617, 0.06954572369562856, 0.08114058141166333, 0.0812939751222805, 0.06886020626128768, 0.08286817033693386, 0.08058344583815973, 0.07306229042564008, 0.0741904572276679, 0.07971948484647576], [0.07260881917985641, 0.08083526917092189, 0.07385104841602605, 0.08057927041391738, 0.06952891980617187, 0.08116566302262707, 0.08158737567852083, 0.06881600171941561, 0.08266162588163563, 0.08089158620268033, 0.07315301712680884, 0.0743537126832305, 0.0799676906981874], [0.07271737395343451, 0.08117553202021234, 0.07384414424299564, 0.08074688118206341, 0.06959738709744882, 0.08137733438512856, 0.08132945109089243, 0.06893508262021243, 0.08249097723570105, 0.08064818998634399, 0.07309747660116662, 0.0742978429960357, 0.07974232658836451], [0.07236609242818474, 0.0813026385409441, 0.07358998762481289, 0.08177280813045656, 0.06960278827882299, 0.08073730627670532, 0.08120886091318479, 0.06888350641336853, 0.083054384997004, 0.08049804313782631, 0.07312443169793169, 0.0741436273388843, 0.0797155242218736], [0.072591021158504, 0.08161038878215851, 0.07367200703971219, 0.08140324857687171, 0.06960638136350228, 0.08125072084136488, 0.08107483778540986, 0.06895707334219603, 0.08276213923087364, 0.08037726659706654, 0.07302332839497541, 0.07413665808598507, 0.07953492880137991], [0.07271488158051105, 0.08157905456314357, 0.07375513022191986, 0.08110164331304504, 0.06962616517415032, 0.08147062327442167, 0.08107436709349097, 0.06899878257240093, 0.08256123778132272, 0.08039134790079464, 0.07302126431058464, 0.07418545373854796, 0.07952004847566656], [0.07190775135459734, 0.07915848234481314, 0.07383341444947568, 0.08047955007998776, 0.06952158892161416, 0.08008007487529344, 0.0826237472696217, 0.06849257486816937, 0.08222026568599354, 0.08196624050293548, 0.0737471885397518, 0.07470236217651079, 0.08126675893123556], [0.07194423017507415, 0.07928951460814, 0.07380487559836782, 0.08027657349103602, 0.0693931115961248, 0.08033603871996531, 0.082751230341012, 0.0683976644165069, 0.08247441653317836, 0.08197526662879664, 0.07359484325291946, 0.07462557645161609, 0.0811366581872624], [0.07210240398534165, 0.07945915115610011, 0.0738479616364479, 0.07986071982428604, 0.06930041780676739, 0.08078966224899242, 0.08268996356322446, 0.0683649551384633, 0.0827229489676445, 0.08190526641500838, 0.07343475591462316, 0.0745830924156589, 0.08093870092744188], [0.07235931409825642, 0.07924069684641494, 0.07406803984226154, 0.07924988573994672, 0.06936890148208147, 0.08123503676316474, 0.08260253893836547, 0.06846373369753449, 0.08234855060712885, 0.08193245319413785, 0.0734820254356393, 0.07474373441406029, 0.08090508894100801], [0.07249632094383852, 0.07805389996109859, 0.0745189063791768, 0.07825326801540597, 0.06960720439062118, 0.0810150336962022, 0.08302247055142675, 0.06858802967042738, 0.08131298321783255, 0.08239431991710541, 0.07397547273626116, 0.07529347180169657, 0.08146861871890707], [0.0722933953447579, 0.077468007690925, 0.07462229152702872, 0.0782851340592953, 0.06981919641102802, 0.08025941699884598, 0.08249775120140353, 0.0686606698537792, 0.08090976049919038, 0.08293757824609493, 0.07441880709390206, 0.07558082752082654, 0.08224716355292226], [0.07205520785060915, 0.07752859640285692, 0.07445652725168876, 0.07884432009447558, 0.0698781938250215, 0.07981005888404874, 0.08224852100259418, 0.06866598197030875, 0.08095491951951804, 0.08294990377752567, 0.0745193373165484, 0.07550725503367281, 0.08258117707113136], [0.07192048335328272, 0.07801808032057846, 0.07420123689801573, 0.0795802981493709, 0.06979898036843321, 0.07973471944225106, 0.08246380159607476, 0.06862214003405405, 0.08131484526231476, 0.0825874412279037, 0.07432282905018676, 0.07522924216334888, 0.08220590213418502], [0.07187945034502119, 0.07880549324750921, 0.07391346177485578, 0.08022084337192309, 0.06955781739454615, 0.0799978970150824, 0.08272549754815672, 0.06848299654358764, 0.08197434578914697, 0.08219390118548839, 0.07388383907437303, 0.07483006860521006, 0.08153438810509919], [0.07191094581451317, 0.07905029230444649, 0.07384715236115486, 0.08011017480861721, 0.06939567443724945, 0.08028621985938063, 0.08290458705142502, 0.06836837842740597, 0.08229294190546393, 0.08215037799916594, 0.07367117205519481, 0.07470007911010575, 0.08131200386587671], [0.07200907720520605, 0.07907345762452236, 0.07389005432342047, 0.07971732472268199, 0.06929954742072474, 0.08062902408882315, 0.08300671275833743, 0.06830528142640431, 0.08239783796347812, 0.08219675249827522, 0.07356023985047996, 0.07468857355075612, 0.08122611656688992], [0.07210751587526525, 0.07908991765636202, 0.07394908522310935, 0.07952387625580755, 0.06930787730203399, 0.0808172183100514, 0.0828920313379793, 0.06833588297345264, 0.0823914181207092, 0.08217016095868394, 0.07353951250631297, 0.07471428272564472, 0.08116122075458754], [0.07215021823045813, 0.07871430636599835, 0.0740879031686927, 0.07917654066848998, 0.06936691392082397, 0.08081318658601157, 0.08290916906957066, 0.06835976560605893, 0.08204357279833077, 0.082427235116396, 0.07368455867782259, 0.07488258937832783, 0.0813840404130187], [0.07189664745812926, 0.07844815124749452, 0.07401225479911844, 0.07957152331083636, 0.06944725099760135, 0.08019565973974303, 0.08303808887223117, 0.06834833475886304, 0.08181474585635588, 0.08263379222556767, 0.0738929940550407, 0.0749349032872047, 0.08176565339181376], [0.07196840624349693, 0.07796988229731755, 0.07422142255174169, 0.07911263647962437, 0.06959169449362589, 0.08009446574098725, 0.0826866676697871, 0.068