[[0.07370244485171382, 0.07605360347310246, 0.07504872831256523, 0.07078075502892048, 0.07126238251639185, 0.07367261769592348, 0.08040429505564303, 0.08152190404289399, 0.08114685869882943, 0.08094837230463148, 0.08253073323114075, 0.08163730524299129, 0.07128999954525252], [0.07369612766868987, 0.0759477292024631, 0.07495796088395945, 0.07077539138911682, 0.0712681360819589, 0.07369368551372746, 0.08022568012685809, 0.08140704268187864, 0.08099928190796298, 0.08124446215332644, 0.08279029241529327, 0.08171146487346057, 0.07128274510130451], [0.07370798770667247, 0.07583709685696714, 0.07486856470367717, 0.0707995499645802, 0.07130327730881802, 0.07373710791351447, 0.08001201818339444, 0.08124161716246675, 0.08080846598915681, 0.08159823861103016, 0.08303932736381667, 0.08174388249132626, 0.0713028657445793], [0.0737470065990321, 0.07576954250918999, 0.07481569449206465, 0.0708336480764095, 0.07135189939258438, 0.07380446336453468, 0.07986601036114534, 0.08113466384709175, 0.08068345791824198, 0.08188986566507567, 0.08298581777063525, 0.08178136660211635, 0.0713365634018783], [0.07382561106154328, 0.07571658883762229, 0.07478616564387475, 0.07092847909041887, 0.07145877986500963, 0.07391435466705698, 0.07969353897844887, 0.08098108610784874, 0.08052037242794641, 0.08223454934520957, 0.08275417610286631, 0.08175909260789907, 0.07142720526425517], [0.07383092635065613, 0.07564174859055661, 0.07471520090459907, 0.0708982966515814, 0.07144873572603166, 0.0739452088118277, 0.07958117226445498, 0.08090095590868283, 0.0804282089484274, 0.08246582763419182, 0.08296912992846454, 0.0817720685258316, 0.07140251975469429], [0.07382727871093778, 0.07552788742462013, 0.07459275195133169, 0.07078436771774274, 0.07137992727309375, 0.07398421922671929, 0.0794570505601944, 0.08084439620671073, 0.08034897301899503, 0.08275336037051588, 0.08333333333333333, 0.08185919966061285, 0.07130725454519228], [0.07394317506955615, 0.07550677502023459, 0.07457794671331344, 0.07083569666146108, 0.07146747211760272, 0.0741410879518228, 0.07935594218121314, 0.08077085924355083, 0.08026891307529964, 0.0829141210001965, 0.0829689957148465, 0.0818796010188883, 0.07136941423201422], [0.07404805990067506, 0.07551211433576889, 0.0745727721835072, 0.07082535056418295, 0.07150250295405236, 0.07428292254322336, 0.07933873540282334, 0.08079282511076369, 0.08028265995787724, 0.08287219947966054, 0.08261115531570476, 0.08197936135664152, 0.07137934089511909], [0.07426361556958117, 0.0755670821959358, 0.07462539802560378, 0.07091543581040545, 0.07164870628113042, 0.07454909371375958, 0.07929697892985824, 0.0807587153307383, 0.08025693041343482, 0.08255370556874395, 0.08210485345317052, 0.08196791338926966, 0.07149157131836834], [0.07445819189985857, 0.07561830145539931, 0.07469064015782052, 0.0709500965183884, 0.07174608859021366, 0.07479304464613949, 0.07926342172058212, 0.0807126009310811, 0.08023107581817833, 0.08254482140639438, 0.0815701814228765, 0.08186685959897128, 0.0715546758340964], [0.07462344847041147, 0.07563590532294324, 0.07473855810346333, 0.07102831122687762, 0.07186736633199255, 0.07500145119516133, 0.07914848686254629, 0.08055056815662595, 0.08009775305542874, 0.08287016021609274, 0.08117077993551682, 0.08161895592742356, 0.07164825519551625], [0.07471436682380063, 0.07567202522687928, 0.07476433887227085, 0.0709284353394679, 0.07182575093364649, 0.07512230260817089, 0.0791716494933445, 0.0805460853802261, 0.08012201971340573, 0.08333333333333333, 0.0807232288821327, 0.08149392506303536, 0.07158253833028619], [0.07485368405925785, 0.07577664730259405, 0.07486584171121932, 0.07095888548746294, 0.07188945073413941, 0.07527533807285604, 0.07923528166023121, 0.08056197791757495, 0.08017025870687786, 0.08298359508315574, 0.0804114928516618, 0.08138477791483119, 0.07163276849813745], [0.07498356614440839, 0.07592755869467538, 0.07499436557263109, 0.07094708068862914, 0.07191213409874882, 0.07540497669604052, 0.07938537714439518, 0.0806461060674993, 0.0803003687507498, 0.08252165550664634, 0.08005011185227191, 0.08127971935685341, 0.07164697942645067], [0.07503400719073458, 0.0760569361976166, 0.0750898673957469, 0.07089624094933485, 0.07187799014571193, 0.07543749889862494, 0.07956640878977489, 0.08077312751343416, 0.08046707561729269, 0.08214721146838541, 0.07980690633325162, 0.0812315534443678, 0.07161517605572366], [0.07512139712731077, 0.07624816606538116, 0.07524043920507119, 0.07087200194193162, 0.07187042970833017, 0.07549657699649288, 0.07979465432639056, 0.0808899432583186, 0.08065428578819582, 0.08165261148257742, 0.07946078816763828, 0.08108617695648208, 0.07161252897587955], [0.07512129850846605, 0.07645306163240362, 0.07538042888174841, 0.07079845715936478, 0.07179239740696142, 0.07543876958812529, 0.08012803199425572, 0.08109586336474829, 0.08094432800605791, 0.08113569438363492, 0.07917517597933726, 0.08098163241961394, 0.07155486067528248], [0.07374826564671935, 0.07620463341373274, 0.07521082666449487, 0.07093605869623816, 0.07137459209574186, 0.07367534751110733, 0.08051550665511636, 0.08145298654700182, 0.0811528703075314, 0.0806296584682381, 0.08230578512007278, 0.08136570563081033, 0.07142776324319489], [0.07372409109640692, 0.07605897934160144, 0.07508014128352136, 0.07089977429471189, 0.07135533189504395, 0.07368669888571344, 0.08030308939123555, 0.0813546031699501, 0.08099960402570593, 0.08099295309443875, 0.0826598972208271, 0.08149352870940345, 0.07139130759144031], [0.07371703750225733, 0.07598020707499174, 0.07501148032841223, 0.07089069080850413, 0.07135506403422605, 0.07369967373123809, 0.08017695002451092, 0.08127807917915607, 0.08089886209168545, 0.08120288413813997, 0.08286547178062931, 0.08154225585375423, 0.07138134345249447], [0.07371523956539255, 0.07582645914467692, 0.07486837043399183, 0.07083935583346501, 0.07133593493741813, 0.07374510891263743, 0.07995855424296909, 0.08117114267165758, 0.08074298052481137, 0.08164598846703001, 0.08312764486263949, 0.08168662986210877, 0.07133659054120169], [0.07370790650060247, 0.07594399787850001, 0.07497181722478274, 0.0708506035932796, 0.07132698936035656, 0.07370187098571644, 0.08015113865554728, 0.08129187005346598, 0.08089673143461733, 0.08128752000271447, 0.08291409099382555, 0.08160911938787704, 0.0713463439287146], [0.07377679506490967, 0.07575712476047607, 0.074819604561842, 0.07090594911548939, 0.07141740264908067, 0.07383968242298483, 0.07978366057693319, 0.08103429925981821, 0.08058818042416668, 0.08199485801401621, 0.08297448570721512, 0.08170714254773685, 0.0714008148953311], [0.07384556330221521, 0.07572849971744197, 0.07481368308033699, 0.07100980450831774, 0.07152373318930114, 0.07392843751301167, 0.07964758884411653, 0.08089692253928217, 0.08044933242191032, 0.08223258756598549, 0.08278041902432338, 0.08164592584892887, 0.07149750244482851], [0.07384056340598093, 0.07562965616058405, 0.07470833478921671, 0.07091622106560379, 0.07146710034069899, 0.07395937009406554, 0.07954419482407588, 0.08086085233028663, 0.08038906730223276, 0.08252379094057442, 0.08299887014029797, 0.08174321144935687, 0.07141876715702544], [0.07389559372021505, 0.07555919823441087, 0.07465635347695766, 0.07096861569102927, 0.07153653294081443, 0.07404655070180423, 0.0793684389642035, 0.08069246148997986, 0.08021841266754957, 0.0828588544796503, 0.08307556863349476, 0.08165277606068944, 0.07147064293920101], [0.07396969626919772, 0.07549956989602832, 0.07459486405541174, 0.07094507509169286, 0.07155813668083512, 0.07416592936151799, 0.07926076603537678, 0.08063180185021968, 0.08014433947347958, 0.0831408568860853, 0.08292506957029283, 0.0817001165905514, 0.07146377823931069], [0.0740422465324177, 0.07549643029030054, 0.07458179492920208, 0.07092207463907992, 0.07157198633998571, 0.07426797333690578, 0.0792502653020633, 0.08065840843489354, 0.0801616706121502, 0.08307929936816319, 0.08271718471513707, 0.08179306426136461, 0.07145760123833625], [0.07414271898029322, 0.0755098866147568, 0.07458958151523204, 0.07093634059580396, 0.07162189904369945, 0.07439878922663376, 0.07923086550569755, 0.0806600911950897, 0.08016109165799824, 0.08298169622497349, 0.08244348411487266, 0.08183648390545774, 0.07148707141949132], [0.07428111972973321, 0.07554903091408016, 0.07462862793008335, 0.0710030076242943, 0.07172174536309305, 0.0745677775543716, 0.07920708085438712, 0.08063834817749267, 0.08014511151405884, 0.08271858175965446, 0.08214922311766233, 0.0818239002943469, 0.07156644516674199], [0.07437370789608494, 0.07557784297940834, 0.07466552720643295, 0.07105725211529608, 0.07179510637662295, 0.07467890169912876, 0.07918723836727934, 0.08061178778759893, 0.08012532974001499, 0.08254302888117053, 0.08196892950372109, 0.08178784441814486, 0.07162750302909629], [0.0745049857687826, 0.07561995714393464, 0.07472666569531354, 0.071142305535898, 0.07190478638983723, 0.07483506844855317, 0.07915338101259775, 0.08056059390263645, 0.08008654930748993, 0.08230858778080352, 0.08172728800955813, 0.08170903309253026, 0.07172079791206472], [0.07456366323943814, 0.07562359985324647, 0.07473076180327246, 0.07109606424163843, 0.07189439770670511, 0.07491781160224083, 0.07914265350549717, 0.08055006253555623, 0.08008436732889711, 0.08256551360397471, 0.081467085627045, 0.08167078005706034, 0.07169323889542803], [0.07479803392011268, 0.0756610904191984, 0.07481191855841383, 0.0712342113575147, 0.0720847844423203, 0.07520721047950682, 0.07899260922338307, 0.08033275229810835, 0.07990488560971894, 0.0828186625499556, 0.0809579567856158, 0.0813473470626293, 0.07184853729352224], [0.07487985333718133, 0.07570353006126666, 0.0748435348993266, 0.07115236837359559, 0.07205168186288023, 0.07531280644390285, 0.0790299517117434, 0.08034875449049916, 0.07994352914524434, 0.08305197054204597, 0.08061316320736807, 0.08127285933316519, 0.07179599659178079], [0.07459251098913566, 0.07563867589653243, 0.07472451468310541, 0.07094765559703427, 0.07179562871933226, 0.07496736581502193, 0.07920485706716864, 0.08062207949147407, 0.0801668127217363, 0.08294487728631683, 0.08113431592680116, 0.08168415381657981, 0.07157655198976108], [0.07499740953637248, 0.0757699922717741, 0.07491361463495581, 0.07117930707779518, 0.0721091427868659, 0.07544818701208664, 0.079043185395366, 0.08032160690171293, 0.07994185159571084, 0.08292819016323656, 0.08034969265833439, 0.08115853806847537, 0.07183928189731398], [0.075156668362921, 0.07590548791827477, 0.07503815196837185, 0.07118611974014172, 0.07215865420916649, 0.07562027292549485, 0.07913698881624169, 0.08034669863157744, 0.08001132001962181, 0.08257574107746851, 0.07996744126953348, 0.08102272361345686, 0.0718737314477294], [0.0751888533291086, 0.07598814900893407, 0.07509590907407471, 0.07112933074895446, 0.07211845194541674, 0.07564348198336569, 0.07925832180372844, 0.08043795946838314, 0.08012618807765773, 0.0823649665094011, 0.07980327876900697, 0.08101187266764076, 0.07183323661432772], [0.07526331317587329, 0.07614492144523399, 0.07521560080934325, 0.07107791810195557, 0.07208924733100484, 0.07569895860499666, 0.07945230948848278, 0.08055505594699984, 0.08029393503577978, 0.08195946579927652, 0.07951044285592263, 0.08093354942506498, 0.07180528198006575], [0.07540420163355153, 0.0763184013378932, 0.07537064013416987, 0.07111425238632049, 0.07214842229794241, 0.07582820619127123, 0.07959439615973493, 0.08055652208715933, 0.08036135406934172, 0.08154195898263696, 0.07916515449603058, 0.08073509919300605, 0.0718613910309416], [0.07531295143414243, 0.07642586078991957, 0.07541590457823093, 0.07097601134595455, 0.07199889388275936, 0.07568518235143422, 0.07987466753972927, 0.08079169780462027, 0.08063397813815934, 0.0812721030967029, 0.07908301173555063, 0.0807964427953398, 0.07173329450745687], [0.07377731984049395, 0.07620897547353372, 0.07524262975997197, 0.07106225841323427, 0.0714756285748334, 0.07369881818789185, 0.08040214602046501, 0.0812865296359358, 0.08099905922704127, 0.08067711534461759, 0.08238971938191532, 0.08124363060434463, 0.0715361695357212], [0.0737492517229282, 0.07599488427735748, 0.07505154306732052, 0.07101727321613231, 0.07145670238817309, 0.07372433544701189, 0.08008731720302323, 0.08112707730256498, 0.08076733553963514, 0.08121595826149072, 0.08292434976134679, 0.08139313890509488, 0.07149083290792078], [0.0737552174666194, 0.07607003328225756, 0.0751173619976442, 0.07102644922956565, 0.0714569357074996, 0.07371094584740077, 0.08020490106793468, 0.08119645814822417, 0.0808593367071439, 0.08101939691277331, 0.08272979017987118, 0.08135256388799901, 0.0715006095650665], [0.07372413236977923, 0.07591995620783365, 0.07496894014557334, 0.07092997222476433, 0.07139302662378592, 0.07372098190399955, 0.08003834511576026, 0.08115279731090494, 0.0807636380161333, 0.08138547474650844, 0.08307371360609798, 0.08151522010738257, 0.07141380162147662], [0.07375483884595646, 0.07588631655461776, 0.07496051083039525, 0.07102633516694758, 0.0714783757545561, 0.07376017464549849, 0.07989664737720338, 0.08099402981291785, 0.08060693708082368, 0.08152580526688756, 0.0831918904403921, 0.08142058334851092, 0.0714975548752929], [0.07379494137654616, 0.07579915870909636, 0.07488411373253107, 0.07103378146553803, 0.07151099947492535, 0.07383746630410214, 0.07974722136322247, 0.0809160811849172, 0.080499128100097, 0.0818772039016597, 0.08308489623125996, 0.08150568141622477, 0.07150932673987964], [0.07372741792946973, 0.0758321237757236, 0.07489593407104125, 0.07093894670909903, 0.07141127551015086, 0.07374807641938147, 0.07987942670796169, 0.08103139271246337, 0.0806238756409783, 0.08163675111587682, 0.08333333333333333, 0.08152102157017187, 0.07142042450434855], [0.0738770729825207, 0.07575620989030141, 0.07486249745675876, 0.07112865824946035, 0.07161830364597367, 0.07394930180922846, 0.07959733359756277, 0.08079117800326516, 0.08036277531194189, 0.08217738559895546, 0.08278542852046976, 0.08149308333615267, 0.07160077159740895], [0.07391999899137304, 0.07572545349993313, 0.074842450283011, 0.07117086285230127, 0.07167027191367806, 0.07401079332091581, 0.07950907534967482, 0.08071752099317499, 0.08028313761598446, 0.08235449887559405, 0.08267407243332164, 0.08147938203531889, 0.07164248183571884], [0.0739209631301484, 0.07567272290697757, 0.0747887673504261, 0.07113332797909815, 0.07165055235115861, 0.07403074802775096, 0.0794452355181758, 0.08068420188773294, 0.08023890595559853, 0.0825221652236148, 0.08279331335634976, 0.08150779106897328, 0.07161130524399519], [0.07396468913821863, 0.07561839906980874, 0.07474617166993634, 0.07116413791790453, 0.07169788935672453, 0.07410083121276073, 0.0793199677146031, 0.08057439650724824, 0.08012381983242117, 0.08275469899291876, 0.08282794165022764, 0.0814633652667039, 0.07164369167052381], [0.07399229515503028, 0.07552941929641949, 0.07464994404277939, 0.07108313961384959, 0.07166291860506141, 0.07417191015101904, 0.07921379742403371, 0.08052716500301407, 0.08005809641228563, 0.08314625173232167, 0.08285646505450814, 0.08152729323087703, 0.07158130427880043], [0.07401559609727566, 0.07549826583903022, 0.07461510973559306, 0.07105357356936973, 0.0716554642060857, 0.07421542911078187, 0.07917207995316852, 0.0805087051800724, 0.08003313712353786, 0.08333333333333334, 0.0827856058220004, 0.08155280706903538, 0.07156089296071595], [0.07404792881369196, 0.0755015960904216, 0.07461491815948362, 0.07105083187755049, 0.07166648621115161, 0.07425886654253738, 0.0791728815707966, 0.08052426246275052, 0.08004476488169185, 0.08321387953786133, 0.08274564945611348, 0.0815935905258114, 0.07156434387013819], [0.07412438465085329, 0.07548540878088761, 0.07459532253772912, 0.07104817857851381, 0.07169841361487322, 0.07436723712786268, 0.07912172070981796, 0.08049678369356607, 0.0800129563586549, 0.08333333333333334, 0.0825259780473678, 0.08161476303182426, 0.07157551953471605], [0.07424454680098966, 0.0755168291355609, 0.07462446518464277, 0.07109566357301922, 0.07177815612961234, 0.07451619430459408, 0.07910890123059941, 0.08049691099781786, 0.08001350077376976, 0.08303149856473882, 0.08229502019103486, 0.0816424159985971, 0.0716358971150232], [0.07435375181116566, 0.07554907305672158, 0.07465741941894455, 0.0711525970178696, 0.07185999420628728, 0.0746487843904434, 0.07909104067029984, 0.08047927611950097, 0.08000048841055211, 0.08278865851297726, 0.08208738707563684, 0.08162939574760383, 0.07170213356199713], [0.07458122222379181, 0.0756155310584111, 0.07476061329416264, 0.07132100794200853, 0.07206654051529017, 0.07491904454349331, 0.0790153011229548, 0.08037376973213586, 0.07991439700697789, 0.0823698632997414, 0.08169189070866349, 0.08148970188894476, 0.07188111666342437], [0.07474374686422652, 0.07564930020957984, 0.07482174484315353, 0.0714158957866079, 0.07219736336354432, 0.07511832530044102, 0.07893909904158423, 0.0802684143563065, 0.07982775439398614, 0.08233706921182561, 0.08135341736066326, 0.08133972722201503, 0.0719881420460659], [0.07482918788532941, 0.07566437761153993, 0.0748306156346631, 0.07131639575414896, 0.07215708633444037, 0.07523956550087177, 0.07894706654193942, 0.0802729967233325, 0.07984750213444261, 0.08270262092921293, 0.08098095424661783, 0.08128998838757243, 0.07192164231588875], [0.07470824310752364, 0.07564144241641509, 0.07478498180271374, 0.07123747411869456, 0.0720536802629091, 0.07509198432289377, 0.07902065767110923, 0.08038138108171053, 0.07993714406642875, 0.08263123194156141, 0.08122717930120822, 0.08144943491908667, 0.07183516498774552], [0.07463304574048371, 0.07563362141601025, 0.07477715130280886, 0.07129602754554765, 0.07206700714424216, 0.07498683276858027, 0.0790315781419153, 0.08039547240007483, 0.07993959869069417, 0.08233123394681711, 0.08153627730130467, 0.08150228527737609, 0.07186986832414508], [0.07445437921799913, 0.07558494789733812, 0.07470091000900542, 0.07118570283896045, 0.07192042491290727, 0.07477138537956624, 0.07909277819170972, 0.08048296597235635, 0.0800090485284327, 0.0825373614133418, 0.08188229514509479, 0.08163048366849147, 0.07174731682479638], [0.0746979204894908, 0.0756396577501458, 0.0747859481464811, 0.07126335527425698, 0.07206866535128112, 0.07507588609282169, 0.07901437557349913, 0.080373786595567, 0.0799273724092395, 0.08255316468117492, 0.08129414452118441, 0.08145113553441441, 0.07185458758044322], [0.0745995319022229, 0.07562861039404582, 0.07473724967546912, 0.07108027102373966, 0.0718966825845337, 0.07496616263050952, 0.07913343578431042, 0.0805359344244141, 0.08007666622993453, 0.08269614366499387, 0.08132869931442, 0.08163395923035915, 0.07168665314104718], [0.07488867925406535, 0.07568629567173561, 0.07484924891968583, 0.07127316045369991, 0.07214625447724152, 0.07531754661781037, 0.07895615843056378, 0.08026934281775422, 0.07985734844090384, 0.08286577075813113, 0.0807571188572135, 0.08123629879016926, 0.07189677651102559], [0.0749750539256852, 0.07572734969734288, 0.07489066128697996, 0.07126238614711326, 0.07216719012554008, 0.07542252410187629, 0.07896393825432223, 0.08025102078632972, 0.07985817337628738, 0.0829135531731256, 0.08051398386614277, 0.08115073029644954, 0.07190343496280524], [0.07509166529252767, 0.07580177389071795, 0.07496327478575249, 0.07126595492444611, 0.0722058956491578, 0.07555658107278804, 0.07899681123053473, 0.08024273717174009, 0.07987728909944254, 0.08279556456358636, 0.08022883909128968, 0.08104624726102598, 0.0719273659669906], [0.0751915606980041, 0.07587164080217577, 0.07503275356080842, 0.07128742981765494, 0.07225159413760177, 0.07566744357693983, 0.07902564612111594, 0.08023136115438573, 0.07989013106626662, 0.08261911371350592, 0.08001481707814144, 0.0809534813929636, 0.0719630268804358], [0.07528214307582723, 0.07599652026636654, 0.0751314663662635, 0.07123685622700013, 0.07223296133525504, 0.07575545218063236, 0.07916410177788545, 0.08031401823034529, 0.08001129753057903, 0.08232228958034848, 0.07972655701210422, 0.08088823806782021, 0.07193809834957264], [0.07541107213009936, 0.07616015194923388, 0.07527139114024435, 0.07123171813388869, 0.07225768503602617, 0.07587703906721503, 0.07930619284554973, 0.0803625834188108, 0.08011506448053753, 0.08191543353502859, 0.07938523607087322, 0.08074877178001012, 0.07195766041248243], [0.07547787756312059, 0.07627863732830086, 0.0753670929295981, 0.07121533773801207, 0.07225611350917133, 0.07592979618301454, 0.07944893497336991, 0.08040934550784426, 0.0802037310232399, 0.08163229609213893, 0.07916709980627416, 0.08065684449100659, 0.07195689285490882], [0.0755218978782803, 0.07643806636343013, 0.0754852531680993, 0.07116823872011929, 0.07221839367744516, 0.07594105920842988, 0.07968667026715867, 0.08050631031853492, 0.08035948225046274, 0.0812680067732788, 0.07891833028878399, 0.08056078255221243, 0.07192750853376459], [0.07537932182687056, 0.07654852579454759, 0.07551928388055912, 0.07099378556021847, 0.07202282215343354, 0.0757321351390527, 0.0800180759208576, 0.08079734831530329, 0.08069258406173548, 0.08100218464667697, 0.07887351466444484, 0.08065941304163701, 0.07176100499466283], [0.07447769305378908, 0.07557907974348359, 0.07471413561486838, 0.07128048893290471, 0.0719996460951463, 0.07479356150049558, 0.07902008812053965, 0.08038204677789788, 0.07991584124368938, 0.08260785851452937, 0.08189116169985344, 0.08150910058392002, 0.07182929811888274], [0.07433692210006856, 0.07553628301178177, 0.07466545464955181, 0.07123261829389455, 0.07191279927262857, 0.0746199793894907, 0.07902808898394978, 0.08038421212775314, 0.07991296382831924, 0.08293778514814244, 0.08216287640150645, 0.08150518970624862, 0.0717648270866642], [0.07421245783596234, 0.07551354809608404, 0.07464620367328806, 0.07119577421146438, 0.07183772383229667, 0.07446156647790088, 0.07905257492325503, 0.08039355449098648, 0.07992195021431883, 0.08315783986835881, 0.08240835393950528, 0.08148601921297362, 0.07171243322360558], [0.07418063361367627, 0.07552505020492718, 0.07466311864204637, 0.07121816599240711, 0.07183912118432888, 0.07441259794283342, 0.07906938236979329, 0.08039325709385435, 0.07992532804057517, 0.08308701812516389, 0.08250203066897435, 0.08145902946492964, 0.07172526665649002], [0.07410185248613986, 0.07553323407921467, 0.07467460540256254, 0.07121323984008221, 0.07180166108974513, 0.07430388576809388, 0.07910695696773597, 0.08040490006719155, 0.07994278956912053, 0.08315071352937918, 0.08263779547936141, 0.08142097665382608, 0.07170738906754698], [0.074038510891501, 0.0756013825474348, 0.07474813319117116, 0.07126098004331814, 0.07180043472804584, 0.07419375162815252, 0.07920745632743535, 0.080452586301218, 0.08000575189047691, 0.08287397906282043, 0.08271217194094678, 0.08136891389351678, 0.07173594755396255], [0.07402167173049057, 0.0756480718256348, 0.07479659798206349, 0.07129325367863301, 0.07181037530490919, 0.0741544534761531, 0.0792685316186049, 0.08048438371789249, 0.08004697778990012, 0.08269191673512259, 0.08267911194489508, 0.0813447801300991, 0.07175987406560139], [0.07458556166119658, 0.07565645617720136, 0.07472308694619437, 0.07085377931519096, 0.07172186726030218, 0.07496224729490368, 0.0792735864185411, 0.08069887455185469, 0.08024807909783571, 0.08306020208028413, 0.08099600842178412, 0.08172190202556731, 0.07149834874914376], [0.07485221702412431, 0.07573206829506593, 0.0748423116902377, 0.07102457988224782, 0.07194301393308504, 0.07528001344347662, 0.07913911426827255, 0.08046720241821788, 0.08006737669821096, 0.08311685595674322, 0.08050576440632469, 0.08134325295870169, 0.07168622902529151], [0.07505165577305938, 0.0758559985087154, 0.07497544867592895, 0.0711120963693286, 0.07206953168909565, 0.07550178978743037, 0.07916289999449369, 0.08041439937786767, 0.08005866778385631, 0.08273229156520451, 0.08012651561891747, 0.08114463470450485, 0.07179407015159725], [0.0739899883394596, 0.07569065217338347, 0.07483286206123164, 0.07128212063306287, 0.07178357946087312, 0.07410144682034572, 0.07935518268403689, 0.08055297458708724, 0.08012164599559514, 0.08252696602243573, 0.08265560413533563, 0.08136138649095444, 0.07174559059619863], [0.07397101542350429, 0.07574423513387814, 0.0748820846387438, 0.07129062203379788, 0.07177480439713681, 0.07406035245769532, 0.07944346318367614, 0.08061511319896729, 0.08019315633857482, 0.08234205314945635, 0.08257304910055359, 0.08136025608375644, 0.07174979486025933], [0.07391880581347328, 0.07579028002018984, 0.07491814180894946, 0.07125714293213065, 0.07172316466069834, 0.07398105044397445, 0.07954901234039809, 0.08068894855062414, 0.080279133671132, 0.08210206466725475, 0.08272987168873501, 0.08134859629771755, 0.07171378710472233], [0.07387321736047155, 0.07584342565950003, 0.07496312948388918, 0.07123756867776038, 0.07168344963323309, 0.07390703606499338, 0.0796515386887691, 0.0807465077324399, 0.0803543961167326, 0.08184393283814231, 0.08290093972003774, 0.0813043449544084, 0.07169051306962235], [0.07383335539294347, 0.07589795054473591, 0.0750060912440296, 0.07120627556815595, 0.07163776019057957, 0.07384189130945205, 0.07976475067158183, 0.08081913889435849, 0.08044415757765203, 0.08160865236208753, 0.08300490667359729, 0.08127634436613024, 0.07165872520469604], [0.07381419062027894, 0.07592474104477415, 0.07502471808478638, 0.07118065927016662, 0.07160826592046386, 0.07381172352635935, 0.07982931249071905, 0.08086823849705072, 0.08050054746133303, 0.08150115566474943, 0.08302511869307064, 0.08127651486718215, 0.07163481385906574], [0.07379813340774474, 0.07597671494953921, 0.07506574276163454, 0.07115986921457322, 0.07158052661596427, 0.07377840017088046, 0.07993158623041466, 0.08094009897025936, 0.08058648941262031, 0.08133167398375878, 0.08296869116933331, 0.08126628053344634, 0.07161579257983088], [0.07379418730145472, 0.07604022580647975, 0.07511963397851161, 0.071156395973767, 0.07156887462320954, 0.07375630286790734, 0.08003845411681199, 0.08100731368888997, 0.0806718329279655, 0.08115337372876139, 0.08283836245947158, 0.08124177446473954, 0.07161326806203018], [0.07381681698562899, 0.07615123253786471, 0.07522738398099037, 0.07121778842764609, 0.07160887797842766, 0.07374954046678797, 0.08016340839761985, 0.08104136353265579, 0.08074411458567896, 0.08088622932430231, 0.08258771615989106, 0.08113623072691213, 0.07166929689559404], [0.07383430508934206, 0.07625840211744894, 0.0753253480070493, 0.07124998180639364, 0.07162667254522581, 0.07374029245718873, 0.0803053052160263, 0.08109604364021142, 0.08083731194733007, 0.08062925965142889, 0.08234503568260151, 0.08105147569663909, 0.0717005661431142], [0.07378974161270073, 0.07614980591926482, 0.07520736711902543, 0.07112985096214779, 0.0715354405743132, 0.07372376331946853, 0.08024165768817813, 0.08114569614002295, 0.08084252657913471, 0.08085532398675237, 0.08257155988975845, 0.08121466565343606, 0.07159260055579672], [0.07482394140291769, 0.07567646271634307, 0.07481698450231372, 0.07116365907523939, 0.07204134198884884, 0.07524464792823099, 0.07902303448222295, 0.08035935950087003, 0.07994087654551367, 0.08300005519717271, 0.08078253735926888, 0.08133187081401212, 0.07179522848704581], [0.07470207372127294, 0.075651773424939, 0.07476404158926733, 0.07104468572531043, 0.07190873707204258, 0.07510047537926694, 0.07911148068281966, 0.08048954581349729, 0.08005257240547439, 0.08303779966289852, 0.08095507887777947, 0.08150600552498796, 0.07167573012044348], [0.07487055736803447, 0.07585392925961366, 0.07491529473928325, 0.07089076338478897, 0.0718360109593931, 0.07528156286134435, 0.0793743096562402, 0.0806881060696083, 0.08031304685910955, 0.08271904019687142, 0.0802621325486331, 0.081414936289026, 0.07158030980805387], [0.07471614043013539, 0.07571942250236297, 0.07479043579762452, 0.07086723168905813, 0.07177535393072469, 0.0751170972823618, 0.07927537921888894, 0.08065370007561534, 0.08023509375187668, 0.08312411186615082, 0.08063825355094133, 0.08155492171433659, 0.07153285818992279], [0.07440406953323049, 0.07561390323275458, 0.07468240463343256, 0.07096750775136407, 0.07173745151550207, 0.07471982614096725, 0.07928272920737528, 0.08073651447850469, 0.08024671170045151, 0.08235087905817959, 0.08177993673010554, 0.08191868369791072, 0.07155938232022153], [0.07451912691000478, 0.07563512433586435, 0.07470133796775007, 0.07087886823682986, 0.07171643957025056, 0.0748771239791924, 0.07927823418575689, 0.08072274853153934, 0.08025497205366316, 0.08284487914721407, 0.08124900553590433, 0.08181506863172242, 0.07150707091430746], [0.07494996497645381, 0.07596146821649502, 0.07500464955414567, 0.07088006095208407, 0.07184545658101536, 0.07535617134119486, 0.07948944252311481, 0.08075376300454945, 0.08041282058730274, 0.08240118316456636, 0.08002085308230916, 0.08133784480712239, 0.0715863212096461], [0.07501915540632201, 0.07613277835932987, 0.07513434346229483, 0.070833127490333, 0.07181651198103069, 0.07540013242675878, 0.07971852476983901, 0.08090076441375496, 0.08061694806733932, 0.08192110385452873, 0.0797021621460461, 0.08124290717349787, 0.0715615404489247], [0.07558286261555873, 0.07662766617307683, 0.07563260643729594, 0.07115108805067266, 0.07220624503588575, 0.0759615539832763, 0.07994296645331185, 0.08057063336466326, 0.08049945180178132, 0.08085793873491605, 0.07863266589460145, 0.08040796182105255, 0.07192635963390749], [0.0756258350397223, 0.07652672001504215, 0.07557590259572648, 0.07122859069978786, 0.07229155033444468, 0.07604458874587787, 0.07973239594401037, 0.08043774824976946, 0.08032665019804197, 0.0810724788098581, 0.07872948635094697, 0.08041190583922471, 0.07199614717754704], [0.07378867635544292, 0.07588178623748881, 0.07477357209413296, 0.07026406026618535, 0.07094752195220522, 0.073891550002485, 0.08048503117430358, 0.0821761511742485, 0.08157875494778194, 0.08094658443791561, 0.08153170731647935, 0.08285605961375317, 0.07087854442757761], [0.07375933944644522, 0.07581935674592881, 0.07474358332781228, 0.07035155952148443, 0.07100576089675621, 0.07386096587112766, 0.08032301150583483, 0.08193558095017435, 0.08136449896214665, 0.08127456795362252, 0.08186762781524105, 0.08274991761145668, 0.07094422939196937], [0.07378150291483507, 0.07574573236136622, 0.07468442901771415, 0.07037074335027708, 0.07103716213248457, 0.07390923668470467, 0.08016302581842807, 0.08177408264552447, 0.08120343801557194, 0.08149794202796316, 0.08205625377279, 0.08281374811517889, 0.07096270314316173], [0.07380345128552335, 0.07568946402162707, 0.07464801068415397, 0.07042512902013968, 0.0710919020365623, 0.07394864986375907, 0.0800139253584744, 0.08160019292493809, 0.08103842248421447, 0.08173582842205525, 0.08226393641263141, 0.08273077362128285, 0.07101031386463816], [0.07388579243500594, 0.07564901139683917, 0.0746093127002291, 0.07042998616761538, 0.07113370588601516, 0.07407004889029885, 0.07990025340889233, 0.0815078390219468, 0.08094385127875528, 0.08184822864646274, 0.08219374170134255, 0.08280017462542091, 0.07102805384117584], [0.07398487682087718, 0.07566286254711053, 0.07461664349182622, 0.07043995423259722, 0.07117926208609465, 0.07419822514694834, 0.07987179458583314, 0.08149271795816011, 0.0809323200387868, 0.08177077429223834, 0.08196279562867131, 0.0828341836826313, 0.07105358948822488], [0.07403210107685539, 0.07571987441192288, 0.07463531756389187, 0.07032319968701588, 0.07110681026348756, 0.07425671416233859, 0.08000393990473373, 0.08166101935088185, 0.08110276615382708, 0.08178611574396019, 0.08149976777781044, 0.08290560908363341, 0.07096676481964115], [0.07399353278882864, 0.07586847790246189, 0.07472885873795979, 0.07017661157786062, 0.07096783058039029, 0.0741764476020679, 0.08037327662935134, 0.08209034415857946, 0.08152222078776526, 0.08137446044487212, 0.08104544152811416, 0.08284051616977076, 0.07084198109197776], [0.07388040805457471, 0.07594144027900386, 0.07478823461910647, 0.07013815073438169, 0.07088678544939836, 0.07400863134226963, 0.08061166013903598, 0.08238892177879277, 0.08177861259153366, 0.08097189125277467, 0.0810288115837895, 0.0827843109604749, 0.0707921412148639], [0.07382418455211794, 0.07594896734092287, 0.07480715224009185, 0.07017645854000373, 0.07089112207356674, 0.0739282066240098, 0.08064387411770951, 0.08240846098643886, 0.08178940921021771, 0.08082526610516345, 0.08116879007645593, 0.08277412539095295, 0.07081398274234846], [0.0738250682271172, 0.07583610194482439, 0.07472112681930386, 0.07021388440358438, 0.07093126706202704, 0.0739578561263548, 0.08040643435484783, 0.08213062013900911, 0.08152643814713936, 0.08106501916812353, 0.08148029007333009, 0.08306289229158795, 0.07084300124275063], [0.07378846694924927, 0.07582679647008933, 0.07473105880631137, 0.07027979552527662, 0.07096507867795364, 0.07390515739692344, 0.08037033623285786, 0.08204606109867257, 0.08145407522605264, 0.08112088705148728, 0.0816851902514021, 0.08293654206247955, 0.0708905542512442], [0.07384949114959766, 0.07572401562175214, 0.07464438037542782, 0.07029657787051921, 0.0710137973336237, 0.07401398645716645, 0.08013450890137988, 0.081805239830561, 0.08122043960457266, 0.08142143682445742, 0.08183502794350088, 0.08312773048094386, 0.07091336760649736], [0.0739106681898369, 0.07575410893689336, 0.07464830988752559, 0.070220359686397, 0.07097977346113438, 0.07409462217296361, 0.08019383337987541, 0.08189917038423364, 0.08131460720302101, 0.0814513893349045, 0.08148718106746268, 0.08318407611837496, 0.07086190017737708], [0.07385417064102408, 0.07574501382366308, 0.07464267158896962, 0.07021287780692621, 0.07095280970872618, 0.07402241903533927, 0.08021404366231119, 0.08192070593932459, 0.081328562744872, 0.08133389989233139, 0.08159360430608821, 0.08333333333333333, 0.07084588751709082], [0.07390167321900462, 0.07582658376534425, 0.07469875899142, 0.07017296133676511, 0.07093348165458341, 0.07406650471383075, 0.08036028427802003, 0.08209604084254625, 0.08150273181865147, 0.08127960950701935, 0.08127960950701935, 0.08305922168806792, 0.07082253867772738], [0.0738175758410585, 0.07573035991395277, 0.0746572990203693, 0.07032019584640638, 0.07101719589060329, 0.07396708711535327, 0.080149113053484, 0.08180167774787588, 0.0812195823962069, 0.08145061854361184, 0.08193146029835231, 0.08301054061141759, 0.07092729372130807], [0.0739317458111143, 0.07568336290899212, 0.07462274288723382, 0.07037562247012995, 0.0711088590459621, 0.07412772803042177, 0.07997244287252583, 0.08161600648481242, 0.08104547015518165, 0.08163402526336515, 0.08191435688420266, 0.08297576845240455, 0.0709918687336535], [0.07397420906457824, 0.07571151043381585, 0.07462898893131766, 0.07031054926837622, 0.07107548831645394, 0.07418297476657541, 0.08003175901124782, 0.081699237005528, 0.08112990431660304, 0.08166516327633025, 0.08162081985690578, 0.08302314779768787, 0.07094624795457972], [0.07403090375495668, 0.07582400631455921, 0.07469884478581161, 0.07021810918335918, 0.07101786783329578, 0.07423515798052382, 0.08024429130660515, 0.08193477543460427, 0.08137742980562693, 0.08155747775917081, 0.08112725666307202, 0.08285208202540179, 0.07088179715301282], [0.07408002878736637, 0.0757665659958549, 0.07466482857719695, 0.07029315428104861, 0.07109855800205894, 0.07431013531932504, 0.08006999839067301, 0.0817261850463405, 0.0811798018338039, 0.08179503819020707, 0.08125895388315213, 0.08280571351105831, 0.07095103818191423], [0.07386313135751504, 0.07567760222936473, 0.07462320034995754, 0.07037870313029584, 0.07108407999979721, 0.07403696676255499, 0.07999419842184767, 0.08162384098516913, 0.08105186954586495, 0.08168697364206078, 0.08207763056772686, 0.08291936917718352, 0.0709824338306617], [0.0740191642578092, 0.07567748371209904, 0.07462024911947242, 0.07041095646546369, 0.071170301834443, 0.07424294105517897, 0.07989352746785587, 0.08152528107544682, 0.08096683624553323, 0.08179491872908305, 0.08178819231897919, 0.08285420175866103, 0.07103594595997426], [0.07408606573118187, 0.07569713585548528, 0.07462863289442453, 0.07039264248670564, 0.0711814660614419, 0.07432859270962097, 0.0798950627078296, 0.08152438416753248, 0.08097743177087328, 0.08194154760168879, 0.08154622658984861, 0.0827680134588766, 0.07103279796449022], [0.07375236707758652, 0.07621416559445847, 0.07504655179640901, 0.07022498902110448, 0.07086827943941916, 0.07375222186631124, 0.0811568488602172, 0.08276590100003678, 0.0822401147454033, 0.08004999780247962, 0.081051257947441, 0.08203096855635755, 0.07084633629277558], [0.07377643914685887, 0.07616039641751488, 0.07497932435772087, 0.07013934415072205, 0.07082222072784759, 0.07380738309906079, 0.08109527495632009, 0.08286999753566857, 0.08225235466095239, 0.0802416575406556, 0.0809002479885003, 0.0821760808149513, 0.07077927860322662], [0.07388400009460559, 0.07612965213972309, 0.0749333116012846, 0.0700857639353408, 0.07082971641751729, 0.07396368880893074, 0.08099350372823728, 0.0828243121206101, 0.08220347553088686, 0.08052972277908448, 0.08058587141979764, 0.08228382171004525, 0.07075315971393645], [0.07407630735236866, 0.076245548915834, 0.0750249018657571, 0.07011844467046868, 0.07091658163362467, 0.07418133364332215, 0.08103790169353824, 0.08266981126490897, 0.0822290229268472, 0.08056702770912434, 0.08011436152728908, 0.08200387158970818, 0.0708148852072088], [0.07430593893485547, 0.0766987791509754, 0.07541890313737143, 0.07025677076897267, 0.07105929997645948, 0.07433788283516979, 0.08159770389905421, 0.0824453128213934, 0.08259630334012581, 0.07980947692114918, 0.07934599892249368, 0.08115121347019465, 0.07097641582178475], [0.0741801452520073, 0.07690537395389857, 0.07560956034779039, 0.0703019539912514, 0.07102312471302899, 0.07410880122609695, 0.08214761378419917, 0.08239439408716381, 0.08301887735473193, 0.07919912971099101, 0.07932217467970784, 0.08079177570550036, 0.07099707519363237], [0.07399451596573328, 0.07685474038069591, 0.07559288586310987, 0.07034665647911138, 0.07098724964913326, 0.07387695245181769, 0.0822129886513843, 0.08246465116718693, 0.083026295509679, 0.07905308992389393, 0.0797386786325208, 0.08085005641263206, 0.0710012389131017], [0.07385864644017431, 0.07664240532637644, 0.0754271966850646, 0.07034885206249654, 0.07095547971199824, 0.07375915260545562, 0.08185136165525532, 0.08263587303751656, 0.08273504565019422, 0.07928862322903682, 0.08032298544439964, 0.08119935400131696, 0.07097502415071455], [0.07376378248369345, 0.07632316921462631, 0.07513847244413059, 0.07023009542780688, 0.07086505179819068, 0.07373565012008278, 0.08135645399940052, 0.08284729966518574, 0.08242222806456168, 0.07982831079083798, 0.08084454450268355, 0.0817902401816472, 0.07085470130715261], [0.07377515200411948, 0.07622604189451301, 0.07503148696159867, 0.07012651384814493, 0.07080553733657526, 0.0737878454759455, 0.08122889549888725, 0.08299222335232614, 0.08239217561699312, 0.08008796606257848, 0.08076899262755395, 0.08200729744809733, 0.0707698718726667], [0.07385077325389353, 0.0762218974003528, 0.07500640783930687, 0.07005819206265859, 0.07078689740374688, 0.07389509273730782, 0.08120598767466375, 0.08307485387274466, 0.08243387131638923, 0.08024239909068151, 0.08047171337820055, 0.08202517947661683, 0.07072673449343704], [0.0739169625307705, 0.07623691663019778, 0.07501522244493929, 0.07006217939788058, 0.07081430725657117, 0.07397796386688049, 0.08118197037267778, 0.08298461722177287, 0.08241419643426519, 0.0803231066105523, 0.0803231066105523, 0.08200790725019381, 0.07074154337274594], [0.07397330816663773, 0.07636625952394002, 0.07512122923556559, 0.07007064811455728, 0.07082908045196025, 0.07401368974676514, 0.08137768116400124, 0.0829981970938635, 0.08261741647055726, 0.08010081197517156, 0.08004901171322903, 0.0817219928405726, 0.07076067350317887], [0.07381763767550652, 0.07642001978541996, 0.07518882127786412, 0.07011829277932029, 0.07079647687272793, 0.07378857222557247, 0.08158449240388015, 0.083098618135207, 0.08277720798184056, 0.07971818202821236, 0.0803427472222581, 0.08157446678821612, 0.07077446482397441], [0.07390388699536692, 0.07662005542579436, 0.07536351391352877, 0.07017783088427398, 0.07085329778776393, 0.07383932466851206, 0.08189182622598222, 0.082