[[0.06996787815286176, 0.07450138921889525, 0.07356461412136744, 0.06993017823610001, 0.07184209163898654, 0.07955377767653883, 0.08035972981590495, 0.08138210026613432, 0.08263802612154587, 0.08058332248846702, 0.08033367873409224, 0.07368422230863934, 0.08165899122046646], [0.06997941298561684, 0.07438548321003596, 0.07348867145144322, 0.06989814451329036, 0.07187225161028815, 0.07980480021824696, 0.08011484409201425, 0.08116484955054182, 0.08290997671390998, 0.08039923367944601, 0.08070744594299836, 0.07355013684907359, 0.0817247491830944], [0.07006563120206148, 0.07429432082032807, 0.07344928232266755, 0.06993517918451615, 0.07196598642818745, 0.08010705367941803, 0.07983217767885624, 0.08089077904324231, 0.0829652939664755, 0.08017174253994779, 0.08116068077305609, 0.07344529885407053, 0.08171657350717282], [0.0701245383689647, 0.07422339209248564, 0.07342035645157147, 0.06994574178481783, 0.07204579614617151, 0.08041836093380643, 0.07962401565034062, 0.0807036709340141, 0.08289810719430325, 0.08001464729560072, 0.0815255441937824, 0.07334955954133848, 0.08170626941280285], [0.07021813712910704, 0.07415088306300581, 0.07339816977885187, 0.06998708949603767, 0.07215235745546181, 0.08075936856002827, 0.0793684388771518, 0.08052592446527218, 0.08282857667987407, 0.07980302458421708, 0.08195434270490559, 0.07325666055130095, 0.0815970266547859], [0.0702225741150294, 0.07407453376038362, 0.07335366493315276, 0.06994399305681687, 0.07219279777452108, 0.08101735547042155, 0.07920777395847499, 0.08044153328360462, 0.08287618903986438, 0.07968685167878735, 0.0822444492794975, 0.0731454312918584, 0.08159285235758748], [0.07009813926773806, 0.07390150442692887, 0.07322019503849213, 0.0697306763412404, 0.07217247368359614, 0.08144206420084975, 0.07898953597552548, 0.08037633179205825, 0.08333333333333333, 0.07955886989102755, 0.08259981374618333, 0.07288407764610301, 0.08169298465692362], [0.07018580893329085, 0.07386732447152765, 0.07323921619716088, 0.0697348717631951, 0.07232795272978133, 0.0819020733616507, 0.07880171081378926, 0.08029042403740447, 0.08287051763223263, 0.0794406202611026, 0.08280081064002327, 0.07278144328021205, 0.08175722587862937], [0.07019946940373152, 0.07384685020371938, 0.07325684044275763, 0.0696628728580197, 0.07244401052477793, 0.08231796957889859, 0.0787135450431519, 0.08031706268196197, 0.08240917497310052, 0.07942944089206906, 0.0827432285452404, 0.07266791207472935, 0.0819916227778421], [0.07033663823629416, 0.07388263680415624, 0.07335676026949577, 0.06968345872624594, 0.07270079505846173, 0.08277999331591321, 0.07858501432760186, 0.08026319533058854, 0.08174658239128954, 0.07935973530370324, 0.08262373381943103, 0.07258840911355548, 0.08209304730326314], [0.07055925583340958, 0.07401144808217645, 0.07355294125312839, 0.0697926279984162, 0.07304148847480586, 0.08333333333333331, 0.07850707668877763, 0.08021579798289773, 0.08105674591289612, 0.07932768844699518, 0.08200099301522064, 0.07259946750866042, 0.08200113546928231], [0.0709646446559958, 0.07422049552151402, 0.07385470010743425, 0.07012044353884718, 0.07347846310280105, 0.08307021110214696, 0.07840313021747859, 0.08005763723347115, 0.0805854708946477, 0.07922202236085835, 0.08158348922595313, 0.07275794246140092, 0.08168134957745089], [0.07116649844615094, 0.07442706138967393, 0.07410975203692366, 0.07025191497703621, 0.07377669614692185, 0.08306204677903396, 0.07845845982353185, 0.08009021310235942, 0.0800552588788234, 0.07930019008572797, 0.08094964430020526, 0.07286690589170862, 0.08148535814190286], [0.07131232016783283, 0.07459501763026094, 0.07430688308812328, 0.07035368140856982, 0.07398952783719981, 0.08306990024249768, 0.07851048278552893, 0.08010413069043912, 0.07966472589033963, 0.07936183687753756, 0.08048350708345123, 0.07296480831682674, 0.08128317798139241], [0.07138066491350246, 0.07479365886749823, 0.07450842418442759, 0.07038972539978967, 0.07414598654387806, 0.08312882338656727, 0.07866031241880651, 0.08021751743649082, 0.0791961566184037, 0.07951150452262079, 0.07988951894020335, 0.0730722322566105, 0.08110547451120093], [0.07132473157321823, 0.07492988538046132, 0.07461204870450616, 0.07033462045841543, 0.07415228789534693, 0.08303232217807784, 0.07890934044145499, 0.08044109617156057, 0.07886241027438981, 0.07969939515306645, 0.07943285654456349, 0.07314154593498506, 0.08112745928995373], [0.07132966453169988, 0.07516539099617457, 0.07480408980472698, 0.07035188352163516, 0.07421054070067039, 0.08270641225238017, 0.07925056423515216, 0.08069371683841714, 0.07840214608635576, 0.07992191151037892, 0.07882705488520009, 0.0733027852745635, 0.08103383936264519], [0.07105958365818361, 0.07529519150845553, 0.07482357206656602, 0.07013503719438507, 0.07398969515620045, 0.08333333333333331, 0.07966459781695476, 0.08103356862171977, 0.07794325521389045, 0.08023654688550812, 0.07818537933986021, 0.07336277038620749, 0.080937468818735], [0.07007177996648889, 0.0746659003312239, 0.07368663563454002, 0.07011913042849915, 0.07184976828970842, 0.07916349537826195, 0.0805189044838519, 0.08140532351447705, 0.08272659536451248, 0.08059594995968913, 0.07993910259615791, 0.0739325605306956, 0.08132485352189371], [0.07009142409951255, 0.07452640197439736, 0.07360014358881511, 0.07008086912354261, 0.07189784300125947, 0.07949259878011466, 0.08023896533943439, 0.08119496347144532, 0.08282317665579637, 0.08041219124188685, 0.08040386623383718, 0.07376645493838667, 0.0814711015515715], [0.07008950613575227, 0.07443691615683506, 0.07353884168255857, 0.07004665688575287, 0.07191180059528988, 0.07966489054937136, 0.08006625131364659, 0.08104861707865031, 0.08307142481512832, 0.0802858053880596, 0.08066638728473556, 0.0736615707104879, 0.08151133140373161], [0.07012086495882554, 0.07429773512047136, 0.07346167391844628, 0.0699941879941588, 0.07199878805809323, 0.08013190113262368, 0.07976981921787048, 0.08080967765175906, 0.08298869436800127, 0.08009799195657852, 0.0812258456409827, 0.07346581850233674, 0.08163700147985242], [0.07005514313647353, 0.07439212687061449, 0.07350373916818653, 0.06998943970884731, 0.07190491181314124, 0.07976648447535685, 0.0800255139101476, 0.08103606519307097, 0.08309836831045285, 0.08027931218488972, 0.08076912406272155, 0.07359274684402034, 0.08158702432207704], [0.07018806723597634, 0.07420740380428631, 0.07342117367003384, 0.07000565796214772, 0.07208731581565123, 0.08048646680361325, 0.07951300948125994, 0.08058121214389251, 0.08301560600106178, 0.079897240973655, 0.08165797135150488, 0.07334902458125507, 0.08158985017566224], [0.07028908056827385, 0.07416902817932801, 0.07342048493672258, 0.0700762029728833, 0.07218082210476766, 0.08069929034845191, 0.07931683903011662, 0.08041834529567925, 0.08298689875584611, 0.0797209376591825, 0.08195457882859042, 0.0733087078675414, 0.08145878345261658], [0.07024380581160468, 0.07406243318453468, 0.07335026720197185, 0.06995862530853864, 0.07221129579529796, 0.08106193024897311, 0.07915753639517271, 0.08039352481635358, 0.08291363312177434, 0.07963872925769669, 0.08231748130362743, 0.0731339131555767, 0.08155682439887774], [0.07026683865493974, 0.07394519275585322, 0.07327946475128551, 0.06992419266117236, 0.07226297739709606, 0.08136374473411441, 0.07888579272871064, 0.08018105471182367, 0.08333333333333333, 0.07940581401243232, 0.08273507576431426, 0.0729861269464813, 0.0814303915484432], [0.07031289222186508, 0.07388572390147556, 0.07327281089388962, 0.06987731636348524, 0.07239512144044866, 0.08185319825799468, 0.0787001839767256, 0.08011973868255827, 0.08281717295386187, 0.0793015469495122, 0.08308998889514227, 0.07284416471738396, 0.081530140745657], [0.07030176348413374, 0.07385529663453184, 0.07327061645251737, 0.0697980475868739, 0.07246828631430831, 0.0822111072709724, 0.07862976958950478, 0.08015000683414715, 0.08254935947183598, 0.07929777990115605, 0.08301010613985373, 0.07273881348667209, 0.08171904683349265], [0.07032238068587633, 0.07383855798184233, 0.07328702344098555, 0.0697482199317697, 0.07257000462197893, 0.08257785899128343, 0.07855217014982036, 0.08014368355379027, 0.08219307655610633, 0.07926840863119107, 0.08300489837088641, 0.07264833952970963, 0.08184537755475975], [0.07040740135456497, 0.0738589276239363, 0.07334663820870577, 0.06976260909854286, 0.07272627523210237, 0.08293108666319202, 0.07847161003619489, 0.08010496375749183, 0.08180620404515075, 0.07922153119447771, 0.0828779862746729, 0.07260021912893673, 0.08188454738203102], [0.07050768857981184, 0.07390251514618593, 0.07341715793130482, 0.0698219664881129, 0.07286048544497477, 0.08307832572458426, 0.07842670763698373, 0.0800706306380912, 0.08157153965457967, 0.07919098168533663, 0.08268295133727847, 0.07260779469586391, 0.08186125503689169], [0.07065917705045474, 0.07396831315266594, 0.07352344490366443, 0.0699191973503072, 0.073053266237215, 0.08333333333333333, 0.07835726083316921, 0.0800032748289999, 0.08125697933755957, 0.07913577247644063, 0.08238813549324081, 0.07262836920738999, 0.08177347579555914], [0.0708357775722026, 0.07410116881683201, 0.07369770146976866, 0.07004599492758497, 0.07327986323559972, 0.08303904752838535, 0.07837873042978061, 0.0800292945208035, 0.08094504047292346, 0.07917553461992366, 0.08201542162606025, 0.07270724468235948, 0.08174918009777572], [0.07132625396049762, 0.07434026933744176, 0.07405466283045536, 0.0704369788832104, 0.07381137576534061, 0.08300184995347154, 0.07822416434730076, 0.07980372633225528, 0.08034187529451378, 0.0790156778806289, 0.08142273202215759, 0.07288379291646736, 0.08133664047625898], [0.0714600386928173, 0.0744998137680555, 0.0742502056200621, 0.07051186832005163, 0.07403527960662086, 0.08300141537667964, 0.07828052479261176, 0.07984762204373697, 0.07993059207434539, 0.07909292702175849, 0.08091439477863703, 0.07295725029432856, 0.08121806761029471], [0.07090055036848508, 0.07423127886090383, 0.07385115505407333, 0.07005498161482344, 0.0734434678999753, 0.08306562487414397, 0.0784753902996494, 0.08015106559079838, 0.08053839793348438, 0.07930870827788157, 0.08147476226431473, 0.07274593519191762, 0.08175868176954897], [0.07160843063141129, 0.07463073314720721, 0.07441708976586474, 0.07061601573195793, 0.0742380036893901, 0.08306676266876672, 0.07828325774352483, 0.07981589282510095, 0.07960891388552287, 0.07909981398016935, 0.08054258349724526, 0.07303227815826685, 0.08104022427557195], [0.07171905183292837, 0.07481603456926955, 0.07463020823700707, 0.07067282375529045, 0.07444992098487528, 0.08333333333333333, 0.07838821677115247, 0.07985049259505125, 0.07911758810663583, 0.07917254579028464, 0.07994797803571609, 0.07311868692624703, 0.08078311906220859], [0.07166933111481004, 0.07490350475711835, 0.07469983558137769, 0.07061596447503328, 0.07445816592902421, 0.08333333333333333, 0.07855416063232613, 0.0800035640042143, 0.07889216445610656, 0.07929841731866541, 0.07963808179945212, 0.07315038832795216, 0.08078308827058638], [0.07161602767377907, 0.07506838883408141, 0.07483429054686597, 0.07055723352994113, 0.07448545531607856, 0.08333333333333333, 0.07882479169011347, 0.08022046726407243, 0.0784860333608213, 0.07947947579510659, 0.07910103975944055, 0.07322945658500896, 0.08076400631135715], [0.07174094097988455, 0.0753127867305236, 0.07507580387970383, 0.07067116670224938, 0.07466049927435005, 0.08302432010419465, 0.07904909875772848, 0.08031425974822753, 0.07804304130652966, 0.07956126912548021, 0.07856354769068744, 0.07340264149655193, 0.08058062420388888], [0.07147552837384771, 0.0753790380739699, 0.07503685389259171, 0.07046791274128174, 0.07441345774881707, 0.08302832401625847, 0.07938497060617687, 0.0806492162618368, 0.07788991198899615, 0.07987624724059555, 0.07826764288013212, 0.07343718772874241, 0.0806937084467534], [0.07018310974271304, 0.07468299426131628, 0.07370930243240628, 0.07025391177362543, 0.07189827728767792, 0.07911857131366976, 0.08037168556438874, 0.08119955554749758, 0.08299954508936332, 0.08041209231807292, 0.08000919375898204, 0.07399625298460503, 0.08116550792568156], [0.07023597646561519, 0.07448312672610947, 0.07359673187242921, 0.07021880968626058, 0.07199050455651937, 0.07960004386213226, 0.07996373703092323, 0.08088635851248197, 0.08310556544152284, 0.08013933581197456, 0.08069775400904042, 0.07376185447317625, 0.08132020155181487], [0.07023489694142872, 0.0745659251512163, 0.07365239798485124, 0.07024921022414118, 0.07197399458377927, 0.079432009892111, 0.08012271014060729, 0.08101750394159384, 0.08289443837410553, 0.08025361437433488, 0.08045286300896914, 0.07386048829088827, 0.0812899470919733], [0.07013792861257259, 0.07437613090555589, 0.07350584480740878, 0.07007683404896553, 0.07194946642241287, 0.07979712385848109, 0.07988262111787278, 0.08086122788849127, 0.08333333333333333, 0.08012166454858895, 0.08089885147918952, 0.07360689275800007, 0.08145208021912721], [0.07031592974967794, 0.07440171751371284, 0.07356363902949035, 0.0702502307680539, 0.07208121145914542, 0.07992125025433844, 0.0797194767480122, 0.08066580873947136, 0.08305088985480816, 0.0799546291158336, 0.08109334246783538, 0.0736622342496831, 0.0813196400499373], [0.07028893707976329, 0.0742612743112331, 0.07346784787490875, 0.07015570089477148, 0.07210683872981286, 0.08028286130705557, 0.07948442137403479, 0.0804740419795406, 0.08333333333333334, 0.07979851825611482, 0.08151725162933335, 0.07347163902798463, 0.08135733420211355], [0.07025590412690538, 0.07434579782749953, 0.0735176355661618, 0.07015748529450529, 0.07206642608501274, 0.08006628318758696, 0.07969260213854176, 0.08067778215921945, 0.08301739191547133, 0.07997282059990732, 0.08122907971787599, 0.0735675077785756, 0.08143328360273693], [0.07040772568426623, 0.07421820443200003, 0.07347357169625061, 0.07022435316160826, 0.07223558645621625, 0.08058546762334243, 0.0792678301134297, 0.08028644448190193, 0.0830946696261187, 0.07962723097555, 0.08189115964306974, 0.07340799628137934, 0.0812797598248667], [0.0704130079907176, 0.07414842409239171, 0.07342948391018345, 0.07019627415409196, 0.07225971440701534, 0.08075428086651751, 0.07912213479904259, 0.08019109608154605, 0.08333333333333331, 0.07951071274981945, 0.0821066209867371, 0.07331840724639248, 0.08121650938221127], [0.07042910009469479, 0.07411275207782422, 0.07341623645301228, 0.07017572226713126, 0.0723061009537302, 0.08094404672542725, 0.07903702139004876, 0.0801662450605198, 0.0831222085593253, 0.07946117135093016, 0.08231829115189775, 0.07325258438266356, 0.08125851953279481], [0.07045393237163596, 0.07403184286789588, 0.07337197216180012, 0.0701522671137646, 0.07235825245562158, 0.08117447061660478, 0.07884385724283678, 0.08003123117031323, 0.08333333333333334, 0.07930484499284585, 0.08260704827701458, 0.07314217661461353, 0.08119477078171987], [0.07044360837999308, 0.073941739895778, 0.07332765226519773, 0.07005271936867515, 0.07243842372212186, 0.08162024315611559, 0.07867145528647268, 0.07998899604726824, 0.08295399678591296, 0.07921369757190193, 0.08309801965300669, 0.07296898727718758, 0.08128046059036842], [0.070432538965584, 0.07389942619396035, 0.07330613400088012, 0.06999880435013253, 0.0724735521524586, 0.08183499401314792, 0.07859221321595491, 0.0799679295196317, 0.08274831852913721, 0.07917219899161168, 0.08333333333333333, 0.0728852490338999, 0.08135530770026768], [0.07044527815629516, 0.07390085244775783, 0.07331873793020395, 0.0699864145680246, 0.07251546759536907, 0.08197692088986945, 0.07857587886925413, 0.07998839963422272, 0.08263852641533896, 0.0791801034481694, 0.08318247161932431, 0.07285978978738118, 0.08143115863878923], [0.07046836566813175, 0.07386637439031364, 0.07332000075802314, 0.06994015516867624, 0.07261059544672699, 0.08234040504100318, 0.07845874659174241, 0.0799514436439308, 0.0823088118776818, 0.07911982595864497, 0.08333333333333334, 0.07275898881981366, 0.08152295330197812], [0.07049194702438691, 0.07384860206109078, 0.07333494039728826, 0.06989596275988937, 0.07271024014636317, 0.082710305511857, 0.07838110599244297, 0.07993152163911327, 0.08200349722203884, 0.07908140485308128, 0.08333333333333333, 0.07267227308161542, 0.08160486597749937], [0.0705868020347107, 0.07388393257146088, 0.07340160419152666, 0.06993834136551949, 0.07285330475684737, 0.08301300149850033, 0.07832881629115049, 0.07990515714493786, 0.08173266801473603, 0.07905163237937567, 0.08302236212337459, 0.07265927051826415, 0.08162310710959586], [0.07092774803361938, 0.07403719461006336, 0.0736328433950926, 0.0701933725692902, 0.07323870162660669, 0.08305600571793396, 0.07821795107400314, 0.07978686247993784, 0.08123214455998715, 0.07895679862066346, 0.08248371927865707, 0.07275291404508005, 0.08148374398906488], [0.07118228247367549, 0.07414972118539703, 0.07382042216184406, 0.07037434706178743, 0.07353925259663699, 0.08333333333333333, 0.07811496707054676, 0.07966857862610305, 0.08080925230864187, 0.07886427232089473, 0.08202658726179338, 0.07281090728093412, 0.08130607631841168], [0.07141030164964933, 0.07435207875608504, 0.07407789576453526, 0.07052684952041392, 0.07385999171241332, 0.0828535765946995, 0.07817548138897315, 0.07973245357680128, 0.08037673689636339, 0.0789521533778063, 0.08149194115901721, 0.07292163408937266, 0.08126890551386969], [0.07116293888017289, 0.0742314708184349, 0.07389976981779417, 0.07032669049277944, 0.07359612573702874, 0.08290511693852355, 0.07824996968956373, 0.0798441928810749, 0.08066535564778983, 0.07903119918655334, 0.08178891481107396, 0.07282870997484653, 0.08146954512436416], [0.0709849917595177, 0.07409267554346918, 0.07371211564582011, 0.0702122015368265, 0.07334717862601503, 0.08305166596510379, 0.07823444572803939, 0.07982307308951454, 0.081035096754448, 0.0789931208103333, 0.0822365334023643, 0.07276112320285341, 0.08151577793569464], [0.07065416194558431, 0.07391911303914486, 0.07346353358334053, 0.06995302434671986, 0.07297967884478727, 0.08333333333333333, 0.07829810234148682, 0.07990322515361213, 0.08146196132499232, 0.07904607640097358, 0.08269869027355828, 0.07263894007190018, 0.08165015934056653], [0.07112714537835459, 0.07419396769472696, 0.07385416225534161, 0.07030359278439892, 0.0735426185039086, 0.08300750669953567, 0.07823168806927605, 0.07982338775460679, 0.0807430729772661, 0.07900694359274948, 0.08189043004622149, 0.07280849006666058, 0.08146699417695344], [0.07092592253098004, 0.07416654295031778, 0.07378520331265419, 0.0701103350687275, 0.07339540476544525, 0.08296655280026696, 0.07838052820747538, 0.08002810038051661, 0.08077969065083866, 0.07918476354979574, 0.08182592884955615, 0.07274522997017438, 0.08170579696325135], [0.07150150211319319, 0.07444369722897518, 0.07419841393106301, 0.07057493649592475, 0.07401064657098327, 0.0829312407459072, 0.07819063593003647, 0.07974243326324174, 0.08010775164623532, 0.07898118279711829, 0.08116816702517911, 0.07295722826316693, 0.08119216398897545], [0.07163798543300832, 0.07456560981184393, 0.07435351860132072, 0.0706688945173484, 0.07420017711514511, 0.08289321884866677, 0.07820426490580512, 0.0797341508262158, 0.07981969956164457, 0.07900239120317427, 0.08082679746884178, 0.0730258822636876, 0.08106740944329759], [0.07177964586594948, 0.0747138727846152, 0.07453506446650134, 0.07076435098453611, 0.0744081283377583, 0.08290723460874079, 0.07823192857207237, 0.07972744447473774, 0.07947392062544978, 0.07903688438050635, 0.08041387657466445, 0.07310825541814756, 0.0808993929063206], [0.07186880496677495, 0.07481577511939737, 0.07466072697365687, 0.0708193819834833, 0.07454949493427815, 0.08306410558212744, 0.07826702922325676, 0.07970325231263233, 0.07920341297625613, 0.07904824022461482, 0.08009693986976224, 0.07315887277127918, 0.08074396306248052], [0.07186740470717295, 0.07496415982332304, 0.07480575107438951, 0.07078974046101146, 0.07464102491941038, 0.08313435325612531, 0.0784741004585772, 0.07987106307847625, 0.07882088697448915, 0.07917712650845869, 0.07960552345569812, 0.0732183426219345, 0.08063052266093343], [0.07191958647101165, 0.0751659139300143, 0.07500519772282696, 0.0708182965498798, 0.07477666412766028, 0.08303993748654516, 0.07869953921517114, 0.08001053978385007, 0.0783691499646051, 0.0792868077152714, 0.0790429800183172, 0.07333016124779793, 0.08053522576704902], [0.07193132094102637, 0.07531259182216594, 0.07513509647449293, 0.07082868817344169, 0.07483377232115539, 0.0829282964325241, 0.07888249495397295, 0.08012386889753635, 0.07807860832487565, 0.07938607511591336, 0.07867060782950484, 0.07342115658555243, 0.0804674221278378], [0.07180683848565732, 0.0754460414690269, 0.07521707200520165, 0.07071925927946886, 0.07477031075768376, 0.08333333333333334, 0.07914025977971707, 0.08029307629699897, 0.07770059419574671, 0.07953924141203333, 0.07817701746982204, 0.07347926244200849, 0.08037769307330161], [0.07145772669087035, 0.07549954176348847, 0.07513185705129084, 0.07045755266309128, 0.07442471064037327, 0.08333333333333334, 0.0795434679123027, 0.0806995836260284, 0.07758409646576192, 0.07992909334120231, 0.07789810496901539, 0.07351096322532955, 0.08052996831791226], [0.07079849409561591, 0.07396053669243671, 0.07351818050726423, 0.07011283392225624, 0.07306386331242683, 0.0830918893322216, 0.07823516562709448, 0.0797903929516886, 0.08148607944799688, 0.07895592401938892, 0.08277732557096214, 0.07272326320434805, 0.08148605131629927], [0.07070595047449683, 0.07392333579620494, 0.07344131711647732, 0.07009665570226939, 0.0728891484174471, 0.08272774278043765, 0.07829205068027534, 0.07980318259498924, 0.08184255885454791, 0.07897691540163528, 0.08309588795552199, 0.07276325477076129, 0.08144199945493576], [0.07066496750051002, 0.07393678753522481, 0.07341605211721788, 0.0701333745377013, 0.07276376752552216, 0.08232808310230377, 0.07838092213055016, 0.07983144747362321, 0.0821860664314842, 0.07902370708580345, 0.08311163110390367, 0.07285380141005013, 0.08136939204610509], [0.07066578431343007, 0.07395474399895519, 0.07341709650432983, 0.07017243952025767, 0.07271951020600259, 0.08212647544145917, 0.07842816923540724, 0.07983144791977637, 0.08240776005378077, 0.07903811393721581, 0.08302289430263811, 0.07291168553052228, 0.08130387903622509], [0.07060744234282275, 0.0739579352185183, 0.07338589731470205, 0.07017783832965419, 0.07259912065979635, 0.08179267900012294, 0.07851262066935424, 0.07984092927467014, 0.08278015540566015, 0.07907014514079867, 0.08310371158352499, 0.07297447921260647, 0.08119704584776884], [0.07056797348317166, 0.07401725289014331, 0.07339315762829482, 0.07023461422555734, 0.07246766207899415, 0.08131523775015422, 0.0786815684033168, 0.0798841333075668, 0.08333333333333333, 0.07915709270916088, 0.08275682634219071, 0.0731210304344999, 0.08107011741361601], [0.07061731293937716, 0.07410222477016883, 0.07345595988920077, 0.07033030949690901, 0.07246729061748274, 0.08110754452199377, 0.07879570424823495, 0.0799291557285732, 0.08313063042746027, 0.07922947826525253, 0.08253236072932581, 0.07324925219492087, 0.08105277617110021], [0.07089737914035352, 0.07430261106615565, 0.07391734956953917, 0.07003837803230993, 0.07348464241738442, 0.08294646327481471, 0.0785723269974333, 0.0802613330590594, 0.08037176149135576, 0.07942407706175426, 0.08122140443999497, 0.07277642028660075, 0.08178585316324413], [0.07132764352000989, 0.07451562086349235, 0.0742437512018616, 0.07036906072588728, 0.07397177585852094, 0.08333333333333334, 0.0783902195786493, 0.07998223890248356, 0.07977960446636001, 0.07922863255604899, 0.0806758437854881, 0.07291738667428838, 0.08126488853357629], [0.07160476929982364, 0.07475031811782602, 0.07453148318510884, 0.07059002206060118, 0.07430936500528976, 0.08313779907175689, 0.07840306823039934, 0.07991957368945676, 0.07932163883732529, 0.07923676192484681, 0.08015487791864745, 0.07308160742841134, 0.0809587152305066], [0.07055485575147324, 0.07412725997712714, 0.07345074103005031, 0.07030707718794423, 0.07238455173917008, 0.08091666622379079, 0.07891400031883002, 0.07999941493262853, 0.08333333333333333, 0.07931674892676091, 0.08232487826709328, 0.07329924108221644, 0.08107123122958167], [0.07057100644997903, 0.07420771755437915, 0.0735048615346187, 0.07036532893951644, 0.07236688028888669, 0.08072357388798561, 0.07905381670190549, 0.08007529436342961, 0.08312785062822518, 0.07941883814618818, 0.08209761906774389, 0.07341188246623526, 0.0810753299709067], [0.07055887754852772, 0.07429024987544068, 0.07355233465633473, 0.07040338542411931, 0.07232098034313791, 0.08047766746196428, 0.07922584944112335, 0.08017296036539887, 0.08300500838714203, 0.07954395317926963, 0.08180568433732899, 0.07352935288182505, 0.08111369609838746], [0.0704888008836342, 0.0743305271046207, 0.07355356461155643, 0.07038531732127189, 0.07222123216386245, 0.08019517166812595, 0.07937009521960407, 0.08029559266470958, 0.08333333333333331, 0.07963491318239266, 0.08148420782187955, 0.07360482348371832, 0.08110242054129077], [0.07049799807677133, 0.07443067218881157, 0.07362124616433903, 0.07043903453370709, 0.07220159353566968, 0.07996569710300341, 0.07954934929603555, 0.0804500952592263, 0.08302279294203228, 0.07976537019452412, 0.08120345316958413, 0.0737341457893607, 0.0811185517469346], [0.07048766462345997, 0.07447377849396451, 0.07364792772299708, 0.07044647708652105, 0.07218537906196221, 0.0798649475500318, 0.07964456066352857, 0.08053752240197541, 0.08287121470217448, 0.0798407768277188, 0.08107443191084923, 0.07378491635144029, 0.0811404026033767], [0.0704333193866594, 0.07451312006651153, 0.07365935355586813, 0.07042000290742753, 0.07212585803398719, 0.07969034925774619, 0.07977710739929392, 0.08065669560783785, 0.08293939787500883, 0.07994028905124927, 0.08086077973844577, 0.07383495315834782, 0.08114877396161636], [0.07040297055687267, 0.07457065579106613, 0.07368958722344778, 0.07041923855644464, 0.07208528225131114, 0.07950724817792959, 0.07991677575002745, 0.08077491600420394, 0.08291119091759842, 0.08004131997031129, 0.0806369384221677, 0.07390611426115803, 0.08113776211746118], [0.0703995012957679, 0.07467532769352, 0.07374639513370847, 0.0704682754216918, 0.07204385205005849, 0.07921981840830469, 0.0800787712939381, 0.08087042563772294, 0.08301614760614189, 0.08012263079640872, 0.08029885698519472, 0.07403811678793111, 0.08102188088961111], [0.07032780628281399, 0.07474387721845216, 0.07376408971820692, 0.0704418832962968, 0.07195531557393839, 0.0789714320148235, 0.08027135269820294, 0.08097878920771232, 0.08333333333333333, 0.08021730190760878, 0.07995756956081974, 0.07412033245389134, 0.08091691673389972], [0.07029176313077248, 0.07464769605887897, 0.07370831137992835, 0.0703503722144359, 0.07197732174364838, 0.07923311201151328, 0.08016923575551493, 0.08099628056958744, 0.08304127681344264, 0.0802322212481148, 0.08024815431693103, 0.07398242970489687, 0.08112182505233508], [0.07136068399609212, 0.07440989609647804, 0.07413828155159556, 0.07044036253826914, 0.07390148147308306, 0.0830737233645216, 0.07826528465351941, 0.07984837127633088, 0.08012966822633301, 0.07907258666890032, 0.08115140079915936, 0.07290298872068919, 0.08130527063502835], [0.07109201723588565, 0.07429249728824101, 0.07396625810745312, 0.0702051389791091, 0.07364367996109673, 0.08333333333333334, 0.07835413893631138, 0.07998938332251976, 0.0803210759827674, 0.0791779763666663, 0.08131132135033729, 0.07278997571584576, 0.08152320342043319], [0.0712729826269844, 0.07469468909357144, 0.07438237237065348, 0.07031437619885357, 0.07399777514914346, 0.08296071489174331, 0.07866572031053726, 0.08025313837449077, 0.07946983184987721, 0.07953388090685677, 0.08018353191175329, 0.07301762788521335, 0.0812533584303216], [0.07110726302696536, 0.07447551947861948, 0.07413886284351212, 0.07019127810965013, 0.07375745162102335, 0.08301670474637306, 0.07857212993226192, 0.0802176600972657, 0.07993918177498513, 0.07943144709892887, 0.08074985194709021, 0.07288019587242793, 0.08152245345089651], [0.07047706854431447, 0.07395998884379301, 0.07347482419333827, 0.06975345096453116, 0.07291258718648508, 0.08306937211570614, 0.07853466253315504, 0.08023586958873136, 0.08132302350127484, 0.07933881847245795, 0.08226430997122164, 0.07259412232604474, 0.08206190175894625], [0.07076111228417024, 0.07419094159384801, 0.0737717682766278, 0.06994401555052657, 0.07330132245343413, 0.0829056390426736, 0.07856803755710438, 0.08027318389553731, 0.08067618780429393, 0.07940897272118146, 0.081553382077202, 0.07271494152008823, 0.08193049522331236], [0.07123907072924933, 0.07478501817309531, 0.07446501006638252, 0.0702607312229755, 0.07403309307572079, 0.08333333333333333, 0.07876703205164828, 0.0803522907363718, 0.07913203835925807, 0.07962917977111139, 0.07976161459511136, 0.07303988548334664, 0.08120170240239563], [0.07124239614561209, 0.0750103501091544, 0.07464808843769913, 0.07027513637354253, 0.07409060996723292, 0.08280875648328312, 0.07910914317579228, 0.0806403522887417, 0.07871652692069418, 0.0798796198430011, 0.07919289326941921, 0.07319491862672069, 0.08119120835910662], [0.07181370857562835, 0.07569178652047222, 0.07540478432890207, 0.07076208786769832, 0.07479459953851415, 0.08300686007101273, 0.07946016168471767, 0.08045537178210777, 0.07732315267599146, 0.07970998831092367, 0.07767728823679074, 0.07367085648238768, 0.08022935392485311], [0.07195363266645402, 0.07559566511487119, 0.07538340454558724, 0.07085437154583465, 0.07493027076189394, 0.08310871919417184, 0.07920253942467838, 0.08025111142413868, 0.07747437410958212, 0.0795069607462754, 0.07792607536992399, 0.0735992437680669, 0.08021363132852168], [0.06959991815917774, 0.07427566341760364, 0.07343069409249077, 0.06923790946070052, 0.07195035494026472, 0.08058825195267627, 0.08026059399157157, 0.082085756928525, 0.08107423639387401, 0.08107429694983187, 0.08026037139704677, 0.0730207494764781, 0.08314120283975893], [0.06964856159471601, 0.07419424284218967, 0.07336291774721052, 0.06931172296968786, 0.07192658816085229, 0.08070599407405721, 0.08008097565687505, 0.0817543949464354, 0.08146624150859955, 0.08080654076105301, 0.08069112373680659, 0.07301102093671712, 0.0830396750647997], [0.06969950261258102, 0.07411900843390737, 0.07332750617235402, 0.06931944133676611, 0.07199540929557345, 0.08099949442987484, 0.07985434442547222, 0.08156520654784674, 0.0816956464879335, 0.08060202226098907, 0.08097968498609398, 0.07291882140555331, 0.08292391160505459], [0.06975325478714473, 0.07404996927272495, 0.07328998202153879, 0.0693495385393413, 0.07204157836043663, 0.08121397286399855, 0.07965111392111296, 0.08134534234142432, 0.08196243626266828, 0.08039140737526204, 0.08128543627953716, 0.0728561743084377, 0.08280979366637257], [0.0697933836771792, 0.07399514361829036, 0.07328417859462492, 0.06930797204743855, 0.07215965861332713, 0.0816021507823543, 0.07945716506711745, 0.08124305004978662, 0.08186631385339962, 0.08025730449755263, 0.08143215879820967, 0.0727275942417155, 0.08287392615900413], [0.06980908254438721, 0.07398343650830728, 0.07330542929697972, 0.069253538486371, 0.07226007509636193, 0.08184379522673899, 0.07937223071403098, 0.0812267965434635, 0.08155666239497841, 0.08022082462342038, 0.08140300169612462, 0.07263658307397343, 0.08312854379486251], [0.06989120004240416, 0.07415624196820776, 0.07348319087105078, 0.06929052164067073, 0.07242816943004568, 0.08168248381765154, 0.07954988505702387, 0.08147616572573635, 0.08097000736701394, 0.08045830259387138, 0.08090285966969611, 0.0727183844089642, 0.0829925874076635], [0.06974997797274551, 0.07433998902164592, 0.07359156970285172, 0.0691962253365007, 0.07232472637143862, 0.08106669445110577, 0.08002922995078636, 0.08204117306276695, 0.08037779923243045, 0.08099371007108441, 0.08009690930149095, 0.0728586621918192, 0.08333333333333333], [0.06957229488914854, 0.07437029297825229, 0.07353988484088081, 0.06912296585026527, 0.07207355143212198, 0.08074854868378947, 0.08037502218420534, 0.08242306221971785, 0.08034930353088748, 0.08132018981280494, 0.07980885330309191, 0.07296269694150088, 0.08333333333333334], [0.06958252983992264, 0.07438317503280734, 0.07352715562468413, 0.06919375764077886, 0.07200399290463004, 0.0804973851758696, 0.08045467922275379, 0.08242041488861085, 0.08063939279436501, 0.08134282609797015, 0.0798656487046181, 0.0730527753828682, 0.08303626669012126], [0.06960511125077085, 0.0742354698696139, 0.07342500954031653, 0.06917744350210232, 0.0720290800117907, 0.08081010443661958, 0.08013429962031433, 0.08206064820348657, 0.08094338196255463, 0.08100290116247827, 0.08033200172586291, 0.07291121538075619, 0.08333333333333334], [0.06959719520067016, 0.07419638447209116, 0.07337262295750778, 0.06921561260325862, 0.07195158584951351, 0.08076668800638823, 0.08010184944946286, 0.08192103876183097, 0.08120905019592545, 0.08091116722900718, 0.08048172270530507, 0.07294174923570555, 0.08333333333333333], [0.0696615278493425, 0.07408067149151693, 0.07332423721034399, 0.06919194385210069, 0.07207719807243382, 0.08126722126353578, 0.07976296224860774, 0.0816340009307201, 0.08139915258669796, 0.08060577298576459, 0.08089214521706922, 0.07276983295853333, 0.08333333333333333], [0.06978131084078844, 0.07421838680709401, 0.07348327691801648, 0.0692566732614656, 0.07227151467568257, 0.08127923940241087, 0.0798416908947808, 0.08179070060882852, 0.08096449867078857, 0.08074306571561142, 0.08063906958276638, 0.07282522549122694, 0.08290534713053936], [0.06971142549793014, 0.07418183048242322, 0.07342516573308834, 0.06922273149818287, 0.07216598703093677, 0.08119119825235602, 0.07988067164812018, 0.08180822325604259, 0.08109984956623098, 0.08075958621756385, 0.08066248385126118, 0.07282716767340211, 0.08306367929246165], [0.06973028176877684, 0.07430351801427508, 0.07353525571686632, 0.06922870032182005, 0.07223125925687343, 0.0809737594664635, 0.08005828516109266, 0.08204902618261993, 0.08069504561473527, 0.08098167658574602, 0.0802921372306336, 0.07289649953147255, 0.08302455514862467], [0.06967540072527105, 0.07409677321539578, 0.07332549836548923, 0.06924237417435952, 0.07204273189776929, 0.08116432753235416, 0.0798022869555161, 0.0816199249590209, 0.0815291641276844, 0.08061299828585401, 0.08091033498621034, 0.0728305797897116, 0.08314760498536374], [0.06977636740860119, 0.07403882300350222, 0.0733330567447451, 0.06925146826741976, 0.0722145602971231, 0.08163079400450916, 0.07952950680701616, 0.08139418699296123, 0.08150063001836873, 0.08037840449476602, 0.08120762585940798, 0.07270340961329853, 0.0830411664882809], [0.06981839922631991, 0.07412210535722506, 0.0734265789858251, 0.06925332145886752, 0.07232161021404362, 0.08160333603623768, 0.07959916539660973, 0.0815205601632674, 0.08112495354007156, 0.08049189110037368, 0.08094712238701642, 0.07272032638461894, 0.08305062974952336], [0.06985510641452937, 0.07431982331456329, 0.07360768833543338, 0.06926868931192749, 0.07243357671042384, 0.08123972508284821, 0.0798621435627805, 0.08184135401793229, 0.0804929025242195, 0.08081501259015915, 0.08031608808525864, 0.07283376064903703, 0.0831141294008873], [0.0699778912980188, 0.07427433023815118, 0.07360730044536862, 0.06935481124186237, 0.07255169807258971, 0.08154369006583069, 0.07963527204831498, 0.08157195787558116, 0.08066977426885524, 0.08056814090640792, 0.08063548450469955, 0.07279232681663608, 0.08281732221768377], [0.0697375248570092, 0.07402702075295425, 0.07329511915594732, 0.0692649041914039, 0.07211552720372935, 0.0814571096152413, 0.07958294017385283, 0.08139343772070928, 0.08171561861545965, 0.08039413653583252, 0.08122219909132057, 0.07275029987865465, 0.08304416220788502], [0.06980968679998027, 0.07400526654921241, 0.0733360987826764, 0.0692238581936149, 0.07230790658875924, 0.08186681999558182, 0.07938399720302752, 0.08127391699491024, 0.08132655564572189, 0.08025980573327814, 0.08125909924421287, 0.07261365493569093, 0.08333333333333333], [0.06994227877099558, 0.07410757787059677, 0.07346427565665946, 0.06931158298870205, 0.07248755526685664, 0.08190941785055544, 0.07938739736612699, 0.08129113286407959, 0.08102401046672242, 0.08028900631173375, 0.08108547201232852, 0.07266254277558945, 0.08303774979905329], [0.06950715772090059, 0.0746625103816241, 0.0736656752397284, 0.06930823644883406, 0.07177838638235547, 0.07998398822997066, 0.08120572160383947, 0.0826172148984333, 0.08065862284197642, 0.08192586271997973, 0.07903517599476953, 0.07346405687140327, 0.08218739066618506], [0.06944956484150476, 0.07459653540769795, 0.07362993571296875, 0.06917838501578195, 0.07181549717653624, 0.08024799435929385, 0.08107213171129433, 0.08287392696612932, 0.08042411627999552, 0.08193537394883892, 0.07901857348922135, 0.07330877890368558, 0.08244918618705144], [0.06946086698034522, 0.0745652592737817, 0.07365497404613289, 0.06907378880296403, 0.07196716545489384, 0.08071340415426594, 0.08086691094407189, 0.08300195526202676, 0.0799588616630337, 0.08186245362250395, 0.07903170877746266, 0.07313800109474877, 0.08270464992376857], [0.0696764572274365, 0.07478449136638278, 0.07391371318636551, 0.06920707222223692, 0.07228188717265698, 0.08118145224028596, 0.08084307848974688, 0.0826818418261749, 0.07931032643142386, 0.08189667870213496, 0.07866914800858826, 0.07323045106768067, 0.08232340205888589], [0.06984941796596912, 0.07535106125055327, 0.07438689956801661, 0.06945350456169591, 0.07244224097179308, 0.08095393619337117, 0.0814194751981088, 0.0830142779349964, 0.07838995627915087, 0.08236957273864001, 0.07738106782455281, 0.07372885150354196, 0.08125973800960994], [0.06977877963712202, 0.07556969384962452, 0.07446231304202412, 0.06958489812261973, 0.07217589974424021, 0.08015681078449008, 0.0822109075988921, 0.08276661514516047, 0.07856471278621767, 0.0829243680845632, 0.07685489525415215, 0.0741212434354699, 0.08082886251542379], [0.06963266062915488, 0.07542575515261023, 0.0742574029570973, 0.06957232456587178, 0.07186859807277045, 0.07967332014589656, 0.0825519857890819, 0.08273847790386286, 0.07925701842893464, 0.08293502282675501, 0.07704755556846529, 0.07417726498844512, 0.08086261297105407], [0.06949623964421116, 0.0751032389345601, 0.0739632377182657, 0.06944699682206376, 0.0716852294551404, 0.07958532879765581, 0.08215909864854437, 0.08309486814291364, 0.07998333567481958, 0.082556476721624, 0.07774612593550916, 0.07394877251516274, 0.08123105098952976], [0.06946826377071777, 0.07476886754387023, 0.07372881555171115, 0.06931030202249144, 0.07172521795748435, 0.07988964875583353, 0.08147600513182075, 0.08290783740751552, 0.08041136412522547, 0.08215692205149579, 0.07864934931584125, 0.07357716516226213, 0.08193024120373064], [0.06944257850922822, 0.07468148529664277, 0.0736877719138617, 0.0691975289779694, 0.07179833056732693, 0.08019964012060662, 0.08125457043625074, 0.08291782771119596, 0.08027635256040815, 0.08211676587257827, 0.07876713309203974, 0.0733966343963237, 0.08226338054556788], [0.06939262134428578, 0.07466245256198402, 0.07369837163861245, 0.06906291736795346, 0.07186930775039688, 0.0805449660861251, 0.0811606179805139, 0.08333333333333333, 0.07984395711965143, 0.08216142417364157, 0.07864480773232577, 0.07325646293590643, 0.08236875997526988], [0.06946793015804673, 0.07471081317360086, 0.07377077067825463, 0.06909599923951125, 0.07198938078157155, 0.08074352763203743, 0.08109760504259927, 0.08311899684657555, 0.07964124486235877, 0.08213609456659063, 0.07861112908730401, 0.07325267613738218, 0.08236383179416704], [0.06955420734435105, 0.07491177271753864, 0.07394557048741357, 0.069201304143586, 0.0720743627393466, 0.08074671490861547, 0.081332625641126, 0.08287168700230504, 0.07931862490729462, 0.08240333576671349, 0.07820017891452918, 0.07343006149949349, 0.08200955392768682], [0.06946385478668214, 0.0749324584204699, 0.07387695728465128, 0.06926995139492607, 0.07180853402808648, 0.08010911687952517, 0.08172241386992009, 0.08294702956897643, 0.07977103225656819, 0.08261449758369362, 0.07807868155123554, 0.07363261197953115, 0.081772860395734], [0.06948740971018727, 0.07515002077803043, 0.07404249131928589, 0.06933557635372643, 0.07182140912453294, 0.07998405976809174, 0.0821