[[0.07366507570814268, 0.07589677396156966, 0.07516279177286796, 0.0705101725494146, 0.0721091455150796, 0.07336364228375625, 0.08087458320552292, 0.08144949910869378, 0.08105946276630407, 0.08093741682655596, 0.08249865237217757, 0.08166417043438533, 0.07080861349552947], [0.07365749085620091, 0.0757983716117198, 0.07510512215787013, 0.07051320524532961, 0.07208455153553586, 0.07339054686143998, 0.08067167992876251, 0.08133077259740926, 0.08090686683070845, 0.08119923388004893, 0.08276879110309099, 0.08176775661175101, 0.07080561078013234], [0.07366718238939711, 0.07569584608897499, 0.07505152418573692, 0.07054725862901677, 0.07208103601218586, 0.07344102982793936, 0.08042777116880516, 0.08115968841925848, 0.08070957149708512, 0.08153027808563694, 0.08302781168118548, 0.08182934794962352, 0.07083165406515428], [0.07370168315960313, 0.07563524871955224, 0.0750344508932969, 0.07058634821021346, 0.07209375008524313, 0.0735109429713105, 0.08025508151632428, 0.08104820404806384, 0.08057925503678505, 0.08183310318882273, 0.08297215217610275, 0.08188497386407527, 0.07086480613060658], [0.07377782790057548, 0.0755918478184841, 0.07504299548233842, 0.07069186952189101, 0.07215866422415271, 0.0736282158512997, 0.08005056648252383, 0.08088911292596171, 0.08041038527940636, 0.08219158674395773, 0.08273153097750627, 0.08187372273142758, 0.07096167406047525], [0.07377848519645974, 0.07552335944966607, 0.07500955355193037, 0.07066384805652502, 0.07212225533780883, 0.07365832139844221, 0.07991665297798836, 0.08080484022637842, 0.08031341261394219, 0.0824315480436435, 0.08295473838774317, 0.08189191251778956, 0.07093107224168245], [0.07376644243231492, 0.07542126818238744, 0.07496074249811112, 0.07054934292092295, 0.07201873363139875, 0.07369137447008757, 0.07975873195355021, 0.08074287891390874, 0.0802272486987554, 0.08272970477694794, 0.08333333333333333, 0.08198345621913511, 0.07081674196914652], [0.07386323219316801, 0.07540289945319337, 0.07500261736465726, 0.07058826931538481, 0.07204821722455797, 0.07383536233910075, 0.0796117132997517, 0.08066006929503902, 0.08013642121364146, 0.08305660003633816, 0.0829532433815238, 0.08198920714283806, 0.07085214774080564], [0.07393160984464564, 0.07539653180005687, 0.07504575434454198, 0.07053562540166014, 0.07201797748832954, 0.07394186547884428, 0.07954883253887053, 0.08067009971867961, 0.08013528980461532, 0.08333333333333331, 0.08257626876049483, 0.08206493709767394, 0.07080187438825386], [0.07417423979300754, 0.07550026743557116, 0.07522798878988567, 0.0706746252314132, 0.07215902645252975, 0.07423977671037149, 0.07948557517228114, 0.0806385652312102, 0.08011336343897811, 0.08279865826149457, 0.08204752379116977, 0.08200143972696525, 0.07093894996512212], [0.07438533926920156, 0.07559199943452335, 0.07539477649042539, 0.07074062421119474, 0.07224708505601952, 0.07450172468662357, 0.07942165339892618, 0.08059068466875646, 0.08008675904600761, 0.08271499564555002, 0.08148815973663005, 0.08182946472945068, 0.07100673362669094], [0.07455003424684079, 0.07562873608567684, 0.07550054622938361, 0.07082988753191423, 0.0723329785344854, 0.07471551414329558, 0.07926910113196743, 0.08041846858237625, 0.07994415806985841, 0.08311642749400919, 0.08106812219582143, 0.0815324684040052, 0.07109355735036547], [0.07470083805401806, 0.07573743794460315, 0.07565345935461963, 0.0708126596555522, 0.07236566773495716, 0.07488840641122363, 0.07928714687817019, 0.08049854296619234, 0.07998579015146767, 0.08301480008219905, 0.08061250366868947, 0.08135869812320429, 0.07108404897510297], [0.07484222444710424, 0.07585715346526767, 0.07580137604769759, 0.07084223146555066, 0.07243066614805219, 0.07503905642157727, 0.07932362660393065, 0.08057818950345369, 0.0800314404161139, 0.08264439796564796, 0.08028326163695755, 0.08120711167718622, 0.07111926420146045], [0.07496631826157377, 0.07601577807076322, 0.07597126098390508, 0.07080800661017955, 0.07246171566610858, 0.07515203614536396, 0.0794391042307811, 0.08074417087211148, 0.08015749239230062, 0.08217535945373261, 0.07989544643616717, 0.08111685014087333, 0.07109646073613952], [0.0749358336002224, 0.07608093425467671, 0.0760189128150827, 0.07061681717855875, 0.07234985910410012, 0.07509208952419492, 0.07956502614953018, 0.08091672068283935, 0.08029699139927031, 0.08247388676424793, 0.07959764755817177, 0.08113546234968971, 0.07091981861941521], [0.07492798297257428, 0.07620021837752375, 0.07611294861694552, 0.07042131172997036, 0.07225117900495102, 0.07504015256722667, 0.07972152633558445, 0.0811064705884252, 0.08045535155858126, 0.08277233283570941, 0.07917323007984572, 0.08107510148373691, 0.07074219384892558], [0.07487587652871995, 0.07636621977699297, 0.0762055098163293, 0.07023467142848627, 0.07216356906463534, 0.07490672044069, 0.08002091585153158, 0.0814115858201447, 0.0807455722354561, 0.08258481517990562, 0.07882923377496404, 0.0810803716292759, 0.07057493845286826], [0.07372598203742939, 0.07604002765303716, 0.07525511319727893, 0.07067621643920866, 0.07226357181394957, 0.07338006979841477, 0.08100612669834982, 0.08138137958369525, 0.08106983438191656, 0.08059469780305988, 0.0822666542492475, 0.08136594846969633, 0.07097437787471629], [0.07369854472135301, 0.07590360465674886, 0.075169427695863, 0.07064750287298277, 0.0722058626152547, 0.07339601231296032, 0.08076759276251617, 0.08127966854112419, 0.08091122555820016, 0.08091920495994834, 0.08263439415524369, 0.08152789678057859, 0.07093906236722633], [0.0736883024545146, 0.07582891890478034, 0.07512407140628886, 0.07064143745120241, 0.07218119178138599, 0.07341065711354951, 0.08062467003114672, 0.08120027089038069, 0.08080669731439966, 0.0811222290980497, 0.08284775936938046, 0.08159493193928781, 0.07092886224563325], [0.07367513997048211, 0.07568448199523974, 0.0750448526987287, 0.07059026109971453, 0.07210753341295889, 0.07345264741225281, 0.08036966729135611, 0.08108735294138078, 0.08064259855249281, 0.0815806000747215, 0.08311967397376926, 0.0817735006851072, 0.07087168989179557], [0.07367576313040419, 0.0757952577040879, 0.07510371073086755, 0.07059932093143786, 0.07214300245212205, 0.07340971104696167, 0.08059310511127558, 0.08121363540034823, 0.08080335395082322, 0.08120911864333513, 0.08289802444032585, 0.08166902790344324, 0.0708869685545676], [0.07373245699986614, 0.07562408239266272, 0.07503702032287891, 0.07066487787648792, 0.07214573143817235, 0.07355218880892335, 0.08016292058022503, 0.08094519586349132, 0.0804817868519873, 0.0819429828816618, 0.08296057789148532, 0.08181183042678539, 0.07093834766537237], [0.07379586933371578, 0.07559793610113733, 0.07504719980017016, 0.07077227612435068, 0.07221549101961353, 0.07364390380919367, 0.08000225433158285, 0.08080235625155872, 0.08033739347440189, 0.08218986347315207, 0.08280365158150499, 0.08175369547040878, 0.07103810922920943], [0.0737880424172479, 0.07551254820972994, 0.07500681446319937, 0.0706841617066843, 0.07213379373964962, 0.07367434016673052, 0.07987456685076326, 0.08076349566727832, 0.08027313358405921, 0.08249191431712387, 0.08298570028365078, 0.08186187060430802, 0.07094961798957479], [0.07381025238156816, 0.07542691505426316, 0.07497035434094577, 0.07070683087022338, 0.072128767843982, 0.07373714741243986, 0.07965590933127624, 0.08058010360082547, 0.08008588601284966, 0.0828386674181, 0.08333333333333333, 0.08175989659236264, 0.07096593580783027], [0.0739107325678046, 0.07540978603886604, 0.07501663657313883, 0.07073134227136306, 0.07214914386699704, 0.07388772079717448, 0.07952170213217774, 0.0805234490405566, 0.08001643556161578, 0.08313313705606162, 0.08290869495978559, 0.08180350406595589, 0.07098771506850286], [0.07395224694241215, 0.07539553773609323, 0.07504022755656725, 0.07067254588321495, 0.07211027320421973, 0.07395924699693467, 0.07947280072200816, 0.08053983839453815, 0.08002108192606645, 0.08333333333333333, 0.08268987300759455, 0.08188180261678683, 0.07093119168023057], [0.07406763273987686, 0.07543706619644126, 0.07512547462611961, 0.07071378890969457, 0.07215871022884152, 0.07410667832071667, 0.07944002962934965, 0.08054394324462195, 0.08002326300278313, 0.08309956336923473, 0.08240482163777382, 0.08190665716638443, 0.07097237092816178], [0.07420706461419127, 0.07549270715387227, 0.07522831015652155, 0.07078981041253413, 0.07223631712680838, 0.074279863122798, 0.07939731735000456, 0.080519446212673, 0.08000444809045106, 0.08283709242050795, 0.08209698051777224, 0.08186334935426717, 0.07104729346759849], [0.0743027029161125, 0.0755334800323959, 0.07529885962958911, 0.07085344304184212, 0.07229796286798626, 0.07439642299943527, 0.07936536939986578, 0.08049140899393106, 0.07998343404282517, 0.08265228716631395, 0.08190857949879761, 0.0818063160487959, 0.07110973336210931], [0.0744273740053696, 0.07558215639022788, 0.07538830106123777, 0.07093666014693996, 0.07237765275293971, 0.0745498243730823, 0.07930884031441227, 0.08043414026040259, 0.07993847637244623, 0.0825148328091956, 0.08165404265569053, 0.08169650260395135, 0.07119119625410428], [0.07448716118606748, 0.0755996871089687, 0.0754387432142167, 0.0708938309967714, 0.07236049473937176, 0.07463218104557978, 0.07928169993297463, 0.08042063809241068, 0.0799332876652658, 0.0827954144464467, 0.08138030353226969, 0.08162459336806298, 0.07115196467159372], [0.07472835036173023, 0.07566765335258445, 0.07559663931516702, 0.07105835534955576, 0.07251215771713111, 0.07493727043855423, 0.07908679962252552, 0.08020536954427636, 0.079744673517679, 0.08305781781388116, 0.08084695493382404, 0.08124610770361855, 0.07131185032947242], [0.07484153373335824, 0.07575411532219858, 0.07571775907341365, 0.0710173117963773, 0.07251982411968581, 0.0750672819455937, 0.07911294036209836, 0.08029607212099582, 0.07979150489310606, 0.0829798638869144, 0.0804911703705718, 0.08113204652341734, 0.0712785758522688], [0.07452784195259135, 0.07564027610282978, 0.07550396736110869, 0.07075576367492374, 0.07228483491562365, 0.07468490600839502, 0.07933160776422761, 0.08049470736053867, 0.08001805259027127, 0.08311280876588249, 0.08103100817718743, 0.08158999576016412, 0.07102422956625623], [0.07497491063927923, 0.07584670299482109, 0.07584237341847734, 0.07106683446588329, 0.07259053324044566, 0.07521629003812043, 0.07910884605898967, 0.08032092955914312, 0.07979191136546789, 0.08270252424099099, 0.0802177834209032, 0.08098924024028463, 0.07133112031719326], [0.07514508384227042, 0.07600771361736872, 0.07603372563182194, 0.07108053860803604, 0.07265923195099186, 0.07539098114336273, 0.0791705349358567, 0.08042648137220583, 0.07986065274349052, 0.08224474303094882, 0.0798147839075321, 0.08081153891286695, 0.07135399030324736], [0.07514694894250722, 0.07606824957565093, 0.07608676217574138, 0.0709649115102116, 0.07259913915158932, 0.07537510453319964, 0.07926275387540123, 0.08055209255473547, 0.07996310799667886, 0.08226356912693773, 0.07962377907743814, 0.08084511311107292, 0.07124846836883549], [0.07512860402990973, 0.07615204091910077, 0.07615689571288664, 0.07074910350535372, 0.07247758637938505, 0.07532465481245658, 0.07938440700871036, 0.08071744674809381, 0.08009475704660436, 0.08267564673323866, 0.07925992102114322, 0.08082911089510889, 0.07104982518800823], [0.07518538770821118, 0.07626464531559302, 0.07627491535426321, 0.07063490745176508, 0.07243862936801786, 0.07536024440323112, 0.07942491855801204, 0.0807654509630156, 0.0801249924612068, 0.08307050117607327, 0.07883365909667989, 0.08067272105976277, 0.07094902708416807], [0.07506199596723961, 0.07634423867278407, 0.07627921117801771, 0.07042014868075192, 0.07230253102272013, 0.07516474079949846, 0.07969900733170597, 0.08105987352841747, 0.08040516512583003, 0.08297816961428162, 0.07872272980974268, 0.08081218037445688, 0.07075000789455353], [0.07376588076643419, 0.07604579625875514, 0.07526441999197603, 0.07081974853593062, 0.07236477414313672, 0.07342139495077209, 0.08088140887734478, 0.08121270085215632, 0.08091486130493737, 0.08058899341649564, 0.08235568296187215, 0.08125369541340008, 0.07111064252678895], [0.07372506641732245, 0.07584043975835421, 0.07513568891183235, 0.07077648842517499, 0.0722778357032162, 0.07344588805936181, 0.08052718438908198, 0.0810463286613944, 0.08067342040367713, 0.0811384626501404, 0.08290938102370325, 0.08144641643543764, 0.07105739916130306], [0.07373567968200412, 0.07591253453160844, 0.0751795750162556, 0.07078478326966632, 0.0723034084680508, 0.0734326163129056, 0.08066022720678476, 0.08111861754341997, 0.0807692156766747, 0.08093510644428455, 0.08270780472914468, 0.08139085579563829, 0.07106957532356216], [0.0736930428488269, 0.07577006078140777, 0.07509002205417907, 0.07068480031063809, 0.07219512002441221, 0.07343588157331472, 0.08046874315945327, 0.08107095027569516, 0.08066718377692697, 0.08131236132453341, 0.08306396870634047, 0.08158146653071682, 0.07096639863355529], [0.07372437781949474, 0.07573737527312055, 0.07507844168918042, 0.07078910285137475, 0.07225882743741277, 0.0734834029784439, 0.0803101404019567, 0.08090816034776142, 0.08050685849505473, 0.08145945583126864, 0.08318669845676918, 0.08149406275563612, 0.07106309566252621], [0.07375765778497392, 0.07566021275181214, 0.07505508045203821, 0.07080057876886998, 0.07224823003660526, 0.073560867179385, 0.08013235916192937, 0.08082606075547252, 0.0803935799997892, 0.08182297646127779, 0.08307564423219431, 0.08159776126591663, 0.07106899114973572], [0.07369150430490878, 0.07568628955402336, 0.07504258292002242, 0.0706969762826794, 0.07218102862432187, 0.0734647138404712, 0.08028767172747042, 0.08094491540962089, 0.08052208909128347, 0.08157301539094715, 0.08333333333333333, 0.0816029888127059, 0.07097289070821182], [0.07381444698760148, 0.07560850345302245, 0.07505151215489064, 0.07087549302741905, 0.07228889735303513, 0.07365606930029747, 0.07994574064569569, 0.08069056964566201, 0.0802452124863497, 0.08213163780311653, 0.0829664608780903, 0.08158901261494689, 0.07113644364987273], [0.07386085198320048, 0.07558799008667598, 0.07506105101823658, 0.07093010585679284, 0.07232348810901834, 0.07372615974026535, 0.07984205390715138, 0.0806155241360122, 0.08016420309911383, 0.08231633174990262, 0.08280722525121971, 0.08157838783522318, 0.07118662722718774], [0.07385684246540639, 0.07553922498980069, 0.07503675564654066, 0.07089157030287324, 0.07228472111482256, 0.07374305356406613, 0.07976402219531206, 0.08057932449229349, 0.08011639958306939, 0.0824900516043559, 0.0829411869519805, 0.08160960933345993, 0.0711472377560192], [0.07388881117543018, 0.0754856096170845, 0.07502307825035087, 0.07091758491188557, 0.0722907653267319, 0.07380754594135824, 0.0796111531934643, 0.08046224612103704, 0.07999335356901344, 0.08273117758998592, 0.08305989257678392, 0.08156027231306563, 0.07116850941380841], [0.07391965936536433, 0.07541863811180313, 0.07501211410205726, 0.07085235383157411, 0.07223265922524583, 0.0738850128790693, 0.07947604996323404, 0.08041287876913411, 0.07992470651948166, 0.08313863249887198, 0.08300188182979808, 0.08162273106833894, 0.07110268183602712], [0.07394942240873628, 0.0754021511111137, 0.07502224589146188, 0.07083659260914449, 0.0722205495263607, 0.07393632697422857, 0.07942169106324289, 0.08039492984046227, 0.07990020601750325, 0.08333333333333333, 0.082850669199106, 0.08164518011869032, 0.07108670190661628], [0.07398668531146022, 0.07541539645595849, 0.07505043904137321, 0.07084283263910586, 0.07223127766439269, 0.07398497049330709, 0.07941554657375666, 0.0804118195841598, 0.0799131284366959, 0.08320909798223662, 0.08276115647608043, 0.08168440040425527, 0.0710932489372179], [0.07408727623471456, 0.0754349768751627, 0.07511505538275605, 0.07088127520557201, 0.07227079280002094, 0.07411998909252418, 0.07934661081752009, 0.08038942041741778, 0.07988728023966477, 0.08314649866101119, 0.08249541968614553, 0.08169491777565098, 0.07113048681183921], [0.07419292442479321, 0.0754688109251928, 0.07519086598624528, 0.07091683900167621, 0.07231276897972781, 0.07425688999461577, 0.0793113621071446, 0.08038294587571777, 0.07988011262551512, 0.08296723195054725, 0.08225330162093389, 0.08170004278213969, 0.07116590372575055], [0.074301140715095, 0.07551209442824977, 0.07527014845954866, 0.07097907585177463, 0.07237521389363064, 0.074391105610684, 0.07927876538952701, 0.08036271874067268, 0.07986437773051465, 0.08273576805774732, 0.08203650364230755, 0.08166596267119541, 0.07122712480905256], [0.07452905069639748, 0.07559946748441108, 0.0754283141403138, 0.07116324029495612, 0.07254138101580371, 0.07466982791672559, 0.07917147192858924, 0.0802510215765559, 0.07977259632800765, 0.08235963519367108, 0.08162381173425422, 0.08148404670086487, 0.07140613498944907], [0.07467018429987146, 0.0756313728588103, 0.07551846718315586, 0.07123995587688774, 0.0726150099168699, 0.07485372351144891, 0.07905690417426671, 0.08013132649394385, 0.07967095666891061, 0.08257367066747928, 0.08126485957157148, 0.0812928750624111, 0.0714806937143728], [0.07476097702798795, 0.07567088602203656, 0.07560562922491808, 0.07114797468070322, 0.07257513913409615, 0.07497573370721958, 0.07904074891454409, 0.08013626319166436, 0.07968712847598548, 0.08293405930932407, 0.0808727276519581, 0.08119611135967496, 0.07139662129988762], [0.07463305653047252, 0.07563004290468107, 0.07552066815085408, 0.07105054669146382, 0.07248680792162907, 0.07481653533129465, 0.07913433207432788, 0.0802444876071514, 0.07977964959857232, 0.08289260682073045, 0.08112950877037364, 0.08137980727060432, 0.07130195032784459], [0.07455655166401617, 0.07560518057452464, 0.07545491811841437, 0.07110527647321187, 0.07250784281223015, 0.07471213289302586, 0.07916620990349658, 0.08026271899395264, 0.07978624567517702, 0.08256446458386513, 0.08145507355658566, 0.08147151712939754, 0.07135186762210224], [0.07439794729879437, 0.07555642274132372, 0.07534715433356486, 0.07101153844558136, 0.07241738943310577, 0.07451090259955227, 0.07926498153729038, 0.08036316389967939, 0.07986932751729289, 0.08253637069516888, 0.08182130743352319, 0.08164314211748425, 0.07126035194763872], [0.07462245041536332, 0.07562456582431643, 0.07550796771085486, 0.0710766296397063, 0.0725012764629444, 0.0748014186917533, 0.07913216773047782, 0.08023754880406188, 0.07977058468619731, 0.08280827918897422, 0.08120027386974851, 0.08139065428590277, 0.0713261826896988], [0.0745237261290664, 0.07561198866717228, 0.07546893260972312, 0.07088012790587904, 0.07235867061002485, 0.0746807186957287, 0.07926280115310573, 0.08040460299711413, 0.07992377322008652, 0.08294051163431153, 0.08123458637039956, 0.08156969164132678, 0.0711398683660613], [0.07483019365808316, 0.07571243533281749, 0.07567372510002623, 0.07111764249287997, 0.07257369959696605, 0.07506039983619049, 0.07903702354329845, 0.08017523839528984, 0.07969746182659072, 0.08299741733742973, 0.0806386194324236, 0.08111541995685834, 0.07137072349114598], [0.0749359771116669, 0.07578233101611621, 0.07577330074922928, 0.07113430273606927, 0.07261417355040041, 0.07518206874354835, 0.07903320200419886, 0.08020597479596572, 0.079702338699179, 0.08285376474479134, 0.08038755733634101, 0.08100411816460355, 0.07139089034789008], [0.07506889554614804, 0.0758842758825581, 0.07590645754584711, 0.07115878195521468, 0.07267095229651858, 0.07532827830840569, 0.07904739538140627, 0.08025554141247339, 0.07972367785857605, 0.0825769765761014, 0.08009085323795288, 0.08086751052471879, 0.0714204034740789], [0.0751754556434699, 0.0759694281859783, 0.07601431430562093, 0.07118730210470052, 0.07272325283835332, 0.07544283299443348, 0.0790575700952634, 0.0802855298119332, 0.07973558391898067, 0.08234016720028678, 0.07986586642677616, 0.08075002254133354, 0.07145267393287001], [0.07524336646694679, 0.07608437142176779, 0.07613574665717811, 0.07108667928350941, 0.07269434278396156, 0.07549714128077471, 0.07915598863995447, 0.0804267212206263, 0.07984415420783063, 0.08221231197396862, 0.07954508739090367, 0.08070932473352137, 0.07136476393905679], [0.07528347776588813, 0.07618080135701652, 0.07624018800989805, 0.07092623380949793, 0.0726194232004315, 0.0755201776704081, 0.07921458849010014, 0.08051917319826477, 0.07990622571731712, 0.08262163243657598, 0.07912903754083128, 0.08061956653180483, 0.0712194742719657], [0.07529083093120788, 0.07625411669583114, 0.0763071363137817, 0.07079996286050393, 0.07255668956106347, 0.07550434573738352, 0.07927951661863024, 0.08059809169497986, 0.07996931255989892, 0.08291829326135007, 0.07885503393829373, 0.08056191326010384, 0.07110475656697174], [0.07525538748476901, 0.07635259279425236, 0.07637490013272032, 0.07060062786283515, 0.0724471913971764, 0.07542023126389238, 0.07941399748413092, 0.08074031522193878, 0.08009737369220755, 0.08333333333333334, 0.07852920183196091, 0.08051262275918465, 0.07092222474159827], [0.07511651052510852, 0.07646419016845499, 0.0763853029612465, 0.0704032408402738, 0.07232739962012574, 0.0751900426362113, 0.07977439495780483, 0.08111018483038016, 0.0804598138712491, 0.08283609301473735, 0.07848040167478804, 0.08071146868457181, 0.07074095621504765], [0.07442469283648727, 0.07555081395878359, 0.0753463631169427, 0.07111656951539488, 0.07248784926345744, 0.07454213802677209, 0.07919049133672185, 0.08026144608247242, 0.07977618963247493, 0.08258588648761694, 0.08183222912971712, 0.08152613074498852, 0.07135919986817019], [0.07427753377127609, 0.07548551962153144, 0.07523259306822096, 0.07105222020342271, 0.07241454464796696, 0.07436017528358091, 0.07921440079869502, 0.08026436248083191, 0.07977396307218196, 0.08296516661063756, 0.08211531007912182, 0.08154951701823428, 0.07129469334429846], [0.0741366742920118, 0.07543177183958545, 0.07512941269721626, 0.07098445075109922, 0.0723429256772476, 0.074182758008812, 0.07924963209349031, 0.08027093953850448, 0.0797796651645013, 0.08333333333333334, 0.08238141737772571, 0.08154928100584721, 0.07122773822062539], [0.07411323689215663, 0.07544221691056012, 0.07511799658228704, 0.07101436778929653, 0.07236316232045852, 0.07414170669947069, 0.07928425623272825, 0.08027456778879873, 0.07978774868994751, 0.08315213098300933, 0.08252067944874182, 0.0815312744483069, 0.0712566552142378], [0.0740351056809695, 0.07543662457070716, 0.07507113069543654, 0.07100211112017321, 0.07234668539881835, 0.07403116198146587, 0.07934689120331376, 0.08028842166002527, 0.07980793072099544, 0.08314344982829794, 0.08274180333928755, 0.08150371656293527, 0.07124496723757412], [0.07396429836298005, 0.07547728617704186, 0.07504949077634203, 0.07102688922696303, 0.07236761372665969, 0.07390955267644914, 0.07947829584836111, 0.080337119614287, 0.07987237509604952, 0.08285556713176487, 0.08293266460659751, 0.0814577479720014, 0.07127109878450254], [0.07395035604069555, 0.07551656229163639, 0.07505941353781334, 0.07105642958773585, 0.07239632858633702, 0.07387098937486199, 0.07955568684749241, 0.08037154132070227, 0.07991681043434899, 0.08266651123614592, 0.08290316895180312, 0.0814347341776726, 0.07130146761275437], [0.0745437690130475, 0.07568314108599451, 0.07554687286917772, 0.07068772517459333, 0.07225262141749506, 0.07469565609526194, 0.07940574522679658, 0.0806019125636086, 0.08010839571418277, 0.08301418520930007, 0.08089018717419125, 0.08160726287314866, 0.07096252558320186], [0.07483565319014102, 0.0758055040211778, 0.07575852947672744, 0.0709095079505416, 0.07246127868781964, 0.07504594363052823, 0.07922926713018738, 0.08045387942319715, 0.07992536730825116, 0.08282807753259741, 0.08038281686499006, 0.08118438180849459, 0.07117979297534643], [0.07503976036143, 0.0759504184238871, 0.07594928854424941, 0.07100316077992924, 0.07258201973046126, 0.07527038953003075, 0.07921572292794539, 0.08047122426086523, 0.07991199904281807, 0.08240400378264555, 0.0799828857092958, 0.08094188791754012, 0.07127723898890202], [0.07392446152242038, 0.07555510162970873, 0.07506674206438468, 0.07104485486418836, 0.07239656169752129, 0.07381958896204613, 0.07966157312468918, 0.08044436982055783, 0.07999619292089696, 0.08249546816855079, 0.08284824071945793, 0.08145388761942415, 0.07129295688615366], [0.07390553541084048, 0.07559957600533046, 0.07507982413240803, 0.07104567905453492, 0.07240728431986838, 0.07377473490909243, 0.07976600536010282, 0.08050874876713836, 0.08007028066060194, 0.08230326418155476, 0.08279143582973496, 0.08145110240583124, 0.07129652896296129], [0.07384456575163138, 0.07562711749438883, 0.07506567498851395, 0.07099045827215052, 0.07237317573515382, 0.07368060804656272, 0.0798895589062464, 0.08058256365468802, 0.08015626172172585, 0.08205253012532021, 0.08305806090789238, 0.08143309733102445, 0.07124632706470144], [0.07379195821688116, 0.07566262836324994, 0.07505867564836814, 0.07095160960797366, 0.0723529515903482, 0.07359380886308388, 0.08000992558822134, 0.08064021455150056, 0.08023199099113709, 0.08178273307412584, 0.08333333333333334, 0.081378062913705, 0.07121210725807192], [0.07379807075554229, 0.07574373126463527, 0.07510379524926815, 0.07097017516176057, 0.07238738162181514, 0.07356956636435263, 0.08015791872161253, 0.08072780139081054, 0.08033919747721413, 0.08154599688409893, 0.0830727364369545, 0.08134902721234025, 0.07123460145959498], [0.07378948939044626, 0.07577478727549873, 0.07511741575951005, 0.07095350622990604, 0.07238387563407145, 0.0735467996743324, 0.08023550381023886, 0.08078099085605026, 0.08040028605104012, 0.08143630899957255, 0.08301420998485828, 0.08134606073525896, 0.07122076559921589], [0.07377643511093224, 0.075822756674101, 0.07513830621761494, 0.07092960485724653, 0.0723797748114858, 0.07351167017244234, 0.08035251040254658, 0.08085541146543093, 0.08048928900409053, 0.08126084283640125, 0.08295578786345534, 0.08132645741644508, 0.07120115316780738], [0.07377633565993369, 0.07588268477198411, 0.07517098872039615, 0.07092426857045031, 0.0723922554610718, 0.07348890714651012, 0.08047368900371485, 0.08092524891804224, 0.08057793199234811, 0.08107646213180482, 0.082820899291679, 0.08129055826997973, 0.07119977006208526], [0.07380717633735742, 0.07598824328827043, 0.07523811803572561, 0.07098759891363614, 0.07246546487882999, 0.07348640475061315, 0.08061395675776215, 0.08096213487840977, 0.08065461065030223, 0.08080163800142438, 0.08256194171678231, 0.0811666165036929, 0.07126609528719348], [0.0738318044290886, 0.07609098876176623, 0.07530355236059737, 0.07102032891774564, 0.07251696390420176, 0.07347911093109784, 0.08077119265966792, 0.08101963475857293, 0.08075206674942986, 0.08053690896187018, 0.08231128291538031, 0.08106288578505946, 0.07130327886552196], [0.07377768953616373, 0.07598781758606608, 0.07523159921402033, 0.07089380375274681, 0.07240003052040703, 0.07345340241128363, 0.08070203957764333, 0.08106831253589582, 0.0807544189146584, 0.08076766900681075, 0.0825446135685072, 0.08124130944405937, 0.07117729393173775], [0.0747663048172956, 0.07570202193577232, 0.07564606903231426, 0.07100137298029666, 0.07248788706058461, 0.0749820171950635, 0.0791110023452006, 0.08027000486713877, 0.0797835878966973, 0.08311704511563961, 0.08066427166650979, 0.08120814195423964, 0.07126027313324733], [0.07462519747295618, 0.07565176116781908, 0.07555581381404468, 0.07084485356930774, 0.07235715079966809, 0.07481229255686864, 0.07921112213974028, 0.08037399903363632, 0.07989316658434786, 0.08333333333333333, 0.08083952409866828, 0.0813924756773001, 0.07110930975230939], [0.07486076397344445, 0.07593946328825535, 0.07587067773572373, 0.07076382627443613, 0.07240163049430243, 0.07503707852290324, 0.07945549975167186, 0.08074817147145902, 0.08017676398206994, 0.0823564390435595, 0.08012355229060879, 0.08121614916989077, 0.07104998400167464], [0.07470274409907504, 0.07578699300087359, 0.07569248673627484, 0.07074273710001644, 0.07233222123809661, 0.07487623859650828, 0.07938873742019899, 0.08063188611194022, 0.08010067066441995, 0.0828034776960363, 0.08052132232733303, 0.08139961314590285, 0.07102087186332376], [0.07432869160223769, 0.07557533386754467, 0.07535058355602486, 0.07075204458315257, 0.07224433245196084, 0.0744262226700712, 0.07945433360043899, 0.08061676212380374, 0.08010437208060427, 0.08251256432913483, 0.08170830181391758, 0.081910030993113, 0.07101642632799583], [0.07445826122805538, 0.07563377122938772, 0.07546872521711152, 0.07068520085020785, 0.0722291835028246, 0.07459364958367798, 0.07942147373642092, 0.08060133441764328, 0.08011180240571063, 0.08295526329927443, 0.081152066791597, 0.08173221732927181, 0.07095705040881696], [0.07490720104715874, 0.07602604771723587, 0.0759585838297012, 0.07069290482113731, 0.07238219142523386, 0.07507105000808971, 0.07953483495160055, 0.0808632829500451, 0.08026412327392309, 0.08225714237262637, 0.07985219882301173, 0.08120221430733805, 0.07098822447289843], [0.07487798145949519, 0.07612064145156472, 0.07602834078188837, 0.07047358390389233, 0.07225938134456873, 0.07500170993681783, 0.07969675029870772, 0.08107585603468273, 0.08043814778565687, 0.08258077954221113, 0.07946314802707996, 0.08119699220948846, 0.07078668722394606], [0.07531484412310095, 0.07655103144263956, 0.07653561960640848, 0.07055127774195469, 0.07247034885985856, 0.0754198972794486, 0.07963399896884071, 0.08087730214166046, 0.08024119737708987, 0.08288451936834096, 0.07820428942524686, 0.08042884281822711, 0.07088683084718295], [0.0753638899114475, 0.07645279741728188, 0.0764910446070924, 0.07065910143013508, 0.07252339771347735, 0.07552508938618056, 0.0794108019466536, 0.08069508808009337, 0.08005812810400875, 0.0831410735921753, 0.07831832409117691, 0.08037762262668172, 0.07098364109359574], [0.0736866439179174, 0.0757563847625199, 0.0751779552153504, 0.06991605722696204, 0.07167606137884511, 0.07350233164911245, 0.08082386675612654, 0.08211656506677112, 0.08148840746407926, 0.08137201199509121, 0.08143893723647812, 0.08280756010003258, 0.070237217230714], [0.07365282484859387, 0.07568024632928257, 0.07510393375682482, 0.07000549334350988, 0.07171324484841252, 0.07347635524456238, 0.08067096753531235, 0.08186488025135857, 0.0812649119626376, 0.08163289180363767, 0.08179348993099501, 0.08282319275463505, 0.07031756739023769], [0.0736622734027039, 0.07560378527539192, 0.07506644511490453, 0.07001716174072174, 0.07170229720185942, 0.07351874113614436, 0.08048035745651484, 0.08169359742923646, 0.08109349733274195, 0.08188928785613968, 0.08199033363214106, 0.08295806499408476, 0.07032415742741539], [0.07368036846210108, 0.07554714942950036, 0.07503865413826823, 0.07007574023000525, 0.0717283760880069, 0.07356186665612721, 0.08031314606786405, 0.0815110165456381, 0.08092034097197845, 0.08213425797442972, 0.08220891205051925, 0.08290392170460872, 0.0703762496809527], [0.07375617065773567, 0.07551861018224744, 0.07506769761775567, 0.07008124991010659, 0.07173158397371274, 0.07368151918944019, 0.08016363516450409, 0.08141164744786199, 0.08081794125063653, 0.08229894789547976, 0.0821336926986087, 0.082957657671389, 0.07037964634052175], [0.07386295714947758, 0.07555465407187675, 0.07514815704847345, 0.07010636760644011, 0.07176722896851914, 0.07381865770824789, 0.08011639420877167, 0.08139554737281049, 0.08080556467728639, 0.08222859195777893, 0.081890441592732, 0.08290012584684503, 0.07040531179074022], [0.07398130803348903, 0.07568550549358345, 0.07529512602701656, 0.07008105877750331, 0.07179466909810925, 0.07393846753629499, 0.08026078530695914, 0.08158285844617007, 0.0809985135131148, 0.08178836044582773, 0.08141407026874702, 0.0827905030853535, 0.07038877396783132], [0.0739407774171259, 0.07583035198226178, 0.07537497417497266, 0.06990684114997653, 0.07171200638417026, 0.0738358730959275, 0.08065078588479334, 0.08202968148987409, 0.08143383150604709, 0.08118893914282242, 0.08093378357852561, 0.08292979929786748, 0.07023235489563556], [0.07374965415202674, 0.07582023381805647, 0.07527561116682448, 0.06974248319657549, 0.07158290300635191, 0.07357958724298724, 0.0809183230757466, 0.08233503863122912, 0.08168990841722759, 0.08099898937798383, 0.08089732771439247, 0.08333333333333333, 0.07007660686726473], [0.07369847449198376, 0.0758166816352214, 0.07523600070427212, 0.06978643477158009, 0.071606465429114, 0.07350516358217624, 0.08097640472100352, 0.08235704849198902, 0.08170358440350012, 0.08105712133771555, 0.08104846583002955, 0.0830901068655955, 0.07011804773581912], [0.07373552175602453, 0.07573537278682019, 0.0752000891749527, 0.06988830006792272, 0.07165658738370287, 0.07358255917734768, 0.08072719410574579, 0.08206963219166094, 0.08143481295420117, 0.08143481295420117, 0.0813863247744473, 0.08293915915205016, 0.07020963352092276], [0.07367938788286628, 0.0756977524461428, 0.07513992941465403, 0.06992848158041991, 0.07166876334957895, 0.07351387504875678, 0.08069620776255257, 0.08197933943456795, 0.08135666985613652, 0.0815485344613933, 0.08159976399412097, 0.0829456724162656, 0.07024562235254439], [0.07371267421985467, 0.07558895645647393, 0.0751015207048572, 0.06992192852615134, 0.07163987651944666, 0.07360447362528225, 0.08041607936387472, 0.08172154678811214, 0.08110471729817564, 0.0818687955060732, 0.08175296638354718, 0.08333333333333333, 0.07023313127481766], [0.07385045836223353, 0.07569737031996915, 0.07524059765526114, 0.06995004963112823, 0.07169850051292245, 0.0737568620897452, 0.08048203066980168, 0.08183060911187888, 0.08121810043430489, 0.08162696681040114, 0.0813989243262129, 0.08298383643568216, 0.07026569364045859], [0.07377881503853762, 0.07566691204605482, 0.07518472228225458, 0.06991877551561669, 0.07166346500343178, 0.07366887678402528, 0.08051227240400842, 0.08185154130039271, 0.08123040576838957, 0.08166830117891578, 0.08150842421506134, 0.08311300752429286, 0.07023448093901868], [0.0738354232223797, 0.07576341750766967, 0.07527701515040507, 0.06988371644377471, 0.0716698413845221, 0.07371424087100471, 0.0806584548860266, 0.08203514156660964, 0.08141262999745505, 0.08136038256540877, 0.08117852565261341, 0.0830044507537302, 0.07020675999840041], [0.07368761660108938, 0.07559232686766275, 0.07508395544720038, 0.06995363742397658, 0.07165945427136962, 0.07356477147599608, 0.080442808321738, 0.0817197068518647, 0.08110645901526811, 0.08188818378279208, 0.08185643508389656, 0.08318129555820214, 0.07026334929894366], [0.07380735426499777, 0.07556829114874712, 0.07513250199438375, 0.07003060476770445, 0.07171531939587755, 0.07373965461811492, 0.08023134592354601, 0.08152453867964286, 0.08092361459599441, 0.08209154865418382, 0.08183877973853522, 0.08306190528478805, 0.07033454093348385], [0.07389874501671434, 0.07564823310561619, 0.07523161943138536, 0.07003066713387315, 0.07174407403004451, 0.073839051548126, 0.08029569096474924, 0.0816191383610918, 0.08102189864132653, 0.08185259749952466, 0.08153687743214995, 0.08294233774198545, 0.07033906909341284], [0.074000799678864, 0.07580961585077832, 0.07538845062761508, 0.06998935793166249, 0.07176708666905646, 0.07392371186313673, 0.08051337630833476, 0.08187045504000999, 0.08128747679988813, 0.08134419394351305, 0.08102579806628071, 0.08277053259882318, 0.07030914462203718], [0.07405663252724444, 0.07576309782843227, 0.07538297386386827, 0.07008624668925938, 0.07182489892562136, 0.0740147233529144, 0.08032466797658051, 0.08165441387981492, 0.08108363057871704, 0.08161674146789834, 0.08116631735784757, 0.08262757926797368, 0.07039807628382806], [0.07373099842718053, 0.07554396099806647, 0.07507468528074777, 0.07001990809231612, 0.07169505808705866, 0.07364051916286384, 0.08026680843861929, 0.08153258946769298, 0.08093008658913106, 0.08213474072798518, 0.08201060202385321, 0.083096891334505, 0.07032315136997995], [0.07392263666322485, 0.07559793620136565, 0.07520711448873191, 0.07011196317960222, 0.07178748420392041, 0.07388672978509674, 0.08013846489095819, 0.08143369465804073, 0.08084696195034725, 0.08209116797535955, 0.08170992360231205, 0.0828528974037035, 0.07041302499733701], [0.07403588684742417, 0.07566807518094329, 0.07530749535369252, 0.07015990838098538, 0.07184772277301815, 0.07401734302653176, 0.08013807780556298, 0.0814404838258042, 0.08086816339014401, 0.0819048402830964, 0.08146333931511587, 0.08268637338341805, 0.07046229043426329], [0.07361721259218439, 0.07603993979199582, 0.075305656520164, 0.06979357722907022, 0.07166205258673863, 0.07330063710738725, 0.08158702458972932, 0.08273371478287549, 0.08217810458346654, 0.08032946321652601, 0.08092181277902409, 0.08239276242390993, 0.0701380417969282], [0.07364593336429938, 0.0760071311222104, 0.07531664096643192, 0.06971716749920784, 0.07160483830275773, 0.07336009559046952, 0.08148517811599452, 0.08284358559607168, 0.08219073467919326, 0.08039280285725153, 0.08076155267618965, 0.08261069049362822, 0.07006364873629448], [0.07375943969358591, 0.07600972410142869, 0.0753944484065147, 0.06967674762832005, 0.0715883321764726, 0.07352293621331378, 0.0813291197168395, 0.08279485801222755, 0.08213809720609744, 0.08051172166864341, 0.08042689171727156, 0.08282246550493563, 0.07002521795434925], [0.07391481219962621, 0.07612556088261176, 0.0755585666881814, 0.06965140929258808, 0.07161538839394954, 0.07369727081568085, 0.0812957256174072, 0.082720103337766, 0.08215781566726393, 0.0808418934515468, 0.0799067983642165, 0.0825069746324682, 0.07000768065669376], [0.07404065423041402, 0.07651568795188361, 0.0758588716180832, 0.06960240542805374, 0.07169384436661058, 0.07371906130270178, 0.08175209179966515, 0.08306972777234319, 0.0825370683161966, 0.08058164235977372, 0.07902553727043526, 0.0816201159377781, 0.06998329164606094], [0.07396796872424935, 0.07672387882829301, 0.0759066720830585, 0.069709879603011, 0.07181175884850485, 0.07352972430113618, 0.0824073114867202, 0.08262095178602705, 0.08299592949159476, 0.07993255158100207, 0.0790294547886305, 0.08126709890870672, 0.07009681956906581], [0.07383085388637843, 0.07666284676099101, 0.07576726850422662, 0.06982921117048421, 0.071864967699542, 0.07335480272598591, 0.08269223979258265, 0.08240870342182059, 0.08300652064305332, 0.07956232110748702, 0.07950716377735452, 0.0813061139776036, 0.07020698653249013], [0.07372546917100202, 0.07645284751586218, 0.07558005678584082, 0.06988933947316159, 0.07184247992727244, 0.07328477995384079, 0.08237612860633747, 0.08259508882687867, 0.08270006058934194, 0.07953481765980247, 0.08014695440273038, 0.08161960896201623, 0.0702523681259128], [0.07363436886521445, 0.07614861008841094, 0.075374135035468, 0.0697968337653917, 0.07169388980891098, 0.07328197472440949, 0.08181333789500612, 0.08281975037026147, 0.0823705849184148, 0.08003057561813164, 0.08070347530934738, 0.08218507443390347, 0.07014738916712959], [0.07364852817920498, 0.07607322269238183, 0.07535595636315105, 0.06970269324834111, 0.0716124986347368, 0.07333865649618554, 0.08163350205348203, 0.08297278036419035, 0.08233853040186723, 0.08018862022308869, 0.08062282731813845, 0.0824584191143234, 0.0700537649109086], [0.07371324958946869, 0.07608405819186556, 0.07541444032736747, 0.06961887978036024, 0.0715649582812015, 0.07343168719325421, 0.08156627507991035, 0.08305943764686423, 0.08238022562402936, 0.080342044785745, 0.08030104070845798, 0.08254885076814773, 0.06997485202332784], [0.0737707548501777, 0.07610446579058094, 0.07546268844854528, 0.0696111147589014, 0.07157006978009263, 0.07350529744033305, 0.08151156492351651, 0.08296320977611453, 0.08235777124320841, 0.08049286881445293, 0.0801383108329817, 0.08254334141676548, 0.06996854192432932], [0.07380899623876726, 0.07622482259875163, 0.07555635654630788, 0.06958240523673746, 0.07158520289107946, 0.07351288462891961, 0.0816936469669403, 0.08297653915778656, 0.08257115086324802, 0.08045462986295822, 0.07983676481382831, 0.08224842570189632, 0.06994817449277886], [0.07367348466136693, 0.07625363399115086, 0.07547586078136137, 0.06965217503719563, 0.07162765888729916, 0.07330590411770546, 0.08201181221691412, 0.08308444848157329, 0.08274363493812423, 0.07993969247229765, 0.08016220684952535, 0.08205319612879002, 0.0700162914366961], [0.07374128144219814, 0.07644158410864352, 0.07561627751991314, 0.06967220623509462, 0.07169527009547517, 0.07332587461426465, 0.08232655630339827, 0.0827