[[0.07337392410724669, 0.07499417563675626, 0.07334307951267652, 0.08086701852567646, 0.07085062842367487, 0.08146011409483465, 0.08030438217248632, 0.07592774792566719, 0.08250335561342824, 0.07445348945032872, 0.07539983812126835, 0.08157945176333159, 0.0749427946526242], [0.07338150768846864, 0.07493161059276832, 0.07337898580596147, 0.08117626804891406, 0.07087425094007392, 0.08134415624490195, 0.0801242264664944, 0.07582801729799284, 0.0827725640893824, 0.07437113118039106, 0.07529681448468707, 0.08165851672225129, 0.07486195043771281], [0.073409441569407, 0.07487339319104214, 0.07343946498799912, 0.08154442175631914, 0.07093014507060953, 0.0811767390991442, 0.07990900205835172, 0.0757242592225347, 0.08303020827864957, 0.07429306783209709, 0.07519175576254522, 0.08169458302430865, 0.07478351814699177], [0.07346223747470666, 0.07485281513427468, 0.07352140103711406, 0.08184698636049166, 0.07099598178764173, 0.08106935069830894, 0.07976301089597893, 0.07566368958224391, 0.08297549455662201, 0.07424718868362215, 0.07512476982965305, 0.08173526425037306, 0.07474180970896904], [0.0735575345748932, 0.07485711667020886, 0.07364878036476806, 0.08220356840753562, 0.07112396901512061, 0.08091476294927151, 0.07959091258120111, 0.07561876643665008, 0.08273784638359989, 0.07422967693411352, 0.07507782293087288, 0.08171470585461033, 0.07472453689715444], [0.07357014972530762, 0.07481635533806899, 0.07368756846496265, 0.08244202048626548, 0.07112258412430518, 0.0808342036450163, 0.07947820089066622, 0.0755481607889701, 0.08295913501506677, 0.07415653980796419, 0.07499396244967761, 0.0817292223955282, 0.07466189686820056], [0.07357301835002616, 0.0747494051313761, 0.07373415658544735, 0.08273784771666498, 0.0710602071095004, 0.08077782410322099, 0.07935337084278864, 0.07543970550937062, 0.08333333333333333, 0.07401832174084114, 0.0748504222077941, 0.08181977070984973, 0.07455261665978642], [0.07369997064942461, 0.07478762910643799, 0.07390300946103304, 0.08290326343107696, 0.07116014717000677, 0.08070449134989012, 0.07925292803793516, 0.0754257513170827, 0.082959559396869, 0.0739977013946956, 0.07481153627045489, 0.08184194945704777, 0.07455206295804538], [0.0738081201237989, 0.07483624551245303, 0.07404905182725943, 0.08286028336811437, 0.07119678370711237, 0.08072717610424855, 0.07923551141667928, 0.07543507388282387, 0.08259249358929774, 0.07397296427618068, 0.0747835346243053, 0.08194437350880482, 0.07455838805892165], [0.07402874019901318, 0.0749587101515622, 0.0743216112727898, 0.08253351581588914, 0.07134611350147378, 0.08069204133126201, 0.07919245084409478, 0.07549408531439325, 0.08207303993100759, 0.0740033143316591, 0.07479906576564943, 0.08193255357723397, 0.07462475796397171], [0.074222408952291, 0.07506890834521128, 0.07456615762075086, 0.08252387327078217, 0.07143825409087658, 0.08064297679999308, 0.07915529772463377, 0.07554582440336179, 0.08152334034912313, 0.07401049655058745, 0.07479941029497253, 0.08182790027621455, 0.07467515132120174], [0.07438971972747699, 0.07514424642594214, 0.07477786611119273, 0.08285773101959273, 0.07155967844679902, 0.08047589297815115, 0.0790361869963156, 0.07556318589923612, 0.08111274806768444, 0.07401650907305653, 0.07478721515140442, 0.08157295080998461, 0.07470606929316345], [0.07446367848751792, 0.07519806829491713, 0.07488347935373771, 0.08333333333333333, 0.07149104529542141, 0.08046501643171598, 0.07905060416884677, 0.07558949090519339, 0.0806473122694307, 0.07397130931212427, 0.07475724851215583, 0.0814404246580256, 0.07470898897757994], [0.0745914154899311, 0.07531528091389614, 0.07502611091495127, 0.08297277796707606, 0.07153550086901823, 0.08047626217668825, 0.07910853229659687, 0.07568699653187595, 0.08032112273160606, 0.07402715633572628, 0.07481997193822336, 0.08132451070031012, 0.07479436113410046], [0.07469912516658181, 0.07545607028809626, 0.07513489137947496, 0.08249400510281123, 0.07152306252289141, 0.08055456368867109, 0.07925088710492588, 0.07582533147626676, 0.07993826649091465, 0.07409775665256998, 0.07491282668526744, 0.08120976148206105, 0.07490345195946757], [0.07472703175630822, 0.07555320972735736, 0.07514544781349981, 0.08210333919869521, 0.0714542799683912, 0.08067843063319584, 0.07942707780333794, 0.07594327007086248, 0.07967647086876654, 0.07415328463732324, 0.07499725501292685, 0.08115381282020169, 0.0749870896891336], [0.07478349521530259, 0.07570175770651995, 0.07517411285603615, 0.08158345372091484, 0.07139875811287705, 0.08078940348823078, 0.07964904598599062, 0.07611864102184862, 0.07930144201796085, 0.07425330379626506, 0.0751320467909559, 0.08099371174276519, 0.0751208275443325], [0.07474666993218039, 0.0758247764133965, 0.07507862387036629, 0.08103543928627191, 0.07126590616729833, 0.08099379119789936, 0.07998180788502653, 0.07630815082416904, 0.07898548309532973, 0.07436091138089497, 0.07529068283327495, 0.08087434909898204, 0.07525340801490987], [0.07340151472796033, 0.07509125968795437, 0.07332595869438614, 0.08053184990035424, 0.07094197078863024, 0.08138496282541072, 0.0804135685132564, 0.07606576681659212, 0.08226861237401956, 0.07462270725422417, 0.07557425291038423, 0.08129452442104397, 0.07508305108578335], [0.07339682971605004, 0.07500086196284081, 0.07335816404110367, 0.08091324690651508, 0.07094739782615893, 0.0812872136767251, 0.08019988855699096, 0.07592954226808347, 0.08263696204796672, 0.07450184438022392, 0.07542995986495975, 0.08143087059485403, 0.07496721815752747], [0.07340025908035124, 0.07495384866386555, 0.07338232331486776, 0.08113270323419737, 0.07096047787419181, 0.08121037533777961, 0.0800729729692015, 0.07585565815778464, 0.08285005956297922, 0.07443906000327227, 0.0753526799748889, 0.08148325447656499, 0.07490632735005515], [0.07341904726464976, 0.07486890063666111, 0.07344983644808002, 0.08159402613747126, 0.07096647118300364, 0.0811045573126272, 0.07985462683205058, 0.07571346501922739, 0.08312131061982166, 0.07429963243880766, 0.07518968456464925, 0.08163591909742392, 0.0747825224455267], [0.07339505952386977, 0.07493111383891796, 0.07338882784183003, 0.08122102669009927, 0.07093675747985584, 0.08122551812681213, 0.08004771051655453, 0.07582249354958792, 0.08290046472034047, 0.07439656646129944, 0.07530937608999067, 0.0815530787437113, 0.07487200641713078], [0.07349795307987217, 0.07485736410409295, 0.07356267537391126, 0.08195580379747053, 0.07106971798835526, 0.0809672177281253, 0.07968008773812621, 0.07565280922172646, 0.08296401520193568, 0.07426154319317019, 0.07512395509129473, 0.08165969332983296, 0.07474716415208636], [0.07357970811254382, 0.07487073438742246, 0.07366490452749971, 0.08220174375613361, 0.07119281839310164, 0.08082865228698416, 0.0795443112249239, 0.07562985608315757, 0.08276492590655053, 0.07426873364447152, 0.07510579053771704, 0.08159864329092546, 0.07474917784856856], [0.07358226393104501, 0.07481315206902349, 0.07370430336419626, 0.08250176318928706, 0.07114421863441925, 0.08079357580828479, 0.07944109188416575, 0.07553698683142986, 0.08298976935435166, 0.0741523933624801, 0.07498415150528599, 0.08169994403101023, 0.07465638603502069], [0.07364990674931736, 0.07479524853210763, 0.07380479350276536, 0.0828465026584415, 0.07122943396653314, 0.08062371326950335, 0.07926522326559204, 0.07547258600824427, 0.08306885840086452, 0.07410652967458231, 0.07491331872856102, 0.0816090271289895, 0.07461485811449788], [0.07373311259747624, 0.07479308165972995, 0.073934303757391, 0.08313599373469467, 0.0712606220249157, 0.08056354437364636, 0.07915786767247741, 0.07541977634935243, 0.08291475429008394, 0.07403262503112629, 0.07482716676502461, 0.08165885138440579, 0.0745683003596756], [0.0738083060989879, 0.07482307534654713, 0.07403971648254591, 0.08307290304261042, 0.07127584718293135, 0.08059105645513683, 0.07914745766228704, 0.07542011239549253, 0.08270167069854391, 0.07400371144897729, 0.07479712740946604, 0.08175428180006425, 0.0745647339764094], [0.07391160005586953, 0.07487364381344828, 0.07417410977161197, 0.08297285350922569, 0.07132738836220365, 0.08059286643470025, 0.07912769961108113, 0.07543651747937313, 0.08242110683013741, 0.07399678780122007, 0.07478514074301709, 0.08179884221835111, 0.07458144336976068], [0.07405349984321519, 0.07495447483018816, 0.07434736574141114, 0.0827031236971777, 0.07142976944959614, 0.08057058218762515, 0.07910332533533607, 0.0754783116230494, 0.0821194484078821, 0.07402343600927194, 0.07480179272528895, 0.08178594527117954, 0.07462892487877858], [0.07414882055171593, 0.07501018974312038, 0.0744616747446237, 0.08252319217362794, 0.07150549591944534, 0.08054347676783073, 0.07908317103846654, 0.07550892731797164, 0.08193468285401041, 0.0740479002383042, 0.07481855663887636, 0.08174905251771078, 0.0746648594942962], [0.07428425598576935, 0.0750898745522585, 0.07462259152121303, 0.08228296669352758, 0.0716190454095972, 0.0804912687918595, 0.07904887221726369, 0.07555354587782001, 0.08168713303907987, 0.07408740740641759, 0.07484609313731194, 0.08166842170550916, 0.07471852366237258], [0.07433840232397752, 0.07511476491057965, 0.07470164746961921, 0.08254579110891021, 0.07160057307207682, 0.08047857043594822, 0.0790350101888942, 0.07555523898594005, 0.08141914851398444, 0.07405424655116813, 0.07481666524713435, 0.08162807511274595, 0.07471186607902115], [0.07457687841876134, 0.07522927763412392, 0.07499665702534247, 0.0828053270745823, 0.07179332677352268, 0.08025500517160888, 0.07888013806445959, 0.07559295491584353, 0.08089640913908627, 0.07408566197185358, 0.07482084961129123, 0.081295888787048, 0.07477162541247624], [0.07464376571916377, 0.0752839154906673, 0.07508881028025978, 0.08304411268099653, 0.07173660946380009, 0.08026540158611999, 0.07890976746609257, 0.07562667124440292, 0.0805371946729971, 0.07405733634853867, 0.07480698215938325, 0.08121531470078794, 0.07478411818679], [0.07435168796842193, 0.07513289214664252, 0.07473687061793213, 0.08293417472825386, 0.07147774731552006, 0.08054738030249539, 0.07909111123340018, 0.07556284637254794, 0.0810737296348495, 0.07398910768269859, 0.07477380669849351, 0.08163871639921973, 0.07468992889952465], [0.07475339322483368, 0.07536877894403682, 0.07521736624547218, 0.08291633046484917, 0.07178057865361939, 0.08023344506229257, 0.07891760050504344, 0.07568752380855712, 0.08026235296927248, 0.07408861497059269, 0.07483956977769139, 0.08109487559604775, 0.07483956977769139], [0.07489302672295733, 0.0755106788452659, 0.07537157936859609, 0.08255131389774638, 0.07179834707404188, 0.08025040004607925, 0.07900168534540832, 0.07581045551429426, 0.07985891422252203, 0.074149451408355, 0.07491490176820707, 0.08094822221978738, 0.07494102356673911], [0.07490842513481577, 0.07557202505048612, 0.07537870742104458, 0.08233162400506594, 0.07173230464869672, 0.08033826685886976, 0.07911801227821215, 0.07588400738420664, 0.07968173303168356, 0.07417359132704249, 0.0749607525823505, 0.0809319408583338, 0.074988609419192], [0.07495498625377332, 0.07569430681959109, 0.07540727615362512, 0.08190697518092818, 0.0716596505813957, 0.080448907796369, 0.07930402929669503, 0.07602551340830908, 0.07936438373445494, 0.07424076151559791, 0.07506031994551182, 0.08084186217129062, 0.07509102714245833], [0.07507044623566546, 0.07585237547204801, 0.07551229812083858, 0.08146655591432925, 0.07167762365639128, 0.08043963971246668, 0.0794370156909404, 0.0761833855990274, 0.07898970625794133, 0.074341498422799, 0.07517967721736277, 0.08062573353959789, 0.07522404416059204], [0.07495245218068569, 0.07588163994356441, 0.07534141409277097, 0.08117945514416802, 0.07148943473085853, 0.08067745664725684, 0.07971920780573874, 0.0762811987830522, 0.0788919687425597, 0.07437358291978703, 0.07525892793770944, 0.08068241491530327, 0.07527084615654524], [0.07343298005937399, 0.07510087214085598, 0.07335164969144047, 0.08058140163287718, 0.0710483500382149, 0.08121277545615305, 0.08029652411039855, 0.07606701418143808, 0.08235571735567955, 0.0746721482392932, 0.07560351127663283, 0.08116833060808104, 0.0751087252095614], [0.07343464556836438, 0.0749717009239962, 0.07340891139313639, 0.08114645350806723, 0.07106684122643443, 0.08105465495120794, 0.07998076378518709, 0.07586767478442676, 0.08291092450537621, 0.07449600559872752, 0.07539137012839203, 0.08132945026668514, 0.0749406033599986], [0.07343013979549264, 0.0750157585570692, 0.07338436561407151, 0.08094086277587222, 0.07105385521282755, 0.08112393340344863, 0.08009872324661099, 0.07593772662206148, 0.08270930615091578, 0.07455618631060781, 0.07546534640503753, 0.08128533731366135, 0.07499845859232318], [0.07341665692012164, 0.07492152667569513, 0.07341340564566018, 0.08132314711935971, 0.07101096039491922, 0.08108302446542759, 0.0799329120014298, 0.0757984559225877, 0.08306540628765656, 0.07440727066930938, 0.07530207332525873, 0.08145704407549417, 0.07486811649708007], [0.07345653912248154, 0.0749136277249416, 0.0734620410929735, 0.08146951404877342, 0.07110918093252883, 0.08092117769673368, 0.07978961986137251, 0.07576686705037845, 0.0831874855335555, 0.07441498270230817, 0.0752863447260874, 0.08136101524077738, 0.07486160426708809], [0.07351432985804139, 0.07488494080660547, 0.07355810583342073, 0.08183436579091605, 0.0711631962947554, 0.08084496764722145, 0.07964172094658833, 0.0756901306325954, 0.08307758741937832, 0.07434330562649161, 0.07519363364669461, 0.08145191342450445, 0.0748018020727869], [0.0734321035661629, 0.07487311377304778, 0.07345339715939783, 0.0815845931406833, 0.07104475605132406, 0.08096062422239851, 0.07977324336227216, 0.07571611465441662, 0.08333333333333333, 0.0743421690257536, 0.07521744295939571, 0.08146530572509622, 0.07480380302671792], [0.07361346601343581, 0.07489781982787545, 0.07368770832342159, 0.08214516187970752, 0.07129173020636241, 0.08072031173725285, 0.07949318718763826, 0.07565598245110743, 0.08277015487933596, 0.07433337550962081, 0.07515609210894865, 0.08144178369907429, 0.07479322617621886], [0.07366550748795367, 0.07489955168722483, 0.07375875646157769, 0.0823280358770752, 0.07135495855845919, 0.08064680194815578, 0.07940568571871412, 0.07563011748777172, 0.082656249174156, 0.07431822967763443, 0.07512604680218316, 0.08142926006621014, 0.0747807990528839], [0.07367126267239602, 0.07487025274258806, 0.07378396004991529, 0.08250064577166609, 0.07134062024095722, 0.08061392316724776, 0.07934208829985852, 0.0755808030520361, 0.0827789871842446, 0.0742606375111939, 0.07506361369307091, 0.0814593613186323, 0.07473384429619316], [0.07372512785749266, 0.07485787861504462, 0.07386475115824621, 0.08273990300101482, 0.07140036478403286, 0.08050384900584524, 0.07921734379297463, 0.07553197033346265, 0.08281501851254074, 0.07422122545680633, 0.07500638034747198, 0.08141554917553545, 0.07470063795953186], [0.0737601085196033, 0.07481890713694755, 0.07394418813727485, 0.0831416015160759, 0.07137283154213846, 0.08045741314346468, 0.07911139968579059, 0.07544925146560995, 0.08284461172096119, 0.0741101534975402, 0.07488854210287331, 0.08148240117853432, 0.07461859035318565], [0.07378616622608695, 0.07481084113386331, 0.07399091971131141, 0.08333333333333333, 0.07136792100307988, 0.08043915459531768, 0.07906961775630594, 0.07542059787865038, 0.0827721191729151, 0.07406745577198395, 0.07484292148546956, 0.08150896531849909, 0.07458998661318339], [0.0738199299996574, 0.07482715623078283, 0.07403604720688851, 0.08321094640515375, 0.07138001217528671, 0.08045528702655093, 0.07907072360172805, 0.07542559488303001, 0.08273121915027705, 0.07406182059275049, 0.0748366459520173, 0.08155087194569988, 0.07459374483017704], [0.07390057601603711, 0.07485002338249887, 0.07414933063054507, 0.08333333333333334, 0.07141564566945743, 0.08042784593266047, 0.0790193642623945, 0.07541299623145212, 0.08250635658018476, 0.07402999478433221, 0.07479789755087453, 0.08157299595435666, 0.07458363967187297], [0.07402449149404197, 0.07491942816259574, 0.07430271605549392, 0.08302419062077795, 0.07149838522099314, 0.08042823628690303, 0.07900662039258669, 0.07544771327067035, 0.0822698808265638, 0.07404740297938285, 0.07480782319473862, 0.08160147595321321, 0.0746216355420386], [0.07413660204390443, 0.07498389333703281, 0.0744387692826055, 0.0827754868512265, 0.07158253885772826, 0.08041025755129665, 0.07898845093801027, 0.07548209738418042, 0.0820572568363589, 0.07407157451041366, 0.074823796375617, 0.08158819008013977, 0.07466108595148586], [0.07437393998462727, 0.07511840350567156, 0.07471976318160183, 0.08234704477933742, 0.07179970134765429, 0.0803036763612305, 0.07891303420996096, 0.07555434828672622, 0.08165301529924018, 0.07414486242012402, 0.07487218526142238, 0.08144603790328415, 0.07475398745911926], [0.07454087136666435, 0.0752043307251333, 0.07492429688613439, 0.08231353867515996, 0.07193434541074949, 0.08019602472908888, 0.0788353126169933, 0.07559031443365506, 0.08130665417368897, 0.07417408649410236, 0.07488448348236501, 0.08129264069075637, 0.07480310031550853], [0.0746147130207876, 0.07524461411851895, 0.07503544037505945, 0.08268671433891933, 0.07187522096938646, 0.08019581492018774, 0.07883644473029705, 0.07559935597962977, 0.08092162715854541, 0.0741182911615372, 0.07484047342093068, 0.08123845515203054, 0.07479283465416965], [0.07449132747518479, 0.07518331840701437, 0.07488471954245413, 0.08261357453005902, 0.0717700040329478, 0.08030714132623772, 0.07891219657170595, 0.07557613786077327, 0.08117421084270857, 0.07409561336616105, 0.07483222454529992, 0.08140205605056587, 0.07475747544888753], [0.07442271872655865, 0.07515014635932886, 0.07478505845689531, 0.08230700847502978, 0.07179464686649632, 0.08032445043547595, 0.0789275844159158, 0.07557153432920449, 0.08149283397543307, 0.07413541773437696, 0.07486677852539775, 0.08145802020385376, 0.07476380149603326], [0.07423869196707651, 0.07504764017770517, 0.07456339883152209, 0.08251802569057484, 0.07164318293032036, 0.08041372494551662, 0.07898976677065699, 0.07551979236853826, 0.08184704657485334, 0.07409106009732727, 0.07483959984603135, 0.08158911810243794, 0.07469895169743913], [0.07448362870327979, 0.0751786586222307, 0.07487097369885617, 0.08253380443320067, 0.07178912737590001, 0.08030034406672913, 0.0789071986278613, 0.07557564631046663, 0.08124354110234631, 0.0741087963228825, 0.07484201096895028, 0.08140442792058905, 0.07476184184670753], [0.07437183122425975, 0.07513147626118974, 0.07474802045534168, 0.08267953136614366, 0.07159851538326743, 0.08046300287987207, 0.07902393941817121, 0.07555894901870873, 0.08127643610134205, 0.07404147131817293, 0.07480487293086087, 0.08158965450939518, 0.0747122991332748], [0.07466628293245688, 0.07527938474596015, 0.07510644484104169, 0.08285345714577108, 0.07185163433486684, 0.08018865032121004, 0.07884088223472731, 0.07561658407214102, 0.08068927230982557, 0.07409915279848367, 0.07482787365094938, 0.0811810718070024, 0.07479930880556376], [0.07474473039851348, 0.07533627523403681, 0.07520453121170029, 0.08290198557141952, 0.07185949216964618, 0.08016608355666234, 0.07884353375034217, 0.07565241853806352, 0.08043629293455953, 0.07410216178200439, 0.07483469514350408, 0.08109058576127035, 0.07482721394827736], [0.07485005338968027, 0.0754249373819534, 0.07532859859371462, 0.0827797993889752, 0.07187968481666876, 0.08015213356870267, 0.07886968218920361, 0.07571928913448088, 0.08013782805353796, 0.0741285411088623, 0.07486720313752611, 0.0809791992781213, 0.074883049958573], [0.07494107252780834, 0.07550490179402407, 0.07543159632548634, 0.08259714017362689, 0.0719106555363836, 0.08013592649047348, 0.0788931166664267, 0.07578292564573, 0.07991272026191241, 0.0741639263986505, 0.07490632027154885, 0.08088026333780775, 0.07493943457012135], [0.07500854646477291, 0.07561347060266484, 0.07549793962211115, 0.08228793215795538, 0.07185574702743452, 0.08021141546560345, 0.07902242240032908, 0.07589406689693307, 0.0796039910626287, 0.07420643138122812, 0.07497372982162168, 0.0808051485174614, 0.07501915857925574], [0.07511143981546824, 0.0757606181041038, 0.0755950303512419, 0.08186180634607557, 0.07183878668740724, 0.08025022500872517, 0.079153880091054, 0.07604166777566655, 0.07923591285483779, 0.07428620335463058, 0.0750767482902856, 0.08065101961801216, 0.07513666170249156], [0.07515772993947709, 0.07585701568517127, 0.075628066417796, 0.08156297063904905, 0.0718046634969735, 0.08029017893351989, 0.07929062704820246, 0.07614826705965785, 0.07899730574183686, 0.074343160199055, 0.07515412856029749, 0.08054776469122865, 0.07521812158773493], [0.07517164042903014, 0.07596920950471468, 0.0756095965606176, 0.08117539946480704, 0.07172001019404553, 0.08037954925447281, 0.07952315731090592, 0.07629200007810046, 0.07872036568756395, 0.07441790158243951, 0.07526327912161362, 0.08043646397208719, 0.07532142683960143], [0.07499895224309018, 0.07598031403772411, 0.07536863747613864, 0.0808907065510075, 0.07148194106137751, 0.08067607472084123, 0.07985953666288903, 0.0763932171084026, 0.07866024122758311, 0.07444725410072056, 0.07534951891261024, 0.08053154323058784, 0.07536206266702764], [0.07426894002431143, 0.07505355893113574, 0.07459225440299856, 0.08259075697681392, 0.07173247833861615, 0.08031247642613835, 0.07891841246789028, 0.0755163274721012, 0.0818571655473436, 0.07412249574215253, 0.07485467002893997, 0.08146609814695427, 0.07471436549460408], [0.07412551747839753, 0.07496920666726184, 0.07441522626669293, 0.0829284902512914, 0.07164443073991218, 0.08031491139921125, 0.07892692102605148, 0.07547072047350604, 0.08213537210024238, 0.07410057662619303, 0.07483939643752362, 0.08146223057489911, 0.07466699995881723], [0.07399746044259042, 0.07490367846601637, 0.07425244107660896, 0.08315370313416763, 0.07156674917874979, 0.08032425798667867, 0.07895166883150023, 0.07544467520769534, 0.082386550313455, 0.07409587092866468, 0.07484248318994352, 0.08144247430100425, 0.074637986942925], [0.07396480466333284, 0.07489712568050724, 0.07420223892149592, 0.08308120978943115, 0.07156807724984729, 0.08032392743286552, 0.07896883454358196, 0.0754548041112331, 0.08248242779911501, 0.07412215774426266, 0.0748693757843721, 0.08141483168187845, 0.07465018459807694], [0.07388124108154275, 0.07486793565414185, 0.07408810249961544, 0.08314634933124843, 0.07152608034022918, 0.08033491716988544, 0.07900595618120951, 0.07545880854998016, 0.0826211737059477, 0.07414428037520118, 0.07489798257878139, 0.08137527567690374, 0.07465189685531341], [0.073809523361, 0.07487967759386152, 0.07396858861319675, 0.08286266239693593, 0.07151630988459992, 0.08038161612905921, 0.07910581109508755, 0.07551998684803281, 0.0826968689898495, 0.07423265013694685, 0.07499582096658591, 0.08132051839600114, 0.07470996558884302], [0.07378782655665098, 0.07489889795155635, 0.07392394287048422, 0.08267580874255269, 0.07152099750766615, 0.08041283761296536, 0.07916645163501596, 0.07556290931395561, 0.08266268238368099, 0.07428689012708924, 0.07505523331997606, 0.08129484129111063, 0.07475068068729576], [0.07433409816290729, 0.0751395920477763, 0.07472161200415768, 0.08305235064760412, 0.07138808398515198, 0.0806231443835194, 0.07915688490875952, 0.0755755973496337, 0.0809288196655013, 0.07396018437541893, 0.07476212754619546, 0.08167557981128337, 0.07468192511209089], [0.0746010453536255, 0.07528842507527682, 0.07504151113599142, 0.08311044489217095, 0.07160568504299906, 0.08038232079844382, 0.079014900783797, 0.07564778469998125, 0.08042202481533758, 0.07402532793885312, 0.07480031481487395, 0.08128431592802093, 0.07477589872062872], [0.07478964139888758, 0.07544019990406062, 0.07525401668034612, 0.08271327590302964, 0.07171316935584483, 0.08032205061784604, 0.07903095649954975, 0.07576352217601896, 0.08002505883912732, 0.07410578777304863, 0.07487916929701573, 0.08107538901155079, 0.074887762543674], [0.07374865003828077, 0.07490934844068228, 0.07386298748814926, 0.08250613758068752, 0.07148524968920775, 0.08048115800994846, 0.07925242718050317, 0.07560100263781891, 0.08263809841191308, 0.07432262781419671, 0.07510276484332948, 0.0813104511673346, 0.07477909669794805], [0.07372223779296866, 0.07493131382714995, 0.07381394871105247, 0.08231571262804731, 0.07146766855012551, 0.08054288403832406, 0.07934010067363927, 0.07564996455823299, 0.08255284665583996, 0.07437244672434862, 0.07516293819427508, 0.08130782702850098, 0.07482011061749509], [0.0736579412591347, 0.07493330032591922, 0.07372191060898704, 0.0820679477823479, 0.07140146168939215, 0.0806156760198056, 0.07944415363057822, 0.07568881238822475, 0.08271315053595849, 0.07440492903257442, 0.07521247884520776, 0.08129360176494012, 0.07484463611692975], [0.07359926302973124, 0.0749412188408272, 0.07363406108594286, 0.08180080147304755, 0.07134608208917562, 0.08067159616917073, 0.07954491805212276, 0.07573390730123193, 0.0828884180867632, 0.07444684355087318, 0.07527046728920118, 0.0812455877303931, 0.07487683530151938], [0.07354588757296991, 0.0749525584607192, 0.07355468178495303, 0.0815564637904861, 0.07128385400934578, 0.08074305977092296, 0.07965676592839546, 0.07578081215466076, 0.08299496853516286, 0.07448352114901738, 0.07532513443403979, 0.0812141002074783, 0.07490819220184836], [0.07351986989599642, 0.07495862844281788, 0.07351732652242737, 0.08144450688085292, 0.07124574059258065, 0.08079202065690375, 0.07972097227738398, 0.07580418532214457, 0.08301558905800883, 0.07449715719222358, 0.07534922991244153, 0.08121292045338635, 0.07492185279283223], [0.07349363001934708, 0.07497993316103149, 0.07347326660822992, 0.08126775166864006, 0.07120520470383344, 0.08086367183936825, 0.07982295258587714, 0.07585108108782922, 0.08295704644501109, 0.0745315346085804, 0.07539834661583476, 0.08120026990058342, 0.07495531075583368], [0.07347937270108162, 0.07501288322473063, 0.07344023799075185, 0.08108142985564638, 0.07118061938997836, 0.08093054948563966, 0.07992971523385951, 0.07590941668318006, 0.08282202723854819, 0.07457951071368481, 0.07546015892344282, 0.08117274802702983, 0.07500133053242611], [0.07348750888971649, 0.07508178297212134, 0.0734179043443677, 0.08080155010637524, 0.0712031666942279, 0.08096205255546904, 0.08005371679339987, 0.07601179780198604, 0.08256191493571462, 0.07468512351442297, 0.07557796778071386, 0.08106020251980255, 0.07509531109168231], [0.07348915518489514, 0.07514651771935932, 0.07339172657689975, 0.08053100636183402, 0.07120130768172372, 0.08101475108017618, 0.08019528094949017, 0.07611061472154261, 0.08230912560517534, 0.07477606862621561, 0.0756853334753091, 0.08096856374764425, 0.07518054826973478], [0.07345674146974077, 0.0750715229209215, 0.07338846102636197, 0.08076885994985485, 0.0711237821452454, 0.08106936392470594, 0.08013378127624018, 0.0760109694661663, 0.08254497968043693, 0.07465285953557962, 0.07556064223855162, 0.0811407399595314, 0.07507729640666339], [0.07459354637152603, 0.07524685635793485, 0.07502564368643966, 0.08299103156454764, 0.07173560701723614, 0.08027883802529441, 0.07890633149718833, 0.07560325652315887, 0.08071347358557927, 0.0740572480928066, 0.07480371519498312, 0.08127768045308634, 0.07476677163021861], [0.07446604839860614, 0.07518379011059542, 0.07487534451280994, 0.08302971817386234, 0.07159632681674898, 0.08041178128118878, 0.07899603239614124, 0.07557705071969867, 0.08089004453742996, 0.07401505027764177, 0.074781451956674, 0.08145603649903257, 0.07472132431957029], [0.07459282965518174, 0.07536809941500001, 0.07501732334859225, 0.08269888059102691, 0.07145869681803592, 0.08060129614802435, 0.0792443841335184, 0.07575681893887924, 0.0801613432127055, 0.07404765896734732, 0.07486399123294614, 0.081351979166488, 0.07483669837225423], [0.07445519164398409, 0.07522723493812324, 0.0748682904089033, 0.08311777615004098, 0.07142535124082866, 0.08057255450375832, 0.07915249486289072, 0.07563226797389011, 0.080556640222135, 0.07397807459916694, 0.07478181337933616, 0.0815010672447352, 0.07473124283220704], [0.07417050296153695, 0.07504494143679186, 0.07449451894989116, 0.08232518058157164, 0.07143413307597705, 0.08066858837722583, 0.07917677582306863, 0.07554238670872641, 0.08173930387086668, 0.07402900092484364, 0.07481792019836633, 0.08188168010244194, 0.0746750669886919], [0.07427423594855115, 0.07510189234108745, 0.07464217948849976, 0.0828313080995758, 0.07139367968171238, 0.08065021691707937, 0.07916556866814303, 0.07555817241806591, 0.08119109526993351, 0.07397408155882022, 0.07477259668348557, 0.08177288567336392, 0.07467208725168195], [0.07465610958514625, 0.07546344274676708, 0.07507655437114963, 0.0823685092629865, 0.07144278138237935, 0.08066334342424458, 0.0793547057454742, 0.07585552116706112, 0.07990474340670789, 0.07409965772581445, 0.0749330634578584, 0.081267898571104, 0.07491366915330648], [0.07469680495693394, 0.07559320500068817, 0.07509255290419264, 0.08186635005792635, 0.07136999128216812, 0.08080645085788964, 0.07957837439356327, 0.07601258415467473, 0.0795613773716159, 0.07418145038347601, 0.07505019334932195, 0.08116185889452779, 0.07502880639302173], [0.07519854364933705, 0.07610601864039197, 0.0755960130087738, 0.0807351925008231, 0.07165449131314407, 0.08043364065356186, 0.07977484991666668, 0.07646425220743093, 0.07839957609704086, 0.07452088558545165, 0.07540140619140516, 0.08026290279220727, 0.0754522274437658], [0.07526451139126897, 0.07606234056239207, 0.07570289606082506, 0.08096649108544675, 0.07177391709385147, 0.08030200467553246, 0.07956358580798469, 0.07637243457373222, 0.07851366031696969, 0.07447938418470636, 0.07532591648250501, 0.08027495078576226, 0.075397906979023], [0.07348558852790471, 0.07496641450172303, 0.07359172889791706, 0.08087079391560904, 0.07055421408661088, 0.08213940518877459, 0.08039458416132529, 0.07578955285619199, 0.08147449720230243, 0.0740877832150506, 0.0750692725435725, 0.08284090392453942, 0.0747352609784785], [0.07346249573868195, 0.07491067390495146, 0.07356727311218113, 0.08121073549707948, 0.07062354190298753, 0.08189224334155938, 0.08022967584013534, 0.07572556053341677, 0.08182218330528836, 0.07408267942037804, 0.07504098665992964, 0.08273182868346117, 0.07470012205994965], [0.07349220649726834, 0.07487439767050115, 0.07362380894156019, 0.08144235350657898, 0.07066474782838389, 0.08172685759877342, 0.08006700667168204, 0.07565409360983166, 0.08201757484680137, 0.07402660370610939, 0.07496605451531298, 0.08279801143062242, 0.07464628317657408], [0.07352171757786512, 0.07484765497960044, 0.07367120868916555, 0.08168860108184278, 0.0707300062849695, 0.08154895576683897, 0.0799157930719156, 0.07559943758974716, 0.08223232162895244, 0.07399981516310847, 0.07491878860790478, 0.08271296003440846, 0.07461273952368083], [0.07361004547342198, 0.07485816374611562, 0.07379967985279547, 0.08180488264675279, 0.07077763331250032, 0.08145455801314559, 0.0798000515290352, 0.07556237057628323, 0.08216048024914566, 0.07394901477657326, 0.0748542545113835, 0.08278461323274411, 0.07458425208010325], [0.07371008608752379, 0.07490812745179017, 0.0739297056245593, 0.08172484406362376, 0.07082200245218526, 0.08143861447614771, 0.0797700453003025, 0.07557763599703589, 0.08192250972046275, 0.07393873411451306, 0.0748392292642602, 0.08281951156019197, 0.0745989538874037], [0.07374339835387816, 0.07496319573618, 0.07397498324778494, 0.08173809136194571, 0.07072730888071649, 0.08160911207805029, 0.07990059822675016, 0.075630527659386, 0.08144285538663043, 0.07391654240986362, 0.07484219536384286, 0.08289233286902367, 0.07461885842594737], [0.07368382312675424, 0.07504349086146314, 0.0738728034319413, 0.08130950382642603, 0.070557788025333, 0.08204912638787433, 0.08027512055448198, 0.07577480217952126, 0.0809695745763007, 0.07397763681581677, 0.07495596572650137, 0.08282417425363839, 0.07470619023394755], [0.07356710434454168, 0.07504667764533622, 0.07369957741001043, 0.08089362462704246, 0.07047426239286861, 0.08235762060639268, 0.08052145416743195, 0.07584953613876619, 0.08095243150114924, 0.07405341934331676, 0.07505879560385396, 0.08276611439790457, 0.07475938182138545], [0.07351329833793661, 0.07502738164152756, 0.07362072124294886, 0.08074326891031272, 0.07048434413333363, 0.08237822378338922, 0.08055594660569161, 0.07585745758949015, 0.08109802384132334, 0.07409355274474753, 0.07509858614023848, 0.0827558429932172, 0.07477335203584302], [0.07352321664804054, 0.07495475128769506, 0.07366022006258187, 0.08099300874298687, 0.07053754820311978, 0.08209243852829172, 0.08031351634419243, 0.07574503052513439, 0.08142146293421679, 0.07401873711697929, 0.07499603448564128, 0.08305430680784445, 0.07468972831327551], [0.07348978569012427, 0.07493114853871376, 0.07361012765563396, 0.08105165441746004, 0.07057804697682815, 0.08200577933081817, 0.08027761710310352, 0.07573494961813801, 0.08163361598822015, 0.07405033501232193, 0.07501864334549446, 0.0829241255328374, 0.07469417079030619], [0.07356006196719106, 0.07489226903261074, 0.0737295773648728, 0.08136308930741848, 0.07063782806263146, 0.08175860526573168, 0.08003688674339096, 0.07563466083118897, 0.08178930245634353, 0.0739589586445086, 0.07490063086943106, 0.08312145586520113, 0.07461667358947933], [0.07361378650815185, 0.07493737892782906, 0.07380353636399946, 0.08139209457163082, 0.07059054752836454, 0.08185398394264252, 0.08009491656476646, 0.07566340923977645, 0.08142901400103383, 0.07393103037464381, 0.07488580711885531, 0.08317937344325005, 0.07462512141505574], [0.07355761854810365, 0.07490860386336314, 0.07373113053110111, 0.08127134835789415, 0.07056548961395591, 0.08187651241466339, 0.08011645784061017, 0.07565425580784166, 0.08153917752801818, 0.07393613197716745, 0.07489373847797276, 0.08333333333333333, 0.0746162017059751], [0.0735970042715927, 0.07498069593723729, 0.0737671602837806, 0.08121326849506037, 0.07053293183480255, 0.08205607284155395, 0.08026424649513703, 0.07573483479271217, 0.08121326849506037, 0.07397011933400767, 0.0749465435945774, 0.08305036711682344, 0.07467348650765468], [0.07352840365182743, 0.0748821263952509, 0.07368245839021718, 0.08139340515225718, 0.07064292359225226, 0.0817551326148001, 0.08005234850793254, 0.07564038357823444, 0.08188885909767243, 0.07398300558074362, 0.07492450069737162, 0.08300073133683908, 0.07462572140460122], [0.07365098070995303, 0.07489986073729951, 0.07385281566078053, 0.08158327783363148, 0.07074379242802915, 0.08156472094976716, 0.07987207463705598, 0.07559646207501018, 0.08187198116144903, 0.07394018038445214, 0.07485729578355829, 0.082965090283454, 0.0746014673555594], [0.07368630955627818, 0.07493519643637193, 0.07390149717780851, 0.08161384807574301, 0.07069842017932496, 0.08164896995961853, 0.07993019805355034, 0.0756227790287741, 0.08156814059187384, 0.07392075581944779, 0.07485018976894675, 0.0830136060648687, 0.07461008928739339], [0.07372609670865977, 0.07502910814079448, 0.07393704360807778, 0.08149928938078538, 0.0706143344734127, 0.0818889497394356, 0.08014307454724987, 0.075730574727975, 0.08105497149196685, 0.07395014900437559, 0.07491143279704886, 0.08283631315680018, 0.07467866222341805], [0.07378385058337934, 0.07501120009746925, 0.07402132232622269, 0.08174580069992135, 0.07070694938636919, 0.08167474371629264, 0.07996554611878207, 0.07567454116331326, 0.08119255749720265, 0.07392509188026111, 0.07486123585279059, 0.08278882554518915, 0.07464833513280693], [0.07358196899407154, 0.074867355202542, 0.07376096542666463, 0.08163809460198769, 0.07072040992956331, 0.08157308758939937, 0.07989506230352968, 0.07558969921354369, 0.08204034980452224, 0.07395493847869392, 0.07487468003027004, 0.08290707892816654, 0.07459630949704536], [0.07374094514834946, 0.07493126945895262, 0.07397140627588084, 0.08174896547896449, 0.07080698571203714, 0.081471273607366, 0.07979077866473158, 0.07559134235030993, 0.08174203814746724, 0.07392758646318819, 0.07483305314110905, 0.08283988984753526, 0.07460446570410827], [0.07380342591815657, 0.07496977693369591, 0.07405336565707679, 0.08189900811046961, 0.07081004807708113, 0.08146909420773127, 0.0797899730523192, 0.07560913376417279, 0.08149160423678542, 0.07391534208421623, 0.07482317404053272, 0.0827507346354998, 0.07461531928226273], [0.07341876756186523, 0.07515740356116175, 0.07341861729448082, 0.07993567539346516, 0.07043425892087748, 0.082746143582409, 0.08108106588104526, 0.07611531637850075, 0.0809717983999119, 0.07434460701190077, 0.07540070012429771, 0.08198562153735194, 0.07499002435273214], [0.07344806908112526, 0.07514154599124533, 0.07348007625192314, 0.08013542911921873, 0.0703923452067313, 0.08285407755127121, 0.081018376398898, 0.07606663569734774, 0.08081664840279505, 0.07425999366195571, 0.07531546065245084, 0.08213631820189767, 0.07493502378314013], [0.07355615120575629, 0.07517070683680965, 0.07363860475605295, 0.08043245024336634, 0.07039589777562129, 0.08280665139950143, 0.08091232228222969, 0.07603764949681689, 0.08049054698655438, 0.0741804219341122, 0.07523005876358027, 0.08224740842978127, 0.07490112988981745], [0.07373242053743148, 0.07531758149606259, 0.07384134842234776, 0.08046426295160847, 0.07045531500191607, 0.08264516225871409, 0.08095262930939043, 0.07614650799041295, 0.0799947807932575, 0.07422350611385971, 0.07527908303312589, 0.08195448376628237, 0.07499291832559082], [0.07390702348334385, 0.07567800155155466, 0.07394037896654183, 0.07965375969980283, 0.07051691738605757, 0.08240607169733974, 0.0815210074162298, 0.0765786049395884, 0.07916980087058448, 0.0745509664941614, 0.07566379486494125, 0.08105478682790647, 0.07535888580194784], [0.07376974445232397, 0.07575360200899443, 0.07369520157973569, 0.07901376473677788, 0.07047117282291665, 0.08235229493940696, 0.08209444976671793, 0.07678721802321546, 0.07914232666342343, 0.07477478077338312, 0.07593250842519562, 0.08067782007893219, 0.07553511572897684], [0.07359538450825666, 0.07564083933279703, 0.07347279645056766, 0.0788701567190653, 0.07045959071963118, 0.0824275245840865, 0.0821651062709735, 0.07673848201880387, 0.0795850467845699, 0.0748192359151681, 0.07597372422712896, 0.08074392370892204, 0.07550818876002957], [0.07348041667852337, 0.07545146343039007, 0.07337695104718324, 0.07912715829030627, 0.0704613554546227, 0.08260803040330371, 0.08179220130506186, 0.07652813315748153, 0.0802028122737865, 0.07469756759077573, 0.07581739702235374, 0.0811141654876259, 0.07534234785858554], [0.07342027950387983, 0.07522874323609423, 0.07339113731745917, 0.07970249655915893, 0.07041749768329324, 0.08282985328594374, 0.08128549309929062, 0.07622209640687946, 0.08075520839977887, 0.07442945702998492, 0.07550616696153652, 0.08173485021569554, 0.07507672030100485], [0.07344141670116863, 0.07518291943772978, 0.07345455338070535, 0.07997465019295989, 0.07036811439508894, 0.08298031309043324, 0.0811554165415386, 0.07613192061904661, 0.08067945561284003, 0.07430727348744268, 0.07537772260204809, 0.08196099732335183, 0.07498524661564647], [0.07351628435975345, 0.07521736244089035, 0.07356216717362615, 0.0801333691274624, 0.07034433300717785, 0.08306573623908815, 0.08113094744387576, 0.07613033670874197, 0.08037077227303246, 0.07425245280407684, 0.0753263318827017, 0.08197903550987869, 0.07497087102969444], [0.07357984969089436, 0.07525365040719077, 0.0736430349186632, 0.08021533833119443, 0.07036611712879158, 0.08297213293444566, 0.08110495003305039, 0.07614431217350641, 0.08021533833119443, 0.07424527833434076, 0.07531720826116765, 0.0819604560441717, 0.0749823334113887], [0.07362608538379893, 0.07535894227548787, 0.07366796497321344, 0.07998089722691207, 0.07036521829288839, 0.08298576476215216, 0.08130513360388181, 0.07627254945608888, 0.07992717536424913, 0.07433436506124409, 0.07542693690352628, 0.08166221798740361, 0.07508674870915338], [0.07347238589126824, 0.07532637133200505, 0.073442265878556, 0.07958701584937837, 0.07034161027995256, 0.08309010211663569, 0.08152104034814461, 0.07632746209946789, 0.08023424173533475, 0.07444889807973036, 0.0755560995111444, 0.08151065097960107, 0.07514185589878088], [0.07355103332039094, 0.0754907589981217, 0.07348405504529487, 0.07926535137902271, 0.07038628983753524, 0.0827992203077477, 0.0818378844501767, 0.07653005