[[0.07233259227606265, 0.07483793982635535, 0.07196094366319603, 0.07052994384360542, 0.08238121585112604, 0.0805286461654049, 0.0811844506076795, 0.06998807811124128, 0.07965074768363777, 0.07423234266182638, 0.08073953759592083, 0.08020423631981123, 0.08142932539413267], [0.07229305057478601, 0.07468559813279663, 0.07195367395356102, 0.07045894387941376, 0.08268720678683501, 0.08028703346391056, 0.0810413743209839, 0.06996038849905586, 0.07993170567717735, 0.0740735384612761, 0.08055620819096464, 0.08052976936931636, 0.0815415086899228], [0.0722765553676937, 0.0745284879817455, 0.07197624009459501, 0.07041486699669137, 0.08298257196738813, 0.07999753390143119, 0.08083782882888736, 0.06996862233471213, 0.0802594277722007, 0.07391230123601004, 0.08032106143990972, 0.08091785477188478, 0.0816066473068504], [0.07229782400306689, 0.07442591698447892, 0.0720313134766896, 0.07040063687469297, 0.08291774441246856, 0.07979137848555012, 0.08070397575282325, 0.07000266042991071, 0.08054988324789107, 0.07380002316584276, 0.08016438499722486, 0.08124746290647487, 0.08166679526288532], [0.07237612518865645, 0.07434946423887892, 0.07215000624045569, 0.07045662369700073, 0.08263986902412353, 0.07955056042716074, 0.08051682788109887, 0.07011541018448199, 0.08087759981671454, 0.07371951757972338, 0.0799651840839225, 0.08163140568137824, 0.0816514059564044], [0.07235233888520945, 0.07423161890426423, 0.07215354729627581, 0.07037857378593458, 0.08289585475295606, 0.07938524979743387, 0.08041157859833528, 0.07007890470180925, 0.08111698562402819, 0.07358370069916848, 0.0798437182590704, 0.08190020326174598, 0.08166772543376835], [0.07227558287390665, 0.07402521097177384, 0.07211696633661295, 0.07017120471633154, 0.08333333333333333, 0.07917504542614621, 0.08031989095418159, 0.06993791885291911, 0.08152283415138907, 0.07333033135507251, 0.07972006494270545, 0.08230857747435914, 0.08176303861126849], [0.0723515155852072, 0.07393909357640349, 0.07223720682197447, 0.07014935160561668, 0.08288928836904191, 0.07898550296567848, 0.08021025831181644, 0.06998754157533883, 0.08196012196322197, 0.07320940359045361, 0.07959849972020296, 0.08271917525432705, 0.08176304066071695], [0.07242550683687218, 0.07389000012379983, 0.07234533097462206, 0.07009438510490186, 0.08244756899479386, 0.07890547346090401, 0.08021735426669294, 0.06999453845502915, 0.08236015271513575, 0.07311100541542945, 0.07959162752320079, 0.08276774436093856, 0.08184931176767958], [0.07266904711663885, 0.07392869609078814, 0.0726404103868439, 0.07019369969921166, 0.0818213767988022, 0.07880883502769062, 0.08016461191118916, 0.0701843272280005, 0.08280607600958578, 0.07309489076703506, 0.07954703811376922, 0.08237380333841263, 0.08176718751203232], [0.07304656577666312, 0.0741024807833028, 0.07306405154691105, 0.0704423853681075, 0.0811877890313367, 0.07878488184372996, 0.0801442164799515, 0.0705179673732166, 0.08261433816393375, 0.07321732177507716, 0.07955825819914222, 0.0817350895388798, 0.08158465411974769], [0.07331249177811368, 0.07428279660974463, 0.07337571696746092, 0.07062277274254755, 0.08071595380869444, 0.07863724210763084, 0.07996529969183062, 0.07077401219844916, 0.08308270552508178, 0.07326011746067533, 0.07941724895906371, 0.0813011510464303, 0.08125249110427689], [0.07356429312665186, 0.07452137446112221, 0.07364354559427422, 0.07074893176047797, 0.08021142805603484, 0.0786907013408007, 0.08008066848546946, 0.070943556981287, 0.08296784531670616, 0.07336553195544954, 0.07949233113416815, 0.08070217327031483, 0.08106761851724316], [0.0737729573602251, 0.0747283214452661, 0.07385739650550542, 0.07087739695675496, 0.07984872737880612, 0.07875237611787284, 0.08018567270404867, 0.07109552778210156, 0.08266098855566263, 0.07348484870432657, 0.07956102996937447, 0.08027056105009067, 0.08090419546996484], [0.073861639201707, 0.0748723131458697, 0.07393080135843035, 0.07083889261245145, 0.07938226778296577, 0.07885780667624177, 0.08035768261798519, 0.07106021740398782, 0.0831380232798713, 0.07353382855830735, 0.07968342974112833, 0.07969710532791494, 0.08078599229313908], [0.07390279929886355, 0.0749947049641808, 0.0739381024667848, 0.07081188893849501, 0.07907455503295034, 0.07903736578427893, 0.08057833247518174, 0.07100610190101712, 0.08304660512099897, 0.07362514501473165, 0.07987182508033494, 0.07928487029529223, 0.08082770362688992], [0.0740107314121674, 0.07520552668799688, 0.0739979069828854, 0.07085842913737912, 0.07865040905753407, 0.07926761245126622, 0.08082660958837322, 0.07101288655742682, 0.08273797489286744, 0.07380777799515896, 0.08009366116726495, 0.07873917589857275, 0.08079129817110688], [0.07389285442080774, 0.07526773614433001, 0.07379807125822929, 0.07069401656678868, 0.07823665092385583, 0.07958511691547578, 0.08115875068501555, 0.07076271394335648, 0.08333333333333333, 0.07390549357681846, 0.08040511287626685, 0.078176189129597, 0.08078396022612491], [0.07245648955759508, 0.07507757121400661, 0.07204744672411162, 0.07078146299848309, 0.08212383866365164, 0.08069454153338655, 0.08112003629688137, 0.07017836035983249, 0.07929107643846013, 0.07451922449937441, 0.08076677891465833, 0.07984063365848303, 0.08110253914107567], [0.07238414426017885, 0.0748693611682292, 0.07201478156398616, 0.07065920786971415, 0.08253724560962852, 0.0804109695073111, 0.08099422088845507, 0.07011025823657331, 0.07963504313806252, 0.07429824138419565, 0.08057456643956197, 0.0802350085015593, 0.08127695143254421], [0.07235325657213483, 0.07475733768206853, 0.07200712335011411, 0.07060375371366377, 0.08277907634093556, 0.08024153746547684, 0.08089855539630551, 0.07008638629090376, 0.07983092946887, 0.07418048209421152, 0.08044931197984495, 0.08046320953988803, 0.08134904010558255], [0.07229237907424915, 0.07452320315546833, 0.07199674385391064, 0.07045342941857516, 0.08308819160257085, 0.07993297575286215, 0.08075641125669125, 0.07001039725041608, 0.08027847964135247, 0.07391760555204097, 0.08024612300684038, 0.08096039864178077, 0.08154366179324185], [0.07232358614036781, 0.07469746813061254, 0.07198724554269181, 0.07053896521646977, 0.08283562667203757, 0.08020031707408305, 0.0809097950180632, 0.07003798976655855, 0.07992855532374252, 0.07410749239662945, 0.08044070326800985, 0.08056179134932474, 0.08143046410140908], [0.07234248429990106, 0.07442059910260229, 0.07208763543094777, 0.07047058594716017, 0.08290476435758297, 0.07968820735054587, 0.08058761452014254, 0.07008534188548503, 0.08061702247623709, 0.07380689927653973, 0.08005481820621305, 0.08135001486688721, 0.08158401227975531], [0.07241834031246225, 0.07438263626165516, 0.07219212027007012, 0.07054968598729272, 0.08272428847283461, 0.0795031531564091, 0.08042313569413943, 0.0702029101878432, 0.08082147635950936, 0.07377372267748965, 0.07988850676125074, 0.08160300818918008, 0.0815170156698636], [0.07236450698470309, 0.07421792344450923, 0.07217232342289284, 0.0703922151193075, 0.0829316417858003, 0.0793367131552241, 0.08036387438825042, 0.07010122372231255, 0.0811593925182006, 0.07357155394341115, 0.07979725880253533, 0.08195832116026229, 0.0816330515525904], [0.07237553636217517, 0.07408556208977568, 0.07222272485700047, 0.07036051878744522, 0.08333333333333334, 0.0790755564806188, 0.08014560251449929, 0.07012632674862984, 0.08144778140865648, 0.07342761245055882, 0.07957338995344819, 0.0823144704185465, 0.08151158459531235], [0.0724353560626886, 0.07398026319213744, 0.07232882035033647, 0.07030330931790356, 0.08283861279753998, 0.07889263190937147, 0.08005970676203261, 0.0701452437827924, 0.08191467888669043, 0.07327985514304108, 0.0794690159635058, 0.08280148423015052, 0.08155102160180959], [0.07244561087798333, 0.07390181773949328, 0.07236550718454572, 0.07020217922015311, 0.08258047478978205, 0.07881645040701218, 0.0800649010043866, 0.07009220680609639, 0.08225564755790368, 0.0731593018086743, 0.07945794790457732, 0.08302293477788349, 0.08163501992150879], [0.07253591740610557, 0.07388296008884125, 0.07248516188325696, 0.07019485279388017, 0.08224164256858084, 0.07875581027321248, 0.0800537285489226, 0.07013704601131618, 0.08261003628419933, 0.07310343662075168, 0.0794415426021834, 0.08290193554618377, 0.08165592937256572], [0.07268562723265885, 0.07390727631426965, 0.0726665654228227, 0.07025886645803142, 0.08187666663731327, 0.07869593264499046, 0.08001802106693509, 0.07025621220228695, 0.08294964654760144, 0.07309545096992778, 0.07941125202519266, 0.0825770792854815, 0.08160140319248843], [0.07279949858320256, 0.07393943476820283, 0.07280035349987427, 0.07032712310815457, 0.0816541284575849, 0.07865671887379487, 0.07998386124099288, 0.07035856501672322, 0.08309027989005655, 0.07311058308041611, 0.07938516552670265, 0.08236068648157636, 0.0815336014727183], [0.0729986969402859, 0.07402112611254641, 0.07302686801948623, 0.07047806758448526, 0.08136287355475097, 0.07861104092228939, 0.07993145454212042, 0.07055554775282279, 0.0830081810302879, 0.07317432322028282, 0.0793498484104859, 0.08206927635534114, 0.08141269555481477], [0.07319174969330795, 0.07417454400648113, 0.07323882310519371, 0.07060336059462294, 0.08106755534776167, 0.07863289212186793, 0.07995421400193978, 0.0707182621673812, 0.08270927487233742, 0.07325234279100203, 0.07938882177470269, 0.08171719501734745, 0.08135096450605403], [0.07357421813302634, 0.0744389308977723, 0.07368089495524863, 0.07089289164979434, 0.08047489663667781, 0.07845135406784688, 0.07973730527814485, 0.07110917318222171, 0.08301659004459838, 0.07334845325039509, 0.07920767132190985, 0.08113384249587235, 0.08093377808649155], [0.07376150632418865, 0.07462333627615564, 0.07387938005227752, 0.07096583086876843, 0.08008272737811893, 0.07850643399455941, 0.07985959185062358, 0.07122148239795839, 0.08292906732094418, 0.07342116113120134, 0.07928251402036754, 0.0806512654995808, 0.0808157028852554], [0.07328827036852673, 0.07428799148915262, 0.07334172202711249, 0.0705688967994415, 0.08067343492678598, 0.07871010127756128, 0.08005384143286695, 0.07071108298613986, 0.08307855917860492, 0.0732574641567663, 0.07950315759026419, 0.08120623910663481, 0.08131923866014241], [0.07396442818337749, 0.07480688569307858, 0.07409425777599948, 0.0711055382919963, 0.07978711582571418, 0.07852488822602748, 0.07990452002450757, 0.0713967280074403, 0.08261532646131861, 0.07352515175747805, 0.07930237477471541, 0.08030757258664659, 0.08066521239170009], [0.07416160761270084, 0.07502272374800287, 0.07429095860045919, 0.07118085981828279, 0.07932746181526967, 0.07859398381230297, 0.08002387989979047, 0.07149376281575506, 0.08268219264017122, 0.07362720573100362, 0.07937968352407535, 0.07975341174439479, 0.08046226823779108], [0.07416565203908812, 0.07508436102413067, 0.07427426145299637, 0.07111430330641577, 0.0791106451583465, 0.07869968018887857, 0.08016737005650232, 0.07140170505661682, 0.08286956395003338, 0.07365133234452725, 0.07949691264922674, 0.07946328931572805, 0.08050092345750942], [0.07424202730916228, 0.07525025168920144, 0.07431286861677068, 0.07110611231119361, 0.07874530149482968, 0.0788855145718846, 0.08038696551707349, 0.07136019614288294, 0.08275804867211597, 0.07376988389209621, 0.07968560755058621, 0.07898448534153388, 0.08051273689066889], [0.07437313092120867, 0.0754408603913591, 0.07441810773584383, 0.07115126130075589, 0.07830195700144253, 0.07896308238592493, 0.08046201823326393, 0.07139567181006669, 0.08303944372583108, 0.07388866607985631, 0.07974588022458096, 0.07846158924949187, 0.08035833094037406], [0.0742296058265657, 0.07544926649415475, 0.07420367437637305, 0.07100471457797117, 0.07818027451912649, 0.0792714148576796, 0.08079239221217116, 0.07116659950975987, 0.08293638323264009, 0.07396506710726533, 0.08006065484038755, 0.07822439544277017, 0.08051555700313517], [0.07251519349325376, 0.07510598532332734, 0.07211085659866641, 0.07091453132167365, 0.08222641981905393, 0.08055721991328782, 0.08093231470667814, 0.07030790649862262, 0.07929297573039536, 0.0745811804500805, 0.08059509535963204, 0.07988159129154701, 0.08097872949378128], [0.0724216021884277, 0.07480343602884673, 0.07207754927466137, 0.07074784835337201, 0.08285070961040532, 0.08013883711335312, 0.080729826561338, 0.07022438217953804, 0.07979404315328603, 0.07425923356164174, 0.08030531095530873, 0.0804619379209894, 0.08118528309883206], [0.07244902470865329, 0.07490913468162319, 0.07208267921535319, 0.07079950680838926, 0.08262251552568273, 0.08029575611661247, 0.08081664678724436, 0.07024535725339165, 0.07961267154996, 0.0743710551240282, 0.08041960488181298, 0.08025004332788939, 0.0811260040193592], [0.07235458984971706, 0.07468121838443063, 0.07202898646218495, 0.0706118541261794, 0.08302567927730194, 0.08006154967079161, 0.08074935884585344, 0.070119385960103, 0.07998048567037554, 0.07411123442097554, 0.08028819806753444, 0.0806550157045673, 0.0813324435599853], [0.07240166195793153, 0.07465287743938201, 0.0720938797711211, 0.07069655416261991, 0.08316601277101836, 0.07988366056027164, 0.08056604278714824, 0.07022292276988323, 0.08007626714403204, 0.07410160916089065, 0.08010812954559038, 0.08079578386713517, 0.08123459806297587], [0.07241315188199815, 0.0745174009921507, 0.07214643479567504, 0.0706438111690784, 0.08303834721792604, 0.07966906141741648, 0.08046316694002745, 0.07023175557248469, 0.08042919858190693, 0.07394472432679422, 0.07996809044069729, 0.08118829599537655, 0.08134656066846817], [0.0723378349250796, 0.0745597247469322, 0.07204129322358839, 0.07057245303175312, 0.08333333333333334, 0.07984837446558193, 0.08060041704115063, 0.07011951819811597, 0.08020606719704305, 0.07398534839650127, 0.08011660349969481, 0.08092562292706741, 0.08135340901415833], [0.07246980356239185, 0.0744326788964305, 0.0722403640878016, 0.07067318597707095, 0.0829127904144721, 0.07945016332039696, 0.08030395475996095, 0.07031444411535076, 0.08070870628289263, 0.07385313638754228, 0.07979344546160311, 0.08151349408786339, 0.08133383264622285], [0.07251924804218554, 0.07439398186382853, 0.07231280188009809, 0.07070377642833857, 0.08272982694193032, 0.07932843487328743, 0.08021569405547316, 0.07037869344963874, 0.08088062464039875, 0.07380902291755329, 0.07969797699389804, 0.08170970861420483, 0.08132020929916454], [0.07249545125370312, 0.07430728655373063, 0.0723079227342451, 0.07063135912716352, 0.08288250447605461, 0.07922989508133431, 0.08016720273062793, 0.07033641182404071, 0.08105130861275978, 0.07370513794178718, 0.07963500374128278, 0.08189885208398129, 0.08135166383928902], [0.07252184054718483, 0.07421892353200099, 0.07236552487801998, 0.07061913284076236, 0.08301849890355838, 0.0790476866848844, 0.08002761871813066, 0.0703705682462615, 0.0812724864594644, 0.07360487153623117, 0.0794877448489059, 0.08215323784019295, 0.08129186496440234], [0.0725132807251683, 0.0740681123559037, 0.07239916773958151, 0.0704869645540732, 0.08294975768690013, 0.07886945265582555, 0.07995360738430805, 0.07030841736995162, 0.0816930008184019, 0.07340917752531335, 0.07938866504965583, 0.08260667478881832, 0.08135372134609868], [0.0725281306223251, 0.07401502401927981, 0.07243364916300249, 0.0704435012825324, 0.0827734862477424, 0.07879617929703835, 0.07992504894856647, 0.07029800348530849, 0.08189945354838543, 0.07333473243795317, 0.07935121370617916, 0.08282635015704277, 0.08137522708464388], [0.07252297673340544, 0.07397816124966251, 0.07243839222074912, 0.07039457124080417, 0.08266649644729988, 0.07876739416647809, 0.07992848899839079, 0.0702670702311635, 0.08203152440404486, 0.07328141101788083, 0.0793472951810388, 0.0829646145447289, 0.08141160356435316], [0.0725583216863404, 0.07390198378546935, 0.0725055012897952, 0.07033226360894632, 0.08234858903185034, 0.07864800293894592, 0.07987354785574906, 0.07025873392433384, 0.08237895558725525, 0.07316953886698484, 0.07928341582931947, 0.08333333333333333, 0.08140781226167669], [0.07267675629633856, 0.07390958277819913, 0.07265298970334849, 0.07036532263791269, 0.08206244898037303, 0.07860063869044731, 0.07986158226157666, 0.0703426677426181, 0.08273792439305237, 0.07314487887281595, 0.07926989323754698, 0.08296389075482855, 0.08141142365094224], [0.07279187357296235, 0.07392817114050822, 0.07279267465983054, 0.07041644055226239, 0.08180469421177036, 0.0785540078576535, 0.07983171880919712, 0.0704361302997456, 0.08302741568214259, 0.07313957838933666, 0.07924429891182863, 0.08266507719163914, 0.08136791872112291], [0.07311116622275197, 0.07405177428026923, 0.07316120912118826, 0.07066212529610881, 0.08132612433270843, 0.07844674653884316, 0.07971428347501724, 0.07076227692490829, 0.08306840973731346, 0.07322614396740754, 0.07915254768558376, 0.08215517109105142, 0.0811620213268483], [0.07342718191822482, 0.07428621811342913, 0.07351665757661835, 0.07092494334309148, 0.08093870237070536, 0.07838259629083705, 0.07962643365595114, 0.07109007611122492, 0.08266203436832774, 0.07335056060117887, 0.07909347265946008, 0.08172998764331456, 0.08097113534763645], [0.07361503699551743, 0.07445287108801499, 0.07372901270977748, 0.07097031631381641, 0.08050567384385142, 0.07840041492301428, 0.07965934940610085, 0.07119707808350428, 0.08287449874986505, 0.07337568750765239, 0.07914321630502824, 0.08119954668349809, 0.08087729739035901], [0.07341576848377122, 0.07431348540375508, 0.07350055270968617, 0.07081084484921372, 0.08078898233952082, 0.07848551867243195, 0.07976721113593395, 0.07098160225858925, 0.08282450746797738, 0.07331546510804227, 0.07923054815968429, 0.08148755741738374, 0.08107795599401008], [0.07322083122181414, 0.07414863269769299, 0.07328268951677874, 0.07071291578006558, 0.08114364755328911, 0.07847527747175141, 0.07975359391806232, 0.07083786409602927, 0.08288646017803679, 0.07326047208004179, 0.07919811865121718, 0.08191667927254036, 0.08116281756268028], [0.07289332078800302, 0.07394680759144483, 0.07291523103191774, 0.07044307398183312, 0.08154783441790452, 0.07852915787553878, 0.0798259633186432, 0.07050144960751671, 0.08333333333333334, 0.0731296819565095, 0.07924280907157566, 0.08235389184697114, 0.08133744517880848], [0.07339352971520215, 0.07429141819101609, 0.07347502741992516, 0.07081729973645325, 0.08086866348993986, 0.07847904476556027, 0.0797562709489044, 0.07097986558293755, 0.08272665305186766, 0.0733187941596745, 0.07921671150440894, 0.08158808054622196, 0.08108864088788803], [0.07325781452763584, 0.07422769728714945, 0.07331507987615916, 0.07062654383975395, 0.08090334194948433, 0.07862035063445365, 0.0799423626216085, 0.07076143561895332, 0.08287851273758245, 0.07325792218824537, 0.07938564366696052, 0.08153195829638202, 0.08129133675563156], [0.07373112239930446, 0.07455937877058076, 0.07385682482354167, 0.07100835082257817, 0.0802465831228736, 0.07841198151779799, 0.07971578780786343, 0.07126867981436227, 0.08294854711513697, 0.0734038236770754, 0.07916850264950695, 0.08088766724071199, 0.08079275023866624], [0.07389613131406947, 0.07470853166794696, 0.07403402944451098, 0.07110446710572317, 0.07997266875390606, 0.07842756349222431, 0.07976551179006877, 0.07139978908673358, 0.08278622141085025, 0.07347462637501273, 0.07919094264661718, 0.08056344975382675, 0.08067606715850974], [0.07409944795767984, 0.07490249699514541, 0.07424615984013062, 0.07122961811458053, 0.07965253675127049, 0.07846802489647907, 0.07983948737303218, 0.07155644137198663, 0.08247473272979972, 0.07358147866263107, 0.07923572682748613, 0.08017966638220789, 0.08053418209757036], [0.07423243510029952, 0.07503243017571519, 0.07438428170081796, 0.07129985584818324, 0.07940068786751424, 0.07848395441660495, 0.0798766512590284, 0.07164796712014512, 0.0824563748844834, 0.07364487865697368, 0.07925292728973089, 0.07988409759810554, 0.08040345808239789], [0.07431094290272819, 0.07516891024192611, 0.07444452237193666, 0.07126522995108228, 0.0790362204203668, 0.07859485486688043, 0.08003628223572491, 0.07159975245945466, 0.08268776662328678, 0.07370102887052268, 0.07937546024280355, 0.079422181539556, 0.08035684727373094], [0.07446457995237193, 0.07538142844566403, 0.0745742472197492, 0.07132230148961942, 0.07862002791843553, 0.078715936430191, 0.08017846582218836, 0.07163675256866917, 0.08258027895818383, 0.07383569763882687, 0.0794913094412908, 0.07890796044490866, 0.08029101366990114], [0.07450466696379858, 0.07548465424897123, 0.07458788952851629, 0.07129518263251038, 0.07833080711644086, 0.07880497946395124, 0.08027790608330283, 0.07158489808620339, 0.0828697089397841, 0.07389688823536235, 0.0795755224705945, 0.07854940360625312, 0.08023749262431125], [0.07449015965134542, 0.07558522391523684, 0.07452221466581592, 0.0712117800424514, 0.07798400605542277, 0.07896921254200157, 0.08044604714821613, 0.07145663585054292, 0.08333333333333334, 0.07397507105101264, 0.07973014154444356, 0.0781036591423377, 0.08019251505783988], [0.07430685808980968, 0.07558420800633857, 0.07425113639308073, 0.07105843597150345, 0.0779208676975343, 0.07936405599484952, 0.08085385995061543, 0.0711961885094433, 0.08292938833717879, 0.07408632509619884, 0.08012850243180097, 0.07791100094548138, 0.08040917257616499], [0.0729642831105279, 0.07398340310053338, 0.07299285226902358, 0.07057653306362208, 0.08156768724633713, 0.0784603919727409, 0.07972008270682134, 0.07063812658470955, 0.08310255582127847, 0.07319199382677916, 0.07914930877249773, 0.08244513684874108, 0.08120764467638769], [0.07281452791274527, 0.0739587226599149, 0.07281083538121567, 0.07052926469391568, 0.08190500151002102, 0.07850321010131933, 0.07973446219660504, 0.07053333032434554, 0.0827531085770691, 0.07320599361784981, 0.07915938854420446, 0.08285063803272134, 0.08124151644807276], [0.0726932035706818, 0.07396491454438081, 0.07265548893347076, 0.07050858093462223, 0.0822225386460871, 0.07856804537403768, 0.07975981327884456, 0.07045351970947017, 0.08236606574874501, 0.07324976287678246, 0.07918654316880147, 0.083120007960865, 0.08125151525321105], [0.07267107239722441, 0.07399768516394578, 0.07261749187421823, 0.07054401779257077, 0.0823859199390235, 0.07861281214658625, 0.07976734355356109, 0.0704609470805384, 0.08217190465648362, 0.073303982985037, 0.07919979697118137, 0.08303458002104157, 0.08123244541858807], [0.07263980593453953, 0.07406909241802011, 0.07255660258015867, 0.07060510653643383, 0.08264803532740286, 0.07871496931129149, 0.07980574907056315, 0.07047156226334783, 0.08185734771899292, 0.0734092904551469, 0.0792490917823457, 0.08275965679790083, 0.08121368980385628], [0.07261635289173671, 0.07420482032282676, 0.07248682179109849, 0.07071209260063338, 0.08287217468295903, 0.0788962915452317, 0.07988477400561833, 0.07050154494732672, 0.08140839203263067, 0.0735924252271461, 0.07934986588702045, 0.08229985773757731, 0.0811745863281946], [0.0726214871124798, 0.07428590152552447, 0.07246954369474146, 0.07077647433844601, 0.08283945830918826, 0.07899618844288574, 0.07993287721805135, 0.07052941925847943, 0.08120588563117996, 0.07369479299341125, 0.07941079720138808, 0.08208363718647546, 0.08115353708774871], [0.07332716775808334, 0.07435452792655742, 0.07337296386325073, 0.07055582595127484, 0.08051606686877837, 0.07880431151540965, 0.08018364860966679, 0.07069655755908942, 0.08296531388279818, 0.07329081581806596, 0.07961455925560684, 0.08097529223034684, 0.08134294876107147], [0.0737663849802158, 0.07468012565610546, 0.0738660909389375, 0.07091345441544482, 0.07996276001698409, 0.07864498260515662, 0.08004393955455122, 0.07114405305720985, 0.08275614566528842, 0.07345421391041715, 0.07944018463533041, 0.08044922302555135, 0.08087844153880741], [0.07402609293180919, 0.07491570628724456, 0.07414177832948106, 0.07107710375326524, 0.07951390653647869, 0.07863936008375474, 0.08007060031566803, 0.07135725964748142, 0.08269968816681075, 0.07357293989504159, 0.07943309750321925, 0.07994532139460213, 0.08060714515514335], [0.0726026823871565, 0.07435453008380648, 0.07242662561884819, 0.07079524455181456, 0.08277721545297884, 0.07912396908825003, 0.08002137965852679, 0.07051132933039592, 0.08103148550023435, 0.07377597501362641, 0.07950758253951468, 0.0818932738711155, 0.08117870690373169], [0.07259463571052154, 0.07443281696618678, 0.072394341581004, 0.07082941228349271, 0.0827131783629731, 0.07925083404368237, 0.08010083983355358, 0.07050822291898136, 0.0808437201364716, 0.07386863916208514, 0.07959905089042804, 0.08168502578749612, 0.08117928232312367], [0.07253469812730279, 0.07449126515309795, 0.07230286390299978, 0.07080882033346075, 0.08301877097051526, 0.07939802517792476, 0.08018994325967499, 0.07043981667153552, 0.08059737003131436, 0.0739403119025108, 0.07970279478088466, 0.08141344514155736, 0.08116187454722094], [0.07248908622151966, 0.07456381384031206, 0.07222516587078963, 0.07080993759914588, 0.08333333333333334, 0.07954290497188857, 0.08026176505333148, 0.07039192937108127, 0.08033200547029257, 0.07402901736987048, 0.07979617603155482, 0.08112156558933016, 0.08110329927755017], [0.07251407882173443, 0.07468775094105035, 0.07222192931930942, 0.07087657436201877, 0.08303676773424999, 0.07971963436090199, 0.08036817468331717, 0.07041719801521369, 0.08011724588023816, 0.07416612389959545, 0.0799259339888067, 0.0808734432331351, 0.08107514476042883], [0.07250840878013984, 0.07473288969121233, 0.07220261819705771, 0.07087996641162535, 0.08297037835775388, 0.07981001658362841, 0.08043042633533563, 0.07040162030729143, 0.08002051825400466, 0.07421320029806794, 0.07999743168337509, 0.08075941647574082, 0.08107310862476677], [0.07250112529946705, 0.07480377186158699, 0.0721742321385175, 0.07088820403228474, 0.08290437664493977, 0.07994660501822184, 0.08051798725357004, 0.07038046390408093, 0.07986398196220797, 0.0742876670334484, 0.08010200907056116, 0.08057639918652583, 0.08105317659458776], [0.07251222023513212, 0.07489168392129829, 0.07216399032904537, 0.07091974525082168, 0.08275193311053804, 0.08008882240078877, 0.08060115572264964, 0.07038229464582645, 0.07969991729602999, 0.07438083813974446, 0.08020709498201807, 0.08038467355727164, 0.08101563040883555], [0.07257669809693798, 0.07505467944357623, 0.0721987641653305, 0.07104432036864347, 0.08246107014609164, 0.08025835555521894, 0.08065206343423609, 0.07046268275549877, 0.07944330006054937, 0.0745641363631362, 0.08030432558278981, 0.08009631978401967, 0.08088328424397123], [0.07262753019359447, 0.07520530472810938, 0.07222055591458669, 0.07113552603424024, 0.08218074936051044, 0.0804439628828042, 0.08072413534430166, 0.07051308290447773, 0.07920482134214785, 0.07472671788007566, 0.0804223942622951, 0.0798223088762611, 0.08077291027659549], [0.07252845835454241, 0.07503735791866427, 0.07214492215819851, 0.07095204359169414, 0.0824401569436952, 0.08035355577279175, 0.08076833726181168, 0.07036820923202144, 0.07943524935139065, 0.07452715333492338, 0.08041287213484219, 0.08006743837657797, 0.08096424556884663], [0.07364402650380508, 0.07451594798305022, 0.07375427247505095, 0.07089347497306596, 0.08027188724295599, 0.07849026850025968, 0.07981965844416002, 0.07112636567437838, 0.08308524812545533, 0.0733660188141305, 0.07926173228195807, 0.08087538592510327, 0.0808957130566265], [0.07343799731490155, 0.07437659563996797, 0.07352034258223522, 0.07069295517874022, 0.08046141573585361, 0.07858611742650082, 0.0799253083192361, 0.07087862191741628, 0.08333333333333334, 0.07328118613797649, 0.07937157263113474, 0.08103634861357964, 0.08109820516912404], [0.07374101896830365, 0.07476056388144722, 0.07380296188932622, 0.0707754754863815, 0.07964607850689781, 0.0788786492287883, 0.08036361345978646, 0.0709758306302495, 0.08297771313930596, 0.07348821359815422, 0.07970720575001854, 0.07998146987167412, 0.08090120558966643], [0.0735780794457435, 0.07457683034061605, 0.07364140005970748, 0.07072592527173929, 0.08011073457064194, 0.07881277851265175, 0.080237442010518, 0.07090656961420716, 0.08272611233828213, 0.07340853555437062, 0.07962866265643703, 0.08052966311016317, 0.08111726651492196], [0.0728912995367425, 0.07402297969076845, 0.0728922069740668, 0.07033454351499462, 0.08142843284725398, 0.07878627785261949, 0.08014890413569992, 0.070378935758746, 0.08275745122869628, 0.07315722617728092, 0.0795482683752909, 0.08198856933255246, 0.08166490457528784], [0.07318379054238447, 0.0742290775064552, 0.07321606931622975, 0.07047890761968402, 0.08080824774367555, 0.07880487241032064, 0.08017070695963106, 0.07058992886195713, 0.08289567054585772, 0.0732426748203017, 0.07960401315795412, 0.08129619682773465, 0.08147984368781393], [0.0737776949382761, 0.07484546390799295, 0.07382396871216271, 0.07072926284544195, 0.07932676807154326, 0.07896150236325962, 0.08049046184094748, 0.07092501100580431, 0.08333333333333333, 0.07351698603225339, 0.07980086701561162, 0.07958812957437651, 0.08088055035899668], [0.07388761724050338, 0.07505271017064376, 0.0738889659100776, 0.07078038099356156, 0.07894625889551977, 0.07921106031286211, 0.0807743548433752, 0.07093824972819518, 0.08277793814589161, 0.0736994054567889, 0.08005147639268094, 0.0790799123454117, 0.08091166956448843], [0.07459662736085276, 0.0758046521479209, 0.07456895467248054, 0.07130223727541293, 0.07765275631564927, 0.07923620448276252, 0.0806132017469892, 0.07149113173108038, 0.08283625778856532, 0.0742007552857274, 0.07990869576669099, 0.07767200644699583, 0.08011651897887227], [0.0746462973290398, 0.07574442473419882, 0.07467306598632206, 0.07134383440046896, 0.07777109410531279, 0.07898278144028235, 0.08040720687331501, 0.0715939031934339, 0.08312009450911563, 0.07409221511399114, 0.07970074281819925, 0.07786923941149616, 0.08005510008482417], [0.07226153180675927, 0.0744563750766487, 0.07198209554778094, 0.06987341641574879, 0.0811459936047744, 0.08043581050221724, 0.08192840773497535, 0.06953093437337439, 0.08041172029754713, 0.07360880292265917, 0.08120311375741432, 0.08043554182847805, 0.08272625613162204], [0.07220866918385714, 0.07437287615194636, 0.0719400879091886, 0.06990218650854736, 0.08155349638537701, 0.08025602234891943, 0.08163601330217293, 0.06955811105489779, 0.08054146738492374, 0.07356658303013482, 0.08094253646794022, 0.08077826589218115, 0.08274368437991364], [0.07219205103496111, 0.0742462031933662, 0.071954937303973, 0.06984907105561852, 0.08177634735159736, 0.08002577977059334, 0.08143233081325722, 0.06954801201635087, 0.0808396341965771, 0.0734320209281425, 0.080736614025643, 0.08106872653548361, 0.08289827177443598], [0.07219168771326041, 0.07415615832313299, 0.07197974000101319, 0.06984938363008662, 0.08202685372274872, 0.07982413874337699, 0.08121595992219384, 0.06957891210614481, 0.08110165973835953, 0.07334848841989407, 0.08052964634448803, 0.08136297691930323, 0.08283439441599749], [0.07226329065780084, 0.0740758327154493, 0.07209193547017637, 0.06982086008055728, 0.08193612059522001, 0.07964160888747104, 0.08109515973357904, 0.06961689133207155, 0.08141408177922678, 0.07323225835879761, 0.08040367443585851, 0.08151249933659495, 0.08289578661719674], [0.07239468625315831, 0.07409427823430237, 0.0722507842386771, 0.06986131132146156, 0.08165267503413416, 0.07958629169079132, 0.08107622979258738, 0.06970817029270127, 0.08152595903873698, 0.07321464353560397, 0.0803890269445045, 0.08141720376500991, 0.08282873985833132], [0.07256033076751957, 0.07424423618854697, 0.07241391526015127, 0.0699222318325323, 0.08110262176731593, 0.07976218743569988, 0.08129880005393646, 0.0697870169584389, 0.08137641815446661, 0.07331402593531437, 0.08061963052019096, 0.0808961698438076, 0.08270241528207926], [0.07250173194278706, 0.07441179739146134, 0.0722904344033542, 0.06982096942509508, 0.08054332582001568, 0.08021427838510309, 0.08181754961986198, 0.06961408403888375, 0.08119363901904308, 0.07344530288380191, 0.08112474217615022, 0.08015800916310671, 0.08286413573133597], [0.0722693330202062, 0.07443248104493891, 0.0719951302042099, 0.06967409259978657, 0.08050160834527209, 0.08052601431909975, 0.08217286964990936, 0.06937165206266957, 0.08088047603449833, 0.0734920139910202, 0.08142294061307252, 0.07992805478198325, 0.08333333333333334], [0.07223272456124409, 0.07447423323459901, 0.07193931733904485, 0.0697381143000182, 0.08068443556939224, 0.08060089352142223, 0.08220150458200871, 0.06939540597457, 0.08064143032856082, 0.07357495155023865, 0.08144392911633677, 0.0800217044481617, 0.08305135547440257], [0.07229988777629753, 0.07438952128856996, 0.07204817394988926, 0.06981913056198995, 0.08107994282746558, 0.08031709112648076, 0.08187077573855417, 0.06952549492986, 0.08064854110458307, 0.07350673102982322, 0.08113606112412408, 0.08048151677717724, 0.08287713176518517], [0.07224459471053962, 0.07437601879292004, 0.07198375773421864, 0.06985113146179765, 0.08132963051170193, 0.08028527760942988, 0.08176835330394464, 0.06953100451432824, 0.08052111688285603, 0.07353160492388784, 0.08104865622403783, 0.08064358818544949, 0.08288526514488825], [0.07224501591621275, 0.0741847367093815, 0.07203801130730592, 0.06975709066216078, 0.08149850847689585, 0.07994636672002378, 0.08146202995227773, 0.06951596869183367, 0.08096856616700641, 0.07331246372619545, 0.08074588356585004, 0.08099202477152281, 0.08333333333333334], [0.07241326957051829, 0.07428973163317099, 0.07221736398915818, 0.06982810351886654, 0.08108795184830626, 0.08002365984373727, 0.08158903358517491, 0.06962087872983609, 0.08105905651733972, 0.07337286156026901, 0.08087805899863162, 0.0806923783279433, 0.08292765187704787], [0.07233857814412083, 0.07427740564798038, 0.07212811701365578, 0.06980299167453995, 0.08121748736417184, 0.08006252366050805, 0.08161530602521083, 0.06956820365524154, 0.0808884539934466, 0.07338052839678873, 0.08089514571775602, 0.08074737671068141, 0.08307788199589798], [0.07239189659084559, 0.07436844058438134, 0.07216747684820761, 0.06979433495839535, 0.0808320294514762, 0.08022833055113195, 0.08182639044717467, 0.0695547139286756, 0.0809732478869933, 0.07343839552239423, 0.0811037781145942, 0.08036939915792492, 0.0829515659578051], [0.07221664620816604, 0.07420535049899316, 0.07199702175662724, 0.06978592151489814, 0.08161940870786438, 0.07997890996679709, 0.08146073705667542, 0.06952001190701354, 0.08092256661480009, 0.07335592773452201, 0.08074906949998403, 0.08103153341257092, 0.08315689512108801], [0.07234015186109961, 0.07412843983167722, 0.07217287670628438, 0.06981794007383814, 0.08159469885674982, 0.07972474928833438, 0.08122913796897036, 0.06963302387947737, 0.08131109197461253, 0.07324902142523686, 0.08053007482846003, 0.08125121590383452, 0.08301757740142489], [0.07246557426069196, 0.07421722060313339, 0.07230368219318342, 0.06986991503799979, 0.08124636326787896, 0.07980445812486599, 0.08134192703659993, 0.06970659140319334, 0.08124656646528965, 0.07330379589869117, 0.08064810459641121, 0.08096669328703567, 0.08287910782502547], [0.07257144953395361, 0.07437650587850564, 0.07238798693612164, 0.06987938338889849, 0.08064918999115216, 0.08005313693418795, 0.08163170168873421, 0.06970925522792665, 0.08135492054163838, 0.07341147287967428, 0.08095357677155438, 0.08034274117678217, 0.08267867905087047], [0.07264592007866098, 0.07431902373275996, 0.0724982463616443, 0.0699520578021589, 0.08081366499086963, 0.07983504862374415, 0.08138119258105828, 0.0698268473448374, 0.08151849212702403, 0.07336177281040956, 0.08071752206341899, 0.08061748408753926, 0.08251272739587447], [0.07224591683224846, 0.07411833207993655, 0.07205819654484734, 0.06979514482832858, 0.08179467013536974, 0.07976620751774334, 0.08123862347414923, 0.06957184584040688, 0.0812315713957222, 0.07326745217417875, 0.0805377638216513, 0.08131598246260532, 0.08305829289281251], [0.07247978095804199, 0.07414413959493855, 0.07234269187720191, 0.06990032670401923, 0.0814445789044063, 0.07961626683738528, 0.08112320061529005, 0.06976490217067093, 0.0814670407279854, 0.07324410413011294, 0.08044056703297485, 0.08125802981576197, 0.08277437063121057], [0.07261385456412116, 0.0742063228123687, 0.07249182706810138, 0.06996692624736214, 0.08115712326904749, 0.07961484698003089, 0.0811305251380483, 0.06986400548212769, 0.08158451528937208, 0.07327762300308907, 0.08046448584597217, 0.08104751217445176, 0.08258043212590724], [0.07215467438011007, 0.07481971206827205, 0.0717450928945278, 0.06985244998209966, 0.0805479126072292, 0.08131626382923167, 0.08264074544092774, 0.06934016313225624, 0.08015800685197753, 0.07397682514015695, 0.08199898928326073, 0.07920223511019105, 0.08224692927975935], [0.07216132382786863, 0.07472911225688054, 0.07177738568231187, 0.06974357661710785, 0.08035342215402476, 0.08119188383687355, 0.08276586473788633, 0.0692808682744755, 0.08041139239362766, 0.07383967437502892, 0.08200940919016146, 0.07924007646876162, 0.08249601018499134], [0.07227471998125547, 0.07466572583416684, 0.0719333967152196, 0.0696853365061042, 0.07995597258004242, 0.08100438498214316, 0.08270761100467268, 0.06930543334867517, 0.08085943439031767, 0.07370627094926308, 0.08194443786585384, 0.07921758421302616, 0.08273969162925973], [0.07252273268223142, 0.07480816528133352, 0.07219632578222963, 0.06979016245474427, 0.07937306992125327, 0.08097834108656395, 0.08262458460129826, 0.06946269731758335, 0.08129833546829644, 0.07377920698883018, 0.08197471313971297, 0.07881340701340762, 0.08237825826251516], [0.07279625521706873, 0.07536339137138987, 0.07236929628796139, 0.07005975548846312, 0.0784207580008441, 0.0815300984448693, 0.08303271971153714, 0.06963690940470003, 0.08109146814106927, 0.07428400182733497, 0.0824252792323046, 0.07761047261908743, 0.08137959425337002], [0.07273180165321386, 0.07569969494076685, 0.07220084469629365, 0.07025000895637035, 0.07844606387606029, 0.08228178918757902, 0.0825243884381852, 0.06966392864172125, 0.08035740932553644, 0.07470299022463471, 0.08295019438706241, 0.07720386492454387, 0.08098702074803221], [0.07252851651610967, 0.07566532496888899, 0.0719672002756609, 0.07027019058446715, 0.07897510124629148, 0.08260309009679696, 0.08228012549974516, 0.0695976858558899, 0.0799127045805801, 0.07477612082103843, 0.08296107446388382, 0.07743865379551744, 0.08102421129512992], [0.07233626943942, 0.07538997384698942, 0.07180978932181883, 0.07015577931597179, 0.07967923741947755, 0.08223562400314482, 0.08248672459871184, 0.06949759287582614, 0.0798295877859588, 0.074560368181415, 0.08260710478469765, 0.07804389083698332, 0.08136805758958497], [0.07217547495726628, 0.07496010212258519, 0.07173102617046674, 0.06989789597312505, 0.08029768195761536, 0.08157879898153227, 0.08274050329681622, 0.0693424085164934, 0.0800802395165968, 0.07411712039684085, 0.08222203054680946, 0.07884882221079885, 0.08200789535305349], [0.07216199962249277, 0.074812273847491, 0.0717542231770133, 0.0697544214474942, 0.08019313698274616, 0.0813640316783362, 0.08291562272448424, 0.0692628920300177, 0.08036465073911497, 0.0739198703119737, 0.08218082656248275, 0.07899632991731802, 0.08231972095903492], [0.07223865407261192, 0.07478599372869962, 0.07185387619685368, 0.06968968710867798, 0.07981784987532298, 0.08128469725900178, 0.08301579282055312, 0.0692523155583128, 0.08070420397052809, 0.07383193215542762, 0.08222834948109117, 0.07887280300885646, 0.08242384476406278], [0.07232244880341598, 0.0748023262562634, 0.07195185258783904, 0.06971073782259267, 0.07963329728695787, 0.08122361148200723, 0.08290470708635962, 0.06930397038798944, 0.08088948999988471, 0.07382082555223654, 0.082203571368107, 0.07881468812158045, 0.082418473244766], [0.07240847213433052, 0.07497422307296113, 0.07200773358794428, 0.06978460178853257, 0.07930085612926799, 0.08144233710162424, 0.08292185437291551, 0.06935049596053652, 0.08088855556141686, 0.07397312054846578, 0.08245433341704048, 0.07841127119740507, 0.08208214512755907], [0.0722305461254761, 0.07506406375398748, 0.07176647404821956, 0.06983058140728533, 0.07967536945996703, 0.08180892977313622, 0.0830462392041603, 0.0692775558512679, 0.08028227637321861, 0.07415359809263826, 0.08265310331511383, 0.07835459557338922, 0.0818566670221402], [0.07236795860127201, 0.07533501632769661, 0.07185931984006479, 0.06998975646978327, 0.07923489983918042, 0.08217901698285207, 0.08270540000695