[[0.07203428470651389, 0.08048418366050834, 0.07372799769305619, 0.08264965525871501, 0.07015434839640126, 0.07931211669991863, 0.08141473498730899, 0.06900219245879785, 0.08168699489102893, 0.0806293169104857, 0.0738456054120563, 0.07464910505994479, 0.0804094638652641], [0.07207631951447256, 0.08079871364295307, 0.07366395852871813, 0.08291751470204549, 0.07013736197034028, 0.0795180254034784, 0.08120346003701295, 0.06903849748651378, 0.08175339049324086, 0.08045147617989282, 0.07372432951700936, 0.07454480229227808, 0.08017215023204426], [0.07218106463846932, 0.08120178888985133, 0.07363629552983435, 0.08297225753053293, 0.07018868169829129, 0.07974976387187713, 0.08093699389087673, 0.06915827339856921, 0.0817471637418835, 0.08023156206469347, 0.07363238743126903, 0.07446534530389798, 0.0798984220099536], [0.07227154972899366, 0.08156170043127457, 0.07361861848255163, 0.0829068118265534, 0.07021349698307972, 0.07995963642437086, 0.08075626484342192, 0.06923905465423795, 0.081738811100458, 0.08008102185108233, 0.0735492375283304, 0.07440559320866533, 0.0796982029369804], [0.07239141901870633, 0.08198382704141899, 0.07361059450423965, 0.08283936893235293, 0.0702724468700305, 0.0801662028691755, 0.08058594995499652, 0.06936499600699501, 0.08163415080149539, 0.07987850646858191, 0.0734721108996327, 0.07434721395040036, 0.07945321268197415], [0.07244181740735835, 0.08226878863965278, 0.07357673619823975, 0.08288640739099412, 0.07024327926096655, 0.08034352490315465, 0.08050617245492818, 0.0693785175415335, 0.08163175658541857, 0.07976835992567272, 0.07337315711458542, 0.07428149175248357, 0.0792999908250118], [0.07243813222995697, 0.08261727348973044, 0.07346091499222947, 0.08333333333333334, 0.07005445624678286, 0.08067404677060505, 0.0804467164000271, 0.06924264932125666, 0.08173202937736417, 0.0796487122958999, 0.07313279809986194, 0.07412600738059325, 0.07909293006235897], [0.07258025891486992, 0.08300409477022552, 0.07347063101852953, 0.08288112801165975, 0.07004662617546213, 0.08101898949285812, 0.08036018489926676, 0.06930157015228523, 0.08179335926406245, 0.0795298634795136, 0.0730233528715912, 0.07408433946355493, 0.0789056014861208], [0.07264860563525362, 0.08333333333333336, 0.07344616361853262, 0.0824265386131664, 0.06991972164654149, 0.0814214213731268, 0.08037373417916996, 0.06921712770309797, 0.08201683163831519, 0.0795027895584047, 0.07286830038895577, 0.07402508792318567, 0.07880034438891667], [0.07294378511484986, 0.08279263903780565, 0.0735847592654713, 0.08178284510588446, 0.06999540529203503, 0.08199888301554915, 0.08033335853970384, 0.0693702718135917, 0.08212139210340333, 0.07945054568071035, 0.07283396757519021, 0.07409861771324538, 0.07869352974255957], [0.07317612337778237, 0.08296133195525987, 0.0736808854805134, 0.08108652756338557, 0.0699697635435065, 0.08261803855489024, 0.08025658066814041, 0.06940860541930167, 0.08201856289192982, 0.07938008912131975, 0.07273988480057775, 0.07413339425738602, 0.07857021236600668], [0.07347581224566245, 0.08309782142181309, 0.07385215045411936, 0.08058473174835849, 0.07011688940952694, 0.08290892802609294, 0.08005675610544136, 0.06963014281732209, 0.08168090521107876, 0.07922091646115745, 0.07275509779173703, 0.07421804426334407, 0.07840180404434606], [0.07374036250205704, 0.08263894501820862, 0.07407468464651545, 0.08004279587633126, 0.07020218036855264, 0.08306101536713371, 0.08007788299330247, 0.06973870500536967, 0.0814783322735964, 0.07928485636617903, 0.0728271132899545, 0.07439320038652415, 0.07843992590627506], [0.07395259917936174, 0.0822179360346706, 0.07427120868407713, 0.07965022679261541, 0.0703023831313331, 0.08306885910026941, 0.08009136821164624, 0.06984846919618322, 0.08127507534210503, 0.07934614069959574, 0.0729238297548502, 0.0745604819937033, 0.07849142187958887], [0.07411938284789885, 0.08159238102623327, 0.07448286999501666, 0.07918417664267637, 0.07035224474098475, 0.08312823118943212, 0.08020849500370947, 0.06987452679560487, 0.08109902332565772, 0.0795004376962459, 0.07304251930251036, 0.07476893062892653, 0.07864678080510307], [0.07413894704352017, 0.08106923567906875, 0.07459937592483655, 0.07885591363711021, 0.07031573220613804, 0.08303188478287621, 0.08043689350121289, 0.06978632570316148, 0.08112425396448616, 0.07969411472709122, 0.07312673638780989, 0.07491767444492783, 0.07890291199776067], [0.07421093275477623, 0.0803973296634565, 0.07480445635092393, 0.07840235800525876, 0.07035244140241831, 0.08270643919445742, 0.08069383027654145, 0.06975651800309952, 0.08103393818392601, 0.07992205811701422, 0.073303216339667, 0.07516574201536995, 0.0792507396930906], [0.07401116155851284, 0.07964759832978109, 0.07484312269079524, 0.07795563856855528, 0.07016535942319847, 0.08333333333333333, 0.08103885218189062, 0.06944593697675505, 0.08094297316196634, 0.08024366155139141, 0.07338567710749169, 0.07531365861762496, 0.07967302649870371], [0.07203677232494682, 0.08007527329369404, 0.07384372721625235, 0.08273647578475399, 0.070334317023975, 0.07895412800132458, 0.0814367201769887, 0.06912707025554932, 0.081357560597441, 0.08064052686023537, 0.07408564735014359, 0.07480704508378075, 0.08056473603091459], [0.07209817544247195, 0.08047282005418256, 0.0737706543063866, 0.08283211382680032, 0.07031303219046263, 0.07923210718843662, 0.08123242446718817, 0.06917367012165397, 0.08150372502709467, 0.08046336521950517, 0.07393405213343367, 0.07468068605033049, 0.08029317397205321], [0.07211773831016674, 0.08071447406849258, 0.07371544278113287, 0.08307614719722738, 0.07028622436313783, 0.0793723945171017, 0.08108981200891253, 0.06918438689868099, 0.08154418329169526, 0.08034075431264505, 0.07383595892431719, 0.07459732438451686, 0.0801251589419729], [0.07221621107789268, 0.08126627217130518, 0.0736510353747991, 0.08299530534733598, 0.07025006391954969, 0.07973787827652062, 0.08085808725495862, 0.06923121698383497, 0.08166954108203403, 0.08016005335164417, 0.07365510045590198, 0.07447105897259151, 0.0798381757316315], [0.07211326505199993, 0.08081587254025184, 0.07368294394964793, 0.0831026519924512, 0.0702327142022439, 0.07946511193656501, 0.08107794702746995, 0.069144357772738, 0.08161886153930782, 0.08033499049503054, 0.07377032891341162, 0.07455513532480215, 0.08008581925408007], [0.07231808342897547, 0.0816923496801348, 0.07362457059919494, 0.08302212574709995, 0.07027914107132242, 0.07996582057009842, 0.08063768550768265, 0.06932687601983942, 0.0816256263467854, 0.07996774938534454, 0.07355390200544429, 0.07439466733766355, 0.07959140230041414], [0.07242070153842636, 0.08198423446784277, 0.07363370045478751, 0.08299435021933664, 0.0703613506725923, 0.08007408721533708, 0.08048104379158422, 0.06945909107552578, 0.08149910315770681, 0.07979863670029595, 0.07352432759928534, 0.07436614327611334, 0.07940322983116609], [0.07246294716698508, 0.08234046635073163, 0.07357614778158766, 0.08292312941537835, 0.07026124644327623, 0.08035965769596717, 0.08046004202089144, 0.06940810941560425, 0.0815970203529591, 0.07972232474820777, 0.07336468904258193, 0.07427220003087384, 0.07925201953495545], [0.07253109677054134, 0.08274956531148764, 0.07352296522773324, 0.08333333333333333, 0.07024895641910095, 0.08051822090864974, 0.0802574015767115, 0.06945823175520932, 0.08147647999961913, 0.0795009368816137, 0.07323673194141832, 0.07417256957950265, 0.07899351029507908], [0.07267684900966691, 0.08309625654087134, 0.07353193245413056, 0.0828304673213928, 0.07022389320706797, 0.08089126382270852, 0.08020250890298201, 0.0695019513880136, 0.0815765842658167, 0.07940539073939709, 0.07311432660547228, 0.07412905910710384, 0.07881951663537626], [0.07271644722575012, 0.08333333333333336, 0.07350045190452706, 0.08256726566843828, 0.07010719754651835, 0.08119948499378746, 0.08022271495994465, 0.06941745992467156, 0.08175591761816826, 0.07938995314404657, 0.0729807954768864, 0.07407177781696345, 0.07873720038696469], [0.07285851812033944, 0.08305394789916004, 0.07355631708520895, 0.082223641400928, 0.07011237201689319, 0.08153050289864304, 0.08022918284876861, 0.06946473412132854, 0.08188526255117626, 0.0793773698715135, 0.0729347532428755, 0.07409306761601488, 0.07868033032715031], [0.0730143470253048, 0.08294201107960147, 0.07361786187367121, 0.08184767858675315, 0.07013116962004298, 0.08185606784663971, 0.08019264143437048, 0.06952952687801539, 0.08192389423607621, 0.07933320157509872, 0.07289171441688544, 0.07411623827654001, 0.07860364715100036], [0.0730993184345279, 0.0830841411656377, 0.07364329602110103, 0.08161171730785584, 0.07013009281353963, 0.08204052773958961, 0.0801450364775567, 0.06955701834558574, 0.08189482573935424, 0.07928544789342232, 0.07285239029055425, 0.07411758467890321, 0.07853860309237175], [0.07326656809722708, 0.08299781624096154, 0.07372699099232269, 0.08130006175766454, 0.070197528233645, 0.08226917664789335, 0.08007237045515506, 0.0696671525621186, 0.08180584139308397, 0.07922286797201646, 0.07285048728678352, 0.07416262863766325, 0.07846050972346495], [0.07335651869246282, 0.0831521339316781, 0.0737711710037192, 0.08096325067085092, 0.07014730790569954, 0.08256938748022886, 0.08005448707642913, 0.0696409110273745, 0.08176125891124333, 0.07920723690349568, 0.07278826622738718, 0.07417156200266416, 0.07841650816676643], [0.07373567124263285, 0.08333333333333333, 0.07398089256664488, 0.08031809164483755, 0.07033444614754705, 0.08304108415017432, 0.07977566411800421, 0.06992567358465067, 0.08132076572795649, 0.07898135027068845, 0.07280071362692783, 0.07426876979413588, 0.07818354379246642], [0.07396267003928507, 0.08279780767291654, 0.07417927443460104, 0.07990401967781675, 0.07041174403011011, 0.08309679901977232, 0.07982040172472893, 0.07001780003484948, 0.08120154925780243, 0.07905981320281735, 0.07287622227252462, 0.07443083180123333, 0.0782410668315421], [0.07342819650918185, 0.08295415179084989, 0.07383651319154734, 0.08053408214668009, 0.0700344779083218, 0.08306521149334252, 0.08014615170651622, 0.06952777170072656, 0.08175625027848812, 0.0793024936713803, 0.07272958670916092, 0.07421722396482781, 0.0784678889289766], [0.07417963170019579, 0.08243140011731731, 0.07435986711494955, 0.07958501131351357, 0.0705343985553774, 0.08306505187206548, 0.07979331860213423, 0.07016127199153527, 0.08102550756464655, 0.07907264410776112, 0.07296616806606485, 0.0745748816163762, 0.0782508473780627], [0.07440094497599095, 0.08181556461719026, 0.07458222618739377, 0.07909434586957896, 0.07060302386249566, 0.08333333333333334, 0.07983129100536367, 0.07022820243276873, 0.08076905922665215, 0.07914960654580507, 0.07306237156075907, 0.07476907701697136, 0.0783609533656971], [0.07445740268838053, 0.08146833734219472, 0.07469909312367731, 0.07889178252746924, 0.07061487081534763, 0.08297100895909074, 0.08000327765296363, 0.07020724553523129, 0.08078286895633632, 0.07929807032668701, 0.07314951262193485, 0.074902779814422, 0.0785537496362646], [0.07445981967776553, 0.08085876451838898, 0.07480966561572927, 0.07847198890534308, 0.07052021635215315, 0.08333333333333336, 0.08021144811750275, 0.07005353899654417, 0.08075656200232456, 0.07946830971689359, 0.07320018184485381, 0.07504444217393907, 0.07881172874522892], [0.07464255315698802, 0.08029508753142398, 0.07505871712447626, 0.0780320944579048, 0.07064496572493636, 0.08302368068371929, 0.08030801258051805, 0.07014798008639611, 0.08057492820639088, 0.07955346384447162, 0.07338209257794275, 0.07529619034811127, 0.07904023367672064], [0.07442570579172467, 0.0798852273162276, 0.07504824593895036, 0.07789738644954865, 0.07048557848358303, 0.0829145918167544, 0.0806529018716583, 0.06988090639843395, 0.08069733296354903, 0.07988099422819622, 0.0734507763057171, 0.07538996026102433, 0.0793903921746325], [0.07209224464112046, 0.08007470896933613, 0.07387255023773831, 0.08300520697873533, 0.0704757717080557, 0.07889022331324527, 0.08123574979335879, 0.06928333897276663, 0.08120227970496877, 0.08046164392378745, 0.07415463338579348, 0.0748297258006704, 0.08042192257042331], [0.07219313680126296, 0.08074483691624014, 0.07377066991284374, 0.08310963436648909, 0.07045309210536765, 0.07928384555683518, 0.0809300721231285, 0.06936414760305928, 0.08135616483926988, 0.08019639449638151, 0.07393284270592768, 0.07464122990006658, 0.08002393267312781], [0.07217255425661295, 0.0805032132325009, 0.07382161939798976, 0.08290211019738979, 0.07047791888942144, 0.07915463129086744, 0.08105798431958948, 0.06935277383729288, 0.08132566520131952, 0.0803074474364876, 0.07402607231421057, 0.07471917823562746, 0.08017883139069018], [0.07215940556862824, 0.08094374773860076, 0.07368708151429568, 0.08333333333333333, 0.07032130793146454, 0.0794510596622245, 0.08090681799513129, 0.0692557363506625, 0.08148677393750094, 0.08018089354413781, 0.07378626595746546, 0.07454131795885514, 0.07994625850769976], [0.07229510887411483, 0.08113592361484412, 0.07374935621065838, 0.08305625896923892, 0.07049893424369899, 0.0794908687747002, 0.08071651709664826, 0.06947450134186756, 0.08135791938895225, 0.08001885665497245, 0.07384607718322357, 0.0745715032267257, 0.07978817442035466], [0.07233509665443155, 0.08155417633783164, 0.07366843366019828, 0.08333333333333333, 0.07042362949920612, 0.07974432434954129, 0.08053217730435445, 0.06946037655674751, 0.08139751036365546, 0.07987038837959785, 0.0736721477312674, 0.07444572809111141, 0.07956267773872355], [0.07228429281825517, 0.08126976939881585, 0.07370744044871708, 0.08302350123394607, 0.07041226496976587, 0.07962444861952045, 0.080729132209993, 0.06940238385988999, 0.08147002461947554, 0.08003780240148912, 0.07375634828858758, 0.07451958864315113, 0.07976300248839298], [0.07247356253354292, 0.08192208509500454, 0.07368500086504948, 0.08309978744448958, 0.07050545739957324, 0.07993509856961903, 0.08035178086638996, 0.06960722112846891, 0.08132379591376458, 0.07970670329646723, 0.07362083162569949, 0.07441366596525405, 0.07935500929667694], [0.07250580829658211, 0.08213388275317157, 0.07364958149909667, 0.08333333333333334, 0.0704882247812898, 0.08003494333780353, 0.0802609273979729, 0.06962484177827426, 0.08126355248917802, 0.07959566452339903, 0.07354097334071612, 0.07435254435835545, 0.07921572211082722], [0.07255791762950638, 0.08234147054443276, 0.07364270219561982, 0.08312702978163518, 0.07047618803821407, 0.08017631417990297, 0.08023856834285352, 0.06964308288118022, 0.08130589975442436, 0.07954959561958701, 0.07348278726609851, 0.0743233122655991, 0.07913513150094625], [0.07262068042499037, 0.08262441466498349, 0.07361016081968084, 0.08333333333333333, 0.07046744296355188, 0.08031167198224082, 0.08011018858073646, 0.06968371010646053, 0.08124590649853519, 0.07940117120917167, 0.07338585997266914, 0.07425425318834328, 0.07895120625530296], [0.07271526485222934, 0.08310399900552233, 0.07358189797748406, 0.08296363577900484, 0.07039018156980378, 0.08064994987820231, 0.08007397611105713, 0.06966744987343754, 0.08133262436504946, 0.07931837807504738, 0.07323234671543896, 0.07418038155812712, 0.0787899142395959], [0.07275749184201437, 0.08333333333333333, 0.07356830501686568, 0.08276361431817036, 0.07034744876172809, 0.08081325747270877, 0.08005592132150845, 0.06965192286916144, 0.0814070251312943, 0.07928099595294172, 0.07315842450244969, 0.0741460850004167, 0.07871617447740702], [0.07280190775994805, 0.08318646620154933, 0.07358390875270708, 0.0826569238157839, 0.07033982010109019, 0.08093452738348166, 0.08007696824678338, 0.06965830656010935, 0.08148152524952014, 0.0792900744794853, 0.07313711283886809, 0.07415060978831814, 0.07870184882235547], [0.07293506954174864, 0.08311180238353671, 0.07362300798060788, 0.08233981428356621, 0.07034543779428898, 0.08121715741678191, 0.08005378090219789, 0.06971079128834806, 0.08157773608493256, 0.07924732828190673, 0.07307897247536467, 0.07415284814059345, 0.07860625342612637], [0.0730165511287722, 0.08333333333333336, 0.07362323849548325, 0.0820418423065189, 0.07028342186515207, 0.08150075509133696, 0.0800296109868849, 0.06968686602784002, 0.08165470537215677, 0.07920400684545735, 0.07297967882321534, 0.07412208901096051, 0.07852390071288859], [0.07316530717567875, 0.08303162009142173, 0.07369728311003405, 0.08178032164921775, 0.07033712557337575, 0.08172994777235343, 0.08000721786501638, 0.06977794269925643, 0.08167402249734129, 0.07917910350644347, 0.07297704955796372, 0.07416525202328245, 0.07847780647861499], [0.07344049966848655, 0.08306154967152958, 0.07382676229492803, 0.08127414864615888, 0.07045604865590713, 0.08203609769790797, 0.07985775866462207, 0.06997446360547263, 0.08152071844428019, 0.07904428830437799, 0.07296442328649345, 0.07422303027459279, 0.07832021078524273], [0.07371490658526901, 0.08273060535417344, 0.07399103345612443, 0.08085452096749172, 0.07060676271042464, 0.08236836671830175, 0.07973430493559436, 0.07019003357976406, 0.08134243458318675, 0.07894442362997403, 0.0729996239309066, 0.07431442659749256, 0.07820855695129654], [0.07380666042439556, 0.0831747850313353, 0.07402579119294228, 0.08036009238986906, 0.07045475391739953, 0.08290610084316231, 0.07971218200177553, 0.07006387901937691, 0.08125728357527216, 0.07892748901126959, 0.07286302020703278, 0.0743015177298087, 0.07814644465636021], [0.07362081810899988, 0.08304733012397779, 0.07392369218537598, 0.08067212131410335, 0.07035967375414451, 0.08271360580491154, 0.07985304091610493, 0.06992057652097103, 0.08147427146415676, 0.07904210887452819, 0.07285534841967982, 0.07425455203269732, 0.07826286048034899], [0.07351235140206458, 0.08287206480639481, 0.07387125229861591, 0.08107310999646947, 0.07042922739184883, 0.08228816770315436, 0.07988113341865234, 0.06996165431530665, 0.08154584062543366, 0.07906490869787158, 0.07293598943989966, 0.07424551766783133, 0.07831878223645677], [0.07322298067819531, 0.08333333333333333, 0.07369546525318714, 0.08150593693197453, 0.07026744991612731, 0.08197304404211284, 0.07998382969859065, 0.06973441066660357, 0.08168971245863106, 0.07914682319265842, 0.07289024896873188, 0.07414033898986759, 0.07841642586998629], [0.07360736004992534, 0.08300943487412861, 0.07391684370416719, 0.08076020119139132, 0.07038975253494133, 0.08260894791896542, 0.07984659742899321, 0.06994806366199655, 0.08147933542930125, 0.07903555204119846, 0.07287808607027622, 0.07425440216466754, 0.07826542293004754], [0.07340249653097913, 0.08333333333333334, 0.07379201691560283, 0.08078151294559938, 0.0701197710797339, 0.08270934688046505, 0.08003045901460983, 0.06962644823224663, 0.0817069583829834, 0.07918772399411819, 0.07275278570434845, 0.07417308442700987, 0.07838406255897003], [0.0739164391353892, 0.08307647309512567, 0.0741061039185973, 0.08007515655999174, 0.07044601058872837, 0.08315154389472933, 0.07970614656867595, 0.07006948588780652, 0.08117052708555408, 0.0789372035289322, 0.07285237584507834, 0.07435386584859048, 0.07813866804280062], [0.07412306177212133, 0.08273913101943375, 0.07427769798938702, 0.07979003237243959, 0.07056196296814819, 0.08299357141993309, 0.07970376131058605, 0.07020529112791152, 0.08104827722943074, 0.07896582311214369, 0.07293885182142344, 0.07449157998132916, 0.07816095787571255], [0.0743479583787215, 0.08232003072328548, 0.07447575025718353, 0.07944790209650232, 0.07067961621895524, 0.08290436203126868, 0.07970313509640743, 0.07033771800231631, 0.08088298430888627, 0.07900791953794829, 0.07303932226539538, 0.07465576402538865, 0.07819753705774107], [0.07449318771900414, 0.0820003100182083, 0.07460513279135343, 0.07917693886504804, 0.07073916355042785, 0.08306237974607988, 0.0796799823315365, 0.07040539054084093, 0.08072736437035515, 0.07902077140640798, 0.07309365122289253, 0.07476117484532896, 0.07823455259251634], [0.07460826068716378, 0.08147415024794825, 0.07477360775039212, 0.07880387804734793, 0.07074245944306952, 0.08301126355268355, 0.07985801261807739, 0.07037795863293979, 0.08062033485898576, 0.07916146036786743, 0.07318021582188797, 0.07493261359514793, 0.07845578437648859], [0.074741631761332, 0.08087114714275384, 0.07497110100942997, 0.07834882580737594, 0.07076705799634087, 0.08303873627722681, 0.07999693573792278, 0.07036830419668128, 0.08052376986909016, 0.07927024059500518, 0.07328920666833225, 0.07513247521436264, 0.07868056772414639], [0.07480670035569977, 0.08046306440803909, 0.07510898425708293, 0.0780618714917964, 0.07078885960802304, 0.08292700634883964, 0.0801136464271979, 0.07035312167405391, 0.08045829390944596, 0.07937350269741396, 0.07338958529544445, 0.07528704494547342, 0.07886831858148949], [0.07475506920677055, 0.07991608935580173, 0.07520262565647787, 0.0776905683340153, 0.07069680715462436, 0.08333333333333333, 0.08028766486289388, 0.07018639963199318, 0.08037243225084009, 0.07953248820723012, 0.07346172291996875, 0.07543200266912242, 0.07913279641692833], [0.0744757019375453, 0.07951536660223063, 0.07517880077410417, 0.07761700402686654, 0.0705312512336904, 0.08290671027924018, 0.0807146587188492, 0.06988918762721325, 0.08054601425716792, 0.07994857857691903, 0.07356718464253095, 0.07554438092748599, 0.0795651603961564], [0.07333143902189088, 0.08309818026542087, 0.0737739187757033, 0.08153421048766331, 0.07045730004389508, 0.08179991594127053, 0.07988270587380412, 0.06994570381461372, 0.08153418308894986, 0.07906997940885001, 0.07299971340445058, 0.0742047491693946, 0.07836800070409326], [0.07319226271939414, 0.08310277916728481, 0.07372840621098964, 0.08188582456356557, 0.07048081457465158, 0.08147386688728445, 0.07990563570027591, 0.06992535246327156, 0.08149689032032315, 0.07910334868398242, 0.07307002279630112, 0.07419643559841654, 0.07843836031425884], [0.07303070032967235, 0.08333333333333333, 0.07366651157153221, 0.0822150404855549, 0.07046673752347136, 0.08115524232295279, 0.07991988707741995, 0.06986245936273432, 0.08141899108967213, 0.07913254605232395, 0.07311846042190814, 0.074174095894416, 0.07850599453500852], [0.07299660931703862, 0.08311955071303176, 0.07367598346496365, 0.08243192434688097, 0.07051603597294889, 0.08099874932507879, 0.07992287297212605, 0.06989156819963004, 0.08135686277025479, 0.07915025086112064, 0.07318376744738157, 0.07419959439227258, 0.07855623021727164], [0.07287990151367844, 0.08310971792911752, 0.07364609800796151, 0.08279462519264916, 0.07052195403079742, 0.08073924025877446, 0.07993228205698553, 0.06985426216371311, 0.08125292592417288, 0.07918165975834589, 0.07324544160115949, 0.07420317279375771, 0.0786387187688869], [0.072734973243003, 0.0827710092445862, 0.0736377002686867, 0.08333333333333334, 0.07055686158329202, 0.08037629864141778, 0.07996898859650432, 0.06982048685481501, 0.0811257957852271, 0.07925983424406448, 0.07337226779583714, 0.07424644188813316, 0.07879600852109983], [0.0727253290049419, 0.08255138160790523, 0.07369052012262761, 0.08313544405946342, 0.070639095261017, 0.08022845124359039, 0.08000999550830971, 0.06987229714114945, 0.08110693308066146, 0.07932693344482669, 0.0734887211629719, 0.07432143800449789, 0.07890346035803733], [0.07342994393690601, 0.08267084483531796, 0.07386505429410771, 0.08035531326681847, 0.06996453940145018, 0.08333333333333333, 0.08024427152789083, 0.06944094642205262, 0.081777258638896, 0.07940236550844418, 0.07271778842302344, 0.0742524554881349, 0.07854588492362427], [0.07392379858313974, 0.08248144259150818, 0.07419716777958438, 0.0797613918741776, 0.07030261980741002, 0.08333333333333334, 0.07996506479649, 0.06987397406938353, 0.08125428791011853, 0.07920759627441755, 0.07286400573393081, 0.07447043075270833, 0.07836488649379808], [0.07426225226320833, 0.08199184703600335, 0.07448553008766898, 0.0793006944012159, 0.07052349120461514, 0.08313677821763829, 0.07990175097867329, 0.07012504337753035, 0.08094631771689027, 0.07921537435951301, 0.07302808475403015, 0.07470550752370275, 0.0783773280793102], [0.07263702446758419, 0.08234813267214894, 0.07367862803475085, 0.08333333333333333, 0.07060745530780742, 0.08010012133283269, 0.08007629321060832, 0.0698001724425013, 0.08112339402826148, 0.07940936909781021, 0.07353062159026759, 0.0743395468364669, 0.07901590764562673], [0.07261062487399414, 0.08212508452624326, 0.07372331291275423, 0.08313241776552112, 0.07065356077143434, 0.07997387314929974, 0.08014770878528182, 0.06981017448612288, 0.08112551721837089, 0.079505843215323, 0.07363240043275218, 0.07441054698545191, 0.0791489348774505], [0.07255491216884093, 0.08183813568709837, 0.07376010922365438, 0.0830119828869746, 0.07067805209375298, 0.07981149860516737, 0.08024009513840782, 0.06978684914378601, 0.08116084712880135, 0.07962444974694341, 0.07373761564349096, 0.07448234915024353, 0.07931310338283824], [0.07244753524031294, 0.08152186611760628, 0.07375273412189107, 0.08333333333333334, 0.07064900965207159, 0.07960740781409235, 0.08035745765750296, 0.06970493783978546, 0.08114785411145292, 0.07971023321821666, 0.07380294908342896, 0.07451387341466355, 0.07945080839564202], [0.0724178169897255, 0.08124482406524841, 0.0738098942168395, 0.08302882489366352, 0.07068949401935447, 0.07945888864903612, 0.080506099415502, 0.06970086312438087, 0.0811615717719527, 0.07983467448368647, 0.07392060087406571, 0.07460359791093105, 0.07962284958561369], [0.07239704464405691, 0.08111732154538179, 0.07383182397574724, 0.08287998892268884, 0.0706911591028312, 0.07939978425422996, 0.08059060630722001, 0.06968033663324175, 0.0811820396560727, 0.0799070898020784, 0.0739662116087904, 0.07464199436447547, 0.07971459918318544], [0.07233178905624936, 0.08090621151284576, 0.07383710746490713, 0.08294663621633651, 0.07065727805320197, 0.07928731989317556, 0.08070587731275483, 0.06960911410109939, 0.0811889140049887, 0.08000263432160924, 0.0740094805239699, 0.07467518649861091, 0.07984245104025066], [0.07228457942863062, 0.08068471415600953, 0.0738604587250502, 0.08291867059485712, 0.07064805531926889, 0.07916743952916054, 0.08082024699962552, 0.06956314504160045, 0.08117666406969597, 0.08009964909472263, 0.07407314925569676, 0.07472591619015215, 0.07997731159552968], [0.07223513123149128, 0.08035027052115665, 0.07390882790145555, 0.08302152172606264, 0.07068624980728824, 0.07894506724391896, 0.08091215501005991, 0.0695511601855561, 0.08106104413549124, 0.08017703015610268, 0.0741956068769292, 0.07482202143347753, 0.08013391377101012], [0.0721451435250163, 0.0800138899440192, 0.07392374054203561, 0.08333333333333333, 0.07065696096612498, 0.0787315957504848, 0.08101807182235933, 0.06946708418583045, 0.08095723161314505, 0.08026928898247086, 0.07427403981462907, 0.0748871815171131, 0.08032243800343787], [0.07217162594769334, 0.08030094250302822, 0.07387299791752137, 0.0830462739736855, 0.07057251393262903, 0.07897069959805784, 0.08103626812802592, 0.06942162167669046, 0.08115966451321308, 0.08028528205301216, 0.07414242600925734, 0.07479630948921123, 0.08022337425797445], [0.07380756089467398, 0.08303416626948024, 0.0740467189831161, 0.08009776674141396, 0.07031197679892277, 0.08333333333333333, 0.0798136686901392, 0.06990459219758463, 0.0812850755742389, 0.07903015896783934, 0.07279912534226252, 0.07432103821373132, 0.0782148179932637], [0.07363554844431744, 0.08298797577610209, 0.07395839729691162, 0.08031854810893653, 0.07019412185304977, 0.08306858568251332, 0.07998657709358901, 0.06973807372186276, 0.08152168436694447, 0.07917448920839548, 0.0727811277740172, 0.07428491025626213, 0.078349960417098], [0.07397421287400434, 0.08183785696765265, 0.07435978079114629, 0.0794600806509497, 0.07028151729058318, 0.08295977442968745, 0.08024536418470261, 0.0697905955642126, 0.08124810872377164, 0.07952429136312684, 0.0729915917891142, 0.07467288577893397, 0.07865393959211463], [0.07373358263181795, 0.0823606157892594, 0.07411594456575303, 0.07993072146090215, 0.0701585200218108, 0.08301591551311484, 0.08020989392250777, 0.0696673026108863, 0.08151793962400677, 0.07942172119762728, 0.07285414022212722, 0.07445344035633773, 0.07856026208384868], [0.0731026808485345, 0.08275383068929959, 0.07365466161364968, 0.08135969526665945, 0.07000117310777393, 0.08237767490670359, 0.08029237304999787, 0.06941792920001404, 0.08208509501983319, 0.07941168580338744, 0.0727900253755125, 0.07413097596453834, 0.0786221991540957], [0.07328790697693979, 0.08290496535414613, 0.07375898191178003, 0.0806726344914224, 0.06992611045850258, 0.08302460210495123, 0.08026909165886179, 0.06938224022965861, 0.08192861925428524, 0.07940372480347305, 0.07270074189575731, 0.07417871577561962, 0.07856166508460212], [0.07401629664051373, 0.08140274011052, 0.07444899368260936, 0.0791244507295987, 0.0702371218206104, 0.08333333333333331, 0.08034690690891763, 0.0697201539161824, 0.08119785263079562, 0.07962248998960235, 0.07302129529372998, 0.07476957973088938, 0.0787587852126969], [0.0740890168342306, 0.08075456036750371, 0.0746465913951362, 0.07871573113936763, 0.07027288558189775, 0.08280866606397067, 0.08063988810986208, 0.06969229515596995, 0.08119083912918852, 0.079879024539569, 0.0731931711068155, 0.07500891550825518, 0.07910841506823335], [0.07481151818070847, 0.07935842258357248, 0.07542049395130622, 0.07733506124446404, 0.07078699652618102, 0.08280845806855658, 0.08046107417345807, 0.07020053834914516, 0.08023550414785484, 0.07971716760465196, 0.07369000170842238, 0.07570692747690025, 0.0794678359847784], [0.07491592435723056, 0.07966950479178411, 0.07536983176846408, 0.07746437120894731, 0.07083306642831823, 0.08310833571430291, 0.08024584919951573, 0.07032381672923188, 0.08020830511477405, 0.0795004280459581, 0.0735826249238365, 0.0755824547265789, 0.0791954869910578], [0.07206983758206473, 0.08095698365883444, 0.07353463819713817, 0.08109794924485976, 0.06938586357459206, 0.08048405248524514, 0.08209885224677534, 0.06833801214064461, 0.08314321955789278, 0.08109800916518557, 0.0731289966083317, 0.07437073821197757, 0.08029284732645799], [0.07206860439017516, 0.08128192892221409, 0.07348705138962232, 0.08148948717041972, 0.06948629478686877, 0.0804998664133528, 0.08177405304106711, 0.0684623526516757, 0.0830433311682171, 0.08083799982741859, 0.0731395357638912, 0.07430802632304835, 0.08012146815202909], [0.07213783442132414, 0.08159454897663013, 0.0734531977175519, 0.08171621883910812, 0.06949548152924055, 0.08074478084581099, 0.08158741746396571, 0.06852268202624269, 0.08292905469306089, 0.08063633253874777, 0.07304964678116936, 0.07423475725866029, 0.07989804690848736], [0.0721903104262587, 0.08189067380912626, 0.07342227043834959, 0.08198049336307818, 0.06953372945499031, 0.08089500365232069, 0.08137152764280325, 0.06860310473557123, 0.08281668959498543, 0.0804301576604294, 0.07299417672785428, 0.07417224733471148, 0.07969961515952137], [0.07230279624043737, 0.08208460563305989, 0.07341291083355317, 0.08188510674763934, 0.06948764050782719, 0.0812792497137617, 0.08126982711254281, 0.06861629826163597, 0.0828798112822477, 0.08029670921260916, 0.07286345646836564, 0.07411476821367287, 0.0795068197726471], [0.072405457211849, 0.08199089542961469, 0.07343708683367826, 0.0815799885176078, 0.0694383937761755, 0.08158920655763405, 0.08125445351382476, 0.06860414566252626, 0.08313123250090507, 0.08026168911795625, 0.07277702197174521, 0.07410619240823471, 0.07942423649824838], [0.07255171761435047, 0.08145245096752109, 0.07359478637086639, 0.08099678226326022, 0.06944961726752687, 0.08166925317720347, 0.08149720618765909, 0.06860925767090892, 0.08299644783019353, 0.08049087476159221, 0.07283864465243459, 0.07426021225104033, 0.07959274898544298], [0.07244398845293148, 0.08072068941307138, 0.07369710739822084, 0.08040981810184936, 0.06934938013000251, 0.08109125015302364, 0.08205517172072828, 0.06840562123253832, 0.08333333333333334, 0.08101905645152391, 0.0729721398632098, 0.07443741869334794, 0.08006502505621925], [0.07218545773338936, 0.08050225521120356, 0.07363721786269761, 0.08037896056518823, 0.06926419679759913, 0.08077423778613983, 0.08243210902669589, 0.06822247114866899, 0.08333333333333331, 0.08134019761111569, 0.07306576639440691, 0.07445937291808127, 0.08040442361147998], [0.07210909073852576, 0.08057905274280971, 0.07361812367727828, 0.08066438342087773, 0.06932492492159664, 0.08052369315118957, 0.08242888367385633, 0.06825580439403053, 0.08303902246049646, 0.08136129125047455, 0.07314814407433198, 0.07446620213013296, 0.08048138336439917], [0.07214541558815692, 0.0810268843626125, 0.07352697917302874, 0.08096797769323212, 0.0693231261540785, 0.08074573702478001, 0.08207374580081582, 0.06831512320683246, 0.08333333333333334, 0.0810268843626125, 0.07301847262849134, 0.07432909880375463, 0.08016722186827119], [0.07207605122884837, 0.08117019112945699, 0.0734815485506238, 0.08123228034638239, 0.06936999728526903, 0.08062304093658086, 0.08193648294382715, 0.06835054347889907, 0.08333333333333331, 0.08093765488596984, 0.07305538665899579, 0.07429630180091913, 0.08013718742089407], [0.07220669223479208, 0.0815615341911385, 0.0734393850375838, 0.08142140401756918, 0.06935463089725509, 0.08109011127970171, 0.08165355059150013, 0.06841969388843605, 0.08333333333333334, 0.08063715170806167, 0.07289135882872766, 0.07418711705804741, 0.07980403693385346], [0.0723896589290507, 0.08126607193753305, 0.07358847910916039, 0.08098979868801182, 0.06940701711952164, 0.08124881724653167, 0.08180717648834693, 0.06849015500898602, 0.08290991817911156, 0.08077073071746967, 0.07293745591135399, 0.07431573775680318, 0.07987898290811948], [0.07228716709321599, 0.08131763389404155, 0.0735326820878568, 0.08112408573610234, 0.06937584966635627, 0.08110785278962306, 0.08182477266081112, 0.06843538941100942, 0.08306660538542787, 0.08078751468215467, 0.07294117307580582, 0.07428113605201801, 0.07991813746557705], [0.07234150582159822, 0.08094169407872123, 0.07363255324800175, 0.08072124451736624, 0.06936876309977612, 0.08100907776040744, 0.08206177969610241, 0.06840659737025485, 0.08302762139857865, 0.08100502916617809, 0.0730001400823583, 0.0743931864953327, 0.08009080726532392], [0.07217385856767783, 0.08158845094220009, 0.07344172725549274, 0.08155011736930208, 0.06940602360976633, 0.08095086657372305, 0.08163982412343648, 0.06845488085143032, 0.08314976199532605, 0.08064459168482811, 0.0729525565599399, 0.07420404468154285, 0.07984329578533426], [0.07235189204870034, 0.08182939701263511, 0.07345657356586333, 0.08152326636102504, 0.06942539817755268, 0.08141591263640577, 0.0814181380496669, 0.06855492993134132, 0.08304477514046338, 0.08041490182696849, 0.07283470342052445, 0.0741536226652537, 0.07957648916359938], [0.07244882893060821, 0.08153409718930739, 0.07354103197013623, 0.08115046700784971, 0.06941598819326313, 0.08152458788584196, 0.08154150317769125, 0.06855111349513451, 0.08305389583119932, 0.08052471835457846, 0.07284293872314943, 0.0742285229077219, 0.07964230633351854], [0.07254478559792027, 0.08090200647747817, 0.07370691790521372, 0.08052188309334783, 0.0694121891595632, 0.08133483611307647, 0.08185657650092651, 0.06851349927574625, 0.08311636591187609, 0.08084070670956901, 0.07294088650861397, 0.07441178705800307, 0.07989755968866544], [0.07265178377711952, 0.08125160770144144, 0.07369758701418033, 0.08069450003438876, 0.06948457358291506, 0.08165402462830681, 0.08158830868873401, 0.06864348747259273, 0.08282211233855188, 0.08059381013241271, 0.07289017876934666, 0.0743584247827348, 0.07966960107727528], [0.07225325102709684, 0.08188543871619741, 0.07341836083264584, 0.08173547970536346, 0.06943762582946893, 0.08118630311290692, 0.08141725430637835, 0.06853786042136772, 0.08304771243442167, 0.08043022179313726, 0.07288023043845974, 0.07414127668991864, 0.0796289846926373], [0.07244869280617065, 0.08181743800424518, 0.07346375577678362, 0.08135218065293202, 0.06940402533640226, 0.08169527137785455, 0.08130021415719511, 0.06857669328411467, 0.08333333333333336, 0.0802990523161947, 0.07275053698193132, 0.07412437878574726, 0.07943442718709556], [0.07261778174551133, 0.08159041760713255, 0.07358277454359922, 0.08105173876644903, 0.06947994372416653, 0.08187279705040569, 0.08131565379509881, 0.06867823659608767, 0.08304129890383688, 0.08032555988912268, 0.07279066815952036, 0.07421835255540754, 0.07943477666366162], [0.07189023316053288, 0.07970899909563085, 0.07375925389611497, 0.08068451285707426, 0.06944399318634331, 0.08001640840986458, 0.08262414660829548, 0.06820214032448114, 0.0821984828845951, 0.08193948641329056, 0.07355958710446207, 0.07474644011452636, 0.0812263159447885], [0.07192143381561024, 0.07976871059383554, 0.07371918384234882, 0.08045087414256379, 0.06930857680099352, 0.08027637212373365, 0.08287815240968037, 0.06810034278428052, 0.08245731823337063, 0.08194823184304223, 0.07340098091021131, 0.07467689312384453, 0.08109292937648478], [0.0720811656774712, 0.07976820210364231, 0.07375204591105029, 0.07999270688911249, 0.06921680897191626, 0.08073968148121949, 0.08300527891290807, 0.06807084044765255, 0.0827109554833369, 0.08187720623008572, 0.07324025808733231, 0.07465320117337829, 0.08089164863089411], [0.07240364252328119, 0.07937734537235153, 0.07401749047822997, 0.07935464846935301, 0.06936270324550613, 0.08120515981965397, 0.08268901940056014, 0.06825201043845734, 0.08233452861505229, 0.0819125065300775, 0.07334175595526601, 0.07487867517146891, 0.08087051398074202], [0.07255257731711044, 0.078230406273624, 0.07447753481125215, 0.07844003703685432, 0.06959411943570995, 0.08097804157929271, 0.08301751024681947, 0.06835274515921602, 0.08128074535415279, 0.08237933648117834, 0.07382615335248306, 0.07543192868787782, 0.08143886426442894], [0.07228902816173839, 0.07766721668273191, 0.0745522588596834, 0.07861306319689561, 0.06972429744828407, 0.08018901845718009, 0.08277236126332317, 0.06832463790010289, 0.08085425606296662, 0.08292851470045258, 0.07421464745563945, 0.07564841161583885, 0.08222228819516297], [0.07197440029404957, 0.07785826903035427, 0.07434116011085239, 0.0792946366697153, 0.06969931792956917, 0.0797070965494803, 0.08274396752262399, 0.06823735094538838, 0.08088541399493708, 0.0829386986322051, 0.07426176169482829, 0.0754987301771044, 0.08255919644889163], [0.07179845683109572, 0.0784607591736652, 0.07405432132724096, 0.08001589989714249, 0.06958198131921846, 0.07962176191355873, 0.08309718618437774, 0.06816036778243242, 0.08125148658280701, 0.08256402828851911, 0.07403999673560636, 0.07518324096771352, 0.08217051299662237], [0.07183818881631543, 0.07933687026642376, 0.0738222872813862, 0.0804398009007252, 0.06944677498466555, 0.07992316289586981, 0.08291197835879076, 0.06815025841457002, 0.08194389617852785, 0.08216837095500379, 0.07367211276241085, 0.07485221742663224, 0.08149408075867855], [0.0719051545539709, 0.0795232059647576, 0.07377709805839316, 0.08030466281571386, 0.06932843861070129, 0.08022866079868475, 0.08292167564846394, 0.06808569491230075, 0.08227328922306267, 0.08212803232728273, 0.0734886567231549, 0.07476160880574508, 0.08127382155776831], [0.07198242525777221, 0.07940792445508413, 0.0737934414587798, 0.07987838739344408, 0.06920372601074083, 0.08057247938416943, 0.08333333333333333, 0.0679910582071763, 0.08237827758609126, 0.0821729876023914, 0.07335589314506417, 0.07474800963026758, 0.08118205653568536], [0.07210559439277762, 0.07936098165934062, 0.07386873476382888, 0.07967906862194754, 0.06924185422272285, 0.08077005900824837, 0.08312119262595895, 0.06805478720427942, 0.08237376389450177, 0.08214835973077607, 0.07335594786482695, 0.07479914695328543, 0.08112050905750558], [0.07219138825201804, 0.07896023405222176, 0.07404314670459176, 0.07936035370548816, 0.06934819216920188, 0.08077360016821457, 0.08287648534493419, 0.06812456108529316, 0.08202331326405922, 0.08241300214261424, 0.07353299590666734, 0.07499930624827576, 0.08135342095641987], [0.07191495960034858, 0.0788723813349677, 0.07396428203589867, 0.07980392826808415, 0.06939981946734049, 0.08013889085407387, 0.08295059688482286, 0.06807721615922142, 0.08178727055776674, 0.08262113566076477, 0.07372219313353559, 0.07501003616359787, 0.08173728987957726], [0.07192926653537077, 0.07831867423343407, 0.07412953898794346, 0.07943688941589426, 0.06946672400532437, 0.0800154397501332,