[[0.07018090749082122, 0.07496069217780729, 0.07364738575216147, 0.06922057882364895, 0.07248524728359172, 0.07924513428818734, 0.07990884765781422, 0.08121550042395367, 0.08239497326680119, 0.0807770160865513, 0.08024944953047836, 0.07436384545855404, 0.08135042175962925], [0.07017659172306372, 0.07482540789451268, 0.07352917195284066, 0.06920988489507378, 0.07250213133181777, 0.07945096856630461, 0.07969553289698778, 0.08107842890648505, 0.08269765285119864, 0.08060110655977526, 0.08057509518014144, 0.07422324352099179, 0.08143478372080687], [0.07021155145278486, 0.0746885328428913, 0.07341807717658773, 0.0692418569703326, 0.07255058044971849, 0.0796817293519248, 0.07944289144062189, 0.0808831893838948, 0.08298894772435675, 0.08037581522804177, 0.08096176070271387, 0.07408354646675044, 0.08147152080938072], [0.07026588908632414, 0.07460180362235615, 0.07334834623415849, 0.06928783720964764, 0.07262659015641916, 0.07990111364398345, 0.07926868868343023, 0.08075589528217954, 0.0829259506683757, 0.08022695933377944, 0.08128865069000932, 0.07398826875890031, 0.08151400663043668], [0.07039867325167172, 0.07454199057499605, 0.07331854779453399, 0.06941982295480922, 0.07276328930450163, 0.08013763372880782, 0.0790685568373185, 0.08057718622667043, 0.08265473012030342, 0.0800373642801906, 0.08166787837390328, 0.07392554381448789, 0.08148878273780537], [0.0703802169763039, 0.0744385277309413, 0.07321662541409994, 0.06938216656664331, 0.07278855145117198, 0.08031963593982959, 0.07892872271570142, 0.08047799870509295, 0.08290579993201741, 0.07992304750700466, 0.08193278253721092, 0.0738053386185504, 0.08150058590543231], [0.07026821922341234, 0.07425472804040315, 0.07301174966069494, 0.06921778707483821, 0.0727927649016673, 0.08065877084363739, 0.0787559059022306, 0.08039419557056723, 0.08333333333333333, 0.0798091599005256, 0.08233384561670587, 0.07357698257025475, 0.0815925573617293], [0.07033758556382531, 0.07418549313162989, 0.07294238483895099, 0.06925085381698437, 0.0729397749760121, 0.08102313912941138, 0.07861294023165222, 0.08029217279517555, 0.08290093513179578, 0.0796964598920669, 0.08273528387848625, 0.07347494203212993, 0.08160803458187932], [0.07035263112209066, 0.07414351540803683, 0.0728768067774687, 0.06921216119342576, 0.07306943984446172, 0.0814299909015305, 0.07856541737155631, 0.08030100569582586, 0.08247134818303907, 0.07969207718339379, 0.0827829281361921, 0.07338543355538485, 0.0817172446275938], [0.07052577873731708, 0.07417291436518224, 0.07289431305941026, 0.06932587296750989, 0.07336610038046389, 0.08201159087213936, 0.07849457604339186, 0.08024689681573081, 0.08186063906977546, 0.07964536008632606, 0.08239872027604087, 0.07336076117878394, 0.08169647614792826], [0.07073034408366942, 0.07425509237318505, 0.07299050293953513, 0.06946671737511893, 0.07370212108918586, 0.08262625337801223, 0.07846281384668756, 0.08019706664035105, 0.08122334506948707, 0.07962081888146742, 0.08176157569312807, 0.07338496468627699, 0.08157838394389529], [0.07100099088463462, 0.0743402645140959, 0.07311891136778137, 0.06970665642062472, 0.07403269001528391, 0.08308723500323013, 0.07835987136714805, 0.08002616857501041, 0.08076325647413081, 0.07948802250460148, 0.08133787771824774, 0.0734421659392422, 0.08129588921596861], [0.07119071390648891, 0.07451237579062125, 0.07328854907800016, 0.0698438646412283, 0.07432957333993741, 0.08297513623881977, 0.07845490605676686, 0.0800660533178892, 0.0802737052503267, 0.07956895320274025, 0.08075466085462724, 0.07356437421616349, 0.08117713410639071], [0.07137265387312851, 0.07468815276376868, 0.07346362652738486, 0.06999434570673076, 0.07457348878832408, 0.08256407110224753, 0.07855664499466256, 0.08010304192835836, 0.07992763656092254, 0.07964645408246775, 0.08033991777479166, 0.0737078684308903, 0.08106209746632262], [0.07150750679709515, 0.07491420857659041, 0.07366385561286393, 0.07008984388607864, 0.07478539397366794, 0.0820510084162937, 0.07875546764230303, 0.08021735004589685, 0.07952626297720373, 0.07981644919373157, 0.07982962637856798, 0.07389096806296187, 0.08095205843674531], [0.071418044972484, 0.0750144780438302, 0.07371058805383018, 0.06996130627355432, 0.07477441917171809, 0.08238628404146228, 0.07893613491652463, 0.08034475927303894, 0.07921687200196231, 0.07998749941884942, 0.07942015909130191, 0.07394956667715454, 0.08087988806428924], [0.07136179456420232, 0.07519098547974576, 0.07382404487034268, 0.06986422630363051, 0.07479346624016363, 0.08271971293094217, 0.07917532521885251, 0.08046230837209206, 0.07878302679491554, 0.08018540683027771, 0.07886927980978073, 0.07407753627478333, 0.0806928863102711], [0.07125007288071135, 0.07541747402406268, 0.07396332717069301, 0.06973595624788487, 0.0746973143937492, 0.08251917403407523, 0.07955688996184392, 0.08069717599962031, 0.0784342476886659, 0.08051863905711953, 0.07837612997904496, 0.07427100794192211, 0.08056259062060701], [0.07034272258466194, 0.07518072121152684, 0.07389204118578528, 0.06943294834821674, 0.0725293318716913, 0.07891888815533668, 0.08005799900923044, 0.08114768990178443, 0.08213895045713297, 0.08079884622450755, 0.07988427250824545, 0.07462935065020396, 0.0810462378916764], [0.0703033671652949, 0.0749929684672555, 0.07371948425230301, 0.06938058663544186, 0.0725284627972634, 0.07917885634271807, 0.07980351023431817, 0.08102838113447079, 0.0825488716229702, 0.08061485529185619, 0.08028025623589623, 0.07443018927940397, 0.08119021054080765], [0.07029598051297019, 0.07489302774946403, 0.07363074775863696, 0.06936767173817894, 0.07253821162049903, 0.07932223228345506, 0.07965325401178287, 0.08093707864139597, 0.08278784583799587, 0.08049494318906406, 0.08050862086083578, 0.07432529921539492, 0.08124508658032636], [0.07025558819920316, 0.07468534190354942, 0.07343036745126175, 0.06929785220941594, 0.07256974579054289, 0.07967451793461926, 0.07938525670395963, 0.08080383608594736, 0.08309270311063326, 0.08030293901378864, 0.08100406935406301, 0.0740908895199177, 0.08140689272309816], [0.07025536171654956, 0.07483866003359321, 0.07356918936420621, 0.06931294880341245, 0.07252978927498964, 0.0794102196431282, 0.0796173317651585, 0.0809494186085949, 0.08284376391700204, 0.08048799626459502, 0.08060710461878036, 0.0742583300959071, 0.08131988589408295], [0.07035298415947397, 0.07460065843207593, 0.0733708685759417, 0.06938973204186372, 0.07268257352669238, 0.07992612995223841, 0.0791796316257659, 0.08064308484783633, 0.08291342251347644, 0.08012105234045022, 0.08139008281730019, 0.07399935686409201, 0.08143042230279296], [0.07049029353099419, 0.07457853864952864, 0.07337967240987178, 0.06953596466388383, 0.07280157600967921, 0.08006291920039306, 0.07902721162566366, 0.0804868306960076, 0.0826873535820308, 0.07996390309584644, 0.0816408795219738, 0.07398295225364705, 0.08136190476048012], [0.07040549464212825, 0.07442753130243232, 0.0732128739344691, 0.06940965223296522, 0.07280927882913772, 0.08034288522761521, 0.07888720824201129, 0.08043215677338295, 0.08294087863920033, 0.07987857045136922, 0.08198993941547307, 0.07379602499763638, 0.08146750531217885], [0.07049864471372161, 0.07434626547846204, 0.073154831794324, 0.06949513698643135, 0.07291954901245622, 0.08054540861379197, 0.0786823275564161, 0.08023546765116871, 0.08303096333392837, 0.0796793863016048, 0.08234319312453652, 0.07370686405978516, 0.08136196137337304], [0.07049421844520055, 0.07422775806108681, 0.07302454398269888, 0.06944211074134046, 0.07302010346130854, 0.08092497570317864, 0.07852891770221239, 0.08014633134273415, 0.08285170377112663, 0.07957127102057114, 0.08281555767577915, 0.07354588375499732, 0.08140662433776508], [0.07045563849953695, 0.07416068632419637, 0.07293352103369395, 0.06935684194708713, 0.07308210980001957, 0.0812369080492301, 0.07848125599892763, 0.08015461028204975, 0.08260113864000967, 0.07956431633827594, 0.083031454345491, 0.0734385503679656, 0.08150296837351638], [0.07050972037540397, 0.07414984665726321, 0.07290920681022423, 0.06937119495819219, 0.07321991785917856, 0.08157211455059336, 0.07844245301308811, 0.08014634737402582, 0.08227247284315783, 0.07955145007846835, 0.08291411858616098, 0.07339233759410987, 0.08154881930013347], [0.0706304042535111, 0.07417699589364597, 0.07293140475071258, 0.06945774499324288, 0.07341091058525427, 0.0819185581833962, 0.0784025537593531, 0.0801128862505623, 0.08191834806654155, 0.07952347945163107, 0.082598718930062, 0.07338840032501627, 0.08152959455707068], [0.07072143177936803, 0.07420215495539716, 0.07296399831346036, 0.06953010110849768, 0.07353982382704023, 0.08212610638097433, 0.07837334148559265, 0.08007753629283644, 0.0817010909637516, 0.0794955843669787, 0.08238788860231419, 0.07339648385329187, 0.08148445807049677], [0.07086116844749592, 0.0742438566648651, 0.07302636226466448, 0.06964700226331655, 0.0737252101160461, 0.0823958859378911, 0.07832760411847205, 0.08001282111012341, 0.08141000326142521, 0.0794451259076445, 0.08209951023031786, 0.07341730771148271, 0.08138814196625492], [0.07093554233115751, 0.07428515195144696, 0.07306899486925854, 0.06968472761931088, 0.07387603552914296, 0.08272002356513729, 0.07833313589269936, 0.08001241546525982, 0.08110658078054042, 0.07945676147208547, 0.08174503115028425, 0.07342597631611261, 0.081349623057564], [0.07134156089718749, 0.0744298918146496, 0.07327752522261753, 0.07005933457141993, 0.07433977389514991, 0.0830227225135623, 0.07821100448722575, 0.07979245803177164, 0.08053023884897081, 0.07928754829212667, 0.0811764268529112, 0.07354177058147915, 0.08098974399092809], [0.07146779988871477, 0.07456380829200329, 0.0734028640517297, 0.07013724932215856, 0.07456646095523857, 0.08293762849199793, 0.07829969215416954, 0.07984228831646109, 0.0801515656993183, 0.07936829851865138, 0.08070806384720032, 0.07363107193036758, 0.08092320853198914], [0.07093742493140832, 0.07435030897786596, 0.07310696313613012, 0.06962775497205252, 0.07400285213547415, 0.0830831277837426, 0.07842913818606424, 0.08011264921720224, 0.08072113217275989, 0.07957184022644713, 0.08124438211852232, 0.0734381444449054, 0.08137428169742512], [0.07164917711238082, 0.0747035516175781, 0.07355185632059796, 0.07029380484671191, 0.07479666898449457, 0.08263152809253721, 0.07834932080990449, 0.07983450707620204, 0.0798671352663613, 0.0793933322663073, 0.08037584806099685, 0.07374647072671194, 0.0808067988192155], [0.07184513036515368, 0.07492925021273755, 0.07376768883149962, 0.07044717651277792, 0.07507796411623094, 0.08213248173344684, 0.07849429026825093, 0.07988927532460652, 0.07945193213216716, 0.07950253120963914, 0.07986464695816388, 0.073928794230051, 0.08066883810527481], [0.0718052151074544, 0.07501422009292054, 0.07381735797314083, 0.07037776232035015, 0.07509931099751906, 0.08215732708848249, 0.0786258291320491, 0.07998856129170351, 0.07925537022289764, 0.07962839908823059, 0.07959592813419004, 0.07398316556545734, 0.08065155298560424], [0.07171732428461132, 0.07513760301949503, 0.07388145141725504, 0.07024128172481356, 0.07510973456891618, 0.08261465255797878, 0.07881446319483054, 0.0800984460408376, 0.07888215078157988, 0.07979440990619324, 0.07911420038423875, 0.07405513719481341, 0.08053914492443658], [0.07175563221610642, 0.07530102796242102, 0.07401145320422131, 0.07023922091196687, 0.0752243815878017, 0.08304830548005668, 0.07895618061994902, 0.08008253603013903, 0.0784536698192198, 0.07985405392972064, 0.07860848862129292, 0.07417345437384888, 0.08029159524325574], [0.07153236353786753, 0.07539712691543035, 0.074022872803542, 0.0700046562594954, 0.07501501713946229, 0.08294831659700004, 0.0792661326861109, 0.08034450981459335, 0.0783351890242263, 0.0801590401659514, 0.07837798355682783, 0.07424670183692404, 0.08035008966256861], [0.07047225945691496, 0.07520979681461312, 0.07396222636184191, 0.06959907416530156, 0.07258222907188674, 0.07887382221976487, 0.07993826767392548, 0.08096261041362221, 0.08224038669422466, 0.08062964605168975, 0.07992514487509007, 0.0746916138536106, 0.0809129223475141], [0.07043101284668785, 0.07493788907166207, 0.07371440010892924, 0.069539151601732, 0.07259533786868773, 0.07924741114903588, 0.07956322911674542, 0.08077086450059909, 0.08285831699719627, 0.08035304034851302, 0.0805071984717949, 0.07440226463007818, 0.0810798832883382], [0.07043672279007757, 0.07503230890552813, 0.07379852473326126, 0.06955052256222238, 0.07258416433130249, 0.07911464318315341, 0.07970272148598029, 0.08085344446082054, 0.08263290873166172, 0.08046220789433964, 0.08029512558071795, 0.0745020968656219, 0.08103460847531269], [0.07034181357214836, 0.07482685762551956, 0.07358822254362271, 0.06942202989079083, 0.07256981468924135, 0.07941198468151138, 0.07949443856712017, 0.08079285434788643, 0.08303085795367215, 0.08033945619248345, 0.08070009926496291, 0.0742664680828923, 0.08121510258814842], [0.0704526502316906, 0.07480498092158779, 0.07360221680834583, 0.06955518700843709, 0.07263515565980766, 0.07944865814045604, 0.07933912570655594, 0.08061453269752762, 0.08316894464930719, 0.08016464325096855, 0.08084024813431116, 0.07426337225381419, 0.0811102845371904], [0.07048608187386916, 0.07468853484385282, 0.07349575182286097, 0.06956837296171953, 0.07271613452799491, 0.0797285199996062, 0.07915795732484418, 0.08051888227572913, 0.0830440734540375, 0.08003341614373606, 0.08122993521032092, 0.07412697491121721, 0.0812053646502115], [0.07036081050869201, 0.07471993618217926, 0.07349917875459996, 0.0694376581513195, 0.07260081642093562, 0.07956830360965067, 0.07930765544391355, 0.08065032175678376, 0.08333333333333334, 0.0801753429452005, 0.08096958918519807, 0.07415604829365864, 0.08122100541453517], [0.07062129854370008, 0.07464246678105266, 0.07347692074338066, 0.06970207335089415, 0.07285581005664597, 0.07994210546444815, 0.07898623519942408, 0.08037535702898878, 0.08269580759510739, 0.07987688040379465, 0.08155638758837687, 0.07407658405390859, 0.08119207319027805], [0.07068753190492781, 0.07460709589277217, 0.0734547844709617, 0.06976417669366766, 0.07293133519326046, 0.08006911882155526, 0.07888407650927999, 0.0802900185374632, 0.08256632936269574, 0.07978464384426026, 0.0817484158075137, 0.07403608236057228, 0.08117639060106972], [0.07066002690749121, 0.07453202938069321, 0.07337550201775936, 0.06971822841752938, 0.072944819705714, 0.0802048338878755, 0.07880214681558147, 0.08024603736992902, 0.08270399442383229, 0.07972708979710016, 0.08193456975519177, 0.07394487388640185, 0.08120584763490078], [0.07072283449175958, 0.07446660980102458, 0.07332393767616943, 0.06977078880769898, 0.07302979706442433, 0.08036862528770194, 0.07865526088409078, 0.08011745230443448, 0.08274423701532552, 0.07959224963689214, 0.08218530721782229, 0.07386924481528985, 0.08115365499736597], [0.07067217374924901, 0.07432686897633911, 0.07316720490951227, 0.06967012753695973, 0.07308777902761314, 0.08071141304377549, 0.07851036275132334, 0.08004799546924396, 0.08277503702741312, 0.07949883069344452, 0.08262696871485065, 0.07368633670196044, 0.0812189013983152], [0.07065936789865325, 0.07427334547473176, 0.07310527872991927, 0.06963307871770606, 0.07312717811138321, 0.08088166134636615, 0.07845142977651257, 0.08001953314663224, 0.08269074980345488, 0.07946160572078194, 0.08284040470573557, 0.07361191288439772, 0.08124445368372528], [0.07062727730785896, 0.07423606200995583, 0.07305715864040349, 0.06958191673380633, 0.07313649336090504, 0.08099535678212054, 0.07842951443267218, 0.08002235279210922, 0.0826406452626111, 0.07945718116291499, 0.08297477928088395, 0.07355851959315649, 0.08128274264060202], [0.07062855767032267, 0.07416875578439731, 0.07297690582605719, 0.06954344391389851, 0.07322266655668817, 0.08128536373508038, 0.07834166396550554, 0.07997141019061779, 0.08237644317980725, 0.07939797044131389, 0.08333333333333333, 0.07345702855790558, 0.0812964568450724], [0.07072388389679758, 0.07418612641789858, 0.07298657945767606, 0.06960496215177132, 0.0733879713627605, 0.08160072785098285, 0.07831440797068615, 0.07996346215237989, 0.08209974357794843, 0.07938913647379511, 0.08297473219154972, 0.07344386304721015, 0.08132440344854355], [0.0708253454183302, 0.07421200255020648, 0.07301016972471763, 0.06968161224499973, 0.0735400316979516, 0.08185101278917314, 0.07828557909461348, 0.0799373914351688, 0.08185082587732782, 0.07936769884692446, 0.0826852439977875, 0.0734472081544119, 0.08130587816838722], [0.07109746145401337, 0.07428877863351895, 0.07312984491876424, 0.0699232850099339, 0.07387052141054604, 0.08222056312638344, 0.0781938920088741, 0.07981077890731478, 0.08137964293781462, 0.07926402078880612, 0.08218658466072756, 0.07349563392896107, 0.08113899221434191], [0.07133715607620916, 0.0743691689528466, 0.07324665076760097, 0.07013661990241683, 0.07416035756186068, 0.08247163498387808, 0.07812593327264353, 0.07970124223228602, 0.08098702818169362, 0.07917903686903553, 0.0817623446043553, 0.07355202195189298, 0.08097080464328069], [0.07142245767705181, 0.07444039767268479, 0.0733098862963252, 0.0701581905335854, 0.07438017615786513, 0.08288335077154023, 0.0781625732973274, 0.07972564894195837, 0.08056022619014946, 0.0792240537311779, 0.08124071255537231, 0.0735677944234307, 0.08092453175153135], [0.07120658440660366, 0.07435861071675623, 0.0731945504269041, 0.06995508685724582, 0.07414229307559231, 0.0828337755402387, 0.0782182790297626, 0.07983216671399808, 0.08083532673840924, 0.07930527885254211, 0.08152117753328576, 0.07349793681975719, 0.08109893328890405], [0.07111722238171234, 0.07430538803644376, 0.0731408362977435, 0.0699123944292015, 0.0739553178138374, 0.08245702135479187, 0.07820889501727825, 0.07983362531562334, 0.08119260184656779, 0.07929056867951052, 0.08194835107632084, 0.07348566868516344, 0.08115210906580535], [0.07089637091412136, 0.07423569261329135, 0.0730380717833672, 0.06972199005004445, 0.07367477941457193, 0.08212154747843116, 0.07827593257113569, 0.07993390812071154, 0.08160278594175627, 0.07936870135837226, 0.08238403569177223, 0.07344371529876667, 0.0813024687636577], [0.07120208426590709, 0.07434861371405493, 0.07318835273285272, 0.06996318145056077, 0.07411095887022955, 0.08273756623801547, 0.07820711733511068, 0.07982061645156234, 0.08091299886990119, 0.07929076279912156, 0.08161947478981713, 0.0734989393424428, 0.0810993331404238], [0.07098354541177596, 0.0743110428373655, 0.0730973650443775, 0.06971489974707133, 0.07396097231298614, 0.08288654812814866, 0.07833221656438101, 0.08000227146109797, 0.08094627300850893, 0.07945538815214856, 0.0815637834866073, 0.07343592614062233, 0.08130976770490873], [0.07150262438380625, 0.07451041296647515, 0.07337761939656448, 0.070205769833356, 0.0745283378169714, 0.08295648424689166, 0.0781969038662858, 0.07973787015889705, 0.08031025469413988, 0.0792544121969652, 0.0809381149259125, 0.07360864345146957, 0.0808725520622653], [0.07164057304192387, 0.07461907050110624, 0.07349088221214135, 0.07031586467749411, 0.07472281261464704, 0.08279824772693029, 0.0782395008051684, 0.07973997918934243, 0.0800465410509815, 0.07928199842090804, 0.08062433582496348, 0.07369133509794301, 0.08078885883645022], [0.07180603598397198, 0.07476846164195498, 0.07364201979422026, 0.07044937477184209, 0.07495285532021728, 0.08249485010589216, 0.07831226984511414, 0.07975487133638155, 0.07973877937543875, 0.07933173548484994, 0.08025355813567862, 0.07380996875127309, 0.08068521945316513], [0.07193879651795507, 0.07489028717634201, 0.0737658615356585, 0.07056022228206776, 0.07512925389729361, 0.08223775789023889, 0.0783681770375632, 0.07975791665732138, 0.07950832212306023, 0.07936460566771993, 0.0799785012060053, 0.07391004611626921, 0.08059025189250489], [0.0719746239914285, 0.07504918207843006, 0.07388960117126973, 0.07055222624271532, 0.07525573518872042, 0.08210440694118767, 0.07853282799846809, 0.07985685617758652, 0.0791804459867187, 0.07950829977939292, 0.07955345295223955, 0.0740243214147402, 0.08051802007710221], [0.07197517668446826, 0.07519343497368043, 0.07399316697680106, 0.07050163656279924, 0.0753602730363617, 0.08255903731735598, 0.07866768810838125, 0.07989156983010696, 0.07875926366873581, 0.07960480666504154, 0.0790386903807475, 0.07411626728488112, 0.0803389885106391], [0.07193998580538213, 0.07529438140310853, 0.07405712509638633, 0.07043457650857265, 0.07538758018450092, 0.08288372164232684, 0.07881018486729141, 0.07992852522098755, 0.07848200475145546, 0.07968909950960325, 0.07869399432491203, 0.0741820977714844, 0.08021672291398835], [0.07182657303778917, 0.07542233976045665, 0.07412059016479346, 0.07028567298486606, 0.07533938948928268, 0.08333333333333334, 0.07905257045329903, 0.08001473357153892, 0.07815062771853387, 0.07984237431263709, 0.0782665538328217, 0.0742665636339677, 0.08007867770668048], [0.0715862494506205, 0.07555348571907806, 0.07415491935259458, 0.07004796131587857, 0.07507941274182264, 0.0827965848221382, 0.07943921861492546, 0.0803545551101974, 0.07809481235013771, 0.08023149859571795, 0.07808526269363306, 0.07438350345143692, 0.08019253578181881], [0.07101462866322639, 0.07426069422594324, 0.0730938317848164, 0.06986905141099088, 0.07372868280447567, 0.08197277280795072, 0.07820925073560869, 0.0798272409751364, 0.08162005105850989, 0.07927339449830845, 0.0824714781151105, 0.07349275579771568, 0.08116616712220716], [0.07090945894890016, 0.07423419598721429, 0.073066571709158, 0.06980615960380007, 0.07353590593431557, 0.08160816180854916, 0.07823394061206083, 0.0798402151756986, 0.08194697310047556, 0.0792820400866611, 0.08286482205434782, 0.07350358591957876, 0.08116796905924022], [0.07081894234104705, 0.07423071281969362, 0.07307308178462661, 0.06975602416425107, 0.07336150319927047, 0.08126269344685884, 0.0782773873735701, 0.07986120023524308, 0.08224085266026408, 0.07930419479162563, 0.08312606037134747, 0.07353585124417131, 0.08115149556803057], [0.0708248928878697, 0.07426163544816218, 0.07311463788935633, 0.06978628086678104, 0.07331555604678289, 0.08109589610409693, 0.07830785036250733, 0.07986816612086499, 0.08235356189152719, 0.07931666599600029, 0.08304302678555744, 0.07358754657129331, 0.0811242830292004], [0.0708336300227865, 0.07432988721314245, 0.0731966684699667, 0.06983334837225891, 0.07324240854223743, 0.08083126879579038, 0.07838556720105108, 0.07990505300960095, 0.08251907583709726, 0.07936406600940399, 0.08277580618951232, 0.07368865913228524, 0.08109456120486665], [0.07085721676933963, 0.0744578446680736, 0.07334080846832076, 0.06990990998027213, 0.07315215138990126, 0.08046213041184391, 0.07853112396270401, 0.0799803612567879, 0.08261034836433698, 0.0794602797344078, 0.08232850363923114, 0.07386242395452274, 0.08104689740025822], [0.07087249146273823, 0.07452832133208051, 0.07341705158955558, 0.06994825184377036, 0.07311745054705496, 0.080297899551033, 0.07861165491913227, 0.08002399013618991, 0.08257338900524847, 0.07951589889991588, 0.08211712194818581, 0.07395305115266809, 0.08102342761242691], [0.07092649469080213, 0.07440931352734739, 0.07314391784573948, 0.06959225707157399, 0.07404364345229629, 0.08297201031695058, 0.07852900530027217, 0.08021569953954062, 0.08056732948368134, 0.07968222558602184, 0.08101819884017897, 0.07347354816323758, 0.08142635618235768], [0.07140267411397315, 0.07462418007698841, 0.0734264730906861, 0.07004373083783981, 0.0745627622510593, 0.08276839303597051, 0.0784397476317363, 0.07998928834008238, 0.08003428036140922, 0.07952279352991486, 0.0805104210898605, 0.07366383938283065, 0.08101141625764882], [0.07168517610381422, 0.07483979518028287, 0.073658862209174, 0.07029518693358655, 0.07490451798655477, 0.08230372500446445, 0.0785059471506236, 0.07995459057448664, 0.07962135755832979, 0.07954282190630277, 0.08004063552528796, 0.07384752671248679, 0.08079985715460555], [0.07083813199462677, 0.07458337861816022, 0.07346568254017469, 0.06992596634011589, 0.07305716280028485, 0.08016306314516791, 0.0787153539115725, 0.08010579355236803, 0.08254660106354526, 0.07960509191104637, 0.08192997759299829, 0.07401956955322986, 0.08104422697670943], [0.07082719318213, 0.07465417958655148, 0.07353310722739669, 0.06992984692318234, 0.07301360781272732, 0.08001927507380195, 0.07882256712978053, 0.08018123440864412, 0.08245169351236932, 0.07969192533867855, 0.08172602045145294, 0.0741040333140954, 0.08104531603918927], [0.0707627819463538, 0.07471274708504075, 0.07358072968285323, 0.0698779802315844, 0.07292167689441699, 0.07982983149385979, 0.07894757661902123, 0.08026868095906527, 0.08263396455236371, 0.079793734895369, 0.08146153576211819, 0.07417559447338364, 0.08103316540456992], [0.07071559492057748, 0.07478314022513131, 0.07364321268470628, 0.06984635253489771, 0.07283960790373878, 0.07962217312034603, 0.07907094797796763, 0.08033858522199801, 0.08283275457134676, 0.07988464061894224, 0.08117688207773503, 0.07426171905724416, 0.08098438908536852], [0.07066044948241929, 0.07485057445984852, 0.07369741451431176, 0.06979972975403266, 0.0727640557083713, 0.07944481541518572, 0.07920392620684008, 0.08042401795023478, 0.08295329242695883, 0.07999010603946248, 0.08091977070348903, 0.07433877129682498, 0.08095307604202051], [0.07062401404700018, 0.07488079622307504, 0.07371733519527361, 0.0697632951214309, 0.07272634165831855, 0.07937190711493167, 0.07927794541484787, 0.08048034921423121, 0.0829766202929254, 0.08005480100805318, 0.08080368153130668, 0.07437004421258023, 0.08095286896602549], [0.07059113045545194, 0.07494249736250971, 0.07376571047321337, 0.06973246361869208, 0.07268632266414383, 0.07925822899244726, 0.07939668056080207, 0.08056377627759898, 0.08291135323238435, 0.08015456359853797, 0.08062123819399342, 0.07443478650644689, 0.08094124806377817], [0.07057975024984016, 0.0750203879599275, 0.0738324941451257, 0.06972530782463482, 0.0726622531245561, 0.07913834009405603, 0.07952212522497223, 0.08064281136073453, 0.08276079732096436, 0.0802547585939371, 0.08042962975045131, 0.07451733069362627, 0.08091401365717377], [0.0706381733172987, 0.07516755840126953, 0.0739798536574852, 0.06980444854690161, 0.07266982441514866, 0.07893513260318397, 0.07967554728368449, 0.08068862239122775, 0.08247296340322272, 0.08034562592488399, 0.08014045627291645, 0.07468370384680982, 0.08079808993596696], [0.07066832781326064, 0.07530372987716596, 0.07410725884568033, 0.06984598039347906, 0.07266844501473983, 0.07875331543272827, 0.07984471393373387, 0.08075573103785318, 0.08219470640407356, 0.08045764384443577, 0.07986482510280422, 0.07483093840512589, 0.08070438389491946], [0.07054400520091811, 0.07514984423384093, 0.07393485661219426, 0.0696879135112685, 0.0726226567222245, 0.0789541961658231, 0.07975750729443828, 0.08080311640978478, 0.08245226764989323, 0.08045247108522646, 0.08011172111261282, 0.07464655758689981, 0.0808828864148754], [0.07136800437656003, 0.0744835341932655, 0.07331938455021643, 0.0700556452974466, 0.07443007511992168, 0.08309027982137694, 0.07826506842411175, 0.07983638619888254, 0.08033397988418581, 0.07934431301532739, 0.08092523832886131, 0.07356817716224284, 0.08097991362760118], [0.07111673844607157, 0.07439066137984951, 0.07318312192276218, 0.06980105192713397, 0.07419142315675127, 0.08333333333333334, 0.07833260535874101, 0.0799649050670104, 0.08051632275264903, 0.07944731591207217, 0.08108026372406088, 0.07347336902489841, 0.08116888799466633], [0.0713515103648447, 0.07479382308832064, 0.07353396595491339, 0.06994939780588151, 0.07460070627379507, 0.08224523661488399, 0.07872466742639395, 0.08025404669582899, 0.07975817453049282, 0.07981744344778316, 0.08008336968152496, 0.07378751452149102, 0.0811001435938458], [0.07115440985638147, 0.07457381908491896, 0.07332202889520832, 0.06978869581363577, 0.07433299466663111, 0.08273822279615096, 0.07857787257006969, 0.0801931078754713, 0.0801750063050877, 0.07970254886675619, 0.08058557970460342, 0.07360647641336379, 0.08124923715172111], [0.07065135764297462, 0.07421876989000688, 0.0729479538847647, 0.06941255824703343, 0.07357195237781868, 0.08239144125222896, 0.07847061138713414, 0.080215870445574, 0.0814684915668276, 0.07962786563343129, 0.08201684877517618, 0.07337122256496338, 0.08163505633206625], [0.07081044582752483, 0.07432723323924785, 0.0730569500719773, 0.06950343102686601, 0.07387245431821597, 0.08290324403770229, 0.07850574119056601, 0.08022543431076551, 0.08085194283420499, 0.07966854680518726, 0.08133144825223984, 0.07341728760928376, 0.08152584047621828], [0.0713946534543705, 0.07492568633543792, 0.07364077245271332, 0.06996424071762578, 0.07469928251472303, 0.08214158652555582, 0.07885997995790567, 0.08033134128747643, 0.07947841251389569, 0.07993456729250173, 0.07972988174822467, 0.07388852484795834, 0.08101107035161108], [0.07130485165132892, 0.07507057087013144, 0.07372053170374385, 0.06983058228662624, 0.07469441642899625, 0.08250550146267098, 0.07909519690477705, 0.08048129877273326, 0.07907601275415181, 0.08014854189899136, 0.079205713216446, 0.07398434233978086, 0.08088243970962192], [0.07186862651779095, 0.07567659466591961, 0.0743239482562593, 0.0703153124878084, 0.07538859127986322, 0.08285210310458455, 0.07936680897958831, 0.0801011413329941, 0.07783383651354724, 0.08001786320626021, 0.07785247300695122, 0.07449187519045379, 0.0799108254579791], [0.07196798763242881, 0.07555595832263771, 0.07425967704235306, 0.07041805929990856, 0.07549246724161937, 0.08312688950043794, 0.0791214145549085, 0.0799464460122287, 0.0779483384107325, 0.0798164976349798, 0.07804335625405216, 0.07438668924804805, 0.07991621884566481], [0.06971734592730748, 0.07457626492968283, 0.0730813518833404, 0.06849891155753404, 0.07258050753292503, 0.08029235644732799, 0.0799219366737373, 0.08194738228894313, 0.0811755352372807, 0.08123188394022948, 0.08047467863498259, 0.07374013986128718, 0.08276170508542181], [0.06977876609450907, 0.07451640705071011, 0.07306970160805701, 0.06860349096605016, 0.07255581110967124, 0.08033494099254528, 0.07973639109495077, 0.08166320140927848, 0.08158200626959627, 0.08098083286464242, 0.0808191936170513, 0.07372302933869272, 0.08263622758424524], [0.0697970589541022, 0.07441037215847537, 0.0729792871858362, 0.06861295727122413, 0.07259849798779226, 0.08057730402505246, 0.07953799589945676, 0.08146667450720503, 0.08180447600975171, 0.08078352660583679, 0.08110963913920512, 0.0736108989881841, 0.08271131126787781], [0.06985201233413328, 0.07433837526604743, 0.07293317878705066, 0.06867495131385251, 0.07264241379705007, 0.08074377178519494, 0.07935854076256363, 0.08125800132486487, 0.08205279446381078, 0.08058531481233665, 0.0814020992332852, 0.07354674201248433, 0.08261180410732574], [0.06988976411631888, 0.07426000000668569, 0.07284991092966257, 0.06867336712321859, 0.07276660619082326, 0.08111231883520167, 0.07920789295359515, 0.08113968561439694, 0.08196391653020078, 0.08046195661867057, 0.08154872272763879, 0.07343320758833825, 0.0826926507652486], [0.06994655187654386, 0.07425592184775111, 0.07283127332879512, 0.06868984046404204, 0.07290879244039336, 0.08139213502622959, 0.07916279517087928, 0.08111571936899356, 0.08168207930519253, 0.08044053960664246, 0.08145072776762054, 0.07339167696215464, 0.08273194683476191], [0.0699722674088659, 0.07436853266099368, 0.07289605992016827, 0.06866199132212598, 0.07304266032965624, 0.08140317963030252, 0.0793381934720819, 0.08132662298350536, 0.08113312750119524, 0.08065674132245977, 0.08092949887745068, 0.07345104334706547, 0.08282008122412891], [0.06989973554961498, 0.07459755465595465, 0.0730589387675084, 0.06856798620140704, 0.0730017280036844, 0.08083382111596454, 0.07979880136664258, 0.08184911008635704, 0.08060141718084933, 0.08117072773899674, 0.08022412328690601, 0.07365118374327488, 0.08274487230283938], [0.06976302707077456, 0.07468199047499813, 0.07312771609947125, 0.06846812137564218, 0.07277992409719701, 0.08036454595334087, 0.08008277347608835, 0.08220539986419378, 0.08058098749515158, 0.08147649290035663, 0.08002351183294994, 0.07376788667158732, 0.08267762268824842], [0.06971586831486035, 0.0746779226266751, 0.07313917084579137, 0.06845704559099033, 0.07265675838284433, 0.08021337260058578, 0.08011773376444559, 0.08222752771164066, 0.0807453393146029, 0.08148737050339157, 0.08009784577932226, 0.07379931732451507, 0.0826647272403349], [0.06970774197887353, 0.07450756897311409, 0.07299870169697481, 0.06845087710857099, 0.07265552183780218, 0.08052930872696847, 0.07982106005816203, 0.08189007975978269, 0.08110968490279766, 0.08116506250466653, 0.08051915736482754, 0.0736364304961201, 0.08300880459133916], [0.069724801588857, 0.07450178752197507, 0.07302210041277549, 0.06850795730379798, 0.07258925621808465, 0.08043527508022674, 0.07978169671095307, 0.08179032702702924, 0.08135776429623563, 0.0810807351395477, 0.08068135461948561, 0.07366922998093332, 0.08285771410009854], [0.06976134395173704, 0.07434720179100865, 0.07288179996558947, 0.0685147421636184, 0.07269711932785118, 0.08088394361296532, 0.07948561768219753, 0.0814952614378322, 0.08153109215965353, 0.0807918327157535, 0.08103360283013052, 0.07349041904170649, 0.08308602331995632], [0.06979430065123647, 0.0744041063989275, 0.072903771852886, 0.06849834607124618, 0.07283115417223977, 0.08098985081675208, 0.0795632102027785, 0.08161109380871409, 0.08111634927113609, 0.08090911094410756, 0.08072577858374069, 0.07349883201580645, 0.08315409521042877], [0.0697232151060855, 0.0743793859795917, 0.07288283798749862, 0.0684457898615299, 0.0727216717063948, 0.08086369334010597, 0.07958239662123905, 0.08163465302097837, 0.08124131426309049, 0.08092260256041273, 0.0807764976050915, 0.07349260861464796, 0.08333333333333333], [0.06978030457953471, 0.07451521842407076, 0.07298915488228118, 0.06847837077786062, 0.07282313364290124, 0.08075458062587011, 0.07977163489237948, 0.08185106289196122, 0.08087298208643423, 0.081140281540529, 0.08041792621423564, 0.07360040053867514, 0.08300494890326675], [0.06976555108383797, 0.07436760527625048, 0.07291459706532182, 0.06854332868055689, 0.07264906381957738, 0.08075999780750627, 0.07950951819864306, 0.0814940234571076, 0.08164987463482637, 0.08079500617189327, 0.0810724491373496, 0.0735332814557572, 0.08294570321137214], [0.06986646060266767, 0.0742852800974814, 0.07284232883169088, 0.06861021949017805, 0.07282618763080423, 0.08120665965863556, 0.07928548868123549, 0.08126499091612191, 0.08162432308796928, 0.0805778389670612, 0.08128669266964603, 0.07342084591835385, 0.08290268344815446], [0.06989244582459575, 0.0743415547884872, 0.07287038204274647, 0.06859893986086546, 0.07292825168258922, 0.08127502776960217, 0.07936471608672789, 0.08136908772306145, 0.08127482734359036, 0.08068472829089315, 0.08099897176700743, 0.0734405882358768, 0.08296047858395653], [0.06995417034623375, 0.07453751952205519, 0.0730165682764305, 0.0686184184393009, 0.07306898709390433, 0.0810611446375265, 0.07964244641336622, 0.08166229130458401, 0.08069744186398474, 0.08099635679346563, 0.08039650196897398, 0.07358983457196891, 0.08275831876820519], [0.07003359158980667, 0.07445700607945452, 0.07296520879187746, 0.06869970528097662, 0.07314978768330285, 0.08136794147751714, 0.07943016155713563, 0.08141107406660873, 0.0808522336407375, 0.08075756237637981, 0.08065905568523317, 0.07351440782985377, 0.08270226394111596], [0.06983492402975905, 0.07429449514703723, 0.07286448966758421, 0.06861076613307397, 0.07272646016855361, 0.08100471696972424, 0.07931997539334466, 0.08127866801709964, 0.08182408474104742, 0.08059120669007082, 0.08135454813471248, 0.07345988150210901, 0.0828357834058836], [0.06997179524615495, 0.07428425752979506, 0.07284500908910992, 0.06869215518999294, 0.07298134670763314, 0.08147359129387086, 0.07919268710878338, 0.08115690098564106, 0.08147337885982858, 0.080484676282553, 0.0812896742941962, 0.073397945914332, 0.08275658149810902], [0.07005970277304274, 0.0743389301148887, 0.07288738309176813, 0.06875066024134635, 0.0731292982509814, 0.08160992405195377, 0.07920728624841497, 0.08116252997162164, 0.08118874165555848, 0.08050616763496171, 0.08108072311216527, 0.07342372348349864, 0.08265492936979808], [0.06969486657708045, 0.07503551811845596, 0.073475167065179, 0.06850458790542874, 0.07246413330229977, 0.07946700707515665, 0.08074413199860156, 0.08265830138484537, 0.08061851836079588, 0.08203281267169525, 0.07930695153610451, 0.07421399696326464, 0.08178400704109223], [0.06966094143578791, 0.07496182826019109, 0.07337852510006745, 0.0684248352534309, 0.07253085233553414, 0.07971459164317027, 0.0806664171230371, 0.08278121290506651, 0.08043401899291433, 0.08204521700269297, 0.07935078566249136, 0.07409644676034292, 0.08195432752527308], [0.06972370820765687, 0.07492417095484688, 0.07331536433867661, 0.06842136636712888, 0.07273615606725298, 0.08015231191688663, 0.08054282383414955, 0.08272626838881916, 0.08005667654103145, 0.08198585105360366, 0.07934030496130519, 0.07399332447584289, 0.08208167289279925], [0.06990609104483657, 0.07508068386186177, 0.0734383197948761, 0.06854547275438326, 0.07303058113031292, 0.08054586612212179, 0.08059956496309226, 0.08254310477145056, 0.07949966512230915, 0.08201814328025496, 0.07895789259976618, 0.0740846176192964, 0.08174999693543805], [0.07016434254797223, 0.0756703044431952, 0.07395789633955141, 0.0687935087916169, 0.07325717923354802, 0.08031616840066123, 0.08127730605117478, 0.08228138390011619, 0.07860993548707533, 0.08246024732552823, 0.0778308532403906, 0.07463248091834374, 0.08074839332082619], [0.07008442707490847, 0.07593452104007471, 0.07421204108201565, 0.0687957477892402, 0.07297411815348602, 0.07959037092897094, 0.08193307279279219, 0.08222450487778775, 0.07859640613277964, 0.08296198051310333, 0.07739241972413569, 0.07496847696944538, 0.08033191292125985], [0.06996243718997316, 0.07586894960946643, 0.07419786909228378, 0.0687621852895163, 0.07267454668554392, 0.07915199353873512, 0.08201107530897908, 0.08230809352695313, 0.07909083448497599, 0.08297095983109924, 0.07759518753220096, 0.07500335835643816, 0.08040250955383481], [0.06985566721558406, 0.07559555107737097, 0.07398487797737589, 0.06869738443318803, 0.0725089365831874, 0.07908998454679324, 0.08158100514984068, 0.0825086351617651, 0.07977380684174913, 0.08262589986175656, 0.07818078366432313, 0.07478741592881531, 0.08081005155825052], [0.06970396332334927, 0.0751764839581532, 0.07359611764878855, 0.06851839648879557, 0.0724508994802279, 0.0793672391796359, 0.08098438553335478, 0.08275582326687948, 0.08037612954855004, 0.08225074893888147, 0.0789647113728076, 0.0743552866461645, 0.08149981461441172], [0.06964772766296426, 0.07504533031316395, 0.07344525099576743, 0.06841184806640124, 0.0725093196611283, 0.07964908840491533, 0.08082680000935619, 0.08292704737869941, 0.0802790233756534, 0.08221234836503853, 0.07911494975437319, 0.07417733458917376, 0.0817539314233651], [0.0696681171127371, 0.07503839005051267, 0.07340582539681656, 0.06837525038239048, 0.0726489921637012, 0.07996779362923094, 0.08079707419119171, 0.0830251695460794, 0.07992165938041337, 0.08226097879885194, 0.07900451901632892, 0.07411250117693617, 0.08177372915480978], [0.06972765329097537, 0.07505996032403169, 0.0734178530153001, 0.06841021457108205, 0.07275923975937422, 0.0801432376767823, 0.08076883312655089, 0.08291765148114942, 0.07974503735807786, 0.08223768986878127, 0.07895114996438382, 0.07410810067136153, 0.0817533788921495], [0.06977315483222878, 0.07522689368742981, 0.07355531634423347, 0.06844472553508316, 0.0728125893430922, 0.0801137704724457, 0.0810047705303244, 0.08293429213704727, 0.07942274571574856, 0.08248090292528355, 0.07856005024512668, 0.07425605146362811, 0.08141473676832855], [0.06967074084136643, 0.07529538163603461, 0.07364996587993047, 0.06842771504806261, 0.07252345048352213, 0.07952819920933114, 0.08125405967984614, 0.08305427014392724, 0.07977769439298232, 0.08267213152136707, 0.07849386677054246, 0.07441038460724587, 0.08124213978584142], [0.06977779018037263, 0.075557531704647, 0.07388336856703269, 0.06853552048769392, 0.07260463719953374, 0.07941913577213455, 0.08162411124719805, 0.08272286928464147, 0.07934