[[0.06965008590064026, 0.07463563425284082, 0.07377717862993431, 0.07020567534181947, 0.07204742703991233, 0.07955747968360673, 0.0804576124983707, 0.0811300263489689, 0.08235710179056988, 0.08067384512765807, 0.08012498639920765, 0.07400184396363516, 0.08138110302283572], [0.06962862822881985, 0.07449551963697731, 0.07368240209974423, 0.07013955192967596, 0.07205102394737398, 0.07984731701600857, 0.08021145988752751, 0.0809845146725871, 0.0826711774738954, 0.08048731238685201, 0.0804602176625044, 0.07384381852395837, 0.0814970565340753], [0.06964674449765372, 0.07435375578476619, 0.07359621101758633, 0.07010373658743829, 0.07208645340664106, 0.0801853953390683, 0.07991719397443149, 0.08077772669930569, 0.08297412417455476, 0.08024851340188727, 0.0808596799999125, 0.07368540359230813, 0.08156506152444622], [0.06968898188650917, 0.07426719416129689, 0.07355962637263723, 0.07009632295019791, 0.07215390421197786, 0.08048438703665269, 0.07970803421287193, 0.08064210542850342, 0.08290796536168131, 0.08008981778629809, 0.08119838115329095, 0.07357569879236227, 0.08162758064572019], [0.06981544069904773, 0.07421027805689785, 0.07356347581310971, 0.07016439776103493, 0.0722866788855681, 0.08082186904032493, 0.07946471362434605, 0.08045290969352015, 0.08262413144344176, 0.07988874681115024, 0.08159278188577479, 0.0735013402358098, 0.08161323604997406], [0.06978140951397017, 0.07410609996169543, 0.07349905479141054, 0.07008780466022536, 0.07230107848283931, 0.08106723977707948, 0.07929663520032304, 0.08034599991532508, 0.08288603556149463, 0.07976539397057299, 0.08186803670732878, 0.07336487053511564, 0.08163034092261946], [0.06963690483080263, 0.07392250242831636, 0.07337474033846254, 0.06987543295948062, 0.07228343811728467, 0.08148214965882689, 0.07908160278053858, 0.08025217461645341, 0.08333333333333331, 0.07963886966107833, 0.0822855497522048, 0.07310554966853956, 0.08172775185467815], [0.06969267830006462, 0.07386380405500259, 0.07338583739967539, 0.06985806337754574, 0.07242400001639922, 0.08192978209207927, 0.07888944156102068, 0.08014125677586635, 0.08287947759461096, 0.07951598192794741, 0.08270560598350402, 0.07298572446097495, 0.08172834645530876], [0.06969845031333863, 0.07384116108760169, 0.07342164196346755, 0.0698005133110362, 0.07255217644574673, 0.08233855052067962, 0.07880718596092709, 0.08014818726474071, 0.0824279072247939, 0.0795085709404898, 0.0827551896894465, 0.07288409510572177, 0.08181637017200981], [0.06989614104444632, 0.07392072371201755, 0.07359353986938061, 0.06990571893169327, 0.07287609695992783, 0.082794520134209, 0.07870967179902107, 0.08009516318433643, 0.08178823931450142, 0.07946405404939243, 0.08235277336207625, 0.0728704952754607, 0.0817328623635371], [0.07024130434556065, 0.07413748075292803, 0.07390320160373938, 0.07016409064718312, 0.07332839661634515, 0.08259881622089639, 0.07868668813126198, 0.08007536860413188, 0.08114147019936517, 0.07947676043157911, 0.08170058603983951, 0.0729989334438957, 0.08154690296327388], [0.07052749195633716, 0.07425617509545435, 0.07410514843271496, 0.07037328390150531, 0.0736755928407696, 0.08307778608498574, 0.07854506502787416, 0.07989919034883132, 0.08066457865655181, 0.0793403822193962, 0.08126126241996694, 0.07306239565795172, 0.08121164735766077], [0.07070778241144476, 0.07445187641048397, 0.07435368492795158, 0.07050945351783222, 0.07397147933058251, 0.08296089016453437, 0.0786023531309644, 0.08001877102795649, 0.08015201892281658, 0.07941923775334035, 0.08065210290468293, 0.07317584700752428, 0.0810245024898856], [0.07086630144685249, 0.07463205843277708, 0.07456714096796413, 0.0706440848130258, 0.0742026429217557, 0.08264839486566126, 0.07866657020846884, 0.08012671387293813, 0.07978345722482309, 0.07949037095522786, 0.08021319226258618, 0.07330037673916803, 0.08085869528875152], [0.07082101400495998, 0.07475956698159565, 0.07470740760763998, 0.0705953755865721, 0.07428918351936803, 0.08313421668104817, 0.07877057852692915, 0.08029968709594101, 0.07930526139641564, 0.07961229301021129, 0.07962623513459617, 0.07334283591516196, 0.08073634453956081], [0.07074892325938806, 0.07489292028712667, 0.07482073912855884, 0.07055065850095682, 0.07429377991796084, 0.08304062321236282, 0.07894774054240573, 0.0805208558728906, 0.07898570565713506, 0.07979960886573867, 0.07920040865193577, 0.07342260653736424, 0.08077542956617591], [0.07073475542207594, 0.07512249847372668, 0.07502204339950114, 0.07057681116276156, 0.07434616944405066, 0.08272453481865588, 0.0791758297760502, 0.08077002090016425, 0.07854469316351816, 0.08002052634398277, 0.07863546389473458, 0.07359274086466827, 0.08073391233610983], [0.0704365292089717, 0.07524502112898636, 0.07505844855116277, 0.07036604926029401, 0.074115867144071, 0.08333333333333333, 0.07948785750933622, 0.08110232421615714, 0.07810440127517865, 0.0803291308755096, 0.07804237060720812, 0.07366085826399901, 0.08071780862579203], [0.06984688418200985, 0.07485516071310554, 0.0739427294316348, 0.07046518367115169, 0.07211695412205092, 0.07918922051918238, 0.0806280498255223, 0.08106426611449428, 0.08209336207726786, 0.0807021074287807, 0.07975262536376178, 0.07429712848191555, 0.08104632806912225], [0.069784159421207, 0.07466222027249914, 0.07380537452326413, 0.07034664689057378, 0.07209791889685363, 0.07954383832808197, 0.08033890008512588, 0.08093653522973335, 0.08251761301571764, 0.08050653153774469, 0.0801585996443254, 0.07407542386559429, 0.08122623828927904], [0.06976443154121605, 0.07455925520125273, 0.0737351553221955, 0.07029437309887356, 0.0720980811794899, 0.07974580679450007, 0.08016639423726486, 0.08083938037894112, 0.08276560563929551, 0.08037921851831134, 0.08039345384564908, 0.0739580305421534, 0.0813008137008569], [0.06969341480362137, 0.07434863752783348, 0.0735972992675621, 0.07014698769792353, 0.07210705115201682, 0.08020579783969423, 0.0798520736409608, 0.08069510051707877, 0.08308235913252482, 0.08017267136847994, 0.0809039412182871, 0.07369358432939967, 0.0815010815046173], [0.06971428239626919, 0.0745048991439083, 0.0736949740062133, 0.0702274553079952, 0.07208281061140195, 0.07984565774908653, 0.08012403619805589, 0.08085078810252984, 0.08282350879680596, 0.0803702751766286, 0.08049431144083016, 0.0738828669333363, 0.08138413413693865], [0.069780101595019, 0.07426553727023034, 0.0735750215293172, 0.07017422187085454, 0.07221250646534474, 0.08055443732751624, 0.07960422184088191, 0.0805243517975347, 0.08289488991592456, 0.0799792795924059, 0.08130431822621774, 0.07358740551327396, 0.08154370705547928], [0.0699101641738001, 0.07424062556669675, 0.07359325296373202, 0.07026467142500335, 0.0723258489465907, 0.08076547389037447, 0.0794177583471606, 0.08035825212188044, 0.082710709667848, 0.07981170350541711, 0.0815644301644404, 0.07356058880630413, 0.08147652042075204], [0.06980657617076858, 0.07409514966434742, 0.0734977593558024, 0.07010404725279981, 0.0723217224179917, 0.0811109840363175, 0.07924771794701103, 0.0802977516131753, 0.08292269707218806, 0.07971851884849893, 0.08192770291554938, 0.07335418237678225, 0.08159519032876761], [0.06984082272836604, 0.073981271913134, 0.07344123169741494, 0.07008007744116182, 0.07238580670829495, 0.08140702026785906, 0.07898351348805725, 0.08007669136809688, 0.08333333333333334, 0.0794921089346165, 0.0822924450294923, 0.07321347436275631, 0.08147220272741672], [0.06986375939277563, 0.07390505649100461, 0.07343724556421452, 0.07002519865237987, 0.07251367687433508, 0.0818843993621219, 0.07879785031672457, 0.07998983502094126, 0.08282805356470245, 0.07938653661625021, 0.0827901325313456, 0.07306527537657104, 0.08151298023663346], [0.06980716275702224, 0.07384605931196751, 0.07342139165777449, 0.06991950256649088, 0.07256589398047679, 0.08223244802752941, 0.07871921467741891, 0.07999454088938794, 0.08256426787210078, 0.0793745218039307, 0.08301625277383418, 0.0729402836507229, 0.08159846003134327], [0.06985326472414286, 0.07384970708330528, 0.07347547734356108, 0.0699123146202253, 0.0727022003669756, 0.082594482048178, 0.07865737232969337, 0.07998320185876885, 0.08221816616170542, 0.07935785107924632, 0.08289265849603067, 0.07288344646852887, 0.08161985741963831], [0.06997754987060481, 0.07389868450303302, 0.07358053480877463, 0.06998026068628224, 0.07290095755478179, 0.08294147050845058, 0.07859711357955486, 0.07994737458158474, 0.08184562630864084, 0.07932767580750519, 0.08256096415477292, 0.07287729040214799, 0.08156449723386633], [0.0700846024158364, 0.07394637360440817, 0.0736640128743074, 0.07005249661047686, 0.07304530724689196, 0.0830851478097103, 0.07855797202688278, 0.07991313704279346, 0.08161867199902192, 0.0793017998515208, 0.08234014901572345, 0.07289472941897383, 0.0814956000834525], [0.07029073070799888, 0.07404969923749495, 0.07381751747270202, 0.0702116447787036, 0.07328576466779824, 0.08300144231398471, 0.07851317235866329, 0.07986095128608581, 0.08132203617082238, 0.07926729148395725, 0.08204307902785497, 0.07296377977208333, 0.08137289072185058], [0.07046485966656281, 0.07418103607104054, 0.0739905688160631, 0.07034765003342963, 0.07351698881432411, 0.08269673923360872, 0.07853847303042832, 0.07988633667664573, 0.08102204202482516, 0.07930958725590254, 0.08168473119010844, 0.07304984308406039, 0.08131114410300053], [0.07089609796251164, 0.07436695909324387, 0.07428389556367006, 0.0706760464995147, 0.07400235301542799, 0.08301106899898016, 0.0783662579310363, 0.07967462412390022, 0.08042507218905622, 0.07913575829650225, 0.0810955039116548, 0.07317441016758607, 0.08089195224691592], [0.0710144033966551, 0.0745167113946971, 0.07447441952498535, 0.07075438093657863, 0.07422365547665664, 0.08292215549528244, 0.07842390742617625, 0.07980020052217482, 0.08002715104726514, 0.0792132562642851, 0.08060540959106569, 0.07325169052498964, 0.08077265839918794], [0.07045643548536674, 0.07426616215966705, 0.07410550630379331, 0.07031138076444579, 0.07364080823863778, 0.08307341923921388, 0.07861682991499809, 0.0799876793466075, 0.08061977282510788, 0.07942588573669877, 0.08116332605913229, 0.07305418860499432, 0.08127860532133667], [0.07119976786943753, 0.07467120429026683, 0.07466619491391248, 0.07090377337365833, 0.07445548333603708, 0.08260347897798997, 0.07844554640429031, 0.0798479428382763, 0.07972860140971237, 0.07923586188161784, 0.08025764597535634, 0.07336331170798373, 0.08062118702146084], [0.0712982499268886, 0.07485538265423408, 0.07488548639755532, 0.07098017980203784, 0.07467253078729053, 0.08267144002057328, 0.07851572050749568, 0.07996922920106789, 0.07926131080820724, 0.07931439488082374, 0.07969429466656418, 0.07346692347714817, 0.08041485687011354], [0.0711933148308761, 0.07491884826452697, 0.07494028972373673, 0.07090089350461941, 0.07465817532031534, 0.08286146404914509, 0.07861875175209, 0.0801120753568482, 0.07903689437416096, 0.07942990816720166, 0.07939569758995924, 0.07348223267724913, 0.08045145438927126], [0.07113375360285473, 0.0750918084677079, 0.07509738001408087, 0.07087486439832848, 0.07469659343607835, 0.08274716857295289, 0.07880139498301604, 0.08033124219230416, 0.07865853011931503, 0.07961661975912998, 0.07890223754216473, 0.07358901468894097, 0.08045939222312587], [0.07116043210449605, 0.07527362398113284, 0.0752853338665472, 0.07091120532056257, 0.07480750703428588, 0.08303365243206687, 0.0788769636310805, 0.08040543702450506, 0.07820281032312348, 0.07967518703132813, 0.07836558823273791, 0.07370255251485111, 0.08029970650328247], [0.07089099773399969, 0.07534500055833752, 0.0752706760151817, 0.0707254457724792, 0.07456292857005006, 0.0829273914889046, 0.07917940397282616, 0.08073483462151049, 0.07806354704070985, 0.07998652187937869, 0.07810866739485647, 0.07375285643140622, 0.0804517285203592], [0.06998882018210544, 0.07488012314868277, 0.07397376236467759, 0.07061030560686661, 0.07217810216168485, 0.07919399833477574, 0.08048921294379063, 0.08087349650446561, 0.08219930355173645, 0.08052801623202546, 0.0797970333213816, 0.07436677732452071, 0.08092104832328653], [0.06991432707849742, 0.07460173731532015, 0.07378047919606294, 0.0704501743616601, 0.07216532456672253, 0.0797103312711139, 0.08006328035548288, 0.08066824798454869, 0.08283929451354351, 0.08023369166453884, 0.0803940231973584, 0.0740446114390511, 0.0811344770560995], [0.06993136786992374, 0.07469842395449737, 0.07384554555656046, 0.07049881184692058, 0.07216295711375323, 0.0795234103614983, 0.08022288258813959, 0.08075626977767761, 0.08260546252651627, 0.08034970256884286, 0.08017607311874868, 0.07415604401824537, 0.08107304869867618], [0.06980543719135715, 0.07448972459466933, 0.0736945666270752, 0.07030960585615806, 0.07212542501959349, 0.07990082571973048, 0.07998381571110151, 0.0806879664711223, 0.08301836975734075, 0.08021584902297121, 0.08059138184118711, 0.07389212755479772, 0.08128490463289594], [0.06992103630476633, 0.07446623619297944, 0.07369703393415668, 0.07040557375618284, 0.07219361849915573, 0.08000126840972228, 0.07980422677639205, 0.08050232185660253, 0.08316215996924267, 0.08003386448988893, 0.0807373530624931, 0.07388903514851589, 0.08118627159990148], [0.06993667851411864, 0.07435180351932785, 0.07364348495009719, 0.07035801453140256, 0.07226209774719419, 0.08036379092221953, 0.079586533755654, 0.08039852432431983, 0.08303170346579311, 0.0798922975864646, 0.08113998492022795, 0.07373327169273991, 0.08130181407044068], [0.06981247775971101, 0.07437998395850048, 0.07362631619414148, 0.0702759371321332, 0.07214716599521569, 0.08013340104001951, 0.07976739684574782, 0.08053691412334156, 0.08333333333333331, 0.08004185853556112, 0.08086967659732634, 0.07376813562609114, 0.0813074028588771], [0.07003054883711235, 0.07428532969349343, 0.07363293224643756, 0.0703971135721164, 0.07236890187051381, 0.08065147258082474, 0.07936548531040614, 0.0802378948789237, 0.08290361988179742, 0.079716253203842, 0.08147380992124276, 0.07364640729532734, 0.08129023070796217], [0.0701018039797941, 0.07425863349290682, 0.07364125428478133, 0.07043383520672283, 0.07244953569464238, 0.0808282010133611, 0.07924283510198239, 0.08014905835625162, 0.08271692773621998, 0.07962027573021495, 0.08167500563583245, 0.07360545251456739, 0.08127718125272276], [0.07005973899268902, 0.07418213477421687, 0.0735921767537004, 0.07036096500615076, 0.07245275402262583, 0.08100272985969088, 0.07914254286653132, 0.08009980351477104, 0.08287290742676034, 0.07955627530403148, 0.08186831546894553, 0.07350017709179807, 0.08130947891808836], [0.0701008857893974, 0.07410963250004937, 0.07356600340363666, 0.07035462161936262, 0.07252162755481992, 0.08122961179156504, 0.07895852640853583, 0.07995884533273556, 0.08301194896440907, 0.0794077397154639, 0.08212868666999226, 0.07340247679550045, 0.08124939345453192], [0.07003874719438877, 0.07398433418307028, 0.07350413974534423, 0.07022099105115097, 0.07257520305671519, 0.08165903908240861, 0.07877703167672831, 0.07988363293744095, 0.08294181606852762, 0.07930699393626153, 0.0825916299211336, 0.07320370603923344, 0.08131273510759665], [0.07002875105930802, 0.07394385336557494, 0.07349409539133825, 0.07017725419934544, 0.07261935178180198, 0.08186983591575232, 0.07870246170449155, 0.07985464882445784, 0.08276192227600238, 0.0792689606767019, 0.08281587812052747, 0.07312820543947453, 0.08133478124522339], [0.06999603179380177, 0.07391404842753838, 0.07347989014619566, 0.07012617760510798, 0.07262990740872212, 0.08200452048906329, 0.07867268116344146, 0.07985786102459394, 0.08265266399756638, 0.07926461128407343, 0.08295696607144257, 0.07307290019152152, 0.0813717403969316], [0.06998835333257035, 0.07385896034458664, 0.0734752025891309, 0.07006340359911546, 0.07271318154887162, 0.08235921921050837, 0.07855111106753837, 0.07980200005412694, 0.08232822467967084, 0.0791996641932598, 0.08333333333333333, 0.07295935324856488, 0.08136799279872249], [0.07007554230672415, 0.07388877517335275, 0.07355498921599507, 0.07009866305180437, 0.07287660948083931, 0.08272568107329349, 0.07850332088093204, 0.07979019307740574, 0.08203631594397204, 0.07918633722579098, 0.0829562939531765, 0.07293537495480296, 0.08137190366191069], [0.07017311662682606, 0.07392603145199268, 0.07363502144780201, 0.07015302534477826, 0.07302936017077345, 0.08302117707949043, 0.07845654269841215, 0.07976031010959433, 0.08177352055428169, 0.07916091091219075, 0.08265144939173397, 0.07293169634532448, 0.0813278378667996], [0.07051749591392435, 0.07407591579447924, 0.07387104568159765, 0.07041539415331792, 0.07342199556116742, 0.0830632511998318, 0.07835159593121291, 0.07964381408451113, 0.08128704037409223, 0.07907114029193965, 0.08213223015948616, 0.07302933886600499, 0.08111974198843465], [0.07087410590342136, 0.07425964197706908, 0.07412662762875508, 0.07070606020471708, 0.07380628243234921, 0.08265019270116838, 0.07829526563295314, 0.07956104420287441, 0.08089646124669485, 0.07901868181138895, 0.08170170473660335, 0.07317446518291665, 0.08092946633908839], [0.07099153334879348, 0.07437872921319996, 0.07430246783604408, 0.07076093104618722, 0.07404943296702893, 0.08286672773394674, 0.07831686893744239, 0.07959712526561358, 0.08045778341079332, 0.07907225071677544, 0.08116340797334069, 0.0732070406204989, 0.08083570093033515], [0.07075593122342219, 0.07427727120753506, 0.07414868919770107, 0.07058205400832042, 0.07380073644125233, 0.08281521101721598, 0.07839694717211322, 0.0797020566662528, 0.08074249603576895, 0.07915558864416354, 0.08145383435790989, 0.07313243467458413, 0.08103674935376044], [0.07059930741222593, 0.07415180459650006, 0.07397328340238014, 0.07047197365115915, 0.07355772690779065, 0.08287792871947501, 0.07838253011876603, 0.07968525148549184, 0.08110184326660422, 0.07911917138780146, 0.08188963328583741, 0.07306816650660862, 0.0811213792593596], [0.07023979274333877, 0.07396258769069211, 0.0737104308737983, 0.07018022677152305, 0.0731648803370778, 0.08333333333333334, 0.07843119521377322, 0.07975444401102126, 0.08151142604192584, 0.07915939857830398, 0.08233391990883304, 0.07292161777205519, 0.08129674672432419], [0.07075348717034846, 0.0742629178490096, 0.07412572427914933, 0.07058794229004046, 0.07376992800231909, 0.08271553558089982, 0.07839008948899943, 0.07969072095754323, 0.08082349819239128, 0.07914127403748136, 0.08155609863122484, 0.07313527682456254, 0.08104750669603052], [0.07051331461412512, 0.07421689051240149, 0.0740479869827302, 0.07037576058897385, 0.07360411008778335, 0.08286953632480866, 0.07852733444632111, 0.07987543787568302, 0.08085538324686183, 0.07930773142578393, 0.08149640606756221, 0.07305907224576479, 0.08125103558120063], [0.07106871822093998, 0.07445903463638327, 0.07441395777426088, 0.07080407449272938, 0.07419387934724703, 0.08294216960374001, 0.07833041420637221, 0.07965583000083538, 0.08019542280653219, 0.07909947404635956, 0.0808471323601959, 0.07323925031658517, 0.08075064218781898], [0.07120802098428698, 0.0745804016205369, 0.07456993396259042, 0.07090795327688222, 0.07438780875376777, 0.08277742950351473, 0.07834872939616461, 0.0797081780798917, 0.07991866398750651, 0.07912437580066022, 0.08051893864236954, 0.07331620022039291, 0.08063336577143553], [0.07137221696682886, 0.07474504045028285, 0.07477061450743279, 0.0710402812552723, 0.07461754598930197, 0.08246130175106839, 0.078391917502811, 0.07978483359036509, 0.07959495852408943, 0.07917162849631455, 0.08013033397599718, 0.07342893165517005, 0.08049039533506566], [0.07146810930851932, 0.07485297366796226, 0.0749046650505827, 0.07111464000751196, 0.07476856628305283, 0.08244287699108242, 0.07840931416453285, 0.07982344699807259, 0.07934015771428855, 0.07919012284799086, 0.07983100794906917, 0.07349575673607409, 0.0803583622812603], [0.07140939241816907, 0.07497723271190997, 0.07503645452073932, 0.07106944277555785, 0.07483961014826827, 0.08267729325570207, 0.07851798004356772, 0.07998279244519911, 0.078966506102094, 0.0793112495902317, 0.07935872887110462, 0.07354475893938019, 0.08030855817807614], [0.07143782213273402, 0.075178477016224, 0.07524618585317942, 0.07111802300441293, 0.07497784105308067, 0.08256747133190864, 0.07863740572131898, 0.08012480918680602, 0.07853986603867373, 0.07942596594449504, 0.07883269559823404, 0.07367416591882463, 0.08023927120010783], [0.0713735233675104, 0.07528315126523204, 0.07534344290476488, 0.07107859543051752, 0.07499252766035276, 0.08286136753314531, 0.07872350652690485, 0.08022293364979345, 0.07824080299677666, 0.07950791293815002, 0.0784633324164276, 0.07372711022781597, 0.08018179308260864], [0.07121963396416237, 0.07540527428723817, 0.07543060883384466, 0.07096989200918591, 0.0749177384991937, 0.08333333333333334, 0.07888212563409329, 0.08038843077182994, 0.07787725915397405, 0.07965823912778311, 0.07799929994229765, 0.07378832504545278, 0.08012983939761117], [0.07091002430318497, 0.07549155974700505, 0.07540150257350638, 0.0707690238971302, 0.07460427280712538, 0.08291986430159433, 0.07927047013792289, 0.08079540002920892, 0.07779325498836398, 0.0800529403532037, 0.07778315560241648, 0.07386830324585102, 0.08034022801348664], [0.07038759723516444, 0.07399864123945153, 0.07375341401095784, 0.07032478821715125, 0.07323979879447422, 0.08309800161896184, 0.07836422852667706, 0.07964877821000395, 0.08153284368888583, 0.07906674052666586, 0.08242760902962327, 0.07299186292380126, 0.08116569597818177], [0.07027963211385596, 0.07394808401021156, 0.07364560756894653, 0.0702754859019478, 0.07303922651698094, 0.08274160842490176, 0.07840747624722995, 0.07966313196593795, 0.0818766917332729, 0.07907666025711416, 0.08284107093075341, 0.07300526804293907, 0.08120005628590797], [0.07019659194464489, 0.07392903963681978, 0.07356917732619728, 0.07025275153642864, 0.07286559633167985, 0.08234677060164476, 0.07847298695006623, 0.07968852835602107, 0.08220038040649541, 0.07910382259851322, 0.08311575252575318, 0.07304861484044288, 0.08120998694529302], [0.07020459533622246, 0.07395045091175051, 0.07356493876671438, 0.07028932038968871, 0.07281877127566075, 0.0821487749693097, 0.07851880363747703, 0.07969632737347566, 0.08236705233581068, 0.07911747818150078, 0.08302863039125091, 0.07310424989704149, 0.08119060653409682], [0.07021482354663967, 0.074002239710797, 0.07357035629314396, 0.07035103354788311, 0.07274285031626163, 0.0818278850073303, 0.07862278038599821, 0.07973533361597485, 0.08263435583259239, 0.0791675646793658, 0.08274820542182586, 0.07321119285107368, 0.08117137879111351], [0.07024330359252394, 0.07410926652848945, 0.07360697660120713, 0.07045808854382873, 0.07265116522817609, 0.0813696523469021, 0.07880699552130992, 0.07981537131550864, 0.0828628938071318, 0.07926969810376192, 0.08227905891125821, 0.0733963882266377, 0.08113114127326433], [0.07027044880992063, 0.07417732150840949, 0.073641849844544, 0.07052250079665366, 0.0726238725659365, 0.08116285612610119, 0.07890846586436973, 0.07986409999568553, 0.08282946925148393, 0.07933146045048212, 0.08205836098032304, 0.07349984501885526, 0.08110944878723483], [0.07043608344892537, 0.07432982728806863, 0.07416945331651069, 0.07029245102677552, 0.07367644528985771, 0.08295772812353382, 0.0787109575658728, 0.08011872608984441, 0.08045799628269219, 0.07953790644589478, 0.0809266873750417, 0.07308381556259512, 0.08130192218438718], [0.07092457642158288, 0.07457894692098778, 0.07452431851529343, 0.07068982568773954, 0.07421128065935889, 0.08274575299200188, 0.07856056552546448, 0.07998471168682932, 0.0799020704541183, 0.07937008573212387, 0.08039729257413913, 0.07327633335924581, 0.08083423947111469], [0.07115118876755638, 0.0747721753744186, 0.07477086517672955, 0.07086621226408614, 0.0745112960936514, 0.08268878510956086, 0.07855859144260752, 0.08001445885549104, 0.07944818611244964, 0.07936598660773633, 0.0798870242748845, 0.073404993962426, 0.08056023595840178], [0.070247970308235, 0.07423309135673727, 0.07366172881761887, 0.07053771703891477, 0.07257180830562401, 0.08098420643259803, 0.07903751036843913, 0.07995335340607518, 0.08276579300597735, 0.07942900309219422, 0.08186369560458741, 0.07357967055599694, 0.08113445170700176], [0.07024126626361017, 0.07429848788648978, 0.07369129559386915, 0.07056914123438303, 0.07253011691136577, 0.08079189845301395, 0.07916585619002578, 0.08003355498177994, 0.08270026974142126, 0.0795213212242527, 0.08165071601118672, 0.07367163009016009, 0.08113444541844167], [0.07016515345925153, 0.0743396087889445, 0.07368436380867392, 0.07054201779517187, 0.07242668647639419, 0.0805390873696531, 0.07931419355869752, 0.08012298141848465, 0.08301207002838278, 0.07962545549422667, 0.08137254686129675, 0.07374021773837278, 0.08111561720244992], [0.0701106108562712, 0.07439452894155633, 0.07369073245853866, 0.0705377056914953, 0.07233646411897841, 0.08026676300515112, 0.07946050914526528, 0.0801949957113661, 0.08333333333333334, 0.07971928577747664, 0.08107348647684262, 0.07382676138931382, 0.08105482309441125], [0.07013180354440689, 0.07450533559952628, 0.07376098119961089, 0.07060133025478191, 0.07232316113773586, 0.08004618332521392, 0.07963978619575887, 0.08030265664228269, 0.08303021483122404, 0.07985064421297147, 0.08081908958817102, 0.07396356556301265, 0.08102524790530362], [0.070112496875812, 0.07454441735909048, 0.07378003979577635, 0.07060153770147491, 0.07229943772631534, 0.07994645131007672, 0.07973124330534641, 0.08036552399557319, 0.08296226351729923, 0.07992284857669994, 0.0807018696006508, 0.07400929504952161, 0.08102257518636313], [0.07008580247181746, 0.07460590249741803, 0.07381055823949743, 0.07060509304714123, 0.07226408543524714, 0.07978505859703204, 0.07986956122329528, 0.08045394168338103, 0.08289461842164637, 0.08002850052169662, 0.0805136824140924, 0.07408188954126725, 0.08100130590646776], [0.07008312566586626, 0.07468466218653481, 0.07385852939339922, 0.07063299137926747, 0.07224672121210905, 0.07961598538941778, 0.08001387420168445, 0.08053804242273752, 0.08273850276600744, 0.08013487887941484, 0.08031655951956863, 0.07417403551025745, 0.08096209147373519], [0.07016245381272043, 0.07483401626797848, 0.07396601433457899, 0.07075765907301852, 0.07227023597567901, 0.07935255868195334, 0.08018662667703932, 0.080589518435268, 0.08244072318282462, 0.08023366903057333, 0.0800208111568689, 0.07435958052351833, 0.08082613284797881], [0.07020939192354873, 0.07497254528749257, 0.0740635041911052, 0.07084657972352647, 0.07228198643788294, 0.07910702357576738, 0.08037551837376297, 0.08066232766736708, 0.08215344651184518, 0.08035343882754645, 0.07973913839005639, 0.074522841091242, 0.08071225799885652], [0.070059463480796, 0.07481690136808682, 0.0739401375657911, 0.07065720101459644, 0.07221686764440229, 0.07934242209744842, 0.08028259666324329, 0.08070725557583595, 0.08241888723480224, 0.08034332555899708, 0.07998966579345668, 0.07431744684559169, 0.08090782915695191], [0.07091360265403325, 0.07442756142272973, 0.0743622641533649, 0.07067665275223747, 0.07408736667892477, 0.08308092409023168, 0.07840585563619708, 0.07975841636481502, 0.08021852734760682, 0.0791907657518964, 0.08083254479296993, 0.07319229213596734, 0.08085322621902549], [0.07064381715800179, 0.07432031497929523, 0.07420773707962094, 0.07045465010266237, 0.07383752716723659, 0.08333333333333331, 0.07849661965720943, 0.07986105789489538, 0.08040727237612286, 0.07929688280192289, 0.08099304428267307, 0.07309167616661029, 0.08105606700041568], [0.07073045206178656, 0.0746709242611953, 0.07459033742498515, 0.07052611853656046, 0.0741480647552966, 0.08297065171466188, 0.07879019413921304, 0.08030464478069202, 0.07957286198956354, 0.07963520301477045, 0.07991491310226312, 0.07329272253130933, 0.08085291168770266], [0.07066090270038332, 0.07451416790163438, 0.07440372146732194, 0.07047668716761067, 0.07396828825010505, 0.08271410807786202, 0.07872341085614283, 0.08017623878142308, 0.08004702643951327, 0.07955542435944374, 0.08047423685223522, 0.07321233045256033, 0.08107345669376403], [0.0700976885618092, 0.07404178415049802, 0.07377260669275873, 0.07005233253768524, 0.07314579048029554, 0.08274494850699403, 0.07868755874191567, 0.08007976840163575, 0.08138707639520217, 0.0794660925038508, 0.08195937375602458, 0.07293629721498145, 0.08162868205634882], [0.07032038349903827, 0.07423160895703723, 0.07403650652226695, 0.07020701396270392, 0.07350221858803574, 0.08288641321002169, 0.07870908751659786, 0.08010381186298786, 0.0807548377531825, 0.07952513149313913, 0.08125310781647788, 0.07302923968865421, 0.08144063912985691], [0.07066954427090409, 0.07474995805863913, 0.07467071278281137, 0.07046976598124055, 0.07417488370324958, 0.08333333333333333, 0.07887149362928415, 0.08043193184158653, 0.07924427955145352, 0.07972813940485869, 0.07951102205326432, 0.07331488375545406, 0.08083005163392065], [0.07066275960882579, 0.07497562052917746, 0.07486866705030557, 0.07050138212201797, 0.07423326264859692, 0.08276559406727466, 0.07911943967336822, 0.08071747960863535, 0.07884875284400314, 0.07997853463697072, 0.07898537684302871, 0.07348528411438786, 0.08085784625340765], [0.07123219597897594, 0.07565747602679128, 0.07564003371035534, 0.07103917125010514, 0.07494756155732538, 0.08282538897933875, 0.07914661867971474, 0.08055372468843286, 0.0775285476142722, 0.07983381432709152, 0.07754821865951685, 0.07400106682872971, 0.08004618169935032], [0.0713615993619259, 0.07555099273487433, 0.07559425283287703, 0.07110658212273709, 0.07507412455731184, 0.0831158748668245, 0.07889669124153452, 0.0803493036889152, 0.07766102662596883, 0.07962885988309004, 0.07776111406481104, 0.07390934872744694, 0.07999022929168256], [0.06915058138104004, 0.0743436225233321, 0.07365734171986406, 0.06950250120810794, 0.07213292189303494, 0.08033120934696326, 0.0803559634058995, 0.08188969217133367, 0.08108571703883666, 0.08114441125269899, 0.08035568732831254, 0.07334082383790178, 0.08270952689267465], [0.06919024375977414, 0.07425123941364828, 0.073567316062537, 0.06954350774801824, 0.07208786459172123, 0.08046691060797816, 0.0801738427626152, 0.08159068637269032, 0.08150596584172613, 0.08087869024039593, 0.0807100328190999, 0.07330576197450583, 0.08272793780528984], [0.0691865480421479, 0.07413723181460152, 0.0734979402766109, 0.06949550113004169, 0.07211433713726009, 0.08077424708083916, 0.07993905263321396, 0.08138248475526003, 0.08173552172789261, 0.08066852562499827, 0.08100934643440834, 0.073172399287884, 0.08288686405484168], [0.06922675108880136, 0.07405483442171126, 0.07344887994329988, 0.06950414762437838, 0.07214657087012943, 0.08104452113320826, 0.079734291157903, 0.08116174779925195, 0.08199340330115681, 0.08045786220715531, 0.08131252894277025, 0.07309284166568657, 0.0828216198445474], [0.06926938977554471, 0.07400099212996346, 0.07346251241374485, 0.06947852600533319, 0.07227898818705097, 0.0813654581709793, 0.07954808026021572, 0.08103845633997156, 0.08190072266904871, 0.08032945248917062, 0.0814663691048639, 0.0729763509393719, 0.08288470151474112], [0.06936357160061123, 0.07404369443582849, 0.07355823791636015, 0.06952058577188429, 0.07245481463057747, 0.08148024811284361, 0.07949152396981972, 0.08101914460940582, 0.08161016892613182, 0.08031456147736277, 0.08136874227202444, 0.07295872826621863, 0.08281597801093142], [0.0694339712812538, 0.07421279086879835, 0.07374723743627988, 0.06957271014116506, 0.07262806545678328, 0.08132541680285213, 0.07966911581483521, 0.08124577581033385, 0.08104448470232836, 0.08054890568099256, 0.08083265220471235, 0.0730529015774177, 0.08268597222224743], [0.06923033976295734, 0.07436543986718061, 0.07382115227381805, 0.06944301198786716, 0.07248690441074797, 0.08113378913748481, 0.08012703458210815, 0.08177515128514971, 0.08046528587846723, 0.08106296516516073, 0.0800691914407676, 0.07316872251094368, 0.08285101169734689], [0.06896738726299563, 0.07434687756058903, 0.07369545169325169, 0.06927858505941262, 0.07216116779696384, 0.08080945279271828, 0.08044472752871193, 0.08213926806501327, 0.08041961487236308, 0.08136762460095459, 0.07982945388824361, 0.07320705554544911, 0.08333333333333333], [0.06899550859544176, 0.0743690892533886, 0.0736765780387335, 0.06934804967131436, 0.07209197084527749, 0.0805641961079506, 0.08052249624675702, 0.08216903093369457, 0.08060843522543061, 0.08138971963633002, 0.0799266894808902, 0.07329497080423923, 0.08304326516055202], [0.06914494298386188, 0.07429739900018424, 0.07366080875509998, 0.06944667138243044, 0.07221447957972495, 0.08057454669087423, 0.08023396176126958, 0.08183046681238021, 0.08101783809267336, 0.08107550304177488, 0.08040291907720692, 0.07323590423421054, 0.08286455858830889], [0.06915621653384367, 0.07426829338115283, 0.07360604015623116, 0.06948503619786218, 0.07214035241329907, 0.08044475405032385, 0.08020251080506328, 0.08172585788796051, 0.08127522203152021, 0.0809866181773371, 0.08057055093461937, 0.07326544911467572, 0.0828730983161111], [0.06914913504230338, 0.07410331144538085, 0.07352236830070562, 0.06939665849762072, 0.07221733815548825, 0.08090578457352456, 0.07985644701711125, 0.0814123492015368, 0.08144979618509497, 0.08067719002943344, 0.08092986597448087, 0.07304642224398596, 0.08333333333333333], [0.06925153329513425, 0.07423108630319412, 0.07368660257226056, 0.06946433969095929, 0.07241013147804713, 0.08099779879335635, 0.07993451367486505, 0.0815420508116772, 0.08102747242105279, 0.08081192610027865, 0.08062124411436165, 0.07310457591169375, 0.08291672483311921], [0.06919721071435755, 0.07420512623175889, 0.07363099550487963, 0.06943832665789648, 0.0723115517848701, 0.08082256046409943, 0.07997436994688743, 0.08156900235655933, 0.08116046182667865, 0.08082943254141235, 0.08067768091595433, 0.07311228389348196, 0.08307099716116383], [0.06917270168608419, 0.07430253978030532, 0.0737222692233632, 0.06941896620919374, 0.07235194540456305, 0.08090781451463676, 0.08014224434457916, 0.08178461045351258, 0.0807626807977941, 0.08104196369298355, 0.08028722407869611, 0.07316405835751241, 0.08294098145677557], [0.06915476873074408, 0.07411244586611518, 0.07350688692743947, 0.06942770935360232, 0.07216808887800623, 0.08085882263416383, 0.07989021440928899, 0.08141122304112129, 0.08157409018853276, 0.08068073801752014, 0.08097067066361656, 0.07309211143724141, 0.08315222985260791], [0.06927955398080514, 0.07406709711624769, 0.07354705805539227, 0.0694692410388244, 0.07236827037614374, 0.08125891786492796, 0.07963164731563573, 0.08117484943448629, 0.08154984184426145, 0.08045775036724936, 0.08119749698315558, 0.07298884476861901, 0.08300943085425143], [0.06935005416270792, 0.07417184164264126, 0.07367519194366547, 0.06951765108296722, 0.07250836649829935, 0.08119196719978049, 0.07971212677851082, 0.08128982283521691, 0.08119175868580589, 0.08057784685990732, 0.08090477127253984, 0.07304137780795274, 0.08286722323000487], [0.06933661499279649, 0.0743423139178408, 0.07383901156665987, 0.0695113964299325, 0.07259520543986477, 0.08130080780078518, 0.07996341833833187, 0.08158515935308094, 0.08057577439573242, 0.08088848663937274, 0.08026094371821113, 0.07314009419380835, 0.0826607732135831], [0.0694693904493697, 0.07429819003480612, 0.07384450870761142, 0.06959791467323213, 0.0727177816954997, 0.08147046131398156, 0.07974246451320517, 0.08132952805681277, 0.08074698052356462, 0.08064829311841659, 0.08054560758014964, 0.07309786974409545, 0.08249100958925501], [0.06921676094895499, 0.07403857128117994, 0.07347860239773314, 0.06944582167570966, 0.07224071571927972, 0.08117734005555216, 0.07967416568842255, 0.08118457409733919, 0.0817549683186213, 0.08046563030431807, 0.08126392916420126, 0.07300772426899384, 0.08305119607969419], [0.06941980312393942, 0.07410469416928223, 0.0736384281842473, 0.06955867204056256, 0.0725536852341273, 0.08141957350120681, 0.07952172708632553, 0.08106698817001885, 0.08139654038432105, 0.08036699250687797, 0.08120524661208818, 0.07298749499538348, 0.0827601539916191], [0.06952040024769074, 0.07418530782807559, 0.07375497744770307, 0.06962594654213182, 0.07271471221412457, 0.08153990259298358, 0.07951998765302574, 0.08107433106253674, 0.08110160771715184, 0.08039130097555042, 0.08098920042171584, 0.07302109983106275, 0.08256122546624735], [0.06891949666889567, 0.07465586649121872, 0.07378223767797473, 0.06944718402443244, 0.07184620089239448, 0.08006254932936235, 0.08125562614081294, 0.08261992467657783, 0.08046417653677596, 0.08195887587190472, 0.07907804491923698, 0.07369554726284472, 0.0822142695075683], [0.06885491477182328, 0.07458718358460645, 0.07376286422671438, 0.06933164857108727, 0.07189401513934751, 0.08032282352171817, 0.08112697295398223, 0.08274866382439085, 0.08026309610808886, 0.08196927885547158, 0.07911600307015029, 0.07355190583980482, 0.08247062953281437], [0.06887732609775354, 0.07456339158817489, 0.07382660569057393, 0.06926882324263053, 0.0720771179842302, 0.08078393527236627, 0.08093330950561019, 0.08268851504118163, 0.07985290136987959, 0.08190205117782139, 0.07909197866670029, 0.07341246965211932, 0.08272157471095824], [0.06903131325956294, 0.07474377209064374, 0.07406808048264613, 0.06936896273431072, 0.07235936223362985, 0.08123504596692928, 0.08090509959202366, 0.08260254214385111, 0.07924990365118513, 0.0819324593388226, 0.07867283493325003, 0.07348206864646063, 0.08234855492668429], [0.06917956028521813, 0.07529893177881877, 0.07452489237400092, 0.06961652598772938, 0.072503680503389, 0.0810166080843843, 0.08146988507145482, 0.08302268166248515, 0.07825671795547098, 0.08239495761363164, 0.07741937563477855, 0.07398182778411512, 0.08131435526452342], [0.06919903214450664, 0.07557270946714302, 0.07461316974024994, 0.06980504505252857, 0.07228183484916827, 0.08025619814052773, 0.08224602616782382, 0.08249687621971787, 0.07827984782621107, 0.08293716383027619, 0.07699540168438664, 0.0744094722279471, 0.08090722264951322], [0.0691424767558091, 0.07548345128940827, 0.07442952762125284, 0.0698372687680982, 0.07202090438410973, 0.079799342517466, 0.08257888931797752, 0.082245221445101, 0.07883066634363814, 0.08294873754090751, 0.0772432999345451, 0.0744925287287604, 0.08094768535292637], [0.06905728721061442, 0.0751917820883173, 0.07415902500645538, 0.06973641963621359, 0.07186772898421044, 0.07971808533195515, 0.08220069073460581, 0.08245978230218519, 0.07956295024734973, 0.08258399344163761, 0.07787556074260872, 0.07428117920204969, 0.08130551507179681], [0.06891297965274686, 0.07478543940637598, 0.07386402178513227, 0.0694855169006146, 0.07181933489082194, 0.07998039105056112, 0.08152494638043821, 0.08272230733534054, 0.08020450753647658, 0.08218792090079657, 0.07871117737737862, 0.07383424361055431, 0.08196721317276237], [0.06882950555995947, 0.07466322381080714, 0.07380665592378713, 0.06933617467309851, 0.07186218372552265, 0.08027321175418929, 0.08130337482512592, 0.0829027567366753, 0.08009641516838843, 0.08214532797147414, 0.07886274500973914, 0.07362992435918475, 0.08228850048204811], [0.06881199779810793, 0.07466608886807675, 0.0738654927234072, 0.06926304609148354, 0.07197962325714681, 0.08062199028606183, 0.08122063577835194, 0.08300586323097403, 0.07970791962546458, 0.08219379629589847, 0.07873332085258195, 0.07353482041589944, 0.08239540477654543], [0.06886401883199895, 0.0746993281129269, 0.07393280294301562, 0.0692835422246936, 0.07208803835272042, 0.08081285268703335, 0.08115745199815796, 0.08289126565034938, 0.0795172666003069, 0.08216814277905157, 0.07867298639217019, 0.07352251959094881, 0.08238978383662632], [0.06890126084825589, 0.07487193976221433, 0.0740762520900916, 0.0693493134579517, 0.07213612528391605, 0.0808100107004858, 0.08138158391671438, 0.08290863453833858, 0.07917130228399037, 0.08242609325264731, 0.0782531371165076, 0.07367239930503909, 0.08204194744384727], [0.06882712249696464, 0.07490503743951638, 0.07397910790020225, 0.06939787038506441, 0.07185597719993435, 0.08018450178746778, 0.08176007852959544, 0.08303703894670253, 0.07955814585284157, 0.08263130457155836, 0.0781950462669016, 0.0738594230502859, 0.08180934557296486], [0.06893149968084827, 0.07517186234648679, 0.07419450296216015, 0.0695510971604639, 0.07193483050069, 0.08008489705793219, 0.082141069