[[0.07334964162709866, 0.07489622179007785, 0.0730383737135102, 0.0808592482722133, 0.07174294805663667, 0.08138803761888613, 0.08079436465765738, 0.07565415069246585, 0.08247142028629884, 0.07448135300436391, 0.07509457840308481, 0.08160971275591278, 0.07461994912179357], [0.07335865786101499, 0.07485099844756819, 0.07308346944994717, 0.08113332340939412, 0.07173713918722892, 0.08126892462663336, 0.08058947624873004, 0.07556565852392381, 0.08275135553135955, 0.07440716379480931, 0.07499286954094846, 0.08171940464839386, 0.07454155873004806], [0.07338726961133302, 0.0748116992316941, 0.07315456811513266, 0.08147806514107266, 0.07175519154513442, 0.08109674392460363, 0.0803436317857117, 0.07547467943387132, 0.08301896437320244, 0.07433725611264747, 0.07488975786767664, 0.08178579548190769, 0.0744663773760121], [0.07343814680434264, 0.07480738105671296, 0.07324218767919935, 0.0817920546481049, 0.07178621827600784, 0.08098567949284469, 0.08017085594232648, 0.07542461761013593, 0.08296226971940547, 0.0742995543686033, 0.07482140160020753, 0.08184534458261773, 0.0744242882194911], [0.07353360748738759, 0.07483111032883348, 0.07338017164074713, 0.08216240588840014, 0.07187306108925978, 0.08082664333479135, 0.07996666525067943, 0.07539399027924362, 0.08271615006217618, 0.07429186099432002, 0.0747770368140843, 0.08183641788064819, 0.07441087894942902], [0.07354421561769499, 0.07480546779827046, 0.07342110559573532, 0.08240943771212117, 0.07184737765457548, 0.08074284562357674, 0.07983288144586621, 0.07533187139400252, 0.08294545584581732, 0.07422875676823025, 0.0746891089530611, 0.0818565711871433, 0.07434490440390512], [0.07354373269617125, 0.07476583513321655, 0.07346691721050774, 0.08271565277636464, 0.07175533860157554, 0.08068257516149731, 0.07967551802978469, 0.07523708149516065, 0.08333333333333333, 0.07411239450570763, 0.07453424713868347, 0.08195203213590474, 0.07422534178209246], [0.07365508238798098, 0.07481951088244727, 0.0736265999634027, 0.08305051752665789, 0.07180017396875873, 0.08060131180337672, 0.07952991327739665, 0.07522859104372996, 0.08294488912550776, 0.07409927604785378, 0.07447706384420605, 0.08195966367750887, 0.07420740645117269], [0.07372964263201685, 0.07486772111161177, 0.07374011857708247, 0.08333333333333331, 0.07177490174985798, 0.0806128883073487, 0.07946753413889432, 0.07522603394561642, 0.08256000554856989, 0.0740679503713202, 0.07440860035422864, 0.08203768949221807, 0.07417358043790126], [0.07398368713281817, 0.07505935911515801, 0.07405058752942703, 0.08278753447977674, 0.0719265477806465, 0.08058250125193189, 0.07940552352195945, 0.0753373024502606, 0.08202077284385415, 0.07416372805965774, 0.07444513127235769, 0.08197373001217031, 0.0742635945499818], [0.07419678193095976, 0.07522749060075543, 0.07431561988962868, 0.08270196567394884, 0.07201346918063162, 0.08053288998000067, 0.07933922420292992, 0.07542886954150614, 0.08144927716479386, 0.0742255604034373, 0.07445021031433399, 0.08179777433504706, 0.07432086678202666], [0.07436436431944249, 0.07533496914967866, 0.07453334229105767, 0.08311184232720081, 0.07210044232494216, 0.08035685133339537, 0.0791831874348103, 0.07546586880795823, 0.08102023795741603, 0.07425665682926152, 0.07443118183550014, 0.08149439996782994, 0.07434665542150666], [0.07450255941897319, 0.0754770613514299, 0.07469443600880918, 0.08300748373435204, 0.07211375288367593, 0.08043343104357342, 0.07919421056004801, 0.07556296883446881, 0.0805500092942775, 0.07430760386207928, 0.07444657389404452, 0.08131334298989608, 0.07439656612437218], [0.07463258750579997, 0.0756154195950656, 0.0748342790638247, 0.08262738884408646, 0.07216149025696361, 0.08051016777235966, 0.079224630976205, 0.07567257410099598, 0.08020795843336492, 0.07438518393514086, 0.07450013753906205, 0.08115461740223323, 0.07447356457489818], [0.07473403810868046, 0.07576687945999597, 0.07492491178316445, 0.08214321246373758, 0.07215990420858369, 0.08067229206620517, 0.0793309949321143, 0.07581263240404487, 0.07980000584149215, 0.07446974758994568, 0.07456991010316012, 0.08105531743770326, 0.0745601536011722], [0.07467549450910313, 0.07579215132055389, 0.07483659467559091, 0.0824472422217326, 0.0720093496918883, 0.08084180091373994, 0.07944820117799473, 0.0758560955473735, 0.07948183391478716, 0.07444748595677518, 0.07455356622010545, 0.08106732400465075, 0.07454285984570434], [0.07462778845872725, 0.0758550747881705, 0.07474396415609873, 0.08275229687475309, 0.07185538325721899, 0.08102693886750698, 0.07959253175483973, 0.07594546136151986, 0.07902465326625274, 0.07445538790827375, 0.07456902966402833, 0.08099444942485208, 0.0745570402177579], [0.07453095885762885, 0.07591481814101476, 0.07456306066668662, 0.0825542886109601, 0.07170803625291654, 0.08133321182522076, 0.07988582662200323, 0.0760820822829925, 0.07864554456839454, 0.07451014196175738, 0.07466186477055811, 0.08098848983525987, 0.07462167560460672], [0.07338719630695179, 0.07497024948974292, 0.07302908610338209, 0.08049812481326703, 0.07187321685272773, 0.08131254749287624, 0.08092406199856711, 0.07578284252298483, 0.08222903975576672, 0.0746347804414042, 0.07528587018917958, 0.0812965722287711, 0.07477641180437858], [0.07338290323199466, 0.07490197322040228, 0.0730704596793299, 0.08084011665755113, 0.0718413199592925, 0.08121238924317989, 0.08068353755303573, 0.07566020226158997, 0.08261149648597164, 0.07452463210206327, 0.07514094184934299, 0.08146874958956031, 0.07466127816668577], [0.07338501431343532, 0.07486593104149708, 0.07309863841054681, 0.0810527008921085, 0.07183051252251797, 0.08113319670977336, 0.08053949607286175, 0.07559294248018199, 0.08283249048877925, 0.07446629064771965, 0.07506254899816292, 0.08154026788130044, 0.07459996954111496], [0.07339721923104799, 0.07480634632593076, 0.07316832430604277, 0.08153016404543906, 0.07178450378439397, 0.0810227234079023, 0.08028438589069684, 0.07546438136773717, 0.08311352578797858, 0.07434057334004675, 0.0748906744482185, 0.08172861549522728, 0.07446856256933797], [0.07337779551862601, 0.0748497999705866, 0.07310353485867345, 0.08114357967599829, 0.07179774416275742, 0.08114823578973072, 0.08050856011269963, 0.07556268342862799, 0.0828845937379328, 0.0744288390076013, 0.07501518039081922, 0.08161767864024416, 0.07456177470570238], [0.07347481955360093, 0.07481439055209647, 0.07328971390462365, 0.08190567312707892, 0.07184551455358924, 0.08088111070941892, 0.08007784323760059, 0.07541720630594045, 0.08295057507957697, 0.07431225138281887, 0.07482520168960163, 0.08177100122435502, 0.07443469867969842], [0.07355235907743037, 0.0748356384773325, 0.07339651357351076, 0.08216066843359873, 0.07193163058970645, 0.08073773541756553, 0.07991720531840119, 0.07540043616168203, 0.08279012776226514, 0.07431959675868541, 0.07480714076150083, 0.08171336420196527, 0.07443758346635566], [0.07355654688668345, 0.07480487699261393, 0.07344008709183965, 0.0824715079467684, 0.07186217882679785, 0.08070117112010655, 0.07979068370995383, 0.07532287596007979, 0.08297726937274555, 0.07422554662784275, 0.0746803809540601, 0.08182618420688378, 0.07434069030362435], [0.07359279967014797, 0.07477939172426154, 0.07351802540157384, 0.08282737207733167, 0.07187291964125377, 0.08051723557801553, 0.07957193799633333, 0.07524637767343921, 0.08333333333333333, 0.07416193878125504, 0.07458244440068838, 0.08172396829486048, 0.07427225542750593], [0.073708842891851, 0.07483844211752073, 0.07368533806850315, 0.08312884762869954, 0.07190951019861298, 0.08046324415196457, 0.07944003370461673, 0.07524001524675786, 0.08289959661148809, 0.07414536504677545, 0.07451913954530454, 0.08177072577652808, 0.07425089901137737], [0.07375534448452749, 0.07486616105265752, 0.07376249146531029, 0.08333333333333333, 0.07187470900276983, 0.08048120488487669, 0.07939177083610395, 0.07522892894494136, 0.08267636722431854, 0.07410969638174028, 0.07445517958054461, 0.08185133599982233, 0.07421347680905378], [0.0738776122874613, 0.07495714833398698, 0.073917458612817, 0.0830947692283178, 0.07192954170386365, 0.08048673859384846, 0.07936018598193624, 0.07527513000622958, 0.08238577977356897, 0.0741416186691879, 0.07445410181558178, 0.08187739897398334, 0.074242516019217], [0.07402357829001861, 0.07506535627516936, 0.07409784043411106, 0.08282711535060124, 0.07201320834317713, 0.08046287218222353, 0.07931818258782612, 0.07533506905212936, 0.08207212327978275, 0.07419211108522371, 0.07446917779310291, 0.08183379489283149, 0.07428957043380278], [0.07412300060054383, 0.07513898003511638, 0.07421858563849439, 0.0826387348928216, 0.07207836783041285, 0.0804348569747622, 0.07928641009425881, 0.07537826919610682, 0.08188022803811851, 0.07423223064361424, 0.07448704379552344, 0.08177592962733174, 0.07432736263289519], [0.07425195008517427, 0.07523180487077424, 0.07437681240231797, 0.08249871050666326, 0.07216185472770216, 0.08037703379993855, 0.0792295684116133, 0.07542947863868933, 0.08162096505641443, 0.07428034945645062, 0.07450495387003797, 0.08166426135371986, 0.07437225682050402], [0.07430850624467787, 0.07527930617053881, 0.07445645488672686, 0.08278455077958499, 0.07213889020768878, 0.08036181407351413, 0.0791998742217378, 0.07544350044541062, 0.08134086066151919, 0.07426855595603644, 0.07446834378523154, 0.08159008410990437, 0.07435925845742844], [0.07455482070464955, 0.07544061973159075, 0.07476795390187231, 0.0830522617176322, 0.0722939359147073, 0.08014229045562889, 0.07900116324868843, 0.07551306585104733, 0.08079681417323642, 0.07433839026349016, 0.0744729518278495, 0.08120401633063505, 0.07442171587897208], [0.07465567324455717, 0.07555107657722596, 0.07488636242043385, 0.08297212748153715, 0.07228314824380797, 0.08022959541639445, 0.07902056838707333, 0.07558822855724437, 0.08042896379217906, 0.07437023717141093, 0.07447695042282786, 0.08108386683692502, 0.07445320144838263], [0.07433597396615792, 0.0753333687404086, 0.07449646038226213, 0.083108003627488, 0.07204409274089903, 0.08043285488393197, 0.07924441183227966, 0.07547264759278864, 0.08098084147180733, 0.07424278094205314, 0.07442194026007587, 0.08155200916119143, 0.07433461439865628], [0.07478205344868993, 0.07566953153946782, 0.07502900228980879, 0.08268796933346834, 0.07234266036767859, 0.0802514231761716, 0.07901137279432818, 0.07567396101383787, 0.0801458971063143, 0.07443602606625145, 0.07451747440508306, 0.0809351540538171, 0.07451747440508306], [0.07493318263829762, 0.07584482131690486, 0.0751854434404303, 0.0822165717354894, 0.07238300014629237, 0.08035125583944626, 0.07906280714943738, 0.0758181361454861, 0.07972372844318912, 0.07453293687252036, 0.07458734996872747, 0.08074627816642146, 0.07461448813735751], [0.07491652529730332, 0.0758827916239514, 0.0751511028247594, 0.08223345827992908, 0.07229700184241829, 0.08047380846644951, 0.07914817853761964, 0.07586375794635085, 0.07951936558145294, 0.07453290144260939, 0.07458846797393567, 0.0807750767254952, 0.0746175634577253], [0.07486333746054484, 0.07592487477503039, 0.07506572674818848, 0.08265438311055563, 0.07212660993081829, 0.08063287268907829, 0.07925673452859935, 0.07591986302122244, 0.0791282237926664, 0.07451057228943378, 0.07456806013938183, 0.08074814704236641, 0.07460059447211394], [0.07488599035506951, 0.07601555284038176, 0.07506727218276421, 0.08306084337325711, 0.0720383020118288, 0.08067109378143576, 0.07928130333369059, 0.0760049054277653, 0.07866831796427222, 0.07453104862222734, 0.07457638195725116, 0.08057495650546982, 0.0746240316445863], [0.0747311699165023, 0.07599706969704897, 0.074838024201149, 0.08296396424393597, 0.07186133552997631, 0.080968942679453, 0.07955364635016277, 0.07606469807584786, 0.07853832096656363, 0.07452662666594394, 0.07461599591709016, 0.08071134262116816, 0.07462886313515783], [0.07342828148208488, 0.07497969849997267, 0.07307164006240774, 0.08049215602059978, 0.07197773509517064, 0.08113787173719522, 0.08079488971920605, 0.07578864658554343, 0.08232118537085287, 0.07467889881655243, 0.07533047349484927, 0.0811803128417525, 0.07481821027381239], [0.07342212074188903, 0.07487721972608397, 0.07313413997690141, 0.08106925905833542, 0.07192925929228956, 0.0809742201135037, 0.0804387073833208, 0.07560419114818706, 0.08289601393888817, 0.07451256928336869, 0.07511102757261345, 0.08138692253095761, 0.07464434923366113], [0.07342053349934954, 0.07491184022385046, 0.07310751881638373, 0.08085635885902252, 0.0719412325818873, 0.0810458956832433, 0.08057245375483323, 0.07566886701665415, 0.08268726502653476, 0.07456945410642431, 0.07518744300050466, 0.08132707308341132, 0.07470406434790068], [0.07339988571294682, 0.07483934646212627, 0.0731349042723567, 0.08125090442479103, 0.07185641169215683, 0.0810021521685731, 0.08038163218990367, 0.07554006487798906, 0.08305577744253119, 0.07443339342098977, 0.07501344341638173, 0.08152819300590716, 0.07456389091334659], [0.07344037695720888, 0.07483446133755536, 0.07319227989953947, 0.0814040717860789, 0.07193151098566089, 0.08083648229512574, 0.08022078736060576, 0.07551287026465414, 0.08318236453813199, 0.07443714783137684, 0.07500379955301309, 0.08143970154756404, 0.07456414564348501], [0.07349512266562219, 0.0748281166104545, 0.07329293667619169, 0.08178156719258795, 0.07194431112223357, 0.08075731917142953, 0.08004459844657437, 0.07544983974810118, 0.08306857920178663, 0.074379212080275, 0.0749069264818596, 0.08155017729990172, 0.07450129330298208], [0.07341253261747395, 0.0748027026414898, 0.07317918031519711, 0.08152208326330192, 0.07185835361584697, 0.08087581016242003, 0.08019955013196835, 0.07546503394985189, 0.08333333333333334, 0.07437225165853052, 0.07492733507816338, 0.08155292392052207, 0.0744989093119007], [0.07357030717377823, 0.07483910051268955, 0.07340786742525322, 0.08210081678977908, 0.07200563033564694, 0.08062278820450884, 0.07985885587598314, 0.07541037748951192, 0.08295705135583457, 0.07435753922403775, 0.07485090004566908, 0.08154427438402706, 0.07447449118328064], [0.07362781015315469, 0.07485753646506846, 0.07348980421387892, 0.08229131149370979, 0.07205262407827952, 0.080548660638936, 0.07975616150825346, 0.07539743927978433, 0.08279428194885512, 0.07435456238325688, 0.07482622754462555, 0.08153521269500455, 0.0744683675971929], [0.07363066253684518, 0.07483873726878311, 0.07351415778151056, 0.08246992459702, 0.07202101861596395, 0.08051359324940993, 0.07967883174354444, 0.07535319928757532, 0.08293182740721268, 0.07430449371226182, 0.07475851065918632, 0.08156846839040575, 0.07441657475028078], [0.073674850458067, 0.07483481376123237, 0.07359174420255556, 0.08271753606607854, 0.07204060171519894, 0.08039720313958339, 0.07952682914619476, 0.07530782353453595, 0.0830536979192407, 0.07426700195128717, 0.07469252983207182, 0.08152010454158047, 0.07437526373237331], [0.07371857331814363, 0.07483436404517536, 0.07368318674620268, 0.08313447348281454, 0.07199553706810764, 0.08035049476620384, 0.0793936543046907, 0.07524957183837265, 0.08299480167459855, 0.07418996125536004, 0.07457458924081264, 0.081586190792034, 0.07429460146748391], [0.07375381173292585, 0.07484899857013846, 0.07374044331982589, 0.08333333333333333, 0.07198889993291463, 0.0803336778637904, 0.07934015160766521, 0.07523682303767713, 0.08284060790821732, 0.07416842930778247, 0.07453349315636539, 0.08160999001577467, 0.07427134021358911], [0.07379407202609406, 0.07487974731550726, 0.07379232186941555, 0.08320653777251465, 0.07200248939594518, 0.0803516137905797, 0.07933480984574891, 0.07525222567733239, 0.08274936520459698, 0.07417689333423048, 0.0745305775354734, 0.08165041962439976, 0.07427892660816166], [0.0739033975306993, 0.07495161638571428, 0.07393676095748491, 0.08314278303206304, 0.07205078922501752, 0.08033087406777506, 0.07926732584646085, 0.07527790023872315, 0.08247875588298294, 0.07419282389453598, 0.07451302378916314, 0.0816623341861088, 0.07429161496327108], [0.07401518798342496, 0.07503253464847806, 0.07408039737208147, 0.08296011306149016, 0.0720984726709216, 0.08032557520744449, 0.07923315435296412, 0.07531588426295369, 0.082232300263659, 0.07421777116852527, 0.07450654648701611, 0.0816682832347065, 0.07431377928633451], [0.07412845734586664, 0.07511599121450667, 0.0742201422492034, 0.0827243434137563, 0.07216570939508467, 0.08030592458689173, 0.07920124750622946, 0.07536256286456915, 0.08201171000361684, 0.0742582115032754, 0.07452006657772128, 0.08163408478773343, 0.07435154855154524], [0.07436686485848835, 0.07528269385364454, 0.07451023537032911, 0.08234169846274549, 0.07234257982989549, 0.08019424155987712, 0.0790948052645321, 0.07545700005523949, 0.08159232021990787, 0.07435693010611767, 0.07456655856275742, 0.08144998054074835, 0.07444409131571698], [0.07451227028935703, 0.07537601588159781, 0.0746991550988083, 0.08255982334963449, 0.07241963368241441, 0.08007295952602611, 0.0789789523721471, 0.07549097962966722, 0.08122715492328457, 0.07438581801310365, 0.07455306583950082, 0.08125568108737916, 0.07446849030707929], [0.07459361054224212, 0.07545475370908088, 0.07481256012589967, 0.08292626389253692, 0.07236509639999107, 0.08007384366834608, 0.07895694059588004, 0.07552128457839324, 0.08082468684368684, 0.07436793573823555, 0.07449909663027306, 0.08115438428741513, 0.0744495429880195], [0.07446272185189579, 0.07536771119984678, 0.07464979281458493, 0.08288397824366729, 0.07227445382513993, 0.08018401395144321, 0.07905212370946751, 0.0754792273008929, 0.08108636212606829, 0.07432316849003856, 0.07448633796392676, 0.08134156098930477, 0.07440854753372327], [0.07439125281216134, 0.07530653878775216, 0.07454976420389975, 0.08254998397738517, 0.0723039592907613, 0.08020488811198336, 0.07908772775087596, 0.07545963123467316, 0.08141969906553882, 0.07433647601028032, 0.07453034769735353, 0.08143645233087908, 0.07442327872645621], [0.07422743193304951, 0.07519475283375437, 0.07434254277743442, 0.08252116213280723, 0.07220907877261469, 0.08030648369298815, 0.07918734454524555, 0.07540801474318735, 0.08179245320737948, 0.07429043523184538, 0.07452761327220787, 0.08161088793481824, 0.07438179892266768], [0.07445433698577683, 0.07535694409304808, 0.07463675921408126, 0.08279814604245418, 0.07229222598584518, 0.0801778025120525, 0.0790510884226272, 0.07547579246161261, 0.08115910744089028, 0.07433016909167674, 0.07449893694120836, 0.08135316205459571, 0.07441552875413118], [0.0743432145354784, 0.0753077885911174, 0.07450342392869524, 0.08293246259543362, 0.07213379635498252, 0.08034459240096356, 0.0791793946817879, 0.07545377591170961, 0.08119158239189826, 0.07426671497217445, 0.07445304616492486, 0.08153355407412764, 0.07435665339670657], [0.07465615666109766, 0.07551695298220601, 0.07489107455669469, 0.08299054201685413, 0.07235347807695601, 0.08011060046386646, 0.07894908933516664, 0.07555645551206927, 0.08058346569710223, 0.07437684119275041, 0.07448751317112419, 0.08107002507939451, 0.07445780525471778], [0.07475539550675918, 0.07561072543610038, 0.07500677923542282, 0.08284345182449879, 0.07238366253886681, 0.08013872226923086, 0.0789407294930619, 0.07561994989506923, 0.08032420966557494, 0.0744183308155514, 0.07450589228986194, 0.08095402937448418, 0.07449812165551754], [0.0748780973373894, 0.07573499584047587, 0.07514346837951508, 0.08255951482998165, 0.07242479360365736, 0.08018448549789654, 0.07894844741844304, 0.07571230207681998, 0.08001599522461125, 0.07448202421550398, 0.074544420822523, 0.08081058292878124, 0.0745608718244016], [0.07497608833092273, 0.07583544754523179, 0.07525000001666358, 0.08231589558573382, 0.072463957061362, 0.08021104568501518, 0.07895307632148185, 0.07578946447054961, 0.07978112630381923, 0.07453836895840321, 0.07458212575420685, 0.08068688997798129, 0.07461651398862876], [0.0750195876571136, 0.07593665222247115, 0.07528038220621881, 0.0821813030922588, 0.07240005472539644, 0.08034632061949024, 0.07904043795363072, 0.07588385588247228, 0.07944029967269006, 0.07457333559225096, 0.07460680315765805, 0.08063674130627671, 0.0746542259120724], [0.07502694975591413, 0.07601414787302455, 0.0752711926722259, 0.08259895237564666, 0.07227799868387885, 0.08042949321666151, 0.07908333477885367, 0.07595286872160624, 0.07899505754281065, 0.07457066687249955, 0.07459140821419169, 0.0805330858252509, 0.07465484346743573], [0.07500801772451442, 0.07606006131018155, 0.0752290407419397, 0.08290369844896521, 0.07217773074572965, 0.08050190739559815, 0.07913696485462583, 0.07600517726653104, 0.078697555314214, 0.07456957546877171, 0.07458869854939523, 0.08046445675231374, 0.07465711542721981], [0.07493311086186435, 0.07609728743332352, 0.07510453122585704, 0.08333333333333334, 0.07201287936718566, 0.08063686452596522, 0.07925763219706544, 0.0760740901243306, 0.07833753685855344, 0.07456257722734912, 0.07459354769465307, 0.08040008807585428, 0.07465652107466503], [0.07476184110704162, 0.07608539946493251, 0.07483854714457105, 0.08281463022570662, 0.07185234153545597, 0.0810142252600911, 0.07962077760082335, 0.07616769174494427, 0.07827093063136578, 0.07459293676838916, 0.07468439537515727, 0.08059829900440107, 0.0746979841371201], [0.0742603659838198, 0.07519903719460103, 0.07437997754264168, 0.0825720992450252, 0.072287795813833, 0.08020478271572619, 0.07911407337074344, 0.07540725929237897, 0.0818045400867713, 0.07431776921865134, 0.07455240522837597, 0.0814927954775501, 0.07440709882988217], [0.07410825078534722, 0.07508116331418158, 0.07419243714213196, 0.08295828435118487, 0.07221043620467395, 0.08020699321751286, 0.07913740426254987, 0.07533881790523976, 0.08209254117705074, 0.07426463790602017, 0.07453571118567254, 0.08151617156374412, 0.07435715098469033], [0.07395964331221896, 0.07497149142365062, 0.0740066141169824, 0.08333333333333333, 0.07213136595464208, 0.08021199002525468, 0.07917102293461833, 0.0752796708247662, 0.08236309348276073, 0.07421757888601951, 0.07452569137633383, 0.08151493891160216, 0.07431356541781702], [0.0739336563932599, 0.07495798586203375, 0.07396268070911231, 0.08314860169145799, 0.07214949548996027, 0.08021499198652811, 0.07920539205918767, 0.07528852105357048, 0.08250485132905172, 0.07423878391801415, 0.07456299471652292, 0.08149617561439787, 0.07433586917690288], [0.07384741850260004, 0.07490435595532471, 0.07384339519848143, 0.08313961697965071, 0.07212491701158774, 0.08022695931454246, 0.07926642381715267, 0.07527722742089808, 0.08272986315029088, 0.07423944719681258, 0.07459426810857922, 0.08146678526570615, 0.07433932207837332], [0.0737624172645655, 0.07487099307195834, 0.07370649193473457, 0.08284527237186025, 0.07213132775632161, 0.08027255811797497, 0.0793952286803595, 0.07530800647703784, 0.08292403111948711, 0.07428721211591434, 0.07468777231111476, 0.081417333432605, 0.07439135534606628], [0.07374106197764727, 0.07487485780061692, 0.0736599249811985, 0.08265163728924207, 0.07215237082221951, 0.0803054764177515, 0.07947142372320647, 0.07534220358648226, 0.0828935738256101, 0.07432899405953211, 0.07475091967029816, 0.08139238455675855, 0.07443517128943647], [0.07434308294306463, 0.0753690899788447, 0.07449843795844388, 0.08300689831993666, 0.07199962315205546, 0.0805395479139205, 0.07931606931194, 0.07550846951402722, 0.08083440450019223, 0.07424873086133697, 0.07442557224933148, 0.08156785269483431, 0.07434222060207188], [0.07463653592540881, 0.07558103700826607, 0.0748517538820809, 0.08281623840105358, 0.0722065251849159, 0.08038640818671292, 0.07913310083269441, 0.07562911225816138, 0.08031368049378945, 0.074371387686683, 0.07448275860383503, 0.0811340276715469, 0.0744574338648517], [0.07482980044096661, 0.07576235422030166, 0.07506626821279182, 0.08238047689511374, 0.07230983969941997, 0.08039876716725204, 0.07911148158876102, 0.0757635127039487, 0.07989806584709133, 0.07447987647572746, 0.0745546437511412, 0.08088134613524754, 0.07456356686223677], [0.07370568797917652, 0.07487452864084126, 0.07359837693923922, 0.08247598626524251, 0.07214226167829471, 0.08037719611507073, 0.07957619795889563, 0.07537424346263286, 0.08283696142560934, 0.0743583176984512, 0.0748027603207722, 0.08141018705612288, 0.07446729445965095], [0.07367686266145662, 0.07487963394414171, 0.07354288957257832, 0.08227827968921315, 0.07214227125018315, 0.08044023801585486, 0.07967947924845946, 0.07541199248203043, 0.08277829201894787, 0.07439526667987133, 0.07486239212646939, 0.08140544859306333, 0.07450695371773049], [0.07360045553015629, 0.07485297930466916, 0.0734322798113833, 0.08201957988683223, 0.07209121219503581, 0.08051179672002562, 0.07980096357172396, 0.07542886560983353, 0.08305097918603949, 0.07440444265614501, 0.07490206859824895, 0.08138421142172333, 0.0745201655081834], [0.07353112591596649, 0.07483247156594725, 0.07332755975890502, 0.08174034435882309, 0.07205278120610183, 0.08056659283975265, 0.0799190736849626, 0.07545293451906446, 0.08333333333333333, 0.07442354373319698, 0.0749523938931181, 0.0813246117417054, 0.07454323344912267], [0.07352360757464814, 0.07486691606724091, 0.07328852590868051, 0.08149455015746894, 0.07207231313784342, 0.08065280370941143, 0.08006651752653474, 0.07552527201314622, 0.08306523541089174, 0.07449162786444528, 0.07504609499089362, 0.08129191090690112, 0.07461462473189392], [0.07350776197140577, 0.07487488777320032, 0.07325790822916602, 0.08138031020363606, 0.07206065550641994, 0.08070564753915034, 0.08014405810750194, 0.07555166442423297, 0.08300478969279784, 0.07451108251504189, 0.07507786940205487, 0.08128739787537402, 0.07463596676001792], [0.07348301097808185, 0.07488669542620997, 0.07321011699806847, 0.08119721144546758, 0.07204346920938516, 0.08077933217082717, 0.0802609906057158, 0.07559216047100699, 0.08294419613677452, 0.07454141268542537, 0.07512736447870093, 0.081264840580946, 0.07466919881339025], [0.07347097659325484, 0.07491019071477824, 0.07317436434812018, 0.08100435202910686, 0.07204267315063204, 0.08084830734761748, 0.08038231948021311, 0.07564462642263678, 0.08280452632748654, 0.07458555376216641, 0.07519067704844498, 0.08122528882992151, 0.07471614394562127], [0.07348431704278766, 0.07496375603418814, 0.0731526739064502, 0.08071583410702385, 0.0720971324711046, 0.08088177052363743, 0.08052179199465472, 0.07573930443585575, 0.08253579781077049, 0.07468263218581071, 0.07531540228869232, 0.08109318241401271, 0.07481640478501145], [0.0734906198746442, 0.07501521589695254, 0.07312526172287191, 0.08043649387995752, 0.07212856555046569, 0.08093655358023798, 0.08067919032688776, 0.07583092786728439, 0.08227458273586359, 0.07476825319071341, 0.07542739375045747, 0.08098135768121914, 0.07490558394244431], [0.07345192448252832, 0.07495539994310363, 0.07311658196306968, 0.08068020197741103, 0.07202729917410881, 0.08099109485834056, 0.0806123351506421, 0.07573739884064391, 0.08251772502578357, 0.07465624939615696, 0.07529192779708575, 0.08116998946929244, 0.07479187192183327], [0.074584889335961, 0.07548328344677488, 0.07480516964119281, 0.08311246499418366, 0.07225822378210059, 0.08020513579297374, 0.07902159022206687, 0.07554042120947485, 0.0806077515900221, 0.07433734466489385, 0.07445951041390651, 0.08116313888039149, 0.07442107602605758], [0.07443757136808114, 0.07538823883400407, 0.07462869761576947, 0.08333333333333334, 0.07212065720239207, 0.080310237009642, 0.07912230468878097, 0.07548625347617983, 0.08078579231031498, 0.07426584285281194, 0.07441655334909451, 0.08135065782237029, 0.07435386013722546], [0.07463592834796132, 0.07567264207879572, 0.07481692173689906, 0.08233051530905319, 0.07211153711872674, 0.08067956932026965, 0.07935259411563424, 0.0757432529858415, 0.08003837469007814, 0.07441572893543495, 0.07453566029681316, 0.08115996569054339, 0.07450730937394894], [0.0744945204200259, 0.07550814182698704, 0.07467220068758096, 0.08279069427103851, 0.07206680575232544, 0.08056671034422291, 0.07929356914708331, 0.07560492817253668, 0.08045347907106128, 0.07432023423438248, 0.07446410284865974, 0.08135295974591482, 0.07441165347818092], [0.07414138417587085, 0.0751845327168277, 0.07424094400774096, 0.08249549134228992, 0.07201366783718811, 0.08056025416080038, 0.0793736457198388, 0.07541395810634428, 0.0816744991951398, 0.07422640052636377, 0.07447172924024056, 0.08188042458496819, 0.07432306838638672], [0.07426249181341868, 0.07529524496714891, 0.07440086661228527, 0.08294692369950764, 0.07198424431961908, 0.08054107103925397, 0.07933518458244626, 0.07546393162153237, 0.08110395165867448, 0.07422507548197552, 0.07442435643911174, 0.08169689935786127, 0.07431975840716483], [0.07466406133613686, 0.0757457822260385, 0.07483263823008134, 0.082226088414499, 0.07206619146363062, 0.08079200857219235, 0.07942522762910847, 0.07581519281338307, 0.0797517491730274, 0.07444416480884097, 0.07455821756499519, 0.08114071994117626, 0.07453795782689007], [0.07459872466192832, 0.07578707715896593, 0.07472653954734616, 0.08255592477982614, 0.07189363945529739, 0.08100129782700462, 0.07957664405741954, 0.07588242626350479, 0.07933532655131632, 0.07443105304425797, 0.07455379026109787, 0.08112643479335048, 0.07453112159868432], [0.07495352685277741, 0.07622931111064857, 0.07506331375867503, 0.08286429557898836, 0.0719808571620317, 0.08076663210610413, 0.07946730504938183, 0.07624541741218997, 0.07797317205442414, 0.07467122474145843, 0.07471588283930747, 0.08029796497365017, 0.07477109636036304], [0.07502870071286016, 0.07620326274413901, 0.07519668012439534, 0.08313298728236067, 0.07206873940606662, 0.0805841253358593, 0.07924582302876278, 0.07616340690436109, 0.07810739632121869, 0.07463561493099374, 0.07465094845989924, 0.0802533075082259, 0.0747290072408573], [0.07341530687234869, 0.07494856499568675, 0.07322581036423366, 0.08131684497204195, 0.07134817171687807, 0.0820823404439629, 0.08075328178985568, 0.0755432643072946, 0.08138565265169236, 0.07418939599765742, 0.07467428518840769, 0.08279277142491105, 0.07432430927502932], [0.07338554011409418, 0.07487671502297769, 0.07320419807682893, 0.08158594157746787, 0.0713924071289424, 0.08182433536750669, 0.08059745799430146, 0.07546893993652383, 0.08175097391692261, 0.0741608517635048, 0.07465022934015927, 0.08280910746259178, 0.0742933022981784], [0.07340425189280703, 0.07484588656231898, 0.07325689022053578, 0.08185076107654593, 0.07139198400704576, 0.08164984967698985, 0.08040424075899498, 0.0753975628266597, 0.08195450272909853, 0.07410119489284746, 0.07456496115367815, 0.08294805292672047, 0.0742298612757572], [0.0734307963665606, 0.07482419977153602, 0.07330923076159475, 0.08210325654077441, 0.07142833630364955, 0.08146390154775811, 0.08023506078786742, 0.07534584192874126, 0.08217984075692546, 0.07407195186219165, 0.07451770055121712, 0.08289281950321674, 0.07419706331796694], [0.07351671899142408, 0.07486103722028088, 0.07344020106026465, 0.08227308581867349, 0.07144151286284302, 0.0813636007660847, 0.08008438523068341, 0.0753232236629123, 0.08210369885192467, 0.07403983185771394, 0.07444375642841969, 0.08294826489335104, 0.07416068235542415], [0.07362834324514554, 0.07494538198140584, 0.07358294635386056, 0.08220122370097858, 0.07148069664390393, 0.08134754172645267, 0.08003669952364414, 0.07536194933907132, 0.08185469618429007, 0.07406105948477845, 0.07443094630933389, 0.0828893938022232, 0.07417912170491185], [0.07373946007294818, 0.07508725404409221, 0.07369551169948747, 0.08174840668929324, 0.07149627358235919, 0.08153759030714508, 0.0801813277082019, 0.07548772891510885, 0.08136443718467917, 0.07413819030967302, 0.07448997767558636, 0.08277646522893366, 0.07425737658249161], [0.07367624033120974, 0.07515083059156379, 0.07356838142728887, 0.08112854325108919, 0.07138469697094593, 0.08199296472579042, 0.08057523315013841, 0.07561903390867214, 0.08086620134581805, 0.07420093524076488, 0.07458960196375175, 0.08291843394441495, 0.0743289031485518], [0.07347180369126081, 0.07504200132092571, 0.07329680619469396, 0.08093131197233307, 0.0712422339982618, 0.0823060960260237, 0.08084830698900887, 0.0756024136967223, 0.0808267029291877, 0.07417053263885293, 0.0746218410859036, 0.08333333333333331, 0.07430661612349204], [0.07341996290963305, 0.07500193386837192, 0.07322106402720831, 0.08099132365296438, 0.07126748085343916, 0.08232882735865796, 0.08090827378850969, 0.07559940034517948, 0.08098241794346626, 0.07419289205739658, 0.07467270088976793, 0.08308307600094925, 0.07433064630445617], [0.0734700224668448, 0.07497510345551218, 0.07331282856360165, 0.08138229516854839, 0.07133357961004656, 0.08203467508168359, 0.08065510182649498, 0.07552519434061229, 0.08133246568539898, 0.07415517393475418, 0.0746079346121565, 0.08292825531588909, 0.07428736993845662], [0.0734130326185544, 0.07491387093135608, 0.07324295323547253, 0.08149929132264572, 0.07134693434846762, 0.08194198233485855, 0.08062344867332498, 0.07548708446839036, 0.08155193429361998, 0.07414641201664478, 0.07461907222254605, 0.0829349767347374, 0.07427900679938167], [0.07345884405984307, 0.07488433368138768, 0.07334778871551706, 0.08183015533946386, 0.07133135794715892, 0.08167902163137887, 0.08033911093238497, 0.07538462987150125, 0.08171127019714149, 0.07404954459624073, 0.0744744588062662, 0.08333333333333333, 0.07417615088838247], [0.07359678100095823, 0.07502410805283906, 0.07350068092498178, 0.08158131962447651, 0.0713872559064338, 0.08179040958205436, 0.08040575517971178, 0.0754930998899646, 0.08134717675239707, 0.07412525751044673, 0.07452277855980306, 0.08297448700831545, 0.07425089000761768], [0.07352276493740953, 0.07496634887824753, 0.07340988046412227, 0.08162368023222165, 0.07135072595434228, 0.0818118309781997, 0.0804366712157585, 0.07546146077312488, 0.08145951874961911, 0.0741018166101113, 0.07451902864821916, 0.08310710304601929, 0.07422916951260479], [0.07357268331138539, 0.07505415387907304, 0.07344814870253033, 0.08130580498959417, 0.07134719516017225, 0.08199922979388721, 0.08058445994219621, 0.07555401154498577, 0.081118917383886, 0.0741586537564671, 0.074573298910381, 0.08299535290181506, 0.0742880897236262], [0.07343234158164649, 0.07486563469834043, 0.07330624534597557, 0.08184993773121778, 0.07135050369908555, 0.08167700203864396, 0.08036631023984131, 0.07538746022779699, 0.08181734879929936, 0.07406709023882321, 0.07450821211574007, 0.08317727186073307, 0.0741946414228559], [0.07356544375134051, 0.07492424336738171, 0.07349602488418283, 0.0820600137570956, 0.07142028203550486, 0.08147860466691455, 0.08015257151492336, 0.07537109930841572, 0.08180082582060069, 0.07405499292921403, 0.07444458531410308, 0.0830550124186403, 0.07417630023168291], [0.07365467948861489, 0.0750220343370886, 0.07359344179600255, 0.08181429200477215, 0.07144426882421946, 0.08157479345836524, 0.08021710949791833, 0.07544942548596935, 0.08149040450259377, 0.07410478863751131, 0.07447660653919053, 0.08293222298739475, 0.07422593244035908], [0.07374391179296677, 0.07516975930567209, 0.07366470205336076, 0.08128944077234594, 0.07144871346373413, 0.08183018776361856, 0.08043575400068563, 0.07560251754824437, 0.08096228071093717, 0.07420232421635786, 0.0745688039291101, 0.08275504091176127, 0.07432656353120519], [0.0738101584635117, 0.0751717395632763, 0.07376713579800406, 0.08157113307956194, 0.07151912959501963, 0.08160980641547616, 0.08024473029265691, 0.07556196309882213, 0.0811087415833544, 0.07418879982334708, 0.07452953526996531, 0.08260882798170052, 0.07430829903530363], [0.07348552057619498, 0.07486355796683837, 0.0733927282645226, 0.08210409943710713, 0.07139753265969587, 0.081486554546121, 0.08018841459498595, 0.07534483043242016, 0.08197678720251488, 0.07404347121421291, 0.07445885569729087, 0.08309084683862746, 0.07416680056946799], [0.07368749266643837, 0.07500406559183667, 0.07365068858727072, 0.08206013013223455, 0.0714989893978762, 0.08138622860465305, 0.0800586350801501, 0.07540465272171434, 0.08166935964982733, 0.07408824490944048, 0.0744448237293844, 0.08284089280631254, 0.07420579612286124], [0.07380113344954566, 0.07510484909599172, 0.07378212141138836, 0.08186877192842534, 0.07155771990934696, 0.08139269082648566, 0.08005740005244323, 0.07547453328751946, 0.08141612339938521, 0.0741421991331101, 0.07447439638857851, 0.0826700381405356, 0.07425802297724425], [0.07330382914377566, 0.0750467320883414, 0.0729770428433917, 0.08023257648561187, 0.07128560746989031, 0.08271437470527883, 0.08153069920322613, 0.07580469890939683, 0.08084403167200087, 0.07438783918128877, 0.07497151884288068, 0.0823624252798047, 0.07453862417511219], [0.0733430179895089, 0.07506596695888992, 0.07304824235240656, 0.08030085539001652, 0.07123809991275921, 0.08282827167078112, 0.08142738813807261, 0.07577804805599377, 0.08068113564952327, 0.07433433669710188, 0.07488373239390536, 0.08258809416981287, 0.07448281062122798], [0.07346414600312094, 0.07514958432963753, 0.07322034789559209, 0.08042469290554266, 0.07122607363604701, 0.08277824947543187, 0.08126730248159911, 0.07578383736412109, 0.08033724649002935, 0.07430231679582004, 0.07479308043897662, 0.08280670848359574, 0.07444641370048598], [0.07360452105471611, 0.07530242867994363, 0.07337981281685267, 0.08075981350264402, 0.07122934322830009, 0.08269990060798318, 0.08122859707120797, 0.07588810237567249, 0.07979391190958651, 0.07434822592475548, 0.07479448731471533, 0.08247975042351247, 0.07449110509011003], [0.0736584865658797, 0.07555147936384396, 0.07332366791319049, 0.08046847722179376, 0.07121516257145552, 0.08305888681673866, 0.08168706218040317, 0.0762353077101691, 0.07884837626633574, 0.07458846933707293, 0.07507170668284364, 0.08154965872262546, 0.07474325864764782], [0.07356702359386214, 0.07558872571496462, 0.07311001727789151, 0.07978695907713047, 0.07131850317967538, 0.08259045367684578, 0.08236766711989314, 0.07644091829136512, 0.07884519937345928, 0.07481582560274355, 0.07540781657389362, 0.0811786403525936, 0.07498225016568177], [0.07343820341899684, 0.07545463232248352, 0.072942481423043, 0.07940649970095351, 0.07139108515642803, 0.08237049693382582, 0.08266574926662926, 0.07638721662835944, 0.07934906322340722, 0.07484630878942365, 0.07551038004491316, 0.08122234756358968, 0.07501553552794674], [0.0733563696647556, 0.07528220385025383, 0.07289875075648779, 0.07938889238068932, 0.0714010427621681, 0.08256672813419844, 0.0823393562513019, 0.07618852405384648, 0.08002454521062186, 0.07472310759492708, 0.07538940313008945, 0.08155377384938263, 0.07488730236127757], [0.0733087816557697, 0.07510695051574556, 0.07294455789899837, 0.07991970443476981, 0.07130316212359332, 0.08280250976232703, 0.08176231274951143, 0.07590742413504073, 0.08061519288104486, 0.07447348316338051, 0.07508108098315702, 0.08214652821466384, 0.07462831148199789], [0.07333903232250691, 0.07510102453124554, 0.07301925811687848, 0.08008812510081874, 0.0712379376891599, 0.08296125822736944, 0.08157918080180715, 0.07584121243231108, 0.0805362080864753, 0.0743833534309693, 0.07494830509378196, 0.08243045961266691, 0.07453464455400946], [0.07340747459854488, 0.07516273779530062, 0.07311696272315338, 0.08024696648363847, 0.07119089971055252, 0.08305073185455782, 0.0815101090177649, 0.0758536395074128, 0.08020465908907332, 0.07435254938168162, 0.07487737286452208, 0.08252391593851045, 0.07450198103528714], [0.07346396513009466, 0.07521017988662022, 0.0731899912302046, 0.08040174011771196, 0.07119267697342248, 0.08295133535304805, 0.08145311836315745, 0.07587254693586357, 0.08003580709298433, 0.07435350436324054, 0.07485564727121555, 0.08251799664188299, 0.07450149064055338], [0.07348954820633116, 0.07529551530263394, 0.07318350495817545, 0.08035807761470748, 0.07119116841736037, 0.0829645722149714, 0.08163865158213233, 0.0759864018304434, 0.07971948925724695, 0.07443225457606203, 0.07494485453687551, 0.08221203769874226, 0.07458392380431773], [0.07334840997053521, 0.07521143992475274, 0.07296845955073547, 0.07982548915595619, 0.07123373775760648, 0.0830760729708395, 0.08196734018811366, 0.07601538687641908, 0.08005549162071397, 0.07451114680009996, 0.07510752243841552, 0.08201011675766105, 0.07466938598815112], [0.07340452615667745, 0.07534534911342387, 0.07297453533289659, 0.07969845239150847, 0.07128668397093647, 0.08276643191827555, 0.082291