[[0.07170321477870362, 0.07069459130535856, 0.07361828011775647, 0.07583517614616742, 0.08083618893719922, 0.08104401169866803, 0.08026651948053935, 0.08249298067204991, 0.08143669835809608, 0.07530066732935858, 0.07449063601798844, 0.07072350737905005, 0.08155752777906441], [0.07172459953231324, 0.07071224283143762, 0.07365428212264419, 0.0757304240710421, 0.08114821926844182, 0.08089174256097176, 0.08008249776469291, 0.08276527228716722, 0.08131829055048981, 0.07519231391413192, 0.07441585142404052, 0.07072752494837807, 0.08163673872424872], [0.0717770753752035, 0.07076439360285447, 0.07371562063726335, 0.07562257446411559, 0.08152051542568114, 0.08069536511342328, 0.07986324060388653, 0.08302615743126558, 0.08114791919799481, 0.07508295483139629, 0.0743475363227607, 0.07076396360268646, 0.08167268339146819], [0.07184576354917685, 0.07082705418281922, 0.07379992007514692, 0.07555867396816215, 0.08182663474506374, 0.08056738045831835, 0.0797141247135959, 0.08297059489503433, 0.08103835140624226, 0.0750123751259296, 0.07431469758527429, 0.07081104640096536, 0.08171338289427119], [0.07198015885368778, 0.07095410689814768, 0.07392887932403035, 0.07551143794431857, 0.08218785061445678, 0.08040082053662054, 0.07953884635604863, 0.08272956170380204, 0.08088111472035658, 0.0749629685914408, 0.07431087730419225, 0.0709211903650433, 0.08169218678785461], [0.07200962611342762, 0.07094621443818777, 0.07397071377024574, 0.07543571327125317, 0.08242914653689688, 0.08030537038918557, 0.07942251810763507, 0.08295373016735363, 0.08079810670197458, 0.07487351019896073, 0.07425125307759098, 0.07089804429808484, 0.0817060529292035], [0.07201483224718366, 0.0708711269360176, 0.07402737117395908, 0.07531809602771589, 0.08272867364628937, 0.08022194282138945, 0.07929205541390419, 0.08333333333333333, 0.0807384538466332, 0.07471973420882759, 0.07414256675736185, 0.07079536087151682, 0.08179645271586793], [0.0721736606084272, 0.07096693584308998, 0.07420632740831437, 0.07530024313922654, 0.08289643741401231, 0.08013964698398011, 0.0791881643424733, 0.08295362690251114, 0.0806627666903753, 0.07467627934624925, 0.07415289133452001, 0.07086474159286289, 0.0818182783939577], [0.07228276119284889, 0.07099940174581912, 0.07436848545392043, 0.0753066210696968, 0.08285258995171511, 0.08015293132413698, 0.07916886676462824, 0.08258044499178153, 0.0806847910408526, 0.07464448554612213, 0.0741658343938156, 0.07087100227085742, 0.08192178425380514], [0.0725293344174992, 0.07115231076018508, 0.07466573146833297, 0.07536734468754042, 0.08252058480856754, 0.08012623624380168, 0.07912550334592378, 0.08205266420422318, 0.08064933838281146, 0.0746610884470795, 0.07425145642297727, 0.07098850026628706, 0.08190990654477094], [0.07273395375820214, 0.07125327588253069, 0.07494299515848442, 0.07542472227196932, 0.08251128550494671, 0.08009913488140978, 0.07909032585470759, 0.08149519347826055, 0.08060113955610382, 0.07466670081388195, 0.07432306105511566, 0.07105372222314278, 0.08180448956124457], [0.07293945925384386, 0.07138671523579296, 0.0751793839519877, 0.07544903700807669, 0.08285074408952392, 0.07996211816242453, 0.07897305891622693, 0.0810801261196521, 0.08043391518418204, 0.07466166670815302, 0.07437826680528124, 0.07115841900329078, 0.08154708956156416], [0.0729795092366031, 0.07133194537794606, 0.07532281644758063, 0.07548545318146002, 0.08333333333333333, 0.07998421800566737, 0.0789930661445682, 0.0806112258536776, 0.08042648089019903, 0.07464202969777275, 0.07439663200520953, 0.07107829620063091, 0.08141499362535136], [0.07309158543423493, 0.07139336499993598, 0.07549223853658124, 0.07559487632845231, 0.08296843413099511, 0.08003314123954944, 0.07905763347523519, 0.08028483274587941, 0.08044184125292043, 0.07471740614706085, 0.07449878081542566, 0.07112555573651128, 0.08130030915721814], [0.07315149990770932, 0.0714045306585154, 0.07563395151226085, 0.07574997863532514, 0.0824855813213769, 0.08016557176274493, 0.07920991429655978, 0.07990419245408924, 0.08052667501855167, 0.07482831563823002, 0.07462374873665904, 0.07112759145982138, 0.08118844859815619], [0.07311956790388338, 0.0713541339020651, 0.07566591393620348, 0.07588096832484781, 0.08209296976348822, 0.08033600080130014, 0.0793941462124632, 0.07964564177997714, 0.08065604854148119, 0.0749269779103053, 0.07471289125195392, 0.07107930124574463, 0.0811354384262865], [0.07310783973513361, 0.07132938835143263, 0.07572242828126953, 0.07607670559680856, 0.08157328253936649, 0.08052783654231256, 0.07962763105251736, 0.07927800663517172, 0.08077461688684563, 0.07508437678339609, 0.07485846003438075, 0.0710593148775201, 0.08098011268384521], [0.07297618244917665, 0.07122420520018176, 0.07564253684790961, 0.07628387415767073, 0.08102749853777802, 0.08082671066396599, 0.07997022614099882, 0.07897045838813174, 0.0809857065276283, 0.07526289013981854, 0.07498888539173318, 0.07097497387799256, 0.08086585167701414], [0.07177369151495165, 0.07081077706704068, 0.073600242030511, 0.07598882135601091, 0.08050218915592698, 0.08105006869998345, 0.08038265546301432, 0.08225733962620004, 0.08136433442582612, 0.07549210353955217, 0.07463838355944073, 0.07086645505793414, 0.08127293850360767], [0.07177592543978226, 0.07080339071984933, 0.07363026836021662, 0.07584346087952709, 0.08088510937559193, 0.08089206677892276, 0.08016345704846578, 0.08262886557324628, 0.08126342413166081, 0.07533806999982964, 0.07452618623152306, 0.07084102416092453, 0.08140875130045987], [0.07178742383522622, 0.07081116296618353, 0.07365399574512116, 0.07576541800387351, 0.08110614615673874, 0.08078831928492541, 0.08003362712785939, 0.08284422744291595, 0.08118475560279939, 0.07525636990919733, 0.0744689904315023, 0.07083863566232097, 0.08146092783133595], [0.07180492722823227, 0.07080379504935881, 0.07372462943500462, 0.07561323177483979, 0.08157114694900743, 0.0806280864446056, 0.07980886724349569, 0.08311852163140568, 0.08107523955510701, 0.0750825614092888, 0.07435092257028057, 0.07080447973219037, 0.0816135909771833], [0.07177092958993984, 0.07078186731868746, 0.07366167876518323, 0.07572864866868173, 0.08119463427978575, 0.08078610280322442, 0.08000665799901706, 0.08289505620350293, 0.08119918183516917, 0.07520912001562631, 0.0744331866934543, 0.07080210063929869, 0.08153083518842905], [0.07190878783571696, 0.07090447852926682, 0.07383960610873798, 0.07554932214927537, 0.08193724302000144, 0.08047001465289799, 0.07963086405415631, 0.08295903902431208, 0.08093533678178547, 0.0750133422595964, 0.07432764606075734, 0.07088717675164304, 0.08163714277185245], [0.07202825424241024, 0.07102936720119751, 0.07394151460857616, 0.07552614198663479, 0.08218650884508986, 0.08032860420563893, 0.0794932985468934, 0.08275727327634068, 0.08079493105651075, 0.07499502079829444, 0.07434175816300283, 0.07100203840194304, 0.08157528866746744], [0.07203304911176765, 0.07096808377645908, 0.0739872014191885, 0.07542432824894531, 0.08248974685398923, 0.08026525062680086, 0.0793848483085058, 0.08298480479423936, 0.08075687586395103, 0.07486350435480033, 0.07424824736043426, 0.07091771801351032, 0.08167634126740803], [0.07214810393976685, 0.07105050647567326, 0.07409002542384666, 0.07535638347280191, 0.0828393060196979, 0.08009007838791339, 0.07920508589127126, 0.08306494876524813, 0.08058365795307085, 0.07478884875069856, 0.07421761575965347, 0.0709819018155502, 0.08158353734480778], [0.07224967092240892, 0.07107332541930826, 0.07423116259113631, 0.0752970050576752, 0.08313293219896895, 0.08001304144238733, 0.07909308930371417, 0.0829082604353088, 0.08052057373870403, 0.0746952017006513, 0.07417778176721533, 0.07097508202907162, 0.08163287339344973], [0.07232246379018914, 0.07108371496001056, 0.07434870531243448, 0.07529401772614887, 0.08306875316841209, 0.08002999928789085, 0.07908075705923295, 0.08269160535452078, 0.08054735914162554, 0.07466110567168385, 0.07417781724383458, 0.07096458117001252, 0.0817291201140039], [0.0724325597759024, 0.0711338111112835, 0.07449666136355516, 0.07530919356545315, 0.08296704133088148, 0.0800288847188526, 0.07905989028692643, 0.08240639859191629, 0.08054868065425974, 0.07464731438899429, 0.07420209889835255, 0.0709933643857164, 0.08177410092790592], [0.07259267802276467, 0.07123872508049817, 0.07468448810128647, 0.07535224369233981, 0.08269300924712603, 0.0800124874657316, 0.0790354364898483, 0.0820999663534314, 0.08052624184932297, 0.07466486711134535, 0.07426178118827531, 0.07107696468723684, 0.08176111071079314], [0.07270300722425677, 0.07131751407401267, 0.07480800837862275, 0.07538457269330837, 0.08251031646144714, 0.07999254349576246, 0.0790156224813111, 0.08191245386243586, 0.08049913709969665, 0.0746832298347903, 0.07430674786344921, 0.07114297325949297, 0.08172387327141385], [0.07286255743746078, 0.07143669296481682, 0.07498161467712813, 0.07543244050021443, 0.08226661598352872, 0.0799535666752732, 0.07898217742845808, 0.0816615071836963, 0.08044702731335604, 0.07471397507693485, 0.07437415154346104, 0.07124516863868574, 0.08164250457698598], [0.07290725101561824, 0.07142169950977549, 0.07507960612014877, 0.07543665687799156, 0.08253378451540548, 0.07995010830145687, 0.07896947945651342, 0.0813899655212431, 0.08043504771856456, 0.07468682310209819, 0.07437527243048923, 0.07121222808878622, 0.08160207734190873], [0.07320329708656968, 0.07163091684706531, 0.07540457123779898, 0.07548401959739105, 0.0827978961032732, 0.07976655120420131, 0.07881746538638357, 0.08086211273924294, 0.0802116818816466, 0.07470104795883108, 0.0744680880724075, 0.07138513736424357, 0.08126721452094529], [0.0732377049466001, 0.07158618269044786, 0.07552906576386198, 0.07552670436372212, 0.08304036105855493, 0.07980366034603564, 0.07885238723115671, 0.08050092459178694, 0.08022560594393774, 0.07469638269094761, 0.0744932320952116, 0.0713199474318389, 0.08118784084589771], [0.07287089419725643, 0.07130404869543318, 0.0751440390781776, 0.07544899937582727, 0.08292832657373886, 0.08003189868727255, 0.07902895756813612, 0.08104062371804538, 0.08050656273376819, 0.07464839931982536, 0.07435772393751061, 0.07107563789573614, 0.08161388821927239], [0.0733434671263554, 0.07164378123512753, 0.0756804659192216, 0.075596988950485, 0.08291139268875214, 0.0798012387650948, 0.07886531333471855, 0.08022598915841614, 0.08019673894978105, 0.07473899420416759, 0.07456452813803148, 0.07136273175413148, 0.08106836977571716], [0.0734502497367591, 0.07168620516679541, 0.07587173367467427, 0.07573731889777424, 0.08254371118812548, 0.0798708701694411, 0.07895957352524945, 0.07982513629016029, 0.08022042809717747, 0.07483305867359769, 0.07468744386761798, 0.07138923628892896, 0.08092503442369856], [0.07341908618487586, 0.07163298273482699, 0.07589707690986787, 0.0758202301683735, 0.08232304789596999, 0.07998735733824419, 0.07908192291354016, 0.07965046994799449, 0.08031262467294838, 0.07488907094386635, 0.07473932787503108, 0.07133542101710734, 0.08091138139735383], [0.0733981057536204, 0.07158626805044584, 0.07595456990995851, 0.07597957534975296, 0.08189800887839205, 0.08015797428550456, 0.07927870048363249, 0.07933943431849365, 0.08043077586227956, 0.07500831453523292, 0.0748524720264576, 0.07128960013854363, 0.08082620040768572], [0.07347663970194426, 0.07163920770499947, 0.0760913685956846, 0.07615982014894088, 0.08146040321899148, 0.08022604899571534, 0.07942417385176406, 0.0789753901355243, 0.08043010241301747, 0.07515280365361604, 0.07500812320727508, 0.07133910878736421, 0.08061680958516289], [0.07326792932397808, 0.07146120348925059, 0.07592403611721159, 0.07626438924077031, 0.08117432113740275, 0.08050592439863015, 0.07971059313801863, 0.07888138225908499, 0.08067112607158053, 0.0752396816998603, 0.07504031252522532, 0.07118300444077989, 0.08067609615820695], [0.07185613630769505, 0.07092891722081865, 0.07362322306845437, 0.07599637208550979, 0.08055464775390381, 0.08089143518147061, 0.08026700069366471, 0.08234621311560548, 0.08119215970148418, 0.07552836307300682, 0.07467599954796775, 0.07099224948334319, 0.0811472827670758], [0.07187002024825422, 0.07092871143396501, 0.07367703212694074, 0.07578360593597187, 0.08112182762042251, 0.08065326079656648, 0.07994301136730844, 0.08290616786890391, 0.08102899534377621, 0.07530193773649564, 0.074514185193214, 0.07096435927000994, 0.08130688505817103], [0.07185861098120742, 0.07092136652455007, 0.07365328105003158, 0.07585793216967704, 0.08091504935914637, 0.08074777119768117, 0.08006382361624614, 0.08270257324728286, 0.08110009521621314, 0.0753804552348034, 0.07456879095311045, 0.07096700986587377, 0.08126324058417651], [0.07182862590765758, 0.0708617564380915, 0.07368376663474163, 0.07570722077416996, 0.08129880702361807, 0.08064930238459919, 0.07989173841253283, 0.08306216212554948, 0.08105577687368094, 0.07520482778842051, 0.07443823458678613, 0.070883455795361, 0.0814343252547912], [0.07190937263207091, 0.0709647177224846, 0.0737295996916528, 0.07567744768025875, 0.08144748771042606, 0.08048880630520469, 0.07974774078404664, 0.08318576192600849, 0.08089267120115314, 0.07519124661480112, 0.0744427132056276, 0.07098472784656738, 0.0813377066796979], [0.071972098616413, 0.07101011400859204, 0.07382817923478746, 0.07559399047087577, 0.08181551100090417, 0.08037904925382722, 0.07959528593422975, 0.08307437051483063, 0.08081366769498319, 0.07509124828876775, 0.07438986662766278, 0.07100837040355709, 0.08142824795056902], [0.07186026740081472, 0.07089181512534466, 0.07372395467169203, 0.07562131242862546, 0.08156282870545019, 0.080505820859131, 0.07972893526669293, 0.08333333333333333, 0.0809310940074535, 0.07511643437553349, 0.0743807844072161, 0.0709013627537477, 0.0814420566649648], [0.07209938599740909, 0.07113741628793997, 0.07395907116767317, 0.07555759670585008, 0.08212993538612247, 0.08024083760995432, 0.0794439754678358, 0.08276293771123211, 0.08068682569746548, 0.07505130023681046, 0.07439400979218717, 0.07111916457064711, 0.08141754336887282], [0.07217471749348653, 0.07119809123133637, 0.0740305616779966, 0.07552923711771702, 0.08231487062486943, 0.08015965001326412, 0.07935424972720735, 0.08264738216303943, 0.08061161946258953, 0.07501856518424505, 0.07438755467988357, 0.07116917606816145, 0.08140432455620374], [0.07218631024472198, 0.07117762581520323, 0.07405836013361394, 0.07547543746781782, 0.08248932861349671, 0.08011364153244872, 0.07928784280200799, 0.08277145299814813, 0.0805769633321382, 0.07495121892522076, 0.07434113623893232, 0.07113678995973875, 0.08143389193651147], [0.0722727289520336, 0.07123345455310406, 0.07414099190906334, 0.07542285018498592, 0.08273160250198992, 0.07999571043019207, 0.07915977213661404, 0.08280776867809468, 0.0804642721075605, 0.07488990860449694, 0.07431512188598301, 0.07117709353804387, 0.08138872451783798], [0.07231452901692621, 0.07119456164533583, 0.07423089819566409, 0.07533174013661394, 0.08313874377550004, 0.079926654639012, 0.07904847225274518, 0.08283732738181525, 0.08041454788543362, 0.0747626734656325, 0.07423536638282198, 0.07110967197380155, 0.08145481324869784], [0.07234379839906957, 0.07118545387210548, 0.07428363704101705, 0.07529993223866029, 0.08333333333333334, 0.07990031097984124, 0.07900459802049091, 0.08276356091057635, 0.08039501967741622, 0.07471344654153021, 0.07420868812762443, 0.07108707632764664, 0.08148114453068833], [0.07237709306795163, 0.07119555434239926, 0.07433302495815734, 0.07530356651298142, 0.08320905778965959, 0.07991202193321288, 0.07900494508351201, 0.08272192761733077, 0.0804108744170611, 0.07470552920878276, 0.07421375017020432, 0.07108928902942703, 0.08152336586931982], [0.07246854571968471, 0.07122788147798698, 0.07445768638886753, 0.07528821064098762, 0.08333333333333334, 0.07987867575243081, 0.07895139730961988, 0.08249332749049898, 0.08038206972942362, 0.07466342102793298, 0.07421017204888593, 0.0711000173924025, 0.08154526168794517], [0.07260510657708551, 0.07131063120041864, 0.07462362385688763, 0.07532261285979959, 0.08301928626575565, 0.07987917964178008, 0.07893797980854815, 0.08225300982029146, 0.08038214874638754, 0.07467257132960366, 0.07425723241430257, 0.07116261635581925, 0.0815740011233202], [0.07273260842026284, 0.07139679382099343, 0.07477044729349949, 0.07535799274488844, 0.0827666689610382, 0.07986593516190649, 0.07891977129751418, 0.08203708587036174, 0.08036405243557955, 0.07468928595948394, 0.07430619342352934, 0.07123256004413495, 0.08156060456680747], [0.07302083488246894, 0.0716224224143405, 0.07506951915470902, 0.07543478055879466, 0.0823318849248346, 0.0797796282637294, 0.07884509152594847, 0.0816271877898241, 0.08025710869226135, 0.07474213227319969, 0.07442269102956996, 0.07142968946482008, 0.08141702902549938], [0.07322284008756007, 0.07176498937845663, 0.07529222981391134, 0.07547527554005116, 0.08229838747241856, 0.07969164401113157, 0.07876848502257315, 0.08127654357584124, 0.08014941338596776, 0.0747589579797576, 0.074491267170808, 0.07154764466848985, 0.08126232189303298], [0.07326954692440919, 0.07171341952811039, 0.07543703070915653, 0.07549014351575456, 0.082677583351028, 0.07970912405497009, 0.07877294360252678, 0.08088757115327853, 0.08015150962930279, 0.0747205446812976, 0.07449308071736321, 0.07146862901821954, 0.08120887311458265], [0.07311554436702877, 0.07159990098065419, 0.07527230311478308, 0.0754620251694503, 0.08260298647482235, 0.07980051572171673, 0.07884715917302743, 0.08114244894123622, 0.08026262434640767, 0.07470716847233344, 0.07444108250033196, 0.07137259485845777, 0.08137364587975], [0.0730597034902574, 0.07161928371229577, 0.07514802380119506, 0.07545357172058811, 0.082291410550179, 0.07980473178769351, 0.07886062653219182, 0.08146486235373825, 0.08027872190328081, 0.07473810514818115, 0.07443712891052505, 0.07141431060197645, 0.08142951948789753], [0.07284063368202459, 0.07145991308508248, 0.07490800254260668, 0.07539729724281184, 0.08250524387850586, 0.0798749133531276, 0.07892167143019696, 0.08182374563048436, 0.08036795340631961, 0.07470644114678071, 0.07435259099187139, 0.07127982007085716, 0.08156177353933075], [0.07311550961495868, 0.07161792188601242, 0.07525235472487485, 0.07546059650868366, 0.08252194707917118, 0.07979108657889439, 0.07884155716552486, 0.08121254859372436, 0.08025536354445437, 0.07471608104266966, 0.07444393380355979, 0.07139527802548433, 0.08137582143198745], [0.07293799092386385, 0.07142245997675765, 0.07513613470117383, 0.07544231130036502, 0.08266972249040308, 0.07994162799187395, 0.078959286340401, 0.08124557683451167, 0.08041993981771364, 0.07467692194180856, 0.07438081165017388, 0.07120372162778932, 0.08156349440316453], [0.0733061149720839, 0.07169686337450104, 0.07552845272361655, 0.07551256386622757, 0.08284698851265195, 0.0797177162184075, 0.07878032491032606, 0.08065363090658652, 0.08014626063568553, 0.07471322178944605, 0.07450843858846017, 0.07143736374134335, 0.08115205976066389], [0.07337536341286822, 0.07171489355689031, 0.07564821274201189, 0.07555562012432855, 0.08289654952893835, 0.0797174083068421, 0.0787869512352114, 0.08039978310173336, 0.08012616842123173, 0.07472759140422168, 0.07454868182945915, 0.0714404547093013, 0.08106232162696211], [0.07346606606615694, 0.0717502476854772, 0.0757990189273529, 0.07563324318707544, 0.0827735439284841, 0.07973577048911575, 0.07881923868223763, 0.08010171580201195, 0.08011618298311572, 0.07477152780723767, 0.07462053639068457, 0.07146031272869909, 0.08095259532235088], [0.07354783137362073, 0.07179482535206964, 0.07592223077016517, 0.0757063617147808, 0.08258967490226973, 0.07974820863964291, 0.07884809122457637, 0.07987803397822546, 0.08010350360062936, 0.074820867237373, 0.07469061902082853, 0.0714943638864882, 0.0808553882993301], [0.07356063190091287, 0.07176188945842708, 0.07602023651693576, 0.07583323255038057, 0.08227938342563976, 0.07987031868403549, 0.07898717007378622, 0.07957349449390805, 0.08018588608913904, 0.07490536945014947, 0.07478339975495175, 0.07145451322903568, 0.08078447437269828], [0.07361350319255816, 0.07177568579949765, 0.07615191201966698, 0.07600163917904577, 0.08185372819716381, 0.07997500919091913, 0.07913093641013397, 0.07921341950400837, 0.08023329986336739, 0.07503142263601092, 0.07492054486220295, 0.07146260445587704, 0.08063629468954803], [0.07361776531516001, 0.07176425992661876, 0.07620667743157894, 0.0761230861554588, 0.08155676619615257, 0.08006476961120519, 0.07927645891171027, 0.07898210962655731, 0.08027951384338906, 0.07512546358158062, 0.07501337386071173, 0.07145175319939671, 0.08053800234047988], [0.07356443934577019, 0.07170920128839633, 0.07621154626029907, 0.07628544647532134, 0.0811733910040674, 0.08022324558301847, 0.07951961105350491, 0.07871607224532974, 0.08037680006950368, 0.07525576805406542, 0.0751257206098937, 0.07140499025129346, 0.08043376775953648], [0.0732854581885989, 0.07147901924780577, 0.07596849876187989, 0.07639150610894278, 0.08089010435171146, 0.08056561834780017, 0.07985868024146409, 0.0786590891347637, 0.08067541960673318, 0.07534755060232286, 0.07514358885408771, 0.07120461406985377, 0.08053085248403591], [0.07290700239810906, 0.07155186507174473, 0.07492910605838184, 0.07539462480739301, 0.08257919583397456, 0.07978082003892102, 0.07884967673411465, 0.08183418314764983, 0.08026544482070856, 0.07472266604485374, 0.07437360096853804, 0.0713747868417215, 0.08143702723388943], [0.07275214291883074, 0.07146150702969578, 0.07473483680854215, 0.07534767570477606, 0.08292215472081445, 0.07977780498046046, 0.0788579635442392, 0.08211662478742145, 0.0802676750624572, 0.07470647185894085, 0.07431450595274498, 0.07130768759531547, 0.08143294903576116], [0.07261082730504745, 0.0713842855090334, 0.07455737679556479, 0.07532234628947813, 0.08315091762013052, 0.07978738998579377, 0.0788837226396431, 0.0823718686095754, 0.08027759644727263, 0.07471081611852999, 0.07427564693168863, 0.0712540528776057, 0.0814131528706365], [0.07257878961873673, 0.07138802638443524, 0.0745000151684411, 0.0753342341895461, 0.0830773513895843, 0.07979157955519452, 0.07890204196562117, 0.08246940587449789, 0.08027787266508907, 0.07473984669714377, 0.07428566121514325, 0.0712697035916308, 0.08138547168493593], [0.07248528481410163, 0.07134989486709994, 0.07437599177701631, 0.07534130646245536, 0.08314355919328031, 0.07980996120592079, 0.0789413839228357, 0.08261054700209305, 0.08029017540220214, 0.07477211195802227, 0.07428179583124177, 0.07125192963246305, 0.08134605793126773], [0.07240049710139122, 0.0713500742522394, 0.07424446399121583, 0.07541007282446581, 0.08285604124727965, 0.07987580960855979, 0.07904634054942587, 0.08268791554627945, 0.08034009293346508, 0.07487853325478497, 0.07433488666064016, 0.07128306884961724, 0.08129220318063546], [0.07237181996025527, 0.0713606810182141, 0.07419545749839765, 0.07545744946937231, 0.08266688484844079, 0.07991872467049406, 0.0791098989044049, 0.08265358033921807, 0.08037320077667327, 0.07494288331968309, 0.0743740353053673, 0.07130820892049203, 0.08126717496898703], [0.07281556974817886, 0.07121686190119021, 0.07514196171782912, 0.07546439868954409, 0.08304832306813673, 0.08011389535967987, 0.07909702008869839, 0.08089435359207578, 0.0805842967892674, 0.07463926868622847, 0.07434861049839432, 0.07098362213301862, 0.08165181772775822], [0.07313987173955977, 0.07145891130428547, 0.0754967210266823, 0.07555159860375325, 0.083107655401131, 0.0799285695114192, 0.07896085478284383, 0.08038558923804566, 0.08034538831786343, 0.07469352247258494, 0.07448143279350308, 0.0711912127210689, 0.08125867208725919], [0.07333061737597542, 0.07158993993994311, 0.07574154141578071, 0.07568324590718066, 0.08270670032327793, 0.07991923860813333, 0.078985330690375, 0.0799899752779699, 0.08029011659257211, 0.07478951465030413, 0.07461958547372934, 0.07130274976190525, 0.08105144398285319], [0.07231192814479583, 0.07132908399263307, 0.074132592172994, 0.0754990853281948, 0.08249523458533439, 0.07999526258028387, 0.07919863809771521, 0.08262893474890667, 0.0804435644243942, 0.07499428042508482, 0.0743980070528123, 0.07128960022451486, 0.08128378822233603], [0.07226859142062227, 0.07131714561873288, 0.07408172854751867, 0.07555249650969725, 0.08230280351133082, 0.08006882134963927, 0.07928944417047222, 0.08254294572363301, 0.0805074855490307, 0.07505929193008032, 0.07443596754685228, 0.07129114583178475, 0.08128213229060573], [0.07218532098749784, 0.0712558389187458, 0.07398785413730453, 0.07559551467655719, 0.08205250435860272, 0.08015619780659342, 0.07939668805763565, 0.08270558150236879, 0.08058250831573763, 0.07511336771110692, 0.07445383180555219, 0.07124608390285275, 0.08126870781944455], [0.07212173706907578, 0.07120591661346763, 0.07389743488204273, 0.07564504813383806, 0.08178288176377814, 0.08023228838404144, 0.0795006205714698, 0.08288321574671752, 0.08064047279916492, 0.07517618917392466, 0.07447974930563198, 0.07121326958271366, 0.08122117597413363], [0.07205738255534579, 0.0711484991015337, 0.0738173980500652, 0.07569597273708918, 0.0815365037568034, 0.08032329464435103, 0.07961546609885266, 0.08299116759614869, 0.08071396256017875, 0.07523517627115081, 0.07450454116767609, 0.07117034114540437, 0.08119029431540034], [0.0720214292897509, 0.07111192357303936, 0.07378049423589583, 0.07572083306432523, 0.08142359642070401, 0.08038063074444352, 0.07968098123860713, 0.08301207143520235, 0.08076388677653766, 0.07526084102092212, 0.07451427067852982, 0.07113959533171843, 0.08118944619032363], [0.07198338534886008, 0.07107482084936484, 0.07373714456426476, 0.07577064288357878, 0.08124554556352774, 0.0804682968102864, 0.07978521411966459, 0.08295300116017085, 0.08083712166046987, 0.07531304127442634, 0.07454284317980421, 0.07111160425512604, 0.08117733833045548], [0.07196069804378477, 0.07105505881536996, 0.07370501127273602, 0.07583271354964274, 0.08105816342347832, 0.08055559120239654, 0.07989454940618437, 0.08281674447723568, 0.08090572417320473, 0.0753788141055276, 0.07458511529651289, 0.07110139114922967, 0.08115042508469658], [0.07197794297797827, 0.0710906070442015, 0.07368357852885886, 0.07594385895979343, 0.08077805688963324, 0.08062966007341019, 0.08002328419499141, 0.08255475670059362, 0.08094004869167956, 0.07550600329264036, 0.07467939649045949, 0.07115369673520743, 0.08103910942055276], [0.0719785562847146, 0.07110049131843771, 0.0736604275756473, 0.07605059438822076, 0.08050771920253202, 0.08072512285953223, 0.08016920393331621, 0.08230061450394892, 0.08099548380878596, 0.0756217790818187, 0.07476338815645071, 0.07117770622414328, 0.08094891266245165], [0.07191434020381875, 0.07100502498627405, 0.07365649483446442, 0.0759397479186726, 0.08074391639799222, 0.08073054363809551, 0.08010266058175865, 0.08253731169668876, 0.08104734324836618, 0.075485040547895, 0.07465340762325798, 0.07106475479491317, 0.0811194135278026], [0.07319490891776506, 0.07157827425855903, 0.07545106301836928, 0.07549839163187044, 0.08298638795767892, 0.07980175695031409, 0.07884627555237934, 0.08067793301924527, 0.08023740126777126, 0.0746880038636762, 0.07446774173341426, 0.07132206800896716, 0.08124979381998974], [0.07302459530014396, 0.07143059214813355, 0.07529228042407658, 0.0754675266322031, 0.08302543091733143, 0.07991526521768956, 0.07893478670010322, 0.08085554360583816, 0.08037052694086608, 0.07466069346310102, 0.07440539755010742, 0.07118783333409708, 0.08142952776630877], [0.07304254967976814, 0.07132504058622036, 0.07549827301290596, 0.07567154067684953, 0.08269173944083738, 0.08017881761367054, 0.07919836053174932, 0.08012564054118936, 0.0805705454134736, 0.07476866365389674, 0.07454117560250632, 0.07105797542259451, 0.08132967782433814], [0.07293226390652213, 0.07126965243308389, 0.07531708236232201, 0.07553157528846993, 0.08311495770471763, 0.08009953507489556, 0.07909782971810259, 0.08052033450689895, 0.0805364568703497, 0.07467000086140493, 0.07441665453988801, 0.07101654666651336, 0.08147711006683137], [0.07268315946567029, 0.07124585627140138, 0.07485747852919365, 0.07541911333712366, 0.08230922893990492, 0.08011585761458721, 0.0791110080950582, 0.08171408211082386, 0.08062642506755005, 0.0746831838513835, 0.07431565758713325, 0.07106023801940434, 0.08185871111076577], [0.07276369474836332, 0.07121477218663325, 0.07504316335920298, 0.07544166698132748, 0.08282378559685849, 0.0801220351877078, 0.0791031175821999, 0.08115899530648658, 0.08061001226365774, 0.07464431993486746, 0.07432857132128125, 0.07099636209259313, 0.08174950343882069], [0.07307000937300728, 0.07132570314380181, 0.0755785445643719, 0.07578189219841006, 0.08235900929165134, 0.08028068594041346, 0.07931553088531094, 0.0798709843961027, 0.08063705383593403, 0.07485035167083177, 0.07462782952769263, 0.07105484354324061, 0.0812475616292315], [0.07303919773757926, 0.07127773857881471, 0.07562029167564487, 0.07595613179383649, 0.08185503773630652, 0.0804898716730184, 0.07954941884655195, 0.0795322907557764, 0.08078696535472345, 0.07498631972165908, 0.07475078297000062, 0.07101083911315668, 0.08114511404293145], [0.0735275805787696, 0.0716814028469126, 0.07622229984843924, 0.0764800806181894, 0.08074117939187177, 0.08036578335712168, 0.0797830497233313, 0.07841094494458933, 0.08044032240996674, 0.07541968371624543, 0.07526937876687943, 0.07138831581813773, 0.08026997797954594], [0.07365550522152768, 0.07178541288036834, 0.07632258794185881, 0.07637935715567302, 0.08096884489922393, 0.08018882871147012, 0.07956733480463608, 0.07851845345971403, 0.08030501931800146, 0.0753338798218953, 0.07522031453136215, 0.07147646892106828, 0.08027799233320076], [0.0715952683648656, 0.07033270381764076, 0.07390974361809775, 0.07565879072694966, 0.08082810883236986, 0.08149165959514354, 0.08034364456940511, 0.08144227657086403, 0.082118709917111, 0.0749260252435839, 0.07426039815170482, 0.07026030232410926, 0.08283236826815459], [0.07162860967021, 0.07040931084173482, 0.07387709231260864, 0.07559732701757763, 0.08117495785355439, 0.08126924003139901, 0.08017736185511234, 0.0817967119766679, 0.08186795291633958, 0.0749012142460506, 0.07423372907975963, 0.07034480223260695, 0.08272168996637863], [0.07169526753956901, 0.07044999608708381, 0.07393815868181369, 0.07552391884787119, 0.08141029853008615, 0.08110173137938254, 0.08001163748007259, 0.0819952707445792, 0.08169962539820785, 0.07482421644701316, 0.07418896041550632, 0.07037198153647356, 0.08278893691234111], [0.0717680363029953, 0.07051755739218865, 0.07398629699605376, 0.07546907061749433, 0.08166087653383977, 0.08093074963750627, 0.07985818505763605, 0.08221376234562695, 0.08151887727749645, 0.07477694822692346, 0.07416499568654522, 0.07043214125861094, 0.08270250266708302], [0.07187911285773792, 0.07056340643382489, 0.07412892377038326, 0.07542978146592032, 0.08177880403550433, 0.08083214948190706, 0.07973976624576469, 0.08214046888737742, 0.08142250212045077, 0.07470958343871888, 0.0741474349158536, 0.07045281544281244, 0.08277525090374449], [0.07198448903497502, 0.07060900151850825, 0.07427502200536115, 0.07544559802364675, 0.0816974601090699, 0.08081966616534156, 0.07970938159592078, 0.08189849095302308, 0.08140635756523472, 0.07469462018033066, 0.07417171647054542, 0.07047743244977422, 0.08281076392826836], [0.07195952863194019, 0.07051486519633068, 0.0743422905299427, 0.07550071572512931, 0.08171120746344447, 0.08099477361732851, 0.07984274787937824, 0.08141099600846112, 0.08158005454944202, 0.07469909801847063, 0.07419078201865727, 0.07036803947577035, 0.08288490088570445], [0.07178565343939061, 0.07034177203524665, 0.07424288102303521, 0.07564699835186259, 0.08127528379713092, 0.08143052516422097, 0.08022341060039456, 0.08092960683512679, 0.08202741230615716, 0.07481431655894889, 0.07425702392129103, 0.07020955085704549, 0.08281556511014898], [0.07161368308932059, 0.07024838097625621, 0.07404380167696606, 0.07571807635292509, 0.08085076889809825, 0.08169886833751983, 0.08047206092181741, 0.08091060876907481, 0.08234048131429383, 0.07491344573271622, 0.07428479097677593, 0.07014888227900266, 0.08275615067523304], [0.07156575701437269, 0.07025752768044677, 0.07394894782607346, 0.07572548988432301, 0.08069754786439748, 0.0817107880031521, 0.08050691885758995, 0.08105856509774514, 0.08236136373651204, 0.07495322247624243, 0.07429176251425551, 0.07017646018511614, 0.08274564885977351], [0.071635222285059, 0.07031316408026818, 0.07399166883760185, 0.07561196368693548, 0.08095196931671886, 0.08143638482232395, 0.08026056148605866, 0.08138793678805648, 0.0820706784651501, 0.0748498334147532, 0.07422070375164282, 0.07022049920644, 0.08304941385899163], [0.07162731361476228, 0.07035744251452561, 0.07392959400702048, 0.0756035345085898, 0.08101219246134908, 0.08136174973484825, 0.08022476806333462, 0.0816042191389057, 0.08198281909858841, 0.07487483961873266, 0.07422522221240238, 0.07027925680027083, 0.08291704822666997], [0.07174893694839163, 0.0704176598124797, 0.07406296032557452, 0.07550114875607684, 0.0813289209013324, 0.08111819750471325, 0.07997971904018021, 0.081762525532612, 0.08173129598455574, 0.07475438908496171, 0.07416409433946677, 0.07031237033019865, 0.08311778143945672], [0.07176901027659421, 0.07036991244316847, 0.07415609803653538, 0.07553060826660389, 0.08135848297475325, 0.08121494828805535, 0.0800388449670351, 0.08139604164596542, 0.0818283697336426, 0.07473954234641439, 0.07417521323592269, 0.07024622008203049, 0.08317670770327881], [0.07170910365203031, 0.07034262277740859, 0.07407371135647318, 0.07552021502904432, 0.08123535574406016, 0.0812297555497597, 0.08006030623973008, 0.08150785995886617, 0.08185108313492782, 0.07474642262351092, 0.0741597997860532, 0.07023043081480215, 0.08333333333333333], [0.07170515278614585, 0.070310340244509, 0.07411929072504449, 0.07560270129094707, 0.08117640179178305, 0.08141073687881699, 0.0802108768473067, 0.08117640179178305, 0.08203386201917331, 0.0748007021640862, 0.07421426501680238, 0.07019382194588082, 0.083045446497721], [0.07172104024609059, 0.07042396689804718, 0.07400763307261436, 0.07550765162698708, 0.08135993418715913, 0.08111776976665669, 0.07999573933567065, 0.08186393655301409, 0.08172790279171539, 0.07477941710797942, 0.07417028126831231, 0.07032973442847985, 0.08299499271727326], [0.07189034681204029, 0.07052765140122691, 0.0741945623291657, 0.0754636331410094, 0.08155323235417265, 0.08093669463338901, 0.07981265070617012, 0.08184689222760097, 0.08153435688014186, 0.07471177662023035, 0.07416433588666423, 0.07040509883222935, 0.08295876817595921], [0.07189573576439892, 0.07048243218018178, 0.07425832959910854, 0.07549097066759053, 0.08158445427019674, 0.08102329853904489, 0.07987202302923997, 0.08153796543802175, 0.08162017654643997, 0.07470517435154084, 0.07417436019728887, 0.0703469389419204, 0.08300814047502685], [0.07186434902278387, 0.07040178074368371, 0.07431296630101172, 0.07560352111977864, 0.0814686397292763, 0.08127958479019141, 0.08008976049232691, 0.08101689661576092, 0.08186481190253321, 0.07477069008686317, 0.07424008893659216, 0.07025890306212282, 0.08282800719707518], [0.07197615353649703, 0.07049832527131794, 0.07440144781250427, 0.07554799592712028, 0.08171957010277241, 0.08107415051960322, 0.07990990060457404, 0.08115718573390035, 0.08164733905375889, 0.0747212524777459, 0.0742232820537725, 0.07034356819326808, 0.08277982871316525], [0.07181973696399385, 0.07050391928626051, 0.07409038230959153, 0.07545678598808213, 0.08160899719833652, 0.08094381270167984, 0.07983604715824869, 0.08201815678653812, 0.08154287439288052, 0.07472949407801822, 0.07415257166560729, 0.0703974588551934, 0.08289976261556944], [0.07200260344225032, 0.07059458959191878, 0.07432645536570694, 0.07546006954066907, 0.08172210101732874, 0.08085482294149232, 0.07973071128598191, 0.0817150562263471, 0.08143970061632495, 0.07468892281778336, 0.07417956985291355, 0.07045387425666973, 0.08283152304461315], [0.07205777631208773, 0.0706014217052303, 0.0744243444189514, 0.07548045572972802, 0.08187511357631366, 0.08086497766200923, 0.07973094394099083, 0.0814609227301773, 0.08143803770481861, 0.07468140264262871, 0.07419791725519302, 0.07044565724286778, 0.08274102907900348], [0.07143948923153445, 0.07020805985973785, 0.07371274718596652, 0.07598874073390284, 0.07987609382881199, 0.0821822117212555, 0.08104156996321019, 0.08093038635996952, 0.08273584658232026, 0.07526159291963533, 0.0744763191633316, 0.07018495448024897, 0.08196198797007494], [0.07143358840649124, 0.0701580496461923, 0.07378671429041185, 0.0759350727147351, 0.08007753131782473, 0.08219496929510038, 0.08097646428776159, 0.08077108402233724, 0.08284540066346316, 0.07517029770540849, 0.07442335343729703, 0.0701128278748079, 0.08211464633816905], [0.0715076092819566, 0.07016699364698889, 0.07397668468209678, 0.07590856578900435, 0.08038112445217602, 0.08214359025943445, 0.08086948694422239, 0.08044024911038758, 0.08279733273131618, 0.07508668622300342, 0.07440710264578917, 0.07008637924785954, 0.08222819498576456], [0.07167295840044079, 0.07024969525184926, 0.07421791867629968, 0.07603175794170554, 0.08041845329987228, 0.08216971195815352, 0.08091461726795762, 0.07994147504999725, 0.0826341744218649, 0.07515048305049782, 0.0745237497715346, 0.07014253685248813, 0.0819324680573386], [0.0717949270939058, 0.07037070999117775, 0.07435018570605016, 0.0765015481987934, 0.0796117837778727, 0.08255495495386853, 0.08150033272432661, 0.07912230403235916, 0.08239549366142639, 0.07557630213343135, 0.07490948822982141, 0.07028317592255967, 0.0810287935744071], [0.0716577788413524, 0.070309266946107, 0.07405262397395047, 0.07670481705036775, 0.0789593910146883, 0.08300064233942037, 0.0820788549893121, 0.07908957124888344, 0.08233994585690065, 0.07583934856726224, 0.07504165923550811, 0.07028170683884631, 0.08064439309740094], [0.07153490172695331, 0.07027611312017804, 0.07378198404728435, 0.07664449167549434, 0.07880654717243278, 0.0830086100785936, 0.08214845660634605, 0.07953162590777703, 0.08241461492604357, 0.0758688344951964, 0.07498589283771104, 0.07029090816814046, 0.08070701923784909], [0.07147524743990392, 0.07026408020827905, 0.07366762719983709, 0.07642383702259385, 0.07906269467596537, 0.08270162662458137, 0.08176858199780464, 0.08015483407501818, 0.08259691444928766, 0.07570220818337166, 0.07481747712767986, 0.07028471635607855, 0.08108015463959889], [0.07142226885976616, 0.0701924762662708, 0.07368060856602211, 0.07609820348555943, 0.07963923963502029, 0.08237308038458255, 0.0812498153527022, 0.08071029196219573, 0.08282108158918515, 0.07536980102161792, 0.07455456420865089, 0.07018156743950732, 0.08170700122891969], [0.07140852888454077, 0.07013134941605766, 0.07375664228250983, 0.07600041166895365, 0.07991331543671003, 0.08234152687049193, 0.08111564440764735, 0.08063099169519719, 0.08297386639402139, 0.07523244082802283, 0.07446558117141158, 0.070093764602173, 0.08193593634226273], [0.07144107969544386, 0.07010737994180272, 0.07388622712378666, 0.07599893536243152, 0.08007499347817204, 0.0823851562748986, 0.08109077021125262, 0.08031672747304998, 0.08306085457381947, 0.07518026340240688, 0.07445932426270584, 0.07004395859632082, 0.08195432960390897], [0.07149508059070221, 0.07013661808727398, 0.07398251973304854, 0.07601707796690375, 0.08016015479348208, 0.08236444103653852, 0.08106551120335233, 0.08016015479348208, 0.08296574026357222, 0.07517533563471272, 0.07448129229563653, 0.07005991529512774, 0.08193615830616734], [0.07151216101033077, 0.0701392665436625, 0.07401000365971644, 0.0761495249098851, 0.0799224855919095, 0.08257792195506618, 0.08126979498487513, 0.07986782769892892, 0.08297970885299424, 0.07528917870984767, 0.07458193917149962, 0.07006708583365436, 0.08163310107762965], [0.0713887266006714, 0.07009895357499671, 0.0737354694916904, 0.07619660789160264, 0.07951704290948118, 0.08274626638253739, 0.08148719071616019, 0.0801763575461139, 0.08308555909448659, 0.07541083795305782, 0.07460466371810116, 0.07007571682395164, 0.08147660729714874], [0.07143788529948394, 0.0701433582060747, 0.07377035016623423, 0.0764024016377691, 0.07918902186848747, 0.08308025984668418, 0.08180982462037317, 