[[0.0739282672426763, 0.07477315016053658, 0.08116486197125053, 0.0722258640763913, 0.07041323159180186, 0.07961717822423951, 0.06946104239024023, 0.08050307939222846, 0.08237253660447663, 0.08071589325225115, 0.0732372138097566, 0.08141196897033456, 0.08017571231381634], [0.07383311739388944, 0.07463353675248748, 0.081021195370727, 0.07222721591647888, 0.07034559470389229, 0.07990175694122864, 0.06943671690580874, 0.08026021311799621, 0.0826815181356108, 0.08053175772313204, 0.07309655786975162, 0.08152573304116395, 0.0805050861278329], [0.07374541112915081, 0.07449134817896683, 0.08081688578374024, 0.07225878725286389, 0.07030645123417212, 0.08023363060660549, 0.06945175560377195, 0.07996953884152264, 0.08297962826958682, 0.08029578152310453, 0.07296104182332015, 0.08159215642400762, 0.08089758332918684], [0.07370734898849277, 0.07440422239424772, 0.08068278142048513, 0.07232287331655807, 0.07029639092929398, 0.08052744682973528, 0.06948962173437831, 0.07976282802564807, 0.08291439449545074, 0.08013884121242523, 0.072869239337129, 0.08165336188205458, 0.08123064943410094], [0.07370762207864817, 0.0743448812837798, 0.08049540799096085, 0.07244966324660335, 0.0703586946461158, 0.08085892364405081, 0.06961187964781176, 0.07952179194741112, 0.08263459513789473, 0.07993956887098776, 0.07281989452538282, 0.08163861468003553, 0.08161846230031755], [0.07364383279501086, 0.07424194118488277, 0.08038997875591863, 0.07246349282016518, 0.0702828023094935, 0.08110060068908206, 0.06957251806924059, 0.07935606254868856, 0.08289262057717682, 0.07981792035933707, 0.07269320943315435, 0.08165541198810929, 0.08188960846974033], [0.07352342233525615, 0.07406300632592173, 0.08029817637902166, 0.07244841327852768, 0.07007635968690733, 0.08150978786889324, 0.06941594540140406, 0.07914508120452313, 0.08333333333333334, 0.0796940280791556, 0.07243952970564206, 0.08175172321894461, 0.08230119318246952], [0.073533956139096, 0.07400480584570121, 0.08018878696426546, 0.07258644056521674, 0.07005871085833036, 0.08195068104413246, 0.06946005456533073, 0.07895561134403203, 0.08288623553051229, 0.07957282249183024, 0.07233469698005779, 0.081752244794624, 0.08271495287687061], [0.07357132875921724, 0.07398451228722516, 0.08019628947971201, 0.07271499394770044, 0.07000488654977058, 0.08235357377414228, 0.06945129487878561, 0.07887554003612825, 0.08244158100941026, 0.07956633266911155, 0.07223646635290897, 0.08183927941589318, 0.0827639208399946], [0.07374093367531825, 0.07406316619409127, 0.08014416691570926, 0.07303434794074896, 0.07010892110416701, 0.08280267407796585, 0.06962941988352467, 0.07877964238653219, 0.08181162146206031, 0.07952260845324159, 0.07223780303926497, 0.08175708253908846, 0.08236761232828724], [0.07404546700599626, 0.07427621175944628, 0.08012451910128601, 0.07347933367506407, 0.0703627652428183, 0.08260989733571661, 0.06995405106267878, 0.07875678862060542, 0.08117453721257215, 0.07953494168619289, 0.07238241569740075, 0.08157385351311645, 0.08172521808710602], [0.07424236069388891, 0.07439114176769449, 0.07995025201796481, 0.0738191920886268, 0.07056598460122235, 0.08308158577215717, 0.0702260520465395, 0.0786162609486728, 0.08070425990131047, 0.07939975270850111, 0.0724678914408726, 0.08124319433394682, 0.08129207167860204], [0.0744893583122508, 0.0745860662210236, 0.08006885070425779, 0.07411292745399757, 0.07070320934165408, 0.08296651740325117, 0.07038853564185703, 0.07867383344579759, 0.08020008535850642, 0.07947837576964509, 0.07258024018603655, 0.08105938658335603, 0.08069261357836621], [0.07470100374819685, 0.07476492990093686, 0.08017568005782502, 0.07434207171284253, 0.07083785401351732, 0.08265885411224738, 0.07053473213824264, 0.0787378332906081, 0.07983766505709061, 0.07954905431589596, 0.072702999894941, 0.08089648386501251, 0.08026083789264313], [0.07484408159114944, 0.0748954145228608, 0.08034775388077177, 0.07443248407884874, 0.07079720290138879, 0.08313737159646438, 0.07047432047685691, 0.07884287336170968, 0.07936908441727024, 0.0796712512507449, 0.07272569677356215, 0.08077749268004586, 0.07968497246832638], [0.07496012987176079, 0.07503112908918401, 0.08056690920446252, 0.07444179943333673, 0.07075997031614875, 0.08304541623788751, 0.07039442524123324, 0.07901955308553925, 0.0790568965348361, 0.07985747236398139, 0.07278090043535258, 0.0808173143428452, 0.07926808384343198], [0.07516286617771234, 0.07526161918610329, 0.08081345251921929, 0.07449844392818054, 0.07079295196721842, 0.08273485002831532, 0.07037181908943332, 0.07924627265627947, 0.07862582974014294, 0.08007665706347782, 0.07292221938869786, 0.08077795576251943, 0.0787150624927], [0.07520648861223247, 0.07538972335315053, 0.08114223760886874, 0.07428077025674108, 0.0705980376899356, 0.08333333333333334, 0.07007167948984402, 0.07955665417428234, 0.07819794836877522, 0.08038287691875123, 0.07293862163419583, 0.08076460111265156, 0.07813702744723819], [0.07408903559000692, 0.07498725113871244, 0.08109961831456061, 0.07229170596659956, 0.07066567019599496, 0.07925378603936042, 0.06966821964946388, 0.08067019830090029, 0.08211268090200649, 0.08074310208236574, 0.07352835907155528, 0.08108195974498529, 0.0798084130034881], [0.0739521009572424, 0.07479575165350114, 0.08097344488118309, 0.07227093940705887, 0.07054663623025546, 0.07960219490788911, 0.0696014143222915, 0.08038501305864452, 0.08253017475488059, 0.08055006305958458, 0.07332609096178333, 0.0812586866392384, 0.08020748916644703], [0.07388170604925529, 0.07469322307807724, 0.08087745954545533, 0.07226962773446473, 0.07049345974846957, 0.07980058329708235, 0.06957950393336891, 0.08021474895901981, 0.08277427404555311, 0.08042432371155293, 0.07322090078509705, 0.08133184742721175, 0.08043834168539203], [0.07374487099433054, 0.07448482101543734, 0.08073508893224678, 0.07227721097638626, 0.0703468567392639, 0.08025320274914792, 0.06950019137815225, 0.07990484004467942, 0.08308616321701523, 0.08022057838490304, 0.07297655794463127, 0.08152885344588329, 0.08094076417792273], [0.07384280286615656, 0.07464030573303956, 0.0808888642749127, 0.0722553661150206, 0.0704284674244028, 0.07989915016288568, 0.0695263976725349, 0.08017325896726644, 0.08283132825833962, 0.0804157212421243, 0.07314645210439757, 0.08141403008553591, 0.08053785509338333], [0.07371994163733055, 0.07440020257005886, 0.0805660678151975, 0.0723776612035079, 0.0703696470522591, 0.08059570654676329, 0.06958215740527035, 0.07965960265378619, 0.08290140121303052, 0.08002909044495703, 0.07289378576013043, 0.08157028468885469, 0.08133445100885364], [0.07373445564294091, 0.07437244323648926, 0.08040138209842891, 0.07248542527735785, 0.07045412880164788, 0.08080270034225358, 0.06971077273953309, 0.07947452273284435, 0.08271973589005245, 0.07986275683845075, 0.07288816353551227, 0.08150343877749007, 0.08159007408699859], [0.07364173825777126, 0.07423038361651797, 0.08034218823923328, 0.07248291683858384, 0.07029770530346961, 0.0811435160890789, 0.06959749307253862, 0.07930752558188152, 0.0829287082066804, 0.07977143462357586, 0.07268747652668586, 0.08162063428575822, 0.0819482793582246], [0.0735837681460658, 0.0741160268591972, 0.08012361670280702, 0.07254355089897105, 0.07027104515433936, 0.08143477673796502, 0.06962665887544339, 0.0790461905506104, 0.08333333333333334, 0.07954745758593607, 0.07256711186876662, 0.08149901997584444, 0.08230744331072032], [0.07358023020813227, 0.074041281920539, 0.08003814390085325, 0.07267000579564173, 0.07021748260771254, 0.08190533443391668, 0.0696363641584609, 0.07886338171046871, 0.08283535415150826, 0.07944356231533191, 0.07243159597738784, 0.08153928179593738, 0.08279798102410961], [0.07356697127101795, 0.0739854017060184, 0.08004357871957295, 0.07272403854063662, 0.07011651545852243, 0.08224861705498036, 0.06956819031050954, 0.07878698360013603, 0.08257556336354634, 0.07943266603744403, 0.07230662348036865, 0.08162394062763782, 0.08302090982960891], [0.07362137463908043, 0.07399006573969374, 0.08003278415356808, 0.07285954224229894, 0.07011094709521667, 0.08260541712416279, 0.06960257566568682, 0.07872657703963161, 0.08223467075200998, 0.07941668863072388, 0.0722549593467503, 0.08164521704164994, 0.08289918052952687], [0.07372496198240217, 0.07403840026372441, 0.07999751654353579, 0.07305544844722896, 0.07017800357380323, 0.08294727352387278, 0.0697151584425636, 0.07866725127705723, 0.08186765745387789, 0.07938699476026716, 0.07225824016032764, 0.08159069156135225, 0.08257240200998707], [0.07380680865158828, 0.07408499950024813, 0.07996364623729481, 0.0731972400210641, 0.07024862698083917, 0.08308881299434305, 0.06981529525857574, 0.07862849419361014, 0.08164399398509573, 0.07936133722641792, 0.07228318907988726, 0.08152273958606426, 0.08235481628497131], [0.07395673579049568, 0.07418552068893577, 0.07991175294034593, 0.07343276263707582, 0.07040361774601855, 0.08300629794697312, 0.07001262684714862, 0.07858369229223666, 0.08135146185661213, 0.07932677850163806, 0.07236522464701313, 0.08140157239523509, 0.08206195571027143], [0.07412748113375743, 0.07431515721131886, 0.0799368502372176, 0.07366084114806315, 0.07053794702680327, 0.0827060681183797, 0.07017623642672911, 0.07860873868208612, 0.08105591254027375, 0.07936855271524342, 0.07245654633611011, 0.08134077800994848, 0.08170889041406915], [0.07441361962669603, 0.07449549243715338, 0.07972707187105964, 0.07413611300247512, 0.07085748922742344, 0.08301568867148187, 0.07058675646201282, 0.07843746116144056, 0.08046676223230298, 0.07919593070748446, 0.0726130817666056, 0.08092694954531013, 0.08112758328855403], [0.07460448615830462, 0.07464615709849508, 0.07985207400235071, 0.07435740382945409, 0.07093906520197779, 0.08292819241112198, 0.0706843807527257, 0.07849598765103098, 0.08007569243827443, 0.07927374726408264, 0.07268709795987363, 0.08081025424614105, 0.0806454609861672], [0.07424485871813415, 0.07440308845772693, 0.08003820315455347, 0.07378717820945334, 0.07050802950136914, 0.0830773442864022, 0.07015248777147585, 0.07868805536563643, 0.08066075118405094, 0.07948489337248975, 0.07244937949795244, 0.08130963443668189, 0.08119609604407338], [0.07479448185265691, 0.07479941708255985, 0.07989953196207959, 0.0745868891292379, 0.07108774992047268, 0.08261428194160324, 0.07085336307922449, 0.0785178931457427, 0.07978195696965583, 0.07929651074214086, 0.07280342236446616, 0.08066133094566509, 0.08030317086449457], [0.07501360713084969, 0.07498395994334657, 0.08002024947778232, 0.07480388122267984, 0.07116752873259485, 0.08268147834835528, 0.07093531139488471, 0.07858878481520237, 0.07932306743280952, 0.07937534642806589, 0.0728981817292755, 0.08045911872137726, 0.0797494846227764], [0.07507019659772572, 0.0750490870077483, 0.08016193373641849, 0.07479244873902403, 0.07109332183804995, 0.08286876760510066, 0.07083262056826985, 0.07869172367787448, 0.07910339432107323, 0.07949032507729638, 0.07289347693605701, 0.08049605988666314, 0.0794566440086987], [0.07522915662637782, 0.0752236742256663, 0.0803792761459992, 0.07483478269976561, 0.07107420195732411, 0.08275654730585444, 0.07076744151002556, 0.07887390674453215, 0.07873332774222751, 0.07967608778969078, 0.07297308569126523, 0.08050537575517902, 0.07897313580609228], [0.07541750931639649, 0.07540599174702026, 0.08045352301324407, 0.07494753002149707, 0.07111521879806705, 0.08303857420897548, 0.07078216290976178, 0.0789501523374815, 0.07828707091355158, 0.07973526620194406, 0.07307029612849388, 0.08034952894581512, 0.07844717545775173], [0.07540885489318094, 0.07548190565257346, 0.08077936803305384, 0.07471323691653795, 0.07094152140218225, 0.08293434857344668, 0.07051560899025015, 0.07925059455871783, 0.07815386132897449, 0.08004387997278808, 0.07307749743234249, 0.0805011138413746, 0.07819820840457721], [0.0741155804476882, 0.07500820787261804, 0.08091076844190347, 0.07234712844564611, 0.07080308745640876, 0.07925671836290524, 0.06981603926210422, 0.08053230762225902, 0.08221648659679713, 0.08057052295534395, 0.07361493674691202, 0.08095759974609701, 0.07985061604331672], [0.07392241713526286, 0.0747314728610444, 0.08070784627808093, 0.072331260749409, 0.07064159453918482, 0.07976416245486684, 0.06973532538390514, 0.08011186736142697, 0.08284663502675119, 0.08027974667013243, 0.07332282753188034, 0.08116714803841563, 0.0804376959696393], [0.07398769403036098, 0.07482779438504308, 0.0807948800058933, 0.07233031455984601, 0.07069110194490529, 0.0795804916061979, 0.06975454136236516, 0.0802694841602514, 0.08261636767392756, 0.08039440409142484, 0.07342263731370885, 0.08110691286371975, 0.08022337600235584], [0.07383921398853359, 0.07462243915336776, 0.08072766504961987, 0.07229362022697386, 0.07050505075832623, 0.07995233678796404, 0.06962075183393297, 0.08003408136240103, 0.0830230963630997, 0.08026263258912901, 0.07317093697742418, 0.08131564506013975, 0.08063252984908818], [0.07383782460284519, 0.07459578847067466, 0.08054368420768389, 0.07235637474359508, 0.0705944541385905, 0.08004995137703948, 0.06973882057998587, 0.07985578861060273, 0.08316466088908687, 0.08008207121381297, 0.07318765852655645, 0.08121764113758846, 0.08077528150193794], [0.07378363330295518, 0.07448170716278996, 0.08044097170144059, 0.07242222568419934, 0.0705456820248428, 0.08040674066314422, 0.06974752830857811, 0.0796407252939044, 0.08303606606543726, 0.07994206673382127, 0.07304974802997949, 0.08133119678802646, 0.08117170824088095], [0.07376995570379925, 0.0745124710753516, 0.08057829411457482, 0.07231269321829122, 0.07046915384957106, 0.08018075201292488, 0.06962541944417427, 0.07982016376283502, 0.08333333333333333, 0.08009056410795516, 0.0730636852896023, 0.0813373815491152, 0.0809061325384719], [0.0737703481663011, 0.07441350374856182, 0.0802817448722161, 0.07252422404964302, 0.07058036811201844, 0.08068946383076903, 0.06983729786549518, 0.07942169386106968, 0.08290970720423821, 0.07976749277515063, 0.07298483026957052, 0.08131917330777079, 0.08150015193719565], [0.07377683857420746, 0.0743855811502109, 0.08019360376884495, 0.07260179115621129, 0.07061428867585869, 0.08086324577350187, 0.06990561515944566, 0.07930005783957235, 0.0827255507483172, 0.07967221838092953, 0.07295705933856086, 0.08130594514511418, 0.08169820428922507], [0.07372878801232409, 0.07431047238411527, 0.08014515096142175, 0.07260534469520555, 0.07054289120249296, 0.08103541454875057, 0.06985890612294358, 0.07920131506217541, 0.08287936450011563, 0.07960924526166017, 0.07285638445891673, 0.08133786171808523, 0.08188886107179301], [0.07370137881304985, 0.07423747319813147, 0.08000561581125211, 0.07267147803665644, 0.07053450685151727, 0.08125876941878335, 0.06989537926688162, 0.07901916132952355, 0.08301640335888898, 0.07946214853005643, 0.07277402537833737, 0.08127827690746285, 0.08214538309945885], [0.07364175077752987, 0.07411522237969127, 0.07993192955790736, 0.07272581942198467, 0.07040456694063467, 0.08168247959744065, 0.06982056925692119, 0.07884082097625747, 0.08294729740272315, 0.07936336363896407, 0.07258314214574482, 0.08134102396008358, 0.08260201394411724], [0.073632465741399, 0.07407589871681926, 0.079903569970189, 0.07277002375320561, 0.07036226967370725, 0.08189041725052412, 0.06980426433971831, 0.07876758619199219, 0.0827699580963065, 0.07932611842312402, 0.07251138557331985, 0.08136288711619397, 0.08282315515350083], [0.07361948489074245, 0.07404749240699465, 0.079907098398769, 0.07278154394625978, 0.07031328474066016, 0.08202334591749712, 0.06976714106458344, 0.0787387091027842, 0.0826623071101558, 0.07932225328842778, 0.07245551054180989, 0.08139953048610765, 0.08296229810520796], [0.07361595590347783, 0.07399423440760405, 0.07985242004509777, 0.07286481491642556, 0.07025287020690421, 0.08237312750558962, 0.06974865159975613, 0.07861939111487394, 0.08234257551127905, 0.07925868426988246, 0.07234788746949782, 0.08139605371627824, 0.08333333333333333], [0.07369512345311802, 0.07402412589703668, 0.07984097010578865, 0.07302646563258552, 0.07028833017756929, 0.08273438938677427, 0.06982487749996032, 0.07857254017841118, 0.08205490360464467, 0.07924576816101976, 0.0723307954996789, 0.08140001306851131, 0.0829616973349014], [0.07377400035377137, 0.07406084012168938, 0.07981151230483197, 0.07317701833377876, 0.07034190200766649, 0.08302565034609216, 0.06991368202028168, 0.07852642816250968, 0.08179587300861688, 0.07922070262750955, 0.0723345927268233, 0.08135657705039726, 0.08266122093603159], [0.07400391568130081, 0.07420590899600846, 0.07969562253079165, 0.07356117114907126, 0.07059678861501548, 0.08306704370903455, 0.0702445097547573, 0.07842154978080017, 0.08131577454017279, 0.07913099025729564, 0.07245680349657346, 0.0811508253682858, 0.08214909612089279], [0.07425320350375142, 0.0743843891406821, 0.07961290648812046, 0.0739372624856518, 0.07087966281528794, 0.08265958467328487, 0.07059005146744919, 0.0783645301286293, 0.08092996391600112, 0.07907800061761765, 0.07262379278056108, 0.08096251524691003, 0.08172413673605322], [0.07443020080335071, 0.07450538353616205, 0.0796499703603731, 0.07418074487089055, 0.07093875566895365, 0.0828733274245068, 0.07068138718288643, 0.07838782203522328, 0.08049845531808224, 0.07913251966073381, 0.07265630608847107, 0.08087102755524968, 0.08119409949511665], [0.07427954612230307, 0.07440629617804963, 0.07975379276947205, 0.07393655077377818, 0.0707637260657863, 0.08282259289199018, 0.07046131457812767, 0.07846727763915866, 0.0807794086255108, 0.07921511047361322, 0.07256430201641405, 0.08106946961076977, 0.08148061225502648], [0.07410562595501392, 0.07428162302258501, 0.07973683202913442, 0.07369594504951457, 0.07065382152411241, 0.08288436772455765, 0.07031830269483147, 0.0784525299520828, 0.08113339449697013, 0.07917875578673074, 0.07249610161059801, 0.0811526542686403, 0.08191004588522872], [0.07384916198053285, 0.07409768351229043, 0.07980604001115248, 0.07331147651675234, 0.07036985199509677, 0.08333333333333334, 0.06997072248565941, 0.07850186817856238, 0.08153769204804691, 0.07921957320757388, 0.07232816080406969, 0.08132610771134621, 0.08234832821558345], [0.07425616470460164, 0.07439141470936085, 0.07974232435482691, 0.07390540884786861, 0.0707685010236335, 0.08272428766856955, 0.07046228967522944, 0.07846011839947717, 0.08085905399864599, 0.07920066122419339, 0.07256861034082868, 0.08107988906558218, 0.081581275987182], [0.07418453783378434, 0.07435095745818686, 0.07992628989021963, 0.07374718861863312, 0.0705663154179516, 0.08287635695096938, 0.07021897531438653, 0.07859801174939705, 0.08089182412697561, 0.0793669321648544, 0.07246753247162119, 0.08128165797475123, 0.08152342002826916], [0.07454220191762356, 0.07458663065774122, 0.07970870570513398, 0.07432528781182907, 0.07098422208897542, 0.08294779381555666, 0.0707427528816553, 0.07840234694129303, 0.08024054016309973, 0.07916034912150133, 0.07268851304290963, 0.08078777651536617, 0.08088287933731508], [0.07469739754286522, 0.07470771294880282, 0.0797609059367549, 0.07451792134388371, 0.07108868033966544, 0.08278551512068671, 0.0708658906977572, 0.07842123042427074, 0.0799683303283704, 0.07918559505743974, 0.07276830948673313, 0.08067263678003685, 0.08055987399273304], [0.07489674677230601, 0.07487154943122207, 0.07983710440744818, 0.07474593301452237, 0.0712213628173715, 0.08247414712422012, 0.07101376344857858, 0.07846470652964427, 0.07965002627665987, 0.07923293206910492, 0.07288193972825203, 0.08053227294612665, 0.08017751543454353], [0.07503015522862679, 0.07497923345285179, 0.07987570392008574, 0.07489608276679503, 0.07129655795106911, 0.08245613454508516, 0.07109798139750256, 0.07848262539490242, 0.07939961008595452, 0.07925180901287932, 0.07294829882410686, 0.08040265512023283, 0.07988315229990797], [0.07516349382377134, 0.07510517880139604, 0.08003409491554046, 0.074969663472892, 0.07125722376454328, 0.08268733834327124, 0.07103436197773795, 0.07859171127908442, 0.07903336964204061, 0.07937283452198755, 0.07297627002140167, 0.08035487262188473, 0.07941958681444872], [0.07537254478321918, 0.07530589387382262, 0.08017494128581334, 0.07510839277939443, 0.07130888307553859, 0.08257943766531553, 0.07106002244934444, 0.07871077799381117, 0.07861476233554729, 0.07948701723158205, 0.07308669512475016, 0.08028761486907027, 0.07890301653279091], [0.07547100370808792, 0.07541167464120124, 0.08027259203820757, 0.07512569092229217, 0.07127424569948829, 0.08286890259725554, 0.070993913071903, 0.07879710368269381, 0.07832210664749449, 0.07956898682934045, 0.07312058854690183, 0.08023210829151939, 0.07854108332361441], [0.07556201554066376, 0.07553710225755171, 0.08043739868758296, 0.07505767322716626, 0.07117547163042444, 0.08333333333333333, 0.07083274071774871, 0.07895614043052998, 0.07796798289616153, 0.07971934868902777, 0.07314969102529575, 0.08018310717740476, 0.07808799438710898], [0.07553953831983279, 0.07562802824996329, 0.08083956707315744, 0.07475618255166584, 0.07098767755763015, 0.08292705980388215, 0.07053046092857845, 0.07934117517064258, 0.07788966764166061, 0.08011002824463347, 0.07317855413871074, 0.08039231630674061, 0.07787974401290196], [0.07388789818883604, 0.0741296828849756, 0.07970050248344855, 0.07338149317087395, 0.07050740389860644, 0.08310130523677645, 0.07012361328922308, 0.07843398547892538, 0.08155811920128457, 0.07912663552229547, 0.07241291137841185, 0.08119612555883227, 0.08244032370751041], [0.07378076973521468, 0.07407902605588167, 0.07971433824277963, 0.07318284885012012, 0.07045766766354483, 0.08274986411074625, 0.07002900396048958, 0.07847620130517208, 0.08189701464898386, 0.07913604892769276, 0.07241945802287816, 0.08122981955068162, 0.0828479389258147], [0.073704684852273, 0.07405955297277761, 0.07973911117189814, 0.07301086819579886, 0.07043428461288034, 0.08236046217672731, 0.06995857829871806, 0.07854043912041112, 0.08221610359323717, 0.07916251999496685, 0.07245516801522638, 0.08123945487020477, 0.08311877212488032], [0.0736995555995085, 0.07407975505742757, 0.07974644842661602, 0.07296367093473656, 0.0704690780456089, 0.08216509919681067, 0.0699729479530519, 0.0785851519749269, 0.0823803685144917, 0.0791755762716412, 0.07250938342452042, 0.08122013514223086, 0.08303282945842891], [0.0737037827146689, 0.07412976376681436, 0.07978450593554078, 0.0728875859071958, 0.07052845707314657, 0.0818484593241706, 0.06999333833459935, 0.07868715749357302, 0.08264390845842225, 0.07922449645356865, 0.07261141712722259, 0.08120092529694678, 0.08275620211413041], [0.07373872152606155, 0.0742342078627963, 0.07986302262570048, 0.07279585675790867, 0.07063248561808705, 0.08139625069314012, 0.07003579809212848, 0.07886830542915456, 0.08286926597933716, 0.07932474063743615, 0.07278703527882144, 0.08116097028688775, 0.08229333921254035], [0.07377268595579713, 0.07430092869229897, 0.07991093503383556, 0.0727684514843286, 0.07069544846900465, 0.08119215781120302, 0.07006902750686733, 0.07896820207019616, 0.08283627147295455, 0.07938548618207703, 0.07288536059433574, 0.08113947147738586, 0.08207557324971568], [0.07431033143181687, 0.07446823994302222, 0.08016814487414547, 0.07382490251373997, 0.07049293105465726, 0.08296350237570195, 0.0701261664508907, 0.07878201825033848, 0.08050219940012943, 0.07959625428389606, 0.07246847274448973, 0.08133315146429375, 0.08096368521287796], [0.07465611313257485, 0.07470992422441858, 0.08003481153538645, 0.07434775874071317, 0.07087898943484022, 0.08275454397803239, 0.07059750128884351, 0.07863197250111435, 0.07995340672580127, 0.07942938120517988, 0.07269274832073465, 0.08087162925032666, 0.08044121966203419], [0.07490063512530812, 0.07490192546607231, 0.08006475862448886, 0.07464499998580179, 0.07105515984677946, 0.08269855367025221, 0.07080098883786173, 0.07863095585883692, 0.07950706812472147, 0.07942611440864115, 0.07282732054150182, 0.08060226410930017, 0.07993925540043396], [0.07379314544261671, 0.07435674437473284, 0.07999928017591768, 0.07271803464238885, 0.07071158236864858, 0.0810161260927211, 0.07005085402801056, 0.07909588150579461, 0.08277350467721559, 0.07948205467245, 0.07295479729825244, 0.08116432985200167, 0.0818836648692495], [0.07382292435675776, 0.0744218275332732, 0.08007860207182024, 0.07267759756340898, 0.07074339224445539, 0.08082659297903609, 0.0700487263935908, 0.07922274871373941, 0.08270891204086925, 0.07957336109918299, 0.0730371650103777, 0.08116446364734604, 0.08167368634614224], [0.07381776148297246, 0.07446394765585013, 0.08016736475683243, 0.07257747162722226, 0.07071885862150559, 0.0805777180143059, 0.06997775287789061, 0.07936975844541905, 0.08301651151590204, 0.07967671716305624, 0.07309020568639796, 0.08114627728209448, 0.0813996548705507], [0.07382539036273374, 0.07451935840209667, 0.08023882226525109, 0.07249003423769847, 0.07071639528193707, 0.08030958733634783, 0.06992883288289327, 0.07951459272657833, 0.08333333333333334, 0.07976975557041448, 0.07316221035129275, 0.08108664224957948, 0.08110504499984365], [0.07389566162585298, 0.07462954315907319, 0.08034529745018973, 0.07247807130647882, 0.0707804661220777, 0.08009243264387986, 0.06995401862592229, 0.07969175341299915, 0.08303447962722146, 0.07989964471448316, 0.07328644494071976, 0.08105772204801248, 0.0808544643230893], [0.07391550843379574, 0.07466904688837446, 0.0804076084439686, 0.0724559017566578, 0.0707820784759218, 0.07999447833793043, 0.06993584588673343, 0.07978232204883902, 0.0829675254013176, 0.07997121029856588, 0.07332394701591946, 0.08105534244696613, 0.08073918456500968], [0.07394714909686509, 0.07473108525651376, 0.08049524251956468, 0.07242285827676823, 0.07078766180848872, 0.07983595362328558, 0.0699110222628422, 0.0799192441778515, 0.08290091117195672, 0.08007590371485723, 0.0733840861674529, 0.08103475557030015, 0.08055412635325315], [0.07399572981011278, 0.07480989974214883, 0.08057851978566773, 0.07240726150535594, 0.07081689937562806, 0.07966981464965447, 0.06991039368781009, 0.08006194181121104, 0.08274711624257416, 0.08018119427408674, 0.07346455666676961, 0.08099642837118741, 0.08036024407779306], [0.07410186005113728, 0.07495727414113863, 0.08062930948978217, 0.07243067402504026, 0.07094003265091453, 0.07941028823990325, 0.06999476070142156, 0.08023226050466703, 0.08245366789683715, 0.0802786206456891, 0.07363990949849218, 0.08086249249864658, 0.08006884965633036], [0.07419901360960894, 0.07509476604355417, 0.08070137330877664, 0.07244353867023894, 0.07102911520446174, 0.07916880516514484, 0.07004503649572177, 0.0804187566879825, 0.08217069448639001, 0.08039699990785182, 0.07378964716136804, 0.0807505737422192, 0.07979167951668124], [0.07407911839116456, 0.0749429096801734, 0.08074611077094358, 0.07238134580656538, 0.0708447558549085, 0.07940147123804786, 0.06988845661035299, 0.08032773507096938, 0.08243241729173693, 0.08038756542779511, 0.0735852587944981, 0.08094371668455408, 0.08003913837829009], [0.0744930276088642, 0.07455737309685208, 0.07981052481326735, 0.07422213707528526, 0.07086113815244266, 0.0830846032397473, 0.07059422476528254, 0.07847767918338497, 0.08026392915933435, 0.0792511483485213, 0.0726258413708313, 0.08088937657856118, 0.08086899660762556], [0.07434326422591153, 0.07445417019522049, 0.07991262576708949, 0.07397855241924642, 0.07064591554304643, 0.08333333333333333, 0.07033414378904933, 0.0785684512377139, 0.08045072824249891, 0.07935682941871987, 0.0725042977544175, 0.0810898874104868, 0.08102780066326597], [0.0747281870098671, 0.0748075032447828, 0.08035239768645738, 0.07429288759105965, 0.0707280480881394, 0.08297637006465337, 0.07039224186486889, 0.07886182517490554, 0.07963215281151212, 0.07969351091455643, 0.0726740445503173, 0.08089202014637822, 0.07996881085250168], [0.07454126624791275, 0.07465001145144355, 0.08022486820495936, 0.07411254010455559, 0.07067472092344824, 0.08272364614101395, 0.07033772815594944, 0.07879441850856715, 0.08009764614924389, 0.07961361632441409, 0.072602995570759, 0.08110826607195605, 0.0805182761457769], [0.07391705152799508, 0.07418216221392986, 0.08012892372927534, 0.07329970534515794, 0.07025298381073387, 0.08275383790970278, 0.06981830281468798, 0.0787577477736316, 0.0814164807253671, 0.0795245193353495, 0.07231371690555846, 0.08165443617338368, 0.08198013173522709], [0.07417875517769563, 0.07437087239400579, 0.0801532260444253, 0.07365264226294158, 0.07040785682222422, 0.08289325143428, 0.07002013187650909, 0.07877984206147323, 0.08079429073394238, 0.07958339993272366, 0.07241119556263392, 0.08146959881804444, 0.08128493687910048], [0.07481102977713845, 0.07488899143920823, 0.08047892869828638, 0.07432323212937472, 0.07067812984719112, 0.08333333333333334, 0.07032195555139314, 0.07894376644012586, 0.07931051398166652, 0.07978653628061465, 0.0726800469767757, 0.08087059975235283, 0.07957293579253916], [0.0750104185873991, 0.07511558099506738, 0.08076128538595598, 0.07438565483561171, 0.0707162693659203, 0.08277510157896398, 0.07030711548474222, 0.0791900066494871, 0.07892385281325494, 0.08003471498194216, 0.07282250903712063, 0.08089930141382409, 0.07905818887071044], [0.075771457399135, 0.07578860175063012, 0.08060120840015333, 0.07509081466250482, 0.0712491909049496, 0.08283406613010219, 0.07084127233832188, 0.07921813980986844, 0.07762771005290856, 0.07989359617874087, 0.07333456160720551, 0.08010233570536691, 0.07764704506011297], [0.07572292997804485, 0.07568038916263785, 0.08039891893916584, 0.07521144983860086, 0.071309875452011, 0.08311949053339644, 0.07096879601762787, 0.07897045897640567, 0.07775533966917557, 0.07969045390164294, 0.07327231972346535, 0.08004581484658839, 0.07785376296123747], [0.07382655338619133, 0.07450083265814073, 0.08191493825838697, 0.07232879228638313, 0.0697443718343024, 0.08038370984743369, 0.06890608460254279, 0.08040803101269574, 0.08112502287059521, 0.08118269065263245, 0.07255077694166724, 0.08272043588593407, 0.08040775976309442], [0.07373377107362507, 0.07440603742415607, 0.08162038858507772, 0.07227953583007476, 0.06977854578932605, 0.08051576680117359, 0.06895418025038581, 0.08022769409457568, 0.08153711205697878, 0.08092052793450628, 0.07253343864436353, 0.08273825635342863, 0.08075474516232804], [0.07366400149396571, 0.07429249920496526, 0.08141542297012151, 0.0723037591720557, 0.06972913970940275, 0.08081745480786685, 0.06894654999636836, 0.0799963618207426, 0.0817624992506792, 0.08071351835782657, 0.07241580622043808, 0.08289440226215784, 0.08104858473340933], [0.07361315215247338, 0.0742090361214798, 0.08119783792371472, 0.07233248648031206, 0.06973397832900503, 0.08108255947702574, 0.06898614220302653, 0.07979410454218813, 0.08201567193431619, 0.08050565038275521, 0.07235314311678175, 0.08283012413931716, 0.08134611319760421], [0.07362649378452985, 0.07415602787781346, 0.0810765805322976, 0.07246263113681015, 0.06970869230215038, 0.08139814996726305, 0.06901684291694486, 0.07961096368123556, 0.08192452225597713, 0.08037935517735768, 0.0722502013554596, 0.08289215451801103, 0.08149738449414966], [0.07372123323633073, 0.074198594986659, 0.08105773266562816, 0.07263620903760114, 0.0697509071255298, 0.08151114747551604, 0.06909905488863999, 0.07955558441319754, 0.08163890191767133, 0.08036489814044308, 0.07223963049007288, 0.08282460467826472, 0.08140150094444551], [0.07391088708525692, 0.07436849279258781, 0.08128141368205212, 0.07281082112176063, 0.06980762549975186, 0.08135969507827492, 0.06915609193218429, 0.07973166973846768, 0.08108355892806617, 0.08059644021567708, 0.07232093749460092, 0.08269702368884325, 0.08087534274247633], [0.07399152661888894, 0.07452606538160277, 0.08180306015739464, 0.07268117670355666, 0.06969180397229754, 0.08117318555976458, 0.06895114433062485, 0.08018446316199154, 0.08051665597999261, 0.08110363012804381, 0.0723899813016774, 0.08285965064485332, 0.08012765605931144], [0.0738717707390498, 0.07451127917560448, 0.08216111274588747, 0.07236555561167606, 0.0695357079311321, 0.08085562561629592, 0.0687030472984521, 0.0804975727739824, 0.08047291953805084, 0.08140358601871767, 0.0723949340360099, 0.08333333333333334, 0.079893555181808], [0.07385126359027076, 0.07453124764649767, 0.08219009254296522, 0.0722953210955789, 0.06960103599180971, 0.08061428832306233, 0.06874197032173668, 0.08057334279011145, 0.08065772717850807, 0.08142487857121845, 0.07248200575840573, 0.08304851233905039, 0.0799883138507847], [0.07383087449978326, 0.07445627199025497, 0.08185689074255255, 0.07240997519499454, 0.06969083157936186, 0.08062305265237138, 0.0688901881706146, 0.08028845600733636, 0.08105854994811797, 0.0811152010117099, 0.07245246479534877, 0.08287280075150594, 0.08045444265604798], [0.0737745887113861, 0.07442536681962576, 0.08175371123408996, 0.07233429750445654, 0.06972499097572724, 0.08049480557603993, 0.06891107089844299, 0.08025675977278521, 0.08131088371868772, 0.08102728061463614, 0.07248674845934427, 0.08288107298550496, 0.08061842272927307], [0.0736909455660869, 0.07426190663393833, 0.08144535658161635, 0.0724083391490542, 0.06963612592253755, 0.08094749601884592, 0.06889361034678246, 0.07991618874336154, 0.0814821601310104, 0.08072282930886651, 0.07229054462431665, 0.08333333333333333, 0.08097116364024984], [0.07385454579405994, 0.07438955042225341, 0.08157323585926386, 0.07260029721993189, 0.06970578972549477, 0.08103845890971932, 0.06898302390566141, 0.07999368488404418, 0.08106761593912343, 0.08085582213766951, 0.07234553769097132, 0.08292397771240939, 0.08066845979939762], [0.07379962650563825, 0.07436377858193331, 0.08159966722347524, 0.07250311531167387, 0.06967982813132025, 0.08086619882725504, 0.06893535919311103, 0.08003275024320188, 0.08119822731198388, 0.08087295146476953, 0.07234910317276139, 0.08307555668197522, 0.080723837350901], [0.073892902854076, 0.07446287136009079, 0.08181210628591244, 0.0725469075930483, 0.06966600014365681, 0.08095087687252565, 0.06890418779100212, 0.08019889853956201, 0.08080831984154839, 0.08108264438313029, 0.07238503279090013, 0.08294794722294342, 0.08034130432160361], [0.07367469022324928, 0.07426990821245869, 0.0814440463455612, 0.07235875442898328, 0.06966517154875473, 0.08090107911567156, 0.068905559843555, 0.07994901152469108, 0.08160413225925033, 0.08072603559693563, 0.07233527124846219, 0.08315532250275762, 0.08101101714966949], [0.07371231216699324, 0.07422356968527412, 0.08121129827012379, 0.07255342986595734, 0.06970335444665456, 0.08129394709469993, 0.0690177959100724, 0.07969415514592937, 0.08157995844053571, 0.08050630836249256, 0.07225540685304699, 0.08301490037303216, 0.08123356338518796], [0.07384025414750617, 0.0743284158682528, 0.08132474739603889, 0.072693370300812, 0.06975376762628559, 0.08122856415968958, 0.0690785940981998, 0.07977401491105988, 0.08122835920931742, 0.0806249394268523, 0.07230350703721877, 0.08287518927210176, 0.08094627654666507], [0.07400660101744884, 0.07450101930437662, 0.08161601732529147, 0.07278474999084944, 0.06975537497536285, 0.08133668501730315, 0.0690541519878325, 0.08002290254553455, 0.08062444957224611, 0.08093164196155091, 0.07237858522050539, 0.08267264493900607, 0.08031517614269197], [0.07400841752342709, 0.07445426201391848, 0.08136414154825715, 0.07290115345826478, 0.06983517864386206, 0.08150264034128493, 0.06918433973318612, 0.07980449274950131, 0.08079165687106309, 0.08069467418028714, 0.07235972072894054, 0.08250555978834406, 0.08059376241966314], [0.07364440241448834, 0.07419495015281564, 0.08122072570002209, 0.07242734244691823, 0.069679470841838, 0.0812136133667076, 0.06896420603300833, 0.07973572901884739, 0.0817815233760445, 0.0805138777109055, 0.0722694704015236, 0.08305594287204054, 0.08129874566484015], [0.07380098561779808, 0.07425943357875606, 0.08110498867106795, 0.07273443088378974, 0.06978963599052909, 0.08145166209639772, 0.06914899622270924, 0.07958563745158354, 0.08142901518281256, 0.08041673004885187, 0.07226779069948426, 0.0827697646645778, 0.08124092889164218], [0.07391630217395088, 0.074339384657958, 0.08111237860715514, 0.072893557745199, 0.06985681501768938, 0.08157010868750397, 0.06923998935208116, 0.07958421443216294, 0.08113919585110611, 0.08044085254477573, 0.07230428934485154, 0.08257422979515085, 0.0810286817904153], [0.07395891968505033, 0.07481638757836087, 0.08263312174609626, 0.07205869689164349, 0.06970405850448975, 0.0801230542916604, 0.06868863895145766, 0.08129406083879277, 0.08051725195343207, 0.08198430142638434, 0.07282977565215709, 0.08223497063442499, 0.07915676184605011], [0.07394196383513747, 0.07475085706578653, 0.08275960519820877, 0.07210808796967025, 0.06959367295361704, 0.08037916152588573, 0.06861254751445778, 0.08116826228636288, 0.08032055183765462, 0.08199480546447384, 0.07268878512977144, 0.08248677397789189, 0.07919492524108177], [0.07400655160991904, 0.07472939142421074, 0.08270072033671044, 0.07229017868139695, 0.06953504010436397, 0.08083219097034104, 0.06861521783524403, 0.08097873780758313, 0.07991877993008624, 0.08192914287466957, 0.0725586340031654, 0.08273315424409071, 0.07917226017821884], [0.07424604555689047, 0.07490875861922706, 0.08261657903095923, 0.07257014801713593, 0.06963718749735605, 0.08127534943980431, 0.06874940988382769, 0.08095174060711725, 0.07932833733003516, 0.08195936703885602, 0.07262725380114463, 0.08236747034810643, 0.07876235282953982], [0.07470099065869096, 0.07545955547361256, 0.0830288922083269, 0.07272018684042941, 0.06989075229589636, 0.08106292403794764, 0.06889263120693584, 0.08150713911493884, 0.07835820961150863, 0.0824137176138856, 0.07307267484697678, 0.08135471865872514, 0.07753760743212533], [0.07478831156656603, 0.0757285792306822, 0.08251367620574449, 0.07250380082576778, 0.07007675659682919, 0.08031800146241917, 0.06894030990432172, 0.0822678644006392, 0.07838134554142381, 0.08294512077392242, 0.07345758604036347, 0.08095595034268933, 0.07712269710863115], [0.07460456755842476, 0.07563777213874029, 0.08226661263923876, 0.07224329545109442, 0.07010258793272933, 0.07986881725112242, 0.0689105923825241, 0.0825937209346275, 0.07891918428444551, 0.08295629831048397, 0.07353894238917989, 0.0809945848121136, 0.07736302391527532], [0.07433426470400673, 0.07534729495391344, 0.08247646811794807, 0.07208673503532573, 0.06999613611390534, 0.0797871406703809, 0.06883643888448494, 0.08222232549325606, 0.07963496884189651, 0.08259830668371597, 0.07335586140887156, 0.08134424870120839, 0.07797981039108637], [0.0740414914083367, 0.07494564023055278, 0.0827337589126891, 0.07203512512591641, 0.0697450465139354, 0.08004323040276966, 0.06868483402772492, 0.0815588383639794, 0.08026314659723764, 0.08220938771090006, 0.07294888054961635, 0.08199281638889, 0.07879780376745144], [0.073986813722403, 0.07482718316181565, 0.08291089931655438, 0.07207911319338364, 0.06960087318053174, 0.08033108132859547, 0.06858870165118892, 0.08134176311522942, 0.08015762812079845, 0.08216779419149352, 0.07275260208988471, 0.0823082591847224, 0.07894728774339876], [0.07404738651073994, 0.0748326018023853, 0.08301215450473017, 0.07219774789729658, 0.06953336093313775, 0.08067407993099202, 0.06855566016404253, 0.08126122439571432, 0.07977757016745629, 0.082215688796637, 0.07265740572872334, 0.08241342402554536, 0.07882169514259953], [0.07411400679172192, 0.07486575648565992, 0.08289978691055698, 0.07230480173156374, 0.06955436483966297, 0.08086143726415145, 0.06859945262863322, 0.0811993941073679, 0.07959082478800839, 0.08219060289610301, 0.0726487810820931, 0.08240797161892681, 0.07876281885555067], [0.07425737480377914, 0.07503749416590916, 0.08291694413358013, 0.07235520823828842, 0.06962292276973545, 0.08085938166642652, 0.06863423579950909, 0.08141977156371535, 0.07925273598196718, 0.08244384418094343, 0.07278033668117843, 0.08206721451351812, 0.07835253550144977], [0.07416064776699281, 0.07506860755280612, 0.08304278920832109, 0.07207872121208797, 0.06966831951047604, 0.08024561197381816, 0.06858689818303079, 0.08179061109154188, 0.07963141189044319, 0.08264492902489302, 0.07294776425899278, 0.08183892199668752, 0.0782947663299084], [0.07437444641719432, 0.07533256160753955, 0.0826975276619296, 0.0721592668780619, 0.06982246921731546, 0.08014885872732674, 0.06869110