[[0.07259104447559821, 0.07996549999870635, 0.07379021723058571, 0.08240412472998786, 0.06935821506581694, 0.0791300005490632, 0.08123615483007876, 0.06991712186499069, 0.08136976033009533, 0.08080194686100746, 0.07445132140837013, 0.07504234731216657, 0.0799422453435327], [0.07262518974413663, 0.08023902337623258, 0.07369426366655031, 0.08270487511802208, 0.06937034807737215, 0.07925338288153966, 0.08110404794291884, 0.06993468477554876, 0.08145635404153334, 0.08063214868130544, 0.07432674756313153, 0.07492207046220202, 0.07973686366950654], [0.0726952977675807, 0.08055199868504871, 0.07361055696139636, 0.08299356978721764, 0.06943098127708278, 0.07938324637186549, 0.08091607321834472, 0.06999890711641935, 0.08149650853911329, 0.08041550862474171, 0.07420768956458244, 0.0748045563068373, 0.0794951057797697], [0.0727861429683826, 0.08082725825448865, 0.07356314277553894, 0.08293202152004972, 0.06949714440651655, 0.0795248030696541, 0.08079430448672734, 0.07007210161647548, 0.08154111839416638, 0.08027325078753424, 0.07412752971867055, 0.07473192163257726, 0.07932926036921815], [0.07294113913348149, 0.08112874564984353, 0.07355935479329347, 0.08266614818678009, 0.06965392940077865, 0.07966891444564617, 0.08062356070630611, 0.07023150184929429, 0.08151981884390527, 0.08009282171545062, 0.07408383773951237, 0.07468991226782996, 0.07914031526787799], [0.07297839483173275, 0.08135255519212799, 0.07347859376357878, 0.0829134970458236, 0.06963333692667097, 0.07978826269132099, 0.08052940483037037, 0.07022436493412398, 0.08153358184326347, 0.0799844447172252, 0.07397687623277831, 0.0745986657009685, 0.07900802129001519], [0.07299411203817288, 0.08174165907077369, 0.07330453788424168, 0.08333333333333334, 0.06948742384421978, 0.08003779078321013, 0.08045033931425287, 0.07011367228352312, 0.08162580986224219, 0.07987647906209122, 0.07376334949169974, 0.07442814859082662, 0.07884334444141276], [0.073147165681141, 0.0821497986440116, 0.07325950943958928, 0.08290956310739667, 0.06953185241789199, 0.08030705355504122, 0.08035285542250446, 0.07018390061211707, 0.08164246080168978, 0.0797690292394952, 0.07367165413525226, 0.0743680270593392, 0.07870712988453021], [0.0732370806797141, 0.08255698591140609, 0.07317441151737096, 0.08248542704217057, 0.06944280321000974, 0.08063889731866966, 0.08035053289897365, 0.07013385246403564, 0.08174364030880053, 0.07975155005526309, 0.0735479132449481, 0.07429361329773963, 0.07864329205089822], [0.07343450698941287, 0.08305911104097484, 0.07311563666232587, 0.08187074639053991, 0.06942200826083997, 0.08109688178834103, 0.08026807949069224, 0.07016187475747723, 0.08170771014335275, 0.07967067119773634, 0.07342920443147179, 0.0742357836892089, 0.07852778515762619], [0.073745229995648, 0.08272609491470984, 0.07317902981488063, 0.08123278928942497, 0.06952878377290311, 0.08162838716509176, 0.08021110443996346, 0.07031507217605334, 0.0815862390245598, 0.07963743594214345, 0.07342949317164159, 0.07429572620311954, 0.0784846140898604], [0.07409093634980057, 0.08232771073073004, 0.07331141043232066, 0.0807793518721969, 0.06979199503158594, 0.0819388249221724, 0.08004688006971328, 0.07060042408681778, 0.08130864894102857, 0.07951210420015647, 0.07350411049781681, 0.07439658462840025, 0.07839101823726037], [0.07432011434800828, 0.0817523964710024, 0.07340118508673553, 0.08027049092682578, 0.06982969314225675, 0.08243721925555375, 0.08006262084353193, 0.07067941138663361, 0.0811748688892925, 0.07956499849478496, 0.07355411133648734, 0.07450310884367188, 0.0784497809752154], [0.07448136419945421, 0.08132206745191783, 0.07348005896565721, 0.07989181989621329, 0.06985406367949534, 0.08281237162904377, 0.08006906994791006, 0.0707330078709332, 0.08103821157777746, 0.07960768030817829, 0.07360664037915232, 0.07459723406063591, 0.07850641003363117], [0.07458822004677401, 0.08077261098196306, 0.07356275057080056, 0.07943844590451582, 0.06978435846904173, 0.08333333333333331, 0.0801454741662177, 0.07069931145878575, 0.08089712995601814, 0.07973532579930175, 0.07367316255906332, 0.07472000599519049, 0.0786498707589942], [0.07466074772846557, 0.0803785703351828, 0.0737100565391767, 0.07916220103648766, 0.06978371159432342, 0.08288956986680156, 0.08030506784486405, 0.07071303751887355, 0.08084730371311953, 0.07994306320150209, 0.07382494031932324, 0.07490399483660193, 0.07887773546527788], [0.07477600089670039, 0.07984869111648994, 0.07393834662396548, 0.0787737207172343, 0.06983667990532591, 0.08232488956808062, 0.08045643668386875, 0.07077901814263998, 0.08068748618944356, 0.08017896883575472, 0.07405860674427778, 0.07517433312435094, 0.07916682145186761], [0.07472704315446933, 0.07933842247342417, 0.07414418851483938, 0.0784511123743384, 0.0697827640620667, 0.08170749165618231, 0.08070625074704071, 0.07072545197829057, 0.0805721286667484, 0.08052832840278022, 0.074302204226346, 0.07544472369650386, 0.07956989004696989], [0.07262650742369019, 0.07960314187031389, 0.07400976544487381, 0.08214969321903512, 0.06955797402400189, 0.07886540280779561, 0.08116734846141048, 0.07008256980100513, 0.08106680895164954, 0.08082164242503646, 0.074707637785283, 0.07525404909712385, 0.08008745868878117], [0.07264555158859189, 0.07994141119657443, 0.07386414854094257, 0.08255737257383336, 0.0695317879146349, 0.07903041182723053, 0.08105335913546893, 0.07006642616074568, 0.08121343485030841, 0.08064431453498798, 0.0745266696928266, 0.07508335022964199, 0.07984176175421258], [0.07266748640609427, 0.08013143200677461, 0.07379154170533794, 0.08279437821260734, 0.06953491467961449, 0.07911674335770937, 0.08096577450233876, 0.07007410135789263, 0.08127009395480961, 0.08052893375323712, 0.07443317309678402, 0.07499410291320359, 0.07969732405359642], [0.07272043803361873, 0.08056534112917053, 0.07362650360155887, 0.08309607197885366, 0.06949435157589606, 0.07935683850351025, 0.08083924952152795, 0.07005474591392231, 0.0814338632527245, 0.08034536510226527, 0.07422028546566618, 0.07480641540450567, 0.07944053051677996], [0.07266136991565053, 0.08022899890366104, 0.07373695792119898, 0.0828497265767645, 0.0694837086178582, 0.07918773974412974, 0.08097845324991888, 0.07003241725562868, 0.08134440846765349, 0.08052265075134295, 0.07436885815350854, 0.0749421200231067, 0.07966259041957752], [0.07285123008004607, 0.08088239999459011, 0.07359333300509262, 0.08292007187116347, 0.0696105312879129, 0.07951619943971325, 0.08068568538014258, 0.07017656447205388, 0.08146055521552183, 0.08017191934435405, 0.07414716193424345, 0.07473894179186834, 0.07924540618329753], [0.0729842606873491, 0.08106526551449712, 0.07361974648275715, 0.08269855879679425, 0.06977529488870869, 0.07958756673946031, 0.0805362063510674, 0.07033719910338818, 0.08139610131308886, 0.08002234949353203, 0.07414514468755327, 0.07473039999571487, 0.0791019059460888], [0.07300334282061674, 0.08138797097433804, 0.07347981803714067, 0.08294811551966191, 0.06966640547662632, 0.07979534732082637, 0.0804856545867005, 0.07025631461733649, 0.08150191125648996, 0.07994227641889534, 0.07397189334978654, 0.0745917546527342, 0.07896919496884675], [0.0731332878595802, 0.08164473316617249, 0.0734513580461355, 0.08303716935981545, 0.0697791605500395, 0.07990965865392106, 0.08029905013175874, 0.07037582435528776, 0.08140242301123603, 0.07975438213423869, 0.07390444357372591, 0.07453072152855274, 0.07877778762953597], [0.07324757431096551, 0.0820692813526958, 0.07335586587173161, 0.08286232669790076, 0.06974849857958174, 0.08019297820164731, 0.08021662455442981, 0.07037824685153247, 0.08144912025201331, 0.07965424788828045, 0.07376175787970758, 0.07442859261723414, 0.07863488494227953], [0.07329975633913645, 0.08240176591257249, 0.07327176003600017, 0.0826166840664111, 0.06965358066996523, 0.08044469178681063, 0.08022209862319016, 0.07031516152697442, 0.08154182935411351, 0.07964433737207559, 0.07364862921959987, 0.07435543330923593, 0.07858427178391457], [0.07338530578729564, 0.08275016936873987, 0.07321077770774495, 0.08228982143512854, 0.06959952228676382, 0.08070543910558566, 0.08019846517795616, 0.07029183247481033, 0.08157800203067599, 0.07961329642874451, 0.07355490588698113, 0.07430002716137951, 0.07852243514819382], [0.0735005641161701, 0.0831116589306002, 0.07317021735735955, 0.08193113309179019, 0.06958311714476346, 0.08096750356393317, 0.08014198443146313, 0.07030493572587, 0.08154589214428778, 0.0795579031867853, 0.07347825724620918, 0.07425972750089216, 0.07844710555987587], [0.07358337334840341, 0.08333333333333333, 0.07315571734727845, 0.08170834917633599, 0.06959148095974203, 0.08112131132880084, 0.08009201408577453, 0.07033026338881063, 0.08149267960055247, 0.07951264996848645, 0.07344067077509304, 0.07424275924005991, 0.07839539744732889], [0.07377764657534894, 0.08303588940291391, 0.07322052593058585, 0.08142049986068406, 0.06972169559581531, 0.08133123558055771, 0.08003094284941831, 0.07047665037210282, 0.08139875787382077, 0.07946634585100153, 0.0734714245522233, 0.07429346260378068, 0.07835492295174677], [0.073931662685968, 0.08270991491637608, 0.07326228462499239, 0.08111967838157079, 0.06976500775283492, 0.08160885444291895, 0.08003194886929078, 0.07054462392711251, 0.08136129110110987, 0.07947956319360612, 0.07348425068939865, 0.0743383727144104, 0.07836254670041051], [0.07439694053963856, 0.08212661439039247, 0.07345625156650558, 0.08054805643353866, 0.07014370939246613, 0.08191325582930496, 0.07981496524495395, 0.07094824157740755, 0.08100464077786608, 0.07931326491263914, 0.07360400965274687, 0.07448648563376233, 0.07824356404877779], [0.07456864653814, 0.08168985985561325, 0.07351661435183568, 0.0801523589145765, 0.07014053910833734, 0.08231322824446408, 0.07984315863462792, 0.0709820656893122, 0.0809238093765468, 0.07936928700256225, 0.0736334907059255, 0.07456599453621417, 0.07830094704184425], [0.07404881617340829, 0.08223962013347617, 0.07328893230785216, 0.08073400046011722, 0.06969527171747524, 0.08204204833174272, 0.08012851502773746, 0.0705137441675072, 0.08138393242409167, 0.07959037018306862, 0.07348689035926805, 0.07439456136565628, 0.07845329734859888], [0.07474380815221457, 0.08135359093935374, 0.07359798686999351, 0.07984567183437193, 0.07021306132674028, 0.08254000567307156, 0.07981284160355402, 0.0710772648950202, 0.08079115398280835, 0.07936893494586969, 0.07368710684456412, 0.07465011418285555, 0.07831845874958251], [0.07494326927116932, 0.08082722956268248, 0.07371588454208798, 0.0793886030768985, 0.07023692560203867, 0.08286887987993513, 0.07983308197362862, 0.0711379194945271, 0.08062536412337619, 0.07944002773039514, 0.07377534949559039, 0.07479212894728662, 0.07841533630038387], [0.07495492676198534, 0.08055789857709249, 0.07375875508655497, 0.0791838628159194, 0.0701505853538175, 0.08299483572869598, 0.07992991044834051, 0.07107042861651675, 0.08060452775424289, 0.07956343277202871, 0.07381920963113775, 0.0748683437816175, 0.07854328267205009], [0.07504260386870885, 0.08010301518194705, 0.07391804898142713, 0.07884581498626571, 0.07013440897763706, 0.08269981581808325, 0.08007203908017986, 0.07107472429742456, 0.0805163354671936, 0.07976552104446133, 0.07397939762856236, 0.07507069981440932, 0.07877757485369986], [0.07524677121217363, 0.07963702703723881, 0.07415145741566498, 0.07846714305676898, 0.0702753750620714, 0.08224679986533505, 0.08009151180565376, 0.07123004214592665, 0.08029999378543624, 0.07986366056709825, 0.07419874571305413, 0.07532320595850966, 0.07896826637506837], [0.07506187147361022, 0.07939353334598766, 0.07420525333437464, 0.0783633419241787, 0.07007973230551391, 0.08192834080693857, 0.08036134487262579, 0.07103401405591957, 0.08036689329115604, 0.08017691991340048, 0.07429788383800326, 0.07544182895111942, 0.07928904188717155], [0.07268964775133388, 0.07959691832674783, 0.07408139747447015, 0.08225130677106739, 0.06973629876541125, 0.07878578902672916, 0.08098629727584376, 0.07023747088725475, 0.08093710566352458, 0.08065665969702046, 0.07477795680704964, 0.0752909623901727, 0.0799721891633745], [0.0727327885501174, 0.08008484365517386, 0.07387486135533929, 0.08286439739826434, 0.06971572270245709, 0.07901878195906871, 0.08080366513721336, 0.07023159353559204, 0.08110872835958749, 0.08039118930312679, 0.0745165859187395, 0.07504535415101239, 0.07961148797430752], [0.07271031051462842, 0.07990985310651051, 0.0739436150580358, 0.08264112851964643, 0.06971226985393868, 0.07893850726173546, 0.0808825470376133, 0.07022349321330928, 0.081061585013434, 0.08049590180276275, 0.07460573527471567, 0.07512972504523764, 0.07974532829843202], [0.07271268003925102, 0.08027090515027623, 0.07376307589881417, 0.08303487274218264, 0.06960667612973244, 0.07914956022719026, 0.08082657440091456, 0.07014127186680084, 0.08124321809450082, 0.08037919424838846, 0.07438681356844648, 0.07493976499991359, 0.07954539263358862], [0.07279101496785194, 0.0803523381114358, 0.07378747728831749, 0.08317133959051348, 0.0697559176765812, 0.07913513122730134, 0.08065414228326628, 0.07027710466145279, 0.08114267162756121, 0.08021080717334071, 0.07439551044603551, 0.07492922854078202, 0.07939731640556025], [0.07288747210523222, 0.08068769329092423, 0.07370828923098535, 0.0830487414543094, 0.06979050829177046, 0.07933087133376841, 0.08056430115073601, 0.07032682303903746, 0.08123970525221845, 0.08008666934420028, 0.07427554471537598, 0.07482804234070291, 0.07922533845073865], [0.07275939888793476, 0.0804833741789567, 0.07369459050457068, 0.08333333333333334, 0.0696429790903843, 0.07923509050591014, 0.08068996563512743, 0.07018104986031634, 0.08125221693511402, 0.0802220050572286, 0.07429165082881652, 0.07484720677309681, 0.0793671384092104], [0.07304158628529894, 0.08094856407767446, 0.0737118640118917, 0.08270711151915405, 0.0699437682633703, 0.07946723695195436, 0.0804278046988965, 0.07048326590031448, 0.08123003972334478, 0.07993816652770096, 0.07424071482463605, 0.07479656392492648, 0.07906331329083706], [0.0731255932792251, 0.08110121996549347, 0.07370386201128247, 0.0825806532186758, 0.07001758169927146, 0.07954869814983345, 0.08034685266675957, 0.07056101651468681, 0.08121667166640568, 0.07985091588339613, 0.07420970921133509, 0.07477005902351395, 0.07896716671012093], [0.07314662079556361, 0.08126039624484714, 0.07363980770698102, 0.08271621958735177, 0.06998270735156296, 0.0796447551594829, 0.08030600934594366, 0.0705387526124409, 0.08124717490730689, 0.07979714254015478, 0.07412724851826089, 0.07470299827897894, 0.07889016695112455], [0.07324361380814345, 0.0814542400826124, 0.07360924169101524, 0.08275646181399328, 0.07005223578195452, 0.07974617152027319, 0.08018418756811886, 0.07061648586635055, 0.08119888720813209, 0.07966988379210617, 0.07406564152185591, 0.07465061011932858, 0.07875233922611569], [0.07331665882083427, 0.08183734513811636, 0.07348767445649437, 0.08278750904593377, 0.06997535569974109, 0.08000219119608996, 0.08012138802845127, 0.07057323132933781, 0.08126613659219796, 0.07958449127803911, 0.07390184506083575, 0.07452806821243427, 0.07861810514149403], [0.07336261048641887, 0.08202329533077408, 0.07344217078659682, 0.08270557271799109, 0.06994911187736381, 0.08013193519300874, 0.08009597484591884, 0.07056322598308673, 0.08129263930175441, 0.07955091751425279, 0.0738361635503185, 0.0744823384219248, 0.0785640439905905], [0.07337517451819324, 0.08214755163834263, 0.0734037749176269, 0.08265685926526355, 0.06990380116439486, 0.08022334563126951, 0.08009985412286216, 0.07053035820056257, 0.0813307415658562, 0.07954791167240245, 0.07378732222829547, 0.07444900516229516, 0.07854429991263522], [0.07347188998316787, 0.0824556715149079, 0.0733507775649655, 0.08240003009529905, 0.06988335853751426, 0.08044607722705457, 0.08005428009659911, 0.0705364346691124, 0.08134666494201936, 0.07949497538134966, 0.07370047506558551, 0.07439465853338917, 0.07846470638903566], [0.07356120759525246, 0.08276530814675025, 0.07329821957495126, 0.08212123122639158, 0.06984409385042464, 0.08068140047396778, 0.08002216125142717, 0.07052572458509497, 0.08135939658862346, 0.07945783963474339, 0.07361612571384596, 0.074345459750214, 0.07840183160831302], [0.07365767145044157, 0.08297766974051463, 0.07327576003560353, 0.08186863415248183, 0.06984560036153965, 0.08086839055535407, 0.0799781843954231, 0.0705487742981826, 0.08133023250083493, 0.07941533510656558, 0.0735659629280759, 0.07432157040951037, 0.07834621406547232], [0.07395047135585239, 0.08287934055040215, 0.07334550263969813, 0.08139614938870277, 0.07003658459136483, 0.08114827881251735, 0.07984054046614071, 0.07076593803537545, 0.08115753188879368, 0.07929840182882086, 0.07357875124501233, 0.07436519478333475, 0.0782373144139846], [0.07423331721584037, 0.08254223570560677, 0.07344498621589093, 0.08100569013134433, 0.07024158340276565, 0.08137117060509665, 0.07973013101565979, 0.0709915713086339, 0.08098959563107325, 0.07921207914889272, 0.07362982016172548, 0.0744404677709958, 0.0781673516864742], [0.0744376400240558, 0.08215726205395238, 0.07348641512682674, 0.08057802476719722, 0.07024275228404389, 0.08179847081789701, 0.07974880406914547, 0.07103650242241617, 0.0809399921136208, 0.07925042823668142, 0.07363047238274723, 0.0744974750203545, 0.0781957606810614], [0.07420677005910838, 0.08244596622218979, 0.07338680760077086, 0.0808528507537032, 0.07004893792886807, 0.08167965863477898, 0.07985672809726607, 0.07083146975483244, 0.08111460805158521, 0.0793335364594154, 0.07356693409113196, 0.07442157018880542, 0.07825416215754429], [0.07402371555134356, 0.08278305138706765, 0.07334219448377247, 0.0812082150847842, 0.07001027887547294, 0.08134938078741391, 0.07985915013053177, 0.07076094783873044, 0.08116801763458328, 0.0793200542305865, 0.07355749176758998, 0.07437123256734189, 0.07824626966078138], [0.07374824483564872, 0.08310490991945946, 0.07325459201190482, 0.08161594892597575, 0.0698255213937775, 0.08108292808356429, 0.07995976501469017, 0.07055308613172039, 0.08131791603682262, 0.07939885735893973, 0.07351893825235879, 0.07430489158571775, 0.07831440044941997], [0.07417629852263176, 0.08252311166138598, 0.07338207484692412, 0.08093014671107489, 0.07005790771439664, 0.08159396174113227, 0.07984550371903998, 0.07083210944158219, 0.08111516082088235, 0.07931940402970415, 0.07356861509541963, 0.07441226960432525, 0.07824343609150064], [0.07401907258284209, 0.0825381365009936, 0.07329089563634807, 0.08096107065114494, 0.06979932187556803, 0.08174844139432406, 0.08002292107044012, 0.07059092710025715, 0.08132231200498717, 0.07947942794970056, 0.07349728122793943, 0.07436697298254413, 0.07836321902291056], [0.07456466964778558, 0.08188970338743322, 0.07352760451990425, 0.08032272874724451, 0.07025993776736543, 0.0820376760845996, 0.07975270602786591, 0.0710773378098826, 0.08088270592192882, 0.07927124294632283, 0.07364877019393658, 0.07454681876014763, 0.07821809818558317], [0.07471755325548042, 0.08158932378785821, 0.07358974602803602, 0.08004453345798175, 0.07030791352734442, 0.0822625084533494, 0.07973778434646668, 0.07114822570479273, 0.08078730465573264, 0.07927952384055398, 0.07368544570594679, 0.07461374777561675, 0.07823638946084027], [0.07489061372143549, 0.0812217081721966, 0.07367112599255317, 0.07971208271387642, 0.07035368593664072, 0.08251452969579058, 0.07972829418940719, 0.07122132382932472, 0.08066555197818341, 0.07930201571858106, 0.07373923896277636, 0.0747048505559766, 0.07827497853325788], [0.07502925929950208, 0.08094160209928701, 0.07374749979086166, 0.07946170135829302, 0.07040453850156865, 0.0826466700389233, 0.07971433805045365, 0.07129110849908785, 0.08055681812001117, 0.07931623322937861, 0.07379519132695489, 0.07478737995668555, 0.07830765972899272], [0.07512591410406805, 0.08051693947192166, 0.07383843410786771, 0.07911370184692312, 0.07034681156921255, 0.08282705949644503, 0.07980098312881036, 0.07126413217063109, 0.08047277308486309, 0.07944682482162525, 0.07387470936389566, 0.07491604132519106, 0.07845567550854542], [0.07530041786703745, 0.08003453074494465, 0.07402504029840491, 0.07872492532134123, 0.07040530675287551, 0.0825920954031855, 0.07986573190469483, 0.07134656355960683, 0.08031650943614299, 0.07957681595799203, 0.07404707314505848, 0.07513232732160557, 0.07863266228711002], [0.07538552571700932, 0.07971737045896292, 0.07415971418823057, 0.07848075038365974, 0.0704312413839995, 0.0823280785612072, 0.07992764486799257, 0.0713845503060793, 0.08021591707788063, 0.07968815725028783, 0.07417973161240322, 0.07529230283798098, 0.07880901535430641], [0.07541834382891538, 0.0793284791629291, 0.07432430218546382, 0.07820181610655734, 0.07041454171682891, 0.08194834734857952, 0.08004751061598771, 0.07137754272786553, 0.08011082318965448, 0.0798768537097333, 0.07435611402713789, 0.07550047481939252, 0.07909485056095436], [0.07514199806917805, 0.0791017887800046, 0.07435744271663518, 0.07813453341928983, 0.0701486976081087, 0.08162808404581032, 0.08037714168686086, 0.07110635693043503, 0.08021635086953856, 0.08025501824802182, 0.0744513655088342, 0.07561247638954978, 0.07946874572773314], [0.07383234383596482, 0.08291295221199037, 0.07333885011536267, 0.08163854216417861, 0.07001436865581279, 0.08094690510011501, 0.07986508151386863, 0.07072205648870465, 0.08118955690449843, 0.07931721258894663, 0.07359896314120268, 0.07435861336681933, 0.07826455391253531], [0.07370357504115187, 0.08270026141990613, 0.07337411618447146, 0.08197069869419826, 0.07003765804159179, 0.08066284037351018, 0.0798999949502977, 0.07071152436333439, 0.08120502620485874, 0.07935137223810625, 0.07367180813773533, 0.074389914847857, 0.07832120950298102], [0.0735915872722749, 0.0823954306509698, 0.07342708120303279, 0.08226605990903979, 0.07006929891442874, 0.08040251765054335, 0.07994131416763882, 0.07071101245938698, 0.081201837993937, 0.07939716073608236, 0.07376191251416446, 0.074440741267294, 0.07839404526120687], [0.07355327796707235, 0.08222735301490074, 0.07346709342925974, 0.0823768118742258, 0.07010775251009005, 0.08027320109737032, 0.07995039456139719, 0.07073260404137317, 0.08117670380731247, 0.07941198153808933, 0.07381881415466375, 0.07447690689809192, 0.07842710510615297], [0.07347656500026029, 0.08195402592308376, 0.07352995703762015, 0.08253797040376824, 0.07014661090540517, 0.08007042661684496, 0.07998460508181766, 0.0707455083646902, 0.0811465111463016, 0.07945617149990743, 0.07391246049801285, 0.0745388091005956, 0.07850037842169193], [0.07337294264228397, 0.08155673240185934, 0.07363852832021678, 0.08262602716839387, 0.07020101316159752, 0.07979349167258885, 0.08005307451425624, 0.07076403884595175, 0.08109648153066286, 0.07954427158912597, 0.07406781208672282, 0.07465032038148284, 0.07863526568485733], [0.07333080505003348, 0.08137436842194758, 0.07369743526898354, 0.0825892601294383, 0.07022779375593564, 0.07967344183863609, 0.08009310440539043, 0.0707750675539518, 0.08107166904171123, 0.07959562444524895, 0.07414895448127148, 0.07471221038000209, 0.07871026522744937], [0.07405457587952911, 0.08200978708012584, 0.07328964040085253, 0.08057058461234541, 0.06960842804372223, 0.08224768476733701, 0.08021936847844233, 0.07044518170461467, 0.08142860037879532, 0.07968652233545888, 0.0734851514982556, 0.0744198156214326, 0.07853465919908867], [0.07451581385483388, 0.08150045274232433, 0.07348975201658851, 0.08001662070793379, 0.06997259230902748, 0.08259310877267331, 0.07997138784673183, 0.07083569659684494, 0.08099898716017624, 0.07950239591488552, 0.07361207910074309, 0.07457756044708846, 0.07841355253014869], [0.07478181910936556, 0.0810108116736862, 0.07362747534977986, 0.0795673220573717, 0.07010538968948289, 0.08289154468371912, 0.07990540597074752, 0.07099834134742641, 0.08076297715786505, 0.07948764315615406, 0.07370944113655155, 0.07471615412850195, 0.0784356745393481], [0.07326276545426555, 0.08122144776207713, 0.07373037848935375, 0.08256234177572208, 0.07019421706910424, 0.0795842041077365, 0.08017036923673028, 0.07073245291150652, 0.08109002675598054, 0.07967968548932902, 0.07420591665068023, 0.07475844518657351, 0.07880774911094067], [0.0732104348281414, 0.08105375904859168, 0.07378082507835539, 0.0824685089338923, 0.07018549017851752, 0.0794878961385215, 0.08024135405256272, 0.07071301966978077, 0.08108895514706312, 0.07976137752188456, 0.07428006276115001, 0.074819716152896, 0.07890860048864295], [0.07310833591291838, 0.08083408460696068, 0.0738089599453135, 0.082646502758075, 0.07011920630529292, 0.0793574900199651, 0.08032362370593604, 0.07063692839281076, 0.08107440255933875, 0.07985719242243934, 0.07433977339700822, 0.07486729599639345, 0.07902620397754792], [0.07301572363008438, 0.08059202197906239, 0.07385114186608967, 0.0828411557624063, 0.07007270393273655, 0.07921029621055214, 0.08038884594612201, 0.07057869079374489, 0.08102381131202685, 0.0799425198751142, 0.07441396755546147, 0.07492663773511947, 0.07914248340147967], [0.07292932141765845, 0.08037823995708043, 0.07388703252673672, 0.08295923490781502, 0.07001134692164891, 0.07909132130493872, 0.08046950923993204, 0.07051019287895191, 0.08099029475492533, 0.08004238215989713, 0.07447941408504924, 0.0749832144766674, 0.07926849536869875], [0.07288582484788529, 0.08028568302845328, 0.07389868262470674, 0.08298198371124299, 0.06996732969059857, 0.07904750126407369, 0.08052324573202234, 0.07046537247369673, 0.08098866083440628, 0.08010409592675902, 0.07450481323868909, 0.07500788575228157, 0.07933892087518446], [0.07283636557968343, 0.080139043514262, 0.07393373794832842, 0.0829172999836945, 0.06992413376999233, 0.07897947368037037, 0.08060280623899446, 0.07041972821935395, 0.08097495850694529, 0.08019936038644934, 0.07456018920880685, 0.0750607451535559, 0.07945215780956325], [0.07280223821063313, 0.07998300407699398, 0.07398641192570428, 0.08276830794794922, 0.06990382026994535, 0.0789070444143638, 0.08067810609590265, 0.07039563198385972, 0.08094575071345009, 0.0802951438727896, 0.07463298054951993, 0.07512943862311086, 0.07957212131577732], [0.07279697953380222, 0.07973172359926013, 0.07411236128989274, 0.08248322273168471, 0.06996577133131224, 0.07876636340295905, 0.0807201587772549, 0.07044290757054132, 0.08082832099569422, 0.08038125231137068, 0.0747868448177704, 0.07526492973450996, 0.07971916390394719], [0.07278204887135198, 0.07949828006645646, 0.07422018932193492, 0.08220683521466605, 0.06998964953127822, 0.07864839614062077, 0.08078318801188153, 0.0704581043426477, 0.0807323878257737, 0.08048827608423037, 0.07492150708483723, 0.07538926231711628, 0.07988187518720481], [0.07274414499946474, 0.07973051522932392, 0.07406618296652152, 0.08246226133711795, 0.06984268977859445, 0.07880690101940457, 0.08083181596876196, 0.07033383608250877, 0.08091068116448845, 0.08048514791827788, 0.07474508930982682, 0.0752426673138955, 0.07979806691181349], [0.07446701375264662, 0.0819030987344049, 0.073474812760536, 0.08034642386961391, 0.0701107329552498, 0.0821448368460974, 0.07985089464542668, 0.07093660687300352, 0.08098967770543355, 0.07936086301903694, 0.07360869171418094, 0.07452025103021313, 0.07828609609415645], [0.07425667496071708, 0.08207828792358837, 0.07337828345650525, 0.08053642960325574, 0.06989764068773999, 0.08211719311342879, 0.07998894774700413, 0.07072061650993058, 0.08118433705949037, 0.07947505296506023, 0.07354374605177098, 0.07445449109004881, 0.0783682988314597], [0.07444558245476383, 0.08104152026868243, 0.07348550359785629, 0.07969466646088688, 0.06971164951106358, 0.08309257350441135, 0.08019934715354407, 0.07061081938353266, 0.08106047386804063, 0.07975498821379441, 0.07361794540331187, 0.07464212973959164, 0.07864280044052024], [0.07427743636478693, 0.08157330384758665, 0.07338767916172599, 0.08015551022912257, 0.069705085953212, 0.08262592435508355, 0.08017372353891383, 0.0705701297118704, 0.08123637220863196, 0.0796801363524281, 0.07354643337801066, 0.0745197473711042, 0.07854851752752325], [0.07361521276900386, 0.08294786747387936, 0.0731407991712988, 0.08147675615404995, 0.0694742521998234, 0.08141857445918244, 0.08022968638664262, 0.0702432829382447, 0.08164258273921605, 0.07964428748838728, 0.07341537254853987, 0.07425916372176464, 0.078492161949967], [0.073905929228391, 0.08231397905445711, 0.07323135018708493, 0.08086072260233593, 0.06955236461292062, 0.08198271915509293, 0.08023643081969954, 0.07036846035563278, 0.08153223582922271, 0.0796815137186891, 0.0734523730109017, 0.07435909903006868, 0.07852282239550296], [0.07453130724810196, 0.08067408622888914, 0.07357963112622204, 0.07940341511510203, 0.06970414531816797, 0.08313786488152745, 0.08027293759900032, 0.07062243430468312, 0.08096589077695787, 0.07986844437477919, 0.07370477630896477, 0.07476211575011275, 0.07877295096749158], [0.0746240203083266, 0.08016501194469616, 0.07377639695463628, 0.07904132103798643, 0.06972055214018749, 0.082603386888828, 0.08045805833978256, 0.07065413293468269, 0.08086246806211173, 0.08012258992322839, 0.07390816002370935, 0.07500323992692809, 0.07906066151489625], [0.07546647141373995, 0.0788989543547347, 0.07453317576810418, 0.07788774657704549, 0.07044292458640597, 0.08149666952696183, 0.08013282562733717, 0.07141060402406323, 0.07994437536680345, 0.08005036385330741, 0.07457854558694985, 0.07575165158135679, 0.07940569173319012], [0.07557123860379848, 0.07910710063977992, 0.07446092805016927, 0.07800243745800856, 0.07054780947248253, 0.08173671876214629, 0.07998047155541615, 0.07151652877148267, 0.07995054805876031, 0.07985182867306656, 0.07447656954102669, 0.07563409183704856, 0.07916372857681418], [0.07260340710847213, 0.08065296604163427, 0.07322451444247392, 0.0811801305558912, 0.06853050343565595, 0.08030806503569926, 0.08195033385639477, 0.06926611200636966, 0.08276292244395538, 0.08123635925676759, 0.07376056984524942, 0.07459491427388341, 0.07992920169755315], [0.07261527861127089, 0.08086886099846617, 0.07323741069712114, 0.08159166962660941, 0.068684766319175, 0.08020743281942869, 0.08167241675310279, 0.06939092579831994, 0.0826400740283897, 0.08099381333663604, 0.07377605644049907, 0.07456505650528183, 0.07975623806569931], [0.07266874040784677, 0.08116374417063037, 0.07316365427784478, 0.08181447994878474, 0.06870927871495677, 0.08035689014182015, 0.08147888881968797, 0.06942262512715794, 0.0827153814127658, 0.08080021103456304, 0.07367451685424739, 0.07446875874446382, 0.07956283034523051], [0.07273027425244014, 0.0814180135042477, 0.07313639353958999, 0.08206331822912762, 0.06879541729576756, 0.08042028597438954, 0.08127505688446672, 0.06950493291725712, 0.08261773380178834, 0.08060789866565775, 0.07362717048893559, 0.07441229791688436, 0.07939120652944773], [0.07283862600475471, 0.08172610120569865, 0.07305390814485108, 0.08197325008656373, 0.06877328529319254, 0.08073109129631031, 0.08115463689480935, 0.06951202039731603, 0.08269701747584124, 0.08048152710761464, 0.07350068403629006, 0.0743218412721135, 0.07923601078464416], [0.07295003704847457, 0.0818322553354335, 0.07301957773304894, 0.08168861247782168, 0.0687477773200184, 0.08103213761599579, 0.08112449333993137, 0.06951665453196645, 0.08273432621536905, 0.08045198492061288, 0.07343101104170006, 0.07429183654969912, 0.07917929586992825], [0.0730283463599737, 0.08148047639508217, 0.07304363459507703, 0.08113006709109714, 0.06864158399359893, 0.08130450845871837, 0.08132383171892056, 0.06944916907488387, 0.08281936730822391, 0.08065301827568894, 0.07343729742401388, 0.07435606293379624, 0.07933263637092525], [0.07294651716311906, 0.0807451780164413, 0.07316676335856107, 0.08058681815365848, 0.06848908198464866, 0.08108393734751741, 0.08184117857809307, 0.06930939822907246, 0.0827417276387628, 0.08115917103809064, 0.07359944351508281, 0.07455087171865867, 0.07977991325829353], [0.07274169601458232, 0.08041102761143695, 0.07323589378667184, 0.08057101755067848, 0.06841427445868023, 0.08062008014398264, 0.08220131410073317, 0.06920479357955403, 0.08267524747847965, 0.08146976678485351, 0.07373323732964958, 0.07465065233183354, 0.08007099882886429], [0.07264184613895233, 0.08038878523881302, 0.07325706790833057, 0.08074172459750707, 0.06843626750138296, 0.08039461454334156, 0.0822259832047923, 0.06920004851476283, 0.08266379338119252, 0.08148479220013762, 0.07378600092176858, 0.07466583339430968, 0.08011324245470881], [0.07266179026721357, 0.08079947811353841, 0.07313924647253664, 0.08111099029980982, 0.06845961388261426, 0.08056148372252477, 0.08189092702451971, 0.0692231445377097, 0.08300899510655028, 0.08116633539215289, 0.07364212308125047, 0.07451275015475575, 0.07982312194482377], [0.0726231813752439, 0.08084699737636807, 0.07317722067420966, 0.08136400229037356, 0.06855476944097383, 0.08037937186203736, 0.08179519917480679, 0.06928986400926859, 0.08285921590030551, 0.08108784787216503, 0.0736997450471895, 0.07452967373094357, 0.07979291124611457], [0.07273216099807353, 0.08129358763305178, 0.07305228905612361, 0.0815370297555722, 0.06856356293618478, 0.08071344970196963, 0.08150131708029801, 0.06932161037295732, 0.08308683809821547, 0.08080020584800386, 0.07352284713655831, 0.0743768071616714, 0.07949829422132008], [0.07282286151885171, 0.08115296708494153, 0.07304699598432299, 0.08111459871250319, 0.06848663217782525, 0.08097610722899844, 0.08160973390662045, 0.06928059735303524, 0.08315395368174176, 0.08090719674747264, 0.07349106656928152, 0.07439705576849599, 0.07956023326590925], [0.07272946361277338, 0.0811260549723558, 0.07303438035502544, 0.08124285038601929, 0.06845672145254904, 0.08080970438005267, 0.08163590032403292, 0.0692362725246244, 0.08333333333333336, 0.0809243727062341, 0.07349983443925498, 0.07438596066336432, 0.07958515085038055], [0.07279773899498805, 0.08084187392314685, 0.07311507471800371, 0.08086703740835978, 0.0684424783538372, 0.08087562344203317, 0.08184748144374143, 0.06923972830204075, 0.08300415546382436, 0.0811349827089393, 0.07357688391589318, 0.07449391217585716, 0.0797630291493351], [0.07269886295306817, 0.08124793286660584, 0.07309138888120108, 0.081657721196947, 0.06861226455072421, 0.08056650654157477, 0.0815025964379688, 0.06935268485766324, 0.08294750994641976, 0.08080683725617968, 0.07357895927126343, 0.07440939432769494, 0.0795273409126893], [0.07286353340840239, 0.0816238245929146, 0.07302315959266853, 0.08163039746043382, 0.06866255017547601, 0.08092934300013818, 0.08127234247077784, 0.06942960839804066, 0.08290421411645296, 0.080587632880907, 0.07345607808900466, 0.07431743979083762, 0.07929987602394577], [0.07292988048015207, 0.08147001570595293, 0.07302689043173997, 0.08127514957936434, 0.06860124636310962, 0.08113585062573211, 0.08136939520344173, 0.06939545524918717, 0.08296053695014023, 0.08068514289998349, 0.07344213683296096, 0.07434296234947242, 0.0793653373287629], [0.07301649542076993, 0.08095814197646449, 0.07313050869222343, 0.08068396196471019, 0.06854316664198222, 0.08125022409696689, 0.08165374562715644, 0.06936785619932585, 0.08275537815456102, 0.0809844055395044, 0.07354000650301674, 0.0744925378960692, 0.0796235712872491], [0.07310693697467652, 0.08127023201149604, 0.07309146814330636, 0.08084179357559183, 0.06863812934727263, 0.08143219649779437, 0.0814029855113478, 0.06946344052435285, 0.08269960850345426, 0.08074672394990659, 0.07347309138367356, 0.07441965593384714, 0.07941373764328007], [0.07278666719850391, 0.08154990993797906, 0.0730564055860588, 0.08183265158009476, 0.06869433478055385, 0.0807022053161542, 0.0812903307658014, 0.0694376323499259, 0.08283860761268971, 0.08060677162597356, 0.07351592546538456, 0.07434580165301162, 0.07934275612786842], [0.07300111204674567, 0.08176745310444677, 0.07301910060343843, 0.08147693012319782, 0.06872011000306157, 0.08118150438120035, 0.08116105650911332, 0.06950589124409735, 0.0827576827066035, 0.08049011530355059, 0.07341691582886643, 0.07430153518464326, 0.07920059296103497], [0.0731198030672147, 0.08168210817248263, 0.0730425605280379, 0.08118674604383032, 0.06873709059368238, 0.08141942414812867, 0.08116050996907614, 0.0695454128854127, 0.08265429809302868, 0.08050353686609155, 0.07341450227190723, 0.07433056053258702, 0.07920344682852029], [0.07247205846035135, 0.07948786509125262, 0.07358455341140115, 0.08062049783837257, 0.06851540012260086, 0.07960814253159111, 0.0826587935769907, 0.06922555682674768, 0.08178513671537407, 0.08203376093207901, 0.07422064622741029, 0.07504156837945704, 0.08074601988637126], [0.07252751998281368, 0.07961052318645416, 0.07349282683892867, 0.0804331246115188, 0.06842023627527537, 0.07985497651371762, 0.08278104258678393, 0.0691625906209587, 0.08195390212912965, 0.08204481964416398, 0.07409359736268083, 0.07495924581568501, 0.08066559443188953], [0.07271655489804005, 0.0797423835583257, 0.07343833445491743, 0.08005061584178806, 0.06839378430631558, 0.08026465285241594, 0.08272514552539979, 0.06918348429532581, 0.08207935774722076, 0.08198335867025353, 0.07397604864007368, 0.07490861686807632, 0.08053766234184737], [0.07301548736122078, 0.07950546712603772, 0.07358699895224904, 0.07949404871014928, 0.06852380819829694, 0.08048029054422519, 0.08254194706842054, 0.06935283672378113, 0.08174767731117513, 0.0820162164965585, 0.07407106803791894, 0.07506859354045384, 0.080595559929513], [0.07329096863979, 0.07844102598941637, 0.0741544365781694, 0.07862577494398411, 0.06884226668408873, 0.07982925666771373, 0.0822849115105907, 0.069669261393775, 0.08075706166663837, 0.08246317513484018, 0.07466165838367327, 0.07569600166791493, 0.08128420073940539], [0.07302737767502489, 0.07789637733303968, 0.0743898881182766, 0.07862075995417304, 0.06887048944070381, 0.07909318152382115, 0.08223020566418766, 0.06963617132336092, 0.08034734403378226, 0.0829638897381927, 0.07501148295396712, 0.0759725603312617, 0.08194027191020835], [0.07272916125093402, 0.07795667713888751, 0.07434255240982843, 0.07911257262820255, 0.06883684640657815, 0.07880494560786833, 0.08231334675401325, 0.06954246728163216, 0.08041752680413182, 0.08297281659697583, 0.07504604032185379, 0.07590719637117158, 0.08201785042792274], [0.0725527724585965, 0.07842574679846771, 0.07410814028390403, 0.07978822196006032, 0.06875665606257209, 0.07893327700937998, 0.0825119749660178, 0.06943716233484294, 0.0808202701660924, 0.08262876477573156, 0.0748220245799252, 0.07562688699998583, 0.08158810160442384], [0.07247001396871029, 0.07916626686976402, 0.07371118055567595, 0.0803813237393393, 0.06854441823572321, 0.0794152130938452, 0.08275683763642795, 0.06924868174541, 0.08150303510469067, 0.08225265044797571, 0.07437105616723974, 0.07519081108437689, 0.08098851135082122], [0.07251455266887831, 0.07938646173044504, 0.07356516266497243, 0.08028050002083913, 0.06841906204916294, 0.07972113208737537, 0.08292724380283684, 0.0691591893976694, 0.08175469500540457, 0.08221289031954858, 0.07418176117378815, 0.07504933725415183, 0.0808280118249273], [0.07264668084821176, 0.07938966933893365, 0.07353808702254874, 0.07992092134193937, 0.06837201453955583, 0.07997833334492399, 0.0830251028818159, 0.069151424478515, 0.08177339176973024, 0.08226074681920935, 0.0741105064585113, 0.07503659562719828, 0.08079652552890665], [0.07275392876923661, 0.07939232637227583, 0.07355677178192005, 0.07974323508496556, 0.06840271922067548, 0.08011755735076988, 0.082917442698978, 0.06919947667836852, 0.08175258533737374, 0.0822371395661389, 0.0741034671659606, 0.07505580490379167, 0.08076754506954527], [0.07282209409695366, 0.07903776745480112, 0.07371006219909354, 0.07942627865722049, 0.06845817634736351, 0.07994811188086119, 0.08293465264276384, 0.0692593699380134, 0.0814164700856801, 0.08248167303633462, 0.07426425215076418, 0.07523421728674926, 0.08100687422340104], [0.07254841383677586, 0.07881983259109202, 0.07378556588239903, 0.07978590545984994, 0.06846213671755619, 0.07941649166419752, 0.08305491458689432, 0.06920231626727207, 0.0812469689966639, 0.08267365844026467, 0.07443099044767995, 0.07531394374539732, 0.0812588613639573], [0.0726447994870787, 0.07836896225135723, 0.0740303354939011, 0.07936383482102057, 0.06859091529123124, 0.07916123310838685, 0.0827251545234397, 0.069