[[0.07381032207140911, 0.07472353491027545, 0.0814311787038079, 0.07213112537809666, 0.0702673014240608, 0.07964884304307757, 0.06912502026073712, 0.08043452345145229, 0.08265551485327728, 0.08065249220382303, 0.07300991092826117, 0.08170110515160671, 0.08040912762011507], [0.07373151104065995, 0.07460620102385053, 0.08121833982957365, 0.07215496364357023, 0.07022955210994031, 0.07989183901576842, 0.06913836455018244, 0.08019423499590078, 0.08292041970817292, 0.08047160950740428, 0.07290631717395553, 0.08176442834312561, 0.08077221905789543], [0.07368595901015096, 0.07451076279714411, 0.08094926676834138, 0.07223818109898401, 0.07025600216882819, 0.08018430795305136, 0.06923087111596729, 0.07991601394414577, 0.08297410678402546, 0.08024744781861835, 0.07283908759777734, 0.08175528732600065, 0.08121270561696513], [0.07365274220551193, 0.07443695261914263, 0.08076531700527638, 0.07231040514008488, 0.07025958147117609, 0.08048669540758352, 0.06928856194995975, 0.07971097162700115, 0.08290831001790099, 0.08009244585865284, 0.0727756812733534, 0.08174441198898269, 0.08156792343537357], [0.07362443718574097, 0.07436000787510998, 0.08058986152289284, 0.07240699749279006, 0.07029104221591133, 0.08081798906803359, 0.0693848833297042, 0.07945873697665157, 0.08284007221071883, 0.07988342525420103, 0.07272022847591136, 0.08163657000075747, 0.08198574839157674], [0.07357831656557288, 0.07428295796396499, 0.08050663039663015, 0.0724435816081078, 0.0702453995795119, 0.08106949028960475, 0.06938077793362636, 0.07930064414323895, 0.08288647978377099, 0.07976893737777398, 0.07263579107855238, 0.08163203220572654, 0.08226896107391804], [0.07344803378959505, 0.07411399396835519, 0.08044295003839602, 0.0724239165344398, 0.07003713041023507, 0.08148467257666564, 0.06922426426607102, 0.07908739732540458, 0.08333333333333334, 0.07964390472509258, 0.07241412378441923, 0.08172994004929646, 0.08261633919869604], [0.07346276158986353, 0.07407695971151869, 0.0803578126306158, 0.07257167906024437, 0.07003602474079976, 0.08193377019735343, 0.06929037423904696, 0.07890206860853699, 0.08288076719801989, 0.07952682869921278, 0.07235621885839566, 0.08179213052211133, 0.0828126039442809], [0.07348046079378005, 0.0740573768929603, 0.08038400060462642, 0.07268566942488226, 0.06996625154377126, 0.08234050281557605, 0.06926609479805988, 0.07881606867814257, 0.08242968415413797, 0.079516077165974, 0.07228009041811298, 0.08202139839408552, 0.08275632431589058], [0.07357603058011153, 0.07409034912683742, 0.08033067242008486, 0.07293448251358757, 0.06998346276829634, 0.08279215491055293, 0.06935776955738311, 0.07868937535183607, 0.0817814568286044, 0.07944706910746974, 0.07225754011411575, 0.08212030695458086, 0.08263932976653939], [0.07376585438187777, 0.07421437979885921, 0.0802836648127758, 0.07326553561641967, 0.07008740083724396, 0.08333333333333333, 0.06953118249515788, 0.07861214133178102, 0.08110630582282427, 0.07941488887601841, 0.07232517884946302, 0.08203013659858495, 0.08202999724566071], [0.07405346254195527, 0.074411587400027, 0.08012632702408154, 0.07368511504852221, 0.0703975115591008, 0.08307572865029983, 0.06992109996137628, 0.07850651423399618, 0.08064309226420863, 0.07930823459826504, 0.0725351532010119, 0.08171599089179263, 0.08162018262536275], [0.07430428837708118, 0.07461490529679508, 0.0801586143794935, 0.07397825703338377, 0.07052781770606559, 0.08306776853631145, 0.07007583599341541, 0.07856127672521587, 0.08012439738225832, 0.07938525389136988, 0.07267733138647212, 0.08152433414470371, 0.08099991914743394], [0.07449854530460441, 0.07478056177114306, 0.08017269763748812, 0.07418792858423853, 0.07062928353226999, 0.08307549382233387, 0.07018675669054701, 0.07861288829385596, 0.07974262289467934, 0.07944616524503381, 0.07279632789621664, 0.08132670974728146, 0.08054401858030774], [0.07470088808991038, 0.07497990204252854, 0.08028547078152283, 0.07434635491190171, 0.07067201468933286, 0.08313328357787357, 0.07020606462009311, 0.07876222710602164, 0.07928638499070673, 0.07959485542024308, 0.07291386585779185, 0.08115406225329967, 0.07996462565877414], [0.074809060625541, 0.07511971744018327, 0.0805064311793696, 0.07435968571296514, 0.07062825855228103, 0.08303912195454123, 0.07011156203161095, 0.07900927747772515, 0.0789634074529167, 0.07978148502540588, 0.07297373557707179, 0.0811772895043479, 0.07952096746604027], [0.07500397454407777, 0.0753568085608882, 0.08075557684432538, 0.07442433539669652, 0.07065610671602561, 0.08272110428883564, 0.07007412390468053, 0.079346244846719, 0.0785177095679525, 0.08000185894764107, 0.0731217673278324, 0.08108772852074324, 0.07893266053358218], [0.07503588168459535, 0.07549573471607404, 0.08109094533913568, 0.07422280912852049, 0.07046432083984301, 0.08333333333333333, 0.0697612319277172, 0.07975612892008628, 0.07807773200951529, 0.08031380845927563, 0.07313701512396671, 0.08099724312543981, 0.07831381539249721], [0.07392885555584695, 0.07488353179488702, 0.08145373411064, 0.0721381103014559, 0.07045092720369436, 0.07926819626688485, 0.069254510274949, 0.0805895722663129, 0.08274183001036232, 0.08066468319940016, 0.07322643568457124, 0.08137528464734863, 0.0800243286836468], [0.07383985211354624, 0.07474329865255445, 0.08124762714064085, 0.07217947570225786, 0.07040725016903392, 0.07958718820432212, 0.06927613279363182, 0.08031517328423587, 0.08283574076969571, 0.08048413298756843, 0.07309115066957053, 0.0815169645055291, 0.08047601300741303], [0.07377683281861772, 0.07465308545955977, 0.08110413218207907, 0.0721893263361637, 0.070369502760246, 0.07975402808675994, 0.06927469821458544, 0.08014563639958948, 0.08307778879071927, 0.08035985564648321, 0.07300832006062831, 0.08155560325821766, 0.08073118998635041], [0.07369551425470384, 0.0745117707993358, 0.08086945812719641, 0.07226728130396957, 0.07031016630139224, 0.08020773681038124, 0.06929599978046015, 0.07985423190919183, 0.08299685819215218, 0.08017463087650595, 0.0728633994661264, 0.0816771842692246, 0.08127576790935985], [0.07374265993313604, 0.07460945424463963, 0.08109190321162434, 0.07218269410668203, 0.07031377998359349, 0.07985318126499935, 0.06923215823307198, 0.08010591466053713, 0.08310407943362434, 0.08035354404601226, 0.07294970987819495, 0.08162947057955193, 0.08083145042433243], [0.07364986296859602, 0.07441795352237175, 0.08064470795971371, 0.07234677933773906, 0.0703131486438592, 0.08055214854522119, 0.06936336434508479, 0.07960115043254483, 0.083022936476278, 0.07997651709290869, 0.07278473095008002, 0.08163007510685041, 0.08169662461875202], [0.07364325658957904, 0.0743749778039724, 0.08048385388384921, 0.07243145272681342, 0.0703741307454437, 0.0807584852524754, 0.06947276005978593, 0.07940710179202085, 0.08299468418747438, 0.07980211910400085, 0.07277070399472778, 0.08150091025195629, 0.08198556360790064], [0.07357356525661295, 0.07426980173651644, 0.08045928152017794, 0.07246007000085858, 0.0702577865325585, 0.08111273627222984, 0.0694044236971811, 0.07925093929570429, 0.08292302084289534, 0.079721368989008, 0.07263024150998985, 0.08159656078686683, 0.08234020355940053], [0.07349915828024269, 0.07415033903531579, 0.08024993717323284, 0.07250488284300438, 0.07021720439198119, 0.08140678347750209, 0.06942456086629456, 0.07898297879023869, 0.08333333333333333, 0.07949163675545055, 0.07251906242978758, 0.08147197394955684, 0.08274814867405945], [0.07348989101715232, 0.07408957894303529, 0.0801890797656984, 0.07263113983812862, 0.0701676625000822, 0.08188513575493224, 0.06944262403475637, 0.07880015538869559, 0.08282831036342221, 0.07938854249973705, 0.07242359126355663, 0.08156904899038835, 0.08309523964041478], [0.07348856232682262, 0.07406057906665071, 0.08021895370856304, 0.07270360965689818, 0.07009120496384508, 0.08223541328526518, 0.06940063333529231, 0.07873164290310794, 0.08256633936610312, 0.07938518494608564, 0.07234675934233975, 0.08175401026203327, 0.08301710683699313], [0.07350459148310819, 0.07404418170893756, 0.08021276024613089, 0.07280310079157207, 0.07004242611856508, 0.08259421993129373, 0.06939136187499803, 0.07865571347309551, 0.08221777054197743, 0.079356440726388, 0.07228782048834967, 0.08187760148861986, 0.083012011126964], [0.07356150415627535, 0.07406277155178267, 0.08017442284073824, 0.07295448842589722, 0.07005458622265905, 0.08293974108899134, 0.06944945345837478, 0.07857621108489264, 0.08183906056850225, 0.07930999752410513, 0.0722742615795264, 0.08191571833121564, 0.08288778316703929], [0.07362870100489917, 0.0741037040305022, 0.08014023430365716, 0.07308390408590927, 0.07011020625344762, 0.0830837658354292, 0.06953626862770856, 0.07853138132806936, 0.08160912423076279, 0.07927935101766476, 0.07230387418330647, 0.08189265907673322, 0.0826968260219102], [0.0737298574960879, 0.07416536514846066, 0.08007334351670509, 0.07326957198980434, 0.07020144791851993, 0.08333333333333333, 0.06967123050950441, 0.07846196375942673, 0.08130066847980917, 0.07922409452256157, 0.07235480246965412, 0.08180629719210118, 0.08240802366403148], [0.07389925399378007, 0.07429428184633924, 0.08009840647646208, 0.073490155855945, 0.07032393171792654, 0.08304520322710941, 0.06982431791063687, 0.07848236792183355, 0.08099499738918073, 0.07926250502693848, 0.07245927320916978, 0.08178231649065254, 0.08204298893402576], [0.07423940413738718, 0.07451932412717777, 0.0798740019401813, 0.07400096099580167, 0.07069374943832742, 0.08300844989392668, 0.07029627579086357, 0.07832588954117659, 0.08040143618392696, 0.07910164378608556, 0.07270169618611695, 0.08137639527171625, 0.08146077270731208], [0.07443303919965791, 0.07467762300442567, 0.07991778565836756, 0.07422243941542164, 0.0707699506038244, 0.08300809652771735, 0.0703869273494623, 0.0783822323873605, 0.07999908559160708, 0.07917828183447934, 0.07280080738934448, 0.08126064563145083, 0.08096308540688078], [0.074053299307934, 0.074425319508078, 0.08021890624085308, 0.07365430336519549, 0.07033805396608987, 0.08307133197278115, 0.0698429144586378, 0.07857895355704876, 0.08059798130286977, 0.07939450658339146, 0.07251779511276114, 0.08179225071922247, 0.08151438390513703], [0.07459642767582503, 0.07480577391597829, 0.0798866412770003, 0.07442094366813809, 0.07087180698997753, 0.08307212436907004, 0.07050851687362089, 0.07838483303075926, 0.07968382543258096, 0.07918496536783927, 0.07289907883471362, 0.08108634699335304, 0.08059871557114374], [0.07480875175137344, 0.07499076587985203, 0.07992194263380271, 0.07463216306949484, 0.070932552513491, 0.08333333333333333, 0.07056743347162707, 0.07848966521411876, 0.07920407358858823, 0.07925790382228412, 0.07300855016255543, 0.08083543638653914, 0.08001742817293984], [0.0748820726546471, 0.07508144275305334, 0.08007384923907908, 0.07464550419898218, 0.07088440446853407, 0.08333333333333331, 0.07048541771140944, 0.0786550400754792, 0.0789859092674604, 0.07938358688800182, 0.07303643852776788, 0.08083691919864208, 0.07971608168360987], [0.07502127439873912, 0.07525022238837868, 0.08028895211614571, 0.07468011374457881, 0.07083831510738155, 0.08333333333333334, 0.07038322349520491, 0.07892398221120628, 0.07859267676088608, 0.07956426288762664, 0.07310895790277666, 0.08082053299034457, 0.07919415266339774], [0.07526082722449746, 0.07549250009005305, 0.08038190699018181, 0.07485482819263539, 0.07095488308928423, 0.08303124404695036, 0.07047003648107228, 0.07914509398432866, 0.07816157888259657, 0.0796457883440228, 0.07328858707960041, 0.08064230311805248, 0.07867042247672444], [0.07523306833632172, 0.07556715975024574, 0.08071269650569828, 0.07462441571459735, 0.07077218413288255, 0.08303553758605152, 0.07018100097537915, 0.07947835067198514, 0.07801865067854466, 0.07995800845382561, 0.07327534264758159, 0.08075613643593552, 0.07838744811095114], [0.0739446775418221, 0.07489455577088748, 0.08125174139197174, 0.07217794467399762, 0.07057379543904627, 0.07922165182969806, 0.0693904535958777, 0.08044411864101149, 0.08300770855488572, 0.08048353716594125, 0.07330079661667824, 0.08121852647349932, 0.080090492304683], [0.07382800760476199, 0.0746933477177564, 0.08094448206780715, 0.07225993337545755, 0.07053032198065318, 0.07968872154499, 0.069447906785259, 0.0800437758263525, 0.0831109756646065, 0.08021520356919841, 0.0731089463989596, 0.08136801993371356, 0.08076035753048416], [0.07388462728907752, 0.07477624048012922, 0.08107305678116887, 0.07224648595360267, 0.07056307626049842, 0.07952559605870581, 0.06944538444102429, 0.08019972757366932, 0.0829049667236235, 0.0803274916357064, 0.07319242169093489, 0.08133896448006804, 0.08052196063179093], [0.07374001744846435, 0.07458956608214744, 0.08092013403317508, 0.0722207249614509, 0.07039271429043135, 0.07988138582529666, 0.06933299026867211, 0.07996484582776539, 0.08333333333333333, 0.08019819325269634, 0.07297232622062202, 0.08149690733941187, 0.08095686111653305], [0.07378924909798486, 0.07460797396290783, 0.0807274094802535, 0.07234105500263742, 0.0705523568708852, 0.08000004497126811, 0.0695321881263867, 0.07980293098991442, 0.08305741227921101, 0.08003265301977837, 0.0730455139982339, 0.08136614196345317, 0.08114507023708535], [0.07369202031504941, 0.07446741780175416, 0.08053901337122263, 0.0723619372447418, 0.07045513491973442, 0.08035217687805239, 0.06949423274298021, 0.07957187981583562, 0.08333333333333333, 0.07987883950585417, 0.07289326116614697, 0.08140223463289599, 0.08155851827239881], [0.07374532315019552, 0.07455427513540776, 0.08073938104352232, 0.07232777631723789, 0.07046311583435234, 0.0801420665676631, 0.06945720911158763, 0.07977705352544477, 0.08302472057817423, 0.08005077196348204, 0.07296305854732071, 0.08147735767092495, 0.08127789055468682], [0.07369102384611526, 0.07441923407641186, 0.0803536421034601, 0.07248034175618277, 0.0705134652137854, 0.08064607043791043, 0.06961578966755982, 0.07935749276938324, 0.0830999332357412, 0.07970896722384706, 0.07286602323201068, 0.08132505036948207, 0.08192296606811016], [0.07364520221768302, 0.07434848297771379, 0.08025953796436924, 0.07250091176681131, 0.07048241584007556, 0.08081045587578145, 0.06961864238951421, 0.07921386000421772, 0.08333333333333333, 0.0795939742380809, 0.07279722659403026, 0.0812626164725456, 0.08213334032584359], [0.07363066116678356, 0.07431211692424824, 0.08023472296333568, 0.0725445287088707, 0.07046021247841303, 0.08099570721671824, 0.06962607215214439, 0.0791299150533686, 0.0831267734405383, 0.07954489416162491, 0.07275077704158321, 0.08130338058040561, 0.08234023811196545], [0.07358353308280213, 0.0742293893533283, 0.08010136172404193, 0.07259134291169254, 0.07043220862589142, 0.08122032087509888, 0.0696463294495537, 0.07893920542670108, 0.08333333333333333, 0.07939040264795777, 0.0726699094366433, 0.08124018990218432, 0.08262247323077128], [0.0735386487976002, 0.07413978674891712, 0.080059520338992, 0.07266817201543142, 0.07033277661571678, 0.08165636824191677, 0.06960683948835465, 0.07876976344717383, 0.08296199611105377, 0.07930057110449847, 0.07253882431947901, 0.08132375089987155, 0.08310298187099442], [0.07351722844635818, 0.07409803054301643, 0.08003877861999455, 0.07270217426421519, 0.07027952530800853, 0.08186653732822984, 0.0695803614252446, 0.07869202414909192, 0.08276063436844526, 0.07925979995747486, 0.07247462279671078, 0.08139694945987667, 0.08333333333333334], [0.07352963636479264, 0.07409949207052621, 0.08005884095037663, 0.07274328218576323, 0.07026748875633441, 0.08200548572444018, 0.06958218141532371, 0.07867606661111615, 0.08265315842846059, 0.07926756676006659, 0.07245993536160493, 0.0814712167389166, 0.08318564863227823], [0.07352990275822577, 0.07406482316878282, 0.08002233566763331, 0.07283536817979258, 0.07022090634364106, 0.08236121905402535, 0.06958017467557392, 0.078560928907123, 0.08233028815455308, 0.07920815056178421, 0.07239166625122892, 0.08156090294430252, 0.08333333333333333], [0.07354429427531178, 0.07404720050451627, 0.08000275133322973, 0.07293267446851107, 0.07017732454052594, 0.08272335093739458, 0.06957591863365722, 0.07848479945651278, 0.08203134233162956, 0.07917043493242637, 0.0723355173247759, 0.08164105792817541, 0.08333333333333333], [0.07360793906873633, 0.07408024692096309, 0.07997637861128938, 0.07307103073171117, 0.07021662664529714, 0.0830196564957181, 0.06965225910976153, 0.07843278674731664, 0.08176592235315491, 0.07914058609810572, 0.07234910695618839, 0.08165863761116683, 0.08302882265059057], [0.0738273418665634, 0.07422358568760355, 0.07985797055432305, 0.07344110278876645, 0.07045683372435184, 0.0830615662409215, 0.06997527803392888, 0.07832051641212143, 0.08127427418511839, 0.0790445497876017, 0.072495397407699, 0.08152082895102035, 0.08250075435998047], [0.07400622670346411, 0.0743290939152379, 0.07974015798348921, 0.07373054889375008, 0.07062745974839187, 0.08333333333333334, 0.07021140833829678, 0.07821689130109866, 0.08085855222423557, 0.0789515612504263, 0.07259698355434269, 0.08134567235306535, 0.0820521104008682], [0.07425884167790549, 0.07452766432949642, 0.07980285159652091, 0.07404519769965312, 0.07077721919698132, 0.08286295594825487, 0.0703961313709021, 0.07827631856972914, 0.08043453903038222, 0.07903780644421178, 0.07274326779223558, 0.08130926554813095, 0.08152794079559599], [0.07408904320663624, 0.07441408901569743, 0.0799141983924023, 0.07379149138825646, 0.07058765352799248, 0.08291370859829982, 0.07015627233571749, 0.07835196141962289, 0.08071888549121177, 0.07911751646293282, 0.07261833855466318, 0.08150693984904209, 0.08181990175752499], [0.07390575945161768, 0.0742786599168219, 0.07989372320627006, 0.07354816742656135, 0.07047628722535057, 0.08305733501271549, 0.07001041933560956, 0.0783370697443845, 0.08108135277860347, 0.07908047516590669, 0.0725197829082867, 0.08155235941174872, 0.08225860841612342], [0.07366829107322616, 0.07411441914114252, 0.07997438569979408, 0.07319447431763558, 0.07023061037190696, 0.08333333333333333, 0.0696960682065545, 0.0784025625417949, 0.08150078454783131, 0.07913501923570186, 0.07235311680745697, 0.08168507823360689, 0.08271185649001499], [0.07404407071449119, 0.07437706839327454, 0.07989370702103529, 0.07373876852081734, 0.07056463438080095, 0.08301403440469735, 0.07012891320463185, 0.07833389590825833, 0.08079496700354429, 0.07909361973801099, 0.07259259816558221, 0.08150438495622331, 0.08191933758863237], [0.07398422743702567, 0.07435761831537097, 0.08009699566083363, 0.07360255396921674, 0.07038595926377712, 0.08297419808518368, 0.06990257444135829, 0.07848376598295828, 0.08083291955511002, 0.0792712375993504, 0.07251087821696273, 0.08173972182605033, 0.08185734964680205], [0.07437779567712785, 0.07461826236480819, 0.07981294750602283, 0.07419371549100356, 0.07082547220411214, 0.08293913660872065, 0.07046003410931286, 0.07829162270387241, 0.08017109215857336, 0.07906664565978233, 0.07279838130337507, 0.08123420997522861, 0.08121068423806015], [0.07452987588813262, 0.07473780177547702, 0.07980483625577518, 0.07437954592160019, 0.07091761524658796, 0.08290186238962154, 0.07057087586849187, 0.07830499622585416, 0.07988870487381618, 0.079087447880423, 0.07288850298719404, 0.08111191060521403, 0.08087602408181215], [0.07470871259148947, 0.07488399183705025, 0.07979861254753569, 0.07458428175339883, 0.07101242026394919, 0.08291564435907978, 0.07067951427532082, 0.07833261308001438, 0.07955009240315093, 0.07912168177827378, 0.07299350764206353, 0.08094743067350874, 0.08047149679516463], [0.07483282292550243, 0.07498479435391985, 0.07977528628057981, 0.07472379813304565, 0.07106770414634712, 0.08306944803676974, 0.07074263818020664, 0.07836756306418106, 0.07928536556875498, 0.07913327200706957, 0.07306080009816406, 0.08079534555615797, 0.08016116164930129], [0.07498079764108272, 0.07513595471717475, 0.07994213345958469, 0.07481945283699509, 0.07104722409466324, 0.08313843774083597, 0.07069154610043754, 0.07857384643647107, 0.07891351442955409, 0.07926244139761125, 0.07312660301305134, 0.08068600353631626, 0.07968204459622193], [0.07518132435689634, 0.07533864167555253, 0.08008081150743245, 0.0749576238786205, 0.07108296938987813, 0.0830461423354287, 0.07069424010942972, 0.07879753648600962, 0.07847413443514305, 0.07937238520465398, 0.07324607532232637, 0.08059440122845625, 0.07913371407017257], [0.07531266936987496, 0.0754863201881271, 0.08019338553901709, 0.07501787186406883, 0.07109953739199927, 0.08293706948659069, 0.07067459099051562, 0.07897889961652528, 0.07819242508209487, 0.07947157228836112, 0.0733345587946069, 0.08052949744469316, 0.07877160194352507], [0.07540089735404502, 0.07562468088436462, 0.08036193513331324, 0.07496425481005999, 0.07100495566965907, 0.08333333333333333, 0.0705069947101052, 0.07923522877807199, 0.07782817020581449, 0.0796251738682197, 0.07337593686970252, 0.08044463542272703, 0.0782938029605838], [0.0753298061213024, 0.07568861647425859, 0.08076315124328112, 0.07463972724427621, 0.07076831973985864, 0.08333333333333333, 0.07013814584466967, 0.07963493929010873, 0.07772285881196338, 0.08001125734648193, 0.07334292634322882, 0.08059762973381131, 0.0780292884734258], [0.07371642356483257, 0.07414984519297504, 0.07986195203451553, 0.07327128251135602, 0.07037985699079893, 0.08309676593453845, 0.06986518376000186, 0.07833813665281265, 0.08152338964222651, 0.0790443374167147, 0.07244090859731611, 0.08152336207872318, 0.08278855562318826], [0.07364188814720768, 0.07411413339133786, 0.07987476011333344, 0.07310091524918241, 0.0703650432602461, 0.08274002176570538, 0.06980457772658409, 0.07839426798721869, 0.08187278587472677, 0.07906524635618467, 0.07244530947988118, 0.08148034823814933, 0.08310070241024241], [0.07361772811879097, 0.07412787395738671, 0.07990266117854508, 0.07297870826623838, 0.0704018064650431, 0.08234852568558407, 0.0697944788247746, 0.07848163345130005, 0.08220939703958736, 0.07911134685026469, 0.07250037016906229, 0.08140933039387413, 0.08311613959954849], [0.07361855705811786, 0.07414528158227794, 0.07990259303126199, 0.07293514308386874, 0.07043981927344922, 0.08215099424465365, 0.06981163816874013, 0.0785278236801961, 0.08242656421393602, 0.07912537660480881, 0.07254189790747342, 0.08134510989765298, 0.0830292012535631], [0.0735893690625632, 0.07414970610678967, 0.07991236532680686, 0.07281868568243205, 0.07044692993852343, 0.08182419261121236, 0.06977532803372469, 0.07861122686594993, 0.08279147049023179, 0.07915734734560514, 0.07257422715827612, 0.08124074295200832, 0.0831084084258764], [0.07359876939940578, 0.07420995529868983, 0.07995547974522126, 0.0726924176544697, 0.07050556022439612, 0.08135698190231427, 0.06976622873093997, 0.07877778980366568, 0.08333333333333334, 0.07924347792576088, 0.07267432277565966, 0.08111693186111354, 0.08276875134503013], [0.07366067125741682, 0.07429354211529146, 0.07999970827567111, 0.0726924924369783, 0.07059980085668761, 0.08115367462687502, 0.06983062915006444, 0.0788897478989809, 0.08313483150271953, 0.0793145318263737, 0.0727813675734506, 0.08110004136559915, 0.08254896111389133], [0.07412139126320204, 0.0744983042526158, 0.08032790243243766, 0.07369806075212915, 0.07032647593740866, 0.08295484663909695, 0.06981705831520343, 0.07867549665242486, 0.08043593791197205, 0.07950878953478148, 0.07254918035049612, 0.08181938661898658, 0.08126716933924524], [0.07443311088341174, 0.07469931679154923, 0.08005205093180372, 0.07416680149518975, 0.07063914030677092, 0.08333333333333334, 0.07022156442132944, 0.07849319751898962, 0.07985363789901206, 0.07931414416932261, 0.07275451640286142, 0.08130797962873565, 0.08073120621769063], [0.07471354200962009, 0.07492785052687444, 0.07999018441986706, 0.07449601815645274, 0.07085360667424774, 0.08314184353254807, 0.0704654270292561, 0.0785050465933632, 0.07940461734433713, 0.0793214960389928, 0.07295191389712342, 0.08100783219718787, 0.08022062158012934], [0.07365883596184031, 0.07432110964210593, 0.08006961630296712, 0.07261509711523137, 0.07058136735401262, 0.08096755329490392, 0.06977242956493249, 0.07900705695558966, 0.08333333333333333, 0.07940132500077711, 0.07280729878668378, 0.08111886366938452, 0.08234611301823774], [0.07371375543927029, 0.0744016729882916, 0.08014454057951167, 0.0725999607965738, 0.07064095033100456, 0.08077904159974232, 0.06979672527098651, 0.07914477335900016, 0.08313221794854593, 0.07950203665366008, 0.07289712067491076, 0.08112332147444395, 0.08212388288405828], [0.07376344362667593, 0.07448543199339706, 0.08024117252912441, 0.07255866634817348, 0.07068245999306885, 0.08053930295560369, 0.0697915674536569, 0.07931450364953427, 0.08301209481498205, 0.07962574157010512, 0.07298535477669595, 0.0811616038168807, 0.08183865647210166], [0.07376871822086974, 0.07452858764257009, 0.08036242255482313, 0.07246569690957189, 0.07067017194899312, 0.08026421080678929, 0.06972767520909626, 0.0794572859302431, 0.08333333333333333, 0.07971627793312139, 0.07302923084816104, 0.0811515003255808, 0.08152488833684682], [0.073838051916447, 0.07462940888789747, 0.08051445862296946, 0.07245009060711356, 0.07072687772338548, 0.08004087382794815, 0.0697411698871329, 0.07963382027440466, 0.083029725225683, 0.07984501887542485, 0.07313151208473252, 0.08116799296170531, 0.08125099910515561], [0.07386619649806134, 0.07467343602615292, 0.0806005283566922, 0.07243660760325198, 0.07073689324879505, 0.07994311054565931, 0.069729727515897, 0.07972769026331213, 0.08288162893484735, 0.07991948453093667, 0.07316953617409072, 0.0811898221448482, 0.08112533815745497], [0.07388059205391702, 0.07471483340275069, 0.08071790881314031, 0.07238216671554173, 0.07071532354008914, 0.0797736622627182, 0.06967195928202329, 0.07985843629417153, 0.08294840695825408, 0.08001788607316268, 0.07320276533958492, 0.0811987336106352, 0.08091732565401123], [0.07391272455728459, 0.07477340692965624, 0.08083411275359563, 0.07234554004954681, 0.07071804533179897, 0.07959577626969824, 0.06963912096030019, 0.07999582817854975, 0.08292095846353684, 0.08011749069032091, 0.07325910479321787, 0.08118856332082929, 0.0806993277016648], [0.07396989834100504, 0.07487717441340037, 0.0809278441542276, 0.07230704716230248, 0.0707682024312787, 0.07931571803338439, 0.06964046814746093, 0.08015464588903864, 0.08302354225351102, 0.08019748288158289, 0.07337260715345438, 0.08107576848374472, 0.08036960065560882], [0.07399098413639806, 0.07494754009152227, 0.0810346173317496, 0.07222509747348221, 0.07074754988536451, 0.07907485618309382, 0.06956617629892013, 0.08034395470758458, 0.08333333333333334, 0.0802911855044573, 0.0734328815310203, 0.08097421190376763, 0.08003761161930643], [0.07393742933410853, 0.07485445251644426, 0.08105191272820823, 0.07224764488220026, 0.07065942392415282, 0.07933071535470451, 0.06951637003917362, 0.0802445552267188, 0.08304822904614052, 0.0803060413869247, 0.07330716168395468, 0.0811744686988065, 0.08032159517846253], [0.07432340241389951, 0.07458954863517095, 0.07991853283674427, 0.07409136975114154, 0.0706999323512399, 0.08307895000406967, 0.07030468528085715, 0.07836731796057146, 0.08019416653055342, 0.07915836683798484, 0.0727322975558802, 0.08134610093424016, 0.08119532890764675], [0.0741610314618754, 0.07448048702044892, 0.08005891541710859, 0.07384516081237519, 0.07047811879300182, 0.08333333333333334, 0.07003192789517483, 0.07845767332368868, 0.08038371105875482, 0.07926438037172688, 0.07259105247736167, 0.08156084217816427, 0.08135336585698565], [0.0745776693083999, 0.07488317173508227, 0.08032034374446524, 0.0742014634383816, 0.07059843089103875, 0.08296884488369544, 0.07011942932745137, 0.078767560831766, 0.07955412782791173, 0.07961677942770809, 0.0728411821359262, 0.08129874045475913, 0.08025225599341433], [0.07433717925202964, 0.07466657450815362, 0.0802848623496385, 0.07396399472447626, 0.07047474034876278, 0.08302353413848101, 0.0699953130806368, 0.07867482478127658, 0.08001239055277838, 0.07951560725424263, 0.07268389121536768, 0.08156151249132078, 0.08080557530283525], [0.073689998129836, 0.07416457347249528, 0.08030347549725368, 0.07314003262857167, 0.070049848391868, 0.08307513338989812, 0.06946873388867766, 0.07863939935201562, 0.08136690095515772, 0.07942600361118508, 0.07229860568107925, 0.08208965229738603, 0.08228764270457585], [0.07397948435418907, 0.07438955152228464, 0.08033966278620015, 0.07351925852746244, 0.07023488598382614, 0.08291493030199407, 0.06970354137771456, 0.07867155916064808, 0.08073391181114097, 0.07949422579308525, 0.07246596795228726, 0.08196097057205903, 0.08159204985710845], [0.07466343738262299, 0.07497628535907454, 0.08041899108820923, 0.07424118446562161, 0.0705532286066359, 0.08333333333333333, 0.07004873889581285, 0.07886920231328577, 0.07922604166307842, 0.07971205961526788, 0.07286656874190503, 0.08124939730391297, 0.07984153123123945], [0.07484966376385, 0.07520351772597145, 0.08070285352375635, 0.07430512377765874, 0.07057820328100939, 0.0828209313558297, 0.07001118547803786, 0.07920718215096934, 0.07882367810291024, 0.0799597768715721, 0.07300797066599032, 0.08124092480873175, 0.07928898849371291], [0.07559046441253997, 0.0758707452493067, 0.08052277126986267, 0.07499456964707975, 0.0710564960763361, 0.08301450580576437, 0.07048263521892631, 0.07955086817278466, 0.077463906153899, 0.07979484406529108, 0.0735463992119363, 0.08030204656455993, 0.07780974815171322], [0.07556300224496704, 0.07577046761281833, 0.08032074223199229, 0.07512010525549359, 0.07113628511858737, 0.08311379347643506, 0.07063938827788, 0.07929585863575735, 0.07760673448983706, 0.07959340274241816, 0.073507879742304, 0.08028410885326107, 0.07804823131824874], [0.0736927739220558, 0.07451538058088068, 0.08211877485471512, 0.07225161291449181, 0.06961095408005315, 0.08066090232828699, 0.06858001334123501, 0.08034191604960084, 0.0811340248731334, 0.08113408382643819, 0.07247157618388711, 0.08314628769903588, 0.08034169934618583], [0.07362076836356951, 0.07443059408509894, 0.08179522877454795, 0.07222158451762081, 0.06967434384976873, 0.08077394119637489, 0.06866430731311507, 0.08016508673772726, 0.0815145274374706, 0.08087188758802785, 0.07246100517813134, 0.0830472695291313, 0.0807594554294155], [0.07358156468172718, 0.07435296986569759, 0.08161010115258818, 0.07228329115022439, 0.06967526884146748, 0.08105875306220879, 0.06871510836730557, 0.07994267962473528, 0.08173722908496103, 0.08067137313108806, 0.07239790718214746, 0.0829343072547413, 0.08103944660110768], [0.07354001044451466, 0.07428107787421925, 0.08139483321724518, 0.07232268569212857, 0.0696976639858199, 0.08126673417239198, 0.06877809476684138, 0.0797427824771663, 0.08199656463496151, 0.0804646463853268, 0.07235566069316912, 0.08282282714426574, 0.0813364185119496], [0.07353178933976183, 0.07422523621549806, 0.08129455454094471, 0.07243497748295115, 0.06965355635269736, 0.08164480704674286, 0.06879265558363336, 0.07955267368825318, 0.08190246115095864, 0.08033309771717104, 0.0722699412913036, 0.0828852459322303, 0.08147900365785382], [0.07355273813723122, 0.07421402428935162, 0.08127874809471101, 0.07253316453184744, 0.06960077532888144, 0.08188053031517988, 0.06877627655624079, 0.07946991969184183, 0.08160047877252652, 0.08029758552146354, 0.07221155676845474, 0.0831335943281615, 0.08145060766410837], [0.07373039501293539, 0.07438655488039145, 0.08152277414043997, 0.07270185092197799, 0.06964294712359388, 0.08172391436949049, 0.0688142894804795, 0.07964483638266115, 0.08102931858710387, 0.0805304558149605, 0.07230766828448504, 0.08300113893922544, 0.08096385606225522], [0.07384859854555138, 0.0745772714037805, 0.08207526570466674, 0.07261517988832521, 0.06956922191549551, 0.08112649795186966, 0.0686402998555176, 0.08011640614400858, 0.08045577869675842, 0.08105543920784643, 0.07240440752506681, 0.08333333333333334, 0.08018229982777995], [0.07380545372542081, 0.07461334369026863, 0.08244774603609348, 0.07237888287098877, 0.06950830830081171, 0.08081864027376255, 0.06848465747924926, 0.08045524269004672, 0.08043022144929797, 0.08137478021368136, 0.0724449633299293, 0.08333333333333333, 0.07990442660711614], [0.07379215763870575, 0.07462504398989954, 0.08244508558433723, 0.07231015684743672, 0.06957586534341952, 0.08057402380059348, 0.06852589656730737, 0.08053247193257816, 0.08071219380712367, 0.08139661753862808, 0.07250683296768018, 0.08304429461507723, 0.07995935936721305], [0.07368651474463861, 0.07447558501862137, 0.08209423751605555, 0.07232742725359584, 0.06955105249389629, 0.08087669869635215, 0.0685594483350016, 0.08021873004287944, 0.08100645869829634, 0.08106440703912592, 0.0723948925279795, 0.08333333333333334, 0.08041121430022419], [0.07363345697371426, 0.07443564723322264, 0.08195802151218236, 0.07224963155063717, 0.06958530328381929, 0.08083389891640821, 0.06858156882410123, 0.08018647001244822, 0.0812646772828885, 0.08097459476470223, 0.07240700051418471, 0.08333333333333333, 0.08055639579835784], [0.07358022794023208, 0.07431731580277036, 0.08167746273153828, 0.07236508283702693, 0.06955362132731423, 0.08132006375103705, 0.06863199338765334, 0.07985427737723867, 0.08144862082388767, 0.08067553254802758, 0.0722878875620756, 0.08333333333333333, 0.08095458057786481], [0.07373644815692035, 0.07445266387184281, 0.08183035015209705, 0.07255583125378182, 0.06961847885117589, 0.08133203478584725, 0.06871553867423744, 0.07993143489265303, 0.08102538368311625, 0.08080964211215383, 0.07236752717149304, 0.08291634745303768, 0.08070831894164357], [0.07368082138669321, 0.0744179622816833, 0.0818475749333012, 0.07245413266322306, 0.06958682052861412, 0.08124647072718008, 0.06866057556563114, 0.07996975900669372, 0.08115747906699562, 0.08082599536884622, 0.07235037293804779, 0.0830706370451812, 0.08073139848790928], [0.07379230845682092, 0.07454041537923847, 0.0820827200034853, 0.07252252236707137, 0.06959873561890424, 0.08103566292868804, 0.06865241510860105, 0.08014420610794686, 0.08076426113980056, 0.08104337234220585, 0.0724188015331652, 0.08303265594977408, 0.08037192306429798], [0.07358079429339781, 0.0743323942256911, 0.08166363333173206, 0.07233075069298323, 0.06960182899202697, 0.08121965801595817, 0.06866405844089227, 0.07989236255772272, 0.08157518777345195, 0.08068239296136571, 0.0723324511527986, 0.08315234284236138, 0.08097214471961792], [0.07358289413276746, 0.07427102819934667, 0.08144263277867324, 0.07249234113536013, 0.06960327617546962, 0.08167332862594194, 0.0687439409369371, 0.0796245379869447, 0.08154641653288905, 0.08045222762318449, 0.07225817765511215, 0.0830484657065363, 0.0812607325108371], [0.07367639543397277, 0.0743543828696526, 0.08156627246608203, 0.07259929041697895, 0.06960837402532595, 0.08164696099804711, 0.06875545488601656, 0.07969332908917912, 0.08118064176819974, 0.08056354312497781, 0.07229030135360634, 0.08305775862369433, 0.0810072949442667], [0.07385952487754754, 0.07455321978296497, 0.08187998743625853, 0.07271581578232007, 0.06963288020283316, 0.08129393712353628, 0.06874843719452874, 0.07995202679716, 0.08056645284126647, 0.08088022216628826, 0.07240347346427581, 0.08311980548307794, 0.08039421684794221], [0.07385268589388926, 0.07450288668693841, 0.0816163969507614, 0.07282371611270115, 0.06970748596058719, 0.08158884233098819, 0.06887993813875118, 0.07972857323673722, 0.08073697521740507, 0.08063790604001819, 0.07239070180269153, 0.08283034105285672, 0.0807035505756743], [0.07354615150449967, 0.07425974994782218, 0.08144194999022039, 0.07239605839867669, 0.06961672282622611, 0.08150402959901924, 0.06872855418513601, 0.07967672876873458, 0.08175607389144195, 0.08046763899970667, 0.07227995454453953, 0.083051393703993, 0.081274993639984], [0.07358416117053251, 0.07423672480987693, 0.08132501749994596, 0.07258148161308554, 0.06957395802140429, 0.08190320873874296, 0.0687567191307486, 0.07948199247821748, 0.08137635002261309, 0.08033606948319298, 0.07220041627471713, 0.08333333333333333, 0.08131056742358915], [0.07370827923536258, 0.07433567638039354, 0.08134162443472923, 0.0727557073791191, 0.06965825816032034, 0.08194462288075703, 0.06886687023631621, 0.07948495708549183, 0.08108110639850179, 0.08036427456047127, 0.07227251704968321, 0.08304505783620668, 0.08114104836264714], [0.07393814231079585, 0.07490688329081492, 0.08263739752080218, 0.07210404359132888, 0.06970351077820701, 0.08007838402277502, 0.0684848615142659, 0.08126568484733558, 0.0807340051658523, 0.08196552996844063, 0.07280555730785573, 0.08221968717885711, 0.07915631250266902], [0.07390433547547927, 0.0748436009583114, 0.08288691839480086, 0.07214120695672983, 0.06957866897905406, 0.08033524382745581, 0.06839370342738915, 0.0811360756217009, 0.08050638524389452, 0.08197490646498558, 0.07268417648624839, 0.08247418874558361, 0.07914058941836656], [0.07392858632461903, 0.07481313731283548, 0.08301132349340154, 0.07228849296491806, 0.06947691358407117, 0.08078747092228777, 0.0683520601509527, 0.08093663799486733, 0.08005425974188152, 0.08190403616114678, 0.07257134026322927, 0.082722423132536, 0.07915331795325349], [0.07418006886096025, 0.07502622431671241, 0.08270026384926867, 0.07259438548484443, 0.06960651612220761, 0.08124230031390714, 0.06851520692253485, 0.08091349465286464, 0.0794240837486552, 0.08193730253913499, 0.0727071578878778, 0.08235195957200242, 0.07880103572902965], [0.07465065343728672, 0.07558639023220426, 0.08302368415182317, 0.07276332620265574, 0.06986270208546433, 0.08102408427903947, 0.06864559496100706, 0.08147589851734875, 0.07853569421892707, 0.08239798580160661, 0.07315656623713358, 0.08132087061331318, 0.07755654926219001], [0.07473156197607056, 0.07580533209490699, 0.08278381590257727, 0.07251454479316433, 0.07000218400448358, 0.08025322306652358, 0.0686311044802645, 0.08224497492402727, 0.07870944765966179, 0.08293678080076468, 0.07343062760487566, 0.08090487700709768, 0.07705152568558225], [0.07453295212143277, 0.07566583263990793, 0.08275653797150288, 0.07221667238465004, 0.06999011473273065, 0.07978443972630846, 0.06855932970872354, 0.08257570783783602, 0.07938077710919252, 0.08294711570568686, 0.07341450045915601, 0.08093762510787204, 0.07723839449500035], [0.07424200770667848, 0.07534809271347914, 0.08310196272776109, 0.07203177253394667, 0.06986012962533182, 0.07969683579010332, 0.06846727103546293, 0.08219403333895947, 0.0800830015530359, 0.0825795890053766, 0.07318935681085627, 0.08129359605296325, 0.07791235110604493], [0.074004631109699, 0.07501481564499286, 0.08292005649012531, 0.07205857137432153, 0.06971300523920909, 0.07998854198554826, 0.06844134521944156, 0.08152934253260592, 0.08049527511231319, 0.08219070537529201, 0.07288931517013941, 0.08197053418328815, 0.07878386056302356], [0.07396366895183777, 0.07492895863101223, 0.08292971263581823, 0.07212827228432875, 0.06960186278306871, 0.08028927478651332, 0.06838338175667891, 0.08131403037860327, 0.08036379298027807, 0.08215156398793137, 0.0727537533534847, 0.08229398496474899, 0.07889774250569556], [0.07397642435819732, 0.07491268313435784, 0.08333333333333333, 0.07220014492357137, 0.0694747433922287, 0.0806254348125044, 0.06828533554523857, 0.0812233197775606, 0.07994465607171894, 0.08219524397898, 0.07265197173079291, 0.08239659633351877, 0.07878011260799721], [0.07404588511688949, 0.07495888263771074, 0.08312516329634015, 0.07231574571644818, 0.06950560661340893, 0.0808180362096421, 0.06834075811167063, 0.08116192683120674, 0.0797474660588853, 0.08217053906469277, 0.07267127937722144, 0.08239172430387642, 0.07874698666200713], [0.07421894078276339, 0.07515700734378902, 0.08288513007664892, 0.07240222233349378, 0.06961282678821402, 0.08082203686277303, 0.0684123499322034, 0.08139088595955375, 0.07943553263559824, 0.08243041716125171, 0.07283489230306106, 0.08204810219238408, 0.07834965562826558], [0.07415499476126684, 0.07517946192901387, 0.08295838771752043, 0.07214738752765497, 0.06968344459852817, 0.08020391566949124, 0.0683877636834524, 0.08176977831273967, 0.07987577145023284, 0.08263563287663268, 0.07295154043094003, 0.08181874160389063, 0.07823317943863624], [0.07432176772937855, 0.07539600560369593, 0.08299621374882782, 0.07216744975910962, 0.06975633943555513, 0.08008473666005747, 0.0683962716722818,