[[0.07226302203445398, 0.0751676071885424, 0.07231763743277875, 0.06956935057877735, 0.08241816317541345, 0.07999347776164288, 0.08126783891679476, 0.07050594642224609, 0.07934616689350273, 0.07458551047983271, 0.0808401909438914, 0.08032566226172055, 0.08139942591040299], [0.07222569852977483, 0.0750273919523974, 0.07231711141029952, 0.06954518536842638, 0.0827127443472658, 0.07978189680546247, 0.08113196190340094, 0.07048894190503138, 0.07954313860181703, 0.07443952337925133, 0.08066597152065826, 0.08064057766923943, 0.0814798566069753], [0.07221233244144291, 0.07488320214532589, 0.07234586176221293, 0.06955917810190665, 0.08299670282597442, 0.07953049896959306, 0.0809383633366111, 0.07050703636631289, 0.07976395857174474, 0.07429183925025391, 0.08044241456565879, 0.08101516533480295, 0.08151344632815961], [0.07223023775189959, 0.07478892010267948, 0.07240229052991926, 0.06958883186763466, 0.08293468086948991, 0.0793557939245312, 0.08081112972017004, 0.07054592411515166, 0.07997466603276591, 0.07418853327719702, 0.08029352885694484, 0.08133246819189743, 0.08155299475971901], [0.0723046846375, 0.07471834367267129, 0.07251842631266908, 0.06969892601360674, 0.08266834280519125, 0.07915410765323357, 0.0806324741494906, 0.07065814071136256, 0.08020173901283432, 0.07411426274736667, 0.08010348095523576, 0.0817012871658487, 0.08152578416298943], [0.07227479689811434, 0.07460963908412895, 0.07252474777766589, 0.0696505482638614, 0.08291402448712318, 0.07901345518954492, 0.08053292741223754, 0.07062939895586873, 0.08037761110670247, 0.0739886307714866, 0.07998865193374366, 0.08195972524429695, 0.08153584287522544], [0.07217971032403062, 0.07441918705642049, 0.07249313823205991, 0.06947349032146213, 0.08333333333333333, 0.0788388260410537, 0.08044743807740695, 0.07050489388227708, 0.08070722056704092, 0.07375371895152089, 0.0798730003337566, 0.08235195134562504, 0.0816240915340123], [0.07223230196324439, 0.0743381608354642, 0.07260598459793124, 0.06948587539198457, 0.0829081513969595, 0.07869171856185248, 0.08034292652349992, 0.0705544707441339, 0.08106169380863047, 0.07363946807655893, 0.07975715543387477, 0.08274526468652812, 0.08163682797933762], [0.07226846314906887, 0.07428708415104854, 0.07269960769938935, 0.06943277045363731, 0.08248481462225783, 0.07863990456020163, 0.08034837850243155, 0.07055542329001245, 0.08145972603694625, 0.07354084549916179, 0.07974896302952045, 0.08279152689004589, 0.08174249211627796], [0.07244030359661574, 0.07429977152006893, 0.07294867040632909, 0.06951985389516992, 0.08188103353043742, 0.07856158509451969, 0.08028963902618241, 0.07070314288875551, 0.08202989489171565, 0.07349886535664163, 0.07969643261860217, 0.08241166317240624, 0.08171914400255569], [0.0726586964659706, 0.07436870994065826, 0.07324096243688075, 0.06964026323947456, 0.08124975235862905, 0.07852377021244528, 0.08023631818634637, 0.07088807518903704, 0.08263510274705688, 0.07350947222589477, 0.07966728238283093, 0.0817812468255117, 0.08160034778926376], [0.0729000520985696, 0.0744403204507912, 0.07354151395436125, 0.06985826539304013, 0.08079185087863223, 0.07841520558126867, 0.08006296374186067, 0.07113819922809936, 0.08308997306733623, 0.07355221402610983, 0.0795308050279633, 0.08136007894729586, 0.0813185576046716], [0.07312916541526623, 0.07460556149512809, 0.07380984440849794, 0.0699863690844716, 0.08030602754607104, 0.07850644237586271, 0.0801005692747551, 0.07131899006475974, 0.08297892027796096, 0.07366757472849156, 0.0796087205877211, 0.08078190227489901, 0.0811999124661149], [0.07333737509736293, 0.07477668640383135, 0.07403712116734677, 0.07013094772676162, 0.0799625136499301, 0.07860556214597761, 0.0801361227245597, 0.0714951409029498, 0.08257194896956709, 0.07380644097524049, 0.07968421070743631, 0.08037057277077297, 0.08108535675826327], [0.0735345544318093, 0.07500198247597155, 0.07423582673948233, 0.07022791437960203, 0.07956595373129408, 0.07880319435192602, 0.08024983584595885, 0.07163079739302786, 0.0820643773425769, 0.07398940979450858, 0.07985311460059079, 0.07986615440619486, 0.08097688450705677], [0.07353436533723008, 0.07510779786087159, 0.07421977903808522, 0.07011131190236548, 0.07926304992006916, 0.07898546210608026, 0.08037828470109551, 0.07155170909947427, 0.08239690791500869, 0.07405483252889, 0.08002503254064136, 0.07946405656176016, 0.08090741048842817], [0.07358194429801763, 0.07529051309715606, 0.0742375686446888, 0.0700288653187421, 0.07883864725923355, 0.07922615044128815, 0.08049740221468586, 0.07150812812202269, 0.08272721349192809, 0.07419067408773795, 0.08022388536623141, 0.0789238459643077, 0.08072516169396006], [0.07358142287351972, 0.07552854586878575, 0.07416257472941037, 0.06992674864290727, 0.07850298949656695, 0.0796098793487665, 0.08073416539604542, 0.0714196198592902, 0.08253059795809081, 0.07439816649279808, 0.08055813360513714, 0.07844568726900127, 0.08060146845968068], [0.07240275339860301, 0.07539040660299984, 0.07239599366990529, 0.06979046660416731, 0.08216967001513756, 0.08014224069149048, 0.08120390470652644, 0.07067684142407324, 0.07903242779777944, 0.07485321730656119, 0.08086403329751644, 0.07997298244053677, 0.08110506204470304], [0.07233117231088587, 0.07519772883631018, 0.07237218769359043, 0.06972313394710765, 0.08256813057289654, 0.07989016925848048, 0.0810849689301453, 0.07062325972685284, 0.0792808509503266, 0.0746487661751995, 0.08068159536569922, 0.0803552108935475, 0.08124282533895776], [0.07230126515768909, 0.07509431644571987, 0.07236915828344122, 0.06970073193213816, 0.08280085490095801, 0.0797410184133667, 0.08099422574087527, 0.07060690192757554, 0.07941789105941496, 0.0745401273902057, 0.08056263455946862, 0.08057598603917403, 0.08129488814997292], [0.07223356336111612, 0.07487850241318975, 0.07236683212623378, 0.06961134704910855, 0.083098077798713, 0.07947344047472543, 0.08086033463609116, 0.07054769116155753, 0.07975624080088636, 0.07429732764740855, 0.08037062554145544, 0.08105609551770755, 0.08144992147180657], [0.07226724070300926, 0.07503899940798772, 0.0723514655736898, 0.06964360720149125, 0.08285530997970858, 0.07970497038328403, 0.08100564113390127, 0.07056379413762168, 0.07950274281790387, 0.07447235603982065, 0.08055510102874291, 0.08067140031749151, 0.08136737127534745], [0.0722797087112987, 0.07478394063242966, 0.07245735786245716, 0.06968238165431956, 0.08292223564117052, 0.07926680990701238, 0.08069954803551885, 0.07062541694608811, 0.07999764065655304, 0.0741952592381843, 0.0801884719953884, 0.08143086794149687, 0.08147036077808241], [0.072361640792092, 0.07475333421207248, 0.07256480530839071, 0.06981143872184921, 0.08270025101687638, 0.07911318633934446, 0.08054366310016371, 0.0707467137496403, 0.08012821529227926, 0.07416963911266004, 0.08003117611309986, 0.08167467053897882, 0.08140126570255272], [0.07228741920118104, 0.0745968153772098, 0.07254312625301965, 0.06967431761227572, 0.08294833853215078, 0.0789717214806638, 0.08048730318108584, 0.07065123075933809, 0.08039972853481989, 0.0739773129278951, 0.07994423958886179, 0.08201547503771772, 0.0815029715137808], [0.0723327503557394, 0.07450518870602553, 0.07263214625372397, 0.06973984536769887, 0.08303631030771336, 0.07876457383088742, 0.08029024890137379, 0.0707256075199605, 0.08059470900873596, 0.07387709417173026, 0.07974400104191898, 0.08236070231443732, 0.08139682222005455], [0.0723283300857098, 0.07437609382716823, 0.07269470910813776, 0.0696684078267395, 0.08285954983114388, 0.07860718476957584, 0.08019824968590787, 0.07070337600919802, 0.08096420942135524, 0.07370532769871067, 0.07963255747184135, 0.08282399257928887, 0.08143801168522294], [0.07231472964095992, 0.07430308140318342, 0.07272782867674324, 0.0695738113336692, 0.08261250514316693, 0.0785565790692034, 0.08020395639986226, 0.07065555029939177, 0.08126945270549159, 0.07359215579947405, 0.07962282610892123, 0.08303614067892078, 0.08153138274101233], [0.07237731631331987, 0.07428364155946135, 0.07283693178941276, 0.06957461039333912, 0.08228792859874778, 0.07851370861318771, 0.08019277881012116, 0.07069654854884748, 0.08159777387837355, 0.0735371687023367, 0.0796065486176243, 0.08292022615707347, 0.08157481801815472], [0.07249380613471414, 0.07430033111802896, 0.07299978262420964, 0.06964464819691395, 0.08193740781903845, 0.0784689710150676, 0.08015626544734086, 0.0708015118190307, 0.08193761510563377, 0.07352235787650821, 0.07957479791673366, 0.08260861413465219, 0.08155389079212799], [0.0725791714137623, 0.07431947461529007, 0.07311302051261029, 0.06970744848284681, 0.08172206242129368, 0.078437068699383, 0.0801193675861988, 0.07088347263977761, 0.08214161713430781, 0.07352415497668403, 0.07954489272400028, 0.0824000359122998, 0.08150821288154553], [0.07270795125109888, 0.07435346093469629, 0.07327890055896757, 0.06981203710286908, 0.08143319548644155, 0.07838796505184359, 0.08005286107402507, 0.07101156242235132, 0.0824071900251373, 0.07353687881414923, 0.07949201135016104, 0.082114388125409, 0.08141159780285002], [0.07280202334188696, 0.07438967556501597, 0.07340817160595546, 0.0698423948376388, 0.08113230398540541, 0.07839089763320777, 0.08005077834961047, 0.07107876027309831, 0.08272710845330469, 0.07354042503377774, 0.07950154321132079, 0.08176337904546949, 0.08137253866430819], [0.07315771317219538, 0.07451613711061199, 0.07383688407876245, 0.07018791630573279, 0.0805573916878935, 0.07826062313934158, 0.07982675755939904, 0.07145772204236923, 0.08302573131886798, 0.07363661887420908, 0.07932673874758671, 0.08119732023861792, 0.08101244572441238], [0.07332753629340263, 0.07464556120751234, 0.07403922691674829, 0.07026026833814078, 0.08018122737190914, 0.07834661771058037, 0.0798748331928321, 0.07157841499598637, 0.0829413174060848, 0.07372152017619447, 0.07940526211185253, 0.0807325376281037, 0.08094567665065258], [0.07287067424240498, 0.07445312399888648, 0.07350918861321734, 0.06978462188808797, 0.08075103006756754, 0.07848526905103828, 0.08014951149119785, 0.07107930204678503, 0.08308599150622879, 0.07355139962637962, 0.07961489231865457, 0.08126829116680749, 0.08139670398274418], [0.07351936183266759, 0.07477990443336019, 0.07425393536826641, 0.07040917331711093, 0.0798978027839404, 0.0783934173354704, 0.07986546327480165, 0.07175255379754988, 0.0826377373812574, 0.07383129140684513, 0.07942819180106271, 0.08040201469366666, 0.08082915257400067], [0.07376351574691162, 0.0750018951348062, 0.07451584849512291, 0.07055856449461492, 0.07948548297688512, 0.07853611897238265, 0.07991904577333409, 0.071944434429304, 0.08214286189861633, 0.07401008709691655, 0.07953564467576542, 0.07989463029457179, 0.0806918700107685], [0.07378623013583809, 0.07509024469174246, 0.0745311025068813, 0.07049615740168962, 0.07929263687626827, 0.07866884887562184, 0.08001912764478313, 0.07191056534587123, 0.0821680740756184, 0.07406861250348161, 0.07966225680016524, 0.07963008258343104, 0.08067606055860785], [0.07380312736679939, 0.07521937784118546, 0.07453294199307216, 0.07037191074075873, 0.07892656349961022, 0.07885955128163524, 0.08013072288761057, 0.07183322573967871, 0.08262182336399684, 0.07414771257318516, 0.07982972034481782, 0.07915629777292633, 0.08056702459472308], [0.07391574584576878, 0.07538415560888775, 0.07463805314338619, 0.07037473403029289, 0.07850417025772986, 0.0790014804917152, 0.08011617906491875, 0.07187545174498734, 0.08305125528008621, 0.07426825146443006, 0.07989006156325383, 0.07865738681461298, 0.08032307468993016], [0.07379248922098149, 0.07549336982695286, 0.07444859712400348, 0.07016629402706095, 0.0783958018580146, 0.0793154559032026, 0.08038075547937615, 0.07167547469603279, 0.08295298572097923, 0.07435689603111406, 0.08019753503369649, 0.07843807741842743, 0.08038626766015797], [0.07247578606442769, 0.07541674252454805, 0.07245837679429931, 0.0699489520796076, 0.08226822932380233, 0.08002475639365275, 0.08102300417643082, 0.07079989312456053, 0.07898742750623504, 0.07491176018626616, 0.08069852202493767, 0.08001196789588377, 0.08097458190534836], [0.07238258211999969, 0.07513654468146942, 0.07243698860998271, 0.06986555381444103, 0.08286955698128558, 0.07965243849374086, 0.08083149843404121, 0.07073631156159996, 0.07934409350887868, 0.07461359435179125, 0.08042356096682111, 0.08057407135270722, 0.0811332051232413], [0.07240968590069241, 0.07523438138852215, 0.07243818779564934, 0.06988603859634293, 0.08264995922219345, 0.07979110175243569, 0.08091381258843856, 0.07075066598315542, 0.07921733908545359, 0.0747170763415237, 0.08053209992411146, 0.08036908490823978, 0.08109056651324165], [0.0723080679604873, 0.07502401881986229, 0.07239383231501365, 0.06974446297539674, 0.08303786866047504, 0.07958341561273348, 0.08085173700248723, 0.07064292811598812, 0.07950287282487224, 0.07447661786091135, 0.08040884760828014, 0.08076113177616222, 0.08126419846733027], [0.07236302581435357, 0.07499704309298796, 0.07245772058550615, 0.06986547680103342, 0.08317264675331079, 0.07942907698351835, 0.08067576125944749, 0.07074272876575914, 0.07953614269980666, 0.0744676316858058, 0.08023600351709392, 0.08089639348732805, 0.08116034855404877], [0.07236593490040825, 0.07487196983548489, 0.07251172406959641, 0.0698604532680049, 0.08305021129329454, 0.07924655511739075, 0.08057860244235056, 0.07075868920726504, 0.07980501095593236, 0.0743223257088301, 0.08010343747307032, 0.0812745674614443, 0.08125051826692757], [0.07229254114982596, 0.07491170276312478, 0.07241003232000894, 0.06974702808664486, 0.08333333333333333, 0.07939728215812333, 0.08071005567449857, 0.07064962760427733, 0.0796521273164412, 0.07436036913751815, 0.08024565167574706, 0.08102221501047505, 0.08126803376998135], [0.07244660236024908, 0.07481550899892403, 0.07263175922393264, 0.06997348281801151, 0.08270850125080086, 0.0790727894570313, 0.08043425274175064, 0.07087440548998945, 0.0800096275680507, 0.07426089345688412, 0.07994570119137634, 0.08159176802264019, 0.08123470742035911], [0.07248466150349919, 0.07477409521097593, 0.07269477860383157, 0.07002385790482646, 0.08258100798461368, 0.07896922464571238, 0.08034826030540174, 0.07092954230529437, 0.08013158808183506, 0.07421400951235976, 0.07985255727536143, 0.0817787473390614, 0.08121766932722703], [0.07245625045778693, 0.07469558576773735, 0.07269357149572989, 0.06997124062813347, 0.08271568955432865, 0.07888635075852611, 0.08030340920667361, 0.0708955374888855, 0.0802629714171464, 0.07411934150112273, 0.07979410534011078, 0.08196056325779102, 0.08124538312602757], [0.07248720569329607, 0.07462221368139625, 0.07276057159121857, 0.07000880057700838, 0.08275457518281892, 0.07873735730032723, 0.08017388843499465, 0.07094413862355314, 0.08042065353403087, 0.07403533197163599, 0.07965790265266966, 0.08220545415458994, 0.08119190660246031], [0.07244540745552026, 0.07447386747493162, 0.07278260432015574, 0.06989313077756741, 0.08278414922899269, 0.07858908059288797, 0.08010161692537233, 0.07087882214927907, 0.08075420656748437, 0.0738437896118404, 0.07956141531140007, 0.08263849760501889, 0.08125341197954927], [0.07243755006371219, 0.07441596489240394, 0.07280476898637009, 0.069848743723635, 0.08270086514690428, 0.07852827913362781, 0.08007169792436541, 0.07085887739006778, 0.08092025477900221, 0.0737649443613723, 0.07952255321277699, 0.08284816422980107, 0.08127733615596076], [0.07241769349357256, 0.07437686544349281, 0.07280303504672668, 0.06979475491400167, 0.08265136637394883, 0.07850541351428825, 0.08007359864506959, 0.07082393587189482, 0.08103154292126466, 0.07370980972047901, 0.07951717448564947, 0.08298032881765148, 0.08131448075196003], [0.07242655299066884, 0.07430174135981336, 0.07286077843720562, 0.06974354657761378, 0.08239032844478505, 0.07841409720311227, 0.08002019446695255, 0.07081291443887591, 0.08131508146227556, 0.07360034188211843, 0.07945507580114872, 0.08333333333333333, 0.08132601360209654], [0.07252191687801737, 0.07430988916217827, 0.07299967913872156, 0.06979070856678392, 0.08211643418688001, 0.07838231459857363, 0.08000905689065134, 0.07089449117402977, 0.08162417019914796, 0.07357766869885862, 0.07944250190346439, 0.0829795841055623, 0.08135158449713092], [0.07261798746519395, 0.07432762392741028, 0.07313088117777596, 0.06985466054584144, 0.08186961804240261, 0.07834956408877099, 0.07998043816689092, 0.07098389583418141, 0.08186980258496593, 0.07357252401407906, 0.07941796696368365, 0.082693459134735, 0.08133157805406878], [0.07285591236916049, 0.07439017608334603, 0.0734306902649641, 0.07007362350057054, 0.08140154553340193, 0.07825150968725983, 0.07985026985491031, 0.07123463638922596, 0.08223303826363156, 0.07360592323173781, 0.07930964137801796, 0.08219944072659857, 0.08116359271717495], [0.07306984862392449, 0.07445892676072957, 0.07369559264289183, 0.07026875804921356, 0.08101052163831678, 0.07817807475447922, 0.07973761021054074, 0.07145727330385829, 0.08248026313387852, 0.07364996181896302, 0.07922063366803479, 0.08177807484964496, 0.08099446054552421], [0.07320328553728636, 0.07452401018485597, 0.07388168676419711, 0.07028206490193098, 0.08058629929622031, 0.0782111894408533, 0.07975956884946635, 0.07153444524491277, 0.08288758156481935, 0.07365961126233748, 0.07926268970065538, 0.0812603876420865, 0.08094717961037817], [0.07301578324551132, 0.07445135130087657, 0.07365967793104265, 0.07009333139645939, 0.08086113996970866, 0.0782711356075296, 0.07986834613159703, 0.07133189655573552, 0.0828389377367224, 0.07359957120520767, 0.07934690288276307, 0.08153990350339019, 0.08112202253345588], [0.07289918461790877, 0.07440415534149081, 0.07349939305037728, 0.0700592218548416, 0.0812160218245167, 0.07826495727128094, 0.07987191273518489, 0.07125086877822549, 0.08246660836154199, 0.07359340386369204, 0.07933479723392313, 0.08196350302513807, 0.08117597204187822], [0.07269879565308181, 0.0743459576627695, 0.07324588433560686, 0.06988696199021895, 0.08162376048885354, 0.07833722918225006, 0.07997510976856748, 0.07104710914601166, 0.0821362345419633, 0.07356357925640783, 0.0794167534143211, 0.08239554135072684, 0.0813270832092211], [0.07299938524560255, 0.07444208746902134, 0.07363444758548296, 0.07010227964771233, 0.08093817914932652, 0.0782604486218316, 0.07985716148034304, 0.0713282933687857, 0.08274376438218074, 0.07360125280052501, 0.07933282023258209, 0.08163730515073346, 0.08112257486587274], [0.07285805025253632, 0.07441270825339787, 0.07348221789073338, 0.06986835564797313, 0.08097317099867296, 0.07838857039350779, 0.08003980669577276, 0.0711227058974107, 0.08289158261509878, 0.07354745258951446, 0.07949908580413305, 0.08158372321493214, 0.08133256974631656], [0.07330802637494126, 0.0745904125372929, 0.07401243510904026, 0.0703248006533355, 0.08033766568547017, 0.07824347712500442, 0.07977047110040915, 0.07160989630728264, 0.08295990122946939, 0.07369681958641545, 0.07929139676973031, 0.08095983295539037, 0.08089486456621821], [0.07346187672152149, 0.07469443738368318, 0.07419068853178837, 0.0704284486160925, 0.08007496747014832, 0.0782835557396371, 0.0797710569643696, 0.07174169999997522, 0.08280287551184369, 0.07377472566841403, 0.07931703712567323, 0.0806477650812351, 0.0808108651856181], [0.07365167495111972, 0.07483929760875971, 0.07440345309251409, 0.07055593184518316, 0.07976850821598817, 0.07835379666529219, 0.07978446708800073, 0.07190137275979426, 0.08250178480056193, 0.07388873195540646, 0.0793648307911867, 0.08027902948674238, 0.08070712073945056], [0.07380193859361199, 0.07495789656733526, 0.07456817767698011, 0.07066250553898804, 0.07953895166998683, 0.07840793652567939, 0.079786547525792, 0.0720300405642878, 0.08224653093104875, 0.07398550498479294, 0.07939638605308096, 0.08000536569931681, 0.08061221766909912], [0.07391373711858651, 0.0751184821976609, 0.07468105646203739, 0.07065914513132895, 0.07921518649053343, 0.07857298607644592, 0.07988593824936233, 0.07206964397446373, 0.08211468738427488, 0.07410219488856142, 0.07954029765982674, 0.07958507310897354, 0.0805415712579445], [0.07400321309431845, 0.07526489061121877, 0.0747706731449865, 0.07061427888742358, 0.0787994168806787, 0.0787086452112032, 0.07992178315643034, 0.07207488362044523, 0.08256583443115526, 0.0741971787780749, 0.07963753732559647, 0.07907639066109715, 0.08036527419737148], [0.07403697110061147, 0.07536918282670796, 0.07479257628647187, 0.07055459779760752, 0.07852714574588145, 0.0788522721875476, 0.07996020652672203, 0.07204599945268976, 0.082887905221834, 0.07426724885257824, 0.07972300864108087, 0.07873716278336312, 0.08024572257690403], [0.07402548176298607, 0.07550470704137355, 0.07474600383488605, 0.0704215219519181, 0.07820458874951579, 0.0790971406827437, 0.08004928599991752, 0.07194637853996479, 0.08333333333333334, 0.07436096456603229, 0.0798787213023898, 0.0783193078701772, 0.08011256436476188], [0.07388647129198662, 0.07565151960742705, 0.07451744207510336, 0.0702153703374444, 0.07816082297227887, 0.07948828836878838, 0.08039209070552299, 0.07173427449775302, 0.08280334839209831, 0.07449628029063574, 0.08027058482663425, 0.0781513936510309, 0.08023211298329609], [0.07276675190975267, 0.07436758982017204, 0.07330772082786605, 0.07002769019292818, 0.0816402372826814, 0.07826962367094513, 0.07986855043554965, 0.07115977003171393, 0.08198880319603555, 0.0736086993915006, 0.07932122948536852, 0.08248163266050801, 0.08119170109497835], [0.07265335333598769, 0.07434998083310485, 0.07314403610572327, 0.0699782903966468, 0.08196461427895263, 0.07829882944469503, 0.07988466446052357, 0.07106755046090255, 0.08163011429827798, 0.07362866764393916, 0.07933359204663053, 0.08287078377403306, 0.08119552292058287], [0.07256069063097885, 0.07435676035424695, 0.07300010672375527, 0.06994403445689885, 0.08225598066600497, 0.07834739902813792, 0.07990928021572777, 0.0709922339913636, 0.0812913664045249, 0.07367152079782552, 0.0793599878436149, 0.08312893056084934, 0.0811817083260709], [0.07255681426645816, 0.07439152958903761, 0.07296992007439007, 0.06998025588268336, 0.0823675908606682, 0.07837980831362545, 0.07991778251282938, 0.07100399641908527, 0.08112793310426306, 0.07372709273063792, 0.07937417910540598, 0.08304718357297376, 0.08115591356794166], [0.07255631198184892, 0.07446676550767033, 0.07292337609701052, 0.0700385869989976, 0.0825314548946163, 0.07846078748680266, 0.07995717273771524, 0.0710236614894507, 0.08086930737814271, 0.07383528593920931, 0.07942441029697697, 0.08278428220675954, 0.08112859698479917], [0.07257390160672508, 0.07460499389827552, 0.07287191698711153, 0.07013246070255617, 0.08262233493607941, 0.07861074114647919, 0.08003595112665988, 0.071064061825149, 0.08050973289499555, 0.0740194448326924, 0.07952449218254524, 0.08234516299417458, 0.08108480486655636], [0.07258945865126248, 0.07468017973181791, 0.07285502471483041, 0.07017910184773067, 0.08258649562333555, 0.07869308882608812, 0.08008106576107589, 0.0710874012783728, 0.08035025111132882, 0.07411483112989452, 0.07958173747958833, 0.08213809771910636, 0.0810632661255682], [0.0729006933135116, 0.0745133527859299, 0.07354243367361511, 0.06975245521293628, 0.08059957649747226, 0.07858501579077012, 0.08025204597483432, 0.07107113783613178, 0.0829762227435868, 0.07358849689275423, 0.07972479144213751, 0.08104518946563959, 0.08144858837068027], [0.07332325417302595, 0.07470989568701966, 0.07402963686294735, 0.07017452729433162, 0.08006674968761011, 0.07848791037170727, 0.08002220047839613, 0.07152009583144234, 0.08277395318640011, 0.07375900667961201, 0.07956029691677516, 0.08053820423225011, 0.08103426859848221], [0.07361551304079712, 0.07491750529363583, 0.07435105646846, 0.07041447713001346, 0.07965531961902123, 0.07855011446001776, 0.07998550377909576, 0.07179174884209455, 0.08231314522234114, 0.07393431540931339, 0.0795775025149434, 0.08007076147695728, 0.08082303674330915], [0.07257378740774488, 0.07474112837589933, 0.0728098371555497, 0.07016768289339495, 0.08256078477409057, 0.07879860978645876, 0.08016398169563439, 0.07106340344439374, 0.08022021879573184, 0.07418748401996451, 0.07967230702247302, 0.08195527818428885, 0.08108549644437539], [0.07257698029122293, 0.07481722485371596, 0.07278221773866547, 0.07018164278789887, 0.0824682558644541, 0.07890730570017947, 0.08024044926141655, 0.07106213163599777, 0.08008153247009758, 0.07427741354577247, 0.07976033227749602, 0.08175621518770132, 0.08108829838538162], [0.07254124947301452, 0.07488356243846864, 0.07270947337172406, 0.07014459561357507, 0.08264782241794931, 0.07903447959309128, 0.08032940649017957, 0.0710118651427983, 0.0798992527475551, 0.07435705340841514, 0.07986387139661838, 0.08149862509159808, 0.08107874281501264], [0.07251877155234376, 0.07496132746398694, 0.07264800475186844, 0.07012742313044563, 0.08284318670384942, 0.07915977669420829, 0.0804009961980162, 0.0709785503813395, 0.07969951422632278, 0.0744507727873019, 0.07995651186496701, 0.08122182282820688, 0.08103334141714325], [0.07249462406907003, 0.07503560941734017, 0.07258982809851318, 0.07009493910754054, 0.08296158228336109, 0.07929400122647841, 0.08048747903126635, 0.07093688390188393, 0.07952963590323933, 0.07453497024918275, 0.08006303206853305, 0.08097241789826108, 0.08100499674533014], [0.07247825622456434, 0.07506915603421464, 0.07255904379431344, 0.07006569543052257, 0.08298456943293459, 0.07936831734607508, 0.08054392628497914, 0.07090723374178048, 0.07946018516501394, 0.07456978583145175, 0.08012786116993705, 0.08086005333180436, 0.08100591621240866], [0.0724719887169032, 0.07513526643646762, 0.07252997039291281, 0.07004492677123494, 0.08292104770306301, 0.0794871202872004, 0.08062740342401965, 0.07088386679989891, 0.07935184947231434, 0.07463921960910253, 0.08022759189991731, 0.08068354522398592, 0.08099620326297928], [0.0724836383148615, 0.07521697019498416, 0.07251748529157971, 0.07004710665153026, 0.0827743364943748, 0.07961225162115962, 0.08070643608086497, 0.07088134345837421, 0.07923754213496717, 0.07472580908790555, 0.08032755987866533, 0.08049829573039281, 0.08097122506033991], [0.0725520293587816, 0.07536771792416706, 0.0725456381012562, 0.070136068649919, 0.08249405279598201, 0.07976520695672841, 0.08075344956130995, 0.07094935715386755, 0.0790429413252071, 0.07489572361537641, 0.08041886062635543, 0.08021872009409699, 0.08086023383695222], [0.07260375904415785, 0.07550753956140621, 0.07256163247952456, 0.07018832023117018, 0.08222360735742532, 0.07993326306597286, 0.08082115647421582, 0.07098979459428385, 0.07886956675288781, 0.07504674861730677, 0.0805306354149292, 0.07995286376761598, 0.0807711126391036], [0.0724969266575503, 0.07535258189433999, 0.07249427160214224, 0.07002596497777865, 0.08247409516053508, 0.07984609476570677, 0.08086579997340891, 0.0708608478622081, 0.07906268485732762, 0.07486176366473539, 0.08052384153190274, 0.08019153329501122, 0.08094359375735309], [0.07321749532814682, 0.07456849352961455, 0.07391356032432583, 0.07018311299992484, 0.08036277410589442, 0.07831372449147705, 0.0798699573910744, 0.0714828732443474, 0.08309261316982319, 0.07366192405689091, 0.07938260818039687, 0.08094835638501234, 0.08100250679307139], [0.07301456847056853, 0.07448498694144795, 0.0736844823836366, 0.06994378779511476, 0.08054603603145807, 0.07838535206320003, 0.08000043459214311, 0.0712455967089661, 0.08333333333333331, 0.07357737000755454, 0.07948830486677702, 0.08110402866336765, 0.08119171814243209], [0.07337397649931751, 0.07488596659882178, 0.07406147262646413, 0.07009381391036953, 0.07979675141291828, 0.07877439611612067, 0.0802872729901337, 0.07148079731442879, 0.08225697745815558, 0.0738905163600853, 0.07985538080335684, 0.08011843762468408, 0.08112424028514398], [0.07313745886757966, 0.0746700877050591, 0.07381065787411295, 0.06993755378992773, 0.08020971688107834, 0.07863013592998067, 0.08022761951198268, 0.07128825839234688, 0.0827447631668406, 0.07371337630158026, 0.07974245183405682, 0.08061577800588149, 0.08127214173957308], [0.0725723846199991, 0.0743371094851848, 0.07312713419258482, 0.0695932996394785, 0.08149270387508474, 0.0785337468900196, 0.08025634625096101, 0.07081601499366234, 0.08240367037634139, 0.07350056635227441, 0.079675975841921, 0.08203394144786849, 0.08165710603461969], [0.0727718449499158, 0.07443620849012536, 0.07338803681385267, 0.06967077505565919, 0.08088196805592612, 0.07856415582724521, 0.08026304038577557, 0.07096197476828717, 0.08290844818693464, 0.07353727334775018, 0.07971289130804034, 0.08135567138174774, 0.08154771142873998], [0.0734682803521145, 0.07501870510358244, 0.07415256683114264, 0.07011215089114216, 0.07952106178140284, 0.07890947131030923, 0.0803645540998311, 0.07152673812632342, 0.08215477152488174, 0.0739930183466614, 0.07997216985007924, 0.07976974886295952, 0.08103676291956993], [0.07348501324453015, 0.07517030040730982, 0.07414441559588238, 0.0699935572140213, 0.07912739758009503, 0.0791463501826791, 0.08051572213755977, 0.071450032505365, 0.08251549319239702, 0.07409718239164295, 0.08018698155850852, 0.0792555325892936, 0.08091202140071552], [0.07414164197933998, 0.07576460198936429, 0.0748079282921854, 0.07046494292720651, 0.07789704828247723, 0.07941240060899012, 0.08013829247255433, 0.07200040300968141, 0.08285763441317852, 0.07459349979856723, 0.08005597155297528, 0.07791547056615379, 0.07995016410732601], [0.074175800120355, 0.07563570537024561, 0.07489530408625775, 0.0705504889399601, 0.0780035546560428, 0.07916460240259253, 0.07998117421603361, 0.07208452473697162, 0.08312900631827784, 0.0744784256566459, 0.07985255829342562, 0.07809759821273435, 0.07995125699045723], [0.07201412400097114, 0.07476924925221345, 0.07227416747839985, 0.06882582585174495, 0.0812230878181822, 0.07999711549419289, 0.08197792525275632, 0.07001740891460148, 0.08035937212393643, 0.0739515503308384, 0.08127819473383839, 0.08053767637747827, 0.08277430237084632], [0.07200797918769883, 0.07470834504618964, 0.0722614786349515, 0.0689241487924945, 0.08162013137071063, 0.07981469387995324, 0.08169955895196557, 0.0700738390464674, 0.0804002137868394, 0.0739322385829977, 0.08103204506828929, 0.08087392458814377, 0.08265140306329863], [0.07199596068936162, 0.07459611636266489, 0.07228611715732422, 0.0689193829614682, 0.08183630136249315, 0.0796170012786657, 0.08150553168156208, 0.07007883587355644, 0.08063467471854288, 0.07381328537033188, 0.08083660448123656, 0.08115592851560778, 0.08272425954718468], [0.0720076390043407, 0.07451859520411758, 0.07232088872146836, 0.06896864169906589, 0.0820784509075691, 0.07943817836238203, 0.08129958197518512, 0.07012211952278333, 0.08079565536467838, 0.07374282284672143, 0.08064037318214393, 0.081440792786641, 0.08262626042290322], [0.07203896491944801, 0.0744300182192283, 0.07241047553828013, 0.06894806895122907, 0.08198957697809933, 0.07928519640691967, 0.08118079069129593, 0.07014167281692363, 0.08115393671712108, 0.07361871842790675, 0.08051576113780247, 0.08158216317276978, 0.08270465602297603], [0.07210655350931901, 0.07441745139319192, 0.07252300502564081, 0.06895041659310694, 0.08171146282636446, 0.07923700852285684, 0.08115518107855602, 0.07018476524023957, 0.08142667801027906, 0.07356858546047663, 0.08049201591753447, 0.08148422811314933, 0.082742648309285], [0.07219777468564825, 0.07452700207136417, 0.07263427971478553, 0.06892133439096114, 0.08117202020318118, 0.07940881494837569, 0.08136209529544453, 0.0702084489277149, 0.08143729866210514, 0.07362573107571359, 0.08070405503006671, 0.08097199109147472, 0.08282915390316438], [0.07223103096171524, 0.07476718146658438, 0.07261162904633417, 0.06885469203889753, 0.08065446410900168, 0.07986743307157934, 0.08187792996205961, 0.07016058217033301, 0.08088235534527834, 0.07383918669248586, 0.08121272009058497, 0.0802844963118224, 0.0827562987333236], [0.07213279653986017, 0.07486722435527839, 0.0724350653292187, 0.06878640039165165, 0.0806399179650021, 0.0801523712050537, 0.08222955004487764, 0.0700535808641875, 0.08042811065250123, 0.07397269242611385, 0.0815162497062183, 0.08009437841280816, 0.0826916621072287], [0.07207210784582979, 0.07486998289585586, 0.07233780015424031, 0.06878714475381888, 0.08080276591684296, 0.08018908669496602, 0.08225206511749714, 0.07001803468057605, 0.08028260334173408, 0.0740108735109383, 0.08152833171598238, 0.08016964001666288, 0.0826795633550554], [0.0720155838017494, 0.07469421294002175, 0.0723207008334982, 0.06876560573192278, 0.08115670978893148, 0.07989533630101037, 0.08192060114707865, 0.06999589089358076, 0.08058860719160883, 0.07384149697403485, 0.08121091628596808, 0.08057867050668137, 0.0830156676039134], [0.07199645892079712, 0.0746917643811011, 0.07227522473419223, 0.06882686844728444, 0.08140026109222934, 0.07985809656038928, 0.08182351889376974, 0.07001753699139632, 0.08049761569604298, 0.07387711612457953, 0.08112919115606725, 0.08073840177717322, 0.08286794522497745], [0.07199811293333383, 0.0745254771817351, 0.07234591945624058, 0.06880872741392927, 0.08156684672744587, 0.07956195231049444, 0.08153172684942898, 0.0700305979347823, 0.08093253692671587, 0.07368569210030372, 0.08084225341274603, 0.08107922706254833, 0.08309092969029573], [0.07207414935016164, 0.07457685797510383, 0.07245350827730673, 0.0687853549524077, 0.08115924072119284, 0.07963614985566968, 0.08164441355684197, 0.07005623701514752, 0.08103518960156011, 0.07368909771472879, 0.08095601178354384, 0.0807762263096488, 0.08315756288668676], [0.07200390629411425, 0.07455776618850692, 0.07236003932119431, 0.06874237895344865, 0.08128299138984382, 0.07965712264406422, 0.08166849406750534, 0.0699943553794, 0.08091289341695847, 0.07368865516951882, 0.08097062904995113, 0.08082743479216073, 0.08333333333333333], [0.0721015128578552, 0.0746924731855337, 0.07245487319690776, 0.06877697346918475, 0.0809224381184628, 0.07984322933337401, 0.0818808583183321, 0.0700527368287824, 0.08080641667027832, 0.07379604424468307, 0.08118436453064756, 0.0804765294189773, 0.083011549826981], [0.07198923013530921, 0.07454925357311705, 0.07231362594475761, 0.06884297854041439, 0.08168398200496765, 0.07958698982195427, 0.08153128841811234, 0.07004043835703942, 0.0808121343448356, 0.07373183339949582, 0.08084643342942663, 0.08111825531850947, 0.08295355671206056], [0.07205954853488723, 0.07445322599471631, 0.07245193027685141, 0.0688835033115732, 0.0816560449679759, 0.07936062295423803, 0.08130338255838934, 0.07011642664118943, 0.08124613401948566, 0.0736048370542749, 0.08062898521494528, 0.08132468149371908, 0.08291067697775416], [0.07212185504629476, 0.07450587477239344, 0.07253525844431544, 0.06886820308684337, 0.08131244544877593, 0.07943724046206029, 0.08140498326980539, 0.07013807091512775, 0.0813126422121087, 0.07362137290568324, 0.08073313014329389, 0.08104163098654858, 0.08296729230674912], [0.07225435713381789, 0.07470103442269017, 0.07266462927869659, 0.06889196991485223, 0.08074644330273081, 0.07971106030412407, 0.08169335611304294, 0.0702028900842084, 0.0811033848118629, 0.07377096701360367, 0.08103980137914034, 0.0804510979050668, 0.08276900833616309], [0.07228445630335467, 0.07461258591141229, 0.07273013452856046, 0.06895619620658137, 0.08089572111728091, 0.0794985744030881, 0.08144476646720897, 0.07026670282222944, 0.0814023898846019, 0.07368650905327022, 0.0808027092035734, 0.08070592908852259, 0.08271332501031574], [0.07201697778503707, 0.07446855896136736, 0.07237505710470757, 0.06889428334521899, 0.08185314882664461, 0.07939726191810685, 0.08131823536798526, 0.07009486723953258, 0.08104955988404655, 0.07365001773985616, 0.08064401270485556, 0.0813926542377661, 0.08284536488487533], [0.07214946493074414, 0.07444273248301216, 0.0725824610008616, 0.06894856369752272, 0.08150595193188301, 0.07926520155456442, 0.08119501648184962, 0.07020579363110009, 0.08150616064560338, 0.07357194269484349, 0.08053456433771522, 0.08132546455362716, 0.08276668205667317], [0.07224872952297068, 0.07449077121866965, 0.0727097483437643, 0.06899684101894629, 0.08122494607730878, 0.07927694106913076, 0.08119917689199295, 0.07028378464557009, 0.08163901818540495, 0.07359101486026856, 0.08055389508833317, 0.08111875107400593, 0.08266638200363391], [0.0721096445294822, 0.07524791491173884, 0.07222714887753968, 0.0688841550439748, 0.0806880087000709, 0.08081040704166047, 0.08267557998379094, 0.07004396649426461, 0.07956597231814612, 0.07444742199765172, 0.08206610172561811, 0.0794100136747661, 0.08182366470129547], [0.07209861545840579, 0.07516891474131546, 0.07226281418732977, 0.06879362776794795, 0.08050573952574383, 0.08073238880777221, 0.08279487074504244, 0.06999915630896522, 0.07980410869848664, 0.07432494024153095, 0.08207708122255075, 0.07944930221069374, 0.08198844008421513], [0.07218065428333247, 0.07511898799388111, 0.0724178591583913, 0.06876683540670463, 0.08013258761819661, 0.08060747222284266, 0.08274033240490884, 0.07003900558806343, 0.08022600738684711, 0.07420970665379023, 0.08201706849192542, 0.07943281238703981, 0.08211067040407635], [0.07239695829438843, 0.07526330155650812, 0.07267485532645414, 0.06887270402926231, 0.07958449795728613, 0.08066005880560868, 0.08256059124276059, 0.07020321405250338, 0.08060754823254868, 0.07428927663795162, 0.08204724629454693, 0.07905471397847466, 0.08178503359170618], [0.07275193081993846, 0.07585390042003906, 0.07293262320128588, 0.0691418636429617, 0.07872310181517336, 0.08132656572939045, 0.082306587208958, 0.0704798540463561, 0.08038845565822669, 0.07484094176605895, 0.08248116530466805, 0.07796268534258036, 0.08081032504436306], [0.07270375749202261, 0.07613671509202143, 0.07273743767550703, 0.0691930295704472, 0.0787258564373007, 0.08197133898218197, 0.0822548068383531, 0.07044649194884692, 0.07969265825629128, 0.07519707098361002, 0.08297212880832264, 0.0775547724568849, 0.08041393545821024], [0.07253364146422711, 0.07608539668078672, 0.0724963116511418, 0.06918470943036055, 0.07921385555205623, 0.08204941723880058, 0.08233782272653627, 0.07035015725076055, 0.07927324115758969, 0.07524490524826732, 0.08298146768897259, 0.07776157834213382, 0.08048749556836671], [0.07235399298988075, 0.07581655294229543, 0.07233587004051517, 0.06911540756887125, 0.07987547188825285, 0.0816310540894077, 0.08253218969301025, 0.0702406081777773, 0.0792111805128115, 0.07503149926192197, 0.08264610514944191, 0.07832794767699482, 0.08088212000881895], [0.07215219496282443, 0.07539279803330966, 0.07223169809880439, 0.0689112784968634, 0.08045455257346222, 0.08104667802492503, 0.08277113843946299, 0.07006540490858264, 0.07947241728816529, 0.07459337831324321, 0.08227945833773065, 0.07908056424388976, 0.0815484382787364], [0.07211291446285698, 0.07525565614616972, 0.0722525081360712, 0.0687905127231121, 0.08035653303443893, 0.08089040866249486, 0.08293735775523269, 0.06999502922714132, 0.07974258401316753, 0.07440968767328568, 0.08224079576022766, 0.0792220002752313, 0.08179401213057003], [0.07216732645086978, 0.07524096961834846, 0.07235570352104831, 0.06874055751910468, 0.08000497947211435, 0.08085901485352254, 0.08303269553929188, 0.07000184978600134, 0.08004998702773232, 0.07433769285452099, 0.08228716790114657, 0.07911023756119182, 0.08181181789510707], [0.07223339585206219, 0.0752570002330784, 0.07244700039623116, 0.0687656258356656, 0.0798304967604041, 0.08082990965325004, 0.08292755142331987, 0.07005168823477047, 0.08021921347979644, 0.07432781021456791, 0.0822637838800582, 0.07905551670954, 0.08179100732725557], [0.07232061475835799, 0.07542489852213416, 0.07250763225946533, 0.06880838904888732, 0.07951826425269443, 0.08106164712634537, 0.08294403896667434, 0.07010437063348743, 0.08019241029953827, 0.07447776972400943, 0.08250172406864802, 0.07867664065598047, 0.0814615996837775], [0.07220428308309293, 0.07551033711532948, 0.0722886280129286, 0.06882632957616101, 0.07987278131330801, 0.08130966479935947, 0.0830617330105743, 0.07003611366620041, 0.07962995827186459, 0.07464900718080329, 0.08268981375656259, 0.07862328653987073, 0.08129806367394474], [0.07235086639525898, 0.07577290271609083, 0.07238790677396725, 0.0689453843283511, 0.07945927807269676, 0.0816714525898726, 0.08273977767118412, 0.0701532461370618, 0.07952