[[0.07511766515294908, 0.07249607470634421, 0.08065085420756844, 0.07025570627378394, 0.07913501229314408, 0.07413206377993121, 0.08122203242468663, 0.08289542422417982, 0.06970090114824862, 0.08080050340030952, 0.08053479782764922, 0.08180524652620763, 0.0712537180349978], [0.074980944533893, 0.07249218379046586, 0.08100135051035601, 0.07019696803720757, 0.07923653169629191, 0.07404324429623026, 0.08114600598171491, 0.08315420076545062, 0.06967597551203154, 0.08059403092891693, 0.08031106749321516, 0.08193464559052133, 0.07123285086370493], [0.07485028088550534, 0.07252894097284945, 0.0814286078376085, 0.07018405511617312, 0.07934348769999382, 0.07397271023736852, 0.08101174368430274, 0.08333333333333333, 0.06970503043438088, 0.08033958636640225, 0.08004339993983765, 0.08200127286097425, 0.07125755063127018], [0.07477349800348439, 0.07259625215300212, 0.08177619924687901, 0.07019443322688988, 0.0794871998856942, 0.07394904923412549, 0.08093073558459779, 0.08316152360026793, 0.06975337866368352, 0.08016626625680354, 0.07985802091025565, 0.08204404440350833, 0.07130939883080809], [0.07468579130149672, 0.07267874465635864, 0.08218920267504963, 0.07022462244874704, 0.0797076107645925, 0.07392332181209327, 0.08078113228936318, 0.08306233861212374, 0.06982751545075072, 0.07993838933587347, 0.07962209582442868, 0.0819788551242901, 0.07138037970483235], [0.07462708869775467, 0.07273608091990101, 0.08246073794819996, 0.07021289262666258, 0.07990006753319942, 0.0739085241458399, 0.08072355233599869, 0.08289848229393078, 0.06984834427018141, 0.0798162011655105, 0.07948975058093145, 0.0819624022191983, 0.07141587526269132], [0.07446846866053276, 0.07272404526517771, 0.08272364015562567, 0.07002050374530344, 0.08023115601580383, 0.07380848876085731, 0.08069459871759783, 0.08333333333333334, 0.06970272754402194, 0.07966427286862271, 0.07931293635463474, 0.08198026742962816, 0.07133556114886061], [0.07442065083279681, 0.07285629638337826, 0.0830125465093244, 0.07001316410189165, 0.08059551715004976, 0.07383142794683857, 0.08063239965870464, 0.08289273637661504, 0.06974806836945353, 0.0795174635912758, 0.07915162686154689, 0.0819073262788028, 0.07142077593932192], [0.07438710713991173, 0.07295051492899998, 0.08300550038750651, 0.0699233834654801, 0.08099445191057074, 0.07385320799708484, 0.08067757234827394, 0.08245216114293735, 0.06970066738344452, 0.0794686329859826, 0.07908289464198938, 0.08205891078713444, 0.07144499488068405], [0.07434689226358271, 0.07311260410150092, 0.08333333333333334, 0.06983833457885436, 0.08155998167722595, 0.07389920412096926, 0.0806266097466075, 0.08180803887233783, 0.06967884105806312, 0.07932965645317393, 0.07892583475161404, 0.08202551681202551, 0.07151515223071168], [0.07442789686574108, 0.07339422240762153, 0.08292645039702004, 0.06988475404616493, 0.08218252878113502, 0.07406954593417335, 0.08057995611406028, 0.0811347717328777, 0.06978650614748086, 0.0792413182626293, 0.07882843145965093, 0.08183296474889411, 0.07171065310255106], [0.074469601077942, 0.0736462193384778, 0.08303842129290624, 0.06998194526945556, 0.08265860343207601, 0.07419763131129468, 0.08036883349848317, 0.08063224685902755, 0.06994175254003004, 0.07904695428286566, 0.07863849854210418, 0.08146771962440802, 0.07191157293092904], [0.07460513652041402, 0.07386612586666311, 0.08271463271009606, 0.0700034257313412, 0.08297280591266744, 0.07438399650269957, 0.08037332895096022, 0.08008593465671884, 0.06999246329326099, 0.07906277983676499, 0.078652851490349, 0.08123416133469077, 0.07205235719337377], [0.0747854853816504, 0.07409173931918059, 0.0823204177797353, 0.07012032606782616, 0.08278406992259221, 0.07459724274581647, 0.08038260333530126, 0.07970485662761892, 0.07012475533420848, 0.07911190121670277, 0.0787076885163062, 0.08103343918769393, 0.07223547456536729], [0.07493444716062046, 0.07419183053219941, 0.0817886513003382, 0.07006138022960431, 0.08333333333333333, 0.07475324518582004, 0.08048941513123002, 0.07921680073746758, 0.07006122261005222, 0.07921172656721043, 0.07881103008867074, 0.08088231338564429, 0.07226460373780887], [0.07511870281579519, 0.07424724363249972, 0.08137487018738769, 0.0700589750917122, 0.08303543541135083, 0.0749103722279827, 0.08073698261901453, 0.07890865117339015, 0.07003213812713675, 0.0794017013299666, 0.07900699370450086, 0.0808790552745351, 0.0722888784047277], [0.07537219601256957, 0.07432248364021507, 0.08079306708680214, 0.07007944643831204, 0.08289540773690243, 0.07512592232632793, 0.08099751803015533, 0.07846265514516036, 0.070015759471365, 0.07961096209959316, 0.07923347510076229, 0.080757426453461, 0.07233368045837366], [0.07561807294225296, 0.07423227921825547, 0.08020021586400784, 0.07001610482342148, 0.08287682286395136, 0.07527210086056524, 0.08136056755497188, 0.07808319503392847, 0.06987878029607822, 0.07995021481883194, 0.07959296612783374, 0.08067764993589992, 0.07224102966000139], [0.07528933495813099, 0.07252803517313791, 0.08029439592806953, 0.07046018609991882, 0.07886756766172147, 0.07424779644263799, 0.08106002067011105, 0.08307780610933684, 0.06986040869254725, 0.08086225843101007, 0.08064963034542727, 0.08145026138226967, 0.07135229810568118], [0.0751420386249275, 0.07255338519133965, 0.08073272741840616, 0.07041345888893559, 0.07902816810078286, 0.07416355914285246, 0.0810309734762776, 0.08300755331545173, 0.06985819226858232, 0.08064980564024626, 0.08040666711156243, 0.08165792316859358, 0.07135554765204212], [0.07504111519716646, 0.07254716566640827, 0.08098055099074693, 0.07036519201128266, 0.07909831092903107, 0.07409693981477733, 0.08098046604898032, 0.08322294999072322, 0.069834394312899, 0.08050792429584157, 0.08025091097181228, 0.08173803640749336, 0.07133604336283753], [0.07486504380458986, 0.07257643788902503, 0.08150079976912775, 0.07026499575102547, 0.07932126787602764, 0.07399782645859336, 0.08093829236389716, 0.08322420041957526, 0.06979130603686648, 0.0802755380412248, 0.07998580426230129, 0.0819369133390217, 0.07132157398872407], [0.07498335942755183, 0.07252054662991798, 0.08107063598253554, 0.07028721161008833, 0.07916162144526996, 0.07405185492070451, 0.08101140387430217, 0.08333333333333334, 0.06976726230984562, 0.08048586697618959, 0.08021647199691026, 0.08182150792047688, 0.07128892357287407], [0.07474446470127095, 0.07262088680094454, 0.08191199969113686, 0.07024069611374173, 0.0795026113942871, 0.07393764455215057, 0.08081414284788531, 0.08333333333333334, 0.06981052172344861, 0.08004897884850641, 0.0797456651415717, 0.08194254573814543, 0.0713465091135775], [0.07471866284167887, 0.07272694236990065, 0.08220920368178175, 0.0703409887894301, 0.07963906923083526, 0.07395899210830635, 0.08067693431580843, 0.08303868995144632, 0.06994284375024415, 0.07987506982908248, 0.0795713958463996, 0.08184210115914121, 0.07145910612594465], [0.07461337257973606, 0.0727518951352773, 0.08253501909116538, 0.07022754589839568, 0.07992282574949633, 0.07390517559838891, 0.08067947592348507, 0.08293403313000862, 0.06987011284648834, 0.0797679513165726, 0.07944215097534348, 0.08191726505752063, 0.07143317669812155], [0.07449357665838957, 0.0727944934222423, 0.08294070200517722, 0.07019787731623836, 0.08011093666682131, 0.07384480122742756, 0.08049262611223942, 0.08333333333333334, 0.06988402349500822, 0.07952607406320622, 0.07919390616887488, 0.08173211760793034, 0.07145553192311133], [0.07445310529699324, 0.07294101647608155, 0.08310213352372126, 0.07018604814241523, 0.08050825110473052, 0.07387837476210415, 0.08046606965325476, 0.08284293304989065, 0.06992825160223883, 0.07940296905641371, 0.07905260375917246, 0.0816904515180369, 0.0715477920549468], [0.07438706961436434, 0.07296727591488811, 0.08333333333333336, 0.07005444421690439, 0.0808102826905161, 0.07385238667036925, 0.08050207244686644, 0.08258536436011016, 0.06982877073104146, 0.07935809538881165, 0.07898948442013988, 0.08181903319823176, 0.07151238701442333], [0.07440686980155765, 0.07310563300022192, 0.08295505292216689, 0.07006111677152341, 0.08114902581979119, 0.07392233474080977, 0.08052401700029271, 0.08224982051559558, 0.06987246384657862, 0.07932167703239569, 0.07894128133802973, 0.08188757296644118, 0.07160313424459558], [0.07438919461600758, 0.07321339248779056, 0.08309058449712374, 0.07002426764140772, 0.08148727069333009, 0.07395749989696385, 0.08048804713701911, 0.08187633574621632, 0.06987437006387333, 0.07923764412620082, 0.07884729210065872, 0.0818563469457631, 0.07165775404764523], [0.07439928185868847, 0.0733073461053608, 0.08305484601177547, 0.07003923496992819, 0.08169700820517276, 0.07400249110629183, 0.08045008836905526, 0.08164671273979433, 0.06991410576160387, 0.07918194093024186, 0.0787882484488359, 0.08179469428140124, 0.07172400121184994], [0.07444203793627005, 0.07347143887667724, 0.0828136305251815, 0.07011050663630952, 0.08198001859309419, 0.07409520799281198, 0.08038296189764987, 0.08134144127956369, 0.07001987493724637, 0.0791051745145557, 0.07871036252473343, 0.08166981987773204, 0.07185752440817428], [0.07445789140781044, 0.07356703052406456, 0.08283186133154212, 0.07006840657095031, 0.08230285080096585, 0.0741492568602918, 0.08037416527040929, 0.08101325966272724, 0.07000402772709172, 0.07907264503493432, 0.07867131497689055, 0.08158788864220744, 0.07189940119011447], [0.07448168936372218, 0.07386677980535512, 0.08333333333333334, 0.07016602044710295, 0.08282151572197875, 0.0742850011916546, 0.08007139748573242, 0.0803592812595899, 0.07017753786152703, 0.07879430610845857, 0.07839921755278015, 0.08111138426389208, 0.07213253560487307], [0.07459022245465936, 0.07403555164118777, 0.0828019727962132, 0.07015797233479876, 0.08333333333333333, 0.07443289894227377, 0.080093377746323, 0.07993069162886206, 0.07019131696246855, 0.07882180107594657, 0.07842430820972658, 0.08095744701292316, 0.07222910586128385], [0.07446566337991219, 0.07359385867106659, 0.08314696878587056, 0.06988531190246282, 0.08266627824706078, 0.07418050477468988, 0.08045858390344683, 0.08058089926909567, 0.0698356433144848, 0.07911761946754688, 0.07870273056565719, 0.08152974769931645, 0.07183619001938948], [0.07475862713552252, 0.07427850342786488, 0.08244114215380524, 0.07031878500326876, 0.08298724886551319, 0.07464064446687263, 0.08006891730172164, 0.0796254980028129, 0.07037287599663743, 0.07883503048715407, 0.07844487224716161, 0.08078495284960673, 0.07244290206205842], [0.07497081253340533, 0.07451722726356515, 0.0818353230078089, 0.07040476717088294, 0.08305800128275183, 0.07488636349236481, 0.08012232539813939, 0.07914952922475389, 0.07047046377438713, 0.07889875554366378, 0.07851690557312468, 0.08055122658134668, 0.07261829915380541], [0.07506726842531707, 0.07453244147933744, 0.08153740065111083, 0.07034436958881933, 0.08313258963087598, 0.07496871092379889, 0.08028527801934483, 0.0789293322353002, 0.0703939841881719, 0.07901341587766546, 0.07863260770208404, 0.08056690188174163, 0.07259569939643243], [0.07528717974317405, 0.07461552275612773, 0.0810816272731058, 0.07034711194474193, 0.0828564036012789, 0.07516465740923815, 0.08052811100001409, 0.0785572906608593, 0.07036852195323895, 0.07919996175350463, 0.07882952915382287, 0.08052666134383218, 0.07263742140706154], [0.07547603834782755, 0.07472890489899921, 0.08055974056644036, 0.07035712595738557, 0.08333333333333334, 0.07535418808250918, 0.08060061144226714, 0.07808476765897789, 0.07036567333615518, 0.07924174921134083, 0.07889138332039511, 0.08030204249972016, 0.07270444134464851], [0.07558712656090938, 0.07452643282252576, 0.08028011292533692, 0.07019019793501693, 0.08333333333333334, 0.07536439505010932, 0.0809471867934345, 0.0779588558797239, 0.07012879452413377, 0.07955972039922019, 0.07921258101113057, 0.0804100131714741, 0.07250124959365138], [0.07529143956390051, 0.07256778670330474, 0.08037020420497519, 0.07059005028651141, 0.07876996759588534, 0.07425914275618486, 0.08087620693361855, 0.08333333333333333, 0.06999109091767934, 0.08069203815977999, 0.08049777527475195, 0.08132899430394296, 0.07143196996613181], [0.07507211887792634, 0.07260878537461063, 0.08101968749962583, 0.07052273647106751, 0.07899125944564205, 0.07413499876007099, 0.08080459008876162, 0.08333333333333334, 0.06999156111484825, 0.08037446399745472, 0.08013735749390695, 0.0815686548869669, 0.07144045265578497], [0.0751682404067842, 0.07261450532697182, 0.08078826251145306, 0.07056986013109565, 0.0789271444571428, 0.07419826213357217, 0.08085172448379944, 0.0831160240671406, 0.07001503861748888, 0.08050460463703185, 0.08028131997756946, 0.08150576453274098, 0.07145924871720927], [0.07500422428535444, 0.0726122497241485, 0.08121523873765463, 0.07043891011128577, 0.07913154599298103, 0.07409568581000214, 0.08087357047001094, 0.08311725023327093, 0.06993114022808174, 0.08035045492830663, 0.08009154968121135, 0.08172734792298146, 0.07141083187471019], [0.07499055812298693, 0.07269285464354659, 0.08140207506602178, 0.07056426949534782, 0.07910916462576738, 0.0741137177989172, 0.08071476665295009, 0.08309912772017208, 0.07007521330104174, 0.08017546662951015, 0.07992307629712195, 0.08162328241986348, 0.07151642722675287], [0.07486400065485323, 0.0727272049731469, 0.08180964081362489, 0.07049580365671013, 0.07933594065131207, 0.07404758979430374, 0.08066798776532935, 0.0830403876515481, 0.07005226224720477, 0.08000274574474421, 0.07972739115301047, 0.08171241675253715, 0.07151662814167482], [0.074937680695536, 0.0726781507820457, 0.08152576081178713, 0.07047434949621065, 0.07921656181473953, 0.07407709107710118, 0.0807822649683361, 0.08299898067666493, 0.06999991860366184, 0.08017913769540581, 0.07991054727538904, 0.08174776760659412, 0.07147178849652791], [0.07478003198712913, 0.07279960137105705, 0.08216699419429341, 0.07051450533138136, 0.07952941933235126, 0.07402088035988669, 0.08054612005473853, 0.08296804122609586, 0.07011214345539915, 0.07980470326389265, 0.07951921871057827, 0.08166204713126184, 0.07157629358193467], [0.07470977325481355, 0.07281930327356903, 0.08237796131615133, 0.0704899746108346, 0.07964040655789242, 0.0739837505051232, 0.08046707618990821, 0.08313259079298567, 0.0701121728296372, 0.07968109004084196, 0.07938883324412112, 0.08161418224463028, 0.07158288513949133], [0.07465824871919344, 0.07284296844222793, 0.08257868244525729, 0.07044914274404858, 0.07978053615808012, 0.0739612493485527, 0.08045033625556246, 0.08304929422285359, 0.07009398660109646, 0.07961366345147056, 0.07931138587505537, 0.08162651525247941, 0.07158399048412217], [0.07459628887536365, 0.07291286044709847, 0.08286366696388973, 0.07046027747112385, 0.07994610826683024, 0.07394821598876497, 0.08034209564563752, 0.08302019140547945, 0.07014114810965383, 0.07945691810340666, 0.07914783311382133, 0.08152636985078215, 0.07163802575814832], [0.07447404278029243, 0.07294702621431379, 0.08333333333333333, 0.07031752855575094, 0.08028614988195874, 0.07388806193914657, 0.08031534993000608, 0.08295144456489807, 0.07004800874249045, 0.07932429220886955, 0.07899268015552219, 0.08151513168704512, 0.07160695000637268], [0.07447289876761466, 0.07302645018331123, 0.08319100110815182, 0.07032543997653933, 0.08047047611345196, 0.07391920445529418, 0.08032003843705471, 0.08277810306419113, 0.07008043979549371, 0.07928863392895612, 0.07894902730138102, 0.08151646649239334, 0.0716618203761668], [0.0744418599593256, 0.0730287167990095, 0.08333333333333334, 0.0702662085033341, 0.08058185148486437, 0.07390255810709807, 0.0803353984478618, 0.08267149124462993, 0.07003312178523625, 0.0792724450179244, 0.07892545416237118, 0.08156772238124449, 0.07163983877376713], [0.07441843090817579, 0.0731309345211065, 0.08333333333333334, 0.07023971280774746, 0.08088130374427731, 0.07393018565763422, 0.08031942276422627, 0.08235852852202703, 0.07004535014055639, 0.07919738318620391, 0.07883835067190785, 0.08161101330802138, 0.0716960504347826], [0.07443841885155923, 0.07326795950432732, 0.0829670493284899, 0.0702535739191243, 0.08119813829802403, 0.0739990473217992, 0.08032706502158479, 0.08207331448986611, 0.07009531958257609, 0.07915634029928502, 0.0787873185839533, 0.08164736420265356, 0.07178909059675707], [0.07445188884506743, 0.0733822744907766, 0.0828114330256559, 0.07026918190522649, 0.08145158649695321, 0.07405433258304985, 0.08030354130496761, 0.08181346011387092, 0.07014126700150178, 0.0791030024128805, 0.07872804007622979, 0.08162136931980965, 0.07186862242401021], [0.07450123164597822, 0.073647169510934, 0.08259523449967884, 0.07039018572985102, 0.08185678485078138, 0.07418973770808936, 0.08016247770279208, 0.08131716679336383, 0.07032285122637533, 0.07894549563204395, 0.07856908928533439, 0.08141409624191015, 0.07208847917286738], [0.07453193339205309, 0.07385570418811321, 0.08264891848060538, 0.0704653705555041, 0.08217350604359963, 0.07429234034236157, 0.0800217541400356, 0.08089080661463056, 0.070448120463701, 0.07880144209690051, 0.0784252384854315, 0.08119155003170818, 0.07225331516535544], [0.07450532388327859, 0.07392971378523579, 0.08317683295526457, 0.07028319348350222, 0.08270204191322668, 0.07431865255118163, 0.08000221656294385, 0.08039849690886308, 0.07030186730608995, 0.07874509157517016, 0.0783566515444612, 0.08105727574221712, 0.07222264178856526], [0.07448281603390569, 0.07376949495308643, 0.0829839325235464, 0.07021409401644856, 0.08250273199334132, 0.07424082285247621, 0.08015202799474104, 0.08071285850682075, 0.07019536237329768, 0.07887932559097267, 0.07848679949967567, 0.08128850430793327, 0.07209122935375435], [0.07450591756152182, 0.0736981225839409, 0.08255721742424893, 0.0703348020433332, 0.08209679712274998, 0.07421785350188026, 0.08018474778353521, 0.08111586380291491, 0.0702840579089808, 0.07894231285185642, 0.07855896905934832, 0.08140669918349085, 0.07209663917219836], [0.07444836697106129, 0.07346172327726166, 0.08282980983509929, 0.07022992676629973, 0.08172141083273289, 0.07408738995859453, 0.08029701580381457, 0.08154908847982517, 0.07012868888177798, 0.07906305409006452, 0.07868027258541559, 0.08160032566033538, 0.07190292685771751], [0.0744892516308017, 0.07376381973775953, 0.08288256179770981, 0.07025635052536577, 0.08240243539816915, 0.07423967494814317, 0.08014644290719297, 0.08080159462729262, 0.07023247957205114, 0.07888246212261012, 0.07849276774546646, 0.08130450005711883, 0.0721056589303188], [0.07446165047590668, 0.07361442594852428, 0.08293229781570667, 0.07004327109126071, 0.08246971519048114, 0.07417379594006904, 0.08035348567180155, 0.08083597017002221, 0.06999293000710594, 0.07904440497326709, 0.07864061474800728, 0.08151889157138455, 0.07191854639646293], [0.07454747748345222, 0.07402757244730905, 0.08307950442672744, 0.07025564036417793, 0.08300231733786342, 0.07439144938011445, 0.07999273975162965, 0.08011360787610836, 0.07029300100657497, 0.07873344770883368, 0.0783424403549342, 0.0809507800047096, 0.07227002185756509], [0.07462642607966025, 0.07417228173902025, 0.08274230645438452, 0.07028481209550871, 0.08333333333333334, 0.07450562384267038, 0.07996381370386273, 0.07980896787883038, 0.07034246080565397, 0.07871855539880349, 0.07832884365307216, 0.08080301402588043, 0.07236956098931957], [0.07480655524024203, 0.07441381200574099, 0.08232745719713624, 0.07042442104749985, 0.08303209026481898, 0.07472295886238704, 0.07996186773353788, 0.07947637834159754, 0.07050016864678914, 0.07875424138743321, 0.07837103919342114, 0.08063684787650584, 0.07257216220289005], [0.0748946888634535, 0.07454073091179188, 0.08200747915175277, 0.07045468990333188, 0.08333333333333334, 0.07483755133539277, 0.0799392521673782, 0.07919929237279877, 0.07054283544246988, 0.07874700640612067, 0.0783683387483553, 0.08047467771081507, 0.07266012365300609], [0.07507292990324264, 0.07466019740358565, 0.08148521718900398, 0.07044906903939598, 0.08333333333333334, 0.0750180612010178, 0.08012971749049363, 0.07883084000448842, 0.07052751742101437, 0.07887029515855405, 0.0784970820979226, 0.08040380560157433, 0.07272193415637332], [0.07534219889840997, 0.07486448450384381, 0.0809915254228507, 0.0705643779086148, 0.08277437279850745, 0.07529102268719982, 0.08030075360991719, 0.07842009928149546, 0.07063046096483225, 0.07899763362526312, 0.07864071353648651, 0.08029659221073468, 0.07288576455184423], [0.07546885661180165, 0.07489826796451254, 0.08065016656349494, 0.07052622916056664, 0.08306529130595407, 0.07540448732778461, 0.08040661268682889, 0.07811848178064588, 0.07057383098738995, 0.07907458723849962, 0.07872824530495282, 0.08020077955338321, 0.07288416351418522], [0.07567728945507042, 0.07491270050887155, 0.08022975049698135, 0.0705104868097976, 0.08302305242706504, 0.07556780991059582, 0.08059928494555152, 0.07779425788952085, 0.07051631471609487, 0.0792510274784079, 0.07892222046450441, 0.08011841981591011, 0.07287738508162848], [0.07578307809980704, 0.07462305995691065, 0.07996320683681644, 0.07029453570952894, 0.08302795911882471, 0.07554039655688038, 0.08101203493522945, 0.07771210247102191, 0.07021193411892285, 0.07964320740820599, 0.07931786362712746, 0.08027095280830658, 0.07259966835241753], [0.0744902235016033, 0.07354749757737804, 0.08266239601567435, 0.07040018470301919, 0.08159733851433326, 0.07414037319840425, 0.08018283834525083, 0.08157307471388639, 0.07030540634430374, 0.07898985091240288, 0.07861903662220535, 0.08146230249890699, 0.07202947705263144], [0.07447344386702898, 0.07340105526038576, 0.08290480926585725, 0.07040904325403827, 0.081223927631739, 0.07406826059161668, 0.08018965692756981, 0.08191562704159311, 0.07027382788918073, 0.079042315699447, 0.07868165138136242, 0.08147625428051865, 0.07194012690966244], [0.07444854311003218, 0.0732382612797177, 0.08333333333333333, 0.07038624843381788, 0.0808675934871543, 0.07398625692594063, 0.08018826194585196, 0.08223074442908193, 0.07020876505616139, 0.07909263467542604, 0.07874269371776833, 0.08144980359506278, 0.07182686001065153], [0.07448638197962203, 0.07321958586862139, 0.08312416228158946, 0.0704535545463473, 0.08070464687547847, 0.07400030057497368, 0.08018690543235081, 0.08239524578954698, 0.07025711801716573, 0.07912863508149515, 0.07878734402425018, 0.08141485101214525, 0.07184126851641356], [0.07452500969412387, 0.07314503463122767, 0.08304087319637074, 0.07050590746979044, 0.08043374467472045, 0.07399303349289996, 0.08019376123119866, 0.08265438922057455, 0.0702737385599015, 0.07919585071238541, 0.07886757622384069, 0.08135814838844907, 0.07181293250451706], [0.07458808082341672, 0.0730266705347467, 0.08298479513847609, 0.070561911088284, 0.08004793948523126, 0.07398422532762342, 0.08021217170960782, 0.08287473116143028, 0.07027370816159574, 0.07931169792758118, 0.07900369652501235, 0.08137435701082275, 0.07175601510617188], [0.07465326649665303, 0.0730076281023685, 0.08278449274299152, 0.07062796049170002, 0.079885396436851, 0.07401656054162115, 0.0802360522688029, 0.08284232321581993, 0.07031353728674318, 0.0793880984819646, 0.07909120076960388, 0.08138584710929314, 0.07176763605558702], [0.07451734904609633, 0.07361199775729524, 0.08302553939596964, 0.06982966395212456, 0.08268302334887526, 0.07422877082076187, 0.08056241426346472, 0.08041005815350347, 0.06977564198188585, 0.07920894243909692, 0.07878838960119806, 0.08153802272413159, 0.07182018651559641], [0.07470224257895756, 0.07407142213767808, 0.08249480766669255, 0.0701411301880762, 0.0829927992620261, 0.07452802245940253, 0.08026302509849721, 0.07981743106302193, 0.07015857878522341, 0.07898881445547247, 0.07858710746194181, 0.08101764642277177, 0.07223697242023819], [0.07490038880294925, 0.07437077751052393, 0.08200789640553965, 0.07030979473010565, 0.08302000377779357, 0.07478172888742998, 0.08017299335501739, 0.07934894037477289, 0.07035601183811382, 0.07896367776069033, 0.07857393976667808, 0.08070557069153798, 0.07248827609884746], [0.07468001145618781, 0.0729305574421345, 0.08259243635896216, 0.07060077203027317, 0.07973930002976495, 0.0740042680921436, 0.080292168114039, 0.0830851774044192, 0.07025736866549873, 0.07948438636610591, 0.07919391468157216, 0.08143540734574309, 0.07170423201315565], [0.07471649995611633, 0.072863973842541, 0.08236929675784228, 0.0705908061916666, 0.07958327432905446, 0.07400184463737887, 0.08033647091122688, 0.08333333333333333, 0.07021820300760694, 0.07957769506252606, 0.07929575088371806, 0.0814583915501838, 0.07165445953680538], [0.0748299672988514, 0.0728608165414828, 0.0820903379892564, 0.07066887691917734, 0.07942093824945876, 0.07407172550609935, 0.0804167615170245, 0.08302119588477949, 0.07026268121343539, 0.0797290910362514, 0.07946034087373555, 0.08148864344663677, 0.07167862352381085], [0.07493637067910333, 0.07284848975710717, 0.08179286765205902, 0.0707418549204677, 0.07923737068212869, 0.07413346517809437, 0.08046706751646288, 0.08290608765846967, 0.07030116700472346, 0.0798628698757637, 0.0796102776886182, 0.08146683142400102, 0.07169527996300074], [0.07499344620971596, 0.07278061017255072, 0.08151337931703632, 0.07072631972719012, 0.07906135825509338, 0.07414414708334661, 0.08051740169479986, 0.08319064659124158, 0.07025170167209674, 0.07998812158760972, 0.07974823651946006, 0.08144314814624706, 0.07164148302361174], [0.07501518919194379, 0.07273954364233882, 0.08138268664303579, 0.07069818295897283, 0.07899589324683658, 0.07414299283580938, 0.08055564692324138, 0.08333333333333333, 0.0702075616107872, 0.08005950444738355, 0.07982414970407485, 0.0814434976683775, 0.07160181779386499], [0.07509358376538029, 0.07273328846204108, 0.08118510033664053, 0.07072473826219228, 0.07895054320123618, 0.07419067158456036, 0.08061870973398176, 0.08311421552156133, 0.07021199609225913, 0.08018211091721521, 0.07995633131071825, 0.08143395071742844, 0.07160476009478516], [0.07515845877819778, 0.07270627536980825, 0.08097116588882258, 0.07072999877875609, 0.07888573435080655, 0.07422200119722784, 0.08066398729635302, 0.08311125332086217, 0.07019334700266101, 0.08029532198749587, 0.08008080392580214, 0.08139548068152005, 0.07158617142168663], [0.07527182749157997, 0.07269824131773533, 0.08065616696245244, 0.07080519249636273, 0.07874755850297638, 0.07428975393337402, 0.08065189032735125, 0.08316637331058115, 0.07023392743153674, 0.08040527872167555, 0.08021680667305216, 0.08125003312862934, 0.07160694970269295], [0.07539415678387686, 0.07270113545462882, 0.08035449463083141, 0.07087030979323476, 0.07864184870744391, 0.07436815546275323, 0.08066700653313291, 0.08306049375038502, 0.0702669941041645, 0.0805410894931287, 0.08037742923688371, 0.08112653111094514, 0.07163035493859103], [0.07524256692763358, 0.07262422758485652, 0.08059982366000847, 0.07067264101165786, 0.07878413786600849, 0.07424632162424943, 0.08075582583204555, 0.08333333333333333, 0.0700954660754456, 0.08050531851510488, 0.08030765183870274, 0.08132761125371757, 0.0715050744772359], [0.07453496088649103, 0.07393842150251066, 0.08303827608672316, 0.0701387852087857, 0.08310193744804734, 0.07435454014786595, 0.08010989610706358, 0.0801422154424134, 0.07015893115104482, 0.07882857874535174, 0.07843027900176495, 0.08106062350895799, 0.0721625547629798], [0.07450866448532051, 0.07377568848349787, 0.0829929664437809, 0.07002236772302854, 0.08291234995642884, 0.07427653356489525, 0.08028840369343015, 0.08036211394632134, 0.07000790363603815, 0.07897764913003631, 0.07857117831377473, 0.08129481380850281, 0.07200936681494455], [0.07485137986934152, 0.07406071906991177, 0.0820630144077875, 0.07001121856044833, 0.08307942046226344, 0.07464125955487967, 0.08051270980646053, 0.07949588106155422, 0.06999654460041405, 0.07925047155121329, 0.078842077700718, 0.08103091317761736, 0.07216439017739035], [0.07467798235348241, 0.07387144220853624, 0.08258676209653969, 0.06996693948721296, 0.0827511630625267, 0.07444048603616404, 0.08050740203249111, 0.07997958550404818, 0.0699420337293837, 0.07919252926613846, 0.07877841562910685, 0.08127006599301098, 0.0720351926013586], [0.07440862981241736, 0.0733033029787583, 0.08292353602928028, 0.06989107762102524, 0.08194639316402952, 0.07401748616360872, 0.08060524720775543, 0.08139839812298415, 0.06977048155655972, 0.0792802677863427, 0.078870865578461, 0.081927935776047, 0.0716563782027305], [0.07443056265745769, 0.0734563762664085, 0.08333333333333333, 0.06977123533889198, 0.08248700800104243, 0.07410695137244053, 0.0805838570899456, 0.08071725639471292, 0.06969601060952521, 0.07921991321961103, 0.07879839047127954, 0.0816981707164657, 0.07170093452888553], [0.07496276214023136, 0.07411660051435942, 0.08168419984017891, 0.06997432083439716, 0.08333333333333331, 0.0747494940194905, 0.08064029277276907, 0.07916976204945662, 0.06995104806790152, 0.07933680659204083, 0.07893211484231955, 0.08097155069462152, 0.0721777142989001], [0.07522849949277774, 0.0742159525822751, 0.08114095494322805, 0.07002868863982861, 0.0827567807660702, 0.07497887979315285, 0.08094750226819752, 0.07877913645318611, 0.06997038073729807, 0.07958239380625966, 0.07918977116233748, 0.08093020069660553, 0.07225085865878307], [0.07593772517288253, 0.07495236919971311, 0.07975299202871743, 0.07055499792248858, 0.0828270024974911, 0.07577506932531963, 0.08075121284409445, 0.07743420241578176, 0.07051318460380081, 0.07942130681943911, 0.07920097150510975, 0.0799668501267214, 0.07291211553844039], [0.0758232492474708, 0.07506931670984614, 0.07998975118560478, 0.07064076299182155, 0.08282935645808838, 0.07573199635427873, 0.08055054103860788, 0.0775713226366642, 0.07064983428113726, 0.07921950219272458, 0.07894519867540402, 0.07995330050818221, 0.07302586772016949], [0.07478207206174377, 0.07243254369065912, 0.08089101752237914, 0.06936679300289529, 0.08034089806336041, 0.07393969149482729, 0.08233923007033003, 0.08147228452125864, 0.06893537175957315, 0.08102828723912205, 0.08057437976936356, 0.08304267579911184, 0.0708547550053759], [0.07472699698879305, 0.07244300779530276, 0.08111430000782427, 0.06949296685427925, 0.08021808698605207, 0.07389730370658357, 0.08200318968130786, 0.08187074078769561, 0.06906748509919679, 0.08081105056491411, 0.08038532636814459, 0.08305263678714675, 0.07091690837275928], [0.07463010003439452, 0.0724807291642843, 0.08140960407720563, 0.06947494838980013, 0.0803540976787802, 0.07384928967395592, 0.0818435700514255, 0.0818410209583406, 0.06908361116067585, 0.08059420975147656, 0.08016748784730496, 0.08333333333333334, 0.07093799787902262], [0.074587266447382, 0.07255694656414098, 0.0817049324569592, 0.06955547965669749, 0.0804080993677346, 0.07384700070547126, 0.08164502432862489, 0.08202500552337823, 0.06919121774587966, 0.08039909178699328, 0.07998061885338446, 0.08307623080321953, 0.0710230857601342], [0.0745166123286771, 0.07264932399066741, 0.0819844948561914, 0.0694952875320627, 0.08071258173909254, 0.07384276367508318, 0.08157578359682092, 0.08193060323582822, 0.0691789468150062, 0.08023124748316174, 0.07979922083702295, 0.08302271934502362, 0.07106041456536205], [0.07448704493098085, 0.07272345315874891, 0.08207798661396572, 0.06941418811710114, 0.08101211563765652, 0.07386043476665707, 0.08157985248335135, 0.08163101000968188, 0.06913194579731245, 0.08015769045583243, 0.07971200456503932, 0.08313734640530547, 0.07107492705836707], [0.07460466975140859, 0.072823985438143, 0.08178194826898236, 0.06935851447160118, 0.08132721144589151, 0.07398876030671166, 0.08183093607546821, 0.0810557871185259, 0.06908315562981955, 0.08032853881760307, 0.07986439482168685, 0.08284256644247405, 0.07110953141168407], [0.07478131066578517, 0.07271456525677576, 0.08114476867070579, 0.06922563264058194, 0.08114696109868144, 0.0740745408464461, 0.08238907037396809, 0.08048246116862821, 0.06888805407237113, 0.08081667330079932, 0.08033027820567773, 0.0830301311180322, 0.07097555258154714], [0.07485294918595055, 0.07252078632767589, 0.0806824282073382, 0.06920286064505232, 0.08067720269562696, 0.07404053969742426, 0.08275416091828428, 0.08073409334490222, 0.06879440928534507, 0.0811747740527013, 0.08068248041523664, 0.08304374712580881, 0.07083956809865355], [0.07482555695518786, 0.07240341067699532, 0.08059736699764697, 0.06920764844824617, 0.08043231684295371, 0.0739698657597749, 0.0826924907641212, 0.08102459305164084, 0.06876969716259393, 0.08122937876957709, 0.08074664904902197, 0.08333333333333336, 0.07076769218890691], [0.07471707089665558, 0.07247519490200155, 0.08103395536563585, 0.06926823839635513, 0.08059821085241448, 0.0739219292538055, 0.082362964663277, 0.08121397723748225, 0.06887078836022141, 0.08091502280902942, 0.0804459656894751, 0.08333333333333333, 0.07084334824031344], [0.07473216967157294, 0.07246866430747066, 0.08109363617390579, 0.06939675348082511, 0.08040893356537009, 0.07391903196750055, 0.08219700971330178, 0.08155177024776743, 0.0689849226650113, 0.08087811405574898, 0.08042983604284609, 0.08304656250328914, 0.07089259560539003], [0.07459459567372331, 0.07255952625875646, 0.08154409178579339, 0.06935006312149886, 0.08072909460023062, 0.07386832814348167, 0.08195946929859084, 0.0814820327111742, 0.06899905587262463, 0.08054787576380375, 0.0800951935181269, 0.08333333333333333, 0.07093733991886196], [0.07466661991572292, 0.07267107348958708, 0.08138795326935666, 0.06931018207020248, 0.08102067932330918, 0.07396895040410731, 0.08213099861675686, 0.08105006224739338, 0.06897920138821607, 0.08061965588837958, 0.0801494825878731, 0.08305671129934912, 0.0709884294997463], [0.07466704626543536, 0.07261274085057168, 0.081376993605653, 0.0693324245159128, 0.08085576873790959, 0.07394205005477411, 0.08214021639966698, 0.08118920091050079, 0.06898255515912448, 0.08066548005938147, 0.08020052443098477, 0.0830744669021119, 0.070960532107973], [0.07471898228546556, 0.07259140645695646, 0.08110363790295438, 0.06921746438757466, 0.08092475100071456, 0.07397822568309431, 0.08238384598715023, 0.08081244815994047, 0.06885768331627021, 0.08083195892004606, 0.08035013093245369, 0.08333333333333336, 0.07089613163404627], [0.07462683577348865, 0.07254769699980905, 0.08150355895695693, 0.06942687998304053, 0.08058184604362198, 0.07387919276786406, 0.08192977409327722, 0.08160985446931296, 0.06905992933438734, 0.08058015710117288, 0.0801376325643498, 0.08315591156980208, 0.07096073034291658], [0.07451272813796526, 0.07264439055318674, 0.08186939149655993, 0.06935875541195614, 0.0809218563190006, 0.07384838657914602, 0.08173295671771251, 0.08157147878311952, 0.06905075227750397, 0.08030348485334415, 0.07985310362377934, 0.08333333333333333, 0.07099938191339236], [0.07459238736023732, 0.07274535417030034, 0.08169961067788063, 0.06935229789593896, 0.0811568553817003, 0.07394676457147725, 0.08187220754336236, 0.08120993457168459, 0.0690569203859554, 0.08038311572469008, 0.07992098804974815, 0.08300631709966569, 0.07105724656735891], [0.07472807029721781, 0.07278159727597705, 0.08138109091322414, 0.06925545609580935, 0.0813065723302307, 0.07406452266881618, 0.08218752667974266, 0.0805835952223046, 0.0689470601398056, 0.0806347209149518, 0.0801543455356637, 0.082942319976244, 0.07103312195001245], [0.0746627485501912, 0.07287490314222578, 0.08170770238855052, 0.06932519828795583, 0.0814723629999961, 0.07405394306611948, 0.08191780297924807, 0.08074962076450223, 0.06905392498041757, 0.08039455859389638, 0.07992377425343802, 0.08273835006684264, 0.07112510992661628], [0.07455526447787006, 0.07261465799876786, 0.08180742853175231, 0.0694560135064695, 0.08069900678638603, 0.07385709002740924, 0.08172210199770133, 0.08178759804030876, 0.06912317556840987, 0.08036252525054788, 0.07992440428943719, 0.08307123373832867, 0.07101949978661118], [0.07451643802878283, 0.07277859440010787, 0.08199833178126863, 0.06939469129109191, 0.08117309939353382, 0.07390567847579382, 0.08163696846332599, 0.08141222723191331, 0.06912341725590498, 0.08018026565955125, 0.07972755010971204, 0.08305237183828967, 0.07110036607072383], [0.0745623910995341, 0.07288932670878935, 0.08199499232095887, 0.06939785011976263, 0.08142357307922271, 0.07398469453741648, 0.08165118552669423, 0.08110955711651736, 0.06914864814394912, 0.08016658098726392, 0.07970815963020549, 0.08279290415606741, 0.07117013657361836], [0.07522913807389381, 0.07235812937438407, 0.07971114805443154, 0.06950839557415013, 0.07975244983056257, 0.07419927371956538, 0.08254001494588106, 0.08106225683422012, 0.06894893692146939, 0.08193224730676946, 0.08148216685201973, 0.08242574586146621, 0.07085009665118652], [0.07514937225986626, 0.07236977518084892, 0.07982048130922417, 0.06935323129191666, 0.07999405051709065, 0.07416347507335176, 0.08283456575136312, 0.08083298345508451, 0.06882618225654775, 0.08186261973157612, 0.08137651421005992, 0.08262104440225622, 0.07079570456081369], [0.07507028540495482, 0.07244930762861776, 0.08005708818960604, 0.06916898416567167, 0.08041649007297859, 0.07416163855343798, 0.08333333333333333, 0.08036847969720019, 0.06869615132374912, 0.08167843122038805, 0.0811671125568712, 0.082660259822781, 0.07077243803041013], [0.07527574587908845, 0.07274433786697312, 0.07999217465770118, 0.06928467032583838, 0.08083771689638278, 0.07442525752251317, 0.08291030085534587, 0.07975027263338746, 0.0688478963191374, 0.0816258831202506, 0.0811306429028663, 0.08217280790826709, 0.07100229311224811], [0.07588022816010662, 0.07297197957899249, 0.07895629149307082, 0.06958521199642914, 0.080591518028417, 0.07492001520347333, 0.08290406778385531, 0.07894956830426274, 0.06907204199739587, 0.08203679591125544, 0.08165734459864198, 0.08121701012803406, 0.07125792681606533], [0.07613249164159576, 0.07277530659976014, 0.07830818463286905, 0.06976393810175642, 0.07985223904612822, 0.07498289413945318, 0.08264620108215828, 0.07919316809634305, 0.06913051501479396, 0.08268936013106429, 0.08241030244344118, 0.08091293120823086, 0.07120246786240561], [0.07594360283383376, 0.07240809454863407, 0.07818986128416146, 0.06966016852575473, 0.07937525534379926, 0.07469474701114266, 0.08289908910188867, 0.07979518372337452, 0.06896101222459164, 0.08333333333333333, 0.08279629888426747, 0.08101447401866982, 0.0709288791665485], [0.07570305080708667, 0.07233611019026272, 0.07859601151214216, 0.06968546940335422, 0.07934698414586287, 0.07449602459055041, 0.08282960562010011, 0.0805096341482462, 0.06900860865601181, 0.08276338811510046, 0.08237710395171685, 0.08145090521452918, 0.07089710364503633], [0.07537304147717795, 0.07236251612469705, 0.07938206898799541, 0.06956702091943447, 0.07966163627313118, 0.07429391903471844, 0.08249455107084727, 0.08092471644668256, 0.06897456492621469, 0.0821919645671632, 0.08174570615863118, 0.08215531769937383, 0.07087297631393259], [0.07525461845152571, 0.07238385513798427, 0.07961032437303266, 0.06940249371105744, 0.07994299381867971, 0.07423713033283628, 0.08275817965070184, 0.08070618756856658, 0.06885414791717256, 0.0820469809007731, 0.081557296989375, 0.08242382426960879, 0.07082196687868601], [0.07523338716202449, 0.07244502700944594, 0.07971345263912699, 0.06926073998374722, 0.08025612675757836, 0.07426314247036322, 0.08313079555062725, 0.0802964123988973, 0.06874620588228275, 0.08198347659785296, 0.08146762432560688, 0.08240062550612781, 0.07080298371631878], [0.07523292543646583, 0.07249753487500611, 0.07976105583598105, 0.06921295705450556, 0.08042449668297925, 0.07429122090434927, 0.08333333333333334, 0.08008450952743493, 0.06871773998566302, 0.08190876039219475, 0.08139267718265032, 0.08232608525366211, 0.07081670353577453], [0.07541370222879501, 0.07256016881200579, 0.07944579457887067, 0.06927945914933673, 0.08040142762478096, 0.07443798585877687, 0.08333333333333331, 0.07977919585862352, 0.0687611839366865, 0.08211889428399222, 0.08160958197366548, 0.0819797451872573, 0.07087952717387548], [0.07549373968287244, 0.07238789530645307, 0.07909981046781248, 0.0694445576564213, 0.0798237663922653, 0.07439858840564381, 0.08291389262284098, 0.08032595592783683, 0.0688456716505335, 0.08251926770142295, 0.08200631942666729, 0.08190470389893903, 0.070835830860291], [0.07568449949704935, 0.07237141015970691, 0.07864574000799122, 0.0694540296615713, 0.07967687094223054, 0.07452113927565786, 