[[0.07274580933689845, 0.07434409855105185, 0.06917331354890709, 0.08059928749746888, 0.07530698764938511, 0.07082639409277543, 0.07001504797564087, 0.08127068540700971, 0.08085887013025032, 0.0797360144354083, 0.08290551543574491, 0.08184045987742192, 0.08037751606203714], [0.0727289512538394, 0.07424613706208795, 0.06911790853454781, 0.08037707287518835, 0.07516335820703102, 0.07074796848464705, 0.06997424812186394, 0.08119377655683359, 0.08065385647409017, 0.08000807078124618, 0.08315811296715372, 0.08196519251246977, 0.08066534616900115], [0.07274843037483442, 0.07416286971112611, 0.06911337831113597, 0.08011023437985204, 0.07502261266008907, 0.07070778602722866, 0.06998188710096229, 0.08105890638505618, 0.08040040382929532, 0.08032912686909552, 0.08333333333333333, 0.08202833344399743, 0.08100269757399362], [0.0728048021780698, 0.07413132341565232, 0.06913188386257656, 0.07992552310016911, 0.07493975863266593, 0.07070026962664398, 0.07001714679947456, 0.08097740206800338, 0.08022778129120706, 0.08061437194997163, 0.08316486071987578, 0.08206908670635757, 0.08129578964933254], [0.07288327986664518, 0.07410396498318582, 0.06919110351108156, 0.0796933401274535, 0.07485179741225026, 0.07071897784096046, 0.07008678545961325, 0.08083012667038043, 0.08000356177992399, 0.08092763370601867, 0.08306754087416966, 0.08200485692442659, 0.08163703084389065], [0.07293579853310338, 0.07408614569550008, 0.06918831399171406, 0.0795621873922395, 0.07479116805820943, 0.07069906260956677, 0.07010248465720655, 0.08077273671053599, 0.07988248563383028, 0.08117181602574396, 0.0829066775702439, 0.08198823901908737, 0.08191288410301864], [0.072917460051302, 0.07398213337904636, 0.06898051360054226, 0.07938623102028754, 0.07463008138079219, 0.07050178179282189, 0.06995122307798687, 0.08074270470624312, 0.0797311624224269, 0.0815683062436297, 0.08333333333333333, 0.08200493477306307, 0.08227013421852476], [0.07303117274494471, 0.07399002800235771, 0.06896139348106319, 0.07922142537580412, 0.07456941593641683, 0.07047007546521185, 0.06997482539237398, 0.08067748200938332, 0.07958115578019238, 0.08199352777792636, 0.08290009055443041, 0.0819311283257418, 0.08269827915415345], [0.07309505285974935, 0.07398517964928807, 0.0688138671770466, 0.07914206447327213, 0.07451164644818598, 0.07034636327036473, 0.06989044603989987, 0.0807145428684542, 0.07952243300149084, 0.08237867535474475, 0.0824644278320071, 0.08207665186576593, 0.08305864915973052], [0.07335896497692192, 0.07412660475734989, 0.06886523593264585, 0.07903207327768977, 0.07456350180666382, 0.07039729890553688, 0.07000796949832039, 0.08069185272264404, 0.07942616124443938, 0.08281424588521803, 0.08184480463240856, 0.08205704047494339, 0.08281424588521803], [0.07374024899671287, 0.07439206137642546, 0.06907060000763594, 0.07898526800581614, 0.07473793644858535, 0.07058372826421472, 0.070258134086757, 0.08067581395635502, 0.07938378030254507, 0.08291022854251008, 0.08121131386800416, 0.08188519954409196, 0.0821656866003463], [0.07407696867718998, 0.07460386144410353, 0.06933144004867876, 0.07884726009717197, 0.07486373774336776, 0.07079953976040188, 0.07053722551310432, 0.08050065359930497, 0.07923755335524565, 0.08317707328128579, 0.08075235396349949, 0.08155067641337929, 0.08172165610326665], [0.07437366178450824, 0.07486376943452044, 0.0694561930364025, 0.0789037715907587, 0.07507305416098264, 0.07094483546055064, 0.07070766582204027, 0.08053201444996533, 0.07929172372504655, 0.08307899298591584, 0.08026002733122155, 0.08134669770730082, 0.0811675925107865], [0.07457941253341077, 0.07505824085610957, 0.06953646973699121, 0.07895178093936138, 0.07523655004419284, 0.07104755222727155, 0.07082176384576813, 0.08053831153675027, 0.07933466358494996, 0.0830865310626516, 0.07989632910467484, 0.08115480318276615, 0.08075759134510166], [0.07475486181537772, 0.07528169856428184, 0.06954737681217851, 0.07908956177587298, 0.07545174018803215, 0.07111740541060348, 0.07087866080304675, 0.08066457395898707, 0.07946557908979553, 0.08299158795905925, 0.07947034073850637, 0.08103327334663363, 0.08025333953762478], [0.07480675346931084, 0.07542904745007399, 0.06948612819413331, 0.07927340419123592, 0.07562454930550239, 0.07112519841621404, 0.0708512087949653, 0.08089686259074096, 0.07964380622360455, 0.08276764884737667, 0.07918111746799691, 0.0810301865929989, 0.07988408845584628], [0.07485365352369196, 0.07560973125630792, 0.06939223854762334, 0.07947515277754451, 0.0758414876473244, 0.07112312066307952, 0.07080080132617021, 0.08113520923405591, 0.07983038774332502, 0.08292122249310743, 0.07874977097261016, 0.08090927053074864, 0.07935795328441107], [0.07476338198052289, 0.07574252360274782, 0.06922436197576154, 0.07981123967391059, 0.0760683060749762, 0.0710732497828179, 0.07066393662992765, 0.08147569063202936, 0.08014764069559417, 0.08293697786980753, 0.07838957305540187, 0.08083262547722188, 0.07887049254928045], [0.07277834283105399, 0.07445826536504105, 0.06938921429617906, 0.08071179905187904, 0.07547567635877783, 0.07102852921555108, 0.07017251264026968, 0.08111268257355933, 0.08091950155028042, 0.07937065666044135, 0.08308372546667656, 0.08149388325394505, 0.08000521073634567], [0.07278892418499497, 0.07436391626483699, 0.06935025908914293, 0.08047061398844538, 0.07532101623102898, 0.07095896220435503, 0.07015262050923322, 0.08108127942549181, 0.0807084400050827, 0.07972251098899821, 0.08301467152201021, 0.08169453043413552, 0.08037225515224385], [0.07277474972327018, 0.07429182422346049, 0.0693054095760235, 0.08031594891741625, 0.07521607786250678, 0.0708983685036665, 0.07011921681895207, 0.08103011065848074, 0.08056753935754864, 0.07991198948890703, 0.08322527903748911, 0.08177169656905335, 0.08057178926322511], [0.07278997005539524, 0.07418314303226908, 0.06920527232024073, 0.0800522551391575, 0.07503314548577517, 0.07077761437866166, 0.07006012508792354, 0.08098583566199809, 0.08033623749269954, 0.08035536978189693, 0.08322636678696425, 0.08196463328741127, 0.0810300314896071], [0.07274866343576568, 0.07424766579417383, 0.06922174445498147, 0.08028222826047461, 0.07515951839827274, 0.07082241888694733, 0.07005346501361331, 0.08106038950086877, 0.08054593982770947, 0.0800039867022338, 0.08333333333333334, 0.08185340282358, 0.08066724356804572], [0.07282896473151508, 0.07412014585770785, 0.06919862224453285, 0.07981535179724447, 0.07491129437976674, 0.07074139538847975, 0.07007318801977716, 0.08086307545551515, 0.08011277395659834, 0.08067421108482713, 0.08333333333333333, 0.08196956031448845, 0.08135808343621367], [0.07292344032538314, 0.07413266465074456, 0.06931965865528641, 0.07964109090359522, 0.07487826144073123, 0.07082048071404103, 0.07019092095530458, 0.0807261477549216, 0.07993913890879563, 0.08087468477526467, 0.08304414862464976, 0.0818697282826735, 0.08163963400860862], [0.0729491330545108, 0.07408091637946604, 0.06920794652884435, 0.07951468258184939, 0.07477591257502265, 0.0707090422874598, 0.07012106716340671, 0.08072894380333878, 0.07983441000745148, 0.08121261539282382, 0.08294147608244846, 0.08194366055830096, 0.08198019358507672], [0.072983905614799, 0.07401533647471156, 0.06919524831192382, 0.07926830315960284, 0.07465245161119219, 0.07066481028549364, 0.07012574490707472, 0.08054368150236758, 0.07959450107529392, 0.08149200908321225, 0.08333333333333333, 0.08176089589698905, 0.08236977874400608], [0.07309961431903046, 0.07402266751752778, 0.06915185522052489, 0.079117932259644, 0.07458862705126647, 0.07061421232567244, 0.07013282745152329, 0.08050982715613621, 0.07946295060863975, 0.08194852870415228, 0.08285041708143086, 0.08171552364735175, 0.08278501665709971], [0.07314109645583294, 0.07401136546154333, 0.06902371174674743, 0.07906232312220324, 0.07453708271349103, 0.0705062180851424, 0.0700552184808462, 0.0805495477095411, 0.07942475313360395, 0.08228060030441418, 0.08259790648353156, 0.08184442534666493, 0.08296575095643764], [0.07319637423127105, 0.07400583010827985, 0.06890942326395039, 0.0789802480844053, 0.07448606632310278, 0.07040896702584905, 0.06999189009377373, 0.08054894154971869, 0.07935726886823728, 0.0826218236588273, 0.08225943355506066, 0.08190039990419073, 0.08333333333333334], [0.0733767423552994, 0.07410883883984813, 0.06897354122453889, 0.07891970302204461, 0.07453356540796724, 0.0704669844603151, 0.07009161637987733, 0.08053397399867634, 0.07930375422501995, 0.08295575403390361, 0.08189985370609856, 0.0818801875525813, 0.08295548479382964], [0.07350559951651947, 0.07418699875211579, 0.0690478461865921, 0.07887812274867975, 0.07457594338239097, 0.07052800496296736, 0.0701794569515383, 0.0805071015226108, 0.07926403037303258, 0.08309403386801467, 0.0816800638979792, 0.08182511925937612, 0.0827276785781829], [0.07368191306937241, 0.07429236960122391, 0.06915540641801174, 0.07880902673707822, 0.0746317974423098, 0.07061558694008423, 0.07030401298194082, 0.08044592921582648, 0.07919541258370971, 0.08333333333333333, 0.08138395257126284, 0.08170532285874083, 0.0824459362471056], [0.07390401291132011, 0.07446614975979168, 0.06929347163048807, 0.0788321760627963, 0.07476413499521714, 0.07074807587110359, 0.07046395010625316, 0.08047627018540211, 0.07921965838708879, 0.08299112665561145, 0.08109331288034687, 0.08164811451583895, 0.08209954603874188], [0.07433873867107668, 0.07473610946053381, 0.06964228326410868, 0.07864520989627097, 0.07492299166400727, 0.07103502176387291, 0.07083342538069522, 0.08023402262043854, 0.07902060115176021, 0.08333333333333333, 0.0805075538319862, 0.0812221604359599, 0.08152854852595633], [0.07459275979465861, 0.07496629440974534, 0.06974841583329595, 0.07871850191259418, 0.07511418965776245, 0.07116322383540938, 0.07097890683254253, 0.08028754553061188, 0.07909217336922016, 0.08302131606668715, 0.08013460905388323, 0.08109983186054448, 0.08108223184304471], [0.07403526346872599, 0.07459532205981426, 0.0692235927601354, 0.07891259509619762, 0.07486755693138523, 0.07072345790977981, 0.07044737498772605, 0.08058887103231392, 0.07930868073013496, 0.08333333333333333, 0.08070564291732371, 0.0816114883865148, 0.08164682038661492], [0.07478451434574704, 0.0751264178627401, 0.06984028839864673, 0.07871805404152651, 0.07523780730776448, 0.07126272816538727, 0.07109714503112843, 0.08025134261172193, 0.07908640907470019, 0.0830827800880974, 0.07983270290655377, 0.08092736395629187, 0.08075244620969424], [0.07502271611894717, 0.07537068719293821, 0.06990384927631109, 0.0787930649723278, 0.07545029418140406, 0.071368807768626, 0.07120798180772575, 0.08030643488059556, 0.07915302082056301, 0.08307378798971714, 0.07938941589731115, 0.08071074416728351, 0.0802491949262495], [0.07502318816322621, 0.07543513077959987, 0.06977561305290454, 0.07889472494584487, 0.07552819261456008, 0.07130024611096715, 0.07111549546112135, 0.08045524068477292, 0.07925429887011806, 0.08333333333333334, 0.07917490381719858, 0.08072116091407572, 0.07998847125227745], [0.07513770089396661, 0.07565394356025941, 0.06976869321140917, 0.07909929735523309, 0.07576912706942826, 0.07136745500437536, 0.07114508632154391, 0.0806961377954192, 0.07944754183745306, 0.08280596732609252, 0.07884336536354582, 0.08069477497053042, 0.0795709092907433], [0.07529130942105912, 0.07587572270918234, 0.06980055953257037, 0.07918171902288898, 0.07598960857096686, 0.07145601682298493, 0.07121326834825929, 0.08077922820464675, 0.07950918422229578, 0.08287995485782192, 0.07842782554970394, 0.080500174390236, 0.07909542834738392], [0.07505587877223575, 0.07584346508074771, 0.06948011975521017, 0.07946030898581032, 0.07605280660308122, 0.071247981896786, 0.07092261405028147, 0.08109063517455493, 0.07978657933571978, 0.08333333333333336, 0.07828195426332996, 0.0805857549114316, 0.07885856783747794], [0.07280384735424521, 0.07445811633439822, 0.06953640471570326, 0.08055995174419578, 0.07546777753755353, 0.07113375620181295, 0.07028365185656002, 0.08093008537354297, 0.08074995494556174, 0.07936429878638679, 0.08333333333333333, 0.08137294428551319, 0.08000587753119295], [0.07282466600590953, 0.0743201573590364, 0.06948381913934915, 0.08020169114083424, 0.075238413643803, 0.07103427907264266, 0.07026012536765017, 0.08085549262471298, 0.08043402479037755, 0.07987459320229824, 0.08333333333333333, 0.08160417712049202, 0.08053522719956072], [0.07283701502666833, 0.0743878949878505, 0.06952663695006178, 0.08034467602497106, 0.07533773770387696, 0.07109197438050172, 0.07029151005223282, 0.08090323963448066, 0.08056332556924227, 0.07969949044092431, 0.08312053514050913, 0.08154370261559415, 0.08035226147308608], [0.07282738505117509, 0.07428105366957052, 0.06939341235328482, 0.08015660114537038, 0.07517136089805113, 0.07095086508466283, 0.07020007621456185, 0.0809229294627489, 0.08041031105335321, 0.08006983472179943, 0.08312158627896292, 0.08175957453449302, 0.08073500953196583], [0.07289291378018888, 0.07428706228630004, 0.06953804841239893, 0.0799871949423712, 0.07514741651765526, 0.07105009346597216, 0.07032448855683507, 0.08076400017003053, 0.08023483990629746, 0.08016739011895958, 0.08310353118491572, 0.08165543429191144, 0.08084758636616374], [0.07292008480506687, 0.074216457508538, 0.0694741153707218, 0.0797929677232757, 0.07501802136891808, 0.07096994207494843, 0.07029378777582515, 0.08071645893102776, 0.08006331479996075, 0.08050383717625204, 0.08304571507282243, 0.08174189424960704, 0.08124340314303577], [0.07288155141545621, 0.07425378683326082, 0.0694409946596557, 0.07997588607637753, 0.07509794834521753, 0.07096653685608537, 0.07025444497976906, 0.08083096323500741, 0.08023934927672477, 0.08030264399813894, 0.08300536325545434, 0.08177803504420775, 0.08097249602464467], [0.07298443030965882, 0.07418428026459521, 0.06950906181811177, 0.07958614264218714, 0.07493011152351961, 0.07097311429396994, 0.07034412757089994, 0.08059502557785081, 0.07986661797301843, 0.08077088565186634, 0.08297445078281349, 0.08169137216591577, 0.0815903794255929], [0.07300061677066481, 0.07414498321506728, 0.06949354551822062, 0.07945685579127044, 0.07485848576812808, 0.07094173683558505, 0.07034017054630376, 0.08051650453501433, 0.07974407264597455, 0.08092683746986049, 0.08313605257993124, 0.08164382884961019, 0.08179630947436907], [0.07302449681989717, 0.07412342666257346, 0.06945761670305921, 0.07938098284377389, 0.0748083649498961, 0.0709007248849908, 0.07032308417383593, 0.08050022448993613, 0.07967802971957742, 0.08109970261106748, 0.0830542093196548, 0.08165605053751573, 0.08199308628422185], [0.07308822969387263, 0.0741061609282675, 0.0694831730123528, 0.07921827214560831, 0.07474332720292846, 0.07090030324229142, 0.07036316333019511, 0.08039243607701146, 0.07952215545169958, 0.08131806141664354, 0.08302546136439788, 0.08155677977827229, 0.08228247635645913], [0.07312832160001408, 0.07405293132928016, 0.06934532951589362, 0.07906844725763505, 0.0746286837397248, 0.07076671013608653, 0.07027990714663447, 0.08036802952621609, 0.07939427094612612, 0.08172872108939594, 0.08295811052140933, 0.08154686881603306, 0.08273366837555055], [0.0731667231303814, 0.0740473273400305, 0.06930043868176351, 0.07900869611871483, 0.07459348607327876, 0.07072377742935378, 0.07026080687705474, 0.08036104828933888, 0.07934368082307598, 0.08193063179023889, 0.08278565954707946, 0.08154119339212658, 0.08293653050756274], [0.07317948613051507, 0.07404054205552571, 0.06924795559419712, 0.07898994690635149, 0.07457195325219423, 0.07067937840133111, 0.07022772039036725, 0.08037926195671478, 0.07933186085495177, 0.0820601797345972, 0.08268117481596358, 0.08159355546121001, 0.08301698444608085], [0.0732832088558543, 0.07407053089243688, 0.06922354006387699, 0.07890543984447099, 0.07455148891356425, 0.07065557643167197, 0.07024367789053566, 0.08036440642300563, 0.07925911367417987, 0.08240268921606983, 0.08237307782135188, 0.08163671953073469, 0.08303053044224705], [0.07334416529843944, 0.07406971798838972, 0.06912794419889194, 0.07882173684500422, 0.07450576299924401, 0.07057353598957453, 0.07019554570109704, 0.08034982573250352, 0.07918796466580812, 0.08274748423179533, 0.08208285419879237, 0.08166012881712637, 0.08333333333333333], [0.07347714103781616, 0.0741427921907242, 0.06917724808755041, 0.0787719437729437, 0.07453655842492381, 0.07061294642932046, 0.0702670310835978, 0.08033242525717076, 0.07914333147671257, 0.08303206963548676, 0.0818279495392225, 0.08163769000660175, 0.08304087305792913], [0.07382338390223109, 0.07435608149154294, 0.0694528560204042, 0.07865576223246827, 0.07466190861275758, 0.07083712589074755, 0.0705595428854259, 0.08022016311933798, 0.07902532085117303, 0.08307206856658225, 0.08135384566501092, 0.08144901173601297, 0.0825329290263054], [0.07413910030020704, 0.07456268034236052, 0.06971316129245406, 0.07857199828963683, 0.07479510918065205, 0.07105521088507263, 0.07083340872248421, 0.08012077559929419, 0.07893695281768927, 0.082945547642141, 0.08096384202941201, 0.08125559274231944, 0.08210662015627683], [0.07437378424011416, 0.07474435601302823, 0.06974388267559516, 0.07859166715036334, 0.07492221209872639, 0.07110767200160949, 0.07091725683954049, 0.08015952306943464, 0.07896176373999117, 0.08318422342802051, 0.08053708972829203, 0.08116475881558546, 0.0815918101996988], [0.07412578927752801, 0.07457955817510002, 0.06951606649207889, 0.07866735383669926, 0.07481253606437703, 0.07091666192966846, 0.07068480858742517, 0.08027054537148771, 0.07904525663419268, 0.08333333333333333, 0.08081048252250432, 0.08136468302899029, 0.0818729247466147], [0.07393701657504533, 0.07444386136142864, 0.06947783892258591, 0.07867734394144113, 0.07472478320335527, 0.0708696611586029, 0.0706075997149907, 0.08026281334825287, 0.07905118316462123, 0.08302127081051429, 0.08117084341467977, 0.08145446786581914, 0.08230131651866283], [0.07359879592122148, 0.07421577488233842, 0.06919602184930529, 0.07874488285016469, 0.07457173953377932, 0.07063099008425022, 0.07031204251074459, 0.08033917671468002, 0.07912234922662247, 0.08333333333333331, 0.08157386368449317, 0.08162438940904417, 0.08273664000002266], [0.07409526149196499, 0.0745546353750479, 0.0695287956041918, 0.07866042156964109, 0.07479556792624845, 0.07092200337016634, 0.07068622990208225, 0.08025682140686813, 0.07903661881480677, 0.08322771803752589, 0.08088928183412286, 0.08137476904763156, 0.0819718756197019], [0.0739970138908566, 0.07453436410120638, 0.06933404518642221, 0.07882534513758901, 0.07481088714985143, 0.07078832188002737, 0.07051807931210312, 0.08047078834175714, 0.07921324002962879, 0.08305567887078735, 0.0809342796811717, 0.08159031766000752, 0.08192763875859138], [0.07451445351769535, 0.07485929226622941, 0.06977258339702598, 0.07860356583895087, 0.07500715691782005, 0.07115002594595433, 0.07097527632389808, 0.08016752092199352, 0.07897411553427444, 0.08333333333333336, 0.08028206517865072, 0.08107543613214513, 0.08128517469202902], [0.0747268957994735, 0.0750400572267327, 0.06990502021281918, 0.07863181764175584, 0.07515354604358962, 0.07128519200829632, 0.07112893389635018, 0.08016780589234004, 0.07899793606837076, 0.08300668020112849, 0.08002233450111382, 0.08095620066072275, 0.08097757984730672], [0.07492381866492151, 0.07521528890532736, 0.0699768525099954, 0.07865477673529335, 0.07529410535073715, 0.07137554573355667, 0.07123395235648788, 0.08015464376309617, 0.07901606792493861, 0.08304931495270655, 0.07969691402481405, 0.08079102941706802, 0.08061768966105726], [0.07504857525133378, 0.07532825188009905, 0.06999664705843904, 0.07865510758822232, 0.07538208925095831, 0.07141423165367779, 0.07128159077819207, 0.08013528797400732, 0.07901190410734815, 0.08333333333333334, 0.07943806687897892, 0.08063978833529171, 0.0803351259101183], [0.07516380651784134, 0.0755008908104313, 0.06993842134833565, 0.07877790096444462, 0.07555257353946819, 0.07142266629649176, 0.07127109225498009, 0.0803157367285289, 0.07912944325911372, 0.08333333333333336, 0.07909227908438392, 0.08057390980357564, 0.07992794605907172], [0.07536186220237942, 0.07576334968708127, 0.07000606213293548, 0.07891631231993994, 0.07581152030607174, 0.0715481515405974, 0.07137650396909939, 0.08047885780729126, 0.07925227039889784, 0.08282909072212989, 0.07870865479763131, 0.08047494080816708, 0.07947242330777803], [0.07544614010666525, 0.07591947964330548, 0.07000671232283286, 0.07902735376856194, 0.07597966803055631, 0.0715993253130813, 0.07140258282005675, 0.08059670827470779, 0.07935120019214496, 0.08264110946268904, 0.07845719544393771, 0.08040424436068319, 0.07916828026077749], [0.0754312381952895, 0.076046006339937, 0.06987201667391858, 0.0791938542370739, 0.07614874419754727, 0.07155472692705526, 0.07130557929027886, 0.08076764605986549, 0.0795024135057281, 0.08295350319354516, 0.07813535094338081, 0.08031639232606584, 0.07877252811031425], [0.07511849869303402, 0.07598365735712875, 0.0694995941791996, 0.07954626280017402, 0.07621253521884909, 0.07131010266005039, 0.07095827687557552, 0.08114406995810655, 0.07985310108725284, 0.08333333333333333, 0.07803183704116981, 0.08044514044528189, 0.07856359035084419], [0.07365904685653521, 0.07424516425580044, 0.06936732894656195, 0.0786727751492943, 0.07459102659618179, 0.07076042930347715, 0.07045391239946147, 0.08021875101062487, 0.07903936250703512, 0.08310588260509674, 0.08159313999855153, 0.08148363048213357, 0.08280954988924598], [0.07349253419218031, 0.07415359438424574, 0.06934382821071819, 0.0787244946135886, 0.07455504581355551, 0.07074156729687185, 0.07039410941966368, 0.08021861102625642, 0.07908183711704894, 0.08276272920856709, 0.08192868449489982, 0.08149335847421539, 0.08310960574818857], [0.07337277891621025, 0.07411080746106904, 0.06937895361433923, 0.07880386435506495, 0.07456693364505987, 0.07077294975697045, 0.07038365097032362, 0.08023017027175568, 0.07914914232168248, 0.08238600495570068, 0.08224543651375801, 0.08147490177834567, 0.0831244054397202], [0.07330019724614165, 0.07407468928496651, 0.06937962091022469, 0.07882357772117371, 0.07455689638963332, 0.07077084275448733, 0.07036134167244937, 0.08021198395920262, 0.07916214852637009, 0.0821925031798804, 0.08240272279343729, 0.08143014222869963, 0.08333333333333333], [0.07325296029009944, 0.07409197621570512, 0.06947359252774006, 0.07891488243192268, 0.07461831714025528, 0.07085670037756682, 0.070412080142901, 0.0802270190299348, 0.0792396794762441, 0.08188652294474073, 0.08266158134291499, 0.08137907171851654, 0.08298561636145838], [0.07318509410679966, 0.07412793033813145, 0.06959453832370668, 0.07907024731281538, 0.07472250397940823, 0.07097498514811343, 0.07047444748040448, 0.08026014704197756, 0.07937351443006356, 0.0814484873555081, 0.08288178032910404, 0.0814044684089197, 0.08248185574504781], [0.07316841661218743, 0.07416163828498039, 0.06966264546922057, 0.07915725787254452, 0.07478842966280785, 0.07104371214655862, 0.07051627729894108, 0.08028428211806907, 0.07944953239068543, 0.08125116243655216, 0.08284996906502201, 0.0814161727287886, 0.08225050391364228], [0.07407190592136921, 0.0746594999728523, 0.06916808150539012, 0.0790034070451816, 0.07493442580641742, 0.07070227018844402, 0.07041704489301413, 0.08069350410109588, 0.07940406388401104, 0.08333333333333334, 0.08054835582983845, 0.08162295735063042, 0.08144115016842209], [0.07455183295917348, 0.0749847496446569, 0.06957564307372652, 0.07883329188562183, 0.07514993305148726, 0.07104993629443783, 0.07084194688514936, 0.08042228049084364, 0.0792141625331019, 0.08333333333333333, 0.07999979920090369, 0.08113775997466494, 0.08090533067289934], [0.07487902993621656, 0.07526667690774054, 0.06979729448764253, 0.07884383748033273, 0.07537860780632676, 0.07127279159153997, 0.07109193530228378, 0.08035221125800714, 0.07921147404649813, 0.08303777220342937, 0.0795748890244814, 0.08085458697252314, 0.08043889298297788], [0.07309761524624582, 0.07415408321552071, 0.069626870175313, 0.07926038945691033, 0.0748189748411712, 0.07102713004442993, 0.07046735511208688, 0.08034100607698165, 0.07954619646710309, 0.08107405699003674, 0.08308916253156173, 0.08146588607095728, 0.0820312737716816], [0.07303487106532912, 0.07415416775743411, 0.06960694483953067, 0.07936165860500934, 0.07485715735685698, 0.0710243829165154, 0.07043228863062351, 0.08038539037621101, 0.07963900045096382, 0.08088254007615606, 0.08333333333333334, 0.08148899727576918, 0.08179926731626755], [0.07303385083364723, 0.07422475230820838, 0.06967872639814014, 0.07952433318065896, 0.07497046589646995, 0.07110708390911546, 0.0704786437258521, 0.08046495116902624, 0.07978864286386461, 0.08066252531498315, 0.08302635323936215, 0.08151912271109168, 0.08152054844957987], [0.0730227079826665, 0.0742863319990186, 0.06974607500274793, 0.07967214071436249, 0.075075896264113, 0.07118343071897502, 0.07051771204676037, 0.0805146939537069, 0.07992053577998541, 0.08042151596177509, 0.08291318685673729, 0.08149784558728185, 0.08122792713186955], [0.07295992067051821, 0.07430028853966043, 0.06971814184303078, 0.07980915401773635, 0.07513515648585453, 0.07117816456147076, 0.07047398305403622, 0.08056524963856325, 0.08004496299004142, 0.08019511047235778, 0.08319307110578517, 0.08147526592684105, 0.08095153069410378], [0.07292417036479484, 0.07430316049004884, 0.06968334804126501, 0.07988530714544988, 0.07516015635992968, 0.07115921225583262, 0.07043631527529498, 0.08060405595842753, 0.08011656016726523, 0.0800948025699929, 0.08333333333333334, 0.08147643339534383, 0.08082314464302139], [0.07292877295468322, 0.07435927922868439, 0.06971032161966494, 0.08001860949303334, 0.07524554003380628, 0.0712015584325267, 0.07045397789370458, 0.08066877242932666, 0.0802402253047199, 0.07995133633931645, 0.08311825646051803, 0.08146897885660256, 0.080634370953413], [0.07291170279784456, 0.07439812873253714, 0.06971243157556746, 0.08014367727730684, 0.07531648402470954, 0.0712219088465679, 0.07044735084884374, 0.0807155873622224, 0.08035404857572587, 0.07978835957777608, 0.08311554626119774, 0.08143294053988741, 0.08044183357981323], [0.0729091332820799, 0.07446908648842537, 0.06978490995580221, 0.08027860683692051, 0.07543168570437672, 0.07130555436836354, 0.0704936862975931, 0.0807050628605066, 0.08046334151867393, 0.0795259925399058, 0.08316968409784219, 0.08129134459747653, 0.0801719114520336], [0.07291932495528562, 0.07455213507874582, 0.06984393808418843, 0.0804380890596364, 0.0755570812315512, 0.07138240073126145, 0.0705351360315768, 0.08072172377219868, 0.08059839074881983, 0.07928837940483736, 0.08306609284974736, 0.08117181817956862, 0.07992548987258241], [0.07284541005339103, 0.07443400187772932, 0.06963639396375876, 0.08037014330322831, 0.07540967104706046, 0.07119118358973162, 0.07036887678097048, 0.0808090608532687, 0.08056372743488203, 0.07951053939105886, 0.08333333333333331, 0.08136903680046097, 0.080158621571126], [0.07445856670358214, 0.07485164712139944, 0.0696735688390042, 0.07870173446905214, 0.07502207894442216, 0.07108446683934103, 0.0708883261890718, 0.08028836030496042, 0.0790779825208354, 0.08316039867091271, 0.08031889029438696, 0.08118645109838767, 0.08128752800464388], [0.07426668879399675, 0.07474180420094591, 0.06947491202214864, 0.0788158222223928, 0.07496200997079319, 0.07092771222514398, 0.0706924645526342, 0.08044482940521684, 0.07920141160812115, 0.08308574219005842, 0.08051475297659545, 0.08139953769554567, 0.0814723121364072], [0.07461947754762678, 0.07516503524258344, 0.06948969189583926, 0.07911271628105976, 0.07536249391668041, 0.07105148949174936, 0.07080020617398014, 0.08068267776407306, 0.07949650072586552, 0.08279954208663631, 0.07972712210413073, 0.08116965471745938, 0.08052339205231591], [0.07436859999569631, 0.07490774445475082, 0.06937200446889136, 0.0790177454603913, 0.07513276196185892, 0.07090223769765226, 0.07064565510807927, 0.08065588543117566, 0.07941010025273698, 0.08303691249873565, 0.08015580205817135, 0.08137847660688352, 0.0810160740049766], [0.07357577440186332, 0.07427055639829709, 0.06896701303208061, 0.07899209102811038, 0.07465107440960894, 0.07048827762514714, 0.07013892406314638, 0.08067935720370875, 0.07939037159445557, 0.08301106726698175, 0.08145096172765354, 0.08196611419215592, 0.08241841705679048], [0.07391365064808805, 0.07453410601913175, 0.06910274215434849, 0.07900834513435508, 0.0748427350429871, 0.0706322666834158, 0.07032737898280453, 0.08071114984221926, 0.07941035260558238, 0.08315380127837411, 0.08083837314721351, 0.08177387398919506, 0.08175122447228475], [0.07469904666325754, 0.07529194482600794, 0.06945343542747481, 0.07921024732276566, 0.07549173559007068, 0.0710630646594418, 0.07079673391660714, 0.08081047792776219, 0.07958936480926963, 0.08286589192513272, 0.0794328765508301, 0.08112080219506866, 0.08017437818631122], [0.07476236041911424, 0.07547956513376816, 0.06938847016707915, 0.07943809630137474, 0.07571422503695277, 0.07108314659803888, 0.07077122718883364, 0.08109048596351079, 0.07980718893208182, 0.08264563394685868, 0.07905207107484616, 0.08107422128119278, 0.07969330795634805], [0.07544554307380319, 0.0762198317992783, 0.06980404674266984, 0.0794441383841794, 0.07637291624035299, 0.07157455649766901, 0.07126758019773871, 0.08090315650412477, 0.0796515081710546, 0.08303174849881231, 0.0777813339870413, 0.08016494924021167, 0.07833869066306375], [0.07557222792361253, 0.07619457983886645, 0.06997671713053932, 0.07921224098999925, 0.07628027948775061, 0.07166905619450371, 0.07142169549509171, 0.08071988937300288, 0.07946985161799963, 0.08286002624417271, 0.07792197292274435, 0.08015899423898085, 0.07854246854273615], [0.07277398349386717, 0.07423392368587796, 0.06826137238114395, 0.08066079704671877, 0.07504991880142602, 0.07009228104497804, 0.0693863516727252, 0.08237036785333608, 0.08110048700726653, 0.08066217742132747, 0.08153057719188019, 0.083051779914918, 0.08082598248453458], [0.0727420344136716, 0.07415639825984204, 0.06837649594565971, 0.08046627275956787, 0.07496330981935681, 0.07015296653730915, 0.06945919683827378, 0.08203971277300252, 0.08088030741900692, 0.08067631796888237, 0.08191090066183772, 0.0830603441544519, 0.08111574244913787], [0.07276070061552115, 0.07409395550950551, 0.06835566649436839, 0.08024915915322457, 0.07485462281429152, 0.07010750285089636, 0.06945122020033645, 0.08188200241121105, 0.08066487264421493, 0.08096002040875941, 0.08187951907868271, 0.08333333333333333, 0.08140742448565466], [0.072807995259912, 0.07406799606178895, 0.06843118501735448, 0.08005872430890598, 0.0747910164363042, 0.0701448776398184, 0.06952067508160029, 0.0816843554869035, 0.08046744841979267, 0.08119927649578164, 0.08205548456958965, 0.08308222031122878, 0.08168874491101949], [0.07291356708289151, 0.07407748992746949, 0.06839570349283422, 0.07988662854927228, 0.0747346725668167, 0.07010301957299528, 0.06952902128070343, 0.08161925233240681, 0.08030797006277615, 0.08153481006529044, 0.08196529636708937, 0.08303040162965351, 0.08190216706980068], [0.07303326664653192, 0.07413704785710339, 0.06836840606845249, 0.07981774906711218, 0.07474536071011967, 0.07008610670170858, 0.06954663298807193, 0.08163105494831367, 0.08025042072042002, 0.08169614754750093, 0.08168071865083111, 0.08314306931571849, 0.08186401877811568], [0.07320088791511409, 0.07432388982712489, 0.06836554170722214, 0.0799888032560197, 0.07491771057539544, 0.07013172838210929, 0.06959421752702734, 0.08188481736796428, 0.08043630140259524, 0.08176944886619908, 0.08113746800094962, 0.08286016708322025, 0.08138901808905845], [0.07316232233709072, 0.07446495241408574, 0.06824947225516523, 0.08045690675489263, 0.07514192017084274, 0.07010839388998316, 0.06949716202346214, 0.08242888670884674, 0.08092279223476498, 0.08123898548310007, 0.08060267268352489, 0.08304291611697835, 0.08068261692726271], [0.07294019710398424, 0.0744010003539995, 0.06815104422021283, 0.08078530505772619, 0.07518189707369484, 0.07004730165121383, 0.06935836349691654, 0.08277662659192112, 0.08125850298568293, 0.08076665345154554, 0.08083491595966534, 0.08305497996262723, 0.08044321209080987], [0.07279150317479302, 0.0743023376017932, 0.06811455327277012, 0.0808384953316057, 0.07512764547759694, 0.07000620814676918, 0.06928681316754952, 0.08271524538016016, 0.08130408460305592, 0.08059655427374106, 0.0811065702815683, 0.08333333333333333, 0.0804766559552635], [0.07283644174468792, 0.0742350437006765, 0.06818558744031301, 0.08054202750077129, 0.07500373123172972, 0.07002382950005909, 0.06935195267229821, 0.08239524852303035, 0.0809954792378238, 0.0809055609323632, 0.08128448754668452, 0.08333333333333333, 0.08090727663622903], [0.07279712793467116, 0.07420364768536726, 0.06829614567637833, 0.08051761536215442, 0.07499220238934481, 0.07010164691468106, 0.06941870771648968, 0.08223136335785561, 0.08095234091232127, 0.08079664666975234, 0.08160563094723086, 0.08305523223697249, 0.08103169219678094], [0.07288557066259294, 0.07415476467915312, 0.06827572334433915, 0.08019318834560803, 0.07485905339890704, 0.07004972601649789, 0.06943284969469259, 0.08200104612255468, 0.08063217120796594, 0.0812269787357013, 0.08153805805147367, 0.08333333333333333, 0.08141753640718032], [0.07303971554410098, 0.07429271904348346, 0.06827013082893728, 0.0802595625612814, 0.07496626699682693, 0.07007502560423497, 0.06947548798867023, 0.08217256871039813, 0.08071347986596557, 0.08137263795074358, 0.08112900515034904, 0.08306627536141721, 0.08116712439359114], [0.07296606045590286, 0.07425155948784595, 0.06827392361069416, 0.08030377271756368, 0.07495266192813684, 0.07007398863314004, 0.06945551514607107, 0.08217953807006859, 0.08075340475825889, 0.08124463001504871, 0.0812598652905368, 0.08308299838817107, 0.08120208149856141], [0.07299029201457144, 0.07432561376109548, 0.0681799537155424, 0.08046090773877974, 0.07503886346328072, 0.07002920658722259, 0.06939521515719102, 0.08241910379460779, 0.08092484375710839, 0.08114626558682171, 0.08090605750020542, 0.08333333333333333, 0.0808503435902399], [0.07285728063604087, 0.0741505580469443, 0.06833979244553942, 0.08022935980544875, 0.0748767412116168, 0.07010142518580895, 0.06946962350307212, 0.08197006091176123, 0.08065918241621062, 0.08109677221846451, 0.08165932404507027, 0.08316100416452733, 0.08142887540949484], [0.07296389313634062, 0.0741319005852897, 0.06830288396771853, 0.07995713097288601, 0.07477638434820667, 0.0700468205073649, 0.06947767209879051, 0.08178079348447487, 0.08039404988263026, 0.08152277142857778, 0.08162414227767768, 0.08333333333333334, 0.08168822397670922], [0.07309835788164637, 0.07425971320489624, 0.06832369381383531, 0.0800347557981496, 0.07488381090024117, 0.07009161314687104, 0.06953289664899229, 0.08192092154427427, 0.08048147611519459, 0.08163252413077655, 0.08128072878387446, 0.08301721983590815, 0.08144228819534013], [0.07322487239995677, 0.07445390249921803, 0.06829788113655788, 0.08028789381648518, 0.07508957469976142, 0.07012960581105654, 0.06955142296681371, 0.0822356616580691, 0.08074808877667891, 0.08146081707147201, 0.08069911085835278, 0.08295874632479927, 0.08086242198077837], [0.07330158159700981, 0.07443251956643587, 0.06838269479830247, 0.08006287595160125, 0.075016487270988, 0.07017173582509727, 0.0696364900288923, 0.08197555316671831, 0.08051445343871233, 0.08175618313346623, 0.08085502993837732, 0.08276262393358265, 0.08113177135081623], [0.07290271198888021, 0.07411175486334695, 0.06836809737764163, 0.08001601594689056, 0.07479116655348785, 0.07009841770876284, 0.06950505975806455, 0.08176540227508973, 0.08044236283265513, 0.08137594022695424, 0.08182913817515895, 0.08307827741040487, 0.0817156548826624], [0.07310911674479074, 0.07420090610843244, 0.06836684057246623, 0.07984046544878667, 0.07479253968580343, 0.0700980991545251, 0.06956840171353791, 0.08169009024092937, 0.0802790041813731, 0.0817946605423971, 0.08147238679597672, 0.0830611701660072, 0.08172631864497389], [0.07325850629338984, 0.07431515455255529, 0.068417661797629, 0.07983630394971215, 0.07487243042896341, 0.07015758135544432, 0.0696500549674185, 0.08171064686665855, 0.08027852081626663, 0.08196012820101137, 0.08118816418844695, 0.08281200749699216, 0.08154283908551185], [0.07272069145229298, 0.07450101422896258, 0.06833860672577113, 0.08154331949834236, 0.07549685736950161, 0.07027326597714173, 0.06942412049637676, 0.0825662219452292, 0.08197853170048278, 0.0798895289021496, 0.08113728106317188, 0.08245572770061152, 0.0796748329399657], [0.07275364861404822, 0.07448454464978416, 0.06819770618499704, 0.08144502945525255, 0.07543592204514098, 0.07015243642820465, 0.06933412956820813, 0.08285202939057555, 0.08191411468163771, 0.08012344107132108, 0.08092052965848065, 0.08264598418855548, 0.07974048406379367], [0.07288330671238963, 0.07452735866832022, 0.06806536926792987, 0.08125349032349344, 0.07539977334695092, 0.07004471463194872, 0.06927980701820502, 0.08333333333333333, 0.08174442022300858, 0.08053776408111364, 0.08048670284335117, 0.08268709853988954, 0.07975686101006589], [0.07321418495251401, 0.07482052008266703, 0.0682188353546022, 0.08122837905568565, 0.07563327119807596, 0.0702204100058051, 0.06949063343103132, 0.08292907133999694, 0.0817016448399408, 0.08097883486205573, 0.07990925755622871, 0.08222430188523551, 0.07943065543616093], [0.07343742848325588, 0.07529795517131992, 0.06842911141290042, 0.08173263274521192, 0.07621503379636674, 0.07053275734404736, 0.06971268245645869, 0.08292335109223177, 0.08209503848618825, 0.08085689480115198, 0.07914649417685678, 0.0813120788169649, 0.07830854121704547], [0.07319819982124705, 0.0753173642275333, 0.06850810475236527, 0.08244727369918893, 0.07642091553152139, 0.07064766425206302, 0.06969939741531118, 0.0826737236087269, 0.082715153956836, 0.08015263482595353, 0.07935899906634727, 0.0810098784577319, 0.07785069038517439], [0.07279381682737335, 0.07499973761747596, 0.0683703259885428, 0.08281525921598538, 0.07620450181679495, 0.07048398689130153, 0.06946843586613258, 0.08291442036171587, 0.08333333333333333, 0.079651170677691, 0.07992010027274873, 0.0810963427738114, 0.07794856835709313], [0.07268859465289222, 0.07477927918880357, 0.06842162460728922, 0.08240775314336685, 0.07594761764009397, 0.07045136808088107, 0.06946774664152981, 0.0828457511679353, 0.08278165607523583, 0.07956833791115955, 0.08060013973105873, 0.08151124105160942, 0.07852889010814457], [0.07272102759440992, 0.07458931486931394, 0.0683688671706628, 0.08179758766763222, 0.07563317304973274, 0.07033084049159023, 0.06944379005931146, 0.08252196134083667, 0.08222926295488239, 0.07982317734682909, 0.08100342678918364, 0.08219381365717204, 0.07934375700844276], [0.0727660540606261, 0.07455463943463056, 0.06822768451663667, 0.08161929073602878, 0.07553661144416611, 0.07020217121742099, 0.06935955365140549, 0.0827782557779778, 0.0820918819001715, 0.08009054723600946, 0.08079788986368995, 0.08245557129700924, 0.07951984886422721], [0.07286799710322771, 0.07461548555897679, 0.06811784356423048, 0.08154010016257303, 0.07554803986280215, 0.07012389029733224, 0.06931286138245375, 0.08313866338814001, 0.08203591349786427, 0.08040941525448318, 0.08041438545129281, 0.08243685772676976, 0.07943854674985383], [0.07293991649207539, 0.07466037360993343, 0.06808897028047767, 0.08147190628693979, 0.07556363217285618, 0.07010675138471005, 0.06931443526791983, 0.08333333333333333, 0.08196691991627206, 0.08057969073784982, 0.08021714580101953, 0.08236720709954994, 0.07938971761706291], [0.07300822055697019, 0.07480793991917847, 0.06813242080648071, 0.08168127212590025, 0.07574307662281247, 0.07018751170070779, 0.0693672339930208, 0.08333333333333334, 0.08216940233426225, 0.08059332378248525, 0.07992701106131857, 0.08203604039463226, 0.07901321336889772], [0.07278110103588052, 0.07471956166298742, 0.0682282588106105, 0.08205399129414756, 0.07577537054425726, 0.07026840188913423, 0.06936612880955204, 0.0829289606804295, 0.08254851233008112, 0.08002319941725863, 0.08043399345209924, 0.08195602621947595, 0.07891649385408592], [0.07277440842889889, 0.07484510605564508, 0.06820228727892687, 0.08240344148669898, 0.07596569712528814, 