[[0.0740753056818245, 0.07989075971290799, 0.08132450375313467, 0.07136440304843636, 0.0730435904321124, 0.0744739738117039, 0.08071144127804493, 0.07482549851676717, 0.07540334658316646, 0.0824432699812254, 0.08040817480093276, 0.07048231354175016, 0.0815534188579933], [0.07396110931603848, 0.08015313625870484, 0.08119057049065381, 0.07129700842725856, 0.07304079192267905, 0.07437050819055409, 0.08048533381297218, 0.07467630924356151, 0.07527083829463191, 0.08272926670384932, 0.08071226870835434, 0.07045471025744064, 0.08165814837330133], [0.07384814763501128, 0.08045791090117904, 0.08099896440464639, 0.07124901676775769, 0.07306009069263539, 0.07426786096660737, 0.08021292760683969, 0.07452062048710416, 0.07513111373388176, 0.08300522074824783, 0.08107382304524961, 0.07045616299919286, 0.08171814001164684], [0.07378116500738191, 0.08072874765306125, 0.08087293817901416, 0.07123169149694733, 0.07311278932482576, 0.07421359328495851, 0.08001898438022802, 0.07441263334388373, 0.07504481757915696, 0.08294445014199271, 0.08138150086717456, 0.07048280180035146, 0.0817738869410236], [0.07374533961627493, 0.08103296942762546, 0.08069502284943757, 0.0712713087401745, 0.0732152021533646, 0.07418772025415839, 0.07978988930817288, 0.0743277655035715, 0.07497711376608197, 0.08268374319824438, 0.08173908342218085, 0.0705770234430465, 0.08175781831766649], [0.07365466389734275, 0.08125762787060244, 0.08059698368984859, 0.07120064086454582, 0.07322796429584921, 0.07411413015421392, 0.07963578239023077, 0.07420238080571742, 0.07488133510821851, 0.08292361572661289, 0.08199114505398143, 0.07054031062689702, 0.08177341951593928], [0.07348535596190978, 0.08163994290642673, 0.08051480984114912, 0.07102257240064465, 0.07322532134356317, 0.07398385051829148, 0.07944401650592096, 0.07397735683842865, 0.0747246732726068, 0.08333333333333333, 0.08237486189141872, 0.07040929499644953, 0.08186461018985697], [0.0734354909747866, 0.08204893007186828, 0.08041223332590254, 0.07100198398774661, 0.0733500973239661, 0.07396540532509611, 0.07926668516389687, 0.07386413677436272, 0.07466767586951349, 0.08291800557477655, 0.08275889398852451, 0.07044586723935595, 0.08186459438020363], [0.07340847697145399, 0.08242380135632608, 0.08042114771454902, 0.07096024808015255, 0.07347609935857877, 0.07397802157816158, 0.07919506745711749, 0.07377957327386221, 0.07465462067471498, 0.08250550037516527, 0.08280473540750485, 0.07044633696569359, 0.0819463707867196], [0.07347619877964029, 0.08284031039540854, 0.08037035439563578, 0.07104684534013493, 0.07376479008352185, 0.07409270889338818, 0.07910260699381302, 0.07375966445011534, 0.07472064074046034, 0.08191954689719452, 0.08243610483442815, 0.07060135211986515, 0.08186887607639408], [0.0736662431046934, 0.08266003309000348, 0.08034689720027495, 0.07126165500900304, 0.07416223818525923, 0.07432698969502893, 0.07907395354183708, 0.07386023346620992, 0.07490389081228682, 0.08132414667660562, 0.08183666411842799, 0.07088126564788905, 0.08169578945248045], [0.07377406622458485, 0.08309843885978475, 0.08017673034249263, 0.07142068701005165, 0.07445611049748492, 0.07446406985499526, 0.07893204249536553, 0.07389247058208441, 0.07498977135256217, 0.08088026162590405, 0.08142872270067068, 0.07110351103384278, 0.08138311742017619], [0.07393003201481198, 0.08299080774524088, 0.08028502288484433, 0.07153956895957399, 0.07472349748034, 0.07466085952838777, 0.07898238287478218, 0.07399177663756097, 0.07516530526766434, 0.08040756725502626, 0.08086748053665996, 0.07124573277297198, 0.08120996604213522], [0.07407560627004864, 0.08270297679317669, 0.08038224554361754, 0.07165527585521476, 0.07493025672318862, 0.07483378130996007, 0.07903845898189216, 0.07409989105386164, 0.07532545262558409, 0.0800663426073626, 0.08046183257379579, 0.07137198342667071, 0.08105589623562685], [0.07415013000557565, 0.08315028800180137, 0.08054454206499195, 0.07162349554710393, 0.07501916481893249, 0.07494906814403333, 0.079138852577192, 0.07414919985634204, 0.07545158217731249, 0.07963037953883186, 0.0799254464940264, 0.0713218952378364, 0.08094595553602012], [0.07423352505469254, 0.08306466037528923, 0.08075181467513304, 0.07160036336446739, 0.07503610210862206, 0.07505587584123026, 0.07930788254260378, 0.07423646891398537, 0.07558604146409663, 0.07934272998704128, 0.07953980171289335, 0.07125925101605363, 0.0809854829438912], [0.07439230412686886, 0.08277503746642259, 0.08098265950194689, 0.07163502357684716, 0.07509169618463833, 0.0752393497194876, 0.07952071389235514, 0.07440076798468291, 0.07580362513679845, 0.0789419329759474, 0.07902517385589837, 0.07124216926810323, 0.08094954631000299], [0.07443567047659445, 0.08333333333333333, 0.0812944499782288, 0.07148274094718661, 0.07490963920997055, 0.07530108297030838, 0.07981901481726722, 0.07449381391151651, 0.07594155487874552, 0.07855469641236994, 0.0784980075824331, 0.07099294811841747, 0.08094304736362813], [0.07426867664905414, 0.07954420168979205, 0.08125863247797384, 0.07156745840051312, 0.07307773960280009, 0.07462878496581586, 0.08085978210442034, 0.07507116208569961, 0.0755813937517145, 0.0821995769579288, 0.08005934575571383, 0.07064101456829863, 0.08124223099027535], [0.07411001035582801, 0.07986838247893814, 0.08114180448176524, 0.07145886715162704, 0.07306015477069734, 0.0744865431644748, 0.08059535267168115, 0.07486830005694617, 0.07540484139257093, 0.08258747384346642, 0.0804304937219969, 0.07058107944070798, 0.08140669646929992], [0.07402583902127614, 0.08005204406986964, 0.08105226838113033, 0.07140740058804491, 0.0730571411252324, 0.07441074230401921, 0.08043672946392964, 0.07475832209441309, 0.07530822520940826, 0.08281406782634614, 0.08064440688375989, 0.0705585000509006, 0.08147431298166981], [0.07384855408351743, 0.08047356993366479, 0.08092097968840302, 0.07127597101075704, 0.07306821852911269, 0.07426215229101212, 0.08015013075314315, 0.07451891653790176, 0.07511788565129049, 0.08310384694214995, 0.081111939949251, 0.07048988011451193, 0.08165795451528482], [0.0739771509710001, 0.0801456383472109, 0.08106431581897543, 0.0713547129998356, 0.07305048620330072, 0.07437262182532714, 0.08040007301711895, 0.07469571677981585, 0.07526424699742071, 0.08286735962688223, 0.08073850028948572, 0.07051738922226113, 0.08155178790136534], [0.07378851676013104, 0.08078878942675312, 0.08076124109395098, 0.07128396667197998, 0.07315035700610169, 0.07421491862304608, 0.0799187082789188, 0.07440930695861801, 0.0750302499613104, 0.08293186507982105, 0.08147543076470083, 0.0705520181125305, 0.08169463126213784], [0.07377987350661167, 0.08097742635585702, 0.08060381688575695, 0.07134336563454183, 0.07323441248223439, 0.07420811988920244, 0.07974095196057146, 0.074367236266201, 0.07499114243565366, 0.08276210135181622, 0.081710436359941, 0.07065133413899954, 0.08162978273261282], [0.07364770342982747, 0.08129669820539315, 0.08055142484878114, 0.07120957367711543, 0.0732419252745242, 0.07410731339503981, 0.07958913892329607, 0.07418810606756518, 0.0748671532400939, 0.0829570125473176, 0.08204516666682228, 0.07055834269869973, 0.08174044102552397], [0.07355398453171333, 0.08156564467401745, 0.08034486319699889, 0.07117143163651068, 0.07328729304554935, 0.07402848114336116, 0.07934170427345949, 0.07404680548031226, 0.07475137788174535, 0.08333333333333334, 0.08237815814229484, 0.07057146304974217, 0.08162545961096176], [0.07348649565695561, 0.08200392311662216, 0.08026564294552754, 0.07112299762325552, 0.073406199230824, 0.07399783844397934, 0.07917198603953049, 0.07391229591912371, 0.0746828027990167, 0.0828697345082235, 0.08283494161208435, 0.07058199944470644, 0.08166314266015083], [0.07342622410688175, 0.08232446187571721, 0.08027360278570733, 0.07104065313620976, 0.07346585469823902, 0.07397092516247607, 0.07910487048669125, 0.07380895224922485, 0.07463902165501617, 0.08262854765876271, 0.08304275490108688, 0.07053066761984661, 0.08174346366414025], [0.07342548904028827, 0.08265641591027621, 0.08026402505678619, 0.0710373252128784, 0.07359335009671815, 0.07400068910231215, 0.07904933256552778, 0.07375940332890113, 0.07464466760128922, 0.08231164452631236, 0.08292959785737714, 0.07056457096768122, 0.08176348873365176], [0.07346777635982775, 0.0829741246862046, 0.08022952867206383, 0.07109298069974487, 0.07377029404560967, 0.0740708840898351, 0.07899178577579655, 0.07374859909181679, 0.07468487977441016, 0.08196959787865324, 0.08262532616833208, 0.07066232728970714, 0.08171189546799838], [0.07351063861271663, 0.0831056738543501, 0.0801960024602103, 0.07115088076861614, 0.0738961726786176, 0.07412916084622834, 0.07895291560746077, 0.0737580483055686, 0.07472271684802312, 0.08176048210372268, 0.08242228976809772, 0.07074742936443121, 0.0816475887819568], [0.07360614584194891, 0.08302843845912544, 0.08014339619801993, 0.07127896805068552, 0.07410303782733975, 0.07424222444971978, 0.07890524613495704, 0.07380724330880019, 0.07480483366076679, 0.08148563586757494, 0.0821480288169982, 0.07091444749450307, 0.0815323538895602], [0.07372016408146174, 0.08274811325489796, 0.08016451405796482, 0.07139561257438475, 0.07430918134724289, 0.07437878901031977, 0.07892542486580803, 0.07387973492129588, 0.07491963907506113, 0.08120856641916102, 0.08181777565539668, 0.071058147175858, 0.08147433756114741], [0.07389424840476036, 0.08303588168110954, 0.0799563257549533, 0.07165059193116596, 0.07472079009922274, 0.07458575295606944, 0.0787486969723198, 0.07395659455604622, 0.07505732340029327, 0.0806489932117379, 0.08126780516928962, 0.07139706993613817, 0.08107992592689374], [0.07401038166661965, 0.08295381914363055, 0.08007227713853604, 0.07172305066636311, 0.0749251661358533, 0.07473807770458826, 0.07880196850128691, 0.07402804947022754, 0.07519565464223765, 0.08028175084227591, 0.08081547932270543, 0.07148447599496177, 0.08096984877071402], [0.07377306379045118, 0.08309471489139894, 0.08026180023979804, 0.07137831395103075, 0.07443495002579541, 0.07447134649100592, 0.07900326919858805, 0.0738963941484685, 0.07500906655764072, 0.08084210413408142, 0.08134112218945362, 0.07104689815552358, 0.08144695622676408], [0.0741415372857926, 0.08265894461291695, 0.08011281677560567, 0.07184836379773263, 0.07513015984276945, 0.07489094376697926, 0.07881699613727107, 0.07412098832611601, 0.07532948697869038, 0.08000254475665741, 0.08049138432451891, 0.07162853550205062, 0.08082729789289915], [0.0742772328264955, 0.08272157611677518, 0.08022404828619385, 0.07191588784123744, 0.07532855619389799, 0.07506666638460395, 0.0788806377765531, 0.07421426940764939, 0.07549755767345274, 0.07956975222787464, 0.07996993907807638, 0.07169795496440459, 0.0806359212227852], [0.07430437272035358, 0.08289775798456324, 0.08035983916110791, 0.07185713749708386, 0.07532542711062515, 0.07511637061319652, 0.07898137488770617, 0.07423993236864733, 0.0755660503348836, 0.07936735597303474, 0.07969856175628469, 0.07161270481596194, 0.08067311477655136], [0.0744153220060486, 0.08279288883481566, 0.08056540228240348, 0.0718466124470304, 0.07537025046296407, 0.07525718607894874, 0.07915488161702647, 0.07434906174432293, 0.0757346391195545, 0.07902316006902932, 0.07924785855796876, 0.07155918004019841, 0.0806835567396887], [0.07453636908759208, 0.08305689824520823, 0.08063254969736701, 0.07187477178536773, 0.07546884302261818, 0.07541038040403131, 0.07922263776963794, 0.07444959822368924, 0.07589880395350738, 0.07860077755663349, 0.07875092901973615, 0.0715624206951858, 0.08053502053942548], [0.07455606720746197, 0.08296023056179512, 0.08094504278254283, 0.07174537348943788, 0.0752724192649697, 0.07543322059035569, 0.07951544025714584, 0.07452787872493434, 0.07599122475491148, 0.07848985169137819, 0.07853132198919531, 0.07134708985231465, 0.08068483883355705], [0.07430362071532554, 0.07953742643777784, 0.08107758172494839, 0.07166589672912808, 0.07310361794650636, 0.07464268651268896, 0.08072518100881329, 0.07511070535200377, 0.07558146042604838, 0.08229339057218234, 0.08009042943577536, 0.07074681482559164, 0.0811211883132099], [0.07407533227983507, 0.0800103019124972, 0.08088890680496526, 0.07151685039258908, 0.07308999275491623, 0.07443902623100399, 0.08033402816966498, 0.0748136818995167, 0.07532467989521444, 0.08288019902838936, 0.08063738677584135, 0.07067307995366211, 0.08131653390190417], [0.07415420790695998, 0.0798397141159499, 0.08097022026542766, 0.07156434712486527, 0.07309033332660833, 0.07450954532402648, 0.08048111543326916, 0.07491795209027463, 0.07541530308199312, 0.08266589111540214, 0.08043819213454934, 0.07069247820863907, 0.08126069987203491], [0.0739741022870184, 0.08018963731434434, 0.08091054795026777, 0.0714054238189772, 0.0730684597442797, 0.07435843451838646, 0.08026564451807351, 0.07468651172023139, 0.07523382687483117, 0.0830448708296959, 0.08082208996246332, 0.07058319079658064, 0.08145725966485029], [0.073966917597302, 0.08027457194323522, 0.0807345278483056, 0.07146593796091504, 0.07310732321269046, 0.07434211656588428, 0.08009369211223263, 0.07466367793748745, 0.07519353564122513, 0.08317619999736989, 0.08095028126083732, 0.07066883944238439, 0.08136237848013039], [0.07387511175389656, 0.08060682229179539, 0.08063871306526346, 0.07141993218151416, 0.07316818265014975, 0.07427194056909875, 0.07989317690359547, 0.07451895372906787, 0.07508686407391527, 0.0830563892623451, 0.08131949152259167, 0.07067634564061723, 0.08146807635614932], [0.07388585836578851, 0.08040018338477631, 0.08077005507926846, 0.0713645485325222, 0.07307977071236556, 0.07427860011743201, 0.08006469341649079, 0.07456559808419758, 0.07512643585832207, 0.08333333333333334, 0.08107507473093098, 0.07057954117624417, 0.08147630720832819], [0.07382900200381746, 0.08086747554397045, 0.08048720829974998, 0.07143902516193815, 0.07325200129428576, 0.07423695126061677, 0.0796850645165459, 0.07442661362260414, 0.07501407580565841, 0.08293822994824049, 0.08162358002644851, 0.07074598582937804, 0.081454786686746], [0.07381307150803554, 0.08102794802634279, 0.08040295688692542, 0.0714623781699871, 0.073317356548213, 0.07422858912207006, 0.07956899144781895, 0.07438110620786686, 0.07498220572594987, 0.0827660769072346, 0.0818072325850757, 0.07080095808967893, 0.0814411287748012], [0.07374463763326446, 0.08118933022374047, 0.0803586969078912, 0.07139960099885109, 0.07332391039195672, 0.0741751122256655, 0.07947807957863387, 0.0742874712648215, 0.0749148278307291, 0.08290977154489802, 0.0819856124994896, 0.0707614295598482, 0.0814715193402104], [0.07368649341630117, 0.08139636008440289, 0.08022631899886941, 0.0713833594910679, 0.07337860099233907, 0.07413042346951579, 0.07930528883489385, 0.07418963105580687, 0.0748407351374756, 0.08303742300828744, 0.08222417115812279, 0.07078662056901772, 0.08141457378389945], [0.0735715808257097, 0.081793108805311, 0.08015986895504543, 0.07127096664259941, 0.07343666426303382, 0.07405330408862652, 0.07914187919395732, 0.07401483963995766, 0.07473295870041431, 0.08297316695632706, 0.08265102209242872, 0.07072610458898003, 0.08147453524760905], [0.07353391715365053, 0.08198744483163682, 0.08013420129163558, 0.07123449706540824, 0.07348034390925291, 0.07403357259140958, 0.07907460571057291, 0.07394830530001485, 0.0746984064973136, 0.08280784175229922, 0.08285746162171154, 0.07071401429316075, 0.08149538798193345], [0.07350401643436749, 0.08211198429179455, 0.08013892955293847, 0.07119426720398489, 0.0734955152759781, 0.07401663138957734, 0.0790495976024599, 0.07390268232964838, 0.0746758051936252, 0.08270771111389993, 0.08298740365891828, 0.07068507753753837, 0.08153037841526915], [0.07345098994379046, 0.08243832857491265, 0.08008878527227734, 0.07114107579620793, 0.07357566104471282, 0.0739935653344683, 0.07893948297902442, 0.07380184074732818, 0.0746283893136435, 0.0824098511594491, 0.08333333333333333, 0.07067109525699147, 0.08152760124386049], [0.07347595503391856, 0.08277497446383385, 0.08007761634209214, 0.07117227342695148, 0.07372486991946572, 0.07404572546147244, 0.07889513657189223, 0.07377886827636444, 0.07465492766627788, 0.08214153135896486, 0.08298687978431277, 0.07074022479431583, 0.08153101690013768], [0.07350866570302496, 0.08304636911338416, 0.08004866480711326, 0.0712167194450558, 0.07386092461311806, 0.07409926134861147, 0.07885011570377432, 0.07377114257882533, 0.07468523157989568, 0.0818994025634165, 0.08270647966313455, 0.07081733494951266, 0.0814896879311333], [0.07365143998806829, 0.08308437837089243, 0.07993242667539553, 0.07142589976236757, 0.07419730981775206, 0.07426905588238829, 0.07874129226880233, 0.07383536868699686, 0.07480007715009226, 0.08144711161179172, 0.08222618643821655, 0.07109655320725777, 0.08129290013997822], [0.07382535979431573, 0.08270189591235638, 0.07984654831782685, 0.07166175005620246, 0.07452733326952651, 0.07446301068236569, 0.07867656966616028, 0.0739433348426636, 0.07494638048793889, 0.08108089488480874, 0.0818251938601382, 0.07139032622501917, 0.08111140200067746], [0.0739162020321493, 0.08290213700272034, 0.07988065464425342, 0.07171501212086895, 0.07475395971032109, 0.0745976429054538, 0.07869755304479295, 0.07397549393700474, 0.07505826667367567, 0.08067600008074532, 0.08132807695800702, 0.07147376229194674, 0.08102523859806066], [0.07381921923269731, 0.08285550902147105, 0.07998448650575085, 0.07157381038034419, 0.07454215331940904, 0.07448620307899251, 0.07878088452501526, 0.0739258300655343, 0.07498162463669143, 0.08094400361263585, 0.08160001616740345, 0.07129088866650904, 0.08121537078754561], [0.0737146196406171, 0.08291356109289579, 0.07997068955686011, 0.07147828925918912, 0.07432260290590273, 0.07435072212345616, 0.07876989744774361, 0.07387134734067563, 0.07487019797805339, 0.0812764424799693, 0.08200259318486909, 0.07116458707816838, 0.08129444991159943], [0.07353693942670736, 0.08333333333333334, 0.0800431172876644, 0.07124115658166347, 0.07398506793732593, 0.07415113950831603, 0.0788266017620306, 0.0737614269351418, 0.07471843220155366, 0.08165838111658315, 0.08241453261349899, 0.07086885345960875, 0.0814610178365726], [0.07381061921940477, 0.08276347465453546, 0.07997337569725582, 0.07157694271507084, 0.07451201680171204, 0.07446896506383972, 0.07877366895285964, 0.07392661246796485, 0.07496675225775605, 0.08101825314441403, 0.08169400619873639, 0.07129043350150945, 0.08122487932494077], [0.07374813325874963, 0.0829068795522693, 0.08015385488622163, 0.0714190566375399, 0.07438747132124568, 0.0744202595871077, 0.07891429578137635, 0.07388631791947804, 0.07495091292228508, 0.08105489866419838, 0.08164430868757387, 0.07109491625261621, 0.0814186945293384], [0.07397807460622591, 0.0829718356439335, 0.0799347335734825, 0.07175429934293813, 0.07488701981193073, 0.07468385019515199, 0.07870983793274755, 0.07400479029341925, 0.07513206559992992, 0.08043340340843619, 0.08103568700475575, 0.07152788789486968, 0.08094651469217883], [0.07407888733913691, 0.08281926227727782, 0.0799809776028285, 0.07184298571404212, 0.07506097574031498, 0.07480718327422943, 0.07872382990387325, 0.07407000769713765, 0.07523907564374804, 0.08017562406325615, 0.08073072695911045, 0.07163392054634593, 0.08083654323869885], [0.07421437165818681, 0.08252627913031325, 0.0800492416900698, 0.07195626907406026, 0.07526698235283345, 0.07496882013144114, 0.07876011546370652, 0.07416693481597758, 0.075384976864373, 0.07987351471709886, 0.08036899792830741, 0.0717612660102872, 0.08070223016334481], [0.07429929879831862, 0.08250875230235494, 0.0800831058312974, 0.07201857003528564, 0.07540218150779002, 0.07507459332731024, 0.07877358951422232, 0.07422353348352662, 0.07548034449587641, 0.07963556993652678, 0.08009010742864936, 0.07183190486718272, 0.08057844847165867], [0.07437209904821145, 0.08272639911146772, 0.08023358684511399, 0.07198741846239445, 0.07547538158946616, 0.07518393343162787, 0.07887841845605263, 0.0742774524724893, 0.07560270284074795, 0.07929337148041818, 0.07965623562427807, 0.07177803224850869, 0.08053496838922344], [0.07451235048077763, 0.08262470302548493, 0.08036457727876586, 0.07203085442362873, 0.07560223418522828, 0.07535858033017566, 0.07898832519460171, 0.07439598069569149, 0.07578787693034848, 0.07889807450294739, 0.07916902135832384, 0.07179693587278338, 0.08047048572124262], [0.07457063413199005, 0.08289684559110864, 0.08045674495607413, 0.0719997941730289, 0.07561951289320021, 0.07544087711177179, 0.07907003100510698, 0.07444921793140488, 0.07588829008231099, 0.07862361269694651, 0.07882941439682246, 0.07173632807102198, 0.08041869695921253], [0.07462722187893621, 0.08333333333333334, 0.08061376830531253, 0.07191591562631973, 0.07556168149666448, 0.07552354029466077, 0.0792227223577599, 0.07451868830187368, 0.07601191210748558, 0.07829474607328564, 0.07840744856614758, 0.07159405787807864, 0.08037496378014203], [0.07465721700361558, 0.08295315987550848, 0.08099977312472524, 0.07178079469832846, 0.0753072010983422, 0.07554699246301697, 0.07959764182779984, 0.07463049723061424, 0.0761230371540636, 0.0782393829299156, 0.07823009682096224, 0.07135295085854787, 0.0805812549145598], [0.07358343173177487, 0.08311653472139172, 0.07993894835426854, 0.07134925149336473, 0.07403469594630023, 0.07418088270593023, 0.07875556094276275, 0.07380628579445994, 0.07473377719505091, 0.08167463783292461, 0.0824989376278053, 0.07099065151075383, 0.08133640414321236], [0.07354223725220367, 0.08278831504008861, 0.07995283192698839, 0.07130618081854835, 0.07385177112835811, 0.07410718810768635, 0.07879628886624897, 0.07382049309814546, 0.07468888978384312, 0.08199166880743314, 0.08287992667314426, 0.07090576627949309, 0.08136844221781872], [0.07352772398347196, 0.08242469618001202, 0.07997642037420712, 0.071285946759767, 0.07369241092121362, 0.07406092135658739, 0.07885689087306677, 0.07386097335669393, 0.0746718560861927, 0.08228986889947307, 0.08313293856950658, 0.07084164904554004, 0.08137770359426767], [0.07355009566087072, 0.08224190004026817, 0.07998225371393694, 0.07131478664601885, 0.07364538258284178, 0.07406583334558889, 0.07889730201558587, 0.07390841805774649, 0.07468809425448687, 0.0824430173445372, 0.08305258487417425, 0.07085127262620085, 0.0813590588377433], [0.07359977637765211, 0.08194556836063148, 0.08001659512764664, 0.0713658811158292, 0.07357072566276186, 0.07408723502667425, 0.07899101199991011, 0.0740024570970544, 0.07473166653236227, 0.08268899604491217, 0.08279394582589482, 0.07086575852158232, 0.08134038230708844], [0.07369790458279232, 0.08152194650431271, 0.08008820843366032, 0.0714566339135818, 0.07347962555454002, 0.07414514689031805, 0.07915803767530598, 0.07416705244995947, 0.07482464315618494, 0.0828993789550507, 0.08236082363572157, 0.07089866498487649, 0.08130193326369556], [0.07375927681568098, 0.08133050963395985, 0.08013207292656858, 0.07151204402070023, 0.0734511001723569, 0.07418821604111682, 0.07925025455052112, 0.07425941015269588, 0.07488455653272992, 0.08286838907083269, 0.08215684328029502, 0.07092609918068792, 0.08128122762185414], [0.07381635134882893, 0.08298886474583371, 0.08038520804742012, 0.07137350372850285, 0.07447697432342072, 0.07453053649065007, 0.07909413960021257, 0.07393347194450166, 0.07507619277979286, 0.08069635368933861, 0.08112619159984436, 0.07103189120960103, 0.08147032049205254], [0.07404461803637592, 0.08279188420105503, 0.08024761354781532, 0.0716824734217371, 0.07492745730669795, 0.0747896517973208, 0.0789352777716368, 0.07406591315900735, 0.07526625791714019, 0.08017146051716696, 0.08062780251554406, 0.07141914530244697, 0.08103044450605552], [0.07420326209186767, 0.08273843171345913, 0.08027009658826624, 0.07182649762156318, 0.07519081730286473, 0.07498114783722976, 0.07892636798844586, 0.07416972856867465, 0.07543160224493108, 0.07974744124658484, 0.08015247771098953, 0.07158829410981819, 0.08077383497530502], [0.07380501530154862, 0.08116655847779983, 0.08021572588679711, 0.07153098257947547, 0.07340717658550654, 0.07422134583410275, 0.07937097558193104, 0.07433680306982542, 0.07493950178341281, 0.08280984858228338, 0.08197777690239157, 0.07091314852055264, 0.0813051408943729], [0.07385982334692914, 0.08098965939612676, 0.08029032617978304, 0.07156238276384705, 0.07337076574514259, 0.07426227488942108, 0.07949014709224164, 0.07442345244069226, 0.07500153149790895, 0.0827495313825345, 0.08178164834043998, 0.07091290574603473, 0.08130555117889843], [0.07388742021899562, 0.08075838801270477, 0.08037493928064122, 0.07154591786676806, 0.0732826722057658, 0.07427566736315513, 0.07962962747129819, 0.0744931136702947, 0.07504546274799132, 0.08303728371761425, 0.08152643515165983, 0.07085340220486289, 0.08128967008824822], [0.07392767752542989, 0.0805085393976348, 0.0804424304242314, 0.07154654630485965, 0.0732034859325097, 0.07429963427957771, 0.07976585269219438, 0.07457628428412193, 0.07509928756362334, 0.08333333333333333, 0.0812516586894629, 0.07081080279630404, 0.08123446677671685], [0.07402047940046395, 0.08030587784678836, 0.08054208901725345, 0.07160719595607382, 0.07319299713357581, 0.07437853925305932, 0.07993158728619763, 0.07470380478311721, 0.07520277339283613, 0.08305416208467799, 0.08101772224104924, 0.07083517816030514, 0.08120759344460195], [0.07405017845052865, 0.08021541265502614, 0.08060120565958045, 0.07161260358840335, 0.07317566883862364, 0.07440450767152207, 0.08001729489258909, 0.0747497418262188, 0.07524236864432803, 0.08299173116220251, 0.08091084116206568, 0.07082236678802699, 0.08120607866088461], [0.07409690070809527, 0.08006877837140705, 0.08068417761773636, 0.07162284215919384, 0.07314918164383999, 0.07444503814542613, 0.08014652417418865, 0.07482163427367887, 0.07530374719425245, 0.08292969803216392, 0.08073914148422552, 0.07080456155604993, 0.08118777463974186], [0.07415965720964508, 0.07991447032543565, 0.08076249066949531, 0.07165276698616735, 0.0731369221724671, 0.07450034477162033, 0.080280410603838, 0.07490948251869911, 0.07537910835967745, 0.08278626476367579, 0.08055879176480568, 0.07080679920761149, 0.0811524906468617], [0.07428691785581172, 0.07966933506931145, 0.08080786180988911, 0.07175838807921679, 0.07315059930213201, 0.07460847734847707, 0.0804370307953209, 0.07507368098010969, 0.07551036275597693, 0.08251175403575152, 0.08028441030527592, 0.07087553440318563, 0.08102564725954133], [0.07441484191842829, 0.07944161811492827, 0.08087378966640779, 0.07183514890310673, 0.0731569152844898, 0.0747073231191988, 0.08060968690141264, 0.07522036274976356, 0.07563446412063346, 0.08224685748026535, 0.08002368875897985, 0.07091553594042682, 0.08091976704195854], [0.07426185655416663, 0.0796669151575078, 0.08092077673857745, 0.07168787213773217, 0.0731207253739382, 0.07459539438992582, 0.08053064599809485, 0.07505051065549288, 0.07550935552350417, 0.08249323902947601, 0.08026153275508686, 0.0707961336060144, 0.08110504208048272], [0.07393595172956045, 0.08310046732906626, 0.08003521072967659, 0.07165661897062826, 0.07480325224778564, 0.07464868528433244, 0.078787374443923, 0.07397748045837561, 0.07511710680274987, 0.08045969679352083, 0.08102617283574091, 0.07140672940938839, 0.08104525296525172], [0.07382788157436133, 0.08333333333333334, 0.08013845701750774, 0.07148352453728893, 0.07459614449056656, 0.07453601715584515, 0.0788830233725459, 0.07390987931970562, 0.0750403625180999, 0.08064103457518551, 0.0811800093264383, 0.07119233560239775, 0.08123799717672399], [0.07408278501395789, 0.08300023033073804, 0.08055165044985445, 0.07157061505906524, 0.07489717228884475, 0.07486214785382689, 0.07916071131760138, 0.07411158777507651, 0.07537738981954933, 0.0798795484396523, 0.08019370346382654, 0.07125725491510633, 0.08105520327290036], [0.07397102634597051, 0.08276459653696698, 0.08043365211811476, 0.07152495231576109, 0.07473186611054108, 0.07471320585384365, 0.0790992803485613, 0.07403754524399875, 0.07523323752824282, 0.08031497508945765, 0.08070735295092082, 0.07121059408517931, 0.08125771547244115], [0.07358235330297146, 0.08279440252558444, 0.08035323204891967, 0.0711686068378461, 0.0740020582001469, 0.07422656455005792, 0.07907803825927548, 0.07381017294131703, 0.07482274318521763, 0.08155066019697843, 0.08207485569817703, 0.07076435346368755, 0.08177195878982042], [0.07373672143024941, 0.08292370926218759, 0.08037331953325448, 0.07130242199303843, 0.07432263760536022, 0.07442907474282046, 0.07909498670576635, 0.07388912939611902, 0.07499115942127434, 0.0809700164856914, 0.0814267052790818, 0.07094153127908215, 0.08159858686607416], [0.07412385201203996, 0.08333333333333333, 0.08067120163669157, 0.07153058542777709, 0.07493015331095583, 0.07492992757784223, 0.07923944803849507, 0.07414107495463419, 0.07545780302567583, 0.07958149143452002, 0.07982623648994651, 0.07119840306276448, 0.08103648969532389], [0.0742846482220994, 0.0828130543433187, 0.08093615241724147, 0.071574071617146, 0.07499398485426051, 0.0751135611681076, 0.07947170094588968, 0.07430853373330407, 0.07567428518123828, 0.07922364223547142, 0.07934884512432258, 0.07119273507297111, 0.08106478508462919], [0.07480558472439738, 0.08286421217416529, 0.08076617569239386, 0.07197883845190098, 0.07558850273300823, 0.07571598030698687, 0.07946661758786729, 0.07471435047453076, 0.07624415703097799, 0.07797221890449342, 0.07799038645271922, 0.07159555024553753, 0.08029742522102125], [0.07474512078672647, 0.08313215153341723, 0.08057265694070995, 0.07202174884934132, 0.07569232255036024, 0.07565388932275367, 0.07922877186952237, 0.07461472965773554, 0.07613349736330241, 0.07808559618432993, 0.07817819212422841, 0.07170086371996681, 0.08024045909760545], [0.07378153538862722, 0.08063005361019634, 0.08203339838779555, 0.07087928139944213, 0.07324785875772807, 0.07435733314419926, 0.08065234354422021, 0.0743355209761844, 0.07523849679098076, 0.08130945437900285, 0.08065209494857718, 0.07011100541892688, 0.08277162325411909], [0.07371381747567972, 0.0807452632773312, 0.0817599113892743, 0.07088261057037322, 0.07317988992862134, 0.07426483720019848, 0.08048065467363444, 0.07427951969354989, 0.07513318367940422, 0.08168341790233064, 0.08096477636902819, 0.07012539126705623, 0.08278672657351814], [0.07361756130763088, 0.08102023672968423, 0.08157000815592792, 0.070825649139374, 0.07319275211134568, 0.07418039644773085, 0.0802653245268206, 0.07414910907847506, 0.07502119802759327, 0.08188910979682146, 0.08123273738914069, 0.07010613681437614, 0.08292978047507925], [0.07355248442315115, 0.08126101844643013, 0.08136715671551621, 0.07081224164356927, 0.07320471972865192, 0.07411614721923561, 0.08007472230428986, 0.07406148336201933, 0.07493248182545556, 0.08212014644410916, 0.08150367556505754, 0.07012369981939344, 0.08287002250312094], [0.07350357955123976, 0.08155082283345892, 0.08125462304985467, 0.07078358423931334, 0.07332025594436282, 0.07409934144443205, 0.07990463344596715, 0.07395193037778895, 0.07488005514696812, 0.0820356679121871, 0.08164222842800196, 0.07014631708671026, 0.08292696053971477], [0.07353689714443824, 0.08165446707699388, 0.08123671450736458, 0.07081919985914606, 0.07347756535943083, 0.07416242029676645, 0.07985271407612103, 0.07393410323995189, 0.07491706563762646, 0.08177217330389266, 0.08155344452742834, 0.07021861747621362, 0.0828646174946259], [0.0736684936439431, 0.0815170845506491, 0.08144504577138849, 0.07088624465093563, 0.07364994786689023, 0.07432790218511118, 0.08001888748539389, 0.07403423081651944, 0.0750834016767313, 0.08126296911415189, 0.0810713573065456, 0.07028666818552227, 0.08274776674621771], [0.07377235340125156, 0.08135378505442142, 0.08193099888716257, 0.0708323061819587, 0.07357175193543775, 0.07444267141130578, 0.0804477249483576, 0.07418537536220082, 0.07526239840513582, 0.08075214473351632, 0.08039566721243956, 0.07015356950622173, 0.08289925296059018], [0.07375096546289091, 0.08106996498720437, 0.08226251817863943, 0.07072930083492888, 0.07331434652876401, 0.07438979831455246, 0.0807428862668366, 0.07425227888547878, 0.07527444971637709, 0.08072036571146461, 0.0801911204999417, 0.0699686712795877, 0.08333333333333331], [0.07378209255077854, 0.08084846262466949, 0.08228855270550095, 0.07078371267692007, 0.0732459558946144, 0.0743891674850136, 0.08081104347379264, 0.07432546157354827, 0.07528931610826091, 0.08088816036380482, 0.08027639940958539, 0.06999863294770647, 0.08307304218580441], [0.07373560859304534, 0.08084971991594558, 0.08198036917201097, 0.07083178667032372, 0.07332352179393187, 0.0743407145208218, 0.08054310638958308, 0.07424306516770644, 0.07519868188800097, 0.08124879552997696, 0.08069521117737985, 0.070098102987126, 0.0829113161941473], [0.07371980472231685, 0.0807295412213694, 0.08188434008275627, 0.07085035006970447, 0.07324387669270274, 0.07429755481521526, 0.08051118091708553, 0.07425804927694596, 0.0751620223843972, 0.08147813274918261, 0.08084293569766608, 0.07010373814330831, 0.08291847322734922], [0.07357585447466691, 0.08114210046502572, 0.0815993522744229, 0.0707533594598798, 0.07329945290179808, 0.07418357493871665, 0.08019491333468626, 0.07404782769672913, 0.07500183133801472, 0.08163315388638233, 0.08116383760092347, 0.07007140829542059, 0.08333333333333333], [0.0736775944022378, 0.0812267068288878, 0.08171761617202428, 0.07082365338773097, 0.07348072522676204, 0.07431749204300159, 0.08026763532981317, 0.07410710647899522, 0.07512320647993606, 0.08125347211517167, 0.080887058644044, 0.07016017584974421, 0.08295755704165107], [0.07365818378451938, 0.08106918189841494, 0.08174230430729773, 0.07080316794565715, 0.07339416965425291, 0.07428154921915521, 0.08030430515461943, 0.07411624960617302, 0.07510174717095446, 0.08137389279613068, 0.08093853318827368, 0.07011995006250334, 0.0830967652120481], [0.07372891570721461, 0.08115026595336347, 0.08193941860734225, 0.07080982671384732, 0.07344962944726079, 0.07437159286775202, 0.08046122109729062, 0.07418056473531907, 0.07520524516147899, 0.08101963959807372, 0.08059170886175064, 0.07011177085255582, 0.08298020039675053], [0.0735886385193532, 0.08109881594049145, 0.08159764114968276, 0.07077636251423104, 0.07325096313419337, 0.07417848812736536, 0.08022414931405136, 0.07408536828777877, 0.07500674439199162, 0.08174471243684091, 0.08119981625835272, 0.07007850554074954, 0.08316979438491778], [0.07355166509843701, 0.08145675853242565, 0.08138070785669482, 0.07079148401067402, 0.07341402779920812, 0.0741723116083781, 0.07998468364985237, 0.07397541691568194, 0.07495083443227757, 0.081719936577958, 0.08140119546864258, 0.07016065604394255, 0.08304032200582724], [0.07363457126406728, 0.081397548663895, 0.08148600968694371, 0.07084402313129078, 0.07354761546001008, 0.07427929359794257, 0.0800597800516885, 0.07402945511633845, 0.0750513889772769, 0.08139736016826642, 0.08113792492913685, 0.07022305690789422, 0.0829119720452492], [0.0737594162366419, 0.08150064065685811, 0.08175703547162998, 0.07087033489522378, 0.07365095147181644, 0.07443482961311415, 0.0802947400006629, 0.07414226811844873, 0.07522628858877764, 0.08084689073324744, 0.08056301342504966, 0.07022669313642967, 0.08272689765209972], [0.0737327062248075, 0.08164931849305945, 0.08152191645250331, 0.07091667313300777, 0.07373699697200552, 0.07441047488313059, 0.08008722929625794, 0.07408059218831498, 0.07516566790024821, 0.08099530019493764, 0.08081326137444021, 0.07031798051279972, 0.08257188237448727], [0.07353035124816833, 0.08138304537810549, 0.08138958921324184, 0.07077084207091919, 0.07329907267603611, 0.07412771683455797, 0.08002329027449163, 0.07399290022711444, 0.07492539316773167, 0.08190556159170997, 0.08146137293941684, 0.07011274932120592, 0.08307811505730059], [0.07358601820037951, 0.0815998426711753, 0.08128046958738083, 0.07085619470571611, 0.0735690886211013, 0.0742267523555084, 0.07988076644061652, 0.07396203509101179, 0.07497399819276225, 0.08157897918957663, 0.08140570459036726, 0.07026600496718804, 0.08281414538721607], [0.07365075625182292, 0.08170842689958878, 0.08128660398880058, 0.07091399620158281, 0.07371251810701841, 0.07431421235712148, 0.07987831843333479, 0.0739901152278782, 0.07504492544273716, 0.08131131752279881, 0.0812094728663845, 0.07034555814412013, 0.08263377855681148], [0.07402015530836369, 0.08040631687035284, 0.08269490570233695, 0.07090665288448302, 0.07305352710759518, 0.07456431705827064, 0.08147399833891708, 0.07470850257081417, 0.07556788985770162, 0.0807657320584708, 0.07952528632452181, 0.0699808300167586, 0.08233188590141383], [0.07395473717037387, 0.08064341804144295, 0.08281092631551243, 0.07082271277037043, 0.07311220838629535, 0.07453492473856059, 0.08136193217697786, 0.0745935473708876, 0.0755185765557623, 0.08059005110583402, 0.07956511403634925, 0.06992935094374823, 0.08256250038788517], [0.07391984139260828, 0.08105651936842236, 0.08275745963401619, 0.07077261420734618, 0.07328064337044783, 0.07455592292918657, 0.08118992236478245, 0.07447321795190172, 0.07550108220607774, 0.08022503250748737, 0.07954546839259224, 0.06993529114307132, 0.08278698453205986], [0.07404691336772254, 0.08145816943873319, 0.08268025155104275, 0.07085387795588502, 0.07352629035341254, 0.0747336539936031, 0.08116330823941256, 0.07452961266440002, 0.07565715161931416, 0.0796841192034188, 0.07916841366093653, 0.07004496563516321, 0.08245327231695557], [0.07445543213251997, 0.08126312597658786, 0.08305573745757426, 0.07107610279172658, 0.07365604122900603, 0.07515386928679015, 0.0816681707067312, 0.07497690194665078, 0.07615385565778736, 0.0787969099886206, 0.07804866751437892, 0.07016599481010034, 0.08152919050152618], [0.07470175612490725, 0.0805889497975241, 0.08258732804361325, 0.07126795131426422, 0.07347690890424935, 0.07531683456372039, 0.08236360412209545, 0.07537447031336282, 0.0764119187605267, 0.07882631574872341, 0.07768076554589248, 0.07023362218375401, 0.08116957457736651], [0.07466394163989806, 0.08018013978737118, 0.08236246850599596, 0.07129150699583522, 0.07323984984387703, 0.07520073382478552, 0.08266018274411034, 0.0754451498397353, 0.0763292977579342, 0.07931584114637666, 0.07789951785154633, 0.07020662455149564, 0.08120474551103854], [0.07444630270027201, 0.0801018385863039, 0.0825525084584309, 0.07117971201294118, 0.0730847860105538, 0.07495412502693062, 0.0823209190794137, 0.07524205203993586, 0.07605599577007054, 0.0799631708625983, 0.0784548952702504, 0.07012292918662501, 0.08152076499567364], [0.07412299521133925, 0.08033652447052848, 0.08278720758115517, 0.07095636542986117, 0.0730422964860451, 0.07465910161518263, 0.08171702455412702, 0.07484319128225504, 0.07569335563069243, 0.08053683638008417, 0.07920212057573742, 0.06999066489033805, 0.08211231589265418], [0.07401462602022935, 0.08060252047656145, 0.08294909235611447, 0.07084245026249246, 0.07309662801925057, 0.07459116466005936, 0.08152182465645362, 0.07467413686162566, 0.07559623990701349, 0.08044474949359501, 0.07934383822483503, 0.06992179103028083, 0.0824009380314887], [0.07400279823853692, 0.08091718172289927, 0.08304151580918026, 0.07079491728418147, 0.07321573316002239, 0.07462499487694411, 0.08145065102023935, 0.07460161169112306, 0.07560971580960121, 0.08010262847008419, 0.07923413696842889, 0.06990659528910866, 0.08249751965965021], [0.0740236321144599, 0.08108662198358697, 0.08293928211053417, 0.07080960092868883, 0.07330947859702451, 0.07466741488761733, 0.08139379164368929, 0.074588149505947, 0.07563713556608107, 0.07993175972749514, 0.07917918345646861, 0.06994167928372988, 0.0824922701946772], [0.07415878433770769, 0.0810870766159862, 0.08295526732279324, 0.07088478705086927, 0.07336560131638023, 0.07480829159344135, 0.0815958899400122, 0.07473318935078833, 0.0758010178458781, 0.07962830168946317, 0.07881095290962643, 0.06998709580736924, 0.08218374421968445], [0.07420863975142286, 0.08053223042039136, 0.08306975903366345, 0.07093677756684787, 0.07312343317517829, 0.07478302972894009, 0.08193381463906199, 0.07490563648634292, 0.07583578262748318, 0.07997504360126044, 0.07876247247283034, 0.06995573942326999, 0.08197764107330721], [0.07442973605653404, 0.08044852859208954, 0.0827573591327806, 0.07109388737051363, 0.07321078444305848, 0.07499950916202337, 0.0