[[0.07389394553345335, 0.07993553306837309, 0.08131782729847394, 0.0712839687846692, 0.07300276867989774, 0.07444998666503107, 0.08066007971918389, 0.07465883427220768, 0.07539346294190137, 0.08270825587900531, 0.08063665993635132, 0.07023056846776107, 0.08182810875369105], [0.07378938266362423, 0.08015376931985087, 0.08121367835605459, 0.07122687393696045, 0.0730057434217154, 0.07436773321835503, 0.08043315010259494, 0.074517687153003, 0.07527041842729754, 0.08295184634480747, 0.08096714410470764, 0.07021873608264001, 0.08188383686838864], [0.07371077767106492, 0.08041626736478466, 0.08105583002431123, 0.071219287527833, 0.07305545777178767, 0.07431033853781703, 0.08016773608020228, 0.07439298966526686, 0.07516063951276676, 0.08300056766286694, 0.08136891253758068, 0.07026966834523525, 0.0818715272984826], [0.07364628331686385, 0.08069196951979701, 0.08095049941541826, 0.0712023437320621, 0.0731052803078729, 0.07427176698504194, 0.0799721840125516, 0.07428666832168951, 0.07507848016871242, 0.08293895890477074, 0.08169522903550576, 0.07030134546938259, 0.0818589908103313], [0.0735909901968307, 0.08099593771443975, 0.08078394910838013, 0.07121372229688375, 0.07317998379920806, 0.0742406210743704, 0.07973284624533236, 0.07418279209126977, 0.07499482798346697, 0.08287496808970642, 0.08208108361849221, 0.07037166984312564, 0.0817566079384938], [0.07352175996039478, 0.0812291250449025, 0.08070595518323587, 0.0711682944365259, 0.07321147179233459, 0.07420159631323416, 0.07958500897755726, 0.07407699791636152, 0.07492114463571503, 0.08291798963479002, 0.08234401521941112, 0.07036464153370249, 0.08175199935183487], [0.0733509270823463, 0.08161682744127415, 0.08064957432661733, 0.07098763357355035, 0.07320379596597731, 0.07409925041237594, 0.07939092575604845, 0.07384964397009065, 0.07477305515151941, 0.08333333333333333, 0.08266759482385405, 0.07023287663889886, 0.08184456152411375], [0.07331376736735519, 0.08203313448807147, 0.08056906462528579, 0.07098008907258194, 0.07333572043594797, 0.07411833473119238, 0.0792166735484956, 0.07374768465046727, 0.07473413120732886, 0.08291289787643116, 0.08284957398519514, 0.07028737725671295, 0.08190155075493456], [0.07327573420057125, 0.08241163656618382, 0.08059531270173746, 0.07092396854114967, 0.07344854713207631, 0.07414984747452678, 0.07913971906122853, 0.0736517938344021, 0.07472197529145475, 0.0824944282914304, 0.08279766552651123, 0.07027397622375207, 0.08211539515497566], [0.07328420680236629, 0.08283070755919096, 0.08054457697779596, 0.07093448529172383, 0.07367527931001802, 0.07424767760373727, 0.07902020317647591, 0.07357319366505673, 0.07474880391269006, 0.0818920099236614, 0.0826887694236615, 0.07035336542206024, 0.08220672093156177], [0.07337155415796476, 0.08333333333333333, 0.08049810213884431, 0.07101878807706966, 0.07397345243008667, 0.07442562987141901, 0.07894411176786101, 0.07357145806884915, 0.07485557866991492, 0.08126289917754967, 0.08212164127310996, 0.07050168020655884, 0.08212177082743863], [0.07355795377283282, 0.08309312845052388, 0.08034294291957363, 0.07127125621294439, 0.07433679990415791, 0.07465918369200371, 0.07883253970471787, 0.07367903497320183, 0.07501420298550955, 0.08082480346839208, 0.08173589667109112, 0.07082702363668492, 0.08182523360836634], [0.07371085530555169, 0.08308555939059721, 0.0803712967942539, 0.07138569143456208, 0.07460497714520166, 0.0748825120919064, 0.07888096881057673, 0.07377403910192389, 0.07519897473874769, 0.08033937207980142, 0.08115624043788802, 0.07096398911466184, 0.08164552355432751], [0.07383439099581804, 0.08309262680740485, 0.08038271635797756, 0.07147344544810248, 0.07479562475317304, 0.07505550185944368, 0.07892655362030751, 0.07385930853330233, 0.07534887850011338, 0.07998121933050567, 0.0807293636728291, 0.07106032374193595, 0.08146004637908642], [0.07396582667653431, 0.08314661435299245, 0.08048857210588159, 0.07151573074969042, 0.07494522286882195, 0.0752444867325431, 0.07906683327272693, 0.07396487785956635, 0.07553655213066805, 0.0795560626923835, 0.08018910723510837, 0.07108083033395013, 0.08129928298913261], [0.0740427036022216, 0.08305902634844783, 0.08069768066210171, 0.07148779979128077, 0.07496678329616563, 0.07535593903578305, 0.07930181446721037, 0.07404570919374977, 0.07567539630891335, 0.07925904770457362, 0.07977888689883106, 0.07100605953613587, 0.08132315315458534], [0.07419589364262977, 0.08276277320030329, 0.0809310214885986, 0.0715189312394935, 0.07503069056658522, 0.07554407206548827, 0.07961761001414375, 0.07420454342874956, 0.07589969868926365, 0.07884546566208847, 0.07923217465650553, 0.07097655875121228, 0.08124056659493802], [0.0742365362683415, 0.08333333333333334, 0.08124881873447681, 0.07137035258024291, 0.07486422773817818, 0.07560180144514336, 0.08000797891572035, 0.07429598098283154, 0.07604753409612308, 0.07844774809401871, 0.07866721022976268, 0.07071676403739807, 0.08116171354442958], [0.07404376666371745, 0.07957760725944657, 0.08131817962344881, 0.07143144963184395, 0.07299021565820576, 0.07453408160065798, 0.08079840897248593, 0.07486616316749709, 0.07552667406493217, 0.08278685127957722, 0.08027618794357216, 0.07032609594239157, 0.0815243181922234], [0.07393421586524661, 0.07987017482874507, 0.08113482869900243, 0.07138369622643506, 0.07302204650814263, 0.07445533065548358, 0.08054316736744636, 0.07470695839990928, 0.0753921963418523, 0.08287332928671053, 0.08069185713679963, 0.0703380243094623, 0.08165417437476423], [0.07385420889301755, 0.08002090672985383, 0.08105899535221979, 0.07133610640936387, 0.07302024106993239, 0.07439258973439968, 0.08038331610938415, 0.07460019894876173, 0.07530029842819076, 0.08309684259476356, 0.08092520989740534, 0.07032293221693418, 0.0816881536157733], [0.07372114907225377, 0.08043515594652287, 0.08097883720915072, 0.07125773498931587, 0.07307244984524996, 0.0743112922329133, 0.08010737214486119, 0.07440051622076982, 0.07515362975847181, 0.08302134020234722, 0.08142547685222526, 0.07031735946232702, 0.08179768606359109], [0.07380792607245341, 0.08011316632920393, 0.08108256125256215, 0.07128640685365076, 0.07301570358395204, 0.074364650489843, 0.08034701925435553, 0.0745394885524954, 0.07526117239386199, 0.08312120586622403, 0.08101835380555171, 0.07028558775046559, 0.08175675779538032], [0.07364102496789066, 0.08074946972497177, 0.08083546217816678, 0.07123691257874, 0.07312626001269104, 0.07425989312662488, 0.07986594360133256, 0.07427140796035936, 0.07505048727911552, 0.08304495870014707, 0.08181274681812895, 0.07035451415060022, 0.08175091890123116], [0.07361760981599295, 0.08093741172578024, 0.0806818645208422, 0.07127466714335082, 0.07318902559638052, 0.07424542586206549, 0.07967993604903502, 0.07421494881987824, 0.07499749490445519, 0.08301821695346813, 0.08207922027277012, 0.07043593280471643, 0.08162824553126487], [0.07351342623318372, 0.08126846321620912, 0.08066083420775935, 0.0711747538562615, 0.07322259468375035, 0.07419472365651998, 0.07953723110376572, 0.07406132076891642, 0.07490541280795081, 0.08295179540597643, 0.0824098501726373, 0.07038123600077108, 0.08171835788629825], [0.07341123905302803, 0.08153984238708001, 0.08046289471991552, 0.0711230817091642, 0.07325275957731293, 0.07412330665520908, 0.07928343996440944, 0.07391125352377664, 0.07478457084834472, 0.08333333333333333, 0.08278856498222248, 0.07038518282602738, 0.08160053042017622], [0.07334750834396946, 0.08198515859953048, 0.0804062443229823, 0.07107697754619637, 0.07337030958457531, 0.07412542202826104, 0.07911324896090925, 0.0737793187422089, 0.07472801849208227, 0.08286319084851025, 0.08311168408749973, 0.07040201540389901, 0.08169090303937547], [0.07330423546829203, 0.08231203939678684, 0.08043631270557589, 0.07101540049794587, 0.07344548006295183, 0.07413800128622382, 0.0790528043981685, 0.0736916762350715, 0.07470774377031182, 0.08261986946182624, 0.08303917693837921, 0.07037302529199807, 0.08186423448646846], [0.07327349407858379, 0.08264603140737613, 0.08043151084302817, 0.07097411199974518, 0.07354126477286906, 0.07416325602047488, 0.07898361226216152, 0.07361253090324074, 0.07469534654492213, 0.08229597093006841, 0.0830345356512983, 0.0703686870307341, 0.08197964755549758], [0.07327803339764509, 0.08296721607344903, 0.08039493281758599, 0.07098151853834378, 0.07367899102120976, 0.07422129808711317, 0.07890828536155371, 0.07356425715637384, 0.07470990966114265, 0.08194336933367603, 0.08291888511091655, 0.07041862749384073, 0.0820146759471496], [0.0733110177769997, 0.08310104726493181, 0.08036134208507735, 0.07102584847590859, 0.07379363107547618, 0.074283456447874, 0.07886389495965497, 0.07356345543122646, 0.07474281444941291, 0.08172851797515679, 0.08274090129742735, 0.07049165345568265, 0.08199241930517136], [0.07336297419402941, 0.08333333333333333, 0.08029591336386, 0.07109800339692132, 0.07395665690418282, 0.07437299998431185, 0.07879454761474099, 0.07356909893134814, 0.07479129142197848, 0.08143944495802344, 0.08247119749071553, 0.07060398561254314, 0.08191055279401149], [0.07347068639427604, 0.08306472472494458, 0.0803175804408249, 0.0712053495218502, 0.07415705446759795, 0.07452164942950047, 0.0788110323297991, 0.07363439836207962, 0.07490669901561041, 0.08115342519344575, 0.08213041282640493, 0.07073958573455758, 0.08188740155910836], [0.07368560039250388, 0.08302930660561773, 0.08009608244278404, 0.07150517940125294, 0.074600076172595, 0.07479602200380399, 0.07864735502329796, 0.0737493246859122, 0.07508516167553266, 0.08058965671515698, 0.08158098645896485, 0.07113322257694597, 0.08150202584563199], [0.07379895617458825, 0.08302891848604572, 0.0801364521503778, 0.07157426987870358, 0.07480572719287219, 0.0749711883912096, 0.07869920640689466, 0.07381702464787719, 0.0752317695113978, 0.08021254718739163, 0.08111483085112411, 0.07121576812407154, 0.08139334099744598], [0.07355508294032286, 0.08308927422358137, 0.08043218693479491, 0.07122799041960505, 0.07431713802691303, 0.07466841172758304, 0.07890454069967195, 0.07368122531699368, 0.07503535381418876, 0.08078530236125674, 0.081638948322531, 0.07076675881707788, 0.08189778639547987], [0.07389833558869006, 0.08308862866382614, 0.08010441795932725, 0.07165917929345893, 0.07498406640181109, 0.07511296556633482, 0.0786975003537388, 0.07387724293310886, 0.07534458143574067, 0.07991441688367723, 0.08077150036710129, 0.07131884339377417, 0.08122832115941053], [0.07402118617558787, 0.08333333333333334, 0.08013613826107475, 0.07171117720363118, 0.07517849528026158, 0.07530462389618651, 0.07879379119160808, 0.0739564425675187, 0.07551458200827249, 0.07946334303588917, 0.08022562841980774, 0.07136898338760309, 0.08099227523922556], [0.07406545562875753, 0.08333333333333336, 0.08028115695061244, 0.07167617361953317, 0.0751980621879013, 0.07538083475316396, 0.0789525860186784, 0.07399931010830917, 0.07560627444498794, 0.07926241147090722, 0.07994614390813992, 0.07130256297382981, 0.08099569460184614], [0.07415637774575314, 0.08333333333333333, 0.0804850323622242, 0.0716430849682215, 0.07523744388994792, 0.07551928881062298, 0.07920797642592287, 0.07408819354450441, 0.07577083339931856, 0.07889800945117174, 0.07946074594013398, 0.07121730455886009, 0.08098237556998526], [0.07432829527167047, 0.08305035975056006, 0.0805686683013063, 0.07173817066907832, 0.07539133378428826, 0.07573401274383468, 0.0794101187490287, 0.07423947202421136, 0.0759886548730519, 0.0784888388341365, 0.07896548365867044, 0.0712840043414209, 0.0808125869987421], [0.07433806288477539, 0.08305519953237618, 0.08088572389481205, 0.07160153325425005, 0.07519942147719919, 0.07573885731466821, 0.07973287567061833, 0.0743091742741039, 0.07607992089452782, 0.07836955228155548, 0.07871399988564227, 0.07104938292920635, 0.08092629570626497], [0.07406894368465791, 0.07952517069688836, 0.08113369472192657, 0.07151568757833808, 0.07300142064750274, 0.07452722950021287, 0.08065739663195212, 0.07489700398623776, 0.07551749512160322, 0.0830317457435143, 0.08032987452206145, 0.07041969845823912, 0.08137463870686555], [0.07391469598850751, 0.07995264373765758, 0.08088966636695184, 0.07145744372233068, 0.0730618064326964, 0.07441939013477654, 0.0802819869941167, 0.07466585676946721, 0.07531900665777641, 0.0831270775505946, 0.08094667790011596, 0.07045341091944776, 0.08151033682556075], [0.07398652550525386, 0.07980420599329252, 0.08097377845447379, 0.0714974685862048, 0.07305770416548464, 0.07447429983747923, 0.08042901169511804, 0.0747642216124173, 0.07540235801611833, 0.08293631006075594, 0.08072766714670594, 0.07046155763086402, 0.08148489129583145], [0.07380590286448323, 0.08013314038073906, 0.08092906897846122, 0.0713364887211579, 0.07303118044316242, 0.07434692550634801, 0.08021051354794456, 0.07453111536396118, 0.07522725921974271, 0.08333333333333333, 0.08113018000538315, 0.07035405160754789, 0.08163084002773525], [0.0738452559013539, 0.0802348412598332, 0.080769008665371, 0.07145264676832484, 0.07311534929541282, 0.07437252434829561, 0.0800516119551768, 0.07455106655993705, 0.0752225868538559, 0.08307684811326072, 0.08129921113267971, 0.07050433854379946, 0.08150471060269894], [0.07371001954012445, 0.08055923134248835, 0.08068767373707855, 0.07134958259982996, 0.07312394909326927, 0.07428122227732756, 0.07983312935280193, 0.074365099705912, 0.07508319473921539, 0.08333333333333333, 0.08168178700633719, 0.07045541931738328, 0.08153635795489869], [0.07378397368858139, 0.0803685513310545, 0.08082318969847069, 0.07137651743286784, 0.07310884263347153, 0.07433964625744682, 0.0800294433286125, 0.07447104394367172, 0.07517732643909246, 0.08304662287966268, 0.08142376569003876, 0.07044200008705838, 0.08160907658997071], [0.07367670746327311, 0.08082796338198252, 0.08055532866384485, 0.07138120448814231, 0.0732149489259241, 0.07427130676225706, 0.07962660575664246, 0.0742838950305144, 0.07502260331146288, 0.08311573140382146, 0.08201842969190792, 0.07054428996689965, 0.08146098515332734], [0.07361600733305908, 0.08098022782054784, 0.08046638281766995, 0.07134719238652736, 0.07322985770525668, 0.07422942913726546, 0.0794910716446023, 0.07419580003824093, 0.07495310034180436, 0.08333333333333333, 0.08221409143247295, 0.07054154482634582, 0.08140196118287395], [0.07358242607411151, 0.081153060213917, 0.08044330021416495, 0.07132674290234436, 0.0732707572241087, 0.07422050822910986, 0.07941286041410499, 0.07413444279922891, 0.07491936349385946, 0.08314067763933268, 0.08240708648796334, 0.07054875119603245, 0.08144002311172176], [0.07351135021613728, 0.08136119336697342, 0.08031683413760692, 0.07129231410157814, 0.07330750099797922, 0.07417692107223776, 0.07923215767381656, 0.07402362257095531, 0.07483634047155373, 0.08333333333333331, 0.08266986558457963, 0.07055882872796107, 0.08137973774528752], [0.0734184618527952, 0.08176894945507093, 0.08027930418567387, 0.07120555473998424, 0.07338416592955628, 0.07414938494619784, 0.07907613370898028, 0.07386867344876137, 0.07475698542106626, 0.08298692542841853, 0.08311844626391153, 0.07052835260590874, 0.08145866201367494], [0.07337322024991398, 0.08196537411731757, 0.08026077486773951, 0.07115912715182447, 0.07341853129206141, 0.07413640817334806, 0.07900476845391534, 0.07379440379009002, 0.07472033089757975, 0.0827992244154637, 0.08333333333333333, 0.07050707487352229, 0.08152742838389053], [0.07336944375169896, 0.08209526286357284, 0.08028023273982947, 0.07115088391299147, 0.07345928640863474, 0.07415276506289385, 0.07899094919229345, 0.07377356776167569, 0.07472380155169543, 0.08269914575159942, 0.0831956337464326, 0.07051191090439249, 0.0815971163522898], [0.07332655167659534, 0.08242705869317721, 0.08024658388225425, 0.07110898861933912, 0.07354637742248155, 0.07416174482694286, 0.07888415570462678, 0.07368182038632345, 0.07469256352575375, 0.08239822269067668, 0.08333333333333333, 0.07051165261237548, 0.0816809466261201], [0.07329602220268538, 0.0827647823935712, 0.08022897238993344, 0.07107091197089689, 0.07363911197365036, 0.07418420791600065, 0.07881412341762348, 0.07360446470815395, 0.07467793674856034, 0.08211977665938819, 0.08333333333333333, 0.07051035498465391, 0.08175600130154878], [0.07331929887984048, 0.08304083798452117, 0.08020306190546528, 0.07110235151410699, 0.07376400777554486, 0.07424586164911912, 0.07876370334743818, 0.07358683490003129, 0.07470507516052098, 0.08187176407987859, 0.08304938518133388, 0.07057609372465792, 0.08177172389754125], [0.07345488862429474, 0.08307932435556291, 0.08008506166422324, 0.07129822461611535, 0.0740874921750262, 0.0744341663183729, 0.0786480696003065, 0.07364255124543483, 0.07481884518576988, 0.08140881957132738, 0.08255515768278757, 0.07084813528565842, 0.08163926367512005], [0.07355210411459853, 0.08333333333333333, 0.07996899221445695, 0.071436643416734, 0.07434210986098101, 0.07457886186141063, 0.07854273598268043, 0.0736734697226586, 0.0749025360665592, 0.0810161606281612, 0.08213370610269265, 0.0710470885717109, 0.08147225812402248], [0.07371004936583721, 0.08289269758105182, 0.08002608148542173, 0.07157113350461186, 0.07463248001412674, 0.0748050983156166, 0.07859607007334925, 0.07377063924391673, 0.07508444061668905, 0.08061782776501773, 0.08164209450199227, 0.07121414159501623, 0.08143724593735298], [0.07359998068725598, 0.08294100354305166, 0.08013659972273474, 0.07141671005652106, 0.07441215081792758, 0.07466785817294738, 0.07867598014354846, 0.07370904820745999, 0.07499425090929678, 0.08088894507886121, 0.08191834455128474, 0.07101338852047487, 0.08162573958863535], [0.07349226700779811, 0.08307541737699137, 0.08011907342994276, 0.07131863217410148, 0.07418925442314149, 0.07450620144739852, 0.07866440600509575, 0.07365261773042046, 0.07487188781309986, 0.08122889401233867, 0.08232902032082574, 0.0708832861834353, 0.08166904207541067], [0.07333800164090716, 0.08333333333333334, 0.0802009054502602, 0.071114228057998, 0.07387821579407741, 0.07430696185513073, 0.0787350824531363, 0.07356704787250988, 0.07473612164151261, 0.08162436744905431, 0.08275376746774603, 0.0706157341944113, 0.08179623278992283], [0.07357133508611584, 0.0830348038836029, 0.08011744484076894, 0.07139520160092618, 0.07436286742504143, 0.07462679145823757, 0.07865909496415045, 0.07369024298102747, 0.07495964772274445, 0.08096008044807217, 0.08201131395359414, 0.07098782283672761, 0.08162335279899066], [0.07352323809957208, 0.08299840277767881, 0.0803151155991489, 0.07125857538705549, 0.074258380773909, 0.07459529038312618, 0.07881061300522915, 0.07366466495253733, 0.07496255593442396, 0.08100144031970856, 0.08195682674197546, 0.07080776932443186, 0.0818471267012031], [0.07377478085044838, 0.08296398014521063, 0.0800348134635482, 0.07161375755752439, 0.07476972339566938, 0.07491128509733681, 0.0786093674089253, 0.07380207708090045, 0.07516751396965586, 0.08037038669632585, 0.08134446036292682, 0.0712713505385208, 0.08136650343300723], [0.07386799036810769, 0.0829287879581595, 0.08002502904345286, 0.07169240732277485, 0.07493829922849742, 0.07504471733693524, 0.07861878522460973, 0.0738589083704404, 0.07527419843776521, 0.08010366391341381, 0.08102937032594537, 0.0713673059136447, 0.08125053655625313], [0.07397762186771939, 0.0829414346792762, 0.08001686485125897, 0.07177317841836185, 0.0751244943411616, 0.07520290170668298, 0.0786413839226642, 0.07392895345300735, 0.07540569874355274, 0.07978368965130422, 0.08064820167659245, 0.07146082780124495, 0.08109474888717318], [0.07405301630462979, 0.08308558716795879, 0.07999289517697927, 0.07181786567919125, 0.07525035425376841, 0.07531157922235301, 0.07867126781344996, 0.07397068933503437, 0.0754953880382985, 0.0795329378422101, 0.08035517054494463, 0.07151268063230228, 0.0809505679888796], [0.07413928118376724, 0.08315044803708185, 0.08015111363502504, 0.07180434645835874, 0.07534411440400444, 0.07545326498812478, 0.0788671462842364, 0.07403650774761732, 0.07564111209070994, 0.07918588248933033, 0.07990705255484203, 0.07147058685656073, 0.0808491432703413], [0.07426902566315943, 0.08306375996192673, 0.0802803362666468, 0.07183446347568007, 0.07547142870504565, 0.0756381948811281, 0.07907578328103515, 0.0741423756105914, 0.07582907310488506, 0.0787722202104376, 0.07939133817452182, 0.07146958065045401, 0.08076242001448813], [0.07435576701318737, 0.08296137914462504, 0.0803860123904268, 0.07185004591868041, 0.0755280017342987, 0.07576235410636534, 0.07924603171918612, 0.07423076600381831, 0.07596771208829428, 0.07850780515676196, 0.07905145116782943, 0.07145116876824732, 0.08070150478827891], [0.0744118834755355, 0.08333333333333334, 0.08054650213325099, 0.07177072704270104, 0.07548409618146336, 0.07585479754449999, 0.07948978061269, 0.07430066541099284, 0.07610350020116277, 0.07817012082105253, 0.07860683101652974, 0.07130369669365585, 0.0806240655331321], [0.07440506102008668, 0.08333333333333334, 0.08093195232251792, 0.07159354837381914, 0.07521069460723943, 0.07582827095179002, 0.07987783760784099, 0.07437756468411813, 0.07619069625345637, 0.0780913362664999, 0.07837764063887669, 0.07100476222077748, 0.080777301719644], [0.0733941017993229, 0.0831123247848988, 0.08009026203178131, 0.07123179686538246, 0.07393305562064718, 0.07433648363454746, 0.0786666667802464, 0.073621283387183, 0.07475383593087802, 0.08164242820457301, 0.08282438522149717, 0.07075097328514265, 0.08164240245389946], [0.07337723379229451, 0.08277913017423151, 0.08010273357919061, 0.07121985414500817, 0.07377538985658809, 0.07425991400176205, 0.07871982878163458, 0.07366017891683595, 0.07472182125263657, 0.08196905854123039, 0.08311603638596857, 0.0706963319582337, 0.08160248861438539], [0.07340510146068803, 0.08241333335939989, 0.080128424943159, 0.07125279719113628, 0.07366011967217817, 0.07422795869925167, 0.07880091141804364, 0.07374251823212083, 0.07473366170682622, 0.082283360413939, 0.08313043256395239, 0.0706854362303506, 0.0815359441089545], [0.07342975672776329, 0.0822284748407133, 0.08012741500160485, 0.07128475213934883, 0.07361655333764781, 0.07422217931679977, 0.07884273651346059, 0.07379248667727065, 0.0747473894996383, 0.08248598626344117, 0.08304913152149306, 0.07069773676018522, 0.08147540140063314], [0.07344164085453175, 0.08192302213822525, 0.08013639523008591, 0.07129082549692867, 0.07350726139894, 0.07418732972793655, 0.07892046479309309, 0.0738508636968705, 0.07475111691080431, 0.08282695561610813, 0.08312313814716187, 0.07066320497678102, 0.08137778101253287], [0.07350665537643411, 0.08148599311786497, 0.08017597747174653, 0.07134292476170385, 0.07338702967779544, 0.07418322694364793, 0.0790751641466253, 0.0739851151444604, 0.07480550630834559, 0.08333333333333333, 0.08280560582720664, 0.07065185495550064, 0.08126161293533524], [0.07359015385443161, 0.08129513032799128, 0.08021605419643067, 0.07142618287642004, 0.07338306275654273, 0.07423247260682825, 0.07917812813540225, 0.07409912190333896, 0.07488020735829658, 0.08314771389368245, 0.0825998653778977, 0.07070692894945511, 0.08124497776328246], [0.07360045275174039, 0.08298105026379482, 0.08053597628174794, 0.07122697472611597, 0.07436513589750265, 0.07473845845677887, 0.07899797087978654, 0.07372023030025143, 0.07510997644546022, 0.08063653218220362, 0.08141021528165172, 0.07075282541952138, 0.08192420111344421], [0.07378217546630286, 0.08333333333333333, 0.08026750986477124, 0.07147267943863962, 0.07476870371730227, 0.07498656966419395, 0.07881101548476126, 0.07380407225951356, 0.07526625244769684, 0.0800821252321905, 0.08090206975918918, 0.07108252284958919, 0.08144097048251617], [0.073969536853283, 0.08315407884928708, 0.08020379624511423, 0.07165100375682909, 0.07506068191331204, 0.07522808166129434, 0.07881355188883099, 0.07393514488873705, 0.07546492218322184, 0.07965564421002856, 0.08041950953166267, 0.07128762700415148, 0.08115642101424757], [0.0736105540881019, 0.08112233727671614, 0.08028314888387594, 0.07141567994358174, 0.07331635050857008, 0.07423042814812923, 0.07929010874962365, 0.07415319498852335, 0.07491074513029633, 0.08333333333333334, 0.08241070308528298, 0.07065966787455938, 0.08126374798940604], [0.07368456194001277, 0.08094630106408535, 0.08035334827398567, 0.07147206964063084, 0.0733028006944146, 0.07427708900315586, 0.07941904754955662, 0.07425861825959754, 0.07498653363884283, 0.08314538733365893, 0.08220307980257581, 0.07068312590555569, 0.08126803689392735], [0.07375834966333387, 0.08072320352399423, 0.08043850234803991, 0.07151512910663876, 0.07326784524564843, 0.07432014576392294, 0.07957901940748963, 0.07437231941247452, 0.07506779290774045, 0.08303323844555406, 0.0819370347598009, 0.07068287431350138, 0.08130454510186082], [0.0737979402855479, 0.08046957550442653, 0.08048895790948908, 0.07151750413802598, 0.07319288484322223, 0.07432846118269668, 0.07971664452413396, 0.07445549362408084, 0.07511774103117479, 0.08333333333333333, 0.0816458971127054, 0.07063807283665072, 0.08129749367451256], [0.07389164442600839, 0.08026399571773468, 0.08057266357170248, 0.0715811862409545, 0.07318762122217745, 0.07439526223794118, 0.079884527183221, 0.07458442300194199, 0.07521925245853166, 0.08305030000105158, 0.08139211377866892, 0.07066227740248529, 0.08131473275758086], [0.07392972072182263, 0.08017495468056207, 0.08062707638033119, 0.07159831473556937, 0.07318179224402206, 0.07442457354616334, 0.07997426615247685, 0.07463836159502149, 0.07526565268130304, 0.08291251923972039, 0.08127633434958788, 0.07066002514523527, 0.08133640852818429], [0.07396233675181003, 0.08002121764650261, 0.08069382901144198, 0.0715928361515064, 0.07314375962712666, 0.0744443562629353, 0.08010009611415943, 0.07469762883276365, 0.07531420228140176, 0.0829751764531375, 0.081085345590802, 0.0706220320918995, 0.08134718318451319], [0.07401232930815231, 0.07985956388382451, 0.08075533333744402, 0.07160840142985518, 0.07312103156057775, 0.07447936406190679, 0.08023138110976258, 0.0747741967023835, 0.07537754554872694, 0.08295006287082136, 0.08088522936131658, 0.0706056248952816, 0.08133993592994677], [0.0740907581865102, 0.07959883908879437, 0.08083779040363698, 0.07165366628402724, 0.07308406873976271, 0.07452447883303172, 0.08037864776001384, 0.07489458123854026, 0.07547307931204916, 0.08304537320817634, 0.08057845467995531, 0.07060540335244685, 0.08123485891305489], [0.07414519310240653, 0.07937610745015497, 0.08093405541345222, 0.07163788769319909, 0.073010911277228, 0.07453930877893859, 0.08055542798006221, 0.07497506869603796, 0.07554076408927611, 0.08333333333333334, 0.08027075607616367, 0.07054008630339523, 0.0811410998063522], [0.0740563491874942, 0.07961917080914274, 0.08095164850503626, 0.07157279070500819, 0.07304655382554828, 0.07450838597153424, 0.08046715326059552, 0.07486286964415867, 0.07546549744559365, 0.08306877557023142, 0.08053864119753074, 0.07051211293726013, 0.0813300509408661], [0.07372929742457379, 0.0830953464598395, 0.08013863619598242, 0.07151422706553981, 0.0746870669909741, 0.07487486057773066, 0.07868740596180754, 0.07377173939613593, 0.07515313540588946, 0.08039650372688184, 0.08133313548130447, 0.07114445592208375, 0.08147418939125668], [0.073613772808863, 0.08333333333333334, 0.0802772526141059, 0.07133530061320484, 0.07447782928837757, 0.07474764739282212, 0.07878278085951752, 0.07369761754017644, 0.07507079213691725, 0.08058039098053303, 0.08148538948988526, 0.0709188615895887, 0.08167903135267511], [0.07389472483827429, 0.08299345847170592, 0.0805238083110212, 0.07145840777749297, 0.07481813067045116, 0.07514012923480733, 0.07907588347796984, 0.07392411314871701, 0.07545380379875354, 0.0798093342889388, 0.0804603184665832, 0.07101175277290965, 0.08143613474237511], [0.07373387882587795, 0.08304462896612898, 0.08049243864763862, 0.07135030686834055, 0.07460197115053986, 0.0749240511499467, 0.07899203165797312, 0.07380208264961179, 0.07525671091496641, 0.08023851998354709, 0.08097769524657666, 0.07090352473215457, 0.08168215920669764], [0.07333716873709958, 0.08309337602708838, 0.08051754447227481, 0.07098836833569727, 0.0738602213476483, 0.07435599529142925, 0.07897104053472462, 0.07357071681083842, 0.0748123751621495, 0.08150583558061497, 0.08236152403274304, 0.07044831139784434, 0.0821775222698475], [0.07351495235730825, 0.08294414303043493, 0.08054867963881453, 0.071149414217987, 0.07420447321456604, 0.07461542600381722, 0.07899704232582361, 0.07367088233424189, 0.07501400270860682, 0.08091540235815757, 0.08171362555689896, 0.0706551678748521, 0.08205678837849113], [0.07393779565318372, 0.08333333333333333, 0.08061741939717199, 0.07142338535419304, 0.07486024000986188, 0.07522451697552697, 0.0791731508185714, 0.07395536654566527, 0.075545290217796, 0.07950569411018173, 0.08007927694813673, 0.07095324474577044, 0.08139128589060736], [0.0740876552786654, 0.08285621080022013, 0.08088396497577348, 0.07145640813019066, 0.0749267260175962, 0.07540739865464802, 0.07949127223566015, 0.07411206078554897, 0.07576326454627406, 0.07913417286660507, 0.0795674461209849, 0.07092843013176045, 0.08138498945607248], [0.07457341422360848, 0.08303418893407663, 0.08069628405951006, 0.07181441859589016, 0.07550937135461636, 0.07603460434812206, 0.07978438234786053, 0.07447969609406245, 0.07633145540165608, 0.07782626096426683, 0.07815075206910561, 0.07127598559810061, 0.08048918600912412], [0.07452815803952177, 0.0831270691072709, 0.08050291438007395, 0.07187384371807562, 0.07561676124075446, 0.07599264214071515, 0.07954000575487861, 0.07439447285866574, 0.07622779602135878, 0.07795302337453079, 0.07836782277773692, 0.07140699435537028, 0.08046849623104714], [0.07357890745533391, 0.08088741896074306, 0.08222172145875394, 0.07077407003397992, 0.07319090526155543, 0.07443570149724775, 0.08059547012381357, 0.07414464506647143, 0.07526279481117158, 0.08132043939429257, 0.08059527178829197, 0.06983051236472575, 0.08316214178361905], [0.07353028839432614, 0.08098489864644978, 0.08192200677428642, 0.0708001836733906, 0.07313746847388751, 0.07434744419448551, 0.08042622891026352, 0.07410678354709051, 0.07516440081341103, 0.08166444219591336, 0.08097160686630313, 0.06987339922194032, 0.08307084828825219], [0.07346754939446266, 0.08124341788072924, 0.08175000404454835, 0.07078411693654205, 0.07318040349235246, 0.07430609617733552, 0.08021795434671918, 0.07400730428439463, 0.07508205259408093, 0.08186681092698574, 0.08122567884029942, 0.069901908364963, 0.08296670271658699], [0.07341488828278264, 0.08143140244857804, 0.08154929445894882, 0.0707841650395972, 0.07320002291409054, 0.07425794355925237, 0.0800288804448893, 0.07393104777489963, 0.07500236883872786, 0.08210307943540307, 0.08149553428415278, 0.06993786783242668, 0.08286350468625107], [0.07335399048244465, 0.08177869625524684, 0.0814562165067639, 0.07073827414891644, 0.07329914658140733, 0.07425623314153497, 0.07985245553442441, 0.07380916430620452, 0.07494744938077061, 0.08201592005621225, 0.08162604000222529, 0.06994563724017007, 0.08292077636367855], [0.07332413843296, 0.08199605109878229, 0.08144212006859723, 0.07069273056418655, 0.07339194851522027, 0.074284913451669, 0.07977712209001181, 0.07372997103871097, 0.0749391533767156, 0.08173826807653543, 0.0816003140881036, 0.06993379246501955, 0.0831494767334877], [0.07344649652655806, 0.081853907069598, 0.08166901292814924, 0.07074871902569026, 0.07356055529656644, 0.07446311803319186, 0.07994275612185156, 0.07382063452114926, 0.07510918578911675, 0.08121541375851575, 0.08115523863896809, 0.06998699202457351, 0.08302797026607123], [0.0735771352757778, 0.08131336621586732, 0.08218179513397318, 0.07073472597969799, 0.07352276128037304, 0.07459775393835251, 0.08038880598149772, 0.07399859040713101, 0.07531870871531494, 0.08069944147469454, 0.08044911998388543, 0.0698844622801013, 0.08333333333333334], [0.07361561808935575, 0.08103799575317652, 0.08252499539478145, 0.0707142586582031, 0.07333443437407934, 0.07456818317444676, 0.0807062971678297, 0.07412401237713087, 0.0753739842389668, 0.08068345851800952, 0.08020352850980463, 0.06977990041088215, 0.08333333333333333], [0.07364847252247235, 0.08081369975961479, 0.08252223953483215, 0.07077085064501905, 0.07326763927714262, 0.07454666699176365, 0.08077575712198756, 0.07419944317374838, 0.07538145336516455, 0.08093986820255446, 0.08025242559861907, 0.0698120830445529, 0.08306940076252836], [0.073528871984994, 0.08108514438114146, 0.08219937491510704, 0.07072048034624702, 0.07326127944104893, 0.0744380215831788, 0.08048300443108211, 0.07404725925977597, 0.07522716581348492, 0.08120389423446348, 0.08065915638071232, 0.06981301389543039, 0.08333333333333331], [0.07351299477051734, 0.08104358385990136, 0.08207340048734198, 0.0707386661744611, 0.07317947606516484, 0.07437643472834916, 0.08045046968099412, 0.07406281825052374, 0.07518210042858861, 0.08143822295550428, 0.08078936129893764, 0.06981913796638256, 0.08333333333333334], [0.07340669765932513, 0.08148569891233061, 0.08181369406221621, 0.07068730200314924, 0.0732674597248711, 0.07432391478334431, 0.08014050531189003, 0.07388685306536408, 0.07505907911704893, 0.08160367937304529, 0.08115028467024978, 0.06984149798383203, 0.08333333333333334], [0.07350574346068572, 0.08149771910137536, 0.08195477973305398, 0.07075390978440586, 0.07344808346542528, 0.07447722508464955, 0.08021307263997879, 0.0739428999088709, 0.07518788033567662, 0.08121645515446164, 0.08092563969735235, 0.06992572258491138, 0.08295086904915258], [0.07348229619417666, 0.08141986882361484, 0.08197102708466367, 0.07072902277323057, 0.07335808900484642, 0.07442495391769244, 0.08024923949752066, 0.07394868933864661, 0.07515874337805614, 0.08133827150957901, 0.08094759410515476, 0.06987973980714185, 0.08309246456567618], [0.07356948728875512, 0.0812297138757615, 0.08218834120162977, 0.07075869820046918, 0.07343555502066423, 0.07453938615197149, 0.08041354550369866, 0.0740286334596383, 0.07528302583071209, 0.08098123346587797, 0.08062203050626074, 0.06989229968023389, 0.0830580498143272], [0.07343218674203951, 0.08139280062752147, 0.08180040751669226, 0.07072665100362097, 0.0732320319241313, 0.07431745294340232, 0.08017423114061466, 0.07393689154268501, 0.07506970997651072, 0.08171920701389249, 0.08116556248800057, 0.06986569832557012, 0.0831671687553185], [0.07337184807085423, 0.08180697207350059, 0.08159484905812156, 0.07070865386842656, 0.07336512635448768, 0.0743176482408487, 0.07992312521032655, 0.07380338974463282, 0.07500061510686663, 0.08169027740307122, 0.08142759319388092, 0.06991850188182987, 0.08307139979315276], [0.07342496584227232, 0.08178395744358359, 0.0817098238353702, 0.07072335355919669, 0.0734712957831765, 0.07441373134631024, 0.0799890334438774, 0.07382838375237727, 0.07508380914902979, 0.08135552075938624, 0.08119625617472323, 0.06993972332363085, 0.08308014558706554], [0.07356476177578089, 0.08146337881290641, 0.08200073757929426, 0.07077117197390569, 0.07359796418591052, 0.07459841235857899, 0.08023296008958018, 0.07395539770521319, 0.07528270886688565, 0.08079633701120309, 0.0806384111149257, 0.06996021224303348, 0.0831375462827818], [0.07353534193906587, 0.08173011653961258, 0.08175543970213138, 0.0708109486908813, 0.07367481700906231, 0.07457920787016474, 0.08002049771742686, 0.07389037954630776, 0.0752180032224162, 0.08094723622628397, 0.08091651841411135, 0.07005041821878888, 0.08287107490374675], [0.07337504676193357, 0.08165117110054401, 0.08159408491447831, 0.07072002930725899, 0.0732758068113033, 0.07427762308121737, 0.07997085066660474, 0.07384492370811552, 0.07498959084767419, 0.08188294200974328, 0.08144055783112748, 0.06990330121756876, 0.08307407174243041], [0.07332972344995754, 0.08201757611782592, 0.08148562295985075, 0.07067429829818608, 0.07344130956526862, 0.07432074828683753, 0.07978998505538232, 0.07371562728420708, 0.07496418259873439, 0.08153285040936456, 0.08147232845928552, 0.06992241418176649, 0.08333333333333334], [0.0734064532470622, 0.08205511242780944, 0.08150009016360653, 0.07074628400398765, 0.07359729181337091, 0.07443606823514654, 0.07979114427355717, 0.07375437465611903, 0.07505155422189679, 0.08126029964460081, 0.08131547246449758, 0.07001786103650398, 0.0830679938118413], [0.07390059703988373, 0.08036874118789641, 0.08269947834921247, 0.0709193566365056, 0.07310575035377796, 0.0746763559463166, 0.08145012905693184, 0.07459778098585845, 0.07565856324430799, 0.08096587776536769, 0.07952892289113515, 0.0698094167599603, 0.0823190297828458], [0.07382589781467411, 0.08060646507459458, 0.08292730318522583, 0.07082298046903102, 0.07315369923491104, 0.07466456622704791, 0.08133484986632099, 0.07447348373100059, 0.0756116219924112, 0.08076212423531255, 0.07951988471002529, 0.06974521246237235, 0.0825519109970725], [0.07376406017923443, 0.08101884101863316, 0.0830405880158541, 0.07073619655179145, 0.07329225725676375, 0.07470257127071224, 0.08115445166341656, 0.07432659441055883, 0.07558745982358522, 0.08035226468098827, 0.07953320123249837, 0.0697135707355567, 0.08277794316040694], [0.07390868618367293, 0.0814302578618562, 0.08275716882723923, 0.07084038420567583, 0.07355968172187312, 0.07493006325722645, 0.08113100769096004, 0.07439857039819489, 0.07577292885308462, 0.0797754760793505, 0.07920843223418579, 0.06984716996639785, 0.08244017272028256], [0.0743184241254897, 0.08123117754895035, 0.0830514534655769, 0.07107074721498274, 0.07371124359407048, 0.07534070877741911, 0.0816424731226185, 0.07484794151058853, 0.07628113546795226, 0.07896594610977758, 0.07807461079420086, 0.06996279015979452, 0.08150134810857847], [0.07448449649511082, 0.08051987276367363, 0.08333333333333333, 0.07115628130077355, 0.07345114330356592, 0.07536038612988169, 0.08233919571974337, 0.0751741431203637, 0.0764570422859356, 0.07910974427495734, 0.07759535105601703, 0.06990389815695398, 0.08111511205968999], [0.0744203689430061, 0.08009154858247801, 0.08333333333333334, 0.07114479026144749, 0.07317866939172202, 0.07516573384427894, 0.0826412701017671, 0.0752235257402533, 0.07632935136669533, 0.07972281751821997, 0.07776582921193823, 0.06983782037556613, 0.08114494132929413], [0.07424285513429706, 0.08002786115020752, 0.08312302407514731, 0.07108657679219473, 0.07306053803945929, 0.07494513397263824, 0.08229774224744105, 0.07505682127470857, 0.07607497816308624, 0.080378874775894, 0.07840581564783936, 0.06982050820034026, 0.08147927052674626], [0.07400576267259514, 0.0802983799956499, 0.082758058839104, 0.07097469690090556, 0.0731029862410555, 0.07476207971037632, 0.08169645158719886, 0.07473512566145343, 0.0757853847775809, 0.08075817291977606, 0.07920529181047575, 0.06982083454594949, 0.0820967743378789], [0.07389542619915743, 0.08056758940801609, 0.08296661519203778, 0.07085731466419813, 0.0731527375752565, 0.0747231034805445, 0.08149865282554412, 0.07456337314350751, 0.07569736052876397, 0.08063529449271158, 0.07930328325445178, 0.06975023789644923, 0.08238901133936134], [0.07384640076981612, 0.08087668243833751, 0.08333333333333333, 0.07076058840943089, 0.07323311832873762, 0.07475486181477754, 0.08141909369312125, 0.07445525147184925, 0.07569397842817704, 0.08025906856175369, 0.07920257522553452, 0.06968153768823587, 0.08248350983689533], [0.07387356609194246, 0.08105040653176154, 0.08314439463807552, 0.0707830514456016, 0.07333358188355583, 0.07481879750122909, 0.08136252755690188, 0.07444718311805698, 0.07573253827758976, 0.08007873870488517, 0.07917068644813956, 0.06972581497069696, 0.08247871283156351], [0.07403265287440437, 0.08105619513648799, 0.08292692143903445, 0.0708921540857923, 0.07342146084695285, 0.07497940624692731, 0.0815720036129883, 0.07461495479281118, 0.07591938422819375, 0.07979897131891027, 0.07881434364174811, 0.06980361207759177, 0.08216793969815744], [0.07409763229689893, 0.08049815329753414, 0.08299364127600722, 0.07096684979265863, 0.07319912510787888, 0.07491087160044053, 0.08191678864181451, 0.07480310842158265, 0.07594611439892683, 0.08020086222320624, 0.0787127118455656, 0.06979299284616247, 0.08196114825132339], [0.07426999045011169, 0.08039677031187163, 0.08302859470147632, 0.07106043453034881, 0.07323995329765545, 0.07507189642886937, 0.08225553564587751, 0.07500