[[0.07343084594899432, 0.08147082026089651, 0.07092197186758004, 0.07504183711987612, 0.0759700736852634, 0.07042676209251741, 0.08032169378954362, 0.0825080992542762, 0.08088111446028406, 0.07466171565723685, 0.07340017764310665, 0.08158947586886892, 0.07937541235155589], [0.07340527188657119, 0.08134890624757254, 0.07090400227543038, 0.07495167326375295, 0.07584593941836057, 0.07039638629644908, 0.0801318895681239, 0.08277390316342553, 0.08118141895574947, 0.07454746725210518, 0.07340275602612646, 0.08166251605615758, 0.07944786959017516], [0.07339627393587722, 0.0811738775964975, 0.07091368775310451, 0.0748621680190907, 0.07571416303227232, 0.07039364735830046, 0.07990445844377127, 0.08302980607357434, 0.08154204811776851, 0.0744324903934304, 0.07342633719139852, 0.08169240862901805, 0.07951863345589633], [0.07341789978111053, 0.08105918163807325, 0.0709405664902467, 0.07481472345500913, 0.07562924008246218, 0.07040452316194067, 0.07974697418997041, 0.08297388726334215, 0.08184031018212169, 0.07435522693010595, 0.07347732908664713, 0.08172808625328333, 0.07961205148568695], [0.07348066045708487, 0.0808957439955035, 0.07102795802572164, 0.07479046209860495, 0.07555810126349032, 0.070478417356705, 0.07956148324239241, 0.08273316364257194, 0.08219468425554483, 0.07430298783426456, 0.07357262377805604, 0.08170197742570526, 0.07970173662435483], [0.07346753886371768, 0.08080793784270851, 0.0709942493979187, 0.07472684207217914, 0.07546633878351824, 0.07042276063865258, 0.07943768352692841, 0.08295520219833565, 0.08243265280633078, 0.07420411692040517, 0.07358619167194362, 0.0817123632221251, 0.07978612205523651], [0.07342773554288415, 0.08073978521254348, 0.07087752097352465, 0.07462163290398192, 0.0753222084397821, 0.07025692981873921, 0.0792941288896411, 0.08333333333333333, 0.08272898388161967, 0.07402455479167802, 0.07359127232950168, 0.08179724124977586, 0.07998467263299473], [0.07351713724384124, 0.08065459806253615, 0.07092910997603097, 0.07462543857565675, 0.07527567182797804, 0.07026867044052945, 0.07917548525696687, 0.08295246547089898, 0.08289510105336438, 0.07396395801738752, 0.0737240295673136, 0.08181364420143969, 0.08020469030605654], [0.07361813399732699, 0.08067519472535038, 0.07095471289971964, 0.07466676596738996, 0.0752775383310348, 0.07024620706021513, 0.07915377788528309, 0.08257771709346404, 0.082616449150089, 0.07393052867879642, 0.07386387122902903, 0.08191666986678837, 0.0805024331155131], [0.07375151780753025, 0.0806133462959339, 0.070988964542777, 0.07470919541913876, 0.07526052162688257, 0.07021429188327204, 0.07906907679324215, 0.08203549056738478, 0.08265521317367229, 0.07387013994017629, 0.07405311472437132, 0.08189081854289977, 0.08088830868271883], [0.07385309147538793, 0.08053392137978455, 0.07095607901514801, 0.07473390429326032, 0.07523015246612547, 0.07010581680643006, 0.07898593822773939, 0.08144997106032391, 0.08308189635094204, 0.07377960802689873, 0.07421077422842745, 0.08176687652988004, 0.08131197013965209], [0.07404191353334771, 0.08036477061769536, 0.0711018154087094, 0.07482578285224877, 0.07526101436925108, 0.07020673891348136, 0.07886907623114164, 0.08102639222271824, 0.08298380807431882, 0.07379920078252401, 0.07444515445518134, 0.08150449168678894, 0.0815698408525931], [0.07419596858244537, 0.08037844295633297, 0.07113361337032606, 0.07495252423835196, 0.07535576102986322, 0.07018232763652013, 0.07892133994853531, 0.08056624096997879, 0.0824611624304938, 0.07383686124769552, 0.07462844016156196, 0.08138329161163464, 0.08200402581626015], [0.0743087038834262, 0.08038386515454013, 0.07115396168859921, 0.07505597894822387, 0.07543971576354327, 0.07016358976886763, 0.07897190320562905, 0.08022370853559091, 0.08206987899782872, 0.07387695879889793, 0.07475745725821771, 0.08125954583974532, 0.08233473215689006], [0.07440125628430502, 0.08045869977247001, 0.07111562363587925, 0.07518431502190748, 0.07556631523782252, 0.07008326773653756, 0.07911004805269022, 0.07982114112793112, 0.08156216825520594, 0.073935321444623, 0.07485205586126141, 0.08113650103228308, 0.08277328653708356], [0.07443264119223557, 0.08058761597878751, 0.07104794035904145, 0.0752870797345353, 0.07569048263680613, 0.06999505399133132, 0.07929345887788022, 0.07955138278138721, 0.08116700007673361, 0.07400108283990457, 0.07486536975497805, 0.08107925927736728, 0.0830016324990119], [0.07454916539042311, 0.08071968069033927, 0.07107166105176163, 0.07549259517554589, 0.07592090422700286, 0.07000365991793918, 0.07954806882162913, 0.07919093789228954, 0.08065129153420707, 0.07417201245769334, 0.07495048889038866, 0.08092958852662546, 0.0827999454241549], [0.07461104145239222, 0.08095683754915303, 0.0710752981598546, 0.07570617689308488, 0.07619718632265797, 0.07001959915995504, 0.0799288697086606, 0.07891680772160449, 0.0801540531935576, 0.07439368990589487, 0.07494823868542881, 0.0808355088326356, 0.08225669241512033], [0.07350700204222206, 0.08140565675672723, 0.07107358128282282, 0.07517879997109327, 0.07614295671539423, 0.07062400965676548, 0.08044457976722547, 0.08227992093279404, 0.08056160487021786, 0.07487172607376445, 0.07343224850045472, 0.08131617891202854, 0.07916173451848989], [0.07345916745827098, 0.08130005023217958, 0.07102510234724102, 0.07505313663332487, 0.07597599076110073, 0.07055698517416797, 0.0802195465655073, 0.08264133080938917, 0.08092842958340406, 0.0747110796905044, 0.07342074435666533, 0.08144280590292054, 0.07926563048532398], [0.07343876039468336, 0.08121860407653854, 0.07100843595696515, 0.07498632815259017, 0.07588464216767674, 0.07053062466315979, 0.08008561036181717, 0.08285193276707165, 0.08114123303564834, 0.07462561509769995, 0.07342089414952431, 0.08149042551604276, 0.07931689366058225], [0.07340444686520005, 0.08110127507727904, 0.07094825896620018, 0.0748564353822161, 0.0757022435232599, 0.07043563373457348, 0.07984950387068601, 0.08312099838187649, 0.08159146472461212, 0.07443620032968475, 0.07343528139071279, 0.08163341937876496, 0.07948483837493413], [0.07342116680328058, 0.08123105523734038, 0.07096932257876024, 0.07495318599110629, 0.0758422240980316, 0.07047874536718593, 0.08005634166061039, 0.08290160184153919, 0.081226575599376, 0.07457247084652813, 0.07341495149151472, 0.0815577553711503, 0.07937460311357618], [0.07344760141492537, 0.0809551045350297, 0.07100693511316654, 0.07481397186589456, 0.07561348921917269, 0.07047786356238209, 0.07966138515689011, 0.08296212449894995, 0.08194875161404125, 0.07436143218501962, 0.07351265505103564, 0.08165112522585262, 0.07958756055763984], [0.07350900691741435, 0.08081049658186053, 0.07110481532795086, 0.07480939146662807, 0.07557401581495872, 0.07057265623261828, 0.07951684570463043, 0.08276080568627506, 0.08219354119209274, 0.07434564693268426, 0.07359482089642688, 0.0815860690268543, 0.07962188821960545], [0.07347539711145618, 0.08076574134233738, 0.07101063206378415, 0.07471977516476071, 0.07545154279235088, 0.07043856165636861, 0.07939843487419238, 0.08298600406582338, 0.0824926495984702, 0.07419495461410842, 0.07359877403545557, 0.08168204290522717, 0.07978548977566512], [0.0735133572748125, 0.08058550394425948, 0.07105875253639511, 0.074674849933247, 0.07536173878829135, 0.07046783415712989, 0.07920785738512007, 0.08306512894489819, 0.08283963768432799, 0.07411640138729948, 0.07367042814197351, 0.08158471206819509, 0.07985379775405033], [0.07355501670679847, 0.08051216138513627, 0.0710366583961069, 0.07463464949756708, 0.07527297014371725, 0.07039644666116467, 0.07908040765397105, 0.08290698913451328, 0.08313233284266389, 0.07399982573220659, 0.07375994020993819, 0.08162778768677598, 0.0800848139494403], [0.07362242641888227, 0.08053754127493427, 0.0710405468931397, 0.07465699875765337, 0.07526568690773883, 0.07036126876719571, 0.07906577083750921, 0.08268934388355424, 0.08290122943446313, 0.07396230374096183, 0.0738583527462807, 0.0817234668126996, 0.08031506352498716], [0.07372289549697038, 0.08053797859378446, 0.07108692554254777, 0.0747042076882406, 0.0752783549514661, 0.07037005106673934, 0.0790434664627763, 0.08240283616859008, 0.08259227005188052, 0.07395065683217839, 0.0739906629268358, 0.08176810843928309, 0.08055158577870704], [0.07380698309576034, 0.08049719030756693, 0.0711135538779628, 0.07473189228624712, 0.07526964468896394, 0.07035717011056747, 0.07899095609784007, 0.08208720182027626, 0.08259922793204044, 0.0739171842335383, 0.07410865547728256, 0.08174483924567393, 0.08077550082627995], [0.07384558821868936, 0.08045136793905756, 0.07111499259945969, 0.07473539604322735, 0.07525059974556801, 0.07033364596703025, 0.07894284931873487, 0.08188850554901686, 0.08278796323120502, 0.07388256463210117, 0.07416877148501325, 0.08169674651310135, 0.08090100875779518], [0.07390822153080104, 0.0803731667854571, 0.07113225811564951, 0.07474731758089725, 0.07523025677073875, 0.07031823632469464, 0.07887083141390512, 0.08161872517752204, 0.08303506585192813, 0.07384431811298124, 0.07426061660113213, 0.0815992362943901, 0.08106174943990292], [0.07393823731542161, 0.08035156821457833, 0.07107860796690295, 0.07474913859284717, 0.07520920840629071, 0.07022333981219382, 0.07884378709712378, 0.08133399057516139, 0.08333333333333333, 0.07378462569820987, 0.07431764245124693, 0.08155221186602159, 0.08128430867066853], [0.07423885698949129, 0.08013617387570889, 0.07134785317156972, 0.07491644047375982, 0.07529415662346417, 0.07044155610758021, 0.07870823340163782, 0.08080233766756056, 0.08278918563206704, 0.07386804909823133, 0.07467484011787466, 0.08121723824589717, 0.08156507859515724], [0.07434869221398757, 0.08016122317190115, 0.07134281703215323, 0.07501057968813667, 0.07536497447227802, 0.07038699659386188, 0.07875955549424532, 0.08044224559473472, 0.08241678368855555, 0.07388502348520694, 0.07480884924838871, 0.08114339268928136, 0.08192886662726888], [0.07402048641417654, 0.08044464723562628, 0.07104056811771632, 0.07483049779057714, 0.07527630674043222, 0.07013710119337563, 0.07893467769635126, 0.08099040589777119, 0.08287882183594213, 0.07379188142505327, 0.0744198728189012, 0.08157622676178407, 0.0816585060722927], [0.07446381723507486, 0.08012882274525109, 0.07139066912878426, 0.07509997243826837, 0.07542947505382849, 0.07040131354070352, 0.07876856797240421, 0.08015870630423667, 0.08211169364337462, 0.07392049263369785, 0.07494344950798945, 0.08101932686183622, 0.08216369293455028], [0.07459686062019427, 0.08014222147166086, 0.07139359022295308, 0.07523618584401108, 0.0755464815251872, 0.0703544720883631, 0.07884969000183299, 0.07973699860796966, 0.08162657516279824, 0.0739752760351363, 0.07509220543684866, 0.0808645298735535, 0.08258491310949105], [0.07460468850762783, 0.08023028806934213, 0.07131406183327921, 0.07529221267213727, 0.0756154426609721, 0.07025399567693556, 0.07896604060450037, 0.07955008474147943, 0.08136943282848262, 0.07399594764061404, 0.07509192551337161, 0.08084536533326882, 0.08287051391798894], [0.07463772271290514, 0.08033968302320811, 0.07121760230031088, 0.0754050391898878, 0.07574878760506604, 0.07012787451608213, 0.07915145131755913, 0.07921409120165457, 0.08091388467749687, 0.07405587317886138, 0.07510713951067169, 0.0807475174329628, 0.08333333333333333], [0.0748294048962263, 0.08035522614393358, 0.07133760837608605, 0.07563414423133785, 0.07597481044140683, 0.07022846966415316, 0.07932335401163851, 0.07886299586290614, 0.08046945243712267, 0.07424160643515776, 0.07528414629192727, 0.08054674861904494, 0.08291203258905896], [0.07477418610417508, 0.08062096464982846, 0.07123750831691748, 0.07572313821567217, 0.07613119589738827, 0.07014591413341227, 0.07964233331413262, 0.07879749840876904, 0.08022586513612125, 0.07435195866402995, 0.07517142145585658, 0.08062602838303717, 0.08255198732065952], [0.07354079846478805, 0.08123586909357981, 0.07118213792161315, 0.07519052660204986, 0.07614614700857139, 0.07075853641413214, 0.08032959605428813, 0.08236636394503864, 0.08061137115815986, 0.0749191152540272, 0.07346035381379204, 0.0811919082658771, 0.07906727600408259], [0.07347913405449173, 0.08106489620277571, 0.07112197153025716, 0.07500928129588764, 0.07590122830734523, 0.0706701574904513, 0.07999583151409977, 0.08291282297209512, 0.08115628218183478, 0.074684194115431, 0.07345351553848291, 0.08133845648307748, 0.07921222831377017], [0.0734972130475396, 0.08113889742872023, 0.07113702278173699, 0.07507209258581014, 0.07598781626143791, 0.07069494034743683, 0.08012063090869911, 0.08271353261910815, 0.08095706671858044, 0.0747657591533886, 0.07345174888966755, 0.081299208167815, 0.07916407109005945], [0.07343773305913205, 0.08108780709829169, 0.07103714941573289, 0.07493940448062268, 0.07581446996974604, 0.0705602938212555, 0.07994013899459756, 0.08306597571912977, 0.0813274194140598, 0.07457553105638207, 0.0734344886946785, 0.08146103179593338, 0.07931855648043803], [0.073466640542943, 0.0809236447116156, 0.07112168309674824, 0.07492223891848238, 0.07577460559951694, 0.07065604148547011, 0.07979324416891714, 0.08318763469834697, 0.08147142025658292, 0.0745695368699172, 0.07347213688633407, 0.0813630324149648, 0.07927814035016072], [0.07348475594714589, 0.08083747292484339, 0.07112654099167187, 0.0748594950464095, 0.07566711002809141, 0.07063380400656727, 0.0796306021588151, 0.08307681713684503, 0.08182985104228128, 0.07445947982450571, 0.07352866377162769, 0.08144624676547119, 0.07941916035572465], [0.07342625920540394, 0.08095922369253035, 0.07103750252014264, 0.07486811999183342, 0.07571161846808558, 0.0705503655583811, 0.07977114196167703, 0.08333333333333333, 0.08158356091854524, 0.07448363338631694, 0.07344756536752613, 0.08146420309163482, 0.07936347250458943], [0.07355373224691822, 0.08070425332649594, 0.07121772813555106, 0.07484597910025981, 0.07560880103700174, 0.07071134014769408, 0.07946958744232172, 0.08276669384749558, 0.08213785993268935, 0.07441763488568837, 0.07362843081547878, 0.08143015911815252, 0.07950779996425304], [0.07358784903216903, 0.0806252219277741, 0.07125874022532992, 0.0748318059014053, 0.07556824009602826, 0.07074170949097984, 0.0793741362210819, 0.08265081038046247, 0.08231996065423752, 0.07438348419018592, 0.0736818470440371, 0.08141396527377279, 0.07956222956253577], [0.0735752300249013, 0.08058689457606501, 0.07122142301819608, 0.07478613702209594, 0.07550374958867177, 0.07068520007463856, 0.07930241876722775, 0.08277347746172303, 0.08249236957561153, 0.07430803456117942, 0.073689047517136, 0.08144073565336674, 0.07963528215918676], [0.07360519589211159, 0.08046853069200775, 0.07125141455867116, 0.07475208592103755, 0.07543459181677935, 0.0706971820306605, 0.07916596700713209, 0.08280854878046638, 0.08273249565879562, 0.07424291832084655, 0.07374656200497659, 0.08139161092569265, 0.07970289639082194], [0.07360016822280736, 0.08040936501572518, 0.07117300690169251, 0.07467665623619112, 0.07531753175585462, 0.07056888939982998, 0.07904086365077842, 0.08283644662703994, 0.08313839824399633, 0.07409208456779902, 0.07378732326691645, 0.08145147757191819, 0.07990778853945094], [0.07360804691320597, 0.08038515856462299, 0.07114468504222769, 0.07465183894635043, 0.07527297178324795, 0.07051646826734337, 0.07899007059007652, 0.08276164872869747, 0.08333333333333333, 0.07403094423056926, 0.07381662043736852, 0.08147492850175606, 0.08001328466120039], [0.07363187434581243, 0.08039839541152793, 0.07114372558602394, 0.0746590108635956, 0.07526927911752024, 0.07050048540674185, 0.07898646270874929, 0.0827193168927555, 0.08320852712858222, 0.07401531071455428, 0.07385226363752137, 0.08151563724262383, 0.08009971094399165], [0.07373653930528286, 0.0803773191799505, 0.07120839574046857, 0.07470249766824222, 0.07527526067836256, 0.07053077531614858, 0.07894434385501109, 0.08249197536142829, 0.08289107953757963, 0.0740044214168923, 0.0739896197905173, 0.08154238348933164, 0.08030538866078453], [0.07383704416956463, 0.08036973785303753, 0.07126007100346905, 0.07475000171407627, 0.07528892462562625, 0.07054697837592587, 0.07891949561610793, 0.08224846663449308, 0.08257393605732019, 0.07399665519561097, 0.0741208711948406, 0.08156660243856077, 0.0805212151213669], [0.07390636223058034, 0.08033707846176927, 0.07128835817098983, 0.07477486542857163, 0.07528554199483528, 0.07054571634108724, 0.0788796769747257, 0.0820253103104461, 0.0825375638909052, 0.07397594979321959, 0.07421609421445464, 0.08154450048606618, 0.0806829817023489], [0.07403643051630915, 0.08018954609882958, 0.07136521768924614, 0.0748089387360725, 0.07526130600083147, 0.07057327803103397, 0.07874651704201543, 0.08158971600829276, 0.08281873991947993, 0.07393360435196035, 0.07439528122516986, 0.08137494156312322, 0.08090648281763564], [0.07417483773290322, 0.08006541734369502, 0.07145980108103621, 0.07486591716419749, 0.07526796952561061, 0.07062657501235502, 0.07864805825367888, 0.081222282726865, 0.08286624724867607, 0.07392638077918849, 0.07457422540685292, 0.08120768585715189, 0.08109460186778912], [0.07427006803072252, 0.080071789562555, 0.07142228450922718, 0.07492486896922995, 0.07529363369185045, 0.07052632126245846, 0.07865868379194227, 0.08082629298629646, 0.08278173765999355, 0.07389104412537569, 0.07470742663737548, 0.0811556451151095, 0.08147020365786362], [0.07412199272113212, 0.08018073585913132, 0.07128699831550053, 0.07484288844048549, 0.07525211614805792, 0.07041531435541468, 0.07872752360443076, 0.08108402327816296, 0.08303342174983441, 0.07384875833728989, 0.07453181696055132, 0.08132138568779054, 0.08135302454221803], [0.07404637176427427, 0.08019736785044111, 0.07130730117911306, 0.074804522887169, 0.07524370851628641, 0.0704843332223424, 0.07874150407299567, 0.08141509900730803, 0.083000896720682, 0.0738838206714236, 0.0744240152040457, 0.08137881484813395, 0.08107224405578468], [0.07393397005963531, 0.08031590155687618, 0.07125149679497728, 0.07477002260916386, 0.0752579945679679, 0.07047371153012222, 0.07884423273201009, 0.0817972475648859, 0.08277742653457627, 0.07391893133665955, 0.07426955643995276, 0.08153067703030085, 0.08085883124287191], [0.07410903276871147, 0.08017196176513221, 0.07130047687283259, 0.07483348235678423, 0.07524727399275666, 0.07044024907220273, 0.07871984637873754, 0.08115508304566026, 0.08305122512682984, 0.07385652906696814, 0.07451277354998737, 0.08132277998362547, 0.08127928601977157], [0.07399410342622725, 0.0803420182961923, 0.07110389217271186, 0.07478576754250281, 0.07523125829984495, 0.0702308868353206, 0.07884229823183696, 0.08118973777189205, 0.0831792992597093, 0.07379338057050183, 0.07438614905372248, 0.08151615835276588, 0.08140505018677159], [0.07434680911216518, 0.0800727350041158, 0.07142841050751857, 0.07498251030717981, 0.07533213904728495, 0.0704992924505485, 0.07867528719967361, 0.08059181028558501, 0.08257835915886966, 0.07389751963385759, 0.07480319571080929, 0.08110173787212485, 0.08169019371026698], [0.0744447137770995, 0.08005544535573694, 0.07145868855971166, 0.07505692242538907, 0.07538410923051561, 0.07049647397642748, 0.07868669630984834, 0.08033509367326686, 0.08231804189945856, 0.07391982806760065, 0.07492057632786372, 0.0810122422222383, 0.08191116817484327], [0.07455765867116963, 0.08004248659066074, 0.07148490987629258, 0.07515235729224358, 0.07545685451897384, 0.0704840670904696, 0.07871583273138935, 0.0800276880047607, 0.08198817627652184, 0.0739535558898223, 0.07505269797785738, 0.08089805892097382, 0.08218565615886471], [0.0746480037886326, 0.08002426885568548, 0.0715117606667486, 0.07523152271130555, 0.07551925552005755, 0.07048322729581616, 0.0787380584848005, 0.07979326797327647, 0.08173098347011507, 0.07398755616062433, 0.07515565731979391, 0.08079459892063122, 0.08238183883251247], [0.07470954401279199, 0.08009928513577368, 0.07144350506827435, 0.07533619528957022, 0.0756268697974105, 0.07037655716119975, 0.07886758685203324, 0.07947004379156666, 0.08133295786222296, 0.0740280607196542, 0.07521651476777175, 0.08071434337482628, 0.08277853616690453], [0.07481641338607838, 0.0801395937486079, 0.07142632755654717, 0.07548888615695423, 0.07578002074154855, 0.07032334978923106, 0.0790039086563483, 0.07908888500403276, 0.08086173385550997, 0.07411627875350942, 0.07531735661423926, 0.08055477008179338, 0.08308247565559955], [0.07489681500943145, 0.08019306017920973, 0.07143673932808176, 0.07561841765121637, 0.0759189639765878, 0.0703189781031057, 0.07916160875110985, 0.07885892643437664, 0.08055240580315844, 0.07421461278955417, 0.07538216173267379, 0.08045886648856655, 0.08298844375292792], [0.07497808672490452, 0.08030950057016747, 0.07144460143544941, 0.07579457006883032, 0.0761250155873198, 0.07032133751091096, 0.07943279938012386, 0.07861096963636242, 0.08017557771659402, 0.0743701046865642, 0.07542642894091185, 0.0803677650144308, 0.08264324272743027], [0.07486967592150796, 0.08063485742885565, 0.07129811164657669, 0.0758662598234079, 0.07628556751964519, 0.07020314048867383, 0.07980565387895858, 0.07858775592227908, 0.07994739628173975, 0.07448078920411501, 0.0752450954192312, 0.08048808408054338, 0.08228761238446575], [0.07399707356557131, 0.08022187249471997, 0.07138453631334764, 0.07480522538368782, 0.0752818736450228, 0.07062634855180959, 0.07878599666681164, 0.08181289115469516, 0.08262228863504117, 0.07398016863673058, 0.07433008504501264, 0.08141009455129711, 0.08074154535625239], [0.07393207681926507, 0.08025149945248304, 0.07139886663895392, 0.07479349049299833, 0.07530554025725605, 0.0706880770039243, 0.07883434974589572, 0.08211020495808892, 0.0824951575311934, 0.07403938574248702, 0.07422787189988508, 0.08142292186623266, 0.08050055759133666], [0.07381752584552839, 0.08026626268550373, 0.07133996635903607, 0.07474120982814249, 0.07529263345029262, 0.07067022045465768, 0.0788672189845684, 0.08236830252632459, 0.08284120512973175, 0.07405062902323548, 0.07407742083926215, 0.08140603090014985, 0.08026137397356682], [0.07377392244439136, 0.08026261128641272, 0.07132836210708192, 0.07472523934777078, 0.07529428038409486, 0.07067981402782467, 0.07887990860409873, 0.08246509073988163, 0.08299023440310743, 0.07406698036016962, 0.0740161943862129, 0.08137574252869634, 0.08014161938025705], [0.07370529743202114, 0.08027910388870617, 0.07130629712958203, 0.07471035858838197, 0.0753122301426049, 0.0706925991746573, 0.07892540528213668, 0.08260791738549013, 0.08314286876347013, 0.0741057241799837, 0.07391600942114958, 0.08133882789361208, 0.07995736071820424], [0.07367434074343243, 0.08033971894094308, 0.07134857699552531, 0.0747596849318705, 0.07540908284712207, 0.07078798653400972, 0.07904580490810446, 0.08268783490410117, 0.08285598161168505, 0.07423571865203599, 0.07383566379552423, 0.08129194815019634, 0.07972765698544948], [0.07367281985824715, 0.08037765073621173, 0.07137867947515837, 0.07479727772448491, 0.07546928926500762, 0.07084218441638451, 0.0791162479823473, 0.08265460221011814, 0.0826678867187069, 0.07431016054704848, 0.07381057613611992, 0.08127028101945788, 0.07963234391070695], [0.07403273744811548, 0.08053238728431383, 0.07098806900457182, 0.0748652052044644, 0.07531581117703799, 0.07006512137025885, 0.07901702663650804, 0.08084829882745878, 0.08264841647077256, 0.07379667625464881, 0.07443322810861544, 0.08162006600628856, 0.08183695620694562], [0.07432130346034771, 0.08028778408189084, 0.0712299857366938, 0.07503070363129964, 0.0754015754670095, 0.07025405818178869, 0.0788765582898015, 0.08032876003082377, 0.0822420167756558, 0.07387442449765266, 0.07477587971778839, 0.08121867494026912, 0.08215827518897845], [0.0744965923642342, 0.08021876347926322, 0.07131459718561152, 0.07516946505669177, 0.07550387729776492, 0.07029299161670693, 0.07888338477206598, 0.07991158486858459, 0.08179606711495485, 0.07393802715848455, 0.07497689573965874, 0.08099794141525676, 0.0824998119307219], [0.07365264971339489, 0.0804525905811407, 0.0713665791140727, 0.07482497368758577, 0.07552355550304737, 0.07084701526797269, 0.0792115527661443, 0.08263113492900251, 0.08249785237620516, 0.07436590208679486, 0.07376813236879559, 0.08129018995064505, 0.07956787165519844], [0.07364679991659905, 0.08052098168931, 0.07137453446887539, 0.07486536603731678, 0.07558965748696064, 0.07087358495109071, 0.07930875762950533, 0.08254672058444285, 0.08230772528210595, 0.07443660927730679, 0.07373923067737624, 0.08129192874785565, 0.07949810325125468], [0.07360835839887639, 0.08060174901594122, 0.07134031519322903, 0.07489025321634703, 0.07564963700278751, 0.07085892623136425, 0.07942422300117918, 0.08270997232501458, 0.08206146314229752, 0.07449560605799241, 0.0736726555683468, 0.08128314888359489, 0.07940369196302924], [0.07357799672360416, 0.08066578099467564, 0.07131989319320202, 0.07492288434453892, 0.07571730461444745, 0.07086009768741944, 0.07953664139121998, 0.08288744606750106, 0.08179745330617862, 0.0745655498933692, 0.07361287080413992, 0.08124102657193391, 0.07929505440776966], [0.07355091091290503, 0.08074438921120265, 0.0712900383226148, 0.07495685983639327, 0.07578468843476249, 0.07084572520199994, 0.07965865290159783, 0.08299514219859305, 0.0815573757566878, 0.07462833993064535, 0.0735597006113187, 0.08121518788945925, 0.07921298879181997], [0.07353683716495717, 0.08079641453231476, 0.07126663978259953, 0.07497310812894006, 0.07581720305845824, 0.07082657421813812, 0.07972721797259759, 0.08301613843108333, 0.08144777262150034, 0.0746541166278902, 0.07353429818882677, 0.0812165866020271, 0.07918709267066665], [0.07352973906480961, 0.08087273482798864, 0.07124971165024062, 0.07501058787662232, 0.07587853892653366, 0.07081721369304286, 0.07983583473221385, 0.08295842731595036, 0.08127533179375734, 0.07470742799341146, 0.07350945038189455, 0.08120809766550781, 0.07914690407802677], [0.0735360237132209, 0.08094436323444625, 0.07125048607311457, 0.0750607179926679, 0.07595209722636109, 0.07082684426841115, 0.07994928283895425, 0.08282496676802914, 0.0810943761841342, 0.07477514528863112, 0.07349711399069377, 0.0811851693618599, 0.07910341305947584], [0.07357697648230968, 0.08098360004331763, 0.07131339177625833, 0.07515676362510847, 0.0760783275437894, 0.07091244577052253, 0.08008351819785686, 0.0825689247038973, 0.08082455605692625, 0.07490997540574743, 0.07350800442346737, 0.08108085813302221, 0.07900265783777659], [0.07360985982846374, 0.08104318043610939, 0.07135006482629805, 0.07524690056958265, 0.0761991762715762, 0.07096447355059242, 0.08023375825950833, 0.08232168395457773, 0.08056536716607354, 0.07502906566475283, 0.07351362584385124, 0.08099755943074327, 0.07892528419787062], [0.07354703998945754, 0.08109006267272617, 0.0712354101657121, 0.07514705801042655, 0.07607791549645333, 0.0708195060660744, 0.08016303375710632, 0.08255218734567744, 0.08079230610958074, 0.07488119244361326, 0.07347938381232846, 0.08116078613929965, 0.07905411799154405], [0.07428227140662426, 0.08017004957038613, 0.07132254410531855, 0.07495884958526455, 0.07532794324626894, 0.07038899180592345, 0.07874866005197027, 0.08062016504675638, 0.08260718536686809, 0.07386855581477392, 0.07472975823585004, 0.0812044666229386, 0.08177055914105681], [0.07414793776893101, 0.08030697166135842, 0.07117526596655915, 0.07489142820441635, 0.0752987968951826, 0.07025574161386798, 0.07884043329874253, 0.08080239243838674, 0.08276647685803992, 0.073825388909501, 0.07457191723272506, 0.08138868915625037, 0.08172855999603901], [0.074303242739748, 0.08051077937113406, 0.0710652710513999, 0.07510419843102308, 0.0755057968566263, 0.07005665741598735, 0.07910891068373317, 0.08005625008894023, 0.08179893986651895, 0.07389543197671945, 0.07474180059053691, 0.0812863337228515, 0.08256638720478102], [0.07417890918637167, 0.08048664071834598, 0.07105478196261261, 0.07497497800591371, 0.07539261542742386, 0.07009004364575072, 0.07902238967107113, 0.08047023119380001, 0.08228008644937539, 0.07383857958921097, 0.07460486333769965, 0.08144404822029624, 0.08216183259212832], [0.07380813956664006, 0.08056320543443977, 0.0709635541798441, 0.07471715955019148, 0.07523427734144589, 0.07014222515350407, 0.07901239601580519, 0.08167626462380577, 0.08296285839518146, 0.0738071644992905, 0.07414496944860322, 0.08182427142285119, 0.08114351436839744], [0.07393936828572123, 0.0805510360731996, 0.0709523328517254, 0.07479761882577828, 0.07527076520151518, 0.07005966986504841, 0.07901150810853343, 0.08111190788259831, 0.08288087615041682, 0.0737774815228572, 0.0743209127825911, 0.08171520404806863, 0.0816113184019462], [0.07436102607656836, 0.08057254595110047, 0.07103842327309949, 0.07519581395283478, 0.0756012256556689, 0.07000520776372711, 0.07921940585901044, 0.07978814847100224, 0.08145172529898795, 0.0739449252981334, 0.07479576879082823, 0.08119766000701203, 0.08282812360202658], [0.0744308871601765, 0.08072864841329032, 0.07100164124365094, 0.07535488726662486, 0.0757871790604794, 0.06994867755045027, 0.07946275960430291, 0.07944523924584453, 0.08094937424911847, 0.07406533144180631, 0.07483882014494331, 0.08109499942584816, 0.08289155519346372], [0.07508332418738091, 0.08039257001210953, 0.07148907463415062, 0.07600365246466323, 0.07636695997712085, 0.07036590997804015, 0.07972444830081976, 0.07832969539006865, 0.0797604105577295, 0.07456474993131622, 0.0754864232198046, 0.08021941385534904, 0.08221336749144692], [0.07510333580405122, 0.08024145355915151, 0.07154301650964351, 0.07591710169878509, 0.07623338987139552, 0.07040799774821167, 0.07948828469520473, 0.07841738682944108, 0.07996410279713904, 0.07446645257675383, 0.07555047725459099, 0.08021385926501974, 0.08245314139061198], [0.07340250037845, 0.08212933168645772, 0.07044639311938944, 0.07489582049100364, 0.07572590389167042, 0.0697352786340131, 0.08036978912091368, 0.08145881368721157, 0.08085001678874186, 0.07418058324106033, 0.07350953628415106, 0.08283674916127919, 0.08045928351565793], [0.07337644330129339, 0.08187968014161823, 0.07051273990459643, 0.0748372464611144, 0.07565923714533004, 0.0698323748208761, 0.08020261863353581, 0.08180900933277324, 0.08119223101702358, 0.07416823831156134, 0.07348213410774965, 0.08272658485883883, 0.08032146196368889], [0.07337538829976861, 0.081707788075256, 0.07051436654093458, 0.07477398664711338, 0.07556293789589652, 0.0698196136703533, 0.08002823403929801, 0.08200195625583086, 0.08141990680321365, 0.07408006750365298, 0.0735085529188586, 0.08279165694085733, 0.08041554440896619], [0.07338489058722625, 0.08152407189259522, 0.07055424773968567, 0.07472931872779363, 0.07549158525360977, 0.06985818947314565, 0.07986813407659707, 0.08221696757087237, 0.08166566461857444, 0.07403055764891985, 0.07353646641315434, 0.08270430867527655, 0.080435597322549], [0.07344158285964489, 0.08142200694547191, 0.07056009722041037, 0.07471132563523819, 0.07542773333047932, 0.06982328962860018, 0.07973883500469293, 0.08214015976712503, 0.08169435584708712, 0.07394662398717063, 0.073634502784368, 0.08277510628162747, 0.08068438070808406], [0.07348139139157216, 0.08139358683195552, 0.07052467298129793, 0.07470790398790188, 0.07539332328024585, 0.0697455477813208, 0.07968536441738568, 0.08188898175750542, 0.08185670801654824, 0.07387694162852664, 0.07370623014640021, 0.08280730068051902, 0.08093204709882089], [0.07352159898011983, 0.08156923368518718, 0.07043575233365304, 0.07476960826334551, 0.07545237447291249, 0.06960913295670394, 0.07982120472736258, 0.08139913175079966, 0.08170670506537314, 0.07386563141224495, 0.07375854005053357, 0.08288213325588549, 0.0812089530458786], [0.073534781041773, 0.08202929109296288, 0.07036046257888925, 0.07491544960551097, 0.07565805643611641, 0.0695303805301966, 0.08022788474674476, 0.08093306499954513, 0.08111210511044235, 0.07400781320731445, 0.07372668025352655, 0.0828163100067284, 0.08114772039024926], [0.07347688780323128, 0.0823486073600682, 0.07035547540701714, 0.07497012881404634, 0.07578040379510138, 0.06957488346611966, 0.08049547914542278, 0.08093043767643493, 0.08076046066672139, 0.07414451169909723, 0.07361058460222063, 0.08276087465484931, 0.08079126490966985], [0.07343988536372938, 0.08237108354073346, 0.07038828719329514, 0.07496528770626124, 0.07580156916613763, 0.06964474151452249, 0.08053518331713964, 0.0810813130334536, 0.08068625206118955, 0.07419992259748555, 0.07354811134479569, 0.08275152576996252, 0.08058683739129406], [0.07340114303203323, 0.08207699727302478, 0.07037832198689754, 0.07485049118150709, 0.075650604373757, 0.06962895488333971, 0.0802759388115931, 0.08139767229640436, 0.08100708867751306, 0.07407457339433854, 0.07353985126852061, 0.0830508347006289, 0.08066752812044209], [0.07338936536385157, 0.08199223610322286, 0.07044792214134715, 0.07484543247687693, 0.07565743364529143, 0.06973398509434892, 0.08024644378714481, 0.0816162760842999, 0.08102331075737888, 0.07412459604253915, 0.07351093501473231, 0.08291995094230067, 0.08049211254666536], [0.07339715462876693, 0.08173235665882989, 0.07042621100053244, 0.07475156780093704, 0.07550633427606351, 0.06967478340212503, 0.07998193939565998, 0.08176356553047792, 0.08138303864776589, 0.07396921000473419, 0.0735694956209936, 0.08311792415170294, 0.08072641888141072], [0.0734358624485493, 0.08182690327171245, 0.07035728066707508, 0.07478368428352784, 0.07552300515961567, 0.06955960022205207, 0.08003563476197134, 0.08139415391625042, 0.08137057827928168, 0.07392911231122658, 0.07362908582690456, 0.0831765550846216, 0.0809785437672115], [0.07339025888784012, 0.08185157172650197, 0.07034690488290368, 0.07476437299197593, 0.07552279045374344, 0.06957076059431988, 0.08006138512200081, 0.08150846168650334, 0.08130223168008413, 0.0739451296648271, 0.07356674138574766, 0.08333333333333333, 0.0808360575902186], [0.07345225545109409, 0.0820370839651014, 0.07034262982189074, 0.07485651829251402, 0.0756218688386713, 0.06954587077838242, 0.08021861875422771, 0.08118174974884967, 0.0811250299248894, 0.07400420150820362, 0.07362494115202901, 0.08304616029248325, 0.0809430714716633], [0.07339244993511869, 0.08173324951513833, 0.07046696023229965, 0.07476494319952903, 0.0755337142653854, 0.06973882101967922, 0.0800068548536211, 0.08186883022980625, 0.08132927525516995, 0.07401880288486092, 0.07354864077391313, 0.08299611952634406, 0.0806013383091343], [0.07344448713602635, 0.08152700211156955, 0.07047529783825818, 0.07472000177484418, 0.07543145938823714, 0.06970405960774571, 0.07979825707367236, 0.08184081519957226, 0.08167724631818876, 0.07390351531539749, 0.07365062657998282, 0.08295723683849068, 0.08086999481801455], [0.07347393574716699, 0.08161188964615916, 0.07042026966406574, 0.07475031617034761, 0.07545303550726307, 0.06961444232513833, 0.07985527994212128, 0.08152928086529052, 0.08164302098363495, 0.07388030247439495, 0.07369386060330088, 0.08300656744866439, 0.08106779862245213], [0.07354939217947268, 0.08186238339857231, 0.07038039574648458, 0.07487636971451875, 0.07559073827631181, 0.06953924005674313, 0.08008439657367607, 0.08101306590847548, 0.08130928736902773, 0.07395015286658778, 0.07376421899504154, 0.08282717153577826, 0.08125318737931002], [0.07357194042501837, 0.08163793837325929, 0.0704267604911392, 0.07482652574199994, 0.07550458684179669, 0.06957713297358091, 0.07989081240381041, 0.08114505208163947, 0.08159095803319656, 0.07388549405008508, 0.07381468184329333, 0.0827767425104703, 0.08135137423071032], [0.07342193810614413, 0.08154419997125982, 0.0705134176296716, 0.07472841895215603, 0.07546261744315128, 0.06977517899911256, 0.07983863639770857, 0.08201913048638457, 0.08154731102311782, 0.07396352609956713, 0.07360387207209639, 0.08290008361258108, 0.08068166920704907], [0.07350222150849796, 0.08142493293944977, 0.07049524527362556, 0.07472216915653816, 0.07539866913572318, 0.06969375571770546, 0.07970261589144166, 0.08170243593668067, 0.08186963305408881, 0.07385657406957369, 0.07373841807105841, 0.08282760962881192, 0.08106571961680463], [0.07355972020608816, 0.08142142053119089, 0.07048979353337484, 0.07475589799668211, 0.0754116049242637, 0.06965607088395902, 0.07969935967038598, 0.0814445062030525, 0.08189654514505133, 0.07383896131916089, 0.07381605158549281, 0.08273583599857498, 0.08127423200272264], [0.07347940868299661, 0.08274973505031932, 0.07051315439163823, 0.07520741054675287, 0.07615946441791827, 0.06985153685316144, 0.08109484157496294, 0.08098624241382582, 0.07989973169804258, 0.07457903914568587, 0.07347925933470263, 0.08199386463706543, 0.08000631125292787], [0.07348122713358247, 0.08285568511460552, 0.07043575304613774, 0.07516902362942243, 0.07609101031549222, 0.06973178244356637, 0.08102614143800162, 0.08082509009629113, 0.08003536274345063, 0.07447138430674488, 0.07351312694301688, 0.08214033333892459, 0.08022407945076332], [0.07354886384545556, 0.08280625884048334, 0.07038625494059518, 0.07516462287524442, 0.07603221170543047, 0.0696159169518307, 0.08091051779709367, 0.08048842813389348, 0.08022123813769487, 0.07435617160036817, 0.07363137885197973, 0.08224659904258479, 0.08059153727734569], [0.0737288212293937, 0.08264490426869449, 0.07045048713232946, 0.07531457645262242, 0.07614381370511186, 0.06962239005892851, 0.08095173680184335, 0.07999352919570135, 0.08010115838880062, 0.07440543210946818, 0.07383778995053253, 0.08195396684623162, 0.08085139386034187], [0.0740458884789764, 0.0824197317811988, 0.07070572420154174, 0.07579077713726741, 0.07667811316113254, 0.06988007668581991, 0.08154770594774087, 0.0792311365285945, 0.07921663736132474, 0.07487299288539558, 0.0740787525812308, 0.08108835355290914, 0.08044410969686745], [0.07402203100516537, 0.0823781746376759, 0.07081047537739067, 0.075953554590716, 0.07695990391411268, 0.07007684698900499, 0.08212713139578856, 0.07925288501540219, 0.07870648455642072, 0.07519569686828605, 0.07394945456637074, 0.08074787226261688, 0.07981948882104926], [0.07386773945662531, 0.08245285861485256, 0.07081964883534414, 0.07585598616135161, 0.0769229295263367, 0.07017035947150488, 0.08219777972479493, 0.07968988040074483, 0.07869200982729477, 0.07524901130134728, 0.07374857999203352, 0.08081634537977181, 0.07951687130799756], [0.07369673129010708, 0.08262395397467717, 0.07074395166371457, 0.07562450494554145, 0.0766775370633869, 0.07012695721180434, 0.08182603589311066, 0.08027154090214852, 0.07902932239556207, 0.07507320967829367, 0.07359553718187423, 0.0811628859272075, 0.07954783187257183], [0.07352668273168783, 0.08283525746341526, 0.07055613171339593, 0.07531573505125463, 0.07629842591902575, 0.06990544336140528, 0.08130747389498545, 0.08078288108463884, 0.07963387429396057, 0.07470680562336955, 0.07349785334723051, 0.08175200777039457, 0.07988142774523568], [0.07350451646892432, 0.08298256497913876, 0.07045081851950956, 0.07523491029481535, 0.0761778578713185, 0.06975256879139283, 0.08116930930356477, 0.08069638449265594, 0.0798565991247602, 0.07454761642365201, 0.07351756935060277, 0.0819697513481513, 0.08013953303151358], [0.07356000262341443, 0.08306692792921339, 0.07040217692162504, 0.07525350529362497, 0.07616241381321914, 0.06965112675912917, 0.08114075532883767, 0.08038396544604141, 0.0799205553275744, 0.07447806469613674, 0.07360568110735462, 0.08198506660430231, 0.08038975814952644], [0.07361327266749286, 0.0829733706863015, 0.07041055283808689, 0.07528133764831031, 0.07616894731873243, 0.06963416790505607, 0.08111258619727932, 0.08022602299298412, 0.07995192297850413, 0.07446221940261083, 0.07367624137381495, 0.0819651605833077, 0.08052419740751886], [0.07370323187142107, 0.08298852699657883, 0.07046827989506968, 0.07542231721596908, 0.07632866367907157, 0.0696879635784882, 0.08132125233146935, 0.0799542451501418, 0.07967459419812399, 0.07459453770758558, 0.07374477863084677, 0.08167549885547458, 0.08043610988975955], [0.07361055704894105, 0.08309351026164313, 0.07052364972646585, 0.07543856452801039, 0.07642562805609397, 0.06983070698670805, 0.08154643411697637, 0.0802776660691876, 0.07941602815779511, 0.07476080041237243, 0.07358085907650944, 0.0815361903238035, 0.07995940523549301], [0.07375186611391057, 0.0828101857668771, 0.07065209551816673, 0.07565176879234618, 0.07666972765825626, 0.06996573878399291, 0.