[[0.07385847842438595, 0.07189723181608988, 0.0829777121471397, 0.07230611133826158, 0.08174304151484721, 0.07249222835187115, 0.08088607466806622, 0.07614890951431533, 0.07537561000400951, 0.07528702246813776, 0.07491717076938142, 0.08199705452878604, 0.08011335445470834], [0.07386388990618267, 0.0718890744607547, 0.08317727498438013, 0.07232616227317674, 0.08162999106848907, 0.07252355848145119, 0.08070036813509357, 0.07605682286255551, 0.07527133028403478, 0.07523990859268088, 0.07483508726155653, 0.08211481175222565, 0.08037171993741854], [0.07392911673391185, 0.07195534041560539, 0.08303055261198357, 0.07242100614173883, 0.08146623623894728, 0.07262968411360657, 0.080486573364247, 0.07599299806336088, 0.07520100414536832, 0.07523364135538006, 0.07479323026521734, 0.08218070925996725, 0.08067990729066553], [0.07397572944074018, 0.07198338689445956, 0.08297570096850959, 0.07248108093457316, 0.08135137025149365, 0.07270184325316352, 0.08033120914175504, 0.07593897979290876, 0.07512950476951256, 0.07522678552261135, 0.07474676555144315, 0.08221959016006951, 0.08093805331875982], [0.07401679536725175, 0.07200969078464936, 0.08318834779254422, 0.07254136264116334, 0.0811730135496656, 0.07277506048022662, 0.08012747065666703, 0.07586336349759776, 0.07503864064610687, 0.07520472268781117, 0.0746836778470157, 0.08216330012303333, 0.0812145539262674], [0.07407091701537011, 0.07203490991105102, 0.08304627306444251, 0.07259958850666863, 0.08109329355990506, 0.07284526918472833, 0.08002350355199539, 0.07583611273610678, 0.07498804409146413, 0.07521733424037776, 0.07465574284675912, 0.08215278150915539, 0.08143622978197579], [0.07412952560055903, 0.07200597585635693, 0.08290164982936948, 0.07263748017996588, 0.0810334392082401, 0.07290705202188273, 0.07991253736535804, 0.07579057238459264, 0.07488186468310562, 0.07522902172387025, 0.07458516297120471, 0.08218206334374692, 0.08180365483174762], [0.07417014020797968, 0.0719601548848626, 0.08310071555032868, 0.07265858658574059, 0.08091438636935842, 0.07295223321858169, 0.07976286113464007, 0.07572340535329722, 0.07475632608153031, 0.07522030836470132, 0.0744951717186929, 0.08211576376509756, 0.08216994676518896], [0.07422010697122426, 0.07189243408223249, 0.08285329432350519, 0.07266426428585475, 0.08089385166992052, 0.07298373697295756, 0.07970700800625498, 0.07570072668191999, 0.07465721620348181, 0.07524522264472933, 0.0744287432254467, 0.082246040681379, 0.08250735425109364], [0.07433115871922369, 0.07185400747690303, 0.08250992268789198, 0.07272537402274423, 0.08090122448944934, 0.07307975678617226, 0.079584158298062, 0.07568914697910803, 0.07454732075795109, 0.07530832752409221, 0.07436787120057761, 0.08222085809108604, 0.0828808729667384], [0.07451602819150754, 0.07188726306345691, 0.0819394572097004, 0.07285729337099321, 0.08094243522476403, 0.07324557864786344, 0.0794992165612915, 0.07575392666030009, 0.07451085767199704, 0.07544893459709281, 0.0743823972011365, 0.08205637136720267, 0.08296024023269377], [0.07470960819664504, 0.07196979240893053, 0.0815484011901145, 0.07301214837221395, 0.08082285106762584, 0.07342556514227758, 0.07933749806675301, 0.07578929493483932, 0.07448569849635693, 0.07555781791097403, 0.07440168972103163, 0.0817454851164235, 0.08319414937581429], [0.07488199500152552, 0.07198637986687292, 0.08100355130481718, 0.07310249676725013, 0.08090153020648914, 0.07354023165378631, 0.07934911894425392, 0.07590354116676931, 0.07450726271892504, 0.07571529788965888, 0.07445759645875309, 0.08154643370147588, 0.08310456431942291], [0.0749962915570026, 0.07199199730092753, 0.08059587247755788, 0.07315858675617741, 0.08094649000098772, 0.07361252966467673, 0.07936292817254822, 0.07599631958423611, 0.07453090250681786, 0.07583474221235412, 0.07450442209311985, 0.08135922767967554, 0.08310968999391868], [0.07507443798936894, 0.07196195670324156, 0.08008734737667536, 0.07317453730381614, 0.08106623543490853, 0.07364181744766465, 0.07945863508593705, 0.07613718841052211, 0.0745855169602847, 0.07598193500618383, 0.07457577783373656, 0.08123330549755016, 0.08302130895011041], [0.07508621765085305, 0.07191537408801232, 0.07971538650533322, 0.07314115290274946, 0.0812224114497679, 0.07361004126653257, 0.07961202578201673, 0.07626750651463764, 0.07465752011659521, 0.076088310645587, 0.0746469405074399, 0.08122228236258437, 0.08281483020789068], [0.0751069249490999, 0.07183044372824048, 0.07918625855563216, 0.07307217216366152, 0.08134400131565714, 0.07354214754158121, 0.07977511550490814, 0.07642395765681914, 0.0747347620289091, 0.07621021967580914, 0.0747229993022229, 0.08109773462128297, 0.08295326295617617], [0.07505077290163767, 0.0717218871886901, 0.07870137219291044, 0.07293471256406867, 0.08154332776759908, 0.07338883304558419, 0.08007206374292848, 0.07660630822775288, 0.07486558729693732, 0.07630465115315384, 0.07482634231228133, 0.08101781214785769, 0.08296632945859841], [0.0738589353998215, 0.0719931685250403, 0.08310823524499605, 0.07233319613344755, 0.08164288751312776, 0.0724940742699734, 0.08096921571488744, 0.07624724431108881, 0.0755411671294609, 0.07532973608985, 0.07504787075304821, 0.08167450461928685, 0.07975976429597118], [0.07388029624879866, 0.07199284646189283, 0.08312514919902925, 0.07237120209968663, 0.08156392513783159, 0.0725472000576893, 0.0807644368624026, 0.07614338187517064, 0.0754173377870645, 0.07528451642967417, 0.07495385705826368, 0.08186273336277804, 0.08009311741971803], [0.07387764650234989, 0.07197740786413079, 0.08333333333333333, 0.07237728445833395, 0.08148913733990734, 0.07256181356494378, 0.0806341216473443, 0.07607201432159773, 0.07533511590946106, 0.07524522002579256, 0.07488778093815085, 0.0819363657540024, 0.08027275834065203], [0.07395378928780741, 0.07200623194279207, 0.0829924718153075, 0.07246453203449385, 0.08139530522343112, 0.07267083647912947, 0.08043183182585023, 0.07599336575961563, 0.07521645424014903, 0.07524169717561478, 0.07481063053800813, 0.08212297350296281, 0.08069988017483803], [0.07387515566381528, 0.07194746767517823, 0.08333333333333333, 0.07236617948537125, 0.08150707117649202, 0.07255755944355617, 0.08061312535088137, 0.07604598134037022, 0.07529027679355306, 0.07523302056935179, 0.07485186605669178, 0.08201390358903635, 0.08036505952236915], [0.07399936181345015, 0.07203262340882045, 0.08307210331499523, 0.07252749380378395, 0.0812428591707388, 0.07274767335796943, 0.08023669230826685, 0.07591998250394923, 0.07512440418722666, 0.07522358801034651, 0.07474763386045362, 0.08213289625436877, 0.08099268800563048], [0.07402745397157987, 0.07206535138237184, 0.08333333333333333, 0.0725777290082014, 0.08108320300625632, 0.07280481845208611, 0.0800706855825618, 0.07586201425882542, 0.07506492850743471, 0.07520316811420619, 0.07470654470401006, 0.08204001963104435, 0.08116075004808862], [0.07409089410505096, 0.07206053802334345, 0.08301469803343461, 0.07262784923398602, 0.08105241637530429, 0.07287455855307506, 0.0799863766965632, 0.07583295739831689, 0.07498683467142604, 0.07522380974889013, 0.07465917453474069, 0.08211531817037929, 0.0814745744554895], [0.07416703450352138, 0.07212191755383653, 0.08305493728228927, 0.07272464703600813, 0.08087063859873049, 0.0729843839883719, 0.0798002364260551, 0.07578839638227534, 0.07492577984818054, 0.07523465153363276, 0.07462776093803217, 0.081966658645618, 0.08173295726344822], [0.07419442430032419, 0.07204447406825189, 0.08333333333333334, 0.07272323797069062, 0.08077250439001483, 0.07301028370075212, 0.07965770349699604, 0.07570836414096174, 0.07477634205204381, 0.07521487426609468, 0.07451592890873163, 0.08192268000584225, 0.08212584936596294], [0.07423385355667995, 0.07199087710607564, 0.08306992151343327, 0.07272758639741551, 0.08077073267859135, 0.07303504062668127, 0.07962293890773642, 0.07569168471798604, 0.07469940088559057, 0.07523497347997878, 0.07446434690256752, 0.08203986044966645, 0.08241878277759729], [0.07427093913083964, 0.07193222282346302, 0.08296552969089421, 0.07272959435176561, 0.08074521419090169, 0.07305846961324546, 0.07956046917531179, 0.07566531520583052, 0.07461146830587348, 0.07524908949494293, 0.0744036324414823, 0.0820913950604786, 0.08271666051497066], [0.07434056664355895, 0.07191301950774996, 0.08268425543183545, 0.07277046634636403, 0.08075610941656212, 0.07312043321558752, 0.07948392722943734, 0.07565849924536423, 0.07454636125814637, 0.07528806834642311, 0.07436831780623429, 0.08206595300381851, 0.08300402254891805], [0.07439941916209672, 0.07192304613831682, 0.08249482654011779, 0.07281570576180073, 0.08074847473189192, 0.07317796875775777, 0.07943229977391558, 0.07566526210697844, 0.07452042706942763, 0.07532469772138345, 0.07436134849616372, 0.08201272376718625, 0.08312379997296325], [0.07448326136883364, 0.07194369741580597, 0.0822326803609667, 0.07288339586942663, 0.08071694761575475, 0.0732620867613464, 0.07935128353613216, 0.0756747123948519, 0.07448757331467318, 0.07537596637996441, 0.07435461502258325, 0.08190044662632756, 0.08333333333333333], [0.07461375420143178, 0.07199283983513194, 0.08191854963567441, 0.07297889629816892, 0.08076842140247388, 0.07337320477218748, 0.07934766572982545, 0.07574551221279105, 0.07450833306295497, 0.07548165338098951, 0.07439973981057343, 0.08184111219063421, 0.08303031746716312], [0.07490025440305238, 0.07211037031126538, 0.08138280383177275, 0.07318807792118441, 0.08058760890928925, 0.07361427185835755, 0.0791278132374557, 0.07578876643393638, 0.07447864622138431, 0.07562112219998635, 0.07442744320084702, 0.08143948813813522, 0.08333333333333333], [0.07505368589994738, 0.07213462203118079, 0.08094702159814789, 0.07327276029740118, 0.0806723479548768, 0.07371880655412971, 0.07916079072593152, 0.07590191838964647, 0.07451419291135808, 0.07576819753019959, 0.07449054380510028, 0.08131389227270765, 0.08305122002937267], [0.07466760683511924, 0.07190242109809805, 0.08146238798600369, 0.07295268047695798, 0.08091156995444979, 0.07336852833318465, 0.07939728860692949, 0.07579575187648785, 0.0744708201829595, 0.07555336506842286, 0.0743839733130216, 0.08180027293503175, 0.08333333333333331], [0.07516996954675986, 0.072152219191325, 0.08061535723228647, 0.07333777955062991, 0.0806647541398413, 0.07379955251835209, 0.0791335378431597, 0.0759665952568047, 0.07452285380447628, 0.07586523348446368, 0.07452285380447628, 0.08114395784805499, 0.08310533577936986], [0.07530247649278224, 0.07214736866012873, 0.08009835838581794, 0.07339487477171033, 0.0807183716687253, 0.0738761344767956, 0.07916609699020241, 0.076097970875382, 0.07456244859442088, 0.0760249044596716, 0.07458966403025655, 0.08092621815491603, 0.08309511243919035], [0.07526884283416342, 0.07205303679850045, 0.07982807263821963, 0.07332247448791343, 0.08082198076268945, 0.07380969879145352, 0.0792509769504558, 0.07615464955434582, 0.07456394017870091, 0.07606905705715167, 0.0745931172701585, 0.08093081934291414, 0.08333333333333334], [0.07531029832972218, 0.07204565621040021, 0.07939839637494676, 0.0733313201730514, 0.0809708484221656, 0.07382037071038672, 0.07941860818873565, 0.07633958348959231, 0.07468010592070669, 0.07623308657224949, 0.07471222436968365, 0.08089376247900448, 0.08284573875935476], [0.07538455071664465, 0.07203655836528682, 0.07890902892901507, 0.0733537052419984, 0.08095590809239492, 0.07384986152847431, 0.07946627817140015, 0.07649296073930827, 0.07475610057895393, 0.07638688082032902, 0.07480277235334142, 0.0806943642248785, 0.0829110302379747], [0.07522318460661308, 0.07183692162058364, 0.0786724836629582, 0.07312201425946767, 0.0811969729534496, 0.07360336697664628, 0.0797288764190128, 0.0765576607431169, 0.07478672707444568, 0.07636283560649933, 0.07479934228494178, 0.08077628045893162, 0.08333333333333333], [0.07387257197540882, 0.07207620845368622, 0.08333333333333334, 0.0723884843576328, 0.08146342512062425, 0.07254035324146794, 0.08082846617691394, 0.07622930824821696, 0.07556809053781811, 0.075317400850836, 0.07507103718853471, 0.08156274606221209, 0.07974857445331494], [0.07394272620199786, 0.07212011652381291, 0.08312264656337694, 0.07248950812214171, 0.08133457340123361, 0.07266356695318443, 0.08053587038989803, 0.07610222694583293, 0.07541201405050961, 0.07528195829082378, 0.07496241898158389, 0.08178869632453946, 0.08024367725106492], [0.07392515437646882, 0.07211206034562818, 0.08308942703381533, 0.07246101218426772, 0.08139781784426309, 0.07262710772896565, 0.08065009229976074, 0.07615482202633855, 0.07547468343381492, 0.07530204544872589, 0.07500834968213076, 0.0817265882028884, 0.08007083939293201], [0.07393546435204502, 0.07205955615114457, 0.08314440881294265, 0.07246522394620082, 0.08136908463788194, 0.0726524712410448, 0.08049899588856922, 0.07605107511083987, 0.0753244800564306, 0.07525672703057415, 0.0748917339416368, 0.08192919750171312, 0.08042158132897644], [0.07400343841433056, 0.07217591458192056, 0.08298488116965633, 0.07257487201571758, 0.08121041628584995, 0.07276032950727983, 0.0803535012731496, 0.0760435399896871, 0.07534222080318284, 0.0752773699087868, 0.07492042962518676, 0.08183911618711934, 0.08051397023813286], [0.07400222435382585, 0.07212163147488296, 0.08333333333333334, 0.07257087684488242, 0.0811170976888582, 0.0727750975955852, 0.08018407100148378, 0.07593661174256955, 0.07519652056341194, 0.07522359643564878, 0.07480482796086248, 0.08191770011579941, 0.08081641088885616], [0.07398421218770754, 0.07210733930107344, 0.08307248930716937, 0.07253530953812018, 0.08125242233402849, 0.07273120842298343, 0.08034521418279378, 0.07600386254445574, 0.07527058146700322, 0.07525256103858684, 0.07485964982727872, 0.08194912198260867, 0.08063602786619056], [0.07406163660299593, 0.07216805730714687, 0.08333333333333333, 0.07264978085681321, 0.08097395307753602, 0.07286613027091929, 0.08001121663498231, 0.07588335659201345, 0.075127666953302, 0.0752221309743049, 0.07476353965132387, 0.08187763303358335, 0.08106156471174539], [0.07412080479942786, 0.07221941504300854, 0.08313906047558323, 0.0727217212042848, 0.080896007810159, 0.0729455517378379, 0.07991998542061893, 0.07587099079855054, 0.07510492234841795, 0.07524273165767328, 0.07475878597775888, 0.08184567693897457, 0.08121434578770456], [0.07415032456384754, 0.07221712117503339, 0.08305938518584068, 0.07274719105463617, 0.08086407719113518, 0.07298099532798562, 0.0798632805639389, 0.07584865042727768, 0.07505931357333191, 0.07524729384033867, 0.07472937270173018, 0.08186072612755559, 0.0813722682673485], [0.07417815859550415, 0.07221793551984967, 0.08333333333333334, 0.07278171169130838, 0.08073637728192835, 0.07302789183898602, 0.07971931188525783, 0.07578922524400845, 0.07497833177271841, 0.07522963876945395, 0.07467155951968382, 0.08177308857420378, 0.0815634359737639], [0.07425401517914708, 0.07220393228193848, 0.08306206414398039, 0.07283677555795247, 0.08068380756081144, 0.07310748385869506, 0.07962177873748721, 0.07575803551037842, 0.07488482181136709, 0.07525698191430896, 0.07461475113639471, 0.08177864688407895, 0.08193690542345965], [0.07425955793270483, 0.07215702950973037, 0.08321104234055798, 0.07282545630996665, 0.08064948677767492, 0.07310892128633716, 0.07956636393062361, 0.07572050118600457, 0.07481343960761958, 0.07524477035933214, 0.07455962645108262, 0.08177229225893297, 0.0821115120494325], [0.07424843046770932, 0.07210452506134671, 0.08333333333333333, 0.07279685496680258, 0.08064581280946109, 0.07308888420774472, 0.07954556588328286, 0.07569273518560656, 0.07476024068285145, 0.07522930369794772, 0.07451515530675278, 0.08181611304793358, 0.08222304534922725], [0.07428172587864146, 0.07205303121315075, 0.08333333333333334, 0.07280340118375181, 0.08058375489963396, 0.07311608013464288, 0.07946085494992662, 0.07565304410154915, 0.07466549019836997, 0.07523241529807259, 0.07444790860875365, 0.08184953515885629, 0.0825194250413176], [0.07434220985731492, 0.07202918798808557, 0.08301677341068738, 0.07283579834073482, 0.08057591525950447, 0.07316825019726482, 0.07940445285157106, 0.07564592846973217, 0.07460327203678116, 0.07526620285890973, 0.07441261721445278, 0.08187623924641141, 0.08282315226854953], [0.07439899947027691, 0.07202019252352909, 0.08275796316827133, 0.07287229534466473, 0.08057831698753397, 0.0732207263969894, 0.07934529542863152, 0.0756422840797216, 0.07455648550690058, 0.07529801296523131, 0.07438866384522037, 0.08185082679221638, 0.08306993749081289], [0.07459180814017266, 0.07211779201450196, 0.08230787210831411, 0.0730420318358979, 0.08050723815206041, 0.07341556409072919, 0.0792050039956572, 0.07568010983304653, 0.07453613171141656, 0.07541019302161976, 0.07441323941721598, 0.0816702693276583, 0.08310274635170943], [0.07480344639727284, 0.07221923795232725, 0.0819208210870092, 0.07320391582830915, 0.08043962540497332, 0.07359831881659966, 0.07909419810886793, 0.07573153962887007, 0.07453873038262865, 0.07552460244286222, 0.07445401676456241, 0.0814834691154541, 0.08298807807026307], [0.07493722558292513, 0.07217632138756137, 0.08143994142625544, 0.07324424299131996, 0.0805116447956823, 0.07366720663771796, 0.07907859746017941, 0.0757859654104583, 0.07449752680068478, 0.07562637368913541, 0.07444796435282905, 0.0813874536703137, 0.08319953579493733], [0.07476597059463765, 0.0720764918032236, 0.08170219857357199, 0.07310379605299076, 0.080597994541488, 0.07351280138609549, 0.07917480996029115, 0.07573922911031433, 0.07448042061528315, 0.07553158910703968, 0.07440257815463572, 0.08157878676709514, 0.08333333333333333], [0.07465963821261917, 0.0721084778406214, 0.08209446215752049, 0.07306946436629032, 0.08056122081171682, 0.07345559661264897, 0.07921044068881769, 0.07571043623811319, 0.07452456497553124, 0.0754616791000965, 0.07441742567053364, 0.08166959229699465, 0.08305700102849604], [0.07444862452769704, 0.0719925915655426, 0.08248624128940273, 0.07289249389995135, 0.08060389494930743, 0.07325763186745782, 0.07930620038114833, 0.07564356894919691, 0.07450847547229665, 0.07533115041424941, 0.0743623442189909, 0.08183344913142546, 0.08333333333333333], [0.07475221560793141, 0.07209636814680008, 0.08179283954017405, 0.07310834402484238, 0.0805780915675191, 0.07351208552416091, 0.07917386720932419, 0.0757336721838476, 0.0744937339627995, 0.07551921258444402, 0.07441027665284201, 0.08158997026335879, 0.08323932273195593], [0.0746689956702493, 0.07199488684135315, 0.08175387691181518, 0.07300703768096273, 0.08077741800059496, 0.07341026869854474, 0.07932972991805373, 0.07576443715056703, 0.07449915249585638, 0.07551885340591483, 0.0744032601975876, 0.08178533826333716, 0.08308674476516313], [0.07501639853669881, 0.07215743246335742, 0.0811532860090925, 0.07327132000428098, 0.08054115163476169, 0.07370988204637952, 0.07906822898268043, 0.07582513947469507, 0.0744822473153124, 0.07569180138364598, 0.07445252171398797, 0.08129725710177382, 0.08333333333333333], [0.0751540512186935, 0.07221031478716312, 0.08085717365486818, 0.07336565748496329, 0.0805623667801152, 0.07381785637755632, 0.0790673302734385, 0.07591125928392668, 0.07452006304550918, 0.0758082832073302, 0.07451230488542089, 0.08117640013978906, 0.08303693886122586], [0.07527058589369669, 0.07221539404665518, 0.08048721318907597, 0.07342285257722884, 0.08057885707740758, 0.07389220227623629, 0.07905950423382603, 0.07598955416349559, 0.07453248325870797, 0.0759175558856393, 0.07454895660520366, 0.08101095628617354, 0.08307388450665328], [0.0753378499519649, 0.07219368139773519, 0.08019705672733592, 0.07344208567838464, 0.08057027360866477, 0.07392490490606246, 0.0790387574457875, 0.07603415134156118, 0.07452394015692687, 0.07598472904188214, 0.07455855703407507, 0.08086067937628605, 0.08333333333333334], [0.07538267718944813, 0.07213614090682423, 0.07977185340779588, 0.07342618780179289, 0.08067749513794076, 0.07392109912284064, 0.07913034319975483, 0.07615455116795632, 0.07456219357968204, 0.07610686700043318, 0.07460985875680258, 0.08078739939539513, 0.08333333333333333], [0.07549049063105077, 0.07216439057941844, 0.07929828783776269, 0.07348762329189144, 0.08074616999899764, 0.07399050002743993, 0.07922872178653366, 0.07634352719228288, 0.07467340950455705, 0.07629876361105353, 0.07473624972037514, 0.08067711075062263, 0.08286475506801419], [0.07552013949550578, 0.0721573462529135, 0.07898149936900395, 0.07349369886561123, 0.08079697197442232, 0.07399817136088384, 0.07931475086417407, 0.07647047901057404, 0.0747492101077308, 0.07641430782020611, 0.07481637116413488, 0.08059974265575554, 0.08268731105908401], [0.07547277414819858, 0.07205604661454808, 0.0785708559940018, 0.07339768383649273, 0.08087835510008087, 0.07389961137503025, 0.07945389950564134, 0.07660008562672625, 0.07481109840485337, 0.07650380184054696, 0.07487250425173446, 0.08050591888635117, 0.08297736441579423], [0.07526483695915868, 0.07183438781096743, 0.07836691980750986, 0.07312179253942813, 0.08117698956754751, 0.0736006100455818, 0.07979208139196763, 0.07667474593016871, 0.07486382916107089, 0.07646072452099346, 0.07487713600599182, 0.08063261292628077, 0.08333333333333333], [0.07449457411716863, 0.07209905432158809, 0.08256416249509937, 0.07297943259102448, 0.08048864718958387, 0.0733377952107238, 0.07923829614549593, 0.07565183472685286, 0.07455101687026768, 0.07534793998081482, 0.0744056874972871, 0.08170807694493495, 0.08313348190915856], [0.07441756520388643, 0.07212648816664548, 0.0829178946819017, 0.07293943235358517, 0.08046015794843506, 0.07327416635619444, 0.07929979036264988, 0.07565079070749828, 0.07461709278022174, 0.07529945023124639, 0.07444018433395633, 0.08172303232031795, 0.08283395455346111], [0.07435778621511115, 0.07216571436894659, 0.08315068701262807, 0.07291268724419893, 0.080468978501146, 0.07322414303834365, 0.07937363781674897, 0.07566968143312457, 0.07469991564770512, 0.07527093252582204, 0.07449198576013918, 0.08170867862624295, 0.08250517180984297], [0.07432596999482216, 0.0721823672046864, 0.08333333333333334, 0.0728975079169316, 0.08047986434455852, 0.07319775953544082, 0.07939753803396082, 0.07567388075122053, 0.0747356638826114, 0.07525304454210213, 0.07451300995796964, 0.08167236292881118, 0.08233769757355162], [0.07432555106098972, 0.07226942074458634, 0.08308108058789018, 0.07292746122547025, 0.0805342091304026, 0.07320724654302652, 0.07948152808202194, 0.07573597718141942, 0.07485300995620915, 0.0752771370172082, 0.07460561223983371, 0.08162969662482439, 0.08207206960611761], [0.07424352213993421, 0.07228736043371974, 0.08333333333333333, 0.07286931202689602, 0.08059907314391651, 0.07312210781022851, 0.07958864069595523, 0.07576958511709514, 0.07495514914615388, 0.07524731192669919, 0.07466789931667507, 0.0816390193443158, 0.08167768556507732], [0.07421667006540966, 0.07230539396970995, 0.08333333333333334, 0.07285200371321322, 0.08063715069446838, 0.07309215716370789, 0.0796512705345177, 0.07579925684929345, 0.07501585646036335, 0.07524661233015419, 0.07470985514667626, 0.08164296499405632, 0.08149747474509644], [0.07467268126920515, 0.07185564112877804, 0.08125365617245753, 0.07292666745232879, 0.08102686114166406, 0.07334897107766249, 0.07947027479925349, 0.07584002530922616, 0.074476323042993, 0.07559474293790754, 0.07439344628074789, 0.08180737605444255, 0.08333333333333333], [0.07499460938861847, 0.07201670416211174, 0.08075259104825329, 0.07317509896325998, 0.0808209066629035, 0.07362731725434503, 0.07926189222846328, 0.07592934990956791, 0.07449335895188101, 0.07577989917223, 0.07446806454437961, 0.08134687438065276, 0.08333333333333333], [0.07520311681901204, 0.07210377544881627, 0.08028584142154149, 0.07332219762339041, 0.08079259581528375, 0.07379371387808809, 0.0792295419460442, 0.07606201932061178, 0.07455393095901955, 0.07595970470163677, 0.07456285479463363, 0.08106754262991428, 0.08306316464200762], [0.07419966791103759, 0.07231769540991043, 0.08311868906898823, 0.07283469461771266, 0.08071978345804598, 0.07306406623216119, 0.07975209496377565, 0.07584686942676966, 0.07508520487502111, 0.07526224673772139, 0.07476084618166816, 0.08169133334706787, 0.08134680777011993], [0.0741742543264187, 0.07232263466509783, 0.0830276448353773, 0.07280916197728458, 0.08078855868866078, 0.07302747226448628, 0.07984449605587511, 0.07588760810660876, 0.07514890358458462, 0.07527008112167187, 0.07480548711936663, 0.0817132136533651, 0.08118048360120243], [0.0741183417883259, 0.07229462223560915, 0.08314072352263831, 0.07274632281987149, 0.08087104064121686, 0.07295201298608402, 0.07995751968235215, 0.07592155047087068, 0.07520680241971124, 0.0752606447186858, 0.07483870257171205, 0.08172544760510139, 0.08096626853782102], [0.07409258580286925, 0.07230748001854169, 0.08305817184370895, 0.07272043202460365, 0.0809407064266868, 0.07291192912164553, 0.08007320262624398, 0.07598044946381695, 0.07529534119741771, 0.07527737727566797, 0.07490292356278097, 0.08169891237105391, 0.08074048826496277], [0.07406366790429089, 0.07230150398588008, 0.08299688249653259, 0.07268372168056629, 0.08102113960787584, 0.07286379587531959, 0.08019617670922402, 0.07603547403064033, 0.07537043283215068, 0.07529229064718762, 0.07495584903479094, 0.08167931747593324, 0.08053974771960784], [0.0740508396423772, 0.07229190334457841, 0.08292935784923108, 0.07266296567526258, 0.08107412730630244, 0.07283875708908544, 0.08026677660767953, 0.0760643888845283, 0.07540407708601733, 0.0753022060281812, 0.07497963585361112, 0.08168186995010326, 0.08045309468304208], [0.07402959059673989, 0.07227668457984586, 0.08287127500717632, 0.0726300210256655, 0.0811468324890802, 0.0727990023675427, 0.08037199426318326, 0.07610778470753292, 0.07545550927051013, 0.07531600871803976, 0.07501566498558986, 0.08166773884687005, 0.0803118931422235], [0.07399811490856446, 0.07225134070358893, 0.0829372309901856, 0.07258596183167697, 0.0812078500232657, 0.07274777634394919, 0.08047341505010432, 0.07614524361177662, 0.07550171055086176, 0.07532182533580868, 0.07504530368201134, 0.08162939786197618, 0.08015482910623022], [0.07398210219931044, 0.07227336218527726, 0.08296042502678486, 0.07256937740373992, 0.08122644834676546, 0.07271673139564326, 0.08058203165230976, 0.07621655334339532, 0.07560307259460156, 0.07534956873966435, 0.0751219783085628, 0.08149417455817248, 0.07990417424577254], [0.07395295228389326, 0.07226286301027525, 0.0830645579777355, 0.0725285896988535, 0.08126213561371712, 0.07266429227314342, 0.08070770653641142, 0.07628123894407877, 0.07568617270147433, 0.07536987765679778, 0.07518144288671592, 0.08137310767595533, 0.07966506274094831], [0.07393760848003053, 0.07218218563874781, 0.08309075254719839, 0.07249353688254637, 0.08133238285066785, 0.07264598441896657, 0.08066840630042248, 0.07620723557658686, 0.07556651630042825, 0.07532977340976252, 0.07508353574786088, 0.08156675512608988, 0.07989532672069158], [0.07496904104994205, 0.0721092816213109, 0.0811538981566859, 0.07321872748975167, 0.08065663821533017, 0.07365532402625653, 0.07916250953210022, 0.07584892489487634, 0.07449542418722112, 0.07569544849832724, 0.0744571453494553, 0.08140003388613572, 0.08317760309260706], [0.07483337209717952, 0.07202373847159403, 0.08131423096680984, 0.07310260389389946, 0.08079140119098176, 0.07352839800662848, 0.07928719231571164, 0.07583549791087735, 0.0744972648927197, 0.07563826904396029, 0.07443513915766556, 0.08160131549041062, 0.0831115765615617], [0.07499587265020216, 0.07195797264460532, 0.08035469236323986, 0.07313476701242444, 0.08110917742021934, 0.07359048316567562, 0.07949838267893232, 0.07609084356029122, 0.07458444563724441, 0.07591142802411094, 0.0745562519274771, 0.08136736470336974, 0.08284831821220748], [0.07485789441263846, 0.07193144882449665, 0.08084439875247355, 0.07305711426878507, 0.08103343770950769, 0.0734972227355736, 0.07944786907059052, 0.07595009194512967, 0.07452267785896396, 0.07574750135768232, 0.0744705748795753, 0.08157331217908324, 0.08306645600549976], [0.07442960620724869, 0.0718561994297458, 0.08216705688558246, 0.07278995582628725, 0.0809237397145582, 0.07316591984337352, 0.07952323322370544, 0.07571333118848618, 0.07450787838435997, 0.0753793687844825, 0.07435982396276991, 0.08213339068248933, 0.08305049586691081], [0.07459380335419302, 0.07185672130415333, 0.08154733371101314, 0.07288408113834734, 0.08101224882217964, 0.0732917078917555, 0.07949574273167108, 0.07579956937781089, 0.07448664473700867, 0.07552572080600964, 0.07438277801612594, 0.08194961475482873, 0.08317403335490302], [0.07502092344847268, 0.07191283677484842, 0.08000612599667678, 0.07311696401575785, 0.08119363680485474, 0.0735801981752363, 0.07957077224330025, 0.07617740923258212, 0.0746125734330978, 0.07599508828339899, 0.07459243919027744, 0.08131426714116939, 0.08290676526032732], [0.07505914843460582, 0.0718563183201831, 0.07952442223185151, 0.07307350532438649, 0.08136925806825539, 0.0735372820505407, 0.07975896315359772, 0.07634184263140154, 0.07470621296503525, 0.07612651263904392, 0.07468393785599814, 0.081260313723589, 0.08270228260151137], [0.07548183377761991, 0.07199379684362832, 0.07811616519563533, 0.07333032735468867, 0.0809068371030067, 0.07382492328989354, 0.07966626197910695, 0.07677044654857895, 0.07491725064430955, 0.0766261052193368, 0.07497117396641952, 0.08034590516401503, 0.08304897291376072], [0.0755666665592913, 0.07210384161472794, 0.07832546303151287, 0.07346525312520132, 0.08078450299815668, 0.07397199006871477, 0.07945102104547618, 0.07668894021365112, 0.0748638007542345, 0.07660820608487912, 0.0749399458915495, 0.08034291850029425, 0.08288745011231052], [0.07393064376513542, 0.07144823091839739, 0.0816740555087069, 0.07214768919531063, 0.08239157466759965, 0.07243431314368284, 0.08098554749016561, 0.07605646922918408, 0.07492938005763979, 0.07533962890414418, 0.07458971440681725, 0.0830859925832145, 0.0809867601300017], [0.07392488743380474, 0.07153560932966666, 0.0819725089131387, 0.07220200778436645, 0.08215985901861744, 0.07247875129916562, 0.08082041052967641, 0.07599717059304215, 0.07493280186194315, 0.0752899283125709, 0.07458749022551596, 0.08309406363005606, 0.08100451106843555], [0.07395634385857681, 0.07155207605371268, 0.08190018233926101, 0.07224661390995829, 0.08197381786609512, 0.07253436009796235, 0.08064199229104034, 0.07593456132078319, 0.07485874986415338, 0.07527078067243187, 0.07453487767581923, 0.08333333333333333, 0.08126231071687236], [0.07401390834727219, 0.07163246051589144, 0.08196579090021411, 0.07233547415648438, 0.08178918776813145, 0.0726271244482917, 0.08048603311925119, 0.07590571661688521, 0.07484168596600702, 0.07527704429240732, 0.07453283254789288, 0.08311498843894637, 0.08147775288232452], [0.07408876801867725, 0.07162624979307039, 0.08193106925771836, 0.07239209249087482, 0.08165505855832089, 0.07270618470015185, 0.080343449441549, 0.07587432569345227, 0.07475400818498906, 0.07530424501917142, 0.07448081357299886, 0.08307055172658491, 0.08177318354244092], [0.07414542273069419, 0.07158842366898846, 0.08175011061850689, 0.0724132113769714, 0.08166435355826691, 0.07274778979823714, 0.08027767304760641, 0.07586887653398856, 0.07468516723291474, 0.07534014580660449, 0.07444053385522145, 0.08316796047966157, 0.08191033129233774], [0.07421602010298932, 0.07153658622925464, 0.08125553516938386, 0.07241327186322069, 0.08194712725201965, 0.0727640647875791, 0.0804050527776868, 0.07596509208088215, 0.07469803070541459, 0.07544517636462199, 0.07447090189727958, 0.0829190558420969, 0.08196408492757071], [0.07415364071983026, 0.07140957590269079, 0.08080934652374995, 0.07227177470276855, 0.08243839951581161, 0.0726139046498465, 0.08079516629443304, 0.07610520693272188, 0.07479370319543667, 0.07550784864814838, 0.0745390897626704, 0.08307706835107853, 0.08148527480081365], [0.07402249399331916, 0.07136228196737042, 0.08107125069200852, 0.07214668984357571, 0.08259280036919306, 0.0724604323395562, 0.0810875842245674, 0.07614892298338015, 0.07489650831231137, 0.0754606660558246, 0.07459122217136242, 0.08308800174099208, 0.08107114530653882], [0.0739249240428508, 0.07133881772487058, 0.08132634618261642, 0.07207522115205371, 0.08258547791639265, 0.07237282912251335, 0.08113690708747441, 0.07610914155848283, 0.07491158328887536, 0.07538255014129495, 0.07457896344409755, 0.08333333333333334, 0.08092390500514411], [0.07397981708480494, 0.07141899052413787, 0.08143716284140921, 0.07217161646649158, 0.08229780523734047, 0.07247700092330986, 0.08088748507711838, 0.07603461939897664, 0.07485331285808454, 0.07536106616970724, 0.07454176319903928, 0.08333333333333334, 0.08120602688624676], [0.07396038058957367, 0.07148963788461712, 0.08171304070307844, 0.07219724395858139, 0.08225160205226664, 0.07248762483281192, 0.08086586010757524, 0.07602382382723159, 0.07490347385612359, 0.07533279665795316, 0.0745745069254925, 0.08308962745925492, 0.08111038114543964], [0.07405300400722453, 0.07153038834467088, 0.08150158940973247, 0.07229820176425067, 0.08196043030590668, 0.07261107949923125, 0.08060009672090394, 0.07595717322885097, 0.0747990044271798, 0.07534414812266094, 0.07451162504521079, 0.08333333333333331, 0.0814999257908436], [0.07412772863870529, 0.07149569007965097, 0.08117036834299453, 0.07231871876403843, 0.08212496091557601, 0.07264958202277223, 0.08064568570046352, 0.0760173271308395, 0.0747833183086068, 0.07542838940689225, 0.0745194698602412, 0.08309982284107881, 0.08161893798814032], [0.07408812011683114, 0.07150657664799746, 0.08132210874937529, 0.07229788346031461, 0.08209659042337569, 0.07261783876943849, 0.08068700736171996, 0.07601280365530454, 0.07481366902566429, 0.07540038956896947, 0.07453349916313205, 0.08311466536427638, 0.08150884769360059], [0.07406628090791952, 0.07140137818719688, 0.08109147178448084, 0.07221877010356692, 0.08232325187069028, 0.07254628549794814, 0.08081167225983366, 0.07605173765465459, 0.07479740356540962, 0.07542558601017124, 0.07451949077765539, 0.08333333333333334, 0.08141333804713964], [0.07403110989094022, 0.07156075626828498, 0.08166472210112216, 0.07229747070006125, 0.08198066516438926, 0.07259957955148455, 0.0806279969954452, 0.0759628046364698, 0.07483982672023051, 0.07532988374146139, 0.07453803882542204, 0.08318313605933574, 0.08138400934535273], [0.07410105423301627, 0.07154829513369736, 0.08165119419519408, 0.07235521386176971, 0.08177018391523685, 0.07268290024995742, 0.0803983867251885, 0.07589474236077136, 0.07471545556447426, 0.07533448997301848, 0.07445534603695662, 0.08333333333333333, 0.08175940441738573], [0.07416472267641903, 0.07153042259740447, 0.08135898181309856, 0.07237684962685184, 0.08193748009887315, 0.07271723539992506, 0.08045260200533735, 0.07595415133139882, 0.07471851686186114, 0.0754091110030956, 0.07447468960990022, 0.08305726340757837, 0.0818479735682562], [0.0742062193336373, 0.07145733234139738, 0.08080392290810237, 0.07234020607968873, 0.08229353251626864, 0.07269054853597809, 0.08065156096087321, 0.07607399226731108, 0.07475877431054458, 0.07551422802444001, 0.07452178445133563, 0.08300347713851755, 0.0816844211319053], [0.07425885755631922, 0.07151563405359558, 0.08099448359122693, 0.07241979653071787, 0.08207653410967149, 0.0727790544265473, 0.08045692303658947, 0.0760185577964958, 0.07470719213740087, 0.07550495051706078, 0.0744904203550279, 0.0828313869074111, 0.0819462089819355], [0.07407724978666372, 0.07160259939985014, 0.08178060920903395, 0.0723628758663237, 0.08178046312458902, 0.07267429178060367, 0.08045170776651046, 0.07591308277501596, 0.07478536425409923, 0.07532290406473954, 0.0745040543782455, 0.08311177609811553, 0.08163302149620966], [0.07417779805148146, 0.07156698766183117, 0.08157690439312558, 0.07241960390404253, 0.08174342115562552, 0.07276343778916128, 0.0802895008210229, 0.07589052523277443, 0.07467059928089369, 0.07537495075996263, 0.07443764317477874, 0.08309615886102484, 0.08199246891427531], [0.07424815176018618, 0.07156346957533288, 0.08136053851568746, 0.07245875072958101, 0.08181245318960725, 0.07281688101920022, 0.08027152342470026, 0.07592542407471656, 0.07465467833437427, 0.07543750343892776, 0.07444270818495022, 0.08287688860947376, 0.08213102914326234], [0.07380056451718292, 0.07135486618820272, 0.08136558377072603, 0.07195361928619358, 0.08306967750315437, 0.07219900381152428, 0.08172941024428702, 0.07631154138432893, 0.0752112391766739, 0.07541922660164067, 0.07479075493183134, 0.08254696402719515, 0.08024754855705901], [0.07383191662371763, 0.07128659744434776, 0.0811787671846682, 0.07194659498971309, 0.08316481324280325, 0.07221337499594478, 0.08164713082273978, 0.0762811660969484, 0.07511081682456848, 0.0754316127113974, 0.07472066989121684, 0.08271954978555143, 0.08046698938638289], [0.07395371623505399, 0.07125953342267582, 0.08080606934518031, 0.07201511739568041, 0.08306284620155789, 0.07231473121830602, 0.08148683012250983, 0.07628984787851345, 0.07501140012924573, 0.07551531033041978, 0.07467359544389451, 0.0827596003085837, 0.08085140196837877], [0.07407553821134352, 0.07121910718651184, 0.08024364375975786, 0.07205737267165048, 0.08333333333333334, 0.07238292557619004, 0.08143394333501952, 0.07638523894410651, 0.074986117871957, 0.07565185895760568, 0.07468954421429759, 0.08233260696948731, 0.0812087689687394], [0.07424343354260225, 0.0713364558948806, 0.07950797490915625, 0.07214245325378088, 0.08267125184786979, 0.07244612142859452, 0.08187083304361394, 0.07682960914382649, 0.07535992757722573, 0.07599170868650204, 0.075042938010255, 0.0814865886405893, 0.08107070402110321], [0.07403982661163085, 0.0713145163453915, 0.07966626583076473, 0.07196786883980957, 0.08299056074590125, 0.07221476977748273, 0.08251577741794405, 0.0769553336527921, 0.07561225703297861, 0.07593710094954723, 0.07519766820446369, 0.08118951117454348, 0.08039854341675035], [0.07385158767714842, 0.07133909062651048, 0.0802296316115948, 0.0718715660346641, 0.08300037303375649, 0.07207992678646906, 0.08286224111623006, 0.07685098470400342, 0.07567948737971032, 0.07575547535748522, 0.07519533982517201, 0.08129920576927185, 0.0799850900779838], [0.07381648037164754, 0.0714243240261967, 0.08086939758131502, 0.07192574863612279, 0.08269340563990052, 0.07212913654836291, 0.0824989357555253, 0.07667521407838172, 0.0756020301184264, 0.07562197332800223, 0.07511336856315023, 0.08169074266113217, 0.07993924269183651], [0.07379319920653415, 0.07135571428671647, 0.08123767440666074, 0.07192893422855987, 0.08302750328353521, 0.07216322496156852, 0.08195199075480522, 0.07640734324344897, 0.07531083906135447, 0.07546843403291957, 0.07487067550655259, 0.08230838038512915, 0.0801760866422153], [0.07380992464523613, 0.07126192189582865, 0.0810568476158403, 0.07190764814478402, 0.08333333333333334, 0.07216800997131605, 0.08179435463447583, 0.07633293035197596, 0.07516001127840122, 0.07545125214402124, 0.07475679488885707, 0.082545221603384, 0.08042174949254624], [0.07389324382497295, 0.07121801128709397, 0.08071879923605263, 0.07193694091895762, 0.08333333333333333, 0.07222169792434152, 0.08172711442885257, 0.0763599593442742, 0.07509366592980993, 0.07552466007774093, 0.07472787616171621, 0.08253035015738763, 0.08071434737546651], [0.07396677763938866, 0.07123492697339459, 0.08054972545919072, 0.07198961931021111, 0.08315791518486261, 0.07228619200125426, 0.0816705698026559, 0.07639286485838873, 0.07508308043691304, 0.07558600788265607, 0.07473842486150038, 0.08247031833058145, 0.08087357725900264], [0.07397767018174431, 0.07120773584611033, 0.08026684505626731, 0.07196060163778369, 0.08333333333333333, 0.07225348779899701, 0.08184609110519481, 0.07650032360493585, 0.07515753079572624, 0.07565848143318747, 0.07480575087582082, 0.08216546568289684, 0.08086668264800201], [0.07385470736837284, 0.07129542428766301, 0.08072672951773913, 0.07191373564547496, 0.0830153416151063, 0.07215991138074326, 0.08218316192280789, 0.076538471243643, 0.07534803954135506, 0.07558926364081281, 0.07492271390221386, 0.08209508803430424, 0.08035741189976359], [0.07386630267011458, 0.0712884746888402, 0.08040333622824884, 0.07188647032988975, 0.08307651409999928, 0.072121341078