[[0.07340076317092518, 0.0717798629536599, 0.07512081849628183, 0.08247416544365249, 0.07567860857109912, 0.07944683406407835, 0.0709283921250112, 0.0749230936408712, 0.08080245116772329, 0.08139423330516093, 0.08099275451651601, 0.08161520241605812, 0.07144282012896223], [0.07345911702216033, 0.07178620702387636, 0.07502816116419764, 0.08275381809721175, 0.07559852646265237, 0.07957112068047695, 0.07097814281548971, 0.07488689038050064, 0.08060108653478726, 0.0812776599123588, 0.08084251115408528, 0.08172623378458074, 0.071490524967622], [0.07355133236120313, 0.07182685962037924, 0.07494202314589467, 0.08302091030016565, 0.07552332407903914, 0.07970110685145622, 0.07107191820547157, 0.07486444768867255, 0.08036213787756946, 0.08111058829280787, 0.08065030374957866, 0.08179537465801463, 0.07157967316974731], [0.07365609001225873, 0.07187498703222445, 0.07488683730334196, 0.08296512228087403, 0.07548541607404086, 0.07983893598370585, 0.07116590659496284, 0.07487292454315096, 0.08019516757195598, 0.08100372714460989, 0.08052565068481696, 0.08185678353598486, 0.07167245123807264], [0.0738166865334029, 0.07198835018343884, 0.07486311222784611, 0.08272235885885731, 0.07547385920814764, 0.0799776435136021, 0.07133533750415746, 0.07491664176890935, 0.0800005335659676, 0.08085186036394777, 0.080365836390397, 0.08185147668753576, 0.07183630319379009], [0.07387206870677138, 0.07197396450136904, 0.07478437704723444, 0.08294973064797223, 0.07542005559608088, 0.08009421690026611, 0.07135572294124971, 0.0748994535003013, 0.07987145996551055, 0.0807713954177782, 0.08027346760868587, 0.0818728465993753, 0.071861240567405], [0.07392777663929553, 0.07187810751678955, 0.07462754950165904, 0.08333333333333333, 0.07532293125399199, 0.08033538876788465, 0.07130744976527846, 0.07485668181992658, 0.07971430419502953, 0.08071068285309596, 0.08018864400876947, 0.08196667895977372, 0.07183047138517219], [0.07409805282781527, 0.07192586283867874, 0.07457357985240537, 0.08294912240729685, 0.07531691687598215, 0.08058955926687279, 0.0714114109955704, 0.07491229488800244, 0.07957136311378148, 0.08063108549225438, 0.08010175996467031, 0.08197463398887163, 0.07194435748779829], [0.0741311461645092, 0.0717824817813469, 0.07441445320342563, 0.08333333333333333, 0.07523135072101152, 0.08087750091986183, 0.07130272181262727, 0.07487327286893716, 0.07947006933403841, 0.08061467237803441, 0.08006873197540758, 0.08203853917680055, 0.07186172633066613], [0.07434815425849514, 0.07179591411103824, 0.07434334111893699, 0.0827812838400344, 0.07524572968843984, 0.08130330301198156, 0.07137758121999663, 0.07496460326922999, 0.0793605411553836, 0.0805509979605261, 0.08000872958380092, 0.08195815945811416, 0.07196166132402257], [0.07449111882461029, 0.07169455219535269, 0.07419994416494695, 0.08301260365341699, 0.0752061753705576, 0.08176102031015553, 0.07132780381105396, 0.07499912293727937, 0.07922669730105547, 0.08045399248267726, 0.0799249514684149, 0.08175451269870186, 0.0719475047817773], [0.07469019686027614, 0.07173481543744384, 0.07414141974827257, 0.08312868624162943, 0.07520978543950327, 0.08202924235650505, 0.07142600317723134, 0.07507462504063646, 0.07904810155830645, 0.08025996782864855, 0.07975986587118962, 0.08143454329493571, 0.07206274714542174], [0.07483275145574013, 0.07168922519748212, 0.07411031573898692, 0.08258493246216608, 0.07526895295068538, 0.08248818676558303, 0.07139911762685501, 0.0751797948911062, 0.07903759398942851, 0.08032370423027735, 0.07977932683582979, 0.08123691037902608, 0.07206918747683352], [0.07493042060884088, 0.07165550361299393, 0.07410007113417993, 0.0821706922753118, 0.07532560880370953, 0.08283879978178786, 0.07137221670951727, 0.07526586569924212, 0.07903854274505617, 0.08038230309884042, 0.07979668100901596, 0.08105594065260428, 0.0720673538688997], [0.07496686721079666, 0.07154983857144634, 0.07409143001287363, 0.0816187423671112, 0.07540200455176067, 0.08333333333333334, 0.07124634114224908, 0.0753537535116796, 0.07911246854245202, 0.08052700006873921, 0.07989111284336294, 0.08093093850235045, 0.07197616934184496], [0.07498681173802708, 0.07153066271104665, 0.07418242825797151, 0.08119336879656593, 0.07554001805255124, 0.08290625408322637, 0.07118752395724386, 0.07547337077794848, 0.07928396902785251, 0.0807364789555521, 0.08007052750373522, 0.08097153534948738, 0.07193705078879169], [0.07498898859195526, 0.07148923879988206, 0.07428945001873855, 0.08061025244369253, 0.0757097896295419, 0.08273376192056624, 0.07109148872594023, 0.07561651974143423, 0.07947320088522628, 0.08095336531608928, 0.08025747937970144, 0.08091983946629971, 0.0718666250809323], [0.07484902312295114, 0.0713974652321867, 0.07443020558592493, 0.08001482558604509, 0.07588836435693053, 0.08253347635016815, 0.07090414790166151, 0.07571663173600157, 0.07979372612161136, 0.08127977837108524, 0.08056808472122978, 0.08092584709730566, 0.0716984238168984], [0.073390295899719, 0.0719260430320459, 0.07532296551293384, 0.08223413007144084, 0.07581764701927095, 0.07918412974665706, 0.07102783411836551, 0.07500879968838377, 0.0809351676971673, 0.08132186244140686, 0.08100081789564681, 0.08130596081635832, 0.07152434606060387], [0.07344362621887054, 0.07190211056604057, 0.07518427807188467, 0.08261531486822513, 0.07570079169342638, 0.0793517182098006, 0.07105708842253013, 0.07494657354240802, 0.08069755447835593, 0.08122360864172413, 0.08084510808921244, 0.0814786128896999, 0.07155361430782149], [0.07348279260456708, 0.07190138618238562, 0.07511350873799112, 0.08283557638970702, 0.07564063424532301, 0.07943906299786517, 0.07108764806358908, 0.0749181022262755, 0.08055671006541025, 0.08114675266594143, 0.08074330438655342, 0.08155131570279205, 0.07158320573159935], [0.07357386159657646, 0.0718698973122732, 0.07495310055155872, 0.08311515107317938, 0.07552256540848407, 0.0796766036844446, 0.07112252799096062, 0.07486939596223, 0.08030693019939426, 0.08103980835423814, 0.08058563907291598, 0.08174048098487419, 0.07162403780887047], [0.07348827396756397, 0.07186469757399541, 0.0750634595646408, 0.08288719825567571, 0.07560778485439507, 0.07950895600043913, 0.0710630224937042, 0.07489903902457754, 0.08052495530502995, 0.08116091825720323, 0.08074043305856483, 0.08162763642675253, 0.0715636252174576], [0.07371619802406033, 0.0719535180564003, 0.07490519146290141, 0.0829541736071067, 0.07549163030792447, 0.07983118378743528, 0.07126224193933535, 0.07489448196703442, 0.08010844994723337, 0.080904165445756, 0.0804327946374273, 0.08178568959501607, 0.07176028122236905], [0.0738410175121217, 0.07206355889296129, 0.07490579673811404, 0.08279641315585251, 0.07549222715880623, 0.07989766322859368, 0.07141309518394055, 0.07493396470887334, 0.0799567330962117, 0.0807677688991129, 0.08029645212074303, 0.08173210875123414, 0.07190320055343505], [0.07389675563248642, 0.07199628310648976, 0.07478153885803303, 0.08298143196169262, 0.07541652273429339, 0.08010133811800073, 0.07138731043456872, 0.07490457946753085, 0.07983209928636102, 0.08073194258408047, 0.08023555971759817, 0.08184380363201452, 0.07189083446685048], [0.07400255106389515, 0.07203733476428967, 0.0747079877291573, 0.08333333333333334, 0.075362395981812, 0.08020142935533763, 0.0714800827434664, 0.07490210957720166, 0.07962590029592702, 0.0805576363062407, 0.08005938573401844, 0.08174705681137652, 0.07198279630394425], [0.07414789174588207, 0.07203527648531119, 0.07461617609864452, 0.08313109883720052, 0.0753291155900328, 0.08047330578736656, 0.07153469826035058, 0.07493196342921461, 0.07948289552342579, 0.08049484131996835, 0.07998266588472304, 0.08178792871705581, 0.07205214232082403], [0.07420950685475869, 0.07196707805954178, 0.07452674721941327, 0.08306465403923244, 0.075294259316848, 0.08070660666900237, 0.07149552706561968, 0.07493441573092684, 0.07942354414497364, 0.08050419616262315, 0.07997882087480086, 0.08186328252079081, 0.07203136134146855], [0.07428133916922082, 0.07190586050875812, 0.07443566314002621, 0.0830942738243943, 0.07525839628367577, 0.08094213737982478, 0.07146649951966555, 0.0749397542884226, 0.07935193531578338, 0.08048082733489159, 0.07994836559025209, 0.08187437557029931, 0.07202057207478552], [0.07440883464136111, 0.0719102901165213, 0.07438858829698025, 0.08282251301121633, 0.07526235190661533, 0.08118603950225406, 0.07150839217602982, 0.07499018700472425, 0.07928167838006844, 0.08043677505241148, 0.07990664643970752, 0.08182016166552765, 0.07207754180658243], [0.07449949654483531, 0.07192971294603451, 0.0743702025534886, 0.08262956067981875, 0.07527319920373458, 0.08132915676329516, 0.07155205445456025, 0.07503074952638797, 0.07923295858380892, 0.08039657407928422, 0.07987164802203416, 0.08175535953604307, 0.0721293271066747], [0.07457923547617389, 0.07190086151033234, 0.07429870121167226, 0.08287594204166308, 0.0752448251528617, 0.08149918367028036, 0.07155514683438341, 0.0750425332395337, 0.07913369436950492, 0.08030796737158406, 0.07979073219014939, 0.08162526772706048, 0.07214590920480039], [0.07461801736767332, 0.0718041604554362, 0.07420326800416298, 0.08317644837868134, 0.07520758323378633, 0.08173474740432253, 0.07147824422749906, 0.07503847931684192, 0.07907627792232019, 0.08027296142631328, 0.07976090182764552, 0.08153795848166868, 0.07209095195364874], [0.07493166366159762, 0.0719366376705966, 0.0741861790417988, 0.08290536449883525, 0.07525995712292215, 0.0819982284008904, 0.07168932302742513, 0.07518516623134686, 0.07886094936692158, 0.08003900999802328, 0.07955381203114979, 0.08113509941448749, 0.07231860953400504], [0.07503204485565873, 0.07187063243048372, 0.07414633170740913, 0.08254213654793567, 0.07529909510200312, 0.08236716228602431, 0.07163509035285201, 0.07526055619686718, 0.07885956803051197, 0.08011372939598138, 0.07957887035028131, 0.08099989172756772, 0.07229489101642371], [0.07465512117651478, 0.07167411491658865, 0.07412989069360387, 0.08300422554719149, 0.07521503244285346, 0.08212637286293968, 0.07135089928447538, 0.07507118905963947, 0.07911040722246121, 0.08033779864898134, 0.07983479617155664, 0.08149363052746454, 0.07199652144572949], [0.07515064742291416, 0.07187704772525054, 0.07414399633111228, 0.08222303548591499, 0.07534947673556255, 0.08257758130617363, 0.07165776845487332, 0.07534485960941972, 0.07882827577439824, 0.08012086007630627, 0.0795567070187968, 0.08083355676356553, 0.072336187295712], [0.07527510264617608, 0.07183964549784135, 0.07415337498045425, 0.08170794197713331, 0.07544523266791198, 0.08288724936505858, 0.0716202573293459, 0.07547324195538158, 0.07885090398505715, 0.0802032853950161, 0.07959401090961565, 0.08061790869795593, 0.07233184459305216], [0.07525514530157446, 0.07175641606229678, 0.07416012365804965, 0.08142884486084934, 0.07549788036818347, 0.08300696491527262, 0.07150983810492627, 0.07551784636060827, 0.07894317969610855, 0.08033374213351872, 0.07969851741267883, 0.08064976722883525, 0.07224173389709795], [0.07528207564261301, 0.07171942055827821, 0.07424957935210849, 0.0809429714868033, 0.07565049915666454, 0.0827181145171089, 0.07142880542670908, 0.07565569300945138, 0.07910861382910706, 0.08053475311961907, 0.07986857474334498, 0.08065421589532999, 0.07218668326286204], [0.07533702078759143, 0.07168270680292553, 0.07430069171210726, 0.08042089564434828, 0.07577418859504156, 0.08305226472291793, 0.07136512017716606, 0.07578517121424629, 0.07915373551973846, 0.08058727996962232, 0.07990238363498542, 0.08048811605709758, 0.07215042516221187], [0.07512730915801454, 0.0715367705843481, 0.07436936562714207, 0.08011628615436929, 0.07585905436430124, 0.08295351407993908, 0.0711313171671365, 0.07578951264822108, 0.07944671171495689, 0.0809020495072981, 0.08020189112027129, 0.08063716144649234, 0.07192905642750938], [0.07344287686395287, 0.07205283632246373, 0.0753834010978799, 0.08232787929860466, 0.07583854402136471, 0.07910760826277008, 0.07116423490834933, 0.07503494598365305, 0.08081167793474847, 0.08115239161161195, 0.08084608172497479, 0.08119455202826772, 0.07164296994135867], [0.07353255701151634, 0.07202738237659019, 0.07518177404430428, 0.08289977672819074, 0.07567069433533537, 0.07934429750424012, 0.07122006709935448, 0.07494997793033216, 0.08046361336210431, 0.08099451842658997, 0.08061316223493102, 0.08140366986445947, 0.07169850908205154], [0.07349458795860153, 0.07202882698286718, 0.07525007713618517, 0.08269223267627392, 0.07572779946032614, 0.07926296885962172, 0.07119136761927633, 0.0749765934823035, 0.08059368228837001, 0.08106348389942136, 0.08070538394228395, 0.08134249931327323, 0.07167049638119627], [0.07353589160663962, 0.07194858539909658, 0.07508026230030831, 0.08305800655554059, 0.07560265434798497, 0.07947384634414931, 0.0711637944269716, 0.07490756355736267, 0.08040533795741472, 0.08102087440230633, 0.08060817088467093, 0.08154269048883225, 0.07165232172872221], [0.07361039442229693, 0.07204975754200746, 0.0750901838743489, 0.08318393021242544, 0.07559397509147119, 0.07946142762929141, 0.07129187249101322, 0.07492260183963362, 0.0802530670990127, 0.0808623767555002, 0.08045349893171544, 0.08145934011329746, 0.07176757399798608], [0.07372630648693676, 0.0720740447832128, 0.07500291265077556, 0.08307159504652802, 0.07553964152960282, 0.07965228118819659, 0.07137128531769561, 0.07492500051167349, 0.08008206080365306, 0.08078666284481638, 0.08034738632295933, 0.08157048943522172, 0.07185033307872786], [0.07359816091301678, 0.07196965536063638, 0.07500886918938025, 0.08333333333333333, 0.07554135264247426, 0.07956017767861367, 0.07122433568521391, 0.07488544562697057, 0.0802299463110197, 0.08089964694675579, 0.08046880666348369, 0.08157019302939757, 0.07171007661970401], [0.07385877604012077, 0.07215491923125633, 0.07496269085602617, 0.08296201041248269, 0.0755147948924159, 0.0797742144106182, 0.07150359251794526, 0.07495104683023532, 0.07990464635111598, 0.08065851074144899, 0.08020775103230689, 0.08156785256530324, 0.0719791941187244], [0.07395012560427199, 0.07221233728574585, 0.07494667184657945, 0.08280191388259771, 0.07550979631911123, 0.07985440284360154, 0.07159270306106155, 0.07497753749275714, 0.0798068074005395, 0.08058808626348764, 0.08013220887690502, 0.08156067063457782, 0.07206673848876362], [0.07398362657185348, 0.07218614747148243, 0.07488367961795668, 0.08293768829560914, 0.07546968741885376, 0.07994783245025382, 0.0715900376004964, 0.07496273513847437, 0.07973217747163719, 0.08055475374260262, 0.08008769870427339, 0.08159423059163967, 0.07206970492486692], [0.07407631672524366, 0.07222091940447832, 0.07483050262497541, 0.08305816302240748, 0.07543597157091399, 0.08004221940330783, 0.07166600522668935, 0.07497051462293318, 0.07958760983792348, 0.08044408605771723, 0.07997222768898193, 0.08154905743242388, 0.07214640638200424], [0.07417260386846071, 0.0721679526203901, 0.07470778476353027, 0.08313749757410634, 0.07537250280044579, 0.08028684401292607, 0.07166360779149596, 0.07496360913384782, 0.07945356558900458, 0.08039585523545996, 0.07990483739566116, 0.08161275984823568, 0.07216057936643551], [0.07420102002423046, 0.07211944090752867, 0.07463475336677897, 0.08333333333333333, 0.07532998999522025, 0.08040113159695962, 0.07163702774908785, 0.07494662824363969, 0.07938610135375482, 0.08036819505250131, 0.07986897003134465, 0.08162982061535846, 0.07214358773026185], [0.07423359826950672, 0.07210500149640177, 0.07461021758626143, 0.08320768491383439, 0.07532533685284677, 0.08049143608446509, 0.0716340138205891, 0.07495622836703937, 0.07937098517776321, 0.08037858992183604, 0.07987422659896691, 0.08166564523514361, 0.07214703567534558], [0.07430810415268942, 0.07205626691347446, 0.07451730605983833, 0.08333333333333336, 0.07528181116098095, 0.08069090593836767, 0.07162156466570396, 0.07495568571916712, 0.07926929989788603, 0.0803323317652858, 0.07982045403525184, 0.08166314545816344, 0.07214979089985779], [0.07442169286488055, 0.07205421523370288, 0.07447177516439518, 0.08301200521510013, 0.07528430116107564, 0.08091491662211091, 0.07165349954035086, 0.07499983534870933, 0.07921700253593122, 0.08031372675908136, 0.07979909652495897, 0.08166172411017258, 0.07219620891953037], [0.07452725147086318, 0.07206905019821014, 0.07444378506151435, 0.082750575040421, 0.07529357341110597, 0.08108992216912442, 0.07169775999460559, 0.07504486760808501, 0.07916548304105109, 0.08027972143932335, 0.07976745706155748, 0.08161937727245389, 0.07225117623168452], [0.07472554278327641, 0.07211437204314139, 0.07438452861669967, 0.08268261542848265, 0.07529345889452024, 0.08132877526770475, 0.07180406787635231, 0.07511553346586583, 0.079006798094744, 0.08012906266328787, 0.07963170739467768, 0.08141087532632074, 0.07237266214492649], [0.07488313537177958, 0.07213333463904763, 0.07432273311417455, 0.082807777538254, 0.07528525119339727, 0.08151128562788923, 0.07187287755429143, 0.07516727160174165, 0.07886472391218237, 0.07998743015176195, 0.07950637157208325, 0.08120117804354512, 0.07245662967985193], [0.07497621868164407, 0.07201599867707346, 0.07421791999855949, 0.08287013221061355, 0.07527264220786052, 0.08189139715476658, 0.07178099871453594, 0.07520399378992827, 0.07881764849738482, 0.07997010042986245, 0.07949762263396598, 0.08108503256252932, 0.07240029444127562], [0.07481029130675855, 0.07193248518984764, 0.07421276640266039, 0.08308438170429293, 0.07523635839908738, 0.08178901281195293, 0.07165819281346264, 0.07512139393703329, 0.07891973783697573, 0.0800866289993487, 0.07959803497075665, 0.08127997033088445, 0.07227074529693855], [0.07473994434121321, 0.0720273680657763, 0.07430958915102236, 0.08288597219815953, 0.07526217697296897, 0.08150201475847464, 0.07172819533045828, 0.07510524532109705, 0.07898125776950418, 0.08012643393201523, 0.07962881298980541, 0.08138888293681423, 0.07231410623269068], [0.07460558793050924, 0.07204381216723578, 0.07439679179068964, 0.08262158797308945, 0.07529027287627928, 0.08128421672080467, 0.07169622181498092, 0.07507384265820716, 0.07912574999172232, 0.08026151554143052, 0.07975077855500964, 0.08158529856139918, 0.07226432341864228], [0.07480199143847757, 0.07196339921359736, 0.07423583053720793, 0.08305149713528495, 0.07524177881412814, 0.08171281162057052, 0.07168630814128898, 0.07511939089792657, 0.07892355440564451, 0.08008382434645424, 0.07959367263104786, 0.08129418850152784, 0.07229175231684348], [0.07464453640863986, 0.07176142102633823, 0.07415778397156955, 0.08333333333333334, 0.07519178715359215, 0.08185486879658425, 0.07144659502344566, 0.07504094587550256, 0.07904127966207526, 0.08024521924035209, 0.0797382223371545, 0.08147371290440523, 0.07207029426700742], [0.07505051055967078, 0.07197842847577228, 0.07418535788341649, 0.08269533373555635, 0.07529081312815664, 0.08210946391017818, 0.07175639955232214, 0.07524996127193842, 0.07879933244633612, 0.08000051844099888, 0.07949630913297998, 0.0809927150567963, 0.07239485640587745], [0.07515060710829943, 0.07196748414924073, 0.07417037624860821, 0.08243491599312193, 0.07532677729123831, 0.08231633118742354, 0.07176068421207497, 0.07531720222625117, 0.07877377408163223, 0.0800173005285141, 0.07948327994894804, 0.08086359607209438, 0.07241767095255303], [0.0752646956917343, 0.07195304388706716, 0.07416433631177667, 0.08209273503883198, 0.07538272365253239, 0.08255080943645472, 0.07175798554353734, 0.07540639882862646, 0.07875881904114498, 0.0800483107109164, 0.07948063627043518, 0.08070148429432904, 0.07243802129261336], [0.07535925463986216, 0.07195732957987461, 0.07417422725618365, 0.08182171573903044, 0.07543784068027945, 0.0826739573302731, 0.07176965409811306, 0.07548596705083568, 0.07874891018327353, 0.08006551417629139, 0.0794758686457615, 0.08056353782800758, 0.07246622279221392], [0.07539930000959269, 0.07187756602799071, 0.07418977240706047, 0.08139563459201903, 0.07552785399966758, 0.0828439232787711, 0.07166615251303776, 0.07558317341548872, 0.07883528546502482, 0.08020357474810474, 0.07957628289110145, 0.08050787430250085, 0.07239360634964014], [0.07549969938428548, 0.07188095369114998, 0.07427744778645039, 0.08089093846680527, 0.07568780424269031, 0.08261048412145118, 0.07164393276228719, 0.07575128419408445, 0.07893069890679129, 0.08032520372976963, 0.07967000808546651, 0.08043251679801297, 0.07239902783075552], [0.07549220497411087, 0.07181274687297651, 0.07430259561195282, 0.08053221569578367, 0.07576541802803208, 0.08288964185249405, 0.07154493255967048, 0.07582209774257051, 0.07899967000149438, 0.0804092701045103, 0.07973708453883277, 0.08037059416831, 0.07232152784926162], [0.07540608859272065, 0.07168733240953279, 0.07434221407908263, 0.08006884987590304, 0.07586533307725281, 0.08333333333333334, 0.0713590308855336, 0.07588919748081552, 0.07914042558068929, 0.08055932106178351, 0.07987150184234727, 0.0803157355337674, 0.07216163624723827], [0.07515568210800003, 0.07156270347597936, 0.07446620328419151, 0.07979007817782373, 0.07598691968612704, 0.08280154458256861, 0.07112678271138247, 0.0759025513680245, 0.07952711866812891, 0.08095571969072254, 0.08026016072867671, 0.08052930060691244, 0.07193523491146205], [0.07466534980219824, 0.07216203804554418, 0.07445243092472308, 0.08255552816329277, 0.07531701783686603, 0.08115613688137416, 0.07182775909539701, 0.07510642504899911, 0.07906603544449595, 0.08016916294231502, 0.07966932881243204, 0.08147184023360785, 0.07238094676875455], [0.07453006721225, 0.0721665844392585, 0.07450102676324458, 0.08291236267423438, 0.0753072997125326, 0.08089204046943144, 0.07179481492809031, 0.07504862932419115, 0.07912086190895408, 0.08019466769370534, 0.07969313156071506, 0.08150900744537458, 0.07232950586801806], [0.07440899142496876, 0.07218139244128878, 0.07456502512618826, 0.08314783330412578, 0.07531563740334314, 0.08064843464477392, 0.07177011802776567, 0.07500883429017532, 0.07918961125562853, 0.08022592952659786, 0.0797274345706236, 0.08152305961765156, 0.07228769836686882], [0.07437795026490093, 0.07222358553602136, 0.07462109595164372, 0.08307381405393213, 0.07534181586351925, 0.08053123708880212, 0.07179512076447526, 0.07501347038251917, 0.07923273860725301, 0.08023565019502993, 0.07974263715040152, 0.08150834631124841, 0.07230253783025317], [0.07429337612019511, 0.07225173918890934, 0.07469314981030621, 0.08314180886198731, 0.07536838150219022, 0.08034081731684704, 0.07178863680828781, 0.07499972904220761, 0.079312440516123, 0.08026210764463028, 0.07977746432046638, 0.08148790508167451, 0.07228244378617527], [0.07419641573494107, 0.07232058296816755, 0.0748338370020791, 0.08293094618274591, 0.07544359245973348, 0.08008614729728329, 0.07180320248170582, 0.07501396229187782, 0.07946176201898768, 0.08032426918505248, 0.07985753142898094, 0.08144970379384221, 0.07227804715460272], [0.07414132923993687, 0.07233770734668529, 0.07489318244224231, 0.08290086331421015, 0.07547466518917205, 0.07997000991671156, 0.07179268809039348, 0.0750150661642488, 0.07953543904426943, 0.08035566641496829, 0.07989849821703997, 0.08142455787815724, 0.07226032674196459], [0.07464652593647772, 0.0716024701016045, 0.07411342870316566, 0.08275794310872485, 0.07523427258420504, 0.08231694508949407, 0.07126739762399453, 0.07509000894605157, 0.07917529734626907, 0.0804416487808142, 0.07991917525139296, 0.0815059871618467, 0.07192889936595921], [0.07497209527594988, 0.0717443433237966, 0.0741151262113383, 0.08235816768572658, 0.07530909674360396, 0.0826314132771665, 0.07148241356351806, 0.0752590245590825, 0.07895863289468516, 0.08026399973581876, 0.07970063597250694, 0.08104267360393146, 0.07216237715287538], [0.07515403701297614, 0.0717745204745001, 0.07412833595263223, 0.08188602999891474, 0.07539590959674156, 0.08291077421906123, 0.07153524098154959, 0.07539469485519765, 0.07890646143102463, 0.0802562597428662, 0.07965503277841224, 0.08076227354991448, 0.07224042940620912], [0.07407140706114335, 0.07232076267806034, 0.07493882555726188, 0.0828448787086467, 0.07550119336903478, 0.07988524987971136, 0.07174427233566835, 0.07500944915077762, 0.0796361254118925, 0.0804243474036309, 0.0799730643433341, 0.08144086182470262, 0.07220956227613554], [0.07400633376094852, 0.07231331766404948, 0.07499186367302513, 0.08278677538055089, 0.07553306382767762, 0.07979023833408515, 0.07170527442481568, 0.07500884196333431, 0.07973532547943961, 0.08048445665885329, 0.08004221762088469, 0.08143491476604321, 0.07216737644629247], [0.07388584554774542, 0.07225331956801229, 0.07502364442546697, 0.08305505063203297, 0.0755428452122298, 0.07965981346862774, 0.07160236405631643, 0.07497526298197398, 0.07985189908250452, 0.08055248227060041, 0.08012151845980736, 0.08141231706378278, 0.07206363723089933], [0.07377143705828494, 0.07220739722365538, 0.0750672665930523, 0.08333333333333333, 0.07556094659752068, 0.07951228810676372, 0.07151290471695908, 0.07494898797200804, 0.07996587097145805, 0.08060451495490241, 0.08019088004152877, 0.08135214412924889, 0.0719720283012844], [0.07371944752943284, 0.07221597554114118, 0.07515181938853328, 0.08306865566866488, 0.07562488331255618, 0.07941347822836994, 0.07148403817921462, 0.07497492633901502, 0.08010819391124843, 0.08068700055136699, 0.08029231136757027, 0.08131795434229472, 0.07194131564059167], [0.07368255802023597, 0.07219749306879533, 0.07517808139941515, 0.08300877784109721, 0.07564612508576199, 0.07937434135091923, 0.07144669077476945, 0.0749775637380159, 0.08018277230250936, 0.08073754467346796, 0.08035035948010257, 0.08131223321841702, 0.07190545904649273], [0.073625403955026, 0.07217043780997597, 0.07521965083135547, 0.08294857246980586, 0.07567921961312511, 0.07930674555808467, 0.07139042092205437, 0.07498168840247527, 0.0802955429309146, 0.08080805509875179, 0.08043493555257455, 0.08128810336136741, 0.07185122349448916], [0.07357990524839439, 0.07216022918315085, 0.07527545671159368, 0.08281003215731131, 0.07572467965823113, 0.07923390301280821, 0.07135101447415719, 0.07499789074396648, 0.08041304482973803, 0.08087418092727178, 0.08051949848837424, 0.08124723735588757, 0.07181292720911511], [0.07354829992285306, 0.07221046341559197, 0.07539627301263767, 0.08254384194020022, 0.07581589958380372, 0.07909202232540574, 0.07136209079876234, 0.07504817354433259, 0.08055014985682579, 0.08090649755834424, 0.08059175764406265, 0.08111577709904848, 0.0718187532981315], [0.07351035239608533, 0.07223449227462574, 0.07550213428035062, 0.08228459186632178, 0.07590185349909927, 0.07897177442531221, 0.071346818384, 0.07509385304038013, 0.08070428184860184, 0.08095921206211805, 0.08068465646143051, 0.08100359259772616, 0.07180238686394841], [0.07350354390471571, 0.07212440102074145, 0.07536099138880102, 0.08252472987573153, 0.07580263650539472, 0.07913151208830926, 0.07126608921370628, 0.07502735380346702, 0.08063570443685708, 0.08101121116773541, 0.0806894042614413, 0.08118856934276011, 0.0717338529903391], [0.07496593892453955, 0.07187931859517131, 0.07415591634862809, 0.08273759125012922, 0.07527380760973079, 0.08221171587169446, 0.07163419495606815, 0.07521471503163542, 0.07887407548896126, 0.0800981128991325, 0.07958440170567725, 0.0810888914942992, 0.07228131982433271], [0.07480558969242822, 0.07176758450668791, 0.07413577545902879, 0.08290780982938713, 0.07523915906212417, 0.08219073970460006, 0.07148337586332365, 0.07513805806540401, 0.07898970483323742, 0.08021504360925175, 0.07970838409269267, 0.08128822593018083, 0.07213054935165365], [0.07487957391866469, 0.07154607727826394, 0.07409235062547911, 0.08187274933828982, 0.075360793213777, 0.08310432987697736, 0.07123206344505184, 0.07528662426384135, 0.07915200696185627, 0.08054584768188346, 0.07992971984815152, 0.08105045094824576, 0.07194741259951767], [0.07478674041374989, 0.07160028558897828, 0.07409684906751705, 0.08238590401938707, 0.07528491326003554, 0.08266570906753629, 0.0712879328521587, 0.0751841192216621, 0.07912629210147165, 0.08045215105348141, 0.07988559231338885, 0.08127095717654745, 0.07197255386408559], [0.07444546571381512, 0.071746655502453, 0.0742626985405966, 0.08283477473422153, 0.07522715303955836, 0.08158215899009495, 0.07136161161263278, 0.07499231588156478, 0.07928024318644583, 0.0804948417734365, 0.07995945554542419, 0.08184615285165679, 0.07196647262809931], [0.07455768015302232, 0.07161624637880047, 0.07413547993563976, 0.08296276836843626, 0.0752087636849766, 0.08207609205283758, 0.07126476944102714, 0.07503460731039077, 0.07920554329532312, 0.08045053101677242, 0.07993397736445382, 0.08164383744844002, 0.07190970354987955], [0.07491035309854226, 0.07150277489474417, 0.0741194154557333, 0.08149640848566636, 0.07543924610168445, 0.08314628243276298, 0.07116980981635761, 0.07536636461857783, 0.07922980171433937, 0.08066492891934814, 0.08001765454176335, 0.0810310776975097, 0.0719058822229705], [0.07493369972135956, 0.07148906393852984, 0.07424329347566795, 0.08094871418641386, 0.07561891793799351, 0.08262934179317359, 0.0711049707132661, 0.07552019672283233, 0.07944378521335065, 0.08091882320135885, 0.08023675520030431, 0.08104838575403298, 0.07186405214171634], [0.07540689012016043, 0.07171258091969657, 0.07451223940485652, 0.07958331241989293, 0.07607791920117246, 0.0828532115049634, 0.07132030478625973, 0.07606143228328004, 0.07937594493330406, 0.08070597706045171, 0.08002549961005496, 0.08022623461233062, 0.0721384531435764], [0.07552199842157185, 0.0717696047512404, 0.07442038513742595, 0.0798299871326487, 0.07597300736743073, 0.08312766703316302, 0.07144156684042713, 0.07601392159093309, 0.07913727797228305, 0.08051111929669982, 0.07982974314978092, 0.08017151650288667, 0.07225220480350857], [0.07350680739379782, 0.07119904421651606, 0.07456654344518461, 0.08136141828916547, 0.07544633499097185, 0.08056277584973422, 0.07045049403232186, 0.07484423602764088, 0.08072117904065655, 0.08206677474292919, 0.08141291284524434, 0.08278604538743457, 0.07107543373840271], [0.07352540212550684, 0.07130629703841876, 0.07458761251646569, 0.08173956298361178, 0.07541222711410778, 0.08047286863167648, 0.07057484520083578, 0.07481573146477088, 0.08057772866434224, 0.0818134534686311, 0.08119247365478469, 0.08280532709108529, 0.07117647004576286], [0.0735956310876955, 0.07132257164255783, 0.07451399258814426, 0.08194648789845814, 0.07535143398645494, 0.08061558144608172, 0.0706316450941166, 0.07479655095268696, 0.08038721460593362, 0.08164006396701937, 0.08102037203517996, 0.08294581337880315, 0.0712326413168681], [0.07367121059151092, 0.07138892223325977, 0.07448851449009182, 0.0821760218699919, 0.07531939760895913, 0.08067879553248523, 0.07073209239674687, 0.07479602844244418, 0.08022480328575388, 0.08145771238905425, 0.080849759104142, 0.0828913610868001, 0.07132538096875987], [0.07377653416995311, 0.07135545410766474, 0.07437942431674704, 0.08226541301689187, 0.07526525608185197, 0.08096365271778988, 0.07074722609201439, 0.07479972488725328, 0.08006087323518643, 0.08134934620067209, 0.08073639198959008, 0.08294547822913208, 0.07135522495525289], [0.07386893300727992, 0.07131612987978281, 0.07430734199546844, 0.08218550503654054, 0.07525127144487143, 0.08123578772739298, 0.07073939632478243, 0.07482892029884848, 0.07999092773692966, 0.08131997019890767, 0.0807069771061118, 0.0828832299676255, 0.0713656092754582], [0.0739117983457519, 0.07122282901424677, 0.07428568981868863, 0.08171179374733073, 0.07530648982729014, 0.08147844068870648, 0.07063946582311924, 0.07489676369958909, 0.0801085141180888, 0.08149610735558725, 0.08088280310378321, 0.08276360117641501, 0.07129570328140288], [0.0737513079572246, 0.07106225198807924, 0.07435364430078942, 0.08106904495532286, 0.0754108564170846, 0.0812582249397898, 0.07039600009860471, 0.07493001820123263, 0.0805008032704984, 0.08195679364152722, 0.08132762937714552, 0.08290723750138215, 0.07107618735131888], [0.07350450308772642, 0.07096852057797257, 0.07442463384504085, 0.08087693598350797, 0.07542740426233778, 0.080815487960714, 0.07022232748229641, 0.07485430549766117, 0.08079205196691665, 0.08228284184300524, 0.08160398038202214, 0.08333333333333333, 0.07089367377746547], [0.0734597523519962, 0.07104969503498354, 0.0745163784974456, 0.08094905092537052, 0.0754598046615332, 0.08061942857650865, 0.0702812546419986, 0.07485155405439849, 0.08086450203026442, 0.08231069626048625, 0.08162620688365355, 0.08307855891456446, 0.07093311716679655], [0.07357583118569523, 0.07114690325590868, 0.07447219635791986, 0.08135194348802358, 0.07540372560438863, 0.08079889868196022, 0.07043171295624027, 0.07484507713025436, 0.0806134374303113, 0.08201447226808598, 0.08135194348802358, 0.08292195364593974, 0.07107190450724864], [0.07353918569053816, 0.07121571536229453, 0.07452367438791291, 0.08153243274221525, 0.07540118904453375, 0.08063201453839793, 0.07049095607153665, 0.07482170035352825, 0.0805937826895561, 0.08192675076550553, 0.08127989690941581, 0.08293061579622123, 0.0711120856483439], [0.07364256253325638, 0.07118353303319745, 0.07436534657076974, 0.08181164112405659, 0.07528672795389658, 0.08093843859985415, 0.07052490126289554, 0.07478026975803985, 0.08030223194750456, 0.08165864594511571, 0.08101774435021154, 0.08333333333333333, 0.07115462358786856], [0.07373617881169924, 0.07114799822657518, 0.07434631955840437, 0.0815462300532238, 0.07533607461746918, 0.08118094059920684, 0.07050172300839762, 0.07485768974739955, 0.08034712124226023, 0.0817595076931968, 0.08111801815851753, 0.08296729998481966, 0.07115489829883004], [0.07366859795197635, 0.07114913588305721, 0.07437074069605645, 0.08159491778681847, 0.07532902788098643, 0.0810332102012188, 0.0704847821947896, 0.07482558644321198, 0.0803879390571972, 0.08178623389748672, 0.08113772289878787, 0.08310329704801701, 0.07112880806039577], [0.07366728319935734, 0.07108561281959842, 0.07438212221320308, 0.0812615567419874, 0.07538423766351747, 0.08107846794452345, 0.07040292917899812, 0.07487347123480606, 0.08052446924918012, 0.08197011466761597, 0.08131642126695743, 0.08298797690538758, 0.07106533691486748], [0.07362417220630053, 0.07124117141683152, 0.07442769101401882, 0.08183640311280001, 0.07531496145516602, 0.08080724917764023, 0.07056914632101295, 0.07478837474844037, 0.08033923888722985, 0.08166188954133369, 0.08102666862669942, 0.08317584794355391, 0.07118718554897259], [0.07378382458567179, 0.07125905057164697, 0.07432428482859559, 0.08204278062562465, 0.07526333828100784, 0.08114065277775984, 0.07065174019433808, 0.07481043458313091, 0.08010952302370608, 0.08145350273370955, 0.0808289788397515, 0.08305124561806365, 0.0712806433369937], [0.07383342016576146, 0.07120878979159508, 0.0743011870639152, 0.0817842053329157, 0.07529327400813239, 0.08132670195776376, 0.07060595969996288, 0.07485741779842087, 0.08015538846228579, 0.08153996319326984, 0.08091513818956189, 0.08292427845347748, 0.07125427588293769], [0.07384721246608605, 0.07112295873303849, 0.07432857016925296, 0.08122665692875763, 0.0753906176438502, 0.08141795711405712, 0.0704923635337936, 0.07494599759616237, 0.08035633200944549, 0.08178898688503504, 0.08117354240228039, 0.0827391900478616, 0.07116961447037916], [0.07395056078539033, 0.07119300247391869, 0.07428650938512729, 0.08152995053508003, 0.07534743703699612, 0.08158903026852223, 0.0706076335925004, 0.074946441511983, 0.08015947044441062, 0.08156222903452769, 0.08096010559367864, 0.08258882825511853, 0.07127880108274633], [0.07371751472544597, 0.07129471470778508, 0.07438240874247272, 0.08209351051097763, 0.07527601548405062, 0.08093442836906482, 0.07066406530325654, 0.07479059721790002, 0.08016132348376145, 0.08147064593489954, 0.08084741764528475, 0.08308875799972727, 0.0712785998753735], [0.07390638693548793, 0.07128720785127886, 0.07428575937219349, 0.08203734551954019, 0.07526276498788112, 0.08137004048212217, 0.07071740576277809, 0.07485500914950763, 0.08000003270519115, 0.08135138418462641, 0.08073922861754075, 0.08283208033500121, 0.07135535409685109], [0.07399641594193734, 0.07128047480447589, 0.07426582153019433, 0.08183429028694526, 0.07528950565758519, 0.08158369226983443, 0.07072881062012093, 0.07491111761949258, 0.07998027146191385, 0.08134700032901805, 0.0807464142993976, 0.08265442151500058, 0.07138176366408405], [0.07319880560105425, 0.07108227189661831, 0.07483039226328532, 0.08080201846667971, 0.07567763433190744, 0.07985740164669497, 0.07016953314239559, 0.07490687492079581, 0.08150027523372355, 0.08270392822692321, 0.08212071762342449, 0.08234603877268326, 0.07080410787381426], [0.07325320160550998, 0.0709952879689601, 0.07471410656221703, 0.0806278927518831, 0.07562637562104702, 0.08008857111130098, 0.07011424943948098, 0.07489999948809573, 0.08138912626733857, 0.08281813255235665, 0.08213135183517002, 0.08257313348541781, 0.07076857131122187], [0.0734144297714736, 0.07093977875856237, 0.07459113295315324, 0.08026639938364993, 0.07560531785784001, 0.08046636705557846, 0.0701135992230026, 0.07495606692958513, 0.0812184479873233, 0.0827651236592633, 0.08207209683154014, 0.08279425562468253, 0.07079698396434539], [0.07360376437430916, 0.07095246359364255, 0.0745991606046374, 0.07987519245562737, 0.07571779218790714, 0.08070094405345231, 0.07014994154674409, 0.07511872116472719, 0.08118045107949359, 0.08268541078933221, 0.08209131255446832, 0.08246022465373158, 0.07086462094192711], [0.07360631872088284, 0.07101312440494209, 0.07493396610023571, 0.07882501873062857, 0.07611696707023681, 0.08042071338948986, 0.07009834023383832, 0.07542173771067161, 0.08165961500113347, 0.08305431115329008, 0.08249049982049263, 0.0815199207072859, 0.07083946695687202], [0.0733628408994864, 0.0711283191318719, 0.07528236271071223, 0.07877415621490799, 0.0763318175071627, 0.07973082313492863, 0.07008201975180169, 0.07546613548217115, 0.0823523814848113, 0.08257869455430349, 0.08297591528378902, 0.08114453348403117, 0.07079000036002228], [0.07315757730073703, 0.07119335340219521, 0.07538085281904355, 0.0792830943449764, 0.07627220747590886, 0.07934148181728463, 0.07009962802094519, 0.07532418206312917, 0.08265469585636247, 0.08235455493299872, 0.08298738172802782, 0.08118739527376713, 0.0707635949646238], [0.07309520790852396, 0.07119207120857932, 0.07525028018246492, 0.07996659803020621, 0.07606339620129166, 0.0793198129404094, 0.0701363630402069, 0.07514120350952383, 0.08232194861830597, 0.08255330249068958, 0.08266421589622408, 0.08152260822298031, 0.07077299175059383], [0.07315045278394706, 0.07108644435655781, 0.07493242061322847, 0.08056622688388333, 0.07577364994084144, 0.07966062989549005, 0.07013089309516737, 0.07495875617304465, 0.08173401156684688, 0.08279294723017411, 0.08232034049348372, 0.08212514848940972, 0.07076807847792548], [0.07321140636710843, 0.07098250342199726, 0.07477122750107505, 0.08047713753941656, 0.07568299153006483, 0.0799537993236442, 0.07007216701752864, 0.07492717211436072, 0.08154213607176579, 0.0829534006314034, 0.08228505971479083, 0.08241139244909795, 0.07072960631774657], [0.0733132414435179, 0.07091575615958301, 0.074685763582353, 0.08013376436004818, 0.07568415210617493, 0.08018759539331936, 0.070035995359996, 0.07497759478857646, 0.08146879535462423, 0.0830443281980261, 0.0823276474605811, 0.08250557480664622, 0.07071979098655341], [0.07339960212723753, 0.070922200622663, 0.07466677662691186, 0.0799623429541781, 0.0757063313525573, 0.08033642844004264, 0.07006208237915484, 0.07502920771874129, 0.08141122987964386, 0.08294282498782217, 0.08230404154596166, 0.08249983211383721, 0.0707570992512485], [0.07339762357751672, 0.07092477915731321, 0.0747608181088601, 0.07964020444634078, 0.07582521610613344, 0.08029280291494671, 0.07002997182997088, 0.07511917208769579, 0.08160147163762968, 0.08295648189482384, 0.08252830460824778, 0.08218743738105097, 0.07073571624947], [0.07314775611411031, 0.07096630975268758, 0.07492571370086722, 0.07998304401995249, 0.07585364396453186, 0.07974795798856707, 0.06998760872607332, 0.07503192799505007, 0.08193714869788801, 0.08307038694397557, 0.08271031806047216, 0.08198087072487485, 0.07065731331094954], [0.07315126458256337, 0.07102192030726295, 0.07510344424488874, 0.07955192539284103, 0.07604284440548045, 0.07