[[0.08279218325735402, 0.0762380429875796, 0.07410369049015648, 0.07147338465105459, 0.07500457964323434, 0.07395800173297579, 0.0809444391039396, 0.08112406602531216, 0.0725959708817778, 0.07256568402171967, 0.07544595713117927, 0.0819882225315686, 0.08176577754214799], [0.08292236215381754, 0.07619534697561355, 0.074166501078879, 0.07154123720611547, 0.07498090575945535, 0.07405453393968801, 0.08076584147993407, 0.08099270815376002, 0.07268048377163878, 0.07261565331082578, 0.07543084745285006, 0.08205011428502203, 0.08160346443240026], [0.08286323531480522, 0.07617291496877306, 0.07427527620375564, 0.07167195266474825, 0.07498779862555971, 0.07420218687471825, 0.08055982912483359, 0.08082882161309721, 0.07282308148230582, 0.0727197415410477, 0.07544415451786998, 0.0820525875954923, 0.08139841947299302], [0.08298971835899942, 0.07614095230439638, 0.07434250046236225, 0.07172686626433011, 0.0749678089041247, 0.07430251882305547, 0.08040479346374195, 0.08071320068179001, 0.0729048702066049, 0.07276370868581587, 0.07543711911900726, 0.08204875164773263, 0.08125719107803897], [0.08293709051345982, 0.07612494892962667, 0.07444846968811965, 0.07183925805592631, 0.07497441964863664, 0.07444570850836489, 0.08022082169222616, 0.08056197908928893, 0.07303767444198105, 0.07285629800043228, 0.07545356110740425, 0.08197030215829525, 0.081129468166238], [0.08297631588191651, 0.0761024588065398, 0.0745024569224837, 0.07186025682689978, 0.07495312869109258, 0.07452777301517345, 0.08011138193915993, 0.08048552880959028, 0.0730941814744326, 0.07287661712803921, 0.07546092127190489, 0.08197406429929374, 0.08107491493347353], [0.08333333333333333, 0.07603861882184744, 0.07453231157027487, 0.07177311764357358, 0.07486427135886019, 0.07460212464919994, 0.0799737768851201, 0.08041410806759883, 0.07309704054529602, 0.07281283934010502, 0.07544744905892446, 0.08206466366041577, 0.08104634506545046], [0.08307359797040728, 0.07603682846224041, 0.07464394332796924, 0.07180091098764962, 0.0748528624271357, 0.07475828781623693, 0.07984030831396942, 0.08033278681917333, 0.07319907535531749, 0.07285148797121557, 0.07550363334632987, 0.08211845218452994, 0.0809878250178252], [0.08333333333333333, 0.07599018154574219, 0.07466167752404283, 0.07165934900581163, 0.07476249262399652, 0.07481536510569892, 0.0797573182624333, 0.08031146797322491, 0.07316687279417261, 0.07275151234604631, 0.07549712226639707, 0.08229476254483646, 0.08099854467426389], [0.08290489064201859, 0.07601580391509605, 0.07480901561600387, 0.07163298254211617, 0.07475030120957242, 0.07501815749351042, 0.07965678273155026, 0.08025663730481324, 0.07327019159358628, 0.07276444471393446, 0.07559162080947969, 0.08237299887713241, 0.08095617255118627], [0.08333333333333333, 0.07599638769797276, 0.0748900159921823, 0.07148396343467957, 0.07467141213084616, 0.07515439762972638, 0.07953474735320572, 0.08018062355695246, 0.07327928207291988, 0.07267589481847984, 0.07563551223259951, 0.08228480473201068, 0.08087962501509137], [0.08312288670502135, 0.07604483481610674, 0.07506769616662606, 0.07155593400431345, 0.07470925418938132, 0.07538005292466488, 0.07939012937847668, 0.08004508388288481, 0.0734407871313271, 0.07276559036851427, 0.0757522696033614, 0.0820120675099018, 0.08071341331942013], [0.08311307811987438, 0.07610240796314532, 0.07516084096188941, 0.07143929109293587, 0.07470284673227404, 0.07550134535309885, 0.07937546557884867, 0.0800588591183983, 0.07345518503321893, 0.07271264260336596, 0.0758447872365928, 0.08183297821508369, 0.08070027199127378], [0.0831170526798238, 0.0761591069487977, 0.07523090715010897, 0.07135460798240023, 0.07470991023010828, 0.07558623604468535, 0.0793737348449696, 0.08007270329575734, 0.0734639863388706, 0.07267693632675842, 0.07592254620817655, 0.08165013955571322, 0.0806821323938298], [0.08316343064576939, 0.07623874617212135, 0.07526360134815202, 0.0711852167564858, 0.07471118594530884, 0.07561612162608203, 0.0794510829832862, 0.08015823600130878, 0.07340330049041707, 0.07258004817797228, 0.07600177902208054, 0.08148247371804848, 0.08074477711296722], [0.0830815538035806, 0.07630430421951279, 0.07522969451319485, 0.07100431362086779, 0.07470545451791741, 0.0755578095470327, 0.07963290286589403, 0.08029374084580085, 0.07328878830116262, 0.07246061397427962, 0.07603845105290095, 0.08148823915778873, 0.080914133580067], [0.08280318379699862, 0.07642619466083934, 0.07521822833036397, 0.07082592908036424, 0.07474111647834035, 0.0755071960251771, 0.0798807805158853, 0.08044849861868049, 0.07318255097357286, 0.07235570025045701, 0.07612066392508567, 0.08138878927603141, 0.08110116806820357], [0.08333333333333331, 0.0764965279422806, 0.07503837856795997, 0.07049334645498345, 0.07470453581507913, 0.07525184840697777, 0.08021290683387866, 0.0806993755427525, 0.07289395072779303, 0.07210758188961038, 0.07609539414630102, 0.0812955415418347, 0.08137727879721529], [0.08267423398371193, 0.07631506884681094, 0.07407791168797752, 0.0715600481070335, 0.07510539919910654, 0.07388469098685367, 0.0810544110688806, 0.08111679695946482, 0.07259508026486496, 0.07263342126685092, 0.07550375742601091, 0.08170701069212073, 0.08177216951031303], [0.0829953493241903, 0.07623522924046759, 0.0741255768171173, 0.07159485836173445, 0.07504267173638753, 0.07397573987514351, 0.08083937201727959, 0.08097898653646632, 0.07266077937564065, 0.07265227240367972, 0.07545685420523329, 0.08183243426948673, 0.08160987583717297], [0.08312322169686796, 0.0762005739439561, 0.07416589626340986, 0.07163475422894777, 0.07501990483695062, 0.07404055486573294, 0.08071392942168373, 0.08088995830552279, 0.07271501014538923, 0.07268065548505828, 0.07544146171831302, 0.08187253162934384, 0.08150154745882386], [0.08295772522222984, 0.07616715640143337, 0.07428994763347911, 0.07171960865271168, 0.0749974397102564, 0.07421934156713578, 0.0805070929396006, 0.08076736833635964, 0.07285446034138505, 0.0727539922239885, 0.07544609296356708, 0.08198796428184564, 0.08133180972600733], [0.08306789981547684, 0.07619110400860991, 0.07418358560056267, 0.07162343962821512, 0.07500409797068329, 0.0740705344879408, 0.08069104954493472, 0.08089378342519858, 0.07272672450501765, 0.07267424065404256, 0.07543688022798571, 0.08193838294467728, 0.08149827718665473], [0.08308264822695628, 0.07613302545165754, 0.07437614051809607, 0.07179933888040944, 0.07498083522553163, 0.0743444478468502, 0.08031911896151683, 0.0806222754820964, 0.07296179114836876, 0.07281787124104769, 0.07544284729517747, 0.0819577347730123, 0.08116192494927944], [0.0830608138471312, 0.07612431929644477, 0.07445809199515643, 0.07190765891445562, 0.07499663264580288, 0.07445122599540782, 0.08017379604988556, 0.08049167641727493, 0.07307219517787406, 0.07290473702938159, 0.07545983070173622, 0.08185873638617377, 0.08104028554327515], [0.0830057824318091, 0.07609795050996014, 0.07451883966861238, 0.07188418199092586, 0.07495488430033057, 0.07454973718307005, 0.08007437369022069, 0.08044991592628792, 0.07311774034055812, 0.07289517402225813, 0.07546555682990318, 0.08194687441093897, 0.08103898869512494], [0.08333333333333331, 0.07605219930327899, 0.0745841619075724, 0.07193345793179608, 0.07492275696603219, 0.07465204655475939, 0.07988396665852594, 0.08028727811663737, 0.07319938846201443, 0.07293364346332257, 0.07547176384158973, 0.08185747407528045, 0.08088852938585692], [0.08314545690141228, 0.0760392149082909, 0.07468434699963872, 0.07192591085598514, 0.07489165423711662, 0.07480003152741257, 0.07975626546957844, 0.08022055358093388, 0.07328077558331791, 0.07294448502039534, 0.07551789745777814, 0.08194116102005813, 0.08085224643808189], [0.08333333333333331, 0.07600220865029972, 0.07469676096562677, 0.07181237434345582, 0.07481973733817525, 0.07484342639824734, 0.07969519461785822, 0.08021189095908329, 0.07325360201173754, 0.0728639850303953, 0.07551170414300158, 0.08208470600886153, 0.08087107619992405], [0.08311181740895351, 0.07600701724264795, 0.07476672678125147, 0.07177325993056971, 0.07479847361363125, 0.07494562742845927, 0.07964411358175039, 0.08019677431532006, 0.0732938802438781, 0.0728508488907676, 0.07555410697594739, 0.08218520355045437, 0.0808721500363691], [0.08302235222004106, 0.07600857105685332, 0.07484111039648328, 0.07173909894728668, 0.0747760835974416, 0.0750542325156737, 0.0795746841369786, 0.08015445603814134, 0.07334015995122634, 0.07284166430538411, 0.0755968780882733, 0.08221326174169058, 0.08083744700452583], [0.0831350273941604, 0.07599948448487888, 0.0748781248782776, 0.07170802675712463, 0.0747523993814914, 0.07511296396801051, 0.0795177098636739, 0.08011204539620018, 0.07335950729409434, 0.07282625746647918, 0.07561377537444895, 0.0821885758472961, 0.08079610189386388], [0.08333333333333333, 0.07598834275501354, 0.07493333130541191, 0.07167472483474696, 0.07472382210458733, 0.07519812525858102, 0.07943059688155378, 0.0800411839998544, 0.0733929854547384, 0.07281261896103328, 0.07563943233790038, 0.08210993619190228, 0.0807215665813433], [0.08310027561126808, 0.07602198091411648, 0.07501159861341423, 0.07164277534292302, 0.07472841936284846, 0.07530034993286494, 0.07940956790861613, 0.08004059178528466, 0.07343597563513361, 0.07281051242560571, 0.07570245758253438, 0.08207877352013866, 0.08071672136525164], [0.0830653203913935, 0.07606220698124622, 0.07522103256680732, 0.07171574889768174, 0.074756298086582, 0.07557317119437477, 0.0792024372039853, 0.07984239650071054, 0.07362529708680912, 0.07290629503682133, 0.07583128668531315, 0.08171895517959951, 0.08047955418867536], [0.08306188210543695, 0.07610904888420003, 0.07529070223421223, 0.0715994735242707, 0.0747452515485367, 0.07566561388887146, 0.07920101371877496, 0.07986541761204706, 0.07362304094108911, 0.07284760229192092, 0.07590491278096279, 0.08160341343494999, 0.08048262703472704], [0.08311916752888777, 0.07605172249407273, 0.0750404834352165, 0.07148136808061818, 0.07469316998501158, 0.07534681978528374, 0.07944699637965637, 0.08011364776492615, 0.07338715168025328, 0.07271069971870407, 0.07574762481585491, 0.08207361774608411, 0.08078753058543053], [0.08311320500304856, 0.07614691298500852, 0.07536370487883293, 0.07154683284409458, 0.07474835397610516, 0.07575878047627986, 0.07916308935992461, 0.07983738396487829, 0.0736511604703825, 0.07283164555818625, 0.07597049086861485, 0.08143973311717083, 0.08042870649747322], [0.08333333333333333, 0.07620838983107325, 0.0754232230373914, 0.07138476229635649, 0.07473535251589841, 0.07583263211523043, 0.07919661380597716, 0.07985272557372187, 0.07361768265557696, 0.07274248546570032, 0.07605294123694989, 0.08120001230001644, 0.08041984583277396], [0.08333333333333334, 0.07625064812582479, 0.07540241143651585, 0.07124271038062882, 0.07472332733749544, 0.07579899302553475, 0.07931790461049319, 0.07994322406690513, 0.07353331720885657, 0.07264828565095746, 0.0760795266557733, 0.08119063460368138, 0.08053568356400004], [0.08333333333333331, 0.07633000733446978, 0.07537417235023353, 0.07102558000492394, 0.07471563075072374, 0.07574492303698929, 0.07951300678307294, 0.08006775536171808, 0.07340463854662123, 0.07250746609063487, 0.07613164343483395, 0.0811562062232581, 0.08069563674918709], [0.08306815580077485, 0.07645055758994054, 0.07543577971911589, 0.07092228498670165, 0.07476726308283525, 0.07578911689695383, 0.07965684751805885, 0.08009636292245925, 0.07338540324210262, 0.07246738395817581, 0.07624719242070743, 0.08097111532463563, 0.0807425365375383], [0.08307178288927845, 0.07651239593646159, 0.0752805956104923, 0.07070731860059572, 0.0747602290350771, 0.07556476587659063, 0.0799475481564035, 0.08036882585086312, 0.0731650729588197, 0.0723010261858826, 0.0762189674423869, 0.08106981211422949, 0.08103165934291905], [0.08279207011872368, 0.07632234388769275, 0.07411338840913735, 0.07169563470932053, 0.07514961329773356, 0.07391855308854937, 0.0809329556051417, 0.08096570476344105, 0.07267524490071949, 0.07273262904338997, 0.0755215900123808, 0.08157633850035574, 0.081603933663414], [0.08333333333333334, 0.0761977037922383, 0.07418474506011777, 0.07174565052785546, 0.07505447383336104, 0.07405483453483912, 0.08061653902737707, 0.08075811852998749, 0.0727733666881174, 0.07275952568040712, 0.07545107910096802, 0.08171021160885344, 0.08136041828254448], [0.08313554558297223, 0.07623763225594583, 0.0741550354958992, 0.07172074464319174, 0.07508507331096623, 0.07400169506014555, 0.08073488896134899, 0.08084083330578935, 0.07273241373571439, 0.07274399786336695, 0.07547350448391466, 0.08167956546338158, 0.08145906983736323], [0.08315012094207273, 0.07618617955152118, 0.07422636714812646, 0.07173292106845858, 0.07503130579127003, 0.07412010612753804, 0.08057993225084895, 0.08077067039410696, 0.07280442238005835, 0.07275567365021184, 0.07544927698178998, 0.08183223905549859, 0.08136078465849833], [0.0830202687083325, 0.07619503788880283, 0.07430911023670544, 0.07188789158674977, 0.07507821213509067, 0.07421648562401256, 0.08044507923450439, 0.08063301690556975, 0.07292960856757527, 0.07287710085220679, 0.07548282853341663, 0.08172395627526834, 0.08120140345176491], [0.08333333333333333, 0.07613570190901793, 0.07436081795508251, 0.07189067916483516, 0.07501922231360564, 0.07431020065740976, 0.08027966606770115, 0.08052886567974417, 0.07298411093991665, 0.0728784034098381, 0.07544857664683009, 0.08176560616063303, 0.08106481576205242], [0.0830815871515704, 0.07617194954780936, 0.0743102953674534, 0.07183106572229421, 0.07503795053126368, 0.07423309738899166, 0.08043235193204619, 0.08065563360301428, 0.0729130696899284, 0.07283464829953915, 0.07546164544212149, 0.0818193492913732, 0.08121735603259451], [0.08314480518034424, 0.07613299928974754, 0.07447441993447583, 0.07200869646580788, 0.07503697458321022, 0.07445901041825281, 0.08012186133382075, 0.08040576365608416, 0.07312297933866876, 0.07297812747405506, 0.07547671523341436, 0.08171114944497873, 0.08092649764713976], [0.08333333333333333, 0.07610463346148286, 0.07450871474799085, 0.07202979487134707, 0.07501439064798579, 0.07451482174354367, 0.08001903925523056, 0.0803248575610298, 0.07316478929022878, 0.07299421560071882, 0.07546372493188909, 0.08166735225254072, 0.08086033230267864], [0.08316777279985217, 0.07610270699475778, 0.0745597124531104, 0.07204823002296086, 0.07500961817952387, 0.07458612444499806, 0.07996423702204715, 0.08029684836114492, 0.07321404842614014, 0.0730153537513877, 0.07547929322879175, 0.08170629888744625, 0.0808497554278388], [0.08317077323905189, 0.07608546356672312, 0.07463168719065313, 0.07210231225901677, 0.075001150792529, 0.07468785898346812, 0.079835061938535, 0.08019427094793875, 0.07329749862606776, 0.07306243624436808, 0.07550427229096722, 0.08166693127449781, 0.08076028264618348], [0.08315102377148088, 0.07605718482245942, 0.07470400069288827, 0.07206281931648646, 0.07495092656273418, 0.07480532710208174, 0.07972153761047988, 0.0801416404848102, 0.07334700314896005, 0.07304416140900091, 0.07552920348802247, 0.08174286766304492, 0.08074230392755052], [0.08333333333333333, 0.07602695162357377, 0.07471543679230447, 0.07201025188955526, 0.07490579832474334, 0.07483801082131537, 0.07966142594675192, 0.08011061390255589, 0.07334191338215523, 0.07300599416921344, 0.07552198765813772, 0.08180139008931418, 0.08072689206704599], [0.08321650543994552, 0.07602878374286098, 0.0747383721077502, 0.07199125630099178, 0.07489670046448492, 0.07487240018245601, 0.07964914224099587, 0.08011705608614539, 0.07335277367915119, 0.07299742794599309, 0.07553629612715662, 0.0818602819108505, 0.08074300377121782], [0.0831567947671442, 0.0760173817954795, 0.07479980862499856, 0.07195635425620454, 0.0748649529644431, 0.07496769479214052, 0.0795663115702529, 0.08007718572108043, 0.07339144169303327, 0.0729832469982996, 0.0755646834829515, 0.08193429350922395, 0.08071984982474799], [0.08333333333333333, 0.07598993880832605, 0.07483235523298515, 0.07187449180905464, 0.07480914480288753, 0.07503253633787872, 0.0794991541565218, 0.0800413488346283, 0.07339110479697074, 0.07292967394993032, 0.07557228400496281, 0.08199509639723469, 0.08069953753528591], [0.08309222459355131, 0.07600682516657198, 0.07490879457486473, 0.07187643216922263, 0.07481140117506896, 0.07513500042424881, 0.07945312591021379, 0.08001355488416693, 0.0734504245637054, 0.0729476463973033, 0.07562191771884244, 0.08200732476295079, 0.08067532765928896], [0.08311484173999983, 0.07600940290335628, 0.07503797208367069, 0.07188885287866198, 0.07479826510825913, 0.07531523915645785, 0.0793031972838043, 0.07988529574330276, 0.07355963627663845, 0.07298106113158757, 0.07569083621068103, 0.08187614082742331, 0.0805392586561567], [0.08333333333333333, 0.0760030547458649, 0.07513584018206866, 0.0718746792154173, 0.07477444160523229, 0.07545678412358615, 0.0791680791978712, 0.0797661680700518, 0.07363447121927888, 0.07298958426690999, 0.0757402111563992, 0.08171519458265508, 0.08040815830133125], [0.08294517967435634, 0.07606692820416362, 0.07525488073082216, 0.07180203114152191, 0.07478454157458034, 0.07561036579608946, 0.07916030366340947, 0.07978868060950295, 0.07368684376593497, 0.07297207490730422, 0.07584509675745513, 0.08166308016690463, 0.08041999300795483], [0.08299044635131242, 0.07604517200571989, 0.07514853852261577, 0.07175810334119788, 0.07476679961984058, 0.07547299957669094, 0.07926291650797754, 0.07988847271678984, 0.07358809733903698, 0.0729184856911678, 0.0757795680811118, 0.0818409366809738, 0.08053946356556466], [0.08333333333333334, 0.07599567714828814, 0.07504383371042482, 0.07179169215421033, 0.07475345562540409, 0.07533871097048361, 0.07928449990343685, 0.07988693503702006, 0.07352798321815597, 0.07291433978646301, 0.07569348895451823, 0.08189008146659132, 0.08054596869167033], [0.08333333333333333, 0.07598531319221896, 0.07492949651268116, 0.07178977636571061, 0.07476127941999493, 0.07518113528142155, 0.07940321723374605, 0.07998702856196965, 0.07343694214867685, 0.07288968777846322, 0.07562716038512682, 0.08201957648323228, 0.08065605330342458], [0.08307305178111875, 0.07603249286198556, 0.07512966304824259, 0.07177521558687071, 0.07476511085484858, 0.07544895251773343, 0.07925796315042327, 0.07987726399965309, 0.07358260942683523, 0.07292472721203068, 0.0757610445577653, 0.08184243724875155, 0.08052946775374123], [0.08304139645723135, 0.07603707874226734, 0.07505136436575717, 0.07162555651545029, 0.0747289613634039, 0.0753528641942318, 0.07939117630472366, 0.08003130284449647, 0.07345772537816031, 0.07280856318318947, 0.07573355362979028, 0.08203790503005941, 0.08070255199123849], [0.08300558563143381, 0.07608734597858866, 0.07530118590792607, 0.07172814145162217, 0.07476990253728177, 0.07567558080175178, 0.07914149466681035, 0.07978587341695959, 0.07368914785732966, 0.07293389953588524, 0.07588741432175398, 0.08158805537015801, 0.08040637252249885], [0.08297143338022539, 0.07612375754830901, 0.07537041356755134, 0.07167941887482172, 0.07477358903769646, 0.07576436801665083, 0.0791157724756937, 0.07977206050904699, 0.07371641318148818, 0.07291954334613072, 0.07594935792771687, 0.08147009597550953, 0.08037377615915939], [0.08297935181155186, 0.07617271635451375, 0.07544543760553518, 0.07160628158034911, 0.07477854338501244, 0.07585826161058933, 0.0790953412521759, 0.0797640583019835, 0.07373510729826811, 0.07289165106046001, 0.07602417134158591, 0.08131133728745611, 0.08033774111051888], [0.0831079669072377, 0.07620341583731623, 0.07549244332140331, 0.07153643666976614, 0.07477386310169074, 0.0759183835348615, 0.07909240777611472, 0.07974634753757717, 0.07373655226871217, 0.07285809636605084, 0.0760736274097794, 0.08116581114750154, 0.08029464812198851], [0.08316530763889383, 0.07626611227966942, 0.07550094887250895, 0.07134783020557482, 0.07475912579000765, 0.07592176274203498, 0.07923002816991939, 0.07982368780608944, 0.0736511046055281, 0.07274108745268214, 0.07613234642522651, 0.08105098604238457, 0.08040967196948019], [0.08308273842366225, 0.0763573868432037, 0.07553252994474988, 0.07117550361057706, 0.07476916446296897, 0.07594258571542181, 0.07937552264450783, 0.07987711971326779, 0.07358463751748177, 0.07264400508751094, 0.07622011610858466, 0.08094341704617732, 0.08049527288188603], [0.08298491641790513, 0.0764338088426398, 0.07553960383737016, 0.07105742701763491, 0.0747881305840755, 0.07592997088506337, 0.07950467629959655, 0.07993786114360352, 0.0735252047913049, 0.07257670872350376, 0.0762811255157243, 0.08086804698506508, 0.08057251895651292], [0.08333333333333333, 0.07650426679981968, 0.0754637986400517, 0.07081918254144529, 0.07477113333463102, 0.07581091255221718, 0.07970283775003341, 0.08004828865506051, 0.07335332985847733, 0.07241166941439788, 0.07630601780263452, 0.08077424659835004, 0.08070098271954809], [0.08333333333333333, 0.07657089123129918, 0.07525573109140604, 0.07057853149660387, 0.07476460847595509, 0.07551357470542505, 0.08006176997149007, 0.08039465726020018, 0.07308183485648803, 0.07221844464569281, 0.07625349108657094, 0.08091335656491536, 0.08105977528061993], [0.08314453094072656, 0.07600407096578643, 0.07498323578172528, 0.0719262096266167, 0.0748148591108457, 0.07523547250787961, 0.0793467101146304, 0.07991032282950436, 0.07353144292344345, 0.07299527602491039, 0.07565620425039053, 0.08188881094706736, 0.08056285397647334], [0.08314849519358387, 0.07600816888565237, 0.07491675359592465, 0.07199384447491533, 0.07485158083557976, 0.07513216398170339, 0.07940897263980648, 0.07994210207885069, 0.07350361173990638, 0.0730293093412003, 0.07561865753351397, 0.08186103415046231, 0.08058530554890056], [0.08333333333333334, 0.07600448349632004, 0.07483590222962946, 0.07202944330822005, 0.07487387725498572, 0.07501435741328076, 0.07947069286776498, 0.07997203394732329, 0.07345262260580185, 0.0730380058857277, 0.07557166098392039, 0.08180155441243415, 0.08060203226125834], [0.08316235171268127, 0.07602824237433782, 0.07482897721074742, 0.07209119074343188, 0.0749157131446877, 0.07498924355875569, 0.07951264467466682, 0.07998773760898864, 0.07346643389689869, 0.0730821619707295, 0.0755770604733552, 0.0817525680701443, 0.0806056745605751], [0.08315487629270978, 0.07604697738650393, 0.0747819209832364, 0.07213946135789254, 0.07495578555876663, 0.0749101589980521, 0.07958678007159668, 0.08002007599122198, 0.07344304703702294, 0.07310916812139735, 0.07555957844737266, 0.08167305706197339, 0.08061911269225351], [0.0831310789516921, 0.07608134168003738, 0.07470846027204821, 0.07219196883528202, 0.07501537049666085, 0.07478750291231968, 0.07971222243253231, 0.08008238865404035, 0.07339629128553063, 0.07313679174937804, 0.07553667809097805, 0.08157155990732196, 0.08064834473217845], [0.08333333333333333, 0.07607969170185973, 0.07464807220647136, 0.07217719996526896, 0.0750198893397076, 0.07470357634311328, 0.07976774475698452, 0.08010859669767618, 0.07334130970094654, 0.07311578747851592, 0.07550509571607597, 0.08154131190256611, 0.08065839085748042], [0.08302261942225406, 0.07608032686844945, 0.07504023728777084, 0.07139421116293705, 0.07468624509575988, 0.07534481407279182, 0.07950954064964715, 0.08019362200440636, 0.07334542168129318, 0.07265551666532045, 0.0757709048706336, 0.08209047774040586, 0.08086606247833036], [0.08333333333333333, 0.07611359956444794, 0.07523205564399979, 0.07142482570656404, 0.07469768736743543, 0.07559783808383501, 0.07928602906704013, 0.07997250172147377, 0.07350335935079795, 0.07271849450147674, 0.07589099913564915, 0.08163973980542477, 0.08058953671852194], [0.08317079823093707, 0.07619882275869537, 0.07536996753951856, 0.07139989775630455, 0.07473915279679352, 0.0757612817716784, 0.07923511986994593, 0.07992811601753494, 0.07358412958367559, 0.07274063522568623, 0.07601691930141731, 0.0813594654628984, 0.08049569368491404], [0.08333333333333333, 0.07609458948243086, 0.07459644972622635, 0.07215068987233977, 0.0750324582803431, 0.07462824963410021, 0.07985840776560905, 0.0801750893622372, 0.07328560479147606, 0.07309077628167258, 0.07548784081458007, 0.0815546403922645, 0.08071187026338689], [0.08317104355516343, 0.07612594252323782, 0.0745642447300014, 0.07215272587094661, 0.07506528513445981, 0.07457159133644826, 0.07995338072650347, 0.0802416738419202, 0.07325367627537814, 0.07309123264037763, 0.07549909452218581, 0.08154996735806941, 0.08076014148530788], [0.08307268791735378, 0.0761543532498437, 0.07450785210618548, 0.07212772594581686, 0.07509093828761938, 0.07448461807963745, 0.08007254897888907, 0.08032508014386938, 0.073192150396832, 0.0730687107681406, 0.07550766487670671, 0.08157124282776126, 0.0808244264213443], [0.08333333333333333, 0.07615280536422128, 0.07441293338900491, 0.0720601694576308, 0.07508436674759843, 0.07435760045757704, 0.08017230316108301, 0.08038351872434395, 0.07308869158917569, 0.0730061543674463, 0.07548367020434055, 0.08155398461772712, 0.08091046858651749], [0.08308433663903728, 0.07619502457376565, 0.07437344220579097, 0.07204321358902668, 0.0751215746832002, 0.07428902735644029, 0.08029926902817573, 0.08047247834692865, 0.07304173797700728, 0.07299445998123524, 0.07550644990657476, 0.08155748288344311, 0.08102150282937419], [0.08296202568001099, 0.07621477049020113, 0.07435193395208896, 0.07202121478927054, 0.07513454422351655, 0.07425436247997792, 0.08036944174508456, 0.08052709945147628, 0.07301196824996023, 0.07297887447997185, 0.07551550133665821, 0.08157133563764049, 0.08108692748414224], [0.08306904313826313, 0.0762219780951538, 0.07428904807801613, 0.07195156206619481, 0.07512836836210098, 0.07417046523155833, 0.08046610267131402, 0.08059766895665234, 0.07293261183407596, 0.07292187533468814, 0.0755039818520519, 0.08157201790237761, 0.08117527647755281], [0.08314293458581191, 0.07623547684990808, 0.0742311263781526, 0.071890659724638, 0.07512971001244627, 0.07409038222939568, 0.0805658875067933, 0.08066676957133931, 0.0728596101108084, 0.07287278735322972, 0.07549876729786963, 0.08155489868088485, 0.08126098969872206], [0.08296910151250163, 0.07629791946187993, 0.07419628448170917, 0.0718957237993558, 0.07518403362909763, 0.07402152710534228, 0.08068870686044499, 0.08072434667923396, 0.0728234231861625, 0.07287930839340898, 0.07553255832483807, 0.08145506883891117, 0.08133199772711396], [0.08274553559761103, 0.07636242809601977, 0.07416173779736071, 0.0718782257069032, 0.07523300605131945, 0.07395469767468743, 0.08084833584798573, 0.08080447009744293, 0.07277849779800528, 0.07287107875308657, 0.07556726647861758, 0.08137225327154221, 0.08142246682941795], [0.08297961699245285, 0.07628964325521488, 0.07415974288609319, 0.07179711938192808, 0.07515068352145564, 0.0739833587998051, 0.08076738198044563, 0.080818460591637, 0.07275716307245471, 0.07280469259827335, 0.07551416381608352, 0.08153989222540695, 0.08143808087874929], [0.08312231980382015, 0.07608027600523182, 0.07524124899413157, 0.07162878800918741, 0.07473873200796294, 0.07560372710523523, 0.07921397364708156, 0.07987015664509334, 0.07360184649621968, 0.07285380018663141, 0.0758595050385193, 0.08168490407615907, 0.08050072198472645], [0.08333333333333334, 0.07604779450586682, 0.0751202469472568, 0.07152303544015837, 0.07469338632914461, 0.07545573871705027, 0.07932085993728065, 0.07998474760833615, 0.0734686943461394, 0.07275400535689609, 0.0757848953440176, 0.08187464392701992, 0.08063861820750001], [0.08302615175336504, 0.07621175240719755, 0.07521407843498147, 0.07123594883489323, 0.07471327623779733, 0.07555365780257456, 0.07948541658260906, 0.08020111638132447, 0.07339094409156843, 0.0726006819781195, 0.07595428274470024, 0.08161863028676618, 0.08079406246410288], [0.08307577528164721, 0.07612804179437085, 0.07513516726833223, 0.07133872886413926, 0.07469241550863491, 0.0754654485080661, 0.07946038464151106, 0.0801593867668465, 0.07338817052249447, 0.07264307263685349, 0.07585419214656146, 0.08186029295237572, 0.08079892310816665], [0.08312692034425731, 0.07600354424114175, 0.07486098087090422, 0.07154697179033047, 0.07470297030197844, 0.07510467232329288, 0.07958085790394794, 0.08020969358142686, 0.07327996235971423, 0.07271410625049596, 0.07561905199386641, 0.08233909639946092, 0.08091117163918271], [0.08299278374036988, 0.07605374636294962, 0.07498090043431353, 0.07144112605589438, 0.07468936547202656, 0.0752665827835726, 0.07953898869889375, 0.08020857941845502, 0.07332276070133804, 0.07267215122131696, 0.07571998155552072, 0.08221633000222893, 0.08089670355311993], [0.08333333333333336, 0.07623801966701911, 0.07518958089761903, 0.07106271070612341, 0.07467846973847375, 0.07552293134356054, 0.07954318997980427, 0.08025879397680498, 0.07329479531382949, 0.07248274925106284, 0.07597240499906067, 0.08156402677498703, 0.08085899401832183], [0.08289355471899615, 0.07635576650183734, 0.07518151671008687, 0.07089679270202641, 0.07471497816695502, 0.0754793569197218, 0.07979198663836892, 0.0804379151825885, 0.07319690508274439, 0.07238600356807762, 0.07605206469745002, 0.08153748444520127, 0.08107567466594563], [0.08304797321204284, 0.07665409500960309, 0.07545423092907447, 0.070690513538523, 0.07484389505476034, 0.0757442375452848, 0.07994791449819921, 0.08016628017950798, 0.0732643877335816, 0.07234519879102183, 0.07640323532322342, 0.08062024150403285, 0.08081779668114462], [0.0831372749886375, 0.07657937550868153, 0.07554187400644127, 0.07082315611736434, 0.0748217591629697, 0.07588691458900568, 0.07972769826942398, 0.07999341769663919, 0.07340036435724298, 0.07244085523416789, 0.0763941001915828, 0.080610247363363, 0.08064296251448012], [0.0815044916105209, 0.07619202942360472, 0.07423635861753403, 0.07094677827971155, 0.07474731907139744, 0.07421977609278553, 0.08091070525358922, 0.08155224995230811, 0.07250554954461234, 0.07222013241660447, 0.07543304565200644, 0.08318185262607569, 0.08234971145924949], [0.08185568183935332, 0.07615426870849386, 0.07425192899421514, 0.07109617461683328, 0.07476781341757027, 0.0742399879811439, 0.08077849639797162, 0.08134845232274003, 0.0725834823735562, 0.07231888424318837, 0.0754091504341328, 0.0831026548331626, 0.08209302383763847], [0.0820524304003152, 0.07612642694423363, 0.07432033380833952, 0.07116360394521618, 0.07475688226666251, 0.07433950384546602, 0.08061227154515682, 0.08119706144876769, 0.07266974779649005, 0.07237248607988936, 0.07542573642965653, 0.08301310758683808, 0.08195040790296831], [0.08226515436901144, 0.07609989880358188, 0.0743739137747412, 0.07125091311938853, 0.07475693408259734, 0.07441535698000833, 0.08046421252016872, 0.0810410362015875, 0.0727519742019432, 0.07243740557918774, 0.07543347436096783, 0.08292540040298994, 0.08178432560382637], [0.08235007371374353, 0.07607455078951975, 0.07445001142729282, 0.0712274062270392, 0.07471466212757573, 0.07453416118049541, 0.08032030153527862, 0.08094226770939732, 0.07280842934151568, 0.07243110808632106, 0.07546229229235017, 0.0829762259196607, 0.08170850964981018], [0.08227568898962849, 0.07606369845415958, 0.07449744181590592, 0.07115112721163531, 0.07467094966576528, 0.07461254338645883, 0.08025353787674691, 0.0809133278185396, 0.07281809802219481, 0.07238615716373928, 0.0754878414213062, 0.08317410749377405, 0.0816954806801456], [0.08203632769316148, 0.07612326412479951, 0.07452808517679607, 0.07100392020498164, 0.07466184420425773, 0.07464896027365163, 0.08036083117183546, 0.08107453805894421, 0.07277239332719561, 0.07230046462165522, 0.075549516170384, 0.08306562305249841, 0.08187423191983899], [0.08153393209772852, 0.07619384808336438, 0.0743946170177892, 0.07074392735505812, 0.07464824769674219, 0.07446009603169745, 0.08071032719162356, 0.08147599248298883, 0.07255000714443448, 0.07211040329501181, 0.07553773344661212, 0.08333333333333333, 0.08230753482361591], [0.0812823019763587, 0.0762211443835327, 0.07425171737148528, 0.07069709055096106, 0.07467789577933463, 0.07425427373773892, 0.080985908014315, 0.08173590025997354, 0.07241392410574563, 0.07205738068983225, 0.07547809826111364, 0.08333333333333333, 0.08261103153627529], [0.08113288899908692, 0.07624922262789767, 0.07424288793059952, 0.07081705518450984, 0.07474539606444106, 0.07422104644292682, 0.08105485917485901, 0.08175783342128655, 0.07244947955498307, 0.0721417637352787, 0.0754786115615582, 0.08309820308013069, 0.08261075222244191], [0.0814988541268354, 0.07617163965416185, 0.07428413067004638, 0.07089498952398318, 0.07470349570405604, 0.07429930358922576, 0.08081510478293275, 0.0814988541268354, 0.0725266948618921, 0.07219004159987746, 0.07545206222230318, 0.08333333333333334, 0.08233149580451722], [0.0816638709077095, 0.07615265551309544, 0.07425299363069435, 0.07097808225212346, 0.07472368462270985, 0.07425400848814176, 0.08079372793510302, 0.08142976632355779, 0.07253817797864649, 0.07223829431557328, 0.07541798589644556, 0.08333333333333331, 0.08222341880286603], [0.08193307510690255, 0.07610505091960591, 0.07435965937780928, 0.07103111440959646, 0.07468518813391105, 0.07441590479519775, 0.08054411970341681, 0.08120253283183777, 0.07265276672090078, 0.07228592247574629, 0.07544553624504205, 0.08333333333333334, 0.08200579594670007], [0.08171884535661421, 0.0761691178349494, 0.07444082091050702, 0.07097124626427341, 0.0747014677619095, 0.07451338346035226, 0.08058895312209649, 0.081297420631221, 0.07268164061127022, 0.07226928309869465, 0.07553003211849235, 0.08299694239803553, 0.0821208464315839], [0.08173456702071577, 0.07615351883002616, 0.07438876270790314, 0.07097891332373776, 0.07470056570236996, 0.07444497900455742, 0.0806245464983884, 0.08131409920636051, 0.07264626116249145, 0.07226285612790573, 0.07549234651468378, 0.08312177616889085, 0.08213680773196907], [0.0814698495842567, 0.07620199731521134, 0.07438480563507201, 0.07086807351151306, 0.07470064836084263, 0.07443255382238556, 0.08074684976013215, 0.08147610216372862, 0.07259026405106923, 0.0721941379164455, 0.07552619730216059, 0.08308947441569016, 0.08231904616149233], [0.08195401033832773, 0.07611666484642177, 0.07434602986093093, 0.07108779541919096, 0.07471719468539487, 0.0743869783055355, 0.08057447172303216, 0.08120789313045305, 0.07266217755775942, 0.0723238471594231, 0.07544009544966933, 0.08318822087817643, 0.08199462064568486], [0.08214679939893128, 0.07609098000642368, 0.07445989496232233, 0.07111768278171385, 0.07468737677233434, 0.07455351665611537, 0.08036936269687692, 0.08103083024867991, 0.07276964210232163, 0.07236063668874688, 0.07548526726845689, 0.08310567469966794, 0.08182233571740903], [0.08197854949936756, 0.07611989850661138, 0.07448787113423351, 0.07102518271752359, 0.07467323144574159, 0.07459171776804667, 0.08040905688360736, 0.08110816222536456, 0.07274960914137474, 0.07230708924520889, 0.07552396041137266, 0.08311194440642984, 0.08191372661511752], [0.0816731372088773, 0.07618577151156457, 0.07447081228152246, 0.07082850174068676, 0.07465920640314251, 0.07456227583507911, 0.0805807382368114, 0.08133634734658714, 0.07264532611424057, 0.07218030721644592, 0.07556784896880174, 0.0831595083022999, 0.08215021883394051], [0.08191742247023974, 0.07616612793313866, 0.07456016408402155, 0.07094689515119479, 0.07467083811456209, 0.0746839215398267, 0.08040754066787655, 0.08114559789637588, 0.07276691721979868, 0.07227395538985813, 0.07559575127358507, 0.08292508116521001, 0.08193978709431222], [0.08219187272186235, 0.07608669364513358, 0.0744098683218696, 0.07115806836746802, 0.07470681259751011, 0.07448039242110019, 0.08041297710404179, 0.08104463950532832, 0.07274654888495627, 0.07237852861449387, 0.0754526608870183, 0.08310816155490272, 0.0818227753743148], [0.0821905398866134, 0.07606435505877944, 0.07450472522911483, 0.07107876724149327, 0.07464481736536431, 0.07462966414300073, 0.0802557783378039, 0.08093825985582838, 0.07279491255240264, 0.07233840044642897, 0.07549793155332551, 0.08333333333333333, 0.08172851499651118], [0.08221599448608616, 0.076093932471136, 0.07456779750840736, 0.0710438325282235, 0.07464603414543618, 0.07471124101187447, 0.08023697852981075, 0.0809444662368667, 0.07282544459339442, 0.0723305409935145, 0.07555151740579548, 0.08310139051829112, 0.08173082957116339], [0.08114779230010526, 0.07638663051317168, 0.07405318843070524, 0.07076644198873047, 0.07487455733743338, 0.07390927289539473, 0.08162877928075975, 0.08220572639988177, 0.07225637631854348, 0.07209700886641689, 0.07549936493352519, 0.08241525171617226, 0.08275960901915974], [0.08094929770583134, 0.07636278645263446, 0.07409139106681625, 0.07067920108387628, 0.07481533539304866, 0.07397976033227252, 0.08152926140134015, 0.08221798861437869, 0.07225633922441639, 0.07203998173230201, 0.07548392798964239, 0.08262792739570593, 0.082966801607735], [0.08123595982916086, 0.07631408778957718, 0.07413416655847734, 0.07050056907763748, 0.07470248440955887, 0.07407291684838752, 0.08135884905693921, 0.08215582664423399, 0.07222778758089496, 0.07191791374164419, 0.07548134505767326, 0.08283004342142689, 0.08306804998438816], [0.0815864597419715, 0.0763934767041535, 0.07423724973289457, 0.07037885600188583, 0.07470329762594873, 0.0741972442478366, 0.08131177162340558, 0.0821670727795989, 0.07224683032581505, 0.07186578870022821, 0.07559401073530127, 0.08251348214447222, 0.08280445963648797], [0.08135285500297251, 0.0766893323712907, 0.07421968368763802, 0.07018719724974226, 0.07487149753732131, 0.07407548423587774, 0.08174034387371869, 0.08253115241893746, 0.07211006936239789, 0.07178053298333216, 0.07576669448778653, 0.08160738748948945, 0.08306776929949534], [0.08068239966913344, 0.07685426921601116, 0.07407981566893454, 0.07029798417641238, 0.07507124121384111, 0.0738125331292918, 0.08239662467811597, 0.08299203566307203, 0.07202152233750823, 0.07185972054773428, 0.07582821569123914, 0.08124325341099173, 0.08286038459771394], [0.08031227224050155, 0.07680623204793098, 0.0739707764857702, 0.07050418248049174, 0.07513414986533895, 0.07366281047558342, 0.08268839066645438, 0.0830045584594011, 0.07202447537776864, 0.07197467256997961, 0.07578121112917101, 0.0812939425509803, 0.08284232565062837], [0.08044684955571908, 0.07663812643550692, 0.07393580179235103, 0.07064489941772652, 0.07505863334228637, 0.07366351867517995, 0.08237808983546556, 0.08270135811004625, 0.07207681540966406, 0.07203675622364077, 0.07565668979486731, 0.08162312023401451, 0.08313934117353168], [0.08095903400857166, 0.07644263730630385, 0.07399891724725455, 0.07069849120878922, 0.07490588752608553, 0.07381882682448165, 0.08183898629830888, 0.0823868303353432, 0.07217794056299316, 0.07205084957825657, 0.07552615606703554, 0.08220445015478126, 0.08299099288179491], [0.08083662728086721, 0.07640992575318876, 0.07406830059174921, 0.07064665799039146, 0.07484601134271253, 0.07393316229183575, 0.08166985950231467, 0.0823598080999, 0.07221763217500303, 0.07202153790993579, 0.07551250834430051, 0.08247713252978273, 0.08300083618801836], [0.08109348457993532, 0.0763681598950014, 0.07405946716728144, 0.07043641849584115, 0.0747363576480219, 0.07395399884219236, 0.08158802744531811, 0.08239195831429327, 0.07213499265514181, 0.07187014696771749, 0.07547514696142213, 0.08255850769450025, 0.08333333333333333], [0.08124517688193489, 0.07638100826514418, 0.07410555068560633, 0.07039776951395765, 0.07472388284050645, 0.074016882006434, 0.08153066896683887, 0.08236800151195882, 0.07215367955574385, 0.07185379221414684, 0.07551144771521959, 0.08255162569687327, 0.08316051414563545], [0.0812294243348658, 0.07648338709024073, 0.07411574162119884, 0.07034858522153078, 0.07478595914336464, 0.07399726728049678, 0.08170599360795526, 0.08257689000552482, 0.0721256395806687, 0.07183859445156018, 0.07557808424285227, 0.08225659492580052, 0.0829578384939405], [0.08072219716296337, 0.07652987312462975, 0.07400801110023979, 0.0705188828952693, 0.07490761618486705, 0.07381585381637251, 0.08202872796991142, 0.08275118320373445, 0.07210111688131539, 0.07194408395036136, 0.07558238685789898, 0.08206958215886224, 0.08302048469357436], [0.0805942031809019, 0.07664079009063642, 0.07396412342971398, 0.07041644000557158, 0.07496785243631449, 0.07372194491303467, 0.082327998