[[0.07213552929932243, 0.08094304871237276, 0.07590328898771143, 0.08250061438873926, 0.07326038912579541, 0.07166161524018774, 0.08088036278921572, 0.0814539272843923, 0.0733870772246071, 0.08106480776866934, 0.07271955952990057, 0.08166809399968068, 0.07242168564940533], [0.07209761204104877, 0.08120171169659617, 0.07578629253031274, 0.08276944657023784, 0.07324058535416791, 0.07166251340413711, 0.08067477026686212, 0.08133309768967274, 0.07340209102860974, 0.08090968410280994, 0.0727276147061839, 0.08176957433955219, 0.07242500626980881], [0.07207847945039138, 0.08152986842510024, 0.07566235712674277, 0.08302774226558429, 0.07323775832542864, 0.07168970122116973, 0.08042711101479312, 0.08115919455943738, 0.0734387822615554, 0.08070897536910548, 0.07275895891280577, 0.0818290062388189, 0.0724520648290669], [0.07207635782763253, 0.08183078171581325, 0.07558007259773926, 0.08297159328031527, 0.0732583062142984, 0.07172994815930953, 0.08025031819481941, 0.08104466801329054, 0.07349574369392119, 0.08057499334503404, 0.07280834391977252, 0.08188273265633245, 0.07249614038172181], [0.07212498293053826, 0.08218814543381829, 0.07551345110974342, 0.08272971709991879, 0.07332255708358708, 0.07182797843804838, 0.08004067197619977, 0.0808817458617207, 0.07359896389687658, 0.0804015752940133, 0.07290832271888355, 0.08186932335523439, 0.07259256480141738], [0.07207430295018602, 0.08242769089825738, 0.07542299899477002, 0.08295311904912202, 0.07330584750005296, 0.0718138594189331, 0.07990203904159007, 0.0807940252733815, 0.07361693912255915, 0.08030049571076979, 0.07291324144123891, 0.08188574722577197, 0.07258969337336695], [0.07194526154187329, 0.08272578507563252, 0.0752798057633163, 0.08333333333333331, 0.07325653992871527, 0.07174341910150679, 0.07973552004685337, 0.08072605762954788, 0.0736287637827046, 0.0802070791360349, 0.07289267571412307, 0.08197469070424324, 0.07255106824211531], [0.07195032651661519, 0.08305419956317571, 0.07522237737181159, 0.08294994635966722, 0.07332352233842553, 0.07181062026430797, 0.07957943077680113, 0.0806368805474263, 0.07375297389970113, 0.0801086901750229, 0.07299432225058093, 0.08197754776219156, 0.07263916217427278], [0.07189591941142127, 0.08333333333333333, 0.07517503337956355, 0.08256810234954658, 0.0733545533888753, 0.0718096597294884, 0.079508009351747, 0.08064137157457042, 0.07384056026835274, 0.08010079269746898, 0.07304768611619882, 0.08205125498220159, 0.07267372341723197], [0.07200671095200548, 0.08279137017624205, 0.0752263512327778, 0.08202999709120683, 0.07355761043223803, 0.07199863169765602, 0.07943312688922889, 0.08060183320329561, 0.07411582364166244, 0.08006947245483353, 0.07328963071934641, 0.08198328486121267, 0.07289615664829409], [0.0720640721361555, 0.08270478806378993, 0.07526372598253624, 0.08145769942227107, 0.07372405433732855, 0.07213014589269214, 0.07935707898669384, 0.08054540874423179, 0.0743559315882642, 0.08003316426578833, 0.07348805237656791, 0.0818046387128034, 0.07307123949087714], [0.07210969450571375, 0.08311202476241064, 0.07534155715193462, 0.081022143181685, 0.0738569587272716, 0.07224324148953096, 0.0791866057801012, 0.08035930296846477, 0.07454059056826882, 0.07987536495173818, 0.07364490012045828, 0.08149591463969062, 0.07321170115273166], [0.07211176705979852, 0.08300742606018882, 0.07547567082060219, 0.08054951665630765, 0.07397384538382072, 0.07228531522584884, 0.07919347795076091, 0.08043291777168816, 0.07469290695621594, 0.07990829476592964, 0.07375543883994645, 0.08131298545914221, 0.07330043704974991], [0.0721600828949084, 0.08262729991341668, 0.07561444733839617, 0.0802075647173046, 0.0740932606805398, 0.07235575107000607, 0.07922411338642557, 0.08050981212682658, 0.07483320840373735, 0.07994949377756294, 0.07386957705022866, 0.08115434294061488, 0.07340104570003228], [0.07218429732090054, 0.0821458106591276, 0.07578339805577457, 0.07980771957497525, 0.07418477587329257, 0.07238178979986834, 0.07933973258007009, 0.08067810148046682, 0.07494326850865943, 0.08007645233317846, 0.07394888333114844, 0.08106029065559199, 0.0734654798269458], [0.07207748945459028, 0.0824525740943305, 0.07583752884573527, 0.0795050095272515, 0.07411847090680501, 0.0722520724113519, 0.07947157916859529, 0.08085679320207337, 0.07488772206805377, 0.08022169578960141, 0.07386670477405999, 0.08108095925376678, 0.073371400503785], [0.07198685072597152, 0.08275895201717454, 0.07594073012863548, 0.07907400452308234, 0.07409256065792365, 0.07212733664895903, 0.07963537857952263, 0.0810533561145203, 0.07484234606370627, 0.08038670678547012, 0.0737939377882043, 0.08102123880319187, 0.07328660116363828], [0.07193553401153063, 0.0825695338926053, 0.07605999254531794, 0.07873728084227234, 0.07405443024153305, 0.07199748347656236, 0.07995329156885227, 0.081372352602175, 0.07473468788277365, 0.08069274209283345, 0.0736824341231571, 0.08103437654563143, 0.07317586017475537], [0.07231219121082191, 0.08060672613876539, 0.07608437957429728, 0.08227133920055686, 0.0733577574283318, 0.07178263826630378, 0.08101634800102125, 0.08138995274165027, 0.07342378543484758, 0.08107977587466203, 0.07279001899780653, 0.081374589402504, 0.07251049772843146], [0.07223771361339054, 0.0809261151015491, 0.07592351111453395, 0.08263639478153355, 0.07331268185884614, 0.07175713320630708, 0.08077493687513695, 0.08128554690064768, 0.07342445665591248, 0.08091815853984395, 0.07277865690260883, 0.08153306461770285, 0.07249162983198675], [0.07220339139909261, 0.08112663055480167, 0.07583502337505398, 0.08284872596008573, 0.0732930739443504, 0.07175103793998158, 0.08063006193632694, 0.08120451699598805, 0.07343040933940494, 0.08081172687338102, 0.07277889985467975, 0.0815983924267815, 0.0724881094000717], [0.07210524492118432, 0.08158024276248772, 0.07565308034276064, 0.08311963041716837, 0.07325045381404159, 0.07171903052188151, 0.08036906311834326, 0.0810868950757775, 0.07345063313544244, 0.08064205001925177, 0.07277718844367086, 0.08177318269759537, 0.07247330473039462], [0.07215908913487722, 0.08121217231245219, 0.07579100957347826, 0.082898650219504, 0.07327055383522282, 0.07172155115225803, 0.08059704433188959, 0.08121668257639213, 0.07342397677021843, 0.08080699092779338, 0.07276331822945037, 0.08167142042907473, 0.07246754050738873], [0.07212627807013595, 0.08194056529482868, 0.07556784575348971, 0.08295992973213305, 0.07329323016839265, 0.07179062260249822, 0.08015740776284992, 0.080941043291961, 0.0735351810349577, 0.08047682848971321, 0.07285540761077565, 0.08180918478777473, 0.07254647540048952], [0.07218604217772503, 0.0821868346603513, 0.07552836002620043, 0.08280224856518936, 0.07335270673789918, 0.0718836550187598, 0.07999343099913465, 0.08079565222196365, 0.07361823853440434, 0.08032945785553597, 0.07294136917345023, 0.08174951133967967, 0.07263249268970629], [0.07208357997793653, 0.08248814176793759, 0.0754092798406858, 0.08298414165144323, 0.0733146491278008, 0.07183062027301802, 0.07985905927792741, 0.08075197365647376, 0.07363103353102475, 0.08025941300744809, 0.0729281493543142, 0.08185527321892205, 0.07260468531506768], [0.07206064050246881, 0.08283565969113603, 0.07529750701129824, 0.08333333333333334, 0.07332004311427195, 0.0718571399507835, 0.07963354941726485, 0.08056336308354, 0.0736787995330796, 0.0800661404945733, 0.07296672977582638, 0.08175032959377593, 0.07263676449864816], [0.07205449035567313, 0.08313144276425309, 0.07523727692110643, 0.08290510118008253, 0.07338639297875461, 0.07191766817111019, 0.07948944371254463, 0.08049966855869639, 0.07380778112914188, 0.07998836414689764, 0.07306881865134245, 0.08179055688616076, 0.07272299454423628], [0.0719964618633867, 0.08333333333333333, 0.07519057001393563, 0.08268334777458297, 0.07339763246128149, 0.07190151642959962, 0.07943365164967227, 0.08051150998847625, 0.07386418581729591, 0.07998749288978753, 0.0730971831792802, 0.08186708286520303, 0.07273603173416496], [0.07202648499803285, 0.08309679725469377, 0.07520043420039442, 0.08239383489825644, 0.07348723210148911, 0.0719767370442082, 0.07939396158964454, 0.0805109374112398, 0.07399750268434602, 0.07998409615041081, 0.07320807847253, 0.08188977582875898, 0.07283412736599507], [0.07208571860860308, 0.08283035789432959, 0.07522434818426815, 0.08208020187218523, 0.07360261889516255, 0.07208343522326284, 0.07934390135387641, 0.08048125871948728, 0.0741569977351165, 0.07995927151545795, 0.07334718724210627, 0.08184340008097488, 0.07296130267516918], [0.07213654382541393, 0.08264232521527905, 0.07524631158975954, 0.08188773902039281, 0.07368495254571393, 0.07216361154351744, 0.07930732830907385, 0.08044983896169972, 0.07426569902291065, 0.0799344336456128, 0.07344487173434276, 0.08178397971955027, 0.07305236486673318], [0.07220157088491669, 0.08250167770667043, 0.07526961215654482, 0.0816270527633417, 0.0737919818859578, 0.07226866330021536, 0.07924415786557513, 0.0803875438551592, 0.07440865407752935, 0.07988391355903109, 0.0735731709501434, 0.08167019513630001, 0.07317180585861502], [0.07216266150705618, 0.08278571611440572, 0.07529640882483354, 0.08134509165933047, 0.07382029400222076, 0.07226348872703149, 0.07920865158501186, 0.08036812406795588, 0.07447530485832742, 0.07987198702562052, 0.07361228420724575, 0.08159378588396289, 0.07319620153699744], [0.07226055501276199, 0.08305141181399275, 0.07541675376419857, 0.08078914425302658, 0.07404756460843802, 0.07245305922799178, 0.07898806364376236, 0.08013264138826003, 0.07474205392924847, 0.07966123373750136, 0.07384757217844151, 0.08119757770727708, 0.07341236873509942], [0.07224242146754463, 0.08297079621425144, 0.0755223941409444, 0.08041825939152604, 0.07412937691433892, 0.0724716842945967, 0.07900467317702757, 0.08021815621979286, 0.07485523010077719, 0.07970064515614778, 0.07392277219396799, 0.08107557615962245, 0.07346801456946207], [0.07206349519048012, 0.08310839089430379, 0.07534711801861681, 0.08098488462283768, 0.0738236435847156, 0.07218903267942335, 0.07925143932829373, 0.08043783984163703, 0.07451164802756774, 0.07995163602390178, 0.07360656191249741, 0.08155507066494402, 0.07316923921078092], [0.07229399107986194, 0.08268511150971596, 0.07563559442056336, 0.08013178238816966, 0.07424666288880562, 0.07255687927177311, 0.07899223413538871, 0.08023777575231204, 0.07499222875656428, 0.07969415464349512, 0.07403777947545316, 0.08092453435127883, 0.0735712713266182], [0.07234571568976761, 0.08221276930787991, 0.07581932391002758, 0.07971143820924832, 0.07438639977829216, 0.07262862587192048, 0.07904826656467874, 0.08034110225445708, 0.0751577009378697, 0.07975865428985446, 0.07416831774124975, 0.08073746958094279, 0.07368421586381141], [0.07228822652636706, 0.0822325837364978, 0.07587686747621203, 0.07951633298203713, 0.07436342981128148, 0.07254801662594833, 0.07914485079632391, 0.08047153477301398, 0.07514459688945148, 0.0798654904588117, 0.07413428895300789, 0.08077304257943023, 0.0736407383916169], [0.07216986014732707, 0.08265700338974688, 0.075953466311123, 0.07914445261277239, 0.07430128693172093, 0.0724018391094253, 0.07927246738597359, 0.08064329460307959, 0.07509763400260833, 0.08000295360993849, 0.07405329689981607, 0.08075812407693608, 0.07354432091953221], [0.07212709242850726, 0.08306298542106622, 0.07607307802651328, 0.07870498972255606, 0.07432053379656127, 0.0723519247098863, 0.07931315640446314, 0.0806920216879092, 0.07513225181787611, 0.08003324910595906, 0.07405772786919719, 0.08059664014856305, 0.07353434886094191], [0.07202801491415865, 0.0829693308952736, 0.07610366001602004, 0.07860798884151789, 0.07420250036569917, 0.07217646306860756, 0.07960856232116935, 0.08100329547352692, 0.07496145456775671, 0.08033229378620281, 0.07388841974571114, 0.08074943814774747, 0.07336857785660851], [0.0724175232488469, 0.08060219127355853, 0.07610170436526667, 0.08236038459878704, 0.07341520629500799, 0.07188431550829809, 0.0808932004736775, 0.08122289922597939, 0.07346906264134732, 0.08092649202456707, 0.07285623677991067, 0.08126369663950236, 0.07258708692525054], [0.07230530633089993, 0.0811439164503554, 0.07585901367448523, 0.08291043445760947, 0.07334778673096216, 0.0718466192712361, 0.0805341570894933, 0.08105201139553771, 0.07347045631824548, 0.0806800297378027, 0.07283978561971619, 0.08145110503411557, 0.07255937788954087], [0.07234014588848575, 0.08094309422938713, 0.07594462449277475, 0.08270988818008444, 0.0733676425986934, 0.07185411156222123, 0.08066913053340191, 0.08112599410727798, 0.07346559267568498, 0.08077775599490422, 0.07284066967079528, 0.08139732561432331, 0.07256402445196562], [0.07221095853459253, 0.0813152351414417, 0.0757687990762347, 0.0830643517421352, 0.07329628425169277, 0.07178039417722834, 0.08047281659918483, 0.0810741673784832, 0.07344995572381917, 0.08067097503461976, 0.0728011715060561, 0.08158395768072609, 0.0725109331537855], [0.0722715248452371, 0.0814616043141969, 0.07573475624410224, 0.08318686658010095, 0.0733338341589757, 0.07185692396556473, 0.08031360662554646, 0.08091094091519546, 0.07349469635658037, 0.08051009917270338, 0.07285716782799222, 0.08149617156020435, 0.07257180743360012], [0.07224133521233807, 0.08182203703428872, 0.07562726657231116, 0.08307548395213013, 0.073344930809279, 0.07188115459686636, 0.08013036818775396, 0.08082450125680558, 0.07355478880239699, 0.08039175150238317, 0.07290223561427507, 0.08159668175731057, 0.07260746470186133], [0.0721851116184155, 0.08157365986470833, 0.07566849113988414, 0.08333333333333331, 0.07328469381254801, 0.07178941650738375, 0.08028878678114518, 0.08094578983840757, 0.07346832686182893, 0.08052311832191655, 0.0728147528381006, 0.08160362231283363, 0.07252089676949436], [0.07226649081906833, 0.08212919984867831, 0.07555284404239523, 0.08296571658112985, 0.07338899890896297, 0.07195289733747526, 0.07993886802578493, 0.08068520810665361, 0.0736364364330647, 0.0802389474235819, 0.0729789746104577, 0.08158547380305144, 0.07267994405969568], [0.07229125968858732, 0.08231335474578112, 0.07551762150709318, 0.08280568520845642, 0.07342706696857891, 0.0720070383007382, 0.07983183410670035, 0.08060756846582083, 0.07369803727138383, 0.08015492630552516, 0.0730371363573683, 0.0815732506947644, 0.07273522037920208], [0.07224173271709798, 0.08248677052890113, 0.0754516210579154, 0.08293966117260888, 0.07340828783161092, 0.07198417923478304, 0.07975013457180158, 0.08056860908070565, 0.0737057393065958, 0.08010388300408418, 0.07303268403117809, 0.08160290259677584, 0.07272379486594154], [0.07223325080161017, 0.08272804129944127, 0.07537603384904012, 0.08305846837769795, 0.07342577961749669, 0.07201624246396157, 0.0795917664509028, 0.0804472922427816, 0.07375793147324426, 0.0799759574932142, 0.07307643989577672, 0.08155103743558682, 0.07276175859924593], [0.07214936941582972, 0.08313717163305089, 0.07526709306888106, 0.0829993949058247, 0.07342024968747213, 0.07199392741512899, 0.07944710826170932, 0.08039096621664477, 0.07381412089518838, 0.07989913114676718, 0.07310186820709402, 0.08160989619585725, 0.07276970295055148], [0.07212514230911025, 0.08333333333333331, 0.0752307148971048, 0.08284652535515895, 0.0734330611866347, 0.07199862653307358, 0.07938810821754454, 0.0803697025972005, 0.0738556503190556, 0.07987073139356028, 0.07312903443020008, 0.08163068672051942, 0.07278868270750373], [0.0721291341537606, 0.08320795496554817, 0.07523231017245866, 0.08275589221199771, 0.07346026146557465, 0.07201872585523911, 0.07937950131281903, 0.08038494044757473, 0.07389896168308158, 0.079881661134996, 0.07316340059698956, 0.08166922953831879, 0.07281802646164154], [0.07214994295291356, 0.08314445763422204, 0.07522058061036989, 0.0824862661164165, 0.07353616665627963, 0.07208669345229532, 0.07930305890419198, 0.08035726040636838, 0.07401934030940818, 0.07984963472883119, 0.0732634275335393, 0.08167701933098107, 0.07290615136418295], [0.07217425470095278, 0.08296263052839065, 0.07522411936624294, 0.08223972701541488, 0.07361729944865131, 0.07215475997936915, 0.07926081111667131, 0.0803458633110064, 0.07414281080932489, 0.0798367100954407, 0.07336551366109019, 0.08167951442665175, 0.0729959855407931], [0.07222288444770097, 0.0827274612686274, 0.07524349504361721, 0.08201847633850001, 0.07370772680036966, 0.07223982055893849, 0.07922240260832514, 0.08032142405708574, 0.07426679919096815, 0.07981615558000431, 0.07347448543825053, 0.08164278445612665, 0.07309608421148595], [0.07236376556291074, 0.08234360993420285, 0.07529821223448763, 0.08159567618990442, 0.07390979899786007, 0.07245046764184486, 0.07910297543448588, 0.08020029246077322, 0.0745272427390917, 0.07971399322291364, 0.0737156255675773, 0.08145361088414789, 0.07332472912979963], [0.07240135445085547, 0.08255852780655036, 0.07536268826099796, 0.08122362730899307, 0.07403900531458557, 0.07254683891221263, 0.07897165926894367, 0.08006749876297613, 0.0746846938117729, 0.07959795208017469, 0.07384945462054797, 0.08125220125123583, 0.07344449815015382], [0.07232345654764408, 0.08292471849271442, 0.0754248434423487, 0.08081516300954152, 0.07409221952751821, 0.07252539909451812, 0.07894032604346769, 0.08006146933059229, 0.0747802118332437, 0.07960182733229573, 0.0738971427584531, 0.08114611211777702, 0.07346711046988545], [0.07226139599144212, 0.08288344766513736, 0.07535830574705732, 0.0810837090022752, 0.07396975231666328, 0.07241237359782339, 0.07904706864731112, 0.08018029537500701, 0.07463953967565544, 0.07970579712697234, 0.07377026200236649, 0.08133920919299367, 0.07334884365929528], [0.07231306719821877, 0.08255063085665623, 0.07531316720579466, 0.0814212793187564, 0.07391981330450331, 0.07242217323129907, 0.07909123371436916, 0.08020747153960597, 0.07455701755612702, 0.079722425363735, 0.07372313614727224, 0.08143801874947741, 0.07332056581418497], [0.07225155205502083, 0.0825242630665888, 0.0752637187198188, 0.08179833640938519, 0.07378475944278126, 0.07230173769505878, 0.07920317425785127, 0.08031804044394827, 0.07437687032578841, 0.07981670159254887, 0.07356608125364318, 0.08161746436737298, 0.07317730037019328], [0.07228207009967508, 0.08279765376382352, 0.07534960721110107, 0.08115710753363668, 0.07396668761725808, 0.0724256106189933, 0.07904714950685571, 0.08017489997602793, 0.07462875988810376, 0.07969848599030548, 0.07376866070658092, 0.08135134064362022, 0.07335196644401819], [0.07214794073560131, 0.08293296887246154, 0.07531792439938577, 0.08119428730198203, 0.07384655488575696, 0.07226668178418119, 0.07918464087093556, 0.08034836701141398, 0.07451457560395558, 0.07985830458632359, 0.07363772265129208, 0.08153582709335346, 0.07321420420335689], [0.07230193345508508, 0.08298893279265436, 0.0754802592043564, 0.08057055652077932, 0.07414108543130592, 0.07253493931986142, 0.07892850762495293, 0.08009547143499779, 0.07485144261016921, 0.0796056272162338, 0.07394265755516852, 0.08105940004241519, 0.0734991867920202], [0.0723228194607934, 0.08284072974276244, 0.07556781389619736, 0.08030748913126058, 0.0742293483560226, 0.07258871874436226, 0.07891632149546857, 0.08012097105332348, 0.07496051180048607, 0.07960364578318326, 0.07402833924720409, 0.08094080850426388, 0.07357248278467209], [0.07236041454735939, 0.08255494797628479, 0.07569015264337105, 0.07999641725155957, 0.07434139028539202, 0.07265670415729075, 0.0789225690860383, 0.08016590190585811, 0.07509513415788684, 0.0796185480303978, 0.07413600543065471, 0.08079569438326138, 0.0736661201446451], [0.07240004324970961, 0.08230991287587625, 0.07579135868051123, 0.07976023871235549, 0.07443324892535409, 0.07271632767559026, 0.07892731965296294, 0.08019268609384031, 0.0752024686192588, 0.07962598747352426, 0.07422439420104197, 0.08067132843351633, 0.0737446854064584], [0.07236619479487018, 0.082177735300261, 0.07591374499422608, 0.07942824310173703, 0.07446657959292752, 0.07267019904287404, 0.07902714302678163, 0.0803370699595008, 0.07525544253574361, 0.07973653430645934, 0.07424408730151232, 0.08062839006764391, 0.07374863597546262], [0.0722842019252855, 0.08259936444298875, 0.07601825472964624, 0.07899749178590419, 0.07446417266094595, 0.07257347026950701, 0.07908571948884638, 0.08043112258581415, 0.07527571640726974, 0.0797989969492154, 0.07422541101759636, 0.08053465706771816, 0.07371142066926224], [0.07222421844017858, 0.08290548882604903, 0.07609037053326484, 0.07871687355636127, 0.0744420391832416, 0.0724915753076398, 0.07915445198668358, 0.08051370653085907, 0.0752628129989518, 0.07986552887911125, 0.07419030931963486, 0.08047641195212143, 0.07366621248590287], [0.07213047693043831, 0.08333333333333333, 0.07617245591755305, 0.07838943349571102, 0.07436796544395004, 0.07235677502868018, 0.07929997082797233, 0.08066487560768344, 0.07519001252185642, 0.08000322874736523, 0.074096772543139, 0.08043055880571488, 0.07356414079660276], [0.07206222567798687, 0.08282411264315706, 0.07621789902698003, 0.07836347647313226, 0.07425658938380764, 0.07218871339019742, 0.0796886468746835, 0.08105662090133517, 0.07499384042816537, 0.08039058008305545, 0.07391544023205467, 0.08064829819828838, 0.07339355668715623], [0.07232466685219188, 0.08257464031568115, 0.0752646749410541, 0.08180964334175886, 0.07382401201983366, 0.07237781987777159, 0.07912815765551927, 0.08021522611059274, 0.07440986468251301, 0.07972266843576446, 0.07361540558288358, 0.08149893936522978, 0.07323428081920597], [0.07227086581782581, 0.08296032195565448, 0.07523385113234303, 0.08209928227958355, 0.07370415448354052, 0.07227437844383766, 0.07916020033515822, 0.08022397831785093, 0.07424209873787507, 0.07972712581120933, 0.07347234508705518, 0.08152604402606221, 0.07310535357200412], [0.07221917351846661, 0.08333333333333334, 0.07521449404537307, 0.08237069878946485, 0.07359004321462083, 0.07217145647591351, 0.07920364955489291, 0.08023645693740299, 0.0740797223903042, 0.07973965080641325, 0.07333288571310675, 0.08152919254927551, 0.07297924267143223], [0.0722502533641661, 0.08315026598307187, 0.07524316346493373, 0.08251231532189016, 0.07358318981260521, 0.07217826520016968, 0.07924258167096979, 0.0802430858707164, 0.07404710316333246, 0.07975125625413577, 0.07331551075588173, 0.08151272700837667, 0.07297028212975037], [0.07225169413673574, 0.0831418080833454, 0.07526756133759342, 0.08273668893305292, 0.07352965295514889, 0.07213542582421076, 0.07931242416920045, 0.08026209515857538, 0.0739507348118606, 0.07977744986409611, 0.07323990885032024, 0.08148789757909385, 0.0729066582967663], [0.07230018735106468, 0.08285262942730873, 0.07535343509836698, 0.08293020096161781, 0.07349650573477036, 0.07211613230890564, 0.07945459186770888, 0.0803186963973136, 0.07385160742553197, 0.0798510942427726, 0.07317197163792932, 0.08144621531134898, 0.07285673223536046], [0.07234194715474361, 0.08266319563547626, 0.07541385148165584, 0.08290103007050709, 0.07350039559992058, 0.07212569261271198, 0.07953690347592898, 0.08035681457481027, 0.07382394031320438, 0.07989982265656007, 0.07315894965989099, 0.08142529388368945, 0.0728521628809004], [0.07202798347487688, 0.08300771515768988, 0.07538901889082046, 0.08084065756536525, 0.07382198428910933, 0.07215250072342262, 0.07932612170455314, 0.08054653879820474, 0.07452054550142122, 0.08004301694092883, 0.07359851843759713, 0.08157227045389485, 0.07315312806211575], [0.07218749325504299, 0.08281535393226816, 0.07556777703666914, 0.08030851550664164, 0.07410254262490383, 0.07239443694590958, 0.07912591651448422, 0.0803813675971761, 0.07483724650285997, 0.0798395462299465, 0.07388626317781655, 0.08113026585319201, 0.07342327482308945], [0.07228273113905878, 0.0823781336664488, 0.07574373595361646, 0.07988961796667336, 0.07428560351381615, 0.0725353285075349, 0.07910109936996049, 0.08039155059266245, 0.07504593815761398, 0.07981675799987688, 0.07406628950718694, 0.08087531630068044, 0.07358789732487042], [0.0723539988309272, 0.0824922074308834, 0.07547078856868342, 0.08284635287422373, 0.07348750075527641, 0.07210538038192765, 0.07964728365745607, 0.08043312677986136, 0.07378256412089836, 0.07998320570063581, 0.07312614116842332, 0.08144657334059895, 0.07282487639020438], [0.0723768708356415, 0.08230039690612319, 0.0755343258541573, 0.0827899274170271, 0.07348272163376911, 0.07209543118060058, 0.07975607543274187, 0.08050088632225588, 0.07374812782705861, 0.08006119770656508, 0.07310163201104017, 0.08144586307361201, 0.07280654379940746], [0.07235730268349172, 0.08205067520167449, 0.07558446426710776, 0.08305766224451633, 0.07343644431399196, 0.07203392120724302, 0.07988457145885762, 0.08057857985164245, 0.07366662848415366, 0.08015166052677282, 0.0730285123014227, 0.08143034531364109, 0.07273923214548449], [0.07235232088783532, 0.08178264400914587, 0.07564386917058866, 0.08333333333333333, 0.0734004466932049, 0.0719857946155586, 0.0800097346948931, 0.0806400598613611, 0.07359324943421325, 0.08023181285303094, 0.07296561239302625, 0.08137795060486219, 0.0726831714489465], [0.07239979908562415, 0.08154802449999364, 0.07574494124875548, 0.08307303206702989, 0.07342117230933863, 0.07199659572976354, 0.08016152102107986, 0.08073075719579235, 0.0735806427171607, 0.08034259412783097, 0.07296292416340057, 0.0813512782774, 0.07268671755683033], [0.07240171562052734, 0.081439399827388, 0.0757838278343574, 0.08301472993355084, 0.07341698457189053, 0.0719818214039783, 0.08024055111379058, 0.08078514939581327, 0.07356274490492941, 0.08040506487435978, 0.07294672580447563, 0.08134929860486016, 0.07267198611007893], [0.0724060691446296, 0.08126581790961195, 0.0758440763428328, 0.08295669417224459, 0.07341106725302922, 0.07196025533379022, 0.08035966595396199, 0.08086135978834069, 0.07353524735812711, 0.08049611621452808, 0.07292230876683875, 0.08133127497996398, 0.07265004678210094], [0.07242730035138739, 0.08108369101771873, 0.07591687112291244, 0.0828225406468538, 0.07341924352149494, 0.07195511986776859, 0.08048284860599929, 0.08093296214841952, 0.07352043939954452, 0.0805867576984529, 0.07291209341192167, 0.08129710139387211, 0.07264303081365402], [0.07251477096740783, 0.0808131239698836, 0.07604526767097367, 0.08256544141900388, 0.0734690796308543, 0.07200272961711758, 0.08062629421131828, 0.08097289269366523, 0.07353107896938492, 0.08066676366249943, 0.0729381326709689, 0.08117644661273155, 0.07267797790419095], [0.07257853665822377, 0.08055282775524104, 0.07616685718928427, 0.08231710099134332, 0.07350771814078742, 0.0720297290620493, 0.08078577778072012, 0.08103280560986072, 0.07353520661237299, 0.08076676074573585, 0.07295241151423547, 0.08107581042759555, 0.07269845751255015], [0.07244791063117562, 0.0807789047966037, 0.07603965060723752, 0.08254806760159777, 0.07342984081282483, 0.0719346132344022, 0.08071356277778172, 0.08107823172029324, 0.07349666950038086, 0.080765712730456, 0.07289127335984134, 0.08125047102471461, 0.07262509120269058], [0.07222322465660977, 0.08311176701474764, 0.07545847602795723, 0.08059913831382577, 0.07406590460683302, 0.07243122067444575, 0.07900796442111771, 0.08019525018617514, 0.07477821927380486, 0.07969696313851475, 0.0738611119388916, 0.08115628071726033, 0.0734144790298166], [0.0721127617160548, 0.08333333333333334, 0.0753826442387143, 0.08078399844102757, 0.07392014569638487, 0.07227757378993285, 0.07911933946275101, 0.08030810827467799, 0.07462256818408194, 0.0798165698990538, 0.07370854603284673, 0.08134926170718554, 0.07326514922395538], [0.07213699322980852, 0.08233279015405418, 0.07569001999261711, 0.08004584914707491, 0.07409098798050337, 0.07231562595201131, 0.07936162423325314, 0.08068558925773861, 0.0748362408116239, 0.08010034899982939, 0.07385712865869856, 0.08116489587169072, 0.07338190571109629], [0.07208234263770058, 0.0827914425868661, 0.07551893300488977, 0.08045745047797866, 0.07396043080471723, 0.07224355165119448, 0.07929914010518492, 0.08057052560175891, 0.07468414465382685, 0.08002724415842058, 0.0737346549191912, 0.08135569074153048, 0.07327444865674015], [0.07207378037971338, 0.08249994066213362, 0.07526870413935306, 0.08168330835453665, 0.0736867235320065, 0.07211223294539325, 0.07939467345163301, 0.08057498046519, 0.07428922870662867, 0.08005470971347571, 0.07344008330315048, 0.08188814018742581, 0.07303349415935995], [0.07202284707650101, 0.08294823803206183, 0.0753225856964903, 0.08111153467072768, 0.07376091220879925, 0.07212053360586598, 0.07934878387345734, 0.08055056863173549, 0.07443124947744492, 0.08005194017500925, 0.07353103524301338, 0.08170246551941239, 0.07309730578948105], [0.072115086976384, 0.08223089347586025, 0.07577870958296931, 0.07976729201397258, 0.07411244207292039, 0.0722893125243111, 0.07944218746102612, 0.0808030370458466, 0.07486952831726053, 0.08018926353160553, 0.07386875205606849, 0.08115023512766448, 0.07338325981411067], [0.07199909596906312, 0.08256309129990076, 0.07585664212080986, 0.07937218207050577, 0.07405818320141395, 0.0721416378717409, 0.07961127499759703, 0.08102279563429712, 0.07480588104695687, 0.08037009850585143, 0.07377546517011269, 0.08114677902884686, 0.0732768730829035], [0.07217822051355742, 0.08287244982320718, 0.07635281488321992, 0.07806635871949709, 0.07442791270751882, 0.07235336157750173, 0.0795345161395176, 0.08081125433203325, 0.07520708845203787, 0.0801580433814599, 0.07411007800969252, 0.08035073500051852, 0.07357716646023792], [0.0722028802680443, 0.08313537304008484, 0.07628816893969048, 0.07816962774296124, 0.07446663983594894, 0.07243503166809658, 0.07929449785531562, 0.08061686341172059, 0.07529357289142342, 0.07996101740415927, 0.07419175565623075, 0.08028998502379027, 0.07365458626253384], [0.0716187265041406, 0.08136236547456543, 0.07560742562877983, 0.08142961987961468, 0.0731219475316522, 0.07132065315814293, 0.0808115242498917, 0.08211058053999845, 0.07345397906267667, 0.08147933342051521, 0.07262982067460078, 0.08280497414831317, 0.07224904972710827], [0.07166001069107258, 0.08162510171046784, 0.07554559122426296, 0.08178643557284057, 0.07310735569211603, 0.0713609666975752, 0.08065877065746824, 0.0818581529478175, 0.0734311982801249, 0.0812554360736342, 0.07262982289898105, 0.08282085568948558, 0.07226030186415336], [0.07163471646857526, 0.08188089740397864, 0.0754495609979819, 0.08198253029428008, 0.07310338653148846, 0.07137352499354106, 0.08046378058411774, 0.08168406994144098, 0.07346171463136238, 0.08108048303567973, 0.07265216462104443, 0.08295588454263932, 0.07227728595386985], [0.0716520659365677, 0.0821263732730654, 0.07538306374613267, 0.08220151824832257, 0.073118359064355, 0.07141775401284298, 0.08029328636974276, 0.08149903362600303, 0.07349761289920614, 0.08090447397577812, 0.07269012286528062, 0.0829010980435021, 0.07231523793920094], [0.07163131183451266, 0.08229000786088705, 0.07531618730615666, 0.08212332438871107, 0.07316312148545667, 0.07145467158256047, 0.08013623994968301, 0.0813950386116741, 0.07359810004105398, 0.08079620110290184, 0.0727653973128725, 0.08295441076429759, 0.0723759877592325], [0.07164832881828746, 0.08221723515938102, 0.07531980719361951, 0.08187560859111676, 0.0732427899424993, 0.0715155014215592, 0.08008332390842406, 0.08137562683305437, 0.07372084635141196, 0.0807795790849491, 0.07286424064438676, 0.08289567245150982, 0.07246143959980056], [0.07166641882182279, 0.08177118833685232, 0.07542632290852198, 0.081392737988573, 0.07333496106069459, 0.07154878938052463, 0.08022663446200404, 0.08156340221767301, 0.07383404521239495, 0.08097256239079094, 0.07294810608107966, 0.08278446962013943, 0.07253036151892867], [0.07160297275984889, 0.08116882000568876, 0.07558836478614563, 0.08091127052062347, 0.07329533914327893, 0.0714233713078658, 0.08062561768567046, 0.08201745036635716, 0.07374676601580986, 0.08141600999826745, 0.07284950854178038, 0.08292601326047118, 0.07242849560819195], [0.07150450212863178, 0.08098341423648628, 0.07562524169403617, 0.08088107426891503, 0.07313564225267283, 0.0712425902015486, 0.08090220971490543, 0.08232837783850153, 0.07351450858346051, 0.08167894320554561, 0.07263878851366824, 0.08333333333333334, 0.07223137402829477], [0.07154432214732778, 0.08104505918398412, 0.0756512187674708, 0.08103635780883739, 0.07311161027151505, 0.07124714471514773, 0.0809639148319639, 0.08235187494143019, 0.07345308192428791, 0.08169494800136662, 0.07260268559788481, 0.08308881795443473, 0.072208963854349], [0.07158072665672878, 0.08142247876993808, 0.07555536026825008, 0.08137367557531776, 0.07314373682277067, 0.07132536685866676, 0.08071026270916892, 0.08206142225991292, 0.07351921097920891, 0.08142247876993808, 0.0726713108518022, 0.0829365983067534, 0.07227737117154337], [0.07160444431823217, 0.08153869298976153, 0.07554088599283874, 0.08159020500473467, 0.07311042157346487, 0.07132594875249382, 0.08068166651821278, 0.08197187344343933, 0.07345973005703453, 0.08134577043332634, 0.07263441217828176, 0.08294353483427917, 0.0722524139039004], [0.07154762322374539, 0.08185724131440907, 0.07539131945430926, 0.0817404983801282, 0.07311240372354882, 0.0713383021536851, 0.08039306424547445, 0.08170883090579177, 0.07352771964348132, 0.08108713505732348, 0.07267918813331362, 0.08333333333333333, 0.07228334043145608], [0.07159287910233687, 0.08161147635669976, 0.07547149067661807, 0.08138136369503453, 0.07322447910861225, 0.07141273310078318, 0.08045614644662659, 0.08181696732996066, 0.07366992655600847, 0.08119889827764645, 0.07279617401070515, 0.08298066369088258, 0.07238680164808561], [0.07156767433842215, 0.08165463396924165, 0.0754585168863154, 0.08149344467518309, 0.07316679287944032, 0.07136350833575802, 0.08048911607569231, 0.08183937819450077, 0.07358954729258255, 0.08121314414861643, 0.07272780285787597, 0.08311119900724961, 0.07232524133912156], [0.0715732786657691, 0.08134404839285111, 0.07554637406966414, 0.0811606858762451, 0.0732114557651996, 0.07136514241144924, 0.08063630941395535, 0.0820243937625208, 0.07363460385284792, 0.08139672838438373, 0.07275760574213477, 0.08300172791599203, 0.07234764574698703], [0.07157726968527342, 0.08187800987084491, 0.07541232608729419, 0.08184603765981054, 0.07310383564157372, 0.07134652079265703, 0.0804224589074244, 0.08170834685543255, 0.07349600040095416, 0.08109078172898247, 0.07266285835547702, 0.08318022520604637, 0.07227532880822926], [0.0716057030661849, 0.082079832376382, 0.07534602689220858, 0.08182467857800363, 0.07319300839098791, 0.071445246857754, 0.08020207857402793, 0.08150747264476182, 0.07364913795539837, 0.08090087882333995, 0.07279382738711694, 0.08305934435254808, 0.07239276410128608], [0.07162528508643545, 0.08183742008042831, 0.07540578586150484, 0.08151846390863156, 0.07326480389914822, 0.07148325570324118, 0.0802645553832092, 0.08160156800525079, 0.07374173594977093, 0.08099820662804946, 0.07286615030794832, 0.08293833006970575, 0.07245443911667598], [0.07164717908750255, 0.08132357248345516, 0.07555339750610773, 0.0810018757878395, 0.0733483079356009, 0.0714994050925875, 0.08048414174013227, 0.08185528934249794, 0.07382616207135219, 0.08126626735171948, 0.07292652926522165, 0.08276469802889477, 0.07250317430708834], [0.07169197429150932, 0.08159691450121033, 0.07549112021023013, 0.08114128790592981, 0.07339752803501122, 0.07158304447491039, 0.0802899173121944, 0.08163502203674083, 0.07390709161273173, 0.08105764607857355, 0.07300702542752031, 0.08261942767257957, 0.07258200044085837], [0.07159972297757453, 0.08212492243834693, 0.07534664928803324, 0.08199976685012353, 0.07313790674759417, 0.0714061887158718, 0.08024168895309529, 0.08151783864680666, 0.07356112032750403, 0.08091040035671022, 0.07272469629304606, 0.08309495451625935, 0.07233414388903432], [0.07166155444553927, 0.0820776197658129, 0.07534895273773454, 0.0816922171874014, 0.07328943828498709, 0.0715438856873199, 0.08010361868722744, 0.08141297543360691, 0.07378369634952885, 0.08081984327384317, 0.07291413430102905, 0.08284765732305997, 0.0725044065229094], [0.07171016090295172, 0.08188773138197741, 0.07539665922362279, 0.08144094260639863, 0.07338430646337053, 0.07162066297031412, 0.08009980858831657, 0.08141781337945371, 0.07390576645501258, 0.08083863832609661, 0.07301905990135844, 0.0826786248166265, 0.07259982498450042], [0.0716578254248771, 0.0803283752600737, 0.07595986604487645, 0.08092093936264959, 0.07309793202992178, 0.07121414462066647, 0.08158639210304, 0.08273349761007988, 0.07329700341612616, 0.08217768617703634, 0.07249864927872908, 0.0823924217633121, 0.07213526690861108], [0.07158135508472775, 0.08038691522050755, 0.07589268365518724, 0.08075640336370414, 0.07309456384864904, 0.07118122000566696, 0.08148147767260354, 0.08284260500539367, 0.07334012681222729, 0.08218844692673685, 0.0725121747710962, 0.08260924359193123, 0.07213278404156846], [0.07153382040807824, 0.08049862579581119, 0.07583966609321448, 0.08041340212539237, 0.07315912441188024, 0.07120537131234826, 0.0813198176123087, 0.08279235880072486, 0.07347740347231861, 0.0821325497877469, 0.0726056114515229, 0.0828200944273708, 0.0722021543012823], [0.07154053463381138, 0.08082597823396599, 0.07590999122105369, 0.0798849097968943, 0.07327334154799466, 0.07125539236703579, 0.08128270946141629, 0.0827161860492623, 0.07363571603657036, 0.08215030650777652, 0.07272404106171985, 0.08250169588638236, 0.0722991971961164], [0.07165022730948735, 0.08057133085359659, 0.07631836886531163, 0.07900939451816429, 0.07340902977799771, 0.07127804765407654, 0.0817461663589094, 0.08306873995416282, 0.07368303341062188, 0.08253408444492555, 0.07277066803244928, 0.08161369593933832, 0.0723472128809588], [0.07182609236536593, 0.0799367823536844, 0.0766192816202793, 0.07903480906688211, 0.07341651970040954, 0.0713106142488771, 0.08240846351240642, 0.08262183803060527, 0.07354192056784847, 0.0829963492418347, 0.07270093276883144, 0.08126966942595706, 0.07231672709701821], [0.07191045856131374, 0.07957727935013321, 0.07662815518579691, 0.07952234080919533, 0.07334237157521495, 0.07132239660365078, 0.08269478277896593, 0.08241237109451588, 0.07339438395063802, 0.08300781699088469, 0.07261280492797714, 0.08131415522414537, 0.07226068294756809], [0.07188546264156197, 0.07954902639679963, 0.0764326177575813, 0.08015887337953329, 0.07325384437954144, 0.07131366963294007, 0.08237970912867495, 0.08259785030608091, 0.07332236759713158, 0.08270242941091337, 0.0725602075161294, 0.08162601932358124, 0.07221792252953076], [0.07170324990276071, 0.08003323159752723, 0.07608523452168692, 0.08070559016285082, 0.0731272209398908, 0.07122240471015118, 0.08181456023007085, 0.08282016337838541, 0.07329005772766471, 0.08237135913201858, 0.07249967915879983, 0.08218599782951423, 0.0721412507086785], [0.07159794318553725, 0.08018471497972503, 0.07596912341875085, 0.08061946129228588, 0.07310396689825983, 0.07117314556318717, 0.08163139112806778, 0.08297233261361961, 0.0733262446659098, 0.08233729501173463, 0.0725019641481336, 0.0824573326072788, 0.0721250844875099], [0.07152901677431592, 0.08033290916443332, 0.0759382791983034, 0.08029177985759509, 0.07312948829173795, 0.07115060823532221, 0.08156087835044672, 0.08305860114873616, 0.07340144681755698, 0.08237731476104741, 0.07254001400943187, 0.08254645489910094, 0.07214320849197191], [0.0715228926067677, 0.08048147698544866, 0.0759371691190904, 0.08012549703096206, 0.07316820525352198, 0.07117023567937887, 0.08150425862763706, 0.08296172537655726, 0.07346588159704523, 0.08235385870128442, 0.07258738438029007, 0.08254017311356421, 0.07218124152845198], [0.0715463497455205, 0.08044510948135322, 0.07606116212513378, 0.07982520104320857, 0.07320662977480753, 0.07116869090321161, 0.08168822423407421, 0.0829753591763329, 0.0734804066678651, 0.08256863019099314, 0.07259837778218928, 0.08224483772044436, 0.07219102115486585], [0.07163184654342511, 0.0799409065331368, 0.07616718310893043, 0.08016334130677574, 0.07313871688131346, 0.0711525945158635, 0.08201228498557209, 0.08308453751908913, 0.07330949138861205, 0.08274384590026129, 0.07248789451142747, 0.08205365409252643, 0.07211370271306644], [0.07171481754232159, 0.07982763474855796, 0.07636904082152894, 0.07976474638268581, 0.07321683122781349, 0.07119249278959706, 0.0823282472995784, 0.08278657939000406, 0.073342683275