[[0.07364226900248942, 0.07595052452177077, 0.07394626156284811, 0.07037226115979162, 0.08310335081421634, 0.0808307827759263, 0.08196686344821964, 0.08144533253611058, 0.0810683862037251, 0.07509494719272282, 0.07188537318674797, 0.07114272481887848, 0.07955092277655275], [0.07371210102910146, 0.0758812353712366, 0.07394178238357858, 0.07043584404379417, 0.08317435793667098, 0.08065115266439751, 0.08209203510739661, 0.0813921383989671, 0.08090227519874918, 0.07506903671534228, 0.07191477844394716, 0.07121279097376293, 0.07962047173305538], [0.07381491457935226, 0.0758167315383768, 0.0739593201956356, 0.07054611297857576, 0.08323579243890841, 0.08043497841737067, 0.0821598189922666, 0.08128806676793145, 0.0806959117806941, 0.07505694858935781, 0.07197987579773919, 0.07132711497599535, 0.079684412947796], [0.07392119107039216, 0.07578253283162086, 0.07398966486085264, 0.07063772928490826, 0.0830903286790883, 0.08028686899309025, 0.0822031406280963, 0.08122721236508117, 0.0805570773490551, 0.07506737175878282, 0.07203981184674732, 0.0714291236949469, 0.0797679466373377], [0.07404085865413285, 0.07574011948456952, 0.07402526226073504, 0.0707576739886585, 0.08304047861559492, 0.0800965513583967, 0.0821520156079233, 0.08110741318790583, 0.08037240897574871, 0.07507624944618792, 0.07211630182426321, 0.07155413898798883, 0.0799205276078946], [0.07408629217380466, 0.07568071006253842, 0.07400391756035878, 0.0707534691090376, 0.0832684066427135, 0.07997946701733767, 0.08213707453485304, 0.08105606830668169, 0.08026432406087927, 0.07504985324678388, 0.07209705246022544, 0.07156648622636966, 0.08005687859841654], [0.07416842227409544, 0.07561081677295035, 0.07397581986789357, 0.07070430907981909, 0.08333333333333333, 0.07986028401127764, 0.08216447746052816, 0.08105384314447353, 0.08016378862740992, 0.0750287747320454, 0.07204287064849164, 0.0715584348726594, 0.08033482517502241], [0.07432463992738449, 0.07559721543747748, 0.07402274529341718, 0.07076583366498557, 0.08295448548564237, 0.07973768776121788, 0.08210717937297712, 0.08101093211429047, 0.08005225293365212, 0.07507057443754714, 0.07208509609791564, 0.07165202615814993, 0.08061933131534262], [0.07434331243455179, 0.07550426661338419, 0.0739367495652446, 0.07058409243092272, 0.08333333333333333, 0.0796530674193861, 0.08222986750372537, 0.08103382795549796, 0.07998706110384785, 0.07501436958643007, 0.07192974534029337, 0.07152941391349091, 0.08092089279989176], [0.07450287677977185, 0.07547299537339877, 0.07394893266163222, 0.0705245116672131, 0.08311673949625155, 0.07952536387705036, 0.0822034122964399, 0.08099479128873623, 0.07987425581128768, 0.07504766412470654, 0.07188086978794947, 0.07153619067719263, 0.0813713961583694], [0.07466834479407208, 0.07545867051532722, 0.07396683732433303, 0.07045046725303308, 0.08301598361902184, 0.07940592741164532, 0.08202530118780191, 0.08093291922913563, 0.07976588510228388, 0.07509665598513547, 0.07181720588907706, 0.07152311175656209, 0.08187268993257131], [0.07484883959380129, 0.07544910588035467, 0.07401983879807207, 0.0704990317118645, 0.08313062523653016, 0.07922134534439515, 0.0816993288360013, 0.08073686545827917, 0.07957909277848203, 0.07515287483706888, 0.07184470933756787, 0.07160426898418258, 0.08221407320340034], [0.07496163099019185, 0.07548149856946554, 0.07403972325954727, 0.07036686605751524, 0.08299714633484036, 0.0791944570121065, 0.08147706862153085, 0.08071584811281164, 0.07955695018765936, 0.07522782543890041, 0.07175781785774892, 0.07153621223218337, 0.08268695532549883], [0.07507555265458761, 0.07555309076003575, 0.07410039077337924, 0.07031842535813528, 0.08260099927878375, 0.07920011125732669, 0.08127827428075683, 0.08069672311991892, 0.07956129351899353, 0.07532690910776955, 0.07174386523558292, 0.07153087371134151, 0.08301349094338853], [0.07519575385882066, 0.0757053811180528, 0.07420559523554611, 0.07025590845778758, 0.08206490783664805, 0.07930767115700893, 0.08115148533177045, 0.08080173531361186, 0.07966436299534316, 0.07548607949117657, 0.07174524516190775, 0.07151877087519623, 0.08289710316712973], [0.07520358274289446, 0.07582659558909989, 0.07425044041250842, 0.07013058076998238, 0.08162797023348484, 0.07946235436328057, 0.08113737564916193, 0.0810102565810993, 0.07981551778746362, 0.07558172416198271, 0.0716933682320405, 0.0714321301599596, 0.08282810331704174], [0.07517045770111662, 0.07595724085492912, 0.07427252449517574, 0.0699130833395416, 0.0810321211114728, 0.07961929592265982, 0.0809998344717745, 0.08121733201613987, 0.07996125917020887, 0.07567519690827729, 0.07157929901745343, 0.07126902165791708, 0.08333333333333334], [0.07510842090776852, 0.07619637525975323, 0.07436626727693087, 0.06979241004760496, 0.08050183530262539, 0.07995304437826371, 0.08093330767721413, 0.08155048207698354, 0.08027590139685234, 0.07583145050067717, 0.07156685889470912, 0.07117402529524532, 0.0827496209853717], [0.0735880956097234, 0.07605208111821021, 0.07400745996656044, 0.0704589726378843, 0.08333333333333333, 0.08091291668133842, 0.08163500131678807, 0.08128304541024714, 0.08110468475751735, 0.0751469067345019, 0.07197252336914178, 0.07118217826938388, 0.07932280079536964], [0.07367004845807386, 0.07595899443593962, 0.07399211943647709, 0.07051872912435227, 0.08333333333333333, 0.0807098318968467, 0.08183147400232994, 0.08126946819307146, 0.08092778441719982, 0.07510853644968485, 0.07199300390478995, 0.07125404267925844, 0.0794326336686426], [0.07372615417101026, 0.07591325967482622, 0.0739936927141506, 0.07056942656430054, 0.08333333333333333, 0.08058783699065263, 0.08191241129161088, 0.08123764761399646, 0.08081675731966113, 0.07509473364176603, 0.07201884841682085, 0.07130990391194017, 0.07948599435593086], [0.0738349002543355, 0.0758135843429967, 0.07397661578964065, 0.07060547424972771, 0.08333333333333334, 0.08037743578595859, 0.08210028222348346, 0.08121849113862888, 0.08063327325542904, 0.07506080946457344, 0.07202198484748504, 0.07137560438678006, 0.07964821092762774], [0.07373521224689335, 0.07588454281726309, 0.07397306749013002, 0.07053702130024803, 0.08333333333333334, 0.08056660785014383, 0.08199134039736151, 0.08127224023002502, 0.08080574006481939, 0.07507798198310968, 0.07198850416808006, 0.07129122097856434, 0.07954318714002842], [0.07398367261684512, 0.07579057703188338, 0.07403663618972547, 0.07075240076942912, 0.08299674061022469, 0.08020207099705094, 0.08211947503267418, 0.08113462211942617, 0.08046679859610366, 0.07509260903481639, 0.0721255823479884, 0.07153082863908436, 0.07976798601474813], [0.07406990355534669, 0.07576106067030786, 0.07406866957464593, 0.07086301387736045, 0.08304557999101886, 0.08004772526367684, 0.08203091815969617, 0.08101328254075058, 0.08031294862039479, 0.07509958461612706, 0.07219854727236355, 0.07163832224299511, 0.07985044361531617], [0.07410410125857164, 0.07567172125296895, 0.07400962839733845, 0.07077902299031406, 0.08333333333333333, 0.07993940668981672, 0.08209822497598507, 0.08101861339920233, 0.08022357287809466, 0.07504923666229264, 0.07211316146518114, 0.07159058305486873, 0.08006939364203222], [0.0742623878619638, 0.07566483695190697, 0.07408393803970807, 0.07094174978044544, 0.08306702438876291, 0.07977046318744635, 0.08195514174340848, 0.08088829189423238, 0.08005636532489586, 0.07509528803385504, 0.07222977428688045, 0.07175730056310302, 0.0802274379433912], [0.07439079943405655, 0.07562271899854867, 0.0740939721360569, 0.07094112786155937, 0.08291134647331559, 0.07964978808963168, 0.08191964218749977, 0.08086606804403688, 0.0799512755818576, 0.0751083543477202, 0.07221897982987639, 0.07179833113416162, 0.0805275958816787], [0.07441677618395436, 0.07556084080476044, 0.07403867895097702, 0.07081473116618356, 0.08306041379605719, 0.07959689087317122, 0.08203077989851251, 0.0808979716061194, 0.0799139584558957, 0.07507521995483572, 0.07211168419518903, 0.07171713255805708, 0.08076492155628673], [0.07447564665824011, 0.07551734513053902, 0.07401167184553226, 0.07072970390778657, 0.0830970801310408, 0.07952960237055078, 0.08208123443327661, 0.0809003285484028, 0.07985904357077249, 0.07506571764921578, 0.07204000699422072, 0.07167556468499006, 0.08101705407543193], [0.07453641268596897, 0.07546494466712415, 0.07398073868607928, 0.07064606396850724, 0.08333333333333334, 0.07943377014942159, 0.08204943926250827, 0.08086002274090616, 0.07977308989897766, 0.07505090820637246, 0.0719655619438133, 0.07163391397068179, 0.08127180048630583], [0.07461988524762056, 0.07547073858011738, 0.0740096716059433, 0.07066755982415604, 0.08313201395686734, 0.07938326235421492, 0.08199612322156943, 0.08082754465204153, 0.07972541509393669, 0.07508303881025115, 0.07197989559728134, 0.07167086657191542, 0.08143398448408484], [0.07469446896701437, 0.07543999179938606, 0.07400640580838298, 0.07064285003996774, 0.08333333333333333, 0.07928368364782168, 0.0818761217217462, 0.08074885438000926, 0.0796295327385072, 0.07508748234316116, 0.0719498391809989, 0.0716709532667124, 0.08163648277295862], [0.07477711220886797, 0.07544542019927601, 0.07401965237732137, 0.07059347977972924, 0.0831779348214845, 0.07924895660213226, 0.08180415581043042, 0.08074081733364463, 0.07960056035511624, 0.07512111515715024, 0.07191339627150904, 0.07165557887190697, 0.08190182021143111], [0.07505085318753688, 0.07546472775405881, 0.07413164006814195, 0.07072622265948685, 0.08304499929143469, 0.07901637512159218, 0.08138930491811044, 0.08047939934196377, 0.07936204613148681, 0.07523668505149894, 0.07200869612335382, 0.07182306040503289, 0.08226598994630199], [0.07513244978905047, 0.07548662891262924, 0.07413597907822589, 0.07058722166416832, 0.08296008281068036, 0.07900344641109397, 0.08123774024744726, 0.08047560884189188, 0.0793540453833528, 0.07529157158669358, 0.07191467181506665, 0.07174173553473515, 0.08267881792496456], [0.07480650302112925, 0.07544707192349187, 0.07398468197325819, 0.07039394210818892, 0.08317017269813168, 0.07927927852931296, 0.08175430887995364, 0.08081651374821591, 0.07964251036547512, 0.07513871091336737, 0.07176939914480332, 0.07151621625171593, 0.0822806904429557], [0.07525012727131654, 0.07553620935789745, 0.07419316548473584, 0.07057518945761207, 0.08266316018455205, 0.07896942603764658, 0.08105840550040476, 0.08041920377693684, 0.07931771854933121, 0.07537491888674967, 0.07192015579296986, 0.07176359117316068, 0.08295872852668658], [0.07540080667857955, 0.07565537992233687, 0.07428895224572275, 0.07051482208515422, 0.08216865262864702, 0.07899962395118705, 0.08083005855511996, 0.08044414327221357, 0.07934320365014341, 0.07552349686583286, 0.07191313246194304, 0.07175962325935226, 0.08315810442376743], [0.07540816051486637, 0.07573141625315837, 0.0743109673841853, 0.07040368240096011, 0.08189346638146486, 0.0791003460840998, 0.08084217133429658, 0.08058857001566597, 0.07944326253532259, 0.07558621286742924, 0.07185768593790894, 0.0716814939703343, 0.08315256432030754], [0.07544991333590485, 0.07589196683305728, 0.0743896292931005, 0.07028543788582099, 0.0814033075831718, 0.07926059286497647, 0.08079529079475044, 0.08079660170285431, 0.07959557098111794, 0.07572436148633492, 0.07182329488258597, 0.071609397329956, 0.08297463502636863], [0.07554514015584496, 0.07604785254965567, 0.07449529329401204, 0.0702276950341567, 0.08089901208040506, 0.07931275659781574, 0.08058959750363831, 0.0808598435309137, 0.07962988599953168, 0.0758811827252668, 0.07183090105735092, 0.07159581446281613, 0.08308502500859212], [0.07538027615135894, 0.07616619426120463, 0.07447426917066058, 0.07002303378077275, 0.08058037119227018, 0.07961209465111876, 0.08069343381590899, 0.08117852758151435, 0.07992557831091535, 0.07590771782238737, 0.07172161256462728, 0.07140899603869817, 0.0829278946585627], [0.07364528251433985, 0.07607409071757028, 0.07407599637848804, 0.07063894864455661, 0.08333333333333333, 0.08078157897140271, 0.0815296034306582, 0.08112213438104529, 0.08095639858503444, 0.07517962598992514, 0.07210865214233034, 0.07132648156775394, 0.0792278733435618], [0.07377919303203921, 0.07594366163836898, 0.07406384974933995, 0.07074180316196882, 0.08333333333333333, 0.08048614558360716, 0.08176124045555924, 0.08108056073745552, 0.08069737582006689, 0.07513212900893969, 0.07215143116451905, 0.071447595665515, 0.07938168064928709], [0.07374885187057764, 0.07600505725449952, 0.07408524633685686, 0.07072605317269504, 0.0831271322814251, 0.08060430685627436, 0.08169917153124148, 0.08111434689171378, 0.08080396186317108, 0.07516501056073308, 0.07215540650847206, 0.07142448016918423, 0.07934097470315561], [0.0738187766913608, 0.0759066862683436, 0.07404620129089702, 0.07070885011799753, 0.08314156774602319, 0.0804563728222978, 0.08190808195856714, 0.08115038672625237, 0.08068614144720448, 0.07511958690077918, 0.07211933414399034, 0.07143939331057984, 0.07949862057570671], [0.07391511142832392, 0.07591506686474055, 0.07411727373043754, 0.0708887132711962, 0.08300546157963883, 0.0803148077146516, 0.08181971355724356, 0.08101555771553287, 0.08053820632541077, 0.07515592911335457, 0.07225271744482496, 0.07159815485614442, 0.07946328639850041], [0.07400177993027478, 0.07584165595555822, 0.07410612667112751, 0.07091376683670353, 0.0830451268995013, 0.08016072963844155, 0.08190720787813126, 0.080988291517811, 0.08040299392096582, 0.075133061774523, 0.07225421182217778, 0.07164829428032239, 0.07959675287446193], [0.07390538234511827, 0.07586694056599398, 0.07406879903053332, 0.0708018540931197, 0.08312420290089027, 0.08030477337745111, 0.08193038825113158, 0.08107608927420894, 0.08054242836868505, 0.07511972906515058, 0.07217795791650623, 0.0715356208143961, 0.0795458339968148], [0.07409346579843112, 0.07578640043813929, 0.07411838523312775, 0.07099053359166418, 0.08313462443643112, 0.07998770862943926, 0.08186733218812162, 0.0808884750838577, 0.08023812694892302, 0.07512419931170561, 0.07229769154938478, 0.07173610990260698, 0.07973694688816758], [0.07413462118070907, 0.07574153468421171, 0.0741100056456202, 0.07101244718567923, 0.08333333333333333, 0.07988229498738844, 0.08182925013003645, 0.08082564843345187, 0.08013799010452258, 0.07510633359163447, 0.07230170108029345, 0.07176615603729733, 0.07981868360582188], [0.0741961753114634, 0.07572671951692492, 0.07412249202425283, 0.07103469853082608, 0.08315839547440046, 0.07983019785011455, 0.08184668661691928, 0.0808222290819915, 0.08009348306572371, 0.07511603290885928, 0.07231378637781798, 0.07180179897256539, 0.07993730426814066], [0.07429796930301451, 0.07570320538344379, 0.07415518851040878, 0.0711185969302447, 0.08308295753250519, 0.07970417767551034, 0.08176655483560225, 0.08073969658530795, 0.07997217850692175, 0.07513252593836758, 0.07236839273089887, 0.07189467818277948, 0.08006387788499493], [0.07439918072699085, 0.07564931648961506, 0.07414452375432838, 0.07108729540325641, 0.08302226598860483, 0.07959956564695753, 0.08176934232181245, 0.08073730724054053, 0.07988481358510897, 0.07512837479920051, 0.07233166745341679, 0.07190548742436417, 0.0803408591658035], [0.07444789209085757, 0.07562715040496998, 0.07414081152683807, 0.07106882644271093, 0.08298653453581384, 0.07955367530588585, 0.08176703406268135, 0.0807356076817062, 0.07984644613591775, 0.0751291081273952, 0.07231279985738755, 0.07190817161283705, 0.08047594221499865], [0.07445481207558334, 0.07560166858139845, 0.07411703012359455, 0.07101708283414825, 0.08305671795157367, 0.07953547741209414, 0.08181207203080725, 0.08075029411772064, 0.07983444687660671, 0.07511407822995265, 0.07226871855094727, 0.07187378890787931, 0.08056381230769366], [0.07452611417697061, 0.07555951651561843, 0.07410194605450805, 0.07096850722062781, 0.08306797826942808, 0.07945304026384647, 0.0818465408446751, 0.08073157551261449, 0.07976297502486324, 0.07510879073899654, 0.07222344273504003, 0.07186248394989238, 0.08078708869291877], [0.07460356603265476, 0.0755332897219147, 0.07409703796841444, 0.07091891191945045, 0.08297397210546018, 0.07939054376766656, 0.08187108081921929, 0.08072597634383538, 0.07971059881564298, 0.07511692760515236, 0.07218224835551273, 0.07185191381225565, 0.08102393273282056], [0.07466064002937808, 0.07550130886042479, 0.07408441980738995, 0.07087706401144109, 0.08307599072108292, 0.07931966035384864, 0.08184129725238858, 0.08069276437956428, 0.07964645304975743, 0.07511438238332309, 0.07214036844197984, 0.07183598946756102, 0.0812096612418604], [0.0748287705094353, 0.07547732960070558, 0.07412356609020912, 0.07092029242404903, 0.08309952910840372, 0.07915027246862946, 0.08164822117569893, 0.08054928575682138, 0.07948076155405075, 0.07515375397493722, 0.07215821804740322, 0.07190998096426125, 0.08150001832539534], [0.07498352886570236, 0.07546955491873036, 0.07416897580483346, 0.07096408263595719, 0.08309752295721066, 0.07900929494138638, 0.08144641926372909, 0.08041582745507724, 0.07934073084667996, 0.07520339137017536, 0.07218287398525787, 0.07198144286191803, 0.0817363540933421], [0.07509736084770599, 0.07547947422760583, 0.07417710429768241, 0.0708413719023024, 0.08291624045763074, 0.0789746059227624, 0.081339893722101, 0.0804158411988403, 0.07931481337042359, 0.07526075626760671, 0.07209502108133833, 0.07191998392050249, 0.08216753278349788], [0.07494914583513827, 0.07545793095226368, 0.07410646179543708, 0.07075163345684674, 0.08308644522279376, 0.07908459482875367, 0.08154072358094404, 0.08054442584793958, 0.07942870482063359, 0.07518946133204144, 0.07202698491720316, 0.07181586435327544, 0.08201762305672969], [0.0748385061418317, 0.07544343479914353, 0.0740822014322766, 0.07080714528541562, 0.08333333333333336, 0.0791240430010654, 0.08163472760587798, 0.08055740130248693, 0.0794620158131802, 0.07513557956576149, 0.07206543506857188, 0.07182851599333132, 0.0816876606577242], [0.07472057011860381, 0.07548338618769657, 0.07407778341106158, 0.07082515640103117, 0.08305548726582454, 0.07927363990764756, 0.08182132215662967, 0.0806842128982739, 0.07960760837315552, 0.07512306822186718, 0.07209476389289429, 0.0718125707272387, 0.08142043043807563], [0.07494066636496673, 0.07546266751733548, 0.07411572719431929, 0.07079209206541784, 0.08305383720266743, 0.0790880543531882, 0.08155400339649263, 0.08053836264395126, 0.07942982461080343, 0.0751875907207592, 0.0720578030274398, 0.07184360592748376, 0.0819357649751748], [0.07480191499284947, 0.075429299606155, 0.07400585415775299, 0.0705409493123992, 0.08333333333333334, 0.0792139870096759, 0.08174058621550144, 0.08071757355861049, 0.07956844077665738, 0.07511978433252371, 0.07186985016378973, 0.07162290569979902, 0.08203552084095238], [0.07514962528743119, 0.07547752090846795, 0.07417022764742241, 0.07074928403430146, 0.08298036552192879, 0.07894422302587825, 0.08123805911727949, 0.08039553567148547, 0.07928808421759659, 0.0752849069788394, 0.07202751754083411, 0.0718653541008126, 0.0824292959477224], [0.07523873689777127, 0.07550338179023881, 0.07419897508297026, 0.07070362736111366, 0.08282636384975857, 0.07891142566142412, 0.08109757323133186, 0.08035606578915744, 0.07925577033358508, 0.0753413465632572, 0.07200171773267325, 0.07185475258582699, 0.08271026312089157], [0.07534831965800512, 0.0755546440916628, 0.07424654822345692, 0.07065106970292169, 0.08252790285568747, 0.07889094398160615, 0.08091936150039607, 0.08031509973855677, 0.07923399767778785, 0.07542458913856524, 0.07197915877323126, 0.07184471283945137, 0.08306365181867136], [0.07543562015006101, 0.07560186413622956, 0.07429081801249533, 0.07061970645710015, 0.08226975795744502, 0.07887366356678176, 0.0807656245806794, 0.08028469331933838, 0.07921379137075085, 0.07549544181194785, 0.07197106475089823, 0.07184462055293905, 0.08333333333333333], [0.07550746127488431, 0.07571946276360127, 0.074352815331681, 0.07050188424254972, 0.08186000491669986, 0.07896952724088789, 0.08068998617422898, 0.08044267326371614, 0.07930628175352342, 0.07561438017571641, 0.07192369377081301, 0.07177849575836473, 0.08333333333333334], [0.07563599634875272, 0.07590119461831739, 0.07448455656384803, 0.07046437905511813, 0.0813628011762512, 0.07906821104291437, 0.08057323922536182, 0.0805770215212181, 0.07939261572354978, 0.07579927172738271, 0.07195343692613441, 0.07178769221242974, 0.08299958385872157], [0.07564135443137036, 0.07598668117948534, 0.07451048503225177, 0.07033655682472353, 0.08100678104426451, 0.07913393019806905, 0.08047674164956205, 0.08066444192816823, 0.07944976116430608, 0.07587230342805161, 0.07188975137288833, 0.07169787841352585, 0.08333333333333333], [0.07566885060762789, 0.07618596981481995, 0.07462049083414914, 0.07027679235287687, 0.08057541153162559, 0.07931832649369747, 0.08040711037211519, 0.08084479511106071, 0.07961760752526474, 0.07603082644533242, 0.07190890427284626, 0.07166724839236595, 0.08287766624621765], [0.07543477138090193, 0.076312005625298, 0.07457560229458385, 0.07003219575392611, 0.08027726933052913, 0.07969206573220042, 0.08055633641790731, 0.08122835701225332, 0.07998709068717404, 0.07603531083393936, 0.07177299931572262, 0.07143471889051417, 0.08266127672504985], [0.07478218076309018, 0.07551116220472485, 0.07414571404309075, 0.07098870878718352, 0.08290676832104803, 0.07921384150416401, 0.08169837127921627, 0.08058033767851816, 0.07953786999286777, 0.07516048028978733, 0.07222007750116693, 0.07194914560165344, 0.08130534203348894], [0.07470104766869537, 0.07554734636166917, 0.07416215761043535, 0.07106182948561018, 0.08286047230508774, 0.07929048967394944, 0.08171931923022696, 0.08060111897400664, 0.07960394821788891, 0.07515742391858829, 0.07228791721519824, 0.07198312940178309, 0.08102379993686067], [0.07458813538457709, 0.07555911153008057, 0.07414410617999162, 0.07108162446410354, 0.08314989818402854, 0.07935653634404, 0.08170166192811087, 0.08060880876328401, 0.07965968454633518, 0.07512783190352844, 0.07230552944936777, 0.07196373171323127, 0.08075333960932123], [0.07453658543872141, 0.07556502748491419, 0.07413799548263328, 0.07109914361306227, 0.08333333333333334, 0.0793793170774267, 0.08166467338521369, 0.08059662934600428, 0.07967616563922289, 0.07511474570458439, 0.07231892451936123, 0.07195988645290288, 0.08061757252261954], [0.07450550888489266, 0.07563498513774093, 0.07418949921797584, 0.07119575090380299, 0.0830288223422926, 0.0794639022394227, 0.08162190079130964, 0.08061299776296586, 0.07974834124543415, 0.07515255458827821, 0.07240699906289035, 0.07201762563781766, 0.0804211121851764], [0.07436504274571472, 0.0756670363464246, 0.0741703023199055, 0.07119196543495927, 0.08333333333333334, 0.0795659217283668, 0.08162873997873667, 0.08061747030768622, 0.07983392759346701, 0.07512892680123144, 0.0724119059572191, 0.071969566438623, 0.08011586101433242], [0.07433602806957136, 0.07571787756138045, 0.07419978854410682, 0.07123295363979831, 0.08311946132224773, 0.07963695029784235, 0.08163639083277512, 0.08063451687461036, 0.07989565217732379, 0.07515466641613083, 0.0724553816071392, 0.0719885315127465, 0.07999180114432729], [0.07479910036312948, 0.07546700709289698, 0.07396915870615557, 0.07028031744238056, 0.08306312507360071, 0.07934338685497938, 0.08175725370178845, 0.08090077983295547, 0.07971258467423334, 0.07515435811884826, 0.07169404375680571, 0.07143121395618024, 0.08242767042604575], [0.07509152720809584, 0.07551355271638505, 0.07410450373358392, 0.0704211644533547, 0.08279757141418007, 0.07910985584232205, 0.08127269572189183, 0.08060118824128043, 0.07946731890689827, 0.07530118121253891, 0.07180485042717863, 0.07160964364992875, 0.0829049464723616], [0.0752702318472657, 0.07559684084503437, 0.07420102723409783, 0.07042364109666954, 0.08233907479297153, 0.07905157776061886, 0.0809692848095662, 0.08049015528463577, 0.07940220285694459, 0.07543339128529748, 0.07183086323340777, 0.07165837562015703, 0.08333333333333333], [0.07427828733004266, 0.07575255894192341, 0.07419793881459988, 0.07120788660040184, 0.08303382784125667, 0.07973019637156446, 0.08168129282912423, 0.08068616576456779, 0.07998303604566834, 0.07516006517848227, 0.07244662895570478, 0.07195142307755058, 0.07989069224911319], [0.07420197413652012, 0.07577290295539511, 0.07417923726206792, 0.07116252758097064, 0.08316223549691615, 0.07981176014954768, 0.08169801200253853, 0.08071947455202459, 0.08005767142734942, 0.07514952896321754, 0.07241933038155962, 0.07189433689591497, 0.07977100819597774], [0.07413598580848746, 0.07582507019361749, 0.07418486268340348, 0.07113988911883323, 0.0830591213975294, 0.07993192960966033, 0.08171325916198231, 0.0807718932221427, 0.0801679558382304, 0.075164393956571, 0.07241539984653865, 0.07185420827558087, 0.0796360308874227], [0.07403650900264117, 0.07585233717987436, 0.07416053494924829, 0.07108205375143904, 0.08333333333333333, 0.08003213059714843, 0.08167832148334159, 0.08079183907156545, 0.08025610200636638, 0.07515119114307399, 0.07237808024255922, 0.071777818925835, 0.07946974831357373], [0.07399482617431238, 0.07592162109042784, 0.07418535185474881, 0.07107646403328112, 0.08307281847042405, 0.08016074444304959, 0.08166063637800343, 0.08084140803925519, 0.08037302788800749, 0.07518578432435236, 0.07239082730520219, 0.07175689860090989, 0.07937959139802557], [0.07396970014419521, 0.07595111043705773, 0.07418942456084195, 0.07105439642953307, 0.08294518056138031, 0.0802316379763227, 0.08166294639244097, 0.08087819334875683, 0.08043966320147322, 0.0751981559532009, 0.07238202009955876, 0.07173173321484487, 0.07936583768039347], [0.0738997794667074, 0.07597258560852889, 0.07416617463447456, 0.07098169038547046, 0.08305741833596884, 0.08032795638683363, 0.08164296990204274, 0.08091744280994018, 0.08052888988341184, 0.07519055301057034, 0.07233375739167415, 0.07165594487235899, 0.0793248373120179], [0.07383668564810825, 0.07600276978421114, 0.0741522744814317, 0.07092136912983561, 0.08313487618332929, 0.08042677857705235, 0.08160161191397962, 0.08094792817697102, 0.08061847814818623, 0.07519118866280272, 0.07229687114775223, 0.07159105986504447, 0.07927810828129539], [0.07376059941797426, 0.07605740502974705, 0.07415552991639483, 0.07089156789060844, 0.08333333333333336, 0.08052812201826068, 0.08145813766072468, 0.0809197443989057, 0.080697767261509, 0.07520424341810751, 0.07228800351825901, 0.07154245019256981, 0.07916309594360589], [0.07373364308529841, 0.07615754629097815, 0.0741999875736199, 0.07089873453868738, 0.08306013316817742, 0.08066448122462226, 0.08134083676627518, 0.08092593726396324, 0.0808122482041113, 0.07525957567549646, 0.07231689787541032, 0.07153588461137146, 0.0790940937219885], [0.07373594621944751, 0.07606037673748567, 0.07412911797640649, 0.07079940970551352, 0.0831802641964435, 0.08062174963350663, 0.0815358264552564, 0.08102339841814943, 0.08079889641471348, 0.07519886984349465, 0.07222218116587048, 0.07146969694574296, 0.07922426628796944], [0.07506898667880105, 0.07546358398572232, 0.07411159052692066, 0.07061310826037583, 0.08310585872823753, 0.07902030289816223, 0.08133411693066546, 0.08049779819083007, 0.07937067203548752, 0.07524848511650828, 0.07192696254583739, 0.07174431274844031, 0.0824942213540113], [0.07491646659622486, 0.07543505151879792, 0.07402371448424984, 0.07046810134404873, 0.08333333333333334, 0.07913957798765663, 0.08153812672636389, 0.0806518393663988, 0.07949753339892685, 0.07517291987283566, 0.07181678394114441, 0.07159839572694465, 0.08240815570307447], [0.07508080813944451, 0.07563844056777808, 0.07412913354879266, 0.07022260456439036, 0.08229389239992538, 0.07933616498281074, 0.08128420459766302, 0.08082300926972841, 0.07969963103936142, 0.07539287367328418, 0.07170171717825123, 0.0714637373491501, 0.08293378268941981], [0.07494200056893822, 0.0755209553173518, 0.07403448698595283, 0.07026499633742586, 0.0827729000171346, 0.07929377827330629, 0.08150351278200835, 0.08082713984601443, 0.07966103734284886, 0.07525153766008136, 0.07169735307867524, 0.07145718197602595, 0.0827731198142362], [0.07460447536302212, 0.075461238484455, 0.0739586514029756, 0.07048159753072503, 0.0830450425075653, 0.0794497710855275, 0.08211025471485447, 0.08095915544162993, 0.07980606250230285, 0.07507542887338652, 0.07184248119654785, 0.07152995860298278, 0.08167588229402513], [0.07469979248751298, 0.07543097193702884, 0.07392508687308322, 0.07029038971099862, 0.08333333333333336, 0.07936929722710039, 0.08190402234750757, 0.08092999035117221, 0.07973775421648521, 0.07509297926565586, 0.07169226416236109, 0.07141282158403106, 0.08218129650372985], [0.07515383939143563, 0.07575330034549252, 0.07420577701938222, 0.07018452959618203, 0.08192850092629032, 0.07942742212908264, 0.0812373425777314, 0.08094336398268959, 0.07978657040648163, 0.07550549387228228, 0.07170937502402787, 0.07145707268791165, 0.08270741204101027], [0.0751207847180796, 0.07587444211399144, 0.07422226334546146, 0.06997162191129254, 0.08136020645798699, 0.07960098884770021, 0.08116869371293146, 0.08118427823240029, 0.07995464661835831, 0.0755903614749742, 0.07159542970017171, 0.07129655425886802, 0.08305972860778361], [0.07569268041109908, 0.07640870588855514, 0.07474635690585915, 0.07022794136378882, 0.08009133961518201, 0.07956599320692867, 0.08026421988288103, 0.0809792979088741, 0.07976686576006949, 0.07620560762337336, 0.07194297815968159, 0.07164561992804183, 0.08246239334566546], [0.07578303303178476, 0.07628881331504397, 0.07472593788044081, 0.07033950603428472, 0.08034440007675347, 0.07932417701861397, 0.08024521480432997, 0.08079087505193329, 0.07957479049434864, 0.07615081468901165, 0.07198587822876217, 0.07174523627574571, 0.0827013230989468], [0.07376710264362278, 0.07574947350803046, 0.07371305478106431, 0.0696789078614103, 0.08162218400479115, 0.0809121521968942, 0.08307826034181534, 0.0824609358781935, 0.08131048880459221, 0.07501117650023557, 0.07133761743314584, 0.07069808154047438, 0.08066056450573005], [0.07379366181737149, 0.0757209305472534, 0.0737452624243021, 0.06986158480859052, 0.0819566789533639, 0.0807509478962352, 0.08308744969680347, 0.08216815847560732, 0.08112387237671977, 0.07499489076001249, 0.07146166672778191, 0.07083678255760344, 0.08049811295835503], [0.07386725126846813, 0.07566528253606261, 0.07374838162014094, 0.06992325589831666, 0.08196602146711553, 0.08057195433999502, 0.08333333333333333, 0.08203390130171265, 0.08094415851337529, 0.07497942474149194, 0.07149174192802335, 0.07090414699365274, 0.08057114605831181], [0.07395704283820416, 0.0756463451584436, 0.07379194487138997, 0.07005804748147487, 0.08219498688458995, 0.08041621226255884, 0.08310963423445993, 0.08186437383765673, 0.08078031610124829, 0.074993674912649, 0.07158465686309241, 0.07102859828589239, 0.08057416626833973], [0.07405960152102077, 0.07559447804138243, 0.07378689368878744, 0.07003864228913527, 0.08228348728309885, 0.08026571981539654, 0.08306372005124513, 0.08180777823688394, 0.0806407194174714, 0.07499291101726649, 0.07155817651530767, 0.07104731033122084, 0.08086056179178308], [0.0741286472438242, 0.07556410811150173, 0.07377181555697916, 0.06995988032432753, 0.08220258117609619, 0.0801916207041084, 0.08316330331221536, 0.08181208704944852, 0.08057827905008114, 0.07499760171622241, 0.07149490874750594, 0.07101280641374823, 0.08112236059394136], [0.07417055346910029, 0.07561917813591566, 0.07377777689423516, 0.06979794537287483, 0.08198072801746853, 0.0803088716577118, 0.08290544865100631, 0.0820234389916734, 0.08071354465001347, 0.07505700774908239, 0.07139510963413338, 0.07090903806537904, 0.08134135871140577], [0.07399994288773751, 0.07571125592069351, 0.07371535504768262, 0.06949168426603047, 0.08140968942619956, 0.08069379117232356, 0.08306683305392497, 0.0825033712492639, 0.08112130925171494, 0.07507400643514231, 0.07119751679653609, 0.07063662214553841, 0.08137862234721206], [0.07383431331214255, 0.07578896696827707, 0.0737044468079962, 0.06945716880796264, 0.08100446476490727, 0.08100451063049954, 0.08307892656111798, 0.08282451978890261, 0.08143699958209763, 0.0750713470779602, 0.07119029217947631, 0.07056062302315833, 0.08104342049550178], [0.0737170340900171, 0.07576155418302476, 0.0736564700931838, 0.06945070185667003, 0.0812538173030327, 0.08105753222219762, 0.08333333333333334, 0.08276951105323459, 0.08148224460054264, 0.07500988856857037, 0.07117627692853891, 0.07052004197784478, 0.0808115937898094], [0.07384156593910562, 0.07571401965615375, 0.07370435617134147, 0.0696360516810255, 0.08137998755409191, 0.0808093074857682, 0.08333333333333333, 0.0824850743282498, 0.08121933919622873, 0.07501367682574425, 0.07129827386347327, 0.070690732239096, 0.08087428172638819], [0.07382640069732527, 0.0757269809969987, 0.07373559908546, 0.06976511549013951, 0.08167642468510238, 0.08079268040743325, 0.0830823996917551, 0.08233901384853091, 0.0811849379958353, 0.0750133628995859, 0.07139423887918739, 0.07077801541865016, 0.08068482990399628], [0.0739525192299474, 0.07563641938749555, 0.07373107738798945, 0.0698134396872393, 0.08183953855427395, 0.08051386687760816, 0.08333333333333333, 0.08213710223099079, 0.08090801984184849, 0.07499179621634061, 0.07140627729380523, 0.07085239774255525, 0.08088421221657241], [0.07402218391165723, 0.07566763126996935, 0.07374375770065078, 0.06970782943769499, 0.08162122743655019, 0.08055293682623799, 0.08309176455434081, 0.08228335721523317, 0.08096353025757949, 0.07504216983360258, 0.07134045708011424, 0.07079814198383409, 0.08116501249253524], [0.07397624743219561, 0.07567690434381973, 0.07374347454993055, 0.06974131235914555, 0.08162585651338208, 0.08059897307682136, 0.08310739102298484, 0.08229196387018384, 0.08100479297549963, 0.0750313094820209, 0.07136597906193172, 0.07080776962590163, 0.08102802568618245], [0.0739235776706522, 0.07568973153846814, 0.07369437090334656, 0.06954729156159521, 0.08138015589659217, 0.08072009587531878, 0.08333333333333333, 0.08250159764613192, 0.08114216946480264, 0.07502880251323826, 0.071229680439754, 0.07065289608155857, 0.0811562970752081], [0.07393544201705116, 0.07566377535062901, 0.0737565023805357, 0.0698828790657505, 0.0818638900650863, 0.08054881069808394, 0.0831787397239023, 0.08211036448976014, 0.08093439735919959, 0.07500317077504542, 0.07146321027547571, 0.07089643157367141, 0.08076238622580868], [0.07405547717893676, 0.07558452437458103, 0.07374662540467117, 0.0698851293318716, 0.08206270733013864, 0.08031254154001659, 0.08333333333333334, 0.08194422831724434, 0.08070346628800043, 0.07498878601764092, 0.07144548283696513, 0.0709362483011617, 0.08100144974543849], [0.07411482479739981, 0.07562365734736494, 0.07376835491232125, 0.0698143473147619, 0.0818828696347802, 0.08036234768631668, 0.08304861404034691, 0.08206119250650332, 0.0807647028336537, 0.07503985387270991, 0.07140668913711046, 0.07090346049438681, 0.08120908542234441], [0.07407813353499342, 0.0756778974263103, 0.07373492088790783, 0.06956703250309776, 0.08162097116328942, 0.08054496115798832, 0.08299036543459042, 0.08232831677002993, 0.08096631079082103, 0.07507509503156272, 0.07124414022006564, 0.07071476212989852, 0.08145709294944485], [0.07418615658941043, 0.07564069914340729, 0.07377317349302351, 0.06970100503126248, 0.08191152018350112, 0.0803512567737778, 0.08281294767326605, 0.08209527885492651, 0.08076301527785094, 0.07508173330310897, 0.07133229285659483, 0.07084424370745163, 0.0815066771124183], [0.07402259886345373, 0.07562249954389716, 0.07377788107226982, 0.06997484454717505, 0.08211664902107577, 0.0803721807502316, 0.08310566156815899, 0.0819337436762755, 0.08075275277123828, 0.0750016554920867, 0.07151938850279194, 0.0709897366112983, 0.08081040758004725], [0.07416976439099685, 0.0755796536341531, 0.07378249208398845, 0.06991944611258781, 0.0820689586224223, 0.08020281126454383, 0.08308940403804117, 0.08186055825703692, 0.08059585652871046, 0.07502432632979607, 0.07147110605996082, 0.07099635877961617, 0.08123926389814609], [0.07423330735536617, 0.07558534249601695, 0.07379042379740905, 0.06986084413668542, 0.08216721592094436, 0.08017466290549384, 0.0828624489563727, 0.08186765169509858, 0.08057409258876148, 0.07505281342177632, 0.07143241584833056, 0.07097399573876162, 0.08142478513898303], [0.07348263318603884, 0.07599192434856011, 0.0737118972885147, 0.06941516316821758, 0.08155283866637277, 0.08167183474083807, 0.08251873598496114, 0.08262129722126131, 0.08207580059135718, 0.07509156455579624, 0.0712109222625189, 0.07042274175042702, 0.08023264623513598], [0.07353610254842799, 0.0759428721088183, 0.07367781050133543, 0.06931710920368371, 0.08129221960647649, 0.08158468492116787, 0.08269681926132882, 0.08288762574090505, 0.08201907747091064, 0.07507948907038027, 0.0711272712097433, 0.07036948481317487, 0.08046943354364706], [0.07367173299576786, 0.07590571030676756, 0.07367281588444818, 0.06921729591840489, 0.08082510235325786, 0.08141040886099953, 0.08273585520959632, 0.08333333333333333, 0.08186429942558147, 0.07510642340587464, 0.07104730502085406, 0.07034010762057746, 0.08086960966453671], [0.07391886971225851, 0.07606326696274936, 0.07383902306348687, 0.06927138997441483, 0.08036277612572035, 0.08137496542279822, 0.08230153343972414, 0.08295722363650719, 0.08181527357337488, 0.07530898340585336, 0.07113357748560235, 0.07045462163317674, 0.08119849556433294], [0.07398179472283781, 0.07649852695685762, 0.07409313477198315, 0.06924898138574653, 0.07968283779625174, 0.08182068607363953, 0.08142326649883766, 0.08294590390516449, 0.08216315614896355, 0.07565155835564247, 0.07123690734562259, 0.07046194415721611, 0.08079130188123676], [0.07369348854429805, 0.07667439528207884, 0.07410571572968704, 0.06923259136362211, 0.07985490071260622, 0.08249057410013766, 0.08112342220109067, 0.08270595774336585, 0.08274536345270861, 0.07566891319175184, 0.07126759381024965, 0.07036566734682652, 0.0800714165215769], [0.07333570642223819, 0.07650796198347064, 0.07389498118183707, 0.06913964951334045, 0.08038397430548669, 0.08284189601411562, 0.08121135771850363, 0.08293595878621049, 0.08333333333333333, 0.0754188229926708, 0.07114463646984844, 0.0701813000347209, 0.07967042124422367], [0.07330784185994503, 0.07632148294090836, 0.07381684455175357, 0.06928909860155029, 0.0810366452848255, 0.08246159786090729, 0.08161723947865614, 0.08287411578102685, 0.08281374935732823, 0.07526851740483155, 0.07120076374416678, 0.070274363514974, 0.07971773961912644], [0.0734395314261131, 0.07608997261688213, 0.07374618391754538, 0.06938203306898737, 0.0814390949691499, 0.08190156499098436, 0.08227096458683478, 0.08257689510357283, 0.08230401379762126, 0.07514723306907796, 0.07121117141668035, 0.07038417853929925, 0.08010716249725128], [0.07351276654664844, 0.07601210378513885, 0.07370462747752003, 0.06929509044864686, 0.08122999060110801, 0.08174040961402487, 0.08251759633253307, 0.08281747905679902, 0.08217960621047025, 0.0751213821065728, 0.07113005458786052, 0.07034697865420356, 0.08039191457847392], [0.07360813136641424, 0.07601092947468625, 0.07370802432029913, 0.06919392034395984, 0.08083405116830938, 0.08166692201352746, 0.08250025868187906, 0.08315243092444102, 0.08212767021287606, 0.07515976919159245, 0.07105809452867172, 0.07030442356915542, 0.080675374204188], [0.0736725250103725, 0.07601731179148101, 0.07372282468397265, 0.06916351105942557, 0.0806330233143299, 0.08160311408233611, 0.08243530715936957, 0.08333333333333333, 0.08206323531708239, 0.07518960349441829, 0.07103906332326819, 0.07030259578305391, 0.08082455164755657], [0.07368283423927768, 0.07614378474388346, 0.07378731148961576, 0.06912560546182414, 0.08041188522720748, 0.0817892131352319, 0.08212080184812573, 0.08333333333333333, 0.08224545029560099, 0.0752867187620026, 0.07104642252624813, 0.07027973944526239, 0.08074689949238639], [0.07345110600740166, 0.07618148347217787, 0.07375784214328765, 0.0691873426082506, 0.08090742245728093, 0.08213522202356749, 0.0820434771575887, 0.0829546359764385, 0.08259834386895468, 0.07522472724680246, 0.07109794854556155, 0.07025296452406195, 0.08020748396862594], [0.07338334608910681, 0.07631793355946537, 0.07379034941075602, 0.06907490109749836, 0.08056306745882336, 0.08245706874235814, 0