[[0.07330199610444249, 0.07163298168398814, 0.07491009333696878, 0.08274530840785599, 0.07562344330097663, 0.07953259970379468, 0.07061009337435334, 0.07480568076835567, 0.08073751118793238, 0.08162999461417074, 0.08093269753593885, 0.08187170796529639, 0.07166589201592591], [0.07340059502589803, 0.07168973651714987, 0.07485473307233159, 0.08288685772412463, 0.07557868540074261, 0.07957981453928838, 0.07072014249081082, 0.0748014641292791, 0.08054403192602914, 0.08145401840836633, 0.0807904979593041, 0.08193925502590058, 0.07176016778077492], [0.07354799685873724, 0.07179982005370152, 0.07482143119298493, 0.08282249008200693, 0.07555229352027013, 0.07971980462192539, 0.0708957087742055, 0.07482486027638346, 0.08031943867393097, 0.08123071292547114, 0.08061174579259787, 0.08194158035617836, 0.07191211687160658], [0.07364162987295636, 0.07183848151708115, 0.0747610670007316, 0.0829596395321309, 0.07551135697269955, 0.07984519975042935, 0.07098473076329959, 0.07482185463301239, 0.08014843954934772, 0.08107545300456749, 0.08048384363310179, 0.08193630395771406, 0.07199199981292789], [0.07378640161332527, 0.07193757682468986, 0.07472931628994443, 0.08290234436077573, 0.07549285261763085, 0.07996684611990809, 0.07114581670122765, 0.07485014464588904, 0.07994788853283802, 0.0809362133443197, 0.08031896169471246, 0.08185077926236953, 0.07213485799236936], [0.07386248192063907, 0.07195071607912211, 0.07467233979917862, 0.08294470339227267, 0.07546219333719902, 0.0800837991663266, 0.07119875190739428, 0.07484936449116153, 0.07982609082894364, 0.08087494087620065, 0.08023336693162811, 0.08185370637815781, 0.072187544891776], [0.07391192627485285, 0.0718506901838506, 0.07451262468031687, 0.08333333333333333, 0.07537148252417353, 0.08031451902285706, 0.07114869639541968, 0.07479635719488241, 0.07966652948741064, 0.08083718912336983, 0.0801471310484445, 0.08194863779165439, 0.07216088293943429], [0.07406081989678272, 0.07187603601961501, 0.07444290547598206, 0.08304942671449642, 0.07535780776784118, 0.08055113026277913, 0.07123356469308642, 0.07482859913585668, 0.07951524359927307, 0.0807695494580534, 0.08005355269083142, 0.08200539402095068, 0.0722559702644519], [0.0740866222762079, 0.07172500834789301, 0.0742767491531535, 0.08333333333333334, 0.07527784907687274, 0.08083114288093074, 0.07111697383647761, 0.07477683998049342, 0.07941042203614622, 0.08077205531139742, 0.08001832779652386, 0.08219401456695648, 0.07218066140361384], [0.07424865463924445, 0.07167057493884364, 0.07415262957234035, 0.08307914100044371, 0.07525844668036695, 0.08123059686933964, 0.0711239547515989, 0.07480912599826398, 0.07927626329145503, 0.08071013870375322, 0.07993820223430233, 0.0822736051874602, 0.07222866613258751], [0.0743755296785523, 0.07154779037142858, 0.07399080399715545, 0.08333333333333334, 0.07521976196492368, 0.08167087023097802, 0.07105289617135696, 0.07482068733783331, 0.0791326618304306, 0.08061989663273031, 0.07984690491395581, 0.08217381654508717, 0.07221504699223458], [0.07459832177779445, 0.0716218909361193, 0.07395967753576932, 0.08310011101014014, 0.07525603330523405, 0.08201989786225623, 0.07119057183776643, 0.07493180507145675, 0.07896337409686159, 0.08042987112476153, 0.07968921139028436, 0.08186907283475381, 0.07237016121680201], [0.07469035184161896, 0.07150255493990311, 0.07386754145510235, 0.08308798294260233, 0.07527853936473149, 0.08249418899579501, 0.07108497741816233, 0.07499156615339435, 0.07892451873696336, 0.08040026937108853, 0.07968577595906669, 0.08166203253315317, 0.07232970028841819], [0.0747580782324307, 0.07142128888615101, 0.07381764434843024, 0.08309156824555729, 0.07531376503890805, 0.0828236730022818, 0.07100635038305776, 0.07504933025339859, 0.07890717380143121, 0.08036974034685844, 0.07968850197903427, 0.0814518081724501, 0.07230107731001051], [0.07482800993042087, 0.07135059511759002, 0.07383396587420256, 0.0825525771474202, 0.07542760224991706, 0.08314400519799463, 0.07090961753395161, 0.07516354198520304, 0.07900721448123535, 0.0804488202661878, 0.07979521827458896, 0.0812708597800311, 0.07226797216125681], [0.07481668420667728, 0.07127528641464796, 0.07387908568457711, 0.08208566163877198, 0.07553801000636114, 0.08305410517681928, 0.07078490355611865, 0.07524317392620265, 0.07922948748555461, 0.08065039605083399, 0.07996236903102835, 0.08128708975770164, 0.07219374706470516], [0.07483587894024545, 0.07124172036209063, 0.07399034724353629, 0.08147725398244919, 0.07572527730377099, 0.08274938568616316, 0.07068662174918953, 0.07538874215273599, 0.07953042499087153, 0.08087465410165978, 0.08015575355887362, 0.08119146231533571, 0.07215247761307807], [0.07462774765459536, 0.07103631415592468, 0.07404363392974525, 0.08079315904850144, 0.07584409509146967, 0.08333333333333334, 0.07036447567257502, 0.07540468130197, 0.07991512612485784, 0.081190613510675, 0.08044801829445739, 0.08110107611071003, 0.07189772577118504], [0.07325712678733186, 0.07173858576983176, 0.07508466420562225, 0.08261911339109035, 0.07572813017376503, 0.07933684426339696, 0.07066175647801286, 0.0748688784248953, 0.08086382440569038, 0.08164160910973957, 0.08093142763909585, 0.0815710010483105, 0.07169703830321739], [0.07334218774860612, 0.07175470439557502, 0.07497478708305122, 0.08296694731095812, 0.07563874999613845, 0.07940542403680606, 0.07074149813592447, 0.07482948147238568, 0.0806297954681443, 0.08146504749829633, 0.08078114229807377, 0.08170630831702044, 0.07176392623902], [0.07340743373249499, 0.07178652788503945, 0.07492807399036096, 0.08310558607360734, 0.07560188907568438, 0.07943725192166516, 0.07081139210079881, 0.07482141615053553, 0.08049407096295992, 0.08134779735663815, 0.08068487474994376, 0.08174991991233758, 0.07182376608793392], [0.0735714776610171, 0.07184501964883809, 0.07483495485536759, 0.08292545313000137, 0.07555144146867458, 0.07969239398007164, 0.07095037834598102, 0.07483138534033387, 0.08026426354388179, 0.08115983965256217, 0.08054690169416161, 0.0818723707341361, 0.07195411994497306], [0.07342946837726039, 0.07176952111205546, 0.07489214545689218, 0.0830453704222228, 0.07558488782887965, 0.07951229512104958, 0.07080883755544709, 0.07481501144499436, 0.08046677850698003, 0.08134252179485021, 0.08068671997787251, 0.08181998272857152, 0.07182645967292421], [0.07369160652015706, 0.07190690573070635, 0.07477332733524696, 0.08306093111325631, 0.0755092552277263, 0.07982832820801894, 0.0710733813386268, 0.07483518405943672, 0.0800579944089863, 0.08097381356345738, 0.08038741369691353, 0.08183856522691627, 0.07206329357055102], [0.07380517551717698, 0.07200709230340423, 0.07476878571456265, 0.08303735664614406, 0.07550380113262845, 0.07988160175311206, 0.07121930142091484, 0.07486428255232039, 0.0799018378786846, 0.080842910729334, 0.08024707989925933, 0.08173180998745426, 0.072188964465004], [0.07388683198672294, 0.07197352655919961, 0.07467045693911802, 0.08297686100529936, 0.07545909532249967, 0.08008832114427503, 0.07123213982671209, 0.07485421722437394, 0.07978662066808603, 0.08083640729622417, 0.08019532177238163, 0.08182445566732928, 0.07221574458777824], [0.07398909688019223, 0.07201498171069423, 0.07459949101922068, 0.08333333333333333, 0.07540901672449268, 0.0801746671112278, 0.07133098278271445, 0.07484709080955476, 0.07957926514583238, 0.08067256641895174, 0.0800182033212397, 0.08172710331715378, 0.07230420142539225], [0.07412419472901904, 0.07200439524447208, 0.07450225485595101, 0.08312845591078602, 0.0753791681014455, 0.08043239776478704, 0.07138050634509491, 0.0748631421829023, 0.07943257560279006, 0.08062773219423658, 0.07993887727459227, 0.08181518295987186, 0.07237111683405131], [0.07414306633686103, 0.07188442844910298, 0.0743718934132161, 0.08333333333333336, 0.07531627756617246, 0.08064819965643201, 0.07128737269866439, 0.07482172223007037, 0.07935479494642904, 0.08064069699101112, 0.07991983558635651, 0.08196787914649377, 0.07231049964585708], [0.074231528070367, 0.07184533924039932, 0.07429777050285027, 0.08309056897296538, 0.07530425621579453, 0.08088193830899638, 0.07128259193779923, 0.07483786146735744, 0.07929023315551452, 0.08063606635124826, 0.07989590667474857, 0.08207507168401704, 0.07233086741794198], [0.07431366371078629, 0.0717935220144628, 0.07420647240537355, 0.08312803898277249, 0.07527681016233105, 0.08110532094833858, 0.0712676352071831, 0.07484118689785861, 0.07919918628540307, 0.08058810211882783, 0.07983687875640819, 0.08210136396823503, 0.07234181854201942], [0.07435613295881108, 0.07175155072785416, 0.07413952946072362, 0.08333333333333334, 0.07524934839779157, 0.08123054147891072, 0.07124885414403882, 0.07483330597860863, 0.07912743227294719, 0.0805365834740863, 0.07978255887711928, 0.08207148536466079, 0.07233934353111456], [0.07445265074940714, 0.07174521015387869, 0.07408559325674216, 0.08333333333333333, 0.07524313597966298, 0.0814352682853137, 0.07127732420654685, 0.0748588258701948, 0.07903463372608587, 0.080456582404922, 0.07970716968593332, 0.08198581297771738, 0.07238445937026178], [0.07454090311841086, 0.07171266956859615, 0.07404010999721088, 0.08307596076663809, 0.07525918963420197, 0.08170618001901742, 0.07126638892953449, 0.07490633052599673, 0.07900020259850773, 0.0804437309966125, 0.07969706101343155, 0.08194788565825406, 0.07240338717358738], [0.07481175554273538, 0.07179187383016801, 0.07398162483195926, 0.08303667569884883, 0.07528508339422224, 0.08209566104933462, 0.07142893260964318, 0.0750294827943029, 0.07876093520522814, 0.08017454792443487, 0.07946929208441014, 0.08154641363914306, 0.07258772139556946], [0.07487637624992467, 0.0716716907411597, 0.07389586485510226, 0.08303144048595511, 0.07529888891574674, 0.08251716774882911, 0.07131615908276559, 0.07507186017862674, 0.07873759897477617, 0.0801629375012916, 0.07947651176107479, 0.0814094133425991, 0.07253409016214842], [0.07455386759228351, 0.07154582876152593, 0.07393465143055512, 0.08309568224880849, 0.07525322587865274, 0.0820825556251823, 0.0710967072734196, 0.07491578105072116, 0.07902082324676098, 0.08050835954448904, 0.07976057918081175, 0.08193547817023822, 0.07229645999655114], [0.07495563602752883, 0.07161942723240923, 0.0738450436763921, 0.08308779541158978, 0.07531737866352615, 0.08281252033343946, 0.07127793244331669, 0.07512059199934322, 0.07868171472036514, 0.08009342306919359, 0.07943384369771674, 0.0812211533104887, 0.07253353941469028], [0.07505743145246958, 0.07153863880383698, 0.07381723657942807, 0.08269509637124571, 0.0753985076046111, 0.08333333333333333, 0.07119136490001983, 0.07522538938918208, 0.07872639876216636, 0.08008867383920318, 0.07945708982434345, 0.08095752072269051, 0.0725133184174698], [0.07508475648534839, 0.07151381607206715, 0.07386930853365356, 0.08242302581457468, 0.0754986542046345, 0.08299661816910009, 0.07113500188539558, 0.07530936415847189, 0.07889157223765984, 0.0802386471211086, 0.07958328408851637, 0.08096313664599546, 0.07249281458347367], [0.075051423165142, 0.0713744760044694, 0.07387576628540256, 0.08189840841054315, 0.07559706846232087, 0.08333333333333331, 0.07093891236117039, 0.07537794462477872, 0.07911318734964334, 0.08041958643255626, 0.07972599359940423, 0.08092835718569477, 0.07236554278554079], [0.075167065166492, 0.07141074291139884, 0.07398267678094382, 0.0813830676352672, 0.07578125359126218, 0.08304236905578735, 0.07094375169576148, 0.0755581125167789, 0.07929933381297996, 0.08049059884265505, 0.07978158915670329, 0.08074140539103956, 0.07241803344293035], [0.07497043833733741, 0.07127126358009403, 0.07405512919560503, 0.08101381912516012, 0.07587572527692991, 0.08294019932349109, 0.07070356930555341, 0.07555490797953128, 0.07963151680232347, 0.08081681962042342, 0.08009211682624774, 0.08085853359581181, 0.07221596103149132], [0.07331405977122825, 0.0718732843298483, 0.07515228359367704, 0.08274819268667885, 0.07575399894078926, 0.0792258217704865, 0.07081045935742843, 0.0749008605949792, 0.08073836929702428, 0.08146374010426002, 0.08077377326157872, 0.08143390794290008, 0.071811248349121], [0.07344100177984149, 0.07189586754453979, 0.07498583517348652, 0.08333333333333334, 0.07561487263907309, 0.07932820093128501, 0.07092890075637089, 0.07484182810561087, 0.0803946339594172, 0.08119927253534363, 0.08054777753556812, 0.0815776366340796, 0.0719108390720505], [0.07339070247021294, 0.07188102883652206, 0.07504191747215315, 0.08311942703587974, 0.07565937403843043, 0.07928862021748705, 0.07087868824328204, 0.07485977966072455, 0.08052313091313514, 0.08130632830322679, 0.08063770910321016, 0.08154479303564927, 0.07186850067008675], [0.07349208818018073, 0.07187321522488059, 0.07492491755348953, 0.08313483615100017, 0.07558991664830429, 0.07947637066004586, 0.07093473133848668, 0.07483756255700423, 0.08035022529710457, 0.08119622158409145, 0.08055687607950889, 0.08170700782927513, 0.07192603089662787], [0.07360487171478625, 0.0720218258167102, 0.07497180674337649, 0.08299466136278585, 0.07561115589299547, 0.07947122671765373, 0.07111894907207934, 0.0748865623933648, 0.08020883241889869, 0.08102702071798144, 0.08041214258656659, 0.08159231612448281, 0.07207862843831826], [0.0736811032278907, 0.07200356878669935, 0.07485452084319867, 0.08333333333333334, 0.07553342745852813, 0.07963870158002961, 0.0711582024500946, 0.07485126131445477, 0.08002414509615291, 0.08087499357012216, 0.08029419692339805, 0.08163442383608857, 0.07211812158000928], [0.07360580286455946, 0.07195767713728729, 0.07490179453187597, 0.0830605584093134, 0.07557374824531224, 0.07957497253685292, 0.07106858190293179, 0.07485873626796129, 0.08019002853411886, 0.08104060522363567, 0.08043196126337361, 0.08169288389683715, 0.07204264918594029], [0.073833088568995, 0.0721113689453153, 0.07483673195954038, 0.08312902486783945, 0.07553031200116395, 0.07975850023909449, 0.07132558215579461, 0.07489286790305202, 0.0798530525063369, 0.08072503903910885, 0.08016071821510318, 0.08157536829880714, 0.07226834529984875], [0.07388492638932548, 0.0721243255104266, 0.07478824091023326, 0.08333333333333333, 0.07549644091093441, 0.07981818065981389, 0.0713709128945849, 0.07488301548469378, 0.07974018842391047, 0.08065226434702871, 0.08007173700191714, 0.0815271835775846, 0.07230925055621343], [0.07395175788742389, 0.07213930779218025, 0.07475699218295444, 0.08315371591640824, 0.07548879213515369, 0.07992010765525748, 0.07141396789811812, 0.07489622151920164, 0.07967818458452854, 0.08063888775057645, 0.08003903622176695, 0.08156815585852374, 0.07235487259790654], [0.07405495455615807, 0.07219000542214195, 0.0747176872832104, 0.08315696505506495, 0.07546981481422366, 0.08000972707903994, 0.07151120341385994, 0.07491195738945039, 0.07953791167377251, 0.08054172250414568, 0.07992763262470491, 0.08152538370511253, 0.0724450344791149], [0.07415580303278732, 0.07214616047738964, 0.0746027331383818, 0.08313511246612133, 0.07542214944844114, 0.0802466453964957, 0.07152148075768636, 0.07490486128011699, 0.07940631341675815, 0.08051616844868631, 0.0798630813186821, 0.0816040576923186, 0.07247543312613462], [0.07417660861287653, 0.07208995658913567, 0.07452374221979188, 0.08333333333333334, 0.0753788737291452, 0.08035373977993132, 0.07148775967275692, 0.0748786230150333, 0.07933572683847051, 0.08049570007148532, 0.07982475787887697, 0.08166550633844996, 0.07245567192071314], [0.07420497258617498, 0.07207090021538608, 0.07449551947019745, 0.08320603279348876, 0.07537399178206612, 0.08044084441818863, 0.07148018232892366, 0.074882790334285, 0.07931888523070174, 0.08051080232579333, 0.079828743650305, 0.08172823513406673, 0.07245809973042254], [0.07428839640921532, 0.07203580344928076, 0.0744135704751787, 0.08314063448400502, 0.0753476819625407, 0.08063455629154098, 0.07148375574877974, 0.07488680013428659, 0.07922147961881656, 0.08048061239130794, 0.07977911902385493, 0.08180622585710337, 0.07248136415408915], [0.07433547046302547, 0.07195175024549418, 0.07430331199127192, 0.08333333333333333, 0.07529967403586653, 0.08083192014404636, 0.0714314593726053, 0.07486459762909092, 0.07913874878703794, 0.08045196586375812, 0.07973190870810361, 0.08186930473357733, 0.07245655469278901], [0.07443281700678, 0.07195718642366965, 0.07426802691142709, 0.0830692305867496, 0.07530811230045403, 0.08100778544734367, 0.07146770928981304, 0.07489847872082843, 0.07908307911738555, 0.08042183954183964, 0.07969695496203526, 0.08188086626080754, 0.07250791343086636], [0.07457760790317741, 0.07193619751347781, 0.07415625298852585, 0.08333333333333333, 0.07527019239007789, 0.08130377743553811, 0.07150996711117603, 0.07491947249077985, 0.07889643223241052, 0.08025725032797813, 0.07953728238338643, 0.08172906515124946, 0.07257316873888911], [0.0747340246710209, 0.07195520343063028, 0.07409452961774743, 0.08333333333333333, 0.07527002268497689, 0.08155476369739939, 0.07158262873447753, 0.0749808945858874, 0.07875155139655952, 0.08011563912125091, 0.07940944949881745, 0.08155337977997619, 0.07266457944792269], [0.07486459370872578, 0.07188491510265697, 0.07402574436682638, 0.08290445247320805, 0.07530449730475951, 0.08200293841223062, 0.07153744670851878, 0.07505939009150296, 0.07872244660645733, 0.0801143094347073, 0.07941675629255891, 0.08148782808540414, 0.07267468141244336], [0.0747247702059987, 0.07183429679126588, 0.07404630597810605, 0.08295475170914379, 0.07528647212996734, 0.08183821555159976, 0.07144510859814555, 0.07499321875366062, 0.0788391848422201, 0.0802486208481232, 0.0795298616481992, 0.08168557772227064, 0.07257361522129918], [0.07460595270356032, 0.07186614552804006, 0.07409377069777527, 0.08333333333333333, 0.07525747829550582, 0.08149845250309237, 0.07145063837816688, 0.07492488870756595, 0.07887717035328051, 0.08026554816924855, 0.07954021297694935, 0.08174488430206944, 0.07254152405141208], [0.07448176331522577, 0.0718942089169308, 0.07419045814279311, 0.08312053909115998, 0.07528490654913994, 0.081219668342412, 0.07142753535958846, 0.07489542151693951, 0.07902860211683575, 0.08040085738910766, 0.07966806181356405, 0.08189435036687304, 0.07249362707943005], [0.07470570556855641, 0.07185145961048982, 0.07405878785126391, 0.08304621324442948, 0.07527967779235976, 0.08175339641377827, 0.07145965026940183, 0.07498023950878804, 0.07883773754762607, 0.08024035141572429, 0.07952089666273116, 0.08168870576480473, 0.07257717835004618], [0.07458631289701873, 0.07169490835777131, 0.07401405156684703, 0.08301050581485624, 0.0752650420120677, 0.08184566070712763, 0.07126039260501531, 0.07492940007410907, 0.07897404584630627, 0.08042418179460253, 0.07968190593272442, 0.08190083220468238, 0.07241276018687146], [0.07491276177290829, 0.0718095101797366, 0.07396127809978385, 0.08297014946878348, 0.07530390803233607, 0.08226093670794925, 0.07147282240118298, 0.07508235971527924, 0.078688272032662, 0.08008990879517806, 0.07940232117276785, 0.08139935548480495, 0.07264641613662744], [0.07498901997198011, 0.0717627389515341, 0.07391615052957731, 0.08293123212240532, 0.07532288976035259, 0.08252925446911022, 0.0714396017256309, 0.07512911714993013, 0.07864726937157962, 0.08004501700909473, 0.07937646043851025, 0.0812631203051382, 0.07264812819515652], [0.075066632345877, 0.07169169385887454, 0.0738626643974163, 0.0829386722864342, 0.0753498188857934, 0.08286244684898647, 0.07137714156257355, 0.07518420309314211, 0.0786083115777279, 0.07999348791770548, 0.07935387753164592, 0.08107896968102826, 0.07263208001279486], [0.0751485329366879, 0.0716728052909605, 0.07385274807428399, 0.0827557973245658, 0.07539665341269951, 0.08308246630860586, 0.07136377582691769, 0.07525217920141479, 0.07861253975701465, 0.07995081566528466, 0.07934047392694052, 0.08092055228510531, 0.07265065998951896], [0.07520620419977984, 0.07160533264380504, 0.07387602558703217, 0.08239195588746959, 0.0755083286719684, 0.08303333552202512, 0.07126581167093272, 0.0753602197580687, 0.0787900507917365, 0.08009618203628387, 0.07944736565213505, 0.08080626108599381, 0.0726129264927692], [0.07527944459185809, 0.071553666335972, 0.07391793662905044, 0.08187946819120395, 0.07564582250427312, 0.08305717710356156, 0.07117987323913487, 0.07549454980451976, 0.07897181585713622, 0.08020578347541818, 0.07952457710657714, 0.08069963948776632, 0.07259024567352819], [0.07530968456870338, 0.07152885536728941, 0.07397616481566813, 0.08151965082799938, 0.07576169373626622, 0.08295097548871629, 0.07111882151866888, 0.07559413680890918, 0.07913170882437866, 0.08030357505305158, 0.07960709223988166, 0.08062789185575979, 0.0725697488947075], [0.07523345429976445, 0.071401509838283, 0.0740122342117549, 0.08103438248807394, 0.07587263713185359, 0.08333333333333334, 0.07091956627369464, 0.07565605181481384, 0.07936704826715481, 0.0804575130248254, 0.07974445039704846, 0.08053755317959632, 0.07243026573980334], [0.07498643016741878, 0.07126941524586129, 0.07413029769281057, 0.08067061660160028, 0.0759934894641879, 0.08293130922985172, 0.07066437282423024, 0.07564898854703421, 0.07978243205807908, 0.08086565067038898, 0.08014374246758638, 0.08070673019512617, 0.07220652483582425], [0.07454250749301859, 0.07201638050050317, 0.07425094851040143, 0.08306391236703953, 0.07531007383317696, 0.08110674248681714, 0.07156673034302959, 0.07493141006812182, 0.07896922259353621, 0.08030052133872685, 0.07958620297194978, 0.08175203123530567, 0.07260331625837325], [0.0744527416361355, 0.07207831147996582, 0.07434569545852641, 0.08313143577333111, 0.07533210138733772, 0.08081646925279923, 0.07159189023291829, 0.0749222454608525, 0.07904677835249638, 0.08033167953370457, 0.07962911235052447, 0.08172515001674169, 0.07259638906466645], [0.07434797823601932, 0.07211183954585777, 0.07442451746553777, 0.08333333333333334, 0.07534518110272967, 0.08057313343562941, 0.07158482340834761, 0.07490249568616485, 0.07912321022571837, 0.08035632476629227, 0.07966965188464571, 0.08166375577670558, 0.07256375513301838], [0.0743350486255139, 0.07217566958496288, 0.07449797279177336, 0.08314723211983235, 0.07538226650510019, 0.08046543592401965, 0.07163206033252245, 0.074926454761203, 0.07917478814540221, 0.08036447267046772, 0.07969189268135089, 0.08161278388118884, 0.07259392197666276], [0.07426910926612772, 0.07222452097280274, 0.07458607094107204, 0.08313943527538839, 0.07541652454479096, 0.08028833513631792, 0.0716455619481001, 0.07493348215567303, 0.07926260909124282, 0.08038426441848104, 0.07973339599344209, 0.08152940145401989, 0.07258728880254126], [0.07416427003880476, 0.07227989891910089, 0.07471561893074569, 0.08311408197991557, 0.07547190174378318, 0.080041625743814, 0.07164283182227171, 0.07494525513136896, 0.07940791298182429, 0.08042270474799736, 0.07980918708227434, 0.08142350470596843, 0.07256120617213066], [0.07408416452232279, 0.07226516751973448, 0.07474976973137458, 0.08333333333333333, 0.07547581945765831, 0.07992110424868532, 0.07159659263655511, 0.07492571919236286, 0.07947090627434483, 0.08043569947044056, 0.07984013444822023, 0.08139212449325725, 0.07250946467171022], [0.07453804048880953, 0.07146038227564563, 0.07390556850929723, 0.08298784219278599, 0.07526852069830947, 0.08222726209657683, 0.07099537444844663, 0.07492446607080824, 0.07908155557766605, 0.08058990862224386, 0.07984220400393692, 0.08195136882828553, 0.07222750618718793], [0.0747778428112816, 0.07148533563458263, 0.07381424068668573, 0.08333333333333334, 0.07527486062033921, 0.08271933517481618, 0.07109559537150237, 0.07502640000685971, 0.07881584113276655, 0.08027078132542505, 0.07958206345218374, 0.08144298977380045, 0.07236138067642353], [0.07495707891290537, 0.07150469946641307, 0.07381744616413094, 0.08287441103742296, 0.0753663817078415, 0.08315183394599784, 0.07113677194519173, 0.07516325410301382, 0.07875694815986212, 0.08016460331702364, 0.0795308017727673, 0.08112915833431238, 0.07244661113311734], [0.0740100640742342, 0.07224102206226, 0.07478895394068256, 0.08333333333333334, 0.07549404089875919, 0.07984059449164009, 0.07153736665963725, 0.07491796142834196, 0.07957011719046996, 0.08049438557733772, 0.07991307167204156, 0.08140707452330333, 0.07245201414795886], [0.07396058145153428, 0.07224990580278136, 0.0748537185565336, 0.08315771242808949, 0.07553389881078451, 0.07975691049622305, 0.07151269930101811, 0.07493318543015506, 0.07967573799253919, 0.08054876928492356, 0.07998771264969876, 0.08140347459245174, 0.07242569320326707], [0.0738806060322637, 0.07223459070206696, 0.07491784267882602, 0.08305150744333072, 0.07557097755302192, 0.07964904543292967, 0.07145300142035482, 0.07493756965702296, 0.07980757229378387, 0.0806205485304711, 0.08008062455544172, 0.08142805246303031, 0.07236806123745619], [0.07375731889598643, 0.07217519263829111, 0.07494964879401943, 0.08333333333333334, 0.075575034420465, 0.07950446360607974, 0.07134471193057519, 0.07490547571708482, 0.07991795537583388, 0.08071551622961794, 0.08014616609820377, 0.08141081186063885, 0.07226437109987065], [0.07369767982761011, 0.07217200566211539, 0.07502425974812543, 0.08306452902560629, 0.07562717422193536, 0.07940885966307701, 0.07129929341936408, 0.07492653363456112, 0.0800579101095313, 0.08083759739613196, 0.08024489817839253, 0.08141621450507316, 0.07222304460847631], [0.07366511413228796, 0.07215702708255269, 0.07505233520966847, 0.08293255448959473, 0.07564976053373258, 0.07937485173695995, 0.07126341010818407, 0.07493352990641738, 0.08013419366283023, 0.08090862721496829, 0.08030436487451624, 0.08143148349848273, 0.07219274754980463], [0.07358092351670906, 0.0720965394036368, 0.07506812697896713, 0.0830480923555539, 0.07565824754009577, 0.07930101403398516, 0.07116738580860839, 0.07491532545665476, 0.08023881188377163, 0.08100420323646024, 0.08038080767692901, 0.0814323951030279, 0.07210812700560022], [0.07350282272494231, 0.07204674290302496, 0.07509418359789452, 0.08312789924931852, 0.07567497599578106, 0.07921910255284217, 0.07108145558775292, 0.07490494447320595, 0.08034734888838815, 0.08109734164808077, 0.08045619736976381, 0.08141445992391166, 0.07203252508509336], [0.07344436287011892, 0.07206424359364412, 0.07519123011705516, 0.08294070359516165, 0.07574939215002137, 0.07912950369120011, 0.0710528304260512, 0.0749356978432773, 0.08048251432130675, 0.08117596039082295, 0.08052093285565569, 0.08130862693898754, 0.0720040012066974], [0.0733832297611674, 0.07205972963746979, 0.07527654216817536, 0.08269995181168976, 0.07582183354673197, 0.0790737816531875, 0.0710015247441952, 0.07496500704915475, 0.08065562399065308, 0.08127427889954857, 0.08060835644581864, 0.0812201712741502, 0.07195996901805783], [0.07339069830584628, 0.07196623996945332, 0.07514624923074238, 0.08295144864638321, 0.07572871610315376, 0.07918897574331722, 0.0709410472044575, 0.07490624785015347, 0.08056304139067805, 0.08128715167118956, 0.08061818766804851, 0.08139707080625, 0.07191492541032678], [0.07482337695954747, 0.07170055743522034, 0.07392247967147367, 0.0830990983663807, 0.07528209772075027, 0.08232562430486864, 0.0713366158013986, 0.07503703153844762, 0.07876064985563767, 0.08018900118002881, 0.07948904392216392, 0.08150349913517195, 0.07253092410891031], [0.07466267952398495, 0.07158574815000024, 0.0738987539549495, 0.08333333333333333, 0.07524326483628248, 0.08222017807968997, 0.07117800189545075, 0.07495133416683643, 0.07887776932010185, 0.08034104539632546, 0.07961496897827103, 0.08171356333519558, 0.07237935902957837], [0.07473341976073344, 0.07134027368409668, 0.0738305083769777, 0.08275014862254787, 0.07537541669025506, 0.08299007732978146, 0.0708891752677396, 0.07508771061297725, 0.07903352953002478, 0.08049585860389886, 0.07983327882708649, 0.08141726103790582, 0.0722233416559749], [0.0746426167618218, 0.07140608939407715, 0.07384645184449923, 0.083045972922002, 0.07529430862863529, 0.08257712290532278, 0.07096138708606173, 0.07498877150051103, 0.07901224097430433, 0.08050566337691573, 0.07979212549720277, 0.08168984563411928, 0.07223740347452706], [0.07433931853690906, 0.0716127078390017, 0.07406445552551061, 0.08310551172981608, 0.0752433177199691, 0.08149958644136897, 0.07109996397011249, 0.07482457821865117, 0.07919166098360181, 0.08065995137413803, 0.07988571785004896, 0.08223597674950203, 0.0722372530613697], [0.07447282180731359, 0.07150756819408217, 0.0739549161669838, 0.08295558352450921, 0.0752585546720176, 0.08198852258753432, 0.07102785053349091, 0.07488833079037574, 0.07912451033108056, 0.08063053628800089, 0.07986724434554118, 0.08209431322143473, 0.07222924753763524], [0.07473930913702745, 0.0712534025215314, 0.07382152101065817, 0.08237940935027707, 0.07543413661477534, 0.08333333333333333, 0.07077655190627175, 0.07513842840338233, 0.07911377527726028, 0.08057865694875974, 0.07991045559482424, 0.08136356832827578, 0.07215745157362304], [0.07476316462904548, 0.07122532723096718, 0.07393264903411663, 0.08179575077990243, 0.07561597909380408, 0.08284692776592414, 0.07068707673956756, 0.07528007770235316, 0.0794165199813404, 0.08083630935507086, 0.08013093225563993, 0.08134708191287815, 0.07212220351939001], [0.07524770170823523, 0.07142917255887717, 0.0741835893220857, 0.08051360284882984, 0.07609728006601797, 0.08283532346523578, 0.07087273185955292, 0.075825507452842, 0.07966568893499391, 0.08060808887747213, 0.07990225867919515, 0.08039406450590031, 0.07242498972076204], [0.07535086244163172, 0.0714789709052904, 0.07408645626305516, 0.08079729775226624, 0.07598295235039859, 0.08311996162361701, 0.07099603477718906, 0.07578131588734, 0.07940929470394963, 0.08040538337904699, 0.07969847907188721, 0.08036977924427618, 0.0725232116000518], [0.07343459003945885, 0.0710758223625224, 0.07436541502842606, 0.08131617845156515, 0.0754566997985588, 0.0806390349027661, 0.07015493487041358, 0.07472190665816386, 0.08066125078140564, 0.08224842935264824, 0.08136885439999719, 0.08316625487907073, 0.07139062847500324], [0.07347264934164101, 0.07121220090161152, 0.07441009896038364, 0.08170721392419387, 0.07543294790857095, 0.08051262244828761, 0.07031588374459284, 0.07471429995667934, 0.08052179763313375, 0.08196840300131239, 0.08114902021937671, 0.08307947727327655, 0.07150338468693984], [0.07356842420066757, 0.07126371798878493, 0.07436372282111398, 0.08192285790768819, 0.07539739681955056, 0.08065268959120939, 0.07041522531992435, 0.07471570697609885, 0.08033701668438811, 0.08181051510507499, 0.0809809622691367, 0.08298071446234194, 0.07159104985402037], [0.07364829321234202, 0.0713393063686498, 0.07434697950669784, 0.08215750254679843, 0.07537090821867497, 0.0807043437724628, 0.07053044706535987, 0.0747190602962885, 0.08017506052036077, 0.08162821552276957, 0.08081001689533973, 0.08288428863730371, 0.07168557743695206], [0.07374855729360238, 0.07130238110228973, 0.07423573236711155, 0.08224827507724557, 0.07532303598013133, 0.08098221997495639, 0.07054524478033515, 0.07471317031868388, 0.08000835693524011, 0.08154028873212289, 0.08069471638577501, 0.08293925394697828, 0.07171876710552773], [0.0738049821439062, 0.07121790830612504, 0.0741289608825511, 0.08216282044917995, 0.07528790545409295, 0.08124873133712013, 0.0704905017252306, 0.0747044917306666, 0.07992487160993046, 0.0815206940994435, 0.0806550722981863, 0.08315711540355042, 0.07169594456001681], [0.07381887966123685, 0.07108136880893651, 0.07407208419776254, 0.08189301282317372, 0.07532657512112888, 0.08151712609107624, 0.07033977657839117, 0.07473935666759209, 0.08003237943067193, 0.08171300599845735, 0.08082494858835784, 0.0830360419443645, 0.07160544408885033], [0.07363811644338782, 0.07088286355997288, 0.0741083506521137, 0.08122870170264512, 0.07541294667863889, 0.08133711749508547, 0.07004259747388362, 0.07475381808539805, 0.08042342847148494, 0.08219533520849562, 0.0812728405710083, 0.08333333333333333, 0.07137055032455226], [0.07344857719921997, 0.0708583122024933, 0.07422914174345925, 0.08084181749177477, 0.07546484450224315, 0.08106419826978542, 0.06993462015856908, 0.07473584442020628, 0.08073628620271235, 0.08253422300837678, 0.08156603153850434, 0.08333333333333331, 0.07125276992932181], [0.07341311805105655, 0.07095241533083291, 0.0743314546509563, 0.0808990437877358, 0.0754963813315444, 0.08085011584786173, 0.07000750473160339, 0.07474683224103647, 0.08081272159252888, 0.08253396221691213, 0.08159040218742969, 0.08307321536155972, 0.07129283266894197], [0.07349716288071934, 0.07101586827590553, 0.0742647353691108, 0.08130555428338034, 0.0754170089872383, 0.08085564057768899, 0.07012965432334729, 0.07471180310434652, 0.08054975798431421, 0.08222593176388836, 0.08130555428338034, 0.08333333333333334, 0.07138799483334676], [0.07346640792075289, 0.07109457143518778, 0.07432478826100503, 0.08149177576040328, 0.07541244130505738, 0.08067749224711399, 0.07020102763166028, 0.07469831604145413, 0.08053193482230216, 0.08210900418550997, 0.08123353869966732, 0.08333333333333334, 0.07142536835655253], [0.0736122342482328, 0.07112045163266734, 0.07421041223752542, 0.08178535179356475, 0.0753424874097176, 0.08098355459769149, 0.070303617943096, 0.07468921055863069, 0.08024986549284277, 0.0818657444778841, 0.08097773935860456, 0.08333333333333333, 0.07152599691620903], [0.07369823803267035, 0.07107224268404154, 0.0741805327295815, 0.08154417086435153, 0.07539400787892254, 0.0812434722616101, 0.0702650134586252, 0.07475371046880155, 0.08029203346280754, 0.0819896651920874, 0.08107715140490239, 0.0829605476297423, 0.07152921393185607], [0.07363610952610905, 0.07108031812767802, 0.07421024920919694, 0.08156378830150866, 0.07538657777344876, 0.08109227264407468, 0.07025470556856443, 0.07472952396472403, 0.08033519642725791, 0.08200899598857242, 0.08109840650927143, 0.08309917783084893, 0.0715046781287447], [0.07361713511028509, 0.07098938667441211, 0.07419933320493347, 0.08126830591102108, 0.0754307130703758, 0.08115474250418506, 0.07013888270303233, 0.07475835322864627, 0.08046711058861274, 0.08220934670077533, 0.08127523473348927, 0.08306310003918303, 0.07142835553104845], [0.07359698060410971, 0.07118211628366343, 0.07427637443593549, 0.08181096863536659, 0.07536826541147318, 0.080849525243185, 0.07035226885934676, 0.0747031631994497, 0.08028836595636218, 0.08185579040555234, 0.08098747587701573, 0.08317317209498228, 0.07155553299355752], [0.07374819693671669, 0.07119381065974718, 0.07416961819944727, 0.08202062451924617, 0.07532083510524117, 0.0811708803597224, 0.07043402361061592, 0.07471241672739624, 0.08005417690437489, 0.08166165768126858, 0.08078598428072441, 0.08308146569908298, 0.07164630931641602], [0.07377029445020435, 0.07110566473217078, 0.07411655617520764, 0.08183093164373283, 0.07533391940486445, 0.08136754335969898, 0.07034579271032956, 0.07472989534233712, 0.08009042640694444, 0.08175904562887173, 0.08086570658104439, 0.08308782176942207, 0.07159640179517165], [0.07373041266729137, 0.07094207861028709, 0.07408298334820451, 0.08144890646997018, 0.07539223660729298, 0.08148881931061444, 0.07014215188527101, 0.07476483033165887, 0.08027514028034959, 0.0820188673780974, 0.08111463844453917, 0.08314020994115233, 0.07145872472527098], [0.07384759047453306, 0.07103495160375077, 0.07405929698613904, 0.08175879520122604, 0.0753631718652624, 0.08164544272955014, 0.07028802565235781, 0.07477631533186324, 0.08007975838135065, 0.08178366537796546, 0.08090050160766547, 0.08287934387468818, 0.07158314091364765], [0.07368913568090833, 0.07123839161867444, 0.07423486388039846, 0.08207307357337816, 0.07533248923748395, 0.08096308093676516, 0.07045522817306911, 0.07470325714146539, 0.08010903684554856, 0.081665561890587, 0.08080644041621773, 0.08308472647946394, 0.07164471412603972], [0.07380793564422797, 0.07114347755686605, 0.07407208638095517, 0.08206634176175222, 0.07527436674203898, 0.08138377422928783, 0.07041946036959039, 0.07469624044863969, 0.0799213114569349, 0.08155410427622903, 0.08067796466804561, 0.08333333333333333, 0.07164960313209882], [0.0738784690621302, 0.07110979846653041, 0.07403101534641558, 0.0820920274960931, 0.07529073231708172, 0.0816044447331748, 0.07040241238200479, 0.0747299302168671, 0.07989344282809507, 0.08155303429595372, 0.08067942518493151, 0.08307565682729653, 0.07165961084342545], [0.0731294819489772, 0.0709481614352905, 0.07461805054442047, 0.08092433371193099, 0.07567637141436771, 0.08037562008595737, 0.06984079701023733, 0.07479609410234195, 0.08145449875421559, 0.08270094911605233, 0.08209043528910706, 0.0823213833243734, 0.07112382326272815], [0.07317348764855844, 0.07084729961792775, 0.07449070658666412, 0.08069752154996518, 0.07562663239618433, 0.08061176589351834, 0.06977162670809924, 0.07477399796001867, 0.08133873476209724, 0.08292809247612237, 0.0821001979225935, 0.0825534300210643, 0.07108650645718653], [0.07331638595020083, 0.07076646745595241, 0.0743482375930901, 0.08026338218131297, 0.0756060731480829, 0.08102440274081293, 0.06974629900829378, 0.07480384329132551, 0.08115968751338405, 0.08304129148249122, 0.08203705433870019, 0.082779277762308, 0.07110759753404508], [0.07349189554730853, 0.07075373806111704, 0.07433660242306221, 0.0800529308747601, 0.07572049288357695, 0.08141705888451921, 0.0697536352814572, 0.07494505506670907, 0.08111573323302182, 0.08275317277854209, 0.08205397613723601, 0.08243397811220388, 0.07117173071648569], [0.07349093689234537, 0.07078998389063643, 0.07465366056580726, 0.07913938870376229, 0.07611966883297636, 0.08118304673538289, 0.06965665912727921, 0.0752483456270281, 0.08160375930408272, 0.08304499956360435, 0.08246237259475114, 0.08145940310147383, 0.07114777506087007], [0.07324402305560704, 0.07090106317313233, 0.075003135125682, 0.07889621416817172, 0.07631292250049487, 0.08046090560669172, 0.06962243140360265, 0.07531155346035993, 0.08231835964713076, 0.08282086820460549, 0.08296351914132391, 0.081068620488607, 0.07107638402459061], [0.07300539466626611, 0.0709368103158154, 0.0750851435454046, 0.0794615032182116, 0.07620983849464505, 0.0800362321913181, 0.06960753886983738, 0.07515733535850212, 0.08262946103874567, 0.08279746135271497, 0.08297451767916467, 0.08110759956930383, 0.07099116370007048], [0.07292575992680143, 0.07092590049274786, 0.07494823421123262, 0.08016300543060431, 0.07597974922267997, 0.07998449366457774, 0.06964322119948019, 0.0749611588610047, 0.08228415538933195, 0.08312026483736619, 0.08263921244488115, 0.08145494539627572, 0.07096989892301626], [0.07304362143769538, 0.07090298202994443, 0.07468523185989552, 0.08071747539399382, 0.07574158543453391, 0.08028076872533096, 0.06974242402613218, 0.07481965840251399, 0.08168695306656155, 0.08295616353895463, 0.08229053415629628, 0.08208959881578311, 0.07104300311236421], [0.07313118022294074, 0.0708308967672165, 0.07454480280380443, 0.08057383248693081, 0.07568119140075484, 0.08056173296133752, 0.06972147577084974, 0.07480229988380996, 0.08149476790023787, 0.08296583866850611, 0.08225733814238967, 0.08238701174303051, 0.07104763124819123], [0.07319430868629502, 0.07071227817694607, 0.07442113782352953, 0.08017329186496792, 0.07566462453499494, 0.08086724286276434, 0.0696290812496903, 0.07481197114783283, 0.08141173830950295, 0.08333333333333333, 0.08229687229543313, 0.08248024442660247, 0.07100387528810707], [0.07329158462220262, 0.07073034238866725, 0.07440986279315799, 0.07998354336190093, 0.07570061622652165, 0.08104081862610034, 0.06966866569974613, 0.07486848382179072, 0.0813542505066487, 0.08314360112757635, 0.08227352893200171, 0.08247512357029528, 0.07105957832339031], [0.07331411091948903, 0.07075741065647326, 0.07452053092837858, 0.07969301133248975, 0.07583908790681242, 0.08103153273081315, 0.06965707926076979, 0.07497927617184387, 0.08155292763940424, 0.08292251981992227, 0.08250573969264344, 0.0821553179738188, 0.07107145496714151], [0.07306339385024632, 0.0708012208331853, 0.07468885991499953, 0.08012447180150283, 0.07584717460076326, 0.08046018066629225, 0.06961164197965071, 0.0749066000621462, 0.08189781632664246, 0.08298909165267969, 0.08269276689468669, 0.08194277006106498, 0.07097401135613987], [0.0730209223103604, 0.07079410698375016, 0.0748240236072988, 0.07970136629788402, 0.07600270110633987, 0.08033304554419504, 0.06953799700367