[[0.06867204472904108, 0.06919623565808322, 0.07100182361534227, 0.07873001259741766, 0.07301781754181909, 0.07919923831500959, 0.08019590354340571, 0.08284239474007683, 0.08049378526665739, 0.07412277229491018, 0.07994141172071885, 0.08162019978168322, 0.08096636019583507], [0.06855461789404665, 0.0691190578000019, 0.07092050348162522, 0.07889657625874784, 0.07288176783633281, 0.0794771145191207, 0.07993321421163412, 0.08313180504244237, 0.08025155463546448, 0.07393670233818136, 0.08026476941539419, 0.0817597772031964, 0.08087253936381188], [0.06848274722447407, 0.06909053534790613, 0.07087606009565871, 0.07914303608836969, 0.07276159418359134, 0.07980314602693686, 0.07961773477760738, 0.08333333333333334, 0.07995224302660257, 0.07375270854451159, 0.0806465691395215, 0.08182892537874611, 0.0807113668327408], [0.06844830798819754, 0.06910101489224431, 0.07087898518225233, 0.07938180487182797, 0.07270190257953985, 0.08010842323821887, 0.07939616103727429, 0.08313869053899736, 0.07974537137898587, 0.07363591842015461, 0.08097928190564885, 0.08187270129852271, 0.0806114366681356], [0.06844642698291926, 0.06914540252043251, 0.07090471870930849, 0.07962911171808071, 0.07264685458600384, 0.08049335259447035, 0.07911866678636026, 0.08302557820228933, 0.07947786548450675, 0.07351275299384376, 0.08136922270140891, 0.08179512027567769, 0.08043492644469807], [0.06838815748861202, 0.06913509541011104, 0.07090027427304273, 0.07984174759087165, 0.07259776173485645, 0.08078385317093702, 0.07895520142506758, 0.08283800505927415, 0.07932705336969513, 0.07341626119110486, 0.08168425525562086, 0.08177173894562875, 0.08036059508517769], [0.06804598923737844, 0.0688982642638103, 0.07072458287447711, 0.0802065271438953, 0.07239579556368796, 0.0812325228822325, 0.07871664447622025, 0.08333333333333333, 0.07912009005082872, 0.07315366148212683, 0.08208977309168315, 0.08177958520505835, 0.08030323039526774], [0.06793486585146662, 0.06888049225511465, 0.07073664067079427, 0.08061204937377864, 0.07234887971510572, 0.08172923999380671, 0.07849917019278396, 0.08282399161306288, 0.07892208711587424, 0.0730300369355097, 0.08258673211147914, 0.08168483151052847, 0.08021098266069496], [0.0676714800842122, 0.0687280658575034, 0.07069698407986283, 0.08106088549136098, 0.0722612314043372, 0.08211911892070672, 0.07836912782293103, 0.08230418783546145, 0.07881964235845985, 0.07288478705571451, 0.08300799302858382, 0.08184489981250512, 0.08023159624836089], [0.06759023283498068, 0.06878525171271348, 0.07089350954698442, 0.08173633170472212, 0.0723275935769367, 0.08271281527226314, 0.07819159939317094, 0.08155394347002838, 0.07866269285132804, 0.07284986108872475, 0.08271281527226314, 0.08180765057463567, 0.08017570270124874], [0.06771334995878907, 0.06903711059621914, 0.07126805282121326, 0.08247761411830722, 0.07257381724837011, 0.08282418845725441, 0.0781010711836793, 0.08077979255302246, 0.07858062258166558, 0.07299002742743946, 0.08192824087381782, 0.08159071563043664, 0.0801353965497856], [0.06798198342650735, 0.06939013351161573, 0.07168328314613341, 0.08303594687042931, 0.0728291552123897, 0.08286284474477432, 0.0779352390460517, 0.08022763949855914, 0.0784048791290065, 0.07314186450013607, 0.08139400127374145, 0.0811882613228681, 0.0799247683177873], [0.06828779195135726, 0.06976771191942481, 0.07212724519873907, 0.08290422227148736, 0.07323216672011389, 0.0822608105349709, 0.07805044725798767, 0.07966797625572872, 0.07851313567892806, 0.07348176869689253, 0.08075037756949964, 0.08096398613930313, 0.07999235980556714], [0.06843566568094127, 0.06996806556235198, 0.07238202413722117, 0.08333333333333333, 0.07348338989965573, 0.08175409304969333, 0.07811791811578671, 0.07924222530925061, 0.07857366799546052, 0.07369563349948974, 0.08026739625122087, 0.08074020234286892, 0.08000638482272582], [0.06865003444739284, 0.07021578008758331, 0.0726690283201458, 0.08310820470601941, 0.0738408345463797, 0.08108137862638139, 0.07833012621865613, 0.07877904671052796, 0.07877343295060119, 0.07404130562504632, 0.07970216547634518, 0.08062167076294584, 0.08018699152197503], [0.06870282226892103, 0.07027348565335052, 0.07274540292249115, 0.08300500116357427, 0.07404985435801398, 0.0805400313231468, 0.07856500038224756, 0.07845661084933543, 0.0790000326584956, 0.07427946869526227, 0.07928224095461549, 0.08062831802179787, 0.08047173074874789], [0.06886024401548017, 0.07042260331573894, 0.07289469320104484, 0.0827985199507002, 0.07437093660295672, 0.07985018240626497, 0.07885633614296, 0.07801460977591208, 0.07926854752620786, 0.07463986458505313, 0.0787203389303142, 0.0805204731782592, 0.08078265036910777], [0.06879044465049115, 0.0703094616795624, 0.07276013958285742, 0.08333333333333334, 0.07453017985355911, 0.07911092795588938, 0.07924871889106798, 0.07759999498887651, 0.07963884720803806, 0.0749079937108201, 0.0781577231188506, 0.08043323231028633, 0.08117900271636769], [0.068976525071075, 0.06940700480927132, 0.0711596717826825, 0.0785537340484629, 0.07320066657094211, 0.07880914463337439, 0.0803403271529793, 0.08304835598520029, 0.080577461134323, 0.07436224489313178, 0.07953361514073577, 0.08123323283302337, 0.08079801594479841], [0.06889413777410922, 0.06937587644256074, 0.07111909983663012, 0.07863017286261116, 0.07308523352864119, 0.07917946914704482, 0.08006250387639151, 0.08296924300043383, 0.08033423443993194, 0.07417877794760389, 0.07995012297556273, 0.08146090221067026, 0.08076022595780843], [0.06879963582016035, 0.06931141141066666, 0.07105340699167977, 0.07877526984489483, 0.07298189235365585, 0.07936952052193688, 0.07987879092068918, 0.08320962415465091, 0.08016683172896948, 0.07404005165854365, 0.08017169736005438, 0.08154544697490594, 0.08069642025919203], [0.06858958232649298, 0.06918612174160811, 0.070944483370644, 0.07915087179477168, 0.07280097694011066, 0.07982699028808561, 0.07955663757531481, 0.08321020914121893, 0.07988351638968691, 0.07377937503685826, 0.0806821102329274, 0.08175788668088559, 0.08063123848139483], [0.06867973784653801, 0.06921861944555967, 0.07098038431196406, 0.07885843296509149, 0.07290824049246596, 0.07946454458698206, 0.07983242891275004, 0.08333333333333333, 0.08013501730923107, 0.07395452003262588, 0.08027420386316333, 0.08163522883020091, 0.08072530807009416], [0.06851075544410407, 0.06915985227283593, 0.07091093651734745, 0.07940294124096137, 0.07269618464844957, 0.08019689275382749, 0.07927162366238012, 0.08333333333333333, 0.07961501445298287, 0.07360961059177601, 0.08105279503960489, 0.08175877985634561, 0.08048128018605126], [0.06860892430761278, 0.0692784725702188, 0.07099669821093904, 0.07955424622991855, 0.07270925897342544, 0.08045517072434065, 0.07906987602586862, 0.08299940979420876, 0.07941403407343138, 0.07357020462994246, 0.08137760726711242, 0.08164329868170281, 0.08032279851127819], [0.06840098935670205, 0.0691524698818214, 0.07091017944548708, 0.07986667421040448, 0.07259117113491242, 0.08083934738297553, 0.07889983601516322, 0.08287838257088709, 0.07927104322320691, 0.07339806968879073, 0.08176232256659227, 0.08171990730351225, 0.08030960721954455], [0.06831418131308808, 0.06912161597592292, 0.07087408747062611, 0.08007144862527524, 0.07248409399500284, 0.08119576594076573, 0.0786002897466605, 0.08333333333333331, 0.07898009232791191, 0.07322590735968065, 0.0822114361580316, 0.08150249454359228, 0.08008525321010866], [0.0681692204994175, 0.06908099131367575, 0.07087334615017354, 0.08050494212700046, 0.07242795959783695, 0.0817332554420791, 0.07839592874132699, 0.08276770437466086, 0.07880004098376354, 0.07309085528722042, 0.08269110232665475, 0.08143842918710298, 0.08002622396908717], [0.06794502600978412, 0.0689445193078943, 0.0708308293462454, 0.0808515406390649, 0.07234629069078546, 0.08209240102760215, 0.07829944221057483, 0.0824665457332925, 0.0787266088823512, 0.07296591070498355, 0.08290009398890011, 0.08157847901873522, 0.08005231243978635], [0.0677345184025304, 0.06882546922616427, 0.0708136283840523, 0.08121917634725126, 0.0722726017158858, 0.08244383160081252, 0.07817136163688433, 0.08205988244889877, 0.07861844008902193, 0.0728420749990328, 0.08333333333333333, 0.0816341334828477, 0.08003154833328459], [0.06775691838159836, 0.06892640881428565, 0.07098911334107248, 0.08162837300900533, 0.07236022105755252, 0.08273053882984016, 0.07808304444392425, 0.08162811979498706, 0.07853989733411497, 0.07286545983478519, 0.08288385889870256, 0.08160472567721398, 0.08000332058291751], [0.06778110716083689, 0.06899780259734972, 0.07110420973619529, 0.0818879536260908, 0.07241755967738604, 0.08297218963815076, 0.07801622297619339, 0.0813602243476112, 0.07847678783331007, 0.07288174907600029, 0.08261050932529336, 0.0815333419477307, 0.07996034205785142], [0.06782779867633831, 0.06910707810592195, 0.07126997558614168, 0.08224289784287998, 0.07250039451357564, 0.08333333333333333, 0.07791228110800574, 0.08099757321332285, 0.07837525102597073, 0.07290709905804214, 0.082270048640597, 0.08138264108505568, 0.07987362781081486], [0.06794920530120589, 0.06928685598428008, 0.07150464864931007, 0.08259223177329318, 0.07268201117761733, 0.0829222723083728, 0.0779265121296888, 0.08064260529299547, 0.0783919585740367, 0.07303995310064619, 0.08185129951308683, 0.08130903684965986, 0.07990140934580671], [0.0683456702653739, 0.06978489077349476, 0.07207141031139777, 0.08315151896372663, 0.07303409045529059, 0.0829265423916148, 0.07771708759692599, 0.07994812552267623, 0.07816679622052124, 0.07325797030669783, 0.08117124969461512, 0.0808042050066436, 0.07962044249102133], [0.06858670897966482, 0.07008542584285081, 0.07243057432949243, 0.08295039258909848, 0.07337145353633756, 0.08234612822574724, 0.07783886912483069, 0.07952490037794446, 0.07828376607923378, 0.07354753909022925, 0.08065314949985394, 0.08067410425581467, 0.07970698806890186], [0.06793250223160943, 0.06934751329756486, 0.07165802803605831, 0.0830314125499433, 0.07285140724038999, 0.08266497486257099, 0.0780303129975352, 0.08018121371783005, 0.07850544861037079, 0.07317797420333003, 0.08131022950467748, 0.08126784601463923, 0.08004113673348057], [0.06881985807541838, 0.0703587566791711, 0.07273700305416562, 0.08286536948013978, 0.0736394798404166, 0.08194199772034955, 0.07788185263464961, 0.07919845481391381, 0.07831694664015738, 0.07377105094829418, 0.08028483822601085, 0.08049144776340698, 0.07969294412390603], [0.06897925462910034, 0.07058008222267828, 0.07302795918640484, 0.08333333333333333, 0.07395499482417231, 0.08127815370095867, 0.07798584295624235, 0.07868822012410022, 0.07840979596552859, 0.07404875527419912, 0.07970086072551485, 0.08024446958929496, 0.07976827746847208], [0.06897901592541437, 0.07059439114778916, 0.07307116903643113, 0.08333333333333334, 0.07408945157143672, 0.08091050253224308, 0.07813848414553792, 0.07846639930615266, 0.07855932152189406, 0.07419836908691758, 0.07941858065678714, 0.08027610444852956, 0.07996487728753335], [0.06913213022424251, 0.07074964416132648, 0.07323942752820162, 0.08281178239168531, 0.07440040184701753, 0.08031389708650465, 0.0784081564090442, 0.07811044747455115, 0.07881324642167332, 0.0745343872841634, 0.07895675170535446, 0.08026407109062138, 0.08026565637561395], [0.06926001850984873, 0.07090089590336708, 0.07341968483238215, 0.08333333333333333, 0.07467957034359393, 0.07971110159735212, 0.07851582701957537, 0.07764101392390002, 0.07889581551265612, 0.07481172275881574, 0.07841569587949854, 0.08004575407484715, 0.08036956631082967], [0.0691838102068767, 0.07076547311769288, 0.07324436808035281, 0.0828502757400149, 0.07475420262254208, 0.07933429420577137, 0.07889704940911257, 0.07754732484161471, 0.0792707697316246, 0.07499398898763271, 0.07820779616839997, 0.08018617057629723, 0.08076447631206747], [0.06916367193330326, 0.06955674244372388, 0.0712517258053556, 0.07842587309623049, 0.07324345245372722, 0.07880082257925816, 0.0801803862142434, 0.08333333333333333, 0.08039639328976125, 0.07439129608051621, 0.07955048129943051, 0.08110464506885902, 0.08060117640225767], [0.06901794349864934, 0.06948952848818099, 0.07117257703968119, 0.07870678461741931, 0.0730545191093088, 0.07932351763155736, 0.07976194313695742, 0.08333333333333333, 0.08002690128583362, 0.07410171776470785, 0.0801423146280322, 0.08136136745506808, 0.08050755201127048], [0.06910636528054166, 0.06954878626662114, 0.07123290910873933, 0.07857369136622423, 0.07315080981017553, 0.07914931122837905, 0.07993136775381272, 0.08309110679054889, 0.08018025484485099, 0.07423200845307082, 0.07994000221093846, 0.08129621048061736, 0.08056717640547971], [0.06887299543389201, 0.06939332622424173, 0.07110401658342892, 0.07889052448653038, 0.0729738544886414, 0.07952850686029901, 0.07969786347172562, 0.08309100883479215, 0.07998821049170979, 0.07399272699825267, 0.08035979722400623, 0.08153231507176793, 0.0805748538307123], [0.06902023718237751, 0.06953203262873488, 0.07119439096047825, 0.07894270787796485, 0.07299888397249729, 0.07964660868316559, 0.07951070878715769, 0.08307080763036845, 0.07979361810148795, 0.07398175163035256, 0.08049361893360941, 0.08141650344994657, 0.08039813016185889], [0.06887100768071192, 0.06945050336485442, 0.07112519278405502, 0.07922357939053076, 0.0728723295132046, 0.0800366112622898, 0.07927100113936637, 0.08300331066111923, 0.07958120628598811, 0.0737920703067238, 0.08093527854738962, 0.08150726367369347, 0.0803306453900729], [0.06888000463992837, 0.06943101103537591, 0.07112311912666544, 0.07907459893834702, 0.07292943878850258, 0.07978805892473965, 0.07948616682552145, 0.08295752534511652, 0.07978805892473965, 0.07389673019993291, 0.08062814289272015, 0.08155117831207878, 0.0804659660463314], [0.06885189862725745, 0.06947669716466136, 0.0711375533386972, 0.0794343223933624, 0.07281305178592241, 0.08036453336025479, 0.07902452664191771, 0.0829206627055038, 0.07934703864674264, 0.07367066565828646, 0.0813291515130044, 0.0814452806964793, 0.08018461746791009], [0.06879430493337275, 0.0694514128365889, 0.07111138594896148, 0.07955406005075516, 0.07274935345671392, 0.0805565063750674, 0.0788680528673879, 0.08310608736456021, 0.07919889544209248, 0.07357123078684519, 0.08156284903704798, 0.08138720794335326, 0.08008865295725331], [0.06871340342773713, 0.06941054597724078, 0.07108422308469002, 0.07970717498661728, 0.07269865589843054, 0.08075903512367104, 0.07876955499455926, 0.08301102888922528, 0.07911255496406444, 0.07348955400509832, 0.08178575032734779, 0.08139657521641744, 0.08006194310490077], [0.0686908112153371, 0.06943348414515067, 0.07110185645497033, 0.07988554534771425, 0.07265818442007087, 0.0810345323953524, 0.07857251506336864, 0.08297714847297448, 0.07892408533889507, 0.07339533818353368, 0.08211757034309004, 0.08127799363444024, 0.07993093498510208], [0.06843804985586731, 0.06928502984603087, 0.07100532329780364, 0.08026017781572566, 0.07252416729695207, 0.08151788643876877, 0.07836589100719926, 0.08289629992972077, 0.07874538775162349, 0.07319476361353672, 0.08263488534670058, 0.08125258385963935, 0.07987955394043152], [0.06834137017806456, 0.06923800202695661, 0.07098963935618013, 0.08045451966911378, 0.07248328487373404, 0.08175686890206803, 0.07828029725058275, 0.08269341482313719, 0.0786717034459012, 0.07312143315046901, 0.08286969698724202, 0.08123934316980118, 0.07986042616674946], [0.06825015846381942, 0.06918013542828828, 0.07097006497698263, 0.08058757587040384, 0.07244753911746875, 0.08190286112875089, 0.07824538834128154, 0.08256937951106631, 0.07864591438052285, 0.07307004668898333, 0.08296275480809813, 0.08129531662435184, 0.07987286465998202], [0.06814154219010085, 0.06915210589239112, 0.07102414547250861, 0.08095533695262547, 0.07242339018208248, 0.08231043261603135, 0.07811805787522837, 0.0822023221611487, 0.07853462309950358, 0.07298987367367359, 0.0829766850782437, 0.08133502231956768, 0.07983646248689441], [0.06794831130809965, 0.06904611372148664, 0.0710141280033787, 0.08132233342407315, 0.0723539115160424, 0.08270621014847532, 0.07798609911966195, 0.08185124050233726, 0.07842015964313002, 0.0728707207667749, 0.08333333333333333, 0.08135021794199103, 0.07979722057121566], [0.06794688149121561, 0.06910578503907686, 0.07113251043204541, 0.08164556156478943, 0.07240488543735694, 0.08301998864304934, 0.07790939720482187, 0.08154328548934782, 0.07835101333023449, 0.07287311181346168, 0.08298556960192692, 0.08131704838788717, 0.07976496156478617], [0.06818091554843456, 0.06942958179726888, 0.07152336018637605, 0.08220972959130234, 0.07262901432111765, 0.08302159213286338, 0.07775587887974471, 0.08097302665419662, 0.07819653415131839, 0.07299367726315853, 0.08237894515394704, 0.08108650102264456, 0.07962124329762726], [0.06839048610017642, 0.06971438071959934, 0.07186494179698909, 0.08265999394481065, 0.0728345325959781, 0.08302251267424211, 0.07763383662322444, 0.08049696333051022, 0.0780707008877395, 0.07311275863699798, 0.08186491162960614, 0.08084619988142029, 0.07948778117870574], [0.06838731104032503, 0.06981790734823788, 0.07208584034667792, 0.08333333333333334, 0.07300902865271057, 0.08297459450737955, 0.07763365518293758, 0.07997213329017572, 0.07807852653491379, 0.0732228189969591, 0.08123995076059219, 0.08072661739860455, 0.07951828260715285], [0.06813756156741366, 0.06952433430218707, 0.07176812754582722, 0.08297130090181948, 0.07280164695205722, 0.08333333333333333, 0.07771968301312886, 0.08029808590623792, 0.07817433871011281, 0.07308194316932178, 0.0815763125113652, 0.08096484576939995, 0.07964848631779543], [0.06809891729350534, 0.06940317181599916, 0.07156136173357595, 0.08249513514593182, 0.07264989463885173, 0.08333333333333334, 0.07773772794893623, 0.08073443560955551, 0.07818701092491727, 0.07298750876100087, 0.08209304725041945, 0.08107529774912693, 0.07964315779484644], [0.06796457730694247, 0.0691841077140617, 0.07127102677688432, 0.08198636123897254, 0.07248892831291012, 0.08305498921080977, 0.07787583989108317, 0.08124062379977587, 0.07832479761259391, 0.07291231192749585, 0.08262362752621552, 0.08130071899126011, 0.07977208969099461], [0.0681669965697408, 0.06953284283768292, 0.07175154776480211, 0.08287610590993351, 0.07278675026381744, 0.0832064488573054, 0.07771937414183568, 0.08039709013587032, 0.07817133131310595, 0.07307620266068328, 0.08169770047061534, 0.08098034647420063, 0.0796372626004067], [0.06796704908338991, 0.06933875353304803, 0.07159110079181097, 0.08279287908102144, 0.07274285959293834, 0.0829991473375737, 0.07790750113076972, 0.08044582298584291, 0.07837437293811522, 0.073075683814507, 0.08164143385191854, 0.08123543285993982, 0.07988796299912444], [0.06852980505014364, 0.0700052535091268, 0.07231677360147443, 0.08333333333333334, 0.07321140798161552, 0.08264134614569958, 0.0776838028283458, 0.07968870755854623, 0.07812641059074231, 0.07338802678174954, 0.08088688438275689, 0.08063635951159916, 0.07955188872486688], [0.06878182709983965, 0.07029328519901265, 0.07263292191329976, 0.08294558013571508, 0.07348881016173532, 0.08226742414465271, 0.07775240493152495, 0.07940301625405795, 0.07818700535818758, 0.07362352692178338, 0.08053693906384751, 0.08051156092678677, 0.07957569788955679], [0.06901668707720279, 0.07057153966322868, 0.07295087845843456, 0.08276985504223082, 0.07378398613011186, 0.0818139141555562, 0.07782989444964389, 0.07905577229489508, 0.07825488535009834, 0.07387669880361551, 0.08013889105886976, 0.08034279256851883, 0.07959420494759357], [0.0691322914183648, 0.07072378113625041, 0.0731405377876841, 0.08303616466881392, 0.07396519165684813, 0.0814679357841228, 0.07785852563389718, 0.07877480282677506, 0.07827607545651606, 0.07402819615226089, 0.07982460802176014, 0.08018114665028005, 0.07959074280642651], [0.06919900793965492, 0.07082744673860092, 0.07329714240703726, 0.08311552921813932, 0.07421129428059225, 0.08091322959285471, 0.0780278578255824, 0.07839399769562015, 0.07843728087992145, 0.0742714864711188, 0.07936725562325875, 0.08011957605035286, 0.07981889527726625], [0.06941478098639862, 0.07106377178002377, 0.07355971204207622, 0.0827493988233105, 0.07456696850588411, 0.08030618040992692, 0.0782182340856504, 0.07797775779339014, 0.07860728790987262, 0.07462275214291265, 0.07886223439420531, 0.08002319253691731, 0.08002772858943152], [0.06945031918450788, 0.071110360673139, 0.07362764203129926, 0.08304277340593778, 0.07473839416566733, 0.07988064522781564, 0.0783413771977269, 0.07768038814655702, 0.07871681491564492, 0.07480817103862028, 0.07850475439376386, 0.0799376173414637, 0.0801607422778564], [0.06951815698475561, 0.07116172207972712, 0.07367358835616247, 0.08299904052012488, 0.0749668543828742, 0.07935980233737278, 0.07858085485170298, 0.07736560191551663, 0.07893510746428696, 0.07508480629087703, 0.07809713617488123, 0.07986962524737072, 0.08038770339434725], [0.06931157947100895, 0.07088143404493985, 0.07334705278862141, 0.08288218090708938, 0.07495291019181698, 0.07897066098953949, 0.07901514928856782, 0.07728833456667292, 0.07936501977130256, 0.07521388677570338, 0.07789466303018626, 0.0800400890332372, 0.08083703914131384], [0.0680862729554069, 0.06928111426346747, 0.07132637919776236, 0.08186728233123745, 0.07249563075713324, 0.08333333333333333, 0.07777558644209681, 0.08125814111072442, 0.07821274432477879, 0.07290807391761844, 0.08270871806342271, 0.08112755027795314, 0.07961917302506494], [0.06817134590074765, 0.06927119598009125, 0.07121751404698064, 0.08139863328758004, 0.0724641160989611, 0.08282342158430064, 0.07787626429020214, 0.08167016693528886, 0.07829937363118954, 0.07293945236052776, 0.08306842996976853, 0.0811547216581588, 0.07964536425620299], [0.06830896941167172, 0.06931390988763084, 0.07116062432326374, 0.08096899782573026, 0.07248657681337717, 0.08234678380976237, 0.07800615422292012, 0.08205384091615771, 0.07841224102467893, 0.07302303393246252, 0.08308760997905527, 0.08114760299598861, 0.07968365485730096], [0.06835064436799676, 0.06931152351823407, 0.07111285416266408, 0.08075536166541869, 0.07247647552277135, 0.08211377264259243, 0.07804511022141475, 0.08224208214623926, 0.07844212462996338, 0.07304192052133288, 0.08333333333333334, 0.08110161612923807, 0.079673181138801], [0.06854062763677132, 0.06942044290031929, 0.07113429675481509, 0.08043181375323628, 0.07256201349668027, 0.08174328061680614, 0.07818338108759036, 0.08255036872677116, 0.07856195025247113, 0.07317549335351158, 0.08292804970788471, 0.08105553185572002, 0.07971274985742248], [0.06878811310990796, 0.06955442080946952, 0.0711955544030671, 0.07998877759884514, 0.07268574591304014, 0.08121796372433829, 0.07840236169555126, 0.08281103679835995, 0.07875314081345444, 0.07337346972334984, 0.08234845716197874, 0.08110227860217856, 0.07977867964645914], [0.06891294121610816, 0.06962770093472012, 0.07124608729744972, 0.07981384797871315, 0.07275894731584179, 0.08098285785313193, 0.07851858167317156, 0.0827760448132463, 0.07885555576156032, 0.07348159824859093, 0.08208489929638117, 0.08112296805373062, 0.07981796955735433], [0.06796915884229378, 0.06940284734223451, 0.07174008208142776, 0.08289885314242057, 0.07297436473311102, 0.0823569519650204, 0.07816219750490032, 0.08000729589267064, 0.07864069316424838, 0.07330270261544417, 0.08107354055468836, 0.08129066887771699, 0.08018064328382331], [0.06850887648781116, 0.07002634016713448, 0.07240984618934278, 0.0830464034322601, 0.07343855308891875, 0.0820321792393886, 0.07799986326508015, 0.07938241316439679, 0.07845127292914986, 0.07363432923150293, 0.08045565327959753, 0.08073112956983974, 0.07988313995557725], [0.06883948561310498, 0.07041208763705248, 0.07283976615082387, 0.08311720491793857, 0.0738162845205143, 0.08147715278418391, 0.07803662191738686, 0.0788991172144812, 0.07847035988278137, 0.07394834069959341, 0.07991846989465631, 0.08040890605320475, 0.07981620271427801], [0.06891054807758606, 0.06958745563422135, 0.071208295559065, 0.0796574141158455, 0.07276585194385064, 0.08076276423453518, 0.07864441451511901, 0.08305223516404285, 0.07897344577828666, 0.07353129898907819, 0.08183435574702136, 0.08118346118280717, 0.07988845905854089], [0.06892965322300093, 0.0695661054573986, 0.07118568966886135, 0.07948884638904408, 0.07278536457992871, 0.08053005765836829, 0.07876939987046579, 0.08333333333333333, 0.07908809911398096, 0.07359318444845249, 0.08157050638791301, 0.08121396867593543, 0.07994579119331705], [0.0690673065380784, 0.06965106786505501, 0.07125927090509503, 0.07931538863794482, 0.0729004855971466, 0.08026601423626366, 0.07897055514534233, 0.0829817224106652, 0.07927329194622033, 0.0737546160374071, 0.08125699360286456, 0.08125536058093526, 0.08004792649698154], [0.06919975607932112, 0.06972910187354153, 0.07132445571521812, 0.07911818762984081, 0.073006742361622, 0.0799834556689694, 0.07915430900829445, 0.082853762185758, 0.07943783657143852, 0.07390798100525786, 0.0809301427215053, 0.08123823789931706, 0.08011603127991598], [0.06921532389973327, 0.06970446788930326, 0.07130633071000948, 0.07892777146220728, 0.07304279013115869, 0.07971369165085695, 0.07931854979935121, 0.08317354507309704, 0.07958718595386971, 0.07399388080597068, 0.0806199577752698, 0.08121660266767185, 0.08017990218150083], [0.06919707724846026, 0.06967214543576421, 0.07128393841144279, 0.0788466470878603, 0.07305114412854093, 0.07959121170548818, 0.07940724484508667, 0.08333333333333333, 0.07967056066038182, 0.07402696085262428, 0.08047511173542539, 0.08121897773592365, 0.08022564681966815], [0.06926500306290348, 0.06971458357569699, 0.07133000324308626, 0.07874299219023202, 0.07313219797234788, 0.07942027228147079, 0.07956536556928022, 0.08308884758954115, 0.07981728436392824, 0.07413964302814499, 0.08026532413139285, 0.08121405344531289, 0.0803044295466623], [0.06930476364702805, 0.06972835676522715, 0.071350069048603, 0.07861588826649606, 0.07319165556917306, 0.0792344716062171, 0.07971299498138999, 0.08308613963095272, 0.07995177159756325, 0.07423401149299756, 0.08005140974394663, 0.0811763406065251, 0.08036212704388025], [0.06944223907304575, 0.0698140280449245, 0.07142384170189484, 0.0783964353977387, 0.073305890672048, 0.0789694432679399, 0.07987775551328598, 0.08314820950339473, 0.08008673169154949, 0.0743948053438337, 0.07975705920677553, 0.08102338807548473, 0.08036017250808411], [0.06954580866670079, 0.0698767533480414, 0.07148636309369161, 0.07829806953451744, 0.07341538600428626, 0.07872807491682232, 0.08006329211814382, 0.08303149787038724, 0.08024434528013659, 0.07455042506422835, 0.07948433562602068, 0.08089200439114985, 0.08038364408587355], [0.06927206246811166, 0.06966466727374983, 0.07131677031096435, 0.07839616403966373, 0.07324107852210825, 0.07895349733035494, 0.07997293834331756, 0.08333333333333333, 0.08019247173116872, 0.07434753263244995, 0.07973306288422967, 0.08110572991913863, 0.08047069121140932], [0.06842980302478797, 0.06990294842274498, 0.07222705132809902, 0.08312655146684075, 0.07319159031109085, 0.08261167259541993, 0.07779522637088067, 0.07972889597355849, 0.07824511463112262, 0.0733953794762072, 0.08088711787585628, 0.08076625794504541, 0.0796923905783459], [0.06812267916978498, 0.06957368152913691, 0.07190144984437703, 0.08333333333333334, 0.07298398279488941, 0.08270071616251172, 0.07789154231708767, 0.07993807322501466, 0.07835602304634023, 0.0732492425254473, 0.08109154838100656, 0.08100388433574646, 0.07985384333532375], [0.06850289758348474, 0.0700371235074169, 0.07246350877466332, 0.08293329372747783, 0.07365714874087882, 0.0813635024302678, 0.07833358072414434, 0.07906140726679292, 0.07878821265485933, 0.07389105873763901, 0.08000467046782489, 0.08077023469842287, 0.08019336068612729], [0.06823311789885203, 0.06972390573333086, 0.07210878939894315, 0.08302326624341196, 0.07328695047501457, 0.0819676044318977, 0.0781875745436418, 0.07954455415189177, 0.07865540492523337, 0.07355525362376882, 0.08057031288097548, 0.08100242929919554, 0.08014083639384302], [0.06763114339209028, 0.06890864180070964, 0.07109702807405112, 0.08219173412338181, 0.07245129055321645, 0.0829463754344734, 0.07812062813017913, 0.08107309362006239, 0.07859885971333794, 0.0729081939181986, 0.08223475635930735, 0.08169165801783825, 0.0801465968631536], [0.06781646853226567, 0.0692055024743998, 0.07150294706090221, 0.08281454389136644, 0.07277711101810884, 0.08253873087644914, 0.07814474855095696, 0.08034018933876834, 0.07862702728829649, 0.07314736586804203, 0.08143531521563332, 0.08146248729873791, 0.08018756258607276], [0.06852571368730276, 0.07008696438227048, 0.07255164508902859, 0.08333333333333334, 0.07381869086465158, 0.08089264708280292, 0.07845486126070084, 0.0787182781452578, 0.07890343644574813, 0.07405508507528695, 0.07959562948142551, 0.08071544679393322, 0.08034826835825797], [0.06871069720245754, 0.07026149091016845, 0.07272383849981255, 0.08269966602423734, 0.07415126669385318, 0.08022835314027248, 0.07877929951221868, 0.0783279862999568, 0.07921081633894154, 0.07442561434633091, 0.07907767480973082, 0.08069214035669878, 0.08071115586532078], [0.06970290811989345, 0.07130945343089695, 0.07378496950779488, 0.08254690221787075, 0.07527106630149195, 0.07881951373084678, 0.07892541578824587, 0.07704083433321028, 0.07916044358547344, 0.07544456842789983, 0.07767252863067546, 0.07974236501823635, 0.08057903090746402], [0.0697321059872863, 0.07138105572868861, 0.07388819397979794, 0.0827632802193447, 0.07518781909908077, 0.07911759855934983, 0.07863105353486217, 0.07715882215497598, 0.07892499435224692, 0.07528560475737496, 0.07786682473677854, 0.07971132505171476, 0.08035132183849841], [0.06738650025565988, 0.06832499821699971, 0.07049511366999268, 0.07994560010539596, 0.07260778249211028, 0.07999970262525535, 0.0801831922881817, 0.08120840947578507, 0.08070145855038358, 0.07356960281200847, 0.08037789775591703, 0.08300146394611674, 0.08219827780619356], [0.06748980916727099, 0.06838473602078796, 0.07048351032854384, 0.0798135846429394, 0.0725315988814789, 0.08020588673253945, 0.0799586524919428, 0.08165905538867176, 0.08044599302658854, 0.07348137615703004, 0.08072311241947658, 0.0830120107354406, 0.08181067400728924], [0.06738879210005025, 0.06832876711495296, 0.07042764525523046, 0.08008210431982869, 0.07242161989765163, 0.0805304486564708, 0.07969092088081031, 0.08161637740427223, 0.08018187888377619, 0.07331996866181967, 0.08105883326960422, 0.08333333333333331, 0.08161931022219908], [0.06742495372788233, 0.06838076343856406, 0.07045061074997462, 0.08027845145382605, 0.07238009024848926, 0.08081050630464374, 0.07946217488532593, 0.08182269343704611, 0.07994535800213788, 0.07323482631316362, 0.08138914325841326, 0.0830364739862561, 0.08138395419427712], [0.06729159364729072, 0.0683409966994158, 0.07044972317462844, 0.08069599068710713, 0.0723314006821259, 0.08119552362772602, 0.07923641722963062, 0.08170721997909888, 0.07973724365370244, 0.07311255900780157, 0.08163218151457081, 0.08297325440204012, 0.08129589569486158], [0.067202958170011, 0.06833571572541819, 0.07049353689890608, 0.08101417731655909, 0.07235554659493558, 0.08137899247968554, 0.07913671129118423, 0.08136057470245493, 0.079653199948484, 0.07308170160479253, 0.08157938366740632, 0.08310621143561005, 0.08130129016455268], [0.06731653752038257, 0.06850683978485399, 0.07072696494330125, 0.08104338737795744, 0.07262334706392594, 0.08107938145114205, 0.07935751937978945, 0.08072299590870873, 0.07988948331320074, 0.07332925215740749, 0.0810220263635706, 0.08277085641249292, 0.08161140832326705], [0.06731053280655085, 0.06846913062845679, 0.07076298741370289, 0.0808501642502862, 0.072817673243345, 0.08023589497516054, 0.07992261784331164, 0.08009545942196683, 0.08047504036460477, 0.07362038603689318, 0.0801902531053858, 0.08298897185864279, 0.08226088805169277], [0.06724382816698649, 0.06829809935761995, 0.07058515030499717, 0.08050709753226971, 0.07275219747800174, 0.07978497359302852, 0.08031496921616443, 0.08037373770302429, 0.08087551387720161, 0.0736772384834363, 0.07990972993920627, 0.08300359922713228, 0.08267386512093124], [0.06721952747485964, 0.06820883477550391, 0.07046309018094994, 0.08021229313406388, 0.07265200355216829, 0.07971037700845658, 0.08038258590312819, 0.0806996491630099, 0.08093325746789973, 0.07362812909297278, 0.07995462360291095, 0.08333333333333333, 0.08260229531074288], [0.06725436388470162, 0.06827006821075247, 0.07048363903827488, 0.08020658936139335, 0.07257438152095635, 0.08019393351599298, 0.0800325453656313, 0.08091052267555598, 0.08056876322471938, 0.07348337347870762, 0.08046446147366519, 0.08333333333333333, 0.08222402491631546], [0.06739365616750487, 0.06834597822174955, 0.07049844463415479, 0.07998861112038895, 0.07256591936941267, 0.0802201658753217, 0.0800125178999905, 0.08129570711979955, 0.08052522667659362, 0.07349592892925057, 0.08061881238822613, 0.08300534508228061, 0.08203368651532666], [0.06724713399716609, 0.0682935846696219, 0.07046291456436096, 0.08043887950149108, 0.07244489608687632, 0.08074456776613649, 0.07960821311776992, 0.08120361758100395, 0.08012897376457045, 0.07328038621800212, 0.08106064405101567, 0.08333333333333333, 0.08175285534865172], [0.06727145339430757, 0.06838817803549774, 0.07061461731156903, 0.08068445860093448, 0.07260752773586093, 0.08066125455576978, 0.07968660461610044, 0.08071811330450589, 0.08022513315091884, 0.07340662657765629, 0.0807633380624072, 0.08301649514090614, 0.08195619951356578], [0.06728943568849044, 0.06836290374404151, 0.07056580663000736, 0.08049424672146949, 0.07257168995433673, 0.08060685345205729, 0.07974339027852291, 0.08087633275019175, 0.08027619144226655, 0.07340247638030611, 0.0808078606022496, 0.08303669355227607, 0.08196611880378407], [0.06722003689581246, 0.068323869259645, 0.07058701082784982, 0.08058393113437602, 0.0726544567191867, 0.08029640446776766, 0.0799280010223571, 0.08045573718676133, 0.08047800876370148, 0.07350003206193917, 0.08038968695446422, 0.08333333333333333, 0.0822494913728056], [0.0673367702120583, 0.06833781686863546, 0.07047454857983647, 0.08030286177657818, 0.07245825594994343, 0.08067100408709985, 0.07965732567127362, 0.08135081933483027, 0.08016636068600326, 0.07331826807743544, 0.08107790110840975, 0.08312924546362815, 0.08171882218426786], [0.06718243763166473, 0.06828828557174371, 0.07045845673080693, 0.08079946435706246, 0.07237125729607279, 0.08113069507569376, 0.07931111331544849, 0.08129709801788351, 0.07983163424320855, 0.07313905946420553, 0.08137344139576994, 0.08333333333333333, 0.0814837235671062], [0.06726403720565477, 0.06841642129894944, 0.07062429002898064, 0.0808930132715076, 0.0725447509187827, 0.08102782650509897, 0.07941130716457363, 0.080892775647111, 0.07994245998874681, 0.07328680638569142, 0.08108487064345994, 0.08295747270978407, 0.08165396823165903], [0.0673224577796078, 0.06851272220978372, 0.07079465287463815, 0.08102828281681615, 0.07279184532510793, 0.08049672762706825, 0.07971784662631523, 0.08020603552001893, 0.0802641811543899, 0.07354650302832974, 0.0803999153160127, 0.08288863090451012, 0.08203019881740133], [0.06736589174829442, 0.06858754760491176, 0.07084143510681991, 0.08121207058188246, 0.07275604224093989, 0.08087632732453798, 0.0794468819775597, 0.08038823897339886, 0.0799835145436414, 0.07345000085656406, 0.08071710491232827, 0.08265513023770421, 0.081719813891417], [0.06729510927062096, 0.06833455696315674, 0.07046054589779044, 0.08057705565703696, 0.07238149859079317, 0.0810086721164904, 0.07939358354720696, 0.0815469041610965, 0.07989992643102965, 0.07318838914394418, 0.08141212785685459, 0.08303042094939496, 0.08147120941458462], [0.06722376560153874, 0.06839110161958542, 0.07057449354842137, 0.08111327100369121, 0.07243733327685348, 0.0813513057527814, 0.07916595397951537, 0.08111301741109354, 0.07968917939783586, 0.07314321784989147, 0.08141598631222761, 0.08300861244440344, 0.08137276180216102], [0.06731858479125466, 0.0685367554391519, 0.07074517993381502, 0.08127965234014378, 0.07258981642524848, 0.08132445373164594, 0.07916725998035394, 0.08077775514631491, 0.07969408080508573, 0.0732537090965071, 0.08120028566451798, 0.082712268584729, 0.08140019806123165], [0.06769699140821835, 0.06847858625299053, 0.07066621473086997, 0.07973520610633898, 0.07300248904505513, 0.07870322322142126, 0.08123961887571095, 0.08076469040004859, 0.0817486708517029, 0.0741672907578202, 0.07905411771104201, 0.08230682975810831, 0.08243607088067274], [0.06749116751246413, 0.06835910308035552, 0.07060863222564588, 0.08000529954551, 0.0729421062394162, 0.07884329578772363, 0.08111587791415933, 0.08049995219891397, 0.08166672970733548, 0.0740593188795543, 0.07911421204915024, 0.0825261718887986, 0.08276813297097282], [0.0672970078338582, 0.06830056848774915, 0.07063659989613334, 0.0804929740197365, 0.07294949704609785, 0.07900727502437298, 0.08088082238038517, 0.07997664130290223, 0.08145971749410018, 0.07397823168843955, 0.0791160258229917, 0.08257130566989968, 0.08333333333333333], [0.06757410757290867, 0.06866459530752453, 0.07104650844895602, 0.08102044959867782, 0.07334061176838455, 0.07882215388566799, 0.08086244370095069, 0.07931399978866596, 0.08141798428066545, 0.07429465543864214, 0.07875219517890816, 0.0820315025353012, 0.08285879249474681], [0.06819094383741532, 0.06920826905422803, 0.07161478655855494, 0.0808400992670752, 0.07406677705604517, 0.07765552407892456, 0.08148737390443712, 0.07850498799784483, 0.08190530733908807, 0.07512437017964808, 0.07753864414902391, 0.08100238283554645, 0.0828605337421683], [0.06844052473206491, 0.06925010970688328, 0.07158075150453903, 0.08003430150725362, 0.07416848180320842, 0.07703846585514816, 0.08232027990378672, 0.07878938075476613, 0.08262655388722943, 0.07543019872394963, 0.07706489492627835, 0.08067687112760646, 0.08257918556728587], [0.06822728398436971, 0.06889790571425206, 0.07116186777862026, 0.07948004588349619, 0.07378946304984452, 0.07698488665801043, 0.08274002015355027, 0.0794244019802621, 0.08333333333333333, 0.07516919319665412, 0.07716654768731007, 0.080771468268912, 0.08285358231138487], [0.06812030836401307, 0.06876084738067721, 0.0709532663703425, 0.07938895282266031, 0.07348254648087718, 0.07750737338671035, 0.08226744188441769, 0.08018580735938076, 0.08269802579505438, 0.07482799658684247, 0.07780057128198167, 0.0812350250470518, 0.08277183723999067], [0.06782824299467001, 0.06857027919966316, 0.07076025663256275, 0.07966763005102946, 0.07315218016067089, 0.07835715730097056, 0.08154517815947428, 0.0806204919204765, 0.08204780200895856, 0.07436760303164403, 0.07868804491990206, 0.08200652639508177, 0.08238860722489605], [0.06759578923401853, 0.06843762495237103, 0.07068791725316335, 0.07997292645752577, 0.07305743469849892, 0.07860992521418407, 0.08132696106555298, 0.08036547041556397, 0.08188015257154302, 0.0742068818655454, 0.07886945974322668, 0.08230586913252495, 0.08268358739628137], [0.06746779900482794, 0.06840926822129445, 0.07073374029805941, 0.0803475814039638, 0.07310754047996557, 0.07863012413406127, 0.08122992072317954, 0.07990948869138831, 0.08181149596879682, 0.0742014007287629, 0.07876485704863735, 0.08228179239248534, 0.08310499090457713], [0.06743778562511689, 0.06842934167704579, 0.07078627913715495, 0.08054854027983836, 0.07315447360184854, 0.07863679347288306, 0.08114870370170807, 0.079676077125531, 0.08172966734720406, 0.07421456640828082, 0.07870498124926997, 0.08219945704078509, 0.08333333333333333], [0.06760781990102233, 0.0685842007459384, 0.07095784667137205, 0.08056393295774107, 0.07337992800432451, 0.07825746422697966, 0.08140455022302998, 0.07935644867739464, 0.08197444272899852, 0.07447170104014107, 0.0782895889584899, 0.0818187425312345, 0.08333333333333333], [0.0677746616172045, 0.06857381231671986, 0.07085046988536992, 0.07990303005073796, 0.07332433279714093, 0.07799254320801187, 0.08184676790691664, 0.07996436843195573, 0.082421389745438, 0.07455115793985127, 0.07820106951117332, 0.08173293478915569, 0.08286346180032421], [0.06789293692740368, 0.06865951211266287, 0.07096313182355336, 0.07978536102145002, 0.07352997628644387, 0.07745801573254