[[0.07157308370390345, 0.0744179505783934, 0.07309426849322653, 0.08048176232489712, 0.06914190687813425, 0.07874332228499506, 0.08029645128811708, 0.08104221649436703, 0.0726326828712687, 0.08058478655536204, 0.07345833832663091, 0.08167510195529067, 0.08285812824541364], [0.07161985528095995, 0.07430887310425173, 0.07302790813897192, 0.08085555753953226, 0.06913995596355403, 0.07881306799817178, 0.08006788215154854, 0.080970003612142, 0.07252670341282874, 0.08037361412034123, 0.07333469096522138, 0.08182210077328336, 0.08313978693919286], [0.07172285699367134, 0.07421738525893301, 0.07300143814166582, 0.08130026758843675, 0.0692030260906654, 0.07888241507720263, 0.079797947672595, 0.08083853669959959, 0.07245086014892378, 0.08011623169848198, 0.07323380955481015, 0.0819018917416813, 0.08333333333333334], [0.07185021257828632, 0.07417873898081667, 0.07301793350888167, 0.08166800562962652, 0.06928150919446284, 0.07898344519683996, 0.0796165474074878, 0.08076379701231959, 0.07241298610832672, 0.07994621042084704, 0.07317656679129751, 0.08195446134562345, 0.08314958582518407], [0.07201318083166863, 0.07414560234410271, 0.07305160864307635, 0.08211773187500662, 0.06940575613512243, 0.07906379328880896, 0.07939026468522217, 0.08062170307630742, 0.07239315826367258, 0.07972631621132, 0.07313122988118856, 0.08189424447205361, 0.08304541029244969], [0.07212338129996934, 0.07412372116708325, 0.07307222313766143, 0.08241028724268051, 0.06945431023938985, 0.07916857847170004, 0.07926752678180901, 0.08057266305236277, 0.07235602634120986, 0.07961285170676373, 0.073081950659436, 0.08188313931785246, 0.08287334058208186], [0.07214508009833591, 0.07398469936127852, 0.0729757106410377, 0.08279829701205024, 0.06929400215970645, 0.07946394891949968, 0.07909353710818302, 0.08055059891127378, 0.0721318866716631, 0.07946404659609081, 0.07285843064528431, 0.08190642854226322, 0.08333333333333334], [0.07234702220117034, 0.07398741774280958, 0.0730409731669918, 0.08304765045032582, 0.06936568921709205, 0.07983425859817123, 0.07894835993084644, 0.08050111103245326, 0.0720864815826013, 0.07933197947476643, 0.07279972697004672, 0.08183801006086945, 0.08287131957185546], [0.07252939886028434, 0.07402425772295165, 0.07311970840536855, 0.08269017298580306, 0.0693794901650187, 0.08025127984979197, 0.07891050137049879, 0.08056985750805197, 0.0720382602879089, 0.07931188485135654, 0.0727515446921802, 0.08200722156445538, 0.08241642173633015], [0.0727172316036034, 0.07399926622121673, 0.07315536068076832, 0.08333333333333333, 0.06931630222229172, 0.08080648268476562, 0.07875533774653666, 0.08052190449110881, 0.07189101964578795, 0.07917478064216495, 0.072605019393003, 0.08197492602998904, 0.08174903530543039], [0.07304952798441454, 0.07411905090260144, 0.07334139477172864, 0.08302963651787587, 0.06941834912172126, 0.08144129685470546, 0.07867219871765224, 0.08048446731435151, 0.07189736549490117, 0.07909940468654658, 0.07260785230444988, 0.08178093105215033, 0.08105852427690116], [0.07336478900965543, 0.07421209166032255, 0.0735090702876652, 0.08316505071777947, 0.06959406033953237, 0.0819020412099995, 0.07850210405972646, 0.08028270875960235, 0.07194240581830971, 0.07892242626902468, 0.07263595729681671, 0.08141351975849984, 0.08055377481306575], [0.07357643098622496, 0.07433790958902205, 0.07366026808776564, 0.0829415137618109, 0.06959531047219095, 0.0824189004374784, 0.07850955146777329, 0.08028270394502114, 0.07194157570670642, 0.0789320303898066, 0.07264740250324753, 0.08116989201266646, 0.07998651064028586], [0.0737723217326763, 0.07449004576827299, 0.07382856110512769, 0.08248542338470434, 0.06966364436499993, 0.08269788107522072, 0.07854781216800329, 0.08028061713541476, 0.07201052270063858, 0.0789659956882603, 0.07272378158211765, 0.08095394785361341, 0.07957944544095011], [0.07395897771793869, 0.07472051031407385, 0.07404904651728872, 0.0818721283503524, 0.06972331637969155, 0.0825302117207417, 0.07869583775537851, 0.08041697470526366, 0.07213106352930777, 0.0791067407945595, 0.07286336711750357, 0.08081988088356623, 0.07911194421433394], [0.07393874444617211, 0.07483979220473112, 0.07412347787834436, 0.08136264738815152, 0.06960827200034986, 0.08274949890400958, 0.07886010188423309, 0.08064882895675045, 0.0721417861527299, 0.07926821098220271, 0.07290449347195128, 0.08079572539236461, 0.0787584203380094], [0.07390677172115698, 0.07500491215075715, 0.07422778462603323, 0.08067366129829757, 0.06946798370796418, 0.08333333333333333, 0.07904432979351897, 0.08088975613251864, 0.07216690880494776, 0.07943923200290687, 0.07296879003095098, 0.08063858802769472, 0.07823794836991961], [0.07379597203744226, 0.07524820111554939, 0.07436222588667908, 0.08001000592706774, 0.06937767301607968, 0.08289223570026379, 0.07941365183632393, 0.08126599258988783, 0.07230812804087258, 0.07978802713345454, 0.07315604913766652, 0.08055033570156887, 0.07783150187714373], [0.0715536621112407, 0.07456396345884046, 0.07324414716807062, 0.08006261615284865, 0.06929934373350614, 0.07848555475033775, 0.0804076261120613, 0.0808550235855814, 0.07286325703078426, 0.08063942803956156, 0.07369015959521454, 0.08128045444538293, 0.08305476381656969], [0.07165055307335333, 0.07445600898422532, 0.07317059822184419, 0.08053574053573662, 0.06933140566798238, 0.07861744038067567, 0.08016155570389735, 0.08083814839041145, 0.07275604369354778, 0.08042505734286003, 0.07355957332685334, 0.08151760578602328, 0.08298026889258923], [0.07168199341291187, 0.07437598581359955, 0.07310876806953935, 0.08079735638044311, 0.06932500087039556, 0.07866737952343648, 0.0800036659462299, 0.08079173956581766, 0.07267567435741883, 0.08028129463649447, 0.07346696981339625, 0.08161007560816728, 0.08321409600214977], [0.07178744278654181, 0.07424391301465326, 0.07304479972307028, 0.08136638738083411, 0.06930646134828625, 0.07885385555063623, 0.07974027021800953, 0.08076262126948937, 0.07251048101236267, 0.08005125534531493, 0.07328182765393013, 0.08183448894136666, 0.08321619575550461], [0.0716640872711644, 0.0743219745789359, 0.07305737377388682, 0.08090311227857207, 0.06925385422019527, 0.07872533264830836, 0.07996959160106618, 0.08082748845359708, 0.07259427870991614, 0.08026032482159022, 0.07338748907716865, 0.08170175923226558, 0.08333333333333333], [0.07190171420243685, 0.0741678570184521, 0.07303128311349685, 0.08181657945209861, 0.06936173107974473, 0.0789412104233091, 0.07950480954913054, 0.08064501875825014, 0.07243455496262866, 0.07982848600944, 0.07318424591109006, 0.08184917618658877, 0.08333333333333331], [0.07207196919332652, 0.07418668376260179, 0.07310510514927149, 0.08213978565153035, 0.06953867656028406, 0.07897673225852761, 0.07933908608576706, 0.08051289452991377, 0.0724861819981763, 0.07966151275386069, 0.0732108635663168, 0.08175001356049362, 0.08302049492992992], [0.07215298357760469, 0.07411982102464212, 0.07308039553073828, 0.08248983434242518, 0.06948575565965227, 0.07916485394430349, 0.07922190926116515, 0.08052926705344081, 0.07236004350731923, 0.07956614996808027, 0.07308043816884728, 0.08183711530462658, 0.08291143265715455], [0.07224810013369129, 0.07403527349026476, 0.07305434412448318, 0.08292034576821099, 0.06951686070811583, 0.07934625861726084, 0.07897929476570463, 0.08034534772358957, 0.07227083419967459, 0.07932868412935003, 0.07297222151147927, 0.08164910149484167, 0.08333333333333333], [0.07242685170855342, 0.07401375183552565, 0.07309301511516536, 0.08333333333333333, 0.06953558001998714, 0.07973923032290343, 0.07884081264881834, 0.08032421043324063, 0.07218227034445837, 0.0792085124340357, 0.07287459237188906, 0.08160916916702307, 0.0828186702650665], [0.07256350787120713, 0.07403860391962154, 0.07314925929582167, 0.08294468947460738, 0.06953721853848428, 0.08006507928910421, 0.07882028726958146, 0.08039179207476997, 0.07213836216478252, 0.0792032559948903, 0.07283166413634053, 0.0817600497314792, 0.08255623023930979], [0.0727091214384867, 0.07406080510661366, 0.07320732507849997, 0.08280603689072726, 0.06954657419154829, 0.080398131579418, 0.07877100851626528, 0.08041510430532295, 0.07209395987744716, 0.07916615154247886, 0.0727864438617642, 0.08183152315247513, 0.08220781445895248], [0.07283955647150393, 0.074058793357914, 0.07324388529276847, 0.08308161722554855, 0.06953262365112117, 0.08073001534130668, 0.07868157534312853, 0.08038294074627435, 0.07202349900955801, 0.07908634718084201, 0.07271484662207467, 0.08180178628027443, 0.08182251347768528], [0.07296039778196825, 0.07409011986698129, 0.07330352112928261, 0.0830452089848071, 0.06957919397512913, 0.08093914048038996, 0.07863096622370465, 0.08035031395447241, 0.07202294025062246, 0.07903828239555127, 0.0727101177356146, 0.08174144982504639, 0.08158834739642995], [0.0730975140525208, 0.07410491446750021, 0.07335632387858729, 0.08333333333333334, 0.06960914828480143, 0.0812085354570378, 0.0785350773851202, 0.08027109524513877, 0.07199209055660166, 0.07894485911574815, 0.07267444587897891, 0.0816067458934077, 0.08126591645122387], [0.07322046121687933, 0.07414293539844198, 0.0734184746952947, 0.08333333333333333, 0.0695976842753505, 0.08153141325845428, 0.07850587750239982, 0.08026915553996769, 0.07195787787341078, 0.0789214492528102, 0.07264445928479692, 0.08152594938339605, 0.08093092898546443], [0.07370574104366084, 0.07431362344719414, 0.07369142386908442, 0.0830758268656414, 0.06991601304553627, 0.08206646645510388, 0.07830553363442992, 0.08000946320100916, 0.07208843206927872, 0.07870812372546696, 0.07274734344851969, 0.08106919617904407, 0.08030281301603062], [0.07384574861632427, 0.07439236108836847, 0.0737853889862696, 0.08298345242631519, 0.06985980673164892, 0.08255113983883064, 0.07831321429457536, 0.08002005578483086, 0.07204901786748132, 0.07871970264108749, 0.07272274432237863, 0.08090367941006056, 0.07985368799182856], [0.07328713900647899, 0.07418639895877, 0.07346195869005911, 0.08333333333333334, 0.06946180111100053, 0.08194394177604573, 0.07855690166040394, 0.0803680510758063, 0.07186987069016926, 0.07898485641946165, 0.07257858041367465, 0.0814729484159974, 0.08049421844879916], [0.07403385600468965, 0.074504012340022, 0.07392225834376431, 0.08263659662971858, 0.0699323348456602, 0.08290123951862054, 0.07829971572622033, 0.07997198469538586, 0.07209822978514678, 0.07870145920985809, 0.0727736322747158, 0.08070928199153264, 0.07951539863466534], [0.0742748084024634, 0.07472302143644131, 0.07415421759037183, 0.08200971394681247, 0.07002167890501065, 0.0830498428778312, 0.07837418928616964, 0.08002717954467511, 0.0722079452453594, 0.07876735390995017, 0.07289570098904995, 0.08046878956260088, 0.07902555830326376], [0.07431191593606726, 0.07485552330535777, 0.0742623813284266, 0.08169340384093766, 0.07001164177735951, 0.08268203266053523, 0.07851219300370448, 0.08020719844396221, 0.07227145545231457, 0.07890275603528052, 0.07297694328823669, 0.08049603643777344, 0.07881651849004402], [0.07431925772178463, 0.07501374021972863, 0.07437584737959664, 0.08112649949093154, 0.06990578974674216, 0.08292318980910537, 0.07867647241003375, 0.08043277865899097, 0.0723010024367349, 0.07905949374697868, 0.07303966644489411, 0.08043127973786639, 0.07839498219661203], [0.07443742903662187, 0.0752098717047633, 0.07455504485701227, 0.08055277969271546, 0.06991755565191365, 0.08333333333333334, 0.07874091182533428, 0.08050804021851711, 0.07238833964253909, 0.07910314639541312, 0.0731472184394785, 0.08019935722357582, 0.07790697197878227], [0.07417324192175641, 0.07527647359689092, 0.07451220119296396, 0.08016255456389305, 0.06966310718106003, 0.08333333333333333, 0.07904732284536156, 0.0808514930536494, 0.07236511272904862, 0.0794083838705835, 0.0731706805584803, 0.0802927766840246, 0.07774331846895431], [0.07161328862446116, 0.07457842680040766, 0.07329582589660821, 0.08011645448325774, 0.06946020155663608, 0.07836678479538838, 0.08024636818764538, 0.08065835246615827, 0.07295827314424105, 0.08045785486603219, 0.07376355084162406, 0.08115128500420632, 0.08333333333333331], [0.07175821729295281, 0.07441691873722629, 0.07318528603945372, 0.08083619134612953, 0.06950672303721767, 0.07854579233784253, 0.07988388340350906, 0.08060403447571211, 0.0727952852392734, 0.08013979491633531, 0.07356584228993182, 0.08142869755108235, 0.08333333333333333], [0.07173022002634327, 0.07449463395942556, 0.0732464126904693, 0.08057829844490476, 0.06951689503724334, 0.07850012563940634, 0.08002953400374636, 0.08064699592334021, 0.07287535699628582, 0.08027123927244897, 0.07365719841118708, 0.08135499317739392, 0.08309809641780518], [0.07178986286769018, 0.07436531966929515, 0.07313604509908841, 0.08105276512773621, 0.06944981194117746, 0.07868089443075606, 0.0798428807626421, 0.08068488836262885, 0.0727005272482034, 0.08012164596793199, 0.07347052657392837, 0.08160415689665595, 0.08310067505226576], [0.07190948087578727, 0.07437634597702668, 0.07319027374065423, 0.08125989188897802, 0.06962418494265533, 0.07863915160421152, 0.0796720062107687, 0.08052198242713232, 0.07276980095899319, 0.07994297803477896, 0.07351463333441398, 0.08149738497988919, 0.08308188502471059], [0.07201069815080711, 0.07429184704340197, 0.07316359666083283, 0.08170670635456088, 0.06962855245222552, 0.07878056341715926, 0.07948378839002083, 0.08048792787745013, 0.07265787695127564, 0.07977774481616953, 0.07338718621934065, 0.08160291423199971, 0.0830205974347559], [0.07190694858783866, 0.07433001905249009, 0.07315294220957202, 0.08139493209176334, 0.06954364028473276, 0.07874300138353181, 0.07966281241908957, 0.08059762340905843, 0.07268017212051617, 0.07995084291160279, 0.07342927735003066, 0.08163300732335779, 0.08297478085641592], [0.07215455732770697, 0.07425626167437523, 0.07318855635887939, 0.08209557220284176, 0.06972953105303437, 0.0788563947223775, 0.07928565743078937, 0.08037544214786353, 0.07262849939974159, 0.07958862392794316, 0.07333552739013627, 0.08155970418070643, 0.08294567218360456], [0.0722135472472611, 0.07421293489158853, 0.07317839347834781, 0.08232291844928825, 0.06975001648821512, 0.07889497289634748, 0.07916157455394898, 0.08030193946044209, 0.07258021902698608, 0.07947066945317066, 0.07327665389587001, 0.08151513495960291, 0.08312102519893079], [0.07226392837328605, 0.0741794072637063, 0.07316975751388194, 0.08253702773574102, 0.06973796990263433, 0.07902113810915432, 0.07908938513840831, 0.08029120253199798, 0.07252188478073247, 0.07940834762812289, 0.0732140315362716, 0.08153230346199662, 0.08303361602406625], [0.07237776515875645, 0.07414763828392358, 0.07318588203523234, 0.08283954941527885, 0.0697992411041917, 0.07918910151420602, 0.07893290606864145, 0.08018849444054138, 0.07248357068815126, 0.07925786269125439, 0.07316029557135463, 0.08143358158135566, 0.08300411144711226], [0.07246027121679362, 0.07405885151916757, 0.0731444520871739, 0.08333333333333334, 0.06970754196960104, 0.07952762133405156, 0.07878925514578679, 0.08017391193022728, 0.07231511354365752, 0.07913640822082312, 0.07298977083605297, 0.08142992154183293, 0.08293354732149842], [0.07254804456832074, 0.07406163169629965, 0.0731725241335189, 0.08333333333333333, 0.06972166392411806, 0.07970951433830806, 0.0787455247882553, 0.08018017295327858, 0.07228531220740934, 0.07910089464077, 0.07295691742460071, 0.08143213456723769, 0.08275233142454953], [0.0725986441727701, 0.07407076615953596, 0.07319307575082867, 0.0831836315672601, 0.06972084005858731, 0.07983199793964363, 0.07874148728064519, 0.08021027688460956, 0.07226809948745248, 0.07910296011794238, 0.07294031893485947, 0.08149403298809214, 0.08264386865777322], [0.07275088901737624, 0.07408634542071035, 0.07324968791285731, 0.08310787848938322, 0.06975196755294175, 0.08013560719820878, 0.0786709098590891, 0.08020715277934178, 0.07222983206522492, 0.079043316550896, 0.072897340849376, 0.08154685584920689, 0.0823222164553876], [0.07290570603190343, 0.07411829028875806, 0.0733181493434022, 0.08289084941346388, 0.06978283250934059, 0.08044919501029431, 0.07862370721127807, 0.08021886922543559, 0.072203300969137, 0.07900601004264678, 0.07286843756461704, 0.08158668606169589, 0.08202796632802735], [0.07304413303596662, 0.07415009336705931, 0.07338273068762767, 0.08279369861848418, 0.06982525616429267, 0.08070180754487846, 0.07857155014019164, 0.08020058760924009, 0.07219224689613722, 0.07895925386567546, 0.07285363191941344, 0.08156319601269992, 0.08176181413833335], [0.07332855498147495, 0.07421071044740592, 0.07351597504366952, 0.08295218978067494, 0.06996443669658917, 0.08110624693238618, 0.07841237529583207, 0.08005817627931512, 0.07220126728883271, 0.07880116306962064, 0.07284709144516578, 0.08135096528170586, 0.08125084745732722], [0.07362704781683568, 0.07430564550656284, 0.07367392615725801, 0.08277901098944276, 0.0701345295407804, 0.08144768956188812, 0.07829904919596312, 0.07993661197421148, 0.07225797507941042, 0.07868492516868388, 0.07288909700096072, 0.0811364838356784, 0.0808280081723241], [0.07377174150011734, 0.07433505415467637, 0.07373001796128462, 0.08299477510575178, 0.07003148965570014, 0.08197424397435245, 0.07826066407839367, 0.07993796783828565, 0.07215325656640531, 0.07865659612403321, 0.072798925210947, 0.0810133764112847, 0.08034189141876776], [0.07354488780239432, 0.07426578155577049, 0.07361139027960147, 0.08297536443426454, 0.06989238092755884, 0.08174442556803609, 0.0783679516509267, 0.08007401527293158, 0.0721040075214644, 0.07877010335985678, 0.0727627324967212, 0.08123836052702318, 0.08064859860345043], [0.07338402033607694, 0.07421694656119304, 0.07353333835404635, 0.08300286158000042, 0.0699092869563843, 0.08133911952122154, 0.07840267724576988, 0.08008167685774387, 0.0721458618160377, 0.07879857003812736, 0.07279873758413075, 0.08134362960435929, 0.08104327354490874], [0.07312537121362517, 0.07414563248759645, 0.07340149964767903, 0.08300402645915977, 0.06978345878240899, 0.08096337966755472, 0.07852173040476843, 0.08019356037343306, 0.07212478751900477, 0.07891755429543941, 0.07278942717664813, 0.08154127747024281, 0.08148829450243937], [0.0735201703065053, 0.07425568459224208, 0.07359826152706252, 0.08299678499632228, 0.06991099503787884, 0.08164651649913396, 0.07836493123203984, 0.08006227899011442, 0.07211920467954303, 0.07876491721035524, 0.07277460229002784, 0.08125091975381599, 0.08073473288495847], [0.07331582759069895, 0.0741890817778537, 0.07348039404799316, 0.08314836481833598, 0.069634954538406, 0.08170326255982227, 0.07849643824669551, 0.08026193447339278, 0.07197427285242661, 0.07891263430044967, 0.0726604465723258, 0.08146314566198998, 0.08075924255960956], [0.0738364260328118, 0.07434142954694184, 0.0737495760833162, 0.08333333333333333, 0.06994893926451816, 0.08228123645986558, 0.07822539277105457, 0.07991439537334813, 0.07207753342685613, 0.07862557012043406, 0.07273316565285287, 0.08089490380945019, 0.08003809812521707], [0.07400505481601947, 0.07443810950272722, 0.07386866567661848, 0.08297810982653457, 0.0700025933027786, 0.08261292275858204, 0.07822060448864487, 0.07989093634522738, 0.07211244397621899, 0.07861874508055641, 0.07277078553766786, 0.08074828723752212, 0.07973274145090177], [0.07418982168962188, 0.07456144217066853, 0.0740124361832055, 0.08254107611826689, 0.07005333796304623, 0.08302343065008465, 0.07822839174376534, 0.07986495067141837, 0.07215664280857254, 0.07862260957170339, 0.0728210211833957, 0.08055933397615948, 0.07936550527009152], [0.07432956468327111, 0.07466082484451336, 0.07412665080492013, 0.08221164542242676, 0.07009777815977077, 0.08333333333333334, 0.0782307415795442, 0.07984519044159837, 0.07219771857725539, 0.07861990342753214, 0.07286647044515525, 0.08039545447833571, 0.07908472380234358], [0.07448948584468894, 0.07489330325640407, 0.07434558454131879, 0.08166750727841687, 0.07016889420148537, 0.08278141867825409, 0.07839191537089311, 0.08006005324509952, 0.07233437823137527, 0.07877324413812473, 0.07302118266148203, 0.08034010154066132, 0.07873293101179597], [0.07459952070205622, 0.0750919461700493, 0.07452707988697917, 0.08109739775206141, 0.07016450152568392, 0.0829546324210781, 0.07849375806766246, 0.08020578444678568, 0.07241301526243676, 0.07886185557145448, 0.07312278047431389, 0.08020149272799613, 0.07826623499144253], [0.07461390988641955, 0.07520373389040483, 0.07461106002177263, 0.08069601531175104, 0.0700944834218832, 0.08333333333333333, 0.07857300122278603, 0.08030794876168239, 0.0724328836060261, 0.07893101883663646, 0.07316475330658584, 0.08009517669988522, 0.07794268170083338], [0.07462949494279308, 0.07541979880256669, 0.07477072490607546, 0.08020141869344455, 0.07007922450634152, 0.08301261695487017, 0.07877386442724511, 0.08050733250711979, 0.07255631787302656, 0.07911372998965018, 0.07331721580365227, 0.08001029475909131, 0.07760796583412341], [0.07422523083675202, 0.07543823112810838, 0.07464614555230337, 0.07979469138792371, 0.06969900751397935, 0.08333333333333333, 0.07913446286446396, 0.08090601299315779, 0.07247075122907798, 0.07947466625150226, 0.07329102300249485, 0.08013108301350082, 0.07745536089340217], [0.07323010131757579, 0.07420340385169209, 0.07348269233686719, 0.08279164414147036, 0.06998070770533606, 0.080852672774742, 0.0784661319361851, 0.08008065439789258, 0.07225040446555692, 0.07884897331039722, 0.07289501470555915, 0.08140161701392322, 0.08151598204280236], [0.07306232783111244, 0.07417128885681626, 0.07341110096928605, 0.08289019500972268, 0.06996827714564001, 0.080482944331803, 0.07852301181672117, 0.08008244593130383, 0.07229371127938915, 0.0788959761224217, 0.07293852167982169, 0.08141292101408196, 0.0818672780118802], [0.07285537258374339, 0.07411155831938013, 0.0733064059230924, 0.08333333333333334, 0.0698951878026985, 0.08012194048488823, 0.07856857866373441, 0.08006897480496747, 0.0722949399615987, 0.07893179227920318, 0.0729446261562525, 0.0813783645561451, 0.08218892513096278], [0.07282020448982705, 0.07413702506299942, 0.07331637441559673, 0.08311590233409316, 0.06994494546465328, 0.07996133887001654, 0.07860782762989876, 0.08006265626380514, 0.07236327909696202, 0.07896259591637932, 0.07301055662995418, 0.08133909213866121, 0.08235820168715324], [0.07270049242811807, 0.07414067942360802, 0.07328436403143344, 0.08310588008563417, 0.06994621322442779, 0.07968590195267555, 0.07867272352447922, 0.08005677346318044, 0.07242261321206714, 0.07901532149024318, 0.07307230616945386, 0.08127196588706967, 0.08262476510760937], [0.07253375157850478, 0.07416983673961385, 0.07325622454620197, 0.0829681262043529, 0.06995111434002736, 0.07929844614854493, 0.07879663046510818, 0.0800629013046383, 0.07252699385435253, 0.07911936211866534, 0.07318314587786612, 0.08128066843450422, 0.08285279838761955], [0.07248888084004824, 0.07421719353044229, 0.07327744158434264, 0.08275691985113363, 0.0699896624548172, 0.07913589434995313, 0.07887808267213632, 0.08008044971799184, 0.07261062614791727, 0.0791898960606694, 0.0732692887033205, 0.08128800845086452, 0.08281765563636322], [0.07330298320646667, 0.07423711312549429, 0.07349865569149602, 0.08305472910308619, 0.06940041940072182, 0.0820718533968589, 0.07864391832614111, 0.08047433435869646, 0.07185836609823483, 0.07907783938338454, 0.07258169791078822, 0.08148095473206807, 0.08031713526656292], [0.07379321823028635, 0.0744345626724421, 0.07379660493393167, 0.0827125866738673, 0.06973199444786106, 0.08269442885877226, 0.07843991062046365, 0.08016780424580744, 0.07201193352206682, 0.07885407593398364, 0.07270866007755615, 0.0809458289812249, 0.07970839080173661], [0.07410041449888806, 0.07463357989047405, 0.07403485984823344, 0.08219319701878441, 0.06989774456675094, 0.0830100903818666, 0.07842335788902129, 0.08007300374052055, 0.07213378584714779, 0.07882542675630776, 0.07282922968734104, 0.08062243122700406, 0.07922287864765999], [0.07237647775515856, 0.07421911237241084, 0.07324176419575026, 0.08255297420309775, 0.06992260173659509, 0.07898433820736807, 0.0789734381650329, 0.08013018751478623, 0.07262160439799126, 0.07927938114893185, 0.07329184161957224, 0.0813343187278486, 0.08307195995545635], [0.07227460199318594, 0.07423141593282136, 0.07321729520815914, 0.08231502638725821, 0.0698734665307689, 0.07882345323746834, 0.07906845546632922, 0.08016776275391, 0.07264767820455824, 0.0793662716726691, 0.0733283974439419, 0.08135284183559621, 0.08333333333333333], [0.07222452183375012, 0.07431331529311147, 0.07325884959993872, 0.08201481542148283, 0.06989940318589964, 0.07873917380780403, 0.07922502355182413, 0.08023955490582253, 0.0727529674937192, 0.07951010257869133, 0.07344347865119863, 0.08137656280397536, 0.08300223087278215], [0.07216150711093816, 0.07438618911635066, 0.07329029796537884, 0.08169193403465591, 0.06991684240632164, 0.07864479722034834, 0.07936633750963068, 0.08027926548954831, 0.07285218500066203, 0.07963547991499023, 0.07355253492399577, 0.08134453542488282, 0.08287809388229664], [0.07203647352093401, 0.07440535007713725, 0.07326162319495656, 0.0813850432973048, 0.06983732256988516, 0.0785504630504284, 0.07949542955218247, 0.08031883323917438, 0.07287502801789725, 0.07975223037455652, 0.07359175852398069, 0.08130985969978416, 0.0831805848817783], [0.07196611467715819, 0.07440790003450778, 0.07324582999483964, 0.08124027427738419, 0.06977571880176471, 0.07851689192715913, 0.07956795203145979, 0.08035285423163452, 0.07287000362360131, 0.07982048949982509, 0.07359711258723185, 0.08130552498010044, 0.08333333333333333], [0.07192823384881669, 0.07446778939544706, 0.07328881256207696, 0.08102194584953529, 0.06976713782261386, 0.07848709017272232, 0.07969985399480263, 0.08041253888486165, 0.07292908054884384, 0.07994278116208724, 0.07366746587040969, 0.08128969597551187, 0.08309757391227114], [0.0718649746817037, 0.07451128741505951, 0.07331300412815502, 0.08078416275932936, 0.06973224436078165, 0.07843615520781436, 0.07982331448347219, 0.08045266609481176, 0.07297016480190298, 0.08005481506220244, 0.07372147003196643, 0.08124206881767107, 0.08309367215512962], [0.07180975307565879, 0.07459834454067327, 0.07338568278139289, 0.08043250826357877, 0.06975855314313457, 0.07831323503341345, 0.07995644246654442, 0.08042787434524981, 0.07308316257271054, 0.08016066004881402, 0.07384537093845392, 0.08107598783274658, 0.083152424957629], [0.07176745210426304, 0.07469696538051812, 0.07346482330963042, 0.0800929031770529, 0.06977584957838927, 0.07822582042619333, 0.08011785182197678, 0.08043285880860951, 0.0731921042817313, 0.080295884163666, 0.07396821577171225, 0.08093273726736733, 0.0830365339088898], [0.07171437214081827, 0.0745551679950276, 0.07331256556583081, 0.08036758217168817, 0.06959697698286554, 0.07835874077277596, 0.08005058716453918, 0.08053683843130674, 0.07298567581134559, 0.08026504778301767, 0.07376590858075208, 0.08115720326669909, 0.08333333333333334], [0.07374228177615065, 0.07433408495027012, 0.07371334602068474, 0.08314608338184096, 0.06983754003832447, 0.08232582816544039, 0.07831833720398967, 0.08003630170371358, 0.07203573561830663, 0.07872573054237174, 0.07270663648122955, 0.0810087351947853, 0.08006935892289199], [0.0734997180522014, 0.07424966970965749, 0.07357652838213312, 0.08333333333333334, 0.06963170484247463, 0.08215292175521771, 0.07843141405834426, 0.08019903820192234, 0.07193756614501881, 0.07884981436676972, 0.07262839398111412, 0.08123498539838213, 0.08027491177343096], [0.07378323341815304, 0.07459755496966598, 0.0739044540525771, 0.0821304573000284, 0.06961255043994413, 0.0825374028664083, 0.07870767558271473, 0.08042830183525787, 0.07204646075280413, 0.07912829073677764, 0.07278056125678455, 0.08096201259150633, 0.07938104419737795], [0.07355237419309428, 0.07438611198384171, 0.07368275423510691, 0.08268009081269025, 0.06951620625620795, 0.08243613127228488, 0.0786248175234829, 0.08041210773243603, 0.0719331969675439, 0.0790528956433639, 0.07265633110376483, 0.08120048977331877, 0.07986649250286386], [0.07294088115143933, 0.07408614750239573, 0.07328559687149849, 0.08299009844149946, 0.0694053595617253, 0.08119957057799615, 0.07870962023214606, 0.08050667143841447, 0.07191332219423638, 0.07913381564513719, 0.07262328097318907, 0.08187715360163525, 0.0813284818086872], [0.073161966257295, 0.07416519096675782, 0.07340472042941029, 0.08313947474022318, 0.06936697951727741, 0.08179662827133909, 0.07866321396293798, 0.08050190134989446, 0.07184647616187584, 0.07909730136203558, 0.07256743981679825, 0.08164943017444733, 0.0806392769897077], [0.0738718576869071, 0.07474048844504803, 0.0740323181112388, 0.08170831989106356, 0.0696195831464141, 0.08247195151375349, 0.07881524407272225, 0.08056878127577966, 0.07211130532390249, 0.07923068208199327, 0.07286143116169966, 0.08090883548173869, 0.0790592018077387], [0.07381931365938894, 0.07487591000984797, 0.07410718053361531, 0.08104751819960417, 0.06944988864400718, 0.08301636951811411, 0.07900951127396715, 0.08084371001802151, 0.07210738387525203, 0.07941921441796253, 0.07289733160952365, 0.08082565576570817, 0.07858101247498728], [0.07461807522950573, 0.07564273438487312, 0.07492819955221765, 0.07963537553937897, 0.07004530471666791, 0.08300011077206212, 0.07903614277897923, 0.08064821904813739, 0.07267799839679, 0.07926526667250183, 0.07347110062977424, 0.07983257022540786, 0.07719890205370401], [0.07479697597784954, 0.07557575436810585, 0.07494027217654325, 0.079954050209373, 0.07022247923766, 0.08281274789625132, 0.07880058766367834, 0.08045883409692697, 0.07268618511085083, 0.07908393085554216, 0.07344483537762111, 0.07984191150018359, 0.07738143552941382], [0.0716023954398664, 0.07413085184565124, 0.07285381272614974, 0.08070502327198008, 0.0683031728978389, 0.08005575346544105, 0.08036427201109789, 0.08226352426259122, 0.07181183970556257, 0.08085274674656771, 0.07270551023040943, 0.0830205408115079, 0.08133055658533594], [0.07164150272679654, 0.07409358872406034, 0.07284942063370682, 0.08094723129029842, 0.06847434497339913, 0.07985848450850921, 0.0801683592521168, 0.08190529390443538, 0.07188824455701595, 0.0806254158549108, 0.07275303841273228, 0.08303197811136198, 0.08176309705065632], [0.07172993912261179, 0.07402800483314952, 0.0728343350050944, 0.08127651926678804, 0.06851621652718021, 0.07994748186740587, 0.07994847264806247, 0.08174050728242709, 0.07182772049708601, 0.08040471544429142, 0.07267497233110447, 0.08333333333333333, 0.08173778184146535], [0.07185962553644863, 0.07402132384715789, 0.07287679750692826, 0.08156162556177987, 0.06866393898625191, 0.07995695792314632, 0.07976367059820487, 0.08153577682336728, 0.07186377325202582, 0.08020922217907975, 0.07268734770207519, 0.08305959415084609, 0.08194034593268831], [0.07200884320050605, 0.07398807100541714, 0.07289945519348323, 0.08190363521764821, 0.06866572980473154, 0.08022646359364123, 0.07958735925102482, 0.08147042269644299, 0.0717696789971255, 0.08004528486063461, 0.07258444447590828, 0.08300409877981375, 0.08184651292362254], [0.07212195943484767, 0.07398553248538495, 0.0729299799210646, 0.08200681868741094, 0.06862508603942744, 0.08051561274851704, 0.07950670474162286, 0.08148044441192262, 0.07168630288374722, 0.07997765738960193, 0.07250316355945405, 0.08312623554399168, 0.08153450215300692], [0.0722300964123528, 0.07411140817487517, 0.07304545931876423, 0.08159810354353807, 0.06856878977677147, 0.08091950625295376, 0.0796683631997676, 0.08174603478066647, 0.07168600501330531, 0.08015873622799963, 0.07252558263314937, 0.0828148329357323, 0.08092708173012372], [0.07201653357318745, 0.07421913784708573, 0.07304134487648625, 0.08080951938004256, 0.0682982536833316, 0.08096323289150194, 0.08013287040737638, 0.08232699862906097, 0.07167019531117784, 0.08065123900306687, 0.07256541725891914, 0.08301019992156114, 0.0802950572172021], [0.07170283162978115, 0.0742114194844219, 0.07293171389290468, 0.08040901680130495, 0.06813390931352929, 0.08052958777832109, 0.08048194694272079, 0.08271034730086994, 0.07169718870069793, 0.08101148193444706, 0.07262125158251795, 0.08302184031710164, 0.0805374643213816], [0.07153885267432797, 0.07415259097144737, 0.07283926280338295, 0.08038095177999906, 0.06809030532565075, 0.08024039627713528, 0.08054204205694242, 0.08264180005119644, 0.07170484329209645, 0.08106295574788358, 0.07263069422794076, 0.08333333333333333, 0.08084197145866365], [0.07168415317412224, 0.07408935527404907, 0.0728480230116379, 0.0808664401021201, 0.06824356210657523, 0.0803153563854867, 0.08023561395151697, 0.08229227095143166, 0.07170026653364141, 0.08073884302022012, 0.07259320515177987, 0.08333333333333333, 0.08105957700408534], [0.07167322149948077, 0.07410244650570337, 0.07285982388838864, 0.08092965961895496, 0.06837640466161436, 0.08008498317026966, 0.08021726021267231, 0.08211381523687995, 0.07180952315006654, 0.0806983583253403, 0.07268760139441328, 0.08302556694477219, 0.08142133539144367], [0.07185168484872993, 0.07402045875591766, 0.07286167738774754, 0.08142653823660488, 0.06843135930259688, 0.0803357312650098, 0.07988244704542762, 0.08186920614009864, 0.07170409474353905, 0.08036487061066365, 0.07255819646271104, 0.08333333333333333, 0.08136040186761989], [0.07197937861840825, 0.07410438251869925, 0.07295595958476292, 0.08126175024743955, 0.06840045543170177, 0.0806892970797063, 0.0799429360148663, 0.08205299932119627, 0.07168081251669756, 0.08044361095998578, 0.07254771260754907, 0.0830387659439586, 0.08090193915502829], [0.07189857762269712, 0.07408973269288334, 0.07292113522600319, 0.08124667003473227, 0.06839973966194562, 0.08051614964371619, 0.07999182916329198, 0.0820607356954103, 0.07170849171783716, 0.08048775828619732, 0.07257559066791541, 0.08305722225015758, 0.08104636733721249], [0.07185076548372853, 0.07412503471746909, 0.07292358588942499, 0.08090110477830305, 0.06824419478387476, 0.08067673230764315, 0.08014444326068386, 0.08231838015031871, 0.07164549097231457, 0.08065949262036021, 0.07253880508216452, 0.08333333333333331, 0.08063863662038105], [0.07182484106626977, 0.07404332421915252, 0.07287202927447077, 0.08138092703946026, 0.06849486614464499, 0.08018499676396751, 0.07992345593246247, 0.08183570721642593, 0.071777953367955, 0.08039563856986372, 0.07262789318211901, 0.0831440207206633, 0.08149434650254475], [0.07200119135224414, 0.07398195476494016, 0.07288556304281514, 0.08178129988272999, 0.0685178455542259, 0.08046633415504985, 0.07964368338322576, 0.08163665524229566, 0.0716660911540476, 0.08012116596911122, 0.07249942167318131, 0.08333333333333334, 0.08146546049279997], [0.07211247513851353, 0.07406991169805731, 0.07297881798352754, 0.08160195759446684, 0.06851660450867877, 0.0807476781281624, 0.07971702072548878, 0.08178487115357193, 0.07167534585839792, 0.08020677132176213, 0.07251876374217175, 0.08298677024240847, 0.08108301190479253], [0.07213123044257955, 0.07419767628044847, 0.0730660413657053, 0.08107140843893847, 0.06838775201468385, 0.081062411226187, 0.07995840543479865, 0.08211690373760965, 0.07166493498747187, 0.08046838923231969, 0.07254251500705779, 0.08291821947586339, 0.08041411235633626], [0.07228895216671029, 0.0741769645922611, 0.07310710335900686, 0.08142781908338204, 0.06854036918406502, 0.08112781264329397, 0.07973274802555907, 0.08183849553284435, 0.07168450249203706, 0.08022990884303247, 0.0725354449764393, 0.0827050151380775, 0.08060486396329074], [0.07194578026129479, 0.07400748645006743, 0.0728894621871011, 0.08171220746017183, 0.06859002680585087, 0.08024746217587882, 0.07971167681380087, 0.0816215562925014, 0.07176102802329316, 0.08017713784708094, 0.07259015826541412, 0.08305487793141904, 0.08169113948612565], [0.07218786727815703, 0.07402297445561917, 0.07297479730296162, 0.08192361447848737, 0.0686145740423747, 0.08069136681948041, 0.07952574180734245, 0.08154202639571281, 0.07167494418427448, 0.08000379491934316, 0.07249694445957593, 0.0830366469988222, 0.08130470685784877], [0.07234062084443514, 0.07410158447496841, 0.07307716146300623, 0.08180530968223165, 0.06866570951158583, 0.08095851792076618, 0.07951770072475685, 0.0815628090635805, 0.0716951649261891, 0.08000020656356696, 0.07251797901651447, 0.08276451115810271, 0.08099272465029593], [0.07134441818413041, 0.07448060406457405, 0.07300748922544176, 0.07937658937432603, 0.06823147223281971, 0.07955960415990743, 0.08131118614094147, 0.08246674107053421, 0.07213125124835948, 0.08180283772231453, 0.0730933972619616, 0.08234191766293734, 0.08085249165175207], [0.07138525891929003, 0.07441446096111354, 0.07296936960171412, 0.07950503080546581, 0.06809783248738635, 0.07984070479851772, 0.08120079386261457, 0.0827897769347802, 0.07196636345407222, 0.08173055116068999, 0.07293432082243077, 0.08255708158782861, 0.08060845460409603], [0.07154483425552943, 0.07438361789474002, 0.07299409966220748, 0.07962363706138774, 0.06799191264665409, 0.08032724705540613, 0.08098709745348058, 0.08333333333333334, 0.07178771479765357, 0.08154090720704636, 0.0727591744806876, 0.08260432674388705, 0.08012209740798669], [0.07191030806383741, 0.07464109945775772, 0.07329254254991936, 0.07955157170699471, 0.06817814386828303, 0.08074303113842385, 0.08095715057567365, 0.08287698119858933, 0.07191755087826356, 0.08149139780768197, 0.07289076520809262, 0.08208140048488337, 0.0794680570615995], [0.07206292647500138, 0.07522633017025608, 0.07375157906916088, 0.07840766101582733, 0.06837902092606606, 0.08051292729263503, 0.08151030177029661, 0.0828664061819603, 0.07236916248275067, 0.08192304423402054, 0.07339434702306605, 0.08103133456628428, 0.07856495879267507], [0.07171725481104109, 0.07541087351876995, 0.07376589175091831, 0.0776223237953356, 0.06840410796882525, 0.07968787137928984, 0.08231780272652078, 0.08257734148123204, 0.07268049682833308, 0.08262482562895118, 0.07374256510213344, 0.0806703753914568, 0.07877826961719252], [0.0712443778190587, 0.07515647559764331, 0.07343431084964312, 0.07745073424935159, 0.06820375270305394, 0.07910984732093307, 0.0827390959265059, 0.08285283498453598, 0.07261070209369513, 0.08333333333333333, 0.07367874468463063, 0.08076747755193951, 0.07941831288567566], [0.07118680053754994, 0.07490561701436904, 0.07324800462368741, 0.07806895148879082, 0.0682591437255381, 0.0790371601961349, 0.08227716930055977, 0.08277696150115971, 0.07252045973132099, 0.08270382366575625, 0.07354720187846712, 0.08125417438718002, 0.0802145319494859], [0.07131463643321065, 0.07461271268710357, 0.07308856050362546, 0.07900466322282465, 0.06825212897192977, 0.07941427675725724, 0.08159406364719524, 0.08241443462357421, 0.07225203297504225, 0.08208294651246213, 0.07323208740682537, 0.08204279931212846, 0.08069465694682092], [0.07138104331377153, 0.07451472649837662, 0.0730371937308258, 0.07925642932267059, 0.06812663284854041, 0.07975342895604982, 0.08139463807411185, 0.08270550399772623, 0.07205796037535354, 0.08192916985932784, 0.07303716696550078, 0.08234052656107332, 0.08046557949667166], [0.07149932799522953, 0.0745298699315616, 0.07308106634981484, 0.07924082305327489, 0.06803847113289986, 0.08009902492207754, 0.081305578997625, 0.08311320422138382, 0.07194288945345162, 0.08186623539007425, 0.07293125099220295, 0.08231961558167289, 0.08003264197873118], [0.07158068813276283, 0.07454752762109973, 0.07311822440399234, 0.07926510368557241, 0.06801819313929602, 0.08028132981013467, 0.0812284729224464, 0.08333333333333333, 0.07189893009399999, 0.08178822335330517, 0.07288949668362942, 0.08224085922034034, 0.07980961760008724], [0.07162318254004078, 0.07472489945322346, 0.0732545169023631, 0.07891933589487872, 0.06805713611210294, 0.0802257716329957, 0.08145966025316338, 0.08333333333333334, 0.07202359014805629, 0.082013269542523, 0.0730332081528689, 0.08186201807854596, 0.07947007795590454], [0.07134082454459155, 0.07474378255222919, 0.07317988644398925, 0.07858478994731473, 0.06811591910457589, 0.07957139851599423, 0.08187937361976205, 0.08287376776870427, 0.072223637551331, 0.08244139193991243, 0.0732389288225629, 0.08176803727064921, 0.08003826191838329], [0.07127119597460406, 0.07491680979945861, 0.073274137840108, 0.07798942517540125, 0.06806100705621665, 0.07943549578102471, 0.0