[[0.08089122960581005, 0.07346719516476237, 0.07585386641234108, 0.07424116933959579, 0.07124868133991032, 0.08194217749848719, 0.08078557297076623, 0.08102746882120736, 0.07494611670010876, 0.0829346650054017, 0.0709224954876108, 0.07032813677974183, 0.08141122487425663], [0.08121632050115639, 0.07349155728264294, 0.07575089572121972, 0.07415307174192223, 0.07123041241684919, 0.08206358131347877, 0.08058967008558633, 0.08084654900361056, 0.07487959747509293, 0.08317071380580852, 0.07093495652007106, 0.070325032986118, 0.08134764114644331], [0.081608646596191, 0.07355019542247264, 0.07565211728404421, 0.07408004404690409, 0.07125193509070497, 0.08212718208744212, 0.08035437153407185, 0.0806225617813091, 0.07482677195518524, 0.08333333333333334, 0.07099320699369129, 0.07036844853364287, 0.0812311853410074], [0.08192711557699171, 0.07363688243780146, 0.07560311116627332, 0.07404616816478864, 0.07129413568707385, 0.08216900137120735, 0.08019484572287036, 0.08047321614928131, 0.07481768532538063, 0.08317817527761379, 0.07106953822866166, 0.07042653123946616, 0.08116359365258977], [0.08230359291355042, 0.07374399094712346, 0.07555037297169803, 0.0740188936397511, 0.07136385379216952, 0.08211427592108003, 0.07999314552989985, 0.08027781600078675, 0.07481245948228867, 0.08308943267744502, 0.07117782777526661, 0.07051803687587609, 0.08103630147306434], [0.08255057350620895, 0.07382709068243537, 0.07552341517200085, 0.07399488053770033, 0.07139217939600462, 0.08210354250452243, 0.07988545563186183, 0.08017829743174217, 0.07481766109416771, 0.08294325113690323, 0.0712366526865139, 0.07055476535802785, 0.08099223486191076], [0.08279049605994819, 0.07388740672951531, 0.07544054538053993, 0.07387892766966737, 0.07130429940700743, 0.08212863786890433, 0.07975379297821875, 0.08006660368738715, 0.0747741394123184, 0.08333333333333334, 0.07119739159772583, 0.07046047671821767, 0.08098394915721636], [0.0830493905273961, 0.07405963801037502, 0.0754443182983532, 0.0738739683897513, 0.07136505739839037, 0.0820711105297608, 0.07963191737626193, 0.07995573587434099, 0.07482751511157158, 0.08294334120518249, 0.07130840598426812, 0.0705269854993482, 0.08094261579499992], [0.08308835503491824, 0.07420227748756907, 0.07546567276181852, 0.07385446743340868, 0.0713564940915477, 0.08221255639326988, 0.07959533161277343, 0.07993456497154862, 0.07488386214665818, 0.08255839610849637, 0.07134423468328559, 0.07050603383145872, 0.080997753443247], [0.08308506443942727, 0.07446035472995043, 0.0755318841877949, 0.07388274326784243, 0.07142825332214961, 0.08219797129139862, 0.07950702703727813, 0.07985759902057293, 0.07500776543580455, 0.0820091709561401, 0.07147938289101166, 0.0705692531126508, 0.08098353030797872], [0.08307958555449646, 0.07474090617420076, 0.0756345245827318, 0.07393835260182431, 0.07152649083308678, 0.08203625476463612, 0.07943881585606875, 0.07979575922918083, 0.07516563064948174, 0.08143266228257451, 0.07162201159622757, 0.07063598536641738, 0.0809530205090729], [0.08298239450018192, 0.07502631264320248, 0.07573238972139494, 0.07403620684562037, 0.07172471064980061, 0.08173350786539059, 0.07930735719965738, 0.07965762150864664, 0.07532398827758771, 0.0810170623325165, 0.07184960982366811, 0.0708176619699199, 0.08079117666241278], [0.08296937135726246, 0.0752248979761084, 0.07585784281600293, 0.07409733138292134, 0.07176297284199688, 0.08153544303520548, 0.07932461327537396, 0.07967570703873662, 0.0754827213424126, 0.08055201451876556, 0.07190719920561976, 0.07081172439424661, 0.08079816081534726], [0.08333333333333334, 0.07533208677763281, 0.07593272269437691, 0.07411458569185007, 0.07174133362308094, 0.0813421162247813, 0.07932851288748242, 0.07967847475248813, 0.07557563465490347, 0.08019184749230025, 0.07189752593264559, 0.0707531945501135, 0.0807786313850114], [0.08283862767886525, 0.07547712268514535, 0.07611532767076316, 0.07422487357175336, 0.07176848744827864, 0.08122692594815295, 0.07944686437106968, 0.07979122306240043, 0.07575740988006617, 0.07979558380606284, 0.07192727681763249, 0.07074100800649483, 0.08088926905331494], [0.0825055594463702, 0.07549720928670038, 0.07624878256923734, 0.07428694589696606, 0.07171190400466049, 0.08121668822560256, 0.07960216457805626, 0.07994257261023954, 0.07586169317020725, 0.07951735094554582, 0.07186197227086513, 0.07065299661073947, 0.08109416038480967], [0.08295052446090584, 0.07545657701045742, 0.0763741740016112, 0.07430493107391398, 0.07155362498210399, 0.08108162661374732, 0.07974947771969881, 0.0800794547147779, 0.07594362445801561, 0.07907567212246158, 0.07169189132784305, 0.07044692092554136, 0.08129150058892201], [0.08293146231626808, 0.07532157868826711, 0.07654150762891, 0.0743667362484684, 0.07138246417586593, 0.08099550701935034, 0.08004064833728788, 0.08035513815608884, 0.0760258701627272, 0.07871158080053488, 0.0714891473269087, 0.07024167248323859, 0.08159668665608416], [0.08054726333797028, 0.07342713488945364, 0.07595866925598786, 0.07438130356359429, 0.07135650833681348, 0.0816069502058359, 0.080872939000064, 0.08106787448257431, 0.07501169267824642, 0.08309906831341489, 0.07098147935093016, 0.07043993549200596, 0.08124918109310887], [0.08095796458217974, 0.07348703105101888, 0.07585148251920037, 0.0742918312921812, 0.07135937314795457, 0.08180302959609856, 0.08066014419369931, 0.08088222461731212, 0.07495276322985014, 0.08303576895812968, 0.0710252674249728, 0.07046273968767049, 0.08123037969973222], [0.08118881381470007, 0.07350193215597495, 0.07577512307142438, 0.0742244600464362, 0.07134087447403202, 0.08187924838312131, 0.08052375983420257, 0.08075802293621298, 0.07490245291162652, 0.08323272086762641, 0.07102928901687582, 0.07045456609598572, 0.08118873639178119], [0.08167217616708465, 0.07358241018358631, 0.07565698834772909, 0.0741076835486433, 0.07131460850670576, 0.08206750490543804, 0.08029886127007192, 0.08056149948448943, 0.074840906863847, 0.08323440640216884, 0.07105774060834373, 0.07044293991468385, 0.0811622737972081], [0.0812750837241662, 0.0734975442038391, 0.07573782767630369, 0.0741741157648278, 0.0712922550141692, 0.08195811005654662, 0.08049809837570232, 0.08074315196654945, 0.07487356351594689, 0.08333333333333334, 0.07099303498447006, 0.07040267780598224, 0.08122120357816323], [0.08204957779809353, 0.0736577989453184, 0.07557582494788599, 0.07404349002617877, 0.07133691766787432, 0.08207716713796616, 0.08009293377967168, 0.08036688821136288, 0.07480538630399992, 0.08333333333333334, 0.07111946338695883, 0.07048323036295277, 0.08105798809840342], [0.0823192811436735, 0.07376554551987938, 0.0755622319633064, 0.07406328168706033, 0.07144553576257309, 0.08198812617734066, 0.07993977375528709, 0.08021371125587456, 0.07482905764672576, 0.08306754213553075, 0.07125407249041615, 0.07061478520654414, 0.08093705525578827], [0.08261740368437814, 0.07384388051585314, 0.07551325683780154, 0.07399239476198177, 0.07140931179058868, 0.08206340075534749, 0.07984371399244453, 0.0801358923247416, 0.0748156642728427, 0.08297524019244476, 0.07125949297345491, 0.07057699866559711, 0.0809533492325235], [0.0829825314486833, 0.07391726121245096, 0.07543533060395087, 0.07392959132486307, 0.07142756174365997, 0.08190270502142412, 0.0796349049438233, 0.07993168493817294, 0.07478185114001439, 0.08333333333333333, 0.07131686164554471, 0.07061111842402461, 0.08079526422005438], [0.08312808921303302, 0.07410771184676139, 0.07545004573702127, 0.07392879856230838, 0.07148953611889186, 0.0818748899483512, 0.07953318065515314, 0.07984421212761277, 0.07484798189816438, 0.08289798792825238, 0.07143317557771783, 0.07067642684705965, 0.08078796353967257], [0.08333333333333333, 0.07418645601399022, 0.07543926392963779, 0.07387938631509759, 0.07143859344644547, 0.08199713414001297, 0.07950037626018008, 0.0798256338941003, 0.07486190779353241, 0.08267333501762135, 0.07141707892837947, 0.07061243621683874, 0.08083506471083021], [0.08333333333333333, 0.07431750612048005, 0.07546456027554443, 0.07387633085092966, 0.07145200509693227, 0.08205888010977808, 0.07946169253336491, 0.0797970154056839, 0.07491811193248207, 0.08237820519802713, 0.07146743293786977, 0.07061803526104887, 0.08085689094452554], [0.08313218288231991, 0.07449572719555683, 0.07552253913682606, 0.07391651274479845, 0.07152591190784004, 0.08204350129148379, 0.07941573478831167, 0.07975662388138811, 0.07501260224209243, 0.0820609572379432, 0.07157980451199873, 0.07068931842479227, 0.08084858375464855], [0.08333333333333333, 0.07457939577269641, 0.0755327919009289, 0.07391317984027941, 0.07154087258817489, 0.08198990950057677, 0.07936490724401235, 0.07970864989218815, 0.07504470150796587, 0.08186070315451846, 0.07161667365645359, 0.07069898080516425, 0.08081590080370751], [0.08333333333333333, 0.07472952953814777, 0.07557630841103379, 0.07394746633130818, 0.07162426340716065, 0.08188203577123211, 0.07930011902923799, 0.07964456450179372, 0.07512094788133114, 0.0815955487233737, 0.071718284685354, 0.07076825497660545, 0.08075934341008814], [0.08333333333333333, 0.0748563322480337, 0.07562958583496913, 0.07396853018049965, 0.0716537903288104, 0.0818183141054877, 0.07928677288573532, 0.07963512122225952, 0.07519715015391937, 0.08131954496246306, 0.07176370045412706, 0.07077300346077584, 0.08076482082958583], [0.08333333333333333, 0.07521324033240347, 0.07574068918549917, 0.07408275060204346, 0.07190063588287228, 0.08142741973617587, 0.07910101384165827, 0.07943990759071172, 0.07539542875801339, 0.08078229093368582, 0.07204873198221265, 0.07099920396044963, 0.08053535386094096], [0.08317472017949555, 0.0753814699697613, 0.07585584833941192, 0.07414068901824356, 0.07193050492749754, 0.08130137302141922, 0.07913492361327729, 0.07947487663269977, 0.07553576002719128, 0.08042324759406454, 0.07209371489926918, 0.07099048800897345, 0.08056238376869555], [0.0828770341139511, 0.0750102872715883, 0.07575530391778175, 0.0740329981666157, 0.07167651426083566, 0.08179204626921868, 0.07937616711385238, 0.07973071800706565, 0.0753345556676904, 0.08098119050294843, 0.07179863565715638, 0.07075788537937829, 0.08087666367191731], [0.08333333333333334, 0.07551089612258431, 0.0759256733846371, 0.07417514975713978, 0.07196030426111527, 0.08113179597358562, 0.07911020818322152, 0.07944726457925103, 0.07563166188912102, 0.08013014681701054, 0.07213683767330245, 0.07099351276234893, 0.08051321526334912], [0.08285774678533629, 0.07571808420156244, 0.07610988584335296, 0.07430579488378233, 0.07203574467837452, 0.08093018211669678, 0.07917295946431402, 0.07950279699503364, 0.07583586714546187, 0.07971941236264374, 0.07222253731231598, 0.0710292859113894, 0.08055970229973597], [0.08267560928480877, 0.07573599794379698, 0.07619768520815348, 0.07433283084701509, 0.07198097916388954, 0.08094522222839327, 0.07927545036110069, 0.07960418152573327, 0.07590668487647359, 0.07953159665110689, 0.07216349091179873, 0.070948159464459, 0.08070211153327052], [0.08258403205545004, 0.07575782459796017, 0.07634147382129242, 0.07438234756514887, 0.07189285969405987, 0.08089442186749045, 0.07941966629478797, 0.07974156080831336, 0.07602155333011806, 0.07918309943395908, 0.07206731177980558, 0.07081816717757572, 0.08089568157403855], [0.08291004577965191, 0.07582506196108946, 0.07647701470006506, 0.07443805291693807, 0.07184434444300082, 0.0806882123516601, 0.07945726342658614, 0.07976299462173461, 0.07614902655035237, 0.07875340618316294, 0.07201768220498042, 0.07072814961479802, 0.08094874524598011], [0.08333333333333333, 0.07558887764148008, 0.07652161165493436, 0.07438920656294108, 0.07157836300808194, 0.08076267599039667, 0.07970969937298167, 0.080014960640173, 0.07610248499496106, 0.07860722084287601, 0.07172176061104472, 0.07043475916111906, 0.081235046185677], [0.0806090775516909, 0.07343565375915721, 0.07593973870829217, 0.0744134671781795, 0.07144807155599762, 0.08149057456290679, 0.08072636444988363, 0.08090496678706541, 0.07500319715481092, 0.08333333333333334, 0.07106667890607235, 0.07055458730042155, 0.08107428875218871], [0.08121758200077078, 0.07352609477321269, 0.07577873044728843, 0.07427802943590063, 0.07145176178179789, 0.08171959422078244, 0.08041072087355657, 0.08062754679977734, 0.07491487131025346, 0.08333333333333334, 0.0711327311760134, 0.0705881211974268, 0.08102088264988636], [0.08100130414017863, 0.07351175209781705, 0.07585172028514865, 0.07434340326944198, 0.07147082770309002, 0.08165874582919018, 0.0805367965209388, 0.080741390569864, 0.07496294355473547, 0.08313421449218057, 0.07112988036323425, 0.07059756730752098, 0.08105945386665957], [0.08140297679866569, 0.0735625167484977, 0.07574247780141902, 0.07422336592112527, 0.07141293046647063, 0.08186969500585806, 0.0803788863177848, 0.08061484340705256, 0.07489836227931726, 0.08313640283500354, 0.07111904833757267, 0.07054690166288703, 0.08109159241834568], [0.0815709768970694, 0.07362343775837255, 0.07572019125020599, 0.07424571305729602, 0.07151695544082137, 0.08177283814493581, 0.08022132675254186, 0.0804516438128045, 0.07490268242586162, 0.0831196106134102, 0.07123472717218259, 0.07067611833806531, 0.08094377833643286], [0.08194955684505814, 0.07370113335425679, 0.07564171361329684, 0.07416760254589991, 0.07151023742573685, 0.08186126057262283, 0.08005851381255145, 0.08030858343293173, 0.07486886315076911, 0.08306728795898595, 0.07127182245080117, 0.0706806865269816, 0.08091273831010769], [0.0816884945422887, 0.07363742493845028, 0.07569353190341753, 0.07419710931414991, 0.07146542139217142, 0.08189051431390024, 0.08021869687230901, 0.08046310639750397, 0.07488628532940668, 0.08302908207203039, 0.07120031100475237, 0.07061808712235432, 0.08101193479726526], [0.08227745574739108, 0.0737972292080389, 0.07559009736107507, 0.07413611261051341, 0.0715659776719899, 0.08182033117007365, 0.07988044557060535, 0.080138892475873, 0.07486100875583952, 0.08300263728152188, 0.07136429483987387, 0.0707554260821065, 0.08081009122509768], [0.08247040589297713, 0.07383667142139877, 0.07554421402537558, 0.07409644729111643, 0.07157055967203825, 0.08178053230726195, 0.07977051455253141, 0.08003449173103923, 0.07483985796415375, 0.08315201522541578, 0.07139149079785181, 0.07076837554599325, 0.0807444235728465], [0.0826536034064804, 0.07388444104053969, 0.07551950216532696, 0.07406507442386652, 0.07156504243332511, 0.08179596638978157, 0.07971068066728873, 0.07998294843792611, 0.07483568160589908, 0.08307749333255894, 0.071408375279117, 0.07076463358825462, 0.08073655722963524], [0.08291148705906787, 0.0739738433865656, 0.07548586991573245, 0.07404229835362157, 0.07160844769305971, 0.08171034973808258, 0.07957398885305884, 0.07985160368727066, 0.07483833810004753, 0.08305207462677966, 0.0714843389234895, 0.07082070469583733, 0.08064665496738659], [0.08333333333333334, 0.07407085483619012, 0.075432643770898, 0.07395851895896309, 0.07155900599602029, 0.08171186639044126, 0.07946235144705657, 0.0797580821122801, 0.07482684644632798, 0.0829927660397421, 0.0714855194818721, 0.07076630667975704, 0.0806419045071181], [0.08333333333333333, 0.07415342455563394, 0.07544171567742756, 0.07395693594133129, 0.07157920068549672, 0.08171512619754949, 0.0794284157320551, 0.07973088911960241, 0.07485721639924292, 0.08283881300675604, 0.07152953659409615, 0.07078587487693312, 0.0806495178805419], [0.08320603260423845, 0.07420495901557102, 0.07545679596544519, 0.0739607207360175, 0.07158768482692772, 0.08176926177215268, 0.07942860083931136, 0.07973598369084978, 0.07488277777135333, 0.08274703860758487, 0.07155130252102208, 0.07079123759284346, 0.0806776040566827], [0.08307041050962907, 0.07435489386946956, 0.07548793214644728, 0.07397541548033958, 0.07163769050265782, 0.08181763625372775, 0.07937760385642251, 0.07969356402956361, 0.07494889819095651, 0.0824754737114464, 0.07163948026122953, 0.07084000620110781, 0.08068099498700275], [0.08307567642083125, 0.07448160156673415, 0.07551093166032183, 0.07397337656603441, 0.0716540914348795, 0.08185065154077664, 0.07933545865404885, 0.07965998522361883, 0.07500213536591974, 0.08222524246530306, 0.07169150573359018, 0.07084979467351935, 0.08068954869442212], [0.08333333333333333, 0.07457298482421032, 0.0755146127114735, 0.0739567192436571, 0.07165265702801123, 0.0818262171931487, 0.07927909402500906, 0.07960918962577142, 0.07503131316750539, 0.08199532304690713, 0.07171978542342874, 0.07084269431789268, 0.0806660760596514], [0.08301058219041642, 0.07486131898291114, 0.07560832541362156, 0.07405138743879894, 0.07185340329897219, 0.08165467039942767, 0.07916628178603023, 0.0794955060309825, 0.07518505867893002, 0.08156989094554688, 0.07195370016409422, 0.07102993386855211, 0.0805599408017162], [0.08306679800252284, 0.0750767145396564, 0.07566582460806408, 0.07410205797581314, 0.07198172715185198, 0.08146747764419189, 0.07905755217103994, 0.07938528917795487, 0.0752941233297058, 0.08120547923599612, 0.0721081324830142, 0.07114043621097177, 0.08044838746921698], [0.08333333333333331, 0.07523386413400988, 0.07572964517194654, 0.07409855112818245, 0.07195941819575838, 0.08137293305758402, 0.07904684761816436, 0.07938141645609104, 0.07539455143269937, 0.08080551762327959, 0.07210914915937437, 0.07107057687750525, 0.08046419581207134], [0.08323776920840277, 0.07506883601283312, 0.07568524544246788, 0.0740527304741356, 0.0718493547151986, 0.0815663143468766, 0.07914524856135466, 0.07948444614090082, 0.07530572083687341, 0.08106887566256366, 0.07198028432946452, 0.07097093480367976, 0.08058423946524872], [0.08305427401219437, 0.07493075505482862, 0.07563520882430477, 0.07404767535055656, 0.07184231116694723, 0.08165317348222549, 0.07916975346095897, 0.07950405608369415, 0.0752246024330932, 0.08139954467067075, 0.07195345165946293, 0.07099764748130546, 0.08058754631975755], [0.08312587012334788, 0.07470351745762197, 0.07556604680836201, 0.0739873855548855, 0.07170502095120204, 0.08181832848162034, 0.07926560200227939, 0.07960023170168858, 0.07510681247861424, 0.08177353665624613, 0.07178976043348326, 0.07087891952315549, 0.08067896782749315], [0.08333333333333333, 0.07503105771410201, 0.07566042465724554, 0.07403926471653519, 0.07183989368750197, 0.08157316727302366, 0.07913377718431178, 0.07947186648153663, 0.07527532262615168, 0.08113685883925369, 0.07196735347582875, 0.07096921475832087, 0.08056846525285484], [0.08317842168479776, 0.07494364426204365, 0.07567499708565617, 0.07400242262034745, 0.07169948039311914, 0.0817670459289995, 0.07928242017292136, 0.07963098553174461, 0.0752562329569982, 0.08117752511243995, 0.07181744666405775, 0.07080834938725773, 0.08076102819961664], [0.08333333333333333, 0.07534412733821201, 0.07579047755959874, 0.07412442510893832, 0.07197619759666778, 0.0812878574641517, 0.07904853893635734, 0.0793842275849451, 0.07547619379194748, 0.08056912627487148, 0.07213791336936498, 0.07106222338276082, 0.08046535825885093], [0.08333333333333333, 0.07547241459505802, 0.0758621069486558, 0.07416336326251387, 0.07201176529573539, 0.08116211595146376, 0.0790390788694144, 0.07937348287674988, 0.07557206208811929, 0.0803091444444692, 0.07218612034931586, 0.07107299737454151, 0.08044201461062962], [0.0831891510944669, 0.07563094673978543, 0.07597009725168224, 0.07423611791900496, 0.07206464274720566, 0.0810048032845161, 0.07904818097451073, 0.07937909239154452, 0.07570451668574285, 0.08000268841090201, 0.072251348997621, 0.07109648432274568, 0.0804219291802719], [0.0829663263725683, 0.075760767977134, 0.07606561170755645, 0.0743194939921608, 0.07212273027953912, 0.08087133681688091, 0.07905726759245449, 0.07938339237886378, 0.07581812678896246, 0.0797729204023271, 0.07231760936751425, 0.07113421089086717, 0.08041020543317125], [0.08261137144667091, 0.07585841101070931, 0.07621412356957476, 0.0743982465183445, 0.07210143397594242, 0.08080852657205978, 0.0791652212905602, 0.07948687411147823, 0.07596053515388097, 0.07945286977737617, 0.07229667023964287, 0.07107341197203784, 0.08057230436172225], [0.08243935802729092, 0.07596165171938053, 0.07637747664317436, 0.07448692751347104, 0.0720813086894023, 0.08069001200944281, 0.0792486578627745, 0.07955933778032401, 0.0761180193188593, 0.07905662491000406, 0.07227615985336783, 0.07101083138683184, 0.08069363428567654], [0.08268698079107517, 0.07596879765415591, 0.0764669704918706, 0.07450576470949727, 0.072003135915485, 0.08059834515355473, 0.07931269643155882, 0.07961508265090324, 0.07618991528172706, 0.0787803205655438, 0.07219319319611651, 0.07090074202181687, 0.08077805513669495], [0.08297692445505861, 0.0759185008354676, 0.07659176365121644, 0.07451965364633548, 0.07187255946684105, 0.080502424335904, 0.07944910470902716, 0.07973863745354197, 0.07626868626883702, 0.07845587133432544, 0.07204724021539427, 0.07073278097450326, 0.08092585265354751], [0.08306351585947705, 0.07563725472759433, 0.07666220428152906, 0.07448925221077726, 0.0716051645061123, 0.08062752603857197, 0.07978541133796009, 0.08007287318959912, 0.0762223990695971, 0.0783666195796116, 0.07173974546217296, 0.0704457146677558, 0.08128231906924135], [0.08310290072354175, 0.07473757711115776, 0.07556565581910399, 0.07402820962090907, 0.0718050891801246, 0.08168984315651168, 0.07919235383005488, 0.07951807248319058, 0.07511784988535301, 0.08178714409021821, 0.07188976455998147, 0.07099956175714409, 0.08056597778270877], [0.08306634819331889, 0.07458630079828109, 0.07553071837938731, 0.07402586582122243, 0.07177797900604346, 0.08169786453394708, 0.07923674913806925, 0.07955437441007113, 0.07504874354648523, 0.08208480575809601, 0.07183225390596341, 0.0709931961949872, 0.08056480031412747], [0.08314655194686946, 0.07442860485593837, 0.07549617832374883, 0.07401724559878066, 0.07174356128299708, 0.08167189686122901, 0.07928399132793991, 0.07959266958149881, 0.07497814655752336, 0.0823607543599093, 0.071756326624462, 0.07096496488856975, 0.08055910779053346], [0.08333333333333334, 0.07434282445800826, 0.07546892946694947, 0.07400281584461105, 0.07171659675858771, 0.08162791875817448, 0.07929222420211882, 0.07959561127896013, 0.07493371953240106, 0.08249943032975629, 0.07170936998385743, 0.07094087653506269, 0.08053634951817935], [0.08313892891110398, 0.0742454380680655, 0.07547636672524063, 0.07403415058245577, 0.07172746197340088, 0.08157148138596823, 0.0793499074368383, 0.07964272611612744, 0.0749115459657195, 0.08272771966140134, 0.07168426090446367, 0.07095715655007417, 0.08053285571914051], [0.0830205492035718, 0.0740839580804376, 0.07548519434535372, 0.074068229516344, 0.07171205826762087, 0.08157531451846313, 0.07944784330309755, 0.07972424902301378, 0.07487178383275349, 0.08292177591046838, 0.07161340262092775, 0.0709432918011352, 0.08053234957681289], [0.08283908491733738, 0.0740347072035364, 0.07551665694265959, 0.07411237180489076, 0.07173362730504229, 0.08157956001856019, 0.07951315797282954, 0.07978052381025004, 0.07488076184956814, 0.0828911630983151, 0.07160859269669427, 0.07096565920268764, 0.08054413317762864], [0.0827457604999493, 0.07503666612804032, 0.07580933756688873, 0.07404739693293456, 0.07163971976956007, 0.08180112672055131, 0.07945445421046321, 0.07981337474262637, 0.07538203464347557, 0.08083846612842753, 0.07176253091269705, 0.07070063739800893, 0.08096849434637705], [0.08311368435382852, 0.07536595475318592, 0.07590860574233889, 0.07413842288045996, 0.07184074816650418, 0.08134130880407735, 0.07925048503718411, 0.07959604564861093, 0.07556862790502417, 0.08030884693450979, 0.07200000752531316, 0.0708751017306051, 0.08069216051835765], [0.083024222698332, 0.07559052476982149, 0.07604805930923125, 0.07423765871912687, 0.07194539593987694, 0.08106319259580075, 0.07922166318102737, 0.07955836029479978, 0.07574720297810067, 0.07989119109959406, 0.0721221433568189, 0.07094728938530008, 0.08060309567216994], [0.08266464234181839, 0.0739443861978729, 0.07552334275962701, 0.07411275077725828, 0.0716832375797394, 0.08162037450860489, 0.0795973321640872, 0.07985949519816186, 0.0748586792452203, 0.0831093620662125, 0.07153171977407985, 0.07090612484834034, 0.08058855253897702], [0.08246102003748507, 0.07386008126488192, 0.07553634874358701, 0.0741223539496765, 0.07164476470526568, 0.081636782924393, 0.07967990674825899, 0.07993502534242226, 0.0748431140783447, 0.08333333333333333, 0.07146604235001507, 0.07085961907481814, 0.08062160744751837], [0.08220433256101396, 0.07382124658058115, 0.07560980736359309, 0.07419793547074278, 0.07167253870242157, 0.08165781916773783, 0.0798155313569147, 0.0800596345568882, 0.07488484752589519, 0.08304982187678095, 0.07146138513304363, 0.0708808606326117, 0.08068423907177527], [0.08192850779040858, 0.07377169476617708, 0.07567573487915068, 0.07426750706896394, 0.07169350910601936, 0.0816311795041232, 0.07993809789835796, 0.08016844899332795, 0.07491812793141356, 0.08294370723231166, 0.07144866731277624, 0.07089537132263506, 0.08071944619433469], [0.0816688959151927, 0.07368234922340326, 0.07570609656398815, 0.07428661653766815, 0.07164555566128386, 0.0816046660568915, 0.08005458605113076, 0.08027397273887463, 0.07491315817240367, 0.08320283929310845, 0.07136953807679317, 0.07083370029257419, 0.08075802541668743], [0.0815477985713458, 0.07363625192513099, 0.07571927611141357, 0.07428849078971034, 0.07160848090271661, 0.08160346226492998, 0.0801211835435204, 0.08033661675224373, 0.07490845425788852, 0.08333333333333331, 0.07131858878472211, 0.07078729937217627, 0.08079076339086826], [0.08136400017770051, 0.07361603551304638, 0.07577977092028862, 0.07433996168700563, 0.07161468573648912, 0.0815921268783107, 0.08023756017464277, 0.08044453738131667, 0.0749456331516031, 0.08313246314263399, 0.07130471050011732, 0.07078373747145071, 0.08084477726539448], [0.08116458333044009, 0.07357643314291722, 0.07582782848171846, 0.07437709350242122, 0.07160081151857416, 0.08155415465825967, 0.08034712540028198, 0.08054407843508907, 0.07496805586706574, 0.08312943753043053, 0.07126926672413277, 0.07075857447515312, 0.08088255693351584], [0.08086622049325688, 0.07353268278263822, 0.07590434244622726, 0.0744682679633573, 0.07162742229999544, 0.0814134912418357, 0.08046133291391587, 0.0806350172303677, 0.07501069841432861, 0.08317947318463595, 0.07126172177821667, 0.07077704984339464, 0.0808622794078297], [0.08057944448741752, 0.07350403605680005, 0.07599369130204733, 0.07456965552955931, 0.07165006072950114, 0.08129317989358087, 0.08060064716473599, 0.08075194846004084, 0.07506646616292534, 0.0830810974927104, 0.07125371122088463, 0.0707877047455815, 0.08086835675421504], [0.0808194614825007, 0.07348470548635724, 0.07589266095619421, 0.07440851658037033, 0.07152509369403809, 0.08148877125779232, 0.08055076570126589, 0.08073254983706174, 0.07498592557582766, 0.08333333333333333, 0.07115913026048108, 0.07065615697303897, 0.08096292886173839], [0.08317670741290407, 0.07529550868601743, 0.0758058784531845, 0.07411351052173094, 0.0719070453180523, 0.08138891454883458, 0.07913852111337039, 0.07947928679097027, 0.07547008715266085, 0.08060316976202912, 0.07206196256569748, 0.07098388874681504, 0.08057551892773311], [0.08304200215425384, 0.07515263177629553, 0.07578000996554526, 0.07407133967433625, 0.07178892683103401, 0.081588497642863, 0.079257248733472, 0.07960516043051928, 0.07540188934265664, 0.08079016925394736, 0.07192766120535746, 0.07086738475767868, 0.08072707823204076], [0.08302383672550895, 0.07534721323094086, 0.07602817675698854, 0.07415760256199634, 0.0716967860049355, 0.08135035384477084, 0.07946520015388005, 0.07981693292809881, 0.07564920477589322, 0.08002829401443057, 0.07184690743708057, 0.07068544490462908, 0.08090404666084663], [0.08309712044159666, 0.07519013974811901, 0.07588427292381483, 0.0740775606089758, 0.07166785455688675, 0.0815576222044806, 0.07941323151214147, 0.07976963040409107, 0.07549052355195024, 0.08044699513205257, 0.07180837034292435, 0.07069542835470598, 0.0809012502182607], [0.0830460869744021, 0.07463609968769196, 0.07559455000013242, 0.07391816866907089, 0.07149006864988203, 0.0821146858827643, 0.07946384108572888, 0.07981884167207949, 0.07510534695117195, 0.08165551352435249, 0.07157272178643037, 0.07061631811730851, 0.08096775699898445], [0.08287825663227723, 0.07489782010557648, 0.07572983366322525, 0.07399248294896069, 0.07157573948993107, 0.08193680646876786, 0.07946022036536468, 0.0798202260528712, 0.0752819883544137, 0.08109904685511611, 0.07168624248861337, 0.07065622072020636, 0.08098511585467605], [0.08269239063782677, 0.07542207483215635, 0.07614838463059904, 0.07422599451183474, 0.07169723212041414, 0.08130607775964718, 0.0795555112041196, 0.0799028816995242, 0.07576219727993085, 0.07975949764103506, 0.07184653859264459, 0.07065947929525597, 0.08102173979501155], [0.08269741029214511, 0.07540766222070817, 0.07628786170100489, 0.07426891938555319, 0.07157920662975197, 0.08124430804868571, 0.0797313656302497, 0.08007266956742873, 0.0758608359079077, 0.07937440393905516, 0.07171701826856176, 0.07049899023306858, 0.08125934817587945], [0.08288426831849567, 0.07590025299020621, 0.07677416558526999, 0.07460937012075788, 0.07180809162498987, 0.08034759807070958, 0.07966834002393118, 0.07986375549973168, 0.07639924557864276, 0.0781013918328457, 0.07196313844904957, 0.07063713223617654, 0.08104324966919328], [0.08288743718247302, 0.07602170181994765, 0.07668874753781277, 0.0746056153761202, 0.07193380106808543, 0.08034283178346781, 0.07945090846517557, 0.07969359992295572, 0.07637785771410115, 0.07823536452353032, 0.07211154184921822, 0.07077934932077809, 0.0808712434363341], [0.08105482125631562, 0.07370729480276819, 0.07578206657344595, 0.07389836395326835, 0.07078955265335404, 0.08307666563169619, 0.08089701503150637, 0.08129784202995623, 0.07495914657877693, 0.08168991774973543, 0.07061908625456748, 0.06977274581401874, 0.08245548167059061], [0.08136505148308457, 0.0736736180629965, 0.07569951574737668, 0.07388175230439488, 0.07085374069567053, 0.0830843555866112, 0.08071845209775892, 0.08109606932417933, 0.07488996283346211, 0.08203601421297833, 0.07067953051078546, 0.06986844080143613, 0.08215349633926533], [0.08162811336045225, 0.07373360693799337, 0.07563484390874893, 0.07383317963905174, 0.07087285662881493, 0.08333333333333334, 0.08053296855430006, 0.08091042759206989, 0.07486148233269455, 0.08201330080720781, 0.07072866887341986, 0.06990166241141003, 0.08201555562050332], [0.08189341304052357, 0.07380426821352212, 0.07559958707092994, 0.07383280612904539, 0.07095170770853776, 0.08310598934462957, 0.08036868151711411, 0.0807387179607426, 0.07485779087771445, 0.08217643898960364, 0.070828108414161, 0.07000205170625827, 0.08184043902721738], [0.08204470392468259, 0.07395132261681292, 0.07559105528983483, 0.0738092487719222, 0.07098048650950467, 0.08306057208111453, 0.0802299027530771, 0.08060928080244943, 0.0748955293151328, 0.0821015458661862, 0.0709038603011073, 0.07003252571709705, 0.08178996605107836], [0.08201349084427109, 0.07408108329256431, 0.07561900754599934, 0.07380556950230278, 0.07098971242634448, 0.08316242470543196, 0.08017538633555786, 0.08056404268543245, 0.07495452796786246, 0.08184883767631491, 0.07094914178290686, 0.07003254901681757, 0.08180422621819393], [0.08167283198866461, 0.07422218967035177, 0.07576596486538605, 0.07388437651309956, 0.07100422320363298, 0.08290785996502852, 0.08032591579869018, 0.08072830828481564, 0.07510364839960804, 0.0813588006630725, 0.070979054307215, 0.07001600553136071, 0.08203082080907449], [0.08122840378383904, 0.07409717844792094, 0.07589482395337906, 0.07391554956915866, 0.07083927722430976, 0.08306960946235965, 0.08072129000698065, 0.08114435418934712, 0.07516005236693579, 0.0808536580374902, 0.07076889688878724, 0.0697948882486905, 0.08251201782080142], [0.08085606082328044, 0.07385518163891663, 0.07589952820547916, 0.07391235663058124, 0.07072414237816284, 0.08307948546547277, 0.08100962680385776, 0.0814411656236793, 0.07508949777441053, 0.08105487009172581, 0.07058868329589688, 0.06966376367092444, 0.08282563759761219], [0.08072822705762185, 0.07371986136260152, 0.0758502730852237, 0.0738913854574658, 0.07069015328560078, 0.08333333333333334, 0.08105820132680079, 0.0814827888361465, 0.07501233573110097, 0.08130266846189621, 0.07052380919290838, 0.06963728604758919, 0.08276967682171107], [0.0811304283316476, 0.0738019588150132, 0.0757698983346476, 0.07386038533550802, 0.07077281115410912, 0.08333333333333333, 0.08079877526339012, 0.08121051794886336, 0.07497896067078423, 0.08147294291604484, 0.07063797735693411, 0.06975047581566858, 0.08248153472405581], [0.08124677929430292, 0.0737466560511148, 0.07574390929468484, 0.07388276991427582, 0.07082778273499749, 0.08308029484729725, 0.08077136927833656, 0.08116691714382462, 0.07494357455416231, 0.08176133235303862, 0.07067270075791783, 0.06982524033115332, 0.08233067344489374], [0.08160160380667203, 0.07388937877975672, 0.07567325173527607, 0.07382291160081722, 0.07086780398587324, 0.08333333333333333, 0.0804948895927638, 0.08089169552457515, 0.07493565093907102, 0.08171054588042495, 0.07076839097263982, 0.06988149321860525, 0.08212905063019137], [0.08137792455570139, 0.07404141776167626, 0.07578049082711576, 0.07387906978702401, 0.07089797233850315, 0.08309226355800339, 0.08055868023416637, 0.08096842551109432, 0.07505929671966306, 0.08134351480811668, 0.07082403567101037, 0.06989138209860159, 0.08228552612932362], [0.08140632416815577, 0.07395957959538373, 0.07575580056847196, 0.07387017798020969, 0.07087908383637148, 0.08310698855050595, 0.08059410234345181, 0.08100064513170464, 0.07501652103396943, 0.0814585704090357, 0.07078545775935918, 0.06987663975126525, 0.08229010887211542], [0.08108566267749329, 0.0739705276556268, 0.07582495091470924, 0.0738806992407536, 0.0708109906239691, 0.08333333333333333, 0.08073313462614154, 0.0811531022790427, 0.07507023797779246, 0.08113609644223192, 0.07071616513548346, 0.06977935150127532, 0.08250574759214718], [0.08160822784211944, 0.07384386349095415, 0.07567314125267774, 0.07384533009771944, 0.07089271601128459, 0.08317723327374034, 0.0805216766878855, 0.08091102072998368, 0.07492199681978647, 0.08181697396441373, 0.07077523915996581, 0.0699141335003492, 0.08209844716912006], [0.08185248222571892, 0.07399924442354264, 0.07563076491050956, 0.0737976297830977, 0.0709228382954988, 0.08333333333333334, 0.08029423262864921, 0.08068752675759402, 0.07493821001384551, 0.0817947988537251, 0.0708611100107406, 0.069952019762481, 0.08193580900126374], [0.08166120414360063, 0.07412356725021342, 0.07573017634578756, 0.07385845586412344, 0.07096024537488549, 0.08304888405636676, 0.08036516524641629, 0.08076713881674698, 0.07504771906614793, 0.08148633254169506, 0.07091524847249088, 0.06997346386919558, 0.0820623989523299], [0.08141468277754947, 0.07417855019035496, 0.0758673280659818, 0.0739092380677866, 0.07089770762235263, 0.08299408655245263, 0.08057521431446815, 0.08099199240678431, 0.07516469489839554, 0.0809476352861479, 0.0708516705428231, 0.06986797832083927, 0.08233922095406364], [0.08164270108285034, 0.07428419380039251, 0.07583112410105682, 0.0739113536836902, 0.0709947543065782, 0.08281852503994172, 0.08038321794354837, 0.08079056332032905, 0.0751701719411445, 0.08109778027985066, 0.07097809872620811, 0.06998896775332315, 0.08210854802108616], [0.08187366347663062, 0.07392153486568136, 0.0756255324695112, 0.0738216245970829, 0.07094466650595323, 0.0831031902895673, 0.0803400387190062, 0.08072474168478504, 0.07491121873078588, 0.08197606215866035, 0.07085575220484201, 0.06998342256192323, 0.08191855173557085], [0.08192413991130633, 0.07415464714955047, 0.0756659229286113, 0.07382933768217621, 0.07100343682362582, 0.08308900162517387, 0.08019764680752224, 0.08059134048282597, 0.07501061886867011, 0.08166268755590185, 0.07097600633569176, 0.07003708522530586, 0.08185812860363827], [0.08186861891490255, 0.07429000128643654, 0.07573868639027276, 0.0738768981374074, 0.07105483896585045, 0.08286538260584513, 0.08019434168926252, 0.08059128289183952, 0.07510440176077988, 0.08140779388763837, 0.07105099545671391, 0.0700799749974517, 0.08187678301559922], [0.08012734085386733, 0.07350714900598203, 0.07607758512656167, 0.07412100822995175, 0.07073910119536755, 0.08252076330501151, 0.0816759697768985, 0.08207893026192008, 0.07511207616576733, 0.08130002111560407, 0.07045487284099661, 0.06966211282889086, 0.08262306929318064], [0.08035665327929095, 0.07356027526377013, 0.0760380441856296, 0.07403440078410746, 0.07064897840689936, 0.08269838973300718, 0.08158899936279213, 0.08202232013544991, 0.07509985378692387, 0.08110448899151594, 0.07040147052698487, 0.06955740010802472, 0.08288872543560392], [0.08075135416350385, 0.07369883290081902, 0.07601891300764836, 0.07394556280609749, 0.07056410884493285, 0.08273753108107286, 0.08141580248822483, 0.08186841993129751, 0.07512949913557873, 0.08070885555143224, 0.07037655243001084, 0.06945123432604795, 0.08333333333333331], [0.08112398899157261, 0.07395900125563658, 0.07620003152192567, 0.07405744348388368, 0.0706568181964523, 0.0823059317489486, 0.0813833134636336, 0.08182174468883716, 0.07534318923638784, 0.08016128543109896, 0.07050952041424924, 0.06951890466771515, 0.08295882689965851], [0.08086607809445218, 0.07400954544490063, 0.07662656765454996, 0.0743564219063242, 0.07071017686534424, 0.08142893462854905, 0.08182517485943525, 0.08216662865366682, 0.07567435404854755, 0.0793885500306052, 0.07050014004758946, 0.06950037416274883, 0.08294705360328668], [0.08015732034432652, 0.07370060658779265, 0.0767635696734406, 0.07451625940961627, 0.07070605650499615, 0.08112505399536774, 0.08249119639199076, 0.08274579760857682, 0.07567457258535437, 0.07955601003081722, 0.07037524264731479, 0.06948189322406945, 0.08270642099633668], [0.07971062917028626, 0.07333380625674019, 0.07656974567409058, 0.07441126236693527, 0.07058162190501172, 0.0812109544123104, 0.08284180261072632, 0.08333333333333333, 0.07541731874775182, 0.0800949763945935, 0.07017880033753027, 0.0693798655301432, 0.08293588326054716], [0.0797002620589612, 0.07331070520418469, 0.076379261083822, 0.0743372923226864, 0.07067017291927807, 0.08161772960599468, 0.08246184683411226, 0.08281389775382217, 0.07527082076764365, 0.08075987578750361, 0.07027809323995601, 0.06952579548554973, 0.08287424693648558], [0.08002882358834353, 0.07345965046080231, 0.07616910883977443, 0.0741871603468689, 0.07072467636086081, 0.08227312491244711, 0.08190447649024589, 0.08230610691770182, 0.07516387949445925, 0.08116558968689909, 0.07041051063053579, 0.06962845895122624, 0.08257843331983462], [0.08030070444819189, 0.07353912136461412, 0.07610699390641165, 0.07408584700465683, 0.07064840786525924, 0.0825197854730003, 0.08174468444006774, 0.08218270239310059, 0.07514341998732096, 0.08098337454682442, 0.07038182929175231, 0.06954426585734577, 0.08281886342145435], [0.08059281291980797, 0.07363634841706727, 0.0761196259385081, 0.07402988866565861, 0.0705684353903865, 0.08250267579462568, 0.08167175699924596, 0.08213116836720295, 0.07518348426447091, 0.08062869079140632, 0.07034222611639508, 0.0694399305340301, 0.08315295580119446], [0.08074783549559418, 0.07370201440699486, 0.07613334597769868, 0.07401281366678092, 0.07054674861312636, 0.08243804836374254, 0.08160839553705819, 0.08206711226225079, 0.0752144620436387, 0.08044564043922622, 0.07034237181162795, 0.0694078780489273, 0.08333333333333334], [0.08071526981149613, 0.07371336876020088, 0.0762614492544157, 0.0740941415635469, 0.0705433318345075, 0.0821246383406889, 0.08179409878622645, 0.0822488923960617, 0.07531217853549146, 0.0801596440680238, 0.0703210414786405, 0.06937861183736682, 0.08333333333333334], [0.08017089300340846, 0.07347049406394884, 0.0762691434926074, 0.0741795293990819, 0.07058754863429079, 0.08204600774139822, 0.08213757261205906, 0.08259978585331983, 0.07524063561524405, 0.08062341163810768, 0.0702786270515234, 0.0694409719478297, 0.08295537894718058], [0.08001799947937197, 0.07339409941957054, 0.07639809510349084, 0.07424393915687662, 0.07051165406864827, 0.08162488348231793, 0.08245801575490089, 0.08294187941187825, 0.0