[[0.07166912261800314, 0.06931998012559741, 0.07452982031640466, 0.0734736975122264, 0.08061927517087246, 0.07154679765240785, 0.0828640910930163, 0.08033455791888189, 0.07883461538184676, 0.07358224922699581, 0.0810709653038768, 0.08169590935245159, 0.08045891832741883], [0.07169627079467845, 0.06928075779584562, 0.07439839799340199, 0.07339529682163708, 0.08040297527078491, 0.0715303975611611, 0.0831417069675426, 0.0801002762391343, 0.07895079576157389, 0.07343387998339376, 0.08099344843055158, 0.08183709257600447, 0.0808387038042902], [0.07177635716835364, 0.06929972196488013, 0.07427976709913026, 0.07334317687562722, 0.08013824682169743, 0.07156137160423581, 0.08333333333333334, 0.07982214086254341, 0.07907515717235322, 0.07330292215541716, 0.08085560897816677, 0.08191168731751097, 0.08130050864675069], [0.07188217207375748, 0.06933783834856107, 0.07421543674694962, 0.07333723777113844, 0.07995978828565672, 0.07162325807007407, 0.08315032240867667, 0.07963144678319148, 0.0792364499609725, 0.07321728193703461, 0.08077409744064526, 0.08195998879116431, 0.08167468138217786], [0.07201083347541729, 0.06940356056674274, 0.07414415397362493, 0.07333392733712653, 0.07972574759463778, 0.07170379973911042, 0.08304536490374247, 0.07938964309277151, 0.07948051424670254, 0.0731296216032069, 0.08062127561002491, 0.08189401761149101, 0.08211754024540115], [0.07209708406704997, 0.06941003352483609, 0.07409434075851445, 0.07333180618275274, 0.07960098266512677, 0.0717503843850062, 0.08287187311800992, 0.07925455608820225, 0.07968998093944457, 0.07304924680547155, 0.0805638559908585, 0.08187851292404676, 0.08240734255068027], [0.07210951441379043, 0.06921776631897691, 0.07393393476560668, 0.07323415937673118, 0.0794430357428109, 0.07169104537591264, 0.08333333333333334, 0.07907051432841176, 0.08004410082821839, 0.07280155022818272, 0.08053548821293859, 0.08189868021828377, 0.08268687685680287], [0.07228596306141338, 0.0692358731302201, 0.07390055626637873, 0.07327694961084522, 0.079294790662123, 0.0718009276760747, 0.08286702558941313, 0.07890760573612247, 0.08043575342900486, 0.07270182702733977, 0.08047478819567479, 0.0818241124404673, 0.08299382717492249], [0.07240493056224795, 0.0691486026446578, 0.07387022493366148, 0.07330547893307657, 0.07924534388073912, 0.0718551078267158, 0.08240125004187517, 0.0788373189007982, 0.08085931937939862, 0.072576452933525, 0.0805241316049312, 0.08198527903189681, 0.08298655932647618], [0.07260902941238474, 0.06907608411434091, 0.07383930282216342, 0.07336632749717427, 0.07910351307834403, 0.07196729616949743, 0.08172188425813101, 0.07867688194306763, 0.0814598158196215, 0.07242116196586079, 0.08047372338115998, 0.08195164620492121, 0.08333333333333336], [0.07293808206786787, 0.06914426791691869, 0.07393755866433513, 0.07355947673452866, 0.07901600967531897, 0.07221198453592553, 0.08101371772898122, 0.07858038909920174, 0.08211916485323005, 0.0723965942305794, 0.08042835365881806, 0.08175035363423204, 0.08290404720006268], [0.07324236737629662, 0.06927708285662777, 0.07400165634633032, 0.07371532842718095, 0.07882066264447181, 0.07244606188119268, 0.08048964787827538, 0.07839064322077423, 0.08262298228587521, 0.07238915913425972, 0.08021232808523156, 0.08136922791897738, 0.08302285194450645], [0.0734784054434017, 0.06929582106439816, 0.07414180901783658, 0.07390893000588039, 0.07883608182243292, 0.07263217489037992, 0.07991354978147383, 0.07840439284423333, 0.08295366767907714, 0.07241444881490647, 0.08021620011123548, 0.0811227289116533, 0.0826817896130908], [0.07371723691269579, 0.06941777747275446, 0.07433098789681072, 0.07413273621483914, 0.0788874435180779, 0.07284891063739624, 0.07951192695153339, 0.07846173843074267, 0.08275486504668574, 0.07253295518341671, 0.08022571011842056, 0.08091115155336781, 0.08226656006325887], [0.07379871986465537, 0.06932698896984517, 0.07446970255605889, 0.07427847393744014, 0.07898366126577756, 0.07291891664670053, 0.07898901621055661, 0.07856079261790033, 0.08333333333333333, 0.07255847884251956, 0.08033204954571513, 0.08074668846194166, 0.0817031777475557], [0.07382241571769778, 0.06929116309223095, 0.07464355427995904, 0.07442317348811638, 0.07917428888751313, 0.07296869783641301, 0.07865271985117807, 0.07875675068556279, 0.08301820447672069, 0.0726635416873904, 0.08058680517186194, 0.08073709555721331, 0.08126158926814266], [0.07385573483260398, 0.0692708678095548, 0.07488651165829993, 0.0746252135764906, 0.07938387174853292, 0.07304541160035143, 0.07816551013994759, 0.07898335543593879, 0.0828686912513111, 0.07282144313239794, 0.08085501716608177, 0.08060027834519429, 0.08063809330329491], [0.07368445081380667, 0.06913705946906729, 0.07510880302927037, 0.07473999397734386, 0.07972690149119858, 0.07296670054371285, 0.07773664322111142, 0.07934607148206521, 0.08284668946141752, 0.07298057965835818, 0.08123034897447619, 0.08050235324023897, 0.07999340463793278], [0.07167803154415898, 0.06952740914126591, 0.07470647389053175, 0.07358946640764594, 0.0806832065107454, 0.07162678648545238, 0.08305929083078602, 0.08045517158055825, 0.07854398219767814, 0.0738468701538934, 0.08089529842825216, 0.08131381564016874, 0.08007419718886295], [0.0717460354369041, 0.06950815449711038, 0.07456806903209838, 0.07352102682704598, 0.08046176902916372, 0.07163850159934299, 0.08298472568796768, 0.0802015936183657, 0.07872650224409558, 0.07368294924184242, 0.08086964555477766, 0.0815405260385537, 0.0805505011927317], [0.07176147764782671, 0.06947292502065947, 0.07447057294764857, 0.07346143401295513, 0.08031352332838175, 0.07162228781373252, 0.08321535511567679, 0.08003882632097128, 0.0788069221631265, 0.07357115590719027, 0.0808185780991956, 0.08162827273729421, 0.08081866888534134], [0.0718380276722373, 0.06939794619984681, 0.07430319524589574, 0.07337844032820086, 0.0800726614305679, 0.07162373376883592, 0.0832169597400859, 0.079763704583569, 0.07905507796991705, 0.073347384715121, 0.08077938774542333, 0.08184426457465525, 0.08137921602564419], [0.07173770054677908, 0.06939045620609091, 0.07440940462457728, 0.07341387099719257, 0.08029013977866392, 0.07157951833828678, 0.08333333333333333, 0.08000222731130625, 0.07887486916295179, 0.07348398569226948, 0.08085180067311655, 0.08171758909788425, 0.0809151042375478], [0.07192394192737246, 0.06940209589602991, 0.07419433664196996, 0.07333583862678192, 0.0798386117284355, 0.07165794455297457, 0.08333333333333334, 0.07951587038928246, 0.07925724873753599, 0.07321356724745691, 0.08065278546402739, 0.0818534640076618, 0.0818209614471379], [0.07207073060869452, 0.06953916278222984, 0.07418700615567214, 0.07338045214046633, 0.07966164217496743, 0.07177608518790476, 0.0830205059565832, 0.07933922687148581, 0.07941107673688318, 0.07321122035424035, 0.08051299394226345, 0.08175006936795831, 0.08213982772065072], [0.07212141710020063, 0.0694323393812874, 0.07408428040159622, 0.07333311287324765, 0.0795516182629668, 0.07176822424325689, 0.08290980519822332, 0.07920604966623164, 0.07971588985413117, 0.07304088818291776, 0.08051845052014597, 0.08183134372488902, 0.08248658059090558], [0.07220335013180194, 0.0694297607777444, 0.07397665792412943, 0.07328994432507929, 0.07930343856369153, 0.07179952446006498, 0.08333333333333334, 0.07895184662706882, 0.07992250193186316, 0.07290690439742753, 0.08032651127049341, 0.08163848398921333, 0.08291774226808891], [0.07239503937532511, 0.06944229852170178, 0.07395074559778787, 0.07334350222004729, 0.07918062604812147, 0.07191940377415448, 0.08281519081873709, 0.07881044038088365, 0.08034843454903132, 0.07280388469905959, 0.0803038668681492, 0.0815975127318723, 0.08308905441512879], [0.07243503784425957, 0.0693052936270128, 0.07388235128411641, 0.07331750331356024, 0.07913382573605784, 0.07190606347504995, 0.08254316644787535, 0.07874441896721034, 0.08066794059692527, 0.0726551217738687, 0.0803423421603465, 0.08173360144038382, 0.08333333333333334], [0.07260149526489865, 0.06932458523966278, 0.07391150251844122, 0.07340007855418043, 0.07909905322672861, 0.07202209601009187, 0.08218969179845761, 0.07869754776353242, 0.0810278093408774, 0.07261662201201925, 0.08036811613380072, 0.0818073415979451, 0.08293406053936393], [0.07273594266779154, 0.06929739146247285, 0.07390070943416215, 0.07344543765756167, 0.0790139575812624, 0.07210155072761412, 0.08179676165263561, 0.07860228643420317, 0.08138644776639434, 0.0725338552146225, 0.08033265149872063, 0.08177568116150843, 0.08307732674105059], [0.07284986178680576, 0.06932328353145473, 0.07391814001440399, 0.07349998016256293, 0.07895836838839557, 0.07218317576942228, 0.081555880070508, 0.07854347366440995, 0.08160888418974184, 0.07251246147039438, 0.08029481169490875, 0.08171183113322757, 0.08303984812376414], [0.07304530374469792, 0.0694157084997926, 0.07397484165406426, 0.07360978740774535, 0.07888300440407203, 0.0723373456319655, 0.08123677660242522, 0.07846744687767968, 0.08190890818824781, 0.07252421088212391, 0.08022793358014142, 0.08158240997094694, 0.08278632255609743], [0.07315506886959053, 0.06937299501709301, 0.07399259785804872, 0.07366778319630041, 0.0788492791676991, 0.07240431168995208, 0.08089163019086953, 0.07842690944888123, 0.08224882792757246, 0.07246960950729932, 0.0802190313825541, 0.08149638399792472, 0.08280557174621468], [0.07352010462934487, 0.06951429033298244, 0.07404356785902994, 0.07383714439731479, 0.07856964214271069, 0.07267691534317484, 0.08021207739847043, 0.07815499826001111, 0.08279618276656567, 0.07243039248660052, 0.07990994451194959, 0.08100140653851189, 0.08333333333333334], [0.07369777281121577, 0.06949846472928013, 0.07415257614492869, 0.07398737762608547, 0.07859597122304007, 0.07281227931734915, 0.07976036854752841, 0.07817858140155332, 0.08333333333333334, 0.07243818248546126, 0.07993119810271297, 0.08083851933433187, 0.08277537494317964], [0.07317254145117583, 0.06915836008956922, 0.07398630894238996, 0.07368573568557045, 0.07888973309384291, 0.07237692036237232, 0.08043211255402734, 0.0784524167857412, 0.08263021964120872, 0.07234331922126444, 0.08030318525834401, 0.08143225232774098, 0.0831368945867526], [0.07396253027490367, 0.0696754616794599, 0.07433477005251359, 0.07421095537182433, 0.07861267446947977, 0.07305322153547548, 0.0794422156568973, 0.07820323028199241, 0.08297014153266458, 0.0725712216970599, 0.07990755365555498, 0.08065898362182082, 0.0823970401703533], [0.07420623388217702, 0.06975508970460025, 0.07455058485643269, 0.0744618921399278, 0.07867591217292762, 0.07327285524738723, 0.07893928756156163, 0.0782748737387768, 0.0830441654848172, 0.07268666911582765, 0.07996096802305713, 0.08041142205524168, 0.08176004601726539], [0.07419807890332093, 0.06966584515139822, 0.07463546130415492, 0.07453175530314235, 0.07878774971838076, 0.07327254259197985, 0.07869927366971932, 0.07838704868158392, 0.08312210307394542, 0.0727081182130061, 0.08012605207508688, 0.08042238755548153, 0.08144358375879977], [0.07424763173800907, 0.06963230468548527, 0.07484429117511122, 0.07471502478136782, 0.07897244645694097, 0.07334855508076352, 0.07829440048898811, 0.07858162394525983, 0.08283015171287914, 0.07283001051628822, 0.08037370170514042, 0.08037217225478814, 0.08095768545897834], [0.074340879585606, 0.06961743285928247, 0.07502814269525718, 0.07489934650208434, 0.07900851337843053, 0.07345353223228963, 0.0777855794838985, 0.07863817530117222, 0.08333333333333334, 0.0729193460551411, 0.0804448359168541, 0.08012924741075426, 0.08040163524589639], [0.0740600504942467, 0.06937914978756485, 0.07510911682714677, 0.07487264080457391, 0.07932685497657486, 0.07325251368203438, 0.07762720290270053, 0.07895829400610896, 0.08333333333333333, 0.07295958233956283, 0.08079994036614882, 0.08022961836233374, 0.0800917021176703], [0.07173648812471688, 0.06968510593870132, 0.07472035703472822, 0.07361475328107311, 0.08050447070723084, 0.07169632083321895, 0.08333333333333333, 0.08029641254675067, 0.07844590730342219, 0.07391869144379234, 0.08070171793897667, 0.08118665929740833, 0.08015978221664716], [0.07184183701163098, 0.06965948239360421, 0.07451542919827252, 0.07351516036287425, 0.08017507781378655, 0.0717175568302799, 0.08333333333333333, 0.07992199366624753, 0.07869866472671545, 0.07367375562612533, 0.08063418835493107, 0.08144974037575277, 0.08086378030644602], [0.07182697326035287, 0.06969439870552185, 0.07460818721592029, 0.07357167700830555, 0.08031057885597785, 0.0717330475693093, 0.08310111857261278, 0.08007197884283515, 0.07862491885336115, 0.07378151043767549, 0.08068150805550399, 0.08138040946973035, 0.08061369315289325], [0.0718585078029066, 0.06957629205286124, 0.07444701906945238, 0.07347770069862772, 0.08015090472478448, 0.07169880469850083, 0.08310279458984865, 0.07987467909524794, 0.07885045256405976, 0.07356037761857401, 0.08070901593129255, 0.0816199098474135, 0.0810735413064303], [0.07197217982507918, 0.06973692844255554, 0.07445000789054121, 0.07351635478786445, 0.0799708601840833, 0.07180221709499694, 0.08308395292576105, 0.07970211682175006, 0.07883546968383331, 0.07359538193898092, 0.08054510286697149, 0.0815124837473038, 0.08127694379027874], [0.07204381467282295, 0.06968879481667704, 0.07433159087564466, 0.07346385777490107, 0.0797933741838441, 0.07181551469596996, 0.08302197213385852, 0.07950070990751604, 0.07908465155498778, 0.07343090668627314, 0.08050043548001397, 0.0816105206679625, 0.08171385654952801], [0.07196147873149608, 0.06964107592569922, 0.0743936349498625, 0.07347727836001054, 0.07997474301736604, 0.07176607436714555, 0.08297731432763139, 0.07968874769964293, 0.07894979136493345, 0.0734992577360697, 0.08061695347311647, 0.0816450215396315, 0.0814086285073947], [0.07215762869773054, 0.06973831229890763, 0.07426212091846038, 0.07345700189048779, 0.07959104113552491, 0.07188406128788179, 0.08294592241863451, 0.07928827020305576, 0.07929908848281947, 0.0733419809676267, 0.08037735146477587, 0.0815608490572164, 0.08209637117687822], [0.0721987165582583, 0.06972757318626854, 0.07419786553419704, 0.07342874496324427, 0.07946428729093671, 0.07189591949333697, 0.08312067440864736, 0.07915468168359917, 0.0794211887741921, 0.07326003754982077, 0.08029693078039847, 0.08151213080564217, 0.08232124897145802], [0.07223877131337866, 0.06969396379404388, 0.07414977740741724, 0.07341192492697292, 0.07939564305071016, 0.071905772306191, 0.0830326458850534, 0.07907564812828201, 0.0795722966399051, 0.07318127690665019, 0.08028135562065408, 0.08152647380422418, 0.08253445021651709], [0.07234246492621363, 0.06972921504078838, 0.07410011104286134, 0.07341523401709145, 0.07923677600433453, 0.07196927617126368, 0.08300240803676985, 0.07891013804006429, 0.07975374733748163, 0.07310765977020421, 0.08017222288837732, 0.08142375217171502, 0.08283699455283461], [0.07240626096262262, 0.06959300474986603, 0.07398089102989243, 0.07336229160876188, 0.07910112923254338, 0.07196121618465876, 0.08293018675497701, 0.07875105801888482, 0.08011652864154016, 0.07290282374733216, 0.08014735410809254, 0.08141392162749476, 0.08333333333333331], [0.07250552285697053, 0.06961173752356113, 0.07398675441583125, 0.07340268062713716, 0.0790667139141402, 0.07202927770601472, 0.08274763931466725, 0.07870847413233331, 0.08031340008551169, 0.07287311858867274, 0.08015470836399582, 0.08141678068735587, 0.08318319178380823], [0.07251205923083359, 0.06954936478506948, 0.07395408648832902, 0.07338519931032804, 0.07904967051187606, 0.07201535076039196, 0.08263518353731539, 0.0786836442358815, 0.08043090913873588, 0.07280939912827569, 0.08017093604175676, 0.08147086349787341, 0.08333333333333334], [0.07264232492037345, 0.06953516332804065, 0.07393873242806417, 0.07342421538076736, 0.0789748334705955, 0.07209314268949828, 0.0823060756331351, 0.07859648191687481, 0.08074936344802239, 0.07273074734927128, 0.08015724843519345, 0.08151833766683024, 0.08333333333333334], [0.07280697672324363, 0.06956235637893707, 0.0739683550901732, 0.07350576437889678, 0.07893560146465191, 0.07220951899059252, 0.08200672709341715, 0.07854707829869945, 0.08108530103447902, 0.0726981663876228, 0.08016819471504597, 0.0815582668883655, 0.08294769255587506], [0.07294498599485634, 0.0695903349162825, 0.0739903860921706, 0.07357217178183723, 0.07888318351202118, 0.07230770271305917, 0.0817344835829966, 0.07848873716566625, 0.08135380607999607, 0.07267137766485716, 0.08014610550005513, 0.08153241125604589, 0.08278431374015578], [0.07326481619355568, 0.0697500165826517, 0.07406439516860924, 0.07373749471488011, 0.07872847281770722, 0.07255770240920505, 0.08121744703013122, 0.07833344938206725, 0.08178375464114217, 0.07267890545035025, 0.08000564692197416, 0.08131917061719122, 0.08255872807053465], [0.07351578166373585, 0.06985319566313049, 0.07411321940019469, 0.07386222805444491, 0.07858584386446765, 0.07274834891654208, 0.08077460690555793, 0.07819174290519479, 0.08211832892205187, 0.07266647701564537, 0.07986421050463308, 0.08108965775980802, 0.0826163584245933], [0.07359887608651246, 0.06965315215555594, 0.07407912072675787, 0.0738834371805914, 0.07852357809228676, 0.07275971544555203, 0.08025680737453963, 0.07811638475505453, 0.08267156410308656, 0.07249930045733304, 0.07984139520334842, 0.08094739106943273, 0.08316927734994867], [0.07340550328559341, 0.06956035697299177, 0.07404179114880093, 0.0737877393484879, 0.07865738056941361, 0.07261006517685416, 0.08058227917793141, 0.07824529474296688, 0.08246134278995976, 0.07250161315145709, 0.07999350225280202, 0.08118660964398584, 0.0829665217387551], [0.07332184347890003, 0.06968943003739148, 0.0740676398133028, 0.07376527348551548, 0.07872430039852316, 0.07258406666696623, 0.08100576730608516, 0.07832192373631489, 0.0820354035824461, 0.07262620363280056, 0.08002842173970627, 0.08131104254980975, 0.08251868357223793], [0.07304030917976763, 0.06955368703883125, 0.07398983222281455, 0.07361022593289356, 0.07884267380521955, 0.07236224438384194, 0.08145700729106704, 0.07844013773834593, 0.08163822284440864, 0.07261062908574063, 0.08014031773235006, 0.08151088871655335, 0.08280382402816595], [0.07340007343401413, 0.06960796018349094, 0.07405073938046978, 0.07378878804587746, 0.07866177651429047, 0.07261679450876989, 0.08067606452992586, 0.07825276009060647, 0.08235627909137458, 0.07253621882406255, 0.07998842870749058, 0.08120390530059973, 0.08286021138902742], [0.07321005740691244, 0.06934767472036645, 0.07399731025785902, 0.07369438953445753, 0.07881992423360258, 0.0724365003662855, 0.08070525921310094, 0.0783949997946591, 0.08242451377343248, 0.07243661680293773, 0.08019752167543909, 0.08142392443866373, 0.0829113077822832], [0.07370510835823993, 0.06962162575007294, 0.07412153377767916, 0.07395794133574125, 0.0785104424191375, 0.07283188976743275, 0.07995751360182762, 0.07810047878776771, 0.08298626947841868, 0.07247394001145528, 0.07983078571619076, 0.08083527235112002, 0.08306719864491637], [0.07386297104566115, 0.06965334570757899, 0.07420506651152939, 0.07407841820578924, 0.07849522916127027, 0.07295748949521577, 0.07963841074957896, 0.07808665781728062, 0.08333333333333334, 0.0724940608840956, 0.07980075013898058, 0.08068056248027888, 0.08271370446940729], [0.07412125142112679, 0.06980239523846005, 0.07439568591799257, 0.07430806138475031, 0.07853359434070704, 0.07319128933214189, 0.07929052801617566, 0.07813192725596846, 0.083017574637223, 0.0726223774204236, 0.0797994110856866, 0.08050691566295382, 0.0822789882863901], [0.07425511253281548, 0.06983165327716488, 0.07448644830546981, 0.07442654660640738, 0.07852513135610004, 0.07330354123281904, 0.07899929778901461, 0.0781281447021442, 0.08333333333333333, 0.07265601515099938, 0.0797750549916378, 0.08033638308653203, 0.08194333763556193], [0.07435701272271232, 0.06979971027651195, 0.07465661080034978, 0.07459897675027231, 0.07864536086026878, 0.0734032617235322, 0.07860391719141885, 0.07825333809767726, 0.08333333333333336, 0.07273198839943854, 0.0799682572803487, 0.08025615925869198, 0.08139207330544422], [0.07454834394893056, 0.06989964374715979, 0.07492619149052208, 0.074872351116527, 0.07877192309422112, 0.07360710665193494, 0.07816432311117864, 0.07839642223920108, 0.08274527408604077, 0.07291742100224802, 0.0801428817032154, 0.08013850366734616, 0.08086961414147446], [0.07455724160071622, 0.06983321873349155, 0.07504329871065643, 0.07497544631411017, 0.0788441404950226, 0.07363193816080295, 0.07783629882555243, 0.07847905751212979, 0.08305078717470296, 0.0729640794633258, 0.08024824371459265, 0.0800312726606779, 0.08050497663421854], [0.07452642084444813, 0.06977560544101404, 0.07523851917154577, 0.0751227653199312, 0.07901706924542475, 0.07365169768215465, 0.07747681173304749, 0.07866941819810015, 0.0830052701307015, 0.07308777116257775, 0.08044259577221971, 0.07993417211070142, 0.0800518831881334], [0.0741393965887943, 0.06947326533576682, 0.07530751270516384, 0.0750495454612688, 0.07941077868393269, 0.07336821909706248, 0.07735803988760812, 0.07906494258320962, 0.08300872461557353, 0.07312475346790945, 0.08086582409140565, 0.08007806367305388, 0.07975093380925086], [0.07314669126666896, 0.06975352839324873, 0.07404806877701614, 0.0736807259890011, 0.07877267716808448, 0.07247905223490844, 0.08148506193558852, 0.07838332219553933, 0.08151053892395324, 0.07271741891943648, 0.08002531386910211, 0.08136875111946788, 0.08262884920798455], [0.07297233999596224, 0.06975177407536096, 0.07402287116733242, 0.07359708215829683, 0.07882409453460078, 0.07236182059410391, 0.08184352910474237, 0.07844508850964708, 0.08111665308555675, 0.07277013416192782, 0.08002978419207979, 0.08138181189209395, 0.08288301652829524], [0.0727770855087065, 0.0697126236576703, 0.07398627574469549, 0.07349993724074262, 0.07887199507150648, 0.07222229902840875, 0.08217337775468583, 0.07850384701154763, 0.08073930333807351, 0.07280349020565512, 0.08002462680900045, 0.08135180529597405, 0.08333333333333334], [0.07274931911013675, 0.06978104168642298, 0.07402444170449032, 0.07351297974005112, 0.07890908832582263, 0.07222478034850277, 0.08234626389728276, 0.07854997688293514, 0.0805673909895775, 0.07288418278120501, 0.08002261586952279, 0.08131467817114583, 0.0831132404929044], [0.07265132118523415, 0.06982543559916318, 0.07405774396773224, 0.07349754738584685, 0.0789763647010286, 0.07217694055404437, 0.08261837245654292, 0.07863067584130173, 0.08027992671158696, 0.07297973192767915, 0.08002721257802105, 0.08125336837969452, 0.08302535871212427], [0.07249275841937318, 0.06986353874374261, 0.07410986920518255, 0.07347299342627044, 0.07909178514940218, 0.07209298176400893, 0.08284965368236345, 0.07876694148310524, 0.07986828618112643, 0.07311672126478369, 0.08004149902186554, 0.08126723543414922, 0.08296573622462652], [0.07245704719661947, 0.06992424603022963, 0.07417250228487914, 0.07350053099809783, 0.07916958314570406, 0.07209376813762314, 0.08281512756208122, 0.07885624111357643, 0.07969442501975563, 0.07321995041983172, 0.0800645026808045, 0.08127798138693666, 0.08275409402386069], [0.07317803545738684, 0.06908309405389505, 0.0740299446002148, 0.073725411910191, 0.07898091952152951, 0.07237663211235436, 0.08024844065592615, 0.07853711581155089, 0.08264707002054585, 0.0723368269199879, 0.08040921999384844, 0.08143876637972884, 0.08300852256284035], [0.07371367350923538, 0.06945806600013812, 0.07425534307837815, 0.07407210221200956, 0.07876386451901286, 0.07283717254625731, 0.07963538513007984, 0.07834135799273519, 0.08297516713293278, 0.07249468112467328, 0.08010405107588281, 0.08089774508546936, 0.08245139059319523], [0.0740400670584907, 0.06964410428756401, 0.074469343850622, 0.07434461870397926, 0.07874032541072407, 0.07312781908789151, 0.07914528049456286, 0.07833066619056787, 0.08300398812361208, 0.07263093068997932, 0.08001145445358351, 0.0805712541644247, 0.08194014748399805], [0.07235256559019983, 0.06987745677375254, 0.07418843088694141, 0.07347429968614762, 0.0792657342036172, 0.07202116244000363, 0.08307108008612579, 0.07895876131433684, 0.07953512908104238, 0.07325803863372979, 0.08011940466540068, 0.08132758938281359, 0.08255034725588878], [0.07225951523011, 0.0698497955349846, 0.0742154089803324, 0.07345919462066441, 0.07935929505832194, 0.07196171085518047, 0.08333333333333333, 0.0790609551019132, 0.07936519877351804, 0.07331080241133618, 0.08016219567000497, 0.08134935887349998, 0.08231323555680044], [0.07223163431029528, 0.06991577420181228, 0.07432430737489604, 0.07352097608632456, 0.07951476168967633, 0.07197737214570617, 0.083002634364805, 0.07923003006920727, 0.07918828433422412, 0.07345553074366881, 0.08024332508292713, 0.08137894738697689, 0.08201642220948001], [0.07219360620694501, 0.06997637410671988, 0.07442588941591803, 0.0735741724301793, 0.07965188804309281, 0.0719843248113032, 0.0828801138723787, 0.07938393987735429, 0.07898836252593625, 0.07359593431685699, 0.08029281701005105, 0.08135336012590805, 0.08169921725735657], [0.07209255116283599, 0.06993739442624988, 0.07447155036948293, 0.0735691035596263, 0.07977878397081539, 0.07192145596243861, 0.08318171749951045, 0.07952388730630408, 0.0787940253775777, 0.07366399153358438, 0.08034118551983876, 0.08132486359733311, 0.08139948971440238], [0.07203335577453289, 0.06989457312077227, 0.07448614582723992, 0.07355847679750327, 0.07985128523167298, 0.07187846663528201, 0.08333333333333331, 0.07960096166080098, 0.07872002715717077, 0.07368246623729992, 0.08037898292950565, 0.08132330198506986, 0.08125862330981598], [0.07200682068623106, 0.0699077173497242, 0.07455965848087924, 0.07359823873996323, 0.07997791571550716, 0.07187837761233477, 0.0831000169662503, 0.0797375058778801, 0.07866654397906446, 0.07376762829811281, 0.08044280557989991, 0.08131087314144025, 0.08104589757271251], [0.07195612226374531, 0.06989631722518194, 0.07461770965423487, 0.07361930756107425, 0.08009436453392625, 0.07185537664760336, 0.08309656323951799, 0.07986565659651607, 0.07859153592154394, 0.07383742000827068, 0.08048741620387745, 0.08126729619174353, 0.08081491395276437], [0.07192113008307138, 0.06995883209979945, 0.07472721840952135, 0.0736787991598841, 0.08020746888743675, 0.07186674131899493, 0.08315509403515589, 0.08000626428097497, 0.07843775848919322, 0.07398535399399496, 0.08047074077009152, 0.08110929215114844, 0.08047530632073312], [0.07189693939669914, 0.07000908238839848, 0.07484553899508535, 0.07374863830894753, 0.08034813816727808, 0.071884432372004, 0.08304163982419262, 0.0801731685608335, 0.07831765489394557, 0.07412932624947086, 0.0804827564028821, 0.08097403532652658, 0.08014864911373619], [0.07182641246446834, 0.06980019880909959, 0.07468503611620327, 0.07362014002937936, 0.08031044137772601, 0.07176810815138542, 0.08333333333333333, 0.08009915358597323, 0.07847065500010027, 0.07390745336023868, 0.08057821103307566, 0.0811893979124247, 0.08041145882659198], [0.0735921743728959, 0.0694780022566071, 0.07409433840628839, 0.07390488219731771, 0.07860298064169642, 0.07272782895069009, 0.07998240426276496, 0.07818473404749111, 0.08309034914242609, 0.0724235335224282, 0.07994846637514466, 0.08094680620403626, 0.08302349962021317], [0.07339312624437298, 0.06932982958004238, 0.07404953778066287, 0.07380532963599502, 0.07875103315506526, 0.07256321580950559, 0.08020752841008551, 0.07832341462101122, 0.08289044718433815, 0.07239254198889084, 0.0801299831866031, 0.081188754446057, 0.08297525795737011], [0.07365625371385827, 0.06927202423114263, 0.07438074799077682, 0.07415896888583239, 0.07902392881921215, 0.07279636143427735, 0.07928295518554737, 0.0785928747211844, 0.08306533178658151, 0.07251865962219887, 0.08035620395497108, 0.08090316049331768, 0.08199252916109946], [0.07346490517405548, 0.06923745271174048, 0.07420560632225343, 0.07395514836212384, 0.07896653997975228, 0.07262700138063931, 0.07979655074404499, 0.07852982560049841, 0.08271939043046785, 0.07244092798854657, 0.08035317348468003, 0.08115746073415381, 0.08254601708704357], [0.07283191910307697, 0.06914594390011954, 0.07391391391912934, 0.07350108831985919, 0.07905559747231655, 0.07213870790388795, 0.08129114041982359, 0.07862350120199216, 0.08186951202806952, 0.07242380074983433, 0.08045402340951732, 0.08185003150658322, 0.08290082006579011], [0.07300499438133169, 0.06901645743377918, 0.07393509251683555, 0.07359347113869885, 0.0789909870890406, 0.07223284025788224, 0.08057166261769146, 0.07854600513424465, 0.08243990705385768, 0.07229724163366204, 0.08043083917782078, 0.08160716823182179, 0.08333333333333331], [0.07369478739147521, 0.06921065092062399, 0.07448425720719253, 0.07425879758297119, 0.07910834455323683, 0.07283558089555346, 0.07893175088481405, 0.07868051854013802, 0.08333333333333333, 0.07254916805314553, 0.08048634471314735, 0.08083653904280971, 0.08158992688155882], [0.07375677297088162, 0.0692294234991875, 0.07474160853787634, 0.07447699314848118, 0.07935705932512868, 0.07293872983350577, 0.07850554697419046, 0.07894085021197396, 0.08272214486414449, 0.07273161087645896, 0.08080417550932868, 0.08078583456063415, 0.08100924968820825], [0.07451861983715001, 0.06978197571327723, 0.07549032970431459, 0.07531783403187768, 0.07918464975253371, 0.07371163303634246, 0.07707733596426863, 0.0789509853083941, 0.08279637214003606, 0.07327566066016294, 0.08059500810999837, 0.07976319556593725, 0.0795364001757069], [0.07468999987328366, 0.06991503741244592, 0.0753938436993647, 0.07529737322163302, 0.07898428486418968, 0.07381975705806558, 0.07724186702297087, 0.07869429744095598, 0.08280054047362362, 0.0732129559105822, 0.08039142877875563, 0.07976003970959371, 0.07979857453453561], [0.07161365350649278, 0.06833244098762818, 0.07414877175113872, 0.07324400508026256, 0.08085757716945395, 0.0712566564068081, 0.08133445657362547, 0.08037005363623369, 0.08011928044161427, 0.0727262056901935, 0.08226560749171402, 0.08302114990943825, 0.0807101413553964], [0.07165085795725706, 0.06849699467934964, 0.0741076729600385, 0.07321827378607701, 0.08062954356085816, 0.07130038386170143, 0.08176549057767273, 0.08017318365405753, 0.07999390949157326, 0.07276916606308213, 0.08190747067935215, 0.08303243747016888, 0.08095461525881181], [0.07172258091226408, 0.06850288588570591, 0.07401963302912992, 0.07318405463639295, 0.08040208062973171, 0.07132940509121818, 0.08173634635808691, 0.07994542736166661, 0.08014512648318622, 0.07266538323282826, 0.08173907425106929, 0.08333333333333334, 0.0812746687953867], [0.0718356926356479, 0.06861838342778144, 0.07399240555765062, 0.07320179088248646, 0.08019952030421097, 0.071417058881579, 0.08193602003364453, 0.07975258507036352, 0.0802091405326217, 0.07265428677199001, 0.08153019454173, 0.08305874405839928, 0.08159417730189457], [0.07196536728985387, 0.068574764903367, 0.07393011396668024, 0.07321144013019146, 0.08002489318557894, 0.071480277126612, 0.08183729202590381, 0.07956412763297306, 0.08053824634655701, 0.07251778248761637, 0.0814588693788199, 0.08300205694737478, 0.08189476857847156], [0.0720594588140106, 0.06849430635555145, 0.0739024156859865, 0.07323439441108025, 0.07994782009965555, 0.07152145147996355, 0.08151850768620145, 0.07947267993448341, 0.08085871212115685, 0.07240686614542173, 0.0814639692859231, 0.08312439411565015, 0.08199502386491553], [0.07215030026212388, 0.06841317336292847, 0.0740142102549808, 0.07335663697742474, 0.08012527637771467, 0.0715900960952679, 0.08090172014384367, 0.0796297348800473, 0.08119150525120157, 0.07241167031346074, 0.081729304855524, 0.08280936800739627, 0.08167700321808599], [0.07195789092564768, 0.06820046419841626, 0.07415985831529968, 0.07340172944529448, 0.08063379442484335, 0.07146116407899855, 0.08027529600120968, 0.08011205431405957, 0.0809880833434322, 0.07249538178248396, 0.0823204533393336, 0.0830080982333339, 0.08098573159764698], [0.0716939333492007, 0.06813185363225512, 0.07421018577007461, 0.07333620040375081, 0.08101116791028169, 0.07128875871607164, 0.08053708618760723, 0.08048156130037007, 0.08047588356054607, 0.072619802802233, 0.08271026304368234, 0.08302179818850784, 0.08048150513541893], [0.07155317989504204, 0.06812845419850877, 0.07417556770369041, 0.07325450219013621, 0.08106863784371146, 0.07118905821381609, 0.0808482066139984, 0.08054902784847667, 0.08021068084156473, 0.07265747982580695, 0.08264353075819532, 0.08333333333333331, 0.08038834073371937], [0.07167707971429109, 0.06823541357002796, 0.07408436348908916, 0.07323083318744497, 0.08073744198512024, 0.07126765623446277, 0.08105834916661384, 0.08023394117071622, 0.0803973659655512, 0.07258740543979653, 0.0822917087736001, 0.08333333333333333, 0.08086510796995251], [0.07167467439776594, 0.06838443532000155, 0.07410740274373528, 0.07323520075891436, 0.08069977309334597, 0.07129623620894422, 0.08142236197936457, 0.08021893329136986, 0.08019651251042349, 0.07269331728959198, 0.08211447001925169, 0.08302573219037734, 0.08093095019691372], [0.07182152044342577, 0.06837236549007095, 0.07398359102445039, 0.07320654352404846, 0.08035311908479265, 0.07136320183689034, 0.08135259144272085, 0.07986878570510472, 0.08054700857868807, 0.07251553993927493, 0.08186340996537887, 0.08333333333333334, 0.08141898963182075], [0.0719396265868876, 0.06832222625689696, 0.07405603462412065, 0.07330921306124115, 0.08042847251191361, 0.07144667941721201, 0.08088920176030458, 0.07992517467065446, 0.08085774875724056, 0.07249120975426827, 0.08204629200905565, 0.08303722278771324, 0.08125089780249112], [0.07186810018225445, 0.06834127146692688, 0.07405354203062121, 0.07327722185134686, 0.08047661725474452, 0.07140284396881248, 0.08103741337898886, 0.07997874646385814, 0.08068037685907968, 0.07253347181762634, 0.08205575320502576, 0.08305614121654885, 0.08123850030416603], [0.07181891078041229, 0.06818933101205621, 0.074091553548717, 0.07329684372611114, 0.0806497705950587, 0.07135376488442766, 0.08062883876312797, 0.08013284852737773, 0.08074932121361712, 0.07249955641777459, 0.08231468980314238, 0.08333333333333333, 0.08094123739484378], [0.0718040867822076, 0.06845492440569784, 0.07401831765249459, 0.07321842007333684, 0.08038773097160191, 0.07137337315785522, 0.0814893963731959, 0.07991427732720253, 0.08038953795831377, 0.0725990766008376, 0.08183167595156268, 0.08314351113467584, 0.08137567161101761], [0.0719498239359492, 0.06841249285426518, 0.0739154572594092, 0.07320613104730272, 0.0800983242976393, 0.07143900972909283, 0.08145217807848683, 0.0796174463406154, 0.08075856763720761, 0.07242238189821402, 0.08162459019114648, 0.08333333333333334, 0.08177026339733794], [0.07205491602361407, 0.06839888021950169, 0.07399631045042256, 0.07330666029460009, 0.08018192965159754, 0.07152182585706089, 0.08106513228414684, 0.07968828780905098, 0.08100843343106903, 0.07243283806094061, 0.08177256805944182, 0.08298401667284418, 0.08158820118570966], [0.07205777334956494, 0.06825670879108506, 0.07411757461532227, 0.07340695196316237, 0.08044326933216844, 0.07152629774076794, 0.08038851655520503, 0.07992881398420146, 0.08116278487882621, 0.0724479008472874, 0.08210623805307682, 0.08291457974737887, 0.08124259014195336], [0.07219627927012942, 0.06836640960077156, 0.07406928920857156, 0.07341881395126215, 0.08019341376160945, 0.07162417585588673, 0.08057277821023597, 0.07969040652365096, 0.08134498863524237, 0.0724084659518124, 0.08182091681378302, 0.08269762635714628, 0.08159643585989802], [0.07190897022747392, 0.06851470936032344, 0.07395984456164041, 0.07321431265936963, 0.08016101415181852, 0.07143943562084959, 0.08168275019805095, 0.07969317527094003, 0.08052031936461573, 0.07253527583443019, 0.08161281153271581, 0.08305345541812281, 0.08170392579964897], [0.07211914888863336, 0.06847105617315007, 0.0739321921524758, 0.07328096101193547, 0.07997132966536138, 0.07156235249245818, 0.08128492637612073, 0.07948861521182678, 0.08102995288588107, 0.07239128233068938, 0.08152455994016906, 0.08303375410617307, 0.08190986876512565], [0.0722454206869546, 0.06847773218413594, 0.07398327223167846, 0.07336743210754666, 0.07995748987885737, 0.07165631039308523, 0.08096272787848133, 0.07946880034191314, 0.08129747736832243, 0.07237937160302974, 0.08154011837935939, 0.08275722124709917, 0.08190662569953656], [0.07141165055477433, 0.06838938083018982, 0.07457317027561405, 0.07345994689162148, 0.08181884094295128, 0.07122712462713646, 0.08087843191352698, 0.08133233018568545, 0.0794626068304852, 0.07320046843229139, 0.08247580236223856, 0.08235228413743217, 0.07941796201605283], [0.07143609729873099, 0.06822378034662405, 0.07448819092204187, 0.07342264320751468, 0.08174380093734715, 0.07119707950285216, 0.08063098045645231, 0.081218423002857, 0.07972427021632954, 0.07302028671073188, 0.08279427037188246, 0.08256349865587019, 0.07953667837076574], [0.07154397012152514, 0.06803220262032043, 0.07440712183265465, 0.07342555013582235, 0.08154561451563934, 0.07121868911778426, 0.080130530825824, 0.08099325918932923, 0.08018239434787294, 0.07278694456733195, 0.08333333333333333, 0.08260624127689487, 0.07979414811566753], [0.07187269837333599, 0.06816359456938904, 0.07463275473141802, 0.07371439786114928, 0.08148962951104878, 0.071506107391663, 0.079464346315527, 0.08095486939052265, 0.08063856804617767, 0.07288074012426075, 0.08287654309099425, 0.08208019860316162, 0.07972555199135185], [0.07202965487981057, 0.0684223183806607, 0.07524980250330572, 0.07420836932103697, 0.08192712746610634, 0.07179384504917459, 0.07857876474205885, 0.08151558002209282, 0.08035959983133616, 0.07342312352557352, 0.08286775808344428, 0.0810379995793172, 0.07858605661608223], [0.0717294390001666, 0.0685562122390991, 0.07549159036371308, 0.0742396744743993, 0.08263204415802602, 0.07167204569419733, 0.07882467823021017, 0.08232814931437908, 0.07954240890784595, 0.07384027926797627, 0.08258504379573191, 0.08069750655631162, 0.07786092799794353], [0.07129902024524844, 0.0684208124442995, 0.0752737866234862, 0.07391173264363875, 0.08333333333333334, 0.07131780034109753, 0.07947448055787401, 0.08274762127964798, 0.07901648924273653, 0.07381725629080998, 0.0828597285561298, 0.08080428914676115, 0.07772364929493694], [0.07127094548943408, 0.06849245595000769, 0.07503605780705745, 0.0737235206825683, 0.08271356696239035, 0.07125611291427572, 0.08026280349890094, 0.08229351618130776, 0.07899852168794352, 0.07369866767252255, 0.0827855727998878, 0.08128635477042942, 0.07818190358327434], [0.07138350940318217, 0.06842764751726838, 0.07471420528766756, 0.07354576891917963, 0.08209749880355577, 0.0712463137191587, 0.08072536647305512, 0.0816143056701761, 0.07935774705099047, 0.07334964804380377, 0.08242512897934219, 0.08205781884562748, 0.07905504128699249], [0.07142997440479311, 0.0682607792744027, 0.07459252013869837, 0.07349164287005598, 0.08194155673520225, 0.07122224940160785, 0.08049087748474118, 0.08141174034032146, 0.07966513550762347, 0.07312799494752814, 0.08271104241557746, 0.08234928463980341, 0.07930520183964469], [0.07150282560258671, 0.06810451801166498, 0.0745678853953422, 0.0735179241793043, 0.0818725706704269, 0.0712393898524874, 0.08004689515465926, 0.0813143353265818, 0.08000329959437262, 0.07297616967550237, 0.08311415479161971, 0.08232399305775398, 0.07941603868769773], [0.07156601107357712, 0.06805460075307243, 0.0745684135037644, 0.07354945682501057, 0.08179189643541102, 0.07127315841816774, 0.07981799428354223, 0.08123347666018058, 0.08018587207431147, 0.07291432408751009, 0.08333333333333334, 0.08224345628279375, 0.07946800626932535], [0.07160363983058897, 0.06810241911022388, 0.07475041730230407, 0.07369298273705427, 0.08201718258745774, 0.07134708076174609, 0.07948152974481923, 0.08146521435365972, 0.08015587466445924, 0.07306374065663523, 0.08333333333333334, 0.08186637947588542, 0.07912020544183289], [0.0713753448092746, 0.06825831753164487, 0.07482416010534507, 0.07363547197375507, 0.08244973836786341, 0.07123851141268746, 0.08006909586819337, 0.08189297918856117, 0.07952401433182957, 0.07333338819016133, 0.08287806819797262, 0.08178268468011528, 0.07873822534259602], [0.07130483754556086, 0.0682255557817799, 0.07500749200438551, 0.0737411613690189, 0.08286338794290607, 0.07122961217460223, 0.079