[[0.07427258304816195, 0.07957665760508896, 0.08138724132575603, 0.07036502094449526, 0.07336494845017619, 0.07475065965745496, 0.08018654863012331, 0.07509120592665215, 0.07563965270210041, 0.08247106746825014, 0.08049953015912963, 0.07088366256377787, 0.08151122151883312], [0.07415510395811471, 0.07976250362521325, 0.08125937063288269, 0.07034320172778705, 0.07337126634516071, 0.07465828788894792, 0.07998744322516184, 0.07495427023709375, 0.07550811475278708, 0.08274866216339175, 0.08079642623404865, 0.07086821896763723, 0.08158713024177328], [0.07405107666823997, 0.07996881585682925, 0.08107581795658186, 0.07034971880819736, 0.07339831280360076, 0.07456632011023022, 0.07974875521204915, 0.07481075812391762, 0.07536818090194505, 0.08301602307571573, 0.08114821205426184, 0.0708801132441155, 0.08161789518431574], [0.07398806872799597, 0.08016656080764804, 0.08095523381004911, 0.07037411298618476, 0.07345464746790657, 0.07451863158778486, 0.07958304746325114, 0.07471101412780637, 0.07527709833132366, 0.0829574575597541, 0.0814467860243962, 0.07091262812308045, 0.081654712982819], [0.07395512859205229, 0.08037792376406833, 0.08078442556934998, 0.07046600323242934, 0.07355806871643268, 0.07449763172573676, 0.07938923256452214, 0.07463293135241715, 0.07520302644282185, 0.08270575543875197, 0.0817931067371573, 0.07100928826070105, 0.0816274776035592], [0.07386761229549194, 0.0805444664550348, 0.0806910149013887, 0.07042296383402329, 0.07357522258424706, 0.07443093646821371, 0.07925731936796492, 0.0745161544971502, 0.07510210587602874, 0.08293769515649896, 0.08203726766492879, 0.07097992675095871, 0.08163731414807016], [0.07370070079170452, 0.08085851538634618, 0.08061369940741668, 0.0702719794309153, 0.07357996693167608, 0.07431188266099646, 0.0790977622441672, 0.07430561681573815, 0.07493274617221214, 0.08333333333333333, 0.0824084904297061, 0.07086274253701602, 0.08172256385877173], [0.07364625160941782, 0.0811927017144165, 0.08051538651521266, 0.07028447325296946, 0.07370263665208984, 0.07429621620073171, 0.07895940550076362, 0.07419852375966877, 0.0748569221522643, 0.08293267209861867, 0.08277917924076904, 0.07090096402698325, 0.0817346672760944], [0.0736052429833119, 0.0815692282774056, 0.08052283301180715, 0.0702451833759761, 0.07382028613032875, 0.07430468264352473, 0.07891421015619576, 0.07411316359355685, 0.07481578862136316, 0.0825344059641114, 0.08282319255421665, 0.07089631448359482, 0.08183546820460692], [0.07363427147960838, 0.08210582258043594, 0.08046693982270202, 0.07032451450163736, 0.07407669977158159, 0.07439392927890477, 0.07883954821372816, 0.07407174122052763, 0.07482599312554945, 0.08196563266749063, 0.08246535215598018, 0.07101638167922399, 0.08181317350262997], [0.07370881719754692, 0.08267536040134367, 0.08041488178347159, 0.0704297601374881, 0.07437101314421338, 0.0745320141760811, 0.07880107363225647, 0.07407588339721544, 0.07488558032194337, 0.0813698847106154, 0.08187073497352924, 0.07116473014999584, 0.08170026597429948], [0.07379724792370994, 0.08310357831607004, 0.0802457963483308, 0.07061159975632122, 0.07465034281811139, 0.07465812802605845, 0.07869015741491087, 0.0740990352605654, 0.07493749139101985, 0.08093393447147834, 0.08147039529917502, 0.0713710977340985, 0.08143119524015001], [0.07394247999769221, 0.08299845542114284, 0.08027875827710784, 0.07072204982109437, 0.0749157319774454, 0.07485449256263128, 0.078772499183162, 0.07420034849470841, 0.07508663370715217, 0.08047289174904854, 0.08092253640304325, 0.07151561641008271, 0.08131750599568889], [0.07409363167893708, 0.08261317480694791, 0.08030923855265146, 0.07084580270403347, 0.07513264898412912, 0.075038497228998, 0.07886155154557532, 0.07432228308310362, 0.07523999370514724, 0.08014502969664877, 0.08053099409141347, 0.07166007846183761, 0.08120707546057716], [0.0742754234380801, 0.08213211193433316, 0.08041442740390899, 0.07092745810617093, 0.07532602758753974, 0.07525851806969573, 0.07904500503467618, 0.07448817165143214, 0.07544669502172748, 0.07976704968828062, 0.08005122619031216, 0.0717652183605942, 0.0811026675132485], [0.07432990941767069, 0.08244723627931431, 0.08053710435847962, 0.07082193198850642, 0.07532527220145131, 0.07534435679186989, 0.07921913928185642, 0.07455350734010074, 0.07554988084769126, 0.07948180808536585, 0.07967201158641915, 0.07168004964272286, 0.08103779217855162], [0.07444243502299294, 0.0827596167382334, 0.08064901146464777, 0.0707401239256847, 0.07534881480655861, 0.07549186191762129, 0.07944572097797181, 0.07467944185144268, 0.07572048332300796, 0.07907893376690918, 0.07915957773802344, 0.07161938357465106, 0.08086459489225505], [0.07459149993514384, 0.08257375592963016, 0.0808739061117571, 0.07064753536584777, 0.07527628006324452, 0.07565068625405558, 0.07981006576891213, 0.07487855353950917, 0.07594815961156363, 0.07876268633846771, 0.07870846488693692, 0.07153006274991597, 0.08074834344501548], [0.07449930419186188, 0.0792685542269268, 0.0813208136629347, 0.0705339911328372, 0.07338511161211625, 0.07488967035112007, 0.08031743665995987, 0.07531878891691256, 0.07582648568223291, 0.08223355694819943, 0.08015747095125594, 0.07102141804606851, 0.08122739761757401], [0.0743293160469282, 0.07950625094557863, 0.08121002347151197, 0.07048013634393444, 0.07337994333406916, 0.07476193040721589, 0.08008167883033655, 0.07513180378306615, 0.07565023301564751, 0.08261069132511414, 0.08052085474350044, 0.0709780378822664, 0.0813590998708305], [0.07423921532499662, 0.07963640000606495, 0.08112476423445328, 0.07046152602993833, 0.07338373477278176, 0.07469431636441462, 0.07994149460335567, 0.0750308495191228, 0.07555411096587818, 0.0828305709057494, 0.08072986522079505, 0.07096450446518703, 0.08140864758726225], [0.07405408059320376, 0.0799591525035088, 0.08100061626752472, 0.07038973105093056, 0.07340709033135355, 0.07456160997140751, 0.07969239411508444, 0.07480989792117296, 0.07535810536498073, 0.08311142274314712, 0.08118527255136085, 0.07091386798237957, 0.08155675860394536], [0.07418144672057778, 0.07971928371851847, 0.08113722412696417, 0.0704174789097346, 0.07338089572231656, 0.07466054834431163, 0.07991007948533908, 0.07497326157794433, 0.0755078729487533, 0.08288233234273376, 0.08082187773613084, 0.07092919247829764, 0.08147850588837792], [0.07399790202857255, 0.08018506499019293, 0.0808475339269739, 0.07044939491660213, 0.0734919924507517, 0.07452083838205814, 0.07949529781560018, 0.07470870505408851, 0.07526430989460617, 0.08294533420524114, 0.08153776277351181, 0.0709808269566593, 0.08157503660514162], [0.07399645335240465, 0.08030490287154406, 0.08069744841294542, 0.07055685614341503, 0.07358083918469428, 0.07452114517668638, 0.07934582911473012, 0.07467480333071204, 0.07522632124575158, 0.08273515075552482, 0.08176610714449452, 0.0710863690527561, 0.08150777421434101], [0.07386149879663988, 0.0805645424931022, 0.08064719707511699, 0.07044169992920153, 0.07358934023156621, 0.07442493580232451, 0.0792167628421634, 0.07450294704111028, 0.0750876449895294, 0.08296996807036708, 0.08208951413196301, 0.07099814483500014, 0.0816058037619153], [0.07380399910211988, 0.08074648133254167, 0.08045889415571818, 0.07049318537079417, 0.07367061948117963, 0.07438352608862042, 0.07901777075182599, 0.07440115122443679, 0.07499443727252113, 0.08305277108125475, 0.08241460473128856, 0.07105841732303267, 0.08150414208466618], [0.07370052904216173, 0.08109698483583584, 0.08037395262344262, 0.0704342462612813, 0.07375669245580413, 0.07432744290754029, 0.07887205750640368, 0.0742449205972904, 0.07487809424260462, 0.08288610260052805, 0.08285253812280736, 0.07103220552546179, 0.08154423327883804], [0.07363507059907147, 0.08138701039199268, 0.08038220426338985, 0.07035754734621813, 0.07381608905518376, 0.07430323264713706, 0.07882866078395966, 0.07414700876879263, 0.07481744037875107, 0.0826535631836648, 0.08305306863513418, 0.07098508293293318, 0.08163402101377137], [0.07362487494865483, 0.08169717633860905, 0.08037265098057253, 0.07036262771307175, 0.07393805795315118, 0.07433098081941016, 0.07878974787719864, 0.07409823439352364, 0.07480195375218117, 0.08234780312638941, 0.08294388646415415, 0.07101647038038456, 0.08167553525269891], [0.07365209624142476, 0.082017269128743, 0.08033758158536078, 0.07042586522235082, 0.07410321263030858, 0.07439333821767179, 0.07874658151038189, 0.07408227294407181, 0.07481584703873853, 0.08201707367205069, 0.08264997405863526, 0.0711034436829202, 0.08165544406734196], [0.07367808751824105, 0.08220924264118269, 0.0803017483098192, 0.07048066728308318, 0.07421425853302263, 0.07443939367756083, 0.07871491369128218, 0.07408078973497367, 0.07483097791213589, 0.08181349611350036, 0.08245299710491764, 0.07117164573245577, 0.08161178174782491], [0.07372186005184299, 0.08245914337645212, 0.08023688392044427, 0.07057053381398952, 0.07437355077714246, 0.0745086582469354, 0.07866538265388813, 0.0740864251303301, 0.0748571998931921, 0.08153978647320625, 0.08218276662370444, 0.07127840869589079, 0.08151940034298157], [0.07375564211480426, 0.08276105177796096, 0.08023457290042015, 0.07059777014532212, 0.07450869466351205, 0.07457676338357029, 0.07866763107831828, 0.0740887427895997, 0.07489044267181978, 0.08125554250001593, 0.0818512828413116, 0.0713295370085951, 0.08148232612475], [0.07390662593448613, 0.08304215461545611, 0.08001397848525728, 0.07088976828480431, 0.07490241934169185, 0.07477022998616055, 0.07853146214592722, 0.07415433985782934, 0.0749868994002971, 0.08070560304806171, 0.08131136492922766, 0.0716487928500108, 0.08113636112078995], [0.07401619854382659, 0.08296206836699259, 0.08005790534941211, 0.07095227762093748, 0.07510792833858349, 0.07492490651220393, 0.07861058438579244, 0.07423031164412441, 0.07510543951149855, 0.08034808086697448, 0.08087020808039155, 0.07174202597180397, 0.08107206480745852], [0.0737957274293428, 0.08309997957428004, 0.0803295680433479, 0.07055085014766628, 0.07463127670486196, 0.07466687014811921, 0.07875944448627129, 0.07410460308560746, 0.07495533170849211, 0.08089706858532823, 0.08138507671291698, 0.07131797605053654, 0.08150622732322914], [0.07414112381442786, 0.08267380708730068, 0.08004528757256282, 0.07107934779304106, 0.07531094497777839, 0.07507700085077823, 0.07864957368225432, 0.07432401402559616, 0.07522343729919054, 0.08007595013607711, 0.0805540164431542, 0.07188649096996982, 0.08095900534786864], [0.07433014468071503, 0.08220309129940619, 0.08009178447824214, 0.0712048770813323, 0.07556337633311837, 0.07530916906144, 0.07877882395294297, 0.0744817771499998, 0.07542340674422536, 0.07968015688046606, 0.0800686042493254, 0.07203927879152444, 0.08082550929726201], [0.07438310297142832, 0.08222724316390262, 0.08018741511186785, 0.07114799860440094, 0.0755888411587426, 0.0753866614174524, 0.07890570028087898, 0.0745390529493143, 0.07550880908961331, 0.0794978138133446, 0.0798181248316336, 0.07199824606961533, 0.08081099053780517], [0.0744511323121847, 0.08265796866274057, 0.08029341816428857, 0.07103036179828758, 0.07560538476273487, 0.07549565894937078, 0.07908682313409239, 0.07461434975443434, 0.07563157353470505, 0.07915043107560946, 0.07936849465659723, 0.07190684781347714, 0.08070755538147738], [0.07456383214515548, 0.0830651951398194, 0.08027516583728729, 0.07101512790193118, 0.07570488703469053, 0.0756481791071901, 0.07921555393806062, 0.07471623374546126, 0.0757769916384812, 0.07874282000423705, 0.07888846483660218, 0.07191571166956413, 0.08047183700151961], [0.07460384866517362, 0.08297234177055812, 0.08053101340520614, 0.07083637018198125, 0.07553408286157075, 0.07568966444974308, 0.07951992737144227, 0.07481371069175603, 0.0758923488592831, 0.07864707490648219, 0.07868719904588763, 0.07173617272212074, 0.08053624506879517], [0.07455367428842909, 0.07921648465539338, 0.08114477336134912, 0.07065439493437688, 0.07340832849805803, 0.07490155312685395, 0.08019913964808242, 0.07535563117961983, 0.07583399770536825, 0.08232436714585521, 0.08018702518628143, 0.07112172701538219, 0.0810989032549502], [0.0743066292114336, 0.0795583541022771, 0.0809658710598285, 0.07058890326407495, 0.07341251055849063, 0.0747190688956991, 0.07985013799221011, 0.07508192830278904, 0.07557679116395558, 0.0828944662373761, 0.08072227029168465, 0.07107169572567991, 0.08125137319450068], [0.07439213702456245, 0.07943744889331664, 0.0810432005841953, 0.07060515560248584, 0.07340666918703764, 0.0747820514814352, 0.07998052862373888, 0.07517784537003798, 0.0756674866479337, 0.08268650381755557, 0.0805276031451498, 0.07108286733094768, 0.08121050229160341], [0.07418872503286163, 0.07971417189508478, 0.08098862889738925, 0.07049406362146228, 0.07339927363209571, 0.07464767540810321, 0.07979027171423514, 0.07496517941645438, 0.07548238418531164, 0.08305416733018268, 0.08090302171243202, 0.07099409933687573, 0.08137833781751155], [0.07418757587818386, 0.07974026337220733, 0.0808186209288792, 0.07058945096943471, 0.07343822011820172, 0.07463305758491615, 0.07963895304934247, 0.07494421375825135, 0.0754451662802102, 0.08318128457424882, 0.08102739291505616, 0.07107864168088616, 0.08127715889018194], [0.07408584157461177, 0.0799963806257584, 0.08072801394296726, 0.07059119732535687, 0.07350506012737956, 0.07457223903291334, 0.07946821439740623, 0.07481106607023986, 0.075330898517635, 0.08306556730828618, 0.08138623110864276, 0.07109580367091528, 0.08136348629788748], [0.07409507292573331, 0.07985472420918677, 0.0808544289858672, 0.07049475674248237, 0.07341728113813141, 0.07457664938829184, 0.07961390457320303, 0.07485420041358568, 0.07537519113556194, 0.08333333333333334, 0.08114940848696886, 0.07099935017143827, 0.08138169849621614], [0.07406512254235242, 0.08018756540866086, 0.08058945785816297, 0.07068871548884595, 0.0736141820618361, 0.07456374682972086, 0.0793008818426729, 0.07474659540365185, 0.07527151905992069, 0.08274195224777872, 0.0816850044257849, 0.07119819741835734, 0.08134705941225435], [0.07404402030856834, 0.08030195787787643, 0.08050710063871662, 0.07073207559113717, 0.07367331811811116, 0.07455216605445444, 0.07920144559041885, 0.07469926277811771, 0.07522954545408732, 0.08262104037512262, 0.08186146925413224, 0.07124635089179798, 0.0813302470674591], [0.07397858941385962, 0.08042756211356292, 0.08046583218341358, 0.07068753277999226, 0.07368441235968377, 0.07450495708780493, 0.07912473697452263, 0.07461326937472108, 0.07515862332685908, 0.08274879914287186, 0.08203415236191652, 0.07121422250055626, 0.08135731038023551], [0.07393116422595997, 0.08057574509073372, 0.08034211950101076, 0.0707182924092419, 0.07374962052417167, 0.07447342207482335, 0.07898207938673667, 0.07453042295477676, 0.07508605495490916, 0.08278539233702147, 0.08226551037417366, 0.07125424494468119, 0.08130593122175961], [0.07380594261153046, 0.08089399950293334, 0.08027678129851964, 0.07062161198026658, 0.0738012635260707, 0.07439518596823134, 0.078846226936325, 0.07435813857307191, 0.07495406517411227, 0.0828139159155566, 0.08267615885044582, 0.07119056250673778, 0.08136614715619837], [0.07375757787863313, 0.08105198679460558, 0.08024975338211897, 0.07058487896700756, 0.07383623216601234, 0.07436947832481412, 0.07879059113904285, 0.07428729087308907, 0.07490277163829002, 0.08273539212442592, 0.08287465002480436, 0.07116982189239779, 0.08138957479475852], [0.07372113869944232, 0.08115823194659315, 0.0802530122912123, 0.07053990933609211, 0.07384685633984454, 0.07434936167118673, 0.07877113903518361, 0.07423948210956609, 0.07486982352577536, 0.08268890138536328, 0.08299975795324689, 0.07113678864069575, 0.08142559706579776], [0.07365973179772373, 0.08142705387362523, 0.0802040070789089, 0.07049750658359064, 0.07392217976117398, 0.07432524325142253, 0.07868701593015424, 0.07414032727148757, 0.07480281317651938, 0.0824426462614062, 0.08333333333333334, 0.07112076218122877, 0.08143737949942556], [0.0736776955181385, 0.08171910706820033, 0.08019370655399856, 0.07054294477430091, 0.07406748217870439, 0.07437689686514438, 0.07865732299765299, 0.07411955509776198, 0.07481110377449013, 0.08218402784871724, 0.08299923339675198, 0.07118926156341705, 0.08146166236272152], [0.07370403786653903, 0.08195079398618789, 0.08016598649102652, 0.07060056670250336, 0.07419925980064135, 0.07442908363234453, 0.07862536454935871, 0.07411268459813827, 0.07482599748368651, 0.0819506196561608, 0.0827288696022008, 0.07126438097395141, 0.08144235465726071], [0.07378927755326317, 0.08229247941220126, 0.08003843510203328, 0.07078995169640073, 0.07448208548966055, 0.07455159518376547, 0.07852604462126905, 0.074131426294479, 0.07487331151984557, 0.08150590634422694, 0.08226069691210276, 0.07147798143765326, 0.08128080843309897], [0.07387437213753892, 0.08252526078848414, 0.07992727702487824, 0.0709578868531263, 0.07473121650186922, 0.07466838316032365, 0.07845000377636062, 0.07416073925216837, 0.07492703299869105, 0.08113304505835073, 0.08186011145591275, 0.07166683983795258, 0.0811178311543435], [0.07392755202743316, 0.0829110796363698, 0.07994796198546304, 0.07097007033699153, 0.0749318883933957, 0.07477881346193953, 0.07848120632509033, 0.0741695673173441, 0.0749883989327553, 0.08073111084137882, 0.081369664216211, 0.07171971939207392, 0.08107296713355354], [0.07384203732354129, 0.08286567849428428, 0.08005575957814015, 0.07080945363609815, 0.07472925486265045, 0.074674495403939, 0.07854493861678753, 0.07412604873659619, 0.07493175794249494, 0.0809948554069737, 0.08163690613168113, 0.07154718645338101, 0.08124162741343217], [0.07379921977013318, 0.08251362665193489, 0.08005968865505865, 0.07077931882737186, 0.07456108992250622, 0.07458846490868379, 0.07853990767107549, 0.07412177773904417, 0.07488854738908873, 0.08133088221346801, 0.0820378138865023, 0.07148665730472455, 0.08129300506040817], [0.07372562740227841, 0.08220247501673716, 0.08016093430112113, 0.07063100586376947, 0.07431981334451837, 0.07447993817637569, 0.07861368448683581, 0.07410418054440915, 0.07484326668662034, 0.08171835829289045, 0.08244743329700129, 0.07131518518148669, 0.08143809740595605], [0.07383613638031167, 0.08277560753126571, 0.08004491264726492, 0.07081690075223121, 0.07469983169347168, 0.07465769657132895, 0.07853443968571565, 0.07412689121941983, 0.07492231165154498, 0.081067543580092, 0.08172890915763593, 0.07154683921150504, 0.08124197991821246], [0.07377759954340085, 0.08291623937978607, 0.08022363822776925, 0.07061991704358142, 0.07458381551876479, 0.07461588414623532, 0.0786645673556155, 0.07409366145528015, 0.07491062199610418, 0.08110490585479739, 0.08168137947943421, 0.07136352560265656, 0.08144424439657429], [0.07398495787052287, 0.08297947355238251, 0.07995720783085153, 0.0710066038502337, 0.07506547785274197, 0.07486660090775084, 0.07851024666158149, 0.07420188853163973, 0.07504864649000717, 0.08049467461410192, 0.08108423285392842, 0.07177731939637784, 0.08102266958788003], [0.07408029297532726, 0.08283029108805613, 0.07995516558776374, 0.07109540993920911, 0.0752384497791844, 0.07499010214227655, 0.07854454267746201, 0.07426874183012602, 0.07514092021550171, 0.08024336913005657, 0.08078656292360145, 0.07188491816296971, 0.08094123354846539], [0.07420959720973139, 0.08254395636390971, 0.07996444604506657, 0.07120393130046646, 0.07544366289054664, 0.07515203143650238, 0.07860633134939414, 0.07436771013840715, 0.07527006833532607, 0.07994929651917815, 0.08043392696184294, 0.07201473366648414, 0.08084030778314426], [0.07431526664452587, 0.08230067051316733, 0.07996323235928225, 0.07129370889337931, 0.07560036719148791, 0.07528096486962588, 0.07865329752633056, 0.07445117153047086, 0.07537512296066919, 0.0797279706096029, 0.0801711500007051, 0.07211930555174978, 0.08074777134900295], [0.07443138240443213, 0.08217490970903164, 0.08005629958070076, 0.07128547066789631, 0.07571914213511378, 0.07543673495440266, 0.07880823010173546, 0.07455837382857705, 0.07552443885250662, 0.07941869463558146, 0.07977030241587658, 0.07213648780911425, 0.08067953290503126], [0.07452535655917483, 0.08260315561864175, 0.08008767668853892, 0.07123276865239864, 0.07581456683239443, 0.07557760486772433, 0.07893353003121112, 0.07464144278430963, 0.07565723496858727, 0.07901988774454237, 0.07928339311431097, 0.07211378005814864, 0.08050960208001715], [0.0745859439364509, 0.08290935314248774, 0.08012262680113985, 0.07116990989567541, 0.07584055233177, 0.07566703535666355, 0.07906804088606051, 0.07470379215903594, 0.07575266663415198, 0.07875856968918751, 0.07895847414365177, 0.07206864012730678, 0.0803943948964183], [0.07465292585465441, 0.08333333333333333, 0.08020649069113385, 0.07103959992558351, 0.07580129985985115, 0.07576433464109865, 0.07929992380063383, 0.07479046460617804, 0.0758794570537601, 0.07845009760696209, 0.07855932521604975, 0.07195600743895753, 0.0802667399718037], [0.07472113367844929, 0.08282969671892751, 0.08053831527911363, 0.07086753297350681, 0.07558859527523071, 0.07581997961498838, 0.07967944568952803, 0.07493561647485543, 0.07603342279550566, 0.07841797554948789, 0.07840901500917817, 0.07177298005400576, 0.08038629088722252], [0.07376269128299012, 0.0820616466487261, 0.08005626415210869, 0.07074855836815833, 0.07435607288810685, 0.07449720718125312, 0.07854396344585884, 0.07413555698496352, 0.07485333253081844, 0.08173196520951992, 0.08252777578214317, 0.07141723587712177, 0.08130772964823098], [0.07373745029755963, 0.0817223998131803, 0.08007152368185948, 0.07070190667182251, 0.07418467536999396, 0.07443112448158415, 0.07857161396276245, 0.07415449553316998, 0.07483672581068546, 0.0820387755818094, 0.08289584609624136, 0.07134210679975742, 0.08131135589957364], [0.07373255587225166, 0.08140175070786893, 0.08009437710082783, 0.07066783091407375, 0.07403117801561984, 0.07438673956455791, 0.07861692782267092, 0.07419381742796474, 0.07484201442018389, 0.08231422001452776, 0.08313998013140014, 0.07128058750075421, 0.08129802050729845], [0.07376238278397866, 0.08124633750971719, 0.08010115796498965, 0.07069716122062897, 0.0739891340477593, 0.07439466622046169, 0.0786457551368503, 0.07424283640029865, 0.07487160070813649, 0.0824194400269966, 0.08306254649522236, 0.07129416573783733, 0.08127281574712297], [0.07382492614645851, 0.08100024012438138, 0.08013657424831859, 0.07074503964184983, 0.07392387656317725, 0.07442170180568543, 0.07871970351303854, 0.07433999061839415, 0.07493791479596407, 0.08257406489468942, 0.08281345753735066, 0.07131675844079839, 0.08124575166989398], [0.07393882580070045, 0.08065735852548474, 0.0802083473767152, 0.0708226387881897, 0.073844423235466, 0.07448530606507471, 0.0788576513111263, 0.07450640065106683, 0.07506133559405122, 0.08265950789626396, 0.08239682726910821, 0.07135901334088957, 0.08120236414586297], [0.07400045205548525, 0.0805049916619141, 0.08024976968451104, 0.0708614474457145, 0.07381442794220049, 0.07452444318903109, 0.07893379087063955, 0.0745930197952989, 0.07512904223474211, 0.08262523611717458, 0.08220009782613, 0.07138226052005085, 0.08118102065710744], [0.07383666882594694, 0.08299657569796534, 0.08042765908414917, 0.07052647592456211, 0.07467522450606207, 0.0747275876806327, 0.07885563865408854, 0.07414388846386966, 0.07501603365526, 0.08075538265321172, 0.08117559861363972, 0.07130725980577608, 0.08155600643483585], [0.07405073699070852, 0.08280399178518809, 0.08020000763138223, 0.0708811524709694, 0.07511542482781342, 0.07498070084853636, 0.07874810858771529, 0.07427314605083014, 0.0751729725142022, 0.08024216455722821, 0.08068830208983113, 0.07168556374392449, 0.08115772790167057], [0.0742440514815559, 0.08236600393848334, 0.08015896391864576, 0.0710838381484135, 0.0754143600499111, 0.07521044680116837, 0.07879794601769467, 0.07442130404906351, 0.07535355219582861, 0.07984588749645209, 0.08023980418368126, 0.07191073969326778, 0.08095310202583415], [0.07404260905196132, 0.08038194101089971, 0.08032862535435742, 0.07085162115764941, 0.07376663743199474, 0.07455132276504135, 0.07903418272420858, 0.0746625988905176, 0.07518748214865935, 0.08260091765799717, 0.08202686634098376, 0.07136292684460736, 0.08120226862112234], [0.07410000028441525, 0.08025010193444576, 0.08040078066952597, 0.07086341068321547, 0.07373238511176129, 0.07459153442819069, 0.07913674567473208, 0.07474686158763387, 0.0752586897235271, 0.08251310044494403, 0.08183797110456224, 0.07136374004326715, 0.08120467830977914], [0.07414032338139684, 0.080077566910462, 0.0804853849790621, 0.07082941900882, 0.07365789344676836, 0.07461381712492503, 0.07925769698330776, 0.07482314551104619, 0.07532231563200542, 0.0826834174781079, 0.0815938920651392, 0.07131931536084493, 0.08119581211811436], [0.07419391088086864, 0.07988752362011622, 0.08055271176529509, 0.07081068090927828, 0.0735899164669341, 0.07464424925895916, 0.07937571145336311, 0.07491034569789923, 0.07539448489477218, 0.08286854629604855, 0.08133106982107217, 0.07128850872575138, 0.08115234020964188], [0.07425798502209892, 0.07972579600018109, 0.0806342422967561, 0.07077765500237988, 0.0735277815989427, 0.07467418289737032, 0.07950231321559502, 0.07498870974535322, 0.07546353050140939, 0.08298075381930498, 0.08109417243029902, 0.07124780631338103, 0.08112507115692824], [0.07428355981515215, 0.07966037532793062, 0.08068810146939849, 0.07075145556100468, 0.07349873517648453, 0.07468849057029392, 0.07957325585138429, 0.07502274449089054, 0.07549630390669089, 0.08300259588041504, 0.0809878889592907, 0.07122028031893729, 0.08112621267212689], [0.07433794484026524, 0.07955774696889137, 0.08076733723103452, 0.07073212022476648, 0.07346887221970222, 0.07472405050636602, 0.07968602242146598, 0.07508882491035744, 0.07555921929167363, 0.0829423685427576, 0.08082057572749136, 0.07119785207119987, 0.08111706504402834], [0.07440810529685214, 0.07944876350777548, 0.08084190608336755, 0.07073228197010907, 0.07345189757868001, 0.07477320294852256, 0.07980414909578935, 0.07516970209893728, 0.07563553385735462, 0.0828031641552593, 0.08064449960296696, 0.07119375400106197, 0.08109303980332354], [0.07455096915488518, 0.07925914040267029, 0.08088345364728095, 0.07080109796290195, 0.07345538657371489, 0.07486962774702717, 0.07994501002121131, 0.07532090700970531, 0.07576911684054265, 0.08253634535982338, 0.0803756699736656, 0.07124841839821223, 0.0809848569083591], [0.07467592308682032, 0.07909102331831257, 0.08094579069263506, 0.07084047114488974, 0.07345482117357294, 0.07495984215190246, 0.08010194748753535, 0.07545786298837437, 0.07589579315379733, 0.08227866312675336, 0.08012057575838769, 0.0712790562827548, 0.08089822963426416], [0.0745170552514499, 0.07928355715610304, 0.0809934175398215, 0.07071420449359374, 0.0734282215904309, 0.07485848910341379, 0.0800264501386993, 0.0752999020592795, 0.07576533581829076, 0.08251853382400454, 0.08035402304350159, 0.0711736220494063, 0.08106718793200522], [0.0739455790771714, 0.08310547849896564, 0.08005505809386326, 0.07088592871098928, 0.07498681569110424, 0.07483557493800592, 0.07858199832020463, 0.07417881413289591, 0.07503693184949324, 0.08052153613746188, 0.08107582187435841, 0.0716633844706264, 0.08112707820485986], [0.07384420302103943, 0.08333333333333334, 0.08018429007956786, 0.07068240652088068, 0.0747868338113109, 0.07472801875686895, 0.07865830170218725, 0.07411554639149061, 0.07497309569155117, 0.08069979404927621, 0.08122700566583382, 0.07145731312001057, 0.0813098578566494], [0.07416870403169909, 0.08231571630931266, 0.08045350247727724, 0.07081632045185016, 0.07516634798218377, 0.07513244108469631, 0.07902318626147309, 0.07440582940244107, 0.07534695596928066, 0.07998974962458673, 0.08029388078885573, 0.07164257079088215, 0.08124479482546117], [0.07398344631426372, 0.08277753999781921, 0.08040057332919195, 0.07068355015011993, 0.07492762055263301, 0.07490938497094095, 0.07889205186647377, 0.07424910122207776, 0.0751525344103966, 0.08038366767628724, 0.08076711569969251, 0.07148648655755424, 0.08138692725254912], [0.07367654727444506, 0.08245752033460466, 0.08043457818406768, 0.07038917973278021, 0.07425676872695264, 0.07447514685431736, 0.07881175896709498, 0.07407012125124086, 0.07485820831471894, 0.08159932081486852, 0.08210920764867133, 0.0711074417810197, 0.08175420011521803], [0.0737656147850832, 0.08293290321832515, 0.08043975663732493, 0.07045714825412736, 0.07452488143605131, 0.07462892960654854, 0.07883865444553498, 0.07410110325915388, 0.07494829856710288, 0.0810230608084422, 0.08146949928445454, 0.07121966357788313, 0.08165048611996778], [0.0742679346625382, 0.08221869912466387, 0.08052558674938742, 0.07082929483196054, 0.0752579532786041, 0.07525773635112207, 0.07914943062247362, 0.07449965610975975, 0.07546970752195124, 0.07972784717720045, 0.07996304496349343, 0.07167177501713339, 0.0811613335897119], [0.07435395382893464, 0.08256005028652286, 0.08066922960310971, 0.07072032719071335, 0.07526366578165616, 0.0753793751925559, 0.07937446298004497, 0.07460038103190339, 0.07561503405173686, 0.07935654294220675, 0.0794776969738525, 0.07158534221802672, 0.08104393791873601], [0.07484108142176717, 0.08287972542391066, 0.08028666716703999, 0.07106253888238494, 0.07584461459023423, 0.0759678766403478, 0.07959448503933803, 0.07499936945316073, 0.07611608675896178, 0.07814950425055554, 0.07816707102069367, 0.0719837040453385, 0.08010727530626689], [0.07476696184753746, 0.08313843124460295, 0.08013579817851871, 0.07114011908064566, 0.07593082991486345, 0.07589359634631852, 0.0793568921097603, 0.07488687312721587, 0.07599077137270537, 0.0782493996381614, 0.0783391052780438, 0.07206396092646862, 0.08010726093515776], [0.07389264720105344, 0.0805602518591346, 0.0820694778982486, 0.06980575264167037, 0.07352777967732767, 0.07460646075920965, 0.08022246428286316, 0.07458525398483129, 0.0753477204632684, 0.08136562685297097, 0.08072651234051054, 0.07047798925903298, 0.08281206277987825], [0.07385471142121836, 0.08059295351188031, 0.08180691673948573, 0.06987099811876375, 0.07348321998251589, 0.07453575488902214, 0.08004590900433275, 0.07454999874876699, 0.07527510608152904, 0.08173270846481856, 0.08103553605941083, 0.07051997324472704, 0.0826962137335288], [0.07376880026780239, 0.08081041527029476, 0.08162456076846279, 0.06985804025490737, 0.07350647484687392, 0.07446356408230809, 0.07985901419656533, 0.07443324466142286, 0.07516509656741756, 0.08193379024941784, 0.08129772426626591, 0.07051535125528995, 0.08276392331297142], [0.07371572673201476, 0.08095834479721287, 0.08142996489155994, 0.0698895558415922, 0.07352827140788414, 0.07441058396659399, 0.07968789505602296, 0.07435766630915253, 0.07508370423761022, 0.08215890087492776, 0.08156212273921692, 0.07054567258608108, 0.08267159056013075], [0.07364875777819173, 0.08129363571571104, 0.08131876835413979, 0.06987016225617533, 0.07362924171359225, 0.07438428602001211, 0.07954468138114061, 0.07424142379685142, 0.07500071939235071, 0.0820757115603863, 0.08169441291931501, 0.07055324496717306, 0.0827449541449607], [0.07364270261495916, 0.08154914732993102, 0.08129508933649623, 0.06987426790828052, 0.07375197326052933, 0.0744177602159067, 0.07950012588158788, 0.07419580004619737, 0.07499014116155403, 0.08181563969312707, 0.08160300084335524, 0.07058376219769905, 0.08278058951037628], [0.07372524371343334, 0.08156107176446548, 0.08149077767195514, 0.06986214937044433, 0.0738844670313568, 0.07454600216634821, 0.0796650074237283, 0.07425944314128845, 0.07510187918582141, 0.08131311067760681, 0.0811261394619895, 0.07060264166609295, 0.0828620667254694], [0.07390112656810381, 0.08104785573459064, 0.08197620494687226, 0.06983235107240199, 0.07388642910302715, 0.07472927336621257, 0.08010146530093165, 0.07448027158713047, 0.07534560423323698, 0.08083535267744431, 0.08049036666907121, 0.07057843619344792, 0.08279526254752907], [0.07396897412359832, 0.08062887947781883, 0.08230582828533421, 0.06979168327683102, 0.07371957369199324, 0.07475152783826527, 0.08037219532872175, 0.07461957050935396, 0.07545228475899521, 0.08082604959723806, 0.08031821019649238, 0.07050921736445595, 0.08273600555090173], [0.07396923048275436, 0.08049315701532131, 0.08232669151695049, 0.06979108592545427, 0.07361418686665479, 0.0747156665086127, 0.08040609465115867, 0.07465428612624014, 0.07545410195272881, 0.08097741928415812, 0.08038799013344235, 0.07048540462990996, 0.08272468490661405], [0.07382953637344214, 0.0807748813607072, 0.0820164779306137, 0.06975426223697545, 0.07359066994084347, 0.07458071518838567, 0.0801286601400715, 0.07448567196263137, 0.07528051732519941, 0.08130442898612565, 0.08076561904095604, 0.07045133314006341, 0.08303722637398492], [0.07383269107968178, 0.08068749551029239, 0.08192461615450031, 0.06979822216098157, 0.07352432222228303, 0.07454871241288796, 0.08009079861232907, 0.07451030496661669, 0.07527040432955562, 0.0815296997194201, 0.08091215854173756, 0.07047146665053616, 0.08289910763917782], [0.07370428866412243, 0.08109142453342526, 0.08165095934314259, 0.06976998338156155, 0.07359808312863618, 0.0744558917600643, 0.07981154686297562, 0.07432418465289241, 0.07510839174304927, 0.08168375494520227, 0.0812284065388448, 0.07046611218983162, 0.08310697225625165], [0.07374364789535048, 0.08118900053179767, 0.0817574501429907, 0.06975902690203796, 0.07372363191529574, 0.07453976904097935, 0.07988359618467696, 0.07433457033309425, 0.07516291427864599, 0.08130474911671774, 0.0809473692214659, 0.07048494752717827, 0.08316932690976903], [0.07372153120940271, 0.08107539705596814, 0.08178026814511535, 0.06972198731609154, 0.07363132987683896, 0.0744975355138409, 0.07990393629588469, 0.07433618014549279, 0.0751469407372162, 0.08142064736914624, 0.08099567595740292, 0.07043523704426624, 0.08333333333333333], [0.0738322856423032, 0.08097790456867776, 0.08197942978744382, 0.06976483333727829, 0.07373333306906961, 0.074628832284989, 0.08008008344451233, 0.07444328745857809, 0.07527888071086862, 0.0810860522810128, 0.08067040494584961, 0.07049128497044173, 0.08303338749897499], [0.07372553857466076, 0.0809781940504349, 0.08164998077419511, 0.06979739112820288, 0.07355499600095873, 0.07445455157056258, 0.07983374412552639, 0.07436423975044196, 0.07512782024143529, 0.08179261714137209, 0.08126415225274564, 0.0704782035495178, 0.08297857083994563], [0.07366035189727858, 0.08138195086863782, 0.08143547416859528, 0.06982377306507455, 0.07369223976930553, 0.07442925559436951, 0.07961913252862465, 0.07423788331049203, 0.07503106644860214, 0.08176518836381311, 0.08145538715373445, 0.07053011703972807, 0.0829381797917442], [0.07370076388237706, 0.08144531358947953, 0.08153159186242709, 0.0698179319857793, 0.0737890752119081, 0.07450269940388163, 0.07969304403449505, 0.07425902561438939, 0.07508545424085475, 0.08144512974492593, 0.08119209599511835, 0.07054654917836224, 0.08299132525600152], [0.07385525351411812, 0.08125201356730358, 0.08180266257050417, 0.06985450418462999, 0.07393121512329144, 0.07469240333629117, 0.0799524891653799, 0.07440831024887809, 0.07527638754466937, 0.0809188626397731, 0.08064320236867471, 0.0706060744594028, 0.08280662127708344], [0.07379625656375603, 0.08152870512071417, 0.08156830958275957, 0.06989669577013784, 0.07398277368277019, 0.07463900280440557, 0.07974943026322516, 0.07431756890511118, 0.07518306521281239, 0.08105518076526962, 0.08087780423471792, 0.07065132341421819, 0.08275388368010227], [0.07367114473612749, 0.0811977426470087, 0.08144898510773635, 0.06983116187949545, 0.07360569425300739, 0.07440901714598597, 0.07965265412336554, 0.0742783201924151, 0.07504375032278904, 0.08194919067789017, 0.081518575305153, 0.07051673686515435, 0.08287702674387165], [0.07366321515909811, 0.08162396608131912, 0.0813328826781205, 0.06987600972711659, 0.07381838633757935, 0.07445925880220265, 0.07952749095937288, 0.07420130021812592, 0.07501594656068547, 0.08162377082424187, 0.08145492021922557, 0.07059963600759693, 0.082803216425315], [0.07370821925015811, 0.08174799319157758, 0.08133644162202432, 0.06991893590806102, 0.07394678389396445, 0.07453382695560942, 0.07953784021328976, 0.0742176215556264, 0.07505950736094265, 0.08136055338420238, 0.08126118863391035, 0.07066180903386357, 0.08270927899676987], [0.0742628013685338, 0.0798286573772546, 0.08272144285087664, 0.06989164629254586, 0.07348082181027893, 0.07492881363727233, 0.08098632196974481, 0.07506700587481041, 0.07581168318545384, 0.08087245804136003, 0.0796835731908989, 0.07053584572517287, 0.0819289286757971], [0.07419756058818623, 0.08005425169808307, 0.08283303568520395, 0.06982416731690827, 0.0735447880079479, 0.07490729199566708, 0.08091673753383057, 0.07496343359422884, 0.07574758920040298, 0.08070615261072771, 0.07972459304538586, 0.07049663582293411, 0.08208376290049316], [0.07416049824636156, 0.08044709497091107, 0.08278252467725841, 0.06980324802975521, 0.0737181891533499, 0.07493796185820104, 0.08080141841895824, 0.07485885663522768, 0.07570344221498403, 0.08036032205917563, 0.07971033613815515, 0.07051844419773995, 0.08219766339992207], [0.07427953296199959, 0.08079873889568107, 0.08261479253422865, 0.06988699429930637, 0.07396522370275035, 0.07511854942676754, 0.08084756629823658, 0.07492364036548801, 0.07582934571254467, 0.0798474469041104, 0.07935482276970367, 0.07063971246689753, 0.08189363366228554], [0.07473644335653111, 0.08058819784867206, 0.08237622830870472, 0.07010442832452914, 0.07416565149111509, 0.07558460329499544, 0.08146267873683882, 0.07541695512923059, 0.07636120784608913, 0.07903579994510986, 0.07832696023347042, 0.07085939238080123, 0.08098145310391225], [0.07495363979710519, 0.07994445720338428, 0.08232940065134137, 0.07017101126991891, 0.07395410553049069, 0.07570495159283687, 0.0820655381997197, 0.0757597969203056, 0.07663445269767034, 0.07904452201624573, 0.07795443337515194, 0.07086784182499324, 0.08061584892083618], [0.0749165999987401, 0.07955532722678191, 0.08240698856360475, 0.07016772398483619, 0.07370269745537868, 0.07557366297870576, 0.08213862084024665, 0.07580687103271218, 0.07658896701159985, 0.07950006759950373, 0.07814869134251336, 0.07080856399221479, 0.0806852179731619], [0.07470806073552559, 0.07949552637851603, 0.08258745253548114, 0.07009615927460416, 0.0735434369050258, 0.07532911781992448, 0.0817484772142553, 0.07560415930116622, 0.07633506002358552, 0.08011399497288786, 0.0786732188931785, 0.07071413138215539, 0.08105120456369418], [0.07437471092132396, 0.07974333281031731, 0.08281058693340647, 0.06992325556935562, 0.07348285028619882, 0.07503044084985384, 0.08120712969225265, 0.07520664973643724, 0.07594997520106102, 0.080656552923534, 0.07937897559108818, 0.070561857411945, 0.08167368207322602], [0.07426325717839624, 0.07999927629048341, 0.08296566490336282, 0.06983013688179926, 0.07353814335088689, 0.07496821971660096, 0.08106504627742024, 0.07504761327660564, 0.0758331059115852, 0.08056933587298476, 0.07951590757740952, 0.07050023901388552, 0.08190405374857963], [0.0742504240335962, 0.08028746673653067, 0.08305444023788214, 0.06979603197363025, 0.07366383579694777, 0.07501068213071012, 0.08103797874504305, 0.07498833457261171, 0.07582627862923369, 0.08024571451257956, 0.0794156879952459, 0.07050125772089702, 0.08192186691509189], [0.0742657448702926, 0.08044359619865707, 0.08295678936293542, 0.06981527773399596, 0.07375482718306722, 0.07505243189236119, 0.08101028967656843, 0.07497668818240076, 0.07583892696187824, 0.08008288781499555, 0.07936374766081307, 0.07053665540346167, 0.0819021370585728], [0.07439824710512558, 0.0804203164574307, 0.08297228626291171, 0.0698623226250533, 0.07381430664715333, 0.07519205308173647, 0.08122648124351452, 0.07512033162586364, 0.07599873652241952, 0.07979508661570918, 0.07901453143686311, 0.0705878872324877, 0.0815974131437313], [0.07446452198054092, 0.07990059319376519, 0.08308158099543082, 0.06988647113991532, 0.0735813725473763, 0.07516653207509878, 0.08145755027316495, 0.07528363961501243, 0.07608202535520452, 0.08012567123402295, 0.07896748693138911, 0.07055575772529044, 0.0814467969337882], [0.07468267349613676, 0.07980862884589665, 0.08278361520127665, 0.07000801785659003, 0.07367222583533412, 0.07537941065425369, 0.0817941921267