[[0.07719853844751015, 0.08285896739271727, 0.07628769498629835, 0.07524273443444042, 0.07597007170631215, 0.0742962141049686, 0.08124361391780766, 0.07391716485491946, 0.08197537974362588, 0.07356802175524642, 0.0725830822146342, 0.0821922820002438, 0.07266623444127565], [0.07713451101374583, 0.08297167159456104, 0.07625462745109265, 0.0752663625640302, 0.07591035433511313, 0.07434585239512519, 0.08109032365127605, 0.07395638020212691, 0.08188226470756596, 0.07358402731427738, 0.07260960405561458, 0.08229528098609855, 0.07269873972937238], [0.0770770127455036, 0.08291734697717769, 0.07624250217991206, 0.07534707178251314, 0.07586463775998725, 0.0744319308796759, 0.08090698053769717, 0.07403252965626053, 0.08174196760391368, 0.0736356330619901, 0.07267797387440682, 0.08235092783617197, 0.07277348510479004], [0.07702459974902623, 0.08302820763188234, 0.07622465032651245, 0.07541019832810787, 0.0758077610755353, 0.0744864749547284, 0.08077197328906052, 0.07407438070155203, 0.08164235697023388, 0.07364975681950352, 0.07269660669589746, 0.08238310706635142, 0.07279992639160852], [0.0769826295674403, 0.08298009469360523, 0.07622644396240734, 0.0755082773982762, 0.07577131273261463, 0.07458164514962952, 0.08060782243819653, 0.0741583821055119, 0.08149670597239822, 0.0737063735250716, 0.07276533252830542, 0.08233861254084428, 0.07287636738569885], [0.07695401570402577, 0.08301470538088102, 0.07622566365236666, 0.07557495465175929, 0.07572956818524154, 0.07463678012397301, 0.0805170289175466, 0.07420008632355991, 0.08142730362116675, 0.07371960638126657, 0.07277596439960674, 0.08232881239565737, 0.07289551026294878], [0.07690319745295426, 0.08333333333333333, 0.07620919931458321, 0.07565511006942874, 0.07562880406128537, 0.0746818326732262, 0.08041713553220768, 0.074215214702752, 0.08137269427353334, 0.07367686294569012, 0.07270871936016302, 0.08235188602002837, 0.07284601026081435], [0.07688185388756572, 0.08333333333333333, 0.07622852381323489, 0.0757775645779411, 0.07556963889412675, 0.07477668351345083, 0.08030638904923709, 0.07428358813054857, 0.08128261923204008, 0.07369147769608615, 0.07270665820439119, 0.08230111265215574, 0.07286055701588855], [0.07687504407234479, 0.08333333333333333, 0.07624750151191412, 0.07587502436387192, 0.07549723316566534, 0.07483139376003083, 0.08026493756943211, 0.07430575767000248, 0.08126917898230566, 0.07365267767479047, 0.07263074266074901, 0.08241332647612573, 0.07280384875943409], [0.07689898830500277, 0.08295248362933476, 0.07631725053160321, 0.07606520084367291, 0.07544568979020036, 0.07497120497858853, 0.08017753824531784, 0.07440429012481788, 0.08128615306811729, 0.07367083430070812, 0.07260744241176036, 0.08239692895850564, 0.07280599481237028], [0.07689054029726625, 0.08333333333333334, 0.07634678905650423, 0.07620518745704985, 0.07533709765203943, 0.07504438180568271, 0.08007418365262446, 0.07442828835731093, 0.08130097613858848, 0.0736037245385618, 0.07248014856740516, 0.08224786556288362, 0.07270748358074987], [0.07691460718121255, 0.08314603528062174, 0.07641988268733935, 0.07639233578500369, 0.07531740228373314, 0.07519840398403564, 0.07993353988447104, 0.07455171580550664, 0.08119732907114015, 0.07366484366515778, 0.07251727201760119, 0.08198233770776597, 0.07276429464641114], [0.07697911211045698, 0.08313768197583399, 0.0765004371607073, 0.07652049252492217, 0.07528638077895777, 0.07526803196138451, 0.07992589217481628, 0.0745835598028512, 0.08125356923064558, 0.07362901712701381, 0.07242083681817298, 0.08180511352457526, 0.07268987480966217], [0.07703961799584326, 0.08314149131646718, 0.0765688432823305, 0.07661053270808561, 0.07527495612709571, 0.0753158476816729, 0.07992750628829641, 0.07460540112854493, 0.08128589100833865, 0.07360469672779826, 0.07235049488767198, 0.08163993879229398, 0.07263478205556076], [0.07713572446431326, 0.08318317674522212, 0.07665255303807174, 0.07666656138840272, 0.0752724122467935, 0.0753208661221453, 0.07999628766785241, 0.07458417040701114, 0.08138081761930495, 0.07353984731942288, 0.07222171497830186, 0.0815247050636355, 0.07252116293952247], [0.07723509710746333, 0.08311218499372554, 0.07672079407317635, 0.07665884575560693, 0.07529796888322665, 0.07528356864421798, 0.0801216196727328, 0.07453686470804326, 0.08151147997764682, 0.07347894339681674, 0.07211290507925323, 0.08151136856759403, 0.07241835914049632], [0.07739128267088555, 0.08287115237234802, 0.07683682810838662, 0.07666616636612607, 0.07536646196461821, 0.07526273686532027, 0.08027327239665631, 0.07450875317148394, 0.08162251137388461, 0.07344086894898408, 0.07201892221969466, 0.08141072245937836, 0.07233032108223332], [0.07752165426096397, 0.08333333333333331, 0.07688480583875294, 0.07651516785307706, 0.07540829844944712, 0.07509652768254345, 0.08051582456379007, 0.07434965247028617, 0.0817868937523107, 0.07330185619453287, 0.07182213531258712, 0.08133288502162815, 0.0721309652667469], [0.07726748568219179, 0.08275578120246684, 0.07635455754004661, 0.07522304086162382, 0.07609109259585244, 0.07426557588390797, 0.08130959679010683, 0.07391697457934371, 0.08188627462779255, 0.07362590348733433, 0.07266218954934045, 0.08191333956425172, 0.07272818763574099], [0.07717291856436734, 0.08303603143427349, 0.0762809084120565, 0.0752338865420706, 0.07599322850556355, 0.07430533169167107, 0.08113227984200555, 0.07394088116671503, 0.08181728855287472, 0.07361670266946796, 0.07266130309534631, 0.0820733101147392, 0.0727359294088487], [0.07712537138068157, 0.08314805323289157, 0.07624711590119732, 0.07524932766052585, 0.07594695681047836, 0.07433908985458028, 0.08102568049206699, 0.07396661435879645, 0.08175666406127433, 0.0736247455222177, 0.07267605142025621, 0.08213901566631465, 0.07275531363871862], [0.07706199532017986, 0.08300048092536788, 0.07623465490638834, 0.07534996179823576, 0.07586599627645203, 0.07444268176473406, 0.08085426288563047, 0.0740469262670553, 0.08167746370800834, 0.0736553503155739, 0.0727087574932136, 0.08229919039774651, 0.07280227794141408], [0.07711536100564664, 0.08309921622673565, 0.0762427675349308, 0.07526309230803406, 0.07592322501405926, 0.0743559283225273, 0.0810123012249939, 0.07397555025849897, 0.08177506531426329, 0.0736182821518438, 0.07266388519699389, 0.08220752279937152, 0.07274780264210078], [0.07700218488841536, 0.08311023772347609, 0.0762170845986237, 0.07542934199853249, 0.07580488839903571, 0.0745144382300308, 0.08068874056259735, 0.07410493234327478, 0.08154802699234756, 0.0736823032240524, 0.07274372769608482, 0.08230813629077817, 0.07284595705275078], [0.07697053795258273, 0.08308998662202492, 0.07621814623235787, 0.07549831549507079, 0.0757875971732325, 0.07458744546019615, 0.08055476641220465, 0.07417354389927842, 0.08141705607245948, 0.07373718802177989, 0.07281382268112561, 0.08223190929177908, 0.07291968468590772], [0.07694518656044262, 0.08304081042212286, 0.07622450563094753, 0.07558947382347586, 0.07572505283818261, 0.07465277888118599, 0.0804826961888178, 0.0742153632083694, 0.08139065306891628, 0.07373217845724624, 0.07279255974740603, 0.0822959373814543, 0.07291280379143254], [0.07688856675584405, 0.08333333333333333, 0.07620865493572605, 0.07566713346979125, 0.07566558050280532, 0.07472283659935484, 0.08031541747654615, 0.07427156021003603, 0.08122973819144132, 0.07375671815805278, 0.07282250722885175, 0.08216594129191233, 0.07295201184630473], [0.07687993411996985, 0.08316531685184494, 0.07624236454366584, 0.07580991019957192, 0.07561171395187284, 0.07483420093861783, 0.08022246086998418, 0.07435347002641113, 0.08116597356158455, 0.07377899761563207, 0.07282406671129521, 0.08213942568016312, 0.07297216492938659], [0.07685996302489873, 0.08333333333333333, 0.07624057360263332, 0.07586863791182816, 0.07553652820424907, 0.07485669198146358, 0.08019019520748417, 0.07434902500281719, 0.08116251080199295, 0.07372494605172154, 0.07273816279946986, 0.08223761048851706, 0.07290182158959094], [0.07685548446006148, 0.08333333333333334, 0.07625923772958028, 0.07595480717365491, 0.07548143351730542, 0.07490927293568013, 0.08014606337274356, 0.07437542302690753, 0.08114692161756527, 0.07370181321400583, 0.07268639494499349, 0.08228415891724401, 0.07286565575692489], [0.07687242088859857, 0.08305610934114967, 0.0763047323915553, 0.07607460935953733, 0.07545457605544856, 0.07499962646242998, 0.08009278434993755, 0.07444118557014344, 0.08116374661837916, 0.07371936033108266, 0.07267994527414207, 0.08226641341697835, 0.0728744899406173], [0.0768638207278955, 0.08315655110529208, 0.07631326431507564, 0.07612976894314175, 0.07541695978127541, 0.07503447416384904, 0.08004205120489563, 0.07445966456517346, 0.08115250130769643, 0.073706532191201, 0.07265045319388133, 0.08221914177422444, 0.07285481672639821], [0.07685093854654053, 0.08333333333333334, 0.07632509985179105, 0.07620707071993868, 0.07536681012708529, 0.07508506350837793, 0.07996285462006716, 0.07448831793402419, 0.08111877730919964, 0.07369294022753652, 0.07261533977188257, 0.08212051220089057, 0.07283294184933257], [0.07688480155179596, 0.08312562478653646, 0.07637647667818151, 0.07630659951253232, 0.07535163476244977, 0.07515313619910205, 0.07994610216333603, 0.07453358499445663, 0.08115353549147152, 0.07369558205009759, 0.07258822697324675, 0.08206516486824837, 0.0728195299685451], [0.0768958559879016, 0.08309366029155976, 0.0764517845333891, 0.07653311457192233, 0.07530770966552448, 0.07533652207494487, 0.07974493114882436, 0.07467679244103273, 0.08099051644108797, 0.07375722761824513, 0.0726187402771241, 0.0817173909336686, 0.07287575401477507], [0.0769521869521053, 0.08309109059728557, 0.07651899269462442, 0.0766360728683173, 0.07527974958128579, 0.0753871613359871, 0.07975048869856283, 0.07469460306355394, 0.08104842025192027, 0.07371731583980672, 0.07252444276371929, 0.08159929626047925, 0.07280017909235217], [0.07693444710874511, 0.08314309321311505, 0.076427653174716, 0.0763773494301948, 0.07531388220472217, 0.07517174803821357, 0.07999190312480471, 0.07452087579039467, 0.08127742343530146, 0.07362927809289609, 0.07246584739045668, 0.08203187090532275, 0.07271462809111676], [0.07698948774701163, 0.0831369938868405, 0.07657149892043255, 0.07672706455827023, 0.07526093885248661, 0.07544222284362784, 0.07971669136683268, 0.07472569056274572, 0.08103529393482092, 0.0737047486241885, 0.07247577493182031, 0.08144795884807285, 0.07276563492284964], [0.07706619827230023, 0.08333333333333333, 0.07665218649557942, 0.0768204786015463, 0.0752355651469208, 0.0754759276429147, 0.07972375148509486, 0.07472482719889316, 0.08106830265563555, 0.07364426083664351, 0.07234861383601802, 0.08124833537804424, 0.07265821911707589], [0.07715199751278488, 0.08306467899222744, 0.07671952618627757, 0.07684116200123874, 0.07526790349203719, 0.0754731158504763, 0.07981814635496436, 0.07471330182327064, 0.0811708876704688, 0.07362022948534556, 0.07228990900945385, 0.08126460510326194, 0.07260453651819272], [0.07725023191576304, 0.08333333333333334, 0.07678381886081215, 0.07682267603843389, 0.07526673839295592, 0.07541073976789554, 0.07992834021682775, 0.07463367123599383, 0.08127846496754898, 0.07351541215489135, 0.0721203467504536, 0.08121141629972482, 0.07244481006536592], [0.07738853262144683, 0.08310137909931423, 0.07690932618351873, 0.07689659421791681, 0.07532371757349618, 0.07545205313291271, 0.07997257016384676, 0.07466028236041537, 0.08126717113668153, 0.07351558218762455, 0.07206896727586888, 0.08103986975091208, 0.07240395429604539], [0.0774988798004771, 0.08302150314124261, 0.07694542448748623, 0.07675464735382577, 0.07539058944214172, 0.07531479746933793, 0.08022957704969128, 0.07454048423202592, 0.08149373804594232, 0.07343390577990136, 0.07195966911973428, 0.0811314845901849, 0.07228529948800863], [0.07724337188519004, 0.08285721343672758, 0.07635118759651525, 0.07522304779104907, 0.07611638403340473, 0.07428546056682399, 0.0811860232897252, 0.0739508061717369, 0.08173034505689508, 0.07368310607306985, 0.07274983924176474, 0.0818154884366011, 0.07280772642049647], [0.07710209949558518, 0.08333333333333334, 0.07624137333045282, 0.07524120112311926, 0.0759688213807158, 0.0743475112251625, 0.08092268621809898, 0.0739889250276548, 0.08161094952994136, 0.07367061060887303, 0.07274946020307668, 0.08200227915151795, 0.07282074937246846], [0.07715200379938436, 0.08315875500838787, 0.07627906235536608, 0.07523206386955507, 0.07601956518002746, 0.07432165144922706, 0.08102282683160718, 0.07397130868125651, 0.08166668428252696, 0.07367083046037434, 0.0727444556296006, 0.08194978447430035, 0.0728110079783861], [0.07708917828179718, 0.08317122023383483, 0.07623327180073756, 0.07527515285136002, 0.07593003397232717, 0.07438805278846602, 0.08090303740962985, 0.07401449870032098, 0.08164909294533228, 0.07366665981101572, 0.07273508685181385, 0.0821293603927731, 0.07281535396059134], [0.0770681699178619, 0.08305515832329709, 0.07623854539258056, 0.07532062640552135, 0.07594443638203142, 0.0744551125568669, 0.08077233689246935, 0.07408704676848309, 0.08150880668449959, 0.07374416550961532, 0.07283925889219214, 0.08204913854784063, 0.07291719772674095], [0.0769938618199918, 0.08333333333333331, 0.0762027848962587, 0.07538269685555747, 0.07584819765366747, 0.07449788556553283, 0.08063421067529933, 0.07410920809286081, 0.08143387523387666, 0.07372417559019526, 0.07281476825809263, 0.08212004358790034, 0.07290495843743325], [0.07704961953668356, 0.0831097061093232, 0.07622809828719225, 0.07534005698441511, 0.07589813624892768, 0.07445708303914876, 0.08077155417176386, 0.07407595404184372, 0.08154932333689886, 0.07370904590337798, 0.07278972192560892, 0.08214661901076221, 0.07287508140405403], [0.07696307990050714, 0.08316461714002792, 0.0762137684808301, 0.0754852015111223, 0.07582072269463706, 0.07459763042587132, 0.08049269019621523, 0.07419814550638802, 0.08131589748142322, 0.07378623803305119, 0.07288773878428774, 0.08208860732228199, 0.07298566252335677], [0.07692641240778472, 0.08333333333333334, 0.07619966509831405, 0.0755243616656824, 0.0757794579731498, 0.07463082084485102, 0.0804027455097091, 0.07422255350963747, 0.08124072610925957, 0.073791290023579, 0.07289449464035669, 0.08205608066922458, 0.07299805821511829], [0.07692098518162137, 0.08318487429596952, 0.07621372300166514, 0.07558663969563836, 0.07575988652851075, 0.07468299031065724, 0.08036043698736169, 0.07426387364792139, 0.08121784891558771, 0.07380974717985164, 0.07290834052175903, 0.08207170739504184, 0.07301894633841427], [0.0768934481601672, 0.08318733450070624, 0.07621918238356222, 0.07566754469871224, 0.07572680761968364, 0.07475704586150804, 0.08024829228363005, 0.07432614110321561, 0.08111649092164096, 0.07384488423831216, 0.07294630734014396, 0.08200145990683161, 0.07306506098188613], [0.07687181426410258, 0.0831697193604681, 0.0762347534034412, 0.0757839163785519, 0.07565695434995726, 0.07484046046624275, 0.08016748014075273, 0.07438006049680086, 0.0810733612895028, 0.07384026272364824, 0.07291850239504007, 0.0820072288852559, 0.07305548584623571], [0.07685133796122738, 0.08333333333333333, 0.07622974859900832, 0.07582408122972177, 0.07560948450680019, 0.07486205864537955, 0.0801259227714445, 0.074386333200141, 0.08104815475372618, 0.07381719686009397, 0.0728810372150939, 0.08200417477261543, 0.0730271361514144], [0.07685641398693158, 0.08322865325418494, 0.07624268240672896, 0.07586060969726353, 0.07559588583912388, 0.07488664197539659, 0.08012245065077768, 0.07440158227724221, 0.08105512770880395, 0.07381469563930619, 0.07286816768568322, 0.08204718881568421, 0.07301990006287298], [0.07684919909031682, 0.08317524082929584, 0.0762625216070532, 0.07595442129205969, 0.07554738254911772, 0.07495230869106458, 0.08006396821785375, 0.07444336948338068, 0.0810119838193036, 0.07380986474489111, 0.07284137110228169, 0.08208062705333599, 0.0730077415200453], [0.07683153023549383, 0.08333333333333333, 0.07626697954896333, 0.07602522259998154, 0.07548038261410844, 0.07498968490851061, 0.08001039044940715, 0.07445479672109842, 0.08100118227682443, 0.07377258708304021, 0.07277564967595611, 0.08210096180922519, 0.07295729874405733], [0.0768443128870784, 0.08311759737025884, 0.07630208246134498, 0.07611824407486227, 0.07546086806508752, 0.07506076776107762, 0.07996858313466607, 0.07450724378961565, 0.08100889660069072, 0.07378831553336193, 0.07277363165670218, 0.08208252672167406, 0.07296692994357976], [0.07683395257024983, 0.08313751093346121, 0.07633899076212304, 0.07627328767890261, 0.07540233182119015, 0.07517999485929072, 0.0798274139935989, 0.07459360595218241, 0.08093331605236409, 0.07380870969043972, 0.07276792830329393, 0.08192100214950526, 0.07298195523339807], [0.0768187369063847, 0.08333333333333334, 0.07636287304680242, 0.07639660917873589, 0.0753410887306538, 0.07526895791728419, 0.07970047295060026, 0.07465261011842195, 0.08085347922736637, 0.0738087594139756, 0.07274124415128769, 0.08174803395628494, 0.07297380106886896], [0.07688653182455586, 0.08298556146835151, 0.07645305469332006, 0.076551976957174, 0.07532338672707155, 0.07536935738316486, 0.07969902824488473, 0.07471544647479691, 0.08092310686660778, 0.0738032505043977, 0.0726817627491427, 0.08167120422082072, 0.07293633188571154], [0.07688027074475048, 0.08302667249966243, 0.07641456313522896, 0.0764383628973676, 0.07534181102729187, 0.07527559786094568, 0.07979964314233175, 0.07464082103909866, 0.08100898909122345, 0.07376787296957255, 0.07266040358137432, 0.08184241373649677, 0.0729025782746553], [0.07683159379562113, 0.08333333333333333, 0.07634404948450293, 0.07630826831502058, 0.075354511492062, 0.07518522846687213, 0.07981682592391302, 0.07457904977954313, 0.08096893652203666, 0.07375940286432137, 0.07268974108194654, 0.08191429136787634, 0.07291476757295079], [0.07683132400463673, 0.08333333333333334, 0.07630471144419648, 0.07617056444452355, 0.07540119985733937, 0.07508164686894797, 0.07992822822022669, 0.07450517787836007, 0.08102548188971177, 0.07374427376206331, 0.07270121677267072, 0.08206512008444783, 0.07290772143954224], [0.07686596260544697, 0.08310045072596123, 0.07639758155118417, 0.076412630496221, 0.0753438275193469, 0.07525998463375756, 0.0797935953206889, 0.0746317879294096, 0.08098860116778372, 0.07377058858877573, 0.07267345406361969, 0.08184971780560754, 0.07291181759219685], [0.07689938288190813, 0.08307319787492502, 0.07640074592821197, 0.07635684503739062, 0.07534102998674604, 0.07518696237898763, 0.07993006482771998, 0.07455545172816676, 0.08116067404302366, 0.073695071536106, 0.07257231936236741, 0.08201745802748844, 0.07281079638695827], [0.07691239384335254, 0.08304000678801636, 0.07648976306713946, 0.07662213107719541, 0.07529579069189618, 0.07540498259093122, 0.0796858546627489, 0.0747283905268961, 0.08094548479490843, 0.07377580397498056, 0.07261988350394707, 0.08159209935270156, 0.07288741512528624], [0.07694931584721118, 0.08300965006220401, 0.07654063143269041, 0.07671006523385168, 0.07528020783252412, 0.07545902214318438, 0.07966397650006427, 0.07475974372907995, 0.08094991613600444, 0.07376598808394334, 0.07257629768985766, 0.08147807035261909, 0.07285711495676524], [0.07700078538227872, 0.08301708582753344, 0.07660445046697298, 0.07680634163997542, 0.07526472790154361, 0.07551338278351098, 0.07964800632644288, 0.07478751609746154, 0.08095814576746366, 0.07374632342718457, 0.07251311993757995, 0.08133074533722766, 0.0728093691048245], [0.07703605699156833, 0.08313222364906145, 0.07664818287806911, 0.07687139052607772, 0.07524754783714636, 0.07554587577731703, 0.07962824265809852, 0.07479978533874165, 0.08094953873078026, 0.07372274043831943, 0.0724551956567543, 0.08120008260980877, 0.07276313690825702], [0.07713441493099117, 0.08309307871755411, 0.0767321339448688, 0.07692037281661983, 0.07525497051156604, 0.07554748310391955, 0.07970402793254269, 0.07477845796096957, 0.08104000225240651, 0.07366449527859786, 0.07233742065274185, 0.0811349051911411, 0.0726582367060808], [0.07724847474461176, 0.08311221963298654, 0.07683141735052024, 0.07697499906147617, 0.07527054124642597, 0.07555421516003097, 0.07976013254351054, 0.07476231546834769, 0.08108112165282566, 0.0736103974075474, 0.07221933265514871, 0.08102100328156821, 0.07255382979500007], [0.07734559949049313, 0.08302729262079811, 0.07690907449244258, 0.07699452971344047, 0.07530477150902971, 0.07554922849418721, 0.07982718252214217, 0.07474840503197487, 0.08112039742763316, 0.07358245812581922, 0.07215110958162271, 0.08094831790931015, 0.07249163308110641], [0.07745578796981098, 0.08333333333333336, 0.07697370739556524, 0.07693874210104201, 0.07532902160573943, 0.07546658613117714, 0.07994692170842482, 0.07466036700588992, 0.08119034876464705, 0.07348923325632772, 0.07200299268170668, 0.080865244025211, 0.07234771402112486], [0.07759350399987759, 0.08301440298363096, 0.07701764875387407, 0.07675810193194607, 0.07543611227420459, 0.07530688932590898, 0.08028070662146536, 0.07453079041547957, 0.08147452388164853, 0.07342102298628936, 0.07191619024069608, 0.08100526083457853, 0.07224484575040055], [0.0768274849834287, 0.08316406908884118, 0.07631391696202072, 0.07619592243044322, 0.07543580743989434, 0.07512967493072266, 0.07986503993172887, 0.074564092914205, 0.08092402525395731, 0.07381845618302438, 0.07280155286482168, 0.08195682177819054, 0.07300313523872144], [0.07682721359828522, 0.08316751529038298, 0.07628739157165333, 0.07609310593913016, 0.07549391462097811, 0.07506624679717189, 0.07991744424532769, 0.07453104383336129, 0.08090012547698132, 0.07384258527533721, 0.07286014315980611, 0.08196961669544374, 0.07304365349614098], [0.0768212990314025, 0.08333333333333333, 0.07625273386743199, 0.07597886404909407, 0.07553847863711936, 0.0749859866354762, 0.0799686615861084, 0.07447859858489363, 0.08089940533621263, 0.07384387338474166, 0.07288971836248316, 0.08195281562204769, 0.07305623156965525], [0.0768365310897673, 0.08317972754260085, 0.07625677616958605, 0.0759466056655471, 0.07558345469944645, 0.07497377171020206, 0.0799949637230959, 0.07448159187375764, 0.08091300060988109, 0.07387500442720432, 0.07293819000659378, 0.08192448640401141, 0.07309589607830594], [0.0768492117202624, 0.08317289712700461, 0.07624520191019761, 0.07586604871016504, 0.07563735817238178, 0.07492114029104825, 0.08004593003408475, 0.07445222536784073, 0.08094436256784923, 0.07389060703390227, 0.07297604637226096, 0.08187932915325011, 0.0731196415397522], [0.07687306586336538, 0.08315127375810899, 0.07622896903057885, 0.07574041461002406, 0.07571486120410942, 0.07483220708822343, 0.08013495663719393, 0.07439591573052351, 0.08099797635804482, 0.0738988654799055, 0.07301093299561094, 0.0818862040484554, 0.07313435719585576], [0.0768735795420736, 0.08333333333333334, 0.07620766542404574, 0.07566392755182201, 0.07573515582714889, 0.07476922699265659, 0.08017631479566756, 0.0743465903802397, 0.08102161323595551, 0.0738779245297649, 0.07299806059404361, 0.08188400330444372, 0.0731126044888049], [0.07697579973146455, 0.08305795459686484, 0.07645967678776669, 0.07639364185795897, 0.07531324497678583, 0.07516583472655718, 0.0800558056569871, 0.0745040248611528, 0.08137645735637647, 0.0735953359591947, 0.07240444233361748, 0.08203866819420469, 0.07265911296106865], [0.0769830471407065, 0.08333333333333333, 0.07652779164837803, 0.07660413543345765, 0.07525422537085288, 0.07532558994254904, 0.07984131900097266, 0.07462076716865414, 0.08117846243721455, 0.07362722921883505, 0.07239657455574242, 0.08162957710679493, 0.07267794764250878], [0.07705911751505001, 0.08318884346790976, 0.07662732381142125, 0.07675526164463574, 0.07525627937347468, 0.07543082185251632, 0.07979228521025453, 0.07469500112537038, 0.08114100117741727, 0.07364365831887275, 0.07236592336521659, 0.08137824518180538, 0.07266623795605535], [0.07689398320681445, 0.08333333333333336, 0.07620347031141551, 0.07560126526912789, 0.07576531700250591, 0.07471484574504965, 0.08025299419914113, 0.07430311407555575, 0.08108533442087751, 0.07385842630897843, 0.07297984076042614, 0.08192099595332777, 0.07308707941344668], [0.07692758054985167, 0.08318750171931247, 0.07621386206956464, 0.07555347704234035, 0.07581297667962143, 0.07467835506026353, 0.0803317950787416, 0.07427911256839333, 0.08114399693330937, 0.07386054035556253, 0.07298597082079519, 0.08193950186178234, 0.07308532926046156], [0.07696613668755632, 0.08309953995199171, 0.07622179333982491, 0.07548712430829295, 0.07586469307289459, 0.07462346303992275, 0.08043329298485584, 0.07423841257256476, 0.08121806605404393, 0.07385037281230997, 0.07297740790352458, 0.08195205641176556, 0.07306764086045218], [0.07698398834742529, 0.08333333333333333, 0.07620628869088945, 0.0753927870632602, 0.07589538162509007, 0.07453974031609992, 0.08051815293258206, 0.07416890575548396, 0.08126725777407605, 0.07381231441042269, 0.07293954734135734, 0.08192198198794692, 0.07302032042203266], [0.07703887453362879, 0.08311114675686794, 0.07623251753995895, 0.07534908901847297, 0.07595995795462644, 0.07450613005464474, 0.0806275120370267, 0.07414796280194212, 0.08133904877149521, 0.07381829715179282, 0.07294485387522888, 0.0819067321566539, 0.07301787734766071], [0.07706638694320803, 0.08300247720411605, 0.07625044553214741, 0.07533039828029937, 0.07598656100781224, 0.07448778767330981, 0.08068949051168267, 0.07413383778800015, 0.08138555079690493, 0.07381392507575278, 0.07293662475604774, 0.08190951828551588, 0.07300699614520295], [0.07708893418436072, 0.08309837853390976, 0.07625852806528509, 0.07529293581677678, 0.0760051527176438, 0.0744316227206803, 0.080774111310602, 0.07408341229252303, 0.08144373508714206, 0.07377805502266829, 0.07289242620763554, 0.08189390813084185, 0.07295879990993073], [0.0771166965307108, 0.08316445113589485, 0.07627230147197417, 0.07525974707217438, 0.07603071266222314, 0.07438001224362653, 0.08085992608040268, 0.074038443063908, 0.08149510394547523, 0.07374904517095063, 0.07285592981646155, 0.08185968061461923, 0.07291795019157873], [0.07717636116943388, 0.08301083729825497, 0.07632160051966769, 0.07524326031270169, 0.07610836515691148, 0.07434621804263576, 0.08095308722645607, 0.0740210633003062, 0.081510594365264, 0.07376497031123781, 0.07287444656567668, 0.08174221355730169, 0.07292698217415215], [0.07724399585190443, 0.08281422808149105, 0.07637523609830266, 0.07523356853133686, 0.07618294713984722, 0.07431605733874339, 0.08106615896154636, 0.07400366093261788, 0.08154489698955346, 0.07377421143928141, 0.07287947292396499, 0.08164071906746102, 0.07292484664394938], [0.0771887315295944, 0.08302094987039912, 0.07631892595707296, 0.075231706068063, 0.07609010737168263, 0.07431967449650324, 0.08103545362241384, 0.07398653020245986, 0.08160797895781433, 0.07371806217415787, 0.07280744922306875, 0.08181007053099563, 0.07286435999577434], [0.07692353638272344, 0.08314494281865534, 0.07648140940404494, 0.07657514681055007, 0.0752865160547612, 0.07534863030849089, 0.07976135648272377, 0.07467098276469215, 0.08104095814481056, 0.07372083115246075, 0.07255056881165399, 0.08167761705286028, 0.07281750381157262], [0.07691501277762762, 0.08333333333333333, 0.07643938565201676, 0.07646120488919779, 0.07528133032849307, 0.07524171635356906, 0.07986974303006968, 0.0745755922839208, 0.08115738062148785, 0.07365205852695353, 0.07248197127000967, 0.0818506859961051, 0.07274058493721573], [0.07710726232937586, 0.08306166161317158, 0.07661328281855734, 0.07660341314643496, 0.07528907360356903, 0.0752849419291098, 0.08003658375974783, 0.0745660447292271, 0.08142131784240873, 0.07355440294294928, 0.072265009131932, 0.08164327084580772, 0.07255373530770873], [0.07702066211377982, 0.08310515322408511, 0.0765244112618055, 0.07650839845659074, 0.07529001911048878, 0.07523807311919252, 0.08001126147676253, 0.07454716626608214, 0.0813669226270956, 0.0735847223367317, 0.07235129454009379, 0.08182851528634502, 0.07262340018094669], [0.07689311163118591, 0.08314999614181458, 0.07633556648815192, 0.07615333286250262, 0.07537984295026831, 0.07501920186191871, 0.08011313877866735, 0.07442235308108658, 0.08129680935053032, 0.07363316718648788, 0.07253408265862032, 0.08231917394670851, 0.07275022306205682], [0.07694895497836844, 0.08303136454647053, 0.07641938950653082, 0.07631712413680497, 0.07533428190505374, 0.07511938220233286, 0.08008122316408525, 0.0744782670035293, 0.08136636412636854, 0.07360764590006605, 0.07244645208064006, 0.08216072121087734, 0.07268882923887207], [0.07715724039311604, 0.08333333333333334, 0.07664824414612532, 0.07660624061801377, 0.07526751940732435, 0.07525204976248043, 0.0800859642083799, 0.07451584931190461, 0.08148661662174095, 0.0734765982456554, 0.07214056907712706, 0.08159072954384569, 0.0724390453309533], [0.07730875424454678, 0.0829486867738226, 0.07676115583894438, 0.07661818047687363, 0.07533661639365674, 0.07523602791066236, 0.08025329264408985, 0.07449242258733624, 0.0816408864324854, 0.07344357053484903, 0.07205470395633852, 0.0815470089106949, 0.07235869329569927], [0.07763465891341986, 0.08293557624165705, 0.07710519412136926, 0.07692862096858197, 0.07543781244537344, 0.07544819941097083, 0.08014914832333557, 0.074647540607918, 0.08122636235374842, 0.07348700676288711, 0.071957845610126, 0.08073929490966726, 0.07230273933094523], [0.07752602660131183, 0.08316252044298501, 0.07705030601558745, 0.07701120295672839, 0.07536290134335226, 0.07552376327764455, 0.07994012978878433, 0.07470847210183021, 0.08110561451874279, 0.07351857648797741, 0.07200955688275541, 0.0807196625467566, 0.07236126703554378], [0.0772304495083852, 0.08174799460302555, 0.07638354518190937, 0.07554593446745238, 0.07569253153500494, 0.07445919818101851, 0.08136431700409606, 0.07395227499494272, 0.08254350908406179, 0.07336566068645703, 0.07221493232107684, 0.0831258961953648, 0.07237375623720481], [0.07715978729464516, 0.08204507597734781, 0.07632849494724028, 0.07551575750008269, 0.0756862840408066, 0.07445779657529213, 0.08121865224333484, 0.07396607238494203, 0.08234582828967763, 0.07340528308870614, 0.07229484757301056, 0.08313198249350903, 0.0724441375914051], [0.07709669962651514, 0.08221002005396952, 0.0762966761255379, 0.07555854913954937, 0.07562202117162699, 0.07449161191375936, 0.08106472602492644, 0.07398802468798356, 0.08218735938339454, 0.07340257913058901, 0.07229621521924079, 0.08333333333333333, 0.07245218418957403], [0.07706033050345709, 0.08239495221170745, 0.07628932431174443, 0.07561196620947613, 0.07560690404282497, 0.0745508767144096, 0.08092864243687231, 0.0740450778440349, 0.08202922329776809, 0.07345134680954098, 0.0723623728644658, 0.08314892988433127, 0.07252005286936701], [0.07704080062127, 0.08247010889070783, 0.07630779277546552, 0.07572601339226077, 0.07554707002382538, 0.0746353214663694, 0.08081102163951877, 0.07410313553280774, 0.08191751511307407, 0.07345705894180617, 0.0723494064284688, 0.08311164675833212, 0.07252310841609332], [0.07704201806297051, 0.08240639834162311, 0.07633160348797058, 0.07581259128343076, 0.0754945762059878, 0.07468761514738426, 0.08075791187489278, 0.07412945797239416, 0.08192665656808985, 0.07343429693904259, 0.07229686654009346, 0.08319395108656355, 0.07248605648955657], [0.07712666256890603, 0.08220207442670446, 0.07640924256300516, 0.0758852715535795, 0.07549428335998801, 0.07471765891878936, 0.08086668319362379, 0.07413477102380668, 0.08216565648025814, 0.0733962909839301, 0.07220642968242791, 0.0829843648474871, 0.07241061039749361], [0.07725211255615298, 0.08177863536574395, 0.07646625942245251, 0.0757923985639852, 0.07555139389891213, 0.07460710378736322, 0.08119790386275723, 0.07402694099264341, 0.08258040099323836, 0.07330154951959873, 0.07206235162292832, 0.08311773058260943, 0.0722652188316143], [0.07730867002897256, 0.08156997874901914, 0.07646347510109903, 0.07564700956371827, 0.07564812003998052, 0.07449853211121993, 0.08145010540127748, 0.07395249938192236, 0.08271234127449936, 0.07329471494071817, 0.07207200049196487, 0.08312760451638339, 0.07225494839922485], [0.07729372008829678, 0.0814293581285847, 0.07642973830052205, 0.07556423619634522, 0.07568345277853226, 0.07444525571299868, 0.08149706355262004, 0.07392125713667523, 0.08270810664745666, 0.07330560461371911, 0.072109684584949, 0.08333333333333333, 0.0722791889259669], [0.07721218087263575, 0.08174308760279334, 0.07639019882293042, 0.07561899252303023, 0.07563018053377908, 0.07450272518690099, 0.0812820938674941, 0.07397242793553872, 0.08246487549131944, 0.07334122931884308, 0.07216806362917755, 0.08333333333333334, 0.07234061088222403], [0.07719300002786784, 0.08188571294595914, 0.07636641454527004, 0.0755738936688034, 0.07566776048042219, 0.07448850121126552, 0.08126053925381006, 0.07397849216056397, 0.0824246279534234, 0.07338406962927299, 0.0722439639528226, 0.08312860888580481, 0.07240441528471399], [0.07711622041528182, 0.08211277186607513, 0.07634263814985343, 0.07567855117318341, 0.07556985613167039, 0.0745682923172925, 0.08102958173215812, 0.0740321985885966, 0.08217616035631792, 0.07338503493407911, 0.0722398759813091, 0.08333333333333336, 0.0724154850208493], [0.07717718048748841, 0.08192696854219846, 0.07641112730820662, 0.07577279201517985, 0.07556054305333185, 0.07462552087923525, 0.08107177570670367, 0.07406493621202745, 0.08231653194026159, 0.07337238754033869, 0.07218629376004587, 0.08313684275614694, 0.07237709979883539], [0.07717358148540929, 0.08194285849784468, 0.0763948513470047, 0.07572292607464878, 0.07558676980163678, 0.07459425214167834, 0.0811066213314985, 0.07404771661737132, 0.08229269423205592, 0.07338188315806926, 0.07221207622621245, 0.0831493383922947, 0.07239443069427522], [0.07722254164545747, 0.08171381241555496, 0.07642523871056225, 0.07571983904252542, 0.07557707205984794, 0.07456500358368989, 0.0812171288353684, 0.07400587495800766, 0.08248566234494406, 0.07331991106373151, 0.07211232765964692, 0.08333333333333331, 0.07230225434733006], [0.07711937400039083, 0.08212970306046857, 0.07633591092046517, 0.0756422814164232, 0.07560409859319162, 0.07455127094356803, 0.08105251323521445, 0.07402919730354288, 0.0821929232842739, 0.07340808670112467, 0.07228027755802005, 0.08320670473029472, 0.07244765825302184], [0.07706589884544736, 0.08229318260972987, 0.07633108063215158, 0.07575780368839799, 0.07551377224101215, 0.07463525963737498, 0.08086047447339045, 0.07408364547685571, 0.08201629135470677, 0.07340377071510362, 0.07226027584950502, 0.08333333333333333, 0.07244521114299113], [0.07712124312745161, 0.08215115624723981, 0.07638955101145008, 0.0758295983006403, 0.07551543702409552, 0.07467917130187558, 0.08090821861686082, 0.07410972764016933, 0.0821582483165435, 0.07339717155221201, 0.07222177661931829, 0.08310092664090167, 0.07241777360124133], [0.07721835013878714, 0.08189309734968944, 0.0764608864505206, 0.07585159884791463, 0.07552305111945776, 0.07466168414830941, 0.08107431383830667, 0.07407315561194419, 0.08245744605042458, 0.07332945752372143, 0.07209686182540818, 0.08305547545758804, 0.07230462163792775], [0.0771695647578559, 0.0820992449271569, 0.07644936909556524, 0.07592337036967628, 0.07549172062516861, 0.07473318005281962, 0.08090953682611819, 0.07413708187592218, 0.08227429611182477, 0.07337519270576978, 0.07215738728328944, 0.08291037003239653, 0.07236968533643649], [0.0770729436503251, 0.08233439778696151, 0.07632242011623336, 0.07570320044846246, 0.07556490847300304, 0.07460864767077756, 0.08090213524547234, 0.07407767030624526, 0.08202319258303524, 0.07343623280901548, 0.07231750448970042, 0.08314640775465477, 0.07249033866611346], [0.07706460432625763, 0.08233516929991788, 0.07635885940195114, 0.07585565780790571, 0.07548365930955123, 0.07471189588052321, 0.08076965563201417, 0.07414120969875601, 0.08199422469954343, 0.07342309093266114, 0.07226582702670802, 0.08313357237292558, 0.0724625736112849], [0.07709015391076394, 0.08235733246708934, 0.07639736462821173, 0.07592976373945479, 0.07546275814431666, 0.07475863606206964, 0.08075292529240567, 0.07416853825140025, 0.0820515779437866, 0.07341402025118117, 0.07222986458299369, 0.08294865444377676, 0.0724384102825496], [0.0774426698491909, 0.08144994652513785, 0.07646244967896071, 0.07533618195432802, 0.07587939524474997, 0.07425393618074118, 0.08198778347360593, 0.07378675797417968, 0.08311214937025158, 0.07328445698947847, 0.07209643971977688, 0.08267363891482021, 0.07223419412477879], [0.07743808442999442, 0.08128444920020564, 0.07648289941375189, 0.07540387731957617, 0.07581992649014041, 0.07430762690601879, 0.08192375480687746, 0.07381460604245228, 0.08319245920973595, 0.0732628820581646, 0.07204805033450655, 0.08282024187284161, 0.07220114191573433], [0.07742943755785847, 0.08154081562600003, 0.0765128083220709, 0.0755357171042712, 0.07571698743208782, 0.07438234631247886, 0.0817855822127114, 0.07384633038729971, 0.08310660924270337, 0.07321299493784753, 0.0719496637516027, 0.08285242654325088, 0.07212828056981709], [0.07748863553981829, 0.0818377488443078, 0.07658185971021024, 0.07563454099689812, 0.07565730902456776, 0.07442251653438778, 0.08173557718462841, 0.07384805885270931, 0.08333333333333331, 0.07314291465677464, 0.07181154835330085, 0.08249152796296413, 0.07201442900609918], [0.07784819681640251, 0.08166738247375992, 0.07685039146770807, 0.07566705785415107, 0.07591505894751559, 0.07445364787678799, 0.08209988408004172, 0.07389512482504766, 0.08277494444301736, 0.0732153595986891, 0.07181710234514077, 0.08177581852236368, 0.07202003074937452], [0.07797410713929732, 0.0810962136775081, 0.07686134297446352, 0.07552430116775458, 0.07612711685831464, 0.07427345220706516, 0.08264636762365936, 0.07378330227784263, 0.08304531264954933, 0.07323431137514524, 0.07186807849100045, 0.08153194913072916, 0.07203414442767034], [0.07790476599149632, 0.08077117368654844, 0.07676143103197376, 0.07539295589360726, 0.07621464206492651, 0.07417199239252015, 0.0829388226442307, 0.0737348098358825, 0.08305449960935975, 0.0732888945085341, 0.07200208618951637, 0.08162987690190471, 0.07213404924949948], [0.07775846452279313, 0.0808857822169245, 0.07666196681605593, 0.07536483581638928, 0.0761807015271906, 0.07420505232708806, 0.08263468903845188, 0.073781718876326, 0.08279751941914631, 0.07336187412562777, 0.07214516044265663, 0.08195798585812428, 0.0722642490132256], [0.07752925297004634, 0.08129978572201728, 0.07651484102419352, 0.07533856227101961, 0.07595808328882546, 0.07423218122326168, 0.08217574817497207, 0.07377628112273617, 0.08307704330642021, 0.07329591447982732, 0.07209753838066203, 0.0824744078652398, 0.07223036017077847], [0.07748661693504895, 0.08118994005201279, 0.07650701604992972, 0.07537940983885111, 0.07585778654867883, 0.0742776763685684, 0.08204798275863316, 0.07379063398710611, 0.08333333333333334, 0.07325132528464653, 0.07202635619846061, 0.08267510468743307, 0.07217681795729743], [0.07749704369394825, 0.08142511589396766, 0.07653655383356547, 0.07545623792576585, 0.0757819951190151, 0.07431557079256881, 0.08198902586244286, 0.0737952464504639, 0.08333333333333334, 0.07319354610161183, 0.07192224631771629, 0.08266128528346176, 0.07209279939213903], [0.07751411172945177, 0.0815561930650899, 0.07656742198557236, 0.07552075121674624, 0.07575983028338873, 0.0743585786401693, 0.08193919265035274, 0.0738222195014772, 0.08318625434536893, 0.07318944925454923, 0.07189784779065624, 0.08260974016860423, 0.07207840936857324], [0.0776022097930568, 0.08154226650051062, 0.07662329258607002, 0.07550099263341559, 0.07580379470803393, 0.07433067118065068, 0.08208592270718501, 0.07379456009454567, 0.08333333333333336, 0.07316310089386631, 0.07184176889338803, 0.0823537951723488, 0.07202429150359548], [0.07765189665569408, 0.08111417349969711, 0.07661747973031564, 0.075407901955902, 0.0759849824472619, 0.07426023639709102, 0.08237163227876061, 0.07378498337548453, 0.08306744864174234, 0.07326799027391685, 0.0720130045522483, 0.08229799042792067, 0.07216027976396482], [0.07777856333416981, 0.08101721732170965, 0.0766944262933188, 0.07541104564840044, 0.07607185428205736, 0.07422082168148636