[[0.07666090416575146, 0.08187949194847424, 0.07429870773989126, 0.0732522705308313, 0.08118883552179632, 0.07435411887664957, 0.08109605468694799, 0.08298324854899636, 0.07287847374470403, 0.07191300944067425, 0.07182398567045796, 0.08211171010344696, 0.0755591890213784], [0.07655447530637012, 0.08177205206782873, 0.07430352420787158, 0.07324417490808978, 0.08147117318033893, 0.07432889480708214, 0.08091996091747702, 0.08319029045723321, 0.0728435407977295, 0.07189101319403671, 0.07179510742152191, 0.08221643806485926, 0.07546935466956108], [0.07644381766653638, 0.0816099061406647, 0.07434000690771454, 0.07326069090148621, 0.08181200771808775, 0.07432091601606222, 0.08070562663480345, 0.08333333333333334, 0.07283085734996647, 0.07189716297282026, 0.07179372562425568, 0.08226940169478253, 0.07538254703948656], [0.07638005465782573, 0.08150162979323461, 0.07440460839345969, 0.07330382808220484, 0.08209019219857211, 0.0743456923681675, 0.0805588106593662, 0.08319616868683055, 0.07284386596509217, 0.07192331057636653, 0.07181139236359566, 0.08230402691894013, 0.07533641933634427], [0.07630645898820136, 0.08133722723421143, 0.07448193951302438, 0.073361699187757, 0.08242013025141132, 0.07437852606046236, 0.08037115982077289, 0.08311703529708944, 0.07287044162323238, 0.07196836406936917, 0.07184768779024343, 0.08225223855981334, 0.07528709160441142], [0.07626630217986459, 0.08126091394871415, 0.07454764323833349, 0.07340278606707155, 0.08263814215645375, 0.07440895387204947, 0.08027117547345894, 0.08298689028424092, 0.07288036192017955, 0.07198432511682361, 0.0718543433211781, 0.08224112126013898, 0.0752570411614928], [0.07617897955410666, 0.08119600621186462, 0.07460126671307127, 0.07339351185089348, 0.08285123822819043, 0.07440357698669875, 0.080154334822231, 0.08333333333333334, 0.0728066451323573, 0.07190091800810461, 0.07175125478272602, 0.08226344035607454, 0.07516549402034806], [0.07615698993642848, 0.08110196992019872, 0.07474263070955692, 0.07348638766160377, 0.08308067560093862, 0.0744915188188263, 0.08003974271293927, 0.08298631088835488, 0.07284211766845287, 0.07193800041298531, 0.07177054451209522, 0.0822101833726401, 0.07515292778497937], [0.0761623989052379, 0.08109609222989071, 0.07486780898105637, 0.07354876304265387, 0.08311537668957582, 0.07457751527390122, 0.08000764156943432, 0.0826438734189615, 0.07284091994535981, 0.07192091367825072, 0.07173329201175954, 0.08233618059842805, 0.07514922365549022], [0.07618235352453706, 0.0811186401669843, 0.07507350724317417, 0.0736736608013457, 0.08311181541981721, 0.07472822278483317, 0.07991931164966484, 0.08215184948999951, 0.07288018910318855, 0.07194458311999562, 0.07172978393876837, 0.08232030658375622, 0.07516577617393531], [0.07623376893722464, 0.0811602001164713, 0.07529735891184752, 0.07381145938072131, 0.08310627407781272, 0.07489911985196503, 0.07984843095092367, 0.08163256985964652, 0.07292978020120519, 0.07197145899626667, 0.07172837708619073, 0.0821726780735705, 0.07520852355615429], [0.07627630471583383, 0.0810591818213147, 0.0755214249097119, 0.07398375986461234, 0.08301781104352975, 0.07507879258839693, 0.07971365637428895, 0.0812508190574963, 0.07303952878107008, 0.07208073625950144, 0.0718177373063841, 0.08189496132303595, 0.07526528595482365], [0.07636780492095575, 0.0811323215600646, 0.07568407301170281, 0.07407345884605947, 0.08300592710424083, 0.07521176455743778, 0.0797272425767306, 0.0808313656420589, 0.07306326751479722, 0.07206937436384106, 0.0717846517907574, 0.08171602020302587, 0.0753327279083278], [0.07642238998740834, 0.08116793162452084, 0.0757697684087908, 0.07410255839040676, 0.08333333333333331, 0.07527900898848293, 0.07973128622645727, 0.08050779342761577, 0.07304420036344814, 0.07201840595496786, 0.07171774013809733, 0.08154237717886881, 0.07536320597760171], [0.07658295730526231, 0.08129117759563237, 0.07589388816183576, 0.07418249621499508, 0.0828890621531685, 0.07540338810837623, 0.07984308385479162, 0.0801562518841674, 0.07309022823988522, 0.07202477604589086, 0.0717115804245927, 0.08144167091453965, 0.07548943909686238], [0.07671824254770972, 0.08143967527330345, 0.07592075205530763, 0.07419016949959902, 0.08259271954583743, 0.07544931560699523, 0.07999503640569042, 0.07991915318855332, 0.07309055233687378, 0.07198816727440252, 0.07167067435257299, 0.08143955947224638, 0.07558598244090801], [0.07685232036789363, 0.08155050588281713, 0.07589815011128574, 0.07413734209360476, 0.08299271653558261, 0.07545300923545671, 0.08014447980709147, 0.07954493909273429, 0.07302451250001024, 0.07186722362432066, 0.07154271853065661, 0.08132980314492474, 0.07566227907362146], [0.0770433238981475, 0.0817375700126437, 0.07580747706082323, 0.07406311768316738, 0.08297848946972591, 0.0754239205313927, 0.08042596003189123, 0.0792524206630145, 0.07298190191184277, 0.0717736653806402, 0.07145498528526101, 0.08126908065904286, 0.07578808741240702], [0.07676025390275419, 0.08178670845224835, 0.07427046020035495, 0.07326907354734213, 0.08088404383035709, 0.07436912721434501, 0.08117035177734643, 0.08312738629856545, 0.07295797504709295, 0.07199849104903375, 0.07192795190494773, 0.08181563561599953, 0.07566254115961238], [0.07664601488721476, 0.08171140903881523, 0.07429954235243987, 0.07328491883364487, 0.08124090545579842, 0.07436250109040392, 0.08097855979555005, 0.08307121319146692, 0.07293809993540208, 0.07199581408225718, 0.0719159759188731, 0.08198531096866644, 0.07556973444946712], [0.07656771954622418, 0.08164053182965869, 0.07429946431070003, 0.07327669289162081, 0.08144218535412949, 0.0743424681144528, 0.08085570643409574, 0.08324460806897871, 0.07290964312990111, 0.07197617177619868, 0.07189107136549394, 0.0820510461863566, 0.07550269099218931], [0.07643983660703775, 0.08154271721492931, 0.0743594399429563, 0.07329124431821855, 0.08186578369853578, 0.07433905540655958, 0.08065252837476387, 0.08324593631596987, 0.07286780384948939, 0.07194531265816995, 0.0718441819777184, 0.08221503695246218, 0.0753911226831892], [0.0765341100156194, 0.08165558222691896, 0.07429664879525251, 0.07325802490419767, 0.0815191736495774, 0.07432657431559507, 0.0808343317879421, 0.0833333333333333, 0.0728733626035589, 0.07193613746468071, 0.07184578549399753, 0.082121199190906, 0.07546573621842012], [0.07634451933930614, 0.08139589213776094, 0.07441250004292273, 0.07331853428348056, 0.08219633885848872, 0.07434541412606228, 0.0804633816270577, 0.08333333333333333, 0.07285989082984347, 0.07195227543138792, 0.07184133460154013, 0.08222077413930245, 0.07531581124951357], [0.0763085604037443, 0.0812537899763174, 0.0744899958860136, 0.0733931333120861, 0.08243231148198826, 0.0743943483332703, 0.08031803356391348, 0.0830971682921675, 0.0729196000792526, 0.07203244576908971, 0.07191756436163378, 0.0821380683810021, 0.07530498015952074], [0.07625179024481284, 0.08121966060154438, 0.0745583899881981, 0.07341281003600847, 0.08269702054835458, 0.07441322006237358, 0.08023178640821683, 0.08301506289420132, 0.07288709592258914, 0.07199560084747508, 0.07186477306192843, 0.08220462699100947, 0.07524816239328777], [0.07615713916195323, 0.0810358500167265, 0.07460857764461314, 0.07343633739763897, 0.08302069513597349, 0.07441737137804436, 0.08003725644391083, 0.08333333333333333, 0.07287404240010666, 0.07199516638010098, 0.07185372533372446, 0.08205834287262517, 0.07517216250124883], [0.07614511435662537, 0.08096984142556818, 0.07476830637390845, 0.07354085008463722, 0.08315011243962422, 0.07451963430387548, 0.07994094689659394, 0.08294470161967266, 0.07291439161114849, 0.07203454574996829, 0.07187304559453679, 0.0820313847073284, 0.07516712483651251], [0.07612777739685868, 0.0809715727710473, 0.07484019503430843, 0.0735587963603228, 0.08333333333333333, 0.07455963869455272, 0.07991373566458028, 0.0827445115284669, 0.07287982558626305, 0.07198430194743631, 0.07180624829698855, 0.08214123450225798, 0.07513882888358361], [0.07613524790139507, 0.08096266210435922, 0.07495154464169322, 0.07362049650483407, 0.08333333333333334, 0.07463854471991885, 0.0798774566839122, 0.08248077360722529, 0.07289011832789512, 0.07198349382890516, 0.07178912583944394, 0.08219573990366909, 0.07514146260341546], [0.07616069372145048, 0.08098697126855235, 0.07509352596937845, 0.0737166639270512, 0.08315338920204338, 0.07474761146101236, 0.07982874826591183, 0.08219509769923171, 0.07293602522445412, 0.07202231579759376, 0.07181191986265524, 0.08217948204882844, 0.07516755555183671], [0.0761543211324086, 0.08097817475711842, 0.07515842842411269, 0.07375034076162508, 0.08333333333333331, 0.0747911805597307, 0.07977895993803753, 0.0820143526062449, 0.07293700614954357, 0.07201720812849272, 0.07179650863370603, 0.0821300779816447, 0.07516010759400152], [0.07616954007954013, 0.08095464790459098, 0.07527720185632056, 0.07383277926377943, 0.08333333333333334, 0.07488214910206845, 0.07971305526596369, 0.08177346990062132, 0.07297845300598749, 0.07205471678586813, 0.07182098736775741, 0.08203062528532135, 0.07517904084884787], [0.0762013483660814, 0.08099407865252554, 0.07538089018954877, 0.07388986472522346, 0.08333333333333333, 0.07496091447924366, 0.0796983190135529, 0.08152435267929024, 0.07299056008674916, 0.07205042293593306, 0.07180219963556757, 0.08197239565322763, 0.07520132024972315], [0.07624360555750272, 0.08083595085327006, 0.07566299927174719, 0.07410568364635188, 0.08333333333333333, 0.07518467511142196, 0.07950818900529127, 0.08102771690130343, 0.0731254512238721, 0.07218582306034348, 0.07191185303406031, 0.081610780345487, 0.07526393865601524], [0.07633201876002534, 0.0809131782796244, 0.07580302867962646, 0.07418328430516402, 0.0831899641323554, 0.07530099618913312, 0.07953842331245353, 0.08070292937804163, 0.07314815232018089, 0.07217673106466355, 0.07188467414807427, 0.0814966601489901, 0.07532995928166729], [0.07630489272324444, 0.08114766316600211, 0.07551241240829644, 0.07396467103402103, 0.08292371595424637, 0.07507403490189304, 0.07978100629312995, 0.08122182724150868, 0.07301679949035592, 0.07204442067922597, 0.07177993800118591, 0.08194972814444433, 0.07527888996244582], [0.07637833009201625, 0.08090577318155638, 0.07590726305553402, 0.07424055163249049, 0.08333333333333334, 0.07538424053323142, 0.07951285230641772, 0.08043554724452676, 0.07316206796118192, 0.07217002448236526, 0.07186382757195862, 0.08134169647342655, 0.07536449213196138], [0.07653116425543074, 0.08097213255343327, 0.07608180621084407, 0.0743593218117434, 0.08290319026806972, 0.07554544681399779, 0.07957049358061236, 0.0800647315394017, 0.07323287608083129, 0.0722049683795442, 0.07188221768204017, 0.08115980921880674, 0.07549184160524447], [0.07662045922606789, 0.08108160611798003, 0.07610255540624869, 0.07435740395774873, 0.08274004855277164, 0.07557558603360062, 0.07967301375990929, 0.07990406460227839, 0.07321920160939684, 0.07216157341745817, 0.07183395578697045, 0.08117919289095533, 0.075551338638614], [0.07676506147576166, 0.0812119114587421, 0.0761289521003293, 0.07435190475028947, 0.08266030728484354, 0.07562074260394962, 0.07981805858363894, 0.07960557307981454, 0.07319742725887819, 0.07209215028371031, 0.07175717818271413, 0.08114269120456291, 0.07564804173276533], [0.07688888732205974, 0.08119843438792768, 0.07618734925014058, 0.07437174870772303, 0.08295411029094366, 0.07568791601355782, 0.07986076483995858, 0.07923017959610361, 0.07318896683529454, 0.07204035748736357, 0.07169422617334653, 0.08096357117653276, 0.07573348791904798], [0.0769736083924196, 0.08142372668253954, 0.07600615882776944, 0.07420584576127268, 0.08333333333333334, 0.07556091800142006, 0.08011145421551297, 0.07913120825445348, 0.07305715311877353, 0.07186483313993043, 0.07152680992296567, 0.0810476865757134, 0.07575726377389592], [0.07673105099983454, 0.08161725421460769, 0.07426100476355804, 0.07328886876702484, 0.08093110795969848, 0.07436549411635643, 0.08103453054018159, 0.08333333333333336, 0.07300228242315958, 0.0720651447255113, 0.07200317360562004, 0.08170840446078159, 0.07565835009033277], [0.07655811058633594, 0.08148633305936012, 0.07430496610535382, 0.07331284622313382, 0.08146194439087606, 0.07435547625021525, 0.08074827309674604, 0.08333333333333334, 0.0729715013860878, 0.07206015170119923, 0.07198370467752273, 0.08190597583400905, 0.07551738335582685], [0.07663311011673803, 0.08155087716558933, 0.07430469663517353, 0.07332078835537778, 0.08127272554578682, 0.07437452457214985, 0.08086228127674, 0.08315738963763217, 0.07299943140393979, 0.0720798641528479, 0.07200868741380186, 0.08185364857548624, 0.07558197514873662], [0.0765216232839473, 0.08152314166578198, 0.07433614309318853, 0.07331761531341988, 0.08162669708085593, 0.07436141877165003, 0.08072129442124347, 0.08315922625951967, 0.07294376425061644, 0.07202879583639563, 0.07194252617291849, 0.08203932459177472, 0.07547842925868799], [0.0764823567392277, 0.08136675981408685, 0.07437123139545972, 0.07336718549908723, 0.0817701058096367, 0.0743840657949336, 0.08057295283315984, 0.08314375917492334, 0.07299760953023729, 0.07210625891932118, 0.07202225222737038, 0.08194915872545973, 0.07546630353709634], [0.07639291893953118, 0.08128594621766373, 0.07443260841933555, 0.07339083700974064, 0.08210399493842405, 0.07439347400180339, 0.08042400411188251, 0.08309698028336865, 0.07297581833399465, 0.07209280088602871, 0.07199558673258424, 0.08202555308112135, 0.07538947704452136], [0.07645835208318057, 0.081411024534609, 0.07438923992061305, 0.07335830981848468, 0.08187558170509984, 0.0743810939022792, 0.08057296168041893, 0.08306368820216836, 0.07296295847835435, 0.07206434395372827, 0.07197236729619971, 0.08205462335502045, 0.07543545506984357], [0.07632281834685466, 0.08114880478403375, 0.07450327038123487, 0.07344153003644939, 0.08239273159432325, 0.07442193141103855, 0.08025741593772885, 0.08303874115185425, 0.07299550661799858, 0.07212862400800546, 0.07202258980451495, 0.08198551377088084, 0.07534052215508281], [0.07626884073921096, 0.08106404049173176, 0.07453136334831922, 0.07345330080860939, 0.08256360387074237, 0.07442341611298212, 0.08015530647127908, 0.08317159796227157, 0.07298562434716077, 0.0721254174034199, 0.07201310962002247, 0.08194823808266513, 0.07529614074158522], [0.07623789122922237, 0.08103275477596629, 0.07457145262591978, 0.07347034199946263, 0.08272671336959365, 0.07443715657983467, 0.0801003236597827, 0.08310501081013436, 0.0729764817724573, 0.07211648987476355, 0.07199620661104265, 0.08196132153466242, 0.07526785515715757], [0.07618729209847365, 0.08091732142531168, 0.07463954783982775, 0.07351690092883446, 0.08295605028658772, 0.07446801192905579, 0.07997112054206477, 0.08308178638790381, 0.07299240612925315, 0.07214252060570835, 0.07201309768820335, 0.08188179936707848, 0.07523214477169704], [0.07612335614940455, 0.08086110722834562, 0.07472426344023557, 0.07353917906847086, 0.08333333333333333, 0.07449235338932315, 0.0798701467294891, 0.0830286436903634, 0.07294868408874527, 0.07209020183971641, 0.07194035305511678, 0.08188268263018544, 0.07516569535727044], [0.07612116523068135, 0.08084288740880408, 0.07479438720714378, 0.07358266429708571, 0.08333333333333334, 0.07454195172226354, 0.07983781546290003, 0.08289065955238657, 0.07296240499165528, 0.07210137667219677, 0.07194215432354338, 0.08188478241913646, 0.07516441737886992], [0.07613054433281381, 0.08085332062151249, 0.07484003628008172, 0.07361039352516693, 0.08321938052583992, 0.07457603653138731, 0.07983802554233953, 0.08280851363675627, 0.07297151953293025, 0.07210631969687047, 0.07194114662374053, 0.08193326008328708, 0.07517150306727369], [0.07614053089283564, 0.08081639838149049, 0.0749667714198027, 0.07369434506408182, 0.08309772177844237, 0.07467007246366075, 0.07978850767060855, 0.08256458440334961, 0.07300746434714296, 0.07213775818350945, 0.07195737021655697, 0.08197508021312787, 0.07518339496539071], [0.0761441757932158, 0.08081674462798656, 0.07507234650552279, 0.0737526396231217, 0.08310223805887458, 0.07474412915823428, 0.07974759624873845, 0.08233947463656494, 0.07301647758720879, 0.07213671235083659, 0.07194069760648952, 0.08200349998068417, 0.07518326782252194], [0.07613017798167025, 0.08081834226217552, 0.0751440461435321, 0.07378369230247026, 0.08333333333333333, 0.07478894843213912, 0.0796927452340806, 0.0821318393032598, 0.07300582723095007, 0.07211710550526503, 0.07190796087304502, 0.0819799872018205, 0.07516599419625827], [0.07617007951210765, 0.08076007565007173, 0.07537387145257893, 0.07396274637486107, 0.08304218805886741, 0.07497239131129993, 0.07957434628378021, 0.08174257856990537, 0.07312119396100634, 0.072234761902528, 0.07200528587055004, 0.08181905587420277, 0.07522142517824053], [0.0761868825280449, 0.08069144050045435, 0.07554573081105044, 0.07408539395234372, 0.08309207790787904, 0.07510405644910036, 0.07946309444109408, 0.0814072984470886, 0.07318640432116644, 0.07229688809423114, 0.07204913543317093, 0.0816444472605139, 0.07524714985386226], [0.07622623920715847, 0.08076020531896161, 0.07567683270401733, 0.07413298373692709, 0.08333333333333334, 0.07519661291684253, 0.07945339409734715, 0.08104526520328635, 0.07315913458273535, 0.07223362297014718, 0.07196184810336895, 0.08155886481680451, 0.07526166300907029], [0.07621387627210867, 0.08084708217115616, 0.07554613869792744, 0.07403532643648798, 0.08324708465574078, 0.07509496590482155, 0.07955349677341965, 0.08128961159455192, 0.07310157139579335, 0.07217600284106374, 0.07191695897754671, 0.08173856070319022, 0.07523932357619192], [0.07618675214271012, 0.08080824694632596, 0.07543256115919532, 0.07398408953294307, 0.0830816253179501, 0.07501334861519367, 0.07957783639351633, 0.08158908015998403, 0.07310873762166892, 0.07220669906957995, 0.07196637928635402, 0.08181785017397206, 0.07522679358060624], [0.0761600277762294, 0.08085502367294513, 0.07525139780214489, 0.07385312913390885, 0.08314683838369885, 0.07487244606925542, 0.07967672670045282, 0.08193118495842966, 0.07303602453765796, 0.07213768434853784, 0.07191592721930952, 0.08197144968400576, 0.07519213971342387], [0.07619453676344409, 0.08082270808800217, 0.07551406641387076, 0.0740161414231155, 0.08333333333333333, 0.07506833311421775, 0.07954315390602959, 0.0813509732589246, 0.07309401102475883, 0.07217448077919505, 0.07191925269762363, 0.0817447499322093, 0.07522425926527535], [0.0762317482726124, 0.08100843524843439, 0.07545212467911695, 0.07394038330921204, 0.08319406908165916, 0.07501998429503103, 0.0796915969292929, 0.081395280117362, 0.07301971605607731, 0.07207347952007434, 0.07181829234910991, 0.08192525430678309, 0.07522963583523463], [0.07626924258888665, 0.08079353978916502, 0.0757681747641159, 0.07418083566187594, 0.08333333333333334, 0.07526866495046107, 0.07945375611938127, 0.08083054003099367, 0.07316763355299656, 0.07222271421290595, 0.07193815885949721, 0.08148130011107034, 0.07529210602531716], [0.07631902091078342, 0.08080601569943774, 0.07587324909055214, 0.07424210741749385, 0.08333333333333336, 0.07535369837898317, 0.07944243658216056, 0.08059320537364185, 0.07318835309846328, 0.072224606137224, 0.0719268343365702, 0.08136605758659138, 0.07533108205476531], [0.07640064843701665, 0.08082937555365184, 0.07600388943863548, 0.07432420670309077, 0.08320261075126649, 0.07546538809561212, 0.0794482072228003, 0.08031360976938338, 0.07322656602647634, 0.07223881495435389, 0.07192650471085758, 0.08122217551809377, 0.07539800281876133], [0.07647602949893446, 0.08083797577934385, 0.07611250141451244, 0.0744004104095924, 0.08300044948757157, 0.07556222972710339, 0.07945484229439854, 0.08010395603078113, 0.07327295919153191, 0.0722684456671655, 0.07194609258888464, 0.0811002452552752, 0.07546386265490497], [0.07661607963504462, 0.0809511013495658, 0.07620175905642167, 0.07444682850257249, 0.08268032955269058, 0.0756543455258762, 0.079563338029764, 0.07982351180466414, 0.07328968309398329, 0.07224441694147399, 0.07191116446453058, 0.08104968319755422, 0.07556775884585847], [0.07676704332617584, 0.08101103837976453, 0.07629342449285753, 0.07449560653035467, 0.0825269648251948, 0.0757522531496244, 0.07964894334720951, 0.07947572902619605, 0.07330784362037887, 0.07221839822945103, 0.07187349236354908, 0.08094904927305832, 0.07568021343618538], [0.07685569806493073, 0.08105078150869362, 0.07630199302839587, 0.07447833499913313, 0.08275195745183085, 0.07577326647609404, 0.07971688384153738, 0.07923802676562369, 0.07327570900747045, 0.07215056810765567, 0.07179933220738531, 0.08087328860547868, 0.0757341599357705], [0.07698637045218933, 0.08113257225283708, 0.07626464063847797, 0.07442653716466428, 0.08301422559992237, 0.07576901587730935, 0.07985562144705156, 0.07896633818204575, 0.07322382874867595, 0.07205153327712602, 0.07169751798532524, 0.08079870243963803, 0.07581309593473715], [0.0771034928564039, 0.08141558026743599, 0.07604993390173723, 0.0742516581497334, 0.08309382119789722, 0.07562668573076714, 0.08018390656964934, 0.078924470555649, 0.07310669953773932, 0.07189322523669145, 0.07155414792524971, 0.08093143669563786, 0.07586494137540845], [0.07614828457685645, 0.08074137759272278, 0.07527240311918011, 0.07389930402022019, 0.08312570245951138, 0.07489526698089823, 0.07960211146537753, 0.08194014239593757, 0.0730971411825418, 0.072220011428935, 0.07200314726128954, 0.08185246957086541, 0.07520263794566383], [0.07613909057104795, 0.08070744388641757, 0.07514879236048998, 0.07383400550306427, 0.08309308178598022, 0.07480834977619837, 0.07964694579985043, 0.08220982255723715, 0.0730910290830947, 0.0722288312555148, 0.07203078904784901, 0.08186162629496033, 0.07520019207829515], [0.07612972009075451, 0.08070098266694066, 0.07501821068472192, 0.07375672837897171, 0.08316548081777903, 0.07471434872104389, 0.07969436129863147, 0.0824593178312801, 0.07307025807024738, 0.0722184048275573, 0.07203831685766618, 0.08184027079345187, 0.07519359896095379], [0.07611338749078513, 0.08070127309282894, 0.07494388051912806, 0.07370725319599503, 0.08333333333333334, 0.07465725261419875, 0.07970292754900751, 0.08258418101166788, 0.07304760227899847, 0.07220033855847349, 0.07202883656743829, 0.08180124233125997, 0.0751784914568852], [0.07613329897776545, 0.08073380813422364, 0.07485991760086416, 0.07366947964124608, 0.08315875691438894, 0.0746054492401811, 0.07975619131070946, 0.08278948836881433, 0.07305836248885213, 0.07221944714562437, 0.07206319606806537, 0.0817511789761739, 0.07520142513309122], [0.07616369932232787, 0.08078848758271465, 0.07472201249439282, 0.07359420160799815, 0.08305276625356889, 0.07452308859082776, 0.07984805231198427, 0.08296416669953822, 0.07305256440584283, 0.07221947735381455, 0.07208498161939789, 0.08175639205618125, 0.07523010970141078], [0.07620128409003842, 0.08082502788078948, 0.07467972238350457, 0.07358237067335406, 0.08289014910916308, 0.07451222767607375, 0.07990784647582348, 0.08293684673627899, 0.07307385015242227, 0.07224344839493506, 0.07211916385196152, 0.08176075436145738, 0.0752673082141979], [0.07635708237552417, 0.08125734498886553, 0.07553813302458441, 0.07396659691580015, 0.08280663318742906, 0.075099043560425, 0.07985630702462136, 0.08109693497354598, 0.07300259736170174, 0.07200938774861486, 0.07173921566796561, 0.08195986369577382, 0.07531085947514829], [0.07639109509730342, 0.08106207712091272, 0.07579505220218538, 0.07415019848135915, 0.08313532346425848, 0.07529940428118614, 0.07965271410898848, 0.08060680959896421, 0.07310299920604914, 0.07210244660614588, 0.07180587646244165, 0.08153755664854659, 0.07535844672165877], [0.07648932180527113, 0.08103403007622409, 0.07597569281376763, 0.07427350846684931, 0.08305413205040751, 0.07545414109024928, 0.07961950581818951, 0.08022425063331905, 0.07317086718469001, 0.07214575526552836, 0.07183078733742054, 0.0812828499963932, 0.07544515746169037], [0.07622326686090529, 0.08089242820962685, 0.07460744905521308, 0.07352820917051846, 0.08273468496293367, 0.07446970516856569, 0.07998866286497024, 0.08313282213192703, 0.0730453616736296, 0.07220782363968026, 0.07209138257906993, 0.08179979987468423, 0.0752784038082757], [0.07624988510985622, 0.08095093921344054, 0.0745394602564649, 0.07348070296078378, 0.08255347251530389, 0.07443258842507848, 0.08006711664397742, 0.08333333333333334, 0.07302522066094731, 0.07218165073052274, 0.07207353077124182, 0.08181659250633742, 0.07529550687271232], [0.07633037558397007, 0.08104204798467227, 0.07451057014360374, 0.07348159549839509, 0.08232514697346456, 0.07444248943999769, 0.08019197147043691, 0.08308016044774226, 0.07306126572443457, 0.07221340017534751, 0.07211565864915889, 0.0818371159976711, 0.07536820191110528], [0.07640367515137474, 0.08111048212626136, 0.07447124920367998, 0.07347350085418172, 0.08208012601245482, 0.07444327236577658, 0.08030453454429733, 0.08298575830192471, 0.07308985104125532, 0.07223775984584935, 0.07215085763209753, 0.0818148873947818, 0.07543404552606493], [0.07644882090044805, 0.08118162578014744, 0.07440140386058616, 0.0734228965133297, 0.0818513109783144, 0.07440896685004252, 0.08041392241663449, 0.08321714086931985, 0.07306720802081167, 0.07220360541804008, 0.07212481768623985, 0.081794120431632, 0.07546416027445374], [0.07647054819685795, 0.0812288013047315, 0.07436703206304483, 0.07339350038995214, 0.08174543305470178, 0.07439016159751626, 0.08047672496320411, 0.08333333333333333, 0.07304784242419379, 0.07217597518676518, 0.07209994059891746, 0.08179493553229768, 0.07547577135448395], [0.07653558523144592, 0.08130301004916526, 0.07435744015050472, 0.07339453808745106, 0.08158407583339441, 0.07440251779942303, 0.08058351703106886, 0.0831549106593485, 0.0730664397860128, 0.07218617185899841, 0.0721148550732753, 0.08178670906527664, 0.07553022937463513], [0.07659018493587101, 0.08136453689916975, 0.07433589189476093, 0.07337823907836173, 0.08140941697621275, 0.0743991989458357, 0.08068424317517944, 0.08315245565272025, 0.07306828562887803, 0.07217815905237651, 0.07211173345055405, 0.08175500897568591, 0.07557264533439381], [0.07667073360575713, 0.08138379375790154, 0.0743114072869624, 0.07337324618727117, 0.08114640800024055, 0.07440432492130779, 0.0807875030932854, 0.08319694692592065, 0.07309933784058771, 0.07220305424452167, 0.07214686394539684, 0.08163152576408413, 0.07564485442676301], [0.07676390796971141, 0.08142486843374283, 0.07430249497581665, 0.07337751222548687, 0.08089522913643504, 0.07442230149201985, 0.08091400053188634, 0.08311002102988178, 0.07313266353082436, 0.07222629473303252, 0.07217787581543712, 0.08152712148453127, 0.0757257086411937], [0.07667158135577617, 0.0814856241427924, 0.0742824005440453, 0.07332369456454602, 0.08111012579667956, 0.07437420119721112, 0.08087249773870579, 0.08333333333333333, 0.0730361879222594, 0.0721219448059665, 0.07206099816262126, 0.08170204719326608, 0.07562536324279702], [0.07629683412289072, 0.08090105016015978, 0.07573279368293981, 0.07414230315916119, 0.08319182299040141, 0.07524374203650022, 0.07954335199336698, 0.08086665104871124, 0.07313416200060875, 0.07217570288706127, 0.07189247634025346, 0.08157656556307175, 0.07530254401487334], [0.07630024766666502, 0.08102722732024609, 0.07562195056621951, 0.0740517532763926, 0.08307097183191323, 0.07515791594396418, 0.0796625704616289, 0.08104305891665906, 0.07307297890384433, 0.07210698607016652, 0.0718329035821769, 0.08176200233838263, 0.07528943312174088], [0.07651708705836, 0.08132011796589761, 0.07578660341493906, 0.07410200637374083, 0.08305559280074633, 0.0753076936232147, 0.07986209215582595, 0.08036740945098196, 0.0730368200297276, 0.07198318868075372, 0.0716791806971293, 0.08155381858151098, 0.07542838916717205], [0.07640235793189896, 0.08125092423807759, 0.07565936286619457, 0.07402887106853698, 0.08312134737605999, 0.07519294645500416, 0.07981529275957545, 0.08074302946755114, 0.07300965265918057, 0.07199162219671035, 0.07170346506880973, 0.08173974620638519, 0.07534138170601533], [0.07621278915206958, 0.08114572698092626, 0.07521346669668529, 0.07376127959343169, 0.08307655267396256, 0.07483506022453397, 0.07987424415821934, 0.08183346514193678, 0.07291354684349473, 0.0719651002787912, 0.07173292519832948, 0.08224393711935891, 0.07519190593826001], [0.07630264194221494, 0.08123584972093723, 0.07542625079666934, 0.07389070634777677, 0.0829258679660748, 0.07500545832087449, 0.07986543573658834, 0.0813328038439203, 0.07296231687901723, 0.07198253393029243, 0.07172407430844849, 0.08208291482050682, 0.07526314538667886], [0.07662811777182146, 0.08140888287454497, 0.07585437592129222, 0.07414469543133183, 0.0827591959711026, 0.07538048035824654, 0.07994927287449717, 0.08013199784451795, 0.07306169922585806, 0.07198047265213313, 0.07166943265341126, 0.08151737821627905, 0.07551399820496366], [0.0767745788313754, 0.08156947415170693, 0.07585501813409988, 0.07411938305492045, 0.08276661135114288, 0.07540600928221752, 0.08012333126663143, 0.07980521409820515, 0.07302627500998242, 0.07189562170661844, 0.07157880562980126, 0.08147163549651747, 0.07560804198678092], [0.07716651180333946, 0.08117110858173679, 0.07625491752351922, 0.0744197620501494, 0.08293294942929266, 0.0758030657674919, 0.08006564540170544, 0.07866856298947823, 0.07322879405433692, 0.0720134700756655, 0.07165953176941864, 0.08067126815038135, 0.07594441240348422], [0.07706435496504296, 0.0810503775441118, 0.07634864643148565, 0.07449461600925689, 0.0829339612501067, 0.0758529645501505, 0.07985599426105056, 0.07876727816585273, 0.07327521656691126, 0.07208921126990084, 0.07172878035547064, 0.08065485577402283, 0.07588374285663677], [0.0766111043333932, 0.08248545499828293, 0.07457313388501095, 0.0732627434112066, 0.08135650161851463, 0.07445617214193155, 0.08121958930931719, 0.08190750984130434, 0.07263301146304937, 0.07156819952072584, 0.07139770164389189, 0.08311064903954189, 0.07541822879382955], [0.07652183656643541, 0.08226962372510213, 0.07452110572075846, 0.07324321223711473, 0.08161872882757035, 0.07440464396931955, 0.08105546487258199, 0.08220321611516561, 0.07263914751214781, 0.0716038315844413, 0.07144302103668815, 0.08311644449380534, 0.07535972333886916], [0.07644627801562719, 0.08209834020320297, 0.0745609236907384, 0.07326208173414009, 0.0818446068054966, 0.07440769833256254, 0.08088850076013593, 0.0821808911437605, 0.07263115880479583, 0.07160693724799094, 0.07143885261841856, 0.08333333333333333, 0.07530039730979707], [0.0763940774683194, 0.08192525598886814, 0.07460493486119185, 0.0733045920711616, 0.0820722717649652, 0.07442702658375891, 0.08073693373559478, 0.08232014183736995, 0.0726635271337122, 0.07165798782917929, 0.07148773713213566, 0.08313422872428974, 0.07527128486945328], [0.07636532702368798, 0.08180565610960112, 0.07472478602136812, 0.07337388885901082, 0.08220325418055946, 0.07449261257390537, 0.08061174233340372, 0.08225310240896805, 0.07267676794423762, 0.07166902914994311, 0.07148160355644963, 0.08309413205269539, 0.07524809778616962], [0.07637174470611671, 0.08181939831403644, 0.07482883509889271, 0.07342766803306243, 0.08217488011773556, 0.0745605581622872, 0.08056153754362541, 0.08203036060615906, 0.07267950139062884, 0.07165895817937999, 0.07145534261049581, 0.08318332327440091, 0.07524789196317895], [0.07649595988577398, 0.08208536416318468, 0.0749506963660185, 0.07350225537563615, 0.08187775948340936, 0.0746724962980606, 0.08069707029549597, 0.08160248371380133, 0.0727129956415676, 0.07165953724659539, 0.0714413165660451, 0.08296036892066846, 0.07534169604374281], [0.07665605823463807, 0.08253222736732937, 0.0748811563385144, 0.07343150546768469, 0.08150238354210014, 0.07465506622492002, 0.08106127620713333, 0.08117641508096672, 0.072659702470524, 0.071557065948373, 0.07134121902225421, 0.08310393602803233, 0.07544198806752986], [0.0767199828628675, 0.08267148256886898, 0.07472268561376777, 0.07333527935867747, 0.08119355187294593, 0.07457259323251655, 0.08132619680274356, 0.0813652763744072, 0.07263421542545868, 0.07152603655173201, 0.07133105142985374, 0.08311406841225474, 0.075487579493906], [0.07669137417417239, 0.08266451198798733, 0.07461197505600782, 0.0732649891526603, 0.08108413397492739, 0.07449446703822805, 0.08136902750170875, 0.08158009579037494, 0.07260640953990465, 0.07150842582188068, 0.07132710259310228, 0.08333333333333333, 0.07546415403571202], [0.07659120025659198, 0.08240257619393987, 0.07465644779743903, 0.07330091827680053, 0.0814226112550867, 0.07449858065058794, 0.08113494708466042, 0.0817196963214098, 0.07262444028277103, 0.07155204193637321, 0.07136711691193756, 0.08333333333333334, 0.07539608969906873], [0.0765641200205504, 0.08235690797848788, 0.07459592075158855, 0.07328133593836982, 0.08151936912720198, 0.07445960936496834, 0.08110606722556514, 0.08196670037922922, 0.0726426149140688, 0.07158995322397657, 0.07141754448497142, 0.08311335208776903, 0.07538650450325278], [0.07647045576386083, 0.08208985327701027, 0.07470096972608617, 0.07333847881634994, 0.0818229890285857, 0.0744980210300061, 0.08085775774724224, 0.08191800388980212, 0.07264304683379084, 0.07160118359928933, 0.0714124768607847, 0.08333333333333334, 0.07531343009385845], [0.07655389491836834, 0.08224580458023636, 0.0748296169050613, 0.07342023876715588, 0.08162866010327265, 0.07460177993523308, 0.08091446474945449, 0.08159866260288715, 0.07267951732586703, 0.0716149986854865, 0.07141092043100923, 0.08312317513148697, 0.07537826586448072], [0.07654607321264185, 0.08221849111323065, 0.07476833133234927, 0.07338560261483705, 0.08165517690396165, 0.0745622066174559, 0.08094784488819652, 0.08170067609858281, 0.07267229167824456, 0.07161442858658223, 0.07141907127224417, 0.08313621857154574, 0.07537358711012764], [0.07661646068605935, 0.08242876818234439, 0.07478894999498445, 0.07337983261290398, 0.08138125921470274, 0.07458777859214653, 0.08107509296950709, 0.08142506031456388, 0.07264782804733787, 0.0715618680299073, 0.07135919380220088, 0.08333333333333336, 0.07541457422000841], [0.07647343562398537, 0.08210654470930391, 0.07465897978848576, 0.07332447007648707, 0.08182792918286685, 0.07447667468580019, 0.08087975608527448, 0.08201009037851321, 0.07265631442322958, 0.07162313982493612, 0.07144308114106213, 0.08319711344487074, 0.07532247063518469], [0.07640374192865415, 0.08191670182110818, 0.07477493876172601, 0.0733842204664853, 0.08203727988088597, 0.0745268432914748, 0.08067348661384352, 0.08198679490434987, 0.07265293624966107, 0.07162189417337454, 0.07142297480047179, 0.08333333333333333, 0.07526485377463148], [0.07648152302098321, 0.08207463620119532, 0.07487779355840615, 0.07345343028965946, 0.0818699248174085, 0.07461585683379432, 0.08073566176479559, 0.08171688126491664, 0.07269017291544022, 0.07164108678593073, 0.07143114381539725, 0.08308438995215352, 0.07532749877991907], [0.07660938207658835, 0.08240027146000274, 0.07493320742706298, 0.07346868643105171, 0.08165929621825978, 0.07467704874201642, 0.08092685363777241, 0.08125179375109541, 0.07267644256025925, 0.07158470928576816, 0.07136338770289445, 0.08303733795228203, 0.07541158275494614], [0.07654839877593969, 0.08220390503944941, 0.07500143487974932, 0.07352583423629877, 0.08185199677719181, 0.07471754300316293, 0.08074843423982814, 0.0813745356939463, 0.07271330454603153, 0.07164096407530086, 0.0714145551983596, 0.08288225691255173, 0.07537683662218966], [0.07640905061519745, 0.08192160658596119, 0.07470999530183231, 0.07336000256178776, 0.08205584127503941, 0.07449311628996055, 0.08071362444479407, 0.08214545982985991, 0.07266882913526798, 0.07164959203313706, 0.07146335660030528, 0.083131913875822, 0.07527761145103522], [0.0764053851002349, 0.08189545543910529, 0.0748884051150306, 0.07346322194605696, 0.08209622540489409, 0.07460969584930767, 0.08058056525937995, 0.08186670064503905, 0.07269213655899931, 0.07166077391329577, 0.07144951579906249, 0.08311883851054426, 0.07527308045904961], [0.07645114225062237, 0.0819627097649762, 0.07499339804777246, 0.07353311385237347, 0.08204578296690372, 0.07469592131967207, 0.08057401739386656, 0.08164069687964476, 0.0727262827188483, 0.07168303060737992, 0.07146002577102659, 0.08292198343258346, 0.0753118949943302], [0.07691773837045211, 0.08309828373518684, 0.07442469421576461, 0.07318829989338792, 0.08056734472381762, 0.07444956317897646, 0.08190343331070796, 0.08157908142231042, 0.0726545105401383, 0.07153840853682727, 0.07139201854956298, 0.08263228382770679, 0.07565433969516056], [0.0768824865375394, 0.08318323705196293, 0.07448113766712874, 0.07319147382602195, 0.08077044018943857, 0.0744658524528475, 0.08183147841691674, 0.08141431960705292, 0.0726036318840829, 0.07147238617982617, 0.07130927263942127, 0.08278665294763791, 0.07560763060012306], [0.07687423999836417, 0.08309264912314647, 0.07463503212602592, 0.07326218560147116, 0.0811209446217177, 0.07455283432678605, 0.08169028227952758, 0.0810845293590753, 0.07258985368468548, 0.07143835002125767, 0.07124873520044808, 0.08282281559071991, 0.07558754806677441], [0.07695829837822324, 0.08333333333333333, 0.07478004684864502, 0.0733339607497401, 0.08142498470157333, 0.07466283448866365, 0.08164897943706353, 0.08059343753724302, 0.07259059801893959, 0.07140094889498506, 0.07118707219152465, 0.08244590244681696, 0.07563960297324836], [0.0773929759429442, 0.08275082136399134, 0.07489804745823643, 0.07348738274124544, 0.08122831214232307, 0.07488519296717361, 0.0820465975725059, 0.07996770973860877, 0.07277825083055812, 0.07153128232151146, 0.07131958716346715, 0.08170853198869364, 0.07600530776874084], [0.07754862174867351, 0.08303246709963631, 0.07467771988160694, 0.07335737661520414, 0.08062698070392212, 0.0747714897322882, 0.08261572936464191, 0.08011459056140985, 0.0727839010472051, 0.07153020737302011, 0.07135673499508247, 0.08145160847469332, 0.07613257240261595], [0.07747018235797576, 0.08304008209454493, 0.07447314382038159, 0.07323850381969202, 0.08027534704931923, 0.07461474797417682, 0.08291842387888881, 0.08059978108735612, 0.0727695317732833, 0.07155497351255836, 0.07141618710515082, 0.0815417971388598, 0.07608729838781245], [0.0772939357428353, 0.08276641230330085, 0.07442200188817899, 0.07322719207222801, 0.08025172136866301, 0.07454545833957009, 0.08259412867142851, 0.08115049766486147, 0.07278297289049826, 0.07162162425277818, 0.07149562189766112, 0.08187813893346198, 0.07597029397453418], [0.07701933083647168, 0.08306124446586281, 0.07441486251255956, 0.0731871425366873, 0.08049116148076571, 0.07446742522745285, 0.08210438955220846, 0.08146888128115859, 0.07267716398850135, 0.07154592424160429, 0.0714049147341979, 0.08242145993478558, 0.07573609920774393], [0.07694109317761834, 0.08333333333333334, 0.074454259636936, 0.07317466327486662, 0.0807213009745183, 0.07446465158666711, 0.08196501479744632, 0.08130929128113323, 0.0726005427908012, 0.07145667720121203, 0.07129650330187987, 0.08263261675470868, 0.07565005188887904], [0.07695804762634366, 0.08333333333333333, 0.07456293915442627, 0.07321843000678645, 0.08098201290025657, 0.07453028804272659, 0.08190772877801801, 0.08101279551080315, 0.07258034178899941, 0.07141302734847689, 0.0712321600654445, 0.08262064313259149, 0.07564825231179366], [0.0769814366556388, 0.0831777134884843, 0.07464416827447881, 0.07326991041113505, 0.08112231834663339, 0.07458868411036237, 0.08185823508996196, 0.08086389314558179, 0.0726003952817827, 0.07142483746030456, 0.07123379069604524, 0.08256772121166031, 0.07566689582793049], [0.0770928496445309, 0.08333333333333333, 0.07465040518681003, 0.07327615891917441, 0.08109632153899601, 0.07462424149210879, 0.08201813001324229, 0.08062156554815864, 0.07261038197305372, 0.0714096820113581, 0.0712172398933382, 0.08230056047211388, 0.07574912997378168], [0.07714831087170909, 0.08305167977247685, 0.07449147067515126, 0.07321869773757991, 0.08063906987132771, 0.0745441723464907, 0.08231459650843732, 0.08102459633069202, 0.0726710432369636, 0.07149763754873356, 0.07134162786063288, 0.08223658716764745, 0.07582051007215761], [0.07730885497270028, 0.08310667518493803, 0.07450216436662853, 0.07323080035863108, 0.08053281169985327, 0.07458999745107568, 0.