[[0.0825784315614996, 0.07648623606167035, 0.07420170077084913, 0.07152675172787862, 0.07525671908198496, 0.07424675169455765, 0.0805783670935375, 0.08127680035863347, 0.07275233151265954, 0.07197975621001451, 0.07574849729524451, 0.0817380997830493, 0.08162955684842071], [0.08282461244591857, 0.07641449727009378, 0.0742279738100333, 0.07156904972645174, 0.07520296690968213, 0.07430290849747649, 0.08042208292023144, 0.08114679329014185, 0.07280428697188698, 0.07203065309570841, 0.07571142486652968, 0.08181396649601594, 0.08152878369982952], [0.08305917568889852, 0.07634316732457684, 0.07427619994337739, 0.07164570491584692, 0.07515697886646161, 0.07438494850669836, 0.0802362399667264, 0.08097891962966673, 0.07288737764474025, 0.07211542565777838, 0.0756818468407706, 0.08185118622079013, 0.08138282879366791], [0.08301039342417496, 0.07630443971292286, 0.07433895099871578, 0.07171760254407245, 0.07513333121297928, 0.07447832730651137, 0.08011121298577929, 0.08087085217367916, 0.07297452423059415, 0.07219920409212206, 0.07567989285941433, 0.08189111879967378, 0.08129014965936059], [0.08279716958298439, 0.07628201448684824, 0.0744412342795922, 0.07184934794295851, 0.07513659525355046, 0.07461356837055241, 0.07996373749795001, 0.08072919133306673, 0.07311367075922352, 0.07234028207476288, 0.07570152861132333, 0.08187595566989594, 0.08115570413729144], [0.08299713618391892, 0.07623321062598949, 0.0744667223380751, 0.07185451729432717, 0.07508847579820142, 0.07466713016146916, 0.0798697032885921, 0.08065160514561495, 0.0731474606462813, 0.07236262909471837, 0.0756812847167134, 0.08189212556112098, 0.08108799914497765], [0.08333333333333334, 0.07615366289687028, 0.07448510921997743, 0.07179043898851806, 0.07498832714784866, 0.07473375312441195, 0.07976781854338272, 0.08058823410758768, 0.07315646908098328, 0.0723382515520429, 0.07564328021532918, 0.08197738338848634, 0.08104393840122837], [0.0829985769222192, 0.07614222695472236, 0.07459321268566495, 0.07185040160352678, 0.07497222963299778, 0.07488742240386301, 0.07967887351331596, 0.08051771870647881, 0.07327221405116305, 0.07243088210731431, 0.07567969834610244, 0.08199763208369178, 0.0809789109889396], [0.08290783097198075, 0.07611645449085981, 0.07464364636154752, 0.0717918336979421, 0.07491380171978247, 0.0749822414936625, 0.0796473952081046, 0.08051838336895026, 0.0732983273566701, 0.07241666299336279, 0.07569031209194843, 0.08208398183007892, 0.08098912841510994], [0.08260856574427229, 0.07611357107171265, 0.07476745452489962, 0.07178924773545879, 0.0748787856018142, 0.07516721552688756, 0.07958100564251117, 0.08047340808630278, 0.07340141509840784, 0.07247092006081125, 0.0757445329877965, 0.08206399408470344, 0.08093988383442186], [0.08259477856256256, 0.07610709691834777, 0.07487262157006518, 0.07173465192496725, 0.07482713778204994, 0.07533412528308538, 0.07952127604476239, 0.08042762321063207, 0.07346922804462849, 0.07248021292671955, 0.07579283716182643, 0.08195976987066302, 0.08087864069969004], [0.0828971217510401, 0.07608397639309375, 0.07497240528265664, 0.07174459261541716, 0.0747881548615147, 0.07548645415212038, 0.07939208883375669, 0.08028609777469363, 0.0735605076490726, 0.07253480591020835, 0.07582248981090631, 0.08171875067936811, 0.08071255428615154], [0.08333333333333333, 0.07607366570464516, 0.07499665581485233, 0.07157875628827505, 0.07471284171763225, 0.07555276203593185, 0.07938982381326196, 0.08029037132107404, 0.07351776520169839, 0.07242903053403835, 0.07584243351334803, 0.08159035517734792, 0.08069220554456136], [0.0830002272059025, 0.07613601242653428, 0.07508084531875318, 0.07154736368620424, 0.07473563968911533, 0.07565854341627135, 0.07943016826018087, 0.0803206816172045, 0.07355992903933775, 0.0724336750504452, 0.07592569877584232, 0.08147744325207375, 0.0806937722621349], [0.08255552636276822, 0.07623659747707125, 0.07515017591517398, 0.07146395199818611, 0.07477470792522839, 0.07573582252934462, 0.07955012312075976, 0.08042693264546498, 0.0735603101073176, 0.07238873427593112, 0.07603345959770433, 0.08136541550530083, 0.08075824253974888], [0.08219193055033494, 0.07633127040342241, 0.07516374444384108, 0.07136514331929349, 0.07481448528795664, 0.07573518708529461, 0.07970842911023197, 0.08057513906126074, 0.07351076564259448, 0.07230987867749417, 0.07611357960780424, 0.08131079459982753, 0.08086965221064371], [0.08170617088200918, 0.07647394840025974, 0.07519943615782879, 0.0712691059750252, 0.07489007642881303, 0.0757463101469874, 0.07990742106546068, 0.08073965873524365, 0.07346961002994579, 0.07223571694108868, 0.07623695183584916, 0.0811577868697579, 0.08096780653173083], [0.08119499512158618, 0.07663871778362275, 0.07516501542452962, 0.07113669625334604, 0.07498391759880307, 0.07565179523365195, 0.08021452333296698, 0.08100879254373657, 0.07335426312638205, 0.07210381617626194, 0.07634613816760671, 0.08104509034096327, 0.08115623889654303], [0.08236254228733264, 0.07659839091188278, 0.07421445078173437, 0.07162082869638356, 0.07539116057089455, 0.07420881144947174, 0.08067115079718279, 0.08127330933225284, 0.0727746014156336, 0.0720351394723807, 0.07581837720758056, 0.08147438858424844, 0.08155684849302156], [0.08270032641875455, 0.07649568936036126, 0.07423189726618803, 0.07164621305850857, 0.07530544118611282, 0.07426582686262762, 0.08048500766058352, 0.0811397075965347, 0.0728190423588535, 0.07207442162297939, 0.07575905204993039, 0.08160397990723407, 0.08147339465133166], [0.08289482220302168, 0.07644149174422661, 0.07424811148914238, 0.07167125679361319, 0.07526288115793793, 0.07430402340876915, 0.08037495984773908, 0.08105158410705836, 0.07285275518920523, 0.07210649843063355, 0.07572998815044649, 0.08165461576078076, 0.08140701171742544], [0.08314165652698152, 0.0763378334625196, 0.07428968442216878, 0.07169045564685887, 0.0751665152206843, 0.07439826648518139, 0.08018844691358458, 0.08091943744511403, 0.07291610313894738, 0.07215320738216864, 0.07568115588495535, 0.08179880462927873, 0.08131843284155693], [0.08294083460067624, 0.07641536601971378, 0.07424710919818757, 0.07164688103267969, 0.07523002076679453, 0.07431626513952319, 0.08035413190161343, 0.0810521630718594, 0.07284843147042827, 0.07209287799484984, 0.0757147155724766, 0.08171910756306443, 0.0814220956681331], [0.08300026695834813, 0.07630143415988815, 0.07437782043823761, 0.07179878911254436, 0.07515201755233993, 0.07452174963055261, 0.08003868526739216, 0.08078540473721371, 0.07303753327070875, 0.07227349749016232, 0.07568935350763252, 0.0818239755152199, 0.0811994723597598], [0.0828214546316357, 0.07629290718683081, 0.07446217142050761, 0.0719244190902243, 0.0751702177554709, 0.07462644008846857, 0.07992113351649775, 0.08066337414042077, 0.07315642217378575, 0.07240020555785616, 0.07571234888219965, 0.08177116006655993, 0.08107774548954219], [0.08302480162588034, 0.07622693501725981, 0.07448122744228204, 0.07187894035564867, 0.07508854849405314, 0.07468614899724646, 0.07983797301153694, 0.08061734112645605, 0.07316999931108112, 0.07238710904770448, 0.07568193145739094, 0.08186649623395251, 0.08105254787950775], [0.083096461330606, 0.07618931806860547, 0.07456051137573577, 0.07197081770212008, 0.07506952004479756, 0.07479927571333528, 0.07968980700716707, 0.0804708874790209, 0.07327883585113548, 0.07249270334598157, 0.0756863581457671, 0.08178899088800054, 0.08090651304772727], [0.0831565311250539, 0.07613750914467647, 0.0746224706698366, 0.07195390771958368, 0.07500056191930064, 0.07491247306923121, 0.0795924138497281, 0.08040403385449839, 0.07333626007303011, 0.07251704489465824, 0.07568187683108393, 0.08183311691282413, 0.08085179993649451], [0.08309930172272825, 0.07611349940251103, 0.07465646487626462, 0.07189932347600235, 0.07494941443560753, 0.07498176979631677, 0.07957176158079943, 0.08041140384080504, 0.07334990360086117, 0.07249806184554358, 0.07568572299667245, 0.08191434335127883, 0.08086902907460879], [0.08300812193219687, 0.07609782260771016, 0.07470840050546086, 0.07186798089412264, 0.07491025150957423, 0.07507022475242127, 0.07953916804581367, 0.08039948723048264, 0.0733852454718983, 0.072502019276593, 0.07570131817478243, 0.08194897289992997, 0.08086098669901395], [0.08276224902579386, 0.07610196842575981, 0.07479170245679019, 0.0718788599805559, 0.07489687669803362, 0.07519041582558272, 0.07950017838007259, 0.08037157849137876, 0.07345816150853911, 0.07254654406863076, 0.07574056684466283, 0.08193111891249308, 0.08082977938170675], [0.08259716901806012, 0.07610913608835929, 0.07485068882212124, 0.07189823019126834, 0.07489578585839314, 0.07527177715629607, 0.07947126833624267, 0.0803450953673112, 0.07351315922145257, 0.07258553743795615, 0.07577020531717636, 0.08189371878238597, 0.08079822840297705], [0.08237531959067446, 0.076122255057854, 0.07493732343690042, 0.07193618978072462, 0.07490035025303529, 0.07538847860498064, 0.07942558105567014, 0.08029798108562222, 0.07359686365068936, 0.07264901759908868, 0.07581467603784624, 0.08181480812573239, 0.08074115572118165], [0.08261306005590119, 0.07610101721862603, 0.07495680840355318, 0.0718538446220222, 0.07484683185963358, 0.07543893418365427, 0.0794021570704028, 0.0802855562278457, 0.07358613789171735, 0.07260274210326775, 0.07581676465919852, 0.0817737319693426, 0.08072241373483499], [0.08284705644230522, 0.07608436068520114, 0.07510641596166485, 0.07190170828565148, 0.0748165235334889, 0.07565552086545319, 0.07923208279965348, 0.08009402977475537, 0.07373198508313594, 0.07270535607105122, 0.07586975701237857, 0.08145691201599255, 0.08049829146926814], [0.08306618113481247, 0.07608888317314004, 0.07513474582668274, 0.07176758381041302, 0.07476512436229821, 0.07571789355893, 0.07924729958302203, 0.080114735603123, 0.07370154425769379, 0.07262147630530397, 0.07589811162248153, 0.08137692624545452, 0.08049949451664482], [0.0829673364860248, 0.07608355466566165, 0.0749387536605991, 0.0716637531116296, 0.07476541801057382, 0.0754510574364736, 0.07944355144112301, 0.0803498901106493, 0.07350146926769645, 0.07246269932896127, 0.0758141778330524, 0.08177950373430032, 0.08077883491325472], [0.08294704317638268, 0.07612194629441829, 0.07520685059989338, 0.07174488496158272, 0.07476949846023317, 0.07581511598491929, 0.07924282399584914, 0.08009967148384825, 0.07374384095189175, 0.07263145151016709, 0.07595537697474286, 0.08125974042543167, 0.08046175518063955], [0.08260637399421811, 0.07620582965021139, 0.07530065706667641, 0.07167728709284225, 0.07479606631555943, 0.0759321472028897, 0.07930666620041436, 0.08014564419795407, 0.07377376366509285, 0.07261049754925325, 0.07606145302193913, 0.08111615212284538, 0.08046746192010372], [0.08240148286110334, 0.07626513013579514, 0.07530725976949716, 0.07158953409290704, 0.07481238851111582, 0.07593346023281995, 0.07941198728516399, 0.08024712700412868, 0.07373042297681216, 0.07254135630659388, 0.0761132959588155, 0.08109941312445561, 0.08054714174079174], [0.08200445196431187, 0.07638030009384734, 0.0753365537303435, 0.0714792116171662, 0.0748621444775024, 0.07594893994086568, 0.07957939042959433, 0.08039345763896565, 0.07368361262844364, 0.07245742570048615, 0.07621635503832688, 0.08101212837992808, 0.08064602836021824], [0.08158994363862516, 0.07650630684097849, 0.07542249955450414, 0.07144155884546802, 0.07493582854248043, 0.07602924230855147, 0.07969454921482742, 0.08044096300341586, 0.07370863944834422, 0.07244802696074391, 0.07634684168781679, 0.08080469680187653, 0.08063090315236772], [0.0813243117508276, 0.07660081933578522, 0.0753284167165754, 0.07128900847654278, 0.07497616065512601, 0.07587890145287746, 0.0799622716719326, 0.08070234978303438, 0.07355220860027886, 0.07228598254391742, 0.0763827950338288, 0.08086069939234514, 0.08085607458692799], [0.08244241432780314, 0.07660682636514399, 0.07425140787933955, 0.07174752130907018, 0.07544023973924738, 0.07423684568682973, 0.08056583452528897, 0.08112941385727278, 0.0728495871576065, 0.07213780732882892, 0.07583094353374142, 0.08136032745061338, 0.08140083083921418], [0.08295006970995006, 0.07645638088865356, 0.07428365977783748, 0.07179179927269443, 0.07531497286257566, 0.07432862116578748, 0.08029145099654333, 0.08092870468962203, 0.07292318588455778, 0.07220359384888878, 0.075746584850589, 0.08151515285478066, 0.08126582319751971], [0.08276622037583108, 0.07650845005934859, 0.07426810551558148, 0.07176929950793291, 0.07535670355383232, 0.07429175843669739, 0.08039373495631857, 0.08100866850119906, 0.07289133153972782, 0.07217380158581319, 0.07577436064188893, 0.08147212421874084, 0.08132544110708768], [0.08309060150946498, 0.07640218611328854, 0.07427579441778752, 0.07173679367111091, 0.07524665636151584, 0.0743462520396605, 0.08025267953174048, 0.08093079313435853, 0.07290783923200826, 0.07216972702337063, 0.07571255295679963, 0.08163348585242886, 0.081294638156465], [0.0832013298482853, 0.07638330461460367, 0.07432126260315124, 0.07184766152147436, 0.07526153954577511, 0.0743990540391642, 0.08012599987322562, 0.08078888730660541, 0.07299019402730914, 0.07226953448876644, 0.07571285167314172, 0.08154823364559524, 0.08115014681290265], [0.08310243588258213, 0.07633107119240304, 0.0743889772556921, 0.07190212942717303, 0.07521678340457282, 0.07450787420736732, 0.08000040075161909, 0.08069922289733755, 0.07307820352282844, 0.07234565586062644, 0.07570579290776061, 0.08163471358210027, 0.08108673910793723], [0.08333333333333334, 0.07634348308870444, 0.07430543490113632, 0.07178387511435302, 0.07520498838304843, 0.07440150575669291, 0.0801148803778646, 0.08080858004277812, 0.07296204790719854, 0.07222400514407977, 0.07568498206439074, 0.08164456731182859, 0.08118831657459127], [0.08282574199117834, 0.07631371575045173, 0.07448934061786504, 0.07202664782712088, 0.07522169369468709, 0.074639755463027, 0.07987221914771539, 0.08058134156829148, 0.07321214384481765, 0.07248026633559361, 0.07573042595715389, 0.08162848434489739, 0.08097822345720042], [0.08272375372814401, 0.07629877632397676, 0.07454308174588724, 0.07208741543675712, 0.07521702570348292, 0.07471333135834826, 0.07979726791252745, 0.08051299755868216, 0.07328302989667419, 0.07254918949078738, 0.07574039054120787, 0.08161909409927008, 0.08091464620425466], [0.08283503408784303, 0.07626456447635392, 0.07455798033171394, 0.07207587301316083, 0.07517792810472858, 0.07474944489132873, 0.07974562122959308, 0.08047797447019873, 0.07329883692046844, 0.07255313779100582, 0.07572590847825957, 0.08164882836738288, 0.08088886783796247], [0.08286821114403926, 0.07623312326881602, 0.07461678285570592, 0.07213377662755376, 0.07515636560138048, 0.07483647487180457, 0.07963975176992054, 0.08037955313469689, 0.07337668846901171, 0.07262499887370794, 0.07572768152541282, 0.08161236389490516, 0.08079422796304499], [0.08316136338008408, 0.07615978593566282, 0.07464278605177893, 0.07207265761834117, 0.07506078979904308, 0.07491193054524743, 0.07954655583143083, 0.08032265597571503, 0.07339236573965867, 0.07260560455419393, 0.07569649195832769, 0.0816731773890493, 0.08075383522146691], [0.08333333333333334, 0.07612486331868651, 0.07465203501193612, 0.07203562848140196, 0.07501334253096985, 0.07494461948594487, 0.079504869796028, 0.08029706524271907, 0.07339421553328002, 0.0725893838396064, 0.0756808410309767, 0.08169520192019425, 0.08073460047492294], [0.08322335236007887, 0.07612266178585164, 0.07467274800103743, 0.07202484825114121, 0.07500164293209739, 0.07497848210844306, 0.0795028101405455, 0.08030555211050708, 0.07340824366742436, 0.0725916804939363, 0.0756893990477965, 0.08173155411461808, 0.0807470249865226], [0.08333333333333334, 0.07608630925731244, 0.07471045614707258, 0.0719888292302614, 0.0749461699777098, 0.07505375385537877, 0.07944419578142126, 0.08026719123217602, 0.07343471696300764, 0.0725892770215313, 0.07568544370970197, 0.08174635065171601, 0.08071397283937758], [0.08305360655490986, 0.0760893516411054, 0.07478421871251612, 0.0719920158522386, 0.07493098944139973, 0.07516200864828836, 0.07941832119517246, 0.0802566630374747, 0.0734973337851102, 0.07262451900965408, 0.07572003859344985, 0.08176626781325201, 0.08070466571542864], [0.08282691896747442, 0.07609587515767538, 0.07485290843940962, 0.0720082277357262, 0.07492548660221629, 0.07525882689147284, 0.07938903874058242, 0.08023460270544606, 0.07355964254607102, 0.07266593410509485, 0.07575369180716551, 0.08174908812923841, 0.08067975817242702], [0.08243220575613376, 0.07611492048931591, 0.07500671323486258, 0.07209827951846617, 0.07493823993126256, 0.07546350094967526, 0.07929470445195383, 0.08013562328429083, 0.07371825215213498, 0.07279557153384937, 0.07582772071877592, 0.08160899621976779, 0.08056527175951106], [0.08239700555914353, 0.07611158010922195, 0.07511126634937718, 0.07213286196105877, 0.07492374113014093, 0.07561254923568995, 0.07920346101851458, 0.08003865388572041, 0.0738194339285519, 0.07286731558747968, 0.07586966321355419, 0.08145966476239565, 0.08045280325915119], [0.08273755043322299, 0.07608909229589884, 0.07513904152732219, 0.07198190616209148, 0.07484276222858652, 0.0756878067184432, 0.07918998252468878, 0.08004055106458027, 0.0737891007759395, 0.07277603843022087, 0.07588053557512978, 0.08140315093996649, 0.0804424813239092], [0.08267245331193503, 0.0760930442620682, 0.07505949427609372, 0.07194763920099914, 0.07485129109667907, 0.07557584563397918, 0.07927386098740691, 0.08013653916416057, 0.07370915360963286, 0.07271592472268511, 0.07585001806938722, 0.081560041271944, 0.08055469439302913], [0.08239396172647735, 0.07611559539892662, 0.07503175795441114, 0.0720495191406122, 0.07491469211460737, 0.07550929337019799, 0.07930085238300401, 0.0801520341454537, 0.073720331544399, 0.0727722382184041, 0.07584344995500442, 0.08161690223109033, 0.08057937181741162], [0.08259097472478118, 0.07610684646071535, 0.07491500523783742, 0.07200391599521348, 0.07491800549937987, 0.0753480820828592, 0.07937840410108359, 0.0802329583323868, 0.07360752583953308, 0.07268915028902317, 0.07578899630112858, 0.08174518043997628, 0.08067495469608203], [0.08259962298090079, 0.07609780879895861, 0.07505912616395456, 0.07198211096483971, 0.07486817553873458, 0.07556760920654694, 0.0792715653920782, 0.08013019413634727, 0.07372111282476768, 0.07273946559424731, 0.07584996499572458, 0.08156321861958273, 0.0805500247833171], [0.08273449288401688, 0.07609231864637873, 0.07497150223217311, 0.07181772078722634, 0.07482258680244848, 0.07546974025869305, 0.07938620634696157, 0.08027266852915373, 0.07358627413972062, 0.07258499667097873, 0.0758209610542714, 0.08173623595095761, 0.08070429569701983], [0.08289026277377871, 0.07608686529813159, 0.07516338673821585, 0.0719049003716195, 0.07480739759689184, 0.07573743217768297, 0.07918544503709866, 0.08003942861774288, 0.07377952567322167, 0.07273225969862954, 0.07589710790743902, 0.08134614633907217, 0.08042984177047546], [0.08293409299796718, 0.07609951014331023, 0.07520984038163198, 0.07185301706391078, 0.07478928523250765, 0.07580959965087046, 0.07917773256404409, 0.08002821280068244, 0.07379425968035622, 0.07271354902332734, 0.07593153728983434, 0.08125752496738899, 0.08040183820416844], [0.08281955270024136, 0.07613773255417798, 0.07527798108792166, 0.07180424189577066, 0.07478960439896283, 0.075903476999909, 0.07919024954577628, 0.08003145212643892, 0.07382169125301645, 0.07270225488532846, 0.07599289699685251, 0.08114826682097566, 0.08038059873462819], [0.08264854112585111, 0.07617907887418007, 0.07534076374916038, 0.07178374742079202, 0.0748041337159286, 0.07598329502177785, 0.07920313226729414, 0.08003199853964317, 0.07385493521281686, 0.07270818605941629, 0.07605148230789781, 0.08105153650434052, 0.08035916920090125], [0.08235914840412184, 0.07626399266713565, 0.07538417542034818, 0.07167784794137909, 0.07482818665706595, 0.07603171301025356, 0.07931609616063984, 0.08013240636673083, 0.07382795291625231, 0.07263763883223587, 0.0761393736316143, 0.0809773769752459, 0.08042409101697667], [0.08195888611317288, 0.07637997934818581, 0.07545772522931467, 0.07160258099793225, 0.07488306177369934, 0.07610554266785928, 0.07942960751628507, 0.08021369068739831, 0.07383001124036209, 0.07259710639267838, 0.07626020624425604, 0.08082797756239249, 0.0804536242264633], [0.08167798846385364, 0.0764681368785694, 0.075491265493193, 0.07154084499074581, 0.07492723834409273, 0.07612866612147555, 0.07955327564825537, 0.0802877967618428, 0.07381175534288481, 0.07255366398808741, 0.07634274089629112, 0.08072873893288726, 0.08048788813782089], [0.08131441111802083, 0.0765929911834311, 0.07550083624860043, 0.07144156752688968, 0.07499222358779953, 0.0761071509265892, 0.0797686045304145, 0.08042629958266095, 0.07375128429129893, 0.07246812730386257, 0.07644359801254526, 0.08062307701196048, 0.08056982867592673], [0.08105264836198169, 0.0766954004224915, 0.07536442683851374, 0.07126090684226101, 0.07503638534819643, 0.07589668264468655, 0.08008984320330624, 0.08074974987882635, 0.0735489398612896, 0.07226766728896712, 0.07646780613822642, 0.08071729693086298, 0.08085224624039038], [0.08265686243209687, 0.07610285919642315, 0.07494073122949069, 0.07209462689902515, 0.07494246072912893, 0.07537040064652088, 0.07931143650008046, 0.08014668385367082, 0.07366437145428777, 0.07276520688479811, 0.07579063903298944, 0.08163232271232355, 0.08058139842916415], [0.08296604423163902, 0.07609332638680626, 0.07485285771625011, 0.07209712767472373, 0.0749570239247005, 0.07524248609247364, 0.07933566784310592, 0.08015732472049376, 0.07359364537512189, 0.0727287145964239, 0.07574507826387732, 0.08163579746867977, 0.08059490570570428], [0.08317099162820916, 0.07609957525975383, 0.07477743576041337, 0.07210538222885352, 0.07498492975331425, 0.07512643081998831, 0.07937338177834154, 0.08017760470005895, 0.07353172895226114, 0.07269922312238686, 0.07571498991933828, 0.08162445987617813, 0.08061386620090283], [0.08310577241356303, 0.076119568078105, 0.07476329438694759, 0.07214060737962034, 0.07501953781557778, 0.07509181724678617, 0.07939403697266702, 0.08018481146671509, 0.07352841424187982, 0.07271428342528562, 0.07571900607480837, 0.08160173780826296, 0.08061711268978129], [0.08316496882837544, 0.0761421097031087, 0.07471519137167384, 0.07215933414567206, 0.07505930809546789, 0.07500872430162929, 0.07943686783971048, 0.0802074553615058, 0.07348956519071839, 0.0727018232419317, 0.07571090321291365, 0.08157025518585605, 0.08063349352143671], [0.08291028965476127, 0.07621257031233832, 0.07467642898822478, 0.07221526374593908, 0.07515354954131384, 0.07491620844005181, 0.07953359466112735, 0.08026878732886884, 0.07346163076303412, 0.07271207613868184, 0.07573510419944804, 0.08152419542077946, 0.0806803008054311], [0.08274237532749532, 0.07625265156176315, 0.07466220008258685, 0.07224041574635334, 0.07520273546361439, 0.07487653232232495, 0.07958829910415409, 0.0803055069193621, 0.07344992424951823, 0.0727168567456857, 0.07575278473717077, 0.08150121449081466, 0.08070850324915645], [0.08307551486066977, 0.07608685120752846, 0.07491364409947604, 0.07155343073866291, 0.07473290679065867, 0.07543156232445353, 0.07950119132363155, 0.08042105022440808, 0.0734370965979451, 0.07237285036072244, 0.07581508409260067, 0.08181224501432051, 0.0808465723649224], [0.08312747181101217, 0.07610482744051106, 0.07509347788961687, 0.0716281899911998, 0.07473638613280446, 0.07567494094896766, 0.0793447949683443, 0.08022753625036974, 0.07360919751192563, 0.07250158486892383, 0.0759029926108597, 0.08144084469587705, 0.08060775487958761], [0.08275814610955458, 0.07617764518136731, 0.07522494816338579, 0.07163780777551317, 0.07477353539572537, 0.07583867318002299, 0.07934229626848933, 0.08019953151441568, 0.07370323010963674, 0.07255405784784838, 0.07601138332964584, 0.08123878424413529, 0.08053996088025955], [0.08270784978105558, 0.07627982084637737, 0.07462201166181413, 0.07221113976208175, 0.07522665180311815, 0.07481312616588613, 0.07966185539351717, 0.0803692326117636, 0.07339914959651408, 0.07267394149744515, 0.07575450805766175, 0.08151340242358643, 0.08076731039917853], [0.08263012031150044, 0.07631391553176557, 0.07458959904506947, 0.07219461568158798, 0.07525963735322522, 0.07475643456073297, 0.07973545871678786, 0.08042887568661797, 0.07335819337473048, 0.07264245259331359, 0.07576317269277272, 0.08150836636024254, 0.08081915809165327], [0.08277370891767909, 0.0763382296007231, 0.07452309634295794, 0.07213439292494836, 0.07527675217583145, 0.07466042778276684, 0.07982391654889266, 0.08050099971851257, 0.07327456653416775, 0.0725665614643515, 0.07575353011539729, 0.08149277343408215, 0.08088104443968928], [0.08293119256114273, 0.07636746435891645, 0.0744605267813645, 0.07208386065552375, 0.07530119712147776, 0.07456655615201271, 0.07990913904395057, 0.0805628203660841, 0.07319685241578912, 0.07249854511483446, 0.07574804281262164, 0.08144630510632557, 0.08092749750995681], [0.08302705191419313, 0.0763993055227635, 0.07440344529305909, 0.07202398206051351, 0.07532265063350042, 0.07448188279914787, 0.08000537401712307, 0.08063896969273623, 0.07312004106570569, 0.07242637242248746, 0.07574721434176586, 0.08141504356801083, 0.08098866666899336], [0.08304553172774096, 0.07641541160836499, 0.0743756728152552, 0.07198553004715864, 0.07532983530614996, 0.07444233909653923, 0.08006138355290109, 0.08068816267704587, 0.07307925769760691, 0.07238481633807796, 0.07574781975833285, 0.08141273781436052, 0.08103150156046582], [0.08299211005418244, 0.07644918855741632, 0.07434407114736757, 0.07194170132988635, 0.07535171421107943, 0.07439205898920842, 0.08015006102996958, 0.08076290351891043, 0.07302968100513467, 0.07233534230746054, 0.07575832956011823, 0.08139903553623219, 0.08109380275303378], [0.0828690533372874, 0.07649243801496369, 0.07432201876192945, 0.0719114321110603, 0.07538462164636392, 0.07435013068157141, 0.08024275449243443, 0.08083686038323895, 0.07299121794555931, 0.0722983348478579, 0.07577813580503892, 0.08137146245462018, 0.08115153951807429], [0.08263135898125229, 0.0765716187000662, 0.07431584926774405, 0.07192694130240036, 0.07546364614019593, 0.07431050361910727, 0.08034895196156318, 0.08089566797700888, 0.0729753740242774, 0.0722951394123609, 0.07582459781917347, 0.08126483258853723, 0.0811755182063129], [0.08239951359190174, 0.07664839339264719, 0.07430453838222793, 0.07191605212239607, 0.07553126106178959, 0.07426908943487762, 0.08047221914222157, 0.08097490007837281, 0.07294640862949515, 0.07227197854605545, 0.07586901742396347, 0.08117725848411797, 0.08121936970993342], [0.08261587865376659, 0.07656773208733379, 0.07428504971959492, 0.07183983010338395, 0.07543352019214469, 0.07428283277674097, 0.08042152644635416, 0.0809874377435501, 0.0729189414331864, 0.07222182315878133, 0.07581453194223076, 0.08133792636002667, 0.08127296938290567], [0.08301767823478126, 0.07608134171741233, 0.07510626020389345, 0.07180716551585002, 0.0747793500712454, 0.07567236037507769, 0.07925095390001685, 0.08012026243096607, 0.07369551571312141, 0.07263843842737204, 0.07587635262399155, 0.08143770388682157, 0.08051661689945035], [0.08305416377204859, 0.07607711204912607, 0.07501638818492569, 0.07172512518409853, 0.07476531256283853, 0.07555634014073075, 0.07934525051854374, 0.08023423268749827, 0.0735905934017323, 0.07254133280957759, 0.07583995121721328, 0.08160718719970107, 0.08064701027196562], [0.08274676859197357, 0.07619153985458037, 0.07507493034421386, 0.07145240484737597, 0.07474853446709259, 0.07564500933285337, 0.07955301484798229, 0.0804493786715751, 0.07350508633721692, 0.07235498517297101, 0.07596930909380907, 0.08150153024238474, 0.08080750819597103], [0.08313479062382302, 0.07610803993152422, 0.07498526288640281, 0.07150350711704917, 0.07471650883747598, 0.07553645766133063, 0.07948249901981899, 0.08039322929191661, 0.07347119404516786, 0.07236527839155112, 0.07586706979082103, 0.08164569264227467, 0.0807904697608438], [0.08241565668875563, 0.07612287999020666, 0.07485044253501263, 0.07178284226776274, 0.07486401305449852, 0.07528775342367328, 0.07954980376169991, 0.08045022655189994, 0.07346589065779384, 0.07250202017543395, 0.07578877855106243, 0.08201195791310367, 0.0809077344290969], [0.08287386709953007, 0.0760919846140206, 0.07488613131503533, 0.07161799475186038, 0.07476750860005117, 0.07537896877958045, 0.07951888934660302, 0.08043766142867989, 0.07343857596146273, 0.07240585931939722, 0.07579970964837797, 0.08190517203552984, 0.0808776770998713], [0.08243961266628658, 0.07626538609655446, 0.07511497998444394, 0.07139346862869322, 0.07478014008611406, 0.07568504363105863, 0.07964791356507042, 0.08053322377271004, 0.07349752490501174, 0.0723190641543517, 0.07604341998977154, 0.08142011227037042, 0.08086011024956313], [0.08197186916851962, 0.07639161620378088, 0.07513647957484243, 0.07128247151274204, 0.0748397391079026, 0.07568530664314461, 0.07984846603965166, 0.0807145937779112, 0.07344274507293008, 0.07223050635014802, 0.07614994717439293, 0.0813180515759987, 0.08098820779803512], [0.08090086069908994, 0.07674393870829149, 0.07552323929452989, 0.07136232140147435, 0.07508280367797544, 0.07608937653300771, 0.08000175352744286, 0.08054858972979011, 0.07370384860042019, 0.07239918255201683, 0.07656686209756912, 0.08045868613439061, 0.08061853704400163], [0.08111569191237425, 0.07665681900020774, 0.07557427682947382, 0.07145995608792925, 0.07503751877763451, 0.07618390300241289, 0.07980122287424551, 0.08038411878136294, 0.0738023669179918, 0.07250259872156455, 0.07652068886802042, 0.08046774487905924, 0.08049309334772292], [0.08163669665212724, 0.07631602340537114, 0.07423269285446446, 0.0710256691039157, 0.07489453703131173, 0.07444176772245788, 0.08065101531785142, 0.08168100259369619, 0.07262733459964087, 0.07166930221969692, 0.0756965001766036, 0.08288387262837003, 0.08224358569449262], [0.08195935613922672, 0.07628960432999152, 0.07425047057063792, 0.0711639985410714, 0.0749223964501059, 0.07445377553224945, 0.0805114066319263, 0.08148771462507833, 0.07269930234748818, 0.07177725799795504, 0.07567523072700542, 0.08278642954764992, 0.08202305655961399], [0.0821395602831458, 0.07624068708343383, 0.07429261130071649, 0.07121631959315597, 0.07488944098676328, 0.07452398977394772, 0.08036983145840654, 0.08134237544110742, 0.072763845059559, 0.07183926651589867, 0.07565863502743418, 0.08284764172110151, 0.08187579575532945], [0.08233667512004669, 0.07620938806724702, 0.07433819080650256, 0.0713031249060618, 0.07488444263925532, 0.07458698136805246, 0.0802397063017342, 0.08119451873394805, 0.07284066527022638, 0.07192454506386374, 0.07565192450461235, 0.0827717587912853, 0.08171807842716405], [0.08227214384288445, 0.07617768085983444, 0.07441395965715393, 0.07131771649350722, 0.07484246575433422, 0.07470734853137893, 0.08013644399734939, 0.08110824394802012, 0.07291563264893679, 0.07197302138380632, 0.07566505755610195, 0.08283685511982662, 0.08163343020686557], [0.0820548687205763, 0.0761781668391793, 0.07448364979907791, 0.07130613491107819, 0.07482010563943425, 0.07481192417379447, 0.08010434169062793, 0.08109362075819194, 0.0729687703529861, 0.07199577586397918, 0.0756985535660532, 0.0828677166905209, 0.0816163709945002], [0.08188408922569707, 0.07620197666031674, 0.07448460404278189, 0.07114703215889741, 0.07477837489852594, 0.07483146718265705, 0.08021476498099463, 0.08124401094985656, 0.07290381176647048, 0.07188102265799272, 0.0757292376473179, 0.08293269359602146, 0.08176691423247018], [0.08148717530520629, 0.0762980106925994, 0.07439699426550238, 0.07093365817534995, 0.07479897103869146, 0.07470334095098057, 0.08054360027818834, 0.08162643341882758, 0.07273047215116406, 0.07167934990559502, 0.07577125402817543, 0.08286887320002446, 0.08216186658969513], [0.0811604376698288, 0.07636363892015587, 0.07429737173839396, 0.07089181263426095, 0.07486415388459301, 0.07454122515563233, 0.08076711243195288, 0.08186741271076348, 0.07261997775814097, 0.07159768799696065, 0.07577063672568439, 0.08281566916575182, 0.08244286320788062], [0.08129013782210541, 0.07636294667045697, 0.07424095143627106, 0.07091405391532839, 0.07488766695433287, 0.0744554730207879, 0.0807946494888162, 0.08187596405785066, 0.07258248027931577, 0.07158865227189841, 0.07574123779853852, 0.08280547547968024, 0.08246031080461766], [0.0815903011433449, 0.07628119595045332, 0.07427012081662843, 0.07099275699977184, 0.07484131366016301, 0.0745144574220188, 0.08058019785805277, 0.08163370950832576, 0.07265275810736087, 0.07166755024027226, 0.0756946679621057, 0.08307894777664893, 0.08220202255485358], [0.08178488210002899, 0.07628084718018044, 0.07425214288807476, 0.07106936976156272, 0.07487647417362694, 0.07447544301022034, 0.08054956014955592, 0.08156774661588266, 0.07266696462259843, 0.07171320193521238, 0.07567889982114645, 0.08296054292487076, 0.0821239248170392], [0.08193064691163025, 0.07620962764229712, 0.07433255195797543, 0.07112855852918096, 0.07481711239246258, 0.07460872924991474, 0.08033865172398871, 0.08135528041838946, 0.07277023806113221, 0.07180000642565441, 0.075664985209085, 0.08314085165952557, 0.08190275981876358], [0.08160399003028747, 0.07623365840696214, 0.07437741567355666, 0.07105003819101655, 0.07479494936640478, 0.07467916998542247, 0.08039247448880851, 0.08144233518617189, 0.07277230319435342, 0.0717614026596258, 0.07570883082602287, 0.08319351985754843, 0.081989912133819], [0.08170234363615249, 0.07621931112334202, 0.0743210908463656, 0.07103295353236215, 0.07479074269051675, 0.07460438471343872, 0.08040901050127952, 0.08145386812709413, 0.07272254927223133, 0.07172663702533816, 0.07567477495933331, 0.08333333333333331, 0.08200900023921232], [0.08140484546482646, 0.0762843449112781, 0.07434894056727526, 0.0709754800449626, 0.0748162142896334, 0.07463159537652252, 0.08054158063407289, 0.08161436179105426, 0.07271011375597944, 0.0716896238786532, 0.07573547142004872, 0.08307593700003008, 0.08217149086566324], [0.08202174424829112, 0.07622000944315614, 0.07431233115009064, 0.07115827277926663, 0.07484319379390919, 0.0745702955968332, 0.08035418439530057, 0.08135571297224953, 0.07276262249709466, 0.07181038436671507, 0.07565959952640913, 0.08303132922865955, 0.08190032000202464], [0.08200781739356379, 0.07618722619220192, 0.07442396404388053, 0.0712290786766589, 0.07481329675489441, 0.07473405279438422, 0.08019380703580452, 0.08119615965965482, 0.07288836700749213, 0.07191402081892138, 0.07568377248911981, 0.08299931936892734, 0.08172911776449616], [0.08177368741188899, 0.0762073542107015, 0.07445072833043286, 0.07115775688805778, 0.07479572705552019, 0.07477825865225668, 0.08024654556600169, 0.08127325015134085, 0.07287902026508787, 0.07187293221534499, 0.07571586764047086, 0.08304332716547919, 0.08180554444741639], [0.0816613536363658, 0.07626325258129858, 0.07443793048649731, 0.07098526358094015, 0.07477928877560831, 0.07476734143023515, 0.08042497995881714, 0.08149183730452789, 0.07279079039840103, 0.07173824160720717, 0.07576290629875644, 0.08288023206332713, 0.08201658187801787], [0.08188741495219715, 0.07622096089431889, 0.07449549946187775, 0.07107623516250591, 0.07476434459895555, 0.07485199090474627, 0.0802659661908959, 0.08130912439434052, 0.07288152819481131, 0.07183327327034107, 0.07575356762474562, 0.08283739781491985, 0.08182269653534419], [0.082161747928251, 0.07619044643978362, 0.07437628984369037, 0.07124651144376984, 0.07483547524777978, 0.07465971431063487, 0.08021788130515523, 0.08120470086645261, 0.07285491419633566, 0.071904636334489, 0.07566222523584527, 0.08294709992136971, 0.08173835692644311], [0.08189789193247253, 0.07618992512937918, 0.07450978960600696, 0.0712759109048028, 0.07481170218170807, 0.07485140304608975, 0.0801237695807606, 0.08112523683876043, 0.07297632478984477, 0.07198442977687633, 0.07572104158889656, 0.08288627225055102, 0.08164630237385088], [0.08203022820421768, 0.07618369249848596, 0.07453647981237524, 0.07121718626189086, 0.07477695259968946, 0.07490234900412163, 0.08011413946928397, 0.08112754307414902, 0.07297707971481916, 0.07195574825662518, 0.07573492185155264, 0.08280403402292505, 0.08163964522986414], [0.08115817186573655, 0.07654769450532255, 0.07410447155075285, 0.07083910740713649, 0.07505400159004806, 0.07420109142377558, 0.08125881590502598, 0.08229133140700515, 0.07240593398369252, 0.07145226003962289, 0.07580265184710214, 0.0820919835965343, 0.0827924848782449], [0.08101900096328334, 0.07651049001307796, 0.07413792797612266, 0.07078331065523348, 0.07498953016150098, 0.07427232154865412, 0.08120450913940076, 0.08230511459939634, 0.0724195601341411, 0.0714328576884055, 0.07580020179814942, 0.08223256349420663, 0.08289261182842776], [0.08072623665319668, 0.07649768140596765, 0.07424916510704081, 0.07076256973976643, 0.0749392713069936, 0.07444237509537369, 0.08111304341212343, 0.08226119889854004, 0.07250473249652448, 0.07146851439250439, 0.07584745369120172, 0.08233744026731517, 0.08285031753345203], [0.08068992133725016, 0.07656042502164721, 0.07435989474103337, 0.070705518491541, 0.07494001307615505, 0.07458791288629117, 0.08113987665966652, 0.08227808211656305, 0.07255989893148344, 0.07146819807562607, 0.07594803714149555, 0.08206293316833445, 0.08269928835291274], [0.07992104006248199, 0.07690882508342807, 0.07447134229898691, 0.07067076675146244, 0.07518890839388716, 0.07462267330274076, 0.0816526528666706, 0.08261963725946897, 0.07256846373715688, 0.07144788837449462, 0.07623407680886643, 0.08122029805203367, 0.08247342700832153], [0.07944222996091509, 0.07709776486573382, 0.07435645090140745, 0.07069198740716179, 0.07538722029845313, 0.07438489446791839, 0.08218310275539097, 0.08302828912429734, 0.07245014648237555, 0.07139157325502192, 0.07629599828686029, 0.08086784535072322, 0.08242249684374102], [0.07984758647978246, 0.07705102338156296, 0.0741950410664952, 0.07074011597299727, 0.07541558534365905, 0.07416345398545858, 0.08224693191927997, 0.083035597885341, 0.07234745901095865, 0.07136130098592916, 0.07617964153056167, 0.08092529266370425, 0.0824909697742699], [0.08042948913320194, 0.07687912498156017, 0.07411309872186195, 0.0708082325738361, 0.07532287188355496, 0.0740978794245476, 0.08190379262212001, 0.08275621258756169, 0.0723383196201708, 0.07139339822466355, 0.07602217912976918, 0.08127485247493961, 0.08266054862221252], [0.08095330108128215, 0.07662950354704377, 0.07408932618023226, 0.07080268853237986, 0.0751135948348476, 0.07415505540505173, 0.08144284085151632, 0.08246204208596618, 0.07236407231526704, 0.07140989820061204, 0.07585146712505389, 0.08185767118646753, 0.08286853865427976], [0.08088879539120299, 0.07655808558687834, 0.07411916479617547, 0.07074351979816292, 0.0750192555629689, 0.0742337986299534, 0.08132721218041324, 0.08243614531852034, 0.07237996488487894, 0.07139082016559252, 0.07582582993254902, 0.08206924817227022, 0.08300815958043377], [0.08060796375909254, 0.0765604943733085, 0.07419022635248962, 0.07069026168856407, 0.07497949521894264, 0.07434447591757679, 0.0813072770355248, 0.08247669742339434, 0.07241706025830535, 0.07138427116442986, 0.07586715130856807, 0.08208746463818178, 0.08308716086162163], [0.0804672354944533, 0.07657669124297994, 0.0742511206281683, 0.07069759884662837, 0.07497948582095201, 0.0744258965589522, 0.08128497707979344, 0.08245820447339805, 0.07246599952508499, 0.07141371501623137, 0.07590639334222764, 0.08207136831131936, 0.08300131365981095], [0.08024201112748833, 0.0766705869535271, 0.07426681206630102, 0.07064997295199636, 0.07503527497633138, 0.0744207793305649, 0.08146310563547113, 0.08264868829924851, 0.07244222857637747, 0.07137527635032502, 0.07598005011699041, 0.08179237749900557, 0.08301283611637275], [0.08046575887597238, 0.07670438482310427, 0.07411128435166757, 0.07066186649098503, 0.07511260839001051, 0.0741811764859297, 0.08165642740485489, 0.08280008306271726, 0.07231463826655347, 0.07131215486637814, 0.07592453014374807, 0.08164681417242162, 0.08310827266565723], [0.08009396011283029, 0.07686171540031, 0.07415011138610372, 0.07065139364010894, 0.07523069639943498, 0.074181