[[0.07607384219685116, 0.08096305339873427, 0.07219089208128222, 0.07361400297726137, 0.07520294962007802, 0.08086050419118869, 0.08109528573388133, 0.08294639008943809, 0.08146775528219413, 0.07160409848806609, 0.07128750596501231, 0.08198309225877407, 0.07071062771723827], [0.07596695234865355, 0.08127664340470701, 0.07219021522496515, 0.07360243788443639, 0.07513994855777263, 0.08066784898509685, 0.08091740830544995, 0.08317534754346245, 0.08140422215362966, 0.07157527727549785, 0.0712882402023064, 0.08209976207131958, 0.07069569604270229], [0.07586187036090057, 0.0816557430907314, 0.07222606839836593, 0.07361851224553138, 0.07508894850953009, 0.08043571886231038, 0.08069658556478858, 0.08333333333333333, 0.08128858927373997, 0.07158184515154137, 0.0713301822137511, 0.08216011879086985, 0.07072248420460607], [0.07580621506570945, 0.08196406255000194, 0.07228623004986191, 0.07366628780432846, 0.07508123343306969, 0.08027730636348859, 0.0805483628837957, 0.08318225190121717, 0.0812206014048117, 0.07161045363178405, 0.07139175724822082, 0.0821995930355393, 0.07076564462817124], [0.07574510768082969, 0.08232935768579777, 0.07237051679615947, 0.07372991591248373, 0.07507604004086428, 0.08007671919212138, 0.08035426702345072, 0.08309553522982543, 0.08109377469795453, 0.0716633379227062, 0.07148196639723192, 0.08214477752709622, 0.07083868389347883], [0.07571243343537766, 0.08256951812254268, 0.07242251727911826, 0.07377899136980355, 0.07508344714455102, 0.07996890232643725, 0.08025465667068565, 0.08295269203728405, 0.08104889491369636, 0.07168118321567638, 0.07152942061586379, 0.08213330631535587, 0.07086403655360751], [0.07562456077505748, 0.08280315197008009, 0.07240207091677842, 0.07378508944570165, 0.0750506507237014, 0.0798372477136782, 0.08014276543760472, 0.08333333333333331, 0.0810387235738898, 0.0715847487788716, 0.07148033345802624, 0.08215672458711926, 0.07076059928615772], [0.07561863382947642, 0.083055664522414, 0.0725116194283535, 0.07390142970931883, 0.07510861033142299, 0.07971370379517533, 0.08003036720567627, 0.08295195846407362, 0.08099544104575838, 0.07162950820333602, 0.0715741085578183, 0.08209900058161454, 0.0708099543255618], [0.075631160689901, 0.08309350789461031, 0.0725670230148049, 0.07401841612409285, 0.07517150504479143, 0.07967395652983504, 0.08000605447330222, 0.08257469609431384, 0.08104687989873757, 0.0716084142516873, 0.07159641270712615, 0.0822361307521238, 0.0707758425246736], [0.0756810542682284, 0.08308981154348219, 0.0727141436387968, 0.07425303999990768, 0.07529983164908183, 0.07958018913925403, 0.07992405789985645, 0.08203449002246073, 0.0810284604613074, 0.07165588817686773, 0.07170604010660693, 0.08221968034108375, 0.07081331275306615], [0.07576843161589432, 0.0830839990440812, 0.07287734170736204, 0.07450901139043198, 0.07546402322585888, 0.07950655403451608, 0.07985728901492108, 0.08146572106214287, 0.08099442180096375, 0.07173184977905378, 0.07182570912905753, 0.08205881513060174, 0.07085683306511478], [0.07584989355588623, 0.08298781970271894, 0.07309505483996719, 0.07477887956351337, 0.07562027590596752, 0.07936959521343954, 0.079714444747436, 0.0810528698240876, 0.08083047614573503, 0.07190416964175196, 0.0720271379853695, 0.08175823974561462, 0.07101114312851237], [0.0759697915220065, 0.08297482184538242, 0.07319372362012593, 0.07495735433246775, 0.07578322678228987, 0.07938464559327722, 0.07973048157557477, 0.080593665971811, 0.08083612612106551, 0.07193624399818353, 0.07207831050958778, 0.08156236722057435, 0.07099924090765318], [0.07604279322845818, 0.08333333333333333, 0.07322303498656743, 0.07504909951493037, 0.07588223930965286, 0.079388077259516, 0.07973283408249632, 0.08023857134269592, 0.08081662789929767, 0.07191374339592603, 0.07206761263084564, 0.08137173193371433, 0.07094030108256591], [0.07622676812628394, 0.08284626555365503, 0.07330099696667282, 0.0751772471330639, 0.07607344736171054, 0.07950686846247237, 0.07984591052048107, 0.07985020393761551, 0.08092700352588535, 0.07194703977335387, 0.07210337755698171, 0.08125944725798429, 0.07093542382383973], [0.07636700391666797, 0.08251937267850631, 0.07328467403621174, 0.075186645258, 0.0761903313932756, 0.07966442735412038, 0.07999915492785528, 0.0795810290240405, 0.08113152592172503, 0.0719058331725152, 0.07205339721887188, 0.08125200911538098, 0.07086459598282902], [0.07650292782920742, 0.0829576069410178, 0.07318945130788683, 0.07513175729048185, 0.07629163274984245, 0.07981578387907991, 0.08013965585498786, 0.07915444459358592, 0.08132927724679445, 0.07177156546397717, 0.07190727369595665, 0.08112328622304082, 0.070685336924141], [0.07668765523414937, 0.08294010984188419, 0.07306045858953396, 0.07499348647918284, 0.07638964596814206, 0.08011150086618393, 0.0804192234421418, 0.07881103241988924, 0.08163405610048283, 0.07163962491347958, 0.0717440124392041, 0.08104581274451517, 0.07052338096121105], [0.07618222235929156, 0.08063171933311154, 0.07223225887616376, 0.0736293598088929, 0.07525629508275332, 0.08094752257197785, 0.08113654884539034, 0.0831061697449715, 0.08131235938789938, 0.07171956980885019, 0.07135590932636496, 0.08165928320725746, 0.07083078164707524], [0.07606913429696897, 0.08102706556325891, 0.07225800082137994, 0.07364125988375957, 0.07520139971241083, 0.0807379089584623, 0.08095352892192861, 0.08304442529422518, 0.0812915559525457, 0.07170770323178294, 0.0713833168558419, 0.08184754710081889, 0.07083715340661613], [0.0759900381094965, 0.08124979246943742, 0.07225359682184301, 0.0736300737519139, 0.0751539097705998, 0.08060364906387577, 0.08083125097735835, 0.08323558174753691, 0.08124971724801189, 0.07168187580411069, 0.07137915016932869, 0.08192059477487357, 0.07082076929161335], [0.07586442651065102, 0.08171706568045818, 0.07227360270646305, 0.07364822030058572, 0.07509955356549763, 0.08038086192421413, 0.0806364028561601, 0.08323707970839762, 0.08122094242174392, 0.07163939096546383, 0.0713894644181028, 0.08210171143525781, 0.07079127750700417], [0.07595244429563484, 0.08133324108627023, 0.07222541022363019, 0.07361187464855544, 0.07512904874006363, 0.08057821003239672, 0.08081633945313625, 0.08333333333333336, 0.08128088336356684, 0.07163248457078457, 0.07134171922390838, 0.08199696800542015, 0.0707680430232996], [0.07577631741611028, 0.08208275640429905, 0.07231808487104698, 0.0736789804724422, 0.07506642732808656, 0.08017668176578605, 0.08044355585705586, 0.08333333333333331, 0.08111679429744913, 0.07164696451115259, 0.07143513032670885, 0.08210963269887762, 0.07081534071765133], [0.0757551088663792, 0.08234444967984138, 0.07242382953075871, 0.07375753105061388, 0.07508683544326339, 0.08002400110359208, 0.08029113954002726, 0.08307413901036935, 0.08099653031247467, 0.07174058809436332, 0.07155387689546182, 0.08202151390166504, 0.07093045657118997], [0.07570076451118937, 0.08263457005133912, 0.07243916684480288, 0.07378949228094651, 0.07508088073504543, 0.07992738713860789, 0.08021255969809256, 0.08298382645266136, 0.08101041584583578, 0.0716952227453196, 0.07154899624315186, 0.08209385085429392, 0.07088286659871391], [0.07561566590815358, 0.08299054131734895, 0.07248177642942351, 0.07381990071581282, 0.07504924386805546, 0.07971935125658704, 0.08000935486551418, 0.08333333333333336, 0.08085321601892222, 0.07169940653973784, 0.0715912340598766, 0.08193537059532541, 0.07090160509190926], [0.0756201275747821, 0.0831325173525299, 0.07260045735898997, 0.07395020900932313, 0.07512092700772677, 0.07961516890477364, 0.0799194898768499, 0.08290738050027928, 0.08084287986322385, 0.07174506590537855, 0.07168992134222169, 0.08190635584733783, 0.07094949945658355], [0.07560339953295102, 0.08333333333333333, 0.07260505651181053, 0.07401148627223898, 0.07514141183718122, 0.07958007212925633, 0.07989856691942061, 0.08268705787920201, 0.08088700938050858, 0.07168591206093274, 0.07166484487848317, 0.0820249167511767, 0.07087693251350469], [0.07562000270380698, 0.08333333333333333, 0.07266693383948332, 0.07412865830000613, 0.07520131739670388, 0.07953817424695452, 0.07986687303682222, 0.08239707312515675, 0.08090581143257894, 0.07168671290950825, 0.071701835983611, 0.08208405609367309, 0.07086921759836148], [0.07566728779856711, 0.08313591057733534, 0.07278256202392865, 0.07429316365942887, 0.07529728108490819, 0.07948833523486858, 0.0798229070138815, 0.08208453675270258, 0.08089463082325998, 0.07174472556583107, 0.0717976194389858, 0.08206740429766105, 0.07092363572864131], [0.07567169435178356, 0.08333333333333334, 0.07282452831356273, 0.07436865125690223, 0.07533141564343848, 0.07943557209652533, 0.07977319379826317, 0.08188692594210475, 0.08086072814694471, 0.07175085822997987, 0.0718253095260341, 0.08201383154041511, 0.0709239578207127], [0.07570598461059617, 0.08333333333333333, 0.07292606578369845, 0.07450834111893252, 0.07540845845629524, 0.07936754331989256, 0.07970623060805607, 0.08162459971987492, 0.08080237346791337, 0.071820006969112, 0.0719124564691873, 0.08190629748937439, 0.07097830865373365], [0.07575320960891367, 0.08333333333333333, 0.07298940026264307, 0.07462259969917541, 0.0754896184463042, 0.07935170895407517, 0.07969446726626153, 0.08135186067872784, 0.0808060383291475, 0.07184121459011612, 0.0719493609628579, 0.08184262596080027, 0.07097456190764388], [0.0758439970818916, 0.08333333333333331, 0.07326234713206901, 0.07496198947940437, 0.07567758010190995, 0.07915860010739552, 0.07949288276186406, 0.08081700121626775, 0.08057342404674368, 0.07205619274826748, 0.07220227380565554, 0.08145335219403826, 0.07116702599115922], [0.07595535123246656, 0.08317683084473874, 0.07334509712985943, 0.07511321764501429, 0.07582259184344205, 0.07919079185155711, 0.0795262211161392, 0.08046197210509058, 0.0805992567946413, 0.07208224236546082, 0.07224328050213283, 0.08132841231735521, 0.07115473425210175], [0.07587594743559421, 0.08288429847516991, 0.07306312469099031, 0.07475980521275082, 0.07563613948464726, 0.0794391658734385, 0.07978807225609959, 0.08101863701706101, 0.08091577427096674, 0.07186209280405476, 0.07198227000696523, 0.0818165838215528, 0.07095808865070885], [0.07602106185122105, 0.08333333333333333, 0.07341168251394876, 0.07523032606002494, 0.07592044950562576, 0.07916458938255454, 0.07949730550203353, 0.08017139426250487, 0.08054952993493833, 0.07210675480165399, 0.07228101499239123, 0.081160145178912, 0.07115241268085755], [0.07620364387575962, 0.08286391974624469, 0.07354002668931482, 0.07541976774707337, 0.07613164460041982, 0.07922695978321666, 0.07955251612854149, 0.07976631989813218, 0.08059570314125838, 0.07218238375683367, 0.07236675188227683, 0.08096137424897991, 0.07118898850194881], [0.07629591880488394, 0.08268466390715132, 0.07351947808493424, 0.07542754386681293, 0.07621201068163669, 0.07933131360330109, 0.07965551925825429, 0.07958393363039254, 0.08073833450512696, 0.072137262456151, 0.07231726163825984, 0.08097809839312489, 0.07111866116997029], [0.07644726281500601, 0.08259536921519116, 0.07348531624868197, 0.0754338250523333, 0.07634240557830295, 0.0794788812857392, 0.07979590543586425, 0.07924589375457361, 0.08093256399797681, 0.0720659575933843, 0.07223777016519663, 0.08093132335117782, 0.07100752550657191], [0.07658663539055677, 0.08291681341639591, 0.07349037004617327, 0.07548453628236464, 0.07648200817013719, 0.07951923508839166, 0.07982007816988765, 0.0788266313063606, 0.080986870690064, 0.07202803352785445, 0.07219859991846511, 0.08073050326664735, 0.07092968472670137], [0.0766495113054965, 0.08333333333333336, 0.07326043821474058, 0.07524722423403504, 0.07645732720534074, 0.07977773819476205, 0.08007726775251967, 0.07869596024894479, 0.08127444447668696, 0.07179907910130337, 0.0719397842126794, 0.08081094369589018, 0.07067694802426763], [0.07616139208712198, 0.0806907483125888, 0.07228384901115141, 0.07364330667602513, 0.0752407666392046, 0.08080451905408166, 0.08097776705233753, 0.08333333333333333, 0.08114201289582, 0.07180438111377363, 0.07143442227565493, 0.08154581882886235, 0.07093768272004465], [0.07599116662587481, 0.08127707713700867, 0.07232296117441504, 0.07366153760775986, 0.07515829971903598, 0.08049290502430667, 0.08070363378408738, 0.08333333333333333, 0.08108590899127995, 0.07178587274621026, 0.07147581331253995, 0.08176497272385888, 0.07094651782028917], [0.07606682607401871, 0.08106835291375604, 0.07232773660489976, 0.07367234203529908, 0.0752035959519518, 0.08061720047303576, 0.08081591218562403, 0.08313993940940485, 0.08112483076243379, 0.07181188966594951, 0.07148074499111137, 0.08170689232698292, 0.07096373660553242], [0.07595240941170142, 0.0814563624617228, 0.07231797434611352, 0.07366975761817032, 0.0751472988857349, 0.0804605940800865, 0.08069002557398504, 0.08314184911657935, 0.0811535896830994, 0.0717425994159763, 0.07145684484902354, 0.08191017317721386, 0.07090052138059305], [0.07592494162554331, 0.08161837429723126, 0.07239984155150206, 0.07371677403109937, 0.07514630664831917, 0.08030502209258832, 0.0805291449292281, 0.08312535854332462, 0.08100804382329259, 0.071834749038025, 0.07156011111031295, 0.0818148066215579, 0.07101652568797537], [0.07583987427441573, 0.08198520734179852, 0.072430120865489, 0.07374537824432699, 0.07511753385031973, 0.08014288361044886, 0.08038651063965796, 0.08307414213654377, 0.08097510055987596, 0.07181483809332032, 0.07158256544870953, 0.08189918586301616, 0.07100665907207754], [0.07589735866770482, 0.08173237816565619, 0.07237840443152177, 0.07371177330594215, 0.07513514006764337, 0.08030179409382786, 0.0805396828732759, 0.08303719937071813, 0.08107386875674949, 0.07178205240830507, 0.0715240150571347, 0.08192900813273583, 0.07095732466878472], [0.07578061602971871, 0.08230343511733992, 0.07250244694868765, 0.0738006368053925, 0.07511027163296882, 0.07996540224529379, 0.0802174901863657, 0.08301077390188871, 0.08087217440696752, 0.07185550790742212, 0.07165878738625732, 0.08185755787462354, 0.07106489955707382], [0.07573086759431091, 0.08249108454483838, 0.07252246298386143, 0.07381520587960687, 0.07509081139594101, 0.07985589170681728, 0.08011354310181379, 0.08315636021881202, 0.08080646258230843, 0.07185243540120008, 0.07167765762118368, 0.08181774265696949, 0.07106947431233679], [0.07570278681166166, 0.08266954744936636, 0.07254088532230554, 0.07383826010132126, 0.07508971081761531, 0.07979565519494529, 0.08006153653350132, 0.08308349442767503, 0.08079746834731148, 0.07184108461918695, 0.07168809231836815, 0.08183202754217622, 0.07105945051456548], [0.0756624629016274, 0.08292097994730412, 0.07260441461928549, 0.07389218620978888, 0.07509347379240232, 0.07965858610843318, 0.07992995372237861, 0.08305840384580959, 0.08070711380988567, 0.071872295060586, 0.0717509791346428, 0.08174687205158597, 0.07110227879627011], [0.07560275715355214, 0.08333333333333334, 0.07262161725239326, 0.07393332688679473, 0.07509143296734906, 0.07954569933937199, 0.07983506249155527, 0.08300009895086033, 0.08069985489969866, 0.07181252445614948, 0.07174062021395393, 0.08174677894134424, 0.07103689311364365], [0.0756071244969189, 0.08333333333333334, 0.0726689641815218, 0.07399423328608568, 0.07512430868728871, 0.0795102630590293, 0.0798063965846949, 0.08284917818497428, 0.08070577082703971, 0.07182556807051164, 0.07177694494169795, 0.08174904392439504, 0.0710488704225088], [0.07561904977604172, 0.08320865495304766, 0.07269524188510429, 0.0740406222261868, 0.07515114898659354, 0.07950903691127087, 0.07981008778764752, 0.08275911606611039, 0.08073231111575234, 0.07182964092249092, 0.07179400807888017, 0.08180148107855525, 0.07104960021231857], [0.07563998088360245, 0.08307550611689772, 0.07278549107718126, 0.07417789369328658, 0.0752186366427812, 0.07945426834523119, 0.07976410501440187, 0.08249209956257332, 0.0807323989479298, 0.07186435930904018, 0.07186611438098157, 0.08184701140247717, 0.0710821346236156], [0.07565452030985129, 0.08308040599234325, 0.072847530927206, 0.07429191335100843, 0.07527521909995415, 0.07940884397101196, 0.07972741350413597, 0.0822455826725626, 0.0807380782230524, 0.0718684765613187, 0.07190520408008001, 0.08187786776990608, 0.07107894353756909], [0.0756514292146929, 0.08333333333333334, 0.07288473416818433, 0.07437314529925083, 0.07530756745992778, 0.07935003745325087, 0.0796743568499501, 0.08201873632607568, 0.08071274927270258, 0.071857052269205, 0.07192300601306864, 0.08185258958451783, 0.07106126275584025], [0.07572757480718496, 0.08301556443489624, 0.07310585806015599, 0.07464602271618867, 0.07545933200860694, 0.07923060772266717, 0.07955474979916538, 0.08159711285101456, 0.08060275310442784, 0.07203061667001026, 0.07212936527259763, 0.08168058358151707, 0.07121985897156717], [0.07577196254335836, 0.08307048753333511, 0.07325777950753282, 0.07484880449348223, 0.07556612575608528, 0.07911673992035939, 0.07943994020870251, 0.08123493418004524, 0.08048832250006265, 0.07213886242036566, 0.07226351797838246, 0.08149330586004379, 0.07130921709824459], [0.07583000161716844, 0.08333333333333331, 0.07330310924407962, 0.07498621388457358, 0.07567134105676168, 0.07910342233029595, 0.0794335753980669, 0.08083888072200913, 0.08050206380933467, 0.07210953556870103, 0.07225729032459662, 0.08139880718586366, 0.07123242552521522], [0.07579515314599604, 0.0832391425233621, 0.07317912778285289, 0.07482906184087637, 0.07558904223247458, 0.07920543390258473, 0.07953975700532806, 0.08110141730511305, 0.08062374562654498, 0.07201438651599591, 0.0721434345915775, 0.08159170749110603, 0.07114859003618787], [0.07575137840945198, 0.0830584851944804, 0.07312459105586758, 0.0747062241637788, 0.07550395733267806, 0.07923258452402294, 0.07956184230798585, 0.08142872676904293, 0.08062898198865269, 0.07201571798524703, 0.07212518129718538, 0.08167852816084303, 0.07118380081076325], [0.07569593880299894, 0.08312933952158265, 0.07296359949010763, 0.0744930680148267, 0.07538564794221451, 0.07933362649635965, 0.07966266019786389, 0.08179962106821723, 0.08072335666636764, 0.07189948071327214, 0.0719828031008778, 0.0818436638418444, 0.0710871941434668], [0.07577135395590273, 0.08333333333333336, 0.07315904309007829, 0.0747947637841917, 0.07555795772203358, 0.07919449129390808, 0.07952769274348509, 0.08116861386012421, 0.08060843769225101, 0.07200605742708148, 0.07213167449506282, 0.08159861446584625, 0.07114796613670163], [0.07579478434313183, 0.08318084472303074, 0.07304844055861841, 0.07470373499249112, 0.07555018525687761, 0.079345782209017, 0.0796888955104959, 0.08121124501531084, 0.08080126270583225, 0.07188145037883323, 0.07199757148972488, 0.08179154488889313, 0.07100425792774291], [0.07588745426996191, 0.08333333333333334, 0.07335483040803148, 0.07508542553558264, 0.07575522282799532, 0.07910362752318253, 0.07943500030231411, 0.08060466503039505, 0.08050223113518186, 0.07212221360120612, 0.07228185023251173, 0.08131415566298658, 0.07121999013731749], [0.07595506076076684, 0.08333333333333333, 0.07342448186746288, 0.07520232136983032, 0.07585269239896868, 0.07909250615190377, 0.07942274964720726, 0.08034677011277185, 0.0804779871649956, 0.07215262341647544, 0.07232480921884378, 0.0811891293120789, 0.07122553524536133], [0.07605981065525191, 0.08319090780567913, 0.07351766419852625, 0.07534772061356308, 0.0759885011707672, 0.07910039111671743, 0.07942727072094867, 0.08004326886883652, 0.08045740162375213, 0.07220194006798206, 0.07238637149615801, 0.08103317401087569, 0.0712455776509419], [0.07615391482548467, 0.0829707855222999, 0.07360437924509418, 0.07546903820655074, 0.07610530343678165, 0.07910922196781833, 0.079431384324603, 0.07981617956649276, 0.08044572155789069, 0.07225893956966858, 0.07245145086867581, 0.0809012501762424, 0.07128243073239732], [0.07630631535411324, 0.08262072065211769, 0.0736356313876401, 0.07555075930021475, 0.07625963926131783, 0.07921919718116195, 0.07953668468759335, 0.07950312070015153, 0.08060805891826742, 0.07224688394579522, 0.07243959195423218, 0.0808412221167425, 0.07123217454065228], [0.07647375555950274, 0.08245173191271209, 0.0736710605313432, 0.07563661207975336, 0.07642982597681024, 0.07930519556120277, 0.0796115752283131, 0.07911582061670012, 0.0807301714621973, 0.07223705265991145, 0.07242920680757149, 0.08072659932340112, 0.07118139228058086], [0.07656835532929071, 0.08269652446782604, 0.07363402928119715, 0.07563156931964328, 0.07651298523844677, 0.07937206288626324, 0.07966998424140019, 0.07884754778174138, 0.08081578493200449, 0.07217043121427258, 0.07235768221639213, 0.08063872844502287, 0.07108431464649924], [0.07670218884686804, 0.08298276234177807, 0.07354834839719677, 0.07556768447065436, 0.07660736511162473, 0.07951272738535022, 0.07979751765719646, 0.07853576292054643, 0.0809652865743743, 0.07206028402598684, 0.07223210354833533, 0.08054879390481053, 0.0709391748152779], [0.0767932824457032, 0.0830688173877282, 0.07330357891402353, 0.07528958521860582, 0.07658307105666547, 0.07985512294122472, 0.08013693657777299, 0.07846420841588815, 0.08132261857212078, 0.07183560628396708, 0.07196754291632837, 0.08068069128991881, 0.07069893798005304], [0.07569172855353302, 0.08310664074353677, 0.07303320552555692, 0.07453236306923461, 0.07538941208342115, 0.07925956370176192, 0.07957999580158999, 0.08181223940416081, 0.08061089314907993, 0.07199219752246994, 0.07207549858462917, 0.08171651770630081, 0.07119974415472494], [0.07566614865628053, 0.08307098226428765, 0.07296021050043958, 0.07439593793451053, 0.07531551053461386, 0.07930785370175152, 0.07961996594013716, 0.08210647649748545, 0.08061285384433395, 0.07197854571930319, 0.07203187856777399, 0.08172625142650276, 0.07120738441257972], [0.07564185384753684, 0.08315002380320938, 0.07287484870133441, 0.0742524969776391, 0.07524165703791694, 0.07935925971511754, 0.07966220031691197, 0.08237883247004053, 0.08061067455915795, 0.0719589897276242, 0.07197151778938723, 0.08170277932151189, 0.07119486573261206], [0.07561975782442179, 0.08333333333333334, 0.07282376669208018, 0.07417389229642143, 0.07519594791880273, 0.0793697270698483, 0.07966729560338284, 0.08251542343266119, 0.08058999178806832, 0.07193938965255987, 0.0719323014773447, 0.08166062624415191, 0.07117854666692346], [0.07563524427501031, 0.08314286000815567, 0.07278949036821587, 0.07408832945517403, 0.07517032037556358, 0.0794304572186679, 0.07971735474331647, 0.08273996591636246, 0.0805894848285311, 0.07196214699837082, 0.07191981950829966, 0.08160710820410516, 0.07120741810022704], [0.0756543559959489, 0.08302729106680222, 0.07270989900251641, 0.07397520023216618, 0.07512412628994626, 0.07953159257256033, 0.07980204054276208, 0.08293064676928893, 0.08059272300244526, 0.07196254746960207, 0.07186601828270542, 0.08161320749728987, 0.07121035127596606], [0.07568935926616979, 0.0828500048845418, 0.07269911532727584, 0.07395482341127775, 0.0751286534674419, 0.07959756125729486, 0.07985901989080389, 0.08290093244568962, 0.08060575800684633, 0.07198991221220709, 0.07186764012929849, 0.08161830803769693, 0.07123891166345574], [0.07593206123078415, 0.08275534438239111, 0.07305448644517186, 0.07477905499512842, 0.07568979151943006, 0.07951772248872156, 0.07987078867910655, 0.08087915983079298, 0.0810070671624725, 0.07183045394130476, 0.07195126191565739, 0.08182611849556054, 0.07090668891347812], [0.07601369105635632, 0.08311679313885831, 0.07329081466480616, 0.0750895984640926, 0.07586594276023877, 0.07930827131823326, 0.07964894106397932, 0.0803516537714027, 0.08072954215576249, 0.07200340759155743, 0.07216041288521377, 0.08136950277087572, 0.0710514283586234], [0.07614632181713227, 0.08302839192877048, 0.07343826519135364, 0.07529737729905872, 0.07604519341811627, 0.07927712067232978, 0.07960927647403995, 0.0799376181148745, 0.08063992064249559, 0.07209899445715971, 0.0722733579357081, 0.0810938118589088, 0.07111435019005218], [0.07570182174631215, 0.08267992370348519, 0.07263128707943187, 0.07389321478063407, 0.07510587219239849, 0.07968270969388683, 0.07993888160771286, 0.0831144804033507, 0.0806512780557656, 0.07194947314881764, 0.07180141792664826, 0.08165952015831927, 0.0711901195032371], [0.07572034276608425, 0.08248160497392217, 0.07257274053383815, 0.07383862255170655, 0.07508894327601545, 0.07976612067436706, 0.08001521895441868, 0.08333333333333333, 0.08068559902630089, 0.07192059271728218, 0.07174608787005332, 0.0816768182906961, 0.07115397503198183], [0.07579825729304898, 0.08223187957991865, 0.07257021051409317, 0.07383529975522483, 0.07512635753686539, 0.07990136385581394, 0.08013951106742212, 0.08305673940566563, 0.08074887556405465, 0.0719570558949842, 0.07175105436049416, 0.0816987008230266, 0.07118469434938775], [0.07586889323943347, 0.08196394367804076, 0.07255941558251557, 0.07382286152758609, 0.07515515420543586, 0.0800237406900658, 0.08024828131585802, 0.08295353531865583, 0.0807853799406331, 0.07198711673968938, 0.07174845093485759, 0.0816741153206937, 0.07120911150653485], [0.07590561338367212, 0.08171243504610905, 0.07249421878638497, 0.07376818943885317, 0.0751492055365804, 0.08014035305300511, 0.08035400092136478, 0.08320625281712517, 0.08082539152328337, 0.07195129000529597, 0.07168249261762094, 0.08164988534242273, 0.07116067152828204], [0.07592212427778466, 0.08159536748787802, 0.07245412989870975, 0.07373769497433724, 0.07514502431138279, 0.08020675929846705, 0.08041645309256672, 0.08333333333333334, 0.08085850068724876, 0.07192084588070433, 0.07163867685735786, 0.08164954822988359, 0.07112154167034597], [0.07598557462278388, 0.08141765645704442, 0.07244898941520135, 0.07374006117618441, 0.07518040684592765, 0.08032190734003372, 0.08052324526379231, 0.08313793603432484, 0.08091258024690745, 0.07193397098651931, 0.0716324413083939, 0.0816395676374727, 0.07112566266541406], [0.0760373511138012, 0.08122512585461657, 0.07242464487503045, 0.07372495979874903, 0.07520157341299102, 0.08043048796661817, 0.08062194288783193, 0.08313512945737474, 0.08095097246745897, 0.07192833496972048, 0.07160604553376038, 0.08160382196330002, 0.071109609698747], [0.07611904360165332, 0.08093752115648024, 0.07242189630072693, 0.07372117758608424, 0.0752401801081824, 0.08054433500905955, 0.08071299977117512, 0.083183919811668, 0.0809336939701825, 0.07196572835829664, 0.07161059674496842, 0.08146897553594025, 0.07113993204558255], [0.07621359080569638, 0.0806619524336825, 0.07242494378145264, 0.07372975155216759, 0.07529348716599135, 0.08068251986772908, 0.08082928809730715, 0.08308865461006286, 0.08094220873826877, 0.07200009767076174, 0.07161562300016114, 0.08135430395478946, 0.07116357832192927], [0.07610976787217105, 0.08089281224128055, 0.07234527480244894, 0.07367337842227784, 0.07522030415470406, 0.08063195657306818, 0.08080843653860956, 0.08333333333333333, 0.0810320934719189, 0.07186963923525552, 0.07151435402920171, 0.08154259262812695, 0.07102605669760342], [0.07590800049919204, 0.08317883229571063, 0.0732985636528283, 0.0750350617148186, 0.07575573551580256, 0.07919543049553748, 0.0795315731380266, 0.08064020882692902, 0.08061293312072305, 0.07206206131336157, 0.07221487685909778, 0.0814152937205108, 0.07115142884746152], [0.07589138734783783, 0.0830462979724687, 0.07317886453124986, 0.07489673145636894, 0.07569562863993377, 0.07931735255938148, 0.07966013413129057, 0.080827669430242, 0.0807655087157675, 0.0719591546517878, 0.07209584332110251, 0.0816142260834808, 0.07105120115908832], [0.07614349243385944, 0.08302872228962349, 0.07320890491881199, 0.07505648135344398, 0.07596538114886577, 0.07952626063782091, 0.079872441128182, 0.08008046577038969, 0.08094239420809268, 0.07188047492625986, 0.07202822661391285, 0.08138165620216112, 0.07088509836857622], [0.07600133589451248, 0.08310083255846826, 0.07312843715014605, 0.07491671884220988, 0.07580015140247266, 0.07947483643133901, 0.07982563446750933, 0.08049235431907814, 0.08093947072645663, 0.07185117910053475, 0.07198948666238847, 0.08158552774000005, 0.07089403470488435], [0.07573394189254908, 0.08305126089022806, 0.07281847372293485, 0.07441369497154642, 0.07540088279541411, 0.0795335388436143, 0.07988214511687851, 0.08168573461573576, 0.08101036604328814, 0.07170339095205, 0.07178455533040191, 0.08213663630662418, 0.07084537851873465], [0.07585803402225477, 0.08288592954593442, 0.0729651709916917, 0.07465122447588389, 0.0755863106111934, 0.07952552377755624, 0.07987945951564558, 0.08113671849858423, 0.08102470845504489, 0.07177398080214857, 0.07188262064245388, 0.08196035289517666, 0.07086996576643158], [0.07626586920898219, 0.08270287100247023, 0.07324325654988804, 0.07512066292968467, 0.07608580207169462, 0.0796172842046545, 0.07995897467673757, 0.07981793516047907, 0.08105953778125737, 0.07188749965071721, 0.07203436474045968, 0.08133922639803046, 0.07086671562494423], [0.07641491699858559, 0.08270887828115324, 0.07318074002884856, 0.07509318762748496, 0.076201837613945, 0.0797963221160996, 0.08013147111070465, 0.07944579773333046, 0.08129674961826822, 0.0717911759831267, 0.07192650238039515, 0.08128198071888376, 0.07073043978917415], [0.0768938386593321, 0.08289246158216015, 0.07351839886377647, 0.07553912996473869, 0.07675221116347884, 0.07973520841830678, 0.07992705850721574, 0.07819684944983701, 0.0810850326152123, 0.07201837151986727, 0.072170589489601, 0.0804020732924051, 0.07086877647406872], [0.07679831762466355, 0.08289479006818774, 0.07362769761717926, 0.07566357490853724, 0.07671891250966699, 0.07951493015788702, 0.07975361960185845, 0.07831943069446144, 0.0809118436200251, 0.0721217808427169, 0.0722965906551746, 0.08039214554426943, 0.0709863661553724], [0.07599315217721465, 0.0811185140263852, 0.07205036128028265, 0.07368181152564433, 0.07527007452034269, 0.08096511906438807, 0.08135474147800933, 0.0817358572432982, 0.08248002084449897, 0.07114019733358716, 0.07097449609591254, 0.08308384043540672, 0.07015181397502959], [0.07590929891976199, 0.08141914138057613, 0.07206867810828907, 0.07365022910452936, 0.07519358537647945, 0.08079031104314671, 0.08115755105805875, 0.08207166553914637, 0.08218591916634055, 0.0711966894895245, 0.07102726673436713, 0.08309119768638273, 0.07023846639339744], [0.07583946517444654, 0.0816734370921482, 0.07210411671030266, 0.07367488903117445, 0.07516715297767555, 0.08060740058296156, 0.08097482698422338, 0.08204838648588594, 0.08205058136758642, 0.07120404868141837, 0.07106369335072116, 0.08333333333333336, 0.0702586682281227], [0.07579853423781617, 0.08193045434664828, 0.07217677227992811, 0.07372114746516344, 0.07516079001343219, 0.08044494586037403, 0.08080546328183566, 0.08220619957965436, 0.0818788430661637, 0.07127021949518297, 0.07114979973742547, 0.08311183766715356, 0.07034499296922192], [0.07578191752465259, 0.08207647114970411, 0.07225654362439529, 0.07381453423586258, 0.07520477423377153, 0.08030640836199758, 0.08067643400346915, 0.08213191182662825, 0.08182801306088358, 0.0712850082456024, 0.07121027102250085, 0.0830672961772885, 0.07036041653324357], [0.07580418103433569, 0.08204517214014732, 0.07231856514011471, 0.07390334351290404, 0.07527086772318035, 0.08025118920902732, 0.08063051631172537, 0.08188447128148126, 0.08184093066993166, 0.0712860068019076, 0.07124641000994791, 0.08316652716981937, 0.07035181899547759], [0.07594873700282974, 0.08171293752618121, 0.0723890329096412, 0.07402783689473691, 0.07542766724426442, 0.08039855295562533, 0.08079122658967004, 0.08140649089490468, 0.08206227996150169, 0.0713020041060337, 0.0712774431056122, 0.08291813628199125, 0.07033765452700758], [0.07608922876141073, 0.08128341593803386, 0.07224732251848573, 0.07395812542085782, 0.0754905499834651, 0.08078955553646947, 0.08120156297252333, 0.08091846413979457, 0.08253348283165124, 0.07116580831479376, 0.07109726736333565, 0.08307650186322806, 0.07014871435595067], [0.07610697336690099, 0.08092519072201941, 0.07208137127444811, 0.07379293828618827, 0.07541469772204733, 0.08107447134414546, 0.08149396779285314, 0.08111845208867349, 0.08283980517693912, 0.0710760100432558, 0.07094433103468069, 0.08308656925513623, 0.07004522189271187], [0.07606350186007384, 0.08080245920344277, 0.07200409667742431, 0.07369268112030752, 0.07533232011442009, 0.08112303090110466, 0.08153551984763882, 0.0813605319787344, 0.0827857381366577, 0.07105041896600456, 0.0708888148254056, 0.08333333333333334, 0.07002755303545241], [0.07597614343075487, 0.08119049870362367, 0.07208219082155247, 0.07373556415314449, 0.07529719381554888, 0.08086788938585111, 0.0812684043804998, 0.0815236733580302, 0.08250476217111725, 0.07111532035851975, 0.07098416330471093, 0.08333333333333334, 0.07012086278331339], [0.07595157854562966, 0.08130387362875237, 0.07208717776164278, 0.0737023374717132, 0.07525372144441154, 0.08084147224709141, 0.08122619674462421, 0.08180434698292355, 0.0823581092064119, 0.07116997185398517, 0.07101913338179486, 0.08308721873408861, 0.07019486199693066], [0.07587127612000429, 0.08164637156399199, 0.07216969507728885, 0.07377993569662335, 0.07525111219313706, 0.08056826754156457, 0.08095481545595175, 0.08175249732477881, 0.08216018311073688, 0.07119005626840352, 0.07109321322789529, 0.08333333333333333, 0.07022924308629033], [0.07597380959117365, 0.08142797421684667, 0.07225320092368177, 0.07390385235481754, 0.07538136870989531, 0.0806296988615744, 0.08102895650415154, 0.08139444520388196, 0.08231234527635117, 0.07121626159399276, 0.07114421737231313, 0.08309843385891728, 0.07023543553240294], [0.07595265160421531, 0.081456384492779, 0.07220720628615512, 0.07384441898173356, 0.07533520537334575, 0.08066526276917758, 0.0810612442874993, 0.08150727346778493, 0.08231721001731349, 0.07120262343546788, 0.07111142960003135, 0.0831128685917169, 0.07022622109277984], [0.07602396152506331, 0.08114523746792807, 0.07217637286507092, 0.07385863019861594, 0.07539542138360919, 0.08080205321644625, 0.08121088957444618, 0.0811943344794563, 0.08252768285520269, 0.07114289687577, 0.07105058474865682, 0.08333333333333334, 0.07013860147640112], [0.07587313521050615, 0.0816532672707952, 0.07216320903335606, 0.07375485536751246, 0.07523251423648442, 0.08059508402998045, 0.08097426299330301, 0.08185656340401097, 0.0821306878451825, 0.07121751834912, 0.07110310860893904, 0.08318130876798467, 0.07026448488282512], [0.07582128246913816, 0.08188911002598345, 0.07224679931529282, 0.07384597512125801, 0.07525549730241632, 0.08036940262583704, 0.0807529689038682, 0.0818328534112221, 0.08197037577292407, 0.0712298030748021, 0.07116960159532038, 0.08333333333333333, 0.07028299704860395], [0.07591720998774756, 0.08170233763758156, 0.07232199974922252, 0.07395179947186363, 0.07536944110198818, 0.08043818061202757, 0.08083026584505917, 0.08153176778462493, 0.08209366326613542, 0.0712646167967765, 0.07122072679439008, 0.0830558813581864, 0.07030210959439641], [0.07605643126958594, 0.0814632794438661, 0.07231361271798584, 0.07401031997119305, 0.07549531290676013, 0.08064507351275585, 0.08105129521385251, 0.08100806159545251, 0.08236440039459852, 0.07121268418298433, 0.07116781315664011, 0.08300267918677041, 0.0702090364475546], [0.07601297865635954, 0.0816836822347448, 0.0724114725362361, 0.07408087462857162, 0.0754989796373595, 0.08045472913521082, 0.08085220040557091, 0.08115197038489969, 0.08213823698088507, 0.07129384311262277, 0.07127759126574873, 0.08283100406183545, 0.0703124369599549], [0.07581949255164158, 0.08191039479471877, 0.07222450755156298, 0.07379911871356268, 0.07522187002839802, 0.08041536236572369, 0.08079038461709946, 0.08201021670327868, 0.08195415347979682, 0.07125641649505882, 0.07116973964473944, 0.08310898163841753, 0.07031936141600151], [0.07584882331076716, 0.0819577551740633, 0.0723584544712855, 0.07396212803132675, 0.07533036008331281, 0.08027244628134962, 0.08065674868634636, 0.08170253957046873, 0.08189331851712629, 0.07129755734992228, 0.07127078119591075, 0.08309482997665582, 0.07035425735146461], [0.07591665225418898, 0.08190294166470526, 0.07244587396724736, 0.07407085321046607, 0.07542815386398939, 0.08026789788798397, 0.08065553754111827, 0.08145291518077118, 0.08191091445549056, 0.07134256173612301, 0.07133880829219018, 0.08287634812617967, 0.07039054181954621], [0.07630562545569033, 0.08022810173467065, 0.07194403176541263, 0.07362131111041817, 0.07541255888903925, 0.0817280589233414, 0.08211835479556062, 0.08136392592240534, 0.08264539212479897, 0.07113492430830083, 0.07085962894410971, 0.08254630150333622, 0.070091784522916], [0.07626351621607835, 0.08044865211335944, 0.07191809671839779, 0.0736329700061634, 0.07541183660244098, 0.08164291066283189, 0.08206283899655152, 0.08117337482306135, 0.08290246672034603, 0.07104100772914987, 0.07080114945751087, 0.08271801363274406, 0.06998316632136453], [0.0762380179222181, 0.08082869786269486, 0.07193183155074571, 0.07370357923258994, 0.07545778088804977, 0.0814732425057922, 0.0819123017034016, 0.0807874723049943, 0.08333333333333334, 0.07094661350231876, 0.07076467537708189, 0.08275537845595282, 0.06986707536082674], [0.0764093405246452, 0.08118881670713322, 0.07209648677385094, 0.07392112856929295, 0.07567850448988421, 0.08144053194744391, 0.08186609849862489, 0.08025436128861188, 0.08296981585964043, 0.07102877900946827, 0.07088580331438714, 0.08233607829352298, 0.0699242547234939], [0.07683897306581887, 0.08094421685593861, 0.0721585656418585, 0.0740624347871552, 0.0760022789995238, 0.08187293872002759, 0.08220357856353139, 0.07951348257781395, 0.08295928720571964, 0.07110995626267388, 0.0709065713780257, 0.08148924754381748, 0.06993846839809524], [0.07699090670739608, 0.08026722161476837, 0.07203125929281655, 0.0739016468445385, 0.07597835315895937, 0.08252033730547567, 0.08276612842044825, 0.0796867187625677, 0.08272811437811128, 0.07114300489609487, 0.07082363836667217, 0.08120146826242929, 0.06996120198972199], [0.07681319558479979, 0.0798410254997867, 0.07180474918856393, 0.07361282012683903, 0.07571129992127654, 0.08285949486468358, 0.08333333333333333, 0.0802115384541542, 0.08295018915700418, 0.0710406095259339, 0.07065228719755096, 0.08128734773858126, 0.06988210940749258], [0.07662166249033286, 0.07982690175369891, 0.07183399685863952, 0.07356406293916808, 0.07555995047162357, 0.08249222465383958, 0.0828320039670664, 0.08084958002213376, 0.08289024952954374, 0.07111157872944282, 0.0707331659581312, 0.08167753122173882, 0.07000709140464087], [0.07640115942151525, 0.0801358572818553, 0.0719187518903801, 0.07361201099108675, 0.07546141191244739, 0.08195075743272066, 0.08233937897492744, 0.08123580331220806, 0.08260288467356398, 0.07113307313682216, 0.07082908329371988, 0.08230746526303974, 0.07007236241571316], [0.07633475318272043, 0.08039628663986416, 0.07191062327211513, 0.07363625026799499, 0.07545330455442685, 0.08179475536821858, 0.08221896790109341, 0.08105744038859442, 0.0828350784492699, 0.07104821048646966, 0.07079003391837577, 0.0825454268193259, 0.06997886875153088], [0.07634354850745477, 0.08067788212731251, 0.07191012114182593, 0.07368932389702568, 0.0755062834837457, 0.08172333442273513, 0.08216848508283613, 0.08071264630455968, 0.08315855494712125, 0.07096467391009374, 0.0707454864570578, 0.0825284604515021, 0.06987119926672954], [0.0763545246908385, 0.080827260230157, 0.07192695496732728, 0.07373077511665466, 0.07554321051862835, 0.08166138445261896, 0.08210600971209607, 0.08053434840032586, 0.08333333333333333, 0.07093954379653117, 0.07074144531132946, 0.08246555090891194, 0.06983565856124734], [0.07648412103802708, 0.08079770454423633, 0.07193363439295937, 0.07376824051509256, 0.07564028267358228, 0.0818425645272052, 0.08228303809118746, 0.08025957373902075, 0.08333333333333334, 0.07094604947161161, 0.07073075835236502, 0.0821626964121803, 0.06981800290919878], [0.07650313451240098, 0.080275644242336, 0.07185434794208063, 0.0736249825678251, 0.07554899054831557, 0.08217718044776401, 0.08262408354729257, 0.08071317385505306, 0.08296789813681807, 0.0710097342248598, 0.07071104522046556, 0.08208864853034287, 0.06990113622444559], [0.07663766348744538, 0.08013252318387078, 0.07178680939503244, 0.07359947971018321, 0.07561927609388934, 0.08248825241163314, 0.08295540165585137, 0.08037782650995011, 0.08