[[0.07490972153498046, 0.0734120002931168, 0.0700642940202084, 0.08087756756302462, 0.08293243470547952, 0.08077131984519745, 0.08140047187973383, 0.08101456895161253, 0.07581202347342943, 0.07500246304408424, 0.0716133589973969, 0.08193439485177866, 0.07025538083995704], [0.074856177362797, 0.07344084304526888, 0.07007221630562556, 0.08120541162751996, 0.0831698758345645, 0.08057553211003149, 0.0813374089622929, 0.08083373471377647, 0.07571182375504673, 0.07488908884180626, 0.07159284731499871, 0.082057038337393, 0.07025800178887841], [0.07481831156760792, 0.07350496665605338, 0.07012972318777522, 0.08160067313672519, 0.08333333333333333, 0.08034059939177779, 0.08122146682723502, 0.08061002951870995, 0.07561660598596433, 0.07478400081179414, 0.07161017357341254, 0.08212160588750875, 0.07030851012210246], [0.07482376465503056, 0.07359706269802155, 0.0702005274915737, 0.08192134076043928, 0.0831775381008292, 0.08018195711431682, 0.0811546833337104, 0.08046147070517645, 0.07557136600111448, 0.07472164754317238, 0.07165089393247051, 0.0821642198902048, 0.07037352777393988], [0.07483393894364673, 0.07370980088376165, 0.0703096480442979, 0.08229992145321659, 0.0830885630683996, 0.07998123634697153, 0.08102811158248753, 0.08026692178854618, 0.07552262342462905, 0.07466028112744084, 0.07171667894986485, 0.08210992946555808, 0.07047234492117949], [0.07485233032308766, 0.07379729628147282, 0.0703603131768649, 0.08254812018569073, 0.08294202854394031, 0.07987464931705587, 0.08098489740702855, 0.08016840893971064, 0.07549893737969861, 0.0746127282210071, 0.07174588726463539, 0.08209968810248376, 0.07051471485732372], [0.07483236967054827, 0.07386449930993833, 0.07028551063641561, 0.08278917961935904, 0.08333333333333334, 0.079745112195883, 0.08097825164004023, 0.08005868150571215, 0.07542140449443632, 0.07446822160578553, 0.07166846102643386, 0.08212571634880116, 0.07042925861331333], [0.07490862159090048, 0.07404403685773976, 0.07037438078433043, 0.08304891284995461, 0.08294268512079477, 0.07962569047821301, 0.08093859388701993, 0.07995005373667492, 0.07543104659560512, 0.07442681400317272, 0.07173473564561451, 0.08206898709029763, 0.07050544135968215], [0.07498792527463029, 0.07419327945110663, 0.07037132244175515, 0.08308811362541436, 0.08255763246040103, 0.07959164806550943, 0.08099545188761456, 0.0799312157157601, 0.07545791971574232, 0.07438121328931208, 0.07173943273169783, 0.08221145194358265, 0.07049339339747364], [0.07514320987930248, 0.07446033272939599, 0.07046280034448438, 0.08308506382384441, 0.08200916767287887, 0.07950701754994993, 0.08098352448164105, 0.07985759040248812, 0.07553186484409824, 0.07436654510021021, 0.07182569323133009, 0.08219796847626791, 0.07056922146410817], [0.07533278206183733, 0.07474954755242758, 0.07057119727552588, 0.0830798407478767, 0.0814345737817505, 0.0794427325606167, 0.08095541438254214, 0.07979931695684885, 0.07564226725160497, 0.07438088543827631, 0.07192512770683941, 0.08203755923266297, 0.07064875505119068], [0.07551454247142358, 0.07504261651720491, 0.07079215367748685, 0.08298308327450085, 0.0810216083896363, 0.07931525883010572, 0.08079616605675802, 0.079664835688639, 0.07574730780473327, 0.07443645606472972, 0.07210709743995607, 0.0817366477820741, 0.07084222600275146], [0.07568974108312879, 0.075247560796113, 0.07080952416253425, 0.08297038274285033, 0.08055974330899437, 0.07933575279532103, 0.08080520560880379, 0.07968587093156987, 0.07587861587436766, 0.07447765322435375, 0.07215299070136504, 0.08154043905252499, 0.07084651971807306], [0.07579490092730042, 0.07535869855799832, 0.07076468543936139, 0.08333333333333334, 0.08020229593063306, 0.07934183273725413, 0.08078712820693469, 0.07969063064509103, 0.07595733678713402, 0.07448413370050924, 0.07214124929581028, 0.0813487389218803, 0.07079503551675989], [0.07598653620488383, 0.07550581858355207, 0.0707541952219208, 0.08284043465984342, 0.07980850592660786, 0.07946106023768988, 0.08089819633688962, 0.07980416111116614, 0.07614169243699305, 0.07459099216915413, 0.07218678399790807, 0.08123461989311383, 0.07078700322027727], [0.07609496731395338, 0.07552510032394981, 0.0706527268088084, 0.08250850573361346, 0.0795309331331538, 0.07961544488935786, 0.08110213025049114, 0.07995464131066704, 0.07627399853928592, 0.0746654913837508, 0.07215370872850517, 0.08122422197917666, 0.07069812960528635], [0.07618357082580113, 0.07548366731296773, 0.07042801845320557, 0.08295184104450097, 0.0790903153747676, 0.07976180357170524, 0.08129852300582233, 0.08009064568635238, 0.07639810843906057, 0.07470259322633316, 0.07203030142048301, 0.08108937084420179, 0.07049124079479845], [0.07625631731742046, 0.07534345015459167, 0.07017934583931536, 0.08293255939285189, 0.07872419782506442, 0.08004963711093345, 0.08160142756628445, 0.08036326839701767, 0.0765600487842196, 0.07480735751282369, 0.07190308929838829, 0.08100188910314646, 0.07027741169794254], [0.07495069827543177, 0.07336398619860376, 0.07016290337042982, 0.08052950307667327, 0.08309757495252537, 0.08085725481182562, 0.08123589532195784, 0.08105343294262231, 0.07591165824721591, 0.075172142357518, 0.07171126094506068, 0.08159594509272168, 0.07035774440741392], [0.07490935517225077, 0.07343013988064973, 0.07020058332758483, 0.08094423988589917, 0.08303404965426513, 0.08064469871432935, 0.08121822899685745, 0.0808680623013931, 0.07580825296589812, 0.07504836743049617, 0.07171145965396397, 0.08179418761987893, 0.07038837439653345], [0.07486862635948593, 0.07344833346970886, 0.07020031951737202, 0.08117712235518201, 0.08323217235008686, 0.08050844264331544, 0.08117704451017002, 0.08074398289741047, 0.07573391733347788, 0.07496270791898874, 0.07169165579542192, 0.08187132102448293, 0.07038435382489681], [0.07483181478434094, 0.07353740608734691, 0.07020683335768438, 0.08166450931587163, 0.08323394981800113, 0.08028485606557245, 0.08115225355904143, 0.08054870645193474, 0.07562155919264361, 0.07480529316622685, 0.07166770955098843, 0.08206166264173473, 0.07038344600861283], [0.07484614282182928, 0.07344588042633987, 0.0701512811930375, 0.08126427249708049, 0.08333333333333333, 0.08048320593076672, 0.08121010933851615, 0.08072954669786643, 0.07569793128272584, 0.07490613365143359, 0.07164651847664215, 0.08195088651520709, 0.07033475783522149], [0.07481295059697333, 0.07361886251331803, 0.07026151115853539, 0.08204441168962877, 0.08333333333333333, 0.08007989371471862, 0.08104883161965357, 0.08035495059798231, 0.07554460706516972, 0.07470874459535684, 0.0716882722763984, 0.0820721120549407, 0.07043151878399091], [0.07484597171845637, 0.07373049582459339, 0.07040610720998562, 0.08231556636435934, 0.08306656846213055, 0.07992734212203347, 0.08092827696575132, 0.0802022831383876, 0.07553376407288423, 0.07470165859559293, 0.07179057392340395, 0.0819831982774088, 0.07056819332501252], [0.07485227332012098, 0.07381484468404052, 0.07038555398054097, 0.08261521308253034, 0.08297414449889824, 0.07983303645368428, 0.08094606695614813, 0.0801261087933682, 0.07548932896437686, 0.07460444127022547, 0.07176150615367288, 0.08205951501509912, 0.07053796682729388], [0.0748342812944365, 0.0738935013515017, 0.07043782347746501, 0.08298164625962645, 0.08333333333333334, 0.07962557258706802, 0.08078885983312566, 0.07992310145539695, 0.0754154013336333, 0.07451014008319674, 0.07177822784519101, 0.08189909507352604, 0.07057901607249936], [0.07492543260030668, 0.07409187892994581, 0.07052689579396093, 0.08312773697518236, 0.08289724079294072, 0.07952665887216781, 0.08078359520218262, 0.0798382241336451, 0.07543651651983765, 0.07447126570811242, 0.07184746229474163, 0.08187238698279727, 0.07065470519417898], [0.07495762744187513, 0.07417569841803241, 0.07047626458178756, 0.08333333333333333, 0.0826725587969544, 0.07949586833883412, 0.08083212650979212, 0.0798215085066056, 0.07542997975470649, 0.07440371299310404, 0.07180828344769624, 0.08199556264292834, 0.07059747523435013], [0.07503248217926414, 0.07431212083617834, 0.07049702251608983, 0.08333333333333333, 0.0823776346861449, 0.07945937994618577, 0.08085541172958434, 0.07979490311171775, 0.07545986014331904, 0.07437777671899443, 0.07183151570962742, 0.08205811886039119, 0.07061044022916954], [0.07514537052298227, 0.07449553775509377, 0.07058711251503043, 0.08313217857051487, 0.08206092996364368, 0.07941565081176066, 0.08084853049224881, 0.07975654721204074, 0.07552237170681769, 0.07439050787211064, 0.07191274154354166, 0.08204347364300346, 0.07068904739121122], [0.07518879338799606, 0.07458202755806097, 0.07061253029774746, 0.08333333333333334, 0.08186114588632061, 0.07936610031234645, 0.08081665764507655, 0.0797097396176706, 0.07553513705710979, 0.07437087448531274, 0.07193056783208235, 0.08199031338775978, 0.07070277919918339], [0.07528077112032407, 0.07473705262451663, 0.07070540539113285, 0.08333333333333334, 0.08159706822614508, 0.07930364563447867, 0.08076159408304236, 0.0796477899271027, 0.07558309108179723, 0.07438175006602483, 0.07200595197495037, 0.08188330477238168, 0.07077924176477025], [0.07537291083865225, 0.07486825828730387, 0.0707291924587691, 0.08333333333333333, 0.08132237810108735, 0.07929246587059183, 0.08076843439300022, 0.07964032412626086, 0.07564042400689674, 0.07438611043399497, 0.07203504839620621, 0.08182044554072342, 0.07079067421317979], [0.07559180856014407, 0.07524969205784335, 0.07100498119896419, 0.08333333333333333, 0.080788809387358, 0.07911182831441503, 0.08054250329113821, 0.07944985611815793, 0.07576008999950909, 0.07444499010066513, 0.07225909761584753, 0.08143228974911174, 0.07103072027351243], [0.07574560552211716, 0.07542404430134568, 0.07101372334113934, 0.08317522666878736, 0.08043254018569156, 0.07914833012789814, 0.08057123206562913, 0.07948719759697437, 0.07587972571646244, 0.07448785602899692, 0.0722967552623729, 0.0813078615509928, 0.07102990163159197], [0.07552650008122032, 0.07502612489341416, 0.07072721639922597, 0.08287790238915016, 0.08098566631004497, 0.07938369706161685, 0.08088133837932131, 0.07973757329282259, 0.07576972387451134, 0.07444021706296464, 0.07206724638515821, 0.08179497912835047, 0.07078181474219906], [0.07585165612425429, 0.07556021437869409, 0.0710326575032182, 0.08333333333333333, 0.08014205069184756, 0.07912590241549673, 0.08052369555613245, 0.07946170622222776, 0.07595320217711142, 0.07450683593425472, 0.07232939745652261, 0.08113997745944225, 0.07103937074746458], [0.07606944408121996, 0.07576772103459918, 0.07108234500818957, 0.08285986545149253, 0.07973551183409458, 0.07919149330079586, 0.08057205840658023, 0.079519861455192, 0.07614206520963814, 0.07461590083342719, 0.07241874701067645, 0.08094088779197803, 0.07108409858211627], [0.07614536524465901, 0.07577458811623904, 0.07099477148107629, 0.0826785932852351, 0.07954884458951797, 0.0792938603987847, 0.08071404901220365, 0.07962110015689565, 0.07623005862842785, 0.07465605899022842, 0.07238230411191668, 0.08095605674869276, 0.07100434923612294], [0.07626711768194878, 0.07579209530175118, 0.0708517852979649, 0.08258742180563598, 0.07920187460030068, 0.07943737126068529, 0.08090670922172619, 0.07975780956157727, 0.07637310416516183, 0.07472158038507969, 0.07232289119805925, 0.08090545521394123, 0.07087478430616759], [0.07640388714639697, 0.07586086329665803, 0.07075898042884055, 0.082912064121691, 0.07877524443336113, 0.07947574550755244, 0.08096011556466942, 0.07978001889909091, 0.07650970736019748, 0.07477709938614487, 0.07229719458171543, 0.08070082495703747, 0.07078825431664444], [0.07635309693943354, 0.0756191002350036, 0.07042273166058693, 0.08333333333333334, 0.07862566440849623, 0.07972384053675344, 0.08124323471203478, 0.08002791052755766, 0.07654819427141162, 0.07477478638438889, 0.07207030345275635, 0.08077270793260864, 0.07048509560563508], [0.07493616060661008, 0.07337099522930472, 0.07027954628627728, 0.08059128081736919, 0.08333333333333334, 0.08070933391518995, 0.08105953110112582, 0.08088910300711094, 0.07589143860368708, 0.0751987731731447, 0.07179085990663839, 0.08147853638041407, 0.07047110763979463], [0.07487451821119982, 0.07347100796032667, 0.070335641905544, 0.08120569792177587, 0.08333333333333333, 0.08039430469231215, 0.08100789371958489, 0.08061234851989764, 0.07573629658651705, 0.07501115544657175, 0.07179073986073824, 0.0817105299215921, 0.07051653192060647], [0.07491324354665438, 0.07345344381217749, 0.07033747793589865, 0.08098745946272255, 0.08313303237313192, 0.08052019417724804, 0.08104595440967056, 0.080726002850169, 0.07580730380879953, 0.07509423909256512, 0.07181088607999582, 0.08164880421956756, 0.0705219582313993], [0.0748705987127224, 0.07351160272488999, 0.07030127331438779, 0.08139291804694071, 0.08313537666447277, 0.08036349120891224, 0.08107991109684333, 0.08060067782947958, 0.07570292317521157, 0.0749415908913768, 0.07175729429908624, 0.08186206824143041, 0.07048027379424625], [0.07487735780739253, 0.0735741815499147, 0.07043823091397156, 0.08156203684253106, 0.08311852644409412, 0.08020554021357425, 0.08093165663871324, 0.08043702562266661, 0.07568157142051053, 0.07494542881851175, 0.07185161062597212, 0.08176492208902113, 0.07061191101312657], [0.07486319717604256, 0.07365878751641639, 0.07045727080568284, 0.08194347337763563, 0.08306611834931166, 0.08004411679248491, 0.08090209669920327, 0.0802952857886689, 0.07560789910756584, 0.0748349180435236, 0.07184698545091829, 0.08185478893015799, 0.07062506196238812], [0.07487009212257643, 0.07359100187960763, 0.07038398468734958, 0.08168061921541127, 0.08302762534681896, 0.0802037842982814, 0.08100082016865615, 0.08044936403232195, 0.0756569532831498, 0.07488896547116815, 0.07180597548672146, 0.08188360623788397, 0.07055720777005324], [0.0748704672073724, 0.073760607043312, 0.07054589421332051, 0.0822734007871709, 0.08300136728644585, 0.07986718520528545, 0.08080040104272139, 0.08012662464220056, 0.07556036047276414, 0.07477190766859113, 0.07190014147929229, 0.08181452068250694, 0.07070712226901658], [0.07485870366829216, 0.07380322780020006, 0.07056857416915345, 0.08246736699165533, 0.08315137669219498, 0.07975796766365513, 0.08073530642008798, 0.08002287446910399, 0.07551678371796626, 0.07471435311104652, 0.07190427480537473, 0.0817750639342911, 0.07072412655697854], [0.07486467701752193, 0.07385419347132478, 0.07057439022151513, 0.0826514274712096, 0.083076674343635, 0.0796990839177585, 0.0807282444917504, 0.07997222326550588, 0.075494488714886, 0.07466780186290342, 0.07190135124904808, 0.08179104500729642, 0.07072439896564488], [0.07488063581984475, 0.07394814378044728, 0.07064567447455915, 0.0829103287392072, 0.0830513023370484, 0.0795636663170066, 0.08063927779446753, 0.07984204343548097, 0.07546432208353142, 0.07461850574945723, 0.07194385908031282, 0.08170589329447597, 0.07078634709416061], [0.07489318212008314, 0.07405228687386, 0.070611808194751, 0.08333333333333334, 0.0829920833239139, 0.07945459151046216, 0.08063650915326387, 0.07975091501008237, 0.0754168057091716, 0.07450425804021102, 0.07190449652449922, 0.08170861592814604, 0.07074111427822248], [0.07493475000834458, 0.07413830126209052, 0.07064150057907952, 0.08333333333333333, 0.08283799831717217, 0.07942198263815656, 0.08064509647180115, 0.07972495433063692, 0.07542871475843885, 0.07448688710976396, 0.07192881711537547, 0.08171246030814676, 0.07076520376766013], [0.0749670156045609, 0.07419180531138615, 0.070652240863645, 0.08320584916783731, 0.08274619377507479, 0.07942297424093146, 0.0806737772331888, 0.07973080002162242, 0.07544544611946696, 0.07448277129701592, 0.07194095354971314, 0.0817670079935582, 0.07077316482199889], [0.07505115409102953, 0.07434718331436667, 0.07071729864241322, 0.08307018471527713, 0.08247473699390077, 0.0793742067326543, 0.08067871719685298, 0.07969043824786272, 0.0754811946283742, 0.07447154382065518, 0.07199772991094709, 0.08181633459480377, 0.07082927711086232], [0.07512204302813563, 0.07447891142702152, 0.0707416431845333, 0.08307559811603048, 0.08222490570416663, 0.0793342436554786, 0.08068874521887223, 0.07965886885228171, 0.0755085543454705, 0.07444726561502459, 0.0720230191283849, 0.08185020093729291, 0.07084600078730718], [0.075165278453888, 0.0745736837846349, 0.07075217196628511, 0.08333333333333334, 0.08199542980250445, 0.07927941749990568, 0.08066628887165021, 0.07960948676338693, 0.07551523654239527, 0.07441150179075645, 0.0720281428437276, 0.08182633744116578, 0.07084369090636633], [0.07534405173494167, 0.07486997892036548, 0.07098043915954562, 0.0830109121007064, 0.08157169350396463, 0.07917054126958113, 0.08056277571262012, 0.07949942898755744, 0.07561622177482351, 0.07446269388101741, 0.07221236647953672, 0.0816563862978449, 0.07104251017749515], [0.07547068910155502, 0.07510369446586766, 0.07112323138958176, 0.08306725791399512, 0.08120915088623375, 0.07906493010777921, 0.08045336549481599, 0.079392101598637, 0.07567905503127231, 0.0744780103453789, 0.07232634118072544, 0.08147069721149822, 0.07116147527265965], [0.07558854142069062, 0.07527411488648092, 0.07107954995187142, 0.08333333333333334, 0.08081192431681337, 0.07905771162229441, 0.08047146757825742, 0.07939143250283162, 0.07574891655299805, 0.07445415319810972, 0.07230929642211698, 0.08137790164913139, 0.07110165656507082], [0.0754917938459944, 0.0750936624881778, 0.07095597138556971, 0.08323795972894338, 0.08107339017781671, 0.07915359809812379, 0.08058972017100877, 0.0794921194395285, 0.07570049298270051, 0.07443526353727507, 0.07221061001074795, 0.08156983714806197, 0.07099558098605142], [0.07539488807800451, 0.07494337404650452, 0.07096014804034166, 0.08305465634762843, 0.0814021941285878, 0.07917545792591378, 0.08059130828572732, 0.07950930252510811, 0.07564575592147248, 0.07444982253581571, 0.07220306827910167, 0.08165547544670868, 0.07101454843908538], [0.07525494642624685, 0.0747082874946673, 0.0708073185446359, 0.08312598479638508, 0.08177439881692719, 0.07926785039661584, 0.08068043499921233, 0.07960229513309121, 0.07557034009167182, 0.07442443723306033, 0.07207873661818817, 0.08181916588410616, 0.07088580356519164], [0.07545857543989351, 0.07505416026507279, 0.07095024497963891, 0.08333333333333336, 0.08114094513102411, 0.07914158998240134, 0.08057360897645101, 0.07947905030281968, 0.07567469923391952, 0.07442513916089862, 0.07219999453298298, 0.08157644186241964, 0.07099221679914473], [0.0754398252145541, 0.0749577712220777, 0.07077464699979091, 0.08317868253244648, 0.0811811551655109, 0.07928924129439945, 0.0807653595701252, 0.07963721972218728, 0.07568789255879933, 0.07440981202275722, 0.07207927082391002, 0.0817696833187019, 0.07082943955473948], [0.0756794396933242, 0.0753906359798612, 0.07108504035606919, 0.08333333333333334, 0.08057737761655638, 0.07906132933225432, 0.08047391935495656, 0.07939601592792757, 0.07581299348512552, 0.07446792893189315, 0.0723291691821198, 0.0812939633454941, 0.07109885346108476], [0.07578473000815014, 0.0755255614981536, 0.0711107800540041, 0.08333333333333333, 0.08031963687932554, 0.07905397780161573, 0.08045204605193892, 0.07938722159297541, 0.07588802839702392, 0.07449247775278142, 0.07236702297546801, 0.0811696489984312, 0.07111553465679858], [0.07592824130015192, 0.07568946549870136, 0.07114986099422785, 0.0831897392910448, 0.08001627589546989, 0.07906566240615612, 0.08043380635719165, 0.0793952238582801, 0.07600013583548783, 0.07454516442825142, 0.0724257165452183, 0.081014302605771, 0.07114640498404794], [0.07605052389788658, 0.07582319615115625, 0.07119997214171789, 0.08296803785769419, 0.07978952388516215, 0.07907720842109038, 0.08042383702727438, 0.07940181237061976, 0.07609950370087347, 0.07460281401276946, 0.07248965276846248, 0.08088281798990578, 0.07119109977538736], [0.07620339588378972, 0.0759115587161881, 0.07113983375565758, 0.08261505462477003, 0.0794726664434438, 0.07918648543105615, 0.0805863900934308, 0.07950649730021839, 0.07625044310107565, 0.07467935572881286, 0.07249095425340916, 0.08082140718686713, 0.07113595748128058], [0.07637219786081634, 0.07600321084204838, 0.07107796467730249, 0.08244437260586933, 0.07908061426440875, 0.07927157004611553, 0.0807084411580905, 0.0795805072657977, 0.07641649415262586, 0.07476381091281308, 0.07249602497691528, 0.08070483920030258, 0.07107995203689411], [0.07644956992865508, 0.07601007415270067, 0.07095956526943258, 0.08269060344577225, 0.07880583913630926, 0.07933523116021718, 0.08079237687283145, 0.07963592257558665, 0.0765054548482754, 0.07479295821699074, 0.07243830648533137, 0.08061367412207908, 0.07097042378581837], [0.07653039171386185, 0.07595648693350307, 0.07076678438634595, 0.08297875033347123, 0.07848085851370029, 0.07946900356572523, 0.0809381861482215, 0.07975705303745932, 0.07662630063191446, 0.07484427859405775, 0.07233764563971751, 0.08051692704877539, 0.07079733345324656], [0.0764739858378117, 0.0756665456275221, 0.07042250238951683, 0.08306454277162677, 0.07838552264999106, 0.07979891455608477, 0.08129012512952706, 0.08008528234193253, 0.07668759427342908, 0.0748801718311091, 0.07211222406622098, 0.08063782420920598, 0.07049476431602202], [0.07526257874812287, 0.07474207680243553, 0.07093081386213937, 0.08310302134999716, 0.08178795348663098, 0.07919452154268782, 0.08056742643310227, 0.07952006968919853, 0.075569722029203, 0.07445713679121788, 0.07216795755932551, 0.08169070348784527, 0.07100601821809395], [0.07517293591314442, 0.07458528152385958, 0.07089725839204593, 0.08306631708206796, 0.08208466026964416, 0.07923627177120582, 0.080564477702444, 0.07955393405545316, 0.07552980915608085, 0.07447983297497225, 0.07213978897989878, 0.08169767395599876, 0.07099175822318447], [0.07508245463263288, 0.07442218172197644, 0.07084912933113119, 0.08314641721823961, 0.08236005282195105, 0.0792810704678346, 0.08055710669388609, 0.07958997137633225, 0.07549052524890947, 0.07449808886989308, 0.07209625980724994, 0.08167069843849702, 0.07095604337146645], [0.07502826942109765, 0.07433354502642855, 0.070816762561038, 0.08333333333333334, 0.08249856962810156, 0.07928805322623646, 0.08053346264933776, 0.07959175343992694, 0.07546081232935412, 0.07449649641705747, 0.07206469760123838, 0.08162615853769256, 0.07092808582915731], [0.07498873632552504, 0.07423113658198115, 0.0708185100034635, 0.08313862297974607, 0.08272676661614184, 0.07934363877854463, 0.08052844864902585, 0.0796369182622494, 0.0754640023333401, 0.07454942610203169, 0.07206740423817766, 0.08156870878567166, 0.07093768034410163], [0.07492320252369242, 0.07406181969865998, 0.07078145882463154, 0.08301980055468584, 0.08292079084768286, 0.07943854338182386, 0.08052564542155273, 0.07971561067889378, 0.07546640982289579, 0.07461932907610563, 0.0720426462354451, 0.08157110670002872, 0.07091363623390166], [0.07492000271716925, 0.07400890588454535, 0.07079301050916605, 0.08283771350387652, 0.08288993618854125, 0.07950255795926815, 0.08053639385765356, 0.07977066566878485, 0.07549496765671666, 0.07467992699013383, 0.0720598832625835, 0.08157469374432776, 0.07093134205723327], [0.0755785786500312, 0.07505324601643698, 0.07066903043660294, 0.08274693469336472, 0.08084345181952472, 0.07946220568239405, 0.08097322019176889, 0.07982040895517832, 0.07582437336463956, 0.07445782261116482, 0.07204065661162108, 0.08180418865060249, 0.07072588231667014], [0.07578348052226407, 0.07539949996532956, 0.07089187735066234, 0.08311440189001801, 0.08031872714633957, 0.07926382264255422, 0.08070078854422716, 0.07960825439718003, 0.0759328603997266, 0.07449755029609305, 0.07222512107580158, 0.08134781623103315, 0.0709157995387708], [0.07597508301312318, 0.07563249031412565, 0.07098601656220137, 0.08302545845526123, 0.07990495203381996, 0.0792381007419073, 0.08061401056711766, 0.07957345181402249, 0.07607718424651035, 0.07457224112774657, 0.07233193691189875, 0.08107226812355393, 0.07099680608871152], [0.07488692213503613, 0.0739147988382747, 0.07072114579937618, 0.08266253509799855, 0.08310865626626239, 0.07958555891534493, 0.08057990291988672, 0.07984854810296489, 0.07549873116087914, 0.07470164740728237, 0.072009613864549, 0.08161497646684442, 0.0708669630253007], [0.07485982174696199, 0.07382657167529524, 0.07066216938280433, 0.08245793441701138, 0.08333333333333333, 0.07966698353830255, 0.08061201530103597, 0.07992300455956526, 0.07550876858930335, 0.07473247868022376, 0.0719706410373335, 0.08163078174259124, 0.07081549599623815], [0.07488727246620472, 0.07378299219322347, 0.0706719055024516, 0.08219979210275344, 0.08304868168984184, 0.07980138395025711, 0.08067358531296685, 0.08004646885052517, 0.07557874596120122, 0.0748309398915108, 0.0719963702510706, 0.081651080817933, 0.07083078101006028], [0.07490539224722376, 0.0737282343833894, 0.07067581196240287, 0.08192212245640787, 0.08294193627021396, 0.07992266558195926, 0.08070756532947801, 0.0801540636885573, 0.07564092890340544, 0.07492418565586434, 0.07201481356619364, 0.08162344272799833, 0.07083883722690584], [0.07488715104198343, 0.0736338647338968, 0.07060269910252785, 0.08166053413595706, 0.0832021837188321, 0.08003811432281918, 0.08074508761798854, 0.08025860316257558, 0.07566777895027182, 0.07496923033998037, 0.07196786647533818, 0.08159598160052206, 0.07077090479730695], [0.07487689889617775, 0.07358552388198102, 0.07055060949252043, 0.08153845795836764, 0.08333333333333336, 0.08010437992330907, 0.08077746252307891, 0.08032094012113851, 0.0756794449284998, 0.07498416477416753, 0.07193270363238138, 0.08159441284371677, 0.07072166769132802], [0.07490572995265501, 0.07356233048455861, 0.07053985802838102, 0.0813531161752565, 0.08313135298428405, 0.08022045062538803, 0.08083102365024407, 0.0804285717423327, 0.07573802430594387, 0.07505236930979957, 0.07194029001362559, 0.08158250367400026, 0.07071437905353073], [0.07491914501182605, 0.07351939332182429, 0.07050667321540172, 0.08115190459951674, 0.0831282455350332, 0.0803296677279759, 0.08086822944787429, 0.08052777217005885, 0.0757839505445055, 0.07510807175023522, 0.0719281321066845, 0.08154375340055099, 0.07068506116851277], [0.07494744536576736, 0.07347167499836461, 0.0705160503121149, 0.08085086303436705, 0.08317851542507586, 0.08044345508212142, 0.08084689741619192, 0.08061822056101803, 0.07585809793714424, 0.07521371761138633, 0.071954633183887, 0.08140154047269525, 0.07069888859986596], [0.07499167972554184, 0.07344060024159048, 0.07051915247957916, 0.08056167158066514, 0.0830794696259642, 0.08058301109473627, 0.08085244841464918, 0.08073528885058963, 0.0759463230963148, 0.07532299615495662, 0.07198060706907149, 0.0812800132558282, 0.07070673841051292], [0.07492357697417172, 0.07342237766909039, 0.0703898978023648, 0.08080355224643397, 0.08333333333333333, 0.08053315600277805, 0.08094792757028443, 0.0807160905737994, 0.07584557207483218, 0.0751723350329949, 0.07185915445489122, 0.08147709780137098, 0.07057592846365461], [0.07567355829743304, 0.075333878775262, 0.0709972576456096, 0.08317715676926904, 0.08061100254203657, 0.0791505559385497, 0.08058343103738379, 0.07949034396681941, 0.07582747455779594, 0.07447009471304439, 0.07227143367749059, 0.08139449304410915, 0.07101931903519672], [0.07560023792556644, 0.0751763572457341, 0.07085959407818392, 0.08304271305930162, 0.08079637507162574, 0.07926719517698834, 0.08073343800415025, 0.07961425790145947, 0.07579844155164163, 0.0744535946188449, 0.07216723587338364, 0.0815927553831565, 0.0708978041099634], [0.07587151958083478, 0.07537314772101995, 0.07068704240279891, 0.08302484179888653, 0.08003902694961412, 0.07947776170570758, 0.08091193563700766, 0.07982835224689873, 0.07605189985510458, 0.07453740185619336, 0.07211375854982327, 0.0813567934626596, 0.07072651823345084], [0.07570070612492881, 0.07521230243864162, 0.07068595401162225, 0.08309776332367506, 0.08045485065208033, 0.07942390054543547, 0.08090786942789147, 0.07977932945450769, 0.07590454644658114, 0.0744683269749795, 0.07207217163336434, 0.08156245501801923, 0.07072982394827308], [0.0752600655620654, 0.0746411425608624, 0.07053558364676313, 0.08304625352701135, 0.08165648636615994, 0.07946608471392536, 0.08096912861919328, 0.07982087946207439, 0.07559903713988662, 0.07437550349027504, 0.07189075066663042, 0.08211539248497635, 0.07062369176017633], [0.07546566862275289, 0.07491090004445149, 0.07060931609503615, 0.0828789622651501, 0.08110251129524858, 0.07946622593722605, 0.08098875695394964, 0.07982567340708059, 0.07574162349844164, 0.07441860050928314, 0.07197691187721215, 0.08193897189552168, 0.07067587759864566], [0.07599027378392799, 0.0754488639873682, 0.0706587912726507, 0.08269456100216882, 0.07977159938680008, 0.07956830369008973, 0.08102956732815, 0.07991449791725379, 0.07617271435082727, 0.07460685188882656, 0.0721286373436408, 0.08131294246571252, 0.07070239558258345], [0.07609446954684715, 0.07543341779379274, 0.07048027192170528, 0.08269947681271236, 0.0793872690319794, 0.0797430707263995, 0.0812660878797531, 0.08008326554885839, 0.07631075694318225, 0.07466785491159107, 0.07204226503560508, 0.0812510966275492, 0.07054069722002451], [0.07666125370064412, 0.07593501276144825, 0.07064359438069069, 0.08288636830887221, 0.07812585828300009, 0.07968547885778708, 0.08105395892842579, 0.07987998050016692, 0.07680483862523944, 0.0749613541875391, 0.07230423675480903, 0.08036156044834138, 0.07069650426303592], [0.07664512463491945, 0.07606205092375935, 0.0708196869750241, 0.08288989785216722, 0.0782634975704924, 0.07947233355528843, 0.08088483043407406, 0.0797136857247297, 0.07672541556211875, 0.0749102954673883, 0.07240521823857667, 0.0803593348111797, 0.07084862825028182], [0.07501416760928262, 0.07367941240261526, 0.0695537425900208, 0.08104822140890351, 0.08168515749755338, 0.08088995808886315, 0.08245293892039716, 0.08129194610684638, 0.07576019387464132, 0.07458721560318789, 0.07122765696360828, 0.08307592217824535, 0.06973346675583486], [0.07493789885674156, 0.07364398112696657, 0.06965020849266908, 0.08135901260495491, 0.08203203391307255, 0.08071042939049108, 0.08214987648582862, 0.08108920518290127, 0.07567609446040005, 0.07456514233032471, 0.07127539624133983, 0.08308359169892446, 0.06982712921538523], [0.07492177300002079, 0.07370797330546651, 0.06969761557501213, 0.08162356000337079, 0.08200977599542623, 0.08052549089100731, 0.08201203682962827, 0.08090395783732261, 0.07561428704693904, 0.07449190641200763, 0.07129249322673267, 0.08333333333333333, 0.06986579654373266], [0.07492469569731249, 0.07378119818032323, 0.06980908035528521, 0.08188992696832854, 0.0821736381281779, 0.08036150404325249, 0.0818368247040103, 0.08073243635157829, 0.07558086353606246, 0.07447029660736822, 0.07136432004699905, 0.08310543894085953, 0.06996977644044224], [0.0749850493421757, 0.07393525214658171, 0.0698603767809057, 0.0820424966280618, 0.08209943593427288, 0.08022458687887257, 0.0817873224133002, 0.08060461476587918, 0.07557779352190688, 0.07441293789260456, 0.07140028609817277, 0.08306010486766569, 0.07000974272960041], [0.07506326799617984, 0.07407065606031261, 0.06987562515689573, 0.08201200338942405, 0.08184716465830047, 0.08017182734756692, 0.08180250292332436, 0.0805609217108986, 0.07561031354548106, 0.07438560147318929, 0.07142032453616307, 0.0831622320923974, 0.07001755910986664], [0.07522596974410083, 0.07421540956845836, 0.0698642074370301, 0.08167159631850866, 0.08135733130497746, 0.0803236778142971, 0.08202985153804129, 0.08072636974274923, 0.07576033357131634, 0.0744580614053928, 0.0714535528311047, 0.08290754334695107, 0.07000609537707217], [0.07527027883548727, 0.07408593894334885, 0.06961921854522758, 0.08122584228875922, 0.08085064051318808, 0.08071811140362534, 0.08251101835949173, 0.08114169041406376, 0.0758857720090123, 0.07453445301302995, 0.07130933386449982, 0.08306928853599037, 0.06977841327427574], [0.0751696519979667, 0.073834554856561, 0.06945752165594941, 0.08085066967081234, 0.08104991159697861, 0.08100456984862142, 0.08282453272719217, 0.0814370478027385, 0.07588335042257484, 0.07458464009811426, 0.07119060095699307, 0.08307893303026276, 0.06963401533523492], [0.0750754085366894, 0.0736939044977964, 0.06941731067396234, 0.08072119313776362, 0.0812971855631378, 0.08105205835430478, 0.08276815492037165, 0.0814777922715884, 0.07583006844076434, 0.07458624806594638, 0.07114703618320309, 0.08333333333333334, 0.06960030602113852], [0.0750525906237701, 0.07377966313759032, 0.06954672162559898, 0.08112527532258093, 0.08146859111300273, 0.08079284645542771, 0.08247954220692356, 0.08120555228447263, 0.07575220603784241, 0.0745251905194861, 0.0712197843823635, 0.08333333333333334, 0.06971870295760778], [0.07500386547478805, 0.07372062731001704, 0.0696141565619596, 0.08124111410152865, 0.08175706422078413, 0.08076441330212851, 0.08232795112788263, 0.08116103511771205, 0.07572330328620372, 0.07455689164992148, 0.07126140545013533, 0.0830796078237283, 0.06978856457321053], [0.07502058852199683, 0.07387111888536292, 0.06969612321668474, 0.0815982555061168, 0.08170740821946465, 0.08048940145930748, 0.08212672214853098, 0.08088697461573524, 0.07565844096080285, 0.07445336667063833, 0.0713027823880544, 0.08333333333333334, 0.0698554840739716], [0.07516073363852786, 0.0740280345001363, 0.06971639091732584, 0.08137510815612407, 0.08134064884775204, 0.0805546838668057, 0.08228401695957853, 0.08096501930495105, 0.07576961237413678, 0.07449382089252575, 0.07134799271083613, 0.08309191634220836, 0.06987202148909168], [0.0751073781596632, 0.073943017805346, 0.06969304329440933, 0.08140291947862727, 0.08145525802951405, 0.08058926259944024, 0.08228826567621207, 0.0809965236779841, 0.07574241238800937, 0.07449898649169492, 0.07132347964266622, 0.08310658863870178, 0.0698528641177316], [0.07516568345421304, 0.07395489526147245, 0.06959317432738799, 0.08108190990563935, 0.08113242787595869, 0.0807287932638972, 0.08250436583256059, 0.08114946210617557, 0.07581241471589557, 0.07451685464629264, 0.071269963871369, 0.08333333333333334, 0.06975672140580466], [0.07499679476692793, 0.07382269906309011, 0.06972151904410202, 0.08160438032783959, 0.08181359201800234, 0.0805154058313214, 0.08209569299427395, 0.08090561823003277, 0.07565605667520307, 0.0744863424662877, 0.07132080889069853, 0.08317688512273658, 0.06988420456948417], [0.07503893326041072, 0.07398606232878356, 0.06978451286939835, 0.08185039088934819, 0.08179262605384112, 0.08028994064966136, 0.08193383534337902, 0.08068379020940676, 0.07561988693539927, 0.07439702557300121, 0.07135654059135184, 0.08333333333333334, 0.06993312196268536], [0.0751598508094726, 0.07411370634847339, 0.06981270710416389, 0.08165941379393402, 0.08148435495690565, 0.08036198722717143, 0.0820610381621713, 0.08076439119083059, 0.07572203564131239, 0.07444753370007987, 0.0714052421196949, 0.08304857949636547, 0.06995915944942459], [0.07528441464302993, 0.07417033835574334, 0.06970417911560729, 0.08141296174923068, 0.08094549531652867, 0.08057274028347601, 0.08233832923589661, 0.08098989222547386, 0.0758606310640422, 0.07450675719026278, 0.07136457866637773, 0.08299378224830764, 0.06985589990602346], [0.07530009883655481, 0.07427939554496386, 0.06983996201091099, 0.08164180463459202, 0.08109659489039615, 0.08038165366142712, 0.08210789858555123, 0.0807892150308067, 0.07582714609673447, 0.07448146486246544, 0.07145462180146288, 0.08281825206573469, 0.06998189197839969], [0.07499704454979358, 0.07390407217136186, 0.06980478948951102, 0.081870955198441, 0.081973543871458, 0.08033448494636243, 0.08191592674326405, 0.08071990169179967, 0.07561123138021109, 0.07443763793825081, 0.07136899566258692, 0.08310276328110158, 0.06995865307585794], [0.0751275595885146, 0.07414655242859818, 0.06988546779608829, 0.08192289713785372, 0.08166121420654578, 0.08019488143272763, 0.08185682761454297, 0.08058892230809664, 0.07565916100796054, 0.0744013129145475, 0.07144105820686268, 0.08308878614803937, 0.07002535920962215], [0.07523471714098903, 0.07428581283233535, 0.06993857792260479, 0.08186794052677292, 0.08140690206662081, 0.08019288785318121, 0.08187610840870431, 0.08059001290060644, 0.07573516890026236, 0.07443178696742965, 0.07150108195438715, 0.08286516587266166, 0.07007383665344434], [0.07512005858978102, 0.07346451603926839, 0.06938956523833573, 0.08011343098141757, 0.08129119916303235, 0.08166877895663908, 0.08261998766330551, 0.0820734877704496, 0.07604610453740553, 0.07490420885179161, 0.07118862704519446, 0.08251723779909632, 0.06960279736428285], [0.07512858989732893, 0.07352367442296431, 0.06929932913951715, 0.08034550538760624, 0.08109614180107103, 0.08158246670029144, 0.08288706034543766, 0.08201741029197937, 0.0760107227766267, 0.07479549182000006, 0.07111178739857055, 0.08269601182125522, 0.06950580819735129], [0.07519222951038367, 0.07367230716530451, 0.06921813480620595, 0.08074424545070212, 0.08070162983132417, 0.08141052313654547, 0.08333333333333333, 0.08186438672732121, 0.07599877492364908, 0.07466749515443812, 0.07104803515488331, 0.08273589071652328, 0.06941301408938567], [0.07543186911638414, 0.07394089319836561, 0.06930428542408341, 0.08111972128123973, 0.08015515810121521, 0.0813795466809778, 0.0829581034791638, 0.08181882480787735, 0.07618625238153875, 0.07474706186341355, 0.0711621166742632, 0.08230394715457152, 0.06949221983690594], [0.07574466003030615, 0.07398756423187476, 0.06925767084308886, 0.08086026143885641, 0.07937925004189292, 0.08182161931386855, 0.08294614293295234, 0.08216387809944907, 0.07661075617890681, 0.075091619229672, 0.07124437033561362, 0.08142444493035805, 0.06946776239316063], [0.07568330740023702, 0.07366088659863308, 0.06918490266804733, 0.08014422423926443, 0.07954043445760814, 0.0824877238892338, 0.08270383595973309, 0.08274337493914638, 0.07673647963463381, 0.07534731682327703, 0.07122678749096256, 0.08111594828379899, 0.06942477761542426], [0.0753823984692465, 0.07327776883331795, 0.06905739521182076, 0.07969032750946138, 0.08007682861844583, 0.08283904806893481, 0.0829336559474105, 0.08333333333333333, 0.07653184247900834, 0.0753026694134015, 0.07107400133666834, 0.08119906058519749, 0.06930167019375313], [0.07523268629873366, 0.07325281836711153, 0.06921201880439848, 0.07967927883956757, 0.08074501248860132, 0.08245681346398798, 0.08287159543040211, 0.0828108976941199, 0.07633909704280249, 0.07521173631048264, 0.0711341758509335, 0.08160782094010716, 0.06944604846875167], [0.0751593760474226, 0.07341289067050856, 0.06934446680435083, 0.08001317409010725, 0.08115532368589154, 0.08189770970958207, 0.08257485826412547, 0.0823012421785362, 0.07613518050328025, 0.07499558824584454, 0.07117853042022128, 0.08226810397709114, 0.06956355540303831], [0.07516459559368187, 0.07350028367965353, 0.06927724651737709, 0.08028867894929317, 0.08097405608819677, 0.08173838485767901, 0.08281682335734065, 0.08217813971443838, 0.07607833878898336, 0.07486276284251141, 0.07111454306914775, 0.08251655945383704, 0.06948958708785997], [0.07522929607503363, 0.07360484564639737, 0.06918914325527377, 0.0805839097414645, 0.08061990417015466, 0.08166635900609086, 0.0831523698054362, 0.08212726287208644, 0.07609619063653522, 0.07478199952175033, 0.07105394726283708, 0.08249997722242278, 0.06939479478451717], [0.0752733126266196, 0.07367444436973891, 0.06916632624633258, 0.08074043440419051, 0.08043737430233643, 0.08160345783333649, 0.08333333333333333, 0.0820634876535787, 0.07611273572471511, 0.07475008617221668, 0.07104150588516449, 0.08243548557455913, 0.06936801587387802], [0.07536655838005808, 0.07368476395237104, 0.06912844643805069, 0.08070748504229461, 0.0801502071547321, 0.08178952189739383, 0.08333333333333333, 0.08224566782861369, 0.07624042112239562, 0.07484655342839543, 0.07104887941603488, 0.08212104430583288, 0.06933711770049382], [0.07524693769711731, 0.07342715884112816, 0.06915306325190468, 0.08015699791167967, 0.08061150481723373, 0.08213231869319439, 0.08295371829581107, 0.082596562801354, 0.07623810494149304, 0.07499505030681022, 0.07106829907644195, 0.08204035150592226, 0.06937993185990945], [0.0753050976406488, 0.07334661466747275, 0.06902226459923563, 0.080002160451179, 0.08025745450161649, 0.08245383391970319, 0.08333333333333333, 0.082940009