[[0.07094723988978249, 0.08154719906265032, 0.08183238648133777, 0.07423863155502822, 0.07252918985383441, 0.08290320181477093, 0.08058450189400213, 0.08125953069485015, 0.07526358151368201, 0.0704879746304963, 0.07368101720247137, 0.07388005706848523, 0.08084548833860883], [0.07098191298052248, 0.0818898882506691, 0.08196599996720515, 0.07417302515981153, 0.07254726978005194, 0.08315821637939919, 0.08037881761262293, 0.08119503928887437, 0.0751681799951124, 0.07049144587750296, 0.07359752675259336, 0.07379724009734381, 0.0806554378582908], [0.07111427069712345, 0.08230256933493496, 0.08204268418937144, 0.07416184370031279, 0.07264609321918791, 0.08302084280711747, 0.08014567796323825, 0.08108391766840818, 0.07511400350021932, 0.07059284217181828, 0.07357203301535248, 0.07377056523842346, 0.08043265649449195], [0.07114854705684306, 0.08262577719629575, 0.08208283509255615, 0.07410699509386019, 0.07267072969204551, 0.08333333333333334, 0.07996258223892998, 0.08100302226915873, 0.07503103679319979, 0.07058974181650789, 0.073491413849999, 0.07369243212439335, 0.08026155344287741], [0.07129560853839483, 0.08300979380635974, 0.08202823918618662, 0.07413962718495752, 0.07278829724601894, 0.08317161161548887, 0.07975740695873026, 0.08087418513693671, 0.07500107932023466, 0.07070256398031678, 0.07348420004914953, 0.07368521851859737, 0.0800621684586282], [0.07137789651673755, 0.08326196634655528, 0.08201841361327307, 0.07416332166945876, 0.07286424182802818, 0.0830136004756308, 0.07964678577109092, 0.08083017875244176, 0.07498279504519015, 0.07074894740525695, 0.0734638758689621, 0.0736680779673953, 0.07995989873997925], [0.07157065044723439, 0.08295204220939646, 0.08206723294754749, 0.07428352061336223, 0.07305885992948832, 0.08260464191351186, 0.07957133907141034, 0.08086419793806501, 0.07503823953824376, 0.07087615838631135, 0.07350042311496076, 0.0737125997342664, 0.07990009415620164], [0.07173703877389179, 0.08308063372412768, 0.08201065133499384, 0.07437615541017305, 0.07322632684242941, 0.08220304556828054, 0.07945462329820475, 0.08082810284461288, 0.07506644246282763, 0.0709783116654609, 0.07351253992805812, 0.07373217577234177, 0.0797939523745978], [0.07181096313854203, 0.08307666624820029, 0.08215908013559486, 0.07444533744727376, 0.07336427975385493, 0.08179950932010287, 0.07941697824373728, 0.08088631461223769, 0.07509027866779105, 0.07097740275065056, 0.07348422876299221, 0.07371656328532296, 0.07977239763369971], [0.07198367797641493, 0.08310517350356417, 0.08214307512975903, 0.07458600005873639, 0.073628430903054, 0.0812317561138178, 0.07932202038640151, 0.08086991441988613, 0.07515467445424892, 0.07105138650589865, 0.07349333096238972, 0.07374101662632014, 0.07968954295950859], [0.07217622329740986, 0.08306728012667189, 0.08197335330089497, 0.0747719263639764, 0.0739173033257329, 0.08064147486905739, 0.07924995231626676, 0.08083758790196553, 0.07526117299774458, 0.0711431292162237, 0.07353591329076847, 0.07380047743449661, 0.079624205558791], [0.07239241144224375, 0.08333333333333334, 0.08165014255809193, 0.0749271116809415, 0.07419179546862485, 0.08020174300165873, 0.0790975676043007, 0.0806587074172862, 0.07533631214126743, 0.0712874670758792, 0.07359193645276647, 0.07386538798700326, 0.0794660838366027], [0.07252990281294813, 0.08295135078564293, 0.08144642546465797, 0.07512000760035684, 0.07440899504660525, 0.07977866562771421, 0.07912613257778288, 0.08067263875279153, 0.07548771455779009, 0.07135131968262752, 0.07367139331769654, 0.07396084399461851, 0.07949460977876767], [0.07254011689218706, 0.08333333333333334, 0.08123923207626055, 0.0752044681877983, 0.07448952619882988, 0.07945065229899305, 0.0791215879169304, 0.08064663255196175, 0.07555034072264093, 0.07130261653844457, 0.07366410277813555, 0.07396775855142759, 0.07948963195305707], [0.0725579803914799, 0.08300237158885868, 0.08110585076034621, 0.0753532909275065, 0.07457318971173964, 0.07910683225346803, 0.0792234721807357, 0.08074878552491635, 0.07570044050442763, 0.07127180593698042, 0.07372409088106421, 0.07404426491008341, 0.07958762442839325], [0.07244554294265274, 0.08297675052624419, 0.08107820444996044, 0.07540260732272029, 0.07450634164023312, 0.0788686994337452, 0.0793580488616797, 0.08094766009380922, 0.07578526823943457, 0.07113610548801867, 0.07371994293456377, 0.07405409961258361, 0.07972072845435438], [0.07235838915750803, 0.08275852862275093, 0.08094222275056444, 0.07551313154574392, 0.07445982327098428, 0.07852594289048065, 0.07952760010425067, 0.08116509008880299, 0.07594333028341792, 0.07103028407905358, 0.0737736006206245, 0.07412405050811598, 0.0798780060777022], [0.07203811937551877, 0.08333333333333334, 0.0808181625434624, 0.07548306967937113, 0.07416351894910801, 0.07821348231957176, 0.07979086951864976, 0.08146494688870402, 0.07602628852872755, 0.07072072138473345, 0.07372542152533632, 0.07409284982575133, 0.08012921612773227], [0.07096867348620477, 0.08118095982299613, 0.08146873360870015, 0.07432430975833378, 0.07252480013610262, 0.08308031273513951, 0.08067595646070753, 0.08108232101091246, 0.07536824355177725, 0.0705864668245795, 0.07383263131777199, 0.07402009254190017, 0.08088649874487412], [0.07104458235512362, 0.08161136612544392, 0.08168476368555831, 0.07426844604898661, 0.07257939190938206, 0.08301277239808637, 0.08045355308374333, 0.08106785789425643, 0.07527326534732141, 0.07062043871781898, 0.07375097984309913, 0.07393978612272475, 0.08069279646845509], [0.07106485094896366, 0.08185228461398796, 0.0817690219347537, 0.07421822075453614, 0.07258901020595977, 0.08322509397158105, 0.08031078100638939, 0.08102616590096298, 0.07520217534023138, 0.07061707283042148, 0.07368643841343273, 0.07387608173024815, 0.08056280234853179], [0.07115975152312691, 0.08236041413047338, 0.08197767193060107, 0.07417086515538135, 0.07267281005089476, 0.08306352728989495, 0.08008351166463153, 0.0810081986221051, 0.07511221554066048, 0.07064643331014674, 0.0735923170316957, 0.07378749503246712, 0.08036478871792092], [0.07103680387998598, 0.08194701835728849, 0.08185396986882013, 0.07418126979262363, 0.07257162730905879, 0.08333333333333334, 0.08028339731172217, 0.08106126039444977, 0.07516265024995235, 0.0705673382211761, 0.07363053229789553, 0.07382379114758161, 0.08054700783611211], [0.07122841530856511, 0.08274366334796421, 0.0819885796568585, 0.07412584141574817, 0.07272393579106337, 0.08333333333333333, 0.07986441399041141, 0.08089752596866606, 0.07502874914687128, 0.07067405157333317, 0.07351834150379656, 0.07371546069879137, 0.08015768826459743], [0.07134804445154806, 0.08297759234007993, 0.08189215551866744, 0.07415040033526597, 0.07281326214492913, 0.08333333333333336, 0.07969766818329316, 0.08076609840022761, 0.07500782090938392, 0.07077708686734413, 0.07352514148535706, 0.07372024691633448, 0.07999114911423598], [0.07141413533237091, 0.08333333333333334, 0.08197722801752524, 0.07417426775497846, 0.07289151281288553, 0.08297857336224332, 0.07960692185262964, 0.08079185267003236, 0.07498261653981952, 0.07078250629205252, 0.0734723674737089, 0.07367575827621663, 0.07991892628220375], [0.0717026878225233, 0.08296566704558697, 0.08183500372154891, 0.07432330907764234, 0.07313688287510532, 0.0826508122603625, 0.07945988505404422, 0.08067515574973284, 0.07506157520798537, 0.07104189601950622, 0.07358728258995159, 0.0737891330751006, 0.07977070950090971], [0.07182391983566322, 0.08333333333333334, 0.08180311217197374, 0.0743873059648841, 0.07327132777180098, 0.08222479434686325, 0.07934615487688612, 0.08066269231850029, 0.07506206711540729, 0.07108762349209163, 0.07355661455809812, 0.07376856034776327, 0.0796724938667348], [0.07186932222760598, 0.08333333333333331, 0.08193518687623694, 0.07443272442089158, 0.07337220350679063, 0.08193501469214487, 0.07932267730328814, 0.08071924297847528, 0.07507328855556057, 0.07107299514676545, 0.07352436770721858, 0.07374662911031335, 0.07966301414137521], [0.07194612553884265, 0.08333333333333331, 0.08199963309745326, 0.07449768424358037, 0.07350662964145574, 0.0816162130135651, 0.07928170699450528, 0.08074176564214518, 0.07509875532819968, 0.07108983934602185, 0.07351184364609054, 0.07374385175755026, 0.07963261841725662], [0.07205552691880297, 0.08333333333333334, 0.08198017135302209, 0.07458638056238216, 0.0736702214577187, 0.08128227530974112, 0.07922338317451699, 0.0807265841199634, 0.0751390340758939, 0.07114004445854197, 0.07352050781874458, 0.07376152771061659, 0.07958100970672222], [0.07216470950486478, 0.08312220708097363, 0.08193098367146709, 0.0746718601681798, 0.07380578365807454, 0.08108437700821142, 0.07919084244638706, 0.08070548010443236, 0.07519064122576503, 0.07121679806060156, 0.07356063366223552, 0.07380602092760709, 0.07954966248120007], [0.07230214773142035, 0.08301826782845703, 0.08182074636656068, 0.07477631416049224, 0.07397928083221283, 0.08081590481581225, 0.07912979330826565, 0.08065064184939817, 0.07524872332309301, 0.07131018121606815, 0.07360401431401582, 0.07385519927795972, 0.07948878497624401], [0.07232937894262484, 0.08333333333333334, 0.08174750753330698, 0.07482893131681581, 0.07406678888019064, 0.08052147388263993, 0.07909765114447266, 0.08064477775511453, 0.07526954027034562, 0.07128146872702616, 0.07357751847239545, 0.07383934970720973, 0.07946228003452435], [0.07267947649070991, 0.0831903630799506, 0.08134454598673097, 0.07507664951719495, 0.07447748771724681, 0.07998069222841289, 0.07891698231701468, 0.08041369092192167, 0.0754105425882608, 0.07154774129747526, 0.0737102422984049, 0.0739809735677999, 0.0792706119888767], [0.07278081964634767, 0.0828155491739468, 0.08121514589448642, 0.07523563776530952, 0.07464882872786323, 0.07963414170946836, 0.07895676225563439, 0.08044479730874678, 0.07553853798451554, 0.07158702883651234, 0.07377345918586002, 0.07405815018078968, 0.0793111413305192], [0.07234719089449029, 0.08318342622450824, 0.08171085157461172, 0.07493300383125576, 0.07416214661101009, 0.08016924435985805, 0.07916770438800431, 0.08074724680496696, 0.07535609484216958, 0.07123567129225258, 0.07358451710011024, 0.0738619691253251, 0.07954093295143706], [0.07284748157028309, 0.08295513220000547, 0.08103656546120092, 0.07533321132554552, 0.07476954343086828, 0.07936466255315434, 0.07892753112342546, 0.08039122719551059, 0.07560524491252302, 0.07160376756963095, 0.07379577968133677, 0.07409068562122258, 0.07927916735529301], [0.07284732363257981, 0.08333333333333331, 0.08079360013877313, 0.0754486089625022, 0.07486002308977487, 0.0789609586921262, 0.07893650655698187, 0.08040206427430645, 0.07569934457621208, 0.07153108720550376, 0.0737941204727855, 0.07410793881528534, 0.0792850902498353], [0.07276493351474315, 0.08333333333333334, 0.08079701464054474, 0.07548421601932502, 0.07481970216097464, 0.07879820985074158, 0.07902361574342222, 0.08053881635187167, 0.0757548426644455, 0.07142479624443875, 0.07378142832370568, 0.07410634299386246, 0.07937274815859129], [0.07265603937239165, 0.08333333333333333, 0.08072905610106058, 0.07556310338754903, 0.07476862722670126, 0.07849789984873136, 0.07915430752369511, 0.08073040121962208, 0.07586740404747266, 0.07128357446515403, 0.07378805138079224, 0.0741301746092748, 0.07949802748422184], [0.07271943179017558, 0.0828753391624728, 0.08052663973350924, 0.07574793277375823, 0.0748697886973516, 0.07815004568462204, 0.0792205004326407, 0.08080308682689288, 0.0760582083921007, 0.07131857124313445, 0.07390495157404137, 0.07426059700279279, 0.07954490668650775], [0.07243956996360698, 0.08291462123554826, 0.08060538714576351, 0.07568938836219519, 0.07458826470386336, 0.07808961278611753, 0.07948798285344505, 0.08110665989488244, 0.07610482805065436, 0.0710685918348352, 0.07386417385192864, 0.07422899740885164, 0.07981192190830796], [0.07104987036728734, 0.08123501754708018, 0.08134619370068452, 0.07433718156946843, 0.07256114884811748, 0.08333333333333334, 0.08052210742980065, 0.08089729173572696, 0.07536044771045944, 0.07069940143803737, 0.07388278913034564, 0.0740605138604961, 0.08071470332916271], [0.0711962782456753, 0.08186342432931026, 0.08160448358695249, 0.07427765804347977, 0.07267183017762224, 0.08312235308914458, 0.08020224617645862, 0.08085593178403587, 0.07523984834436201, 0.07078283316605453, 0.07378446703024934, 0.07396410737823463, 0.0804345386484202], [0.07117032059531544, 0.08164262595421574, 0.08153584582165976, 0.07432020817597768, 0.07265633297439003, 0.08295539195240677, 0.08033155529320243, 0.08089257109529885, 0.07530263563135396, 0.07077994345320057, 0.07384134279381255, 0.07402006151169754, 0.08055116474746857], [0.07113998940463968, 0.08205970834412143, 0.08175798011340547, 0.07420536331983187, 0.07263633268063885, 0.08333333333333334, 0.08015338270503901, 0.08092048741205878, 0.07516309176495618, 0.07068485532660286, 0.0736757429845218, 0.07386238295689763, 0.08040734965395321], [0.07130520794747396, 0.08220322708040921, 0.08166277555952466, 0.07425905081404834, 0.07275398838334803, 0.08307241130305763, 0.0800018352138014, 0.08077524170594756, 0.07518323214453139, 0.07085916739430732, 0.07374788832424693, 0.07392757746608318, 0.08024839666322031], [0.07133334490905335, 0.08257542873410624, 0.08175492209964681, 0.07419058501122207, 0.0727809066590928, 0.08333333333333334, 0.0798219498896215, 0.0807378812070261, 0.07508609223535209, 0.07083244260617856, 0.07363886031451024, 0.07382416915172832, 0.08009008384912866], [0.07127251773192889, 0.08234225027586696, 0.08178724321804187, 0.07422333565640503, 0.0727404885665344, 0.08304198449395718, 0.07999576390830027, 0.08084577856594669, 0.07514670610255048, 0.0707944978451605, 0.07368308472874464, 0.07386868163692821, 0.08025766726963485], [0.0714731741937915, 0.08292941649800353, 0.0817173130767326, 0.07421128450845592, 0.07289473266528333, 0.08311422507313, 0.07964534351822587, 0.08063828737885051, 0.07506287180547279, 0.07093839721086712, 0.07363383978577222, 0.07381972659203163, 0.07992138769338322], [0.07154840724637555, 0.08314027162110794, 0.08168118845307373, 0.0742287478626811, 0.07295762583686063, 0.08302803071017263, 0.07954257540030496, 0.08057879238801724, 0.07504588801979438, 0.07099056166064595, 0.07362376173351658, 0.07381070796918665, 0.07982344109826271], [0.07158407869603062, 0.08333333333333333, 0.08169892897847905, 0.07423615459365755, 0.0729964724942768, 0.0829254516588022, 0.07948202163553607, 0.08057265073230097, 0.0750262991911909, 0.07099576939250367, 0.07359331949947957, 0.07378404505733308, 0.0797714747370761], [0.0717943989346619, 0.0830376471225092, 0.08162709683886292, 0.0743470071269653, 0.07317939515835734, 0.08265908046087979, 0.07938114874791904, 0.08050883856314789, 0.07508332482350388, 0.07117787035936816, 0.07367010831415913, 0.07386107938008686, 0.07967300416957866], [0.07191776638725954, 0.08312472288499145, 0.08164252882185404, 0.07441763823942175, 0.0733156665026261, 0.08232644750231413, 0.07929681956667121, 0.08052681296507132, 0.075094792538825, 0.0712295155398575, 0.07365068296454214, 0.07385140974716142, 0.07960519633940447], [0.07195096530929683, 0.08333333333333333, 0.08164237863620942, 0.07443528355533555, 0.07336546066896552, 0.08215517128714617, 0.07925286760447296, 0.08052886519958409, 0.07508694283852442, 0.07122691041024351, 0.07362342498188655, 0.07382945729379409, 0.07956893888120749], [0.07198132909692796, 0.08320028789862552, 0.08169867984587127, 0.07446306201374067, 0.07341699670759583, 0.08206353448188482, 0.07925239180394367, 0.08055775884455797, 0.07510135111646819, 0.07123541269617964, 0.0736229232774223, 0.07383262628181024, 0.07957364593497206], [0.07209462761450008, 0.08305861892810647, 0.08174966016315512, 0.07454207719473684, 0.07357822993472003, 0.08177224403518744, 0.07920019701911875, 0.08056204272794952, 0.07513608103527587, 0.07129374996780319, 0.07363231654943407, 0.0738498274334055, 0.07953032739660726], [0.07213749598717237, 0.08333333333333333, 0.0817793124696989, 0.07457876458140665, 0.07367968322818848, 0.08147971302601094, 0.07914310135436582, 0.08056234328782956, 0.07513455766574581, 0.07127722942779839, 0.07359201735181026, 0.07381920580256714, 0.07948324248407229], [0.07225442507346992, 0.0830893336641301, 0.08176326409340959, 0.07467224750836585, 0.07383262422853439, 0.08124252277877898, 0.07910974613950912, 0.08055466320386488, 0.0751880202969833, 0.07135199369012554, 0.07362717300720432, 0.073860356294062, 0.07945363002156193], [0.07248370256372524, 0.08305541236989772, 0.08158004387696129, 0.07483018033108435, 0.07411755817285876, 0.08079933405634833, 0.07898103163268949, 0.08043664705650476, 0.0752649029996101, 0.07150932038211164, 0.07368767306779893, 0.07392930164266544, 0.07932489184774402], [0.07270408421919786, 0.08284353190741378, 0.08139218838700142, 0.07499014763496833, 0.07438254291386188, 0.08043403447996529, 0.07888501986348177, 0.08033197684195995, 0.0753564324938794, 0.07167081785064329, 0.07376737117011187, 0.07401587083107947, 0.07922598140643562], [0.07271845492355168, 0.08333333333333334, 0.0812860450919934, 0.07506944286639508, 0.07449966648480921, 0.08000237823317889, 0.07885686395618904, 0.08033703120935934, 0.07539263797831314, 0.07159487910147076, 0.07371809777793839, 0.07398490764213503, 0.07920626140133286], [0.07259053718840902, 0.08305168796563997, 0.0814907537941694, 0.07498417263488526, 0.07433611001040841, 0.08027683211697942, 0.07896615937070037, 0.08046668382283145, 0.07535820099494568, 0.0715116887682297, 0.07369282710765832, 0.07395448464490442, 0.07931986158023856], [0.07251673303665765, 0.0829836048467316, 0.08157999627836535, 0.07488523176187117, 0.07419254115084893, 0.08061898476468227, 0.0789884140884535, 0.08046795709381782, 0.07529992690088147, 0.07150399532809683, 0.07368805297260107, 0.07393728494453984, 0.07933727683245259], [0.07231363665310084, 0.083116553427106, 0.08175029309351771, 0.07473451917784585, 0.07393897048318535, 0.0810009841998937, 0.07908292953130176, 0.08055976636939095, 0.07521723581106833, 0.07136384225866628, 0.07362370443064929, 0.07386497788236752, 0.07943258668190639], [0.07258569055597747, 0.0830371786094125, 0.08150085772460468, 0.07496502512243385, 0.07431358913991201, 0.08035109980617416, 0.07896125482091472, 0.08045488144570981, 0.07534521317013712, 0.07152198722012479, 0.07369581731794493, 0.07395417187011484, 0.07931323319653899], [0.07239525774326225, 0.08317116033040081, 0.08169362751251574, 0.0748948809850773, 0.07415567820054074, 0.0803774593599891, 0.07909253699520585, 0.0806404535406441, 0.07531601895772834, 0.07132314216911037, 0.07360814387378202, 0.07387419926706962, 0.07945744106467383], [0.07280782170897968, 0.0830289337554042, 0.08120346693954988, 0.07518206392287445, 0.07463328583605848, 0.07977084676966532, 0.07887176048963024, 0.08034703375318111, 0.07547928075433118, 0.07164262386270352, 0.07376814901384693, 0.07404343449537203, 0.079221298698403], [0.07291571891942215, 0.08273111884184942, 0.08107903667795156, 0.07530865640476836, 0.07478484032963563, 0.079523516544092, 0.07887476388920191, 0.08033138144189199, 0.07557622859052024, 0.07170822432141333, 0.07383042482040203, 0.07411412571639221, 0.07922196350245919], [0.07296562939857579, 0.0828755625648324, 0.08090381268318744, 0.07541118280093766, 0.07489860847870027, 0.07923510721445091, 0.07886232977034775, 0.08029565876504674, 0.07565074657807234, 0.07170246438503453, 0.07384761763139104, 0.07414368659369111, 0.07920759313573184], [0.07299356049235974, 0.08308965644151657, 0.08074855524243069, 0.07548379422672051, 0.07497528945443321, 0.07900693909387248, 0.07884401705346744, 0.08026442689794473, 0.0757031650924148, 0.07168854649150655, 0.07385498460858375, 0.07416065898225725, 0.07918640592249221], [0.07293139849452998, 0.08315217191013398, 0.08066024865500486, 0.0755693955554588, 0.07498560018748075, 0.0787110812763381, 0.07892043464738668, 0.0804101534870025, 0.07579602361395096, 0.07157692321224571, 0.07385140619123327, 0.07417418513831117, 0.07926097763092314], [0.07287911742299741, 0.08333333333333336, 0.08051294513698332, 0.07567792176490204, 0.07500577030178414, 0.07833835066347763, 0.07897503970517593, 0.08051681005686315, 0.07591152807374721, 0.0714741034201895, 0.07386363497128849, 0.07420491416287466, 0.07930653098638345], [0.07287542152828044, 0.08298201873609252, 0.08042797640051207, 0.07578739282037489, 0.07502919435948999, 0.07812821257376548, 0.07906224163966716, 0.08061888093504499, 0.0760392488351967, 0.07145509866873825, 0.07392964483965613, 0.07428120446567742, 0.07938346419750397], [0.07280789319981121, 0.08257919998616417, 0.08033808058173117, 0.07589735963766411, 0.0749800376731405, 0.07789419915531283, 0.0792236122206555, 0.08078609033219637, 0.07620039293898832, 0.07138661497688539, 0.0740063054752837, 0.07437026051090237, 0.07952995331126435], [0.07241290080082471, 0.08293766842161444, 0.08044512717623804, 0.07577053902533558, 0.07457527157797682, 0.07785983212680173, 0.07954624540147286, 0.08114405990011082, 0.07621250250421192, 0.07103612360696786, 0.07391654301884845, 0.0742901013413572, 0.07985308509823962], [0.07237404215504596, 0.08333333333333334, 0.08161304853988864, 0.07473177645833058, 0.07396913925965526, 0.08102601553776423, 0.07899886016767525, 0.08043666882086217, 0.07520269909130026, 0.07144218835019303, 0.07364873986721839, 0.07388368989083327, 0.07933979852789974], [0.07230678748254346, 0.08312561461952755, 0.08162501823699135, 0.07466368032373756, 0.0738329541573291, 0.08136223354852257, 0.07905428097425941, 0.0804414855932814, 0.07518317790280986, 0.07144436187651843, 0.07367546588719885, 0.07389888563264796, 0.07938605376463252], [0.07223416399537101, 0.08295510729831118, 0.08160289190432098, 0.07460319984392784, 0.0736962067333862, 0.08168247867289205, 0.07911580874902123, 0.08044388501960706, 0.07517067533112885, 0.07143855320863342, 0.0737034258716964, 0.07391629593936734, 0.0794373074323365], [0.07219883989360894, 0.08296890632888736, 0.08156116262955157, 0.0745731967998234, 0.07362924755907184, 0.08182409946390544, 0.0791340404942556, 0.08042686539974836, 0.07516108809881877, 0.07143582122941596, 0.07371493068561996, 0.07392249817266835, 0.07944930324462471], [0.0721013321264819, 0.083130428507707, 0.08149444377485514, 0.07450454757219302, 0.07348494171176155, 0.08206742650787072, 0.07917573070446816, 0.08041040382657612, 0.07513281802979659, 0.07139104937470174, 0.07371281221296272, 0.07391271266462693, 0.07948135298599837], [0.0719988598525191, 0.08282102251153674, 0.08149807742030517, 0.07445053213460125, 0.07334884920493637, 0.0824161989970735, 0.07927713752206798, 0.08040929067919968, 0.07514039286982652, 0.07136849847357997, 0.07375839037001171, 0.0739470630663628, 0.07956568689797926], [0.07190827396379004, 0.08294663622222653, 0.08149076570760352, 0.07439788510982945, 0.07325736605522215, 0.08256013045061064, 0.07931974082135837, 0.08040291475227128, 0.0751208951938438, 0.07131244795718228, 0.07374889554286282, 0.07393340471498408, 0.07960064350821497], [0.0723124651176606, 0.08305627766675777, 0.0817173139217657, 0.07496729011446253, 0.07416152882342075, 0.08006051549807855, 0.07924227674514832, 0.0808391359605558, 0.07539776961125134, 0.07117822672638924, 0.07358055596568995, 0.07386581336141004, 0.07962083048740942], [0.07264299006308804, 0.08310282452502028, 0.0812428196355032, 0.07521494914724085, 0.07455781013144328, 0.07953970699729979, 0.079048621893334, 0.08056157632585037, 0.0755415142549666, 0.07142391619497321, 0.07370831940561516, 0.07400368380131306, 0.07941126762435227], [0.0727749708776656, 0.0831567279037683, 0.08094369042082934, 0.0753835524925647, 0.07475870451115056, 0.07914566916801703, 0.0790052213024064, 0.0804593735965719, 0.0756645561736111, 0.07148994754805478, 0.07377449895245033, 0.07408344460899254, 0.07935964244391734], [0.07177592988172808, 0.08309688077253799, 0.0815257412423164, 0.07432978930741611, 0.07313871670057907, 0.08272909423422539, 0.07939093491250149, 0.08043691575234437, 0.07509187592749843, 0.07120679243538083, 0.07371341794394821, 0.07389632961511942, 0.07966758127440426], [0.0716816112664733, 0.08306773322164786, 0.08153963541761189, 0.07429047423045197, 0.07305232621837915, 0.08285459795090637, 0.0794707050162754, 0.08046632917963285, 0.07508987947906474, 0.07114295783450705, 0.07371149705271576, 0.07389182097550238, 0.07974043215683131], [0.07159995801920026, 0.08284694556879657, 0.08155134523692076, 0.0742775169438366, 0.07297908999802845, 0.08290659203525969, 0.07959198552724861, 0.08051589702792704, 0.07511900031065863, 0.07109934715478068, 0.07374182011616999, 0.0739189013032199, 0.0798516007579527], [0.0715290041500149, 0.08255933553798225, 0.08151542864340723, 0.07428890786651095, 0.07291328535448291, 0.08302728160368737, 0.07970721311157337, 0.08054169511158213, 0.07515499838819543, 0.07106969323449197, 0.07378342128549831, 0.07395650703607874, 0.07995322867649435], [0.07147495290460236, 0.08228996306056739, 0.08149158079702298, 0.0743167541697803, 0.07286872253279213, 0.08295869413066237, 0.0798400982815617, 0.08058955496030512, 0.07520714106000274, 0.07104935214300051, 0.07383437445072549, 0.07400497478966528, 0.08007383671931165], [0.07144450975895691, 0.08216339859634803, 0.0814932883197096, 0.07433076377168231, 0.07284719322030303, 0.08288322763756265, 0.07991660458879565, 0.08062882937932443, 0.07523434359904607, 0.07103107559005419, 0.07385528504663927, 0.07402572194517176, 0.08014575854640603], [0.07137413579341756, 0.0819661009370786, 0.08147230443756444, 0.07433435774927544, 0.0727927038158853, 0.08296827216068188, 0.08002452220042602, 0.0806735253950983, 0.07525996680283335, 0.07097934021685742, 0.0738693258101124, 0.07403970198045699, 0.0802457427003125], [0.07132343437398417, 0.08177652708500444, 0.08142923121486685, 0.0743542951982521, 0.07275501351467434, 0.08294144327600425, 0.08013745147437998, 0.08071047785503967, 0.07530083615452755, 0.07094950425187187, 0.07390186938119642, 0.07407168282938209, 0.08034823339081626], [0.07130226652856908, 0.0814735031821476, 0.08127767254902127, 0.07440988272659294, 0.07273486792613035, 0.08291652702369383, 0.08025815404599997, 0.08068746538769636, 0.0753787805598171, 0.07097140500406583, 0.0739899950645779, 0.07415535439075488, 0.08044412561093299], [0.07124132468398989, 0.08117754644164064, 0.08113956859392397, 0.07444417394127159, 0.07268771113491154, 0.08303253638390386, 0.08039489231035425, 0.0806827588239005, 0.07544106034328033, 0.07094393961634277, 0.07404666622255868, 0.07421023581953069, 0.08055758568439138], [0.07119680495413115, 0.08144525893443008, 0.08135542474034183, 0.0743667927125168, 0.07266372171902366, 0.08306173334448282, 0.0803496091729892, 0.08079156830660848, 0.07535476214425499, 0.07084820770662593, 0.07392494395490941, 0.0740966375177499, 0.08054453479193575], [0.07271970684677055, 0.08294006350382958, 0.08130465139193523, 0.0751577285136503, 0.07455637499276804, 0.0798014414833041, 0.0789567351097214, 0.08045600653163255, 0.07547966934809078, 0.07155552464958066, 0.07374060537113905, 0.0740192240796169, 0.07931226817796079], [0.07252926702820144, 0.08309921868670628, 0.08150425206132933, 0.07504313762991492, 0.07435702862992812, 0.07998042361562258, 0.0790604438885395, 0.08060124089513124, 0.07541531423911871, 0.07138994127182145, 0.07365809985919618, 0.07393647845226312, 0.07942515374222708], [0.0724868142715329, 0.0830069969361798, 0.08124245942529354, 0.07525959200039037, 0.07446616285259712, 0.0793353027102064, 0.07925473404151467, 0.0807718685537186, 0.07563070132542626, 0.07123525379325266, 0.07368589800926999, 0.0739986113949747, 0.07962560468564303], [0.07242902487163164, 0.08308489766860894, 0.08146573850643121, 0.07510990228118954, 0.07433986990490148, 0.07970564247634619, 0.0792103868905087, 0.08077540272710895, 0.07549882328265503, 0.07123455800087901, 0.0736316486994497, 0.07392887714236555, 0.07958522754792395], [0.07212134135489776, 0.08294055360748115, 0.08205729561516809, 0.07471216109005349, 0.07382232534383996, 0.08087253492992422, 0.07928161348951328, 0.08085635393587204, 0.07523010428110674, 0.07112837024854791, 0.07353325023808767, 0.0737907636004431, 0.07965333226506452], [0.07220083707020816, 0.08333333333333334, 0.08185913770507479, 0.07484625276349985, 0.07401118527789516, 0.0802944218357362, 0.07924481463025246, 0.08085451818908335, 0.07530696000851637, 0.07110630137505691, 0.073519866468809, 0.07379752907075472, 0.07962484227177974], [0.0724622854385973, 0.08287943020905648, 0.08118488268561679, 0.07533849287301057, 0.07448500291743132, 0.07909867904099993, 0.07932966230841713, 0.08088354619296084, 0.07571884806834452, 0.07118099611747189, 0.07370806352225297, 0.07403231103096723, 0.07969779959487311], [0.07232859740451994, 0.082854543994208, 0.08110980352751254, 0.07540617706762247, 0.07440156341128297, 0.07878328446018047, 0.07949944840801935, 0.08112581203221776, 0.07583423014598746, 0.07102303735560282, 0.07371482025608117, 0.0740559543081739, 0.07986272762859115], [0.07268917246103641, 0.08263714380250915, 0.08015442230433444, 0.07598487656529775, 0.07488062743050262, 0.07757947594505663, 0.07943121655884493, 0.08089508225715865, 0.07634979029909614, 0.07126697539339184, 0.07405675051050903, 0.07443519114175232, 0.07963927533051021], [0.07288371945310045, 0.08249506729839871, 0.08016669101913443, 0.07600854775520013, 0.07507565537820597, 0.07768289821130366, 0.07922223335087075, 0.0807262261577661, 0.07629738093887076, 0.07144207889926425, 0.07407496516859442, 0.07444531701567518, 0.0794792193536153], [0.07086935577209033, 0.08115438565701068, 0.08305772564177603, 0.07426556945362697, 0.07267157234719693, 0.08149467195524655, 0.08071723454574763, 0.08239070335396685, 0.07522484447107602, 0.07008996102638788, 0.07332587253425417, 0.07359046392327354, 0.08114763931834651], [0.07090338740394743, 0.08157664894462517, 0.08306614956791443, 0.07419744368775014, 0.072648544532603, 0.08189810844684052, 0.08052724393842965, 0.08206722302907624, 0.07514130752384128, 0.07015924451432423, 0.073315055926283, 0.07356716878636688, 0.08093247369799786], [0.07097981345080404, 0.08174745020574359, 0.08333333333333333, 0.07419295627716287, 0.07270785626520823, 0.08194170451992183, 0.08033447192023263, 0.08192214834642092, 0.07508915634346278, 0.07020591570083397, 0.07327696665043817, 0.07352954081816526, 0.08073868616827241], [0.07111797555761679, 0.08195650555734381, 0.08309081695259517, 0.07422955158822317, 0.07280891735744946, 0.0820295391942644, 0.08017082777196893, 0.08174080684513281, 0.07508345541133739, 0.0703371360321272, 0.07331031953903139, 0.0735585886333898, 0.08056555955951994], [0.07128675014704, 0.08196643053508139, 0.08304400413099658, 0.07433068121709123, 0.07298114572533287, 0.0817280202942208, 0.0800413954683, 0.08169621947989915, 0.0751207770689349, 0.07044353794656318, 0.07333073550345949, 0.07358648494230459, 0.08044381754077572], [0.07137170095481125, 0.08194620166251847, 0.08315218798633871, 0.0744077539556925, 0.0730927118707204, 0.08138845203934351, 0.07998623838718018, 0.08171263903389916, 0.0751569513757029, 0.07046824883288069, 0.07332636023974792, 0.07359238001814476, 0.08039817364301946], [0.07136536586613272, 0.08189807193425303, 0.0828793011329578, 0.07450856539149238, 0.07315745416958296, 0.08094943653283108, 0.08012405044415447, 0.08194339292469595, 0.07525802424819941, 0.07040455212209071, 0.07333788345517979, 0.07362044926237094, 0.0805534525160586], [0.07111165255755011, 0.08128956865879486, 0.08305019160695168, 0.0745036927709357, 0.07299771304335369, 0.08063963590336312, 0.08052896657625268, 0.08245154477447536, 0.0753471302650616, 0.07015902744821904, 0.07332093490846067, 0.07361676072591239, 0.08098318076066925], [0.07086648142102837, 0.08098988704855792, 0.08305992579746892, 0.074384471626491, 0.07276284868228317, 0.08081237614643338, 0.08083057890151384, 0.0827865182616045, 0.0753267333203711, 0.06999230528048626, 0.07330173657138853, 0.07359076798234254, 0.0812953689600305], [0.07078669353937461, 0.08074425132092983, 0.08333333333333333, 0.07430448087984931, 0.07265672780646604, 0.081096639965415, 0.08088551894873225, 0.08272689532746753, 0.07528230927689812, 0.06996600634110109, 0.07329781334401672, 0.07357699729273481, 0.08134233262368132], [0.07094085298441836, 0.08104547125935897, 0.08333333333333333, 0.07431444172364758, 0.07276194773099366, 0.08130006179729025, 0.08061778994398124, 0.08242071029663381, 0.0752298157398558, 0.07010523761162483, 0.07329905611028895, 0.07357234750784587, 0.08105893396072732], [0.07093409951191074, 0.08132282192816409, 0.08306198438715809, 0.07426481635767924, 0.07271486297160505, 0.0816064223003191, 0.08058597953212915, 0.08225811861654334, 0.07519472071663227, 0.0701462310897666, 0.07331878173216748, 0.0735810106842087, 0.08101015017171612], [0.07110936859960264, 0.08148614331314298, 0.08333333333333333, 0.07431698481464287, 0.07287255046667077, 0.08152067553858096, 0.0803056405731594, 0.08204875687004434, 0.0751625271745592, 0.0702588373572453, 0.07329503133858697, 0.07356124766945267, 0.08072890295097855], [0.07115812666195229, 0.08150395616049844, 0.08307521821861474, 0.0744201837804036, 0.0729719156649594, 0.08109929619679732, 0.08036249262127992, 0.08221143874370355, 0.0752464514035038, 0.07024837677775515, 0.07331056664343792, 0.0735907673376625, 0.08080120978943135], [0.07111456931731971, 0.08139659043797315, 0.08309121793772084, 0.0743788481692194, 0.07291256384735414, 0.0812756755196005, 0.08040324593964683, 0.08221742202322795, 0.0752278346325731, 0.07023841190505084, 0.07331559898347367, 0.0735899066182492, 0.08083811466859082], [0.071015646923885, 0.08124458420912883, 0.08333333333333331, 0.07439268404904226, 0.07287291964198304, 0.08095015446042732, 0.08053870886702087, 0.08244386617303774, 0.07526352345631093, 0.07010977441307868, 0.07327931077875216, 0.07356541475491041, 0.0809900789390893], [0.07108193224164044, 0.0815597836319727, 0.08316659267084307, 0.07428619532648376, 0.07282765118909319, 0.08169425648085922, 0.08033001935011354, 0.0820142708188293, 0.07515098218201838, 0.07026407284145926, 0.07330905373541596, 0.07356928639683787, 0.08074590313443335], [0.0712555597057824, 0.08175998298367304, 0.08333333333333333, 0.07436384505496925, 0.0729977167535734, 0.08143200078983107, 0.08010439955884299, 0.08184851464682633, 0.07514963501348337, 0.07036781369803186, 0.07329888070373455, 0.07356605751604453, 0.08052226024187378], [0.07129232353277963, 0.0817877202741302, 0.08302993666240256, 0.07444882497002188, 0.07307452677667908, 0.0811215343339544, 0.08016745319492341, 0.0819777409961688, 0.07522372397455698, 0.07036211303550118, 0.07332008177267764, 0.0735978179297581, 0.08059620254644596], [0.0712215761005167, 0.08151885118930395, 0.08296991189181178, 0.07453400690387352, 0.0730864243179374, 0.08065729266969228, 0.08037867128135508, 0.08226838069628632, 0.07533530196034727, 0.07024886359217482, 0.07333042469122299, 0.07362514580475991, 0.08082514890071797], [0.07137643600034006, 0.0818307880996244, 0.08278339961432332, 0.07457191438298484, 0.07320404301679691, 0.08070543737836074, 0.0801819312509682, 0.08202498078657168, 0.07531924755255359, 0.07038583340222494, 0.07335390219491571, 0.0736450164734083, 0.08061706984692735], [0.07121727779636651, 0.08178137791534164, 0.08308863982127257, 0.07432325528923367, 0.07293465789240001, 0.0816937544128024, 0.08015079190246205, 0.08182910417093746, 0.07513821766626638, 0.07037760890207076, 0.07332344661657397, 0.07358205044536674, 0.08055981716890592], [0.07139082308287434, 0.08198808574310829, 0.08307380165032409, 0.07445042258957082, 0.07313588908040547, 0.08119897738004761, 0.08000257447455247, 0.08176635551794846, 0.07518893021164993, 0.07045783511773485, 0.07332645268121323, 0.07359909247719468, 0.08042075999337589], [0.07146543952892244, 0.08209972514064239, 0.0828351958224297, 0.07453598658052404, 0.07323675094735711, 0.08092073974660137, 0.07999185015471348, 0.08178282318950572, 0.07524876736905989, 0.07048838118554834, 0.07334932635715605, 0.0736306165523299, 0.08041439742520957], [0.07059913582976665, 0.0802488471079072, 0.08245336552275175, 0.07432827872041098, 0.07247447527183684, 0.08113137013250085, 0.08153850146745002, 0.08256415717550873, 0.07547576458097519, 0.06992911546070435, 0.0735081388515029, 0.07377396478472104, 0.08197488509396364], [0.07057312816063263, 0.0804973682628843, 0.08264551529756427, 0.07431774534572227, 0.07249005163188531, 0.08091888370908898, 0.08144374130543257, 0.08285170105804687, 0.07543053464481447, 0.06983352180118212, 0.07340285065452003, 0.0736818115991574, 0.08191314652906867], [0.07059651975262952, 0.08092678154787615, 0.08268769000742549, 0.07435928069996024, 0.07257576953621131, 0.08048930822693424, 0.08125539390348116, 0.08333333333333333, 0.07540703455173903, 0.06974623272314186, 0.07328857626865701, 0.07358820497007186, 0.08174587447853882], [0.07077318635370333, 0.08135292032146027, 0.08221863715857557, 0.0745885695809592, 0.07281270598357566, 0.07989176801310217, 0.08121762734018202, 0.08292700644481729, 0.07559394071079759, 0.06983945325395334, 0.07338574611370005, 0.07370512824700834, 0.08169331047816496], [0.07072826449848313, 0.08110839570433674, 0.0812532159692874, 0.07487387887186704, 0.07287581711806201, 0.07902456530866028, 0.0816860172427441, 0.08291141161503432, 0.07600773512221456, 0.06982041345214685, 0.0736560253579125, 0.07399528279819598, 0.08205897694105525], [0.0705013033693606, 0.08032739688247363, 0.08091287878924534, 0.07482315935462298, 0.07262488431759159, 0.07919307843220859, 0.08241028245323279, 0.08264618620083952, 0.07613233569196556, 0.06976364422747633, 0.07382763773377742, 0.07414786636275851, 0.08268934618444707], [0.07021896312889381, 0.07983267928589188, 0.08100591721825881, 0.074582312963867, 0.07227573882161285, 0.0797821276315947, 0.08279431717862219, 0.08289748670143489, 0.07591633406052974, 0.06960971331206167, 0.07372910460390225, 0.07402197175999688, 0.08333333333333333], [0.07032576321619634, 0.07981253350357632, 0.08146035900006922, 0.07446885024374707, 0.07228274185572735, 0.08052381511285184, 0.08238190625328183, 0.08283213540263146, 0.07574137102441263, 0.06975401065461627, 0.07368979641915294, 0.07396046686365042, 0.08276625045008629], [0.07052860566384536, 0.08015388741231644, 0.08218252799451456, 0.0743743381293379, 0.07242808150242865, 0.08098035168145987, 0.08178237783152899, 0.0825139256124604, 0.07555691160977043, 0.06988500093004117, 0.0735641044414608, 0.07383155881312806, 0.08221832837770747], [0.07053903841316528, 0.0804469961735785, 0.08245081874128758, 0.07434767629160846, 0.07247187051598203, 0.08078416195581749, 0.08161001022193055, 0.08277525036545993, 0.0754943968647116, 0.06981596474795451, 0.07344918930634751, 0.07372946621797122, 0.08208516018418506], [0.07053154095013082, 0.08077216946674705, 0.08243132649363427, 0.07438990904434738, 0.07252546209051047, 0.0803963756123996, 0.08152903595663018, 0.08313746227921585, 0.07550000478756037, 0.0697239531143837, 0.07336819819890981, 0.07366665355714222, 0.08202790844838824], [0.07055017598959139, 0.0809448156399832, 0.08236080735571256, 0.0744249796044084, 0.07257172183427285, 0.08019650377593143, 0.08145957595592059, 0.08333333333333333, 0.0755121646778423, 0.06969971811768301, 0.07334054806005873, 0.0736477870363666, 0.08195786861889563], [0.0705170581422396, 0.08092685979208641, 0.08201722796872447, 0.07450492558592799, 0.07257964041318447, 0.07987761498164478, 0.0816573151011352, 0.08333333333333334, 0.07563300808106066, 0.06966863091944471, 0.0734085190133322, 0.07372334283887794, 0.08215252382900827], [0.07040063461882615, 0.08032760714457318, 0.08193102006234793, 0.07441107831145512, 0.07239550466767881, 0.08038135352313332, 0.08203076377449672, 0.08292161895831464, 0.07563814943854309, 0.06970039677149448, 0.07351930584135978, 0.07380830363629792, 0.08253426325147895], [0.0702546021929949, 0.08017103666481996, 0.08146502206075312, 0.07446364614588216, 0.0723078112647996, 0.07998563498420118, 0.08237611138274405, 0