[[0.07358677490034796, 0.07518017287466759, 0.0829453060929054, 0.07215967725101108, 0.080956413212425, 0.07049031430040431, 0.08085357671989082, 0.08146252898564864, 0.0810890159879275, 0.07198964447162455, 0.07605350520080566, 0.0712537603568218, 0.08197930964551955], [0.07357538719003553, 0.07511717195423842, 0.08317490836236718, 0.07215923872499089, 0.08127092605926553, 0.0704804994412353, 0.08066043926592838, 0.0813988594614436, 0.08091069233054633, 0.07195431327862249, 0.07594647471410251, 0.07125475632253105, 0.08209633289469288], [0.07359187989220534, 0.07506634723179177, 0.08333333333333331, 0.07219561877901003, 0.08165114412018179, 0.07051433362121658, 0.08042777529940813, 0.08128298378231975, 0.08068935714569893, 0.07195165969022903, 0.0758413879824866, 0.07129727659884028, 0.08215690252327831], [0.07363998283254101, 0.07505877866605609, 0.08318184079393548, 0.07225616980660218, 0.08196033663092803, 0.07056322429720158, 0.08026899061665754, 0.08121485245559992, 0.0805407847081386, 0.07197353507280937, 0.07578573304428143, 0.0713592630574079, 0.08219650801784094], [0.07370378054934251, 0.07505356810724889, 0.08309488807064062, 0.07234068187607907, 0.08232662540134283, 0.07064618744650747, 0.08006785643114146, 0.08108767981780442, 0.08034615959914346, 0.07201685987677797, 0.075724456591292, 0.07144971331845577, 0.0821415429142237], [0.07375251602387675, 0.07506058648166723, 0.08295163726972127, 0.07239228310595577, 0.08256740156946064, 0.07067887353342858, 0.07995957939503136, 0.0810425646716306, 0.08024612557247382, 0.0720304240114211, 0.07569131571090829, 0.07149671164713756, 0.08212998100728718], [0.07375714497200889, 0.07502641011893531, 0.08333333333333333, 0.07237007881659507, 0.08280160030892311, 0.07058333632618631, 0.07982701585599046, 0.0810320080288312, 0.08013342772674642, 0.07193471990514397, 0.07560199981049757, 0.07144564374470368, 0.08215328105210463], [0.07387275170686095, 0.07508360279997794, 0.08295079888167393, 0.07247871566360602, 0.08305482026157765, 0.0706435381459979, 0.07970269819663128, 0.08098833261002346, 0.08002032443228681, 0.07197563844550237, 0.07559517704067185, 0.07153835426150039, 0.08209524755368945], [0.07398851210549616, 0.07514530282963042, 0.08257226061350449, 0.07253245953595147, 0.08309273797425372, 0.07061575980990449, 0.07966220869896054, 0.08103953961384909, 0.07999537278857313, 0.07195807030061782, 0.07560643412402926, 0.07155873324258664, 0.08223260836264296], [0.07422182588674, 0.07527221595193448, 0.08203002516206427, 0.07267763946688265, 0.0830889744211087, 0.07066552951247447, 0.07956728745609173, 0.08102053730728333, 0.07991233828846366, 0.07200695490133474, 0.07565474904922742, 0.07166607051165158, 0.082215852084743], [0.07447668823637725, 0.07543519824366147, 0.08145888006976444, 0.0728390418096126, 0.08308308574210801, 0.07073456717374994, 0.07949253668818516, 0.08098585445740236, 0.07984455639742004, 0.07207116575122928, 0.07574072166999662, 0.07178355714136199, 0.08205414661913096], [0.0747474195856871, 0.07559191025899967, 0.08104448315985809, 0.07305740240498453, 0.08298654903699905, 0.07091625001676788, 0.07935501811515644, 0.08082127160342961, 0.07970113587258186, 0.07221818226742076, 0.0758223723539723, 0.07198555816455134, 0.08175244715959133], [0.07492537592148268, 0.07575440144614166, 0.08058320627404433, 0.07315501189381865, 0.08297345309461271, 0.07091546833391076, 0.07936957001114048, 0.08082659210497731, 0.07971672635075677, 0.07224756992400372, 0.07594167846604924, 0.07203534027942522, 0.0815556058996364], [0.07501644647341993, 0.07585287016245268, 0.08022637306413928, 0.0731831843499441, 0.08333333333333333, 0.07086133615745084, 0.07937252668318369, 0.08080670808186995, 0.07971864239572442, 0.07222731447706679, 0.07601405691875272, 0.07202320779464629, 0.08136400010801592], [0.07514391431617751, 0.07604377719347467, 0.07983596886070628, 0.0732599961701092, 0.0828442749737724, 0.07085220286913481, 0.07949123022009352, 0.08091716918268808, 0.07983165789695897, 0.072273629938007, 0.07619772455919537, 0.07205748225250062, 0.0812509715671817], [0.07515224932998266, 0.07616017310339313, 0.07956518651384151, 0.0732422478430571, 0.08251593607557842, 0.07076695824678662, 0.07964893695792546, 0.08112222972570803, 0.07998507777657966, 0.0722544187846209, 0.07633759155142886, 0.07200577248265447, 0.08124322160844327], [0.07509544760583897, 0.07626045801876634, 0.07913594398693359, 0.07314454272501518, 0.08295594354038044, 0.07056679976718902, 0.07980021112687566, 0.08132040497101127, 0.08012551693565285, 0.07215185208665682, 0.07647268853513246, 0.07185668870839129, 0.08111350199215626], [0.07495502117005885, 0.07635762007058862, 0.07879017451858368, 0.07301307770718411, 0.08293829620388604, 0.0703676363766389, 0.0800966410271531, 0.08162621863953276, 0.08040578289104461, 0.07206670560044558, 0.07665700382448992, 0.07169055980170057, 0.08103526216869343], [0.07360188164171512, 0.07524110252423909, 0.08310552649929054, 0.0722008246210085, 0.0806240693327317, 0.07060710938087324, 0.08094076681292822, 0.08130663671565644, 0.08113032834084535, 0.07210324468615496, 0.07616197298182195, 0.07132199356408533, 0.0816545428986496], [0.07361497533601272, 0.0751793462066625, 0.08304364178621859, 0.07222796492578575, 0.08102081104964685, 0.07062149191624943, 0.08073087026274263, 0.08128601872716944, 0.08094707497964217, 0.07208394420182185, 0.07604943405559056, 0.07135090884941145, 0.08184351770304626], [0.07360388550235472, 0.07513183422127395, 0.08323531792455022, 0.07222369358135171, 0.0812441691747443, 0.0706086871662477, 0.08059628188460304, 0.0812440937503027, 0.08082449807575803, 0.07205365073060946, 0.07597021919748093, 0.07134688687374764, 0.08191678191697563], [0.07362204011575398, 0.07507729653293053, 0.08323681952168809, 0.07224370674231459, 0.08171269668799039, 0.07058586166284117, 0.08037288099028597, 0.0812152323402699, 0.08062911268431265, 0.07200455498724498, 0.0758442370342404, 0.0713571785072673, 0.0820983821928602], [0.07358541102308076, 0.07510671514571282, 0.08333333333333334, 0.07219517238314675, 0.08132779646176919, 0.07055599438465197, 0.08057071007240751, 0.08127529621156973, 0.08080948772588754, 0.07200532513968064, 0.07593235213770903, 0.07130907581154419, 0.08199333016950663], [0.07365310033338918, 0.07504426647691025, 0.08333333333333334, 0.07228855661928167, 0.082079404019599, 0.07061639193587872, 0.08016821982300365, 0.0811108524866109, 0.08043580931578108, 0.07200441858445202, 0.07575605954636162, 0.07140323516473068, 0.082106352360668], [0.07373217561219805, 0.07506499982435393, 0.08307345269861191, 0.07239494262983422, 0.08234183124873386, 0.07073971216059162, 0.08001523843629055, 0.08099034277190774, 0.08028308421942874, 0.0720884507955236, 0.07573504274574512, 0.07152268647679358, 0.08201804037998714], [0.0737630901164213, 0.07505805107872147, 0.08298285957380035, 0.07240902912829897, 0.08263263698654537, 0.07069970869822019, 0.0799179648995635, 0.08100398970678475, 0.08020392636288597, 0.07204227585182772, 0.07567964970671115, 0.07151639595098776, 0.08209042193923152], [0.07379317402716304, 0.07502597085096616, 0.08333333333333333, 0.07245129046348497, 0.08298957829003259, 0.07072867174550504, 0.07970919826789888, 0.08084624846830801, 0.0800000166023278, 0.07203884432765731, 0.07559398417636776, 0.0715582462368695, 0.0819314432100855], [0.07392258433606239, 0.07509674902248481, 0.08290612646085366, 0.07256885890822869, 0.08313192613411866, 0.07078783525194896, 0.07960422232941965, 0.08083554776775038, 0.07990943924693258, 0.07208149435511095, 0.07559741927619039, 0.07165564220013769, 0.08190215471076114], [0.07398268146296784, 0.07511609853449407, 0.0826850608671216, 0.0725719057890378, 0.08333333333333333, 0.07071952452421366, 0.07956847443060072, 0.0808794501602795, 0.07988795337997985, 0.07202634115788006, 0.0755795137872035, 0.0716287888713183, 0.08202087370156977], [0.07409900132927652, 0.07517511647622248, 0.08239405654483331, 0.07263256727070884, 0.08333333333333333, 0.07071759003801903, 0.07952594644732754, 0.08089799008682849, 0.07985570428711875, 0.0720291525109687, 0.07559515076499551, 0.07166435992115433, 0.08208003098921306], [0.07426270184441482, 0.07527020275055551, 0.08208032879955551, 0.07274701007573785, 0.08313524534032213, 0.07078143913506317, 0.07947537910406244, 0.08088641335529026, 0.07981107825833587, 0.07208685785871619, 0.07564145624126312, 0.07175874862180202, 0.08206313861488111], [0.07433726728422343, 0.07530340216074981, 0.08188186229236663, 0.072787738604032, 0.08333333333333334, 0.07079153557418241, 0.07942192663412952, 0.0808520719366125, 0.07976073029749998, 0.07209102587745608, 0.07564487213249886, 0.0717850217052641, 0.08200921216765147], [0.07447721419382733, 0.0753805063651463, 0.08161857278841494, 0.07288935796235459, 0.08333333333333333, 0.07086180896202092, 0.07935355544933897, 0.08079344643474878, 0.07969343733276067, 0.0721462475880843, 0.07567908193389394, 0.07187217351253997, 0.08190126414353587], [0.07459124384724576, 0.07546138358424716, 0.08134472801163344, 0.07295216541568794, 0.08333333333333333, 0.07086927584627557, 0.0793373763812152, 0.08079694087636545, 0.07968136851357514, 0.07216061840075924, 0.07572592359064084, 0.0719083823074413, 0.08183725989157963], [0.0749317288843762, 0.07564990621200479, 0.08080790522063319, 0.07322594269805119, 0.08333333333333333, 0.07109750151392845, 0.07914350935091663, 0.08056344757239343, 0.07947900036478461, 0.07234220619073273, 0.07581692475332773, 0.07216203743614558, 0.08144655646937214], [0.07508247716569341, 0.0757945041860162, 0.08045123417586837, 0.07330774447204937, 0.08317624557785241, 0.07109311634038279, 0.07917530013397249, 0.08058903226417409, 0.07951198379165103, 0.07236787983815032, 0.07592776005068749, 0.072201807419192, 0.08132091458431001], [0.07472783994028191, 0.07560744150930283, 0.08101000697615, 0.07302483356825208, 0.08288262430773415, 0.07085791691174759, 0.07942464698201547, 0.08090676071982988, 0.07977485421625494, 0.07218405343573026, 0.07584814355266828, 0.07193994905963341, 0.08181092882039935], [0.07519936772622486, 0.07589212785611728, 0.08015931376425177, 0.07337377587416008, 0.08333333333333334, 0.07109919734983518, 0.0791486622875388, 0.08053889414109854, 0.07948264958157558, 0.07238892265786429, 0.0759931246010441, 0.07223878852647272, 0.08115184230048358], [0.07538848863436887, 0.07610317924797103, 0.0797522209418473, 0.07350131772318207, 0.08286206434486643, 0.07113924140620305, 0.07921072895531982, 0.08058488240029303, 0.07953757209273679, 0.07246943685145378, 0.07617546310722226, 0.07232340543705544, 0.08095199885748017], [0.07539543457331982, 0.07618308749312391, 0.07956870547689888, 0.07347961919926517, 0.08268202934205526, 0.07105952389652227, 0.07931505943581776, 0.08072779494050258, 0.0796405818491505, 0.07243977479627983, 0.07626733640846628, 0.07227251996120201, 0.0809685326273958], [0.07540036457040253, 0.07631279363240638, 0.07922858031007769, 0.07344360233612017, 0.08259224337062436, 0.0709324659052127, 0.07946255472229959, 0.08092239489679887, 0.07978092171307617, 0.07239406259082426, 0.07641809502000456, 0.07219077193724462, 0.08092114899490825], [0.0754500418859561, 0.07645189752712166, 0.07880682496340076, 0.07344711156015853, 0.0829149828679649, 0.07084610131181233, 0.07950247264493086, 0.08097655830562481, 0.07980463789088625, 0.07237365801167822, 0.07655698456995642, 0.07214966427828717, 0.08071906418222188], [0.07521038111369474, 0.07642599773425354, 0.07867483076719864, 0.07321454260753665, 0.08333333333333334, 0.0705575685157356, 0.07976153766890182, 0.08126506346426414, 0.08006243198731335, 0.07218793325553681, 0.07661905749189088, 0.07188787124734583, 0.08079945081299479], [0.07361616918333304, 0.07523029755972808, 0.08333333333333333, 0.07225290427687472, 0.08068334759696387, 0.07071783845170462, 0.08079743696014634, 0.08113587597334682, 0.08097117014966668, 0.07217840841300956, 0.07614130664153548, 0.07140109867157299, 0.08154081278878447], [0.07363625339885803, 0.07513692837667638, 0.08333333333333333, 0.07229417763124975, 0.08127170162942987, 0.07073885752252264, 0.08048547951773334, 0.08108003372797126, 0.0806967591690067, 0.07214881529085926, 0.0759719725814501, 0.07144481513787104, 0.08176087268303829], [0.07364697738071116, 0.0751822584193657, 0.08313943165922388, 0.0722988417274551, 0.08106240627285566, 0.07075267413173475, 0.08061006934438746, 0.08111903240249956, 0.08080930276885777, 0.0721790093100567, 0.0760477480683558, 0.07144962636156303, 0.08170262215293336], [0.07364417349362765, 0.07512562652231673, 0.08314134216592323, 0.07228881140223871, 0.08145139321866438, 0.07069399952761904, 0.08045298856003885, 0.08114781885513028, 0.08068302746925517, 0.07210614275186561, 0.07593286856239088, 0.07142540208192902, 0.08190640538900053], [0.0736920278169564, 0.0751252390388786, 0.08312482336348241, 0.07237170648567859, 0.08161396120703755, 0.07081624216270856, 0.08029722936380665, 0.08100206017463496, 0.0805219289339262, 0.07218818959968736, 0.07590587767118143, 0.07152981517294832, 0.08181089900907298], [0.0737206582435943, 0.07509635158910197, 0.08307347388074625, 0.07240200982223823, 0.081981731556275, 0.07081170558044929, 0.08013465788152593, 0.08096902048176269, 0.08037891303845203, 0.07216316604695457, 0.07582055437651183, 0.07155226920847678, 0.08189548829391118], [0.07368663785970041, 0.0751137230369828, 0.08303642574780495, 0.07234978568095433, 0.0817281958165945, 0.07075675695899156, 0.0802938744746219, 0.08106796611203926, 0.0805323847167652, 0.07213781297816503, 0.07587793286347654, 0.07149316429241069, 0.08192533946149282], [0.07377632999437142, 0.07508930417573574, 0.08300995142829792, 0.07247482996667517, 0.08230080904598291, 0.07087655812416392, 0.07995681457398283, 0.0808658988557905, 0.08020954529791544, 0.07219578659606658, 0.0757613578406369, 0.07162901921087685, 0.08185379488950394], [0.073790749467651, 0.07506963259653576, 0.08315590549413901, 0.07249468492560854, 0.08248892042343518, 0.0708862820898777, 0.07984695657273927, 0.0807999698984957, 0.08010526999171977, 0.07218873786292641, 0.07571133339129694, 0.07164770887252214, 0.0818138484130525], [0.07381335344342872, 0.07506808685740171, 0.08308283907178682, 0.07251257550269011, 0.08266780626343531, 0.0708808490596858, 0.07978637546250156, 0.08079081648480077, 0.08005295423807335, 0.07217593762480304, 0.07568277101956565, 0.0716575455256317, 0.0818280894461954], [0.0738670567440247, 0.07507154178927539, 0.08305767206702744, 0.07257585749672578, 0.08291988238784856, 0.07093222794584736, 0.07964880504757567, 0.08070012361126466, 0.07992089495967777, 0.07220109277643272, 0.07564204537467094, 0.07172015042606578, 0.08174264937356347], [0.07390683971546641, 0.0750682090867798, 0.08299915996893183, 0.07259143396893811, 0.08333333333333333, 0.07087561981382078, 0.07953502661152892, 0.08069243433090886, 0.07982520512606663, 0.07214150112180796, 0.07558097407319948, 0.0717079544726803, 0.08174230837653756], [0.07396728813948011, 0.07510062403122363, 0.08284778130182853, 0.0726381953720222, 0.08333333333333333, 0.07089216730169119, 0.07949923274684682, 0.08069818979068832, 0.07979622067617267, 0.07215405902950084, 0.07558483285974303, 0.07174360248066121, 0.08174447293680806], [0.07401335752507483, 0.07512714255745949, 0.08275743131964795, 0.07266402985447151, 0.08320828914819971, 0.07089495035214707, 0.07949781647218598, 0.08072467974827194, 0.07979975062816418, 0.07215899775029865, 0.07559641616212029, 0.0717601518392458, 0.08179698664271272], [0.07415002578048789, 0.0751939366099427, 0.08248953896141287, 0.07275338488023546, 0.08307472132592457, 0.07093479565125173, 0.0794424609990983, 0.08072448205748027, 0.07975324076894112, 0.07219315263275705, 0.0756165633653152, 0.07183120972644048, 0.08184248724071234], [0.0742632754100794, 0.07524969569767154, 0.08224213731340116, 0.07281431802586007, 0.08307960486616343, 0.07093739352360555, 0.07939641347947915, 0.08072985796974162, 0.07971599205493161, 0.07219884920476613, 0.07563019831239941, 0.07186900643732878, 0.0818732577045722], [0.07434314276148492, 0.07528069376678637, 0.08201433449363561, 0.07284974779403003, 0.08333333333333331, 0.07092994485067852, 0.07933669967678673, 0.0807039744376267, 0.07966210503339113, 0.0721878861506705, 0.0756257069176209, 0.07188479936215401, 0.08184763142180107], [0.07461662548519525, 0.07543268695745282, 0.08159123760643963, 0.07307124902332797, 0.08301448912792019, 0.0711174854646816, 0.07921672439584779, 0.08059351301836752, 0.07954196334569581, 0.07233574545416492, 0.07570183747026597, 0.07209145185478172, 0.08167499079585881], [0.07481986191398399, 0.07553963011595875, 0.08122777608258815, 0.07322340959458935, 0.08306959090894903, 0.07123029165953178, 0.0791023562000173, 0.08047861754722796, 0.07942665899507774, 0.07242285237748894, 0.0757461690574341, 0.07222575642237988, 0.08148702912477306], [0.07495648458362464, 0.07564405192119139, 0.08082999641972496, 0.07326738535725075, 0.08333333333333333, 0.0711673784766666, 0.07908835697775506, 0.08049197989185114, 0.07941968592661545, 0.07238831078601249, 0.07580327757085775, 0.07221784162400577, 0.08139191713111069], [0.07479884506693861, 0.07556152576693012, 0.08109348701947569, 0.07314304858031231, 0.08323880785126062, 0.07106603870412723, 0.07919076694327525, 0.08061411811179862, 0.07952627793914106, 0.07230952029036496, 0.07576836901912228, 0.07210367543749054, 0.08158551926976274], [0.07467644931215384, 0.07547693570768711, 0.08142215337617853, 0.07308935749377683, 0.08305753660760236, 0.07108803083001412, 0.07921843155749049, 0.08061964842645392, 0.07954882571303179, 0.0723181048934596, 0.07572521071197083, 0.0720864984594807, 0.08167281691069994], [0.07446282341202451, 0.07535845706284713, 0.08179437388200732, 0.07292812221991798, 0.08312864161132905, 0.07096781788438716, 0.0793199425694354, 0.0807144273294336, 0.07965010197172484, 0.07222294492166051, 0.07566980950080142, 0.0719439702982292, 0.08183856733620194], [0.07476463606638209, 0.07553052287818382, 0.08116097580587513, 0.07312314385150002, 0.08333333333333333, 0.07106338261475442, 0.07917988769264855, 0.08059882309738675, 0.07951426481915702, 0.07230171387688443, 0.07574467206504805, 0.0720921502615789, 0.08159249363726741], [0.07467243746404778, 0.0755219576049429, 0.08120354869888112, 0.07301113966564057, 0.08318029168261917, 0.07090532082861273, 0.07933132029667725, 0.08079207947975908, 0.0796756779895969, 0.07219636996938184, 0.07576744379469336, 0.07195645934119668, 0.08178595318395075], [0.07505540304672526, 0.07572763840976643, 0.08059473264320921, 0.07331850853098892, 0.08333333333333334, 0.0711621712946318, 0.07908823134045727, 0.08049192588731993, 0.07942081032070228, 0.07239846549227957, 0.0758603511758567, 0.07224162269403919, 0.08130680583069025], [0.07517211629895285, 0.07582490332540126, 0.08033567563226165, 0.07338767248110552, 0.08333333333333331, 0.07117582791641743, 0.07907675233353907, 0.08046738012939149, 0.07940822261687673, 0.0724253851712415, 0.07592765196503415, 0.07228391477020356, 0.08118116402624136], [0.0753173271432789, 0.0759605465296008, 0.08003074678943652, 0.07348030548121336, 0.08319036573004959, 0.07120301224037512, 0.07908428041764023, 0.08044645574545553, 0.07941240413498919, 0.07247330178271454, 0.07603212742002186, 0.07234470704648135, 0.08102441953874323], [0.0754386199659391, 0.07607734620107304, 0.07980257559718296, 0.07356674870585515, 0.08296938322668769, 0.0712446588378943, 0.07909288356319144, 0.08043455258872531, 0.07941629200903134, 0.07252958962117657, 0.07612614561335532, 0.0724093609275201, 0.08089184314236748], [0.07551949352788223, 0.07623122134875261, 0.07948773317467929, 0.07359667176581158, 0.08261785779649211, 0.0711874203996744, 0.07920266901917707, 0.08059711038002769, 0.07952143200234049, 0.07253326798215333, 0.07627808495843955, 0.07239582735445338, 0.08083121029011628], [0.07560445512780536, 0.07640098307773381, 0.07909819982087025, 0.07363069149211658, 0.08244804857618655, 0.07112864224945435, 0.0792883659751348, 0.08071929543480265, 0.07959602569850656, 0.07254083868195989, 0.07644509619851132, 0.07238364929533071, 0.08071570837158712], [0.07559838778923318, 0.07648360111458688, 0.07882822165990373, 0.07359224174371994, 0.08269378090249492, 0.07102073733141445, 0.07935499653424719, 0.08080493857152277, 0.07965420142475185, 0.0724921681105209, 0.07653920975654065, 0.07231039578945668, 0.08062711927160678], [0.075532903474881, 0.07657724066530637, 0.07851427543389847, 0.07350452314502219, 0.0829811921950471, 0.07085332483816428, 0.07949561555327045, 0.0809546805032306, 0.0797816813514013, 0.07241336824144953, 0.07667248909963059, 0.07218238306353633, 0.0805363224351617], [0.07525235232390269, 0.076551825448153, 0.07844167021444749, 0.07325715319495997, 0.08306759299653522, 0.07056901400020653, 0.07983902300380281, 0.08131331137727646, 0.08012214109908172, 0.07223956078061247, 0.07676300986349661, 0.07191493295492998, 0.08066841274259498], [0.0745029894546582, 0.07536289890657608, 0.08180716268813186, 0.07299882840857613, 0.0831058841473252, 0.07108497822253874, 0.07924596732142657, 0.08060180688855638, 0.07956746887708914, 0.07230674411949309, 0.07566622437083369, 0.07203792507978253, 0.0817111215150123], [0.07436753829573436, 0.07529003294734217, 0.08210257801370878, 0.07292724866667379, 0.08307014861250646, 0.07107570895244182, 0.07929506226058365, 0.08060420919661078, 0.07960816627279517, 0.07230040993724401, 0.0756417852634192, 0.0719959668486808, 0.08172114473225896], [0.07422525574302075, 0.07521738314465588, 0.08237596910140994, 0.072843474715233, 0.08314947390034555, 0.07105328638287232, 0.07934733805200371, 0.0806025069649466, 0.07965118743308737, 0.07228002224824168, 0.07561878048853908, 0.07193743393732784, 0.0816978878883163], [0.07414702288566948, 0.07517207672947264, 0.08251302407695915, 0.0727929366597921, 0.08333333333333333, 0.07103349471046758, 0.07935809974845134, 0.08058194413859761, 0.07965654120546695, 0.07225982098509377, 0.07559712989026293, 0.0718988563133112, 0.08165571932312192], [0.07406231486653299, 0.07514735040962667, 0.08273829623515204, 0.07275982096612062, 0.08314232403377783, 0.0710563917415874, 0.07941947488507689, 0.0805817638917866, 0.07970717971291151, 0.07228154699705625, 0.07561358256206636, 0.07188770293257722, 0.08160225076572757], [0.07395033663596895, 0.0751023152719986, 0.08292957687254628, 0.0726816736312192, 0.08302647794400818, 0.07104877936821578, 0.0795214917387615, 0.08058544148295152, 0.07979265826137649, 0.07228310694195986, 0.07563395374374107, 0.07183555080721614, 0.08160863730003648], [0.07393060364675498, 0.07510746508933193, 0.08289981578134045, 0.07267165272840555, 0.08284875670105485, 0.07107242882416577, 0.07958791372045325, 0.08059871411259503, 0.07985004756426634, 0.07231107363999004, 0.07566961889659472, 0.07183803026677235, 0.08161387902827473], [0.07474648157586768, 0.07566068604936027, 0.08086981470321164, 0.07301534612544322, 0.08275314348645546, 0.0708031201683394, 0.0795031932102876, 0.08099820908698095, 0.07985760382419863, 0.07216022355538013, 0.07590387828773183, 0.07190792068105108, 0.08182037924569215], [0.07505788224996228, 0.07583721338427414, 0.08034018232199848, 0.07325217796947923, 0.08311596004132608, 0.07098042411498352, 0.07929278565175031, 0.08071952456060101, 0.07963476606005106, 0.07230417904571824, 0.07598553011407758, 0.07211742718237224, 0.08136194730340586], [0.07526571235206915, 0.07601647517188848, 0.07992423761080933, 0.07339927458378465, 0.08302719033516182, 0.07105547357628421, 0.07926113753873107, 0.08062930749706364, 0.0795946021698834, 0.07239382275805774, 0.07611800205807642, 0.07222977711804579, 0.08108498723014437], [0.07386917888084045, 0.07508492389281565, 0.08311392317230902, 0.07260403813018304, 0.08267826002857478, 0.07101680217254353, 0.07967341468095959, 0.080644449157216, 0.07993023884532847, 0.07227506581885046, 0.07568239082002076, 0.07177205601116, 0.08165525838919813], [0.07381485164742024, 0.07506830266763266, 0.08333333333333334, 0.07254580037448168, 0.08247947259161216, 0.07097392866931125, 0.07975718982090187, 0.08067897017364435, 0.0800069117420005, 0.07225020689701529, 0.07570128292589862, 0.07171707810775677, 0.08167267104899145], [0.07381177905735195, 0.07510603398288221, 0.08305605445523324, 0.07254355698018869, 0.08222915196680358, 0.07099984928585082, 0.07989286501060289, 0.08074247547609364, 0.08013160196413686, 0.0722900090582505, 0.07577959761517616, 0.07172237228834108, 0.08169465285908839], [0.07379941643851354, 0.07513499346661857, 0.08295259904562276, 0.07253285586324111, 0.08196056787680828, 0.07102063904550522, 0.08001558192613693, 0.08077909875969227, 0.08024067608650448, 0.07232316241601687, 0.07585049200062506, 0.07171989203627979, 0.08167002503843519], [0.07374446055405595, 0.07512890262971385, 0.0832059375600875, 0.07246732947836976, 0.08170841397657262, 0.07096708278878387, 0.08013243201574027, 0.08081916990623868, 0.08034660989449095, 0.07229317553965137, 0.0758871869477569, 0.0716535896068368, 0.08164570910170131], [0.07371371912916189, 0.07512456484615353, 0.08333333333333333, 0.0724269469133344, 0.08159102497324044, 0.07092498068487582, 0.08019894718090022, 0.08085231702315705, 0.08040916491991666, 0.07226659704883154, 0.07590360648936556, 0.07160945636544717, 0.08164534109228223], [0.0737159622571846, 0.07515992616823887, 0.0831374451836949, 0.07242164724058645, 0.08141284415305519, 0.07092573914544215, 0.08031434244352108, 0.08090649915887069, 0.08051618614114252, 0.07228393082881776, 0.07596711657853214, 0.0716030479122184, 0.08163531278869529], [0.07370065919414315, 0.07518101371750092, 0.08313462817856791, 0.07239705563487031, 0.0812197939723596, 0.07090585834465937, 0.08042314636012933, 0.080944947221956, 0.08061508549132136, 0.07228307927796758, 0.07601889879421866, 0.0715763859682896, 0.08159944784401611], [0.07369565279178632, 0.07522976448609932, 0.0831835230484958, 0.07239292130353843, 0.08093115914835233, 0.07093062849211651, 0.08053692890678693, 0.08092732179907497, 0.0807060415531723, 0.07232268004615354, 0.07609988626939106, 0.07157946736588898, 0.08146402478914343], [0.07370304257820791, 0.07529184327499418, 0.08308797412253256, 0.07239460594509928, 0.08065452293034604, 0.07094843068648182, 0.08067514756545291, 0.08093555866895098, 0.08082232397907223, 0.072360926188163, 0.0761937897541613, 0.0715830343236353, 0.08134879998290258], [0.07364733255799721, 0.0752076394139526, 0.08333333333333331, 0.07231564800979431, 0.08088623193301586, 0.07081292222868191, 0.08062467292701428, 0.08102588870371247, 0.08080162873051484, 0.07223415983316961, 0.07609029117612474, 0.07148248684827536, 0.08153776430441331], [0.07500445566105933, 0.07572778748314815, 0.08063027592557163, 0.07326155296983039, 0.08317826245812508, 0.07108459380578792, 0.07918016889860185, 0.08060289961989522, 0.07951755131730699, 0.07234974900763894, 0.07588061405700869, 0.07217386927436034, 0.08140821952166541], [0.07486542587577241, 0.0756672875159435, 0.08081837169823923, 0.07314118448587915, 0.0830452328743694, 0.07096774729024537, 0.07930245051568822, 0.08075598032487086, 0.0796465040423823, 0.07226405121333764, 0.07586377262294722, 0.0720541445240737, 0.08160784701625098], [0.07502303060610085, 0.0759356037035813, 0.08006731936505912, 0.0731679872247768, 0.0830274912096083, 0.07079565225117646, 0.07951087442248639, 0.08093273127092943, 0.07985845399502828, 0.07221011536486027, 0.07611443482210681, 0.07198253722989617, 0.08137376853438974], [0.07488382502221098, 0.07577071021436621, 0.08048125120244921, 0.07308855436609896, 0.0830999238987398, 0.07080195185207892, 0.07945975665042539, 0.08093011503055589, 0.07981192567578262, 0.07217545551574046, 0.07597268097581099, 0.07194515263106475, 0.08157869696467575], [0.07438142786927823, 0.07537218687946298, 0.08167977437002162, 0.07278043585226984, 0.08305024048334614, 0.07071331843709046, 0.07951979295477614, 0.08100196262825345, 0.07986966032336892, 0.0720496649352228, 0.07570645082947569, 0.07174277722396101, 0.08213230721347281], [0.07461864599875909, 0.07555724092240207, 0.08112847598892205, 0.07292626581954753, 0.08288425072178095, 0.07075741182129652, 0.07951123547058553, 0.08101604564235483, 0.07986649930620698, 0.07210909006054574, 0.07582998393999878, 0.0718396533418144, 0.08195520096578585], [0.07508663379112092, 0.07605577197996734, 0.07980336913436926, 0.07320144839199212, 0.08270025868650459, 0.07077184491670929, 0.07960188678280579, 0.08105011632634634, 0.07994499304681145, 0.07222858034009295, 0.07623658522409525, 0.07198754754836785, 0.08133096383081699], [0.07505753239339832, 0.07617097952498159, 0.07942897630846903, 0.07313680960531238, 0.08270617625477446, 0.07061612023665771, 0.07978101741550093, 0.0812879372899806, 0.08011761660483346, 0.07216160412169016, 0.07638498090731607, 0.07187714485173824, 0.08127310448534696], [0.07550304504908416, 0.07672174246421853, 0.07817306900956217, 0.07347295854540913, 0.0828904204729918, 0.07075863896372696, 0.07971855013676946, 0.08107462363074747, 0.0799112884363074, 0.07240422603133223, 0.07686402565456685, 0.07211890920220984, 0.08038850240307412], [0.07562886967188331, 0.07668898261783728, 0.07829674305972717, 0.07358378014732558, 0.08289280568394028, 0.07090174531276003, 0.07949765209272454, 0.08090088651174332, 0.0797374215933524, 0.07247687944216079, 0.07676874703662868, 0.07224664999924786, 0.0803788368306686], [0.07364861445232619, 0.0752423403868732, 0.08173036261437422, 0.07201155272159573, 0.08111089600299114, 0.0699316804263682, 0.08095697342846807, 0.08247708581748255, 0.08134793597518845, 0.0715596837429171, 0.0759679051190964, 0.07093198702490046, 0.08308298228741826], [0.07361823879637287, 0.07516669389216793, 0.08206749733641165, 0.07203146279144329, 0.08141281741782695, 0.07002310533813812, 0.08078190959823922, 0.08218212842610706, 0.08115036287296618, 0.07160400295631374, 0.07588477195577992, 0.0709866108813067, 0.0830903977369266], [0.07364274471120938, 0.07513997506930514, 0.08204411004743369, 0.0720667446946037, 0.08166791278262002, 0.07005133613494913, 0.08059832839164481, 0.08204631223393166, 0.0809669776266712, 0.07160484148592274, 0.07581452479188186, 0.07102285869649334, 0.08333333333333333], [0.07368944094792204, 0.07513383226529535, 0.08220248164428727, 0.07213997152511062, 0.08192582684491362, 0.0701454506419824, 0.08043541829729241, 0.08187404532074286, 0.0807971249125541, 0.07166200897940378, 0.07577368013691663, 0.07110961143652098, 0.0831111070470579], [0.07378199264161213, 0.07517698540564835, 0.08212780456784542, 0.07221867578070883, 0.08207217435776747, 0.07017013460020727, 0.08029606031669952, 0.08182286687374153, 0.08066735095222796, 0.07167463973946911, 0.07575610175663959, 0.07116882632230787, 0.08306638668512473], [0.07386984348768566, 0.07524222582574401, 0.08187932420113446, 0.07227943519201574, 0.08204059594936887, 0.07016683957274122, 0.08024023989647691, 0.08183562891162523, 0.08062091455815946, 0.07167811284991953, 0.07577743373166702, 0.07120347123229741, 0.08316593459116436], [0.07399323299168757, 0.07539826882316009, 0.08139932563839519, 0.07234833486485623, 0.08170691183805355, 0.070150455606626, 0.08038763952867048, 0.08205755335632382, 0.0807817733793143, 0.07170602396027408, 0.07592127625883123, 0.0712326114451665, 0.08291659230864112], [0.07392230800236706, 0.07546058710093524, 0.08090923827714568, 0.07220496908030544, 0.08127558435180086, 0.06994290597635879, 0.08077983718624744, 0.08253042705087112, 0.081193418671954, 0.07159313034426716, 0.07606155309517852, 0.07105052020853977, 0.08307552065402905], [0.0737575602289348, 0.07538533353506754, 0.08111023878145761, 0.0720396463190384, 0.0809162607556232, 0.06982411563091691, 0.08106609494585312, 0.08283797505698216, 0.08148714698731212, 0.07151140759752023, 0.07608017630290488, 0.07089838966323127, 0.08308565419515775], [0.07365803093861197, 0.0753035630805952, 0.08135344138736406, 0.07196337742939785, 0.0807933628014036, 0.06980179029578235, 0.08111508668953198, 0.0827837699842297, 0.08152905819312026, 0.07148372598562398, 0.07603737282068122, 0.07084408706032444, 0.08333333333333333], [0.07370142298031734, 0.07526860766985306, 0.0815172360377722, 0.07204216827112582, 0.08118287621489119, 0.0699063684883325, 0.08085911931164674, 0.08250181477878911, 0.08126105901774612, 0.07153578660025008, 0.07594997244380255, 0.07094023485213997, 0.08333333333333333], [0.07366935922993069, 0.07522605541711695, 0.08179911146187564, 0.07204866892591118, 0.0812969243979784, 0.06998011788714849, 0.08083293967179274, 0.0823547698656509, 0.0812189815343916, 0.07158342613689682, 0.07592630210509685, 0.070976967372257, 0.08308637599395284], [0.0737464112241924, 0.07522275032544361, 0.0817469499064464, 0.07213052000082121, 0.0816404517325897, 0.07002777335797195, 0.0805585644625731, 0.08215606633011177, 0.0809464688383358, 0.07159535938046238, 0.0758450905114031, 0.07105026059631535, 0.08333333333333334], [0.0738693425427908, 0.07535226628050143, 0.08138734930273524, 0.07221265009298816, 0.08142100102446172, 0.07003551690586504, 0.08061980415818382, 0.08230860868618164, 0.08102052299530889, 0.07162888056049298, 0.07594687536419692, 0.07109960790742899, 0.08309757417886428], [0.07381035470771807, 0.07530649287660011, 0.08150071809155074, 0.07216726457876661, 0.08144964643010412, 0.07002321558841006, 0.0806556846569276, 0.08231356223403839, 0.08105308771015261, 0.07161418614028066, 0.07592615567902032, 0.07106755416156332, 0.08311207714486736], [0.07382354638358432, 0.07536602814240453, 0.08118641399486957, 0.0721350598305813, 0.08113713518234489, 0.06993020736779597, 0.08079268015618764, 0.08252469961742172, 0.08120303039161025, 0.07156586685804996, 0.07599689570095544, 0.07100510304086109, 0.08333333333333334], [0.07372200021452767, 0.0752047276036103, 0.08185149793305364, 0.07212489437166926, 0.08164750447343781, 0.07006102963773848, 0.08058569155655271, 0.08212656264892057, 0.08096617114225944, 0.07162042944222324, 0.075847545972686, 0.07106115769504727, 0.08318078730827366], [0.07381230281768607, 0.07522682764106728, 0.08182752794397277, 0.07220745125541449, 0.08188398422335813, 0.07009143648139153, 0.08035888311425984, 0.08196553839673316, 0.08074381073649926, 0.07162785280618617, 0.07579462087889431, 0.07112643037120359, 0.08333333333333333], [0.07391747334362547, 0.07534030198784708, 0.08152517602991109, 0.07228171034087387, 0.08169636998152073, 0.07011121057906482, 0.08042758752724548, 0.08208912743283481, 0.08082110736235688, 0.07166858618496642, 0.0758900751071673, 0.07117640793443673, 0.08305486618814922], [0.07397463467617935, 0.07546531165497802, 0.0809991612533925, 0.07227143301000385, 0.08145612151947566, 0.07001049023244546, 0.0806347837769114, 0.08236069165189655, 0.08104256035524372, 0.07163357280575204, 0.07602857778629211, 0.07112124772123452, 0.08300141355619485], [0.07404560577335668, 0.07546911636587433, 0.0811436553870754, 0.07236984019402072, 0.08167739403529344, 0.07012385964691567, 0.0804437563680876, 0.08213368146958075, 0.08084274273374653, 0.071704547342093, 0.07598507466484093, 0.07123163675408242, 0.08282908926503259], [0.0737663379027077, 0.07519398096202386, 0.082005667525636, 0.07218631286733404, 0.08190550240651977, 0.07012438768919947, 0.08040532971403876, 0.0819494115439671, 0.0807816413777027, 0.07165164106952637, 0.07579365824821103, 0.07112791842716419, 0.083108210265969], [0.07392815915950408, 0.07530135079755189, 0.08169662824716349, 0.07231867258183587, 0.08195276895973244, 0.07017028198709184, 0.08026135113653296, 0.08188809873192919, 0.08064704656608905, 0.07169292633492781, 0.07582169335753076, 0.07122705669365034, 0.08309396544646028], [0.07403636808688598, 0.07539872210410359, 0.08144591419922917, 0.07240533888628282, 0.08189761617598018, 0.07020983492687444, 0.08025648497062733, 0.08190561865024895, 0.0806455678442777, 0.07174069671138732, 0.07588903922180719, 0.07129415149694295, 0.08287464672535245], [0.07358850120063837, 0.07538580031199539, 0.08135727271692564, 0.07190555553993441, 0.08021761139946969, 0.0698407179226693, 0.08172263586032168, 0.08264306806823608, 0.08211425026045001, 0.07158157081799732, 0.0762818839056679, 0.07081748930457465, 0.08254364269111941], [0.07359870277220634, 0.07538385334319468, 0.08116574461364418, 0.07187777157071353, 0.08043846176863498, 0.0697359507472188, 0.08163693912267585, 0.08290094465292097, 0.08205835088355913, 0.071492020364226, 0.07623854157657058, 0.07075687861296809, 0.08271583997146692], [0.07366720036561857, 0.0754280289679347, 0.08077785466172858, 0.0718887594523013, 0.08081923595955125, 0.06962696832906794, 0.08146621553541872, 0.08333333333333334, 0.08190693339180334, 0.0714038673257205, 0.07621121354769715, 0.07071719404671604, 0.08275319508310865], [0.07388357367412043, 0.07564796156163453, 0.08024207612532896, 0.0720516515194987, 0.08118026004064417, 0.06968795751118115, 0.0814329796300633, 0.08296836541726693, 0.08186024420074334, 0.07149498003949735, 0.0763817136475612, 0.07083613740754198, 0.08233209922491799], [0.07402424719921938, 0.07597208178825673, 0.0794977483007208, 0.07211253586149202, 0.08093437589013418, 0.06967949845116017, 0.08186692323539697, 0.082957746479185, 0.08219892501140776, 0.07160665938232279, 0.07681222226571388, 0.0708553845310807, 0.08148165160390966], [0.07386528001097381, 0.07594999371972326, 0.07967265809321368, 0.07198768059180104, 0.08025539925673174, 0.06967812882618458, 0.08251720254359941, 0.08272578076608537, 0.08276394138351817, 0.0716488318318092, 0.07696645148681855, 0.07077540330337379, 0.08119324818616741], [0.07357695420832891, 0.07568317679408859, 0.08020001992232738, 0.07176221200449867, 0.0798281398809403, 0.06959744400194891, 0.0828577465360159, 0.08294877546438179, 0.08333333333333333, 0.07153776332248149, 0.07678913813801731, 0.07060549775776859, 0.08127979863586873], [0.07352984501627986, 0.0755327233600164, 0.08084088040836047, 0.07179371919276678, 0.07981462009902422, 0.06973505328480654, 0.08248927858000045, 0.08288869758074721, 0.08283024800690719, 0.07158601622189537, 0.0765981541395461, 0.07068903251333672, 0.08167173159631268], [0.07357881484645491, 0.0754345310589155, 0.08122864071564974, 0.07187977364409302, 0.08012493861526604, 0.0698153656108799, 0.08194603624480555, 0.08260039035452979, 0.08233598484278395, 0.07158769024553822, 0.07637748759584297, 0.07078638407254255, 0.0823039621526978], [0.07360199431304165, 0.075425467532813, 0.08104940055995025, 0.07187027136023962, 0.08038591121680658, 0.06972613332720512, 0.08178932018146087, 0.0828333183120463, 0.0822150312892493, 0.07150475507149692, 0.0763100299701047, 0.07074572340800582, 0.08254264345757996], [0.07365327374633687, 0.07547702528689408, 0.0807028499472542, 0.07186742017563819, 0.08066795581847218, 0.06962151158586771, 0.08171731610600502, 0.08315790161022836, 0.08216413077820407, 0.07142931111376939, 0.0763174200804847, 0.0706984319845654, 0.08252545176627972], [0.07369391818429373, 0.07551331015008216, 0.08052360522168249, 0.07188317453856728, 0.08081764131769939, 0.0695881671744737, 0.0816549671099258, 0.08333333333333331, 0.08210129894828999, 0.07140751091836899, 0.07632773834158736, 0.07069311461083787, 0.08246222015085776], [0.07373097564368034, 0.07561031113550618, 0.08024759860629482, 0.07188922203615077, 0.08078782592804616, 0.06956306149142684, 0.08183675660574313, 0.08333333333333334, 0.08227894622110453, 0.07142473658648069, 0.07645743702979949, 0.07068165968233087, 0.08215813570010293], [0.07359010466114312, 0.07552102477042043, 0.08070376075493105, 0.07181310891076109, 0.08026465928749103, 0.06963370121473943, 0.08217302689033423, 0.08296658528616091, 0.08262153551947103, 0.071484020430512, 0.07647859656122372, 0.07066569879679928, 0.08208417691601251], [0.07356354565312144, 0.07559079843398692, 0.08036691579000818, 0.0717441835793866, 0.08012070688798144, 0.0695315525483393, 0.08248513266202133, 0.08333333333