[[0.07104434031491712, 0.07438767687969249, 0.08071012337807831, 0.08241946868046583, 0.07276843106851158, 0.07052424489742752, 0.08064132891894238, 0.08084374745188894, 0.08127078537803274, 0.0751912897680948, 0.07459798939081325, 0.08150582193171436, 0.0740947519414205], [0.07104591670502368, 0.07434538595947406, 0.08100218587398021, 0.0827166651721089, 0.07282607755021553, 0.07057009160336204, 0.08042592123396057, 0.08068282367030237, 0.08114586996813487, 0.07510264528052044, 0.07449571366267681, 0.08162320206868104, 0.07401750125155945], [0.0710787145670094, 0.07431380506255897, 0.08136966724413282, 0.0830005967138616, 0.07291531164608872, 0.0706554012985023, 0.08016895226412456, 0.08047585453418861, 0.08096606654370768, 0.07501552125984921, 0.07439642443645195, 0.08169537736919004, 0.07394830706033415], [0.07112150238963129, 0.07431658003008229, 0.0817033301119486, 0.08294090924297394, 0.07301972818189921, 0.0707457090600036, 0.07998880623106329, 0.08034102144589025, 0.0808505355373425, 0.07496934813754932, 0.07433140767370101, 0.08175968771019204, 0.07391143424772267], [0.07123125416830396, 0.07435496234110835, 0.08209683071513284, 0.08268158609314555, 0.07318160270167941, 0.07091056720266578, 0.07977812253284601, 0.08016780347305039, 0.08068626176657973, 0.0749493651244972, 0.07429786056007828, 0.08175258647794167, 0.07391119684297087], [0.07120809483817162, 0.07433082571800796, 0.08235801573111143, 0.08292386744520233, 0.07323417274088136, 0.07092761420853493, 0.07963805405806383, 0.08006716580031682, 0.08059866482353974, 0.07488652777027743, 0.07420799059756654, 0.08177437788165103, 0.07384462838667498], [0.07110854949781256, 0.07428722336919968, 0.08268114688280452, 0.08333333333333334, 0.07329591466706044, 0.07089187715437291, 0.07947117909746308, 0.07997738489212994, 0.08053449412138838, 0.0747847952753468, 0.07404269802282833, 0.08187486760230368, 0.07371653608395637], [0.0711665085078951, 0.07435173661032345, 0.08303497880020735, 0.08292354686618482, 0.07348329338126199, 0.0710171822774703, 0.07932094227071777, 0.07988664573457968, 0.08045120656099303, 0.07478329283048431, 0.07399047453160208, 0.0818841902544843, 0.073706001373796], [0.07113960126175908, 0.0744024151107349, 0.08333333333333334, 0.08251750016922214, 0.07361898419603333, 0.0710476375139005, 0.07925505339724849, 0.07988703553443224, 0.08046336109508186, 0.07478042233983903, 0.07391805912665556, 0.08196647540415447, 0.07367012151760512], [0.07131860169064, 0.07461838209744162, 0.08275844510333348, 0.08195081746389278, 0.07397643008957226, 0.07131003160949721, 0.0791961835106053, 0.07987118802169076, 0.080435890482366, 0.07491113894534662, 0.07397141782651448, 0.08190126739601583, 0.0737802057630838], [0.07142866984680064, 0.07480873191547395, 0.08266934837557585, 0.08135194430130725, 0.07428912269356285, 0.07149846908413279, 0.07913288317911554, 0.07984708862657061, 0.0803882153279582, 0.07502051436185071, 0.07399129628906193, 0.08171844530184116, 0.07385527069674855], [0.07154671997798646, 0.07494069193428761, 0.08310092398750948, 0.08090621454177632, 0.07455002940606817, 0.07168696564048521, 0.07897860710678771, 0.07970191424235382, 0.08021012645220087, 0.075078044256084, 0.07399235266706496, 0.08140375024121183, 0.07390365954618354], [0.07157263232025121, 0.07509815321486092, 0.08299176800243287, 0.08041576952667072, 0.07474763482098525, 0.07175451852423863, 0.07899458059552178, 0.07974374043982531, 0.08029356870487435, 0.07518820401732546, 0.07401796532918907, 0.08121591881992307, 0.0739655456839014], [0.07163514003105269, 0.075251797799456, 0.08259412897471165, 0.08006070951719152, 0.0749157677661545, 0.07184000110957334, 0.0790310535692282, 0.07979051386057069, 0.0803771571472869, 0.07531164508283612, 0.07408397034354672, 0.08105196937766904, 0.07405614542072256], [0.0716409766659916, 0.07541547066053171, 0.08208793968298679, 0.07963590752108907, 0.07503157668756003, 0.07184809345175083, 0.0791451143391488, 0.0799177363046365, 0.08054870533288727, 0.0754633485084536, 0.07416291045866825, 0.08094951955081404, 0.07415270083548144], [0.07147522256690172, 0.0754364505358279, 0.08240544727457433, 0.07930016725255477, 0.07494760600441297, 0.07165914694089914, 0.0792649481343636, 0.08005520127535025, 0.08072428087042077, 0.07550341086962117, 0.07413944413067777, 0.08096044138398957, 0.07412823276040605], [0.07131153670089882, 0.07550074103257051, 0.08272476629002326, 0.07882050001578308, 0.0748637947604644, 0.07146038399166889, 0.07941528564008495, 0.08021133100574322, 0.08091765762134041, 0.07559541028935443, 0.07415376070594018, 0.08088362876865257, 0.07414120317747536], [0.07114080851582569, 0.07555284996454541, 0.08251627704257543, 0.07841681546197235, 0.07466658518205467, 0.07120707748306271, 0.07971761402348242, 0.08050862363949779, 0.08123562082267644, 0.07572827534834727, 0.07423876182049215, 0.08087407897229061, 0.07419661172317699], [0.07120276896092341, 0.07448098640577629, 0.08033225742628881, 0.08216443558684179, 0.0727598621179889, 0.07061990957932124, 0.08078311309199082, 0.08085292581154853, 0.0811943260412169, 0.07534111833506292, 0.07481507177203421, 0.08117741618083969, 0.07427580869016666], [0.07117167705338528, 0.07441067545533642, 0.08069483620881805, 0.0825694348464377, 0.07281169264065197, 0.07064492380540567, 0.08052913319510246, 0.08068611520259483, 0.08108880122447766, 0.07521308671960009, 0.07466356885462815, 0.08136009976155818, 0.07415595503200345], [0.07116432795619028, 0.07437554239540035, 0.08092061832220689, 0.08280348423208055, 0.07284769326578057, 0.07066974391354075, 0.0803776913038952, 0.0805763160234949, 0.08100577604604799, 0.07514465861933413, 0.07458354745878966, 0.08143642269843566, 0.07409417776480297], [0.0711179123508704, 0.07431417381019532, 0.08142608620833795, 0.08310083862984398, 0.07293365424829154, 0.07069773651115505, 0.080108402494465, 0.08040539427034801, 0.08088935640512684, 0.0750101902353071, 0.07440336930052965, 0.08163599215538399, 0.07395689338014537], [0.07112501978170137, 0.07435506323488703, 0.08101587916135503, 0.08285842445762062, 0.07285330988556782, 0.07064699184641592, 0.0803438269735097, 0.08057320211748993, 0.0810208068070554, 0.07510952012935931, 0.07453008819422334, 0.08151762629576069, 0.07405024111505396], [0.07119671185086038, 0.0743332623930586, 0.08182504252015904, 0.08292895786970533, 0.07307661754718493, 0.07083321552969749, 0.07989398146076417, 0.08023989645489528, 0.08074261543049843, 0.07497012364307902, 0.07434468411603411, 0.08168276469187656, 0.07393212649218663], [0.0713044944540357, 0.07436823359633082, 0.08209616749455548, 0.0827602494317759, 0.0732016720291171, 0.0709781939776611, 0.07972930554847968, 0.08009190600973476, 0.08059496786053907, 0.07496409725785615, 0.07433816839994085, 0.0816242598634471, 0.07394828407652652], [0.07122793714751466, 0.07433333749167272, 0.08242385750494824, 0.08295758254835776, 0.07325721040705974, 0.07095573762896988, 0.07959481013463375, 0.08002561429159713, 0.08055563851645174, 0.07487997669188981, 0.07420195805036187, 0.0817428537284786, 0.07384348585806418], [0.07125370749566141, 0.07431721778540228, 0.08280003472605159, 0.08333333333333333, 0.07335525499889717, 0.07103563976694731, 0.07936870783906123, 0.07983226507715911, 0.0803650803434734, 0.0748094352296482, 0.0741096292949328, 0.08163701346013207, 0.0737826806493001], [0.07129978579264794, 0.07438504377274446, 0.08311793360076722, 0.08287644675509119, 0.07354992991169684, 0.07115380838469752, 0.07923223638708402, 0.07976454123233258, 0.0803100587077801, 0.07480805008899684, 0.07404869904494939, 0.08168732462849788, 0.07376614169271403], [0.07126072520860399, 0.07441246727469861, 0.08333333333333331, 0.08264116521990554, 0.07364250913304968, 0.07115961803645492, 0.07918057135637793, 0.07977035560796363, 0.08032838020054169, 0.07479467324266068, 0.0739794643141155, 0.08177192661179083, 0.07372481046050354], [0.07132456560198264, 0.07451278807959197, 0.08308211329886989, 0.08233551164542915, 0.07382088057224703, 0.07127172933807653, 0.07914940878826711, 0.07977617839376007, 0.0803357255058262, 0.0748476388177377, 0.07398305472476797, 0.08180016102348991, 0.07376024420995365], [0.07142380953220095, 0.07463487199593236, 0.08280075837332611, 0.08200645653965395, 0.07402876120068229, 0.07142139177228277, 0.07910912791066045, 0.07976071189226219, 0.0803134174376082, 0.07491862776183317, 0.0740076526120415, 0.08175571923778233, 0.07381869373373375], [0.07150146703751063, 0.07471895840876526, 0.08260313155037012, 0.08180574557108984, 0.07416775501602614, 0.07153007002422458, 0.07907897514256297, 0.07974164960742432, 0.08028628847768113, 0.07497051292113972, 0.07403360558220497, 0.08169610109008496, 0.07386573957091522], [0.07160290965877032, 0.07482645929882141, 0.08245695163750603, 0.08153528975430208, 0.07435108711896139, 0.07167361027427935, 0.07902424383032693, 0.07969840530001582, 0.0802291206091418, 0.07503402332224643, 0.07406324160061817, 0.08158075230486155, 0.07392390529014865], [0.07158304205444802, 0.07487939202792865, 0.08275730156623799, 0.08124192655264213, 0.07445086602465477, 0.07168910095779554, 0.07899463171097697, 0.07969238604160053, 0.08021426644882648, 0.07505173919468046, 0.07402816216891488, 0.08150352492597662, 0.07391366032531689], [0.07178216409693199, 0.07507472400069437, 0.0830392316104409, 0.0806792245103084, 0.07481778539570814, 0.07198298530950054, 0.07880032959128339, 0.07950258348389651, 0.0799943579415438, 0.07515052862613086, 0.07406219629679185, 0.08110530401946742, 0.0740085851173019], [0.07177783993802672, 0.07519520570766823, 0.08295561008245918, 0.08029615135145404, 0.0749648445287047, 0.07201670623827762, 0.0788233521476555, 0.07954847734072906, 0.08008766616039639, 0.07523405659172558, 0.07407196138349498, 0.08098100212515752, 0.07404712640425042], [0.0714792281969821, 0.07493308527456037, 0.08309672910813648, 0.0808631330013793, 0.07451006271385976, 0.0716112739791507, 0.07903981996802682, 0.07977631725757549, 0.08028772754582209, 0.07507933303550275, 0.07397605287351741, 0.08146287944003555, 0.07388435760545095], [0.07185352131059468, 0.07532845462863226, 0.0826592474581695, 0.08000404050158487, 0.07513384361159932, 0.0721268987416811, 0.07881902427213949, 0.07954895140936843, 0.08011426300108475, 0.07533308123641931, 0.07412512527987258, 0.08082842326898104, 0.07412512527987258], [0.07191147562996594, 0.07552236382212014, 0.08216848365786827, 0.07956829781191214, 0.07532546279021633, 0.07220556666482064, 0.07887891705596478, 0.07961737991246282, 0.0802228467194738, 0.07549452957949676, 0.07421074539374749, 0.08063487882217761, 0.07423905213977318], [0.07181940515308786, 0.07556036980678794, 0.08218586124239759, 0.07935431631911331, 0.07529909808342881, 0.07209022232134116, 0.07896706617465614, 0.07971829415848039, 0.08035006267187947, 0.07554051244774804, 0.07421003436601745, 0.08066436829965942, 0.07424038895540243], [0.07163906289480289, 0.07560257075432679, 0.08262484546990652, 0.07894528105204231, 0.07522636829672578, 0.07188207191839482, 0.07907938263073543, 0.07984460178003878, 0.08051538950191517, 0.07559734096482487, 0.07418672807539806, 0.08063567885086755, 0.07422067781002084], [0.07156245923493407, 0.07570726569257699, 0.08304936377877102, 0.07847178784370104, 0.07525448984953281, 0.07179861982614791, 0.07911059736996123, 0.07986697237568098, 0.08055893761072007, 0.07569616972039112, 0.0742074646925426, 0.08045875021509914, 0.07425712178994098], [0.0713497888762079, 0.07566993913281492, 0.08294749374551666, 0.07832450707180491, 0.07499723936989149, 0.07150714269787466, 0.07938510672335364, 0.08015225611841527, 0.08086351238318501, 0.07574058312157705, 0.0742272820364316, 0.08059442570765313, 0.07424072301527387], [0.07133702010282642, 0.07450836277938372, 0.08033184875523185, 0.08226407711812758, 0.0728152671803035, 0.07075103271178108, 0.08065166354594061, 0.08068825046613338, 0.08101399758012666, 0.07536295400550795, 0.07487892949226962, 0.08105883333192411, 0.07433776293044336], [0.0712900266792168, 0.07440322915235147, 0.08094235089290358, 0.08287150087292135, 0.07289336635102052, 0.07078911124651177, 0.08027645490203776, 0.08043575710864741, 0.08084198472967344, 0.07517094950681923, 0.07465014263114501, 0.08127782035757311, 0.0741573055691785], [0.07129957927724258, 0.074437504629245, 0.08071684474379139, 0.08265087561310451, 0.0728598957156756, 0.0707675390864946, 0.08041694885332981, 0.0805358563216602, 0.08091705711699707, 0.075237170506262, 0.07472863056850705, 0.08121407166712939, 0.07421802590056092], [0.07120334034781367, 0.07435601307376274, 0.08113240795950878, 0.08303998367793092, 0.07289455154322952, 0.07073376952960732, 0.08021367152117148, 0.08042978188207384, 0.08086950095209051, 0.07509660447405124, 0.07454001666810138, 0.08142547509450045, 0.07406488327615811], [0.07130109121912225, 0.07436454900810094, 0.08129740071393574, 0.0831740173011971, 0.07296527650429091, 0.07085011811012734, 0.08004869114250703, 0.08026242164630074, 0.08069842855243521, 0.07508046793881125, 0.07454325012669814, 0.08133500048558524, 0.07407928725088811], [0.07131922078381076, 0.07436130491221388, 0.08169639798279166, 0.08305404808167641, 0.07308225030218943, 0.07092909716449255, 0.07986409511931387, 0.08014720809195121, 0.08061593376235753, 0.07501715153467896, 0.07444444029008253, 0.08145230817753649, 0.0740165437969046], [0.07121399420817123, 0.07432367851464795, 0.08142037536916946, 0.08333333333333334, 0.07295079202168966, 0.07078383024450112, 0.08002357747344253, 0.0802783215467982, 0.08073781182048431, 0.07502320199415531, 0.07445530948944963, 0.08145294783490764, 0.07400282614924969], [0.07139729605023742, 0.07438293273939044, 0.08203462666536183, 0.08293684379672564, 0.07321663269405383, 0.07105907279611541, 0.07967226519986635, 0.07999591296799685, 0.08047722316503435, 0.0749848891374103, 0.07439536594545132, 0.08144819613253124, 0.07399874270982502], [0.07145514815265644, 0.07440862102324985, 0.08223612143880524, 0.08276573141913063, 0.07331125630735258, 0.07114940537409897, 0.07956669877156029, 0.07991425567903475, 0.08040117213816668, 0.07497711946317648, 0.07437565384481988, 0.08143997632568795, 0.07399884006226025], [0.07142155551584194, 0.07438859094432479, 0.08242417077115198, 0.08291055077257133, 0.07334232475218165, 0.0711449570370826, 0.0794851720985337, 0.07986507873910173, 0.08036416935390502, 0.07493031537619385, 0.07430411295971742, 0.08147494452403388, 0.07394405715536018], [0.07145174679161723, 0.07439166189484507, 0.0826854255665986, 0.08303911644365407, 0.07343556992645371, 0.07121945992918383, 0.07932834052466128, 0.07973958063073522, 0.0802440998179663, 0.07488933657149804, 0.07424195862773636, 0.0814255544594826, 0.0739081488155677], [0.07140444523838639, 0.07439127341364847, 0.0831241059977979, 0.08297715245133688, 0.07354617788704648, 0.07123864979722697, 0.07918826059050857, 0.07967039111703604, 0.08019498557683735, 0.0748281279121185, 0.07411795534560081, 0.08149510415955603, 0.07382337051289961], [0.07139863144114121, 0.07440754545321268, 0.08333333333333333, 0.0828149706389703, 0.07361401083658478, 0.07126391495849081, 0.07913238015964381, 0.07964628679449351, 0.0801776011301757, 0.07481554903022705, 0.07407562380266859, 0.08152032178599551, 0.0737998306350627], [0.07141304876542316, 0.07443998421400713, 0.08319994175409541, 0.08271898666051772, 0.07367282160027022, 0.07129558402600344, 0.07912680307955368, 0.07966105705727963, 0.08019650207453873, 0.0748318392331813, 0.07407265030988511, 0.08156287294886619, 0.07380790827637812], [0.07147048758662515, 0.07452051467403034, 0.0831329823478413, 0.08243480190506708, 0.07383929493606653, 0.07140339531461573, 0.07905819652388114, 0.07963797997737901, 0.0801764468380401, 0.0748635804737938, 0.07405936368994515, 0.08157638871728745, 0.07382656701542728], [0.07152678336485162, 0.0746101459796227, 0.0829411216343036, 0.08217627386061974, 0.07400496851238347, 0.07150615752179763, 0.07902451549695298, 0.07963382924888843, 0.08017252451927985, 0.07490791392551713, 0.07405739275038974, 0.08158355665339334, 0.07385481653199959], [0.07160606625001913, 0.07470419554401413, 0.08269382510155397, 0.08194547949290798, 0.07416530437668307, 0.07162394260244012, 0.07899417628671594, 0.07962089261042792, 0.08015421205057907, 0.07496312363932296, 0.07407840733555075, 0.0815489303443562, 0.07390144436542864], [0.07181701298910363, 0.07489772032508978, 0.08229427947495807, 0.08150906671399365, 0.07449739292259744, 0.07190803653136281, 0.07889212309119151, 0.07953359563913728, 0.08004413333064468, 0.0750803616749231, 0.07414734016079216, 0.0813599204937292, 0.07401901665247651], [0.07191671249519264, 0.07500932963697587, 0.08252417874040276, 0.08113009876631096, 0.07471969785286588, 0.07206864664645761, 0.07877829535274385, 0.07943235329013507, 0.07992271615133148, 0.07512959110318998, 0.0741484567066344, 0.08115993946285303, 0.07405998379490651], [0.07186381704438713, 0.0750946804045816, 0.0829076596712561, 0.08071003462533939, 0.07486384245606895, 0.07207419027343304, 0.07875692710741942, 0.0794460447020172, 0.07992487579969113, 0.07516425192222236, 0.07409534710255263, 0.08105480017191237, 0.0740435287191189], [0.07175108651986914, 0.0749907339312438, 0.08286271227705522, 0.08098002302861308, 0.07467468135315392, 0.07190902273702941, 0.0788495132060723, 0.07953860271217232, 0.08003497075071789, 0.07510752759058646, 0.07406764924209025, 0.08124729931264622, 0.07398617733875006], [0.07177622306337485, 0.07492247072957038, 0.08251250208292422, 0.0813281350180067, 0.07454905513821383, 0.07189064411636638, 0.07888458296093515, 0.07954652264585386, 0.08005519748835159, 0.075082888381899, 0.07410914025517798, 0.08134568989774621, 0.07399694822157979], [0.07165766649299285, 0.0747913358495723, 0.08248090404893466, 0.08171607413692235, 0.07430706498311314, 0.07171054163991522, 0.07898183422395184, 0.07962824120289036, 0.0801564473870815, 0.07501516882558733, 0.07409112720061412, 0.08152550895157624, 0.07393808505684801], [0.07176979653582699, 0.07497952718070537, 0.08277282271271638, 0.0810562301115196, 0.07465672317056812, 0.0719199907753429, 0.07884846645880285, 0.07952999518856749, 0.08002849301078654, 0.07510399906925486, 0.07408092190855581, 0.08125946676122206, 0.07399356711613095], [0.07158135271533199, 0.07491190962253697, 0.08291268869853922, 0.08108593546313696, 0.0745093317038859, 0.07170610850635847, 0.07897449183696666, 0.0796822795035253, 0.08019716568842691, 0.07506509811286384, 0.0740150050053715, 0.08144477570708933, 0.07391385743596691], [0.07185651466783857, 0.07516317281520439, 0.08297502680856808, 0.08045900289106211, 0.07496158066748373, 0.07209892869394126, 0.07875065239835312, 0.0794551122900943, 0.07996473512447096, 0.07520446328411158, 0.07408713913689476, 0.080967584622804, 0.07405608659917316], [0.07189758757233866, 0.07526790541478481, 0.08282170513069592, 0.08019062942252107, 0.07510028578662845, 0.07217375602733764, 0.0787457341544157, 0.07945960327084857, 0.07999690791743877, 0.07527753936356105, 0.07411402679999692, 0.08084840792577885, 0.07410591121365352], [0.07195292576036547, 0.0754063165475358, 0.08252604196584727, 0.07987249799971925, 0.07526461193977384, 0.07226021834007221, 0.07875877155796912, 0.07948059627967759, 0.08004827661258446, 0.07538264112569487, 0.07416424113815379, 0.08070145697589853, 0.07418140375670784], [0.07200502839352446, 0.07551887052643776, 0.08227293715477792, 0.07963114440981288, 0.07539268941202577, 0.07233274003354169, 0.0787681323592033, 0.07949204273406889, 0.08007921592080477, 0.0754709459464954, 0.07421263076794765, 0.08057515139306258, 0.07424847094829706], [0.07194374891143299, 0.07562794806190307, 0.08213322253786018, 0.07927782197894342, 0.07544513693947232, 0.07225946317318986, 0.07886127183240217, 0.07959798832774986, 0.08022165616003706, 0.07557294824042701, 0.07424259708574862, 0.08052419769845717, 0.07429199905237638], [0.07182691225633574, 0.0757155060565166, 0.08256898772119135, 0.07881804459927752, 0.07546273406950872, 0.07212815253033902, 0.07890992377631126, 0.07965272160363726, 0.08031100898204356, 0.07565172655622848, 0.07423471491662266, 0.08041882843868506, 0.07430073849330271], [0.07172772905194348, 0.07576666750163705, 0.08288636756753974, 0.07851055439299631, 0.07543434024215166, 0.07200703465239044, 0.07896768911103957, 0.0797105455047781, 0.08038769156029878, 0.07570956951101142, 0.07423595198699201, 0.08034873020947714, 0.0743071287077442], [0.07155533390223957, 0.07580482389823986, 0.08333333333333334, 0.07813561880582653, 0.07531623934064216, 0.07179324991013035, 0.07909290218032305, 0.0798322646318833, 0.08052787975575465, 0.07578068900992722, 0.0742403066236203, 0.08028153337220481, 0.07430582523587498], [0.07135191861997917, 0.07576948318683895, 0.08279202147151926, 0.07805027527649439, 0.07500923921948505, 0.07148637760861451, 0.07945895813467965, 0.08020512728927827, 0.0809131421094584, 0.07585536234709674, 0.07430741341880673, 0.0804790868425157, 0.07432159447523322], [0.07175182442660892, 0.07480433028442388, 0.08253516127893776, 0.08173035723820533, 0.07434705861021224, 0.07180774330109069, 0.07890933886948301, 0.07953478536732618, 0.0800529735700364, 0.07502265610838078, 0.07412632128187539, 0.08140348559778544, 0.07397396406563408], [0.07166128406658874, 0.07467374276920652, 0.08293976768704142, 0.0820312816277031, 0.07413171549019644, 0.0716649902509286, 0.07893024569641176, 0.07952841080539538, 0.08005264167230611, 0.0749441181080996, 0.0741013609479089, 0.08142645588450391, 0.0739139849937095], [0.07156957810165579, 0.07455213819268271, 0.08333333333333336, 0.08231443515836931, 0.07391938693332192, 0.07151907211484936, 0.07896227965379032, 0.07952960886551569, 0.08005545209792471, 0.07487577304356302, 0.07408398090730436, 0.08142374493972812, 0.07386121665796155], [0.07158876511212613, 0.07453806634801319, 0.08313933969706953, 0.08246331326011727, 0.07386623207117002, 0.07151248036947991, 0.07899842714224722, 0.07953746172117357, 0.08005864594985465, 0.0748851737686392, 0.07412327130894047, 0.08140406500296853, 0.07388475824820018], [0.07155923075527555, 0.07447894735872798, 0.08312984015875512, 0.0826994061455864, 0.0737284531923024, 0.07143569713231955, 0.07906116780658629, 0.07955525177160251, 0.08007018131496138, 0.07487063756348725, 0.07415320944794862, 0.08137258100363265, 0.07388539634881444], [0.07156273277465013, 0.07444145889856991, 0.08282049921748752, 0.08290325562681482, 0.07356765229797108, 0.07136637550850433, 0.07919533710491043, 0.0796183416663424, 0.08011719831070539, 0.07490065436982882, 0.07424893815975028, 0.08132008049687418, 0.07393747556759064], [0.07158427053859737, 0.07444508600374607, 0.08261700058282191, 0.08287122981892779, 0.07351147931302324, 0.07135310877676922, 0.0792752016231274, 0.07966313815573278, 0.08015163220525195, 0.074936177444177, 0.07431485062603775, 0.0812937657169787, 0.07398305919480877], [0.07142673700349798, 0.07496652059701381, 0.08299039797763144, 0.08070809090192303, 0.07451639403174498, 0.0715578763873382, 0.07911300827754403, 0.07986802977596519, 0.0803983301711669, 0.07511294536308906, 0.07397531078525117, 0.08147861277364651, 0.07388774595418762], [0.0716888826626961, 0.07522038387493475, 0.08279218205700577, 0.08017319989133455, 0.07493208145335621, 0.07190508400624392, 0.07893769718085293, 0.079683251213607, 0.08024931102952802, 0.07527069568658976, 0.074071011248712, 0.08103171134554273, 0.07404450834959621], [0.07182019531880321, 0.07542606451927093, 0.08233815267232168, 0.0797454772507339, 0.07518635764057899, 0.07208336544421767, 0.07892395429014064, 0.07966956764520158, 0.0802684188511475, 0.07542727446074311, 0.07416470965530471, 0.0807724331360879, 0.0741740291154481], [0.07156816678846491, 0.07444059731614623, 0.08243200490351298, 0.08281149786104079, 0.07343844970174165, 0.07130175378702427, 0.0793834592931672, 0.07974342453361379, 0.08022554814757013, 0.07496594719188132, 0.07436514732670058, 0.08131153086981881, 0.07401247227931741], [0.07156429569354625, 0.07444303270166754, 0.08222379020352256, 0.08274962625780251, 0.07337238478952708, 0.07126198334645402, 0.07949077165905608, 0.07981852302279409, 0.08029082070728313, 0.07500288552204529, 0.07442490041005337, 0.08130588071937891, 0.07405110496686906], [0.07150276487341109, 0.07440909139835608, 0.0819508139762573, 0.08303619989842279, 0.07324587736179841, 0.07115420656344625, 0.07961606843497561, 0.07990395169657284, 0.0803641087844001, 0.07501512137033078, 0.07446075017708659, 0.08128218836448196, 0.07405885710046026], [0.07145709871200825, 0.07438357380966482, 0.08165622474883438, 0.08333333333333331, 0.07312661252640106, 0.07106069154772873, 0.07973877978800742, 0.07997896276962292, 0.08042049193448338, 0.07503680102070459, 0.07450982877287518, 0.08121853889401631, 0.0740790621423195], [0.07147441005116437, 0.07441739222937968, 0.08139692009220867, 0.08305100077028392, 0.07307816872290224, 0.07103708049642629, 0.07989306616772454, 0.08008946488316053, 0.0805104811748404, 0.07511070353859639, 0.07460608464556326, 0.08118352172467867, 0.07415170550307099], [0.07145806921121846, 0.07442273758745874, 0.08127591043365798, 0.0829872272379666, 0.07304174301740744, 0.07100192860551222, 0.07997357390026921, 0.08015228892761532, 0.08056518335912297, 0.07513569165268583, 0.07463656969475359, 0.08117803143318851, 0.07417104493914316], [0.0714344449264717, 0.07443104710857401, 0.08108197975740737, 0.08292320438705217, 0.07298534001094929, 0.07094899049855558, 0.08009525510119518, 0.08024383816787363, 0.08064155826057647, 0.07517456800048408, 0.0746846988945597, 0.08115325710204813, 0.0742018177842527], [0.07142986477995221, 0.07445301883815147, 0.0808779449620893, 0.08277582496242786, 0.07294234234853714, 0.07091449997704163, 0.08022215116747308, 0.08033556349773831, 0.08071343084785913, 0.07522731655073064, 0.07474872876108146, 0.08111087326018929, 0.07424844004672845], [0.07149207368889934, 0.07451306221780962, 0.0805748842509548, 0.08249285127768835, 0.07291631667307856, 0.07093162819046878, 0.08037039315448097, 0.08041468825237798, 0.0807497561865566, 0.07533037316690833, 0.07488364429031191, 0.08097255240714299, 0.07435777624332172], [0.07152661539577308, 0.07456834433525568, 0.08028086790083233, 0.0822177038162574, 0.07288384904766293, 0.07092412920419136, 0.08053660265133156, 0.08051572556970459, 0.08080779214839949, 0.07542787853878692, 0.07500266548771031, 0.08085500324576282, 0.07445282265833157], [0.07140397062975552, 0.07449350455597888, 0.08053392853769072, 0.0824727586006032, 0.07287175500244773, 0.07084144669398786, 0.08046232005140228, 0.08051947131850949, 0.08086196168232283, 0.07531861691201618, 0.07484858599067752, 0.08105071917851518, 0.07432096084609269], [0.0717451961305364, 0.07511964888051323, 0.08310223380280679, 0.08048149561084207, 0.07486795969312293, 0.07196214147845803, 0.07882185915554439, 0.07954050304122263, 0.08006022961120322, 0.07517943341181427, 0.0740484520391166, 0.0810626098735695, 0.0740082372712501], [0.07157928365594639, 0.07500463157239069, 0.08333333333333334, 0.08066279122634168, 0.07466675031362477, 0.07175193166086735, 0.07891898663296067, 0.07964936664071974, 0.08016427503242164, 0.07510737858477128, 0.07398603089873831, 0.08125492973210117, 0.07392031071578303], [0.07157535729488289, 0.07530661261178101, 0.08228260044931746, 0.07988094086120379, 0.07490057339598137, 0.07176295067342651, 0.079162393544202, 0.0799381745605074, 0.08055277190799838, 0.07538059732307144, 0.07411530559701766, 0.08105612171961633, 0.0740856000609938], [0.07151505416924081, 0.07512492155166058, 0.0827641198043706, 0.08031244500916095, 0.07472465609735351, 0.07168439153488083, 0.0790957312357104, 0.07986054717009619, 0.08043122151653716, 0.07522644777992865, 0.07402975322980199, 0.08125597562599848, 0.07397473527525986], [0.07142324863356748, 0.07475950174995868, 0.0824517905808778, 0.08158797653851672, 0.07419738792310994, 0.07146392283404926, 0.0791671135031278, 0.07986528400917228, 0.08041561391527534, 0.07500089367292229, 0.07400951936016709, 0.0818046427320119, 0.07385310454724336], [0.07140181421886972, 0.07488273391791035, 0.08292709333235766, 0.08098954080227788, 0.07439707860815375, 0.07150486449149968, 0.07913000140193052, 0.07987176640317917, 0.08039777340476593, 0.07506007749488812, 0.07396715178561004, 0.08161291830845263, 0.07385718583010456], [0.0715297379370963, 0.07538452214816438, 0.08217337003673157, 0.07958122203530295, 0.07492954992462453, 0.07171305427816997, 0.07923915407901518, 0.08002521130995371, 0.08067101048359553, 0.07545723752698048, 0.07414041490890809, 0.08103632477156257, 0.07411919055989465], [0.07134038077941873, 0.07542211706970273, 0.08251832691824736, 0.0791419706834098, 0.07482825767008774, 0.07149120683156655, 0.07939495904411074, 0.0801978833202494, 0.08088851343870813, 0.07552207754932609, 0.07412918463556704, 0.08101970241248026, 0.07410541964712548], [0.07153299533809875, 0.07594905327950202, 0.08284579176528423, 0.07776171055732664, 0.07528439590775736, 0.07171826677235299, 0.07931478797271058, 0.07997438078212722, 0.08066537424167242, 0.07596579498405825, 0.07437591937779739, 0.08017821791676467, 0.0744333111045477], [0.07163538182825321, 0.07592896345380308, 0.08312527981594561, 0.07790635051166728, 0.07543133041627882, 0.07187936972377897, 0.07908857336878275, 0.07978907615279573, 0.08047836119323838, 0.0758875743292659, 0.07431693044711607, 0.08013481654976, 0.07439799220931442], [0.07053794931350711, 0.07438173683169191, 0.0811805260721606, 0.08125398529722701, 0.07297144301024207, 0.07021237603702203, 0.08057886482083396, 0.0813082853566385, 0.08199777066527637, 0.07501663908097833, 0.0740889151263758, 0.0827562282907733, 0.07371528009727304], [0.07060758311791315, 0.07432089908471018, 0.08147109328318956, 0.08164697246487272, 0.07295560771412991, 0.0702815783220813, 0.08041764106716348, 0.0810680998337891, 0.08172515563756753, 0.07495204830983189, 0.07407952750451766, 0.08277465242589543, 0.07369914123433813], [0.07062187036531654, 0.07429851973104977, 0.08175514800229411, 0.08186558009322711, 0.0730275388570292, 0.07033806538214278, 0.08021533964842954, 0.0808854351362928, 0.08154127955698472, 0.07488577433795282, 0.07399947706584176, 0.08292320567630378, 0.07364276614713494], [0.07067836131320225, 0.07428815282034304, 0.08202576581747154, 0.08210717458306456, 0.07309642069457782, 0.07042451806674592, 0.08003987998127879, 0.08070201378840061, 0.08134613359854881, 0.07484265668855009, 0.07396234517438928, 0.08286506860544583, 0.07362150886798148], [0.0707041444079874, 0.07433570101044966, 0.08220734373371777, 0.0820274536983888, 0.07325687322867072, 0.07051350870338288, 0.07988292979765682, 0.08059518059024251, 0.08124146482708403, 0.07482654595023079, 0.07389254615721164, 0.08292438820253588, 0.07359191969244123], [0.0707538385249207, 0.0744309942800413, 0.08213179753873148, 0.08176401936317643, 0.07342608867141895, 0.0706108431546231, 0.07983453479754365, 0.08058408849837016, 0.08122576386470844, 0.07487310746130336, 0.07388501104984048, 0.08286216939123515, 0.07361774340408679], [0.07076215249334648, 0.07457584151131315, 0.08165011132723493, 0.08124232846720954, 0.07355340864989265, 0.07063540595918727, 0.07998584387600234, 0.08078958636311197, 0.08142622035094765, 0.07500115338194101, 0.07394152273638936, 0.08274192889745957, 0.07369449598596409], [0.07059932075430185, 0.07461299992611313, 0.08098362381084763, 0.08070403834013687, 0.07338982238764488, 0.07040435256603195, 0.08039394499128025, 0.08125196342881495, 0.08190486315553808, 0.07511197794743528, 0.07401488209998462, 0.08289116287326725, 0.07373704771860326], [0.07040448937419282, 0.07446752760044127, 0.08076488537816558, 0.08065302838666617, 0.07305615283246089, 0.07011822115565991, 0.08067612930665463, 0.0815250945107852, 0.08223492280115859, 0.07506676874127195, 0.07401825611851076, 0.08333333333333333, 0.07368119046069886], [0.07042801220921521, 0.07442228575606542, 0.0808283808609474, 0.08081885554633719, 0.0729600440753568, 0.07010269483249773, 0.08073955289194247, 0.08153980811731056, 0.08225893994124746, 0.07506132031719115, 0.0740701467488453, 0.08306566461755352, 0.07370429408548967], [0.07052800889293422, 0.07441399650350869, 0.08125131754602694, 0.0811981428965183, 0.07308029122546755, 0.07024977571852463, 0.08047530606357282, 0.08125131754602694, 0.08194749320418933, 0.07500101623890071, 0.07402217878191233, 0.08290106150870574, 0.07368009387371195], [0.07054800954547837, 0.07435269176910159, 0.08137704763178304, 0.08143319939428573, 0.07299950789515955, 0.0702444295579056, 0.08044282778202524, 0.08116674831470118, 0.08184924515634906, 0.07496411148571691, 0.07403824395628168, 0.0829084252268613, 0.07367551228435083], [0.0705541148774908, 0.07433717988263319, 0.08173281014080944, 0.08160622604477458, 0.07314053394565136, 0.07032714852104402, 0.08014520630124708, 0.08089778569154, 0.08157188907494185, 0.07486987505158448, 0.0739007616764459, 0.08333333333333333, 0.07358313545850388], [0.07061380117255701, 0.074486123122859, 0.08146788462414067, 0.08121858205517148, 0.07331544588745074, 0.07041863215990093, 0.08021620767379875, 0.08102090020240553, 0.08169051221517891, 0.07498548007010492, 0.07395233480206188, 0.08295125332424487, 0.07366284269012549], [0.07056780822741655, 0.07441966815646374, 0.08151197518527996, 0.08133708774540095, 0.07320747788357952, 0.07034629184368396, 0.08024740955933972, 0.08103296679385577, 0.08171241929527316, 0.07494712959489626, 0.07394312098720378, 0.08309232164688772, 0.07363432308071874], [0.07055131566978279, 0.07450441642154447, 0.08117117712183117, 0.08097188018041852, 0.073245609384155, 0.07032509212283963, 0.08040193476835981, 0.08122843506844114, 0.08191064532825183, 0.0750374646329579, 0.07399163268631354, 0.08297291100353954, 0.07368748561156434], [0.07057438565257369, 0.07431718880336928, 0.08175385941482183, 0.08171915972451409, 0.07308878982661571, 0.07032395207749081, 0.08017413858777217, 0.08089947456496589, 0.08156972281929024, 0.07487281254434214, 0.07393661625326925, 0.08316716388716196, 0.07360273584381287], [0.070673677909009, 0.074397236380532, 0.0819802134082009, 0.08170478187650211, 0.07332085535819592, 0.07050046983004023, 0.07995322964694548, 0.08070756536227777, 0.08136236676603932, 0.07487209727858203, 0.07388751762551275, 0.08303756973849018, 0.0736024188196724], [0.07069714213764043, 0.07449973981379185, 0.08171883316411108, 0.08137459208439586, 0.07343253016373963, 0.0705438535276516, 0.08002128130748269, 0.0808130919667201, 0.08146428416900989, 0.07495398886496521, 0.07392003651313245, 0.0829070166102669, 0.07365360967709216], [0.07068706262293886, 0.07464657950772434, 0.08115845362217607, 0.08081032682067962, 0.07350856903201251, 0.07052714774381437, 0.08025005653966483, 0.08109644038892759, 0.0817338555208062, 0.07510707197174696, 0.07400711064290097, 0.08271797982659838, 0.0737493457600093], [0.07078602166098732, 0.07466528739098362, 0.08146178309576205, 0.08097069877505213, 0.07363602171365238, 0.07066861471954966, 0.0800530729076693, 0.08088054778212139, 0.08150285623195246, 0.07507972550554733, 0.07398323233217675, 0.08256387018062518, 0.07374826770392051], [0.07064422073287213, 0.07432899954251826, 0.0820265180012066, 0.0818911706270061, 0.07319793417697572, 0.07043492640961316, 0.07998992729955705, 0.08071309383060842, 0.08136999759911324, 0.0748406468692667, 0.07389875503623283, 0.08307554263126421, 0.0735882672437656], [0.07077403475557974, 0.07449382680301488, 0.08198213556183359, 0.08156742704983735, 0.07350479264085943, 0.07064741848894569, 0.07985803184318886, 0.08062871800152949, 0.081266951809945, 0.07491895331598239, 0.07390032660004434, 0.08281072661813467, 0.07364665651110466], [0.07084455548633348, 0.0746065088395558, 0.0817800739513695, 0.08130001174837305, 0.07365872487445616, 0.07074839242885743, 0.07985900027622962, 0.08065285242951728, 0.08127516003264587, 0.0749985821503299, 0.07393787413472719, 0.0826298671094031, 0.07370839653820159], [0.07040654551966198, 0.07444210048120212, 0.08000632985677608, 0.08066239985219349, 0.07263981993747957, 0.06991531484618731, 0.08139917005889453, 0.08205383391505931, 0.0826692124078581, 0.07525537232824149, 0.07436139930358, 0.08229158300328702, 0.07389691848957898], [0.07034882770068004, 0.07445812923238812, 0.08007789992690428, 0.08048613935477288, 0.07272504625605054, 0.06990672713871691, 0.08128725821738764, 0.08206837319805024, 0.08279113825745399, 0.07522256433626329, 0.07426249632037825, 0.08253330229797147, 0.07383209776298226], [0.0703459935090105, 0.07455470530309598, 0.08021326301131422, 0.08011946009115842, 0.07293920705863306, 0.0699844802797562, 0.08111712211544549, 0.08201166996800854, 0.0827379002730201, 0.07523506236979806, 0.07417228704393, 0.08276842797452551, 0.07380042100230404], [0.07036660615113195, 0.07473000924242276, 0.08057638052248653, 0.07954163228381915, 0.07314336534686519, 0.07005307905077168, 0.0810785776152072, 0.08203254066425787, 0.08265475137262286, 0.07535742804931272, 0.07418586329961242, 0.08241890952573007, 0.07386085687575965], [0.07035406846797823, 0.07499851566173729, 0.08026490601014535, 0.07852968377052691, 0.07308598284293383, 0.06994059808474164, 0.08157008129192019, 0.08244541337482125, 0.08303938517067315, 0.07573093554620644, 0.0744846512490114, 0.0814229142064783, 0.07413286432282588], [0.07042186175103814, 0.07501076198594306, 0.07952230064759822, 0.07851025940391909, 0.07278572334319588, 0.06984347975044672, 0.08229560148749285, 0.08295522701460918, 0.08253501413521434, 0.07592655189658845, 0.07481635197730847, 0.08101784016084584, 0.07435902644579992], [0.07048685362928372, 0.07485808050565464, 0.07910917153295284, 0.07904738613608785, 0.07256538774465775, 0.06982550294877501, 0.08261520178585421, 0.08296724868563622, 0.08229759382420862, 0.07586127732255875, 0.07491804927988631, 0.08106250999715502, 0.07438573660728895], [0.07051273169016052, 0.07468282962119599, 0.07909524460617223, 0.07977821923433072, 0.07252235451617187, 0.06987237414391728, 0.08226535865276671, 0.082626776796992, 0.08250965745843936, 0.0756566217210548, 0.07479800945653528, 0.08142129279861861, 0.07425852930364464], [0.07041191530296291, 0.07449750469792313, 0.07966680812518166, 0.08041382134660088, 0.07258960432742288, 0.0698776799487032, 0.08164592478827089, 0.08226454729548395, 0.08276318406930679, 0.07535728084548306, 0.07446971863910494, 0.08205860458745345, 0.07398340602610216], [0.07033547879019957, 0.0744867973859754, 0.07984599436491156, 0.08032750961601645, 0.07268114758163251, 0.06986498248491803, 0.08144830037352019, 0.08223014366000506, 0.0829334970444915, 0.07528221201776315, 0.07432268328070286, 0.0823630946047066, 0.07387815879515723], [0.07028090659401831, 0.07455040702796206, 0.08001566420309296, 0.07997018615600222, 0.07280096349314487, 0.06986248764464054, 0.08137347071043644, 0.08227623169480994, 0.08302955278877933, 0.07529308714148501, 0.07424365592940398, 0.08246325558980493, 0.07384013102641963], [0.07029032058375666, 0.07460642509778678, 0.08018384894349573, 0.07979071788323658, 0.07289385244207008, 0.06990085935139022, 0.08131337105938848, 0.08225163787340313, 0.08292294328690838, 0.07531802269284826, 0.07422554178425085, 0.08245739660087628, 0.0738450624005886], [0.07027387170273625, 0.07468828717459164, 0.0801333077886716, 0.079446476386717, 0.07287643251409112, 0.06985544224418604, 0.08151062449524397, 0.08248607574009172, 0.08293671364405794, 0.07543136768481885, 0.07431113525419944, 0.0821273278624939, 0.07392293750810057], [0.07029464447441816, 0.07458107046330804, 0.07955323270863704, 0.07980108649482279, 0.0725945673445837, 0.06976062532073513, 0.08186132052989216, 0.08267648148501133, 0.08305610606558748, 0.07544741463954478, 0.07446908756579124, 0.0819074171433938, 0.07399694576427455], [0.07032777543854321, 0.07470950872372983, 0.07940911730384256, 0.07933872119663136, 0.07257717688350462, 0.06974309449188595, 0.082208258