[[0.07290781450092115, 0.07093813242549346, 0.0755463810655938, 0.0746122110531007, 0.07984330790295589, 0.0829182755126282, 0.08068083302248007, 0.07041227854050383, 0.08155370900204433, 0.08160967019843483, 0.07288105912918401, 0.07421134139439067, 0.08188498625226928], [0.07285236595714478, 0.07085469339130408, 0.075399140721105, 0.07450839024518761, 0.08010403665046444, 0.08316316976326585, 0.08046238947803024, 0.0703597864678435, 0.08187994106557346, 0.08147603570858616, 0.07286839456142462, 0.07406697943054255, 0.08200467655952788], [0.07285921996978248, 0.07084691520220136, 0.07527791476642902, 0.07444458278643146, 0.08042141492308695, 0.08302707454606342, 0.08020924672596724, 0.07039203833571414, 0.08228283045171607, 0.08128434673433471, 0.07292472544754602, 0.07396126757775426, 0.08206842253297301], [0.07281649120699264, 0.07076395116235353, 0.07514453208590151, 0.07435581982090879, 0.08068070496439526, 0.08333333333333334, 0.08000866158339022, 0.07034201452243062, 0.08256523922680949, 0.08113842857685877, 0.07292666706613717, 0.07382422661033197, 0.08209992984015688], [0.07285952529850825, 0.07078788043585166, 0.07505736079914901, 0.074327653267318, 0.08098593962700436, 0.08317270398946579, 0.07978156109811863, 0.07040783641912986, 0.08287300745636475, 0.08093991708295449, 0.07301917170300722, 0.07375038817973051, 0.08203705464339765], [0.07290342995388538, 0.07079605354616088, 0.07501405295761218, 0.07432742626313542, 0.08122821502437517, 0.0830147973064601, 0.0796605853342884, 0.0704477081785518, 0.08293053336257648, 0.08084767632401303, 0.07310192894349252, 0.07370425715672901, 0.08202333564871957], [0.07300119522262963, 0.07080624343170758, 0.0749916839501121, 0.07437065688131118, 0.08164163956019188, 0.08260055218789158, 0.07955022516242531, 0.07050722277530035, 0.08275962500190398, 0.08078984686459391, 0.07326237781454087, 0.073658604092743, 0.08206012705464862], [0.07308390201377588, 0.07080420849795614, 0.07494994797785932, 0.07439571724957351, 0.08205170255525988, 0.08218711790053719, 0.07939996570867544, 0.07055485599594717, 0.08290661386198726, 0.08066852959187147, 0.07340854692838678, 0.07359687921131448, 0.08199201250685553], [0.07308295066758373, 0.07066596436713736, 0.07488250770282256, 0.07437817342122047, 0.08241880890973231, 0.08176084839787788, 0.07931826424642192, 0.07045558126998548, 0.08333333333333333, 0.08063233810223326, 0.07346758014885317, 0.07347416702885902, 0.08212948240393945], [0.07328026038187542, 0.0707230308664641, 0.07493601948010753, 0.07451768058346163, 0.08283629525388582, 0.08117557082483794, 0.07921477865622893, 0.07057399331742277, 0.08274065419616397, 0.08066160604400437, 0.073744288840379, 0.07348456776440565, 0.08211125379076303], [0.07354266302016021, 0.07084200120493699, 0.0750617707920644, 0.07472892667454457, 0.08292616915165195, 0.08057497934706075, 0.07914908276616059, 0.07075074642573882, 0.08211467271734073, 0.08072409700548261, 0.07408013998698616, 0.07356499245728687, 0.08193975845058538], [0.07377746123731867, 0.0709960151820041, 0.07514282277969125, 0.07489150976844347, 0.08318222226884234, 0.08012597361210216, 0.07899508249303079, 0.07095887518667773, 0.08169769631908153, 0.08060772002042743, 0.07437889432510138, 0.0736363093517838, 0.08160941745549555], [0.07399015456259976, 0.07107718486826776, 0.0753082157432111, 0.07510488913588559, 0.08308623379185899, 0.07969733888247778, 0.07902987662016851, 0.07106710548342415, 0.08115378072705193, 0.0807066776192238, 0.07462887528038152, 0.07374641212199198, 0.08140325516345714], [0.07413561090197862, 0.07112556338781074, 0.0754358003019348, 0.07526187904797481, 0.08309260451358744, 0.07939351182085227, 0.07905960467783042, 0.07112965567837988, 0.08076904492411968, 0.08076414446404816, 0.07479423893567382, 0.07382992765149836, 0.08120841369431107], [0.07426649695362088, 0.07113934912443814, 0.0756166178987683, 0.07545013343321394, 0.08299873704604284, 0.07906041782825894, 0.07917833866734426, 0.07113920430699386, 0.08030280675630673, 0.08090223313564439, 0.07492202119084128, 0.07394225457968341, 0.08108138907884303], [0.07431939289510675, 0.07112110587831627, 0.07577598596383452, 0.07558432468139104, 0.08277876154270117, 0.07886320902503863, 0.07935316023319076, 0.07109641623911622, 0.07997082744624275, 0.08107556925938657, 0.07494312722056667, 0.07404268842260554, 0.08107543119250327], [0.07437303561498933, 0.07108558485532443, 0.0759765474881009, 0.07574896910375746, 0.08292865185388125, 0.07854755155170212, 0.07954470643273055, 0.07102673253836465, 0.07948567603076834, 0.08121518397884761, 0.07494894487293327, 0.0741654451639128, 0.08095297051468726], [0.07434330845445232, 0.07102221381968148, 0.07620095645154898, 0.0758811223627313, 0.0829442148284071, 0.07833586746509122, 0.07987554873066045, 0.07089526408182721, 0.07905185935734046, 0.08143546702319908, 0.0748221573745678, 0.07431373475300916, 0.08087828529748341], [0.07297160149024898, 0.07111339467994228, 0.07569750311321417, 0.0747088142919264, 0.0794825255939001, 0.08309077205869775, 0.08078580666549487, 0.07054405114716994, 0.08126271694576338, 0.08151174215110582, 0.0728801779930442, 0.07440508174637148, 0.08154581212312063], [0.07293367523204816, 0.07103925879201588, 0.07553880033160533, 0.07460771545600914, 0.0798206573412408, 0.08302333312078133, 0.08054842603080073, 0.07051088761857242, 0.08167649887414836, 0.08141514088744294, 0.07289727938612175, 0.07424925192565196, 0.08173907500356116], [0.07289048892485245, 0.07097388282953221, 0.07543033034504773, 0.07453047209892395, 0.08000229481623462, 0.08322813109767341, 0.08039559185882843, 0.07046799939429008, 0.08191510782176338, 0.0813261654312656, 0.07288517382713673, 0.07414144605927507, 0.08181291549517646], [0.07286800506385305, 0.07087873143931135, 0.07526274484879641, 0.07443625511879441, 0.08043774605422568, 0.08306846745959863, 0.08014301615291301, 0.07042728788162961, 0.08237530059989828, 0.08120239376317888, 0.07293527734470351, 0.07396228007645315, 0.08200249419664397], [0.07285706002644844, 0.07090593069590334, 0.07537936126864758, 0.07449203384592805, 0.0800935327863657, 0.08333333333333333, 0.0803642907615664, 0.07041064026076559, 0.08198578263690356, 0.08134001145285666, 0.07286880318205236, 0.0740760127248193, 0.08189320702440962], [0.07283570211177337, 0.07080741271278612, 0.07511623505885161, 0.07434433823062382, 0.08073891778143387, 0.08333333333333334, 0.07990095785166777, 0.07039585848001925, 0.08273637991189466, 0.08101621223254615, 0.07295512447623313, 0.07381678164874515, 0.08200274617009191], [0.07286022524358399, 0.07083313974293369, 0.07504498718462255, 0.07431409283372006, 0.08092316691888428, 0.08333333333333333, 0.07971389831121334, 0.07045007646670484, 0.08301634344810517, 0.08083713971015381, 0.07301184655913118, 0.07376316110557274, 0.08189858914204098], [0.07291980618710622, 0.0708165142742394, 0.07500524381585699, 0.0743288728982204, 0.08126944874138674, 0.08297953462724503, 0.07961701901474014, 0.070475144107916, 0.08297953462724503, 0.08080070286614406, 0.07312534964857823, 0.07370192664260641, 0.08198090254871523], [0.07304496908764326, 0.07093109740762704, 0.07498701116029195, 0.07437445032135945, 0.08156297337354415, 0.08264465981573518, 0.07942496865805462, 0.07063476288128742, 0.0829626186541263, 0.08060906356114315, 0.07329882887734333, 0.07370309886176092, 0.08182149734008314], [0.0731324037253878, 0.07091854948870896, 0.07494786743971361, 0.07440515803195831, 0.08200541772213231, 0.08220948897651086, 0.07929110472196882, 0.07067511608966831, 0.08302458434118645, 0.0805170932644456, 0.07345472998646038, 0.07363650148951151, 0.08178198472234721], [0.07315791855627417, 0.0708420625143987, 0.07491770443912175, 0.07441473544848197, 0.08232615301538308, 0.08190867631552073, 0.07924713359964458, 0.07062977452826896, 0.08304324198862327, 0.08051118104657942, 0.07352651043311478, 0.07356605637175961, 0.08190885174282884], [0.0732035383632122, 0.07078777868517994, 0.07489559909873097, 0.07443759262669598, 0.082654758861478, 0.08157384973890905, 0.07918174885096724, 0.07060945462239762, 0.08307547463140523, 0.08048541864035688, 0.07362078811161668, 0.07350726854487305, 0.08196672922417719], [0.07330659686348787, 0.07080329289491477, 0.07491272572577544, 0.074506299578976, 0.08297202299558348, 0.08122562964148647, 0.07910987547723997, 0.07066216933661222, 0.08278276163727914, 0.08050567724706524, 0.07377297288433864, 0.07349717569343037, 0.08194280002381062], [0.07338005782996944, 0.07082715261842742, 0.07492878725552309, 0.07455551358777772, 0.08310367547934572, 0.08101205471788601, 0.07905762757455989, 0.07070943959651052, 0.08266344386034197, 0.08050021368966441, 0.0738765069783631, 0.07349964012059414, 0.08188588669103652], [0.07349085519928547, 0.07087570589482989, 0.07495657335301643, 0.07462981430828887, 0.08333333333333334, 0.08072493361681415, 0.07897789184474625, 0.0707903190129689, 0.08244228342361119, 0.08047161248983764, 0.0740278986949172, 0.07351269214686103, 0.08176608668148978], [0.07365758855220661, 0.07097388570721122, 0.07506373926755486, 0.07477617246873274, 0.08300309120335822, 0.08044971069500115, 0.07898954970447271, 0.07091390143717687, 0.0821043165579469, 0.08053796162573515, 0.07422600014414983, 0.07359704793489573, 0.08170703470155799], [0.07396252382307347, 0.07118144329955546, 0.07516430104358253, 0.07498278086110023, 0.08333333333333334, 0.07987649163155364, 0.07877972145388054, 0.07119207252624461, 0.08158020236669847, 0.08036034472075089, 0.07461374996760327, 0.07369030079993914, 0.08128273417268445], [0.07415881027238877, 0.07126911230945233, 0.07532756999308383, 0.07518351431021608, 0.08302941646638949, 0.07953402220768746, 0.0788383093177057, 0.07129964482831178, 0.08108984676266992, 0.08046668958470445, 0.07483813215901841, 0.07380711514108845, 0.0811578166472834], [0.0737410274095662, 0.07092318777056775, 0.07515004217111844, 0.07488689120742645, 0.08333333333333333, 0.08008751570336241, 0.07906010587860238, 0.070877352447515, 0.0816130892521704, 0.0807041086982357, 0.07433708030504471, 0.07361732307447429, 0.08166894274858293], [0.07429898525829566, 0.0713305488392002, 0.07542523326081087, 0.07531642268130148, 0.08308858084528463, 0.07927221964316926, 0.07882490603818616, 0.07138043474534249, 0.08073142836994225, 0.08046864734961084, 0.07500413141703882, 0.07387539508748978, 0.08098306646432755], [0.07447382325008417, 0.07137599042041333, 0.07559902408629668, 0.07552091904899398, 0.08307868485164151, 0.07890350003190871, 0.07887872656406987, 0.07143675174587225, 0.0802511930591432, 0.08053804528788124, 0.07519641170072339, 0.07398670519454545, 0.08076022475842627], [0.07446658394756714, 0.0712879389346584, 0.07566774784856702, 0.07557634995108378, 0.08333333333333333, 0.07874609053543727, 0.07897408687594963, 0.07133394933463248, 0.08001788294800326, 0.0806516456583577, 0.07517622129327801, 0.07400030301046208, 0.08076786632866985], [0.07457826582728448, 0.07131970341788217, 0.0758897892428273, 0.07577644310985777, 0.08281437972607082, 0.07851239799344084, 0.07916683755251791, 0.07133950994288071, 0.0796380733238242, 0.08081890816910331, 0.07525105859126542, 0.0741577685628243, 0.08073686454022065], [0.07471265963552463, 0.07136545045298656, 0.07608659448133492, 0.07597421266883611, 0.08288594246296938, 0.07817026984117074, 0.0792365478878621, 0.07137333365222075, 0.07918314806284726, 0.08081467230655258, 0.07536358064068745, 0.07429599701381084, 0.0805375908931967], [0.07454056779146652, 0.07116211427672538, 0.07615994763595786, 0.07595368680651346, 0.08333333333333331, 0.07812959777481258, 0.07951730483849026, 0.07110525156154877, 0.07899265350570236, 0.0810715745500613, 0.07510935856526944, 0.07429842078214899, 0.0806261885779696], [0.07298188944397722, 0.07119285827039791, 0.07567185313173617, 0.07468838806974455, 0.07946727727951935, 0.08333333333333333, 0.08063190845143854, 0.07062223206251261, 0.08136333399750607, 0.08131669282618063, 0.0728837334476815, 0.07442269217220769, 0.08142380751376435], [0.072951088653411, 0.07111157044595896, 0.07545184230514124, 0.07455779653970525, 0.07996578549380898, 0.08312787932878953, 0.0802842592485574, 0.07060481035311345, 0.08199503591648485, 0.08115479969986548, 0.07293584735891655, 0.07420951702838699, 0.08164976762786033], [0.07298624781990216, 0.07116783795013094, 0.07555078083156312, 0.07462624673198129, 0.0797963144039155, 0.08296707018300611, 0.08042430897917023, 0.07063901021998761, 0.08176683345324631, 0.08123495244800953, 0.07294117182932641, 0.07430783771577662, 0.08159138743398416], [0.07288392145741758, 0.07097761226842937, 0.0753521971208946, 0.074481615491544, 0.08014214062173285, 0.08333333333333334, 0.08022698465308394, 0.07049105595381264, 0.08215316432389977, 0.08118057578004036, 0.07290136231342365, 0.0740815940324848, 0.08179444264990332], [0.07294771107439417, 0.07108758692365329, 0.07533247196439333, 0.07449156738543763, 0.08023896121466889, 0.08307718915254618, 0.08006283963174808, 0.07061857382985548, 0.08236726941387168, 0.08100334067181596, 0.0729793128249989, 0.07409981008979863, 0.08169336582281793], [0.07288982931654335, 0.07096147740362706, 0.07517122065602336, 0.07438442461343593, 0.08055596712591442, 0.08333333333333333, 0.07985819455900645, 0.07053402519471402, 0.08275134269393267, 0.08088776811532317, 0.07297887924818607, 0.0739223232033762, 0.08177121453658384], [0.07291710201923175, 0.07100355660861102, 0.07528320092835088, 0.07445802858337268, 0.08037081847071424, 0.08304684212432886, 0.08005141087309105, 0.07054865075830967, 0.08246158443410329, 0.08104781920142509, 0.07297148013471294, 0.07402648483819094, 0.08181302102555764], [0.07292702944209772, 0.07097674684203954, 0.07508846041247208, 0.07435668347150687, 0.08081917198210281, 0.08311490298876284, 0.07965675406909757, 0.07058889396495778, 0.08311496783372439, 0.08072221237866689, 0.0730627021503199, 0.07384916146011354, 0.08172231300413807], [0.07294585417823962, 0.07097655828838269, 0.07503648557884234, 0.07433796893773004, 0.08097738183716469, 0.08302768433203339, 0.07953827463254357, 0.070613069911027, 0.08333333333333333, 0.08062344448815435, 0.07311072628782445, 0.0737999041666507, 0.08167931402807385], [0.07297209139555999, 0.07096666932343533, 0.07500670575536769, 0.07433770315314037, 0.08115166997289852, 0.08292448960624811, 0.07947293771613778, 0.070625778938393, 0.08333333333333331, 0.08058631297872977, 0.07316571227453732, 0.07376152157135824, 0.0816950739808604], [0.07309883808540787, 0.07108143403085658, 0.07501787272739029, 0.07440107094914417, 0.08138247160179374, 0.08265373122229899, 0.07934979377840173, 0.07077770344481349, 0.08303530127253012, 0.08047084972557846, 0.07333144238240953, 0.07378593050291642, 0.0816135602764587], [0.07313272299970862, 0.07100847456662152, 0.0749443395903145, 0.07438946563280396, 0.08178690898510386, 0.08230805966569733, 0.07922310440120132, 0.07075326225435732, 0.08333333333333333, 0.0803992103922787, 0.07343121694179632, 0.07367825003397024, 0.08161165120281298], [0.07319358862289095, 0.07102505362222497, 0.07494944641133007, 0.0744255318708614, 0.08198776163480119, 0.08213552716865474, 0.07918483184272236, 0.07079323047647272, 0.08312057975782879, 0.08037765723235121, 0.07352161275954758, 0.07367099414549214, 0.08161418445482203], [0.07321601688405067, 0.07101163458260784, 0.07494908218474869, 0.07444054529960314, 0.08211498195219562, 0.08204004671071195, 0.07917690565847837, 0.07079184450938505, 0.08298825270341849, 0.08038423869395296, 0.07356111810381143, 0.07365688944526173, 0.08166844327177403], [0.07323031343645035, 0.07093112499708017, 0.07488918475287602, 0.07442672142544338, 0.0824384760771502, 0.08172522496950639, 0.07907570945261144, 0.07074702570333759, 0.08333333333333331, 0.08031028978287774, 0.07362644521412315, 0.07356418997030534, 0.08170196088490475], [0.07330412102046893, 0.07091744365954243, 0.07488988469133928, 0.07447281368364328, 0.08277297678973353, 0.08142439613329416, 0.07901805383955207, 0.07076722160111167, 0.08311356346691214, 0.08030472767199788, 0.07374658175416174, 0.07353527927789855, 0.08173293641034428], [0.073362550763306, 0.07090515994389719, 0.0748842478602927, 0.07450604509805432, 0.08304397697722188, 0.08116454779930539, 0.07895223109156468, 0.07078347208599596, 0.08303531918564787, 0.0803067802821548, 0.07384388942816243, 0.07350706977148251, 0.08170470971291419], [0.0736009669814813, 0.07106511295517702, 0.07496178622422006, 0.07466653530121799, 0.0830811036971101, 0.0807041361482162, 0.07881752329185278, 0.07100128964472731, 0.082619716410985, 0.08024198379362923, 0.07414966101700372, 0.07357600866697638, 0.08151417586740316], [0.07383394636875401, 0.07123572042972569, 0.07505883554857946, 0.07483358590964229, 0.08295752546212366, 0.08032586935423046, 0.07871906512404, 0.07121950302711202, 0.08220751116407603, 0.08018355306122711, 0.07443685401929621, 0.07366826109712077, 0.08131976943407229], [0.07399439201061005, 0.07125058070699507, 0.07515973093554996, 0.07498689726831644, 0.08318843409272038, 0.07990467861529045, 0.07872556547437642, 0.07126787026722294, 0.08165958020120805, 0.08027751832168661, 0.07464804491507991, 0.07371071072550708, 0.08122599646543666], [0.07380763108045228, 0.07109851181902554, 0.07507946305531914, 0.07485378355432408, 0.08333333333333333, 0.08017000469200847, 0.0788135227722485, 0.07108104294715843, 0.08192605627549669, 0.08036035180828704, 0.07442325907980712, 0.0736266855754271, 0.08142635400711228], [0.0736827094962748, 0.07108392298143265, 0.07501465211286769, 0.0747431895302528, 0.08303177864537888, 0.08052259536635811, 0.07883412139494395, 0.07103610329236419, 0.08236676883435545, 0.08030819471654041, 0.07425460891592027, 0.07360362129452803, 0.08151773341878286], [0.07343396499713936, 0.07089976408239126, 0.07490256046580035, 0.0745600363550248, 0.08333333333333331, 0.08091055493055122, 0.0789181339161353, 0.07080370141032345, 0.08275901255593884, 0.08034087817838481, 0.07395127080601083, 0.07349787312389475, 0.08168891584507157], [0.07378934514931056, 0.07110972258476353, 0.07506639486994192, 0.07483310495394704, 0.08323106826635124, 0.08024700757097486, 0.07880865127036113, 0.07108740939174339, 0.08203085895145833, 0.0803361715281266, 0.07439656818766383, 0.07362680049825197, 0.08143689677710556], [0.07372233289078772, 0.07099799043829282, 0.07509896632217147, 0.074831790417441, 0.08306506425921213, 0.08029743502687321, 0.07897772597758489, 0.07095126571094042, 0.08192897009482927, 0.0805526973738728, 0.07430841343934724, 0.07361811226798479, 0.08164923578066233], [0.07409226593306811, 0.07126729563532751, 0.0752271277400423, 0.07508316955251929, 0.08333333333333333, 0.07965647374804917, 0.07872852245681941, 0.07130176615858017, 0.08133914650966435, 0.0803187602777368, 0.07477186682888042, 0.07374518388260005, 0.08113508794337905], [0.07425922455481741, 0.07136961281656737, 0.07535028276003225, 0.07523952352725746, 0.08301453672139845, 0.0794125457312704, 0.07874489646968871, 0.07142246884858504, 0.08101337443065003, 0.08035293109212496, 0.07496163627616323, 0.07384559234079473, 0.08101337443065003], [0.0744042794713385, 0.0714206976715034, 0.07546463002641399, 0.07538748540183333, 0.08305533942947814, 0.07913582454606578, 0.07875401628270308, 0.0714905992660461, 0.08060786826944095, 0.08038197056457613, 0.07513127302803073, 0.0739210603589832, 0.0808449556835866], [0.07448931301161456, 0.07142788887372425, 0.07553237094186736, 0.0754795511188337, 0.08333333333333334, 0.07891009682175856, 0.07874352792447988, 0.07150937352901994, 0.08031378111718748, 0.08038032777438021, 0.07523440086054971, 0.0739553372810084, 0.08069069741224265], [0.07457630094166016, 0.07139843697585853, 0.07568159190984734, 0.07563076616928636, 0.08333333333333333, 0.07864090608129227, 0.07885343786266243, 0.07147110494375078, 0.07994131409502761, 0.08050252071559257, 0.07531549055847993, 0.07403513062481563, 0.08061966578839293], [0.07475045340398698, 0.0714788137438659, 0.07591447591313406, 0.0758669646345583, 0.08283599259591418, 0.07834033460217392, 0.07897677075970608, 0.07154016432881236, 0.07951486433076527, 0.08058736362932674, 0.0754711968552843, 0.0742085398459301, 0.08051406535654183], [0.07483179363070676, 0.07150289469853355, 0.07606859901136734, 0.07600913850770806, 0.08264948081836306, 0.07814915710920675, 0.07907942779835261, 0.07154686642575155, 0.07923083602839653, 0.08064844588702938, 0.07552606429528266, 0.07431762871837877, 0.08043966707092297], [0.07483391588319556, 0.07143113073204363, 0.07622697163773044, 0.07612535241327494, 0.0829576388704751, 0.07791446640847116, 0.07923892582673225, 0.07143654021123876, 0.0788657035861444, 0.08074231573818304, 0.07547413859400832, 0.07440365863274002, 0.08034924146576217], [0.0746106294431388, 0.07120128284456981, 0.07630813972737066, 0.07608233480145463, 0.08333333333333334, 0.0779333446801695, 0.07959710836709477, 0.07112442555323062, 0.07871138364814406, 0.08105826633812406, 0.07514427604981307, 0.07441155761757653, 0.08048391759598021], [0.07348277812439391, 0.07100929113505791, 0.07490670329563477, 0.07457332972799491, 0.083114095642838, 0.0809420176175009, 0.07884106364218071, 0.07091897650822723, 0.0829113233116032, 0.08021270298048513, 0.07399762089784016, 0.07353967555612638, 0.08155042156011694], [0.07336746160356342, 0.07099665008169194, 0.07487626146944396, 0.07448949997639824, 0.0827836087910342, 0.0812880063855047, 0.07889314153349311, 0.07086758232502849, 0.08333333333333333, 0.08017049364716868, 0.07382966824690392, 0.07354360565501378, 0.08156068695142216], [0.07333323347142238, 0.0710744874681597, 0.07492083934436392, 0.07448312729409462, 0.0824242492662362, 0.08163195065824469, 0.07898672219217388, 0.07090643872304003, 0.08313284000521146, 0.08018909242549734, 0.07373902425885583, 0.07362806693000687, 0.08154992796269321], [0.07332210621921005, 0.0711197651233848, 0.07494399329918398, 0.07448305460687828, 0.08224282107421005, 0.08178400683145459, 0.07902248673988987, 0.0709334893349754, 0.083052821790953, 0.08020795049858133, 0.07370091900509074, 0.07367250036729511, 0.08151408510889281], [0.07327907879174173, 0.07115987863090835, 0.07497407794048247, 0.07446922308828856, 0.08194558404230147, 0.0820429219304022, 0.07909525061410677, 0.07093954621675837, 0.08304065421507367, 0.08025349955685393, 0.0736110826002584, 0.07373035459187266, 0.08145884778095148], [0.07320367577559145, 0.07119453093697026, 0.07502126831134048, 0.07444732420403997, 0.08151388462750297, 0.08240286395291373, 0.07921816082898665, 0.07092060385899909, 0.0830020596354022, 0.08032856006064731, 0.07346508722154822, 0.07381058760845319, 0.08147139297760451], [0.07317390986145529, 0.07121288259422395, 0.07505287404909906, 0.07444548036931867, 0.08131560065916807, 0.08255372624465994, 0.07928649744678845, 0.07091293461045252, 0.08294343332684759, 0.08037004637822012, 0.07340156223804944, 0.0738555479452552, 0.08147550427646177], [0.0737581801687083, 0.07087992961434558, 0.07520302382931117, 0.07493689015533363, 0.08333333333333333, 0.07998019764155363, 0.0791418785828841, 0.07083010927395618, 0.08144014356368148, 0.08083078936738901, 0.07435439708696454, 0.07363347201244755, 0.08167765537009149], [0.07411424625532069, 0.07114627747830717, 0.07535986719161503, 0.07519892134316895, 0.08333333333333331, 0.07945126794648726, 0.07894873440331955, 0.07116239662275056, 0.08089181291005741, 0.08062766155590594, 0.07478521049019198, 0.07378618601003402, 0.08119408445950797], [0.07436308174970305, 0.07130103142543728, 0.075542230035419, 0.07543260146430704, 0.08304385165529025, 0.07907887093216803, 0.07893618275566303, 0.07134373089551267, 0.08044122568758341, 0.08061097140241164, 0.07506475137260368, 0.07393589785638925, 0.08090557276751169], [0.07309683600207323, 0.07115697516205303, 0.0750580190395647, 0.07441179452615977, 0.08113748712431286, 0.08272661194808884, 0.07937473907055857, 0.0708285728659878, 0.08309590939727532, 0.08044439311931847, 0.07329278502510465, 0.07385756128063874, 0.0815183154388642], [0.07304481923733797, 0.07113405667173853, 0.07508386027772523, 0.07439967276499469, 0.08094808873765012, 0.08285424838812527, 0.07946788460410946, 0.07077733863011303, 0.08314552808839426, 0.08051385648929514, 0.0732073934380662, 0.0738849269763564, 0.08153832569609372], [0.07301549088538449, 0.07114235637702702, 0.07514787823069398, 0.07441798443024501, 0.08071918462333368, 0.08290809226675111, 0.07960513843235612, 0.07075134689927987, 0.0830327763798214, 0.08061401644900415, 0.07313612688177588, 0.07395199823447328, 0.08155760990985406], [0.0730095329481692, 0.07118296966582358, 0.07523053979265228, 0.07445576231950544, 0.0804760478593875, 0.08303010853333123, 0.07974070675253067, 0.0707577202817085, 0.08275823251475993, 0.0806966859731309, 0.07308635451652835, 0.07404311863032062, 0.08153222021215158], [0.07302217163952207, 0.07122947981106882, 0.07532630047923253, 0.0745108978356475, 0.08026827947821322, 0.08296418769865946, 0.07989132176311387, 0.07077380429604653, 0.08249672476939462, 0.08079645089193686, 0.07306003145368234, 0.07414176232176427, 0.08151858756171793], [0.07302829396987406, 0.0712435415760804, 0.07537421709833537, 0.0745396664990408, 0.08017962176439015, 0.0828910011822618, 0.07997561315916062, 0.07077409643649082, 0.08237364588697214, 0.08085962019732183, 0.07304914650696066, 0.07418646892937593, 0.08152506679373528], [0.07301892775489956, 0.07124448272857725, 0.07543323812164902, 0.07456754528263243, 0.08002982429584027, 0.08297610713641283, 0.0800955362026449, 0.0707528765300986, 0.08217412629936928, 0.08094271004026617, 0.07301321686777847, 0.0742391627326743, 0.08151224600715694], [0.07302993025984902, 0.07127134382963447, 0.07550959028730836, 0.07461335592461613, 0.07987374931214594, 0.08295162798783695, 0.08022050827864453, 0.07075774260272351, 0.08196482819946647, 0.08101989041445691, 0.07299633550093594, 0.07431238105510604, 0.08147871634727565], [0.07307325436753612, 0.07136609506300691, 0.07563275249845032, 0.07469464776104542, 0.07962287484132288, 0.08292983476198003, 0.08035633797506371, 0.07082040634229013, 0.08166331207331068, 0.08105361720162688, 0.07299517396913867, 0.07444838772287912, 0.08134330542234912], [0.07309213172535346, 0.07141460500619529, 0.07574088290349097, 0.07475968993932679, 0.07938398706843235, 0.08304396347361491, 0.08050652186392493, 0.07083763780635063, 0.08136431490870165, 0.08110343322868502, 0.07297310707829978, 0.0745568166406816, 0.08122290835694262], [0.07302438093157998, 0.07127023577474756, 0.07562445754708656, 0.07467523581563108, 0.07961416376341564, 0.08307091409460289, 0.08045046641550699, 0.07072030395530202, 0.08160292191241687, 0.08116874350425116, 0.07294703271294543, 0.07440886063888046, 0.08142228293363352], [0.07405540271946695, 0.07121238220041096, 0.07525085551971117, 0.07508511502328812, 0.08316515889096687, 0.07969854101580938, 0.07882922440940296, 0.07123088893359687, 0.08131693673790809, 0.08044274697864855, 0.07471934046186991, 0.07374786067518638, 0.08124554643373379], [0.07391801715501738, 0.07109136706418447, 0.07521737078512057, 0.07500388222380443, 0.08309329476845355, 0.07989660384674219, 0.07895362544251266, 0.07107806458334016, 0.08145852665194146, 0.08058184241561643, 0.07454731299599025, 0.07370156541533479, 0.08145852665194146], [0.07416760276380822, 0.07110190936066073, 0.07554580329750736, 0.0753528856793012, 0.0828118179509221, 0.07929123661499188, 0.07920977992243027, 0.07108843676793825, 0.08056711484037891, 0.08094179651098171, 0.07480647782148821, 0.07389572455279862, 0.08121941391679234], [0.07398019049738352, 0.07101905189364008, 0.0753592732276493, 0.07514047101921385, 0.08304510005731054, 0.07964102523093307, 0.07913694804121756, 0.07099610654915084, 0.08103102729776156, 0.08084939640415659, 0.07460757444060344, 0.07376136285362775, 0.08143247248735196], [0.073424352997535, 0.07077529253098078, 0.07499568574179542, 0.07463027103711736, 0.08302385847021809, 0.080801346424262, 0.07916440117311875, 0.07066262912607511, 0.0823547222137982, 0.08069680619721549, 0.07393554666903579, 0.07351470633442693, 0.0820203810844211], [0.07365343996947, 0.07084867782574751, 0.0751378443317865, 0.07483994238376471, 0.08316004130707927, 0.08023039197397416, 0.07915866954587711, 0.07077942933394481, 0.08173515750029836, 0.08080837732261614, 0.07422334241465889, 0.07359660968590086, 0.08182807640488154], [0.07422794013086081, 0.07108379923510331, 0.07565794585542432, 0.07546238985027136, 0.08287579979888982, 0.07906480940853232, 0.07929764012743754, 0.07106245929348927, 0.08024490663140935, 0.0810383117945378, 0.07485837938745425, 0.0739579195493475, 0.08116769893724216], [0.07429696767465338, 0.07107234747846082, 0.07586426855450028, 0.07563422982165892, 0.08265917684859313, 0.07880151013642343, 0.07951480541787781, 0.07101861343410086, 0.079808148169514, 0.08123509620325783, 0.07488301038365489, 0.07409311577856896, 0.08111871009873567], [0.07487469916251857, 0.07142005677224712, 0.07643838790263957, 0.07628674341734533, 0.08303458529151782, 0.07765247298584707, 0.07948072125771646, 0.07138107410248236, 0.07845923919094377, 0.08078406505481428, 0.07544512434995275, 0.07454807855009188, 0.0801947519618831], [0.07495636256894349, 0.07151814739432727, 0.07634239000944017, 0.07625744504781877, 0.08286419427561989, 0.07771904411151688, 0.079248532106015, 0.07152659162328073, 0.07863397649200393, 0.0806515641943797, 0.0755926303481983, 0.0745021737610361, 0.08018694806741974], [0.07292742927676446, 0.07040777049332123, 0.07541942893666546, 0.07463983408387614, 0.08078133349862977, 0.08153879545935844, 0.08078001470036818, 0.07000850465803604, 0.08120492118309265, 0.08230913005858755, 0.07309422844136301, 0.07382426963845293, 0.08306433957148415], [0.07288236643685024, 0.07044754132503633, 0.07532057873922433, 0.07454810966613927, 0.08078973091303285, 0.08192951636909727, 0.08058865134460691, 0.07005140518170407, 0.081486894488255, 0.08205163307133297, 0.07305068808511793, 0.07378088786253688, 0.08307199651706612], [0.0728550968353537, 0.07038782644652135, 0.07520339849114104, 0.07447402158758858, 0.08105764773307778, 0.08196098875710045, 0.08037602808391556, 0.07002226734166632, 0.08175883329729218, 0.08183946757468433, 0.07306569547072043, 0.07366539504760514, 0.08333333333333334], [0.07288223208827166, 0.07042766957897993, 0.07514092535366512, 0.07444752121553237, 0.08128669136537915, 0.08203862162853649, 0.08019285828126145, 0.07008646681620817, 0.08202646218093441, 0.08163019342546549, 0.07312117066942772, 0.07362668103663329, 0.08309250635970472], [0.07295936975722135, 0.07041642408580881, 0.07510350184459591, 0.07447450826919959, 0.08161195557155398, 0.08172464349630404, 0.08003447083201166, 0.07012114074940445, 0.08220434568641212, 0.08148162339321972, 0.07325863847769418, 0.07356598231350883, 0.08304339552306536], [0.07303514404781446, 0.07039592754760558, 0.07511098770931149, 0.07452857335560073, 0.0817658496008558, 0.08137751885698595, 0.07996742263758792, 0.07013359222713253, 0.08212188873942702, 0.08149489700514628, 0.07337940750976449, 0.0735376210879928, 0.0831511696747749], [0.07315395801702736, 0.07040011014801209, 0.07525524979382148, 0.07468524639062707, 0.08183217415176958, 0.08094861749137461, 0.08012294782271076, 0.07014527483371935, 0.08163659785909572, 0.08181358280614938, 0.0735099833635159, 0.07361711218221101, 0.08287914513996575], [0.07315073712305509, 0.07035407970219251, 0.0754653700359262, 0.07481513333585567, 0.08132168385469457, 0.08067951745460535, 0.08057048664279029, 0.0700435033756408, 0.08098939550444947, 0.08235917958454529, 0.07343591023105224, 0.07376061949194543, 0.08305438366324719], [0.07306218094372445, 0.07037009307630068, 0.07555346215707565, 0.07480816087670208, 0.08088364984260002, 0.08088376396266529, 0.08090145125681632, 0.06999538139991156, 0.08081423785344424, 0.08253142325551863, 0.07326187185528701, 0.07386665543831286, 0.08306766808164101], [0.07295664413389617, 0.07034150767520764, 0.07550847044403887, 0.07472146500547534, 0.08072356785405896, 0.08115947087724416, 0.08095428045711736, 0.06993871044475597, 0.08086656198269791, 0.0825232958535769, 0.07312162959146798, 0.0738510623471294, 0.08333333333333333], [0.07294945446018981, 0.0703398669266053, 0.07537354941262998, 0.07463899011734929, 0.08101334931913305, 0.08133612633127213, 0.08066595606695522, 0.06997269886154808, 0.08126542006419105, 0.0822040138447148, 0.07316176124400917, 0.07374548001806877, 0.08333333333333333], [0.07292395296540427, 0.07040590042371087, 0.07535497943597604, 0.07460072098613202, 0.08090697363886745, 0.08164042718095485, 0.08064007811409896, 0.07002389025350475, 0.08139680387873552, 0.08215262004812764, 0.07311328028671632, 0.07377304522522725, 0.08306732756254404], [0.07294577651797432, 0.0703503595430431, 0.07521972326385769, 0.07454540944691622, 0.08131662630860952, 0.0815333642421289, 0.08032683458781528, 0.0700244616777155, 0.08174044609745794, 0.08182317090871713, 0.07321084126970233, 0.07362965280272873, 0.08333333333333333], [0.07306007473037683, 0.07035970879600667, 0.07531525781358134, 0.07466980358400041, 0.08145441866759903, 0.08111830427391266, 0.0803877697164672, 0.07005349951275594, 0.08146997148207741, 0.08200900130935819, 0.07335111478237999, 0.07367366096674255, 0.08307741436474185], [0.07301618323251224, 0.07036862183905983, 0.0753084320196377, 0.07463709226389488, 0.08133329811032847, 0.08129613593164699, 0.0804323813940489, 0.07004464606501551, 0.08152182799846595, 0.08197759266437464, 0.07328337224266265, 0.0736867908154199, 0.0830936254229324], [0.07303649008196804, 0.07031655240624181, 0.07538971180709016, 0.07470663190245132, 0.08123877651382298, 0.08098742044514899, 0.08058240866389656, 0.06998478456361874, 0.08117805214613999, 0.08223141759892846, 0.07329626395150887, 0.07371815658585075, 0.08333333333333334], [0.07292852280046247, 0.07038955896859694, 0.07522954604242174, 0.07453365887936055, 0.08119008043935999, 0.08170999428074666, 0.08035885604217939, 0.07004801060399823, 0.08176364753631042, 0.08184609468775636, 0.0731707989611053, 0.07366303710568733, 0.08316819365201451], [0.07298898234629894, 0.0703568568162488, 0.0751427191460472, 0.07452582662264914, 0.08160028408297237, 0.08143039401459216, 0.08010167085635767, 0.07007085208223153, 0.0819740094680214, 0.0816121533614899, 0.07330511446843284, 0.07355780340132465, 0.08333333333333333], [0.073085980415016, 0.07037659499938842, 0.07523277810109072, 0.07463445578270061, 0.08170276793819822, 0.08112400373872121, 0.08017098780159751, 0.07010285782707909, 0.0817113404773491, 0.08180102443799983, 0.07341824575570927, 0.07360868732980382, 0.08303027539534605], [0.07318156513362434, 0.07037035067887917, 0.07540956232779782, 0.07479856421691447, 0.0815335001840819, 0.08068213925427381, 0.08040610481836437, 0.07008637807697832, 0.08114369672664795, 0.0821983620610297, 0.07350120564039676, 0.07371528468263251, 0.08297328619837904], [0.07322514596943257, 0.07041280769847454, 0.075335943773845, 0.07477440672140298, 0.08181676269494337, 0.08071091223021473, 0.08018849675425638, 0.07016259639534624, 0.08137689591790202, 0.08195924974880386, 0.07358703605161938, 0.07366520071982886, 0.08278454532393005], [0.0729551717236906, 0.07040316711347373, 0.07515438445800404, 0.07450386174846454, 0.0814591697213831, 0.08169698886757065, 0.08015707021342185, 0.07009304600096213, 0.08202826397228387, 0.08162168681310832, 0.07323677968821124, 0.073601287142691, 0.08308912253673502], [0.07308456366043868, 0.07039303061017331, 0.0751479380865418, 0.07458092348908042, 0.08185868759558748, 0.08118823481426897, 0.07998581021548963, 0.07014118626797601, 0.08196866664387634, 0.0815847917336583, 0.07344357306200655, 0.07355009843637354, 0.08307249538452896], [0.07318681650835084, 0.0704248541964106, 0.07520878371413563, 0.07467366168748746, 0.08201471836268705, 0.0809088078370999, 0.07997532425697951, 0.07019401767238279, 0.08175977792357907, 0.08166532340486636, 0.07357255219547276, 0.0735826300455324, 0.08283273219501558], [0.07297195661793954, 0.07054320842637025, 0.07583574662124867, 0.07488296882517216, 0.08003845659774053, 0.08123224958142772, 0.08162072884049523, 0.0700256259118801, 0.08011738737094407, 0.08305181225391804, 0.07297426702018336, 0.07421191208143707, 0.08249367985124338], [0.07297724468922132, 0.07044007382435147, 0.07578561060434215, 0.07487635913841949, 0.08026557151879725, 0.08102736591278036, 0.08152864144383512, 0.06995399868936046, 0.08017498852820468, 0.08315297134318896, 0.0730252966694013, 0.07411545839641714, 0.08267641924168043], [0.0730833018335844, 0.07038726005213382, 0.07578099028243748, 0.07495049616038314, 0.08067209448828279, 0.08062348680335352, 0.0813534292386671, 0.06995509557010715, 0.08018144863551106, 0.08304330482072766, 0.07320296976554716, 0.07404797146364588, 0.08271815088561886], [0.07324825660857012, 0.07039809559597202, 0.075914349102974, 0.07513126610929056, 0.08106478189543902, 0.08003424772237737, 0.08130521689515689, 0.06999593806602325, 0.0798044177680536, 0.08333333333333333, 0.07340157880302209, 0.07410373287423339, 0.08226478522555429], [0.07360634822908976, 0.07076438601416078, 0.07651947971719748, 0.07564162406176955, 0.08096281077243069, 0.0793255630816906, 0.0818010938660167, 0.07029523051825204, 0.07876458319075445, 0.08263968055956088, 0.07363306182906648, 0.0746476113523038, 0.08139852680770669], [0.07349134988250676, 0.07086162473983114, 0.07671499864157745, 0.07565839701697623, 0.08028795501868778, 0.07952808383742856, 0.08248497037499403, 0.07027944196586278, 0.07835486977105742, 0.08297764443079138, 0.07336083533580798, 0.07489110105678086, 0.08110872792769777], [0.07329439338701974, 0.0708739691295236, 0.07659960745808946, 0.07546161565063808, 0.07985524945750688, 0.0801092740011727, 0.08284397275843591, 0.07023687865967486, 0.0785347896241127, 0.08298746125626774, 0.07310270495758504, 0.07487975877387044, 0.08122032488610277], [0.07318203254901126, 0.07085908801910093, 0.07635920049191311, 0.07525596989091705, 0.07977814933869158, 0.08075245206802394, 0.08245933283448904, 0.07024043245151596, 0.0790873513939261, 0.08266303282173089, 0.07302695230738714, 0.07472322527370114, 0.08161278055959184], [0.07301912953387375, 0.07061388005327789, 0.07597838181721428, 0.07498132123354881, 0.07998054246354618, 0.08110787970143873, 0.08186643725632856, 0.0700664773720312, 0.0798092094194813, 0.08300856168924407, 0.07297673905677327, 0.07434654051299924, 0.0822448998902426], [0.07298871322090701, 0.07045918872805913, 0.07586741265423357, 0.07492710399163077, 0.08022813295219039, 0.08090546427505647, 0.0816920145516728, 0.06995243656985616, 0.07995970697102894, 0.08333333333333331, 0.07300721332235234, 0.07418646623179204, 0.08249281319788693], [0.07307106630826614, 0.07041098343531117, 0.07589544779364518, 0.07500450743312422, 0.08053989104625298, 0.08054463945491859, 0.08162012070742866, 0.06993850551113495, 0.0798756757494641, 0.08333333333333333, 0.07313431950484692, 0.07415464801406042, 0.08247686170821328], [0.07315028453317127, 0.0704326846641522, 0.07593264412427611, 0.07507228466365558, 0.0807104714470026, 0.08036514511509082, 0.08156031236751204, 0.06998024477912602, 0.07983080561868133, 0.08314628325117435, 0.07323724879153959, 0.07416849862369419, 0.08241309202092373], [0.07321709614611523, 0.0704786450194573, 0.07608946676125, 0.07519700610199549, 0.08071836728547019, 0.08008246251551386, 0.08175666584869183, 0.07000459307960054, 0.0794657729284626, 0.08333333333333334, 0.07326834476503293, 0.07429300235766731, 0.08209524385740946], [0.07313296864547421, 0.07061957368797843, 0.07615698376100224, 0.075154484301159, 0.08019033319216895, 0.08058038560159671, 0.08211858725003086, 0.07007135454246502, 0.07941892185733068, 0.08299748844038608, 0.07308283802379985, 0.07445051211329226, 0.08202556858331565], [0.07322412252879937, 0.07071508923684829, 0.07637946484812622, 0.075321806366633, 0.08011287662025414, 0.080263856