[[0.07332728157500407, 0.0813836808223429, 0.07171698956090092, 0.07487732554816794, 0.07563695195186508, 0.0698229159299209, 0.08078867823688989, 0.08246948989609852, 0.08085370716853334, 0.07507612641209235, 0.07301531652783337, 0.0816058524357991, 0.07942568393455163], [0.07330070395944445, 0.08125693019740893, 0.07166976409357284, 0.07480171519996558, 0.07552052752566871, 0.06979677278675332, 0.08057353415378711, 0.08274797417982131, 0.08112054112299895, 0.07494441057914884, 0.07302391667509672, 0.08171002755493269, 0.07953318197140051], [0.07329009473128197, 0.08107489203288129, 0.0716420709608581, 0.07472844129219046, 0.07539789893342533, 0.06980051544667716, 0.08031442184925856, 0.08301589293038383, 0.08145993882808246, 0.07480726257546749, 0.07305511969847325, 0.08177067575119915, 0.07964277496982096], [0.0733088700655681, 0.0809550083143499, 0.0716353597376173, 0.07469599282749266, 0.07532129333488406, 0.06981228600812664, 0.08012953941308676, 0.08295742191853321, 0.08177191844537794, 0.07471019654389999, 0.07311035081115819, 0.08182590459202614, 0.07976585798787912], [0.07337165334506793, 0.08078521678519628, 0.07168366410089336, 0.07469059923126294, 0.07526278155819163, 0.06989553902704526, 0.07991102636339088, 0.08270595024751752, 0.08214305467867816, 0.0746356320762384, 0.07321568175698587, 0.08181167926427506, 0.07988752156525694], [0.07335570435026183, 0.08069296001226613, 0.07162618999235902, 0.07464124475108552, 0.07517778542064746, 0.0698349597798509, 0.07976547244731662, 0.08293798640077595, 0.08239164604390449, 0.07452264515711568, 0.07323022357059472, 0.08182813284244643, 0.07999504923137536], [0.07331113692864587, 0.08061959454008545, 0.07148025153001358, 0.0745622758774831, 0.07504471880538657, 0.06965094078034305, 0.07958861026004738, 0.08333333333333334, 0.08270097701087037, 0.07432518547387996, 0.0732324963474031, 0.08191921314521171, 0.08023126596729667], [0.07339947016984912, 0.08052915640182748, 0.07149557177732013, 0.07459465237715124, 0.07501453675171685, 0.06965686940601201, 0.0794294611768596, 0.0829346299282475, 0.08292280804188021, 0.07424316097257443, 0.0733702354961542, 0.0819233836978216, 0.0804860638025857], [0.07342357314032748, 0.08052618776146817, 0.07140653469291018, 0.07459792216554757, 0.07496765442468578, 0.06951258355915159, 0.07934433117128387, 0.08253535960261504, 0.08333333333333334, 0.07412416923588748, 0.07343438295361947, 0.08199639734066991, 0.08079757061850028], [0.07363881603737997, 0.08048103404633568, 0.07150579703301212, 0.07475416526171655, 0.07504236081603587, 0.06957612344240705, 0.07926064231006431, 0.08197235773122552, 0.08276740214059747, 0.07411728100770533, 0.07370818412234505, 0.08192357967742232, 0.0812522563737527], [0.07377490588391483, 0.08040358079978085, 0.07149077967432767, 0.07485320705115493, 0.07506388457161482, 0.06948994382855724, 0.07915479805599632, 0.08136228174017583, 0.08300698829776512, 0.07404003620600516, 0.07389923113051484, 0.08172687060653164, 0.08173349215366087], [0.07395210954710452, 0.08022003862868515, 0.07158412735962232, 0.07496732780756876, 0.07510424421189123, 0.0695667530680392, 0.07899242777782908, 0.08091391753127586, 0.0831260274642617, 0.07402199830131982, 0.07412885451792665, 0.08140987419293136, 0.08201229959154432], [0.07411254805841413, 0.08030535678321009, 0.07161823982009753, 0.07513008889416864, 0.07521979048343959, 0.06952096270633581, 0.07901140609466532, 0.08042708371540115, 0.0825803700244375, 0.07405408993131483, 0.07431289888285142, 0.08122413006362254, 0.08248303454204156], [0.07422923473942034, 0.08037929029799842, 0.07164358134435601, 0.07525762936435244, 0.07531743346245974, 0.06948326493633046, 0.07903415805643138, 0.0800630710137271, 0.08216950529799194, 0.07409064460245453, 0.07444027639794189, 0.08105361558981575, 0.08283829489671991], [0.07431509426258334, 0.08054265041140099, 0.07161555269496238, 0.07539825398497742, 0.07544623593894509, 0.06935412648275939, 0.0791360074361179, 0.07962786780339934, 0.0816283042878156, 0.07414297020435302, 0.07451526699579457, 0.08094433616355773, 0.08333333333333334], [0.07440596861394244, 0.0807642373878594, 0.07165682443821833, 0.07555738790282017, 0.07562332276787222, 0.06932689930243476, 0.07932725370562384, 0.0793619334581525, 0.08121624341797024, 0.07428024459348051, 0.07457208396579745, 0.08099678120463391, 0.08291081924119416], [0.07450590823326536, 0.08099464865689433, 0.07169468853181497, 0.07575037693747014, 0.07584202894981237, 0.06927446756757467, 0.07954015941670788, 0.07896433045985946, 0.0806574874802948, 0.07444632679791051, 0.07462371042505997, 0.08096170435234933, 0.08274416219098621], [0.07451283541533865, 0.08132909372199468, 0.07168410062039772, 0.07589954396330986, 0.07606715248986619, 0.06917277350799873, 0.0798787284589905, 0.07863589275576324, 0.08009451830285168, 0.07464401085392429, 0.07454500331966259, 0.08098366197478493, 0.08255268461511714], [0.0734153013316566, 0.0813182576732024, 0.07190559996347243, 0.07499388124520828, 0.07580417811590852, 0.07004778060722847, 0.08093086993115488, 0.08223216018314437, 0.08050613632620802, 0.07530861008808482, 0.07305820304820136, 0.08130232755076293, 0.07917669393576705], [0.07336486524123137, 0.08120854442747664, 0.07182048740944476, 0.07488668897697862, 0.07564629252442402, 0.06998199882878108, 0.08067873404290371, 0.0826101879509382, 0.08083559699167632, 0.0751260908046733, 0.07305185529557057, 0.08146536950005613, 0.0793232880058453], [0.07334158344546951, 0.08112359168574734, 0.07178029524552176, 0.0748289653360131, 0.0755591506513841, 0.06995541346037921, 0.08052729916030447, 0.08283030398476687, 0.08104274445160481, 0.07502644165764479, 0.07305395732593616, 0.08153243998708579, 0.07939781360814209], [0.07329823790150368, 0.08099970563253024, 0.07166945694700191, 0.0747214024029533, 0.07538599264155539, 0.06984872603033711, 0.08025401296336566, 0.08311133611474625, 0.08151220127934437, 0.07480657058299159, 0.07306706277683794, 0.08171262965775358, 0.07961266506907874], [0.07332152675810148, 0.08113588560507047, 0.07173254494232056, 0.07480185098821368, 0.0755187636679133, 0.06989682120974401, 0.08049259447720647, 0.08288205745899926, 0.08113120317495479, 0.07496816613959138, 0.07304571597522401, 0.08160798174944177, 0.07946488785321873], [0.073339435792479, 0.08084743513424081, 0.07168775607718621, 0.07469740268351151, 0.07530849670990673, 0.06989585869889485, 0.08003313665166857, 0.08294531878505308, 0.08188606753412188, 0.07470836228684936, 0.07315178814786998, 0.08174954622598905, 0.07974939527222905], [0.07339676564794681, 0.08069644525866027, 0.07175025499404301, 0.07470045915360082, 0.07527424150618207, 0.06999577700830124, 0.07986286236037968, 0.08278148657627431, 0.08214201395720296, 0.0746715081028331, 0.07323844099054104, 0.08168759411544707, 0.07980215032858783], [0.07336379761001709, 0.08064927806041496, 0.07163602509563802, 0.07463673853528702, 0.07516494984878681, 0.06985366832658489, 0.07972084039731579, 0.08297024957424379, 0.08245451706527789, 0.07450978805820066, 0.07324504181112948, 0.08179647077235838, 0.07999863484474527], [0.07336922328581692, 0.08045259713254345, 0.07160986651246092, 0.07458305142065341, 0.07506075619014019, 0.06984555663020497, 0.07948560194960681, 0.08333333333333333, 0.0828157586491418, 0.07438158352643898, 0.07329273270875429, 0.08168702822270299, 0.08008291043820194], [0.07344575403874648, 0.08038478924823485, 0.07159723594940923, 0.07460623125910654, 0.0750187815319806, 0.06981236354586969, 0.07933360898111172, 0.0828877402646619, 0.08312325793957932, 0.07427820043805176, 0.07342160670273215, 0.08172801134582945, 0.08036241875468636], [0.07349670806323422, 0.08040418826827565, 0.07156528939113913, 0.07463752024176114, 0.07501008403075163, 0.06974253040027484, 0.07928533600571529, 0.08265862703208939, 0.08305515642606048, 0.07421544095163622, 0.07350404803542283, 0.08181131731816003, 0.0806137538354792], [0.07356154737800012, 0.0803915889268645, 0.07154836100369315, 0.07467716776554537, 0.07500577822516022, 0.0696911781686604, 0.07922738040827314, 0.08235410705092586, 0.08308679503556331, 0.07415730652179843, 0.07360272559810555, 0.08182873322345655, 0.08086733069395331], [0.07368505581125911, 0.08035849611437475, 0.07160158454064897, 0.07476471505796932, 0.07504423516470167, 0.06972260462054779, 0.07917218317359467, 0.08202626300187232, 0.0828087081889187, 0.07414685825927765, 0.073762018284735, 0.08177926848826854, 0.08112800929383161], [0.07377251721473893, 0.08032456043746003, 0.07165007945788343, 0.07482715800091166, 0.07507555289974716, 0.06976165510282897, 0.07913241138432363, 0.0818249326130157, 0.08261230314271352, 0.0741504134479591, 0.07387173957706256, 0.08171666530542497, 0.08128001141593033], [0.07384056843025978, 0.0802431150607732, 0.07165579290528563, 0.07486481009749012, 0.07507143837812161, 0.06974643207465465, 0.07904367012291158, 0.08154339571743462, 0.08286613731635559, 0.07410503314710627, 0.07397108694153816, 0.08158865331314036, 0.0814598664949284], [0.07387514899620166, 0.08021912664054957, 0.07160135159077159, 0.07489256512651275, 0.07506464373849983, 0.06964103097555033, 0.07900139236167629, 0.08124518542406155, 0.08317368862654013, 0.07404266167070496, 0.07403020188698634, 0.08150637616963556, 0.0817066267923094], [0.07416307599426637, 0.07999988886428616, 0.07180129829743787, 0.07508840416446276, 0.07516408322158034, 0.06983686553535697, 0.07880783838980576, 0.08068362097003855, 0.08290028223328155, 0.07407755368541148, 0.07438572034743897, 0.0811089946899746, 0.08198237360665833], [0.07427472278837996, 0.08009334090040557, 0.07179804361794896, 0.07520943444893358, 0.07524821740591942, 0.06975656352078977, 0.07883123742033177, 0.08030146157495799, 0.08253712620738679, 0.0740881540105092, 0.07451553925040133, 0.08098511495229309, 0.08236104390174263], [0.07393242998845177, 0.08030276442483654, 0.07153775472904046, 0.07497455929403758, 0.07512008499505467, 0.06948894544210271, 0.07906101806309408, 0.08087532896701786, 0.08300037647276488, 0.07402225198922553, 0.0741001144416777, 0.08147211431508439, 0.08211225687761171], [0.07439773823171822, 0.08011291467373513, 0.07184871292092898, 0.07532510173609687, 0.07532973028176695, 0.06976559323845957, 0.0788171334261052, 0.08000264600686541, 0.08222028938885338, 0.07412126836546003, 0.07465578555151345, 0.08082737407203923, 0.08257571210645762], [0.07454997859768739, 0.08021521731031062, 0.07188346006949563, 0.07550320505702639, 0.07547530254250472, 0.06971231757982796, 0.07886799125284068, 0.0795590629235899, 0.08171413805858792, 0.07418836948776926, 0.0748137472122599, 0.08062826004636225, 0.08288894986173742], [0.07456905484845962, 0.08035575891788878, 0.07184138980513284, 0.0755752114747065, 0.07555539203123478, 0.06960345667485236, 0.07897540310908167, 0.07936191383953982, 0.0814428236697072, 0.07422745435945138, 0.07481331642221982, 0.08066946441166108, 0.08300936043606427], [0.07467066082545684, 0.08057144223764275, 0.07187167784017871, 0.07575634613727879, 0.07575122037540354, 0.0695459393738285, 0.07916399949636359, 0.07903256538047343, 0.08097430890120967, 0.07436866649503976, 0.07487765409254826, 0.08068933886782888, 0.08272617997674743], [0.07478209528784753, 0.0806383505202805, 0.0718993828225119, 0.07592555042208442, 0.07591477205543277, 0.06948957067368497, 0.07923146684305897, 0.07861094227979874, 0.08047506057737532, 0.07446867897251161, 0.07496560672640602, 0.08054103083834682, 0.08305749198066038], [0.07468533266385148, 0.08095634385209811, 0.0718002061563244, 0.07595797788333716, 0.07602596662486517, 0.06931810012782615, 0.07953350601350634, 0.07851277039484472, 0.08018812781551234, 0.07456954495141692, 0.0747927563293161, 0.08069737115318996, 0.08296199603391116], [0.07345750781782444, 0.08114434977473362, 0.0720112414848005, 0.07500434714795068, 0.07581090831130237, 0.07020985633326947, 0.08080237977644518, 0.0823241718646758, 0.08050053933885844, 0.07535408712878361, 0.07310191872195403, 0.08118666565046932, 0.07909202664893247], [0.07338430666669658, 0.0809652194303018, 0.07188574952904823, 0.0748449572644699, 0.07557470228786188, 0.07011372836121306, 0.08042766356781204, 0.08289434544188921, 0.08106062097554925, 0.07507965715396664, 0.07309522717375809, 0.08137949642403502, 0.07929432572339805], [0.07340656928388056, 0.08104267335728568, 0.07192518446710622, 0.07489997682033976, 0.07565807004093657, 0.07014075800520647, 0.08056856448863561, 0.08268635490656917, 0.08085286953150157, 0.07517596784013632, 0.07309311365541488, 0.08132424685359875, 0.07922565074938843], [0.07333770675554584, 0.08098756001287079, 0.07178457127490263, 0.07478617788782932, 0.07549128248885109, 0.06999006669005106, 0.08036315585553604, 0.08305404006628782, 0.08123786934740974, 0.0749613646114696, 0.07307106664916954, 0.0815168936315297, 0.07941824472854697], [0.07336657816080858, 0.08081785645726647, 0.07184645645453419, 0.07477106203605209, 0.07545453171146348, 0.07009949299104104, 0.08019756860396772, 0.08318123835148401, 0.08138968001331497, 0.07494166346909718, 0.07311663036575085, 0.08142557556324732, 0.07939166582197225], [0.07338103057182765, 0.08072744556338202, 0.07181223452474807, 0.07472948302586638, 0.0753584161833968, 0.07007395871278711, 0.08000645953475, 0.08306550889213081, 0.0817635716185901, 0.07480920684225029, 0.07317649986508533, 0.0815294983357803, 0.07956668632940508], [0.07332203438013578, 0.08085339246433748, 0.07175367804905892, 0.07472488563224773, 0.07539325877308457, 0.06998053628161871, 0.08017096354263487, 0.08333333333333334, 0.08150556091360343, 0.07485065497471723, 0.07308655342185226, 0.08153668290145372, 0.07948846533192211], [0.0734258700905359, 0.08058268760188769, 0.07183804496261996, 0.07471343433163621, 0.0752931629482378, 0.07012771327303761, 0.07980745343359187, 0.08295148452948191, 0.08208258257718049, 0.07472540843038042, 0.0732610271605489, 0.08151780651923152, 0.07967332414162952], [0.073465916518186, 0.08050221071796575, 0.07186445544559257, 0.07471615536290778, 0.07526506406299237, 0.07016975706719106, 0.07969649225200433, 0.08278529026582597, 0.08227392997803033, 0.07468432419190264, 0.0733256085615185, 0.08150521902224243, 0.07974557655364023], [0.0734498856478669, 0.08046105680343638, 0.07181025138448276, 0.0746804688206531, 0.07520451612222007, 0.07010568126579121, 0.0796107423028095, 0.08292434668424963, 0.08245383785672539, 0.07459874745593162, 0.07333121021523503, 0.0815355860221856, 0.07983366941841287], [0.07347019608334512, 0.08033498923946428, 0.07180131911170334, 0.07465473794274706, 0.07513777035838928, 0.07010815367136751, 0.07944617282114291, 0.08304777270183747, 0.08270448788798337, 0.07450943914790507, 0.07338532888266487, 0.08148168389007689, 0.07991794826137272], [0.07347400701699612, 0.08027462165089669, 0.07170714267330529, 0.07461817960800922, 0.07504394885401756, 0.06998067368100448, 0.07929344247140296, 0.08298619059793438, 0.08312941517475365, 0.07435179702946038, 0.07343772033283227, 0.08154174951755307, 0.08016111139183381], [0.07349164208172165, 0.08025158413709017, 0.07167842867226518, 0.0746168016840777, 0.07501524002249889, 0.06993576815684624, 0.0792308673339945, 0.08282712313745001, 0.08333333333333333, 0.07429266160693286, 0.07347790780565422, 0.08156282604085861, 0.08028581598727659], [0.07352263685101605, 0.08026677036926502, 0.07168007558329573, 0.07463920451802207, 0.07502228157571039, 0.06992496244997283, 0.07922103374842339, 0.08273274866730355, 0.08320292986471745, 0.0742800992768112, 0.07352083689445586, 0.08160253310965686, 0.08038388709134957], [0.07358457155657752, 0.0802293609694743, 0.07166932659460375, 0.07466823067381036, 0.07500554617851368, 0.06988996526739681, 0.0791298542003202, 0.08244986263346638, 0.08333333333333333, 0.07421480926879596, 0.07361906300027307, 0.08160583773247208, 0.08060023859096246], [0.07369091957503962, 0.08022090620909068, 0.07170750319699436, 0.0747436695710631, 0.07503687965938328, 0.0699048481523338, 0.07909046946641934, 0.08219398467319804, 0.08300212781818485, 0.07419937719373608, 0.0737583982290786, 0.08161034003623849, 0.08084057621923973], [0.07379142956274158, 0.0801950788938247, 0.07175681746174337, 0.07481512104512479, 0.07507072068173648, 0.06993968108515067, 0.07904995511208014, 0.0819633200218781, 0.08273442166303231, 0.07419737719431427, 0.07388647142164838, 0.0815718684177267, 0.08102773743899835], [0.0739720018156371, 0.080056003040115, 0.07185857184126866, 0.07492816185358604, 0.07511014410705612, 0.07003125126925618, 0.07890815005070376, 0.08151564993020131, 0.08266777860294083, 0.07418048958012365, 0.07412168604136861, 0.08136704193269671, 0.08128306993504605], [0.07411158416568162, 0.07992486098778077, 0.07192389207096878, 0.07501456435713923, 0.07513475019446787, 0.07008004454745247, 0.07878115988164502, 0.08113148431548095, 0.0827979495232341, 0.07415423280436688, 0.07430695799164933, 0.08116130624609, 0.08147721291404283], [0.07419961829236126, 0.07992690380569037, 0.07187064131830372, 0.07509958233966527, 0.07516911246278848, 0.06994039830170909, 0.07875965003390144, 0.08071159546788037, 0.08286418295720514, 0.07410084363325962, 0.07442843826220127, 0.08105615588160663, 0.08187287724342728], [0.07404587438354715, 0.08003602124382556, 0.0717547753412598, 0.07499339095967912, 0.07511014742149388, 0.06982233470539602, 0.07885094125469393, 0.08098077253270591, 0.08308050118981318, 0.07407060026309899, 0.07424173617845364, 0.08124796369210913, 0.08176494083392362], [0.07398174993450378, 0.08006162085804801, 0.07179886873621964, 0.07493895146207342, 0.07509905478274057, 0.06992813669216982, 0.07889330010070003, 0.0813320641200034, 0.08287693080124754, 0.07412721467463283, 0.07414752036074815, 0.08134958460169234, 0.08146500287522034], [0.07386540889202538, 0.08018614532522518, 0.07176681212726398, 0.07487118753993453, 0.07509292809652102, 0.06992071938671723, 0.0790225125969149, 0.08173119248375313, 0.08260412456695053, 0.07417752453142308, 0.07398509619469895, 0.08154240872625257, 0.08123393953231929], [0.07403717539950332, 0.08002954631378266, 0.07177348201130104, 0.07498218966608763, 0.07510662188354855, 0.06985943331716597, 0.07884989585425166, 0.08105695585903293, 0.08304678949655322, 0.07408387079313836, 0.07422816836521456, 0.0812601277341166, 0.0816857433063035], [0.07389919387163749, 0.0801969789196872, 0.07158065284757695, 0.07491140810001934, 0.07506460571320714, 0.06959559077082468, 0.07897423225411745, 0.08108580162345892, 0.08333333333333333, 0.07401445006933649, 0.07406731598355462, 0.08144466323748704, 0.08183177327575925], [0.07427558620786232, 0.07996925530574449, 0.071871914931567, 0.07517413601244134, 0.07521537107539249, 0.06989562969627555, 0.07875680170654023, 0.08046285983505884, 0.0826893490444283, 0.07409954621879257, 0.07452080731767032, 0.08097075912221181, 0.08209798352601468], [0.07437805368188706, 0.07999819194678545, 0.07190198863974703, 0.07527100940928494, 0.07528063965041858, 0.06988313361227695, 0.07874749970024462, 0.08019183889779667, 0.08242973887872579, 0.07411757486676576, 0.07464049573212342, 0.08084936425380956, 0.08231047073013399], [0.07450036996697679, 0.08004381455585784, 0.07193746787684044, 0.07539554936706444, 0.07537184178715615, 0.06986256069428771, 0.07875255798058638, 0.0798677971848193, 0.08209103705287003, 0.07415178686019629, 0.0747775961372117, 0.08069788212693774, 0.082549738409195], [0.07460305396659696, 0.08007167911292155, 0.07197879109254537, 0.07550077157750022, 0.07545273600022552, 0.06986360900990474, 0.07875755897222045, 0.07962256983086359, 0.08182456749619021, 0.07419150645856329, 0.07488919198667912, 0.08056876321317985, 0.0826752012826092], [0.07468562787835631, 0.08022633353497867, 0.07196086937535111, 0.07563953055390875, 0.07558461340642889, 0.06975232515480355, 0.07886799409413976, 0.07928391809564447, 0.08140972503109876, 0.07425626199362856, 0.07495689843831298, 0.08052842030250457, 0.08284748214084384], [0.07484123276991916, 0.08036456815881254, 0.07203081970266206, 0.07585050300267182, 0.07578785375087232, 0.06973844015014342, 0.07898831184683225, 0.07889806087792979, 0.08092289968260671, 0.0743959532403407, 0.07509093655350792, 0.0804704769266377, 0.08261994333706348], [0.07488186663557196, 0.08045900362088397, 0.07200869314038714, 0.07594985153207735, 0.07589413584645707, 0.06964529569188987, 0.0790733785020998, 0.07862731071656923, 0.08057985810943549, 0.07445619363880311, 0.07510623875057382, 0.08042098549888116, 0.08289718831636995], [0.07488149447705514, 0.08062029568245421, 0.07194331919659298, 0.07605282450023564, 0.07602948465201456, 0.06948333755977235, 0.07923258846055352, 0.07830683946284199, 0.08014060537696699, 0.07453984481473429, 0.07505396815832627, 0.0803820643251186, 0.08333333333333331], [0.07477079219112051, 0.08101664707076346, 0.07186433096742169, 0.07609296837635908, 0.07617517471974533, 0.0693411667338117, 0.0796246545685242, 0.07827621722453186, 0.07988087562681741, 0.07469342733468227, 0.07484741812565585, 0.08060115516078444, 0.08281517189978226], [0.07392101212475838, 0.08008776634341322, 0.07187466242116725, 0.07489479221287791, 0.07511080238810623, 0.07007866856734185, 0.07895626147794908, 0.08174735902704273, 0.0825355195393485, 0.07422397443790059, 0.07404509748388295, 0.08142395431456034, 0.08110012966165124], [0.07379449581455323, 0.08010066303058727, 0.07183213452058669, 0.07480049814399171, 0.07506691584456919, 0.07006917108867212, 0.07899469620587836, 0.08205034050245182, 0.08289975438474614, 0.07423649460244548, 0.07388154543979945, 0.08145436793922588, 0.0808189224824926], [0.07368584085666294, 0.08012081659617179, 0.07180416010844538, 0.07472724472435874, 0.07504442594616471, 0.07006971252430536, 0.07904944319330116, 0.08233475309034681, 0.08314155846735632, 0.07426842300176068, 0.07373418366345062, 0.081461824198323, 0.08055761362935265], [0.07366149457182981, 0.08012470234506511, 0.07182567439510384, 0.07471548286566153, 0.07505558849885798, 0.07011153287926081, 0.07908587007741207, 0.08248086314597428, 0.08306451900831628, 0.07430905499628279, 0.07369135926876323, 0.0814429818510135, 0.08043087609645883], [0.07358964907076516, 0.08014254697475463, 0.07182034047273199, 0.07467530765071219, 0.075058311493346, 0.07012742236718882, 0.07915590996856599, 0.08271346450356172, 0.08313435294815594, 0.07435679350355172, 0.07358551643772727, 0.08141606384943054, 0.08022432075950814], [0.07354412030397893, 0.080202746835361, 0.07187582830858166, 0.07467798091458129, 0.07512496188153041, 0.07021397721245878, 0.07930540694646912, 0.08291469560462082, 0.08283414049862001, 0.07449058118749027, 0.07348691940873354, 0.08137363260482551, 0.07995500829274874], [0.07354294533618014, 0.08024293973371552, 0.0719214417065874, 0.07470015832618221, 0.07517715656807868, 0.07027287592751953, 0.07939166070011867, 0.08288449113043889, 0.0826375576905997, 0.07457366040525515, 0.07346013255423291, 0.08135229663194744, 0.0798426832891438], [0.07394636744146992, 0.08041626569864316, 0.07149949709056538, 0.07501764940043563, 0.07516317937857711, 0.06940217212907127, 0.07913879828587266, 0.08072413351079219, 0.08275289235817222, 0.07403249677833561, 0.07410857785466081, 0.081489946796038, 0.08230802327736605], [0.07424389165941818, 0.08025335998438618, 0.07170417044289638, 0.07523103521363714, 0.0752812809718612, 0.06959494644513886, 0.07894346812885557, 0.08017734877107405, 0.08235478730370993, 0.07408317157711039, 0.07446882630749536, 0.0810347331017465, 0.08262898009267028], [0.07443459471664719, 0.08026238181284595, 0.07179751760444321, 0.07541048937517844, 0.07541170169990244, 0.06963301985599908, 0.07891526902654697, 0.07973841016135277, 0.08188890951805354, 0.07414664998915789, 0.07468205244032246, 0.08076738886726177, 0.0829116149322883], [0.07352634086864372, 0.08032212816762033, 0.07193379052140586, 0.07471695509878047, 0.07522597878126248, 0.0702815377745207, 0.07950620874050435, 0.0828277148378794, 0.08246001530726373, 0.07464384985360056, 0.0734170308015058, 0.08137436202152075, 0.07976408722549186], [0.0735179853630715, 0.08039263810242579, 0.07195814541681742, 0.07474054576524564, 0.07528166316433177, 0.07030497582909477, 0.07961936261936962, 0.08276915995947003, 0.08226092095864533, 0.0747230202690427, 0.07338180802347463, 0.08137372922793089, 0.07967604530108001], [0.07346671175256693, 0.08047302473779161, 0.0719367292374195, 0.0747364470101079, 0.07532024682363764, 0.07027107725327436, 0.07975242371688208, 0.08304709923284981, 0.08200152701980674, 0.07478621086137713, 0.07329622505687815, 0.08135742767567077, 0.07955484962173738], [0.07342546287573687, 0.08053676871956926, 0.07193118232714725, 0.07474083640045152, 0.0753679876431738, 0.07025684785224394, 0.07988226962244695, 0.08333333333333333, 0.08172317271054712, 0.07486205143212665, 0.07321970237426632, 0.0813029586975176, 0.0794174260114393], [0.07344522969312191, 0.0806313867770262, 0.07198233968410388, 0.07479927097034858, 0.07546288705762783, 0.070300665112128, 0.08004041627675754, 0.08306309335843078, 0.08147985862240917, 0.0749798815002251, 0.07320826976843253, 0.0812756003219755, 0.07933110085741284], [0.07344155681417598, 0.08068794206994695, 0.0719846996784644, 0.07481789437326451, 0.07549923117687667, 0.0702918156925906, 0.08012256862256541, 0.0830025759504538, 0.08136715064287241, 0.07502224370178334, 0.07319001954579, 0.08127361226701736, 0.0792986894641987], [0.07343640293976782, 0.08076724759331357, 0.07199004979825607, 0.0748467290972918, 0.0755555321386184, 0.07028064064106013, 0.08024645342993635, 0.08294235488521824, 0.08118710411626531, 0.0750885369056544, 0.07316221772758787, 0.08125505324749857, 0.07924167747953167], [0.07344569712308202, 0.08084193765912007, 0.07201373261290436, 0.07488860027871928, 0.07562491851284006, 0.07029063649486812, 0.08037475535850816, 0.08280317087449655, 0.08099838231872575, 0.07516980556284511, 0.07314832459309849, 0.08121988543096205, 0.0791801531798299], [0.07349329859316008, 0.08088400616161558, 0.0721073790278227, 0.0749713884492325, 0.07574622961001123, 0.07038598414535793, 0.0805243559055482, 0.08253652510223376, 0.08071822106633607, 0.07532271402921906, 0.07316195789002475, 0.08109522526049912, 0.07905271475893912], [0.07353238313820726, 0.08094672327022756, 0.0721761080977564, 0.07505051020195308, 0.0758627610541541, 0.07044351918056797, 0.08069045202564365, 0.08227907508245433, 0.08044878535528077, 0.07546093915842846, 0.0731685752244716, 0.08099133726453887, 0.07894883094631608], [0.07346206231906373, 0.08099349787911875, 0.07203889860571827, 0.07496399528821049, 0.07574519189357626, 0.070280830475776, 0.08061512676013885, 0.0825185617995497, 0.08068292395890166, 0.07530017788126628, 0.07312706384443683, 0.08117220895305173, 0.07909946034119131], [0.0742053476136871, 0.08006942234696694, 0.07177774220678167, 0.07514271757531532, 0.07520233419766947, 0.06976562251866025, 0.07883452993946757, 0.08048950519222094, 0.08273230809565396, 0.07407452926354374, 0.07443518454023991, 0.0810689873557791, 0.08220176915401402], [0.07406343634719012, 0.08018309262216425, 0.07164907817016523, 0.07505408667164869, 0.07515622358129759, 0.06961634680440525, 0.07894519863580245, 0.08067864867072674, 0.08290344978039134, 0.07404153435929746, 0.07426260091952687, 0.08126727111006707, 0.08217903232731692], [0.07422165881908833, 0.08055316683938242, 0.07157702731508388, 0.07530775267072558, 0.07538172687374808, 0.06934840151772277, 0.07916298595514774, 0.07988143121474349, 0.08187658442325058, 0.07411661486082993, 0.07441127317555497, 0.08105644515873411, 0.08310493117598819], [0.07409477105732899, 0.08044158542218113, 0.07155725913509427, 0.0751542351035023, 0.07525539876536474, 0.06941010334071306, 0.07911086439082947, 0.08032323308471735, 0.08238242968564422, 0.07406297780295114, 0.07428048719739494, 0.08126339420275455, 0.08266326081152388], [0.07373214430513816, 0.08043679236367136, 0.0715096987262821, 0.07482173544132083, 0.07506137520595417, 0.06954025710267275, 0.07919735426964375, 0.0816006453196829, 0.08282457881438135, 0.07407719684548757, 0.07383613669554694, 0.0818157388280975, 0.08154634608212051], [0.07385170722261612, 0.08041461989121344, 0.07147028639451973, 0.0749312299159446, 0.07510755575993827, 0.06940886144236187, 0.07915412333305775, 0.08100299127512497, 0.08295815223332853, 0.07402090209367669, 0.07399634850017767, 0.08162279136473695, 0.08206043057330345], [0.07429539660206227, 0.08068393758104497, 0.0715870511318337, 0.07542311816472486, 0.07549548046886105, 0.06929576065150811, 0.07925903365680614, 0.07959944067786749, 0.08150949401453478, 0.07418505177641985, 0.07447114230508291, 0.08104747805957313, 0.0831476149096808], [0.0744129199581009, 0.08095169020485814, 0.07165029152606006, 0.07562655137627408, 0.07572392876997798, 0.0692775357198564, 0.07949673085643459, 0.0792502799860976, 0.08098117430526296, 0.07436702970185069, 0.07454345375261051, 0.08107948911495494, 0.08263892472766099], [0.07498662902116437, 0.08077677116795715, 0.07202570206133856, 0.07625737363695936, 0.07627341631489479, 0.06949681862917215, 0.07948257675279657, 0.07799434592778832, 0.07968435672303288, 0.07474992375635985, 0.07509598224346153, 0.0803099553787737, 0.0828661483863008], [0.07501383136097489, 0.08057920290966801, 0.0720485702765453, 0.07619049643244256, 0.07615056923122898, 0.06956834795266188, 0.07923850438724894, 0.07809803933940931, 0.07991450250381647, 0.07463540274682721, 0.07518211153776892, 0.0802477927564118, 0.0831326285649957], [0.07325964699052415, 0.08206270655751494, 0.07116006888732782, 0.07481696905231046, 0.07542100195714174, 0.06898281110204214, 0.08071278880267331, 0.08135508449925509, 0.08128519690765594, 0.07453838452144995, 0.07306717640241694, 0.08278428749888858, 0.08055387682079904], [0.07322080101443208, 0.08179934580843529, 0.07119466101694659, 0.0747366703260353, 0.0753387027010862, 0.06908626116349888, 0.08055215089651538, 0.0817247694653567, 0.081557004129908, 0.07450643395734599, 0.07303645588660276, 0.08280042609014442, 0.08044631754369234], [0.07320515003244661, 0.08161609179818988, 0.07115253135673578, 0.07467569292940933, 0.07523843162396626, 0.06905731082073839, 0.08034550543849109, 0.08192685387355542, 0.08182103195243579, 0.0743891342935845, 0.07305483340575478, 0.082940327131925, 0.08057710534276707], [0.07320862937862, 0.08142196017148703, 0.07116124340206266, 0.07463329429148055, 0.0751666396785993, 0.06909767465712047, 0.0801655499259989, 0.08215396173499681, 0.08207565932433833, 0.07431991865062286, 0.07308433640546727, 0.08288293641657829, 0.08062819596262769], [0.0732516992634913, 0.08131042377747225, 0.07112046867021747, 0.07463231013244355, 0.07510697425027074, 0.06903457374733485, 0.07999667318330715, 0.08207050233585816, 0.08224446225273822, 0.07420376398594186, 0.07317311557314123, 0.08293786917751203, 0.08091716365027112], [0.07333470315510547, 0.0812874584063311, 0.07112207605047, 0.07469159101739141, 0.07512076229070247, 0.06900212574790926, 0.07993695456358649, 0.08180995763828063, 0.08216696990253479, 0.0741615902663555, 0.07328793270783297, 0.08287596169742939, 0.08120191655607062], [0.07344424564788174, 0.08148233324561685, 0.07113203374991423, 0.07483351277710283, 0.07524631071676882, 0.06893307191517853, 0.08008433689925808, 0.08130385200403681, 0.08169963668834641, 0.07421785753335561, 0.07339894493283264, 0.08275932976207723, 0.08146453412763023], [0.07344742638295565, 0.08196120620041014, 0.07110158748222825, 0.07495695539966779, 0.07543625226734563, 0.06880971939713001, 0.08050988307093153, 0.08080774543048173, 0.08107630323189514, 0.07438242909126234, 0.0733370118837169, 0.0829086033704228, 0.0812648767915522], [0.07330635901904846, 0.08228886229598786, 0.07103938433509761, 0.07490289950236562, 0.07547271379096708, 0.06874013401167273, 0.08080661625908177, 0.08078464975279182, 0.08089101379840453, 0.07447569033326504, 0.0731284256287097, 0.08333333333333333, 0.08082991793927444], [0.07327663950992724, 0.08231430462772366, 0.07109303776053982, 0.07488148194893485, 0.07548758634836673, 0.06883702675055567, 0.08087321328299057, 0.08094842938340086, 0.08095746384795477, 0.07454748905641943, 0.07307486502991979, 0.08307945788418918, 0.08062900456907729], [0.07328155478632759, 0.08200986038084068, 0.07110428887982234, 0.07481539479179618, 0.07537599678767762, 0.06889661151796526, 0.08060392630472403, 0.08129423320041171, 0.08134501482298344, 0.0744412101034365, 0.07312135722936848, 0.08292051510416816, 0.08079003609047826], [0.07323610047131106, 0.08191716708713498, 0.07113315259213956, 0.07476370677764274, 0.07534714378519998, 0.06897275043602909, 0.08057511690138959, 0.0815201623981648, 0.08146658052078441, 0.07446365022735654, 0.07306298766098582, 0.08292787190088359, 0.08061360924097771], [0.07322079782648247, 0.08163914081744027, 0.07104202399231473, 0.07468065200357064, 0.07519300893123963, 0.06887952308117491, 0.08026692863063258, 0.08167216680564961, 0.08179391793521938, 0.07426089619511993, 0.07310706524937213, 0.08333333333333331, 0.08091054519845017], [0.07334839781132552, 0.08175104900455009, 0.07108250688300109, 0.07481213652451034, 0.07529309252353225, 0.0688660423478007, 0.08033107153658302, 0.08129650913517052, 0.08153662508184675, 0.0742980179235554, 0.07324984618550061, 0.08296533270073785, 0.08116937234188588], [0.07328869315295858, 0.08177552923125296, 0.07106483117451065, 0.0747667197739146, 0.07527364461581598, 0.06886447939004543, 0.08036755933116128, 0.08141481113374617, 0.08158288936914224, 0.07430872686517503, 0.07317311535253337, 0.08310170538454736, 0.08101729522519635], [0.07335436903698456, 0.08196939019862104, 0.07107910389040459, 0.0748689753252752, 0.07538001319572268, 0.06882585093233651, 0.08052297650631271, 0.08106938803797789, 0.08126045571693352, 0.07437736518112396, 0.07322704899040673, 0.08298779336915048, 0.08107726961875002], [0.07321012177308284, 0.08163982701290365, 0.07108155871113324, 0.07467558400272985, 0.07520912148712666, 0.06894509175214959, 0.08029971778926916, 0.08178332374389209, 0.08181664410821583, 0.07431013935730248, 0.07308119540866785, 0.08317376918631066, 0.08077390566721623], [0.07329098312742616, 0.08142649003327704, 0.07108554611691367, 0.07468796263762593, 0.07514737444954142, 0.0689456678957104, 0.08006319766749441, 0.0817577650381699, 0.08202423570264451, 0.07419482703144673, 0.07321961371143891, 0.08304719208741583, 0.08110914450089503], [0.07337335873660097, 0.08152367955678251, 0.07109870004759965, 0.0747804572622858, 0.0752202710064299, 0.06891145993251173, 0.08012653301415444, 0.08143683774290905, 0.08177013939266856, 0.0742191760036962, 0.0733103411028921, 0.08292056427266332, 0.08130848192880605], [0.07348741687927159, 0.08178998208577322, 0.07113082728729261, 0.07495140252504096, 0.07539573605269298, 0.06886028393560185, 0.08035825043514482, 0.08089886052076323, 0.08122801450361737, 0.07433437297791538, 0.07340608846178301, 0.08273957292298456, 0.08141919141211855], [0.07351624364294176, 0.08155661300973342, 0.07115450649196953, 0.07491984737382458, 0.07532211442237946, 0.0689172702151458, 0.08014940638850508, 0.08104008375715946, 0.08152423215784196, 0.07425782265694497, 0.07347189316405404, 0.08258646749128237, 0.08158349922821745], [0.07323305603901832, 0.08143920939819022, 0.07109153919015934, 0.07464642163711455, 0.07514003229730618, 0.06897955446743081, 0.0801077895391166, 0.08194200995811331, 0.08207258604684005, 0.07423134417322741, 0.07313788484702015, 0.083084630306879, 0.08089394209958406], [0.07338576540206608, 0.08132532208509512, 0.07112880453327011, 0.07474352146129846, 0.07515663917954213, 0.06898182441456595, 0.07995620069628465, 0.08161730962693665, 0.08202030362751361, 0.07416678620214731, 0.07334781007081906, 0.08282548899256369, 0.08134422370789729], [0.07348509197822993, 0.08132834854237084, 0.07116729773634035, 0.07483203250624618, 0.07521397363082581, 0.06899026122132638, 0.07994878600881773, 0.0813525580256275, 0.08182021418237696, 0.07418067704777079, 0.0734654495931868, 0.08264804649210143, 0.08156726303477933], [0.07330102391997352, 0.08271420158431061, 0.07128223775522496, 0.07504441434953678, 0.07580259317175671, 0.06903067262016484, 0.08153019501158586, 0.0808433354214047, 0.08023170921273881, 0.07496918006714517, 0.07297414621839059, 0.08236215371958297, 0.0799141369481843], [0.07330856059018234, 0.08282652967257664, 0.07119638248206987, 0.07503745214882247, 0.0757519892707735, 0.0689015496217507, 0.08142081438014533, 0.08067198800687748, 0.08029039613023886, 0.07485458904219926, 0.0730127682482524, 0.08258552378013373, 0.08014145662597746], [0.0733970370018565, 0.08277447498802219, 0.07114374607662914, 0.07509393605750922, 0.07573250191799041, 0.06878872393768881, 0.08125325378007969, 0.08031687354654088, 0.08029618583917161, 0.07473500799358575, 0.07315158110357356, 0.0828031275131952, 0.08051355024415714], [0.07361430662644265, 0.08270053773625644, 0.07124151783502063, 0.0753105064381801, 0.07589559104329918, 0.06881751371153023, 0.08123071408683831, 0.07979747198056132, 0.07995592913317914, 0.07480307597772826, 0.0733898244078009, 0.08248060898636161, 0.0807624020368013], [0.07386393162358361, 0.08306471467962824, 0.071472491535033, 0.07571672678080392, 0.0763860340543465, 0.06893713999290357, 0.081722020695007, 0.07894361418436958, 0.07899311421931943, 0.0752471420571431, 0.07353622283413828, 0.08158753499520421, 0.08052931234851933], [0.07386659906937855, 0.08261324104815393, 0.07168705062006465, 0.07582628673564207, 0.07665233883492101, 0.06919962740794233, 0.08239728833023754, 0.07898287009055487, 0.07855968373482344, 0.0756509268699276, 0.07342361113784106, 0.08124473421931669, 0.07989574190119629], [0.07370520143845273, 0.08239647692741402, 0.07171332009813049, 0.07566722150362547, 0.07657464210121256, 0.06932746113216347, 0.08268376253428451, 0.07945656986935701, 0.07873925964222542, 0.0757214649980554, 0.073222855395343, 0.08127930780812417, 0.07951245655161185], [0.07351896053917768, 0.08257922121463895, 0.07159549887349329, 0.07541341011963838, 0.07630496035921154, 0.06929417620850895, 0.08235555472693952, 0.0800784673027553, 0.07923614082561842, 0.07551886241259252, 0.07306879927643398, 0.08158277466989206, 0.07945317347109926], [0.07335113723831685, 0.0828047525899669, 0.07135399181913678, 0.07514170850270617, 0.07593879997309838, 0.06908304639537734, 0.08176895060167297, 0.0806266775265437, 0.07993412764742301, 0.07511594827367137, 0.07298845239419634, 0.0821515426855138, 0.07974086435237648], [0.07333503381138236, 0.08296110936788952, 0.07123309857394948, 0.0750977309564082, 0.07583821499119571, 0.06892186784304631, 0.08157847900201103, 0.08053508901507607, 0.08008682676077422, 0.07494495041908693, 0.07301513167077207, 0.08243009839174587, 0.08002236919666206], [0.07340966128109733, 0.08305079411211552, 0.07119357470809747, 0.07516453779056384, 0.07585528729592399, 0.06882251662228574, 0.08151051067699727, 0.08020534834101262, 0.08000725077320975, 0.07487923572613589, 0.07311921340593654, 0.08252409425445693, 0.08025797501216717], [0.07347595539958998, 0.0829517994413905, 0.07120742662493083, 0.07522004868439656, 0.07588161102565236, 0.06881322702419931, 0.08145540263138389, 0.08003981324894847, 0.07996216588500955, 0.0748659467897347, 0.07320231434987094, 0.0825189871922869, 0.08040530170260597], [0.0735699170211106, 0.08296758293631862, 0.07129030217440231, 0.07536113944011823, 0.07604638527883596, 0.06885912310789799, 0.0816524876789198, 0.07974899420493176, 0.07962079281452807, 0.075013341616792, 0.07326637243914969, 0.08222119242936739, 0.08038236885762741], [0.0734452594439233, 0.08307856828599876, 0.07135109864432936, 0.07529021880676859, 0.07608636781787277, 0.06898943715981269, 0.08198058973565242, 0.08008728527923112, 0.0795524060401888, 0.07518730927547138, 0.07306899438020835, 0.08202295139082506, 0.07985951373971736], [0.07359124369020784, 0.08277709285992658, 0.0715132288736858, 0.07549556823691818, 0.07633378417462638, 0.069120140733