[[0.07687115843685409, 0.08169874677842073, 0.07220678836736803, 0.07464267071293375, 0.08201065659384348, 0.07199720877691683, 0.08119989725480707, 0.07468271921181238, 0.07246574297790341, 0.08283447950746427, 0.07391071287496807, 0.08188501521866408, 0.07359420328804392], [0.07675996445438442, 0.0815911555614389, 0.07218014242776333, 0.07461724187567209, 0.08226953245957735, 0.07198395115320239, 0.08101776141846168, 0.07468335769400154, 0.07243452793226945, 0.08302874548965612, 0.07391512439202508, 0.08197132072836857, 0.07354717441317919], [0.07664906314787681, 0.08143885072851022, 0.07218938063229788, 0.0746155875372751, 0.08258033800750829, 0.07200962326102697, 0.08080093397855019, 0.07471150334111679, 0.0724372510195745, 0.08306712904333732, 0.0739516595393056, 0.08202250554867689, 0.07352617421494322], [0.07657930064061076, 0.08133962759823464, 0.07221197687048234, 0.07464066046535393, 0.08283314237515459, 0.07204745353056825, 0.08064765233435862, 0.07476359676596284, 0.07245492292891768, 0.08287623478413585, 0.07400860880079987, 0.08206968378888152, 0.07352713911653912], [0.07649529691234334, 0.08118956135048191, 0.07224578334828834, 0.07466826258474445, 0.083126960387178, 0.072098669299619, 0.08045409070047826, 0.07482118815791597, 0.07248242297739814, 0.08275795334665204, 0.07407439323679986, 0.08205314096410127, 0.07353227673399937], [0.07644364735872536, 0.08112166510578828, 0.0722513580774022, 0.07469315628029678, 0.08333333333333333, 0.07211776338941288, 0.08034476936817614, 0.07487061835156794, 0.07248509857616753, 0.08261514583142715, 0.0741238948869125, 0.08207252522138263, 0.07352702421940734], [0.07640898496157252, 0.08109162184513385, 0.07227040246003195, 0.07477151325899802, 0.08333333333333333, 0.0721586623164254, 0.08023996681095558, 0.07498943436703308, 0.07250180260119697, 0.08229153250571505, 0.07423558580649978, 0.08216518499153472, 0.07354197474156969], [0.07640826522882548, 0.08103112391787341, 0.07235731077722166, 0.07489691212083179, 0.08300600065940264, 0.07226806584326648, 0.08012828192077524, 0.07515370051837227, 0.07258456232695193, 0.08197644808345425, 0.07439893906985709, 0.08217577466086529, 0.07361461487230238], [0.07641248331689382, 0.08104968800428657, 0.0723596711732189, 0.07498686504992641, 0.08291882329095288, 0.07228904009068414, 0.0800882340245472, 0.07528042292367502, 0.07258797193183532, 0.08164058128632029, 0.07450975348461339, 0.08224572046940487, 0.07363074495364107], [0.07644202865134633, 0.08101143359290007, 0.07242617919531626, 0.07515387707992675, 0.08263023194026838, 0.07238249165383555, 0.08001797990148957, 0.07549802952895966, 0.0726539299728712, 0.08118127112539286, 0.07471162931373436, 0.08218573053349527, 0.07370518751046361], [0.07647268864525589, 0.08096308665446725, 0.0724504859018778, 0.07530646477968708, 0.08262018620909158, 0.07243197245917377, 0.0799527886456141, 0.07570089709231077, 0.07268046248124842, 0.08074457846245243, 0.0748903291720104, 0.08203366283238941, 0.07375239666442111], [0.07653648019173609, 0.0808039772590589, 0.07248354465041196, 0.07541660346742018, 0.08291233850871098, 0.07248815648941317, 0.07980662067799958, 0.07585527339653397, 0.07271234252402976, 0.08039246164588476, 0.07503371471023783, 0.0817706437963837, 0.07378784268217906], [0.07662339800994404, 0.0808565661270479, 0.07239397276361141, 0.07548345545706997, 0.08333333333333334, 0.07241137751510722, 0.07979816472304507, 0.07595496832172466, 0.07263108665202826, 0.08005901096529841, 0.07509573727457408, 0.08160808698372171, 0.07375084187349407], [0.07674750650856164, 0.08092427822948536, 0.0724113072739602, 0.07559345926769594, 0.08301410668553003, 0.07243564972964411, 0.07982730785595453, 0.07608094603133643, 0.07265354040862948, 0.07983830910048763, 0.07519918090401453, 0.08147419803988587, 0.07380020996481412], [0.0769065392151804, 0.08107309826813254, 0.07239922506984145, 0.07570095171060806, 0.08259139229619922, 0.07242308136860262, 0.07993382739218806, 0.07619138876244276, 0.0726510339616979, 0.07961159539549797, 0.07527658742385233, 0.08139843233424264, 0.0738428468015141], [0.07702246684748933, 0.0812482850718592, 0.0723615502074358, 0.0757477787199595, 0.08224922216212663, 0.07237619534167973, 0.08008204589979152, 0.07622280568087071, 0.07262297920697065, 0.0794914981250534, 0.07528134271993446, 0.08143701491736632, 0.07385681509946274], [0.07718719446136085, 0.08143778230431915, 0.07234235695058472, 0.07582410663046417, 0.08179643374167114, 0.07234428124989546, 0.08025888948319565, 0.0762740085631205, 0.07261549836092471, 0.07930603518706834, 0.07530235545428862, 0.08141108028202024, 0.07389997733108647], [0.07733160371356147, 0.08171519436789566, 0.07230407216459704, 0.07584341069051224, 0.08132894025888508, 0.07227951690472896, 0.08054423031104979, 0.0762380044336377, 0.0725905818788167, 0.07921732780916399, 0.07524257856172703, 0.08143630726931868, 0.07392823163610564], [0.07700494259950748, 0.08163674757247458, 0.0723321073564995, 0.07468498746852452, 0.08173236347672545, 0.07210260140898118, 0.08131058784552599, 0.07468222405856263, 0.07259126126627491, 0.08265215736928606, 0.07393489031023844, 0.08162333526273641, 0.07371179400466286], [0.07685594861857549, 0.0815432363314763, 0.07227560513967227, 0.07464014411695791, 0.0820488545129323, 0.0720629924912593, 0.08109688047073052, 0.07467137027463715, 0.07252974582440734, 0.08296461785925172, 0.07391703280546941, 0.08175960690417604, 0.0736339646504544], [0.07677262866464589, 0.08147070890717475, 0.07225056575546768, 0.07461832965959102, 0.08223101478483759, 0.07204775330750825, 0.08096808498087141, 0.07466869289540569, 0.07250154970793435, 0.08314372110828135, 0.07391651295001372, 0.08181533328147587, 0.0735951039967924], [0.076636062464941, 0.08137441277193541, 0.07221895927056006, 0.07461944793116898, 0.08262127386220532, 0.07204013596025487, 0.08074845486887851, 0.07471550261634616, 0.07246441851381626, 0.08308334138419714, 0.07396281842996838, 0.08197286364361643, 0.07354230828211143], [0.07674155624843157, 0.08148344059462478, 0.07222016635311311, 0.07461115479579127, 0.08230708185758713, 0.07202270997757779, 0.08094189434030181, 0.07467283670144162, 0.07247120082413565, 0.08316346175153648, 0.0739162671956388, 0.08188086858265485, 0.07356736077716519], [0.0765544258302117, 0.08124497600298415, 0.07225513446429774, 0.07465252821803071, 0.08291767871068564, 0.07209439828125809, 0.08056089883289218, 0.07478000458877503, 0.07249427590630345, 0.08285796622591533, 0.07403479182054735, 0.08200282293007452, 0.07355009818802423], [0.07649194122907742, 0.08110894756860848, 0.07229386677839918, 0.07467122239221796, 0.08308097189701227, 0.07214480947085196, 0.08040576643988981, 0.07481763824584996, 0.07252749804218993, 0.08286781487523044, 0.07408222024450763, 0.08194504578185298, 0.073562257034312], [0.07643938540290547, 0.08108754344581075, 0.0722791791741429, 0.07471091452358042, 0.0832770581256627, 0.07214849056012375, 0.08031070552595818, 0.07489230631293547, 0.07251116232372837, 0.0826003255612787, 0.07414949445602488, 0.08204741704361519, 0.07354601754423343], [0.07639342780149815, 0.0809411298325126, 0.07236252220241474, 0.07478426504016429, 0.08333333333333333, 0.07225044821748024, 0.08013812355194323, 0.07499547860096496, 0.0725876511596916, 0.0823863571890626, 0.07426304140112143, 0.08196621861870271, 0.07359800305111], [0.07637952159601992, 0.08089946054809394, 0.07241770838592679, 0.07489741409133652, 0.08315992680829938, 0.07232965247924197, 0.08003176484109682, 0.07515170843483801, 0.07263977403305621, 0.08202530062969061, 0.07441376284924803, 0.0820082218938679, 0.0736457834092839], [0.07637929125394582, 0.08092345384758333, 0.07241118290243241, 0.07496285553228972, 0.08310447036910419, 0.0723378296010847, 0.08000294665000755, 0.07524653924396238, 0.07263431028012948, 0.08176920689667512, 0.0744953050373927, 0.08208113342841776, 0.07365147495697469], [0.0763851493831586, 0.08092207435589138, 0.07242450064411131, 0.07504341785955773, 0.08301615737601753, 0.07236676760117403, 0.07996780782073801, 0.07535744827481515, 0.07264802915522112, 0.0815003941042184, 0.07459464761738352, 0.08210005809894429, 0.07367354770876906], [0.07640744988578337, 0.08089737667586047, 0.07247451886890886, 0.07515117324062674, 0.08277766860718465, 0.07243331311758243, 0.07992595985764847, 0.07549582596828655, 0.07269741962337242, 0.08122723358770419, 0.0747245324208178, 0.08206078148365419, 0.07372674666256986], [0.07642399457742084, 0.08086975155426675, 0.07251487842213247, 0.07522295281478489, 0.08261793849038644, 0.07248391795120522, 0.07989362049124549, 0.07558618498230657, 0.07273704906700412, 0.08106216342859326, 0.0748108511190088, 0.0820096063409049, 0.07376709076074021], [0.0764476891637822, 0.08081791176797694, 0.0725776305266186, 0.07532428076803288, 0.08240368699394086, 0.07256064730326679, 0.07984156984095343, 0.07571251357337792, 0.07279847322216068, 0.080841669935487, 0.07493287771604476, 0.08191317289146137, 0.07382787629689658], [0.07648347091522256, 0.08080608855365899, 0.07254000799667215, 0.07537036293822708, 0.08263614339252616, 0.07253414421507019, 0.07981787135971222, 0.07578364485668691, 0.07276398164588449, 0.0806151373511526, 0.07498584659930903, 0.08185071884748603, 0.07381258132839161], [0.07657354313679018, 0.0806003340823922, 0.0726083032826827, 0.07552728355808076, 0.08286263563915615, 0.07263283842011868, 0.07962300475109839, 0.0759974320410732, 0.07282978973104035, 0.0801676591259218, 0.07518898122099985, 0.0815096593820836, 0.07387853562856217], [0.07665703808152367, 0.08067067758100818, 0.07253632797273796, 0.07559011837858413, 0.08307561076532605, 0.07257061722907648, 0.07963346926623091, 0.07608678858862189, 0.0727653686092395, 0.07991173618985274, 0.07524517605157315, 0.08140354574603872, 0.07385352554018652], [0.07654667632072107, 0.08087275339202088, 0.07243083476235257, 0.07540065960184693, 0.08298079269600414, 0.07243221633376551, 0.07986455450852584, 0.07583669693121828, 0.07266354657203453, 0.08038933970116159, 0.07500349159119146, 0.08182217212203317, 0.07375626546712406], [0.07674583417194494, 0.08068424595844478, 0.0725462577220694, 0.07567868876335052, 0.08296130174540332, 0.07258953541642374, 0.0796183479785399, 0.07619526070873885, 0.07277866890083148, 0.07970790560130005, 0.0753358111571566, 0.08127195382253784, 0.07388618805325861], [0.07690689514910581, 0.0807741951984143, 0.07254620187285106, 0.07580826430584199, 0.0826361133737649, 0.072595305575747, 0.0796684834306124, 0.07634103491493448, 0.07278694363425889, 0.07943923371940176, 0.0754480821801225, 0.08111319266014326, 0.07393605398480176], [0.07698842185889973, 0.08089815038328385, 0.07250386104367765, 0.07583962688441684, 0.08244234253838344, 0.07254735858746808, 0.07976923857064427, 0.07636531271612937, 0.07275213614190146, 0.07935458468143196, 0.07544950617363871, 0.08115471165201613, 0.07393474876810864], [0.07713502075720521, 0.08107398355889667, 0.07246429299200621, 0.07590646551303887, 0.08206895822906528, 0.07249803670566074, 0.07992263278876557, 0.07641621157745193, 0.07272402729000961, 0.07919546276611211, 0.07546729028783505, 0.08117042824682572, 0.07395718928712702], [0.07730252744820436, 0.08113930059722278, 0.07248362993442456, 0.07601978159819535, 0.08168103274269267, 0.07251352923196559, 0.07999393194077967, 0.07652102046309839, 0.07275201791220483, 0.07896298881698013, 0.07554541452639184, 0.08106007093868983, 0.07402475384915004], [0.07736331484523813, 0.0814092672669325, 0.07240469481266273, 0.07597018187051804, 0.08144101067054645, 0.07240866452493967, 0.08025754403683939, 0.07642012040974332, 0.07268386003854138, 0.0790164230920069, 0.07542749226437218, 0.08119964051594053, 0.07399778565171859], [0.07698995912823284, 0.08148212203125067, 0.07240956893184489, 0.07469049171481792, 0.08176435891358544, 0.07217803545981562, 0.08119291989297162, 0.07468068252174152, 0.07266350555139812, 0.08271792281452836, 0.07395422189831485, 0.08151790833357886, 0.07375830280791924], [0.07677126194327927, 0.08133044904381947, 0.07233645706937263, 0.07463270828383993, 0.08222606277523112, 0.07213110966386865, 0.0808757993792326, 0.07467423042652718, 0.07258246955332164, 0.0831672163040091, 0.07394011448428517, 0.08168083290043766, 0.07365128817277557], [0.07684894652258259, 0.08139615571906374, 0.07235731086327722, 0.07465032190937367, 0.0820593521163697, 0.07214231490204762, 0.08099520878818825, 0.0746733294337174, 0.07260641406380591, 0.08301370969165657, 0.0739370288726233, 0.08163427830361705, 0.07368562881367717], [0.07670085947833331, 0.0813525294106611, 0.07225905316542948, 0.074604313144455, 0.08238279817208577, 0.07206372596570003, 0.08082527377458044, 0.07466773127955437, 0.07250560339518351, 0.08333333333333334, 0.07392387620623346, 0.08179950614924689, 0.07358139652520347], [0.07667529114498119, 0.08121077923836155, 0.07235440195971334, 0.07464233940269725, 0.08248082833531716, 0.07216525984421858, 0.08068738165295455, 0.07471250086722075, 0.07259420529199613, 0.08312653713681264, 0.0739861729908687, 0.08172357134122879, 0.07364073079362951], [0.07657449882223168, 0.08113288771726844, 0.07233427200984541, 0.07465045232757081, 0.08276761114202265, 0.0721645062012941, 0.08052407771238591, 0.07475677069850999, 0.07256983748126193, 0.08308025953743406, 0.07402990755852154, 0.08181015153777038, 0.0736047672538833], [0.0766413758986182, 0.08124883647895201, 0.07230492567426462, 0.07463480294498667, 0.08259445531169299, 0.07212289362740902, 0.08067522564878576, 0.07472047455107192, 0.07254573057963341, 0.08310249227609992, 0.0739854800271874, 0.08182317144983958, 0.07360013553145851], [0.07649944221130038, 0.08100738713638715, 0.07236895297012472, 0.07468132354457044, 0.08294198479124319, 0.07221599778728448, 0.08035184907676841, 0.07481619062417284, 0.07259862053772387, 0.08301044196169172, 0.0740967688177551, 0.08179812374947515, 0.07361291679150249], [0.07646299570122175, 0.08093727199408515, 0.07239846201575434, 0.07471080099646743, 0.08305991372225492, 0.07225618569305754, 0.08025536904289211, 0.07486350504351606, 0.07262461510218146, 0.08286950855966597, 0.07414833635867453, 0.08178614706850866, 0.07362688870171995], [0.07643718522616, 0.08091432243121262, 0.07240498772899553, 0.07473858195770267, 0.08313679414727103, 0.07227281005509137, 0.0801981935954833, 0.07490961625206007, 0.07262955576496596, 0.08271719311047485, 0.07419280089716908, 0.08181928331076095, 0.07362867552265245], [0.07640943820169041, 0.08082209872465283, 0.07247373387739302, 0.0748058225484742, 0.0831128269121182, 0.07235690994051078, 0.0800776789780947, 0.07500147672124251, 0.07269320832968265, 0.08249800219287835, 0.07429149725150293, 0.0817825019345764, 0.07367480438718305], [0.07637527275565682, 0.08079520305597139, 0.07248627125166898, 0.07488452733471117, 0.08316412129044387, 0.07239192683100372, 0.0799810169405261, 0.07512191703219966, 0.07270382816735002, 0.08215985495030685, 0.0744035126557942, 0.0818466704505993, 0.0736858772837679], [0.0763507744540139, 0.08077937793305408, 0.0724716124921131, 0.07490847737311083, 0.08333333333333334, 0.07238745099301958, 0.07993347353739465, 0.07516579092619963, 0.07268899856332077, 0.08199893894661851, 0.07444122218276703, 0.08186605083469199, 0.07367449843036272], [0.0763568970692186, 0.08079423738945217, 0.07247780350441178, 0.07494033292881679, 0.08322536003485216, 0.072399310570607, 0.07992837367053984, 0.0752086444881226, 0.072695441024344, 0.08190929488614666, 0.0744795583769379, 0.08190024101496289, 0.07368450504158752], [0.07633803228229312, 0.08076718509920282, 0.07247913081834222, 0.07500225142013837, 0.08333333333333334, 0.07241713577099199, 0.07985818945641575, 0.07530225098501726, 0.07269636344091406, 0.0816467998154923, 0.07456382265258468, 0.08190516024866484, 0.07369034467660932], [0.07635870885939382, 0.08076385106076749, 0.07251985119550206, 0.07509990646259615, 0.08305990469845176, 0.07247326541310661, 0.07983061244839103, 0.07542869009856604, 0.07273676080565465, 0.08140042445662833, 0.07468155647753388, 0.08191090621908813, 0.07373556180432006], [0.07637783752408867, 0.08074374852353605, 0.07256371091593493, 0.07518584848424105, 0.08283913103274974, 0.07252993049365375, 0.079798829872833, 0.07553809219584853, 0.07277994354787581, 0.08119713664443096, 0.07478518912749531, 0.08187983015939694, 0.07378077147791523], [0.0764163805056946, 0.0806362867479775, 0.07268440796086059, 0.07535754549316225, 0.08245532430418442, 0.07267541674064013, 0.07969167247092764, 0.07575269920386977, 0.07289694269390401, 0.08083068292322931, 0.07499715597168763, 0.08171519325179342, 0.07389029173206871], [0.07648872781368116, 0.08052887408020185, 0.07274141832174418, 0.07547369807562494, 0.08242173268252737, 0.072752911076918, 0.07958784747803378, 0.07590651589640911, 0.07295226717053756, 0.08050989595200712, 0.07514415026151039, 0.08154620970569999, 0.07394575148510464], [0.07656762564503432, 0.08053425591861114, 0.07266488982615989, 0.07554529397628046, 0.08275573114434161, 0.07269190027251952, 0.07957511860390953, 0.07601614374470161, 0.07288258324706268, 0.08017023300034247, 0.07521966626089355, 0.08146216708059913, 0.07391439127954405], [0.07652064002491196, 0.08063984038080063, 0.07262266592223132, 0.07546341615381065, 0.0826927046952307, 0.07263466088806048, 0.0796717777551636, 0.07590663176575728, 0.0728418914785914, 0.08038665470511866, 0.07511417517080062, 0.08162984628703997, 0.07387509477248275], [0.0764628020204123, 0.08065554200181407, 0.07266960906115334, 0.07540322526248709, 0.08241994324731668, 0.07266789785185497, 0.07969930907483977, 0.07581504114330812, 0.07288465385934223, 0.08067346619897874, 0.07504606601609158, 0.081709698861286, 0.073892745401115], [0.07640574730498305, 0.0807447709431413, 0.0725946413029407, 0.07526990719330158, 0.08261047107917364, 0.07257235989785711, 0.07978768293036913, 0.07564440753375522, 0.07281148727351056, 0.0809962641338024, 0.07488209399782957, 0.08186029769974071, 0.0738198687095951], [0.07650766218450279, 0.08063303686619504, 0.07264242982576564, 0.07545436507885407, 0.08262150586721756, 0.07265212267903139, 0.07966886879195796, 0.07589137516513812, 0.07286010234557015, 0.08043873415682343, 0.07510588722158232, 0.08163883253104563, 0.07388507728631581], [0.07650690783847496, 0.08079114860275236, 0.07252375203014946, 0.07539633994733348, 0.08275427618128692, 0.07252379306136146, 0.07980004635708281, 0.07582272556610678, 0.07274921090003021, 0.08050629794911235, 0.07501588667994084, 0.08180246416310344, 0.07380715072326495], [0.07661794676494857, 0.08056454572923617, 0.07262350540286451, 0.07558912601241696, 0.08290455300865943, 0.07265858820878537, 0.07956664185528062, 0.07608022784860716, 0.07284538838756843, 0.07999690293233556, 0.07526367519865007, 0.08138882843901572, 0.07390007021163139], [0.07668494435075195, 0.08058309438752054, 0.07260535038898006, 0.07565334701166593, 0.08294761927290685, 0.07264913212151862, 0.0795517430512514, 0.07616500739161987, 0.07283099680419301, 0.07980756537050207, 0.07532944037417616, 0.08128499183565183, 0.0739067676392615], [0.07678533048905803, 0.08061975755415637, 0.07259947978134343, 0.07574398866079288, 0.08283812865783187, 0.07265144218717506, 0.07955457969551266, 0.07627557115019223, 0.07283014183880411, 0.07959281991279883, 0.07541674721433107, 0.08115930818112972, 0.0739327046768736], [0.07687153373136088, 0.08064249518864425, 0.0726098716970742, 0.07582250294358554, 0.0826744617747889, 0.07266728793543198, 0.07955835678452604, 0.07636698555418255, 0.07284416259960466, 0.07943224523520115, 0.07549158249573411, 0.0810525855194104, 0.07396592854045544], [0.077007172301777, 0.08077863033237148, 0.07256940521370252, 0.07590087667106783, 0.08239998824554232, 0.07262411592166318, 0.0796617477861693, 0.07644588410498054, 0.07281382162583487, 0.07925278424295812, 0.0755361292527981, 0.08102701849511225, 0.07398242580602256], [0.07717198740442163, 0.0808888586608318, 0.0725561070599313, 0.07600523459032714, 0.08202177474379528, 0.0726073445819407, 0.07975565226027864, 0.07654656207169461, 0.07281082564346977, 0.0790298244872959, 0.07560289615907363, 0.0809760637058001, 0.07402686863113968], [0.07728512125086062, 0.08097881331638287, 0.07254449799083806, 0.0760647865367389, 0.08175938662011333, 0.07258924416838512, 0.07984377231394112, 0.07659407207442054, 0.07280686708936895, 0.0789006163855781, 0.0756284478931189, 0.08094767060200507, 0.0740567037582483], [0.0774235341995772, 0.08113108237442732, 0.07251944325340946, 0.07611435089322767, 0.08142465006302955, 0.07254905621358874, 0.08000464037347634, 0.07661273368006857, 0.07279257556649477, 0.07878096446404782, 0.07562153566711605, 0.08093770310637188, 0.07408773014516466], [0.07747000338301492, 0.0814572544299166, 0.0724218383462766, 0.07602941657277358, 0.08119271335183194, 0.07241839605852682, 0.08033000305826628, 0.07646134261343032, 0.07270683086437923, 0.07889023011304672, 0.07545558217647062, 0.08112078435218269, 0.07404560467988368], [0.07638197227982076, 0.08064700209274248, 0.07264990922854218, 0.07527271885502679, 0.08267298889255856, 0.072629276591553, 0.0797104640769144, 0.0756455307984152, 0.0728620867739235, 0.0810274927256405, 0.07489852479922404, 0.0817529547664485, 0.07384907811918998], [0.07635064289868124, 0.08065270968533125, 0.0726062707895512, 0.07515598455112324, 0.08297379713755382, 0.07256831989709021, 0.07973561002883299, 0.0754956376296348, 0.07281806140819039, 0.08131067392157369, 0.07476084426923524, 0.0817752409213285, 0.07379620686187333], [0.07633737765692107, 0.08066477330488384, 0.07257255707045965, 0.07505393373151906, 0.08317403058608609, 0.07251662987259506, 0.07977480930707115, 0.07535955165000854, 0.0727845569829779, 0.0815913463310846, 0.07463538987094802, 0.08177871591677806, 0.0737563277186669], [0.07634580054893736, 0.08066426632878551, 0.07258385156200227, 0.07502430770459662, 0.08310972287520457, 0.07251944057988956, 0.07980012428846044, 0.07531275542065172, 0.07279527063355651, 0.08172674902906406, 0.07459604285868582, 0.08176086370784326, 0.07376080446232232], [0.07635280514873911, 0.08067532804235523, 0.07256899682593074, 0.07495433927562302, 0.08316757766774938, 0.0724888615236256, 0.07985343460042253, 0.075213156683353, 0.07278099405746183, 0.08196104484351593, 0.07450454099390284, 0.08173619963030644, 0.07374272070701432], [0.07639751157249901, 0.08071312642765607, 0.07257127399595531, 0.07487915194301198, 0.08298294612363315, 0.07246682077653298, 0.07996207988250008, 0.07509218050842233, 0.07278483672181488, 0.08231905767504948, 0.07439414608185108, 0.0816931226618752, 0.07374374562919848], [0.07640240632451162, 0.0807283606037927, 0.07253547874932179, 0.07481909903075061, 0.0831441197423022, 0.07241884840859354, 0.0800107954793944, 0.07501095692599909, 0.0727509960341789, 0.0824872604863523, 0.07431425738005573, 0.08166346623809745, 0.07371395459664984], [0.07657996313090172, 0.08096431139820917, 0.07236551634845355, 0.07540269263233239, 0.08308571532118897, 0.0723659146709832, 0.07992684888404944, 0.07584168390592703, 0.07260385684984774, 0.08031501165589273, 0.07498942550092105, 0.08183627406400686, 0.0737227856372864], [0.07669838253160398, 0.08081115118957531, 0.07245100928315845, 0.07558150445681247, 0.08313547075041573, 0.07247988309716166, 0.07973848416490682, 0.0760742116459886, 0.07268775836286702, 0.07987213172038887, 0.0752087550314335, 0.08145101559778274, 0.07381024216790492], [0.07684706775851043, 0.0808192099662077, 0.07250230832614439, 0.07573274376823112, 0.0827817214457921, 0.0725434507858989, 0.07971635708442386, 0.07625071177334394, 0.07274306310248288, 0.0795785102272365, 0.07536300332844563, 0.08123264861139629, 0.07388920382188628], [0.07640882487269485, 0.08077913422626981, 0.07246880680184212, 0.07474999369323838, 0.08333333333333334, 0.0723396531172292, 0.08008704565791018, 0.07492201305513888, 0.072688159507462, 0.0826668668623386, 0.07422061482319693, 0.08167167213788637, 0.07366388191145945], [0.07644941196845995, 0.0808332277049582, 0.07245724415915239, 0.07472226338904425, 0.08313986910285917, 0.072315877749321, 0.08017580820525826, 0.07487279509849658, 0.07267927725932578, 0.08285368722361398, 0.07417077855414014, 0.08166732687274826, 0.07366243271262211], [0.07650354793086084, 0.08090531771507135, 0.0724386758651127, 0.07468912239767721, 0.08289527556771925, 0.07228212087947575, 0.08029362478933916, 0.07481318425032707, 0.07266452299050541, 0.08309035924741252, 0.0741090360805418, 0.08165605634143998, 0.07365915594451686], [0.07656233829031021, 0.0809617582869753, 0.0724299200802503, 0.074660396522617, 0.08264448387753805, 0.07225778057878132, 0.08040672239795646, 0.07475665511444023, 0.07265931572769646, 0.08333333333333334, 0.07405183477101625, 0.08161151156767142, 0.07366394945141369], [0.07665126855411196, 0.08104159851651384, 0.07245913157620323, 0.07467392741487701, 0.08248489992862654, 0.07227378764020774, 0.08054034964169153, 0.07474546521283738, 0.07269171170440657, 0.08310412141278853, 0.07404007452624013, 0.08158800703335914, 0.07370565683813646], [0.07669375364909616, 0.08109227657729112, 0.07246335980285981, 0.07467932993564227, 0.08241448586489065, 0.07227217045891884, 0.0806133175660183, 0.07474037311347877, 0.07269802400664058, 0.08299257772824785, 0.07403262099757893, 0.08158843008400417, 0.07371928021533253], [0.07674404096985066, 0.08115841045067464, 0.0724463262640737, 0.07466793690209922, 0.0822887309137845, 0.07224564757041117, 0.08071700386576627, 0.07471265798795997, 0.07268466978976608, 0.08304351346051013, 0.07400003447747083, 0.08157185715007023, 0.0737191701975626], [0.07680466767562615, 0.08122030147581547, 0.07244469961290599, 0.0746676629865559, 0.08214679321366257, 0.07223442383978548, 0.08082406931780098, 0.07469510370165904, 0.0726864450537725, 0.08302329413527931, 0.07397886781185312, 0.08154085099376074, 0.07373282018152269], [0.07690982669108506, 0.08125290392586394, 0.07250149895430286, 0.07469515648624984, 0.08191655856540367, 0.07227685457917918, 0.0809474212701509, 0.0746938878435621, 0.07274584461175689, 0.08284092525086902, 0.07398866981800278, 0.08143231091967454, 0.07379814108389911], [0.07701559200257597, 0.08130526001124393, 0.07254036486179916, 0.0747225906893932, 0.08169917450935431, 0.07230262247328806, 0.08108748799963891, 0.07469561112443268, 0.07278838474080658, 0.0826474434799459, 0.0740000555931772, 0.0813431717141456, 0.07385224080019862], [0.07691895752143742, 0.08135010074929212, 0.07244138901994153, 0.07468145900653803, 0.08190639062394162, 0.07221652860267107, 0.08102939532076744, 0.07468255142667146, 0.07268961056424988, 0.08285765678620058, 0.0739641569088215, 0.08150157534307798, 0.07376022812638962], [0.07661242307474915, 0.08065509112548695, 0.07255160454144173, 0.07554870835165124, 0.0830284413591688, 0.07258022069122078, 0.07964178500846084, 0.07603184816143199, 0.0727779587587261, 0.08004191906228655, 0.07520345215924643, 0.08147529645806785, 0.07385125124806177], [0.0765758578114117, 0.0807621242168804, 0.07248275351773484, 0.07546971437947458, 0.08306408362045396, 0.0724978301616766, 0.07975176196371958, 0.07592985150015334, 0.07271252551365494, 0.08021170515820532, 0.07509805880194388, 0.08164702472688727, 0.07379670862780374], [0.07682588529531338, 0.08107906790918505, 0.07237270236498221, 0.07562079472226965, 0.08277349817370001, 0.07239040290196652, 0.07995185602908338, 0.0760989854014336, 0.07262223237696333, 0.07978030514113207, 0.07519625409022644, 0.08148714523711, 0.07380087035663437], [0.07667360996313179, 0.08097876555538532, 0.07235943313592957, 0.07549676518792271, 0.0831430650750412, 0.07237196419536318, 0.07989524342339908, 0.07596217219988975, 0.07260185399332204, 0.08003679838873386, 0.07508759681765509, 0.08164791256744347, 0.07374481949678287], [0.0764728666752713, 0.08098684133377651, 0.0724659968568028, 0.075264828273801, 0.08244558519784363, 0.07243824792046039, 0.07998277075371453, 0.07563964069711815, 0.07269436180704869, 0.08090918918561396, 0.07484075349651877, 0.08210392784506129, 0.0737549899569692], [0.0765305365541588, 0.08097018527182596, 0.07239284225644113, 0.0753545560077698, 0.0828911758664433, 0.07238445998400667, 0.07994961917069517, 0.0757736060609055, 0.07262798903990407, 0.08050995150038956, 0.07493832239838116, 0.08194838615801912, 0.07372836973105973], [0.07692991436503946, 0.08118861404907839, 0.07235777956537226, 0.07568352241374879, 0.0824827477171264, 0.07237310321042256, 0.08003513634689442, 0.07615927789725024, 0.07261420257456949, 0.07963381313042503, 0.07523441436848644, 0.08148290465259928, 0.07382456970898718], [0.07707858172622299, 0.08140041421503019, 0.07232243389101674, 0.07574590433017553, 0.08204454795964237, 0.07232560813477913, 0.08021958291948582, 0.07619954990204354, 0.07259052225394193, 0.07947352882954521, 0.07524370452770401, 0.08150413460607912, 0.07385148670433339], [0.07757950919104753, 0.08125446209330436, 0.07251415161957438, 0.07617521814477345, 0.08104712900874005, 0.07252659368695971, 0.08020208653008878, 0.07663512254594339, 0.07279817557754631, 0.0786331494545745, 0.07562101085391856, 0.08087487033853782, 0.0741385209549912], [0.07751599362570843, 0.08109028725852124, 0.07255765351857232, 0.07619515615390271, 0.08123947881002311, 0.0725890614287583, 0.07999838233913972, 0.07669473484999391, 0.07283357836572302, 0.07862954053848774, 0.07569307092251908, 0.0808203769314624, 0.07414268525718805], [0.07680617446911756, 0.08230030238875494, 0.07194212451343679, 0.07481269901820994, 0.08172499932009591, 0.0717965256286606, 0.08120280716834374, 0.07498685583626992, 0.07221478795408852, 0.08176695733998066, 0.07412245185638885, 0.08288695415435847, 0.07343636035229419], [0.07671881233959651, 0.0820803884498377, 0.07196146920755471, 0.07475120762943425, 0.08203553574717633, 0.07181512420997511, 0.0810616927575662, 0.07492295208611931, 0.07222774368708629, 0.08202924504733429, 0.07407917513934856, 0.082898060299561, 0.0734185933994099], [0.07664869177602793, 0.08193492478734447, 0.07197696301270028, 0.07476680750685785, 0.08218798897957769, 0.07184386463825546, 0.0809002428352385, 0.07496319911254005, 0.072238776754036, 0.08198718944513154, 0.07412396676007621, 0.08301329493487351, 0.07341408945734058], [0.0765913104471606, 0.08177780235777614, 0.07201664192555536, 0.07478005822246066, 0.08237352648372122, 0.07189298744156507, 0.08075529922030593, 0.07499240205527442, 0.07227315701807538, 0.08198910357928423, 0.07416359087118, 0.08296678724526795, 0.07342733313237314], [0.0765689628434918, 0.08169792048549916, 0.07205540926948495, 0.07486952730052895, 0.08231240284638677, 0.07195198270277897, 0.08063582426161098, 0.07511934738736346, 0.07230935366265466, 0.08172100112197102, 0.07428475263840857, 0.08301362197529746, 0.07345989350452312], [0.0765940515963085, 0.0816869250688866, 0.07209525744158966, 0.07497125167872355, 0.08210740387836557, 0.07200695852923339, 0.08060011342731678, 0.07524934423350303, 0.07234925049637844, 0.08146359988278665, 0.0744041968816457, 0.08296526565170866, 0.07350638123355348], [0.07668241537387117, 0.08184457006988576, 0.0720623921387337, 0.07505299062643397, 0.08195593606715608, 0.07197878421478085, 0.08072015866833879, 0.07534308384948217, 0.0723241011608537, 0.08117482355592497, 0.07446928080332416, 0.08287166105376687, 0.07351980241744784], [0.07683307538350757, 0.08222892875570169, 0.07195891653391581, 0.07503485520896837, 0.08159286106780177, 0.07185384466711377, 0.08106078050663668, 0.07528744392298845, 0.07223467947828746, 0.08105145433481986, 0.07438350128816974, 0.08299147454777285, 0.07348818430431599], [0.07688100159708865, 0.08249209966146588, 0.07188072245575725, 0.07491314935325984, 0.08128058283070921, 0.07174790967789565, 0.08129827500606275, 0.0751141375179595, 0.0721622786753378, 0.0812529132007815, 0.0742120064286294, 0.08333333333333333, 0.07343159026171925], [0.07687896209515656, 0.08250873006012563, 0.07189116356610352, 0.07485510902839128, 0.08140345678267842, 0.07174620087305689, 0.08134259152711222, 0.0750321279850194, 0.07217125511743099, 0.08147033074657294, 0.07414375304630584, 0.0831278960132668, 0.07342842315877968], [0.07678754704909008, 0.0822629184592387, 0.07194475171747268, 0.0748709763520024, 0.08168412462987122, 0.07181400400161252, 0.08112580965453117, 0.07507396460577846, 0.07221693641074614, 0.08157684619605376, 0.07420009679784453, 0.08299944908434771, 0.07344257504141062], [0.07674852517238676, 0.08218286650281811, 0.07194344647803598, 0.07480285168313104, 0.08186034735830007, 0.07180451694790607, 0.08109261016622513, 0.0749898976204146, 0.07221291588943134, 0.08180542072787743, 0.07413052146725609, 0.083003944089423, 0.07342213589679437], [0.07664711035971417, 0.08196569716230928, 0.07195346273388561, 0.0748453412129368, 0.08199235737691606, 0.07183844831090236, 0.08085797947179109, 0.0750781828737399, 0.07221752507939909, 0.08164084695392111, 0.07421853591332117, 0.08333333333333334, 0.07341117921783011], [0.07673708464390787, 0.08206107087538489, 0.072002545438061, 0.0749743786389485, 0.08169559041088638, 0.07189766536705182, 0.08091931399214736, 0.07522553506343688, 0.07226978144678034, 0.0813478804177668, 0.07434886823537841, 0.08303743620483647, 0.07348284926541303], [0.07671678448452884, 0.08207808792913711, 0.07196968602272054, 0.07491025202002011, 0.08178742896020698, 0.07185651622586342, 0.08094357573727903, 0.07514644583637578, 0.07223712421444757, 0.08148489539735902, 0.07427487541403983, 0.08314669245993424, 0.07344763529808762], [0.0768063218760099, 0.082236183176725, 0.07196656175540038, 0.07496995325258159, 0.08151222520049621, 0.07185209011273325, 0.08107269404829348, 0.0752038804497208, 0.0722395778810868, 0.0812934326096302, 0.07431561481773086, 0.08305538243041859, 0.07347608238917294], [0.07664741297546203, 0.08196172365840274, 0.07196036656087428, 0.0748118973364809, 0.08207794495747338, 0.07183793605896996, 0.08087633841098638, 0.07502989129916017, 0.07222362686864953, 0.08178020839687945, 0.07417821521289017, 0.08320409866488944, 0.07341033959888144], [0.0766151566826391, 0.08179758974620556, 0.07203875102998357, 0.07492583201318345, 0.08206439376954872, 0.07194077861027816, 0.08069961409814413, 0.07518789209499242, 0.07229680576081748, 0.08152515678266052, 0.07433600463652598, 0.0831028793765674, 0.07346914539845341], [0.07667745391272901, 0.08187936270124804, 0.07205008592235934, 0.07500586108016276, 0.08184904490373747, 0.0719583181891564, 0.0807568219876467, 0.07528033638026047, 0.07231167074748686, 0.08131326393992053, 0.07441269907305677, 0.08300169304952637, 0.07350338811270936], [0.07679334645969788, 0.08209085672255048, 0.07199980175582098, 0.0750690697049982, 0.08175566606833816, 0.07190555434716082, 0.08093823959042615, 0.0753413939858164, 0.07227140841308265, 0.08102663462467415, 0.07444300997481358, 0.0828553258652126, 0.07350969248740784], [0.07673153820511486, 0.08190364721437127, 0.07205275888288527, 0.07510178359335815, 0.08196489755749745, 0.07197186407854675, 0.08077130030182773, 0.07539805847002375, 0.07231829779358294, 0.0810103576161897, 0.07450983824351279, 0.08273234750966486, 0.07353331053342446], [0.0765969916390144, 0.08180206046923888, 0.07201218589603782, 0.07485042709591305, 0.08220854118529802, 0.07190277021640142, 0.08072569631846231, 0.07509099326534582, 0.07227005055473017, 0.08172368606714181, 0.07424766447517457, 0.08313227352485839, 0.07343665929238342], [0.07662656166026663, 0.08172025867966083, 0.07210643141814646, 0.07502359007773142, 0.0819608190190311, 0.07202325325176134, 0.08062041672806383, 0.07531176747181184, 0.07236207750163218, 0.08133256709791259, 0.07445768805350907, 0.08292537205581295, 0.07352919698465964], [0.07664674951458501, 0.0817195232472634, 0.07210190369689294, 0.0750836080192817, 0.08209168547841321, 0.07202799941299755, 0.08060911485860756, 0.07539068440163288, 0.07235970929923236, 0.08112343020741988, 0.07452294070457001, 0.08278174669725709, 0.07354090446184654], [0.07712791750061211, 0.08282851925489619, 0.07193432058628246, 0.07480966210925388, 0.0810443497578636, 0.0717399864432699, 0.08186312992085377, 0.07488688634520478, 0.07222432256044538, 0.08148507858023359, 0.07400697766225076, 0.08254147418140616, 0.07350737509742736], [0.077095573796714, 0.08292193843639505, 0.07189556504195714, 0.07484778674118454, 0.08099574566315187, 0.07171632972159143, 0.08178085729860113, 0.07495567520201178, 0.07218661409022696, 0.08133594853088101, 0.07406042744191992, 0.0827263033177871, 0.07348123471757813], [0.07708514239759717, 0.08288227084779726, 0.07189367537576902, 0.07495993035761751, 0.08084895053461044, 0.07173911122492857, 0.08165447166601586, 0.0751154969059092, 0.07218557713102776, 0.08103637432121083, 0.07419865771188483, 0.08290539670666626, 0.0734949448189654], [0.07718169182454734, 0.0828219102044645, 0.07192284713330666, 0.07511532734885722, 0.0808775212591978, 0.07178344913975102, 0.08163400400988412, 0.07529702513188254, 0.07221997124183746, 0.08058806667339279, 0.07435324997878799, 0.08264416457867475, 0.07356077147541586], [0.07758119997206617, 0.08311637194879101, 0.0720320500137007, 0.07530615767191423, 0.0801999137465044, 0.07186627007359377, 0.08203188752486153, 0.07542027655525432, 0.07234553961119451, 0.07997177939761976, 0.07445187370910056, 0.08192326437740734, 0.07375341539799163], [0.07782661767628658, 0.08274978073485838, 0.07217358073362902, 0.07528826199961983, 0.07969963076387598, 0.0719620893498764, 0.08257477570802847, 0.07530263469044533, 0.07249054546060558, 0.08002783648960442, 0.0743681336083043, 0.08164076216538473, 0.07389535061948081], [0.07777882137856292, 0.08257041612921949, 0.07219100817576081, 0.07513154824613004, 0.0798046154016337, 0.07195353832211711, 0.08280436354164147, 0.0750999930775905, 0.07250271269599758, 0.08041207342043943, 0.0742195240333422, 0.08166066354000112, 0.07387072203756338], [0.07755010107649293, 0.08271695244922463, 0.0721085687072063, 0.07496007406841766, 0.08027772026551017, 0.07187319655115068, 0.0825341364673354, 0.07494351646112923, 0.07241167143263558, 0.08090530490379978, 0.07407696042597837, 0.08190249716201674, 0.07373930002910242], [0.07724160938824073, 0.0829020354463019, 0.0719656204587955, 0.0748414791022879, 0.08081822455380222, 0.07175922688979033, 0.08205686805316355, 0.07489238018353504, 0.07226001068379963, 0.08132518407848574, 0.07400958077439133, 0.08236904582245681, 0.07355873456494941], [0.07716737690517246, 0.08303107216287405, 0.07190640420280296, 0.07486372752613882, 0.08084758122439106, 0.0717191878878336, 0.08190831943467528, 0.07495452916944167, 0.07220071694108098, 0.08123774075975866, 0.0740560293821523, 0.08259986940841264, 0.07350744499526558], [0.07718623618062082, 0.08310496375024996, 0.07189845430882663, 0.07495538219178942, 0.08066828516122407, 0.0717277403276962, 0.08185999009883255, 0.0750775085337566, 0.07219525793419124, 0.08096714724716017, 0.0741587276119053, 0.08267924506105305, 0.07352106159269388], [0.07719962401093278, 0.08302515532068641, 0.07190772702728797, 0.07501161161163102, 0.08067304418038304, 0.07174589607605264, 0.08181646428490258, 0.07515016176628571, 0.07220533357342435, 0.08082837119240584, 0.07422223041780181, 0.08267555801990985, 0.07353882251829594], [0.07733145884071059, 0.08303788979928994, 0.07194687281443889, 0.07508188634461568, 0.08048366379166629, 0.07177769627453384, 0.08197559050003864, 0.07520150756381914, 0.0722497481668285, 0.08060882659281693, 0.07426459402905475, 0.08243497521341392, 0.0736052900687728], [0.0773782017975096, 0.0831265819043246, 0.07196824217483984, 0.07495132956462544, 0.0804255891529514, 0.07176456740772436, 0.08223553096668587, 0.07500343577245763, 0.07227071773890034, 0.08090122267894721, 0.07409537310008572, 0.08226990904497311, 0.07360929869597493], [0.07758290035528648, 0.08288187729508267, 0.07207225410723234, 0.0750648991307038, 0.08007756619508583, 0.07185620620937018, 0.08250343139218391, 0.07508402969411186, 0.0723