[[0.07072555231000331, 0.07532034487392024, 0.0724169385921852, 0.07319295004418924, 0.08084230616778089, 0.0715834722531176, 0.08027403222490352, 0.08249503927587232, 0.08104961982783208, 0.07585354430962744, 0.07324297764120527, 0.0814413445265318, 0.08156187795283108], [0.07072935048574783, 0.07520334891510394, 0.07243240702842253, 0.07317965360073844, 0.08115118115006727, 0.07159205454360541, 0.08008690421206917, 0.0827660422833893, 0.08089505209202173, 0.07574072967366745, 0.07326321568471912, 0.0813210219036438, 0.08163903842680392], [0.07076558837312347, 0.07508373909062208, 0.07247534161433915, 0.0731863660193118, 0.08152068774737142, 0.07163042841052232, 0.07986357046175147, 0.0830261866305969, 0.08069561587172647, 0.07562330742852197, 0.07330820016594018, 0.08114812693770004, 0.08167284124847288], [0.07081291603486291, 0.07500296841615936, 0.07253786250015411, 0.07321907852887308, 0.08182493144647984, 0.07168476972573336, 0.07971003325630993, 0.0829701848250488, 0.08056425359296401, 0.07554988484046943, 0.07337580830066898, 0.08103575696598933, 0.08171155156628675], [0.07092482187262776, 0.07494316716472317, 0.07265353276308317, 0.07329629171287752, 0.08218514079322276, 0.07179779172685528, 0.07952986989467227, 0.0827281333861546, 0.08039388321201962, 0.07549293400893288, 0.07349081546178507, 0.08087531360790118, 0.08168830439514471], [0.07090530993063018, 0.07484557433249613, 0.07266621823418774, 0.07328890532260735, 0.08242616074851772, 0.07179439641750056, 0.07940960388825039, 0.08295247664902516, 0.08029537150775225, 0.075409633901042, 0.07351593478808682, 0.08078973492498749, 0.08170067935491615], [0.07080858076580028, 0.07467650369090412, 0.0726537053476294, 0.07325411610818816, 0.08272563893907112, 0.07174063132260784, 0.07927177277304708, 0.08333333333333333, 0.08020632716278389, 0.07527786860884106, 0.07353735214430086, 0.0807254304887386, 0.08178873931475428], [0.07088448702874722, 0.07461856133762956, 0.07278549095560691, 0.07335352086999496, 0.08289352455676609, 0.07184515283160042, 0.0791605278162484, 0.0829510953370294, 0.08011835414966077, 0.07524668520026047, 0.07368946106245575, 0.08064496158153021, 0.08180817727246986], [0.07089649069696108, 0.07457198810823663, 0.07288206979037465, 0.0734335867932426, 0.08284857875664055, 0.07190092891878795, 0.07913411956180173, 0.08257416309145217, 0.08012639489459428, 0.07523964831473448, 0.07381933210242698, 0.0806626923075063, 0.0819100066632406], [0.07102278317757317, 0.07456887164761217, 0.07310490740995106, 0.07362548314813205, 0.08251194240181949, 0.0720773283824583, 0.07908075915117016, 0.08203904613764271, 0.08009213339810754, 0.07528263790317914, 0.07407853881281926, 0.08062079797287494, 0.08189477045666009], [0.07109613502892259, 0.07455396277123931, 0.07329486568287952, 0.07379364301712901, 0.0825005920709142, 0.07221127737236666, 0.07903513159592429, 0.08147128242758439, 0.08005706349991654, 0.07532184478996244, 0.07431400142492926, 0.08056559839546572, 0.08178460192276621], [0.07120859561490889, 0.07453237539247698, 0.07347783491551717, 0.07394556630502719, 0.08284354886385854, 0.07236026788222456, 0.07890804885063478, 0.08104653164032771, 0.07991185460136832, 0.0753314850899584, 0.07452274756988679, 0.0803906859407849, 0.0815204573330258], [0.07113125757432603, 0.07449669328804255, 0.0735285041800498, 0.07400446815678165, 0.08333333333333331, 0.07234956773507327, 0.0789204879817361, 0.08056570663762189, 0.0799282139333319, 0.07535422054098483, 0.07462675922523089, 0.08037787235971666, 0.08138291505377088], [0.07118094133432683, 0.07456412041091612, 0.07364921325019845, 0.07413235962228344, 0.08296194221879115, 0.07243663941294956, 0.07898156461043249, 0.08023059695133486, 0.07997442760797178, 0.07545720164144851, 0.0747764544696552, 0.08039039879263493, 0.08126413967705676], [0.07118255259854864, 0.07467004934953304, 0.07373546904691151, 0.07424832702247793, 0.08246980586158627, 0.07248324538470623, 0.07913318333007768, 0.07984038101714308, 0.08010662422315985, 0.07560886318478145, 0.0748985165414849, 0.08047444709721804, 0.08114853534237135], [0.07113077590383744, 0.07477023732589055, 0.07373636744709383, 0.07428989997130696, 0.08206984258160728, 0.0724601134495956, 0.07932069815318261, 0.07957688297784145, 0.08028011407880097, 0.07574201535558574, 0.07492246588351, 0.08060612926471947, 0.08109445760702812], [0.07110665234095676, 0.0749313154626976, 0.07376596276856433, 0.07437189851033962, 0.08154062438467863, 0.07246608094642709, 0.07955887087881737, 0.07920275909852548, 0.08047577989230481, 0.07594205716964737, 0.07497441111954672, 0.08072713930392691, 0.08093644812356715], [0.0710141783966355, 0.07512291231742728, 0.07369103492189326, 0.07437241609323719, 0.08098750498033186, 0.07238596041568256, 0.0799118947197914, 0.07889478649260492, 0.08078323454073442, 0.07616160479516058, 0.07490642978276238, 0.08094498810855635, 0.08082305443518244], [0.07086707168860018, 0.07552735345613591, 0.07247485881949804, 0.07327169187144401, 0.08051491644472157, 0.07168298316740503, 0.08039592011046502, 0.08226217671035886, 0.08106033301948191, 0.07602183829867906, 0.07326546951481314, 0.08137318597705834, 0.08128220092133902], [0.07084169422687009, 0.07536251118321528, 0.07247249472811806, 0.07323538979969911, 0.08089259349315307, 0.07166784276973277, 0.0801731472268072, 0.08263101910152865, 0.08089952962799486, 0.07586635710427199, 0.07327303431496442, 0.08126975175694086, 0.08141463466670361], [0.07083929756702063, 0.07527451709417017, 0.07248020271314341, 0.07322263983423231, 0.08111115016326204, 0.07166978618765626, 0.08004104085201812, 0.0828453263577678, 0.08079403737949507, 0.07578242146818685, 0.07328486267171362, 0.08118958299094726, 0.08146513472038627], [0.07080578995464032, 0.0750838750657153, 0.07249667778905862, 0.07319975303815952, 0.08157142751760027, 0.0716606291333949, 0.0798094283955396, 0.08311855583290531, 0.08062851716369389, 0.07561446093995537, 0.07332142130115406, 0.08107559908018307, 0.08161386478799991], [0.07080315779843707, 0.07522290074840449, 0.07246729164243883, 0.07320456364079278, 0.08119826205751601, 0.0716454028312149, 0.08001230088676867, 0.08289579963302317, 0.08079042355427897, 0.07574154814868399, 0.07328165447547182, 0.08120280189908849, 0.08153389268388082], [0.0708888530662405, 0.07500288242922978, 0.07259096741169221, 0.07325662830036238, 0.08193548786573213, 0.07174854287802318, 0.07962620933755213, 0.08295856846431453, 0.08046641491013176, 0.07553953614880549, 0.07341857681560443, 0.08093232203850913, 0.08163501033380233], [0.0710046243830853, 0.07497825276202048, 0.07269445050389634, 0.07332979404249389, 0.0821842026237126, 0.07185736979616361, 0.07948557637980962, 0.08275611484099887, 0.08032256180715663, 0.07551044201530976, 0.07351503111632358, 0.08078982642397547, 0.08157175330505392], [0.07092563408702915, 0.07483442757733544, 0.07268358128984466, 0.07329934675251734, 0.0824868508360892, 0.0718130512162022, 0.07937129322720708, 0.08298360830174856, 0.08025471795154523, 0.07539717677028024, 0.07353162821841254, 0.08074803092969383, 0.0816706528420946], [0.07099472291719322, 0.07475004320854439, 0.07276806784065308, 0.07334826489070137, 0.08283706235039763, 0.07188948482013388, 0.07918633708570123, 0.08306372987269002, 0.08007534885504523, 0.0753201554404284, 0.0736200221729207, 0.08057117005601312, 0.08157559048957767], [0.07099502421386587, 0.07464003239534969, 0.07284584139793825, 0.07339671627205466, 0.08313165229356409, 0.07192951575996502, 0.07906600806353738, 0.08290554561484949, 0.07999183567650979, 0.07524567930032434, 0.07372752653746176, 0.08050260943815678, 0.08162201303642279], [0.07098920407127032, 0.07459419583672564, 0.07290955523587167, 0.07344817393103562, 0.08306671182265192, 0.07195966842468432, 0.07904794666866793, 0.08268665415687862, 0.08000451269500884, 0.07523199107031826, 0.07381877894884563, 0.08052586419469403, 0.08171674294334706], [0.07102302523296897, 0.07456843521485204, 0.0730077741319112, 0.0735306833593919, 0.0829637149726461, 0.07202685418018287, 0.07902108244406948, 0.08239798094427411, 0.0799988764746413, 0.07523632502554456, 0.0739419139760033, 0.08052339276287869, 0.08175994128063553], [0.07111225649049252, 0.0745742243490757, 0.07315281785983105, 0.07365594697268546, 0.08268631362849693, 0.0721450890147034, 0.07899049506285682, 0.0820870695171183, 0.0799777626788082, 0.07526878855824164, 0.07410767608305441, 0.08049688919113196, 0.0817446705935036], [0.07118190493480897, 0.07458560577236523, 0.07325307604598633, 0.07374287884280248, 0.08250102798871481, 0.07223067156499001, 0.07896689329861145, 0.08189641798191849, 0.07995483973005525, 0.07529486390484653, 0.07421896015212284, 0.08046715069050696, 0.08170570909227055], [0.07128926012768898, 0.07460715698354059, 0.07339823748356879, 0.07386879106940131, 0.08225339635509384, 0.07235773540651007, 0.07892825436783173, 0.08164078855517679, 0.07991168185974606, 0.0753345262143197, 0.07437736326125888, 0.08041125786314465, 0.08162155045271864], [0.07125964058555218, 0.07456918649849571, 0.07344188556797256, 0.07390835514453349, 0.08252290657681062, 0.07236612375545758, 0.0789101088046599, 0.08136352581518241, 0.07990407919938804, 0.07532922183505385, 0.07445082651539471, 0.08039561626392294, 0.08157852343757611], [0.0714436303607915, 0.07456289611658547, 0.07370674603619895, 0.0741297378123001, 0.08278932691950197, 0.07259213808859791, 0.0787451930449186, 0.08082256311097447, 0.07970946811430672, 0.07535839850101404, 0.07474403101651868, 0.08016172270163928, 0.08123414817665216], [0.0713807404912175, 0.07454533379504447, 0.07375275599203464, 0.07418511766064151, 0.0830352373591768, 0.0725859108405746, 0.07877402138314392, 0.08045138949185741, 0.07974193101241946, 0.07539017670072977, 0.07483581038293198, 0.08017125588332348, 0.08115031900690454], [0.07112407865769908, 0.07451846408683532, 0.07342209803779473, 0.07390503677969226, 0.08292226727062973, 0.072290763758707, 0.07896455983442187, 0.08100632250659373, 0.07998250594816017, 0.07533104191430291, 0.07448042615150122, 0.08046427143991464, 0.08158816361374727], [0.07142671843283857, 0.07457940628159143, 0.0738607477029722, 0.07429203555025217, 0.08290355769063219, 0.07266433186576969, 0.07878234685889171, 0.08016828901485057, 0.07973565144930285, 0.07545333309634228, 0.0749687746337587, 0.080138495660319, 0.08102631176247865], [0.07145508861208856, 0.07466438583293433, 0.07398604821574042, 0.0744351186834788, 0.08252804254027415, 0.07274369918844273, 0.07887278403658701, 0.07975552235595629, 0.07980216374277557, 0.07558658949386045, 0.07513465325885017, 0.080158658026219, 0.0808772460127924], [0.07139863552115441, 0.07471994016903775, 0.07397911608981242, 0.07445740982410373, 0.08230281281196403, 0.0727136078707459, 0.07899677109029615, 0.07957670559662532, 0.07992034053008423, 0.07566974965260437, 0.0751499162370702, 0.0802521226690197, 0.08086287193748191], [0.07134889300582895, 0.07484008939465125, 0.07399624922777122, 0.07452147769796628, 0.0818690050209752, 0.07270005969136518, 0.07919676779402661, 0.0792587288883277, 0.08009380923853313, 0.07583097664978684, 0.07519628170009153, 0.0803721233654557, 0.0807755383252205], [0.07139744252097824, 0.07498367880185149, 0.07410148483427151, 0.07465899335733006, 0.08142168212874976, 0.07277972175995104, 0.07934335561092526, 0.0788852937082532, 0.08016180877856986, 0.07601151442774173, 0.0753242952804558, 0.0803700808107178, 0.0805606479802043], [0.07123192560801149, 0.07508337484318159, 0.07394108849114628, 0.07456464646594427, 0.08113262569198953, 0.0726189656389243, 0.07964062976942597, 0.07879540493883251, 0.08045132068906338, 0.07612787182178771, 0.07516765440581523, 0.0806197127827764, 0.08062477885310129], [0.07099105783527905, 0.0755674625069038, 0.07253948033570909, 0.07332115293547761, 0.08056856773431495, 0.07177574474835453, 0.08028236165806968, 0.08235115814939983, 0.08090366800647662, 0.07603312700215208, 0.07330509914830052, 0.08120288603023212, 0.08115823390933002], [0.07096364884388659, 0.07532455802774558, 0.07254576645832841, 0.07327545131637972, 0.08112805628924148, 0.07176340938228776, 0.0799525601523705, 0.08290737097328356, 0.08066080917600087, 0.07580486961680129, 0.07332542177471134, 0.0810354854731483, 0.08131259251581452], [0.07096615486788772, 0.07540915304235372, 0.07253783245090943, 0.07328709727356567, 0.08092377569032276, 0.07176133348246869, 0.08007562157913233, 0.0827048493329132, 0.08075710114888363, 0.07588490701089783, 0.07331330983367011, 0.08110815381297587, 0.08127071047401899], [0.07088371233710403, 0.07521913781900975, 0.07251198347438412, 0.0732323925149071, 0.08130238875627062, 0.07170685290611781, 0.07989779725426213, 0.0830626395156745, 0.08065402755391433, 0.07572064635448059, 0.07331096664805539, 0.08105978645483042, 0.08143766841098923], [0.07098422934568736, 0.07520409084354382, 0.07257757040005343, 0.07327431109743188, 0.08145046265203394, 0.07178860944208826, 0.07975339709458142, 0.08318599472147935, 0.08049329357696647, 0.07568952492162885, 0.07336113973072218, 0.08089652137172894, 0.08134085480205404], [0.0710088374011559, 0.07509039446098299, 0.07263738957168728, 0.07330075999209212, 0.0818153537641282, 0.0718305106533387, 0.0795948986962053, 0.08307434368792356, 0.08037874320871637, 0.07559318872399545, 0.07343412257039035, 0.0808134066735889, 0.08142805059579493], [0.07090169372139508, 0.07512295861351106, 0.07253709158070754, 0.07323087008350145, 0.08156423449047834, 0.07172758359457096, 0.07973179716762095, 0.08333333333333333, 0.08050806591098827, 0.07562743579218742, 0.0733383759770302, 0.08093300139138528, 0.08144355834329009], [0.07112040031872303, 0.0750397449909278, 0.072753976426101, 0.07338120729944722, 0.08212825638303074, 0.07194398051010255, 0.07943854896374704, 0.08276214188470171, 0.08023652290267673, 0.07554674785417292, 0.07355046880209422, 0.08068313324102314, 0.08141487042325174], [0.07117276535979739, 0.07500121252261288, 0.07281462548467128, 0.07342114619132793, 0.08231274512498198, 0.07200026880075733, 0.07934594550390428, 0.08264595060435481, 0.08015302663522238, 0.07551295021247248, 0.07361312545412603, 0.08060593933068304, 0.08140029877508814], [0.07114338509618709, 0.07492760782535007, 0.07281620693493072, 0.07341040582868712, 0.08248695118475245, 0.07198660113553844, 0.07927644729052838, 0.08276987026948761, 0.0801045721663005, 0.07545330300925274, 0.0736269086798449, 0.08056919907073466, 0.08142854150840523], [0.07118796808538182, 0.07485816766118923, 0.07287967592159807, 0.07344704432619162, 0.08272934044544089, 0.07204053248019703, 0.07914408267723107, 0.08280579294923321, 0.07998316347172992, 0.07539311270224497, 0.07369621844263688, 0.08045348658952271, 0.08138141424740263], [0.0711274896178795, 0.07471531681796333, 0.07290231960659696, 0.07344536318566479, 0.08313766858300932, 0.07202265431386262, 0.07902479651953011, 0.08283458673180108, 0.07990783124791498, 0.07528752783141708, 0.0737515916233691, 0.08039842031810371, 0.08144443360288751], [0.07110810264758458, 0.07465855969475949, 0.0729230555821553, 0.0734551340088809, 0.08333333333333333, 0.07202389745135823, 0.07897703494019002, 0.08275993290333943, 0.07987845132246664, 0.07524877982035354, 0.07378805745494826, 0.08037631006146742, 0.08146935077916273], [0.07111221431029759, 0.07464628925448437, 0.0729527175222454, 0.07347991079793449, 0.08320820449287386, 0.07204124412370064, 0.07897522564176258, 0.08271772960284751, 0.07988853063368201, 0.07524843278340233, 0.07382775418590005, 0.0803908083225903, 0.08151093832827906], [0.07112826731080514, 0.0745920774627227, 0.07302954459212813, 0.07353789087582699, 0.08333333333333336, 0.07208867276702623, 0.07891533893585058, 0.08248641519317529, 0.0798502478307033, 0.075222008387123, 0.07392787125880927, 0.08035778417035896, 0.08153054788213725], [0.07119620401760125, 0.07459014172383097, 0.07315296156202991, 0.07364395908968459, 0.08301629729365789, 0.07218543265470334, 0.07889614662364784, 0.08224272774104155, 0.07984630441360151, 0.07524637008459063, 0.07407213770648167, 0.08035406057331922, 0.08155725651580968], [0.07127073110579704, 0.07459799550791656, 0.07326855385537799, 0.07374374265361985, 0.08276068437486037, 0.07228132883446829, 0.07887315932816177, 0.08202339610084523, 0.0798293157021623, 0.07527376455730057, 0.0742027517072132, 0.08033269363081334, 0.08154188264146353], [0.0714773064885246, 0.0746356742782294, 0.07352778616428117, 0.07396506013713834, 0.08231947546207279, 0.07251541366799368, 0.07878947541122695, 0.0816060460620938, 0.0797355924748126, 0.07533690552529713, 0.07447899160686118, 0.08021898960913496, 0.08139328311233344], [0.07160309116283767, 0.0746389601585305, 0.07370926621569006, 0.07411809605724023, 0.08228390347291113, 0.07267021898422632, 0.0787046002695812, 0.08124775893795876, 0.0796406788076934, 0.07536530253614279, 0.07467993053862197, 0.08010485463493454, 0.08123333822363149], [0.07152871882663188, 0.07458364279610444, 0.07376141514252958, 0.07417090519117105, 0.08266716008251186, 0.07266147210976102, 0.07870045535550409, 0.08084869530635938, 0.07965151657119361, 0.0753654745478587, 0.07478450570108672, 0.0801009339469039, 0.08117510442238374], [0.0714269367190705, 0.0745800089003825, 0.07362327462428689, 0.07405502325310569, 0.08259222032376909, 0.07254074682946623, 0.07878102781626412, 0.08111015279039953, 0.07974843793483082, 0.07534599305170833, 0.07463406134844014, 0.08021735857110018, 0.08134475783717596], [0.07146441103842643, 0.07462446673835565, 0.07356762173023965, 0.07400373711007273, 0.08227763518020766, 0.07252991095979784, 0.07880149240828625, 0.08144015910370785, 0.07975807977800668, 0.07534939256906505, 0.07454040785125639, 0.08023833656643245, 0.08140434896614539], [0.07132216617308308, 0.07460635812655539, 0.07336938850065562, 0.0738338775701329, 0.08249563697814549, 0.07235848452716831, 0.07887049049064991, 0.08180623247588256, 0.07983479124317866, 0.07530522903987376, 0.0743225725086863, 0.0803335511937043, 0.08154122117228368], [0.07144904515859508, 0.07459186403392691, 0.07362111306100683, 0.07405125951098578, 0.08251025101063016, 0.07255026511534376, 0.07877680856809648, 0.08118197764980213, 0.07974002537269739, 0.07534711163137114, 0.07462167998054099, 0.08021099485391604, 0.08134760405308734], [0.07125290412718913, 0.07455369460626693, 0.07347153356247252, 0.07393518068659888, 0.0826602757355861, 0.0723782746804961, 0.0788970201041867, 0.08121585682018087, 0.0798933457657566, 0.07532997957583827, 0.07449516772424572, 0.08037846654385034, 0.08153830006733202], [0.07149975753516334, 0.07456720892411373, 0.0738022575923742, 0.07421353229885774, 0.08283875049850957, 0.07266878076037807, 0.07870320319300941, 0.08060824042322962, 0.07965647262402856, 0.07538009075921709, 0.07485431741681886, 0.0800922759959002, 0.08111511197839939], [0.07150562024438045, 0.07457258331752815, 0.0738745612580135, 0.07428584789407394, 0.08288868210479575, 0.07270925444356732, 0.0787050610279274, 0.08034694349622748, 0.07965227765051977, 0.07541552663171516, 0.07495382573165667, 0.0800684004215833, 0.08102141577801113], [0.07152820759208778, 0.07460740365617881, 0.07397257329555537, 0.07438838512208616, 0.08276281313571351, 0.07277126935148623, 0.07873270647239565, 0.08003976783061055, 0.07966680758802107, 0.07548563755010093, 0.0750829579189816, 0.0800545123380107, 0.08090695814877168], [0.0715642975764384, 0.07465079673281343, 0.0740603876789229, 0.07448029489531416, 0.08257481735533032, 0.07283450413853389, 0.07875848060176635, 0.07980900057496687, 0.07967658145679231, 0.07555398249860464, 0.07519200018535954, 0.08003897485348485, 0.08080588145167243], [0.07152273671495134, 0.07473118455962352, 0.07410244188185981, 0.07455556789169196, 0.08225760092255407, 0.07283712723854517, 0.0788973457719661, 0.07949578804835157, 0.07979874685056082, 0.07567822426464041, 0.07527060376606431, 0.08012083624302375, 0.08073179584616708], [0.07152938673658846, 0.07485450490088186, 0.07418587635335, 0.07467449461926863, 0.08182219709557524, 0.0728849041880516, 0.07904138129771802, 0.07912562214624515, 0.07990344167799744, 0.07584539722803876, 0.0753867376159274, 0.08016723664968964, 0.08057881949066785], [0.07151605406386381, 0.07494936984256678, 0.07421584339283735, 0.07473641790401785, 0.08151865126995893, 0.07289524450189919, 0.07918942168923723, 0.07888875735916197, 0.07999464500830059, 0.07596839566655396, 0.07543517228967739, 0.08021399641822005, 0.08047803059370508], [0.07146374583098278, 0.0750852019874769, 0.0742030314295049, 0.07477679890067045, 0.08112778160885685, 0.07286551806616332, 0.07943908040028926, 0.07861857404692899, 0.08015757289378896, 0.0761366231235352, 0.07543916140947396, 0.08031436984057765, 0.08037254046175066], [0.07125153084800587, 0.07519430066128703, 0.07398037108007369, 0.07463265920233773, 0.08084321793994911, 0.07265045993972095, 0.07979200044320446, 0.07856938876700434, 0.0805125049370521, 0.07625829003624802, 0.07521379092057918, 0.08062441332023627, 0.08047707190430123], [0.07141799571471857, 0.07462482556624098, 0.07342180011278852, 0.07387085310536047, 0.08257062679148285, 0.07243178462728884, 0.07879873026354439, 0.0818171487452318, 0.07974045387572384, 0.07530441959846752, 0.07435529622716071, 0.0802305853063005, 0.08141548006569096], [0.0713445333004249, 0.0746214709388841, 0.07327921906541794, 0.07374593289211795, 0.0829181033563089, 0.07232236026482364, 0.07881386749021117, 0.0821046364940948, 0.07974277217250603, 0.07526899259995279, 0.07418641800578192, 0.08023746897019787, 0.08141422444927807], [0.07128454537820395, 0.07463884293642131, 0.07315263072622342, 0.07363922695518026, 0.0831493949743626, 0.07222780118584445, 0.07884658120718299, 0.08236384314857251, 0.07975779157271533, 0.0752554776228215, 0.07403464955159814, 0.08025208984613773, 0.08139712489473568], [0.07129735133803226, 0.07467461481965136, 0.07312579034815465, 0.07361976805669257, 0.08307540826876482, 0.0722201141026108, 0.07886840469266442, 0.08246284792979595, 0.07976469462962882, 0.07527351421900472, 0.07399212671968983, 0.08025467911811193, 0.08137068575719791], [0.07127422791892969, 0.07471805389314339, 0.0730460997628025, 0.0735579503916382, 0.08314236090365251, 0.07216774757118016, 0.07891365186501716, 0.08260598311702631, 0.07978771360003532, 0.07529084245876243, 0.07389089881707349, 0.0802709600097171, 0.08133350969102167], [0.07129739538904246, 0.07484136563171338, 0.07298342989377242, 0.07352338696089665, 0.08285394305309592, 0.0721467856993631, 0.07902749476591561, 0.08268507826511255, 0.07986061020261649, 0.07537524186958151, 0.07379510343942797, 0.08032693453469619, 0.08128323029476582], [0.07131873414657602, 0.07491348689853555, 0.07296611116044302, 0.07352026685665523, 0.08266454990808561, 0.07214834198893985, 0.07909510186050858, 0.08265119878575447, 0.07990676139389465, 0.07542985586013831, 0.07376282529230889, 0.08036282978308573, 0.081259936065074], [0.07103084110717539, 0.07450579114551639, 0.07338218998572922, 0.0738827314205309, 0.0830439473853209, 0.07222539440312661, 0.0790319811573663, 0.08085690861887582, 0.08006446822971927, 0.07534358913878617, 0.07446406391769304, 0.08054209160077117, 0.08162600188938901], [0.07124877992663343, 0.07454063121148768, 0.07367922072058077, 0.07414045247016914, 0.08310366177393103, 0.07248449955050315, 0.07888347881125374, 0.08033342555999941, 0.07986831835050136, 0.07541389197388536, 0.07478916781080282, 0.08029251323889847, 0.08122195860135374], [0.07136515515725605, 0.07462597415041222, 0.07387199536023524, 0.07433063193982414, 0.0826947057012576, 0.07264107564028006, 0.07890210390945407, 0.07992597878319668, 0.07985388811571868, 0.07553681265896872, 0.07501204789956288, 0.08023186521745199, 0.08100776546638178], [0.07129649496220929, 0.07497164163766717, 0.07292267522168461, 0.07349630204924885, 0.082492959322232, 0.07211541716793339, 0.07918741326349173, 0.08262702245383123, 0.07998620041519212, 0.07547781698068377, 0.07371211308531071, 0.08043571930520195, 0.08127822413531305], [0.07129436660177257, 0.07504360687805453, 0.07289488230259282, 0.07348704201591458, 0.0823008499419583, 0.07210036001479829, 0.07928177819337412, 0.0825414473904516, 0.08006263283331362, 0.0755377464227162, 0.07367491495843063, 0.08050212860586911, 0.08127824384075365], [0.07124644541908834, 0.07510697447741076, 0.07282448675630117, 0.07344287142920526, 0.0820515081696481, 0.07204125913165896, 0.07939362625733343, 0.08270509325651193, 0.08015372672936019, 0.07558949644178044, 0.07359704110422682, 0.08058036880956411, 0.08126710201791058], [0.0712124025379983, 0.07518055173708431, 0.07276310248121741, 0.07340728106466153, 0.08178371096855447, 0.07199360234532795, 0.07950267036379535, 0.08288345647636045, 0.0802339468694363, 0.07564915994418696, 0.07352589664237125, 0.08064191298140651, 0.08122230558759914], [0.07116867561245382, 0.07524858577277305, 0.07270359264885537, 0.07337372750145663, 0.0815394790743894, 0.07194233215027689, 0.07962162240655689, 0.08299173417839359, 0.08032827887945206, 0.07570861921930958, 0.0734612097453052, 0.08071829989969466, 0.08119384291108289], [0.07113776981343142, 0.07527791299387467, 0.07267177564177432, 0.07335538674154551, 0.0814276351953051, 0.07191130870592731, 0.07968870535326233, 0.08301275085045892, 0.08038687521725112, 0.07573693223093501, 0.07342964637583091, 0.08076932072684978, 0.08119398015355361], [0.07110954151157561, 0.07533575772161137, 0.07263886900588021, 0.07334215682355581, 0.08125145895424445, 0.07188126897290852, 0.07979526371164099, 0.08295407840220405, 0.0804764116582721, 0.07579206323297713, 0.07339549323629319, 0.0808441918594368, 0.08118344490939979], [0.07109906940931149, 0.0754073265088969, 0.0726202028278519, 0.07334268395408342, 0.08106631860675788, 0.0718672538994979, 0.07990687548040995, 0.08281859615292082, 0.08056554781973883, 0.07585959898302565, 0.07337385103079512, 0.08091442576403811, 0.08115824956267205], [0.0711503141831992, 0.0755441767739127, 0.07263584492813845, 0.07338060176840126, 0.08079051883987197, 0.07190109926297723, 0.08003942713238335, 0.08255855377831416, 0.08064284574719903, 0.07597989704176317, 0.07337470169632623, 0.0809517206163298, 0.08105029823118343], [0.07117371871605972, 0.07566794145755869, 0.07263885670309614, 0.07340808735983852, 0.08052463369952549, 0.07191511161581143, 0.0801881448271347, 0.08230679649438573, 0.08074073594970492, 0.076094189819263, 0.0733691187572887, 0.08100947848283684, 0.08096318611749603], [0.07106255823863364, 0.07552166664425024, 0.07258427008705516, 0.07334104142403694, 0.08075600058454979, 0.07183240692933827, 0.08011773735510622, 0.08254102653836984, 0.08074269023210984, 0.07597425200500212, 0.07333859318732282, 0.08105801141473155, 0.08112974535949351], [0.07138117334806145, 0.0745430448039912, 0.07370747128922227, 0.07413910607647761, 0.08298057061137724, 0.07256251799400382, 0.07877103959070057, 0.08063340905587654, 0.0797425418569524, 0.07536702060827705, 0.07477175556702213, 0.08018549076480573, 0.08121485843323197], [0.07124140911734207, 0.0745228498966414, 0.07355678838301272, 0.07401459115742928, 0.08302053709402293, 0.07241705579519689, 0.07886487588122505, 0.0808161614363851, 0.0798609381954089, 0.07534250693059101, 0.07461958168865646, 0.08032343588139886, 0.08139926854268932], [0.07111051877238173, 0.07461566034915944, 0.07362524418579369, 0.07413878722938791, 0.0826802777044803, 0.07239099130354695, 0.07912449142443743, 0.08006833680197353, 0.0801224638547961, 0.07553466679373076, 0.07477348833937762, 0.08052118966505031, 0.08129388357588424], [0.07106738979683459, 0.07452474930187138, 0.07349953526970839, 0.07399740629027231, 0.08311129636530543, 0.07230417234719524, 0.07902681622444807, 0.08047317107783403, 0.08004531641922502, 0.07540076909734292, 0.07461382588542974, 0.08048956375278929, 0.08144598817174359], [0.07109991214329105, 0.07457874199658626, 0.07324755865418414, 0.07375233659432692, 0.0822968639093839, 0.07218855517405395, 0.07906002776456068, 0.0816945312809319, 0.08007700983137467, 0.07532355709067932, 0.07424625715723444, 0.08059374187281056, 0.08184090653058233], [0.07104126463719372, 0.07451991494952598, 0.07332947196684676, 0.07383126658243863, 0.08281649014502986, 0.0722029442615723, 0.07904255145065224, 0.08112786421277633, 0.08007605741319956, 0.07532867801562805, 0.07438564831443763, 0.08057102110295669, 0.0817268269477423], [0.07110644378691115, 0.07469545240474203, 0.07367288847074466, 0.0742101770877884, 0.082341218132246, 0.07241464764492202, 0.07924216580269579, 0.07980776189596522, 0.08022494459148607, 0.07564400286465256, 0.07484300211942002, 0.08058781976565822, 0.08120947543276777], [0.07105821200382066, 0.07483432462337389, 0.07368275218674288, 0.07427101302895249, 0.08182811868537192, 0.0723984452097437, 0.0794805155859275, 0.07946307560086713, 0.08043809360547995, 0.07582179650636348, 0.07487778811988498, 0.08074059722006058, 0.08110526762341096], [0.07144150818424103, 0.0752567542937257, 0.07420849127860914, 0.07483918737129676, 0.08068781107697283, 0.07286044421648238, 0.07970995504687384, 0.07830960081938772, 0.08030468623666304, 0.07633898307643708, 0.07545491009041931, 0.08038075992970863, 0.08020690837918258], [0.07153641577533253, 0.07516139502046898, 0.07430091991859553, 0.07488211066147137, 0.08091786162674801, 0.07295213306574627, 0.07948613206904104, 0.07841463466787965, 0.08012102667292952, 0.07622941501294889, 0.07554612007183463, 0.0802397225898132, 0.08021211284719036], [0.07026724652915094, 0.07488369501715993, 0.07237506457789236, 0.07313876532231875, 0.08081549519679988, 0.07134043761682993, 0.08032859168910582, 0.08143275522823196, 0.08148238689269177, 0.07562014992507102, 0.07337297169121133, 0.0821125943705318, 0.0828298459430045], [0.07035133517152499, 0.07486338873501547, 0.07238906048816744, 0.07312972144372556, 0.08116527563077228, 0.07138715206466169, 0.08016320453205508, 0.08178981887097503, 0.08125998074756281, 0.0755626241879288, 0.0733581125333758, 0.08186137938926294, 0.08271894620497218], [0.07038139154120814, 0.07477890488769968, 0.07243261542026366, 0.07314591165003297, 0.08140005825407239, 0.07142324101624097, 0.07999394924982646, 0.08198814548079852, 0.0810898479647284, 0.07548233324593517, 0.07340663751537213, 0.08169092580517225, 0.08278603796864936], [0.07044363826589438, 0.07472759651273869, 0.07248328127329474, 0.07317058497474788, 0.08165123009916804, 0.07147867457529226, 0.07983814101773845, 0.08220730485841618, 0.0809168919601826, 0.07542371094270185, 0.07345166955606287, 0.08150841181625842, 0.08269886414750346], [0.07046922790571693, 0.07464598306901925, 0.0725723747624612, 0.07323327940625297, 0.08176733934331602, 0.07153661502904342, 0.0797132635992243, 0.08213167148245597, 0.08081370318886966, 0.0753714925745621, 0.0735655049143278, 0.08140840969278786, 0.08277113503196268], [0.07049771568601622, 0.07461906679183983, 0.07266688141967885, 0.07331431870407992, 0.08168315291272647, 0.07159927440072156, 0.07967768684826111, 0.08188594195389987, 0.0807976818641249, 0.07537661261811116, 0.07368596880320077, 0.0813895044128912, 0.08280619358444805], [0.07038893758099396, 0.07461427597485076, 0.07266155231321089, 0.0733317312907998, 0.081695271827424, 0.07154498262436025, 0.0798084566444469, 0.08139211111889344, 0.08097179979196875, 0.07542376871034537, 0.07372378612425023, 0.08156283047758597, 0.08288049552086942], [0.0702249958950244, 0.07473774239864779, 0.07254365947990789, 0.07328178755153152, 0.08125678478260068, 0.07140729250367042, 0.08019545670287531, 0.08090800066353818, 0.08141342155454129, 0.07557790884745301, 0.07362636464409864, 0.08201567388507833, 0.08281091109103259], [0.07015856218549728, 0.07485564925765266, 0.07240777551013322, 0.07318930437695405, 0.08083372787804186, 0.07130621391356913, 0.08045242034376861, 0.08089397850671196, 0.08168764891039043, 0.07566580308859572, 0.0734630611984708, 0.08233366609897481, 0.08275218873123945], [0.07018371227235744, 0.07490591515773593, 0.07236545232138612, 0.0731532887784718, 0.08068266835446969, 0.07129642547665507, 0.08049096321068792, 0.0810457235987143, 0.08170162842638332, 0.07568254216211175, 0.07339347218839504, 0.08235587678340606, 0.08274233126922531], [0.07023050762483327, 0.07479597727668592, 0.07240359849080372, 0.07315367432389086, 0.08093685160934594, 0.07133707774242645, 0.08024105448700823, 0.08137558675022497, 0.08142434234906455, 0.07556294581061841, 0.0734281093900238, 0.08206266270331064, 0.08304761144176324], [0.07028755019386983, 0.07482927945155639, 0.07239216762068625, 0.07313798896604254, 0.08099969005019463, 0.07135832820487945, 0.08020802433115745, 0.0815949055738168, 0.08135113015157729, 0.07556189932641943, 0.07338868535395068, 0.08197554479463016, 0.08291480598121911], [0.07032593905541988, 0.07469346564492861, 0.0724784839987434, 0.07318216766398684, 0.08131468655068652, 0.07142017539542703, 0.07995590332190905, 0.08175137042866443, 0.08110246670020943, 0.07544552843571968, 0.07349364300459035, 0.0817199191037271, 0.08311625069598752], [0.07026172085164555, 0.07466781930880204, 0.07250525916638378, 0.07321676001748255, 0.08134200104416373, 0.07140363056577079, 0.08001134945156713, 0.08137987317680313, 0.08119726842936305, 0.07546548739686297, 0.07355762063448835, 0.08181580943737404, 0.08317540051929302], [0.07024406489386283, 0.07468127547531504, 0.07245132254088416, 0.0731699192124466, 0.08121943881403274, 0.07136718920036866, 0.08003547444767799, 0.08149401046299125, 0.08121379613219509, 0.07546093848672984, 0.07348939939655563, 0.08183983760360672, 0.08333333333333333], [0.07020714937990376, 0.07473309177823198, 0.07246501323546173, 0.07320504967801258, 0.08115931081821431, 0.0713575678015016, 0.08018613530115924, 0.08115931081821431, 0.08139550271651073, 0.07554144574093964, 0.0735236920347239, 0.08202356534101929, 0.08304316535610688], [0.07034161844087751, 0.07472485193567235, 0.0724542790195859, 0.07316247440230522, 0.08134734593382525, 0.07141523304556387, 0.07997444892473189, 0.0818545633154942, 0.08110363675382515, 0.07545773184060182, 0.07345332013582173, 0.08171766179895576, 0.08299283445273953], [0.0704228181551323, 0.07464119656198626, 0.07259112701319899, 0.07326052489635347, 0.08153865962270775, 0.07152440034236895, 0.07978382876679732, 0.0818347235319338, 0.08091707463845525, 0.0753992081286339, 0.07361110690511403, 0.08151962962530017, 0.0829557018120178], [0.07036583717226537, 0.07462689188303555, 0.0726043253046746, 0.07328262523947791, 0.081568586856248, 0.07150423039152706, 0.07984061888897795, 0.08152167623530576, 0.08100233981234413, 0.07541981765456846, 0.07365322729320685, 0.08160463323731716, 0.08300519003105122], [0.0702768562647824, 0.07468797119149717, 0.0726026673566661, 0.07331679995623694, 0.08145062596989337, 0.0714620628573951, 0.08005842615376764, 0.0809945188194488, 0.08125974467704432, 0.07552884773805678, 0.07368772815022025, 0.08185062534038405, 0.08282312552460704], [0.07036493991371308, 0.07463175308054301, 0.07268675303378569, 0.07336708046208877, 0.08170279937816063, 0.07154703654539338, 0.07987432323706826, 0.08113457053768475, 0.08105067239586163, 0.07546708830252162, 0.07376908890869892, 0.08162981768183497, 0.08277407652264535], [0.07041239192129795, 0.07466811272944603, 0.07252808291370035, 0.07320676910939487, 0.0815966954718378, 0.07148674751750604, 0.07981109688484174, 0.08200877407869604, 0.08092676542842665, 0.07540059327180774, 0.07352720029525077, 0.08153010093430385, 0.08289666944349033], [0.0704752980905279, 0.07460797255063209, 0.07268702334620007, 0.07333647014315778, 0.08170701269104105, 0.0715990913248668, 0.07969697466314875, 0.08169990192937109, 0.08083161302127904, 0.07538634064889305, 0.07372350996864838, 0.08142196776177664, 0.08282682386045732], [0.07046927969892561, 0.07459160595590374, 0.07274045239511, 0.07338718089899139, 0.0818599790003007, 0.07162404695121466, 0.07969355545011061, 0.08144148934884743, 0.08083935908404467, 0.075398952257813, 0.07380085048476649, 0.08141836680431223, 0.08273488166965944], [0.07019246552302308, 0.07525200276228441, 0.07225488535954916, 0.07312590091317356, 0.07987198623006019, 0.07124726107249507, 0.08103884708435084, 0.08092753138218291, 0.08218084405618897, 0.07598001451191144, 0.07323276575171579, 0.08273513669923883, 0.08196035865382564], [0.07011962005998254, 0.0751464878134285, 0.07226161569081647, 0.07312319943215576, 0.08006803481458366, 0.07121520679055336, 0.08096958978666373, 0.08076361046934773, 0.0821916489218937, 0.07591349351378612, 0.07327242356287099, 0.08284397746446065, 0.08211109167945692], [0.07009179297465427, 0.07503958479451404, 0.07235204894301261, 0.07319509348379388, 0.08036426265929933, 0.07124824752429422, 0.08085541447538105, 0.08042372501304017, 0.0821367949403713, 0.07586615859577046, 0.07341072238390343, 0.08279427131815173, 0.08222188289381344], [0.07015113781684379, 0.07508884264666768, 0.0725176864644225, 0.07336382018327689, 0.08039649586741678, 0.07136402025053393, 0.0808963973775934, 0.07991592459910388, 0.082160946541582, 0.07597675607314146, 0.07361714892389477, 0.08262890774385483, 0.08192191551166818], [0.07029277339048838, 0.07552966368477754, 0.07267788600038828, 0.07361006881134269, 0.07958940829769451, 0.07152225451112622, 0.08148931197391546, 0.07909698559947266, 0.08255027502424746, 0.07646047270844147, 0.07377610727540501, 0.08238985498520393, 0.08101493773749635], [0.07029541498003378, 0.07583137821302367, 0.07253031034099873, 0.07353244473340358, 0.07895473903436183, 0.07145115678180484, 0.08207752076765319, 0.0790850577239467, 0.08300028850028723, 0.07669776717977146, 0.07356349919232874, 0.08233888932284962, 0.08064153322953682], [0.07030499337218822, 0.07588534464085189, 0.07238259755673108, 0.0733887579377878, 0.07881655961941526, 0.07137816137179534, 0.08215107734321941, 0.07954003460937863, 0.08300932830875876, 0.07665928620523199, 0.07335438388848826, 0.08241664696798631, 0.08071282817816694], [0.07029646369202082, 0.07572111687041448, 0.07230171694867432, 0.0732660259654073, 0.07907327662400819, 0.07132819602074765, 0.08177245919713265, 0.08016270987924892, 0.08270319189106881, 0.07644095763073432, 0.07324940845506794, 0.08259873917551572, 0.08108573764995898], [0.07019030105996626, 0.0753684828179724, 0.07224348516326501, 0.07314379625814696, 0.07963862815162455, 0.07124207356040171, 0.08124947046793372, 0.08070985777011079, 0.0823729214338948, 0.07609700585438677, 0.07321624864401476, 0.0828209967961448, 0.08170673202213745], [0.07010136676696103, 0.07521404312212668, 0.07224182120779811, 0.0731242953939884, 0.0799055483316188, 0.07119731111896359, 0.08111060787758637, 0.08062485448418537, 0.08233927440712484, 0.07598375807972846, 0.07325130643719344, 0.08297305001890912, 0.08193276275381617], [0.07005071271609065, 0.07514533118691019, 0.07229137130702741, 0.07316982262657175, 0.08006103296624878, 0.07119876479897916, 0.08108116184300494, 0.0803038026819133, 0.08238109376524091, 0.07596751078584521, 0.0733412869996302, 0.08305968712562802, 0.08194842119690951], [0.07006622968437981, 0.07513182265302648, 0.07235145814000227, 0.07322439745001022, 0.0801432297507458, 0.07123747252754355, 0.08105341513438356, 0.0801432297507458, 0.08235927317619779, 0.07597805465535941, 0.07341893139626297, 0.08296377960225514, 0.08192870607908717], [0.07007459917916921, 0.07524975233075092, 0.07237846639997385, 0.07328064706887842, 0.07990576818872805, 0.07125760373756229, 0.08125968107620293, 0.07985084240397884, 0.082574219498218, 0.07611431529899144, 0.07345136134363221, 0.08297797565249372, 0.08162476782142021], [0.07008561348447279, 0.07540285217605294, 0.0722366079571958, 0.07317034293456239, 0.07951319613610389, 0.07119038197910606, 0.08148532982731746, 0.08017317535370655, 0.08274567462633803, 0.0761894141609424, 0.07324736628272153, 0.08308530934112938, 0.08147473574035102], [0.07014370761552485, 0.07560403903364285, 0.07229336743097653, 0.07326555867544103, 0.07918913165350042, 0.0712509707264945, 0.081809864