[[0.08085108639935795, 0.07017704596568872, 0.07126653436835136, 0.07543293330368511, 0.07492280393504766, 0.07152519558112848, 0.08019823933156908, 0.08333333333333333, 0.0814499285538438, 0.07285267101819148, 0.07506739919599778, 0.08194529907649972, 0.08097752993730552], [0.0811424259721199, 0.07028879063511677, 0.07138608723986066, 0.07539208800568406, 0.07492295531912109, 0.07160863085548333, 0.08004160830629346, 0.08304576316589614, 0.08127746613798743, 0.07294658978216807, 0.07502737829202548, 0.08207793992704775, 0.08084227636119598], [0.08146630337551147, 0.07044616981593237, 0.07154813977371363, 0.07535860139940741, 0.07493671702895718, 0.07172919072466852, 0.0798557811635112, 0.08270892500325751, 0.0810605874213462, 0.07307360352979919, 0.07499652359248493, 0.08215172750057936, 0.0806677296708309], [0.08172740687268784, 0.07051441705739982, 0.07162008899497947, 0.07529745595258246, 0.07491628512738299, 0.07176397753346192, 0.07971180609117937, 0.08275193545310162, 0.08089908007105419, 0.07313337109574741, 0.07493113872573057, 0.08219266019373114, 0.0805403768309613], [0.08199681085867079, 0.07059462937774716, 0.0716925818247834, 0.07521462549789942, 0.07487810901812074, 0.07179524901259261, 0.07952227563010407, 0.083093948322065, 0.08068185767946603, 0.07318901525794401, 0.07484528235342879, 0.08213602537851282, 0.08035958978866521], [0.08220679596696763, 0.07060494700008828, 0.07172252464119351, 0.07514402198811111, 0.07484321856463617, 0.07177933776897166, 0.07941342955555943, 0.08333333333333331, 0.08056080888379885, 0.07323766635816906, 0.07476577021610456, 0.08212133792207078, 0.0802668078009955], [0.0825834964695773, 0.07065720556355237, 0.07182672471409007, 0.07509666391283001, 0.07485741866565726, 0.07179760013068279, 0.07932992565724103, 0.08294981311453431, 0.08045711341473964, 0.07337541254662275, 0.0746976772667624, 0.0821569730956881, 0.08021397544802181], [0.08294126551671518, 0.07075249487211156, 0.07196761267846001, 0.0750684469907641, 0.0748910507336898, 0.07185312112629078, 0.07923111646623514, 0.08257161208514203, 0.08032231417026875, 0.07354153386615947, 0.0746518608288013, 0.08207693195208916, 0.08013063871327263], [0.08333333333333333, 0.07074413563429967, 0.07202548663847635, 0.07503643599871061, 0.07491643958988976, 0.07183258602401335, 0.07920638163181264, 0.08219814730488248, 0.08027138348533099, 0.07365368804159593, 0.07459240758804012, 0.08205570563865015, 0.08013386909096464], [0.08333333333333331, 0.07088477943770345, 0.07224087883167257, 0.07507440132772975, 0.07503783350432934, 0.07193913332412856, 0.07916718662225555, 0.08167446656188523, 0.0801619301550806, 0.07392173143591275, 0.07459954331105922, 0.08186130601869171, 0.08010347613621771], [0.08333333333333331, 0.07101457692081808, 0.0724522772686599, 0.07513557519864277, 0.0751828351475111, 0.07204577601631379, 0.07915118582385071, 0.08112905992911738, 0.08005776641580975, 0.0741961838112373, 0.07462638952254648, 0.08159094902648631, 0.08008409158567299], [0.08333333333333333, 0.07121507766674179, 0.07269922292347561, 0.07519440649641836, 0.07531107229538936, 0.07220487299755554, 0.07906112918197616, 0.08072734683194015, 0.07988216696257577, 0.07446739890156791, 0.07466780416555514, 0.081271664070329, 0.07996450417314187], [0.08333333333333334, 0.07123892609976269, 0.0727978684087785, 0.07526978770769104, 0.07544376148315034, 0.07224259811825612, 0.0791190058322092, 0.08029269243772581, 0.07985522393005301, 0.07463835734465196, 0.07470906433515892, 0.0810493317717213, 0.08001004919750791], [0.0829714487237018, 0.07130254861748718, 0.07290722769210185, 0.07537201726749913, 0.07558385052735943, 0.07231822946226388, 0.07919022070205216, 0.07998440140854461, 0.07985200974369766, 0.07479314374472534, 0.07478858610878873, 0.08087591042470009, 0.08006040557707826], [0.08295519725044995, 0.07124175857374113, 0.07290699364152485, 0.07547002906036786, 0.075711942167812, 0.07230408509472266, 0.07932613817288571, 0.07961012798909753, 0.07989697890283828, 0.07486526147838654, 0.07485355002838047, 0.0806829671274813, 0.08017497051231154], [0.08333333333333334, 0.07106803030187607, 0.07277802397248812, 0.07551652471756617, 0.07576173188332037, 0.0721938660653858, 0.07947823745240755, 0.07933837637575435, 0.07998285687872367, 0.0748005051102319, 0.07487216085175122, 0.08055989758134975, 0.08031645547581172], [0.08284008543674222, 0.07101056519839326, 0.07275175406218642, 0.07568681559100011, 0.07593175757854707, 0.07220470675879545, 0.07971198899981886, 0.07905740075961613, 0.08009770125989367, 0.07482569911716033, 0.07501503904321084, 0.08036223164192491, 0.08050425455271074], [0.08228782075290629, 0.07084099935609812, 0.0725896269892899, 0.07585514299266635, 0.07605810282095833, 0.072134076216899, 0.08004896459384875, 0.07899390536339519, 0.0803153260963426, 0.0747023565852001, 0.07516094897359685, 0.08021768080124009, 0.08079504845755849], [0.08048990349072926, 0.07033942670784755, 0.07134943122949018, 0.07560207422553511, 0.07503192163138334, 0.07166500395087659, 0.08030519836928397, 0.08296500160834712, 0.08149184974033077, 0.07289924483149111, 0.07526253476617614, 0.08161518820421222, 0.0809832212442965], [0.08084171872805092, 0.0703729421077464, 0.07140583379303775, 0.07548971981219575, 0.07497007209525894, 0.07167573586380742, 0.08010327210959481, 0.08310634925660154, 0.08130312612134546, 0.07293917719041959, 0.07514620604833808, 0.08181236366200483, 0.08083348321159851], [0.08104231005551758, 0.07043822817485837, 0.07147929452373857, 0.07545210284813031, 0.0749622772974778, 0.07172276604250365, 0.07999226578544963, 0.08298113436471295, 0.08118650687192142, 0.07299670081618098, 0.07510809860087113, 0.0818967149414225, 0.08074159967721511], [0.0814832682718734, 0.07052178419853244, 0.07160651638306811, 0.07537174382340404, 0.07495158195703083, 0.07178693484291097, 0.07980849469100738, 0.08264519467542779, 0.08099625785502657, 0.07311185996824318, 0.07501668952573573, 0.08209318530689934, 0.08060648850084022], [0.08114119020940776, 0.07041365925039732, 0.07147520860551794, 0.07542199398198264, 0.07494845379890318, 0.07170336968808039, 0.07997225037075333, 0.08295398580309425, 0.08117679229891625, 0.0730009401301749, 0.0750712886200149, 0.08197797949620093, 0.08074288774655626], [0.08177440187247474, 0.07059440128223447, 0.07168293074754158, 0.07529032203038455, 0.07491724660894873, 0.07182016140523956, 0.07962656354847655, 0.08285132793440161, 0.08079281893486216, 0.07317249202285542, 0.07493102904977728, 0.08210461793925451, 0.08044168662354884], [0.08192866447831622, 0.07069552996458793, 0.07176924860346483, 0.07524909597202774, 0.07490541214489518, 0.07188001337598413, 0.0794799689227105, 0.0830417973697176, 0.08061883459901371, 0.07323456836481547, 0.07489227359699138, 0.08201301358016203, 0.08029157902731333], [0.08223681470720856, 0.07065104547009246, 0.07176582596240295, 0.07514762428029556, 0.0748538178644044, 0.07181343661330294, 0.0793825649050596, 0.0832680670639711, 0.08052035335846493, 0.07327389649751986, 0.07477099335502942, 0.08208382017261849, 0.08023173974962962], [0.08244529792774066, 0.07084308922943726, 0.07196620016459444, 0.07514490454875924, 0.07489934165579375, 0.07194830580876595, 0.07923831505408223, 0.08293217683264768, 0.08033338752468093, 0.0734596649985334, 0.07476679417198087, 0.08194081501586828, 0.08008170706711532], [0.08279247821290903, 0.07091430623151022, 0.07209283801941035, 0.07510571611493715, 0.07492638688587779, 0.07198233596643651, 0.07914956646338026, 0.08257115477241275, 0.08021582812107392, 0.07362112032135378, 0.07470577433670822, 0.08190538924232431, 0.08001710531166584], [0.08306086963246129, 0.07089709479221602, 0.07212901051151711, 0.07507527574299797, 0.07494037193114511, 0.07195670528294555, 0.07913438469572033, 0.08231771194749245, 0.08018628379707916, 0.07370152886230634, 0.0746533100265474, 0.08192042292509993, 0.08002702985247123], [0.08309974901632758, 0.07094668535215924, 0.07222644486050817, 0.07508117242972281, 0.07499395621931235, 0.07199018758032048, 0.07911918653896717, 0.0820291970060303, 0.08014166759250067, 0.07383496038836189, 0.07463944692709974, 0.08187145441230247, 0.08002589167638706], [0.08312724279420719, 0.07102747614811826, 0.07235244279903351, 0.07509963394681085, 0.07506241420788712, 0.07205023622268324, 0.0790913092101515, 0.08172309573968306, 0.08007319335166004, 0.07399264633500169, 0.074639532724839, 0.0817579945304081, 0.08000278198951663], [0.08309781362477872, 0.07109547419784451, 0.07244553161308054, 0.07511981697856683, 0.0751134433240628, 0.0721032161236621, 0.07907015692829633, 0.08153634596084472, 0.08002259561543286, 0.07410182333892472, 0.07464966375009488, 0.0816645387356907, 0.07997957980872028], [0.08298147245851559, 0.07121051543095604, 0.07259113854453082, 0.07515857702594242, 0.07519396872365557, 0.07219516099173975, 0.0790378683621945, 0.08128765009268557, 0.07994591223182332, 0.07426495620996039, 0.07467637660204836, 0.08151757951992715, 0.07993882380602062], [0.08309354991643012, 0.07122929289919135, 0.07265700188134763, 0.07517734526559917, 0.07525228965224282, 0.07221200248092524, 0.07904306141227492, 0.08102573380482726, 0.07991135732849337, 0.07437192111933828, 0.07467522002237138, 0.08140565599337456, 0.07994556822358398], [0.08300262227031441, 0.07150889263210934, 0.07299187125044139, 0.07526045284725383, 0.07542329508557614, 0.07243474705663754, 0.0789212394664665, 0.08051809299133098, 0.07968204291734295, 0.07473202668538116, 0.07473842000901632, 0.08100430379129213, 0.07978199299683754], [0.08304262417051994, 0.07149871419969511, 0.07304853648465465, 0.07531529319948925, 0.07552460108225945, 0.07244242898558896, 0.07897751061559567, 0.08017792695913874, 0.0796731127104088, 0.0748558976217745, 0.07476310022029349, 0.08084932787173645, 0.07983092587884484], [0.08319501530135645, 0.07116336388217677, 0.0726601370489248, 0.07521298486690625, 0.07532741998195128, 0.07217300351637142, 0.07913078282664256, 0.08070001136944276, 0.07995113471059413, 0.07444766514491521, 0.07467899194103125, 0.08131596144124717, 0.08004352796843989], [0.0829148582493277, 0.07155917072836059, 0.07315017092460015, 0.0753802522603922, 0.07562739291316461, 0.07250479412332042, 0.07899614555989397, 0.07991459049978362, 0.07963125058687259, 0.07499507414873474, 0.07480958281240331, 0.08068646797873315, 0.07983024921441287], [0.0826197614177899, 0.07159009054890866, 0.07324355170522609, 0.07550172063403247, 0.0757937078060337, 0.07256360779207964, 0.07909389897427582, 0.07953252883696615, 0.07963274887651571, 0.07515569774083328, 0.07489957694143388, 0.08047514330821268, 0.07989796541769228], [0.08285351198961878, 0.07146652291298793, 0.07315723291615919, 0.07553285432764016, 0.07583192352145003, 0.0724847528492224, 0.07919638420384752, 0.07935126410573018, 0.07969240077746574, 0.07512073908689011, 0.074909272367502, 0.08040777893978684, 0.07999536200169896], [0.08300935033985418, 0.07132323746283635, 0.07306357045023035, 0.07562276686261855, 0.07593136238076821, 0.07241008283705412, 0.07936911499742454, 0.07903443036305223, 0.07977572422923479, 0.07509782017964702, 0.07496733810489066, 0.08025285688646813, 0.0801423449059211], [0.0826998744314865, 0.07134255290332557, 0.07311988069991482, 0.07577527441387259, 0.07610686865377238, 0.07247163758712682, 0.07949046793231201, 0.07870984153287483, 0.07977602652389183, 0.07520190089040066, 0.075093858437911, 0.08000815669008172, 0.0802036593030293], [0.08247622227549603, 0.07111162013979194, 0.07288799105968533, 0.07584883752248481, 0.0761303112681193, 0.07232785027869433, 0.07976745435012886, 0.07877548352895178, 0.08000864575425123, 0.07499939191657064, 0.0751531775256979, 0.08003730905763176, 0.08047570532249591], [0.08049001056513824, 0.07051896279014364, 0.07147600824968336, 0.07564292539015528, 0.0750660328686642, 0.07180049059812772, 0.08019176552464166, 0.08285275270114469, 0.08132657712221354, 0.07297522401348967, 0.075324430303081, 0.0815071880170273, 0.08082763185648967], [0.08099998332119077, 0.07062248068189277, 0.0716110739562815, 0.07550776344744381, 0.07500948958022818, 0.0718651736282908, 0.07990815573545429, 0.08279824354315606, 0.08105616055785353, 0.07307960394747637, 0.07518382494759003, 0.08174420003285009, 0.08061384662029161], [0.08081720565908457, 0.07056496855723915, 0.07154434415638161, 0.07554569530677992, 0.07501851110472169, 0.0718241173912305, 0.08001071571281035, 0.08289204749144921, 0.08116085796714301, 0.073026988286509, 0.0752228936744674, 0.0816751083717596, 0.08069654632042393], [0.08119092952374747, 0.07056847449379232, 0.07159712928641356, 0.07544682780930823, 0.07497928979772352, 0.07182198401339962, 0.07987175595419302, 0.08278042068714679, 0.08104142134356872, 0.0730825758588531, 0.07510973878863303, 0.08189154842784237, 0.08061790401537822], [0.08127283245908555, 0.07074823416904626, 0.07174688149047097, 0.07546737989429542, 0.07501489827946953, 0.07196064430159844, 0.07974616357173805, 0.08255977324265543, 0.08087833808749365, 0.07318754005181578, 0.07514332461354561, 0.08180192560874226, 0.08047206423004317], [0.08158446700284752, 0.07075904642489425, 0.07179910971239306, 0.07537642746955592, 0.07497685067769813, 0.07196371915362915, 0.07959856346169626, 0.08268160156638621, 0.080728952750366, 0.07323839750965343, 0.07504111950420994, 0.08189066362034757, 0.08036108114632247], [0.08140840761679098, 0.07068521924429995, 0.07171888762930814, 0.07542308189991807, 0.07499159143599285, 0.07191213149433776, 0.07973950171063933, 0.08255215765302391, 0.08088950734163301, 0.07317902381848432, 0.07508712744744009, 0.08191762663952662, 0.08049573606860475], [0.08180422136242897, 0.07084171214427472, 0.07188132788962878, 0.07531028015077199, 0.07495400048830474, 0.07200626910013004, 0.07943636233499206, 0.08288375110212247, 0.0805457056678982, 0.07330412121664406, 0.07497135779182007, 0.08184990350100368, 0.08021098724998015], [0.08193081309957553, 0.07090182313979673, 0.07193845719776282, 0.07527761692963762, 0.07494872102145181, 0.07203824698106764, 0.07934690052693018, 0.08293673259203477, 0.0804422183660212, 0.07335984893080166, 0.07493558341692268, 0.08181506128976664, 0.08012797650823082], [0.08207612471221981, 0.07090717452342199, 0.07196262560766824, 0.07523547343343324, 0.07493322452677824, 0.0720272922105301, 0.07929141857906549, 0.08297971906838934, 0.0803830860302947, 0.07340110541234596, 0.07488490279475565, 0.08182968455686243, 0.0800881685442349], [0.08222303013935228, 0.0710231289469896, 0.07209222507766087, 0.07521683936317825, 0.0749538019158398, 0.07210274180966905, 0.07918462059757025, 0.0828279420810343, 0.08025054966000064, 0.07352722283233033, 0.07486190826570686, 0.08175134720583463, 0.07998464210483326], [0.08253525628776535, 0.0710547410709652, 0.07218044942321224, 0.07516080251547878, 0.07495934269426577, 0.07210316927962614, 0.07910484972331272, 0.08261494228930437, 0.08015440425180473, 0.07365369169843126, 0.07478344702298828, 0.08175999199920617, 0.07993491174363888], [0.08266786364646314, 0.07107412156295052, 0.07222721804176105, 0.07514261173190116, 0.07497010998363314, 0.07210909549266803, 0.0790745082310723, 0.08247879731233823, 0.08011340006983061, 0.07371946720241603, 0.07475435427340502, 0.08175184924406641, 0.07991660320749444], [0.08276267591953378, 0.07106203190791434, 0.07223592032314193, 0.0751280080847495, 0.07497200429589215, 0.07209438080184352, 0.07906953164966281, 0.08240485141428798, 0.08010522162425725, 0.07374564228012034, 0.07473122371343725, 0.08176629702813128, 0.07992221095702773], [0.08288092696089447, 0.07111755017128468, 0.07233499919668679, 0.07511976632311232, 0.07501128421910425, 0.07212788431004862, 0.0790296327010252, 0.08214620884600617, 0.08003955069230832, 0.07387448115081713, 0.07470559481088322, 0.0817166400842364, 0.07989548053359263], [0.08285654361135192, 0.07117696191827814, 0.07243856888519708, 0.07513045199931612, 0.07506749292022581, 0.07217005978925367, 0.07901305645572289, 0.08189197776252086, 0.07999413526502196, 0.07401013144796512, 0.07469829390901209, 0.0816628875115235, 0.07988943852461067], [0.08288853681056045, 0.07123601465507559, 0.07253202890922744, 0.07514129982856128, 0.0751160943426023, 0.07221304420948171, 0.07898873788716314, 0.08167129926152937, 0.07994063009966466, 0.07412746882525706, 0.0746953887750175, 0.08158107320347528, 0.07986838319238415], [0.08270831293461202, 0.07144847209143343, 0.07279011450747351, 0.07519946291760927, 0.07524411032112986, 0.07237911276914875, 0.07891298401093841, 0.0812638416479859, 0.07979448408733691, 0.07440644538333, 0.07473639359720292, 0.0813390112411708, 0.07977725449062832], [0.08269587900841444, 0.07160421757158567, 0.07298844676070673, 0.0752404800088941, 0.075343845667284, 0.07250042323179413, 0.07884482559464617, 0.08091875138348896, 0.0796645682965319, 0.07462786090427512, 0.07476156449003422, 0.08111638604005891, 0.07969275104228558], [0.08291698342578523, 0.07158694991854013, 0.0730527189860966, 0.07526583162738772, 0.07542866078414873, 0.07249267537613481, 0.07887225755242505, 0.08054093961160395, 0.07963198521585395, 0.07476889790530143, 0.07475243492377673, 0.08096712139716894, 0.07972254327577669], [0.08300699330944851, 0.07144123543941443, 0.072881727031293, 0.07522118622159517, 0.07534157885105108, 0.07237601385765749, 0.07893244250448007, 0.08078523100496589, 0.07974416160859903, 0.0745878287181283, 0.07471663746353242, 0.0811605702737356, 0.07980439371609906], [0.08282020851499289, 0.07143106056201899, 0.0728106760867821, 0.0752027144199593, 0.07527411423288022, 0.07236576177649386, 0.07892767234573764, 0.08109870923055867, 0.07978806505160986, 0.07446252301047476, 0.07472362032809932, 0.08129608911013178, 0.07979878533026061], [0.08290666204141295, 0.0712714131078084, 0.07260665471760505, 0.07515519515452791, 0.07516642562773951, 0.07224003530659583, 0.07898487057713759, 0.08145386859218541, 0.07990790465499385, 0.07423342241701733, 0.07469312620278207, 0.08151084605207938, 0.07986957554811457], [0.08293959483584586, 0.0714552231203224, 0.07288004153765762, 0.07521943213010471, 0.07532992496383836, 0.07238606932880712, 0.07892334688879284, 0.0808533805720842, 0.07974482155204145, 0.07457049788999047, 0.07472167490934731, 0.08118260625210202, 0.07979338601906573], [0.08314375065854283, 0.07124766130595786, 0.07269864596035026, 0.07519071376242958, 0.07528654685728034, 0.07222819471158715, 0.07904195599585259, 0.08088726895182656, 0.07988669054496811, 0.07443338388751737, 0.07467877471992672, 0.08133405870701703, 0.07994235393674368], [0.08285050116129739, 0.07160866922430564, 0.07311621335361639, 0.0753071604957854, 0.07550284009321408, 0.0725194864979138, 0.07889949131560142, 0.08032231763920937, 0.07961698443404855, 0.0748718231255164, 0.07477548095588638, 0.08086520151827321, 0.07974383018533199], [0.08289996158703816, 0.07163061073803291, 0.07318210249897758, 0.07534558924771009, 0.07557706485370487, 0.07254596422833781, 0.07891256725137377, 0.0800778123681503, 0.07958045119974302, 0.07497891356523077, 0.07479481754941926, 0.08072848980198463, 0.07974565511029691], [0.08277821228977325, 0.071668011901307, 0.073268547376931, 0.07541618429301564, 0.0756871216957769, 0.07259359686867746, 0.0789513067359168, 0.07979290479201066, 0.07955420366056161, 0.07511352617776886, 0.07484292894691087, 0.08056768291265683, 0.07976577234869318], [0.08259607269181586, 0.0717125476901993, 0.07334655715314545, 0.07548329366868001, 0.07578295344667274, 0.07264581380780621, 0.07898399210649856, 0.0795797788791723, 0.07953312485358204, 0.07522467645899318, 0.07489410108281268, 0.08043803623012288, 0.07977905193049893], [0.08270625306154124, 0.07161433177857343, 0.07330662364308099, 0.07555743015283245, 0.07588204537614808, 0.07259840844974087, 0.0791064892989203, 0.0792753274176281, 0.07957952540096784, 0.07525779834591453, 0.07493671610485529, 0.08029585207816244, 0.07988319889163455], [0.08279270899897671, 0.07154497523520603, 0.07329369543027749, 0.07566282397956497, 0.07601510760170424, 0.07258197900504926, 0.07922849232563799, 0.07890950687068472, 0.07959767448344003, 0.07531614265611511, 0.07500929686709716, 0.08008153776525327, 0.0799660587809928], [0.08269271124699763, 0.07149806373679009, 0.07327494272899283, 0.0757569825841969, 0.07611788923894457, 0.07257796607769372, 0.07934303894990033, 0.07868244973875253, 0.07963663986645272, 0.07533851002093808, 0.07508317037417207, 0.07994970795911109, 0.08004792747705723], [0.08244095201714521, 0.07139434123208205, 0.07319515472047414, 0.07588510803400739, 0.07623865650407957, 0.07254360008001556, 0.07953694374457669, 0.07853659629791652, 0.07973138494958092, 0.07530449796351338, 0.07518723065363853, 0.07980867702921977, 0.08019685677375026], [0.08220618166785261, 0.07110453210913602, 0.07289285383139063, 0.07595880167160897, 0.0762406611023802, 0.07235689635081113, 0.0798744362394675, 0.07865527341868365, 0.08002558391523078, 0.0750258400162805, 0.07524873643932924, 0.07987883193241771, 0.08053137130541088], [0.08276229310653412, 0.07139398272458307, 0.07269932910836945, 0.07517660554079172, 0.07518494823678228, 0.07233553061496785, 0.07891976142987678, 0.08147398212627643, 0.07983278709404812, 0.07428807373809504, 0.07472829319620976, 0.0814212714439839, 0.07978314163948137], [0.08267592189596339, 0.07134669144420644, 0.07259627288454952, 0.07516841145287373, 0.07512411833562917, 0.07230301627410425, 0.07893804793246252, 0.0817698636544369, 0.07988831555821764, 0.07414171883814827, 0.07474261652711191, 0.08151230333345193, 0.07979270186884437], [0.08271604520051513, 0.07127545193505097, 0.0724744614579434, 0.07515640205318838, 0.07505961342112832, 0.07225252130206912, 0.07896010655538849, 0.08204649364915181, 0.0799432627874308, 0.07398372015685266, 0.07475097879928484, 0.08157703610515428, 0.07980390657684185], [0.08266097414146856, 0.07126506880160831, 0.0724365881444068, 0.07516368542341337, 0.07504185493006073, 0.07224951730162903, 0.07896988688564571, 0.08216574012934416, 0.07996371077446122, 0.07392448081047089, 0.07476938833707696, 0.08158534935618335, 0.07980375496423109], [0.0825288752317271, 0.07123210800259062, 0.07236026745093359, 0.07518223875047692, 0.07501623261250828, 0.07223532814071844, 0.07900593216513194, 0.0823673040317332, 0.08001802390047175, 0.07381731693845915, 0.07480521633019238, 0.08160757112908351, 0.07982358531597313], [0.08225735357261794, 0.07118295292105234, 0.07225007566568253, 0.07523011907898115, 0.07499727228933446, 0.07222035447446955, 0.07908563813595618, 0.08261471959495614, 0.08011929220384682, 0.07366653209039982, 0.07487718128193761, 0.08162325196082505, 0.07987525672994038], [0.08211382837011526, 0.07116049773403975, 0.07220052295060723, 0.07526131748565949, 0.0749967052140849, 0.07221638541320956, 0.0791342475416341, 0.08268941936507349, 0.08017571620246475, 0.07360009488143499, 0.07491898698756436, 0.08162327812358314, 0.07990899973052899], [0.08305036987694671, 0.07111663724797176, 0.07264090500751139, 0.07525020938034617, 0.07537351001072666, 0.0721498813679171, 0.07921743260529225, 0.08057379400208496, 0.08001812382925234, 0.07446241809220891, 0.0747017053430343, 0.08130799739747899, 0.0801370158392286], [0.0831094760391759, 0.07136992135292308, 0.07295334658631551, 0.0753337849871842, 0.07554498877598438, 0.07235525960410198, 0.0790905510940891, 0.0800737485552606, 0.07977066384038488, 0.07480802888262632, 0.07476322343182468, 0.08087096968829552, 0.07995603716183391], [0.08271205121478421, 0.07150272615036031, 0.07313717437307689, 0.0754569551575771, 0.07572150425387737, 0.07248728892578153, 0.07912142732250206, 0.07969572212626613, 0.07970389854674594, 0.07503688249456922, 0.07486247130290385, 0.08061350617501323, 0.07994839195654226], [0.08200037405614247, 0.07109142705030491, 0.07211568613283592, 0.07528296411507417, 0.07498705563979269, 0.0721754066117053, 0.07920839680577876, 0.08277536187173518, 0.08026511891707981, 0.0735121370794944, 0.07494632163925848, 0.08166368510269736, 0.07997606497810049], [0.08186094831411446, 0.07104456388870593, 0.07205366083404335, 0.07531882823663193, 0.07499101738022862, 0.07215478001956226, 0.07928548362792008, 0.08278668246465158, 0.08035280703849323, 0.0734392513619215, 0.0749892063190909, 0.08168160134919657, 0.08004116916543946], [0.08167803098487846, 0.0709886464852382, 0.07199518860468283, 0.07537162420084417, 0.07500442277327309, 0.07213306355049989, 0.07939246682159808, 0.08271303326616332, 0.08047111868269065, 0.07337658620896588, 0.07504980427553072, 0.08169438452565582, 0.08013162961997902], [0.08146687715553305, 0.07098352808629566, 0.07196150297137019, 0.07544232275697914, 0.0750347214671735, 0.07213743405935269, 0.07950050258781718, 0.08253936520671036, 0.08058200408676514, 0.07334138744818564, 0.07513021017670087, 0.08166533512972067, 0.08021480886739592], [0.08127884731223058, 0.07096401998919184, 0.07191836164144363, 0.0755073337761584, 0.07506366131453088, 0.0721277171949806, 0.07961727044558702, 0.08235952483429643, 0.08070297078571256, 0.07330440627679022, 0.07520110840524437, 0.08164414621049966, 0.0803106318133338], [0.08119377712670561, 0.07091716728456308, 0.0718678713872245, 0.07552150218351703, 0.07506111089499524, 0.07209198314500978, 0.07967630959871622, 0.08241513339000675, 0.08076887639954826, 0.0732643500889814, 0.07521535907515971, 0.0816425647649804, 0.08036399466059194], [0.08105112081673768, 0.070845783971175, 0.07179011407509503, 0.07554364880864181, 0.07505693903756308, 0.07203742440696692, 0.07976529411949744, 0.08254054603654488, 0.08086588585228277, 0.07320210315284993, 0.07523793508572327, 0.08162173751963962, 0.08044146711728262], [0.08089332069078889, 0.07078475233271206, 0.0717206496664494, 0.07557412751204695, 0.07505999770579447, 0.071992255456069, 0.0798576088319077, 0.08264317186595264, 0.08096165742520733, 0.07314661040006859, 0.07526953458679712, 0.0815788830616909, 0.08051743046451497], [0.08063289645587766, 0.07078353549194424, 0.07168683186141345, 0.07565357378909827, 0.07509694171636273, 0.07199760403397053, 0.07996495197627049, 0.0826496976878129, 0.0810476806643992, 0.07311334869169671, 0.07535833623150609, 0.08143594766971415, 0.0805786537299336], [0.08038962766748217, 0.07075878168423787, 0.07164189165179191, 0.07573211359425357, 0.07513647666789733, 0.07198785772480414, 0.08009380602394507, 0.08260895103281732, 0.08115574594906737, 0.07307850490347471, 0.07544162833504604, 0.08131042269200943, 0.08066419207317316], [0.08063188091153263, 0.07065701195304924, 0.07159156504882053, 0.07562574350066081, 0.07506869765269364, 0.07190033580878755, 0.08003978961318339, 0.08277765881177347, 0.08115254576516749, 0.07305121131118412, 0.07531811759076114, 0.08151025633831797, 0.08067518569406816], [0.08298892592669843, 0.0714880731881384, 0.07300777814548544, 0.07529018252569368, 0.07547547339589226, 0.07242783026893895, 0.07896690545480631, 0.0803480320249591, 0.07969675056613744, 0.0747865768444174, 0.07475124603347326, 0.0809446345464502, 0.07982759107890919], [0.08311704143646893, 0.07132190756784082, 0.07283142583667973, 0.07524952259932963, 0.07540014073868644, 0.07229698747056171, 0.0790484537024682, 0.0805206445036124, 0.07982270971284976, 0.07461599083493799, 0.0747124577582018, 0.08112705123317622, 0.07993566660518636], [0.08279070292456978, 0.07121673900363708, 0.0728489509758742, 0.07543216531406936, 0.07564433269580435, 0.07227461855296072, 0.07932971259467608, 0.07983944554793153, 0.07995867490922311, 0.07477603708953788, 0.07483112609440792, 0.08085567068832686, 0.08020182360898102], [0.08311669425038581, 0.07117544867134404, 0.0727536641542718, 0.07531163213805557, 0.07548430568693042, 0.07220930821659433, 0.07922673610653656, 0.08021426214443833, 0.07994902058369532, 0.07462343543626215, 0.07473889258055579, 0.08107134945658523, 0.08012525057434486], [0.0831195631092141, 0.07099882744801891, 0.07240118591654333, 0.07513058944860644, 0.0751460393156201, 0.07203464929873861, 0.07916500811809941, 0.08134388506123548, 0.08010487412830399, 0.07411546355871929, 0.07463613317442924, 0.08170542459338655, 0.0800983568290844], [0.08308188917259372, 0.07107032942445786, 0.07255716288704558, 0.07520543999363558, 0.07529435038974407, 0.07210450145040291, 0.07920352551747892, 0.08082100176462571, 0.08005421517676721, 0.07434579710660925, 0.07467368771044332, 0.08145521043349288, 0.08013288897270306], [0.08308943917470964, 0.0711199087246244, 0.07279548324005264, 0.07547333645623311, 0.0757015109010446, 0.07221768578452838, 0.07942063122573606, 0.07957563091955762, 0.07998789116328486, 0.0747767158914582, 0.07484826738491093, 0.0807135632351454, 0.08027993589871403], [0.08307812904410805, 0.07098375906476409, 0.07270111339898665, 0.0755859241155463, 0.07581427657105995, 0.07215438497874561, 0.07963679999983118, 0.07924201241839213, 0.08010850526348273, 0.07474619283564134, 0.07493075778875011, 0.08054720036275256, 0.08047094415793941], [0.08206248729628007, 0.07131870867015003, 0.07313523111342987, 0.07604791996367347, 0.07638971708133076, 0.07254005891737723, 0.0797411637098086, 0.07839965471086997, 0.07980822849066159, 0.07528170000821038, 0.07532676357702663, 0.0796174273504277, 0.08033093911075359], [0.08224698130094547, 0.07146152313487822, 0.07327938406955224, 0.07596998274358044, 0.07634510415374302, 0.07261901866841032, 0.07954552504022111, 0.07839160933720864, 0.07966977524379616, 0.07540603704656242, 0.07526073109373833, 0.0796442534843336, 0.08016007468303003], [0.08134295897498321, 0.06989570475065515, 0.07123894366356212, 0.07528386538313869, 0.07499630386525069, 0.07129581867962816, 0.08036335195992415, 0.08181367942869318, 0.08165547107922658, 0.07303631421438338, 0.07478642191732011, 0.08283008747513225, 0.08146107860810237], [0.0816043384299562, 0.06994963885611931, 0.07125002688436431, 0.075214828213777, 0.07491313965985043, 0.07131722226442518, 0.08017945063227502, 0.08203734947477241, 0.08147630619171704, 0.07299725420120098, 0.07474164660979371, 0.0830886190149603, 0.08123017956678816], [0.0818701407079289, 0.07001994669928939, 0.07133212695285521, 0.07515425684687028, 0.07488810265253468, 0.07134870622250228, 0.0800190343636985, 0.0819346493629765, 0.08127938223232331, 0.07307694408710581, 0.07467957804327154, 0.08333333333333333, 0.08106379849531026], [0.08212223901975939, 0.07012699257635294, 0.07143217185018795, 0.07512195211597185, 0.07487797985268681, 0.07141607472786982, 0.07987139612721143, 0.08211292741737428, 0.08110133781164162, 0.07315687540311185, 0.07465374292274879, 0.08311015587794192, 0.08089615429714135], [0.08229562745908699, 0.07024603625851243, 0.0715933746217885, 0.07511763620547078, 0.07493514699387813, 0.07149668947580441, 0.0797776279962109, 0.08194423604009747, 0.08094923461676194, 0.07334162976252478, 0.07463275535862054, 0.08286013851300043, 0.0808098666982426], [0.08226975063087577, 0.07033943936807066, 0.07173024714076, 0.07515395938454887, 0.07502190588077995, 0.07157129963885672, 0.0797669749603901, 0.08166397888599985, 0.0808832989033501, 0.07350993209400597, 0.07464983988560951, 0.08263273709894313, 0.08080663612780936], [0.08199358332010255, 0.07033421009667125, 0.07178213802253881, 0.07525341988802643, 0.07515400056544665, 0.07159386418105818, 0.07993605873034448, 0.08120577912241189, 0.08099649651036676, 0.07362194346336176, 0.07471875167293636, 0.08240965766926366, 0.08100009675747119], [0.08146047960334915, 0.0701352776125333, 0.07160527454505185, 0.0753808805393124, 0.07524081690813055, 0.07148826168675684, 0.0803185501788551, 0.08098622676301728, 0.08138055075595764, 0.0734963346193304, 0.07482452441191045, 0.08225001718483878, 0.08143280519095632], [0.08106255416509713, 0.06994432235695769, 0.07136932449277672, 0.07540532552575938, 0.07518118635106441, 0.07136114195274147, 0.08054068500515704, 0.08127931799183519, 0.0817163495865839, 0.07324174386064554, 0.07486407312426752, 0.0823446914393233, 0.08168928414779081], [0.08104025234553687, 0.0698752736539914, 0.07126038267200671, 0.07537595657831055, 0.0751060452483486, 0.07130548630204901, 0.08055121929459787, 0.08153451409117965, 0.08180751503968922, 0.07310596059551415, 0.07485363670137728, 0.08249225113253447, 0.08169150634486433], [0.08141929044625101, 0.06997568866530982, 0.07135690853348767, 0.07528713320487336, 0.07504938229907038, 0.07135134358670175, 0.08030902629594967, 0.08156880587040473, 0.08154042111324111, 0.07317796281523342, 0.07477338424537351, 0.08277136247785248, 0.08141929044625101], [0.08152637903638327, 0.06994460802260888, 0.07128644862843546, 0.075241571765797, 0.07497025817875393, 0.0713184081806443, 0.08024702340277894, 0.0818093928337434, 0.08152128322309173, 0.07307240174193484, 0.07474777669552311, 0.08298231555155913, 0.08133213273874608], [0.08186751312981541, 0.07011587243322429, 0.07148770061517015, 0.075196732835765, 0.07499495408831545, 0.07142544747163534, 0.08003023629999137, 0.08162962151048374, 0.0812264365661443, 0.07327829052917198, 0.0746946243346884, 0.08294980430460862, 0.08110276588098586], [0.08168523047436355, 0.070174536896699, 0.07159647665993987, 0.07528045168014794, 0.07512109901279647, 0.07148903143981784, 0.08012633560896314, 0.08125292234290396, 0.08125764117732209, 0.07343247714242192, 0.07475254674795749, 0.0826130969200746, 0.08121815389659222], [0.08166670526920793, 0.07011915283488993, 0.07151779801711827, 0.07525816126224595, 0.07507040219064612, 0.07144420938383818, 0.0801369038146428, 0.08140490034590743, 0.081309541643723, 0.07333704800689898, 0.07474084896067833, 0.0827659381280625, 0.0812283901421406], [0.08140997368961479, 0.07008477994032286, 0.07151468446518414, 0.07533362238525529, 0.07515438703020123, 0.07144014182060784, 0.08029429277204704, 0.08124320700604375, 0.08143516127567134, 0.07337145479219007, 0.07479722764197522, 0.08251111319116416, 0.08140995398972227], [0.08187975746290804, 0.07007076049814111, 0.07141925069462333, 0.07517702427255755, 0.07494891030577315, 0.07138901141322561, 0.08002911724801089, 0.08175596238505171, 0.08125489642323014, 0.07319238358108945, 0.0746856177561958, 0.08310383331314738, 0.08109347464604588], [0.08209183089032683, 0.07025378461882797, 0.0716401898742669, 0.07517141257508293, 0.07501504410532728, 0.07151554540313443, 0.07987016392324024, 0.08164996762670854, 0.08101424111710162, 0.07342677085908152, 0.07466669332631348, 0.08276019339727463, 0.08092416228331377], [0.08195248391805131, 0.07027694659125654, 0.0717026855148692, 0.07523317640377668, 0.07510576992198813, 0.07154807282849282, 0.0799554373629563, 0.08134614127987042, 0.08105624195327714, 0.07352707852989149, 0.07470823147863204, 0.08256361718695342, 0.08102411702998438], [0.08159617598471935, 0.07023682049056103, 0.07171134700604355, 0.0753607130114683, 0.07524855007485062, 0.0715547252171015, 0.08019431491388727, 0.08092580265952908, 0.08123176253917033, 0.07359446305193577, 0.07480590583464083, 0.08225138793471691, 0.08128803128137554], [0.08187807362866119, 0.07034598520525491, 0.07182247565637923, 0.0753122030751817, 0.07523138415279854, 0.07161838277957913, 0.08001610173730875, 0.08096394087988965, 0.08103299112111996, 0.07369173312778594, 0.07476184743500566, 0.08224008152110686, 0.08108479967992847], [0.08213063947514974, 0.0701791676845147, 0.0715325321099726, 0.07514033296196554, 0.07494524281115846, 0.07145525031171894, 0.07987465857873416, 0.08185358268251626, 0.08106267738685595, 0.0732952281566006, 0.07465046200980158, 0.08295836248844463, 0.08092186334256678], [0.0822062601723647, 0.07036103180680904, 0.07177692560339896, 0.07518598314653331, 0.07507478913869849, 0.07159475164754339, 0.07980276882713983, 0.0814815887544293, 0.08089164410989792, 0.0735793503591955, 0.07466961785599055, 0.08252600072167307, 0.08084928785632585], [0.082180908741459, 0.07041813743483046, 0.07186977786210076, 0.07523029876306775, 0.075154820988427, 0.07164685631592363, 0.07982271563527826, 0.08122517656245525, 0.0808591905757978, 0.07370181006964963, 0.07469708939735623, 0.08232376463332547, 0.08086945302032872], [0.08026474078973274, 0.06963942442985759, 0.07100809202297181, 0.07555669936837421, 0.07513453618717784, 0.07119556958652248, 0.08104596457382665, 0.0816993833471449, 0.08248387636645722, 0.07287101208471157, 0.07505825635810082, 0.0818892312607468, 0.08215321362437535], [0.0803878881153423, 0.06967113027587514, 0.07106717062237676, 0.07553745289305112, 0.07517074097874984, 0.07120900242613407, 0.08100565349281812, 0.08149631344057856, 0.0823611721730575, 0.07295885251139657, 0.07501625118420156, 0.08194488492068053, 0.08217348696573788], [0.08079475288183635, 0.06974841861842997, 0.07118844821822216, 0.07553174932293867, 0.07525527628025547, 0.07125785294858374, 0.08092597557300295, 0.08110287416264289, 0.08209436831547738, 0.07312611684515982, 0.07497413656972193, 0.0818726775331554, 0.08212735273057335], [0.08104024138319849, 0.0698205683707193, 0.07133007513693676, 0.0756332746231736, 0.07542776815032277, 0.07133612453740183, 0.08098645095778409, 0.08057887691553915, 0.08189096938783612, 0.07331674830399486, 0.07503444152616262, 0.08145125013807995, 0.08215321056885057], [0.08048328589778109, 0.06976674088229869, 0.07132474362905429, 0.07600810622850396, 0.0757588420773213, 0.07140794975153465, 0.08157641051976404, 0.07990022891452918, 0.08192775567477942, 0.07341465610559542, 0.0753705505633469, 0.08052642091861857, 0.08253430883687254], [0.07974638675529994, 0.06957078853738603, 0.07109786581424406, 0.07617109234440846, 0.07575313323175559, 0.07131917693183014, 0.08215103953764026, 0.07994382297083176, 0.08230405193061235, 0.07316501830742543, 0.07556856949748289, 0.08022043287732109, 0.08298862126376198], [0.07941446025109639, 0.06949634531613473, 0.07092816832713268, 0.0761022489950079, 0.07556546335964533, 0.07123408195601102, 0.08217275914226913, 0.08041165575648998, 0.08280275770705106, 0.07291617394363178, 0.07555979361637405, 0.0804009255556047, 0.08299516607355119], [0.07949118606313528, 0.06948266329964878, 0.0708489978999457, 0.07587756736308067, 0.07532893704346963, 0.07115331283850702, 0.08175200937257421, 0.0810250337313431, 0.08333333333333333, 0.07277085649807806, 0.07537301663969184, 0.08088870986215617, 0.08267437605503619], [0.07996572022697505, 0.06958540037682764, 0.07096495769809204, 0.07564992511033715, 0.07519321084893615, 0.07118484037543754, 0.08125227978661059, 0.08153229933060491, 0.08272742955023239, 0.07284613646657596, 0.07514908138699848, 0.08160225311466476, 0.08234646572770737], [0.08027620617976902, 0.06961330552751471, 0.07101989577529633, 0.07558767383607784, 0.07519903984627645, 0.07118252118099494, 0.08114304657132362, 0.08139896911574172, 0.0825127333475305, 0.07292814689423568, 0.0750630494281067, 0.08175462431251973, 0.08232078798461283], [0.08054979495631293, 0.0696424048148374, 0.0710912922158961, 0.07560155420941668, 0.07527820704226304, 0.07120337702713989, 0.08114248302702445, 0.08105517653781788, 0.08233441663521358, 0.07304677695334795, 0.0750442503877685, 0.08164092781502966, 0.08236933837793205], [0.08069089338287569, 0.06968065990618096, 0.07114844827023638, 0.07561771889348705, 0.07532943794542947, 0.07123387708995874, 0.0811252557483103, 0.08088097951165166, 0.08221292734225515, 0.07312432706017231, 0.07504493850344121, 0.08156158204783648, 0.08234895429816466], [0.08055746938473157, 0.0696311714881026, 0.07112529630817814, 0.07572033893139497, 0.07541977476264673, 0.07122804673174851, 0.08133226554918113, 0.08063287849014639, 0.08228244925180404, 0.07313738676520623, 0.07513247504739758, 0.08123724107957625, 0.08256320620988576], [0.08001615641183706, 0.06948535198848788, 0.07092748414702209, 0.07573521602371922, 0.07530336638426186, 0.07113375399392646, 0.08151492477489261, 0.08101298102431545, 0.08282500104034841, 0.07288710101982142, 0.0751943833287717, 0.08123405304211131, 0.08273022682048456], [0.0797775641023012, 0.06942727734182447, 0.07089557769266376, 0.07589062907144688, 0.07542480373315447, 0.07113751070528694, 0.081