[[0.07590774123083792, 0.08090882015022458, 0.07442079780381344, 0.07480525090507108, 0.07353826124590307, 0.07032116564190395, 0.08142506987757808, 0.08104407803057766, 0.07151334230148662, 0.08293753662500167, 0.07042181359003347, 0.08195219803456211, 0.08080392456300624], [0.07580922242977617, 0.0812326052893458, 0.07432334492942294, 0.07474122254749208, 0.07356726359672712, 0.07031690469166707, 0.08136291577122659, 0.08086567820087699, 0.07149965655761706, 0.08317196473094274, 0.070425097290235, 0.08207334868114992, 0.08061077528352066], [0.07571452952405439, 0.0816226602057406, 0.07423812705582174, 0.07469828168528787, 0.07362968642330209, 0.07035748081822635, 0.08124826593920852, 0.08064458763289718, 0.07152369622613619, 0.08333333333333334, 0.07047379220535191, 0.08213698243683525, 0.08037857651380469], [0.07566976032332405, 0.08193923983759697, 0.0741915980438299, 0.07469801683125478, 0.07372048421076534, 0.07041230408329986, 0.08118230091838573, 0.08049787577681383, 0.07157014907138502, 0.08317951303394211, 0.07053781232055105, 0.08217904011810569, 0.08022190543074562], [0.07562129203228542, 0.08231297600428027, 0.07415031719182745, 0.07470301040047762, 0.07383136992916646, 0.07049997475099952, 0.08105723224157663, 0.08030565815965227, 0.07164273739598641, 0.08309165512296558, 0.0706348110522411, 0.08212538408589935, 0.08002358163264203], [0.07559888998227729, 0.08255813807324075, 0.07411433935779213, 0.07471581784031307, 0.07391895872070374, 0.0705333166702705, 0.08101485916594559, 0.08020878760221116, 0.07167741167775148, 0.08294702087932045, 0.0706782570481605, 0.08211542716548388, 0.07991877581652948], [0.07552650113147352, 0.08279640778413838, 0.07397925927640228, 0.07468391753519245, 0.07399027680778815, 0.07043398252005224, 0.08100953493024074, 0.08010217973497562, 0.07160940628404763, 0.08333333333333334, 0.07060066749283758, 0.08214175750469216, 0.07979277566482597], [0.07553860100569226, 0.08305278396705296, 0.07395317169197353, 0.07474924205418114, 0.07417046922291667, 0.0704940940767865, 0.08097118759021106, 0.07999610200766985, 0.07168396136123423, 0.08294800205492354, 0.07068003592954261, 0.08208619552866855, 0.07967615350914714], [0.0755695923074677, 0.08309159081679188, 0.07391327642724109, 0.0748152009005479, 0.07432288451759583, 0.07046736543844359, 0.08102860281693298, 0.07997945740948656, 0.071695870151326, 0.08256863182260475, 0.07067546248487153, 0.08222736011151964, 0.07964470479517062], [0.07564767060983243, 0.08308874916086713, 0.07391174221740768, 0.07495279952346959, 0.07459204442325425, 0.07052152736562341, 0.0810184052754012, 0.0799091846724845, 0.07179172213531228, 0.08202882371820927, 0.07075869319638167, 0.08221482194389926, 0.07956381575785747], [0.07576335325493302, 0.08308383166457407, 0.07393813090005151, 0.07512447101284773, 0.07488468828618142, 0.07058134952672226, 0.08099285167653099, 0.07985495552686984, 0.07190149867176095, 0.08146446732354808, 0.07084845752049275, 0.08205795953938232, 0.0795039850961049], [0.07587010807724835, 0.08298875301585765, 0.0740129950539622, 0.07529487862361937, 0.07517682411781573, 0.07075720840295836, 0.08083723694846609, 0.07972422021203548, 0.0720915207727705, 0.0810590298894712, 0.07104442824665738, 0.08176249444184032, 0.07938030219729741], [0.07600532757078302, 0.08297655200215334, 0.07405318512616403, 0.07545329567464354, 0.07538499886276805, 0.07074849649148557, 0.08084817750606121, 0.07974786874048519, 0.07214183045875616, 0.08060688745618429, 0.07105876456098242, 0.08157091380586946, 0.07940370174366371], [0.0760874618367535, 0.08333333333333334, 0.07405582989120091, 0.07554546511541578, 0.0754993845980931, 0.07068893622008621, 0.08083204757021512, 0.07975489407920296, 0.07213288226419713, 0.0802575327240392, 0.07101623228865453, 0.08138375052263788, 0.07941224955617042], [0.07627296089009039, 0.08284943150038863, 0.0741502586493124, 0.07572252760278657, 0.07564869359185834, 0.07067487654916052, 0.08094264470009502, 0.0798685788129112, 0.07217650491172443, 0.07987284432277993, 0.07101601039259417, 0.08127292754372697, 0.07953174053257143], [0.07640586543919242, 0.08252391334094557, 0.07420532858178013, 0.07582162802596003, 0.07567095648614278, 0.07058716319336596, 0.08114380865818538, 0.0800177545721522, 0.07213895394672226, 0.0796019611749212, 0.07093415257259333, 0.08126361973887279, 0.0796848942691661], [0.07653223544634934, 0.08295921909204591, 0.07421468472031038, 0.07589762292490598, 0.07563547957970437, 0.07038318836002593, 0.08133787616650422, 0.08015335915221576, 0.07201070711497208, 0.07917237519392717, 0.0707396064160693, 0.08113276900038617, 0.07983087683258329], [0.07669325508250784, 0.08294044118383158, 0.07427866064507141, 0.0759656300184363, 0.07550058259960828, 0.07018132430690566, 0.08163548796261652, 0.08042167895883204, 0.07187196522550249, 0.07881484304673102, 0.0705341750125768, 0.08104774027820294, 0.08011421567917715], [0.07599939274537412, 0.08056264824102424, 0.0745770693539063, 0.07489561283848697, 0.07348183771563752, 0.0704313385886012, 0.08126068994974883, 0.08108038452892982, 0.07159652129207797, 0.08310036194373514, 0.07051113387401188, 0.08161648343260147, 0.08088652549586449], [0.07589945872535456, 0.0809731962653192, 0.0744759071785326, 0.07482305528987034, 0.07355016893493131, 0.07045521756076997, 0.08124386456324591, 0.08089794197121124, 0.07160811406220616, 0.08303767704346357, 0.07054527037017284, 0.08181284243110422, 0.08067728560381802], [0.07582733471219695, 0.08120362802055789, 0.07440252280024667, 0.07476544282750226, 0.07356984685651592, 0.07044769647622452, 0.08120355113247166, 0.08077581301834524, 0.07159475515272971, 0.08323341589220691, 0.0705435318094667, 0.0818892931104367, 0.08054316819109891], [0.07571803302793648, 0.0816853862049579, 0.07426572861317647, 0.07471339164317944, 0.07365995255388354, 0.07043188623061342, 0.08117953873714273, 0.08058354196840697, 0.07158133609188508, 0.08323519309986004, 0.07054544832792796, 0.08207757116636344, 0.08032299233466679], [0.0757933184178736, 0.08129012074767797, 0.07434771482169782, 0.07473519730738964, 0.07356940185984857, 0.07039538606561799, 0.08123663423567287, 0.08076207514182354, 0.07155270341854272, 0.08333333333333333, 0.07049714573170011, 0.08196815707157087, 0.08051881184725088], [0.07564196957894738, 0.08206052377868837, 0.07418743997791423, 0.07468819445189148, 0.07374029768339488, 0.07046860433824031, 0.08107738889871503, 0.08039218169586941, 0.0716088280842746, 0.08333333333333333, 0.07059279715654737, 0.08208787787721591, 0.0801205631449677], [0.07562994011777442, 0.08232811639096045, 0.07419776173881489, 0.07471902456475232, 0.07384890786767852, 0.07059743312909682, 0.08095793357901393, 0.08024089194023896, 0.07171534528484484, 0.08306985792458306, 0.07072559954033975, 0.0819998467159841, 0.0799693412059181], [0.07558912211755785, 0.08262434916670623, 0.07410998057735868, 0.07471545632126213, 0.0739359409954589, 0.07055498306538077, 0.08097643828538977, 0.0801669118111571, 0.07169406236490104, 0.0829787141784509, 0.07070075230135577, 0.08207572081262005, 0.07987756800240094], [0.07551670160203247, 0.0829861456661584, 0.07403338439612497, 0.07469206036115585, 0.07401427247121313, 0.0705851203666376, 0.08082141326355616, 0.07996673120677035, 0.0717181920931493, 0.08333333333333334, 0.07074219198280267, 0.08191744440017754, 0.07967300885688834], [0.07554074344026733, 0.08313045055911976, 0.07400934590272923, 0.0747708672754479, 0.07421385318305376, 0.07064321419536865, 0.08081724817395447, 0.07988435467928805, 0.071796309590165, 0.08290299660361496, 0.07082204532595951, 0.08189166942819591, 0.07957690164283555], [0.07553828423778888, 0.08333333333333334, 0.07394464152770394, 0.07479243304655878, 0.07430119108464435, 0.07057492920194608, 0.08086640207514686, 0.07986963318795141, 0.07176318563274851, 0.08268161379416346, 0.07077200247956299, 0.08201389493208455, 0.07954845546636692], [0.07557112952810223, 0.08333333333333334, 0.07392464723666597, 0.07485666570982853, 0.0744396102859208, 0.07057543988925694, 0.08089043017769944, 0.07984490886449745, 0.07179218385871726, 0.08239114079684655, 0.07079024251644449, 0.08207614042805854, 0.07951412737462857], [0.07563572078281293, 0.08313509763574498, 0.07394648257138348, 0.07495936954960787, 0.07462378777225268, 0.07064075247398051, 0.08088458880613314, 0.07980845188412425, 0.07187912467851737, 0.0820793944950476, 0.07087253544257915, 0.082062191492489, 0.07947250241532705], [0.075650769189887, 0.08333333333333331, 0.07393261780708991, 0.07499698192428694, 0.07471179245696018, 0.07064738356965179, 0.08085397506657167, 0.07976347048758184, 0.07190148030495074, 0.0818829755720987, 0.070890065830727, 0.08201022776990252, 0.07942492668695815], [0.07570071800699284, 0.08333333333333331, 0.07395324941040708, 0.07508157575899138, 0.07486752003896373, 0.0707135647731988, 0.08080062586690132, 0.07970372613199538, 0.07198237206186521, 0.08162341985739151, 0.07096977763989619, 0.08190531213622074, 0.07936480498384235], [0.07576103603904935, 0.08333333333333331, 0.07396068905713771, 0.07516412697579429, 0.07500097659455304, 0.07071571081494372, 0.0808086477453657, 0.07969822437262053, 0.07201604120584863, 0.08135390653679835, 0.07098732226151705, 0.08184416510679947, 0.0793558199562387], [0.0758830541141483, 0.08333333333333334, 0.07404504631890099, 0.07536911734173612, 0.07538094332611597, 0.07093302406539505, 0.08058781702663043, 0.07951291078528487, 0.0722506284814911, 0.08083012393654167, 0.07123047351739582, 0.0814631563317528, 0.0791803714212736], [0.07600590455603258, 0.0831779031868557, 0.07408545562929636, 0.0755084704150819, 0.07555793717083645, 0.07092155477838932, 0.08061799046111341, 0.07955230713439417, 0.07229132315278416, 0.08048164643490892, 0.07123818100644695, 0.08134214987045027, 0.0792191762034098], [0.07589342971948332, 0.08288535114362158, 0.0740092195205913, 0.07530418685925368, 0.07516199259586671, 0.07069784567156054, 0.0809214417333224, 0.07979638338032771, 0.07205055174942178, 0.08102406333918957, 0.070987099827508, 0.08182013952403586, 0.0794482949358176], [0.0760817527614971, 0.08333333333333331, 0.07410586740766167, 0.07560395430111198, 0.07569561020879068, 0.0709221769628579, 0.08057263514413242, 0.07952914403832083, 0.07232700336186274, 0.08019763794901398, 0.07125351275136338, 0.08117818236032896, 0.07919918941972487], [0.07627201281239619, 0.0828684211074867, 0.07420939773730026, 0.07580553653154413, 0.07590443310884071, 0.07095660545883552, 0.08062195517737442, 0.07958877162794956, 0.0724164397633956, 0.0798005251628894, 0.07130544461791437, 0.08098411974460179, 0.07926633714947147], [0.07636109218493145, 0.08269067122402414, 0.07423592729496604, 0.07587328591364709, 0.0759140237018875, 0.07087689677567952, 0.08076236674653747, 0.079689579433833, 0.07237743249026406, 0.07961865675929193, 0.07123178104770952, 0.08099991018511737, 0.07936837624211093], [0.07650559237125133, 0.08260162025770106, 0.07427929709125192, 0.07598208514986261, 0.07593564303191319, 0.0707477519754307, 0.080952900096715, 0.0798258697818523, 0.07231358896429807, 0.07928051706204253, 0.07111193322342386, 0.08095166995901217, 0.07951153103524534], [0.07664375780632263, 0.08292033997473185, 0.07432025919265912, 0.07610451556509154, 0.07600766031425786, 0.07065774820318155, 0.08100673753690148, 0.07984982392460203, 0.0722855975087672, 0.07886478829947056, 0.07103470297099378, 0.08075254070518369, 0.07955152799783674], [0.07668327481709859, 0.08333333333333334, 0.07428026411983452, 0.07605245134806525, 0.07577267745825121, 0.07036973149153213, 0.08128484501061937, 0.08009371585774405, 0.0720500533934344, 0.0787193860671796, 0.07074088210426609, 0.08082368561682016, 0.0797956993818214], [0.07597520580919488, 0.08062214581680312, 0.07461353539433217, 0.07489723416241159, 0.0734831329648701, 0.07054594545906856, 0.08108512539744267, 0.08091661567041554, 0.07167355462659215, 0.08333333333333334, 0.07061588699264763, 0.08149941428357915, 0.08073887008930919], [0.07582533279967105, 0.08123063351262934, 0.07445984838474144, 0.07478824565522739, 0.0735865930408481, 0.07058084687891751, 0.0810351475481534, 0.08064423808314601, 0.07169073906373745, 0.08333333333333333, 0.07066674304904602, 0.08172954895168108, 0.0804287496988678], [0.07589417392847861, 0.08101453699985253, 0.07453129700057154, 0.07484359888349999, 0.0735674836498264, 0.07058974011055691, 0.08107235676169458, 0.08075609828234567, 0.07170462162543526, 0.08313534437155391, 0.07066983510123226, 0.08166824810365528, 0.0805526651812969], [0.07579559721354132, 0.08141648507897441, 0.0743963167892998, 0.07476237540143084, 0.07363089112748031, 0.07053948298034528, 0.0811072797093281, 0.08063386690000897, 0.07166404684604719, 0.08313778091844305, 0.07063637876209153, 0.08187993727791662, 0.0803995609950926], [0.07577199293191578, 0.08158296840151968, 0.07441577423155112, 0.07477073039093785, 0.07368950626392745, 0.0706681778082059, 0.08096003745336854, 0.08047125153346686, 0.0717602972809295, 0.08312106483509564, 0.07076224112618064, 0.08178345613605911, 0.08024250160684207], [0.07570024715879789, 0.0819600874416019, 0.0743208019968113, 0.07474774531115441, 0.07377443479612107, 0.07066837956190285, 0.0809311591387613, 0.0803316019052911, 0.0717633579870105, 0.08306931257533354, 0.07077697369464007, 0.08187246310746674, 0.08008343532510726], [0.0757494577716186, 0.08170053530516504, 0.07435972134371337, 0.07475795575082823, 0.07370840218831158, 0.0706081457333045, 0.08102892820079298, 0.08048411740607439, 0.07171768682220933, 0.08303130929168992, 0.07071116692164789, 0.08190107622536599, 0.08024149703927819], [0.07565292003790075, 0.08228602232815742, 0.07427561604762524, 0.07474949893373382, 0.07387459784174523, 0.07073941001471348, 0.08083056287597938, 0.08016480971852787, 0.0718227021708118, 0.08300532029560861, 0.07085747357300283, 0.08183260650899908, 0.07990845965319437], [0.07561026000018403, 0.08247772287988338, 0.07422769053953349, 0.07473421941361623, 0.07391719609544749, 0.07075007880660888, 0.08076637561415724, 0.08006246346965924, 0.07183109987584621, 0.08315355266895907, 0.07087491710129386, 0.08179369891229082, 0.07980072462252014], [0.07558954506476964, 0.08265969648091355, 0.07418735948222253, 0.07473542915553262, 0.07396914056865578, 0.07074372729134434, 0.08075983463653025, 0.0800129811667217, 0.07183229923706429, 0.0830797866730551, 0.0708772989573215, 0.08180974729135448, 0.07974315399451425], [0.07556030349389078, 0.0829154882918173, 0.07415215234068882, 0.07474645544220437, 0.07406261861104288, 0.07079605032019044, 0.08067213824440188, 0.07988462806495113, 0.07188064497594597, 0.08305474237950472, 0.07093938759655226, 0.08172574381765432, 0.0796096464211552], [0.07551745962539719, 0.08333333333333333, 0.0740479612674941, 0.07474686881264095, 0.07417028983136456, 0.07073552120416524, 0.08067079766054669, 0.07979646331748586, 0.07185048538521885, 0.08299642211378375, 0.07090121681585516, 0.08172927323869376, 0.07950390739402055], [0.07553088704464277, 0.08333333333333333, 0.07403605492577241, 0.07478267336445311, 0.07425715297385066, 0.0707517941043789, 0.08067984366464773, 0.07977159495329349, 0.07187865935627115, 0.08284440084128622, 0.07092765493704487, 0.08173341113595212, 0.07947253936507324], [0.0755486861056737, 0.08320751773422658, 0.07403364995555248, 0.07481103853144448, 0.07431145347588262, 0.07075518956020797, 0.08070858662227494, 0.07977795149315417, 0.07189282704123771, 0.08275387850461675, 0.07093755759140674, 0.08178750871854187, 0.07947415466577999], [0.07558659587372696, 0.08307371702578491, 0.07403128708657414, 0.0748856794111783, 0.0744678066806258, 0.07079835583381583, 0.08071435078118357, 0.0797393377506766, 0.07195543644001604, 0.08248626214989101, 0.07099712222253578, 0.08183669765285044, 0.07942735109114064], [0.07561669143849714, 0.08307915997218168, 0.0740130866869544, 0.07494665646298591, 0.0746012780071978, 0.07080298401377054, 0.08072529296947249, 0.07970964931624458, 0.07198619563157405, 0.08224022398239972, 0.07101857356454201, 0.08187069757063299, 0.07938951038354683], [0.0756264559481148, 0.08333333333333334, 0.07398336671752796, 0.0749824599181633, 0.07469829761881597, 0.07079179078152155, 0.08070422995987002, 0.07966246180495717, 0.07199691014999082, 0.08201446267451767, 0.07102136721884007, 0.08184777580296031, 0.07933708807138715], [0.07572955825988052, 0.08301564730362998, 0.0740546722110174, 0.07515049105392103, 0.0749942750166037, 0.07097262293078842, 0.08060346519339265, 0.07955573518959956, 0.07219025701886085, 0.08159756562783937, 0.07122301796002216, 0.0816810145905925, 0.07923167764385172], [0.07579495223666807, 0.08307128669323581, 0.07408508805699714, 0.07526744826305085, 0.07522830348954254, 0.07107667158007028, 0.08049697250921263, 0.0794517777334524, 0.07231194946211363, 0.08124131418101535, 0.0713457753827466, 0.08149890030428775, 0.079129560107607], [0.07587061313083196, 0.08333333333333333, 0.07406113993973797, 0.07536882654097167, 0.07540342994568769, 0.07100323586115558, 0.08051738795403579, 0.07945468269795229, 0.07230145317350875, 0.08085238185725678, 0.07129792125449662, 0.08140927773921815, 0.07912631657181339], [0.07582084550917507, 0.08323946355369538, 0.07402981067312463, 0.07527868080859736, 0.07522358335092072, 0.07090818578377318, 0.08063298070844778, 0.07955268664329693, 0.0721974728750199, 0.08110902433967007, 0.07119011927033372, 0.08159764347068577, 0.0792195030132594], [0.07576184061052475, 0.08305886445240557, 0.07404172896232382, 0.07519407898576778, 0.0750700649092814, 0.07093851486844698, 0.08063271367366315, 0.07956704651954442, 0.07218417171983896, 0.08143135490084275, 0.0712005657287122, 0.0816808115962663, 0.07923824307238186], [0.07568390069996885, 0.08312901798542086, 0.07400139952701344, 0.07506435570990055, 0.07483445860180832, 0.07082494473076409, 0.08071924280687036, 0.07965687446279165, 0.07205207218779561, 0.08179720362255657, 0.07106789171189765, 0.08184131581664443, 0.07932732213656753], [0.07579435184116155, 0.08333333333333333, 0.07402000663574235, 0.07524836240465911, 0.07518350769577212, 0.07090716574460425, 0.08061672478669651, 0.07953926665571802, 0.07218608993614771, 0.08117519731765266, 0.07118502490962836, 0.08160389018315245, 0.07920707855573152], [0.07580940150107124, 0.08318114039665489, 0.07398704662869098, 0.07522629000884243, 0.07509088397817427, 0.07074928622653086, 0.08080617236103567, 0.07969596203262451, 0.07206224486423096, 0.08121535971963209, 0.07102816386012918, 0.08179453439857608, 0.07935351402380673], [0.07593717064821708, 0.08333333333333333, 0.07407503506446024, 0.07545034999191183, 0.07552178718373719, 0.070992706548014, 0.08052113449723815, 0.07946102959957843, 0.07232419018341661, 0.08062288443797973, 0.07130087132638091, 0.08132763777839147, 0.07913186940734097], [0.07601437936633998, 0.08333333333333333, 0.07410083123587351, 0.07554584330367921, 0.07565806373251643, 0.07100093467260717, 0.08050094310101838, 0.07945418930587486, 0.07236485468821106, 0.0803707809857719, 0.07132287750157047, 0.08120636792604363, 0.07912660084716], [0.07612838115855625, 0.0831922505099707, 0.07415315551193839, 0.07567744511637492, 0.07582314392482212, 0.07102247194865133, 0.08048451422015458, 0.07946409478696508, 0.07242556786407818, 0.08007428566581636, 0.0713595339177532, 0.08105485856310736, 0.07914029681181153], [0.07622851906617033, 0.08297455290319918, 0.07421065853922904, 0.0757909055034344, 0.0759571394621295, 0.07106022610884395, 0.08047572789944417, 0.07947193105449098, 0.0724903158428142, 0.07985272773343176, 0.07140765653406035, 0.08092652293573131, 0.07915311641702079], [0.07638097934640929, 0.08262829235719908, 0.07427310147893239, 0.07592980389349888, 0.07604834053271582, 0.07100094364807882, 0.08063701570598773, 0.07957702512020284, 0.07248931500049569, 0.07954381775932823, 0.07136075267002977, 0.08086770148156364, 0.07926291100555788], [0.07654829469203435, 0.08246131177422814, 0.07434276188968046, 0.07608324682061866, 0.07614288650502699, 0.07094045304509163, 0.08075845854255582, 0.07965201745811026, 0.07249158656117177, 0.07916164993006375, 0.07131344051656748, 0.08075492522016148, 0.07934896704468941], [0.0766386536650472, 0.08270314187344263, 0.07435687395462977, 0.07615059004935358, 0.07615293689694959, 0.07083087280958802, 0.08084194606108637, 0.07970805196967722, 0.07243121448284418, 0.07889416186661334, 0.07121160044518476, 0.08066672945833826, 0.07941322646724516], [0.07676035874194925, 0.08298583762958682, 0.07438195408349929, 0.0762212385532421, 0.07610393307405476, 0.07066239051474206, 0.08098605961465373, 0.07982853462980613, 0.07232448258370291, 0.07857784829029311, 0.07104789916928449, 0.08057322051272675, 0.07954624260245859], [0.07682103239270877, 0.08306993974955668, 0.07437329686815143, 0.0761676780083974, 0.07582048512516991, 0.07037966043089144, 0.08133115019198514, 0.08015049913899759, 0.07208701497669456, 0.07848486849342334, 0.07075254670688481, 0.08069194665740664, 0.07986988125973227], [0.0756806731722798, 0.08310631277930941, 0.07404367908301639, 0.07507657646942975, 0.0748648559699168, 0.07094507395782511, 0.08060695449809716, 0.0795745657147717, 0.07214123087577218, 0.0818100387835067, 0.07118219005997588, 0.08171417860166402, 0.07925367003443515], [0.07563650407721234, 0.08306996790408407, 0.07405919302337304, 0.074997887184674, 0.07470489064874535, 0.07094340510955972, 0.08060233531990656, 0.07960560849109512, 0.07210564766352484, 0.08210173295001563, 0.07116050036495349, 0.08172003776807887, 0.07929228949477696], [0.07559402727648495, 0.08314888396187156, 0.07406944383803771, 0.07491830911942221, 0.07453978274572708, 0.07092149260096371, 0.08059374473004594, 0.07963937275761405, 0.07205546969637734, 0.08237289726557934, 0.07111938723926901, 0.08169264033493015, 0.07933454843367709], [0.07556304287458152, 0.08333333333333334, 0.07406434133576832, 0.0748696457299847, 0.07445041397667727, 0.0709005579492412, 0.08056982105428154, 0.0796403406399257, 0.07202100457531793, 0.08250940965617881, 0.07108917720197062, 0.0816483274731668, 0.07934058419957231], [0.07556312869572186, 0.08314107565699005, 0.07411091193919679, 0.07483931749855563, 0.07434579279019572, 0.07092174638595616, 0.08056378049815709, 0.07968348031178701, 0.07201770416073587, 0.08273440725957353, 0.07109382271378595, 0.0815909369537814, 0.07939389513556289], [0.07556159235216679, 0.08302359401255302, 0.07416826511660542, 0.07478673995255995, 0.07417399647484801, 0.07091542306853088, 0.08055961585948725, 0.07975938179119628, 0.07198361123702095, 0.08292578223181973, 0.07106390313062885, 0.08159242801933278, 0.07948566675325008], [0.0755879084552105, 0.08284359015018257, 0.0742229066845001, 0.07478945886361076, 0.07411946716330446, 0.07094105319637346, 0.08056955763170201, 0.07981290880863975, 0.07199603458379407, 0.08289519362183626, 0.0710783945194006, 0.08159554622485855, 0.07954798009658667], [0.0759496464562214, 0.08275671766874806, 0.07401874298117048, 0.07535021742524654, 0.0751913839398085, 0.07064043792617913, 0.08101259430895148, 0.07987901559300559, 0.07202355065288593, 0.08088499088168616, 0.07093621428972749, 0.08182969959788151, 0.07952678827848764], [0.07606093745789524, 0.08311819084991989, 0.0740810776646392, 0.07553957541778371, 0.07553680768159181, 0.07080847429356892, 0.08074634895571853, 0.07967272286505617, 0.07221782934064615, 0.08037089974333857, 0.07113070488500821, 0.08138217879024896, 0.07933425205458462], [0.07620704632711042, 0.08303096844020676, 0.07415937337566474, 0.07571661278949257, 0.07577031100728988, 0.07087649196680629, 0.08066267782960337, 0.07964074178161622, 0.07232774998236624, 0.0799663091976982, 0.07121759084329649, 0.08111273402757561, 0.07931139243127316], [0.07559101535333973, 0.08267043646581396, 0.07423396961497526, 0.07476078088861515, 0.0740257402531553, 0.07088486724157199, 0.08061233572203903, 0.079889595572103, 0.07194122984895768, 0.08311130274929276, 0.07101380505907191, 0.08163521708306111, 0.07962970414800326], [0.075600111445442, 0.08246815369947544, 0.07425452735299629, 0.07473848853239722, 0.07393755225899318, 0.07084167888325099, 0.08064378358076313, 0.07996281625270837, 0.07189748613922031, 0.08333333333333334, 0.07096162744922686, 0.08165065708775218, 0.07970978398444073], [0.07566815442045645, 0.08221286155056089, 0.07434217646838116, 0.07477207326411975, 0.073893105245759, 0.07086630496213582, 0.08070425154459158, 0.08008436557862765, 0.07191722777522991, 0.08305196365233032, 0.0709749323215793, 0.08167047677006589, 0.07984210644616233], [0.07572854416804507, 0.08193819592414743, 0.07442468926243692, 0.07479707140431932, 0.07383763493481062, 0.07088440336126006, 0.08073747240998005, 0.08019027506483441, 0.07192974104024574, 0.08294639422059562, 0.07098114755300422, 0.08164291811040392, 0.07996151254591657], [0.07575505095811808, 0.08167957888306644, 0.07445607756657491, 0.07478422865429324, 0.07374429276785412, 0.07082601010066175, 0.08077455468443799, 0.08029360883368272, 0.07187760166701618, 0.0832036768515677, 0.07091392750733905, 0.08161576127547847, 0.08007563024990935], [0.07576642564038401, 0.08155885537332856, 0.07446260992712574, 0.07478123238101946, 0.07369630043901244, 0.07078002120690846, 0.0808065080814672, 0.08035517371486407, 0.07183930113766757, 0.08333333333333334, 0.07086498983003264, 0.08161417437329452, 0.08014107456156216], [0.07582327694307328, 0.08137534288574402, 0.074519827285935, 0.07482455847035983, 0.0736720039365871, 0.07077619222034737, 0.08085911052579166, 0.08046117589115298, 0.07184132630019385, 0.08313362008853784, 0.07085601899553826, 0.08160215565196248, 0.08025539080477638], [0.07586764991339304, 0.0811760899155089, 0.07456347017462003, 0.07485359900611949, 0.07362819964523382, 0.07075080998454518, 0.08089555984629579, 0.08055887718954323, 0.07182337006900924, 0.08313051932611845, 0.0708252914929414, 0.0815635943220061, 0.08036296911466538], [0.07593785239493261, 0.0808773488989822, 0.07465502311738476, 0.0749111519447819, 0.07357689057643198, 0.07077058403577789, 0.08087342559060878, 0.0806471885246357, 0.0718402415249096, 0.08318016720159856, 0.07083368747050602, 0.08142215107343143, 0.08047428764601865], [0.07602299809872677, 0.0805904406177657, 0.07474919420642458, 0.07498003980375101, 0.07354328391324279, 0.07078332697856463, 0.08087819927338911, 0.0807622557912854, 0.07185747314212104, 0.08308210465688338, 0.07083779876715227, 0.08130132611676162, 0.08061155863393168], [0.07592818790745624, 0.08083146445725846, 0.07460418483653826, 0.07487994475639637, 0.073531729693819, 0.07064810082160103, 0.08097424682332374, 0.080744967788536, 0.0717455228425689, 0.08333333333333333, 0.07071668664077119, 0.08149757848160705, 0.08056405161679034], [0.07595220559456023, 0.08317975208385418, 0.07406711371961278, 0.07544307937238351, 0.07546681229964816, 0.07091656523211398, 0.08062912842853272, 0.07955420608603775, 0.07226416733120207, 0.08065624175478603, 0.07122395115206288, 0.08142671234993776, 0.07922006459526809], [0.07592276077659033, 0.08304750804352554, 0.07403651620234158, 0.07537360320589825, 0.0753109403259582, 0.0708043851120947, 0.08077633403791377, 0.07967561944302, 0.07215536414781683, 0.08083823269798066, 0.07110297963201037, 0.0816214734202562, 0.07933428295459378], [0.07618270171930346, 0.08303038346426271, 0.07409451516075584, 0.07561536711863848, 0.07551614252013097, 0.07062138242584043, 0.08095543302438245, 0.07989131485741469, 0.07210224895340399, 0.080098205052047, 0.07095298393166885, 0.08139229953444074, 0.07954702223771047], [0.07603314354752191, 0.08310184119275012, 0.07403176854538697, 0.07545926202022778, 0.07535288273063656, 0.07063332653154358, 0.08094985577524955, 0.07984085155798387, 0.07205970479351631, 0.08050467904715483, 0.07094799883918146, 0.08159311006586753, 0.07949157535297949], [0.0757180703080794, 0.08305067177244907, 0.07392870038169562, 0.07505879907348183, 0.07477491801764667, 0.07056372101763167, 0.08100551444801876, 0.07987493719428035, 0.0718633374211955, 0.08168229355043174, 0.0708192970053348, 0.08213413696465818, 0.0795256028450964], [0.07586537050007915, 0.08288636864112355, 0.07397664808593946, 0.07524592487176944, 0.07504818807160983, 0.07059868321631155, 0.08102697420715989, 0.07988284924863381, 0.07195695990411688, 0.0811388743207598, 0.07088219768062878, 0.08196170037841695, 0.0795292608734507], [0.07630417675572698, 0.08270628827700967, 0.07415344087372273, 0.07572487616032728, 0.07559361562184434, 0.0705945851871078, 0.08107186236159719, 0.07997726460360481, 0.07211515139437484, 0.07983698955926537, 0.07093428802888017, 0.08135003499122517, 0.07963742618531379], [0.07644376819259653, 0.08271148238489458, 0.07418847832255245, 0.0758175476997187, 0.07558304630301842, 0.07043536143424009, 0.08130524258386032, 0.0801448235231227, 0.07202363617068608, 0.07946200954227535, 0.07078299640172084, 0.08129053527377042, 0.07981107216754343], [0.07693757314639721, 0.08289545580777491, 0.07447199920028015, 0.07634334199931704, 0.07608543220458011, 0.07056634821959618, 0.0811003021796196, 0.07995019257127894, 0.07228256278101472, 0.07823173440577462, 0.07095343078754071, 0.08042198124494399, 0.07975964545188183], [0.07685890942225901, 0.08289885618308984, 0.07444729410055426, 0.0763285402033884, 0.076208946147131, 0.07070873256771108, 0.080934295350997, 0.07978681023207827, 0.07239110153239091, 0.07836591893372531, 0.07110084559498146, 0.08041941584676751, 0.07955033388492588], [0.0758783731152525, 0.08108388070098624, 0.07399973382945242, 0.07484383956627878, 0.07383006234782434, 0.06975168249210234, 0.08246667752163733, 0.08132380206216525, 0.07115735142367492, 0.08171087736838485, 0.06994569339094553, 0.08307993909289471, 0.0809280870884009], [0.0757913900851069, 0.08138874010144907, 0.07399127750039719, 0.07477583765097541, 0.07378987443579184, 0.06984811225795927, 0.08216769588506781, 0.08112299519015059, 0.07120468133312416, 0.08205162767684031, 0.07003049315205194, 0.08308735207759779, 0.08074992265348761], [0.07573067614877163, 0.08164934025844743, 0.07393299565685547, 0.07475542175618587, 0.07385310613235904, 0.06987873117588649, 0.08203195956458996, 0.08094058837709449, 0.07122742438680181, 0.08202973281963319, 0.07006886236983113, 0.08333333333333333, 0.08056782802021015], [0.07569634418408647, 0.08191142792308898, 0.07392688824566236, 0.07475769230080205, 0.07392348661050464, 0.06997687418134366, 0.08185911666912683, 0.080771179265353, 0.07130263194487327, 0.08219091292670068, 0.07016883973901064, 0.0831088336515533, 0.08040577235789412], [0.07569611163732844, 0.08206218956627091, 0.0738831768066647, 0.07480646295698266, 0.07407862878852181, 0.07000218533558905, 0.08181090827617075, 0.08064624395562833, 0.07134653874519105, 0.0821182602093627, 0.07021300674077331, 0.08306427322704793, 0.08027201375446842], [0.07573154330275789, 0.08203274456486875, 0.0738617708345554, 0.07487315007308613, 0.07421605412329675, 0.0699979814019415, 0.08182653266870055, 0.08060444080023045, 0.07137233743015343, 0.08187049333965774, 0.07022657943111493, 0.08316491790215552, 0.08022145412748098], [0.07588391727279291, 0.08169871418693941, 0.07392469108578435, 0.07502285015372778, 0.0743642048680827, 0.06997851914918042, 0.08205112304340662, 0.08076891275347992, 0.07140662323680617, 0.08138957766077615, 0.07022358242960776, 0.08291449180914864, 0.08037279235026702], [0.07601136821911621, 0.08126138316939112, 0.07396365393054048, 0.0750651783929805, 0.07424188766778908, 0.06976274645442228, 0.08252488593838483, 0.08117865043796614, 0.071254776443381, 0.08089250882356294, 0.07000700442157114, 0.08307374140645357, 0.08076221469444073], [0.07600702268647529, 0.08089188273657709, 0.07398770568079523, 0.07497922075200567, 0.07399223782745946, 0.06963895432400148, 0.0828329789912426, 0.08146852679099653, 0.07112584005211921, 0.08108781717863661, 0.06986142869859582, 0.08308315616228798, 0.08104322811880714], [0.07595182271482719, 0.08076357991709443, 0.07398378192091899, 0.07489587914991493, 0.07385032196100147, 0.06961598438178125, 0.08277732597968668, 0.08150790183831717, 0.07107761711107985, 0.08133022580591136, 0.06982314964921535, 0.08333333333333334, 0.08108907623691804], [0.07587343732502266, 0.08116058480946572, 0.07394544123462012, 0.07487168142188659, 0.07393243774352715, 0.06972613249451425, 0.08249319534757182, 0.08123957804678168, 0.07115587862510248, 0.08149841057003314, 0.06993641717089033, 0.08333333333333333, 0.08083347187725068], [0.07584126209718607, 0.08127354441932892, 0.073980255084508, 0.07483271141918366, 0.07386962847897575, 0.06980274122544475, 0.08234353499401761, 0.08119470669496297, 0.07119383068586528, 0.08178149708493224, 0.06999851444306389, 0.08308354068066098, 0.0808042326918698], [0.07577890377012558, 0.08162548876742065, 0.07389991263491806, 0.07483892201130028, 0.07401963496604391, 0.06985364536836366, 0.08214566075587898, 0.08092537192861322, 0.07124513089571502, 0.0817329282525098, 0.07006702835454318, 0.08333333333333334, 0.08053403896123437], [0.07589236403748197, 0.08140688820181899, 0.07393832718828286, 0.07496643215619794, 0.07417905023906438, 0.0698598570760868, 0.0823010463199884, 0.081003454684558, 0.07129349389800489, 0.08137298813372608, 0.07009048518290097, 0.08309583429970313, 0.0805997785821858], [0.07586389547926567, 0.08143381331142606, 0.07393969600651552, 0.07491959179341785, 0.07409329793162168, 0.06984747531963043, 0.0823049906626101, 0.08103392136169786, 0.07126600651934212, 0.08148531424998628, 0.07006860198191073, 0.08311021740082802, 0.08063317798174766], [0.07593625371627553, 0.08111898171041479, 0.07394442186307229, 0.07497112291333308, 0.07410932006714072, 0.06975036788609063, 0.08251801556231635, 0.0811854216004191, 0.07121214093294054, 0.08116866785482778, 0.06998027309346068, 0.08333333333333334, 0.08077167946637527], [0.075774447565885, 0.08163104242370803, 0.07393121153945628, 0.0748214146271633, 0.07396936206773927, 0.06988799494112577, 0.08211477858264205, 0.08094305590047249, 0.07125990293463605, 0.08183702787109715, 0.07009160289628043, 0.08317929770259046, 0.08055886094720378], [0.0757413704102136, 0.0818737465972576, 0.07386122508829027, 0.0748512593701449, 0.07413327784090121, 0.06992015094981013, 0.0819558768369014, 0.08072551937802473, 0.07130530633343354, 0.08181689153315198, 0.07014416954849456, 0.08333333333333336, 0.08033787278004292], [0.07584488378244751, 0.08168643125037124, 0.07390914273636595, 0.0749628554609221, 0.07426251330398594, 0.06993875451573583, 0.0820815733065155, 0.08080585452332131, 0.07135565049850949, 0.08151419790428914, 0.07017502177242615, 0.08305317549050051, 0.08040994545460926], [0.07598632904855908, 0.08144526423218079, 0.07394946831440447, 0.07507625476279188, 0.07432446867691973, 0.06983298481428948, 0.0823550661545007, 0.08102931114161378, 0.07131391870875683, 0.08098566103105184, 0.07008260319985536, 0.0829994938216435, 0.08061917609343251], [0.07595224847583368, 0.08166999661247065, 0.073943037752009, 0.07508981744321516, 0.07443029361369558, 0.06995018872819661, 0.08212832237695773, 0.08083161675119067, 0.07140850518722336, 0.08113387364348532, 0.07020441468203832, 0.08282683670264489, 0.08043084803103914], [0.0757299392526895, 0.08189343557984567, 0.07389839420178404, 0.07481841034068175, 0.074049023317873, 0.06995434383522, 0.08193771580041007, 0.08076007662239726, 0.07131306632880789, 0.08199444721034392, 0.0701642551059894, 0.08310630771505542, 0.08038058468890193], [0.0757815644017204, 0.08194539365861042, 0.07387704253671783, 0.07493137250683941, 0.07429308199723322, 0.07000060668611913, 0.08188037794716815, 0.08063269578738771, 0.0713947313325649, 0.08168788458182687, 0.07023762199546359, 0.08309268668664407, 0.08024493988170407], [0.07585879957564247, 0.08189178411478264, 0.07391042939914874, 0.07502937012489126, 0.0744330261599629, 0.07003990599695806, 0.08189981909609462, 0.080634649807437, 0.07145761497457155, 0.08143824726856727, 0.07028958356760692, 0.0828727834834496, 0.08024398643088713], [0.07615993079977089, 0.08016372574506007, 0.0742562406571684, 0.0749662598539586, 0.0736186666249036, 0.06964951633481535, 0.0826311300980592, 0.08209316651467412, 0.07109623385913748, 0.08132309722831388, 0.0698172678623827, 0.08252998518318383, 0.0816947792385719], [0.07612914983934502, 0.08039382690966179, 0.07415170886745323, 0.0749618830724029, 0.07368232400319626, 0.06954235506622607, 0.08289427782596838, 0.08203869244256543, 0.07102691844854464, 0.08113232343600195, 0.06972943789523522, 0.0827063190899674, 0.08161078310343169], [0.0761236030656714, 0.08078830959360876, 0.07403239008137084, 0.0750042320949076, 0.07383672987206101, 0.06943180284199185, 0.08333333333333334, 0.0818893869884571, 0.07097455993627982, 0.08074641925696645, 0.069649926455546, 0.08274605869769622, 0.08144324778210965], [0.07631301966884725, 0.08115898396720761, 0.07411333595322145, 0.07522385287663322, 0.07410748626834032, 0.06949403019188777, 0.08296475890549115, 0.08184568754228215, 0.0710931905561899, 0.08021152917851013, 0.06973771872282948, 0.08232220530700532, 0.08141420086155435], [0.07673406942813173, 0.08090562537055543, 0.07440827736761578, 0.07553359232027285, 0.07415899508762148, 0.06947795393671115, 0.0829532452250113, 0.08218532959363063, 0.07116022175175013, 0.07945178038958144, 0.06972210065744751, 0.08145945995896559, 0.08184934891270496], [0.07685237107312957, 0.08020024949877631, 0.07461878848627532, 0.07550669498190193, 0.07383080908244972, 0.06946829363423108, 0.08271489477041587, 0.08275373914154918, 0.07112049181363345, 0.07960706690496155, 0.06966911872152833, 0.08115490260275565, 0.08250257928839197], [0.0766456342330688, 0.07975127650309081, 0.0745634936697666, 0.07523710787636849, 0.07344600258486336, 0.06937385442173234, 0.08294034271532309, 0.08333333333333333, 0.07095913213782228, 0.08013131128872356, 0.06953642571945132, 0.08123476785068612, 0.0828473176657698], [0.07645041721720185, 0.07973743672366157, 0.07450245920797718, 0.07509664513870314, 0.07341325971302294, 0.06952004765498532, 0.08287894444489718, 0.08281921277300112, 0.07102224232572021, 0.08078620816971194, 0.06966707831516274, 0.08163528417305545, 0.08247076414289944], [0.07624828624387715, 0.08006534428973634, 0.07433035773837458, 0.07500999249971474, 0.0735687721919099, 0.06961778645174822, 0.08258677630566368, 0.08231745959391801, 0.07108064543405501, 0.08118954710404022, 0.06977992215259642, 0.08228484209839641, 0.08192026789596911], [0.07619596777535782, 0.08033804350868269, 0.07420757683803218, 0.07500012225426093, 0.07365971200956632, 0.06953036707505243, 0.08282519780125744, 0.08219686946724884, 0.07102574526166903, 0.08101230827284353, 0.06971404292011812, 0.08252980223203005, 0.08176424458388057], [0.0762188460270833, 0.08063050708499787, 0.07412818705196608, 0.07504800061986408, 0.07376972445377684, 0.06942312004041055, 0.08315543678271148, 0.08214770340361252, 0.07097284541968699, 0.0806658914786378, 0.06963102570616679, 0.08251410097588897, 0.08169461095519667], [0.07623761369122896, 0.08078527777633202, 0.07409851500038243, 0.0750832591283879, 0.07384149181898565, 0.06938937228396377, 0.08333333333333333, 0.08208544923555149, 0.07096429802162653, 0.08048745900370058, 0.06960954165063307, 0.0824510135693917, 0.08163337548648252], [0.07636494149304567, 0.08075358339974598, 0.07417827409426211, 0.07517468994297094, 0.07385415043282224, 0.06936090309121873, 0.08333333333333333, 0.08226476245544159, 0.07096749193295909, 0.08020608886309077, 0.06958282974464003, 0.08214232677409838, 0.08181662444237112], [0.07635544929343781, 0.08020952969797732, 0.07430816183590565, 0.0750849887103595, 0.07359099199234516, 0.06942981807656803, 0.08295999655467837, 0.08260874787219774, 0.0709711790622486, 0.08065651974637876, 0.06961070002731713, 0.08206173547078355, 0.0821521816598024], [0.07648270763609732, 0.08005844780782487, 0.0743778455280591, 0.07514565550387624, 0.07351536183705937, 0.06931706612231132, 0.08333333333333334,