[[0.07274445418203696, 0.08075099413271832, 0.07119402336588489, 0.07074390861702043, 0.07542436517112923, 0.08089505675488148, 0.08063927026636337, 0.08130084963259332, 0.0744644887990384, 0.0732278977851845, 0.0829117718576029, 0.0818622917039383, 0.07384062773160799], [0.0727542240644568, 0.08109736773269563, 0.07121890206814212, 0.0707378456521474, 0.07532484636906987, 0.08070681915592647, 0.08043550647633323, 0.08123606714965344, 0.07440459077277661, 0.07318670567089396, 0.08316157638221297, 0.08199223525656091, 0.0737433132491307], [0.07280166481955404, 0.08151468693960631, 0.07129214067187709, 0.07077830245700678, 0.07523365032039155, 0.08047488095404783, 0.08019207990069309, 0.08111666187469002, 0.07436334078905261, 0.07317372493470922, 0.08333333333333334, 0.08206147186052816, 0.07366406114451002], [0.07287750269701294, 0.08185233654245044, 0.07138483876926498, 0.07083687007904671, 0.0751920378827542, 0.08032112249185608, 0.08002794904390882, 0.0810482124907461, 0.07436484512075642, 0.07319554357930505, 0.08316992437226453, 0.08210708519953289, 0.07362173173110069], [0.07297651494032831, 0.0822505944501988, 0.07151046914075536, 0.07092800979816828, 0.07514980120470806, 0.0801205552773479, 0.07982123344653695, 0.08091807832038894, 0.07437390893902283, 0.07323352568070164, 0.08307687964978466, 0.08205153373057687, 0.07358889542148157], [0.07304590038205663, 0.08251091167434646, 0.07158534597534441, 0.07096731032145381, 0.07512769269079908, 0.08001843421557688, 0.0797107543493744, 0.08087361322251437, 0.07438617860254979, 0.073256442268652, 0.08292348597529012, 0.08204122995936085, 0.07355270036268129], [0.07306226952696769, 0.08276301624937471, 0.07157455390898301, 0.07088029231616157, 0.075040992276003, 0.07990123348112707, 0.07957258749414198, 0.0808650173238855, 0.0743408511339649, 0.07320067279009057, 0.08333333333333334, 0.08206765310462168, 0.07339752706134516], [0.07320801023571648, 0.08303525072596539, 0.07171602317773441, 0.07095592105227351, 0.07505146063918379, 0.07978753806695026, 0.07944759403525425, 0.08082356269500196, 0.07440394184911674, 0.07327157471187888, 0.08292392035303801, 0.08200825428043652, 0.07336694817744989], [0.07333763266952634, 0.08307598018212514, 0.07178016406942297, 0.07094437559099395, 0.07506824514464397, 0.07976287932254605, 0.07940650990353815, 0.08087977377927946, 0.0744570449028814, 0.07330723028444015, 0.08251925086933315, 0.08215594137987106, 0.07330497190139805], [0.07360258421363093, 0.0830723671557871, 0.07195345088045219, 0.07101867647429969, 0.07513289254995224, 0.07967983859423632, 0.0793113372125455, 0.08086335369204446, 0.07458196864992087, 0.07342148305963306, 0.081941448959138, 0.08213990516134954, 0.07328069339700986], [0.07388670103954109, 0.08306641544841938, 0.07213996246624034, 0.07110351080859043, 0.07523493831491367, 0.07961215081920468, 0.0792366812461434, 0.08082947667930683, 0.07474170768453817, 0.07356320103989444, 0.08133401298810237, 0.0819689333385399, 0.07328230812656523], [0.07419909041134175, 0.08296440207017947, 0.07240114229252809, 0.07129707967122409, 0.07534269376024284, 0.07946916989979777, 0.07910094774326777, 0.08066084176745085, 0.07491335381178332, 0.07374714286530791, 0.08089830846457118, 0.08165148574350217, 0.07335434149880292], [0.07438091287884632, 0.0829501488031944, 0.07249590771566494, 0.07131361594408488, 0.07546302679097211, 0.07948253048780221, 0.07911289380157147, 0.08066426635932486, 0.07506809337744778, 0.07385657773495377, 0.0804051199121621, 0.08144048794171661, 0.07336641825225848], [0.07446713643108391, 0.08333333333333333, 0.0725127918266724, 0.07127215850710597, 0.07553063660717664, 0.0794799008972029, 0.07911092508810065, 0.08063983066160128, 0.07515414744804125, 0.07390116344843425, 0.08002116593486673, 0.08123393046349701, 0.07334287935288351], [0.0745822396687788, 0.08281073270647743, 0.07256911222737414, 0.07128426649807151, 0.07570832591763203, 0.0795914940572641, 0.07922771800916895, 0.08075145557778787, 0.07533022621310724, 0.074024310427827, 0.07959610069022038, 0.08110815193512846, 0.07341586607116199], [0.07456284451940166, 0.08245704682866697, 0.07251523729903668, 0.07121418174719016, 0.07583358452031316, 0.07974385327241897, 0.07938349524545028, 0.08096293114101025, 0.07542380931260045, 0.074065404810759, 0.07929371101481542, 0.08109263986343276, 0.07345126042490405], [0.07445942921290756, 0.08292680659219218, 0.07235790177817746, 0.07102973772074747, 0.07594300210546259, 0.07987785263226704, 0.07952743109785902, 0.08116499380066482, 0.07548577680201597, 0.0740484100007771, 0.07881187821145255, 0.08094211656525209, 0.07342466348022401], [0.07425173187502274, 0.08290513613788851, 0.0721467784857583, 0.07084205376473528, 0.07609658175114141, 0.08016003949468788, 0.07982494775458197, 0.08148292062602455, 0.07554716537745479, 0.07402645878676213, 0.0784088142997477, 0.08084235829762416, 0.07346501334857063], [0.07274964437629373, 0.08038680403908943, 0.0712258890119212, 0.07085163319476863, 0.07553393713177632, 0.08093739895990575, 0.08073123647631411, 0.08112914763817632, 0.07453242093443671, 0.07330744553561125, 0.08308557618977443, 0.08150752189760999, 0.07402134461432225], [0.07279211554065092, 0.0808250082593351, 0.07128766604219126, 0.07087191238686161, 0.07543270148916609, 0.08074502890754438, 0.08051051799435599, 0.08111267124621291, 0.0744836782577759, 0.07328244427873201, 0.08301911341144143, 0.08171737402887796, 0.07391976815685458], [0.07279557480625536, 0.081070603956591, 0.07130071821858291, 0.0708615488422557, 0.07535850062762954, 0.08061606709296451, 0.08036889097812851, 0.08107052226597851, 0.07443772728440555, 0.07324888127871382, 0.08322717492356208, 0.08179909654764041, 0.07384469317729228], [0.07284450797504606, 0.08158294084065564, 0.07135581870209377, 0.07085076796991757, 0.0752446245061313, 0.0804125999683364, 0.08013585315102902, 0.08104564714059832, 0.07438470412543287, 0.07321190035472838, 0.0832290921687089, 0.08199950615416911, 0.07370203694315253], [0.07277677062504612, 0.08116142684140512, 0.07127120452441035, 0.07081068798033871, 0.07531840260165434, 0.08060012172443341, 0.08034153623389781, 0.08110457142485669, 0.07440641363187174, 0.0732116149446489, 0.08333333333333333, 0.08188217000046989, 0.07378174613363349], [0.07290512357648464, 0.08198251482473354, 0.07143514366244903, 0.07089024737691012, 0.07517057522244198, 0.08021192207900543, 0.07992365635653492, 0.08093912480030173, 0.07435988911333988, 0.07321002496548136, 0.08333333333333333, 0.08201154542278508, 0.0736268992661989], [0.0730171862381277, 0.08226799500153872, 0.07158037074698559, 0.07102048076921971, 0.07516920504272882, 0.08005593497680061, 0.07976814296484337, 0.0808158624223892, 0.07439895010781993, 0.07328031139659828, 0.0830540996270606, 0.08192009172496588, 0.07365136898092171], [0.07306318610362113, 0.08258139271053735, 0.07161009808999036, 0.07098885362156375, 0.07511991013044735, 0.07997506232603158, 0.07966818754095234, 0.08083363698800214, 0.07438722893960895, 0.07326454237085231, 0.08295722825126042, 0.08199952365665185, 0.07355114927048055], [0.07312097813069579, 0.08296535744401934, 0.07168454597552221, 0.07102272344864902, 0.07504867265926607, 0.0797651524081043, 0.07945384312748183, 0.08067100944065837, 0.07436320117974324, 0.0732619759774971, 0.08333333333333331, 0.08183266657985296, 0.0734765402951763], [0.0732805815706473, 0.08311818610355279, 0.07183450478283854, 0.07109888559435427, 0.07506967401179757, 0.07967586065796001, 0.07934982179469635, 0.08066514844661418, 0.07443856035606125, 0.07334157281351428, 0.08287698234133503, 0.08180451948175219, 0.07344570204487624], [0.07334652122899787, 0.08333333333333333, 0.07183976514693706, 0.07104138493621467, 0.07505199209940977, 0.07965355114282813, 0.07931233683146532, 0.08071250320137792, 0.0744463116914886, 0.0733308314465773, 0.08264095643787976, 0.08193158210586135, 0.07335893039762889], [0.07347737481885369, 0.08333333333333334, 0.07191222498028242, 0.07105338956022804, 0.07507424038134705, 0.0796216011156502, 0.07926964500367817, 0.08073405035373882, 0.07450068620388305, 0.07337460403002252, 0.08233082735271634, 0.08199566257335604, 0.07332236029291042], [0.073663517161686, 0.08312216011120774, 0.07204770234285106, 0.07113158471811039, 0.07513334884646578, 0.07957840633332376, 0.07922053167875671, 0.08072477554953243, 0.0745980032054339, 0.0734693139738046, 0.08199755825321078, 0.0819792325251773, 0.07333386530043969], [0.07374936554502069, 0.08333333333333333, 0.07209857364587821, 0.07114504907160252, 0.0751424236525646, 0.07952725718527719, 0.07916631237022372, 0.08068991907083921, 0.0746299073920646, 0.07349758757677272, 0.08178700723630897, 0.08192267955084208, 0.07331058436927217], [0.07391034161480063, 0.08333333333333334, 0.07222084806986366, 0.07122157077714951, 0.07518913987654703, 0.07946045071630595, 0.07909881328547294, 0.0806308704560434, 0.07471105139757078, 0.07358062269007845, 0.0815088124388534, 0.08180959862479373, 0.07332454671918733], [0.07403308319657909, 0.08333333333333331, 0.07228935368757486, 0.07123763185370155, 0.07524020941685816, 0.07944819965122797, 0.07908224447756906, 0.0806349985322176, 0.07478591680752951, 0.07363949558918301, 0.08121776051238218, 0.08174173932672801, 0.07331603361511548], [0.07442491441027962, 0.08333333333333331, 0.07261622917244658, 0.0714777753591841, 0.07536350842258827, 0.07924649337777802, 0.07889076436022983, 0.08039635827370446, 0.07500109644830186, 0.07386389791263075, 0.08065556247127109, 0.08133273942051492, 0.07339732703773703], [0.07457652345017125, 0.0831666127431582, 0.07269296173537307, 0.0714892316854852, 0.0754736402306594, 0.07927765344342537, 0.07892032388620658, 0.08042074799230686, 0.07513719075575545, 0.07395941388802621, 0.08027449993791841, 0.08119751033115528, 0.07341368992035881], [0.07416715243625922, 0.08285325854018759, 0.07235318736047404, 0.07124227444884883, 0.07536044898553909, 0.07954300292276807, 0.07916997807527995, 0.08074865834500339, 0.07491777755295914, 0.07373263509978248, 0.08085863157014583, 0.08171173715904044, 0.073341257503712], [0.07469815760112444, 0.08333333333333334, 0.07276007386444239, 0.07150599254313995, 0.0755408253026848, 0.07924537273800816, 0.07889080534546693, 0.08036670245935582, 0.0752315391103137, 0.07402849509322568, 0.07996373256534674, 0.08101742011992696, 0.07341754992363117], [0.0748867609631909, 0.0828323030718597, 0.07288041266059354, 0.0715683296708355, 0.0757234339367076, 0.07929786464473088, 0.07895038092182856, 0.08041131401246022, 0.07543475533460824, 0.07418618284331163, 0.07952606885851696, 0.08080161436965985, 0.07350057871169643], [0.07487400968580271, 0.08263924646957743, 0.07283234818469085, 0.07150075950389033, 0.07580318502997997, 0.079398012299515, 0.07905110696194904, 0.08055664227095141, 0.07549609650551334, 0.07420601706118599, 0.07932141451036838, 0.08081319354089783, 0.07350796797567784], [0.0748462936292917, 0.08254048262060037, 0.07275286312804917, 0.07139284399661512, 0.07593510653047768, 0.07953280677546966, 0.07919220373366731, 0.08075400510876224, 0.07559659224132288, 0.07423944733214576, 0.0789418875928127, 0.08075267218799462, 0.07352279512279061], [0.07487456101639252, 0.08288444325247565, 0.07272541662591657, 0.0713253459788228, 0.07606231059971882, 0.07954704285774561, 0.07922281952607119, 0.08080451355104927, 0.07571448410266171, 0.07429759343814912, 0.07847638951138125, 0.08052822233723905, 0.07353685720237622], [0.07456762273340965, 0.08333333333333334, 0.07241385618694778, 0.07103964198408376, 0.07608776579548043, 0.07980360992430069, 0.07947890623960092, 0.08110140402677277, 0.07564194450900867, 0.07415719069649541, 0.07830620966947466, 0.08059894806712514, 0.07346956683396692], [0.07278266898422912, 0.08045604222218677, 0.07130246856516403, 0.07095920670937413, 0.07552440282196031, 0.08076855306370317, 0.08057991772312098, 0.08094738670643749, 0.07453525095699617, 0.07334440318365311, 0.08333333333333334, 0.08138705741245081, 0.07407930831739064], [0.0728467706173495, 0.08110385494330973, 0.07139543044054113, 0.07098876941969479, 0.07537265117734135, 0.08048210383781718, 0.08025362296226903, 0.080896582498113, 0.0744623573973482, 0.07330683447291213, 0.08333333333333333, 0.08163285160696215, 0.07392483729300843], [0.07284374935407692, 0.0808740927037137, 0.07138382136676905, 0.07100029662403866, 0.07544360071883792, 0.08060000093239991, 0.08038424634443328, 0.08093541447892258, 0.07450634150591366, 0.07333950833280907, 0.08312335262394811, 0.08156739762372447, 0.07399817739041259], [0.07286132919662298, 0.08129934019131771, 0.07139645941817205, 0.07095089845181286, 0.07533494142144569, 0.08046889364699027, 0.08022026853926464, 0.08097123826676275, 0.07444550718886257, 0.07328403175679926, 0.08312583006859292, 0.08179111547512377, 0.0738501463782325], [0.07293709712884984, 0.08147933143307064, 0.07151339238238515, 0.07107507195995622, 0.0753242952076463, 0.08030179116791672, 0.08005949723769731, 0.08081951750477856, 0.07446427456560806, 0.07333776847850537, 0.08310849667673348, 0.08169168980135119, 0.073887776455501], [0.07299075597784076, 0.08187910276769518, 0.07157198095681341, 0.07108103977570354, 0.0752500998119398, 0.0801545802645789, 0.07989177851257934, 0.08078949529327965, 0.07443790017218704, 0.07332390870159057, 0.08305374243227326, 0.0817863109481381, 0.07378930438538052], [0.0729314116856971, 0.08160253186578055, 0.07148989923661057, 0.07102049507581691, 0.07529426008268832, 0.0803131024026243, 0.0800559195302392, 0.0808906137094547, 0.07444482513345076, 0.07330754119266199, 0.08301318127196719, 0.0818151096084041, 0.07382110920460432], [0.07307731193602976, 0.08222528818479498, 0.07168061763142217, 0.0711551943152065, 0.07520752863089528, 0.07998106528490899, 0.07970984933776772, 0.08068542583549285, 0.07444241807012422, 0.07335306958103655, 0.08298629863847005, 0.08174557853197362, 0.07375035402187742], [0.07310674044727218, 0.08242839320612966, 0.07171777445943382, 0.07116794595853572, 0.07516499114405414, 0.07987388355853804, 0.07959705432548093, 0.0806183793077587, 0.07442634263917441, 0.07334766462506195, 0.08314318752967748, 0.08170493227394063, 0.07370271052494268], [0.07313980859373193, 0.08262071978474023, 0.0717469997566347, 0.07116684824512544, 0.07514148869509486, 0.07982086525572073, 0.07953542585613488, 0.08061093174256381, 0.07442458661942643, 0.07334744405025519, 0.08306511643773776, 0.08172159244941136, 0.07365817251342267], [0.07321797568914822, 0.08289153299690237, 0.07183824184626826, 0.07122405581031963, 0.07511467125302253, 0.07968691182191745, 0.07939616532340546, 0.08051957040980405, 0.07443651005670167, 0.07337622440927566, 0.08303877060098275, 0.08163357979242017, 0.073625789989832], [0.0732735341043262, 0.08333333333333334, 0.07186975468737782, 0.07117860918802507, 0.07506014280570551, 0.07958951650542723, 0.0792798427587344, 0.08051500927505141, 0.07442578340610012, 0.07335768510106885, 0.08297670900515376, 0.08163541762018114, 0.07350466220951522], [0.07334560287059702, 0.08333333333333333, 0.0719282895813067, 0.07120279223443356, 0.07507051454281603, 0.07956143952918657, 0.07924473858151876, 0.08052327819374985, 0.07445852194137347, 0.07338944525111984, 0.08281555205896081, 0.08163900994977488, 0.07348748193182915], [0.07339682374953273, 0.08320001724222525, 0.07195823553788128, 0.07121080170777988, 0.075084604666816, 0.07956599754433344, 0.07924408988102218, 0.08055211245014073, 0.07448346229783395, 0.07340991645377942, 0.08271933432775178, 0.08169535444481896, 0.07347924969608446], [0.07355427306517662, 0.08305794427639865, 0.07206702727078859, 0.07126418280523616, 0.07511594998223681, 0.07952098786289079, 0.07919004674152158, 0.08055523691105683, 0.07455135824932077, 0.07347627293834715, 0.08243479912118175, 0.08174577093205347, 0.07346614984379077], [0.0736818145848993, 0.08306333891007575, 0.07213996783179082, 0.07127989120419234, 0.07513636781168534, 0.07948409251663816, 0.07914402648413031, 0.08056295507385502, 0.0746032085778473, 0.07351955179894569, 0.08217218321348782, 0.08177965557026297, 0.0734329464221891], [0.07377321829131925, 0.08333333333333333, 0.07218515098863712, 0.07127707689152173, 0.075137089366513, 0.07942937105217238, 0.07908333693648109, 0.08053728876355395, 0.07463045392537182, 0.07353984757578065, 0.08193071783291457, 0.08175344678044259, 0.07338966826195849], [0.0740901317728555, 0.08299523077117694, 0.07245141376455283, 0.0714741317948038, 0.07524089112932489, 0.07931296261578479, 0.0789680790632856, 0.08042802643858289, 0.07479749202566435, 0.07372243426097676, 0.08148601411352431, 0.08157482603938228, 0.07345836621008497], [0.07432338779443821, 0.08305421042765258, 0.0726338362889857, 0.07159374113855112, 0.07530371373948179, 0.07919883621786969, 0.07885562128500868, 0.08031214109635987, 0.07491445824924294, 0.07384328019297678, 0.08110498778264259, 0.0813793595019826, 0.07348242628480743], [0.0744615120969825, 0.08333333333333331, 0.07267260712393177, 0.07154417835138266, 0.07535834051437382, 0.07918843574571525, 0.07883752918257364, 0.08032408957648539, 0.0750068834178367, 0.07388915189543202, 0.0806820788753053, 0.08127720244138263, 0.07342465744526484], [0.07428023833681095, 0.08323306391563833, 0.07252382571774853, 0.07143827777876992, 0.0753086763833056, 0.07929493840386145, 0.07893903974618668, 0.080448882274507, 0.07491046511698013, 0.07379036372371867, 0.08095738051413408, 0.08147931159707208, 0.07339553649126668], [0.07415125342534522, 0.08304080457034797, 0.07246787591191213, 0.0714505638037059, 0.07526364108746166, 0.07931922718417135, 0.07896878867420744, 0.08045501457578653, 0.07483321583162444, 0.07374098518378877, 0.08130620590015906, 0.08157207669135406, 0.07343034716013531], [0.07390596376650789, 0.08311579177960947, 0.07227491939127076, 0.07132178793236689, 0.07518872022829629, 0.07941888156516692, 0.07906799590820286, 0.08055002155322566, 0.07470717677958716, 0.07360894300773617, 0.0816977633802287, 0.08174473114519636, 0.07339730356260489], [0.07424526180858952, 0.08333333333333333, 0.07250427386241762, 0.07143251264723942, 0.0752847007075517, 0.07928277970383389, 0.07892813498395707, 0.08043307628897765, 0.07488074115289463, 0.0737685006006216, 0.08102930274714364, 0.0814869761592994, 0.07339040600414048], [0.0741220275916276, 0.08317056571007361, 0.07235515241149525, 0.07127910583956959, 0.07528662283130132, 0.07944322979468874, 0.079076987775172, 0.0806305798808211, 0.07484662207879213, 0.07369564535118414, 0.08106819844105287, 0.08168761539956199, 0.0733376468946596], [0.07456300083463203, 0.08333333333333334, 0.07272278934567782, 0.07154817822524272, 0.0754158302850215, 0.07918807883836519, 0.07883571681816959, 0.08032290835957648, 0.07508593630811708, 0.07394370022405757, 0.08043183044529643, 0.08118626040561176, 0.07342243657689852], [0.07468464999205802, 0.08333333333333334, 0.07279362204171147, 0.07157197532456944, 0.07548531350847348, 0.07917377728635262, 0.07882250841241464, 0.08029619786353905, 0.0751806409288475, 0.0740152982476874, 0.08015662670822002, 0.08105261579384894, 0.0734334405589441], [0.07483392247572263, 0.08318174407918028, 0.07288611935655863, 0.07161326711584216, 0.07559182873092363, 0.07917595278618797, 0.0788280415920405, 0.08027236280346463, 0.07531260460300875, 0.07411788311744623, 0.07983158454922902, 0.08088518066107434, 0.07346950812932117], [0.07495946371331101, 0.0829472938915683, 0.07297398239841642, 0.07166649738711657, 0.07568871756509273, 0.07917855382209558, 0.07883551664855329, 0.08025861600253924, 0.07542839841577706, 0.07421347056064795, 0.07958828223818924, 0.08074366103159408, 0.0735175463250984], [0.07502291441671462, 0.08257238844787572, 0.07297789497139012, 0.0716294741712379, 0.07582971526385898, 0.07927918099362612, 0.07894016023159935, 0.08042322005261644, 0.07556243410747335, 0.0742923793384257, 0.07924334056410154, 0.08067219729935009, 0.07355470014173016], [0.0750892253552916, 0.08238903288828138, 0.07298388482552204, 0.0715929512347553, 0.07598590603434793, 0.07934688577013656, 0.0790187165439535, 0.0805450359735992, 0.07571184290848001, 0.07438187116755678, 0.07881587335405764, 0.08054120978619057, 0.07359756415782763], [0.07505968215860327, 0.08264923883124034, 0.07291381668463093, 0.07149870839557633, 0.076066028322341, 0.07939796573909862, 0.07907792251711407, 0.08062884677011618, 0.07577279524341901, 0.07439281419741059, 0.07851446004241644, 0.08043864312210708, 0.07358907797592622], [0.07495243014227185, 0.08295498741610555, 0.07277310676039697, 0.07134713123187962, 0.07617681866601489, 0.07951738319096262, 0.0792100296471306, 0.08077767172801371, 0.07583385580503456, 0.07438547918784741, 0.0781556625561876, 0.08032818131129191, 0.07358726235686269], [0.07459556758154083, 0.08304599485165216, 0.07243820790001991, 0.07106462126083302, 0.07622900437550761, 0.07986115025381356, 0.07955502162985642, 0.08114913334017605, 0.07576063974357385, 0.07424599307047679, 0.07804409847191908, 0.08045182032868381, 0.07355874719194698], [0.07396383807824046, 0.0830919968578395, 0.07236783797022701, 0.07143545663187437, 0.07519809624274808, 0.07933753774044452, 0.07899640637096748, 0.08043502898469927, 0.07472910053135794, 0.07366077286418433, 0.08171397979340951, 0.08161207466624788, 0.07345787326775956], [0.07381275625783495, 0.08305386336896119, 0.07228334493770017, 0.07141908580636115, 0.07516585059226806, 0.07937766180947715, 0.07904518366689119, 0.0804353374965661, 0.0746613375344547, 0.07360568185075766, 0.08202642180653323, 0.08162138634230788, 0.07349208852988647], [0.07365202233828601, 0.0831379023730151, 0.07218327641199992, 0.07138401790091395, 0.07513325109450637, 0.07941944489354498, 0.07909647219982834, 0.08043063744787586, 0.0745912300319934, 0.07354317319245561, 0.0823157156447617, 0.08159495815902829, 0.07351789831179034], [0.07356431893610275, 0.08333333333333333, 0.07212434062151707, 0.07135621671069724, 0.07510640879754445, 0.07942331576562907, 0.0791059436381655, 0.08040741864659494, 0.07454652761428587, 0.07350224667162135, 0.08246099040726351, 0.08154930529377162, 0.07351963356347328], [0.07346650168460851, 0.08313004859079896, 0.07208030144297581, 0.07136868876507853, 0.07511746346930825, 0.0794741405776248, 0.07916794605207884, 0.08040493096343845, 0.07452684191162649, 0.07349012656685285, 0.08270005545846715, 0.08149100065696416, 0.07358195386017728], [0.07333002621558472, 0.083006191717583, 0.07197749183080739, 0.07134594207945254, 0.07512494734163297, 0.07955858404040331, 0.07926949068427629, 0.08040377820373928, 0.07448337992463112, 0.07344932804495148, 0.08290288451103302, 0.08149461755176673, 0.07365333785413819], [0.0733009153505608, 0.08281630524875047, 0.07195765416432193, 0.0713644033747644, 0.07515639013781449, 0.07961677655104003, 0.07933708795249214, 0.08041558030196296, 0.07449118694983016, 0.07345884634857086, 0.08287078368770553, 0.08149872946130572, 0.07371534047088044], [0.07417398632142624, 0.08271446156397741, 0.07232743408518136, 0.07119473626016189, 0.07540854799942276, 0.07962587295170839, 0.07924783337571459, 0.08084252367545564, 0.07495848342659246, 0.0737449001926832, 0.08070556909087222, 0.08171950886154823, 0.0733361421952555], [0.07452946266074713, 0.08310207991509347, 0.0726084571713603, 0.07138544534308541, 0.07551634443227771, 0.07939859822103625, 0.07903478103972418, 0.0805526227513752, 0.0751584049727725, 0.07394045584605875, 0.08014905804225417, 0.08123606667338049, 0.0733882229308342], [0.07474994183977446, 0.08300761832857287, 0.07276418096915907, 0.07147784443551557, 0.07565671921932413, 0.07935558160954932, 0.07900079827440222, 0.08045643661058177, 0.07533970191150491, 0.07409272263711256, 0.07970629095077766, 0.08094124837278474, 0.07345091484094078], [0.07321945124115431, 0.08263328831617739, 0.07186745678180888, 0.07130282652311862, 0.07515714275422664, 0.07969661157725935, 0.07942215606938617, 0.08045985344104213, 0.07446131405719031, 0.07341693334133388, 0.08309886035325204, 0.08154005616187372, 0.07372404938217664], [0.07314603745902411, 0.08241947623948147, 0.071787816555345, 0.0712540729421176, 0.07516501844932762, 0.0797731814024062, 0.07950591282108428, 0.08049246188367376, 0.0744387685806727, 0.07338420740416668, 0.08333333333333334, 0.08155598494982651, 0.07374372797954094], [0.07312738348059566, 0.08214978500409077, 0.07176800343123613, 0.071274562316077, 0.07523664599576108, 0.07990146613509816, 0.0796455691139669, 0.08055624835328323, 0.07447665979760054, 0.07341466284740114, 0.08303612404973439, 0.08157686687207583, 0.0738360226030791], [0.0730986003908322, 0.08185965908221222, 0.07173893789466998, 0.07128779558059481, 0.07530044574512806, 0.08001334204820033, 0.0797717017398471, 0.08059134291930703, 0.07450570944710613, 0.0734369012943872, 0.08292461215401528, 0.08154775911581745, 0.07392319258788246], [0.07301886932436118, 0.08158545612100751, 0.07164509757682341, 0.0712256033575538, 0.07532373609834384, 0.08012060414985003, 0.07989021940361939, 0.08062892283813058, 0.0744910469684773, 0.07340530813153584, 0.08319629750563116, 0.08151800636023428, 0.07395083216443182], [0.07297393760073456, 0.08145703544785363, 0.07158820816101447, 0.07117977110802112, 0.07533223485597464, 0.08018428627797299, 0.07995790206939014, 0.08066151830721693, 0.07448019693341056, 0.07338244132340413, 0.08333333333333333, 0.0815155286638881, 0.07395360591778534], [0.07296231230373836, 0.08126234807987151, 0.07156657035411655, 0.0711781274039001, 0.07538987474494012, 0.0802954248922071, 0.08007776403497818, 0.08071632416737623, 0.07451268085148324, 0.07340302477489676, 0.08312209472111144, 0.08150225011550895, 0.07401120355587136], [0.07293000053545014, 0.08105070100964885, 0.07152210263839115, 0.071154358084419, 0.07543371006785261, 0.0803976130422745, 0.08019031788935292, 0.08075386524301244, 0.0745287902944316, 0.07340535599134022, 0.0831187308435357, 0.08146072895389112, 0.07405372540639986], [0.07290897421331097, 0.0807350809566189, 0.07149990687476258, 0.0711744805778502, 0.0755094539730301, 0.08049158806989413, 0.08030867155278622, 0.08073093038255041, 0.0745683082369699, 0.07343755433250267, 0.08317129473885128, 0.0813114419159162, 0.07415231417495635], [0.07289927420132478, 0.08043094265179206, 0.07148163214383285, 0.0711901570827259, 0.0755979054241619, 0.08061274879963762, 0.08045328867100925, 0.08073543434258042, 0.0746206802149928, 0.07347724441084645, 0.0830674958234206, 0.08118316581977024, 0.07425003041390513], [0.07284102867524095, 0.0806825248090604, 0.07139848904383832, 0.07105568476416878, 0.07548734955452222, 0.08059087887630853, 0.08039919251943015, 0.08083380720307438, 0.0745312221072383, 0.07337366882419817, 0.08333333333333334, 0.08138829350492076, 0.07408452678466577], [0.07449543495451566, 0.08316878527649646, 0.07264601448331265, 0.07147374915471474, 0.07542513991259488, 0.07928434918200851, 0.07892634758219612, 0.0804360287217175, 0.07507236429376714, 0.07391070352365045, 0.08046507813474478, 0.08129056587958418, 0.07340543890069708], [0.07433057712765732, 0.08302703591478046, 0.07249742945206662, 0.0713547463143557, 0.0753919813079214, 0.07941363706306517, 0.07904785247719749, 0.08059318992630599, 0.07499443590595538, 0.07382009518108938, 0.08065952205459008, 0.08149886209864218, 0.07337063517637282], [0.07445304377592671, 0.08300651411787562, 0.0724707667267735, 0.07121735455094125, 0.07561930519628955, 0.07962011906015429, 0.07924869970881143, 0.08076807883828398, 0.07521912205240089, 0.07392772900800217, 0.07984331008282435, 0.08123936595425142, 0.07336659092746502], [0.07431825992295721, 0.08308430071391272, 0.07240282340755193, 0.07120548640698608, 0.0754799980967759, 0.07957622139595677, 0.07920048005106965, 0.0807692563926456, 0.07506487918963357, 0.07381971931471912, 0.08029034800973799, 0.08146125094823858, 0.07332697614981502], [0.07378146660388256, 0.0830312674562979, 0.07207317528615326, 0.07107593843338995, 0.07519529327800108, 0.07963752319342275, 0.07926420753552167, 0.08084571297571382, 0.07468085142891208, 0.07351071233359273, 0.08156895200577542, 0.08205181383097024, 0.0732830856383664], [0.07403604400858116, 0.0828542282535959, 0.07223052333187471, 0.07113890635973774, 0.07532836338590111, 0.07963473144968192, 0.07925571720171347, 0.08086112827484093, 0.07485687152114459, 0.07365551595012385, 0.08098107491443755, 0.08186306884110518, 0.07330382650726193], [0.07450419496118008, 0.08265554658626657, 0.07248586476000415, 0.07120735455759945, 0.0757353638998586, 0.07970568507374641, 0.07933834627769203, 0.0808888597854425, 0.07532697689427638, 0.0739976194839789, 0.07955405870329879, 0.08118954267873243, 0.07341058633792383], [0.07443416648947658, 0.08265893631485634, 0.07236876730019777, 0.07106797285504485, 0.07586160365087313, 0.07987539616239332, 0.07951344299712051, 0.08113387000843328, 0.07540874237203125, 0.0740085541407378, 0.07913488476812117, 0.08111791993856629, 0.0734157430021475], [0.07488346053706749, 0.08285537426032648, 0.07269274008096684, 0.07127101969332217, 0.07635213098406066, 0.07964051347366806, 0.07943252443738438, 0.08089589948955855, 0.07595308760971974, 0.07444213877332366, 0.07776475455971592, 0.080155487784881, 0.073660868316005], [0.07505167211959439, 0.08285980254548467, 0.07285337002636783, 0.0714075424312816, 0.07627694600949085, 0.07946802562424048, 0.07921029324196929, 0.08071865418342179, 0.07594678863344656, 0.07448143688713936, 0.07791941535652135, 0.08015749395405579, 0.07364855898698616], [0.07278728467835782, 0.08091323911001137, 0.07100462760017048, 0.07023369164312754, 0.07531284608259817, 0.08117136070452347, 0.080745627124577, 0.0824009337382792, 0.07443879149871319, 0.07305138698697917, 0.08158779921898784, 0.08306071681823529, 0.07329169479543962], [0.0727776050672511, 0.08124663782484946, 0.07105352752343992, 0.07031837306409647, 0.07524025821444846, 0.08096147345025599, 0.08056113842191744, 0.08208251625347576, 0.07438200184779444, 0.07304052382377403, 0.08195796629371302, 0.08306937685487888, 0.07330860136010503], [0.07282597779947807, 0.08152754355914123, 0.07111714532896835, 0.07035185086231519, 0.0751808053892978, 0.08076753039823599, 0.08036780972792887, 0.08193783623833614, 0.07436183279455828, 0.07303978049951139, 0.0819354484415378, 0.08333333333333331, 0.07325310562735741], [0.07290086571441835, 0.08181073589269161, 0.07122469711630833, 0.0704506795286431, 0.07515553187827481, 0.08058974068762688, 0.08019845754172894, 0.08175472022468326, 0.07437114333197288, 0.07307970759002529, 0.08211001258728115, 0.08309293573835941, 0.0732607721679859], [0.07301903593974245, 0.08197143355879617, 0.07133084204694708, 0.0704907161014995, 0.07515083598300135, 0.08045439350568918, 0.08005344434494832, 0.08170221150760076, 0.07441576299632847, 0.0731262905995122, 0.08203150748447127, 0.08304506310963246, 0.07320846282183066], [0.07311986084842301, 0.0819381463656622, 0.07140341251566885, 0.07050235554149403, 0.07517862783472115, 0.08040595506383236, 0.07999511189221047, 0.0817169356670243, 0.07447621580041933, 0.07317375878988525, 0.08176409381316296, 0.08315266822193815, 0.0731728576455582], [0.07323590885248873, 0.08157503656757113, 0.07145763731290958, 0.0705042313157961, 0.07532028381353478, 0.08057488502960614, 0.08014879359090119, 0.08195410918146974, 0.07461896014196567, 0.07327202242744849, 0.08124251033029381, 0.08288280166119093, 0.07321281977482373], [0.07310078576401315, 0.08109595604459435, 0.07123353415277597, 0.07029040916622734, 0.07542677325260282, 0.08100661782712806, 0.08055693332650757, 0.08246033847463634, 0.07464576789291569, 0.07321667167420863, 0.08069763030389017, 0.08305301525829059, 0.07321556686220944], [0.0728851244662209, 0.0806960445354936, 0.07101069373873524, 0.07014662977151469, 0.07541935095575678, 0.08131894344120229, 0.08085952991655779, 0.08279284363302992, 0.07455699763245567, 0.07310500107036716, 0.08090769563744139, 0.08306308848318164, 0.07323805671804298], [0.07277074636532312, 0.08056043192465716, 0.07092068273511723, 0.07010875989283533, 0.07536828849172705, 0.08136359509619907, 0.08091165986662788, 0.08273337165435729, 0.0744763795161538, 0.07303621077945914, 0.08117187315220524, 0.08333333333333333, 0.07324466719200433], [0.07285331855758809, 0.08099352518002932, 0.07104796393615444, 0.07021957097205918, 0.07529985623678694, 0.08107859209812748, 0.08064126098680113, 0.08242859829962311, 0.07445976445196345, 0.07306327085826216, 0.08135732589616776, 0.08333333333333334, 0.07322361919310362], [0.07282658880285967, 0.08111933439103332, 0.07106456224886122, 0.07028498365108769, 0.07528035388495918, 0.0810345943299655, 0.0806148867453843, 0.08226943185224661, 0.07443113539559468, 0.07306395428820878, 0.0816653159024096, 0.08306483947697223, 0.07328001903041723], [0.07294283530986605, 0.08149855437860298, 0.07119150006676776, 0.0703466834497653, 0.07521742591750878, 0.0807464018306867, 0.08032598330597442, 0.08205738779723645, 0.07443593296665602, 0.0730912023722434, 0.08161397923053809, 0.08333333333333334, 0.07319878004082078], [0.07307023346732752, 0.08125952980823357, 0.07127365521235146, 0.07037253779643055, 0.07532318650721245, 0.0808252366967648, 0.08039068244426972, 0.08222208421849007, 0.074558326034341, 0.07318414303286933, 0.08122303664288869, 0.08307766743084125, 0.0732196807079798], [0.07300216755522934, 0.08128978346974776, 0.07121963320564006, 0.07035100949353865, 0.07529753032431091, 0.0808595699790284, 0.08042844049895703, 0.08222701726388457, 0.07451354101113863, 0.07314538827516341, 0.08134518943270445, 0.0830932997837121, 0.07322742970694457], [0.07299383052373451, 0.08094551990779911, 0.07115802583631138, 0.07026262421578415, 0.07535680158627671, 0.08101716438363633, 0.08057101165335002, 0.08245414743550152, 0.07455503212841066, 0.07314447169305723, 0.08099909822908487, 0.08333333333333333, 0.0732089390737202], [0.07291590362620058, 0.08150611504538789, 0.07118484950007993, 0.07037386048530413, 0.07521971759781122, 0.08076763870740834, 0.08035524853321453, 0.08202535153496021, 0.07442411127016484, 0.0730907824799877, 0.0817272173108067, 0.08316799336711654, 0.07324121054155738], [0.07303962230621493, 0.08176636210149271, 0.0713045287996566, 0.07042038214050543, 0.07518281565617638, 0.0805336576820269, 0.08011749120685632, 0.08185453481477184, 0.07444998465516431, 0.07312761863315766, 0.08170532410516405, 0.08333333333333333, 0.07316434456547947], [0.07314770837088803, 0.08156254502540866, 0.07137821854290813, 0.07045464373826749, 0.0752815741872508, 0.08061572797500696, 0.08019003712360205, 0.08198741116664948, 0.07455885050126747, 0.07321360742785167, 0.08137735563337851, 0.0830321009543145, 0.0732002193532063], [0.07317747087291651, 0.08129622265277578, 0.07132919233572817, 0.07036512264081778, 0.0754063666299009, 0.08084743479703059, 0.08040492425193929, 0.08227784308818162, 0.07466035192394564, 0.07325287190114602, 0.08080033900674465, 0.08297314098950422, 0.07320871890936893], [0.07328282272041758, 0.08154139495208562, 0.07146942976383978, 0.0704865314941274, 0.07538157643077419, 0.08063819535777042, 0.08020644101564867, 0.08203515638847905, 0.07468101867010382, 0.07330891250995984, 0.08096382138376143, 0.08278767667757661, 0.07321702263545568], [0.07298753380120139, 0.08178926940629275, 0.07127888635903817, 0.07044348707159094, 0.07517988876092549, 0.08057392013698128, 0.08016697471068712, 0.08183675298010157, 0.0744242753792484, 0.07311569415027903, 0.08189758849664908, 0.0830898840558774, 0.0732158446911275], [0.0731807714401217, 0.08184306159657512, 0.07144338606117372, 0.07051450448783433, 0.07522477645130712, 0.08043357920190515, 0.08001723425729018, 0.08177325231093237, 0.07453176929966393, 0.07321631925502847, 0.0815665665110334, 0.08307494393598562, 0.07317983519114891], [0.07330003542991634, 0.08178390536808673, 0.07153982643428984, 0.07056889220592089, 0.07529944071120738, 0.08043269305649424, 0.08001279427479842, 0.08179254164951563, 0.0746284714557021, 0.07330138965006153, 0.08129642796270038, 0.08283831810414996, 0.07320526369715656], [0.07263334899481093, 0.07991221992249495, 0.07078544725911047, 0.07012522982051272, 0.075590727056232, 0.08199476027126441, 0.08156476128400077, 0.082575410833962, 0.07456043279471572, 0.0730918543816406, 0.08116358660402917, 0.08246624015113097, 0.07353598062609544], [0.07264598736139811, 0.08015514451949232, 0.07075663090058934, 0.0700276607175648, 0.07554418369614573, 0.08193357003843281, 0.0814709152661822, 0.08285862734496552, 0.0745424817408515, 0.07304960788858585, 0.08095360557410133, 0.08265540671329365, 0.07340617823839694], [0.0727262515008837, 0.08057450137152161, 0.07077468841306574, 0.06993629560657744, 0.07551791142272293, 0.08176808061478036, 0.08128446111737564, 0.08333333333333333, 0.0745675771031372, 0.07304007112903427, 0.08052909181489706, 0.0826967215760959, 0.07325101499657471], [0.07296041009821945, 0.08096992253876728, 0.07094952425901511, 0.07002890028443676, 0.07570259774209323, 0.0817163355427134, 0.08124733074760974, 0.08293271106216844, 0.07478600440324461, 0.07322024086178126, 0.0799400857931845, 0.08223428691083044, 0.07331164975593572], [0.07304022415463174, 0.08068079252297183, 0.07092643411832734, 0.07003285578236533, 0.07612290395085397, 0.08207901163702656, 0.08171191539591664, 0.0829180448248656, 0.07509918114735178, 0.07342869522510846, 0.07909230527364053, 0.08128591837438055, 0.0735817175925598], [0.07280901896670694, 0.07991202330063546, 0.0707219535616882, 0.06999697866633281, 0.07625615877521735, 0.08270041971596602, 0.08242615456035803, 0.08265800187983714, 0.07508305379235225, 0.073400367326638, 0.07926427122421292, 0.08095449915345683, 0.07381709907659802], [0.07247950978491545, 0.07943385887176392, 0.07046063665443618, 0.06986261418202658, 0.07605301560415408, 0.08333333333333333, 0.08280425024688262, 0.08290551854669201, 0.07481254462837802, 0.07317197136092257, 0.07984756976785336, 0.0810488071816475, 0.07378636983699438], [0.07247733831300074, 0.07943684953958109, 0.07055482127771817, 0.06999313704805914, 0.07587506241749895, 0.08277623655085599, 0.08239866050028365, 0.08284096129596984, 0.07468625564709587, 0.07312977524545336, 0.08057328959514164, 0.08149334132237801, 0.07376427124696343], [0.07259707793819123, 0.07980203190129118, 0.07072703788444952, 0.07009340696030507, 0.07567742121144184, 0.08223560737926379, 0.0818064126686786, 0.08252662380470858, 0.07460320200781434, 0.07310904206699433, 0.0810168153522441, 0.08220036178721667, 0.07360495903740069], [0.07263284122444691, 0.08009237471153552, 0.07072865437486778, 0.07001629691631522, 0.07561057266701235, 0.08210365855033373, 0.0816355504780472, 0.08278352135181158, 0.07458080499048676, 0.07307078810129304, 0.08082194157441379, 0.08246389791869686, 0.0734590971407394], [0.07268472716193118, 0.08040126920719984, 0.07072018849527788, 0.06992450129485929, 0.0756154369205193, 0.08204714522340749, 0.08155562412964859, 0.08314034864015803, 0.07461386531905399, 0.07306515991335567, 0.08043965469767689, 0.08244461848985804, 0.07334746050705382], [0.07272943710590202, 0.0805659313009997, 0.07073751773974868, 0.06989952363261093, 0.07562678670625005, 0.08197802654701566, 0.08148703654151891, 0.08333333333333333, 0.07464325416196452, 0.07307807159306966, 0.0802424751367953, 0.08237506007230062, 0.0733035461284906], [0.0727439571376365, 0.08052617530040942, 0.07071289118068637, 0.06987742794925898, 0.07575066926332279, 0.08217056663080606, 0.08168292470595484, 0.08333333333333334, 0.07473283569976676, 0.07313021778093896, 0.07993041845338186, 0.08203733809499943, 0.07337124446950481], [0.07257072473381279, 0.07994360095753726, 0.07060781178289734, 0.06991879149305989, 0.0757614235062008, 0.08254706406568696, 0.08205163046853813, 0.08292821447395345, 0.07465899434171355, 0.07308976548611766, 0.08042864317388398, 0.08195348461464559, 0.07353985090195257], [0.0724970370069686, 0.07977000388470462, 0.07047906617676601, 0.06980754632663753, 0.07587932124700142, 0.0829125976404753, 0.08239253972354231, 0.0