[[0.07378502372929997, 0.07091151543787202, 0.07465440991878623, 0.08250740400402794, 0.07596387022344785, 0.07937207784851608, 0.07140830110701438, 0.07503485162939874, 0.08031915651776386, 0.08146925111499129, 0.08108330430457332, 0.08158800668895273, 0.07190282747535552], [0.07384101796910007, 0.07095573880710362, 0.07458403802463273, 0.08277623176635435, 0.0758771053588788, 0.07946404265830545, 0.07145599936731006, 0.07498656154693119, 0.08014521543385131, 0.081357166336092, 0.08093884764489491, 0.08166947075794953, 0.07194856432859623], [0.0739276449613289, 0.07104147829386052, 0.07452407461176633, 0.08303292918303894, 0.07579255962471895, 0.07955788437952457, 0.07154361362046215, 0.07494933111801712, 0.07993973946475462, 0.08119609707245325, 0.08075351962961727, 0.08170929273846786, 0.07203183530198952], [0.07402666971321929, 0.0711245126265278, 0.0744884891793603, 0.08297922253000321, 0.07574359212385783, 0.07966728656164333, 0.07163184521121582, 0.07494116538629407, 0.0798002066049824, 0.08109293692637626, 0.08063316789418726, 0.08175191297429651, 0.07211899226803593], [0.07417574887581029, 0.07127906505929277, 0.07448726366606229, 0.08274541087818392, 0.07571676488906681, 0.07977584403302151, 0.0717880209521393, 0.07496479039012856, 0.07963845270197689, 0.08094548614577407, 0.08047779981888374, 0.08173526734433209, 0.0722700852453277], [0.07422918740945997, 0.07128818536615654, 0.07442158890451943, 0.08296420986388586, 0.07565374270039128, 0.0798706220867647, 0.07180782198438626, 0.07493186193874454, 0.07953048390042086, 0.08086809664968361, 0.08038896329780543, 0.08175097722472177, 0.07229425867305969], [0.07428726953130248, 0.07121917337292194, 0.07427988671482715, 0.08333333333333334, 0.07554194682076355, 0.08007652356410942, 0.07176709503705268, 0.07486058747944761, 0.0794049208516569, 0.0808109240441848, 0.08030883821912042, 0.0818393749565854, 0.07227012607469444], [0.07444899682497354, 0.07129573440965019, 0.0742408832080769, 0.0829637225613533, 0.0755138274545419, 0.08029716179297125, 0.07186444835339889, 0.07488281276923489, 0.0792983763604373, 0.08073377188690087, 0.08022456092068146, 0.08185856077148274, 0.07237714268629689], [0.07456135922691697, 0.07126475950237715, 0.07416604019271883, 0.08263440490749395, 0.07547931137073362, 0.08057333851241938, 0.07186516703679048, 0.07488383698777738, 0.07925846297311145, 0.08074177297203125, 0.08022135592468911, 0.08195215295614125, 0.07239803743679923], [0.07471088187186349, 0.07121576292298144, 0.07404400358355441, 0.08266767201676135, 0.07540884031775959, 0.08093323018820266, 0.07186022952271533, 0.07486764341617974, 0.0791474223524585, 0.0806633195804919, 0.08014294233275328, 0.08191732131703444, 0.07242073057724378], [0.07483234998704787, 0.07109397359938623, 0.07388604576706226, 0.08308469760211275, 0.07532042973828662, 0.0813344900806682, 0.07179111091478058, 0.07482971025003254, 0.0790343724139647, 0.08056510953650511, 0.08005648481955106, 0.08178432837372895, 0.07238689691687304], [0.07504208273109421, 0.07118555072352689, 0.07386447016246309, 0.082986200876895, 0.07531627637139424, 0.08158191348323168, 0.07191078335560289, 0.0748840243904004, 0.07889963793053023, 0.08038509299592195, 0.07990535156537901, 0.08151701168896436, 0.07252160372459601], [0.07519133841108794, 0.07113496446571957, 0.07383791296361428, 0.08246125902173464, 0.07535664453056841, 0.08200417303449697, 0.0719025483491601, 0.07495345239675201, 0.07892182856827054, 0.0803787702047279, 0.07992924838091664, 0.08138350757498423, 0.07254435209796646], [0.07529581455074529, 0.07109426184768582, 0.07383060632097126, 0.08206368590141691, 0.07540102347900729, 0.08232983729588175, 0.07189233630328806, 0.07501540569416866, 0.07895052470660842, 0.08036940769432055, 0.07995046950787316, 0.08124938071899306, 0.07255724597903966], [0.07535674926939664, 0.07097505580806779, 0.07382719495040636, 0.08154179055481094, 0.07547695373805749, 0.08276684305761228, 0.07180960182229269, 0.07509055851342931, 0.07906145809165588, 0.08042562638920828, 0.08005152226726171, 0.08111122592325924, 0.07250541961454153], [0.07533828875645461, 0.07084226841465147, 0.07384484997795751, 0.0811307331071695, 0.0755625323167206, 0.08299607943646894, 0.07169899125738212, 0.07515237597486048, 0.07922582662256016, 0.08054164943720137, 0.0802079262094835, 0.08104152342350734, 0.07241695506558235], [0.07537664364198542, 0.07078401565828267, 0.07395709791035047, 0.08058837377299793, 0.07574701676386052, 0.08278743272837498, 0.07166021078031651, 0.07530866005146401, 0.07945927066466586, 0.08065836726378152, 0.08040037500005709, 0.08087319930785734, 0.07239933645600569], [0.07531381108527761, 0.07070662780908538, 0.07412482287855299, 0.08005843376452702, 0.0759825609129301, 0.08222431156620345, 0.07158504424171937, 0.07547678397648745, 0.07982647770366744, 0.08088536251078383, 0.0807195707272663, 0.08076038473470311, 0.07233580808879587], [0.07376611694761634, 0.0710241910706693, 0.07483763724586744, 0.082275677106187, 0.07611398922688707, 0.07914492861983585, 0.0714929500993468, 0.07514594823550232, 0.08043294199911225, 0.08139789082845317, 0.08108898093454521, 0.08130805250911237, 0.07197069517686484], [0.0738186045075138, 0.07104659646197478, 0.07472613690784718, 0.08264253926750657, 0.07598883903844961, 0.07927273399774724, 0.07152255471534749, 0.07506759650965392, 0.08022498423482956, 0.08130360099591744, 0.08093945167623687, 0.08144610736951982, 0.07200025431745588], [0.07385621015984117, 0.07107276799119075, 0.07467106661023228, 0.08285444552452179, 0.07592352196037372, 0.07933785819493917, 0.07155186155013711, 0.07502989685799767, 0.08010256244011676, 0.08122964228892858, 0.08084148806032589, 0.08150004490719515, 0.07202863345419988], [0.07394631536424781, 0.07109286861920355, 0.07454008434993713, 0.08312347763090969, 0.07579134506732498, 0.07952977387584612, 0.07158853276854908, 0.07495541268626113, 0.07989018149237663, 0.08112733686425934, 0.08069050018705261, 0.08165326778337029, 0.07207090331066174], [0.07386389353811945, 0.07104429313551992, 0.07462559331231763, 0.08290421969354152, 0.07588764727350972, 0.0793986073153298, 0.07153117293515192, 0.07500399994819885, 0.08007621206472744, 0.08124380263480298, 0.08083936025153718, 0.0815685217859519, 0.07201267611129171], [0.07407966393292495, 0.07121875381554955, 0.07451560669935871, 0.08296850340803659, 0.07574614819494593, 0.07965192848690818, 0.07171845161752058, 0.07496036986950702, 0.07972448447301307, 0.08099597238052915, 0.08054241635942676, 0.08168003254590672, 0.07219766821637269], [0.07419846949791378, 0.07136599680921611, 0.07453760946209591, 0.08277303395619774, 0.07573974236024936, 0.07970115871926955, 0.0718619754022002, 0.07499144915849106, 0.07959835974350714, 0.08086438031817676, 0.0804108119082281, 0.08162338778285788, 0.07233362488159653], [0.07425130072123175, 0.07131749611169677, 0.07442252159181888, 0.08299465337595878, 0.07564781778898509, 0.0798738393681491, 0.07183613880043024, 0.07493427288475904, 0.07949642303789807, 0.08082968038090613, 0.08035194729541731, 0.0817231638943645, 0.07232074474838417], [0.07437643096071564, 0.07143109204686542, 0.07439598958551155, 0.0830732647087461, 0.07560355068066237, 0.07995934666001193, 0.0719550367161941, 0.07493749804514077, 0.07933300037129827, 0.08066885713297603, 0.08019057121828772, 0.08163775508421581, 0.07243760678937428], [0.07448877075320705, 0.07142030617754247, 0.07429102473538947, 0.08313860391941483, 0.07552444791889203, 0.08018616551487918, 0.07197255494619162, 0.07490604243688095, 0.07921309600344983, 0.08060018000516968, 0.08010701180569854, 0.0816809995352455, 0.07247079624803872], [0.07456907205076466, 0.07138416239539015, 0.07422424850471841, 0.08291330786753093, 0.07549119870622298, 0.0803994320529176, 0.07196204877566388, 0.07489952498044425, 0.07918506036047636, 0.08061569096841577, 0.08011102044397166, 0.0817684667885582, 0.07247676610492518], [0.07467629429521418, 0.0713818044677282, 0.07417658051602453, 0.08261011397376022, 0.07547230924469027, 0.0806185669492711, 0.07198427126797277, 0.0749119867642719, 0.07914676135165866, 0.08060528740916759, 0.08009605794811422, 0.0818057971919613, 0.07251416862016513], [0.0747716473556498, 0.07136060921749575, 0.07410755672932998, 0.08261406982504119, 0.07543267359985374, 0.08082721421282725, 0.07198911822526376, 0.07490579329208127, 0.07907874880197299, 0.08055453048140178, 0.08004595348829414, 0.08177695487817008, 0.07253512989261818], [0.07482018172356499, 0.07133467150946343, 0.07405248414999678, 0.08279776867960376, 0.07539592275980415, 0.0809447405887506, 0.07197973742101743, 0.0748899821309221, 0.0790217877575723, 0.08050318405961539, 0.0799973138226753, 0.08172617142574913, 0.07253605397126456], [0.07489695479474935, 0.07131609884332388, 0.0739872946484012, 0.08303956002230614, 0.07535235055879354, 0.08109597672139172, 0.07198262176664508, 0.07487668809583872, 0.07893807053713639, 0.08041776934404227, 0.0799193065834864, 0.08162536494746449, 0.07255194313642081], [0.07493820380836992, 0.07121763018252371, 0.07389294983049816, 0.08333333333333333, 0.07530137153631329, 0.08130755357742471, 0.07191378079322937, 0.07484652092794311, 0.07889471819890102, 0.080385394480029, 0.07989214711272129, 0.08157241757812621, 0.0725039786405868], [0.07526106768229192, 0.07141911349698754, 0.07392432546143599, 0.08279242089187677, 0.07534195398666571, 0.08157559185005928, 0.0721458494039233, 0.07496648356891204, 0.07873573218531392, 0.08015518276148469, 0.0797019956139235, 0.08122981960455036, 0.07275046349257497], [0.07537124550528755, 0.07134862825814917, 0.07388960262612364, 0.08241722789604326, 0.07536883635220004, 0.08192954730466656, 0.07211309465654134, 0.07501461332614907, 0.07876177218417013, 0.0801627605409826, 0.07973228223161559, 0.08114445404808199, 0.0727459350699891], [0.07501104639656059, 0.07110869525323374, 0.07384476064106259, 0.08288134076197984, 0.07532095919518378, 0.08166778805090207, 0.0718423427290993, 0.07487762094140148, 0.07895905527156881, 0.08046065648218667, 0.07997828397603092, 0.08158596473655369, 0.07246148556423665], [0.07548886573816657, 0.07135111703787012, 0.07388931889183123, 0.08210764777862838, 0.07540329880739896, 0.08215981928269195, 0.07214035937013559, 0.07507270493471362, 0.07875345023891822, 0.08011820994630237, 0.07971280786434118, 0.08101166326242751, 0.07279073684657439], [0.07561077695196361, 0.0712788667227121, 0.07388535876649999, 0.08161017570850694, 0.07547166124747859, 0.08257772188377233, 0.072108178165683, 0.07515838407781271, 0.07880660873517034, 0.08011155954543289, 0.07974977642532591, 0.08084080827655643, 0.07279012349308524], [0.07559338810860644, 0.07115515286382007, 0.07387249637005527, 0.08134346774354843, 0.07551340302794296, 0.08286439489851778, 0.07200490113134544, 0.07518589955677404, 0.07890829983486536, 0.08018926214484383, 0.07985071123822648, 0.08081247145688575, 0.07270615162456819], [0.07557664161663703, 0.07098460242178051, 0.07387745661586814, 0.08086735581007781, 0.075602927794496, 0.08333333333333331, 0.07186434841798021, 0.07525256868956545, 0.07907102876616309, 0.08028211157690245, 0.07999533754588131, 0.0806977891260991, 0.07259449828521536], [0.07572151874608228, 0.07104198433239932, 0.07401754885803648, 0.08039887462259353, 0.07579346614578271, 0.08290165000442364, 0.07194060462690535, 0.07544440451793556, 0.07922453161395894, 0.0802818333233245, 0.08006735882162966, 0.08047807570063029, 0.07268814868629755], [0.07557028382744758, 0.07089437602988218, 0.07409717656964476, 0.08013771301190055, 0.0759268868993179, 0.08252982223114055, 0.07179000205060233, 0.07550725350735635, 0.0795376276593867, 0.08054402064076824, 0.08037093151663668, 0.0805492280210911, 0.07254467803482496], [0.07380862870111377, 0.07116576814777768, 0.0749077798386797, 0.08236506126907502, 0.07613646461843089, 0.07906152888280911, 0.07161425156019031, 0.07517955682499826, 0.08032554949769406, 0.08123304344440956, 0.08093806098276284, 0.08118902339382526, 0.0720752828382336], [0.07389581110832304, 0.071209758025778, 0.07474637207997384, 0.08291584598718046, 0.07595465711119985, 0.07924185460551182, 0.07166903087943872, 0.07506912223489876, 0.08001982454560844, 0.08108120381442561, 0.08071398213562707, 0.08135279749192677, 0.07212973998010762], [0.07385944745571954, 0.07118571742985452, 0.07479996581024176, 0.08271600721809072, 0.07601714376728848, 0.0791807171697888, 0.07164163961389798, 0.07510507618437572, 0.08013345785447194, 0.08114765887208784, 0.08080283867423911, 0.081307329559013, 0.07210300039093055], [0.07390399235001573, 0.07114638703634948, 0.07465333417716943, 0.08306835088770444, 0.07588126652622923, 0.07935422321034838, 0.07162101749018933, 0.07501397499954462, 0.07997028367024141, 0.08110775604705432, 0.08071055825794209, 0.08147766506739329, 0.07209119027981828], [0.07396891400735252, 0.07127292980868997, 0.07467808038152607, 0.08318943924065281, 0.07586822379968268, 0.07932836571635705, 0.07173588428458229, 0.07502641405856839, 0.07983708974553662, 0.08095348977545032, 0.08055968874162207, 0.08138743546694104, 0.07219404497303816], [0.07408039836203481, 0.07133711045607094, 0.07461255546700125, 0.08308124208949372, 0.07579935382237954, 0.0794866805759751, 0.07181217760201965, 0.07500567035107099, 0.07969447496818297, 0.08088052698644455, 0.08045744113937148, 0.08147879936379084, 0.07227356881616413], [0.07396208642482162, 0.07120013064154851, 0.0746006820102981, 0.08333333333333333, 0.07581242541551826, 0.07941597900200552, 0.0716770008231563, 0.07498008328768091, 0.07981825650803524, 0.08099062433529793, 0.08057588995789233, 0.08148892473464443, 0.07214458352576754], [0.07422519957467852, 0.0714836494013203, 0.0746133224949915, 0.08277913082335016, 0.07577834414873105, 0.07959176528493998, 0.07196110154009049, 0.07503226512921558, 0.0795543914765549, 0.0807619581024286, 0.08032863128864495, 0.0814719312366739, 0.07241830949838], [0.07430543881186169, 0.0715566618478518, 0.07460430766259636, 0.08266765056246354, 0.07575983157704952, 0.07965527562578983, 0.07203728460733232, 0.07504156773965352, 0.07947182319214713, 0.08069204032378112, 0.08025342561124041, 0.081461322666391, 0.07249336977184173], [0.0743398844319215, 0.07154658936429219, 0.07455033518492984, 0.08278850781477019, 0.07571394905939632, 0.07973456309478541, 0.07203749991291486, 0.07501560211237306, 0.07941063602831894, 0.08066062773889743, 0.08021136919758505, 0.08149154589355286, 0.07249889016626228], [0.0744344557559484, 0.07161974100720744, 0.07452004651047582, 0.0828245472351994, 0.07567539093693233, 0.07981357301186284, 0.07211739531876026, 0.07501369175056942, 0.079293012327276, 0.0805558663712419, 0.08010226344116068, 0.08145080580456816, 0.07257921052879732], [0.07450380445591837, 0.07155850236398402, 0.07438504211997057, 0.08314457789655773, 0.07557164131057077, 0.08001638200372521, 0.0720855196020943, 0.07495108223603832, 0.07917693956896621, 0.08050205796477211, 0.08002879257554149, 0.08151113442905857, 0.07256452347280233], [0.07453302920944681, 0.0715202259907269, 0.07431755747459155, 0.08333333333333333, 0.0755213172723843, 0.08011557772911229, 0.07206225197822114, 0.07491932198127048, 0.07912388961341926, 0.0804759939322979, 0.07999491845188779, 0.08153218728029143, 0.07255039575301671], [0.07456577225115266, 0.07150943638791973, 0.07429486864575588, 0.0832122715458077, 0.07551121567486739, 0.08019672560283457, 0.07206108224816839, 0.07491925659849306, 0.07911687687586673, 0.08048644898332023, 0.08000049678692661, 0.08157017149087172, 0.07255537690801528], [0.07468397159645106, 0.07153651077601099, 0.07425687271749416, 0.08290304744411944, 0.0754933215776735, 0.08038732839583425, 0.07210931655132596, 0.07493605820653963, 0.07906311505920455, 0.08045731239076685, 0.07996675247660831, 0.0815908486931497, 0.07261554411482163], [0.07479486684640763, 0.07154701146785655, 0.0742185563427473, 0.08259198435289104, 0.0754801129148596, 0.08058804962587843, 0.07214259131818133, 0.07495399837161011, 0.07902439755642103, 0.08044017245804642, 0.07994709230936134, 0.08160859163498035, 0.07266257480075883], [0.07487443109579567, 0.07154174574012181, 0.07417279907158736, 0.08255430432265279, 0.07545484166184653, 0.08073873658337347, 0.07215649227199107, 0.07495490808940347, 0.0789733675920368, 0.08040011003536514, 0.07990804167182178, 0.08158213178049754, 0.0726880900835067], [0.07502793748964255, 0.0715634957292855, 0.07408933144340507, 0.08282726528609155, 0.07539503680743706, 0.08094668891005911, 0.07220909502265736, 0.07495016399688471, 0.07882250769679429, 0.08024162981774537, 0.07976174681446696, 0.08140738661072922, 0.07275771437480123], [0.07518492638329442, 0.07161061715952963, 0.07404586667981554, 0.08287218011600737, 0.07537041473864889, 0.08112303794673, 0.07228217714203058, 0.07497346919458456, 0.07870757001472538, 0.08010692599200041, 0.07964304797495701, 0.08123468555781428, 0.07284508109986194], [0.07529549647902738, 0.0715051428658718, 0.07395672873285973, 0.08278557479572357, 0.07534956128563726, 0.08148316438578983, 0.07222234768549675, 0.07498336184835444, 0.07869120265611694, 0.08009447825781282, 0.07964416331391776, 0.0811707940469719, 0.07281798364641973], [0.07513617586715048, 0.07140175759101919, 0.07393911303467603, 0.08303627885417289, 0.07532910177299017, 0.0813718899317191, 0.07210460009668014, 0.07492377256858686, 0.07877140079918611, 0.08021076904363149, 0.07974085675446083, 0.08134055248448367, 0.07269373120124321], [0.07504797087666339, 0.07147609732232577, 0.07401645305358551, 0.08300556276658631, 0.07535725365333945, 0.08110398047097263, 0.07214417678500719, 0.0749242323882782, 0.07880595451346488, 0.08024138393754052, 0.07976160001573522, 0.08140624826739551, 0.07270908594910547], [0.07491543297112731, 0.07147038443661055, 0.07408949284391861, 0.08278749794447834, 0.07540429615482758, 0.08090366200391373, 0.07210935271244204, 0.07492516482475632, 0.0789255621425313, 0.08037056862038437, 0.07987796338678153, 0.08156333590509968, 0.07265728605312856], [0.07512160270131728, 0.07142836393421395, 0.07395725000990387, 0.08305422341652437, 0.07533321388330687, 0.08130111675262638, 0.07212264283234149, 0.07492382008890451, 0.07876887923234809, 0.08020556131160057, 0.07973377224191566, 0.08134414845589875, 0.07270540513909822], [0.07499598439223476, 0.07121881570075961, 0.07388303021307453, 0.08318074676159823, 0.07530739579747275, 0.08142317081054888, 0.07192739463779246, 0.07486609144316195, 0.07888450176278099, 0.0803701285322248, 0.0798836388454879, 0.08153323486158622, 0.07252586624127709], [0.07537679049269781, 0.07147074678384131, 0.07393107526642707, 0.08258104399738012, 0.07536059288752922, 0.08169603704198253, 0.07221244229064291, 0.07501220749684921, 0.07869185213933128, 0.0800843303410922, 0.0796474585699926, 0.0811096738699863, 0.07282574882224747], [0.07547877013170663, 0.07145872857678343, 0.07391985979073201, 0.08231804532094956, 0.07538413601907877, 0.08191117296748225, 0.07222479793408174, 0.0750569503165585, 0.07868671196882686, 0.08005545640208664, 0.07963768388770304, 0.08101225004422132, 0.0728554366397894], [0.07559288831238428, 0.07143334711043196, 0.07391273634366934, 0.08198232233159679, 0.0754225771288735, 0.08218066162016972, 0.0722288139404506, 0.07511675477063827, 0.07869573798179988, 0.08002816526253714, 0.07963734509809701, 0.08088746093004397, 0.07288118916930765], [0.07568270980183303, 0.07142190990781233, 0.0739165228729645, 0.08171880468854748, 0.0754598640294571, 0.0823746069264511, 0.07223871540084009, 0.0751699442856867, 0.07870313175006675, 0.07999911806034958, 0.07963234024746979, 0.0807753030773325, 0.07290702895118888], [0.07572062483553825, 0.07128781673074434, 0.07390621518991307, 0.08130676445348817, 0.07552595946721931, 0.08277127151626515, 0.0721386681546269, 0.07523147879583496, 0.07880911126853407, 0.08005693771273731, 0.07972844176542913, 0.08068004967574517, 0.07283666043392395], [0.07579351213927409, 0.0711988836160821, 0.07394021742857046, 0.08081452212696748, 0.07563573970132353, 0.0830776838498518, 0.07208236210533327, 0.0753390439539678, 0.07892120932564, 0.08007858792316475, 0.07980740685728757, 0.0805016948262162, 0.07280913614632085], [0.07583599772586325, 0.07116251616560058, 0.0740044211679696, 0.08048830386426575, 0.07574805860552843, 0.08298049385471301, 0.07206179270467383, 0.07544058451883479, 0.0790654481603195, 0.08012067512219269, 0.07989476136956508, 0.08039260841602314, 0.07280433832445021], [0.07584600225781826, 0.0711125628731367, 0.07411977205402473, 0.08008738524626811, 0.07592369559107147, 0.0826239692931719, 0.07202353153477074, 0.07558402111058467, 0.07932386196802646, 0.08022504841059491, 0.08006361234593093, 0.08028494011354935, 0.0727815972010519], [0.07561935408503867, 0.07091704183739544, 0.0742004921402228, 0.07984018775498945, 0.076062414939354, 0.08225450184501634, 0.0718188928667005, 0.07562983075283244, 0.07969395737917491, 0.08054941590357564, 0.08043440929689247, 0.0803979952879932, 0.07258150591081426], [0.07497459176740821, 0.07161562922515444, 0.07416106132916911, 0.08263604042858813, 0.07543759101644977, 0.08079167122494092, 0.07223823592376526, 0.07497016125923997, 0.07887394336717611, 0.08028204897474264, 0.07980004709939137, 0.08144729050077197, 0.0727716878832022], [0.07488980471742004, 0.07167546909754474, 0.07425478948188097, 0.08251458374382109, 0.0754915986173625, 0.08056621219953476, 0.07226632604309793, 0.0749914165156775, 0.07893862167972507, 0.08032292642532073, 0.07984188511263383, 0.081467199044447, 0.07277916732153403], [0.07475972294183486, 0.07165979322929594, 0.07429817070801915, 0.08285432870240837, 0.07550705462858252, 0.08034329385058762, 0.07222455871208881, 0.07497033580881503, 0.07898631676398675, 0.08034805219534392, 0.07986914836371858, 0.08145742623446843, 0.07272179786085012], [0.07470552943893684, 0.0716659435835697, 0.07432755150685402, 0.08299988239319957, 0.07552033968178257, 0.08023137082476281, 0.0722171773213277, 0.07496730015929838, 0.07900513953278558, 0.08034896042152906, 0.07987398131299407, 0.08143079025698603, 0.07270603356597388], [0.07461389634006352, 0.07166817174358031, 0.07438336843447209, 0.08314859954298486, 0.07555357252919219, 0.08005893842748123, 0.07219796492580853, 0.07496981034395021, 0.0790580329083478, 0.08037100085173284, 0.07990354101429972, 0.08139883942711784, 0.07267426351096874], [0.07452552092651123, 0.07172063498376802, 0.07451814744080099, 0.08287080064648515, 0.07565508540329671, 0.07983959256848808, 0.07221850949108738, 0.07502584757099612, 0.07917890808980134, 0.08043265350857325, 0.07998272731033518, 0.08135532145901117, 0.07267625060084527], [0.07448804986045005, 0.07174404217174607, 0.07458593019961096, 0.08268822435227115, 0.07570963318303107, 0.07974545496281564, 0.07222799900182238, 0.07505815991584494, 0.07924513215531089, 0.0804679834364934, 0.0800280595347658, 0.08133333281213555, 0.07267799841370198], [0.07500946259581923, 0.07102087252334557, 0.07382201681449334, 0.0826502364142392, 0.07533711513064878, 0.08184093234174927, 0.07177151498243417, 0.074887706496673, 0.0790284958156193, 0.08053982988609669, 0.08006181950170425, 0.08162461845615356, 0.07240537904102347], [0.07532624240360757, 0.0712005936744083, 0.07385145425446736, 0.08223936659611, 0.07538231379420542, 0.08215542164933645, 0.07198436903563571, 0.07501054132435216, 0.07886573534940207, 0.08028038819636603, 0.07985450186260085, 0.08121353965263854, 0.07263553220686952], [0.07550280069727784, 0.07122064291404365, 0.07386458107089551, 0.08178404981746382, 0.0754426719572405, 0.08249329602961084, 0.07203830946020327, 0.07510564550963787, 0.07884859811309872, 0.08019441589909426, 0.07981187483465496, 0.08097968491608819, 0.0727134287806907], [0.07442061349487555, 0.07170486673698502, 0.07461940198697152, 0.08265098534329711, 0.07574432975221082, 0.07967431731764994, 0.07218121974189541, 0.07506549611385993, 0.07932807119083095, 0.08053402616509316, 0.08009975802625639, 0.08134794747666545, 0.07262896665340868], [0.07436191157277915, 0.07168105349243893, 0.07466464348053035, 0.08256688245642056, 0.07578813761745913, 0.07959640501159235, 0.07214857665834105, 0.0750824106666781, 0.07941191255576313, 0.0805930657915358, 0.08016768645085856, 0.08134425250940819, 0.07259306173619474], [0.0742596942023983, 0.07160714748184507, 0.07469223637802484, 0.08272384146475409, 0.07582059132412337, 0.07949112243199286, 0.0720665728683857, 0.07507810304399387, 0.07951119667571181, 0.0806625239506943, 0.08024861390535992, 0.08132876337382727, 0.0725095928988885], [0.07416171268681904, 0.0715455776520935, 0.07473026145294288, 0.0828958225046533, 0.07586037931247519, 0.07937091750639402, 0.07199536395674774, 0.0750808830199333, 0.07960796603732789, 0.08071589362678537, 0.08031914151794724, 0.08128033264194993, 0.07243574808393055], [0.07407220337820196, 0.07147476873161251, 0.07476186460061067, 0.0830003296648624, 0.07590047603759466, 0.07927619017746135, 0.07191881640049443, 0.07508534538571106, 0.07971501830811542, 0.08078410066111132, 0.08040389354220179, 0.08124767782463191, 0.07235931528739065], [0.07402928164766662, 0.07143020935922718, 0.07477176739908119, 0.0830204381537581, 0.07591908765855773, 0.07924329686835654, 0.07187374245633574, 0.07508643482373388, 0.07977610052359187, 0.08083080363256635, 0.08045752885057991, 0.08124528007677327, 0.07231602854977164], [0.07397588564434118, 0.07137979718746965, 0.07480028968336327, 0.08296246334521051, 0.07595879308880168, 0.0791919728424279, 0.07182159135543245, 0.07510018591621268, 0.07987348685311076, 0.0808992242602853, 0.08053957530745137, 0.08123097676838258, 0.07226575774751053], [0.07393289287664047, 0.07134565907497106, 0.07484255559591427, 0.0828289710205883, 0.07601023703253285, 0.07913673088609458, 0.07178466818833386, 0.07512587892851515, 0.0799759380003618, 0.0809631804429038, 0.08062133436387857, 0.08120208981191956, 0.07222986377734582], [0.07389958527330258, 0.07136465664467474, 0.07494590089953886, 0.08257218489510691, 0.07610927003343423, 0.07902112810307528, 0.07179186164906612, 0.07519163657088773, 0.08009737861011483, 0.08099362162015761, 0.08069018095406974, 0.08109046490558486, 0.07223212984098651], [0.07386189265544676, 0.07135527416802216, 0.07503267567883445, 0.08232212373670528, 0.07620227761759264, 0.07892720045588235, 0.0717757861892973, 0.07525041588692456, 0.08023510570037971, 0.08104417600664468, 0.08077944607371434, 0.08099857483354775, 0.072215050997008], [0.07386212294547721, 0.0712669955418109, 0.07490325937569267, 0.08255422676926001, 0.0760968580122849, 0.07906529020880029, 0.0717062879435441, 0.07516843081808451, 0.08017131080623893, 0.08109591942570146, 0.08078585165304873, 0.08116645824675688, 0.07215698825329943], [0.07530351521964726, 0.07135823193305828, 0.07389667864194745, 0.08260934298058098, 0.07535172977494686, 0.08177520263409555, 0.07210618797998954, 0.07498373280715251, 0.07876228255647036, 0.08017944868012662, 0.07973564955986544, 0.08121079215467505, 0.07272720507744419], [0.0751544331661831, 0.0712265442140742, 0.07386548991509807, 0.0827688676497479, 0.0753326836088942, 0.08173532833856523, 0.07196812077378945, 0.07492703304913717, 0.07885938269531059, 0.08031973573957941, 0.07985666949367783, 0.08139689094872551, 0.07258882040721741], [0.07526010152034582, 0.07096001046651311, 0.07381445431341202, 0.08178577469421615, 0.07543863620412665, 0.08255980676883175, 0.0717767758010592, 0.07503359204404662, 0.07907266492717546, 0.08048656171767683, 0.08008292610977265, 0.08126877036432671, 0.07245992506849715], [0.07515525603007314, 0.07102611948475583, 0.07381641547874469, 0.08227762779895499, 0.07537407898576447, 0.08215909789541692, 0.07180731153603276, 0.07495546665092907, 0.07901232640517511, 0.08047999553182693, 0.08003425347215032, 0.08143963796121251, 0.07246241276896326], [0.07478075096504887, 0.07113643454426596, 0.07394030248980256, 0.08296803616282969, 0.07534746996469135, 0.08117411933684339, 0.07181323194460204, 0.07483757942552381, 0.07907278555136835, 0.08060192081607379, 0.0800867314579577, 0.08184536211248938, 0.07239527522850303], [0.0749163795177083, 0.07102943970969233, 0.07383699381424252, 0.08288369398018683, 0.07532097756494352, 0.08162204283095571, 0.07175806448264922, 0.07485077786790562, 0.07903842373334596, 0.08056836376816075, 0.08007292392504882, 0.08172528149416491, 0.07237663731099563], [0.07528894756534864, 0.07087728684622482, 0.07382188132974145, 0.08142706504576545, 0.075499889070262, 0.08282150235058787, 0.07171653349040531, 0.0750891640635576, 0.07916548894783448, 0.0805363632208524, 0.08016668702304718, 0.08116966998780172, 0.07241952105857094], [0.07528796994047916, 0.07075831493959675, 0.07388245721580133, 0.08090233447965621, 0.07563827996247384, 0.0828828381219374, 0.07162072472171589, 0.07519745827963839, 0.07938638627344087, 0.0806772533289653, 0.0803673591604753, 0.08105083310114702, 0.07234779047467245], [0.07586668647123854, 0.07109870521794122, 0.07427575026738073, 0.0796426522569783, 0.07613735851625873, 0.08217645505792319, 0.07201715538403626, 0.07576207692039541, 0.07960550473676148, 0.0802956467609317, 0.0802173801086636, 0.08011678363089882, 0.07278784467059222], [0.0759600209910999, 0.07118820187462714, 0.07419961504334183, 0.07986271007624253, 0.07601972607543861, 0.0824266531301546, 0.07210840063699207, 0.07569391961131804, 0.07937257283185459, 0.08014840735776474, 0.08002620785038697, 0.08011998264833987, 0.072873581872439], [0.07390500649592276, 0.07032616856173206, 0.07409519560730678, 0.08144132595998278, 0.07565493282915675, 0.08043247099365666, 0.07097254374491083, 0.07481710543278525, 0.08034214168978408, 0.08211809934091943, 0.08149073380849876, 0.08283211643920291, 0.07157215909614087], [0.07393107120903067, 0.07048308481491308, 0.0741470386910962, 0.0818054834456765, 0.07564148632810315, 0.0803144952568763, 0.07110255324427413, 0.0748175943116602, 0.08019537703230172, 0.08187631772192927, 0.08128102245935387, 0.08272518139958975, 0.07167929408519513], [0.0740040425280493, 0.07054034074182594, 0.07409881676710406, 0.08200465393468698, 0.07557868251988735, 0.08042145652629261, 0.07116436982299475, 0.07479132986938138, 0.08003493093729451, 0.08171108180709688, 0.08111738053178752, 0.08279275450290458, 0.07174015951069419], [0.07407597479106467, 0.07064051513903852, 0.07409335762464395, 0.08222450378857343, 0.0755445223130152, 0.0804551589842837, 0.0712599816957519, 0.07478740159754003, 0.07989152649586898, 0.08153628562088573, 0.08095380062397901, 0.08270855501363793, 0.07182841631171695], [0.07419601253523321, 0.07065648341144666, 0.07401745561920521, 0.08214916339426188, 0.07548738858662545, 0.08070436957007064, 0.07129967044085651, 0.0747763868674708, 0.07976595890653902, 0.08143642971733053, 0.08085038001957569, 0.08277931863461081, 0.07188098229677349], [0.07429834289691988, 0.07064176068869646, 0.0739633852685754, 0.08190218499734807, 0.07546590523247862, 0.080953997958027, 0.07131079661583811, 0.0747867515581885, 0.07971871156730534, 0.08141131862158366, 0.08082613767612509, 0.08281210929872278, 0.07190859762019113], [0.07429782850061988, 0.0704514759856858, 0.07387717364257176, 0.08170868811451025, 0.07546198227881104, 0.08121154291264711, 0.07115957381478946, 0.07478004844070188, 0.07982548642081316, 0.08157138432793322, 0.08098320909551054, 0.08288268332128264, 0.07178892314412326], [0.07417203366038357, 0.07024052098378313, 0.07392159345069459, 0.08109156858763325, 0.07558709412011415, 0.08112751315103135, 0.07096405000543907, 0.07483762146547598, 0.08019917310195575, 0.08201723447809664, 0.08141569543564292, 0.08281152983095438, 0.07161437172879537], [0.07399376495110674, 0.07017790076280815, 0.0740187820338733, 0.08089755911174668, 0.07567705786674385, 0.08075648205887506, 0.07087497026817988, 0.07485569597964552, 0.08045664908960028, 0.08233513345972665, 0.08169006452695678, 0.08275304176387965, 0.07151289812685749], [0.07391070712122809, 0.07020424470052222, 0.07407007094140336, 0.08104929557864646, 0.07569448846226737, 0.08054778987040495, 0.07087738052027645, 0.07484631740981089, 0.08049540141921809, 0.08235740302939465, 0.08170417624609866, 0.08274325408725715, 0.07149947061347166], [0.0739705777670152, 0.07028376789408614, 0.07400699694664742, 0.0813835445840896, 0.07559453082448231, 0.08064807134137983, 0.0709536570419588, 0.07478857788612825, 0.08025362395924455, 0.08206782771591119, 0.0814321020015308, 0.08304877284199975, 0.07156794919552643], [0.07394072820445981, 0.07037280620393833, 0.07407091339914941, 0.08160626644138481, 0.0756126867302002, 0.08047554955464314, 0.0710174705410449, 0.07479595197369653, 0.0802284486608361, 0.08198441813186788, 0.0813640841254871, 0.08291754111576523, 0.07161313491752656], [0.07407536227714649, 0.0704349384653873, 0.07397554178459494, 0.08176462696717748, 0.07551162669194292, 0.08072818161005559, 0.07109693895051429, 0.07475737057053554, 0.07998420552222575, 0.08173343919816746, 0.08112116092455071, 0.083118069805863, 0.0716985372318387], [0.07413694387079894, 0.07034285598180391, 0.07391865821305409, 0.08139199824892267, 0.07551432289477997, 0.08097592609146334, 0.07103755485924727, 0.07477418016082625, 0.08003196891186772, 0.08182522866541414, 0.08121052692400194, 0.0831763808038173, 0.07166345437400239], [0.07406019841171338, 0.07032366490260857, 0.07392832892018085, 0.08150519597096999, 0.07550881302620756, 0.08083158856786322, 0.07100538605348543, 0.07474903833162318, 0.080055529777535, 0.08184892002663882, 0.08122668571273413, 0.08333333333333333, 0.07162331696510658], [0.07408490305960033, 0.07026173722100906, 0.07394610937049623, 0.08116835192231857, 0.07557384985193741, 0.08092818740486826, 0.07096158483471814, 0.07480373349796916, 0.08019922354879593, 0.08202901227116309, 0.08140356156972925, 0.0830443720772294, 0.07159537337016506], [0.07404153500452584, 0.07047089661374402, 0.07402165260362256, 0.08186927828480953, 0.07553610050706604, 0.0806021741448772, 0.07111783397165874, 0.07476756464161423, 0.0800078725676311, 0.08173373905016129, 0.0811258240556734, 0.0829962226946699, 0.07170930585994617], [0.07421115121175628, 0.07055089653495081, 0.07395895784022778, 0.0818495904456622, 0.07547791838050757, 0.08088447799325094, 0.071219223041117, 0.07477064377534673, 0.0798190415207243, 0.08153762241870845, 0.08094104506059493, 0.08295944809423436, 0.07181998368291875], [0.07423951114451377, 0.07045578380548853, 0.07390630066377872, 0.08164766976361261, 0.07547470828907664, 0.08107402940719703, 0.07115001431652133, 0.07477392160536811, 0.07986484545524622, 0.08161662404506893, 0.08101850831678582, 0.0830074661362367, 0.07177061705110549], [0.07423706753963545, 0.07029297266295821, 0.0738868230957009, 0.08129562650343548, 0.07553848128596947, 0.08123914787882865, 0.07102009423591124, 0.0748192912462663, 0.08006246856948343, 0.0818524555364061, 0.08126230423275466, 0.08282375530491874, 0.07166951190773149], [0.07432460813294214, 0.07038790761041504, 0.07385705305515473, 0.08158571293052364, 0.07548101983005977, 0.08134540790474944, 0.0711149478441757, 0.07480091755114009, 0.07988044932317695, 0.08163283469632122, 0.08105471510665768, 0.0827750669954349, 0.07175935901924861], [0.07413986725958155, 0.07057260545703972, 0.07400678523994247, 0.08202519798425507, 0.07549895548032251, 0.08069391158384567, 0.07122053352258804, 0.07476814668505875, 0.07985477094365341, 0.08155246015947173, 0.0809566057272681, 0.08290208386829823, 0.071808076088675], [0.07431677320678182, 0.07058089577461003, 0.07391979915222426, 0.08187939826691688, 0.07545160598741855, 0.08108084821305328, 0.07126661897096788, 0.07477961934089365, 0.07972683856123369, 0.08143766501053816, 0.08085215860745809, 0.08283098361163947, 0.0718767952962642], [0.0743737774674294, 0.07052915604587572, 0.07386805939826654, 0.08190094857229206, 0.07543588321034272, 0.08128054267743764, 0.0712382359175473, 0.07478218587455092, 0.07971049696866696, 0.08142728010672437, 0.08085096740531562, 0.0827376671912738, 0.07186479916427695], [0.07367216985510118, 0.07015270059614642, 0.07433290228744541, 0.08092025130448574, 0.07595776299934352, 0.07991276827337812, 0.07078438887345832, 0.07497894105942221, 0.08103190385356675, 0.08273332652613946, 0.08217735656567517, 0.08195620396339559, 0.07138932384244207], [0.07373362847726189, 0.07008478594467989, 0.07423023422325079, 0.08075683614174667, 0.07589393326221605, 0.08013947088089494, 0.0707442811983934, 0.07494685760692979, 0.08096335846367772, 0.08284268741991316, 0.08218863920270238, 0.08210786959450485, 0.07136741758382843], [0.07390002585413764, 0.07005912209954826, 0.07412934634040143, 0.08041654613147015, 0.0758477348228077, 0.08052226052577603, 0.0707607928425193, 0.07495822469190268, 0.08084930070195756, 0.08279294128952248, 0.08213384271915404, 0.0822191406102488, 0.07141072137055393], [0.07409559248881151, 0.07007411667147735, 0.07414460478562679, 0.08000673087220622, 0.07593377294443213, 0.08077888436293097, 0.0708163598384948, 0.07508030964732446, 0.08088215880874035, 0.08262479191461687, 0.08215409650105572, 0.08191366885677072, 0.07149491230751215], [0.07420377754092232, 0.07015944396533574, 0.07450699194808064, 0.07905367229003059, 0.07639020313717405, 0.08031911962518343, 0.07091126831871376, 0.07546448026369612, 0.08147045831204067, 0.08238020866431346, 0.08254226887154628, 0.0809912339737451, 0.07160687308921779], [0.07393034198349947, 0.0701376627400141, 0.07475848799221936, 0.07903365573051171, 0.07661748017411933, 0.07963070132525887, 0.07083625880990355, 0.07555706295785194, 0.08206232606862893, 0.08232685705159454, 0.08299625882568606, 0.0806089638051431, 0.07150394253556883], [0.07369644685499684, 0.07015917907005964, 0.07482232240122294, 0.07949757968359006, 0.07658458969537275, 0.0793154392055264, 0.07080043500374318, 0.07546133327295387, 0.08213784543242726, 0.08240638733529078, 0.08300570201663825, 0.08068349925893667, 0.07142924076924129], [0.0736093205197807, 0.07018524222686166, 0.0747066301943481, 0.08013566033470843, 0.07638215669575824, 0.07937983351928878, 0.07079905553288099, 0.07528239162493787, 0.0817591429093171, 0.08259247213129592, 0.08269781596445494, 0.08106656273359729, 0.07140371561276991], [0.07363345610760583, 0.07012828467981769, 0.07441794469743493, 0.0806974787045759, 0.07606286070230314, 0.07976584002814471, 0.07075712282304379, 0.07504726424337001, 0.08123963760524647, 0.08281857929789983, 0.082368389658562, 0.08169905678227139, 0.07136408466972424], [0.07369818908719744, 0.0700507685410631, 0.07427478725084306, 0.0806144974277371, 0.07595565375622744, 0.08004035365851304, 0.07070992172888947, 0.07498342415186657, 0.08110210831222281, 0.08297167231768537, 0.0823354731869621, 0.08192740705810658, 0.0713357435226858], [0.0738055083023939, 0.06999437355171036, 0.07419880054707123, 0.08029095271575948, 0.07593626813431902, 0.08029692810081814, 0.07068926669398452, 0.07499869582430785, 0.08107160910010407, 0.08305852643609826, 0.08237705477450992, 0.08194254699521733, 0.07133946882370577], [0.0738903230570592, 0.07000650178599004, 0.074184850076536, 0.08012886804922635, 0.07594494152463166, 0.08043636535568403, 0.07071767497301673, 0.07502957934217722, 0.08104315104614494, 0.08296211588813308, 0.08235488800158619, 0.08192238251094924, 0.07137835838886523], [0.07390337453354717, 0.06998836854244918, 0.07426855015929035, 0.07982819337830879, 0.07606736507626606, 0.08032803335293663, 0.07070714416733768, 0.07512720872973498, 0.0812461946941404, 0.08297566451790682, 0.08256928246059554, 0.08161365584871925, 0.07137696453876706], [0.07365997657269686, 0.06999485729112456, 0.07440692043379996, 0.08015152605013716, 0.07614047329284807, 0.07982012719317143, 0.07065874920553472, 0.07511266311224199, 0.08147266970426126, 0.08308361020243618, 0.08274164875110487, 0.08146200304035207, 0.07129477515029073], [0.07368236184563129, 0.07002199819320394, 0.07456808560174451, 0.07974916383788562, 0.07633863063352803, 0.07962722520592574, 0.07068693225521