[[0.0700348466036701, 0.07420623874070527, 0.08070583753188894, 0.0824491141056935, 0.07311115251981899, 0.07093976690308734, 0.08010643122286565, 0.08092450868044135, 0.08133769365706014, 0.07544377093624142, 0.07488136065905664, 0.08146483039644004, 0.07439444804303054], [0.07007053391743942, 0.07412661399712059, 0.08103711895002377, 0.08273638969283316, 0.07316215876452299, 0.0709783319534257, 0.07991721171734022, 0.08076760189636557, 0.08121583736582687, 0.075343860434152, 0.07477839051111462, 0.08155047677375186, 0.07431547402608327], [0.07014738795938136, 0.0740552404860238, 0.08143152471496128, 0.08301107825440748, 0.07324348988176389, 0.0710547689992141, 0.07969289474788312, 0.08056586801073287, 0.08104063784541103, 0.07524405552458795, 0.07467794611899549, 0.08159116256250921, 0.07424394489412833], [0.07023064591004097, 0.07401859188639585, 0.08175478223866975, 0.0829532963682021, 0.07334528393064967, 0.0711430457221235, 0.07954152933684605, 0.08043547574414076, 0.08092890668725583, 0.07518791052144744, 0.07461555939419906, 0.08163612955363168, 0.07420884270639735], [0.0703886090707884, 0.07401586895364802, 0.08213552359772484, 0.08270198069569068, 0.07349927264887936, 0.07129930283839093, 0.07936550966551854, 0.08026685985467268, 0.0807690944495336, 0.07515412443434454, 0.07458060034730794, 0.08161721725638142, 0.07420603618711889], [0.07039327599548678, 0.07394983281797209, 0.08238878528394011, 0.08293678537290884, 0.07355278347308485, 0.07131899280061485, 0.07924794643371366, 0.08017020763430562, 0.0806849387993086, 0.07508317788549192, 0.07449587909127199, 0.08163341409364261, 0.074143980318258], [0.07032740468338192, 0.07382312534403587, 0.08270229252912313, 0.08333333333333333, 0.07362135489185614, 0.07129526276877116, 0.07911573569460054, 0.08008619380520017, 0.08062524004846254, 0.07496839367611957, 0.074343925514126, 0.08172939908469548, 0.07402833862629409], [0.07044878326754654, 0.07382629333008313, 0.08287813145659673, 0.08293771718707169, 0.07382390547575236, 0.07144307192133059, 0.07901448158721887, 0.08000583139146816, 0.08055086983558787, 0.0749636563218504, 0.07431354841967462, 0.08175479752820461, 0.07403891227761447], [0.07049214807482629, 0.0738246188063794, 0.08283281857197289, 0.08254948119306171, 0.07399979101415818, 0.07152924226861168, 0.07899759607614469, 0.08002213194496488, 0.08057586528663481, 0.07497650903422429, 0.07428714207413283, 0.08186373192496767, 0.07404892372992057], [0.07067126998701545, 0.07389696638815796, 0.08248848855585984, 0.082002089298517, 0.0743234391954447, 0.07175592648220575, 0.0789593319281832, 0.079999584769813, 0.08054334473585537, 0.0750527598229101, 0.07431861281663481, 0.08185369399620955, 0.07413449202319321], [0.07078545088117374, 0.0739741197807922, 0.08247945001674671, 0.08142400774229067, 0.07461806210381809, 0.07192890501952161, 0.07892600668755712, 0.07997388391291713, 0.08049532974826594, 0.07511844508781003, 0.07433106769403258, 0.08174528195046415, 0.07419998937460982], [0.07094012561059979, 0.07404350764819677, 0.08283270389205921, 0.08099589651117003, 0.0748745722330286, 0.07211729859106483, 0.07881006271916294, 0.0798360950731009, 0.08032552885644177, 0.07515430548556043, 0.07433750163345822, 0.08148031602531942, 0.07425208572083707], [0.07087359636087517, 0.07405532745903302, 0.08333333333333334, 0.0805072649374653, 0.07501688412088119, 0.07211763257680986, 0.07882730555027774, 0.07985631082324822, 0.08031546431736318, 0.07518573216860112, 0.07431009721686037, 0.08134172967264605, 0.07425932146260547], [0.07093181123505136, 0.07415727061524316, 0.08295432851564173, 0.08016698930742937, 0.0751891316335139, 0.07221325175080195, 0.07889235118034821, 0.07990556836471462, 0.08033006716620737, 0.07529573701205981, 0.07438434717070892, 0.08122172017470278, 0.07435742587357695], [0.07092488707738838, 0.07427354625113244, 0.08245149417767883, 0.07976631060153903, 0.07532436813077702, 0.07225316193353223, 0.07904411630935185, 0.08003819967475818, 0.08041382248156205, 0.0754450605724262, 0.07448633855502788, 0.08110220522373465, 0.07447648901109118], [0.07084818629306533, 0.07434880247585338, 0.08204058237432635, 0.07948989024291875, 0.07534207656013889, 0.07220830894119332, 0.07922777263160397, 0.08020940693026057, 0.08054297205028318, 0.07556621388077411, 0.07457193119361223, 0.08104260921182743, 0.07456124721414253], [0.07079212451998734, 0.07447914782439696, 0.08149450746712726, 0.07909650127481713, 0.07538178493316992, 0.07218652403189653, 0.07946177392733154, 0.08040227015915069, 0.0806600957187051, 0.07575191873490808, 0.07471517599081273, 0.08087478894699983, 0.07470338647069716], [0.07063815565632127, 0.0745850363403259, 0.08091590227623931, 0.07875930686314657, 0.07527032278570418, 0.07205180915409932, 0.07980746071194818, 0.0807053968042182, 0.08087208764412905, 0.07594269911278458, 0.07487230218829108, 0.08074643213802925, 0.07483308832476308], [0.07015023729652717, 0.07437923161414084, 0.08035285196905657, 0.0822005831124923, 0.07308684095178249, 0.07101306527889678, 0.0802270131131719, 0.08092963106210323, 0.0812604736757645, 0.07560141305431355, 0.07507849436755991, 0.081164256801641, 0.07455590770254977], [0.07016187939354299, 0.07425781773080165, 0.08075976455585306, 0.08259279804595952, 0.07313348826535473, 0.07103298825179606, 0.08000116488141755, 0.08076707816616553, 0.08115744837117572, 0.07545999240246193, 0.07492872638641797, 0.08131021603892043, 0.07443663751013295], [0.07018199618563235, 0.0741964962971613, 0.08099424285687158, 0.08281965269513664, 0.07316766490232895, 0.07105617615850847, 0.07986783593757907, 0.08066044701930804, 0.08107680197384781, 0.0753851739420445, 0.07485054911893525, 0.0813668502627486, 0.07437611264989746], [0.07019500795208526, 0.07406337052626279, 0.08148552557099216, 0.08310808432801005, 0.07325776027971369, 0.07109152492589345, 0.07963761995316132, 0.08049664350046269, 0.08096552295378769, 0.07523812631509084, 0.07468167165772233, 0.08153003187601528, 0.07424911016080227], [0.0701527098478865, 0.07415401981021935, 0.081087429393459, 0.08287308703032491, 0.07317687533907688, 0.07103867625981868, 0.07983990435947631, 0.0806584197806994, 0.0810922049005765, 0.07534745461818054, 0.07480188396071037, 0.0814404827807782, 0.07433685191879356], [0.07032306279553674, 0.07403771744418537, 0.08187193459966226, 0.08294152972005674, 0.07339549420405027, 0.071221838541074, 0.07945766435663784, 0.0803360700089439, 0.08082315967886818, 0.07518518992267144, 0.0746241371565501, 0.0815577958090473, 0.07422440576271618], [0.07047399884543244, 0.07405638652844322, 0.08213474423329341, 0.0827312714552012, 0.07351759285303842, 0.0713634462761447, 0.07931996957455043, 0.08019297871242431, 0.08068035431892796, 0.07517374610267387, 0.0746186515143816, 0.08149593520006042, 0.07424092438542815], [0.07042111016016082, 0.07394805443824921, 0.08245243102424034, 0.08296938772444759, 0.07357377769102459, 0.07134461159198281, 0.07921018809457357, 0.08012953478173236, 0.08064290693410578, 0.07507447545443185, 0.07448884366036733, 0.08160304465189633, 0.07414163379278749], [0.07053150378696843, 0.07391711763055629, 0.08281843122377008, 0.08305360835362649, 0.07369945558897525, 0.071459857060125, 0.07903064953823148, 0.07995303680486945, 0.08046747224664026, 0.07501932275597696, 0.07442780723123606, 0.0815096008777995, 0.07411213690122488], [0.07057311155317302, 0.0738638688907382, 0.08312475574207746, 0.08289091726887683, 0.07385978990939693, 0.07153955835430688, 0.07892008543012072, 0.07987757203199913, 0.08040581187548132, 0.07496911923048089, 0.0743427620243909, 0.0815634938590561, 0.07406915382990163], [0.07059051091953417, 0.07385148573590553, 0.08305810042786194, 0.08266576758371098, 0.07398695895372871, 0.07159231952441346, 0.07890953639448244, 0.07989699778134567, 0.08043518799586921, 0.07497033230026136, 0.07431193742886157, 0.0816645299841365, 0.07406633496988839], [0.07065200835151204, 0.07386546154039006, 0.08295257514979247, 0.08236979062412754, 0.07414766958627564, 0.0716860914144211, 0.07889111673858504, 0.07989838022588956, 0.08043870476164998, 0.07499229159055704, 0.07430427243844594, 0.08171252126417924, 0.07408911631417421], [0.07077373891758655, 0.07391794849074518, 0.08266839151386496, 0.0820525486473381, 0.0743519768471809, 0.07183518037403888, 0.0788702006657468, 0.07988481508930427, 0.0804183211402925, 0.0750454047959953, 0.0743316015137642, 0.08170066544880408, 0.07414920655533833], [0.07086325102110423, 0.07396549403927005, 0.08247920196573531, 0.08185873692209787, 0.07448570491704569, 0.07193952006337294, 0.07885238962378503, 0.0798662435441746, 0.08039198913035325, 0.07508406648584562, 0.07435620906838071, 0.0816630269632693, 0.07419416625556534], [0.07099721388150544, 0.07404318642404355, 0.08222720990344874, 0.08159974751029785, 0.07467309012352248, 0.07209159768720043, 0.07882143944284326, 0.07982871321188521, 0.08034040299888381, 0.07514057010386038, 0.07439556352981613, 0.08158004291984094, 0.07426122226285187], [0.07098082186859986, 0.07404371348409661, 0.08250419132927551, 0.08131803689838396, 0.0747741162235857, 0.07211285713960698, 0.07880796293979156, 0.07982488716943466, 0.08032777533727582, 0.0751443822714743, 0.07436679538032516, 0.08153799947743805, 0.07425646048071184], [0.07122043045735382, 0.07415712131393207, 0.08277911453830818, 0.0807754295810218, 0.07512645355746378, 0.07239049859037269, 0.0786590620060106, 0.07964143896599025, 0.0801021835198472, 0.07520868873209836, 0.07439825274875658, 0.08119474114307434, 0.07434658484577027], [0.07116472918550172, 0.07417607504460873, 0.08302985006777845, 0.08039930602675323, 0.07524907140432056, 0.07239167978155618, 0.07869162395352046, 0.07967702597340919, 0.08011410974877563, 0.07524662528403062, 0.07438651409123871, 0.08111086683269624, 0.07436252260581022], [0.07084389323413896, 0.07401438052131787, 0.08291283387588536, 0.08095292084273784, 0.07483077452512325, 0.07203735213648622, 0.07886430255535358, 0.07990560911742527, 0.0803984304575464, 0.0751474004496714, 0.074316175090572, 0.08154811439452322, 0.07422781279921839], [0.07122357839292855, 0.07424931701319115, 0.08289622524207817, 0.08011428985265823, 0.07540536926783876, 0.07248230688200787, 0.07870470198822327, 0.07967427101098239, 0.08008398819049438, 0.07531889156312643, 0.07443005458881213, 0.08098695141884672, 0.07443005458881213], [0.07125580683647895, 0.07436795082719318, 0.08251453214518725, 0.07969549728145248, 0.07559600389917448, 0.07256603648280109, 0.07879794922682258, 0.07974292117264006, 0.08010539637460021, 0.0754566220699058, 0.0745189465621424, 0.0808360401398898, 0.07454629698171156], [0.07118321545891047, 0.07440897004586605, 0.0822842120230416, 0.07950889885416693, 0.07561122352740378, 0.07252192292353009, 0.07891849658992577, 0.07985873636266544, 0.08019650713492414, 0.07553142275907969, 0.07456446931248278, 0.08081828036457064, 0.0745936446434326], [0.0711076805230986, 0.07450695301001481, 0.08183953228314983, 0.07917671876290963, 0.07565395149534752, 0.07248604232679591, 0.07911351056912115, 0.08002860689045364, 0.08031252268417911, 0.0756799756824898, 0.07466914470295945, 0.08072405723245671, 0.07470130383702374], [0.07114559603981323, 0.07465671422092109, 0.08138134641885945, 0.07879144037587354, 0.07578568364009376, 0.07255704127634711, 0.0792591673534158, 0.0800948898270142, 0.08030755638481975, 0.07585702454876328, 0.07480750166134677, 0.08050214450857061, 0.07485389374416129], [0.0709216437052455, 0.0746634146497188, 0.08107619921914548, 0.0786790517765541, 0.07558730135621564, 0.07234424764985933, 0.07954594829813215, 0.08037742545411576, 0.08055013514627962, 0.07594312271169605, 0.0748718446744469, 0.08055533111140484, 0.07488433424718595], [0.07028843306327977, 0.07443258707774714, 0.08041117432667727, 0.08229524458509936, 0.07312185551223896, 0.07111779086896962, 0.08010867502483529, 0.08076535128792774, 0.0810816032853417, 0.07561753866029385, 0.07512536467659235, 0.0810344091950699, 0.074599972435927], [0.0703177670201005, 0.07425734276855944, 0.08101290797156152, 0.08288512939176158, 0.07320144622609687, 0.07115928697407732, 0.07977603342286577, 0.08052126359758917, 0.08091550357967435, 0.07541177164573423, 0.07490638063566422, 0.08120707973852974, 0.07442808702778533], [0.07029877275838113, 0.07431615662444951, 0.0807937463819188, 0.0826709338380278, 0.0731677222098719, 0.07113686237183839, 0.07989982250347755, 0.08061807741969262, 0.08098807428097296, 0.07548296031905857, 0.07498153277525071, 0.08115940314560838, 0.07448593537145147], [0.07024968918067183, 0.07416801231740897, 0.0811989586284235, 0.0830488538631835, 0.07321019509891215, 0.07111474991592294, 0.07972283534742584, 0.08051757826699799, 0.08094400129409007, 0.07533295424491963, 0.07480590533157438, 0.08134112768433045, 0.07434513882613877], [0.07037493916753386, 0.07418118466031055, 0.08135756404060461, 0.08317872520871511, 0.07327166031286297, 0.07121900642607457, 0.0795767672766716, 0.08035316937598388, 0.08077629195300369, 0.07531238845945332, 0.07480300363836587, 0.0812425482690048, 0.0743527512114153], [0.07044045604336906, 0.07411901467055672, 0.08174534755102339, 0.08306239959811083, 0.07338879025693834, 0.07130002323955596, 0.07942248949044618, 0.08024248336036438, 0.08069719264388166, 0.07523622857513973, 0.07471024643592761, 0.0813401827271787, 0.07429514540750763], [0.07029706432589017, 0.07410739196165488, 0.08147819200555008, 0.08333333333333333, 0.07326459066597105, 0.07116312245605864, 0.07955663164619828, 0.08037065525663889, 0.08081625804164423, 0.07525264917372305, 0.07472363607371127, 0.08135164661277523, 0.07428482844685093], [0.07059541484904043, 0.0741228729444831, 0.08207645491257307, 0.08273758863360473, 0.0735424675155248, 0.07145439748085546, 0.07927112765724077, 0.08010340332554394, 0.08056921166800299, 0.07521203347965615, 0.07468323657758572, 0.08133240332458569, 0.0742993876313033], [0.07067242317791486, 0.0741160014877574, 0.08227075339136548, 0.08261766848997053, 0.07362758909398189, 0.07153397394939968, 0.07918188587026463, 0.08002217406354552, 0.0804937216884554, 0.0751911833704661, 0.0746583904179861, 0.08132076476560507, 0.0742934702332873], [0.07065834435548823, 0.07406308510912507, 0.08245327345156808, 0.08274744994935768, 0.07366214118751112, 0.07153511214783635, 0.07911502289619529, 0.07997609904422234, 0.08045921355610906, 0.0751397548570568, 0.07459314214533355, 0.08135274941973789, 0.07424461188045851], [0.07073435637453954, 0.074035067435094, 0.08270678219036827, 0.08278609008387801, 0.07376182440293157, 0.07161876280834165, 0.07898762026391812, 0.0798580395045614, 0.08034592850610947, 0.07509655702101169, 0.07454163256144314, 0.08130851291113823, 0.07421882593666493], [0.07070739216335646, 0.07393898318458113, 0.08313093424612385, 0.08281742100506884, 0.07386558704847827, 0.07163336639769909, 0.07887650645532865, 0.07978993323610235, 0.08029740726929795, 0.07501060945610943, 0.07441870423750233, 0.08137942195870228, 0.07413373334164927], [0.07070400912651709, 0.07390479195102989, 0.08333333333333334, 0.08274097969053766, 0.07392497948740759, 0.07165007466761626, 0.07883304158728274, 0.07976425344166335, 0.08027856843380231, 0.07498155249521792, 0.07437182319757739, 0.0814077385860774, 0.07410485400193714], [0.07071714926168716, 0.07390549653266115, 0.08320415952519572, 0.0826978293369839, 0.07397828186571219, 0.07167621128471854, 0.07883434361420237, 0.07977717248853786, 0.0802956870178869, 0.0749870768778794, 0.07436546820325146, 0.08145202681862906, 0.07410909717265438], [0.07076181306677502, 0.07389192054626835, 0.08333333333333333, 0.08246098667470318, 0.07411596773851757, 0.07175105447150898, 0.07878268969052322, 0.0797456690056152, 0.0802684440048015, 0.07497846775852175, 0.0743296233058975, 0.08147641967189674, 0.0741036107316376], [0.07085837235351156, 0.07393124555761818, 0.08300747273473018, 0.0822123712133549, 0.07429599009193481, 0.07187513573527556, 0.0787726394803181, 0.07974924449506253, 0.0802711338244884, 0.0750212730142139, 0.07434677882523642, 0.0815078201976156, 0.07415052247663986], [0.0709577125148595, 0.07397513170874312, 0.08274582441622938, 0.08198940387437571, 0.07445546461508089, 0.07199453475720252, 0.07875742000789736, 0.07973838816921043, 0.08025482850736179, 0.07506462271425123, 0.07437131779062985, 0.08149539537771018, 0.07419995554644795], [0.07121233259517847, 0.0741106603330473, 0.08229681644898483, 0.08156744240176318, 0.07478013892753946, 0.07227364074278425, 0.07868792337021081, 0.07965518548729382, 0.0801493862088879, 0.07515819096628916, 0.07444128769214997, 0.08134992434914284, 0.07431707047672788], [0.07137417312989935, 0.07419255344474554, 0.08226342363832094, 0.08120705853457437, 0.07502057520855217, 0.07246212616514254, 0.07861426961378146, 0.07956861591265305, 0.08004185022443058, 0.07520980481410322, 0.07446928771904637, 0.08119235639710942, 0.074383905197641], [0.07131501121758636, 0.0741899777711304, 0.08265509985872714, 0.08080371407873972, 0.07516629267782356, 0.07246827156561275, 0.07861658296178216, 0.0795848619373863, 0.08004241544602766, 0.07522122654642761, 0.07442524072007409, 0.08113603241879819, 0.07437527279988397], [0.07118580968581134, 0.0741272609730221, 0.08257721138470084, 0.0810651291828309, 0.07498781667120594, 0.07232217655592497, 0.07868883502617133, 0.07967583702794101, 0.08015425419330485, 0.07518423431578378, 0.0744027375377652, 0.08130448542518308, 0.07432421202035473], [0.07120742540206577, 0.07412434419135686, 0.08225477722773777, 0.08139916813822225, 0.07486023368064089, 0.07229599550357084, 0.07870336909135223, 0.07968066846910793, 0.08017132376662521, 0.07517652446470044, 0.07443590255634473, 0.0813625826403734, 0.07432768486790177], [0.07102761604870034, 0.07402561289983446, 0.08247509413144927, 0.08176878334695896, 0.07460124632112897, 0.07208934806126051, 0.07876104809451347, 0.07974899641624263, 0.08025998746833439, 0.07510835565640926, 0.07439234631585072, 0.0814972731651581, 0.07424429207415877], [0.07120646770321941, 0.07413173131408769, 0.08249345057525949, 0.08113806501661402, 0.07496854459456384, 0.07233016533225181, 0.07868380256162341, 0.07966668017198734, 0.08014726289857954, 0.07518409998860015, 0.07441343657174185, 0.08130707212144915, 0.07432922115002234], [0.07098176357269984, 0.07404957279010826, 0.08264516921849613, 0.08116833087999303, 0.07483284241920644, 0.07213239263219254, 0.07879744877204997, 0.07981613657719278, 0.0803121457032518, 0.0751503474006439, 0.07435663901560449, 0.08149801124093642, 0.07425919977762425], [0.07129419643648115, 0.07420306304434435, 0.08283015909785017, 0.08056090282196979, 0.07525837361991551, 0.07248352676942552, 0.07862277318141195, 0.07959260186002645, 0.08003597557424087, 0.0752419349465105, 0.07441493253737502, 0.08107657924521566, 0.07438498086523306], [0.07131072783505929, 0.07424309389472664, 0.08288135531654973, 0.08029773493780638, 0.07538087372137613, 0.07253419504568775, 0.07862879817526848, 0.07959162266121851, 0.08001460213981425, 0.07528506012369185, 0.0744282271207554, 0.08098332090885765, 0.074420388119188], [0.07134289351741557, 0.07431412458834072, 0.08275385724444888, 0.0799880662175242, 0.07553405202042762, 0.07260546856661308, 0.0786604869189293, 0.0796092513331664, 0.08000304218071781, 0.075362446275882, 0.07447042607379466, 0.08086886948440752, 0.07448701557833202], [0.07138589706492017, 0.07438431855582267, 0.08256331941775362, 0.07975557710172398, 0.07565957900600584, 0.07267535800818098, 0.07868913285873193, 0.07962115071303846, 0.07998903743719439, 0.07543605948461579, 0.07451918280939569, 0.08076756916187741, 0.07455381838073903], [0.07133189877837105, 0.07446568730752116, 0.08224021902727656, 0.07943378023897643, 0.07574848447739835, 0.07266752748183743, 0.07882566821491623, 0.0797416343089313, 0.08006892808496927, 0.07555453151090664, 0.07459218935259253, 0.0806897596932081, 0.07463969152309491], [0.07132636438391102, 0.07459348470451836, 0.08179620626007872, 0.07905325148465425, 0.07587272316387828, 0.07270519610063585, 0.07896756173298959, 0.07984444914803403, 0.08011278126968183, 0.0757166082342615, 0.07470867302319618, 0.08053144314274581, 0.07477125735141463], [0.0712970632375108, 0.0746773869253306, 0.08148502265582831, 0.07880639310735933, 0.07591887996287423, 0.07270181201658528, 0.0791126291708765, 0.07993277441198463, 0.08015619071242792, 0.07583191300003583, 0.07479400319250376, 0.08042511781300649, 0.07486081379367626], [0.07121074073378617, 0.0747737656274197, 0.08108076937458059, 0.07851807703039163, 0.0759061531418695, 0.07264239231570382, 0.07935607281121863, 0.08008988026516804, 0.0802500194028083, 0.07598322231110045, 0.07490938970483138, 0.08030942995448953, 0.07497008732663223], [0.07092486191568004, 0.07476074030471858, 0.0807758899615359, 0.07844058077771367, 0.07562421253424849, 0.0723616153861122, 0.07969624954546932, 0.08043623510880364, 0.08055116928156661, 0.07606699433820756, 0.07497423671665862, 0.08039984403432085, 0.07498737009496445], [0.07113426885909792, 0.07405602168055862, 0.08255246529780073, 0.08178104550590348, 0.0746312167459194, 0.07217219801423902, 0.07869075273813471, 0.07965490058099058, 0.08015670297332173, 0.0751132358887853, 0.07441745942983834, 0.08136981233099581, 0.07426991995441427], [0.07103197758045096, 0.07399693463733029, 0.08290727804401181, 0.08207260357802615, 0.07442373829832427, 0.07203529712209085, 0.07869604211180657, 0.07964916393601428, 0.08015675779707751, 0.07505875005548476, 0.07439434708866251, 0.08136419204759333, 0.07421291770312678], [0.07094023087560199, 0.07396797624366974, 0.08314413862452773, 0.08233613832614668, 0.07423124167411488, 0.07191044181395302, 0.07871836467350617, 0.07965561441701931, 0.08016403809996707, 0.07502463922800427, 0.07439038316208227, 0.08134179446250032, 0.07417499839890657], [0.07094041858164327, 0.07398521706794176, 0.08306775937860576, 0.08243703327216333, 0.07416901805366921, 0.07189054631379842, 0.07873599511549685, 0.07965886495577527, 0.08016338016673126, 0.07503449645929079, 0.07441783641410941, 0.08131248251217446, 0.07418695170860007], [0.07089052501441087, 0.0739904653040945, 0.08313628444329883, 0.08258283990855365, 0.07403262349563318, 0.07181247514089899, 0.07877302413533371, 0.07967489722243234, 0.08017351981837514, 0.07503494229020988, 0.07444392843931878, 0.08126987825952561, 0.07418459652791452], [0.07087483255605974, 0.07405910607227516, 0.08283711241506345, 0.08266231905021872, 0.07388401032387269, 0.07175404362297604, 0.0788763235525182, 0.07973868836062356, 0.0802213846058657, 0.07509584580675505, 0.07454322601465957, 0.08121125440456985, 0.07424185321454219], [0.07087775802558263, 0.07410567236400664, 0.08264000331139384, 0.08262616215805585, 0.07382687665028187, 0.0717378152606049, 0.07893954453847836, 0.07978099470133414, 0.08025380233134775, 0.0751397717063257, 0.07460445027047477, 0.08118383542530874, 0.07428331325680466], [0.07074054037112802, 0.07399540396034482, 0.08303711877269788, 0.08079847266100994, 0.07481994332468091, 0.071963281427306, 0.07893048256019365, 0.07998733313154777, 0.08047622693574613, 0.07515505590683048, 0.07429748847419557, 0.08158571415209621, 0.07421293832222259], [0.0710138027128753, 0.07414962237182963, 0.08309919594211321, 0.0802750940729857, 0.07520296833230206, 0.07227355019647891, 0.07879695394086443, 0.07980094312041262, 0.08023338623525314, 0.07525990297631659, 0.07436966215897384, 0.08118090412999489, 0.0743440138095998], [0.07115036962252548, 0.07429341868494584, 0.08268324464382419, 0.07986482908620013, 0.07545737088081032, 0.07244918826592012, 0.0788225793596588, 0.07979144465184002, 0.0801762050762075, 0.0753968932963519, 0.07446970852913887, 0.08096602992981915, 0.07447871797275761], [0.07083240320011114, 0.07413280848705188, 0.08246055790222381, 0.08259978996548584, 0.07375190769355615, 0.07168289973106563, 0.07902756336841076, 0.07985714851916573, 0.08032399903790803, 0.07517494006949771, 0.07464924865426777, 0.08119898744378272, 0.07430774592747287], [0.07080830644716932, 0.07417541040856497, 0.08225916455084234, 0.08250947585897322, 0.07368995879269638, 0.0716468409653978, 0.07911820107237837, 0.0799305818669684, 0.0803878218021185, 0.07522300810143948, 0.07470891821146751, 0.08119527184334226, 0.07434704007864139], [0.07072867389965766, 0.07419732280456129, 0.08199659804163544, 0.08267818105037161, 0.07357993759852213, 0.07155753540902608, 0.0792248592319978, 0.08001752047393602, 0.08046243881513347, 0.07525777017592856, 0.07475457819853129, 0.08117858992652097, 0.07436599437417771], [0.07066300340723645, 0.07422995968160916, 0.08171347204098414, 0.08286306514187104, 0.07347501401532423, 0.07147961225223368, 0.07932903989421825, 0.0800934625899769, 0.08051992036987932, 0.07530086341053749, 0.07481101484277299, 0.08112662013009561, 0.0743949522232609], [0.0705883634902411, 0.07425892133069799, 0.08145390368083259, 0.08297543827142295, 0.0733799514565774, 0.07139892713039532, 0.07944455611382753, 0.08018492346678775, 0.08059355034764377, 0.07534488403412802, 0.07486290480072481, 0.08109177902602521, 0.07442189685069558], [0.07054190597454554, 0.07426907428376464, 0.08133452456483443, 0.08299708748987593, 0.07333494118531321, 0.0713532392545872, 0.07951063223544601, 0.08024291402666733, 0.08064404546653418, 0.07536577917062702, 0.07488433268251994, 0.08108945335605418, 0.0744320703092304], [0.07049136113721548, 0.07429956201352307, 0.08114617461188964, 0.08293489875985394, 0.07328040158307075, 0.07130211632234368, 0.07961633680948636, 0.08033193170177746, 0.08071831124639903, 0.07541068687760667, 0.07493130512967278, 0.08107472096758869, 0.07446219283957237], [0.0704595247924109, 0.07434510909691536, 0.08094781069538537, 0.08279168833117562, 0.07323800808245028, 0.07126786603077082, 0.07972775782458014, 0.08042086217808946, 0.08078797767330455, 0.07546891045435175, 0.07499299549318841, 0.08104454733052524, 0.07450694201685207], [0.07048596307710284, 0.07445103309375518, 0.08065185685465212, 0.08251630434506492, 0.07320699628004337, 0.07127768914958921, 0.07985980743376746, 0.08049613101403148, 0.0808218491104792, 0.07557890747803421, 0.07511942698799842, 0.08092580225225741, 0.07460823292322406], [0.07048291416601601, 0.07454295578749931, 0.0803650675826862, 0.08224847751459463, 0.07317208924950844, 0.0712664266233885, 0.08000946231134669, 0.08059344690104564, 0.08087745706974998, 0.07568292404848478, 0.07523245992690797, 0.08082853477100944, 0.07469778404776242], [0.07038587604652417, 0.0744155882221679, 0.08061387140682609, 0.08249733411513648, 0.07317050729034734, 0.07119817868945255, 0.07994041061586667, 0.08059982704382873, 0.08093253687773191, 0.07556842928828408, 0.07509088572793465, 0.0810082266510879, 0.07457832802481157], [0.07115842703197432, 0.07415109559649723, 0.08297399635225877, 0.08058309194271383, 0.07516953748031134, 0.07236178779619466, 0.07868601444668216, 0.07967562210569518, 0.08012682602666418, 0.07521855649681176, 0.07437922467527248, 0.08117537749586984, 0.07434044255305411], [0.07098991223983364, 0.07407485504220583, 0.0830140313240497, 0.08076380741390478, 0.07499457333261332, 0.07219001089598838, 0.07877193756335185, 0.07978871672601626, 0.08026083378455633, 0.07517630775061733, 0.07433960287705312, 0.08135904241762787, 0.07427636863218162], [0.07084183264640251, 0.0741873833929778, 0.08266592201037314, 0.07999656452194981, 0.07518299394405643, 0.07215045296645105, 0.0790319712097421, 0.08005188141431882, 0.08045937215287582, 0.07536323381568134, 0.07442402545443114, 0.08124905168780104, 0.07439531478293883], [0.0707947929455927, 0.07406566966578615, 0.08310636184248102, 0.08040960717648636, 0.07500154079095829, 0.07205906160233368, 0.07893110870710884, 0.07997224392749627, 0.0804263641602747, 0.07522447674555029, 0.07432898839169508, 0.08140404404027707, 0.07427574000395962], [0.07077629569083108, 0.07396534916155485, 0.08226944569555385, 0.08165117927839363, 0.0745282181482002, 0.07189373710841791, 0.07894698399970042, 0.07999086877210797, 0.08052127016960739, 0.07511167070727287, 0.07434715266870136, 0.08180142666146317, 0.07419640193819532], [0.07073990391109784, 0.07397571789615047, 0.08280381886549545, 0.08107379343006409, 0.07471831136795956, 0.07193006406416101, 0.07893735572032817, 0.07999619981879039, 0.08050329837539731, 0.07513243043531243, 0.07430383918317715, 0.08168744074328745, 0.07419782618877875], [0.07082803826142237, 0.07426702365183671, 0.08231862772993186, 0.07972748485044664, 0.07525714175801736, 0.07216602984108993, 0.07914901016880335, 0.08015416677037207, 0.08052530459001661, 0.07546891728122088, 0.07449876838548238, 0.08116111531856003, 0.07447837139279974], [0.0707478282693372, 0.07437353224021516, 0.0817900584388707, 0.07936521383509149, 0.07528126068007274, 0.07212195006799725, 0.07938309480053381, 0.08036488574913106, 0.08067503834729954, 0.07563186283569094, 0.07461942213956199, 0.08104892965842013, 0.074596922937778], [0.0711513084604387, 0.07490251620677066, 0.08062325161545339, 0.07818700519006037, 0.07589878959949263, 0.07260487120804857, 0.0796215326756416, 0.08023077726643105, 0.08030870740829199, 0.07616829787990248, 0.0750596591483484, 0.08013061330699574, 0.07511267003412447], [0.07128742441598378, 0.07487045155896183, 0.08086687953072724, 0.07831081827169678, 0.07602025902074167, 0.07273302250965485, 0.07940493120722483, 0.08005322619894245, 0.08017442736836762, 0.0760794763301872, 0.07498891419918408, 0.08014623488136999, 0.0750639345069578], [0.06963933010544394, 0.0738694884197758, 0.0806944955477191, 0.08134141922039609, 0.07340714723419299, 0.07076409549534737, 0.08018419293715487, 0.08139343603181821, 0.08205392936582996, 0.07524947777099028, 0.07447763107830634, 0.08280564986913365, 0.0741197069238915], [0.06973780936764135, 0.07386008524169282, 0.0810628137964498, 0.0817168727852091, 0.07338576851702351, 0.07082257869353278, 0.08001338508230806, 0.08116199465204314, 0.08179181523468831, 0.0751953825263789, 0.07446310139066654, 0.08268991043157849, 0.07409848228078728], [0.06980031897984186, 0.07381445592561073, 0.08131332430173059, 0.0819277953214528, 0.07346438160271028, 0.07088890971983185, 0.07984413198737018, 0.08098919681832534, 0.08161724125929387, 0.07513010801181273, 0.07439512122593622, 0.08276148425118483, 0.07405353059489869], [0.06989040665130804, 0.0737955470441231, 0.08157903345810949, 0.08215897520065553, 0.07352889193600248, 0.07096986719305647, 0.07968812576307731, 0.08081317718993963, 0.08143008534909979, 0.0750842263278182, 0.0743582343477648, 0.08267163243951926, 0.07403179709952584], [0.06995662639225975, 0.0737675766853655, 0.08170493851071522, 0.08208378834849928, 0.07369156402187879, 0.07106654614701875, 0.07956901313152048, 0.08071330240836674, 0.08133170643681836, 0.07505423369901762, 0.07429981450576571, 0.08274873287568628, 0.07401215683708769], [0.07001356163528583, 0.0737806232751343, 0.08162090880753221, 0.08183134696528305, 0.07385113492682427, 0.07115667067725208, 0.07953979741415537, 0.08070203816673614, 0.08131618401089591, 0.07507648848924928, 0.07429036835588335, 0.08278631009681726, 0.07403456717895074], [0.06989776712993527, 0.0737751976277909, 0.08163311617148512, 0.08131845213867422, 0.07390944979815242, 0.07109767788756573, 0.07967470646357086, 0.08088219224929977, 0.0814956493821609, 0.07512364311948118, 0.07428343447266644, 0.0828633127525997, 0.0740454008066175], [0.06966695159386148, 0.07382364845942273, 0.08116838256605124, 0.08080475011165293, 0.07377069581760269, 0.07089958058736136, 0.08006187193824589, 0.0813316876327581, 0.08195957887307297, 0.07524774718829426, 0.07437181341956839, 0.08278867068438386, 0.0741046211277241], [0.06953653806146795, 0.07386123081643886, 0.08071571331245284, 0.08077880857076394, 0.0735384358864892, 0.07073837418886139, 0.08031640299981398, 0.08160995075532396, 0.08228646853259622, 0.07530379385667561, 0.07445539000822815, 0.082724750989969, 0.07413414202091877], [0.06954170302847669, 0.0738824459391861, 0.08055325387089105, 0.08093403470751308, 0.073435207054146, 0.07070874267759236, 0.08035218902968251, 0.08162196304068974, 0.08230815402868676, 0.07530900450409495, 0.07449445992676819, 0.08271347653747677, 0.07414536565479594], [0.06962793993381114, 0.07381607421452124, 0.0808266431328596, 0.08128555465604662, 0.07350003666630203, 0.0707853985708387, 0.0800988479610359, 0.0813365524085461, 0.08200422759285309, 0.07520560422857539, 0.0744033646417525, 0.08303447177370171, 0.07407528421915598], [0.0696784300275315, 0.07383617871052199, 0.08089073000006931, 0.08151373670915578, 0.07343750783612353, 0.07079920369408782, 0.08006210064693602, 0.08125857917791168, 0.081912148341408, 0.07519904359561558, 0.07443221699392988, 0.08289526453647703, 0.07408485973023168], [0.06977188342700441, 0.07376846008811845, 0.08122870141117189, 0.08168398602925675, 0.07359944690807504, 0.07091272924082655, 0.07981204021855204, 0.08100744196366974, 0.08165119502142595, 0.0751095439482819, 0.07432544671513774, 0.0831070039664364, 0.07402212106204305], [0.06971529477171373, 0.07375933317328656, 0.08125875837627275, 0.0812982136587344, 0.0736926724908185, 0.07090493916659084, 0.07987248222056152, 0.08110797557635109, 0.08175237314481001, 0.0751365917676056, 0.0743055791593444, 0.08316879853284416, 0.07402698796106645], [0.06968137532344178, 0.0737501724905714, 0.08112856540850354, 0.08141494051339367, 0.07360238213775687, 0.07085278119254829, 0.07989370404941168, 0.08112268015556777, 0.08177563428510412, 0.07512251510616397, 0.07430933545881224, 0.08333333333333334, 0.07401258054539155], [0.06963192152477292, 0.07379242414222349, 0.08106403877930225, 0.08106403877930225, 0.0736392951551111, 0.07083275465360835, 0.08004821585860515, 0.0813105812988865, 0.08196616746852178, 0.07519998238775984, 0.07435620398503179, 0.0830304493448305, 0.07406392662204411], [0.06977570533439958, 0.07378273792400851, 0.08126083723901588, 0.08179014877580569, 0.0735393302272789, 0.07089608609591186, 0.07982813746964633, 0.08100651219957976, 0.08164728389237172, 0.07511467427329621, 0.07434987045785092, 0.08297800247860337, 0.07403067363223127], [0.06991232534510305, 0.07377014875695648, 0.08146769668954999, 0.08177546721891342, 0.07375543507693287, 0.07105746503399465, 0.0796434783210272, 0.08082153370349793, 0.08144791422977223, 0.07508548603350716, 0.0742975020413326, 0.08294076993874931, 0.0740247776106631], [0.06985786327137904, 0.07376434855364467, 0.08149945669103295, 0.08145070844694303, 0.07381727374535033, 0.07104085060789732, 0.07970379927793324, 0.08091102813142362, 0.08153691511191126, 0.07510982261935602, 0.07428583567824373, 0.08299233571968384, 0.07402976214520114], [0.06974750299803797, 0.07380818006662788, 0.08137429471392531, 0.08089969545348769, 0.07385657675568146, 0.07098076183156317, 0.07992565045901583, 0.08117567445478392, 0.08179051139727558, 0.07521242777856628, 0.07433745928327402, 0.08280243999290889, 0.07408882481485193], [0.06987329786799958, 0.0737967151045737, 0.0816409845470256, 0.08105121370203724, 0.07396649107645496, 0.07110020871740333, 0.07974318943006188, 0.08096413491533833, 0.08156523605690212, 0.07516887273534266, 0.0743018692947882, 0.08275287465487428, 0.0740749118971982], [0.06988115239108598, 0.07376782907499473, 0.08152529427495363, 0.08195431533503854, 0.07364170991581066, 0.0709996797038904, 0.07966628148969959, 0.08082782031580232, 0.08145596172865499, 0.07507444171913116, 0.07431184552135356, 0.08287871617582168, 0.07401495235376254], [0.06999664698390505, 0.07377949214604218, 0.08164647154611052, 0.08163909608039532, 0.07390368242896003, 0.07116227436048062, 0.07956160817295847, 0.08073848439212121, 0.08135081558115882, 0.07509050720537691, 0.0742831637042214, 0.08280796862206913, 0.07403978877620039], [0.07000547561203985, 0.07378624016974913, 0.08180685828263955, 0.08137328029152448, 0.07400733892182841, 0.07120187715677159, 0.07956232590881893, 0.0807494406584627, 0.08134932408048265, 0.07511288392551901, 0.07427642934055999, 0.08271330493068557, 0.07405522072091816], [0.069439063122396, 0.0740964072170935, 0.07967353759982868, 0.08078960008330721, 0.07314908659835861, 0.07055433302642466, 0.0809072978234388, 0.08211476864925002, 0.08270084042697742, 0.07555842834784633, 0.07478867766531387, 0.08188164220720485, 0.07434631723256008], [0.06938837270523264, 0.07402190517140987, 0.07988733308033914, 0.08062140191616839, 0.07322901756706658, 0.0705445892437958, 0.08083878013610961, 0.08212846806662964, 0.08281689649356005, 0.07550287931863368, 0.07469342749598917, 0.08204345278357858, 0.07428347602148698], [0.06940556539107877, 0.07397655647575999, 0.08021039399002688, 0.08027293791178898, 0.07343557630775766, 0.07062195186628162, 0.08072699918349441, 0.08207478571577836, 0.08276633504985853, 0.0754791808622521, 0.07460977082541291, 0.0821642832544425, 0.07425566316606734], [0.06949360053445587, 0.0740727413306972, 0.08025000432708586, 0.07974546182231505, 0.07369114494363375, 0.07076698240606644, 0.08077484127992465, 0.08210246705506616, 0.08259377049473945, 0.07560980477028051, 0.07467760159095724, 0.08185151298747478, 0.07437006645730299], [0.06957000477017224, 0.07445858939138181, 0.0793819025199951, 0.0788621874604202, 0.07379529392092536, 0.07086762946571505, 0.08138710771431146, 0.08250687428254881, 0.082337563017147, 0.07607954673492116, 0.07509714793621995, 0.08088644144642491, 0.07476971133981673], [0.06946355641420887, 0.07463104309702115, 0.07867537149460807, 0.0788140049101546, 0.07344998625579406, 0.07069303803330605, 0.0819973961333731, 0.082979039234134, 0.08227544079173153, 0.07627439801957561, 0.07535273082022999, 0.0804697882536017, 0.07492420654226128], [0.06942782311248448, 0.07461519451584889, 0.07851245490742001, 0.07928463992081905, 0.07316146038090833, 0.07057324521781257, 0.0820714785764558, 0.08298751374355715, 0.08235492843595874, 0.07620993688904197, 0.07538388749472749, 0.0805363951717849, 0.07488104163318073], [0.06944292536131566, 0.0744610791536844, 0.07879436598115999, 0.07995512564125686, 0.07306032077116072, 0.07054220635117242, 0.08167026703434291, 0.08266193583117586, 0.08255064448035804, 0.07598970614064142, 0.07522273660647928, 0.08093858506498504, 0.07471010158226753], [0.06940438216315942, 0.07417843762053238, 0.07941769446143503, 0.0805529808046159, 0.073101707553002, 0.07051904790360533, 0.08112486092804921, 0.08231549131847035, 0.08279036041348013, 0.0756642924294406, 0.0748922056240901, 0.08160946552522486, 0.07442907325489481], [0.0693467964244188, 0.0740648170898973, 0.07971007437164986, 0.08047039990612102, 0.0731875292112469, 0.07050523844832442, 0.08098385402734741, 0.0822825868859847, 0.08295250438779568, 0.07556463885895089, 0.0747510298908629, 0.0818528933695761, 0.07432763712782389], [0.06932043054000901, 0.07403313061680832, 0.07988112098187988, 0.08013723824403776, 0.07332412060789308, 0.0705316028457441, 0.08095733682802776, 0.08232873936892285, 0.083044641981014, 0.07556253581338924, 0.07469515255141648, 0.08187227834243721, 0.07431167127842023], [0.06935408792815616, 0.07404499790665205, 0.07997199373511261, 0.07997199373511261, 0.0734280413254996, 0.07058819987654173, 0.08093103537515298, 0.08230698829704675, 0.08294394297098787, 0.07558324345814231, 0.07469158804160689, 0.08185330953842945, 0.07433057781155904], [0.06933879415375478, 0.07414249133475337, 0.07971555246911172, 0.07965757852999322, 0.07344436547516668, 0.07058745058275878, 0.08114460193410554, 0.08253209181330894, 0.08295825476780433, 0.07571368959170566, 0.07480114694686692, 0.08152994948693232, 0.07443403291373768], [0.06927967509499132, 0.0742034378682868, 0.07928079423936554, 0.07998092395786906, 0.07314131068386817, 0.07045165329450004, 0.08137290467141241, 0.08270992381659235, 0.08307022055157842, 0.07575480663768036, 0.07492039336165844, 0.0813616660824875, 0.07447228973970982], [0.06930369265142104, 0.07437392754067274, 0.07892519759655266, 0.07955575507879668, 0.07316157664788608, 0.07048147463853732, 0.08171283901000279, 0.08