[[0.07482507747824223, 0.06973943762063442, 0.08083838602828139, 0.07328500518447506, 0.07558939746955969, 0.07246172311041338, 0.08077295529519048, 0.08246415237117419, 0.0809654765122802, 0.07502510669503759, 0.08137163428888253, 0.08159517865864292, 0.07106646928718577], [0.07477449827119513, 0.06976349489552874, 0.08111348203912634, 0.07332772632845069, 0.07549560369810862, 0.07246674118189626, 0.08056473004927654, 0.08274610681091928, 0.08080936717144148, 0.07491764886648283, 0.08125030621173988, 0.08170484900649642, 0.07106544546933767], [0.07472960977074493, 0.06983600076783446, 0.0814601932207341, 0.07339558759151439, 0.07539897650475014, 0.07249478105453316, 0.0803148317943584, 0.0830159360363637, 0.08060758571818809, 0.07480842035069428, 0.08107519871194402, 0.08177088794815222, 0.0710919905301881], [0.0747205643969957, 0.06990851794715704, 0.08177636036988195, 0.0734818163756834, 0.07534408604492598, 0.07254148945310576, 0.08013865358948533, 0.082958491314078, 0.0804750882416426, 0.0747347277065666, 0.08096177419077508, 0.08183019293634496, 0.07112823743335762], [0.07474131496575777, 0.07005801842399911, 0.08215003925734404, 0.07361844673248076, 0.0753101397154855, 0.07264154168190447, 0.07993110852831664, 0.08270963174386241, 0.08030402091950982, 0.07468667035908509, 0.08080016918345254, 0.08182060836042077, 0.071228290128381], [0.07471160660731233, 0.07005214868470153, 0.08239926893741764, 0.07366133898343748, 0.0752438040172429, 0.07264057721477647, 0.07979435403455813, 0.08294118670686637, 0.0802053155504733, 0.0745939670688574, 0.08071433365178257, 0.08184031733637215, 0.07120178120620167], [0.07466490868383717, 0.06996395250610338, 0.08270837640419515, 0.07371498824035881, 0.07514170640056221, 0.0726067210966578, 0.07963242840169844, 0.08333333333333333, 0.08011749953233976, 0.07443059254703184, 0.08065134882164898, 0.08193576019488723, 0.07109838383734592], [0.0747163566137059, 0.07004313263735497, 0.08304709090390477, 0.07388316900598697, 0.07513039322846611, 0.07270226280994362, 0.07948383068443093, 0.0829401826991715, 0.08002656865504393, 0.07436976045513521, 0.08056821037511296, 0.08194302016753949, 0.07114602176420357], [0.07476300615785247, 0.07001382300264804, 0.08333333333333331, 0.07401120672457703, 0.07512575112397721, 0.07274545426115003, 0.07941971633513882, 0.08255043991042094, 0.08002618182387425, 0.07429820632994022, 0.0805792379029078, 0.08202166309254874, 0.071111980001631], [0.0749601023593334, 0.07020386845110055, 0.08278098693417069, 0.07434332180708247, 0.07524137997528071, 0.07298178705298174, 0.07935840448954615, 0.08200502702539085, 0.08000694152972296, 0.07433850607889889, 0.08054950155178557, 0.08195741985561089, 0.07127275288909515], [0.07513767827409937, 0.07031068058524621, 0.08269497015228187, 0.07463811967427338, 0.07534128848330729, 0.07317099188885956, 0.07929496967619477, 0.08142840191793431, 0.07998161544434818, 0.07435178576149856, 0.08050186120957802, 0.08178076041917136, 0.07136687651320701], [0.07525493940317071, 0.07044330776381273, 0.08310962614040716, 0.07487890453564156, 0.0753871488125731, 0.0733328991881539, 0.07914166205329436, 0.08099709367036773, 0.07983788624491356, 0.07434210900618302, 0.08032706935617216, 0.0814760000340801, 0.07147135379122989], [0.07541092004985045, 0.07043779206718878, 0.08300474043363061, 0.07507371411873588, 0.07549755078085695, 0.07344510290404008, 0.07915936362905418, 0.08052657672026725, 0.07988007086515324, 0.07437175700411354, 0.08040901700694897, 0.08129633685889646, 0.07148705756126367], [0.07556223643168777, 0.07047436246437509, 0.08262252427026759, 0.07523911442848645, 0.07561978478205976, 0.07356202030824607, 0.07919631843007655, 0.08018642187185894, 0.07992660532818327, 0.07443926910867965, 0.0804907136970274, 0.08113960414745387, 0.07154102473159746], [0.07573094090531247, 0.070427362580328, 0.08213755972010525, 0.07536234236377574, 0.07577691116313996, 0.07364275839804305, 0.07931198493616351, 0.0797832235171159, 0.0800538234376474, 0.07452828627643172, 0.08065965285916121, 0.08104449749480724, 0.07154065634796856], [0.07576859055991611, 0.07019917328960182, 0.08244447382540582, 0.07530030665205391, 0.075832734566375, 0.0735566589543964, 0.07943606293910817, 0.07946980075397189, 0.08019307831982743, 0.07452613577338507, 0.08083401666998878, 0.08106024435807735, 0.07137872333789204], [0.07585187592249268, 0.06995678476189417, 0.08275204833325461, 0.07524348393363715, 0.07594230115918933, 0.07348436018557741, 0.0795909316066629, 0.0790228102049705, 0.08035129028123474, 0.0745652806855692, 0.08102595229475724, 0.08099344895456692, 0.07121943167619323], [0.07592926227826319, 0.06969672398034493, 0.08255580544129623, 0.07508587413486177, 0.07609620075045917, 0.07337403269765677, 0.07989253905148709, 0.078654671875215, 0.08064528038189289, 0.07467874845668923, 0.08133710613949091, 0.08099305533663505, 0.07106069947570794], [0.07491366841642096, 0.06991999382280871, 0.08047894299658825, 0.07327666865781249, 0.07573175910900176, 0.07254385106249081, 0.08090776189198032, 0.0822215685744358, 0.0809741623291101, 0.07523142447145978, 0.08129887571414662, 0.08128279236818955, 0.07121853058555493], [0.07483663776035027, 0.06990288450747524, 0.08082079647002031, 0.07331398942074417, 0.07560074239486658, 0.07252808093596191, 0.08066300401822868, 0.08260590289942414, 0.08081249179937375, 0.07507745818130326, 0.08119595383346916, 0.08145430074203473, 0.0711877570367478], [0.07479682540010466, 0.06990485526634989, 0.08103408779659242, 0.07334083069045524, 0.07552977025142762, 0.07252654937485804, 0.08051669452060563, 0.08282840292274464, 0.08070597796184091, 0.07499504802955399, 0.08111524057077327, 0.08152563400259118, 0.07118008321210283], [0.07472573437597471, 0.06988671273399567, 0.0815131173450897, 0.07340821041920566, 0.07538999031243165, 0.07251535820140886, 0.08025556192292828, 0.08311144778377491, 0.08053900142678408, 0.07481085971471978, 0.08100087949380755, 0.08171344490402706, 0.07112968136585215], [0.07477748968792715, 0.06985932259784536, 0.0811249150819965, 0.0733463936404866, 0.07549644948257854, 0.07250802042890504, 0.08048448286312698, 0.0828807688591239, 0.08070306593609301, 0.07494427974544438, 0.08112961088260062, 0.08160305507828022, 0.07114214571559184], [0.07472885118238806, 0.07000366688483899, 0.0818913378794623, 0.07352744085816375, 0.0753377198562901, 0.07259192696809103, 0.08004515460732896, 0.08294673177406149, 0.08037586526644457, 0.07473977087536915, 0.08085648775055877, 0.08175531372564665, 0.0711997323713562], [0.0747491767717444, 0.0701447970016417, 0.08214873689110017, 0.0736321844988795, 0.075319721117033, 0.07268001772853429, 0.07988244715637213, 0.08278460079513401, 0.08022964007335341, 0.07472038909950009, 0.08071132592338845, 0.0816968814620609, 0.07130008148125794], [0.07471099955615786, 0.07007991787953807, 0.08246202135801994, 0.0736800294231228, 0.07523470042478964, 0.07265576728083746, 0.07975168780593342, 0.08297334997977465, 0.08016441435595455, 0.07458513312084271, 0.0806721974546456, 0.08180959418276974, 0.07122018717761357], [0.07468277617484423, 0.0701392192490016, 0.08282165731717002, 0.07375981616786965, 0.0751550366636566, 0.07268991315228557, 0.07952945357293317, 0.08333333333333333, 0.07997421588360669, 0.07448360435936513, 0.08048542815586122, 0.08170579074648439, 0.07123975522358829], [0.07473822051369342, 0.07020440545071277, 0.08312643513338235, 0.07393606745367588, 0.0751445313496349, 0.07278409284754998, 0.07939410107015944, 0.08289447944296904, 0.07990539657176046, 0.0744151508519312, 0.08042938321913133, 0.08175229033909667, 0.07127544575630243], [0.07476365220663916, 0.07016244244276491, 0.08333333333333334, 0.0740240047652961, 0.07513081199231761, 0.0728034111339013, 0.0793440518326744, 0.08266841358460555, 0.0799106182328888, 0.07434769513759204, 0.08044667524661545, 0.08183339401973445, 0.07123149607163694], [0.07485558912082248, 0.07022985849117855, 0.08309187669636005, 0.07419057185746246, 0.07517742624377878, 0.07290920440449097, 0.07931201253318529, 0.08237429091629464, 0.0799144234094621, 0.074346443285294, 0.08045222432249906, 0.08185974612271917, 0.07128633259645252], [0.07496691002179368, 0.07033612764731988, 0.082821087846722, 0.07438393571288318, 0.07523983425086495, 0.07304410997325365, 0.07927037445472983, 0.08205710613548996, 0.07989708614564223, 0.07436363288216084, 0.08042869379205635, 0.0818159399882736, 0.0713751611488098], [0.07504340487885981, 0.07041979625369889, 0.08263063341707709, 0.07451296166856508, 0.07528548499822366, 0.07313967987554848, 0.07923920864871985, 0.08186327968837166, 0.07987692455386806, 0.0743838647557509, 0.08040105048378057, 0.08175776478904145, 0.07144594598849452], [0.07514077201227615, 0.07053025519413042, 0.08248933226377604, 0.07468296392460165, 0.07534066694231227, 0.07326469227440968, 0.07918345643988416, 0.08160172402309958, 0.0798327089336102, 0.07440575374722612, 0.08034381532785081, 0.081645506819431, 0.07153835209739197], [0.07519271995985198, 0.07049920353731712, 0.08277865099791558, 0.07478007639076242, 0.0753586794336473, 0.07330109797269704, 0.07915543675532903, 0.0813194402397771, 0.0798273302580255, 0.07437303918329348, 0.08032986824225606, 0.081571343007908, 0.07151311402121938], [0.07536716511470723, 0.07072318715678304, 0.08304964588626039, 0.0751193248226268, 0.07544028546386705, 0.0735462353725956, 0.0789608453162385, 0.08077320771131165, 0.07963823207899913, 0.07439049147748492, 0.08011259257935108, 0.08118419955119152, 0.07169458746858301], [0.0754892205645597, 0.07068800300627762, 0.08296925649508118, 0.07526718189074498, 0.07552666784109925, 0.0736216367123988, 0.0789862890704814, 0.08040587887931185, 0.07968521688871931, 0.07440655689166359, 0.0802049258561474, 0.08106598731528307, 0.07168317858823182], [0.07525397684622741, 0.070355808436542, 0.08310576744857066, 0.07484711385288766, 0.07539463790621366, 0.07329145609373308, 0.07920383324979269, 0.0809574952703632, 0.07991219615912803, 0.0743335033216793, 0.08040407044676917, 0.0815343312454289, 0.07140580972266443], [0.07561846613776779, 0.07075086886931028, 0.08268366914763599, 0.07543090575033538, 0.07562292512658696, 0.0737397809452443, 0.0789825747307832, 0.08012465859888626, 0.07968605708621895, 0.0744587326226609, 0.08023088780946823, 0.08091917451891377, 0.07175129865618785], [0.07581223929072313, 0.07076622939772251, 0.08221171277879145, 0.07562264551802826, 0.07578543801386822, 0.07387247355101913, 0.07904422636921987, 0.07970802328830942, 0.07975528388682035, 0.07454929676692379, 0.08033828101523971, 0.08073502205853288, 0.0717991280648013], [0.07585936974271491, 0.07062803667714589, 0.08223000065981491, 0.07560814826959524, 0.07584027622993007, 0.07383559428500722, 0.07913502188372722, 0.079507375809003, 0.07985735263700833, 0.07456097719462511, 0.08046481912655487, 0.08076703446698859, 0.07170599301788472], [0.07591903690682143, 0.07037237015503997, 0.0826538480975175, 0.0755582346562633, 0.07591402120374954, 0.07375138811939626, 0.0792535221671647, 0.07912491016472215, 0.07998741633946609, 0.07456115310071526, 0.08063074472504628, 0.08074610991456936, 0.07152724444952807], [0.07603302973373988, 0.07023593700975364, 0.08306149415500413, 0.07559959519414582, 0.07602240775010355, 0.073757693521966, 0.07929098070734998, 0.07867945931733654, 0.08001504551204541, 0.07459729599060996, 0.08067745194929651, 0.0805815442758612, 0.07144806488278745], [0.07602090550815986, 0.06995216000286497, 0.08296516433873649, 0.07537901389516466, 0.07608831415967757, 0.07358615936956209, 0.07956592670286759, 0.07855390015165226, 0.08029794236534443, 0.07464431889161029, 0.0809766246783304, 0.08071986157283734, 0.07124970836319215], [0.07492881921274201, 0.07009085155903742, 0.08047485132875588, 0.07331638937141952, 0.07574269433939387, 0.07261780013312047, 0.08077942888038099, 0.08231502070506005, 0.08081427265527058, 0.07528173066463087, 0.08112449989088137, 0.08116719949047611, 0.07134644176883077], [0.07481342844379235, 0.07006462608873919, 0.08105217932077352, 0.07337292033740414, 0.07554588399741959, 0.07259473347144506, 0.08041687088612101, 0.08289271488612726, 0.08056885563585087, 0.07504900009140501, 0.08095642342056016, 0.08137223918507124, 0.07130012423529078], [0.07485202831056692, 0.07006575058365669, 0.08083876666004583, 0.07334793208213257, 0.07561443172961681, 0.0725975048462939, 0.08055284517856431, 0.08268267645998974, 0.0806662118520853, 0.07512958849894892, 0.08102964963036527, 0.08131282403487178, 0.07130979013286214], [0.07476933508706478, 0.0699637727981178, 0.08123374008093634, 0.07337516025286162, 0.07547582914875436, 0.07254999899449603, 0.0803573029015547, 0.08305348969828741, 0.08056346339246458, 0.07494486702907645, 0.08098293749337558, 0.08151331420300599, 0.07121678892000452], [0.07476596619161913, 0.07009161685756038, 0.08138852324607336, 0.0734293211306247, 0.07544984263469992, 0.07261071277734223, 0.08019570235041366, 0.08318114783200153, 0.08039986688698665, 0.07493666915827984, 0.08081635936865643, 0.0814244401592786, 0.07130983140646359], [0.0747509417880173, 0.07013958743924387, 0.08176748674287361, 0.0735274339082126, 0.07537830633073529, 0.07264994509852969, 0.08001475705167542, 0.08306617686992875, 0.08028557500595346, 0.07483046676616573, 0.08073394487750873, 0.08153399725949338, 0.0713213808616623], [0.07472815447179602, 0.070001257193669, 0.08150625496379438, 0.07341690181381477, 0.07539627381489468, 0.07256067637122812, 0.08017216437230788, 0.08333333333333331, 0.08041547206380742, 0.07485387605654951, 0.08085433415894623, 0.0815373651338596, 0.07122393625199891], [0.07475768296406742, 0.070253548564192, 0.08208900307125602, 0.07364021550442831, 0.07533443565270735, 0.07272525505618814, 0.07982555287578366, 0.08295344467859302, 0.08013564962208558, 0.07476959559602483, 0.08059680752509042, 0.08152712618511744, 0.07139168270446579], [0.07477389037585337, 0.07033256166541568, 0.08228102797074245, 0.0737214384465445, 0.0753191213927087, 0.0727827015982581, 0.07972085905371509, 0.08278896214932495, 0.08005419120164826, 0.07474227247340046, 0.08052117921338384, 0.0815174673712703, 0.07144432708773443], [0.0747513002866162, 0.07030783412155359, 0.08246103731695323, 0.0737474601930581, 0.07527105779044628, 0.07277274859330306, 0.07964121505313243, 0.08292769460722604, 0.08000571647779375, 0.07467024788464748, 0.08048456896602321, 0.08155030219823263, 0.07140881651101404], [0.0747444897176243, 0.07036332401296481, 0.08271099124391869, 0.07382612401214753, 0.0752225267377358, 0.07281287126320361, 0.07948637282350508, 0.08305072589556967, 0.07988138587938333, 0.07460069356510377, 0.08036599733374752, 0.0815008331667171, 0.07143366434837868], [0.07473796606758387, 0.07032902758865461, 0.08313221795196553, 0.07392563574425473, 0.07515788327791016, 0.07282649307860599, 0.0793489692284368, 0.08299096194225615, 0.0798124070696897, 0.07447524481584375, 0.08031666247482777, 0.08156637415288222, 0.07138015660708874], [0.0747507331608146, 0.07032834617733129, 0.08333333333333333, 0.07398770916460934, 0.07514304940420985, 0.0728487311783604, 0.07929390265029504, 0.08283490117139769, 0.07978805008379418, 0.07443157356913675, 0.08029893590926218, 0.08159003028513791, 0.07137070391231742], [0.07478082616398503, 0.07034300510549689, 0.08320505405154018, 0.07404306543222844, 0.07515766314810268, 0.07288078415220468, 0.07928802040669353, 0.0827425317969017, 0.0798017988397053, 0.07442757051120501, 0.08031672266507821, 0.081630726708086, 0.07138223101877227], [0.07485235967517437, 0.07040985274331713, 0.08314052652588244, 0.07419679113615874, 0.07518250739785987, 0.07297531154341877, 0.07921917598281122, 0.08246863593415223, 0.07977712780125257, 0.07440857324319872, 0.08029531879525849, 0.08164254613078492, 0.07143127309073054], [0.07493429703811817, 0.07047041829154557, 0.08295569610487724, 0.07435160778632462, 0.07522100001533384, 0.07307178562337623, 0.07918462989159944, 0.08221926984793658, 0.07977130172497494, 0.0744020839551732, 0.08028997923866538, 0.08164857783658416, 0.07147935264549078], [0.0750200837560128, 0.0705559788641129, 0.08271723568055125, 0.0745009198628853, 0.07526953322957979, 0.07317725339941496, 0.07915302049508334, 0.08199628487797324, 0.07975679451520006, 0.07441720387548297, 0.08027059064624587, 0.0816142522668281, 0.07155084853062954], [0.07519361148455592, 0.07079132549928432, 0.0823307257712263, 0.07480732613676355, 0.07536984642851029, 0.073415005429938, 0.07904790487571578, 0.08157305546794008, 0.07966687685899697, 0.07446955197492054, 0.08015950671270483, 0.08142914076410496, 0.07174612259533851], [0.07529318600202964, 0.0709048371220123, 0.08255177167403112, 0.07501343093451426, 0.07540934643899137, 0.07355338032774618, 0.07893362643752194, 0.08120523113991014, 0.07956538038329866, 0.07446166964932723, 0.08003902140913628, 0.0812340542405981, 0.07183506424088285], [0.07538075498088338, 0.07082513255119913, 0.08292244053574627, 0.07515793252578772, 0.07544791073436902, 0.07359946173725833, 0.0789158357886547, 0.08080112464611006, 0.07958102483260208, 0.07441612199375232, 0.08004322925543342, 0.08113391873830667, 0.07177511167989684], [0.07528714282734228, 0.07069757347174493, 0.08287943323668048, 0.0749823194586709, 0.0753997868592165, 0.07346710497242082, 0.07900882136773385, 0.08106363511112834, 0.07967342782604843, 0.07439685493215308, 0.08015216012598632, 0.08132141518606822, 0.07167032462480594], [0.07521974810924473, 0.07073824922852014, 0.08254151391854349, 0.07485953068955709, 0.07537449588660519, 0.07342079907315066, 0.07904182163143014, 0.08139900766555669, 0.07968036541698569, 0.07443516435960902, 0.08017106142289937, 0.0814159420775873, 0.0717023005203105], [0.07510171788266842, 0.07060650517014591, 0.0825118779206626, 0.07463504348312305, 0.07531741766333873, 0.07326420396491767, 0.07913995030197149, 0.08177483886945473, 0.07976286943597538, 0.07442695201620558, 0.08027188271948318, 0.08159119806096282, 0.07159554251109052], [0.07527491253819714, 0.07072304371095617, 0.08279264201747687, 0.07496352267583781, 0.0753949831786658, 0.07346625613671176, 0.07900704854472058, 0.0811367470563627, 0.0796644788451221, 0.07440808138609636, 0.08014535009632254, 0.08133279738532334, 0.07169013642820682], [0.07522413889404947, 0.07049254807453108, 0.08292828434749333, 0.07483648679015184, 0.0753716478303744, 0.073326859485226, 0.0791360984668889, 0.08116925907015493, 0.07981764448653553, 0.07436048754674084, 0.08031344096119995, 0.08151479509954616, 0.07150830894710758], [0.07544981785197095, 0.07080173629241826, 0.08298759777173792, 0.07525529844027146, 0.07548965967027309, 0.07364508370901218, 0.07891143292918627, 0.08055984699975201, 0.07959117728062434, 0.07441153615082219, 0.08008292031254512, 0.08105058545548108, 0.07176330713590523], [0.07555246713531547, 0.07082920033515355, 0.08283975622520508, 0.07539076140661548, 0.07556176118234477, 0.0737324715121718, 0.07890759228874426, 0.08030150924700286, 0.07959627491463289, 0.07443929927849645, 0.0801146225590371, 0.08093608022990272, 0.07179820368537759], [0.07568888965529838, 0.07086279579941987, 0.08255481935294567, 0.07555223636917249, 0.0756660581874578, 0.07384202229569185, 0.07892184023467894, 0.07999586584693082, 0.07961793418523042, 0.07449109031066918, 0.08016537850751439, 0.0807952750542076, 0.07184579420078256], [0.07579951413403008, 0.07089777937792735, 0.08231101954334137, 0.07567786460726955, 0.07575331068672853, 0.07393216275158596, 0.07893208406035329, 0.07976410244943247, 0.07962999638209659, 0.0745401858328291, 0.08019608220742593, 0.08067420697106475, 0.07189169099591512], [0.07591663749669278, 0.07077800826420962, 0.08217818580640883, 0.0757406755632057, 0.0758636982947466, 0.07395026918284932, 0.07902882178111602, 0.07942976548850719, 0.07973793650690253, 0.07458318998496007, 0.08033823804306602, 0.08062944458100915, 0.07182512900632626], [0.07601504335557986, 0.07059327671478242, 0.08259904222517159, 0.0757722105067955, 0.07595377170150007, 0.07393008481350752, 0.0790838547546879, 0.07899558831912608, 0.079797445349182, 0.07459247776509821, 0.08042984849364991, 0.08053342842796368, 0.07170392757295523], [0.07607621330662388, 0.0704417310574058, 0.08290465255340428, 0.07575748127009993, 0.07602145114578968, 0.07389436808732679, 0.07914628386930356, 0.07870785014023371, 0.07985875064554025, 0.07460811804992679, 0.08050819523709885, 0.08047082776170025, 0.07160407687554632], [0.07613307990715243, 0.07019421869967352, 0.08333333333333333, 0.07566579847977938, 0.07610999734163773, 0.07380021113914355, 0.07927779229945703, 0.07836224813278374, 0.0799849172716621, 0.07463677828675619, 0.0806502023751928, 0.08041459711926871, 0.0714368256141595], [0.07612530849232464, 0.06991516657800952, 0.08281748634124335, 0.07540082859177377, 0.07620714764943037, 0.07361841324799333, 0.07964121990770885, 0.07829880555017316, 0.08035228711525182, 0.07473201869901107, 0.08102699487820583, 0.08061335882171367, 0.07125096412716059], [0.07510648198607509, 0.0707253479555782, 0.08256343762531296, 0.07466540979188328, 0.07531707331646403, 0.07331806419608045, 0.07906606497776114, 0.08178714487822278, 0.07966935417040329, 0.07445249238798457, 0.08016918484101668, 0.0814718531166947, 0.07168809075652291], [0.07498515620562089, 0.07063231792168366, 0.08295392096940031, 0.07446262113889693, 0.0752458083927341, 0.0731813988135801, 0.07908858813092914, 0.08207810559623105, 0.07966524221687392, 0.07443335819698639, 0.08017062086039946, 0.08149503040367588, 0.07160783115298824], [0.07487384066081545, 0.07053357259995777, 0.08333333333333333, 0.07426427048769522, 0.07518561902420923, 0.07304780905349431, 0.07912241488988592, 0.0823517628856788, 0.07966895977729864, 0.0744228344980085, 0.08017553854023542, 0.08149370344645762, 0.07152634080292969], [0.07486120186510761, 0.07055317932358826, 0.08314646696609639, 0.07421405058160756, 0.07519555666139163, 0.07303571325074275, 0.07915769031822023, 0.0824952775412142, 0.07967692092556913, 0.07446164627353122, 0.08017895699928035, 0.08147494575287492, 0.0715483935407759], [0.07480900683001138, 0.07051618247830584, 0.08313742564800346, 0.07408648837059496, 0.07518609624119099, 0.07296657907917445, 0.07922041867943477, 0.08272303665740506, 0.07969608498198061, 0.07449541124992748, 0.08019181981513408, 0.08144567075588817, 0.07152577921294886], [0.07478062588946431, 0.0705041453702783, 0.08284006049280415, 0.07394014930915795, 0.07522230604970957, 0.07290987520338288, 0.07935317466091996, 0.08291966028509477, 0.07976004435840527, 0.07459544856064776, 0.08023987287678679, 0.08139687295626631, 0.07153776398708185], [0.07478793885720979, 0.07051665659619193, 0.0826446322089947, 0.07389034485898502, 0.07526008706896807, 0.07290285544374568, 0.07943173890038613, 0.08288905487516607, 0.07980471127389077, 0.07466272714380935, 0.08027436228579328, 0.08137243944771207, 0.07156245103914731], [0.07529342945011949, 0.07027659436461638, 0.08300379717842092, 0.07486089027013608, 0.0754341330946814, 0.07328108245697787, 0.07927790519435111, 0.08081066460823431, 0.08000342642547842, 0.07434094827648495, 0.08051300687636438, 0.08155108058069649, 0.07135304122343816], [0.0755236611738482, 0.07055827430475779, 0.08281241130880004, 0.07524613603864805, 0.07557209223542329, 0.07358067082379216, 0.07910201432176037, 0.08029133161881664, 0.07981969814351324, 0.07441725425662107, 0.08036459757961477, 0.08111775030130798, 0.07159410789309642], [0.07572214904890726, 0.07067215202207036, 0.08237541681558627, 0.07549141789876293, 0.07572331368460318, 0.07376661906094227, 0.0790890617312422, 0.07987982309195915, 0.07980675589135543, 0.07450802511516283, 0.08038318335254142, 0.08086832502343572, 0.07171375726343099], [0.07479039664365536, 0.07048309652689516, 0.08246745901774807, 0.07382766890642987, 0.07529508167193699, 0.0728736889395377, 0.07953882916812194, 0.0828320244680294, 0.07988463503188271, 0.07471791450971758, 0.08034779412067916, 0.08139105927825539, 0.07155035171711067], [0.07479911409654948, 0.07046261791394627, 0.08226823050781751, 0.07377134862649704, 0.07533654324629245, 0.07285352227075415, 0.07964467699674768, 0.08277300535804544, 0.07995930100207461, 0.07478170805390685, 0.08041268184389881, 0.08138708586471029, 0.07155016421875936], [0.07477676048715992, 0.07037557096347169, 0.08200777227433723, 0.07366146960732763, 0.07535782268156795, 0.0727829389061047, 0.07976921571717388, 0.08304844147368068, 0.08004523850062133, 0.07482629098023402, 0.08048643761550021, 0.08136669331259934, 0.0714953474802215], [0.0747621167640828, 0.07030537146393895, 0.08172716046914923, 0.07355832046659296, 0.07538771479048144, 0.0727234846468695, 0.07989081660142826, 0.08333333333333333, 0.08012084069830265, 0.0748830315919904, 0.0805436947519396, 0.08130798716722731, 0.07145612725466352], [0.0748020840492706, 0.0703049610643617, 0.08148046958239753, 0.0735206433749071, 0.0754654813890943, 0.07272549073877875, 0.08004150171944238, 0.08306318243750534, 0.08022942651402308, 0.07498263504458398, 0.08063227741838583, 0.08127627861153039, 0.07147556805571914], [0.07481146464597749, 0.07028196847247285, 0.08136566604312888, 0.07349071632346749, 0.07549331590455295, 0.07270920279153581, 0.08012014427996017, 0.08300232620645584, 0.08029106281772529, 0.07501596827193885, 0.08068594462219694, 0.08127205703952928, 0.07146016258105822], [0.07482587655083822, 0.07024856869883923, 0.08118183058833775, 0.07344428868198476, 0.07553642120140389, 0.07268476215433838, 0.08023886861688369, 0.08294139420695106, 0.08038086180677483, 0.07506827850833472, 0.0807609424304228, 0.08124994667827158, 0.07143795987661927], [0.07485283162683783, 0.07023539263105462, 0.080988492361345, 0.07341016937032789, 0.07559226862272642, 0.07267561202539456, 0.08036222395639499, 0.08280092530956179, 0.08047053019497175, 0.0751352279887455, 0.0808313850621352, 0.08121093367585022, 0.07143400717465405], [0.07491466814221615, 0.07029816036378933, 0.0807004823736369, 0.07339062585820516, 0.07569476516501471, 0.07270735442120765, 0.08050530219683398, 0.0825311202343319, 0.08054758044360423, 0.07526837681549448, 0.08086739201370036, 0.08108004384292385, 0.07149412812904139], [0.07497407970060511, 0.07032457725191014, 0.08042216792730629, 0.07336756047334636, 0.07579382567118174, 0.07272581523357284, 0.08066606459877892, 0.08226934681886752, 0.08064615392684661, 0.07538829592748497, 0.08092470060950524, 0.08096972628349366, 0.07152768557710053], [0.07490350999369397, 0.07018649989965868, 0.08066376942233766, 0.07335697978573016, 0.07569035231518402, 0.07265549868448146, 0.08059548225250276, 0.08251267343706287, 0.08064998275217133, 0.07524212218190325, 0.08097658786355895, 0.08115659048431223, 0.07140995092740272], [0.07541528092135238, 0.07066485447908384, 0.08311055168088438, 0.07517265068777906, 0.07547291365060883, 0.07355846876744274, 0.07898423894089333, 0.08058414072837548, 0.07967701694874536, 0.07438263926309939, 0.08017803719667958, 0.08114433916502782, 0.07165486757002781], [0.07531421680818513, 0.07047480913147004, 0.08333333333333334, 0.07498889489566163, 0.07541314462293228, 0.07339864408136211, 0.07908307181734342, 0.080762057646442, 0.07978630295203538, 0.0743334784255337, 0.08028207174186018, 0.08133218583844669, 0.07149778870539414], [0.075626249811461, 0.0703730948011415, 0.08232444235815037, 0.0752363797439849, 0.07569728833005875, 0.07354763396494778, 0.07932848721563772, 0.0800184207985616, 0.08007337535797641, 0.07448238259825142, 0.08066349842986997, 0.08114680402544676, 0.07148194256451172], [0.07544530887291218, 0.07035027937243023, 0.08278633711054566, 0.0750606664136626, 0.07554287237158325, 0.07342183427514039, 0.07926113156170511, 0.0804303550682229, 0.07999609551802427, 0.0743928867063748, 0.08054449554026875, 0.08133705818969494, 0.07143067899943482], [0.07509103216560599, 0.07030980623238894, 0.08248587781857199, 0.07455065399204645, 0.07532309001619182, 0.07312793867392826, 0.07932821167476256, 0.0816554654853209, 0.07999938552758254, 0.07437004987582778, 0.08052843543760226, 0.08186375369372416, 0.07136629940644622], [0.07521234928784473, 0.07026288177168218, 0.08294293871108421, 0.07474563694848783, 0.07538277558406437, 0.07321261978065721, 0.07929395223445937, 0.08108096035776685, 0.08000678471467941, 0.07433247940841642, 0.08051227482936942, 0.08168002304351223, 0.07133432332797572], [0.07571094444382234, 0.07028668798199564, 0.08222100456639084, 0.0752746559044472, 0.07578067372568259, 0.07355890738925794, 0.07940728379802565, 0.07973530454587416, 0.08016106115718662, 0.07451792715143012, 0.08078034023318319, 0.08113065268933702, 0.0714345564133667], [0.07576876719995028, 0.07002046809534188, 0.08255403850424468, 0.07520092926547607, 0.07586434765605685, 0.07346342338692496, 0.07956752896444004, 0.07932562593439695, 0.08033527106433329, 0.07453248790001785, 0.0809956394616434, 0.08112108005573157, 0.07125039251144205], [0.07628854540702822, 0.07010192634193868, 0.08286820647910706, 0.0756544456446327, 0.07630451741205292, 0.07382152328639982, 0.07949954051515111, 0.07801786580282258, 0.08012880855837018, 0.07478773630493574, 0.08078803360745727, 0.08032327428482669, 0.07141557635527694], [0.07625333841250584, 0.07025701420198277, 0.08313439434590678, 0.07577750597363109, 0.07621376248690132, 0.07390061139721742, 0.07927453029160081, 0.07814409894364732, 0.0799443450406652, 0.07471192628895668, 0.08060343347961901, 0.0802749390404597, 0.07151010009690605], [0.0748344414629931, 0.06917218735038032, 0.08128939892151804, 0.07349546972854179, 0.07543723511705601, 0.07231980809247977, 0.08071816518498164, 0.08135914312978344, 0.08141069709933589, 0.07455642848393244, 0.08206531341087617, 0.08278541393664846, 0.07055629808147298], [0.07476500698069968, 0.06927800752680273, 0.08156285933525513, 0.07346699340225352, 0.07536505491324143, 0.0723242707454348, 0.08056131833813823, 0.08173007167608588, 0.08117972429125032, 0.07453552952607567, 0.08180440219772445, 0.08280218267970779, 0.07062457838733033], [0.07473346233630337, 0.06931844459520206, 0.08183112301070844, 0.07352366742105391, 0.07529244607233765, 0.07234305842392505, 0.08036544216920911, 0.08193623881915367, 0.08100327876495907, 0.07444881580604769, 0.08162755035044555, 0.08294294952487527, 0.07063352270577922], [0.07471251007719067, 0.06940389788845315, 0.08208711072522404, 0.07357668840838766, 0.07524099923622904, 0.07238121438399532, 0.08019439329674288, 0.08216470017506092, 0.08082546290501841, 0.07440198779107007, 0.08143936364819242, 0.08288703738043263, 0.07068463408400268], [0.07474941681006159, 0.06944474764551478, 0.08225911731935039, 0.07372019408907704, 0.0752176924450012, 0.07245029309834719, 0.0800415811413126, 0.08208749872112149, 0.0807210822731426, 0.07432663844675781, 0.0813376500256662, 0.08294319171169405, 0.07070089627295309], [0.07483653197026958, 0.06949490959589401, 0.08218653237279618, 0.07387740389235894, 0.07525850510100389, 0.0725452477767414, 0.07999391927709272, 0.08183550798643496, 0.08070932776341824, 0.07431542049307138, 0.08132177221141208, 0.08288363282187441, 0.07074128873763239], [0.074983800818139, 0.06946567630877641, 0.08172852260032516, 0.07400899700506912, 0.07538929994563763, 0.07262631992705935, 0.08014178344253277, 0.08133973591138305, 0.08090808436137473, 0.0743790311713199, 0.08151506136914609, 0.08276947890248568, 0.0707442082367511], [0.07504724944871453, 0.06922480354727735, 0.0811006331258294, 0.07388498291414171, 0.07552137968527557, 0.07252766959656864, 0.08054031875070783, 0.08083497027155001, 0.0813556101410663, 0.07447891630722211, 0.08197599718950109, 0.08291318179183672, 0.07059428723030876], [0.07492868110279684, 0.06899292567135261, 0.08089848279794089, 0.0735907187732343, 0.07549675280915362, 0.07231719589200443, 0.08081434335964588, 0.08079244403040747, 0.08161914977110064, 0.07450277840692399, 0.08229205645366547, 0.08333333333333331, 0.07042113759844038], [0.07488623014175133, 0.06902222454327625, 0.08095879859532672, 0.07350011854702848, 0.07549199403584013, 0.07228648836212778, 0.08087459536175881, 0.08094976920627374, 0.08163318613458011, 0.07455242488417896, 0.08231487711114294, 0.08307960050969561, 0.07044969256701906], [0.07486103693038014, 0.06916702244235097, 0.08135566893941734, 0.07359417744908284, 0.07541863502175326, 0.07235544033871473, 0.08061855143652609, 0.08130515942280689, 0.08135566893941734, 0.07448885725641671, 0.08201695201875461, 0.08292272713079099, 0.07054010267358822], [0.07479979466059071, 0.06920170770689506, 0.08147444167512462, 0.07351397929461424, 0.07538077473419647, 0.07232271599443929, 0.08058673213235612, 0.08152779791180684, 0.08127461214821008, 0.07450100168994755, 0.08192313075911015, 0.08292957935506717, 0.07056373193764179], [0.07477060595693784, 0.06924180105671801, 0.08180992181836927, 0.07363161327738886, 0.07527763638182436, 0.07235956714905054, 0.08029880721428999, 0.08168943642308628, 0.08101512804890967, 0.07435521396277543, 0.0816567537756392, 0.08333333333333333, 0.07056018160167714], [0.07491472676481713, 0.06928227717354517, 0.08155825640141566, 0.07380076305997012, 0.07538989233408794, 0.07247528132235148, 0.08036721701779917, 0.08132103131070996, 0.08113292616744101, 0.07440679785200123, 0.08177009878513436, 0.08296976321374887, 0.0706109685969779], [0.07485415068206462, 0.06923556147218443, 0.08160075441049067, 0.0737010467087913, 0.07535590184606124, 0.07240777251011223, 0.08039782803799382, 0.08143439158254925, 0.081145094526281, 0.07440083205163349, 0.08179142818904067, 0.083104069380749, 0.07057116860204844], [0.07494418068971681, 0.06918702288838989, 0.08127887312277056, 0.07374807424868572, 0.07545067801624426, 0.07243695632067347, 0.08054794637516584, 0.08108950306983868, 0.08133327907754058, 0.07445693847518514, 0.0819815087598192, 0.08299086347309823, 0.07055417548287177], [0.074751792146345, 0.06926506800318946, 0.0818299944682082, 0.07358260543044536, 0.07528063327148234, 0.07234713768102852, 0.08032642059622593, 0.08179696739986853, 0.08101679335389479, 0.07438956425586846, 0.08165473377076325, 0.08317517371847805, 0.07058311590420215], [0.07481349711552591, 0.06939326044599216, 0.082043244359806, 0.07378725600973926, 0.07526623807156028, 0.07247428742752877, 0.08011068143515715, 0.08178064296328043, 0.08082987872921281, 0.07432752204913552, 0.0814541782130596, 0.08305134698061548, 0.07066796619938667], [0.07491476003838678, 0.06939797436029119, 0.08179468567208045, 0.0738976900724478, 0.07534766754346987, 0.07254467881553091, 0.08017688826093802, 0.08146661773978278, 0.08093149804185719, 0.07436229238010846, 0.08155209590748762, 0.08292704583866238, 0.0706861053289565], [0.07506883289029534, 0.06933710807050371, 0.08126417209114128, 0.07398613983031986, 0.07550694133095484, 0.07260480298887483, 0.08039993117427124, 0.08093296734389509, 0.08120517325176525, 0.07446044789139486, 0.08181160434738118, 0.08274789147195083, 0.07067398731725161], [0.07507297724448328, 0.06947102155884477, 0.08154980893771621, 0.07409212169049408, 0.07546792282112842, 0.07268486423264858, 0.0802073555339122, 0.08108182210588645, 0.0809959112433548, 0.07442300172573112, 0.0815889502543261, 0.08260006084252146, 0.07076418180895254], [0.07475097126001964, 0.06936434812359837, 0.08208775952367406, 0.07367291121458099, 0.07523864116586847, 0.07240831976552876, 0.08014660993917846, 0.08195875495786754, 0.0808358865867319, 0.07434088937958534, 0.08146200575552409, 0.08308762352340295, 0.0706452788044395], [0.07489751195159786, 0.06950655255370469, 0.08204384245364729, 0.07395364528848028, 0.07530322366364121, 0.07259361040826859, 0.08001674291983185, 0.08164807297028456, 0.08075223315911596, 0.07433111588807202, 0.08136131992081601, 0.08283459317321348, 0.0707575356493262], [0.07500359081861493, 0.06957112131949214, 0.08185074929379471, 0.07409893226904882, 0.07537782427867476, 0.07269748069043563, 0.08001708699462405, 0.08139253055170129, 0.08077481783203873, 0.07436537987125391, 0.08136880962168785, 0.08266187574674864, 0.07081980071188468], [0.07493593580635635, 0.06892853223818025, 0.0801911177113919, 0.07323375721847394, 0.07570403704840756, 0.07219901568343057, 0.08150659702267099, 0.08081074838001412, 0.082124899651585, 0.07485971691965543, 0.08270609889802524, 0.08234944372086396, 0.07045009970094472], [0.07494939943269949, 0.06887026994492723, 0.08025809830921601, 0.07331224799903494, 0.07567152067175144, 0.07220424544459235, 0.08140051485020758, 0.08064374041276136, 0.08213839268289569, 0.07476459541192157, 0.08282115044427307, 0.08257758650851212, 0.07038823788720706], [0.07503577861943334, 0.06886690470001433, 0.0803842444644353, 0.07350881050693682, 0.07567885177010153, 0.07228968460287535, 0.08123857162630536, 0.0802955819923912, 0.08208409779796651, 0.07467431707691274, 0.08277053030996835, 0.08279938507778153, 0.07037324145487746], [0.075206128868275, 0.06885646989243961, 0.08072895403092606, 0.07370729199822652, 0.07579882546727967, 0.07240586983057994, 0.0812033588552905, 0.07975147016345284, 0.08210452829512788, 0.07469209670008971, 0.08269230501884488, 0.08246951497968552, 0.0703831858997817], [0.07549655976526697, 0.0687256377618725, 0.0804482588074874, 0.07369830967354199, 0.07618521415669949, 0.07246907504652304, 0.08167544379855968, 0.07881672416354374, 0.08249847072018471, 0.07501340114010063, 0.08305694993992482, 0.08153707063063656, 0.07037888439565836], [0.07552967894575097, 0.06874703660982999, 0.0797599206585856, 0.07344337270189294, 0.07638836884530377, 0.07242173352720732, 0.08236030464617566, 0.07881098075023296, 0.08297880215421527, 0.07534739050945574, 0.08258478978194088, 0.08116221245005426, 0.07046540841935468], [0.07538285512412113, 0.0688406713708609, 0.07937072513403197, 0.073232122372268, 0.07632393553723862, 0.07234227713382262, 0.08265966738664507, 0.07931276539390261, 0.08298991608391068, 0.07543911072409626, 0.0823617252214404, 0.08120311588515354, 0.07054111263250809], [0.07519851293826205, 0.068931971651523, 0.07934789020064509, 0.07316683044528366, 0.07611425427519437, 0.0722852653827299, 0.08232902393101454, 0.07999015059603277, 0.08266889682034323, 0.07530682654690248, 0.08255875932828267, 0.08153527545652128, 0.07056634242726482], [0.07499962083416592, 0.06890254890589854, 0.07987516679157497, 0.07320014125835295, 0.07581053823909287, 0.07220530535449732, 0.08174181563154893, 0.0805797292811004, 0.08232528350234569, 0.07497341378158143, 0.08279558410300453, 0.08213104395890909, 0.07045980835792728], [0.0749847489410625, 0.0688347121265696, 0.08004228880974, 0.07328073509155726, 0.07573539147728713, 0.07219652211818549, 0.08155440462713029, 0.08049670065341935, 0.08229223971846891, 0.07482987244861589, 0.0829560029273584, 0.08241770715436449, 0.0703786739062407], [0.07504623891528567, 0.06876693836260266, 0.080202960109852, 0.0733955585784591, 0.07574699171784614, 0.07222685155334528, 0.08148411292117795, 0.08016004948336083, 0.08233590937879567, 0.07475680516300243, 0.08304670243520712, 0.082512375014777, 0.0703185063662884], [0.07509815680210573, 0.06877220370354237, 0.08036131171552678, 0.07348208181177474, 0.07576965828422956, 0.07227228511760168, 0.0814271890880439, 0.07999033225822531, 0.08231258774679574, 0.07473873497250619, 0.08294606737524725, 0.0825067526672747, 0.07032263845712598], [0.07518799914038314, 0.06871710683279397, 0.08031827973979172, 0.0734808756100006, 0.07588812716479493, 0.07228685925479211, 0.08161598303235555, 0.07967114944107426, 0.08253505000230806, 0.07483264783552039, 0.08295963956035267, 0.08219703892632425, 0.07030924345950833], [0.07509546319876473, 0.06873278901194395, 0.07977539883064627, 0.07322571191764041, 0.07591089012568214, 0.07218809075202862, 0.08194783446392657, 0.08000868561982076, 0.08271508633772949, 0.07499006182077418, 0.0830723994167718, 0.0819912218622839, 0.07034636664198704], [0.07523220056415522, 0.0687171554935125, 0.07964696487050076, 0.07322910980945996, 0.07609858256426402, 0.07223705383003295, 0.08227644912960902, 0.