[[0.07456097582432702, 0.06997436052673864, 0.08079515920252427, 0.0734586553654172, 0.07571197646239386, 0.07264960084035763, 0.08021612969976719, 0.08247917312180203, 0.08100639662947083, 0.07516868531206478, 0.08140553539053613, 0.08152835011883829, 0.07104500150576237], [0.07448133285913294, 0.06999653047363513, 0.08111328811517034, 0.07349955316510574, 0.07560888424251896, 0.07265335376359079, 0.08003053002656285, 0.08275619128412487, 0.08085271138046454, 0.07506217187638321, 0.08128607815049337, 0.08160961702507441, 0.07104975763774277], [0.07440632135363705, 0.07006741478958702, 0.08149230852089873, 0.07356597190249649, 0.0755025973608962, 0.07268060984408407, 0.07980924699824499, 0.0830213778660459, 0.0806543191164238, 0.07495458140798689, 0.08111391480728053, 0.08164684417474963, 0.07108449185766881], [0.07436762510824756, 0.07014397812630864, 0.08180366839031744, 0.0736546038502994, 0.07544016613494177, 0.07273076948566629, 0.07965895772153203, 0.08296506573364866, 0.08052521950095523, 0.07488554015076732, 0.08100336938031866, 0.08168869026049257, 0.07113234615650445], [0.07435854050629936, 0.07029363929605567, 0.08217104130392358, 0.07379087428455441, 0.07539665605683528, 0.07283130812360185, 0.07948316440741311, 0.08272070169688558, 0.08035778757119015, 0.07484013822664874, 0.08084512980021633, 0.08166810389122175, 0.07124291483515412], [0.07429560239855412, 0.07029318413165882, 0.0824162209364383, 0.07383687253279866, 0.07532281460706276, 0.07283463620261739, 0.07936661192179602, 0.08294830363505344, 0.08026208482101123, 0.07475257468628094, 0.08076186493573989, 0.08168279050553089, 0.07122643868545778], [0.07418115745696582, 0.07021815035087461, 0.08272025898174415, 0.0738978660134207, 0.07520655306458751, 0.07281067083430805, 0.07923581551772015, 0.08333333333333333, 0.08017864357722254, 0.0745998642245822, 0.08070234255811219, 0.08177506492515005, 0.07114027916197872], [0.07418686873543234, 0.07032678970589493, 0.08289062328535879, 0.07408486693152147, 0.07519334028706316, 0.07292916519983896, 0.07913300121382486, 0.08294857384080526, 0.08009714600721882, 0.07456107290138317, 0.08062722729219524, 0.0817981163280167, 0.07122320827144635], [0.07419519988155453, 0.07035725823875628, 0.08284632041913306, 0.07425157192370402, 0.07520194207464902, 0.07301845609520874, 0.07911455658618856, 0.08257062632725387, 0.08011145465532965, 0.07453117142389941, 0.08065025052956826, 0.08190337577792456, 0.07124781606683012], [0.07427476076927512, 0.07051660306343133, 0.08251043211979675, 0.0745574575540249, 0.0752678351824377, 0.07322835359945164, 0.07907293999211776, 0.08203666634671865, 0.08008617384120659, 0.0745527565330971, 0.08061581046542413, 0.08189212538770708, 0.07138808514531134], [0.07433965321434899, 0.070614736393125, 0.08250130594363382, 0.07484113746680206, 0.07532871268924013, 0.07340826450893258, 0.07903881625657729, 0.08147287868251273, 0.08005987210297458, 0.07456148894223931, 0.08056797105376481, 0.08178592958257355, 0.0714792331632753], [0.07438931955423315, 0.07075753603059955, 0.0828451582066254, 0.07508500346798602, 0.0753577777092524, 0.07357668606596941, 0.07892258953131658, 0.08105404565515106, 0.079923096958757, 0.07456129374102888, 0.08040035494540176, 0.08152641411414106, 0.07160072401953765], [0.07440175657058283, 0.07067885010905077, 0.08333333333333333, 0.07522811226250543, 0.07539267176610931, 0.07362994489055083, 0.07894175341743925, 0.08057904378924599, 0.07994462315275674, 0.07453927692416451, 0.08039211468191472, 0.08139231409026856, 0.07154620501207763], [0.0745005570682993, 0.07072702829497209, 0.08296405591210046, 0.07539815768035071, 0.07550202696496497, 0.07375401677100087, 0.07900633177387058, 0.0802482555136279, 0.07999354410344071, 0.07461402851575864, 0.08040714787683452, 0.08127591605138482, 0.07160893347339435], [0.07462259337449964, 0.07070987414081023, 0.08247488731065689, 0.07553682727006418, 0.07565431802315276, 0.07385488497878098, 0.07915789921814012, 0.07986093538267465, 0.08012561187386644, 0.07472102866146971, 0.08049127028499474, 0.08116139184095873, 0.07162847763993078], [0.07471118656563029, 0.07062864184182552, 0.08207631731481006, 0.07556297532118057, 0.07578091691342954, 0.07387634244973257, 0.07934126082227701, 0.07959613283290218, 0.08029576024008525, 0.07481411874090071, 0.08062010476767403, 0.0811059306811145, 0.07159031150843781], [0.07485663551893051, 0.07056681218360197, 0.0815478416464261, 0.07561241542182673, 0.07597181368687853, 0.07393351518723631, 0.07957406647624586, 0.07921938836533553, 0.08048728410840009, 0.07496514112202994, 0.0807376315728973, 0.08094609773676872, 0.0715813569734224], [0.07499093773415559, 0.07041466069260689, 0.08099078511576668, 0.0755200842517753, 0.07617163291204176, 0.0738983674035739, 0.0799166788643858, 0.0789009928438722, 0.08078680030435954, 0.07513439282190441, 0.08094832769467414, 0.0808265645192662, 0.0714997748416175], [0.07471445219338409, 0.07013216274355447, 0.08045433983208243, 0.07343574251774371, 0.07586469135412419, 0.07271451645174858, 0.08033278589363507, 0.08223915419722819, 0.0810114791185217, 0.07535957848246169, 0.08133105626672467, 0.08123811565698547, 0.07117192529180565], [0.07459705053847743, 0.07011572402248953, 0.08084537059149577, 0.07347277132943296, 0.07572188767810144, 0.07269931755729028, 0.08011200463583107, 0.0826174308790745, 0.08085244092516043, 0.07520829345614481, 0.08122982603104431, 0.08137751210371977, 0.0711503702517376], [0.07453702211991502, 0.07011981331725076, 0.08107089325858556, 0.07350078693277998, 0.07564562971165224, 0.07269954032771458, 0.07998139792682077, 0.08283648565977254, 0.08074803568326418, 0.07512852417985301, 0.08115074696953109, 0.08143129057356209, 0.07114983333929822], [0.07440969349059467, 0.07011502861265662, 0.08154402356495649, 0.07357673329394702, 0.07549440479867785, 0.07269904119293308, 0.07975461903900413, 0.0831152152727016, 0.08058644757429756, 0.07495556641170907, 0.08104048321757391, 0.08158712088706717, 0.07112162264388072], [0.07449973989555264, 0.07007957744361283, 0.08116101530715492, 0.07350964658015835, 0.07560910792021461, 0.07268497795632259, 0.07995436480384753, 0.08288816676910211, 0.08074606197871753, 0.07508141261110768, 0.0811656343471821, 0.08150250107769938, 0.07111779330932767], [0.07437971877701506, 0.07023488016337837, 0.08191635039555312, 0.07369753157700876, 0.07543283368085962, 0.07277824489220622, 0.07957545624891434, 0.08295343767434436, 0.08042716481625423, 0.07488883280110573, 0.08089945053509968, 0.08161175911862072, 0.0712043393196396], [0.07439047421536377, 0.07038029563407504, 0.08216988941592286, 0.07380541124869373, 0.07541300256128262, 0.07287024666620512, 0.07943764993911924, 0.08274892519046417, 0.08028506059158494, 0.07487418452738379, 0.08075814530832567, 0.08154981162272666, 0.07131690307885225], [0.07429212193307325, 0.07032004104686827, 0.082477807642844, 0.07385492637087199, 0.07531239274030033, 0.07284922163898697, 0.07932896571961943, 0.08297987209804253, 0.08022182830064781, 0.0747436315509859, 0.0807204114699773, 0.08165288999284935, 0.07124588949493302], [0.07425783182716582, 0.07042299296171296, 0.08283266223965925, 0.07396571953450613, 0.0752491078246954, 0.07291882756377377, 0.0791495683779818, 0.08306133947485685, 0.08004646243415567, 0.07467394077993729, 0.08054667975793893, 0.08156000573159657, 0.07131486149201956], [0.07421253013574348, 0.07045234756837646, 0.08313034244236411, 0.07411353647653, 0.0751931526803094, 0.07298331711393131, 0.07903829320679254, 0.08290276727605754, 0.0799701337618403, 0.07458357230034796, 0.08048422482899789, 0.08161089858090914, 0.07132488362779979], [0.07420891946626319, 0.07045998083040253, 0.08306538438937125, 0.07423430812557268, 0.07519165677279421, 0.07304128844221704, 0.07902661093748581, 0.08268343452370441, 0.07998793943619922, 0.07455068613667248, 0.08051188659791426, 0.08170869439587836, 0.07132920994552465], [0.07422952410089305, 0.07051064621449596, 0.08296247447363107, 0.07438648746080952, 0.07520915015573654, 0.07313257778176342, 0.07900660983245283, 0.0823948417503359, 0.07998768549797794, 0.07453901879878869, 0.08051396214773444, 0.08175466072236463, 0.07137236106301585], [0.07428562796148018, 0.07062046344750994, 0.0826852525753305, 0.07457971888313555, 0.07525556344205842, 0.07326920409179721, 0.07898337320510863, 0.08208502575839118, 0.07997225984969573, 0.07455986021108539, 0.08049223768204197, 0.0817420653318433, 0.07146934756052184], [0.07432843443207916, 0.07070360692574777, 0.08250054734242174, 0.07470681371657187, 0.0752902217857519, 0.07336371358688926, 0.0789643717321813, 0.08189558818064233, 0.07995288869076769, 0.07458055406525771, 0.080465495504617, 0.08170476915891191, 0.07154299487816032], [0.07439292460952417, 0.07082995754171693, 0.0822543343258172, 0.07488545710562419, 0.07534147351499622, 0.07350038523274018, 0.07893208036433617, 0.08164225860156087, 0.07991465370807839, 0.07461473603501119, 0.08041379580868938, 0.0816230372082045, 0.07165490594370054], [0.07439039395305237, 0.07080637790231313, 0.08252459971270648, 0.07498479157689039, 0.07534594394890706, 0.07354121129361348, 0.0789193497634075, 0.0813676411183731, 0.07991124356461105, 0.07458749647096798, 0.08040175371457112, 0.08158218956977253, 0.07163700741081384], [0.07447629023842647, 0.07103100451183245, 0.08279217352191763, 0.07531983117193629, 0.07540012865010998, 0.07378514129531091, 0.07876920123838153, 0.08083570112625957, 0.07972843058096923, 0.07460878886184129, 0.08017831867230459, 0.08124513250585487, 0.07182985762485522], [0.0744966374707196, 0.07096464183755369, 0.08303715429225268, 0.07544364313376993, 0.07544125588661639, 0.07383409714905301, 0.07880334045028442, 0.08046992209193096, 0.07976502584929962, 0.0746018458195141, 0.080191589907859, 0.0811643570776276, 0.07178648903351899], [0.0743684069643405, 0.07066091160706958, 0.08292350894267149, 0.0750466258931163, 0.07535521375047817, 0.07352754183490613, 0.07897775621428019, 0.08101335150885529, 0.07999262750539482, 0.07454509040724473, 0.08047293776939865, 0.08159343509841972, 0.07152259250382445], [0.07456452681556079, 0.07101467469485298, 0.08290676814941186, 0.07559658922500642, 0.07551219733486823, 0.07394092079466437, 0.07881634309560531, 0.08019193215166595, 0.07976252642369282, 0.07464479882404258, 0.08016236135590023, 0.0810435454000354, 0.07184281573469314], [0.07468305919448297, 0.07103411949924521, 0.08253474558838472, 0.0757870124996523, 0.07565107153823955, 0.07407414855112751, 0.07890991258293735, 0.07978530319949571, 0.0798315563545576, 0.07473654408019591, 0.08018508326478176, 0.0808976898966853, 0.07188975375021418], [0.07473391540609192, 0.07095714948714373, 0.08231098105239647, 0.0758082583050301, 0.07573049370648816, 0.07408161983414686, 0.07903114409143187, 0.07960648184846343, 0.07994739301980477, 0.07478821272144817, 0.08027654534572262, 0.08088245361707194, 0.07184535156475994], [0.0748458192537467, 0.07087467780410739, 0.0818795278285007, 0.07585956191751862, 0.07588488932408428, 0.07412274048786578, 0.07922649356154707, 0.0792880093973198, 0.08011708877785237, 0.07490112268239126, 0.08039340291203799, 0.08079391889215548, 0.07181274716087252], [0.07499939728609437, 0.0709031315855327, 0.08143510768181, 0.07599355961344585, 0.0760629356639897, 0.07424548626977011, 0.07937137728009429, 0.07891653235255057, 0.08018408243973242, 0.0750423185420292, 0.08039089177449503, 0.08058012058809352, 0.0718750589223623], [0.07503577826025942, 0.07068468419107109, 0.08114239044569607, 0.0758144563818044, 0.07615984315486275, 0.07411974790614115, 0.07965701465405825, 0.07881554016819135, 0.08046410845928861, 0.07511998071087256, 0.08063175338091463, 0.0806367969725931, 0.07171790531424645], [0.07475229406439172, 0.07028264396608509, 0.08050835866011652, 0.07346146593836984, 0.07587414836583875, 0.0727729944494349, 0.08021591979405109, 0.08232976904554731, 0.08085075650468639, 0.07539834296455636, 0.0811564906830845, 0.08111086616044914, 0.07128594940338835], [0.0745827377284704, 0.07026873435519865, 0.0810872695810715, 0.07352613817485756, 0.0756656303074378, 0.07275992190778686, 0.07989003258492029, 0.08289949277833418, 0.08061138070932619, 0.07517643533175002, 0.08099298666314914, 0.08127521881429609, 0.07126402106340135], [0.07464008089499741, 0.0702654837429471, 0.08087632042489636, 0.0734982545467679, 0.07573821326021475, 0.0727591244104431, 0.08001146226075007, 0.08269247159414331, 0.08070636329562342, 0.07525308950924589, 0.08106432980027119, 0.08123008794915544, 0.07126471831054415], [0.07450411970573757, 0.07017844705308074, 0.08126745312752422, 0.07353505805811941, 0.07558969546145311, 0.0727231463660277, 0.0798387003126918, 0.08305798313123916, 0.08060793903280696, 0.07507956014403745, 0.08102067766250692, 0.08140505981757781, 0.07119216012719706], [0.07450714878456782, 0.07030084429029704, 0.0814192524662966, 0.07358581074062023, 0.07556282228472475, 0.07278013691319682, 0.07969405660133935, 0.08318355245845624, 0.08044621749830741, 0.07506934172320845, 0.0808561291373158, 0.08130782777281803, 0.07128685932885145], [0.07444663023142357, 0.07035667483135484, 0.08179325088563469, 0.07368877831719169, 0.0754804866301774, 0.0728257275419252, 0.07954046438877672, 0.08307057261169849, 0.08033572224331777, 0.0749703713196831, 0.08077671472206147, 0.08140030830354152, 0.07131429797321368], [0.07444180962096779, 0.0702193453983176, 0.0815361425999878, 0.07357911636494373, 0.07550507223362679, 0.07273689719321783, 0.07967460762167015, 0.08333333333333333, 0.08046320289875153, 0.07499258435633087, 0.08089488601850689, 0.0814135502110218, 0.07120945214932389], [0.0744448686957279, 0.07050377934549965, 0.08211280848848422, 0.07382565559311818, 0.07544693153013694, 0.07292819935246779, 0.07938862168050775, 0.0827548197753027, 0.08019682485604876, 0.07493342939166774, 0.08064916029718502, 0.0813902776263196, 0.07142462336753379], [0.07443588055078554, 0.0705762037253138, 0.082300748788301, 0.07390157097479437, 0.07542102680190939, 0.07298042660372862, 0.07929907640774182, 0.08263787087682314, 0.08011564424182695, 0.07490327397531818, 0.08057388062527203, 0.08137757723746217, 0.0714768191907229], [0.07438698773380467, 0.07055834068613454, 0.08247781332490564, 0.07393181582579327, 0.07536822723962452, 0.07297584989177755, 0.0792326476237516, 0.08276378691043412, 0.08006971324699005, 0.07483685645289788, 0.08053935643814636, 0.08140797665981676, 0.07145062796592298], [0.07435788196253189, 0.07062836516583045, 0.08272370875712791, 0.07402040311070336, 0.07531907731436695, 0.07302785610453039, 0.07910502169748596, 0.08280087411148641, 0.07995192616275767, 0.07477914439382423, 0.08042663461895248, 0.08136321436438332, 0.07149589223601914], [0.07427266564564564, 0.070591180712492, 0.08313627222648909, 0.07411528503115368, 0.07523010914484018, 0.0730382999253932, 0.07899404875600811, 0.08283102743934889, 0.0798833852393004, 0.07465381456202479, 0.08037747538592609, 0.08143095351794488, 0.07144548241343306], [0.07424348851141874, 0.07058253460835916, 0.08333333333333334, 0.0741703736698432, 0.07519938852309418, 0.07305365753005572, 0.07895042082618352, 0.08275642980436916, 0.07985734426885871, 0.07460556254126763, 0.0803582445968516, 0.08145796307342593, 0.07143125871293925], [0.07424724569245365, 0.07059191070298247, 0.08320751199030198, 0.07422107476672474, 0.07520368838711887, 0.07308106377205302, 0.0789511064956589, 0.08271432265713427, 0.0798694660062126, 0.0745982124054996, 0.08037452345868361, 0.0815008526180359, 0.07143902104714032], [0.07423986313550174, 0.0706268310897341, 0.08333333333333334, 0.07435018880670914, 0.0751907719705441, 0.07314921720485977, 0.07889832540053322, 0.08248315374230139, 0.07983683459544746, 0.07455841520512511, 0.08034632543903923, 0.08152360542110537, 0.07146313465576609], [0.07428361513480959, 0.07071269204576525, 0.08301557798005761, 0.07452077911028775, 0.07522802181524052, 0.07326506247234234, 0.07888607922326503, 0.08224025329859057, 0.07983839279784626, 0.07457030455755527, 0.08034730099034759, 0.08155322682817141, 0.0715386937457206], [0.07432988378841089, 0.07080313445776945, 0.08276013864616223, 0.07467176746674316, 0.07526608386931431, 0.0733737050178887, 0.07886890882719204, 0.08202214774383706, 0.07982597640860066, 0.07458967081882262, 0.0803298340513551, 0.0815401754069713, 0.07161857349693254], [0.07444161176474226, 0.07104561114938907, 0.08232105941175162, 0.07498018851346304, 0.07534939834072761, 0.07361609671390448, 0.07879657427833685, 0.08160874460219109, 0.07974121322367586, 0.07464926262690971, 0.08022385514688099, 0.08139631405188778, 0.07183007017613963], [0.07450571554220137, 0.07119770318730885, 0.08228773722469516, 0.07520948177105664, 0.07539441115353224, 0.07378383591198029, 0.0787215098452568, 0.08125537790789716, 0.07965416872389404, 0.07467072223232614, 0.08011664883522988, 0.08124100987497468, 0.07196167778964663], [0.07450176998740128, 0.07112650464080769, 0.08267076364622855, 0.07535491030601944, 0.07540857547811018, 0.07383398925036642, 0.07872551621011536, 0.08086213558099074, 0.07967143280361391, 0.0746309729272878, 0.0801184191238191, 0.08118677903613658, 0.0719082310091028], [0.07445308861783996, 0.0710044724830041, 0.08259509021239425, 0.07518514999116119, 0.07537692325631094, 0.07370673723529927, 0.07879865618016149, 0.08111876184255419, 0.07976232009638211, 0.0746139053047071, 0.08022942488273012, 0.08135245840392225, 0.07180301149353309], [0.0744536986458265, 0.07103532785215579, 0.08228012961710506, 0.07505940117914049, 0.07536825727615024, 0.07365460473973061, 0.07881220038497745, 0.08144463235549636, 0.07976652749988587, 0.07464504432306089, 0.08024564952242262, 0.08140890683125654, 0.0718256197727916], [0.07437354302132104, 0.07086598829322223, 0.08249584653967854, 0.07481239006051177, 0.07530723738315094, 0.07346950013939839, 0.0788716069335974, 0.08180661450165458, 0.07983566645272126, 0.0746085413022275, 0.0803343016314257, 0.08154166949436309, 0.07167709424672743], [0.074456951903022, 0.07102718227382555, 0.08251321503309185, 0.07516538815720966, 0.07537587101528184, 0.0737042331196493, 0.0787932171840744, 0.08118972495088393, 0.07975296532440496, 0.0746233431589634, 0.08022223878557481, 0.08135475491276098, 0.07182091418125727], [0.07439402062061679, 0.07080344547829884, 0.08266211874009018, 0.07504220999766965, 0.07535189481321493, 0.07356913335536289, 0.07890916786879136, 0.08122165501451681, 0.0799027653349023, 0.07457773551119441, 0.08038655772775524, 0.08154321532927288, 0.07163608020831387], [0.07451386419536128, 0.07109853890271367, 0.08284188936281496, 0.0754466213685854, 0.07543056592226378, 0.07387454351116697, 0.07873258826099677, 0.0806255351942206, 0.07967980777847314, 0.07462284303243114, 0.08011284532922887, 0.08112918989486186, 0.07189116724688163], [0.07455072286373157, 0.07110712553061957, 0.08289195075716212, 0.07556729830490001, 0.07547373080602235, 0.07394586666709192, 0.0787390836781583, 0.08036889659020648, 0.07967933726622788, 0.07463698400829993, 0.08009240109897517, 0.08103841079411153, 0.07190819163449318], [0.07461881448942281, 0.0711295700948058, 0.08276757577863246, 0.07571869243847172, 0.07555114929343244, 0.07404506388932562, 0.07877111202408915, 0.08006726217083726, 0.07969741536133187, 0.07468024680417136, 0.08008188359263228, 0.08092721327495235, 0.07194400078789503], [0.07468618763174241, 0.07116510206032918, 0.08258166753739073, 0.0758424314968696, 0.07562423806483548, 0.07413425637336123, 0.0787997962431235, 0.07984082893684248, 0.07970960569995991, 0.07472920899858584, 0.08006872631029485, 0.08082870695046272, 0.07198924369620217], [0.07477616961263904, 0.07110181880582203, 0.08226731482220882, 0.07593649547318708, 0.07574735015560952, 0.07419226491516405, 0.07893740288803795, 0.07953044121064858, 0.07983066428473928, 0.07480886225080931, 0.08014984519921374, 0.08075528781670285, 0.07196608256521767], [0.07491052156130233, 0.07108589362046909, 0.08183573389261313, 0.07606457474361548, 0.07591247435103887, 0.07429367811045522, 0.07907982871374232, 0.07916331493059538, 0.07993416673510355, 0.07493045846267284, 0.08019559862469752, 0.08060349449606745, 0.0719902617576269], [0.07500232887763121, 0.0710510412803441, 0.08153404882342079, 0.07611554724287786, 0.07603088706587749, 0.07434049246312222, 0.07922458272508423, 0.07892646952789878, 0.08002297373486639, 0.07502050766261631, 0.08024046395095508, 0.08050225779993066, 0.0719883988453749], [0.07511514617764012, 0.0709608002104074, 0.08114354845291963, 0.07611314905213715, 0.07618807029948829, 0.07435640654632199, 0.07946691927527681, 0.0786522784818045, 0.08018027547612938, 0.0751441654655473, 0.0803359515274151, 0.08039370630383467, 0.07194958273107767], [0.07513931015329359, 0.07068430449452054, 0.08085262609725533, 0.07585552484655211, 0.0762850209742857, 0.07417527869241367, 0.07980538031186135, 0.07858738790872973, 0.0805231625946677, 0.07522505156540271, 0.08063464816544902, 0.0804878634350485, 0.07174444076052006], [0.07439525855443173, 0.0709743398463524, 0.0825708941161677, 0.07483659040536018, 0.07530723369106578, 0.07351585319443198, 0.07880031961838815, 0.08181768016006173, 0.07974171316132857, 0.07462787785302077, 0.08023167280338236, 0.08141615226330863, 0.07176441433269995], [0.07434012387770175, 0.0708828891081773, 0.08291750613729783, 0.07463762642843974, 0.07525739378034875, 0.07338168061746542, 0.0788073672106776, 0.08210286927796918, 0.0797376079225619, 0.07460894079864461, 0.08023301623519401, 0.08141146422392516, 0.07168151438159676], [0.07430523046290069, 0.07080297859176125, 0.08314879282692489, 0.07445515373321454, 0.07522903365460502, 0.07326429605880243, 0.07883189320892316, 0.0823606693895267, 0.07974608654652238, 0.07461038033001262, 0.08024200297311565, 0.08139078645093999, 0.07161269577275067], [0.07431736156018696, 0.0708083374688356, 0.08307434056105625, 0.07439611875317591, 0.0752401497570739, 0.07324130714567796, 0.07884992165482667, 0.08245924446466903, 0.07974992187747573, 0.07463877115118667, 0.08024193470785844, 0.0813625611728358, 0.0716200297251409], [0.07431696587055431, 0.07076758379205823, 0.08314126826872496, 0.07426786011209907, 0.07524482792960296, 0.07316991722103783, 0.07888836497753776, 0.0826018216354332, 0.07976742759347957, 0.07466876219568296, 0.08025343886250112, 0.08132206784486505, 0.07158969369642315], [0.07437569050324355, 0.07076385151643508, 0.08285004600309419, 0.07413029911677517, 0.0753105491095672, 0.07312088124276368, 0.07899249182804148, 0.08267980848281015, 0.07983237981030258, 0.07477233289552626, 0.08030249497693621, 0.0812665646376189, 0.07160260987688553], [0.07441760777710013, 0.07077186946101274, 0.08265834601254551, 0.0740783789485103, 0.07535654012473574, 0.07311055297706473, 0.0790557863745987, 0.08264487104000345, 0.07987497517795339, 0.07483538112352227, 0.08033527423515877, 0.08124070242443673, 0.0716197143233574], [0.07435780520844804, 0.07055475702101605, 0.08304482372483687, 0.07504138842318182, 0.07536778426162677, 0.07349523706428543, 0.0790450068239889, 0.0808644079078033, 0.08007436724410638, 0.07453252334900302, 0.08055054424142556, 0.08163117215429484, 0.07144018257598289], [0.07448377100046401, 0.07081115269806701, 0.08310504915177445, 0.07540621964011557, 0.07546173097277147, 0.07377372180072958, 0.07891035906402197, 0.08035154711404764, 0.07988924947940053, 0.07459374531991038, 0.08031088193215699, 0.08123471279055307, 0.0716678590359875], [0.07461737720124459, 0.07093463198441045, 0.08269947369454, 0.07565398927479318, 0.0755950214747706, 0.07396494737961994, 0.07893518746403995, 0.07995141808896711, 0.07987986565034265, 0.07469098328563659, 0.08025502077540057, 0.08102512815382351, 0.07179695557241092], [0.07444412384064945, 0.07073129291443314, 0.08248418298014869, 0.07401126642353739, 0.07539577886689039, 0.073075712138999, 0.07914411585983305, 0.08261964618348758, 0.07995124504639228, 0.07488431734426121, 0.08040545843135258, 0.08125676185649185, 0.07159609811352315], [0.07448482930633378, 0.07071180470141679, 0.08228885170429087, 0.07395647588425223, 0.07544715580857951, 0.07305641934111036, 0.07923469605927107, 0.08253224507705115, 0.08002462482053008, 0.07494727398879047, 0.08046922786626497, 0.08125436214699878, 0.07159203329510974], [0.07450708146688036, 0.07063861840036646, 0.08203468166108654, 0.07385781206912788, 0.07548784315750544, 0.07299711587069901, 0.07934190975439498, 0.08269684635410213, 0.08011198805917347, 0.07499898713121014, 0.0805442306665153, 0.08123997861613624, 0.07154290679280213], [0.07453888289237934, 0.07057957387508303, 0.08176096594666664, 0.07376405733655733, 0.07553637330926319, 0.07294679249201576, 0.0794464447212986, 0.0828768532811619, 0.08018845474531466, 0.07506088697225634, 0.08060240889563354, 0.0811913203789613, 0.07150698515340838], [0.07456826775291593, 0.07051604004470903, 0.0815104887270148, 0.07367962352592888, 0.0755853967726167, 0.07289735354345744, 0.07956163771795423, 0.08298621361945453, 0.08027971441438292, 0.07511792875922363, 0.08067603853578542, 0.08115926676297253, 0.07146202982358389], [0.07457937702630421, 0.0704793827675272, 0.08139542888058982, 0.07363959525829211, 0.07560855298779813, 0.07286990286113267, 0.07962711110945006, 0.08300733300377605, 0.08033708005006888, 0.07514177632173362, 0.08072598889202738, 0.08115782506664859, 0.0714306457746512], [0.07461021440329586, 0.07044377386435732, 0.08121392779919182, 0.07359181847345637, 0.07565611238970195, 0.07284362294836802, 0.07973148088166215, 0.08294724135393271, 0.08042490827678238, 0.07519158079463467, 0.08079931866461626, 0.08114468762577358, 0.07140131252422674], [0.07465497348705788, 0.07042722069116387, 0.08102283411820173, 0.07355550071182941, 0.07571624238634461, 0.072831701448164, 0.0798411512636473, 0.08280872277946247, 0.08051245785253178, 0.07525529469851082, 0.08086802775996589, 0.08111652843742957, 0.07138934436569065], [0.07475324740720543, 0.07047995137785128, 0.08073720061642167, 0.07352928875732034, 0.0758257087750494, 0.0728555463543987, 0.07997035987352584, 0.08254230805156318, 0.08058643108593427, 0.07538085224080482, 0.08090178250273804, 0.08100242711198291, 0.07143489584520414], [0.0748411655900757, 0.07049878917329516, 0.08046115395453897, 0.07350102107689356, 0.07593057710017312, 0.07286787002326366, 0.08011706005825989, 0.08228359561666591, 0.08068214035664668, 0.07549469504999025, 0.08095695677082479, 0.08090961814638555, 0.07145535708298685], [0.07472745562296353, 0.07037464746658927, 0.08070197420808728, 0.073499753835184, 0.0758199900074194, 0.0728083118025151, 0.08005033162375351, 0.08252441810269202, 0.08068838484234873, 0.07535791749484635, 0.08101031582765385, 0.08108355346847784, 0.07135294569746904], [0.07447343714314537, 0.07096365947652372, 0.0829826056503363, 0.07536513257807283, 0.07541297715568511, 0.07378902354952743, 0.07879735882720423, 0.08064898454259638, 0.07976325663233372, 0.0745937547529314, 0.08020365022969576, 0.0812270796195624, 0.07177907984238542], [0.07441347745816175, 0.07080092899144307, 0.08302191759035532, 0.07520052782119228, 0.07537777367985246, 0.0736506091915774, 0.07888459699148406, 0.08082727073418029, 0.07987626327976113, 0.07456173412395078, 0.0803367197763792, 0.08140780435295342, 0.07164037600870898], [0.0745423877031677, 0.07063407726067096, 0.08268364538226268, 0.0753994294330161, 0.0755748829634984, 0.07374469020608358, 0.07914619558371566, 0.08008517373866382, 0.08013902166905766, 0.0746606156520859, 0.0805356913297388, 0.08130440061200338, 0.07154978846603527], [0.07442143291036618, 0.07059830934232902, 0.08311227784258417, 0.07521870853019756, 0.07543583367072912, 0.07361118485632556, 0.07904585246300991, 0.08048581394668711, 0.08005985054803252, 0.07456368617423836, 0.0805021341605646, 0.08145433086534869, 0.07149058468958706], [0.07433505871600088, 0.0706111707469396, 0.08229671216998534, 0.07475388525771096, 0.07532238445731312, 0.07336409158269798, 0.07905940215149208, 0.0816942913598768, 0.08007653310475037, 0.07457746032209275, 0.08059334079589417, 0.0818406880389026, 0.07147498129634336], [0.07434103480353424, 0.07056100393478543, 0.08281753772286585, 0.07494151255464024, 0.07534490247148927, 0.07344346176819226, 0.07905124833996259, 0.08113233442854197, 0.08008265951251509, 0.07453777866905907, 0.08057661997149979, 0.08173008313940942, 0.07143982268350461], [0.07462753740072446, 0.0706142232224135, 0.08234624711434185, 0.07547696851263423, 0.0756829796943732, 0.07380429375987858, 0.07926290372530814, 0.07982563284040467, 0.08024070085780732, 0.07473923738907483, 0.08060173663595778, 0.08122024116173188, 0.07155729768534962], [0.07475021600390283, 0.07052882694154679, 0.08183418066941742, 0.07551146944408542, 0.07585204788377597, 0.07384031115246653, 0.07949603212354998, 0.07947866237492487, 0.0804497536680909, 0.07486855286801139, 0.08075103900321365, 0.08111424076143095, 0.07152466710558318], [0.07526010175556436, 0.07089774885408322, 0.08070254107353765, 0.07611630368398346, 0.07637792690123749, 0.07439362514763917, 0.07973012964551282, 0.07833757244672712, 0.08032154943304053, 0.07530172385738101, 0.08039719955556632, 0.08022431599264117, 0.0719392616530857], [0.07520794027281527, 0.07103105834238875, 0.08093585360035793, 0.07622476822189443, 0.07628232952674717, 0.07445897518976394, 0.07951478847740653, 0.07845127227217978, 0.08014495398141482, 0.07522226482824448, 0.08026276577541751, 0.08023536168776439, 0.07202766782360502], [0.07430075685635458, 0.06953249176729867, 0.0807845187204982, 0.07374577614541748, 0.07552525611931374, 0.07260002706592289, 0.08029162493298891, 0.08140937278288016, 0.08145961505612202, 0.0747797407489086, 0.08209757585484444, 0.08282365163488419, 0.07064959231456594], [0.07427554017428319, 0.06963470136761832, 0.0811385036720031, 0.07371737982041637, 0.07546666866764803, 0.07260365699889555, 0.08012405863780118, 0.08177075899747763, 0.08123437824174637, 0.07475879880307064, 0.08184320317086514, 0.08271135953103385, 0.0707209919171407], [0.07422772512011534, 0.0696912269160568, 0.08137886660384713, 0.07378459493135511, 0.07539627428332026, 0.07263538897781761, 0.07995734449542573, 0.08197340016557465, 0.08106525593552007, 0.07468513527496254, 0.0816729225079501, 0.08278003877481362, 0.07075182601324093], [0.0742021742857042, 0.0697776864021305, 0.08163443178890639, 0.07383850245098861, 0.07534472156305398, 0.07267510829519437, 0.0798032363081172, 0.0821960597842133, 0.08089276018807087, 0.0746416553919999, 0.08149018725237653, 0.08269252802614149, 0.07081094826310257], [0.0741796018988776, 0.06983150887105057, 0.0817549857691786, 0.07398789517822507, 0.07530868442158659, 0.07275335764886728, 0.07968470614617658, 0.08212219199603547, 0.08079382671553263, 0.07457745162749904, 0.08139322464926027, 0.08276670004789492, 0.07084586502981535], [0.07419989605668584, 0.06987674200672137, 0.08167277145963335, 0.07413831368985939, 0.07532655607771792, 0.07284291467829326, 0.0796546888039043, 0.08187683626731837, 0.08078172982248183, 0.07456424445349921, 0.08137727558717818, 0.08280287729459984, 0.07088515380210716], [0.0742154733675926, 0.0697526110778841, 0.08168588353043417, 0.07420192622784232, 0.07537843626008438, 0.07284785802928684, 0.07978825435711613, 0.08138098530303935, 0.08095826502654156, 0.07456430404177149, 0.08155268311341733, 0.08287790015075892, 0.07079541951423104], [0.07428438572627584, 0.06952847887526452, 0.0812402987903687, 0.07408835144055766, 0.07551633751179375, 0.07276025325547152, 0.0801705446873405, 0.08088874562828263, 0.08139817912225619, 0.07466950087097993, 0.0820052128133058, 0.08280676351209669, 0.07064294776600627], [0.07431926023838983, 0.06941590828719615, 0.08080648238271362, 0.07387808554054814, 0.07558222763510972, 0.07264212630829789, 0.08042101862745692, 0.08086738973831577, 0.08166971108457792, 0.07476324319357196, 0.0823227698077598, 0.08274585430253677, 0.07056592285352552], [0.07433036843063376, 0.06943054739936474, 0.08065028622816438, 0.0737806786632974, 0.07558907547053897, 0.07260167563067425, 0.08045623909841726, 0.08101777677482128, 0.08168169453250718, 0.07480296072103189, 0.08234393558309969, 0.08273511123061643, 0.07057965023683266], [0.07425645853829783, 0.06951197623603969, 0.08091109564120613, 0.07383132872971275, 0.07547943428141886, 0.07262275522855052, 0.0802078205029356, 0.08135454604788384, 0.08140382564306264, 0.07470422282331696, 0.08204900628693347, 0.08304454067186649, 0.07062298936877516], [0.074264131918596, 0.06956927911004011, 0.08097264807961724, 0.07376938612730287, 0.07547184490752964, 0.07260910824482406, 0.08017180863585699, 0.08157476088732446, 0.08132816062555473, 0.07473073552390423, 0.08195981090848774, 0.0829099561378761, 0.07066836889308595], [0.07419711152192665, 0.06964997245930672, 0.08129641705612152, 0.07391263060077315, 0.0753741409052485, 0.07267743020660833, 0.0799253363402222, 0.08173705308353138, 0.08108227653807731, 0.07461527167006754, 0.08170531711255545, 0.0831142860184138, 0.0707127564871473], [0.07420425399267534, 0.06958381817211917, 0.08132604039586384, 0.07400533563633152, 0.07540242613754795, 0.0727082992399177, 0.0799847235505645, 0.08136421607592861, 0.08118014774043363, 0.07459836469169194, 0.08180364639189851, 0.0831741346782711, 0.07066459329675631], [0.07419112121564943, 0.06955668151048208, 0.08120063126900554, 0.07392045161051843, 0.07539089695003179, 0.07265663570243304, 0.08000613304538993, 0.08147764581121338, 0.08119493838362568, 0.07460429719363781, 0.08182654981278825, 0.08333333333333334, 0.07064068416189133], [0.07424481903538277, 0.06950358193532244, 0.08113971437917297, 0.07396256837365539, 0.0754712103826766, 0.07268078998568243, 0.08015776674749449, 0.08113971437917297, 0.08137803528952185, 0.07465556999168042, 0.0820117592127749, 0.08304054980864224, 0.07061392047882045], [0.07420561414215171, 0.06965921815100791, 0.08132780314288272, 0.07385579126779418, 0.07538023324541578, 0.07265493757950214, 0.0799413963606453, 0.08184001171596347, 0.08108169578172764, 0.07464014155315495, 0.08170176304197675, 0.08298948382803703, 0.07072191018974042], [0.07419409883946398, 0.06978074283631458, 0.08152558044845941, 0.07405260159935291, 0.0753413860267967, 0.07277612868031182, 0.07975796078397342, 0.08182380200418937, 0.08089946549406746, 0.07457785024407361, 0.08150641176475439, 0.08295294971928935, 0.07081102155895282], [0.07420130158472855, 0.06971942687740014, 0.08155689931737632, 0.07411534584167638, 0.07536740813098632, 0.0727935450383297, 0.07981748738744719, 0.08150967801741425, 0.08098690214028191, 0.07456923098148072, 0.08159318442592584, 0.08300301680806953, 0.07076657344888333], [0.07426527443713422, 0.06960334376043519, 0.08143783333074346, 0.07416394180652888, 0.07547581773992229, 0.07280888070444241, 0.08003617378114129, 0.08097862701879209, 0.0812456550357435, 0.07462922759684809, 0.08184055062102678, 0.08281965875939686, 0.07069501540784469], [0.07424623429628492, 0.06972278653545572, 0.08169400669791095, 0.07425995902318182, 0.07542466945125993, 0.0728782599387681, 0.07985567047018757, 0.08112271367438809, 0.0810383631105027, 0.07458482967082987, 0.08162063144662875, 0.08277106072141151, 0.07078081496319016], [0.0741854780564941, 0.06975833033568347, 0.08158194497826549, 0.0739453744192359, 0.07533321490013768, 0.07271644959370722, 0.07978118003962863, 0.08199752366016903, 0.08090632474519631, 0.07459451288249232, 0.08151478480622613, 0.08289296054824899, 0.07079192103451448], [0.07420583948041731, 0.0698548506762462, 0.08169767644598128, 0.07418992065786059, 0.07534071922021483, 0.07286414520527118, 0.07967609936046412, 0.08169052486344745, 0.08081725135526006, 0.07455788273169729, 0.08141099515470837, 0.08282391613338255, 0.07087017871504879], [0.07422106746611762, 0.06985507475409232, 0.08185303642473248, 0.07428946413238895, 0.07536156475436669, 0.07291692847141842, 0.07967640449569369, 0.08143257481313045, 0.08082760725741159, 0.07455041416547427, 0.08140934331312598, 0.08273206171263632, 0.07087445823941127], [0.07453596924707129, 0.06935397543840635, 0.07981115745496835, 0.0735320463760159, 0.0758507892815542, 0.0725278657454354, 0.08099852440539769, 0.0808852524712746, 0.08216059052224871, 0.07510998365091466, 0.08272462415385394, 0.08193623036923159, 0.07057299088362716], [0.07447493180410712, 0.06929418054471602, 0.08001588806525689, 0.07360596477123704, 0.07579499882642664, 0.07253043763467845, 0.08093184085146125, 0.08072257204873837, 0.0821734162456248, 0.07501574406101139, 0.08283616246142823, 0.08209157250570434, 0.07051229017960924], [0.07444635462009662, 0.06929288397273281, 0.08032477867984522, 0.07379810395969374, 0.07576685689288526, 0.07261487650570089, 0.08082246204412641, 0.08038503178955356, 0.08212088285793522, 0.07492929095753398, 0.08278710263950825, 0.08220710234759672, 0.07050427273279124], [0.07455766986624711, 0.06936146613826409, 0.08036254335996418, 0.074043077077379, 0.07589170736099751, 0.07278705240288261, 0.08086822418545764, 0.07987641625148026, 0.08214739268586263, 0.07499352884917956, 0.08262076394449441, 0.0819055982402274, 0.07058455963756365], [0.07495423519938232, 0.06943471257338296, 0.0795354812126392, 0.0741660051120212, 0.07636147677877843, 0.07299643898693617, 0.08146275089276492, 0.07903596571195004, 0.08253899593835888, 0.07541726048415912, 0.08237626522669031, 0.08098154382194023, 0.0707388680609961], [0.07511122661174184, 0.0693594533374113, 0.07886795349271593, 0.07385861019778558, 0.07656624752678619, 0.07287986531847802, 0.08205263004559112, 0.07900085515237977, 0.08299368741458374, 0.07568268637403046, 0.08231917903315535, 0.08058818064328206, 0.07071942485205869], [0.07506937734831406, 0.06934899032101151, 0.07871385856791446, 0.07358641456263816, 0.076507533715239, 0.07272777996020804, 0.0821241955596681, 0.07945378371609028, 0.08300196117929358, 0.07571599449875224, 0.0823958036272346, 0.08065324391472033, 0.0707010630289156], [0.07489893232536145, 0.06937118949616397, 0.07897842138628519, 0.07347689206200322, 0.07628749067469234, 0.07262221328390234, 0.08173770447498989, 0.08009211217081726, 0.08268916104115681, 0.07555162180228343, 0.08258238256145535, 0.08103569225446342, 0.07067618646642541], [0.07462004713813589, 0.06932404924000493, 0.0795686343057616, 0.07349611573338206, 0.07595991822079619, 0.07253033740903396, 0.08120999300788566, 0.08066015768981576, 0.08235472703971498, 0.075217593777609, 0.08281129090545793, 0.08167591709216146, 0.07057121844024072], [0.0745207339733751, 0.06925609442075367, 0.07984769754969558, 0.07357289990152238, 0.07585971918142771, 0.07252019807280279, 0.08107309490476243, 0.08057914344362496, 0.08232249765883688, 0.07507701373225982, 0.08296696951168857, 0.08190912530189802, 0.07049481234735214], [0.07450572484595372, 0.06921666139670214, 0.08001158311686961, 0.07370237754251573, 0.07585620107259555, 0.07256975319059343, 0.08104712782152787, 0.08025802148287998, 0.08236670385663451, 0.07502159698545069, 0.08305555188062108, 0.0819274928930049, 0.0704612039146508], [0.07452336589492897, 0.0692419687920102, 0.08009818276403932, 0.07379989877791696, 0.07587419183954439, 0.07262913203990223, 0.0810212207425273, 0.08009818276403932, 0.08234551861500133, 0.07501601031871691, 0.08295856118799987, 0.08190887154280599, 0.07048489472056733], [0.07462741786731165, 0.06922627932798638, 0.0798544734559303, 0.07382409692519999, 0.07600628012372523, 0.07267167545680168, 0.08122864813183647, 0.0797987256872556, 0.08256285908938767, 0.07512877866283124, 0.08297265759827235, 0.08159919853018764, 0.070498909143274], [0.07466779269578966, 0.06919393861915832, 0.07944129085762433, 0.07354495519673446, 0.0760549463470904, 0.07254010668551325, 0.08145054542040461, 0.08011369266294631, 0.08273461330555401, 0.07525357914562235, 0.08308064086109625, 0.08143975192416719, 0.07048414627829884], [0.07484095525663698, 0.06921916116493614, 0.07910486061243, 0.07357614838342266, 0.07626165065365624, 0.0726181654519224, 0.0817788857278732