[[0.08254806704715101, 0.07633703219361007, 0.07426038673091427, 0.07155010034945412, 0.07526852709538968, 0.07395386665178075, 0.08102014581454466, 0.08119408015933265, 0.072326730469459, 0.07277363843955173, 0.07544341142672038, 0.08176298800177657, 0.08156102562031503], [0.08280427623603348, 0.07627199272292207, 0.07429340147902165, 0.07159305922322941, 0.07521884283207776, 0.07401551534187129, 0.08083898207171727, 0.08105938595472363, 0.07238338643095485, 0.07279161027472793, 0.07540673769102633, 0.08186616324126597, 0.08145664650042829], [0.08304834565582586, 0.07620915821690173, 0.07434988823625864, 0.07167188638011454, 0.07517803978038849, 0.07410588715600912, 0.08062305271229962, 0.08088591336558808, 0.07247473168034821, 0.07283729792100269, 0.07537959062631969, 0.08193043013974478, 0.08130577812919879], [0.0829977307135584, 0.07618042041992575, 0.07442177276025118, 0.07174781645295286, 0.07516287475632902, 0.07420655616914545, 0.08047308065006366, 0.08077429648192623, 0.07256834773063188, 0.07288972765866203, 0.07537979584695524, 0.08198754543014951, 0.08121003492944873], [0.08277651854035735, 0.07617056035223851, 0.07453528056602482, 0.07188651390817745, 0.07517623351562981, 0.07435371913069468, 0.08029596877880311, 0.08062888942451855, 0.07272004719307519, 0.0729940234147934, 0.0754075797486245, 0.08198283550417686, 0.08107182992288574], [0.08298418124420211, 0.07613073137230568, 0.07456939076728923, 0.07189558060963838, 0.0751377508861059, 0.07441073500289035, 0.0801823639454489, 0.08054826807964248, 0.07275496068947376, 0.07299412688289098, 0.07538642252436237, 0.08200401001582353, 0.08100147797992634], [0.08333333333333333, 0.07606704801788411, 0.07460357059610082, 0.07183834153360123, 0.07505765543483624, 0.07447834759148914, 0.0800504895979784, 0.0804807661794749, 0.07275805487954842, 0.07294222708030602, 0.07534222221789212, 0.08209363269065258, 0.08095431084690258], [0.08307979386446103, 0.07606757234349233, 0.0747210594975727, 0.07189823246044734, 0.07505516102317122, 0.07463141510596409, 0.07992363317471718, 0.0804043637815694, 0.07286715953487469, 0.07299405585769549, 0.07537156767687418, 0.08210186229556561, 0.08088412338359463], [0.08333333333333333, 0.07603041926699057, 0.07475498606354627, 0.0718027227444053, 0.0749872377560744, 0.07469193258637012, 0.07985108875784648, 0.08039070751955545, 0.07284317613623513, 0.07292169950077627, 0.07534365256290415, 0.08216623993024691, 0.0808828038417155], [0.0828377283356387, 0.07607264958226229, 0.07492684003119512, 0.07184463923823754, 0.07500700180861974, 0.0749042661362035, 0.07976674069608972, 0.08034865486949427, 0.07296817344281821, 0.07297556161815973, 0.0754135008198032, 0.08209876459714092, 0.08083547882433709], [0.08275580385217186, 0.0761029014214361, 0.07507053577546728, 0.07182024772701541, 0.0750022012321625, 0.07508458113800766, 0.07967981111137964, 0.08030102202390467, 0.07303945102530453, 0.07297874013592227, 0.07546429930928295, 0.08192871499662975, 0.08077169025131518], [0.08312962692205172, 0.0760975859667309, 0.07518854810189306, 0.07183838765482925, 0.07498546752472222, 0.07523993655920104, 0.07951642292218379, 0.0801504004428306, 0.07312531110958725, 0.07300238601591619, 0.07548802225616005, 0.08164205691081089, 0.08059584761308296], [0.08303222327625115, 0.07615291971577108, 0.0752850359324571, 0.07175406272598321, 0.07499286606010619, 0.07535032867521209, 0.07950846597602942, 0.08016889472296115, 0.07312592270732202, 0.0729655792523211, 0.07554339296559547, 0.08146670710602047, 0.08065360088396949], [0.08267870371531229, 0.07622943215355904, 0.07538184336154563, 0.07172746755067846, 0.07503562195267931, 0.07545207250512861, 0.07952329119039027, 0.08019585919492789, 0.073154990097563, 0.07297356783183204, 0.07561878016196616, 0.0813129875420177, 0.08071538274239953], [0.08222622864432799, 0.07633723446965207, 0.07545390078957918, 0.07163402018838942, 0.07508802179515431, 0.07551143627804713, 0.07961017569096641, 0.08029700543398137, 0.07312341864193188, 0.07293930017896882, 0.07570712736051083, 0.08121421909535058, 0.0808579114331401], [0.08250841152369767, 0.07637226979853787, 0.07539342485382328, 0.071418480927044, 0.07506090039494755, 0.07542314787070727, 0.07971640251629136, 0.08041896404847436, 0.07295459030345006, 0.07279107536969086, 0.07570478130747577, 0.08122375284934531, 0.08101379823651471], [0.08279166977559967, 0.07644608734861198, 0.07533700742884505, 0.0711761936553269, 0.07505698606924993, 0.07532600746156715, 0.07984602051180442, 0.08055455175683304, 0.07276564970357592, 0.07263316610301976, 0.07573049287695904, 0.0811529397275867, 0.08118322758102063], [0.08260678354720997, 0.07657069859818909, 0.07523533883037065, 0.07094938642539167, 0.07510468147312226, 0.07515403431852906, 0.08011813247022324, 0.08082152080936009, 0.07255032034616325, 0.07249139208807713, 0.07578322950066972, 0.08114649412745542, 0.08146798746523856], [0.082324432094674, 0.07643507757435955, 0.07426040276726942, 0.07164381428607416, 0.07538618869218668, 0.07391919926161462, 0.0811321824045483, 0.08119243929138664, 0.07236009892380267, 0.07286317761809194, 0.07552336374721387, 0.08147251403401792, 0.08148710930476023], [0.08267556729484987, 0.0763412754378792, 0.07428658571142704, 0.07166918462221168, 0.0753064993828995, 0.07398140045331555, 0.08091873552003657, 0.08105390718872395, 0.0724077915067515, 0.07286136014594319, 0.07546279530381025, 0.0816342515158216, 0.0814006459163302], [0.08287773907350883, 0.07629224713266386, 0.07430780904866302, 0.07169472368114096, 0.07526738252039693, 0.07402329065511964, 0.0807919049539623, 0.08096269373494713, 0.072444462077743, 0.07286973344330568, 0.07543378374077074, 0.08170226215737768, 0.08133196778040022], [0.08313416573658561, 0.07620327667680818, 0.07436301106815409, 0.07171691933283258, 0.07518499432567385, 0.07412281958314801, 0.08057068233434242, 0.08082510162806693, 0.07250899447839947, 0.07286893993501234, 0.07538210636285081, 0.08187929864695362, 0.08123968989117204], [0.0829254356479512, 0.07626992697799433, 0.07431024655173071, 0.07167071061592215, 0.07523927909298334, 0.07403459713419044, 0.08076565606518957, 0.08096266562870492, 0.07243707598140427, 0.07284765261688685, 0.0754158133723719, 0.08177382847706703, 0.08134711183760332], [0.08298741949432809, 0.076179214870243, 0.07446221340118027, 0.0718308934076736, 0.07518062321184334, 0.07425651547245965, 0.08039121760935665, 0.08068712276274018, 0.07264039044634515, 0.07295133514805786, 0.07539450009955427, 0.08192139174274952, 0.08111716233346855], [0.0828432036750838, 0.07617554927006544, 0.07454947824138683, 0.0719562111888483, 0.07520031728529099, 0.07436742736261241, 0.08025099076235627, 0.08056110458630611, 0.07276660791395959, 0.07304567619791855, 0.07542043630023923, 0.081871649287695, 0.08099134792823741], [0.08301297507267272, 0.07612615576064319, 0.07458544169330189, 0.07192122648196994, 0.07513886539947602, 0.07443217087650923, 0.08014593669368933, 0.08051323245441308, 0.07278042116505168, 0.07301249350608306, 0.07538864000885352, 0.08197731945338745, 0.08096512143394893], [0.08333333333333333, 0.07608021439198591, 0.0746511476022335, 0.07198784134426683, 0.07510759074961294, 0.07453007053963892, 0.07995977115344031, 0.08035421929713563, 0.07286903248690739, 0.07305458974655472, 0.07537468109143575, 0.08188990807727813, 0.08080760018617657], [0.08314980284418094, 0.07606939950502441, 0.0747578734019408, 0.07201545375079976, 0.07508692649052537, 0.07467404199819959, 0.07983900992058043, 0.08029255815605314, 0.07295581733163317, 0.0730801968040084, 0.0753906975017342, 0.08193085813455467, 0.080757364160765], [0.08333333333333334, 0.07603870188877626, 0.07478170385233482, 0.07193608187046754, 0.07503130039965601, 0.07471878737837553, 0.07978560245083215, 0.08028945887577887, 0.07293325118242304, 0.0730196276805383, 0.07536655459188285, 0.0819994136728999, 0.08076618282270148], [0.08311768643625843, 0.07604922601393867, 0.0748617989737117, 0.07193065721190323, 0.0750246032920236, 0.07482197674599994, 0.07974185884099795, 0.08027987692102129, 0.07297967073282159, 0.07302502530173056, 0.07539016767031631, 0.08201726054477151, 0.0807601913145051], [0.08287361464542485, 0.07606975976161713, 0.07496116642581456, 0.0719515186125176, 0.07503178964833793, 0.07494617834744363, 0.07968699935183945, 0.0802494466232622, 0.07305094577081173, 0.07305303278109333, 0.07542746910196708, 0.0819715368980995, 0.080726542031771], [0.08270071011444252, 0.07608805608038202, 0.07503117095074066, 0.07197884147256439, 0.07504427228277272, 0.07503184474686529, 0.0796474949311895, 0.08022161466469126, 0.07310736757668632, 0.07308258687367099, 0.07545767988511289, 0.08191488824601448, 0.08069347217486703], [0.08257029769482371, 0.07610740729716586, 0.07512264882658157, 0.07201399627013322, 0.07505684111172152, 0.0751450302471494, 0.07958155613856, 0.08016852552636432, 0.07318161032089383, 0.07312005370742872, 0.07549401078860216, 0.08180742083371473, 0.0806306012368611], [0.0828301515711031, 0.07609910187110705, 0.07515611878255314, 0.07193859948216423, 0.07502178876294084, 0.07519407433291789, 0.07954334178627497, 0.08015285201425658, 0.07316173221472409, 0.0730690864459747, 0.07548948339804804, 0.0817349384677164, 0.08060873087021891], [0.0830737202144772, 0.0761101065186972, 0.07533444456588115, 0.0720057148307021, 0.07502511189137007, 0.07542188036487597, 0.07933190407380317, 0.07995180633584065, 0.07331401341371731, 0.07313674202334719, 0.07554206450941514, 0.08136657967617392, 0.080385911581699], [0.08299853201746302, 0.0761544040394324, 0.07540622548915529, 0.07191523565036023, 0.07502544913278308, 0.07550384507146315, 0.07933583613923477, 0.07997856297230604, 0.07330265178574596, 0.07309092864861848, 0.07558354180483372, 0.08124830525513747, 0.0804564819934661], [0.08312612998963272, 0.0761049904785362, 0.07516386011416071, 0.07176778538564384, 0.07497405888928006, 0.07520733140895167, 0.07957333993180095, 0.08021831869705322, 0.07306787889682402, 0.07295224136937017, 0.0754825791249896, 0.08169530552293938, 0.08066618019081748], [0.08273322647098372, 0.07621108621204764, 0.07550284522475187, 0.0719152823226501, 0.0750599633459683, 0.0756113562049461, 0.07931445688716686, 0.07996427659145873, 0.07335677315205368, 0.07311339811861806, 0.07564645858632661, 0.0811033300435877, 0.08046754683944055], [0.08229097905977036, 0.0763188569038567, 0.07561952952191116, 0.07186279260323915, 0.07511928758024976, 0.07572831909682584, 0.07934734274524313, 0.08000814896818427, 0.07337576079290647, 0.07311259632331518, 0.07574779356149282, 0.08091864785849255, 0.08054994498451269], [0.08230631468919275, 0.07635854727695307, 0.07560149993437171, 0.07173135454561641, 0.07511584753775294, 0.07569309887492656, 0.07942540580055706, 0.08009777522154965, 0.07327044403199806, 0.07302805532106857, 0.07576389435142222, 0.08094453723816462, 0.08066322517642631], [0.08269886418843994, 0.07640555275116624, 0.07554669974649847, 0.07148345391031745, 0.07508859098356276, 0.07560737478083261, 0.07952381082204939, 0.08020908429584786, 0.07307843354896011, 0.07286081270411739, 0.07577001607111783, 0.08091751420493032, 0.08080979199215951], [0.08307823076448674, 0.07647252721851512, 0.07555568283338862, 0.07131323514413415, 0.07509271617116643, 0.0755947236863452, 0.07953986049615722, 0.08021934603913336, 0.07297118359116142, 0.07275902995528366, 0.07581152812390382, 0.08075096657590093, 0.08084096940042323], [0.08298805462948651, 0.07653876109521066, 0.0754146472611499, 0.07110023050068731, 0.07510100325872805, 0.07539209133410579, 0.07980015890169612, 0.08048666271609893, 0.0727503555804214, 0.07260954337424556, 0.07581299245210137, 0.08088234980335827, 0.0811231490927102], [0.0824084783139043, 0.07643933989821054, 0.074294496239998, 0.07177069573471367, 0.07542530259092178, 0.07395666225235994, 0.08101381839570532, 0.08104546431583609, 0.07245025056951848, 0.07295710138059944, 0.07554516985180966, 0.08136600060888444, 0.08132721984753831], [0.08293556792456618, 0.07630326460154346, 0.07434017988269358, 0.0718156652772324, 0.0753103760564801, 0.0740566207839996, 0.08070051601752334, 0.08083771925194533, 0.07252929062576884, 0.07296071727704828, 0.0754595203040317, 0.08156296847353091, 0.0811875935236364], [0.08274468187757944, 0.07635001716163238, 0.07431968166643252, 0.07179256771985847, 0.07534831037107904, 0.07401629899140817, 0.08081781637337203, 0.08092037958316212, 0.07249475263176929, 0.0729536619876461, 0.07548727688203961, 0.08150537179380223, 0.08124918296021871], [0.08308127846443196, 0.07625608754637503, 0.07433866644949379, 0.07176111563250363, 0.0752510938198694, 0.07407190604913727, 0.0806528258413359, 0.08083851437950973, 0.07250740821538497, 0.07291087762072838, 0.07541984770906941, 0.08169404400943168, 0.08121633426272873], [0.08319638421431888, 0.0762391154447142, 0.07438594071461557, 0.07187358870443662, 0.07526328968320549, 0.07413402607394706, 0.08050983309748314, 0.08069355725762312, 0.07260267864426835, 0.07299033812302846, 0.07542734320398822, 0.08161555314933572, 0.08106835168903524], [0.08309379702564591, 0.07620074229857958, 0.07446586531532948, 0.07193294724836209, 0.07523209188711719, 0.07424928418585235, 0.08035785035546673, 0.08060066960826161, 0.07269451544395557, 0.0730291151793828, 0.07542041413767277, 0.08172002286379146, 0.08100268445058262], [0.08333333333333333, 0.07620418063901957, 0.07437466925716509, 0.0718099936759596, 0.07521405412796846, 0.0741330597011816, 0.08049393718626892, 0.08071247878601016, 0.07256727921139011, 0.07293631123452282, 0.07539385810709257, 0.08172017527417609, 0.08110666946591155], [0.08299360060214393, 0.076179954779817, 0.07455730483799439, 0.0720387196741183, 0.0752293814310538, 0.07437195372197447, 0.08019634090045652, 0.08047365903891503, 0.07281611239651675, 0.07310591956484143, 0.07543293222651062, 0.08171805032895761, 0.08088607049669996], [0.08284718974781159, 0.07617634589094462, 0.07462224381967507, 0.07210932165307783, 0.07523582717912206, 0.07445594487258177, 0.08010726029624256, 0.08040493822322739, 0.07289795904084025, 0.07315982371552883, 0.07544947186420584, 0.081711697920665, 0.08082197577607717], [0.08297182815076161, 0.07614823436597273, 0.07464278374532093, 0.07209942447686085, 0.07520400795285179, 0.0744924106479259, 0.0800429179783472, 0.08036776160295465, 0.07291151936284344, 0.07314802813317384, 0.07543227249560025, 0.08174429620610607, 0.08079451488128078], [0.08308203134198709, 0.07612099007362547, 0.07470356031731695, 0.07215341811538825, 0.07518562737160402, 0.0745787885794615, 0.07991251453110938, 0.08026377056433874, 0.07298640691215566, 0.07318481207902668, 0.07542955442848914, 0.08170382582759624, 0.08069469985790098], [0.08315501450878586, 0.07608457575887657, 0.07477029831683014, 0.07213176142182533, 0.07513441657315895, 0.07467998882141418, 0.07980059944235889, 0.08021150630856172, 0.0730253602096829, 0.07316666320007477, 0.07541455129311939, 0.08176666010357583, 0.08065860404173554], [0.08333333333333333, 0.07605780837236048, 0.0747878834287414, 0.0720991099683356, 0.0750977496598846, 0.07471316140832696, 0.0797450598355048, 0.08018401677740515, 0.07302415532109276, 0.07313922434577091, 0.0753959180647597, 0.0817847368559163, 0.08063784262856799], [0.08321923187113929, 0.07606126328810761, 0.07481417457456288, 0.0720916737360751, 0.07509358751223462, 0.07474751730149408, 0.07973512079651586, 0.08019211486158193, 0.07303639551057993, 0.07313687335633755, 0.07540301545119484, 0.0818189040134433, 0.08065012772673297], [0.08316116145859523, 0.07605484041844018, 0.07488447030261923, 0.07208816702327864, 0.07507441883334022, 0.07484305296496252, 0.07965948906729316, 0.08015772671701438, 0.07308132589175242, 0.07313898172121557, 0.07541240596323075, 0.08182350073823624, 0.0806204589000216], [0.08299486489917386, 0.07606241683299658, 0.07496064342863788, 0.07208428855867718, 0.07506655286835809, 0.07494197042392858, 0.0796149362794823, 0.08014075810488834, 0.07312679006253756, 0.07314458962542407, 0.07543322904652701, 0.0818233218409348, 0.08060563802843361], [0.082779178097318, 0.07608026715218924, 0.07504008216199735, 0.07210657850651592, 0.07507535382014821, 0.07504071239867796, 0.0795733088679947, 0.08011637948854784, 0.07318675528848247, 0.07317126483221828, 0.07546451223276351, 0.0817870885621726, 0.0805785185909738], [0.08242498814485807, 0.0761185513120609, 0.07521154713339369, 0.0722066681109726, 0.07511087875544874, 0.07525130755968375, 0.07945080893679758, 0.0800115868962545, 0.07334529152653071, 0.07326571836871733, 0.07553658454181439, 0.08160816765180394, 0.08045790106166374], [0.08262131889578014, 0.07611446198185108, 0.07531314805500337, 0.07222412537676347, 0.07509716286043565, 0.07538558903921062, 0.07932513411637472, 0.07990067147164343, 0.0734209882442203, 0.07328729400309113, 0.07555708190257185, 0.08142085847649923, 0.08033216557655509], [0.08295716248137688, 0.0761142578116687, 0.07536588723254417, 0.07208731464648847, 0.07504845386687668, 0.07545932905903308, 0.0792891305031652, 0.07989810863771322, 0.07338354828796768, 0.07319763996464589, 0.07555813509037806, 0.08131977732340759, 0.08032125509473446], [0.08291963864973373, 0.07610252192211087, 0.07526997780865297, 0.07203989161065162, 0.07503820687377272, 0.0753389105927393, 0.07939187656228619, 0.0799976137289407, 0.07329090855349422, 0.07315207631784426, 0.07552481013452658, 0.08149962620813374, 0.08043394103711303], [0.08261459795271477, 0.07610908755871605, 0.07522466942438287, 0.07213310790566904, 0.07507857493804682, 0.0752742702173733, 0.07943792329553441, 0.08001753021370361, 0.07331389805286874, 0.07321370881295898, 0.07552678097694256, 0.08159291511643586, 0.08046293553465296], [0.08259201290609566, 0.07609938985019092, 0.07510960669832319, 0.0721032614450339, 0.07507930378916901, 0.07512686566766624, 0.07954902507699904, 0.08011117692532996, 0.0732255002713365, 0.07317951707105919, 0.07549265796179462, 0.0817611476194178, 0.0805705347175841], [0.08284092031426601, 0.07610379801172079, 0.07526567585695072, 0.07207263315155432, 0.07504973736432101, 0.07533182359910703, 0.07939334226702331, 0.07999207065335638, 0.07330662151038182, 0.0731746746815329, 0.07552727252570428, 0.08151142512614876, 0.08043000493793284], [0.08296519560251545, 0.07609717934453435, 0.0751780768111021, 0.07190607629779487, 0.07500704759056145, 0.07522442813216544, 0.07951858357846542, 0.08013802175481428, 0.07315747511608255, 0.07304829194811617, 0.07549047184368178, 0.08168051463190237, 0.08058863734826396], [0.08301580950850702, 0.0761296969741129, 0.07540963285140528, 0.07202570381191524, 0.07503703320906469, 0.0755133619161333, 0.07927225635633205, 0.07989653412913826, 0.07337763650899212, 0.07316281421735203, 0.07557451338175267, 0.08123685580020072, 0.08034815133509372], [0.08287827847968451, 0.07616830973408162, 0.0754840352148788, 0.07200134292613736, 0.07505211615561301, 0.0755987306016686, 0.07925300847594605, 0.07988794143043955, 0.07340772760717383, 0.07316209651173353, 0.07561740046395365, 0.08112317884647383, 0.08036583355221574], [0.08261225176365825, 0.076231687201602, 0.07557840684775534, 0.07197600217947621, 0.07508525468863962, 0.07570162040485304, 0.07924728420855773, 0.0798920260258531, 0.07344270466800029, 0.07316822754035, 0.0756829378096907, 0.08098251228972465, 0.080399084371839], [0.08238302191051432, 0.07628717766487461, 0.07565519672150772, 0.07196531950039174, 0.07511862424818111, 0.07578330483929656, 0.07924206752069109, 0.07989082532673028, 0.07347476378924105, 0.07318107344859555, 0.07574009240973344, 0.0808614913396898, 0.08041704128055267], [0.08225553079208126, 0.07636384117829322, 0.07568602970865408, 0.07182618906659673, 0.07513776043075533, 0.0757992505636944, 0.07931703811415831, 0.07997867278477638, 0.07338804707716527, 0.07310450856145938, 0.07579386334508781, 0.08081048832817897, 0.08053878004909883], [0.08264518596060201, 0.07641751222041274, 0.07568416528409623, 0.07162037874145584, 0.07512232807778016, 0.07577875167314502, 0.07935089709398736, 0.08001964479819994, 0.07324520617191578, 0.07297399678728243, 0.07582024840575122, 0.08070937781608467, 0.0806123069692864], [0.08293051361593089, 0.07646255569559136, 0.0756625529742779, 0.07146481226807413, 0.0751165553322215, 0.07573486083915201, 0.07939887636484111, 0.08006836209618133, 0.07312571390688218, 0.07287399484548783, 0.07583906009056454, 0.0806435143831602, 0.08067862758763508], [0.08333333333333331, 0.07652724861959763, 0.0755901467204424, 0.07123274658414547, 0.0751100919647549, 0.0756182144671417, 0.07951205797409117, 0.08017833633488718, 0.07293395769499067, 0.07271955907708672, 0.07585591954267917, 0.08058319600719895, 0.08080519167965058], [0.08284798940907528, 0.07662853330958214, 0.07543363549322443, 0.07104222680443613, 0.07515505503496155, 0.0753848695513234, 0.07985954198381279, 0.08052856236042072, 0.07271127165769033, 0.07259071480719503, 0.07588002991594762, 0.0807741963729669, 0.08116337329936353], [0.08263816619630043, 0.0760951574770642, 0.07513444290036687, 0.07219672324910821, 0.07510022345215435, 0.07515703276108072, 0.07948025986534137, 0.08002499185499005, 0.07329513244518475, 0.07324642995846459, 0.07550259808254763, 0.08165253441555341, 0.08047630734184343], [0.08299232253845829, 0.07606437330267857, 0.07502495079391293, 0.07218266180654397, 0.07508768227615088, 0.07502203421134865, 0.07951821270703406, 0.08003650174268258, 0.07322312430748204, 0.07321991302905977, 0.07545640285847195, 0.08168109106909796, 0.08049072935707823], [0.08333333333333333, 0.07604222055889391, 0.07491952473514585, 0.07216297678566934, 0.07508069130509322, 0.07488970143919718, 0.07956512545437512, 0.08005420990913528, 0.07314846820209203, 0.07319200851785373, 0.07541709868659968, 0.08168711103594378, 0.08050753003666747], [0.08316638579609092, 0.07606299467315923, 0.07490713664501837, 0.0722067024345229, 0.07511431567180403, 0.07486479290308426, 0.07960278873034177, 0.08006667248020802, 0.07316051360363773, 0.07322616292162173, 0.07543330092700788, 0.081673038683275, 0.08051519453022807], [0.08315885881714608, 0.0760774400919791, 0.07485202109083619, 0.07222593448023636, 0.07514274253514461, 0.0747860303656236, 0.0796703897732065, 0.08009401607384661, 0.07313233114126265, 0.07323824854681092, 0.07543428235602627, 0.08165218940898977, 0.08053551531889146], [0.08296558217982167, 0.07612271216181049, 0.07478707291653301, 0.07226209074996628, 0.07520554560101002, 0.07468377828758768, 0.07979501255277469, 0.08015671559631667, 0.07310061846017372, 0.07326851977203212, 0.07545723377357663, 0.08161183965510517, 0.0805832782932919], [0.0829375679638038, 0.07614164705554304, 0.07474942531879437, 0.07226362141042679, 0.07522980038525649, 0.0746276658858834, 0.07985777440373891, 0.08019001997295531, 0.07307295259423706, 0.07327092949170495, 0.07546364847578559, 0.08158655970750313, 0.08060838733436704], [0.08303285731459113, 0.07613072383639247, 0.0751636216766414, 0.07168629303615368, 0.0749711630065741, 0.07520101272033375, 0.07963553300602076, 0.08029707416862858, 0.07301581324339983, 0.07290091042191628, 0.07549503179947825, 0.08170824848749304, 0.08076171728237665], [0.08285400742728513, 0.07619183470952803, 0.07538845432542347, 0.0718035166834294, 0.07502597534377267, 0.07547125520917168, 0.07943988916418278, 0.08010026525103771, 0.07321073693029685, 0.07301923612558994, 0.07559850816971118, 0.08129466671100717, 0.0806016539495642], [0.08244596245014199, 0.07628375256957397, 0.07553752772130447, 0.07182156436145637, 0.07508833490974116, 0.07563442656924359, 0.0794016305489306, 0.08006647021806876, 0.07330209545589048, 0.07306743504118626, 0.07570049316633157, 0.08104986023259554, 0.08060044675553506], [0.08288606118210405, 0.07616153494406018, 0.0747029304954896, 0.07223169022209938, 0.07524610178806572, 0.07456133229791045, 0.07994784355191163, 0.0802563745660165, 0.07302090584977784, 0.07324925199065305, 0.07546594451343167, 0.08160041944527584, 0.08066960915320415], [0.08283244346184455, 0.0761848215051266, 0.07465984827020065, 0.07220740388325127, 0.07526729042557687, 0.07449807370482757, 0.08003595986657155, 0.0803172093928236, 0.07297468394035576, 0.07323410377443401, 0.07547212634781558, 0.08159353862837847, 0.0807224967987935], [0.08307814941685975, 0.07618949269683473, 0.07457310531445172, 0.07212839846515909, 0.07526364739244255, 0.07438503333788, 0.08014087464682346, 0.08038811433630401, 0.07287366470228997, 0.07317301329186564, 0.075451429762937, 0.08157177053053347, 0.08078330610561867], [0.08333333333333333, 0.07619941939375073, 0.07449058374386157, 0.07206034291062917, 0.07526753949152026, 0.07427537455976535, 0.08024249553781927, 0.08044902094578872, 0.072780494266274, 0.07312135168578886, 0.075436475361311, 0.08151489148781303, 0.08082867728234461], [0.08309014621501093, 0.0762507721749023, 0.07446142325608622, 0.07204288520975863, 0.07531317094470942, 0.07422185738656643, 0.08037005963501331, 0.08053922764430434, 0.072741957470508, 0.07311865122848363, 0.07546638548983724, 0.08148159336966046, 0.08090186997515902], [0.08303508087966033, 0.07626912158348088, 0.07443812448914844, 0.07201293617579464, 0.07532447962615024, 0.0741868459619186, 0.08043810407248882, 0.080592109437109, 0.0727069047134892, 0.07309997798406428, 0.0754723694187746, 0.0814760297818222, 0.08094791587609872], [0.08297963139540757, 0.07629708013668163, 0.07440149224713445, 0.0719673496885087, 0.0753420145934286, 0.07413194814710994, 0.08054076149404332, 0.08066890197060235, 0.07265287271157841, 0.07307153658177219, 0.07548130893145669, 0.08145319979283744, 0.08101190230943862], [0.08285199058434593, 0.07633474352715905, 0.07437450579668575, 0.07193595879291484, 0.07537073030469453, 0.07408620535629457, 0.08064719433620314, 0.08074511251226617, 0.07261113488952335, 0.07305609163620218, 0.07550047476009407, 0.08141450108443918, 0.08107135641917708], [0.08260572507149087, 0.07640514266325606, 0.07436056366690195, 0.07195101868069495, 0.0754411185697313, 0.0740453057778951, 0.0807683056340524, 0.08080665205557624, 0.07259713371755722, 0.07308231335016409, 0.07555040226199713, 0.08128959700992305, 0.08109672154075967], [0.08236539464641869, 0.07647442953402173, 0.07434261224247381, 0.07194020152638553, 0.07550290334691426, 0.07400083571380492, 0.08090684337178598, 0.08088873006923586, 0.07256690185534669, 0.07308962887559646, 0.07559629392468334, 0.08118309301252191, 0.08114213188081089], [0.08258912500991379, 0.07640236215356255, 0.07433054509798656, 0.07186332065465088, 0.07541585869595953, 0.07401097683245345, 0.08085053677912499, 0.08089996008550099, 0.07253059225967745, 0.0730170520396351, 0.0755341583655487, 0.08135937292226972, 0.08119613910371626], [0.08312901561512316, 0.07612437785565292, 0.07535342562589394, 0.071928458217165, 0.07501145304548172, 0.07544422187077886, 0.0793446878018186, 0.07998004901866274, 0.07327993353704464, 0.07308812969234334, 0.07555094159432316, 0.0813257609469761, 0.08043954517873572], [0.08333333333333333, 0.07609753191727119, 0.07523942419625113, 0.07181868434850162, 0.07497218986933822, 0.07530677866611712, 0.07945033894765072, 0.08009280354366984, 0.07314597816507608, 0.07299411169891228, 0.07549798664807728, 0.08150510595053946, 0.08054573271526176], [0.08240267592934364, 0.07628941878329272, 0.07537837472925414, 0.0716313609490473, 0.07505742049788885, 0.0754297443313959, 0.0796390395167028, 0.08032616595738279, 0.07308518896358565, 0.072919033350359, 0.07565469200708393, 0.08131635653457066, 0.08087052845009245], [0.08283171914222986, 0.07618921494484437, 0.0752746959876013, 0.07167712932977154, 0.07500164708366336, 0.0753270039921212, 0.07959898543002376, 0.08027297244324368, 0.07306781043177821, 0.07291858343458456, 0.07556168286833939, 0.08150268094547429, 0.08077587396632434], [0.08256885660284843, 0.07610741466879843, 0.0750363940034173, 0.07186117886726429, 0.07502384503906975, 0.0750371150269815, 0.07972037400106588, 0.08032582972547081, 0.07304014210012226, 0.07300486930170973, 0.07546325516851586, 0.08200764789202494, 0.08080307760271084], [0.08297867029537379, 0.07611046497366282, 0.07510858180510525, 0.07172328835428045, 0.07497339062668038, 0.0751347391306106, 0.07966366400297842, 0.08031125318219044, 0.07300662822359692, 0.07291666139939024, 0.07547083531762382, 0.08183134530209557, 0.08077047738641138], [0.08230397571503698, 0.07634404389249275, 0.07539214979995441, 0.0715254550680869, 0.07506945857052191, 0.07543060547565324, 0.07970013681888345, 0.0803976881995642, 0.07302143570070621, 0.07285875980156767, 0.07569056144555682, 0.08129495568011137, 0.08097077383186409], [0.08260975100193603, 0.07639831225041781, 0.07532131286666167, 0.07126970206850453, 0.07504742922633421, 0.07532245683162159, 0.07983674975146023, 0.08054960526880311, 0.07281960811075788, 0.07268570110778409, 0.07569737212917418, 0.08127923605910863, 0.08116276332743615], [0.08289326224904925, 0.07668315045181265, 0.07559854993702894, 0.071129288290488, 0.07520617622305721, 0.07557405074348542, 0.07970606187590586, 0.08030143207990191, 0.07284919152779323, 0.07268195942636364, 0.07596630945547325, 0.08048542219425504, 0.08092514554538559], [0.0831452009540634, 0.07660050624877539, 0.07566909696227374, 0.07124875977508983, 0.07516585286986585, 0.07569271391478155, 0.0794950094175094, 0.08012843901339538, 0.07297608750066252, 0.07275546146234961, 0.07593007217145864, 0.08044107474437125, 0.08075172496540345], [0.08156186910166487, 0.0762480709636161, 0.07436659619214855, 0.07108705533050202, 0.07501669391730734, 0.07414028871400592, 0.08098671200663775, 0.08160812908861975, 0.07215516299721733, 0.07243252946212159, 0.07535968939988398, 0.08284167877476074, 0.08219552405151398], [0.08189872382342811, 0.07620326323693853, 0.0743664731938888, 0.07120707323941049, 0.07501731539642555, 0.07414998749205842, 0.08085291533310857, 0.08140626921474492, 0.07223003260435734, 0.0725073691988681, 0.07533728589237736, 0.08285805609119445, 0.08196523528319942], [0.08208652141914508, 0.07615738787230585, 0.07441155518510792, 0.07125589541665356, 0.07498514308742471, 0.07422167792976873, 0.0806846921527351, 0.08125391797018332, 0.07229424688005415, 0.07253533061583348, 0.07531765122014411, 0.08298494231286074, 0.08181103793778319], [0.08229277922998424, 0.07612789731536004, 0.07445949789487524, 0.07134267932491768, 0.07497873384168445, 0.07429069077390105, 0.08053841269282243, 0.08110031876723225, 0.07237853592877302, 0.07259395471663364, 0.0753136116577653, 0.08293595021801473, 0.0816469376380361], [0.08237616381937585, 0.07610197209553521, 0.07453816032941413, 0.07134662718963956, 0.07494335253414643, 0.07440201825982595, 0.08040025022463657, 0.08100571296175939, 0.0724355903042155, 0.0725976439189039, 0.07531170731159118, 0.08298570151487396, 0.08155509953608225], [0.08230770636996586, 0.0761117126296337, 0.0746147335242967, 0.0713311328450742, 0.07493318038081008, 0.0745000370662448, 0.0803467705244529, 0.08098658707383359, 0.0724734579745749, 0.07259551834770138, 0.07533369487086772, 0.08293114935733074, 0.08153431903521331], [0.08188926696147245, 0.07618500659538334, 0.07466981812779841, 0.07123421947221048, 0.07495540816256865, 0.07455207259059446, 0.08046146204245389, 0.08115100714884253, 0.07243955351884579, 0.07254829164552552, 0.07539075000765699, 0.08282595685244104, 0.08169718687420638], [0.08131570206768357, 0.07627388044612782, 0.07456828665582518, 0.07100680128830647, 0.07497616043496298, 0.07439730244682466, 0.08080936100226031, 0.0815461179543463, 0.07223157135830585, 0.07239898520614366, 0.07541543239699681, 0.08295365365955294, 0.08210674508266351], [0.0811371708018038, 0.07626497152945624, 0.07437888114453328, 0.07086133841210637, 0.07495580601579482, 0.07415695996445522, 0.08106127953902548, 0.08178719090823681, 0.07203369451597971, 0.07227846939422661, 0.07535677178341725, 0.08333333333333334, 0.0823941326576311], [0.08119582068103594, 0.0762747034084585, 0.0743416996146099, 0.07092331167331521, 0.07499100706599786, 0.07410403604798849, 0.08112002247339767, 0.08180289198415612, 0.07204343561859865, 0.07232103370335731, 0.07536057232565715, 0.08310492769573709, 0.08241653770768984], [0.0815584376793718, 0.07623012427579254, 0.07442082149919353, 0.07106420100429776, 0.07498379126801963, 0.07421749403950895, 0.08089689639038188, 0.0815584376793718, 0.07217974377341825, 0.07241693450706123, 0.07535637174337811, 0.08296482633759428, 0.08215191980261008], [0.08171634449156558, 0.07621123627281894, 0.07438471758614498, 0.07112575551020905, 0.0749942981547391, 0.07417422205972353, 0.08087355135297693, 0.08148959814820983, 0.07219484939759216, 0.07245319195039934, 0.07534009898855713, 0.08297174215661537, 0.08207039393044796], [0.08197161572792006, 0.07613266282835651, 0.07445328289779113, 0.07115285192444763, 0.07492321914872256, 0.0742875037900751, 0.08062088984725058, 0.08126118085335406, 0.07226773245926879, 0.07246083436797822, 0.07530018797965787, 0.08333333333333331, 0.08183470484184398], [0.08173844091952549, 0.0761962151828879, 0.07454022522075823, 0.07111938097758357, 0.07495104145887556, 0.07438247715314875, 0.08066830156763605, 0.08135628510907483, 0.07229172236509786, 0.0724585849414644, 0.07536187700718089, 0.08300666849127152, 0.08192877960549497], [0.08177965213576846, 0.07617961286309877, 0.0744845809639269, 0.07111048188825525, 0.0749440092367962, 0.07431519852704484, 0.08070093412623801, 0.08137104148880318, 0.07225493988499992, 0.07244390098566304, 0.07533726796948982, 0.0831277420683621, 0.08195063786155331], [0.08148366497504546, 0.07623643360057322, 0.07449655358251935, 0.07102699110467661, 0.07496348017534328, 0.07431530244666756, 0.0808255981649317, 0.08153264765795319, 0.07220512158062634, 0.07239864993646594, 0.07537429458588052, 0.08302500141194236, 0.08211626077737463], [0.08199123862760754, 0.07614434462924066, 0.07443713184082389, 0.07119538098791317, 0.0749497465265675, 0.07426137593876674, 0.0806489341212399, 0.0812652593187978, 0.07227913262536033, 0.07249192852614447, 0.07530861342608805, 0.08319213750138814, 0.08183477593006189], [0.08217981234454803, 0.07612021556088813, 0.07455512654729425, 0.07125847034472017, 0.07492793330887954, 0.0744215550327292, 0.08045182928177093, 0.08109489281521273, 0.07239344757574499, 0.07254110570331125, 0.07532130925199412, 0.08308119787362027, 0.0816531043592864], [0.08195192703439634, 0.07616375884196444, 0.07460594725603516, 0.07121073991644628, 0.07494095484228519, 0.0744759393522387, 0.08049945965642864, 0.08117695245146683, 0.07239033790942627, 0.07252149543757683, 0.07535979249190214, 0.08296856619498746, 0.08173412861484569], [0.08146382251097167, 0.0762620987431325, 0.07463785040368859, 0.07109243062291616, 0.07498136773147115, 0.07448961465635892, 0.08068297096867977, 0.08141051638553728, 0.07232522910119707, 0.07246269077121321, 0.07542859437303241, 0.08280437992293666, 0.0819584338088646], [0.08172299593995809, 0.07623168409703696, 0.07471067527746189, 0.07119874937125659, 0.07497685726054394, 0.07459153138966305, 0.08051089986752873, 0.08122288381840459, 0.07243623340465748, 0.07253725382304829, 0.07543063487428889, 0.08267126439029586, 0.08175833648585572], [0.08222249990455689, 0.07611428731169742, 0.07449977307262441, 0.07127573763745527, 0.07493827571059451, 0.0743502126704556, 0.080491334852762, 0.08110604875878635, 0.07236928873070986, 0.07254719537521705, 0.07530670543910847, 0.0831142032677103, 0.08166443726832184], [0.0821771940297714, 0.07613365046058272, 0.07465062309827825, 0.07130781983346378, 0.07493827896766445, 0.0745409534966431, 0.08035972522855997, 0.08101915538539019, 0.07247875300275959, 0.07258709098659405, 0.07535533158767478, 0.08288616995244946, 0.08156525397016819], [0.08199891921741392, 0.07617290040086715, 0.07472883475975908, 0.07130996274131354, 0.0749589632475273, 0.07463088359645675, 0.08034851371554165, 0.0810305166904477, 0.07252153783674871, 0.07260415207543673, 0.07540068953509273, 0.08272898143294553, 0.0815651447504494], [0.08104589548657362, 0.07641521505814115, 0.07415321654667231, 0.07081699412757149, 0.07511325209560925, 0.0738168608275263, 0.08167687939803132, 0.08223754588114339, 0.07184188903764054, 0.07226258825831738, 0.07541393695742662, 0.08244115868778379, 0.08276456763756287], [0.08089626009490529, 0.07639087060874397, 0.07419648201565442, 0.07075870216329368, 0.07506426123183073, 0.07388248427429718, 0.08158198272412548, 0.08225058290726808, 0.07184074698824844, 0.0722191656897375, 0.07540068134974703, 0.08264854183655654, 0.08286923811559159], [0.0806599044028888, 0.07639433848834419, 0.0743164546553706, 0.07072412097817395, 0.07503262326548553, 0.0740381493758725, 0.0814343751130446, 0.08220086748721694, 0.07189538281990016, 0.0722051450451315, 0.0754262064397862, 0.08284929477864375, 0.08282313715014142], [0.08095542543651256, 0.07645401059536391, 0.07440592218583884, 0.07061491497545187, 0.07503117937055725, 0.07413637485061304, 0.08138857700437495, 0.08221138262465542, 0.07187894013296818, 0.07214936136211685, 0.0754812331276697, 0.08254463082649831, 0.082748047507379], [0.08066998989248407, 0.07673457959129105, 0.07439011929072901, 0.07041191653743997, 0.07520357907735337, 0.07402774320807341, 0.0818028601415542, 0.08256263370501517, 0.07170866381295231, 0.07206754916925741, 0.0756670527342029, 0.08167512158025327, 0.08307819125939389], [0.08003567851609894, 0.07692430709314706, 0.07428041150282491, 0.07049820995377393, 0.07541318775098739, 0.0738270136381204, 0.08243539261683346, 0.08300616108733434, 0.07166067546873366, 0.07216114459291385, 0.07578550700259204, 0.08132975639128623, 0.08264255438535377], [0.07969960012714936, 0.07690567754553358, 0.07419290887968391, 0.07068483489591279, 0.0754797836813678, 0.07371805874781961, 0.08271557800723572, 0.08301841785341699, 0.07171354836026496, 0.07228245931639368, 0.075766856776933, 0.0813799123821507, 0.08244236342613799], [0.08027061942953075, 0.07671988275603557, 0.07411604367183838, 0.0707600472024387, 0.075363449162483, 0.07367476954705736, 0.0824132782206161, 0.08272463823455091, 0.0717367809527754, 0.07228844593613959, 0.07562218490770929, 0.08168611949793272, 0.08262374048089231], [0.08082762476031354, 0.0764877840811001, 0.07412333589650998, 0.07076986677381937, 0.07516591045132934, 0.07375647587290518, 0.08188509332720752, 0.08241603402100534, 0.0717848463962457, 0.07224336073469068, 0.07545639121033659, 0.08223928105290382, 0.08284399542163283], [0.08075722063121794, 0.07643319618695864, 0.0741687425055384, 0.07071219739050859, 0.07509052871239044, 0.07383421626464691, 0.08171778371753101, 0.08238785508923978, 0.07179041100649768, 0.07219364540156593, 0.07542174622371355, 0.08250179943515426, 0.08299065743503696], [0.08049338411088235, 0.07645082334681165, 0.07424774470252594, 0.07065070241828428, 0.07506958127708796, 0.07393264469726919, 0.08165567648646038, 0.08242844654127437, 0.07180219016096148, 0.07216035986483971, 0.0754466110713642, 0.08258854037351626, 0.08307329494872219], [0.08063076605704662, 0.07645540870664083, 0.0742869014121671, 0.07061736815359264, 0.07505503885785632, 0.07398242329096354, 0.08160000709158029, 0.08240513227212216, 0.07180694992266846, 0.07214114595341307, 0.07545598646831764, 0.0825816934913089, 0.08298117832232245], [0.08058165762913568, 0.07653849792125529, 0.07427837683812302, 0.07053881776150857, 0.07510113937292792, 0.07394622890165199, 0.08176600096188909, 0.08260478348209571, 0.07174380539481517, 0.0721036094522965, 0.07550849984054975, 0.08229629912628637, 0.08299228331746515], [0.08030558199243537, 0.07657372620763238, 0.07414339050720081, 0.07061839065753081, 0.0751842555414396, 0.0737592711165154, 0.08207156173491431, 0.08277029678593086, 0.0716991563452695, 0.07215690385911842, 0.07551068944901021, 0.08211107456901716, 0.08309570123398521], [0.07996713419134209, 0.07672693680056554, 0.0741654917452228, 0.07059600960407376, 0.07530271859927372, 0.07374023317428803, 0.08236824187933714, 0.08308916054358853,