[[0.07195295335614552, 0.0808730220086148, 0.07568561553169839, 0.08274296037908364, 0.07343025313513393, 0.07198496368317257, 0.08080849961438138, 0.0816765761319366, 0.07342450059403458, 0.08099834816536895, 0.07240861430297267, 0.0819116793035172, 0.07210201379393967], [0.07193214395110445, 0.08114344686669603, 0.075580004959827, 0.08297407012840798, 0.07343491073153291, 0.0720011089099308, 0.08060210224633862, 0.08149314376762991, 0.07346278775775177, 0.0808434371161401, 0.07243772255031079, 0.08196827826936831, 0.07212684274496109], [0.07195768549306987, 0.08148865158609858, 0.07548704271399798, 0.08302085101806622, 0.07348027064254717, 0.07206844524364182, 0.08036069148156044, 0.0812594926291455, 0.07354657042366758, 0.08064899763446783, 0.0725172895096227, 0.08196063003253491, 0.07220338159157949], [0.07196669439466276, 0.08179844288257081, 0.0754132021867066, 0.0829638076900465, 0.07352098396709154, 0.07211850035678076, 0.08018396366078162, 0.08110063726433991, 0.07362154022017435, 0.0805156266677982, 0.07258181867195099, 0.08195188633834649, 0.07226289569874944], [0.0719953403103572, 0.08216184371314733, 0.07533385057605654, 0.0829045289832113, 0.0735767355134317, 0.07219162148756718, 0.07996504887599407, 0.08094836400812366, 0.07371536173597887, 0.08033424112024348, 0.07266888976880685, 0.08185829412026985, 0.07234587978681191], [0.07196603870411646, 0.08240889153102013, 0.07525879591147722, 0.08294522654355813, 0.07359160266362708, 0.07220254871143734, 0.07983081207718197, 0.08087825022280067, 0.07376097844230292, 0.0802375399281901, 0.07269694069544932, 0.08185569816690545, 0.07236667640193327], [0.07182211877790445, 0.08271259421205715, 0.07510495054460709, 0.08333333333333333, 0.07355827881340843, 0.07213308336302478, 0.07965740565243268, 0.08083097815359619, 0.07377990204427257, 0.08013920305854505, 0.07266599200867806, 0.08194519235684307, 0.07231696768129713], [0.07181022660435099, 0.08304779598710377, 0.07503630485365452, 0.08294115112271155, 0.07363414990046098, 0.07219234314836429, 0.07949331292522804, 0.08075482337448625, 0.07390644700886083, 0.08003471400310541, 0.07275713617331112, 0.08199776648827338, 0.07239382841008898], [0.07172572129803072, 0.08333333333333333, 0.07496742194995601, 0.08254862884410742, 0.07367001765550425, 0.07218134636884338, 0.07941066297014428, 0.080772212617772, 0.0739896418614968, 0.08001853139468784, 0.07278593821096258, 0.0821940845406583, 0.07240245895450306], [0.07179158942447476, 0.08286545293447088, 0.0749877964844125, 0.08199164532905669, 0.07387000250051363, 0.07234388978242647, 0.07931836004315651, 0.08073735735461363, 0.0742527541393951, 0.07997343061078944, 0.07299408634537138, 0.08228460108158266, 0.07258903396973619], [0.07174413369342664, 0.08333333333333333, 0.07496250525824244, 0.08138485092709476, 0.0739913749395657, 0.07240027403541734, 0.0792026436547868, 0.08066510160780441, 0.0744393276509215, 0.07990498768027225, 0.0731056675742574, 0.08219313371858121, 0.07267266592629613], [0.07187070739340641, 0.08310506595507766, 0.07511030046314436, 0.08094947032085494, 0.07420652794935279, 0.0726030802334479, 0.07905621644188023, 0.0804915568809734, 0.0747065642471232, 0.0797666328966231, 0.07334025787454072, 0.08190018190718444, 0.0728934374363908], [0.07186048833155767, 0.08309540587747422, 0.07524394151871826, 0.08045835150058972, 0.07433696392975718, 0.07266260887357738, 0.07905790488529416, 0.08048900753328157, 0.07487294347380523, 0.07979613070824794, 0.07344177944917354, 0.08171259677702539, 0.07297187714149769], [0.07186298839338606, 0.0831005329132607, 0.07535650171288774, 0.0800913209077064, 0.07443853773723061, 0.0727101541960815, 0.07907129613096527, 0.08047963059849202, 0.0749945037899806, 0.07982365260076735, 0.07351763062725429, 0.08152157526743513, 0.07303167512455228], [0.0718217927002145, 0.08315145015407129, 0.07548480294112776, 0.07965388954109026, 0.07451278461543229, 0.07270309569823763, 0.07917733058563098, 0.08056224806205686, 0.07507195135946146, 0.07993434768163361, 0.07353941979918728, 0.08135196249086776, 0.07303492437098834], [0.07175329241131666, 0.08306517436025776, 0.07556388462974302, 0.0793503642132403, 0.0745135443713435, 0.07263534337567663, 0.07939217244920345, 0.08075675325099826, 0.07505197513194664, 0.08009600104970636, 0.07348429988347821, 0.0813682070983782, 0.07296898777471107], [0.07173275654469344, 0.08277309959630802, 0.07571136922779523, 0.0789266902274011, 0.07456074230563735, 0.07260652826158659, 0.07968485977138526, 0.0809745002071411, 0.07506308909067205, 0.0802847939644901, 0.07346400567951779, 0.08127844294983058, 0.0729391221735414], [0.07157630928752225, 0.08333333333333333, 0.07575284970240098, 0.07853185915879342, 0.07443966249963757, 0.07239989400572477, 0.08006522878183014, 0.08128470609164282, 0.07486938211533707, 0.08057472022535953, 0.07325108483663444, 0.08119910051933295, 0.07272186944245078], [0.07208656413269274, 0.08051445470162695, 0.07583906687123214, 0.08281693125068502, 0.07345974875763371, 0.0720462635771762, 0.08093793862585821, 0.08169238067009606, 0.07340178445050302, 0.08100351296968625, 0.07243322144813398, 0.0816238916783135, 0.0721442408663624], [0.07206160133930954, 0.08085697440014626, 0.0757106844174304, 0.08289942540095725, 0.07347249936667645, 0.07207057875350611, 0.08070145399633077, 0.08151456728305474, 0.0734582576021469, 0.0808487893081609, 0.07247550294595266, 0.08174943337159903, 0.07218023181472885], [0.07203501172617692, 0.08106549650560056, 0.07562729170662345, 0.08311061949801052, 0.07346708199331702, 0.07207144857394909, 0.08055517105016125, 0.0813905255041258, 0.07347733268763573, 0.08074186879603218, 0.07248650195594541, 0.08178399450125479, 0.07218765550116726], [0.0719978414250306, 0.0815424082720905, 0.07548732823453956, 0.08304046208083005, 0.07350063147042896, 0.07210549042887879, 0.08030508943960188, 0.08118875226532335, 0.0735679255588535, 0.08058396783319922, 0.07254937000171374, 0.0818918049962473, 0.07223892799326267], [0.07199544135745461, 0.08115460435572856, 0.0755863121631786, 0.08313369085097419, 0.07345676131886009, 0.07205126751928073, 0.08052278190425313, 0.08138141594348486, 0.07348065488656498, 0.08073842641579289, 0.0724764497804838, 0.0818495488036219, 0.07217264470032166], [0.07200611740494074, 0.08190944008879802, 0.07539430472284497, 0.0830632962864547, 0.0735432214921077, 0.07216114738387205, 0.08008643303124606, 0.08099430044832635, 0.07365053994133536, 0.0804129920867177, 0.07262124974107133, 0.08185154377555694, 0.07230541359672811], [0.07205266276428363, 0.08216013257715775, 0.0753465813190097, 0.08303854749083905, 0.07359383016417671, 0.07223380317399826, 0.07991564429768634, 0.08085293079738207, 0.07372550847198463, 0.08025949725741105, 0.07269933915799463, 0.08173825362191232, 0.0723832689061637], [0.07197500059326858, 0.08247063148244585, 0.07524511298835439, 0.08297690726069494, 0.07360055274358665, 0.07221718719194412, 0.07978708088500745, 0.08083673129416881, 0.0737754213724394, 0.08019572895676792, 0.07271257959530769, 0.08182465145737482, 0.07238241417863929], [0.07194540722578088, 0.08282525357223293, 0.07512948170896867, 0.08333333333333333, 0.07361248945498597, 0.07223640478882182, 0.0795561886971424, 0.08065621054897043, 0.07382710251408972, 0.0799978250479096, 0.07274996903124625, 0.08171722973929067, 0.07241310433722721], [0.0719214252426149, 0.08312695544534116, 0.07505732999631409, 0.08289558308199241, 0.07369032896182076, 0.0722908325994505, 0.07940400753457315, 0.08060791712156384, 0.0739596998961935, 0.07991401721945836, 0.07284067450838408, 0.08180406444741133, 0.07248716394488185], [0.07184142225733285, 0.08333333333333334, 0.0749947069569477, 0.08266771325918064, 0.07370723997202415, 0.07226909393027053, 0.07933985012973589, 0.08063058248345986, 0.07401419973318861, 0.07990701326490325, 0.07285096655940322, 0.081962750010982, 0.07248112810923805], [0.07185138272108205, 0.08309069668383558, 0.07499067623142655, 0.08236960402063592, 0.07380152582297617, 0.07233665547717008, 0.07929236010627941, 0.08063748530052439, 0.07414589065430754, 0.07989771499928647, 0.07294693507702392, 0.08207573361680617, 0.07256333928864578], [0.07186845304993227, 0.08299350549232953, 0.07498476172470511, 0.0820431770997107, 0.07390275842069204, 0.07241318934366713, 0.07922603039147419, 0.08060592762843298, 0.07428625993864113, 0.07985958215724218, 0.0730521385593556, 0.08210936346992902, 0.07265485272388822], [0.07186717078805951, 0.08311692601306044, 0.07496929459358907, 0.08183822089036304, 0.07395433042870338, 0.0724490957002002, 0.07916941946528055, 0.08056450321650596, 0.07436260803169892, 0.07981800599008866, 0.07310614729217392, 0.08208408229754044, 0.07270019529273594], [0.07187333300887462, 0.08333333333333333, 0.07495252336322686, 0.08155945706613521, 0.07402973504271614, 0.07250551443409009, 0.0790821618424099, 0.08048838889647825, 0.07447181653161651, 0.07974726197974075, 0.0731865141524613, 0.0820007116936227, 0.07276924865529427], [0.07189342790172587, 0.08307996417273358, 0.07503741176297012, 0.08127710178177953, 0.07412967595995627, 0.07257340145926255, 0.07906760404000172, 0.08048867848948967, 0.07460025964132123, 0.07975362288774941, 0.07327986338115035, 0.08196943616668076, 0.0728495523551789], [0.07203118536110033, 0.0830428268786586, 0.07520166268061482, 0.08071166985950239, 0.0743825960693286, 0.07281053107080383, 0.07885574363008713, 0.08024004516695284, 0.074921884339963, 0.07954941276816004, 0.07355871644901515, 0.08158346532117275, 0.07311026040464055], [0.07200328968143424, 0.08304002481251767, 0.07530677526211985, 0.08032640651486801, 0.07447905086044912, 0.07284116676503927, 0.07886827873374112, 0.08025308774297893, 0.07504820798793191, 0.07958618052652358, 0.07362624897401805, 0.08146412002950516, 0.073157162108873], [0.07181972001502843, 0.08310120424483744, 0.07511136900846598, 0.08090985441624422, 0.07418110471583479, 0.07255290978662711, 0.07912102755940052, 0.08057399986788615, 0.07467694621789994, 0.07984359472556334, 0.07329580287146277, 0.08196795835300318, 0.07284450821774616], [0.0720134797588132, 0.08309605523863274, 0.07539686632180051, 0.08001817803716066, 0.07457488141647163, 0.07289684146283866, 0.07883819387006255, 0.08020241274470463, 0.07516866199000655, 0.07956502143888708, 0.07371232852353504, 0.08129220645595964, 0.07322487274112706], [0.07197049701368463, 0.08333333333333331, 0.07552225864243063, 0.07954969234471294, 0.07467042010297009, 0.07290948910763936, 0.07889507990196305, 0.08020747580030492, 0.07528589074052976, 0.07959901699155746, 0.07375902831689177, 0.08104451018887802, 0.0732533075151039], [0.07195041179646548, 0.08300905593604056, 0.07560575787379976, 0.0793581811281303, 0.07470306583470825, 0.07289324753109998, 0.07905564441254682, 0.08035296031501879, 0.0753069017155137, 0.07972180543675586, 0.07375313993833053, 0.0810506882537981, 0.07323913982779182], [0.0718247262710198, 0.08333333333333334, 0.07567746453609109, 0.07896692483971837, 0.07468117980884079, 0.0727784794467796, 0.07927207559471439, 0.08052928882992234, 0.07526635538409429, 0.07986180972565063, 0.07366000229158909, 0.08101890439449105, 0.07312945554375526], [0.07185833536733345, 0.08305329230408887, 0.07585000631313986, 0.07853904401336087, 0.07479535090157652, 0.0728278106567999, 0.0794507763844896, 0.08059731948533617, 0.07536625514498473, 0.07991492711788532, 0.07372515815173356, 0.0808387103685856, 0.07318301379068543], [0.07174695116810259, 0.0830586470542257, 0.07586166299510902, 0.07843107930047026, 0.07467269379995604, 0.07265439291950425, 0.07977750403444119, 0.0809160624836114, 0.07517460549633738, 0.08021993953777326, 0.07353481688545092, 0.08095613139967375, 0.07299551292534422], [0.07218368413308676, 0.08050756281845464, 0.0758511432951519, 0.08304879308738726, 0.07349500170512765, 0.07212332842058569, 0.08080865488882555, 0.08151437875076703, 0.0734310198496588, 0.08084309992348115, 0.07249322693306795, 0.08148535460488883, 0.0722147515895169], [0.07214907137933545, 0.08108567185841484, 0.07566017593739306, 0.08313908946788517, 0.07351757265670655, 0.07216371146557687, 0.08045969119889032, 0.08124651660039407, 0.07351916189117592, 0.08060944446625502, 0.07256062800047063, 0.08161650443444711, 0.07227276064305482], [0.07217467969696417, 0.0808767552049268, 0.07573955725255821, 0.08295902648893114, 0.07352195471952408, 0.07216247276778329, 0.08059518788288629, 0.0813583031499816, 0.07349999491037759, 0.08070682815037004, 0.07254945484203036, 0.08159065335987453, 0.07226513157379198], [0.07205085513618957, 0.08126136939688829, 0.07556689152208512, 0.08333333333333333, 0.07347842815353794, 0.07210285212778399, 0.08039646557508127, 0.0812293483231006, 0.0735062034966092, 0.08059991312464708, 0.07252005399608415, 0.08173221702132416, 0.07222206879333529], [0.07217016543761776, 0.08142205930703444, 0.07557421709428624, 0.08309233820575604, 0.07356194460386462, 0.0722262231470783, 0.08024980726513306, 0.08105726580587558, 0.07360010467353476, 0.08045045121407157, 0.07263583234849269, 0.08161514790286205, 0.07234444299439287], [0.07210315908553236, 0.08178564150938464, 0.07544168658717476, 0.08333333333333334, 0.0735580525028171, 0.07221670494291958, 0.0800532333480825, 0.0808966027386661, 0.07364112564249765, 0.08032091137999721, 0.07265103055471724, 0.08164935750075782, 0.07234916087411983], [0.07210783887137139, 0.08154056164704264, 0.075524320860673, 0.08306415911198055, 0.07354671208534909, 0.07219168926603321, 0.08023152100640095, 0.08107086985389543, 0.07360310065496177, 0.0804702601582892, 0.07261690575284702, 0.0817145382724456, 0.07231752245871029], [0.07214911279237064, 0.08210291049349473, 0.07538297579350245, 0.0831297120369666, 0.07362967093009597, 0.07230556117414355, 0.07986475804938638, 0.08073381175104345, 0.07374855192166788, 0.08017138895826788, 0.07275291212018332, 0.08158128102149075, 0.07244735295738625], [0.07212601676039192, 0.08228681649690436, 0.07531426889937676, 0.08333333333333333, 0.0736325348984755, 0.07231091390411264, 0.07974073056879068, 0.08065266887505669, 0.07377431160199519, 0.08007222912171663, 0.07276924540243379, 0.08152745609507768, 0.07245947404233483], [0.07211307917317898, 0.08246774829652981, 0.07527451929818539, 0.08315329505647924, 0.07365684058437298, 0.07232914906683265, 0.07966962023888068, 0.08063257441974207, 0.07382120878030375, 0.08003131738429435, 0.07280122885316262, 0.08156401988730533, 0.07248539896073211], [0.07209121560698308, 0.0827138855610505, 0.07518993946238127, 0.08333333333333333, 0.07367365750027015, 0.07234850559297107, 0.07950426382573411, 0.08051697381865346, 0.07387033904963558, 0.0798974398002477, 0.07283656576548228, 0.08150935554808333, 0.07251452513517416], [0.0720279374115363, 0.08313301772074289, 0.07509628268813001, 0.08301041529147117, 0.07371399219356649, 0.07236068972601432, 0.07936481371525331, 0.0804863973998283, 0.07396304701905282, 0.07982640861881961, 0.07288520711139672, 0.08158578316750176, 0.07254600793668634], [0.0719942163548773, 0.08333333333333336, 0.07505322320654852, 0.08283586159606647, 0.07373199199832856, 0.0723630458462231, 0.07930168619472099, 0.08047153689707522, 0.07400571716786852, 0.07979488145975794, 0.07290550443461732, 0.0816513043641832, 0.07255769714639972], [0.07199144426482086, 0.08320513469400219, 0.07505008507639538, 0.0827429032028668, 0.07376163687897004, 0.07238137545472752, 0.0792905634829365, 0.08049088949862222, 0.0740489057368028, 0.07980401893037192, 0.07293463727499493, 0.08171691123967928, 0.07258149426480952], [0.07199437343794199, 0.08313992782373554, 0.07502601226445921, 0.08246595088274691, 0.07384248784847894, 0.07244156809151986, 0.07920640073451495, 0.08047015096636041, 0.07416842041885413, 0.0797660851004528, 0.0730219207377761, 0.08180062568780044, 0.07265607600535874], [0.07194967573348918, 0.08333333333333334, 0.07497954626323587, 0.08220674395543806, 0.07388669370272007, 0.07245457219108506, 0.0791379842434828, 0.08045144067922445, 0.0742506224025222, 0.07973125227933071, 0.07306488519113626, 0.08186903788626071, 0.0726842121387414], [0.07198961715188602, 0.08306998348177318, 0.07499316629110962, 0.08197778992432767, 0.07398553757310254, 0.07253877416547826, 0.07909519559587536, 0.08043013952817117, 0.07437874397833939, 0.07970732142438741, 0.07316941715303207, 0.0818850069039661, 0.0727793068285512], [0.07205898389637133, 0.08309538068639027, 0.07501011873342854, 0.08153047129370292, 0.07415184947156897, 0.07268909274916449, 0.07894423292953738, 0.08029039033013989, 0.07460106723687965, 0.07957817891851517, 0.07335472489224325, 0.08174634864162658, 0.07294916022043148], [0.07208584274196533, 0.08333333333333334, 0.07507679407510622, 0.08114260814988264, 0.07427070292604179, 0.07278707397666437, 0.07880415765453215, 0.08015258344861824, 0.07476860379859883, 0.07945450202381792, 0.07348524469293227, 0.08157381652207771, 0.07306473665642932], [0.07209876844658096, 0.0829124638512198, 0.07521394510461048, 0.08073964134103402, 0.07441915272426601, 0.07287378213614827, 0.07880857671850677, 0.08017443992706194, 0.0749594296675891, 0.07948991688820006, 0.07361636594554115, 0.0815223016223196, 0.07317121562692175], [0.07202444795077517, 0.08296101203665429, 0.07513113313039674, 0.08101360685057327, 0.07429132698988195, 0.07275154081250079, 0.07891350128981689, 0.08029963048303215, 0.07479824798435182, 0.07959275687845985, 0.07347226030140493, 0.0817128254520161, 0.073037709840136], [0.07202656667694303, 0.08309061439287281, 0.07504251932199872, 0.08135289253587445, 0.07418717550166613, 0.07269249693797702, 0.07893951020478526, 0.0803084651972912, 0.0746575117046834, 0.07959327714018016, 0.07337941653296993, 0.08176710603793842, 0.07296244781481945], [0.07194162388338175, 0.08333333333333333, 0.07495749722350434, 0.08174008715246253, 0.07401744410351782, 0.07253855746830057, 0.07904644515086359, 0.08041301244953467, 0.07444108674205237, 0.07968325429856703, 0.0731954387025461, 0.08190031492557477, 0.07279190456636106], [0.07202472688641731, 0.0830505460316443, 0.07510629191517067, 0.0810852275593309, 0.07426691416718469, 0.07273949416350965, 0.07890557835952344, 0.08028702607565293, 0.07476721423129977, 0.07957842825840157, 0.07345274292693223, 0.08171352402579532, 0.0730222853991373], [0.07190302385731481, 0.08301627853843485, 0.0750796771753531, 0.08112589704936933, 0.07418059890831272, 0.0726080392336883, 0.07905199757043745, 0.08047620253856076, 0.0746662336511138, 0.07974719987405413, 0.07332773153653312, 0.0819264478432771, 0.07289067222355065], [0.07207609986662632, 0.08297855128747188, 0.07527323599340799, 0.08048727621657005, 0.07447986644999101, 0.07289364501816377, 0.07879572989809644, 0.08016494149227453, 0.07504392933718175, 0.07949326037645718, 0.0736666190757801, 0.08144409571920623, 0.07320274926877272], [0.07208391434436091, 0.08294239360729662, 0.07535684895597164, 0.0802122839883248, 0.07456900339655752, 0.07294472704258372, 0.07877734466279329, 0.08013629376224386, 0.07515701498381819, 0.07948629491757209, 0.0737479278243044, 0.08132058506974973, 0.07326536744442315], [0.07208600518224827, 0.08295203976100925, 0.0754602204304256, 0.07987974576423405, 0.07466943924495852, 0.07299453973058947, 0.07876835171515956, 0.08010661106230975, 0.07528150964999661, 0.07948866477419136, 0.07382942896880028, 0.08115532671966154, 0.07332811699641563], [0.07207537241123772, 0.08309112722133212, 0.07553117230838054, 0.07961792157476841, 0.07473515569377494, 0.07301946773383844, 0.07877552004989126, 0.08006759342971907, 0.07536432839996308, 0.07947832307983156, 0.07387739968631495, 0.08100385094147106, 0.07336276746947701], [0.07201820506765721, 0.0830438966420987, 0.07564090517194383, 0.07926281622854357, 0.07478671253985834, 0.07299032759242098, 0.07894999246677999, 0.0802101426795146, 0.07541594991572914, 0.07958416722113394, 0.07385904996266558, 0.0808952241131652, 0.07334261039848895], [0.07196682278513604, 0.08306686292297671, 0.07576948490830968, 0.07882472152498159, 0.07484974003755938, 0.07296704545501415, 0.07912479039146188, 0.08031547820568256, 0.07547437261792195, 0.07965816426135244, 0.07386248767324911, 0.08079201286280853, 0.07332801635354601], [0.07194839477246216, 0.08296456475400656, 0.07586919326762864, 0.07854913349314513, 0.07488997843564704, 0.07295229421572023, 0.07928103749882888, 0.08041125478191236, 0.0754975270581574, 0.07973952545517284, 0.07385809556707609, 0.08072404513856449, 0.0733149555616782], [0.071848401607682, 0.08333333333333333, 0.07594359494880411, 0.07820480593232544, 0.0748551722144157, 0.07283862672257942, 0.079515600594626, 0.0805652233363864, 0.07542295541619626, 0.07987886759205871, 0.07375183761954304, 0.08064226568563301, 0.07319931499641653], [0.07171763535334476, 0.08333333333333333, 0.07593449097013437, 0.07814674303799943, 0.0746835548313734, 0.0726199277837339, 0.07991436144782772, 0.0809573343987101, 0.0751612357936436, 0.0802622478113982, 0.07350472974662808, 0.08080431841914987, 0.07296008707272315], [0.0720593320687537, 0.08312743793640318, 0.07499149976640394, 0.08175805678804389, 0.07408225989726208, 0.07264404021185546, 0.0789857858330462, 0.08031203186044605, 0.07450234212648713, 0.07960042456744797, 0.07328639219783226, 0.08175803279826979, 0.07289236394774842], [0.07207513092900705, 0.08313137871920127, 0.07501136349061195, 0.08206538367941241, 0.07399564619718395, 0.0725933549169915, 0.07904556701708258, 0.08033083129786862, 0.07437271517257397, 0.07962806557658197, 0.07320146999089361, 0.08172469556102793, 0.07282439745156312], [0.0720644175106828, 0.08333333333333333, 0.07502137412034417, 0.08235390193182554, 0.07389307168401821, 0.07251824289321258, 0.07910541824455423, 0.08034374392744353, 0.07422766478118528, 0.07965416916605049, 0.07309500864396244, 0.08165670014158985, 0.0727329536217975], [0.07210040980178026, 0.0831459768447771, 0.07505361651762552, 0.0825433494599179, 0.07387705353739528, 0.07252148335613791, 0.07914673825823433, 0.08034444734842668, 0.07419013212608737, 0.0796673307264362, 0.07308080027153847, 0.08160117856831656, 0.07272748318332646], [0.07210646583027096, 0.08313737468942074, 0.07508085621873471, 0.08286125263261711, 0.0738076645883625, 0.07247308885230688, 0.07921934884748219, 0.08035292418698015, 0.07408408312491543, 0.07969513887810217, 0.07300626797641657, 0.08151023077868409, 0.07266530339570641], [0.072139698005197, 0.08284067378625283, 0.07515496614946926, 0.08333333333333333, 0.07373183514268737, 0.07242457333783754, 0.07935812325131031, 0.08038578655837356, 0.07395182799436192, 0.07976448708165795, 0.07291924726530269, 0.08139928058621325, 0.07259616750800287], [0.07220733904354455, 0.08264798377690928, 0.07523408240100733, 0.08315989126311657, 0.0737441004621555, 0.07245291258876142, 0.0794507260317484, 0.08042056003779477, 0.07393629921577333, 0.07982188333308911, 0.07292799520688564, 0.08138198214889068, 0.07261424449032348], [0.07178192604475894, 0.08299719879865315, 0.07515219537419952, 0.08076015262031333, 0.07419409407660749, 0.07252827467366967, 0.07919670240496676, 0.08066420616778214, 0.07469124455430685, 0.07993675091797556, 0.07328411704278169, 0.08198879525020666, 0.07282434207377816], [0.0718836598018403, 0.08333333333333333, 0.07530567523832615, 0.08019478197928995, 0.07442495013273816, 0.07273025261718317, 0.07896771711760686, 0.08037374289827898, 0.07498945768772639, 0.07970817939933025, 0.0735310521623152, 0.08150654224429604, 0.07305065538773511], [0.07195491764812037, 0.08315874212534184, 0.07547422139280083, 0.07975131869045678, 0.07460462267170039, 0.0728609785341949, 0.07893113326312703, 0.08028521064009364, 0.07519962184804364, 0.07967553267443722, 0.07369412592298619, 0.08121305303182255, 0.07319652155687463], [0.07219353801571433, 0.08247092260690934, 0.07527182563006002, 0.08333333333333334, 0.07369895079262001, 0.07240543331786406, 0.07955400758750965, 0.08048223258919196, 0.07386569257301408, 0.07989843019111353, 0.07286784655656244, 0.08139882858061752, 0.07255895822548976], [0.0722377165212262, 0.08227603788803164, 0.0753504073096303, 0.08315751928452854, 0.07370173161747633, 0.07241369724838026, 0.07967171545895917, 0.08054570688973031, 0.07384143955895882, 0.07998403321818923, 0.07286034494723677, 0.08140135218117696, 0.07255829787647546], [0.07226783187740544, 0.08202596517468927, 0.0754351846118315, 0.08305235152307341, 0.07368748746244068, 0.07240090266323596, 0.07981813208824086, 0.08062867342878466, 0.0737942128346514, 0.08009036654752165, 0.07282999299258162, 0.08143375885496884, 0.07253513994057463], [0.07225488375044378, 0.08175120339682469, 0.07548796336926061, 0.08333333333333331, 0.07363187470248028, 0.07234342530207769, 0.0799423479045977, 0.08073421260225822, 0.07370464340145419, 0.08016892875271095, 0.07275540426838534, 0.08142454245236407, 0.07246723676380896], [0.07229617688946711, 0.08151021592778132, 0.07558423724911836, 0.0830675195086197, 0.07363595969604186, 0.07234664802088711, 0.08009434962047268, 0.08086536278422886, 0.07367817879244659, 0.08027925742265826, 0.07274330369401699, 0.08143754270229991, 0.07246124769196122], [0.07230360894338952, 0.08139996342240452, 0.07562662835752891, 0.0829378108692412, 0.07363331047541595, 0.07233886092199751, 0.08017615169757418, 0.08094042823462876, 0.0736622778320278, 0.08034409104371265, 0.07273045080874502, 0.08145642704258121, 0.07244999035075274], [0.07228639538543154, 0.08121814342997667, 0.07567138286457363, 0.08299633424633882, 0.0736029571941024, 0.07229778720418836, 0.0802910966735139, 0.08104355603442345, 0.07361119495864185, 0.08043069331697705, 0.0726822427566978, 0.08146451320506873, 0.07240370273006588], [0.07228711671408808, 0.0810269415347328, 0.07572978342763537, 0.0829722490568942, 0.07358655643448796, 0.07227320169717528, 0.08041094227075092, 0.08114496221570998, 0.07357288294294406, 0.08051747257424477, 0.07264920718618363, 0.08145532673105049, 0.07237335721410257], [0.07232319082686925, 0.08073637518087386, 0.07582332173984518, 0.0830618802173521, 0.07357541176685721, 0.0722643327220414, 0.08054802198098843, 0.08122553367201978, 0.07352617157966115, 0.08058555771349586, 0.07262156410570587, 0.08135515173655504, 0.07235348675773492], [0.07230975872978901, 0.08044669267744632, 0.07589330459904474, 0.08333333333333333, 0.07353372670644456, 0.07221221062891094, 0.08071501096703673, 0.08131994517672167, 0.07345151588475565, 0.08066879173484924, 0.07255615985643202, 0.08126703756516367, 0.0722925121400721], [0.07224500619701436, 0.08069838173063756, 0.07580973237431589, 0.08308389730674542, 0.07353441714937815, 0.07219495007446511, 0.08063097994008335, 0.0813373321636515, 0.07348632848694546, 0.08068477381194306, 0.07256210905871577, 0.08144455564542251, 0.07228753606068178], [0.07199213478999489, 0.08310496950261319, 0.07524497964584273, 0.08051525496936421, 0.07441427184014651, 0.07280168819260252, 0.07887526488513068, 0.08026781435925819, 0.07496817071897824, 0.07958540163998762, 0.07357051027939872, 0.08154936421671818, 0.07311017495996436], [0.07187296511895548, 0.08333333333333331, 0.07515626584911972, 0.0807037578210814, 0.07427299911538532, 0.07264717298865497, 0.07898670350282068, 0.08041420391001966, 0.07479969725103391, 0.07970587935030625, 0.07340560470404293, 0.08175316512756477, 0.07294825192768144], [0.07181780058598271, 0.08300374473248967, 0.07541602605431863, 0.07991598758185625, 0.07444318163913771, 0.0726657074959552, 0.07920473454767366, 0.08060883815676992, 0.07498617796853202, 0.07997264027726543, 0.07348280145234296, 0.08149355316800319, 0.07298880633967249], [0.07180643430529078, 0.08305561834209622, 0.07526886159367016, 0.08035632238390072, 0.07432150785444704, 0.0726098448429421, 0.0791572809638972, 0.08060057577104539, 0.0748496942042158, 0.07991098820714354, 0.07339712515789312, 0.08174501025893732, 0.07292073611452048], [0.07176728491296304, 0.08310851634734899, 0.07496486687790765, 0.0816211431813073, 0.07394767378612858, 0.07238359334173357, 0.07924628328967565, 0.08069520918192596, 0.074370996344537, 0.07993118661055221, 0.07306735221736056, 0.08225044919979088, 0.07264544470876845], [0.07177527041857869, 0.0829641347229251, 0.07507950201185763, 0.08103960517656847, 0.0741137281947034, 0.07248061296164846, 0.07921978630408932, 0.08069172004844921, 0.07458796069152482, 0.07994570689924566, 0.07321369130222277, 0.08212236116896672, 0.07276592009921978], [0.0717346085927689, 0.08333333333333334, 0.0754648738166006, 0.07960571556092322, 0.07444298332510074, 0.07260264469914582, 0.07928186208058352, 0.08068838994485078, 0.07498440924725085, 0.08004680650399212, 0.07343991421168483, 0.08144203424783376, 0.07293242443593159], [0.07171469746448887, 0.08286658685794118, 0.07560556676763967, 0.0792254926604921, 0.07448882948452791, 0.07257532463352781, 0.0795748261341884, 0.08093723176929997, 0.07499773972018946, 0.08026036395149236, 0.07342151806008729, 0.08142736039252568, 0.07290446210359934], [0.0718738676672145, 0.0830357328170841, 0.07610597186411465, 0.0778546829419895, 0.07490718974859216, 0.07283248480894854, 0.07980269846922013, 0.08070989385990694, 0.0754187066708048, 0.08003043084890486, 0.07373940226414137, 0.0805038646417026, 0.07318507339737575], [0.07191663108977017, 0.08312783925536683, 0.07606013453901113, 0.07797311234269326, 0.07496180689806504, 0.07292231867145739, 0.07955416925801076, 0.08051348258091624, 0.07552853952875457, 0.07983267700925228, 0.07384385418027402, 0.08047919294216214, 0.07328624170426604], [0.0714110465256408, 0.0813020313936402, 0.07537092479565163, 0.08142252867204834, 0.07340220552428628, 0.0717172431728026, 0.08073432814918334, 0.082278099815914, 0.07355627233405142, 0.08142257989189841, 0.07230217119210741, 0.08317082421905654, 0.07190974431371894], [0.07148120185637108, 0.08157746945591145, 0.07532843816984491, 0.08175512532352577, 0.07339502678904707, 0.07176592348012291, 0.08058419327083134, 0.08199869452436621, 0.0735484113824022, 0.0811974960789103, 0.07233136669033131, 0.0830851110309235, 0.07195154194741202], [0.07148492225923046, 0.08184453058279761, 0.0752521631417618, 0.08194870820851423, 0.07342540893710423, 0.071806254993228, 0.08039193127938, 0.08183842435367877, 0.07361122094196164, 0.08102407503704341, 0.07238472414762072, 0.08298717703781566, 0.07200045907986338], [0.07150695162740593, 0.08209696145227227, 0.07518932750576032, 0.08217393759876576, 0.07344601760079329, 0.07184838272802961, 0.08021920494862596, 0.08165204862881505, 0.07365380949850169, 0.08084528628721425, 0.07243076366255724, 0.08289056511262602, 0.07204674334863263], [0.071474705320719, 0.08226381680763728, 0.07511492940145263, 0.08209294900774103, 0.07350583388116716, 0.07188512725800487, 0.08005598192352813, 0.08156597123867587, 0.07376224972285157, 0.08073251036870255, 0.0725001058172063, 0.08294489850619093, 0.0721009207461226], [0.07144358446558867, 0.08218462379918254, 0.07508565934399368, 0.0818330152173902, 0.07356843919267732, 0.07191271625384094, 0.0799883616277952, 0.08155445845025071, 0.0738616667783833, 0.08070496073900416, 0.07255834340290876, 0.08316039784601799, 0.07214377288296644], [0.07142324892471773, 0.08193320367924377, 0.07516634904623984, 0.08132893333424737, 0.07365328026774505, 0.07193270035251231, 0.08012448959799921, 0.08175821978403008, 0.07395847182816236, 0.08089494282196244, 0.072606651157614, 0.0830443375947705, 0.07217517161075514], [0.07132184838475221, 0.0814075010610012, 0.0753035032212094, 0.0808221865432001, 0.07358434845281267, 0.07179234004803879, 0.08052602733716278, 0.08223545930955564, 0.07383663720051775, 0.0813454904445226, 0.07246391127066902, 0.08333333333333333, 0.07202741339322451], [0.07130191808007505, 0.08114488764422892, 0.07539196967180127, 0.0808068609022648, 0.07346200335379759, 0.07168234907586693, 0.08082863597586444, 0.08256263899527325, 0.07364599785426562, 0.08162887595819908, 0.07231513666653057, 0.08333333333333334, 0.07189539248849927], [0.07137528558222844, 0.0809821869465798, 0.07544014627386711, 0.08105502807834725, 0.07344303064620486, 0.07170407596623632, 0.08089881308592939, 0.08256126473720111, 0.07359697233387272, 0.08164993200029853, 0.0723078521173261, 0.08308209969082304, 0.07190331254108528], [0.07136412557497639, 0.0813628866039314, 0.07531279535987404, 0.08131256142635582, 0.0734388757323247, 0.07172573082878878, 0.0806284592778263, 0.08225724183278349, 0.0736297213765758, 0.0813628866039314, 0.07233880359255929, 0.08333333333333333, 0.07193257845673921], [0.0713989364548905, 0.08148450598457462, 0.07530560242420031, 0.0815375733428412, 0.07339537599312018, 0.07172150680788773, 0.08060160263021451, 0.08213945195206518, 0.07356714270368572, 0.08128575836374495, 0.07231137113097685, 0.08333333333333331, 0.07191783887846477], [0.07138636719777251, 0.08181905656496999, 0.07518586897688351, 0.08169929362947162, 0.07345841211399909, 0.07178308239469815, 0.08031700297221778, 0.08189769882980562, 0.07368978715452679, 0.08102902857259198, 0.07240357803601973, 0.08333333333333334, 0.07199749022370995], [0.07141915223281327, 0.08159479258818893, 0.07525818306070582, 0.08132840282974385, 0.07358266553580939, 0.07186319415044704, 0.08037808257507183, 0.08202768230833841, 0.07383568302845497, 0.08114098675830825, 0.07251027966866086, 0.08297109505361512, 0.07208980020984218], [0.07140232974580374, 0.08161029228844419, 0.07525050906508088, 0.08144484529084561, 0.07352001799396753, 0.07181553748366679, 0.08041398804713955, 0.08204379983106942, 0.07375407261891108, 0.08115714082004553, 0.0724476651172596, 0.08310533148290784, 0.07203447021485843], [0.07138526764201865, 0.08133453311344405, 0.07532325786368137, 0.0810984339957421, 0.07355722819654904, 0.07181015839053317, 0.08055903281291493, 0.08224539391711291, 0.0737862256365349, 0.08134123972262675, 0.0724545842242665, 0.08307176665294308, 0.07203287783163229], [0.07142266167057738, 0.08184110535367224, 0.0752114628733964, 0.08180832238197773, 0.07344195925727942, 0.07178868622653375, 0.08034864410404402, 0.08188503983248566, 0.07365467116587815, 0.0810339144507955, 0.07239227333626246, 0.08317634264546216, 0.07199491670163519], [0.07143625370712313, 0.08204684112872598, 0.0751358067057442, 0.08178497186506933, 0.07354322573194262, 0.07187971534016212, 0.08011966619080202, 0.0816950433546767, 0.07381387047969429, 0.08083685836232142, 0.0725164351371028, 0.08308649584387738, 0.07210481615275796], [0.07141985194031343, 0.08186953551890813, 0.07517121472011598, 0.08146476306433678, 0.07360287680695574, 0.07189797962430793, 0.08017375217465224, 0.08179949659911072, 0.07388831528823667, 0.08092911169818715, 0.0725564329485612, 0.08309413013411103, 0.07213253948220286], [0.07137096981859964, 0.08155266238911091, 0.07527173846891619, 0.0809174694248437, 0.07364709703972568, 0.07186973356561692, 0.08038099171695251, 0.08206436421473157, 0.07392578984664872, 0.08119143282517295, 0.07254976903491128, 0.08314689440748581, 0.07211108724728398], [0.07143451883098485, 0.08180995102395572, 0.07522196992527633, 0.08106605536096373, 0.07371645787176515, 0.07196489779092097, 0.0801854651280387, 0.08183401318320314, 0.07402740789960854, 0.08097954288710582, 0.07265261925776417, 0.08289409372659332, 0.07221300711381937], [0.07144234154976221, 0.08209432459692663, 0.075144420648002, 0.08196599997832026, 0.07348049846802955, 0.07184181247823346, 0.08016340627220674, 0.08169368454539946, 0.0737238286137497, 0.08084904993418565, 0.07245607789909513, 0.08308891859149811, 0.07205563642459102], [0.07141278132945239, 0.08209433270900532, 0.07508461101461203, 0.08163788417250244, 0.07359059177577908, 0.07190772535099725, 0.07999669137777328, 0.08159341180423921, 0.07389693728843236, 0.08073662826606373, 0.0725691821794739, 0.08333333333333334, 0.07214588939833586], [0.07143525670302762, 0.0821250779363417, 0.07511493997701123, 0.08137377052871, 0.07368100600251984, 0.07197043002759138, 0.07998503177595491, 0.08160043572209248, 0.07400967148587388, 0.08075008692682668, 0.07265294567007782, 0.08308251760383584, 0.07221882964013666], [0.07148471035938153, 0.08050375378274524, 0.07574672175984139, 0.0810736957395576, 0.07337186796504362, 0.07165276218630473, 0.08153589339938237, 0.08272834518888746, 0.07339572968530404, 0.08214427996836338, 0.07218545185124271, 0.08236522290068378, 0.07181156521326225], [0.07136171661044269, 0.0807238928162247, 0.07564933028249905, 0.0808728487914666, 0.07335616580577238, 0.07159106827345853, 0.08142091100970932, 0.08294478815288908, 0.07341799598139502, 0.08215100235127078, 0.07215825870913611, 0.08258556156303305, 0.07176645965270269], [0.07123967480589308, 0.08111134589255374, 0.07554832859046455, 0.08047141106055597, 0.07340079342497256, 0.07156795957618868, 0.08124153649531829, 0.08305228836521895, 0.07352271587058602, 0.08208586593212527, 0.07218854093009515, 0.08280014081368796, 0.07176939824233981], [0.0712633827499788, 0.08149469406069985, 0.07563076565229897, 0.07989594150539954, 0.07356585629594949, 0.07166444101817665, 0.08120557619606525, 0.08277667717109513, 0.07371731287602194, 0.08210580750271629, 0.0723249774561606, 0.08247041422973629, 0.07188415328570107], [0.07137283167936725, 0.08128296341190368, 0.07604416655796362, 0.07907353514666217, 0.07369630961580778, 0.07171399748224182, 0.08168412686483677, 0.0830583974762489, 0.07374877235351215, 0.08250284324757583, 0.07235779249894511, 0.08154647841551695, 0.07191778524941816], [0.07152157706692246, 0.08060427293142981, 0.07633293271657624, 0.07923644646830039, 0.07361123685777227, 0.07168814738265404, 0.08236901855865733, 0.08284644613432879, 0.0735319417775295, 0.08298197714145628, 0.07224746943916159, 0.08118165582064929, 0.07184687770456212], [0.07158280181980893, 0.08020804644298683, 0.07632739151717564, 0.07985256622151775, 0.07346141948583242, 0.07163432281111057, 0.08266614031740771, 0.08282538601725342, 0.07332918003043133, 0.08299321581442123, 0.07213193098521128, 0.0812235841159128, 0.07176401442092993], [0.07155082650772152, 0.08015316490026926, 0.07612355718110107, 0.08049087231093273, 0.07335186779054649, 0.0715926088660558, 0.0823369994062988, 0.08313099647281502, 0.07324756521917278, 0.08267417327894759, 0.07207771429654816, 0.08154955428944176, 0.07172009948014892], [0.07147585222284855, 0.08042145045130615, 0.07583835470579012, 0.08086259830304286, 0.07334580188305768, 0.07160942023708558, 0.08176282881278941, 0.08297354593850151, 0.07333393216836125, 0.08233859302053342, 0.07213067059288446, 0.08214691806731515, 0.07176003359648393], [0.07136818742566836, 0.08068084214305263, 0.07571984334215907, 0.080745774814168, 0.07335184716522634, 0.07157560776924464, 0.08157378002134968, 0.08298163170607911, 0.07339022405150514, 0.08230357890206687, 0.07213531999059354, 0.08242767979582745, 0.0717456828730592], [0.07122997014245439, 0.08096839725968369, 0.07564489013586187, 0.08037384093127133, 0.07335352496770131, 0.07150960648807375, 0.08149055852639221, 0.08333333333333333, 0.07343019748486385, 0.08233938597952965, 0.0721118032378472, 0.08251523653046436, 0.07169925498252305], [0.07123066770592765, 0.08113182901825698, 0.07564828714601754, 0.08019481653401245, 0.07341432196560636, 0.0715468333247061, 0.08143281798697881, 0.08315113329406419, 0.07351117284165568, 0.08231560203795396, 0.07216766534131612, 0.08250919358382248, 0.0717456592196817], [0.07128132993265783, 0.08112742690387549, 0.07579096474682277, 0.07990953063991388, 0.07347590504817539, 0.07158229099908525, 0.08162710023782474, 0.08293963451791489, 0.07354465514107496, 0.08254021766076922, 0.07219952071967486, 0.0822043946873411, 0.07177702876486955], [0.07139005971524738, 0.08059517977393942, 0.07591212480518375, 0.08030806269387097, 0.07336920067051862, 0.07155473143314285, 0.08196526610650923, 0.08300526633084289, 0.07335288087300358, 0.08272286480719859, 0.07210188261624226, 0.08200810762667246, 0.07171437254762772], [0.0714125566119222, 0.08048102332335551, 0.0760794859592808, 0.07998365809199867, 0.07338859687820043, 0.07154186101003891, 0.082286458769363