[[0.07272220201764908, 0.07012853788615839, 0.06897804851756471, 0.07500814363993531, 0.07933443281634008, 0.07351320911790118, 0.07998364869541709, 0.08241546986491036, 0.0812617602463333, 0.08083285372192771, 0.0741111481787949, 0.08139373449539222, 0.08031681080167574], [0.07273682639080989, 0.07009702004275488, 0.06896210256792867, 0.07487512419206496, 0.07953509328560161, 0.07339404022422774, 0.07977435829308786, 0.08271142704433378, 0.08112728912785351, 0.08066030960332575, 0.07401562508319098, 0.08147592229556974, 0.08063486184925046], [0.07277945080642753, 0.07009814848425797, 0.06899917083575446, 0.07473894984146755, 0.07975923682286527, 0.07328053547907665, 0.07952546838858233, 0.08299625751416856, 0.08093519514956052, 0.08043859031257145, 0.07392585873007804, 0.08151103888988222, 0.08101209874530743], [0.07285028943291685, 0.07011842899828391, 0.06904792635963976, 0.07465177244099144, 0.07997282406503323, 0.07320530727835528, 0.07935361255359122, 0.08293446223962594, 0.08080974648769866, 0.08029186176066583, 0.07388037912766682, 0.08155201838250972, 0.08133137087302117], [0.0729785520282543, 0.07021369207571138, 0.06918360742401111, 0.07459048487054362, 0.08020271529320709, 0.07317029284673818, 0.0791554105346375, 0.08266855011722922, 0.08063331614738078, 0.08010448786774131, 0.0738707471654427, 0.08152634766981605, 0.08170179595928669], [0.07300227928553873, 0.07016242834195852, 0.06914715502717741, 0.07448729309841441, 0.08038071932918256, 0.07306106840310708, 0.07901799795145834, 0.082914465430176, 0.08053587230487964, 0.07999216918371434, 0.07379964881374584, 0.08153773310706093, 0.08196116972358622], [0.07300815471794685, 0.06999054299579176, 0.068981462644154, 0.0743043827451323, 0.0807134238281532, 0.07283888944851188, 0.07884944272235656, 0.08333333333333333, 0.08045425498262329, 0.07988117414464826, 0.0736625399121654, 0.08162812901226582, 0.08235426951291731], [0.07315062925491096, 0.0699998989561783, 0.0690129282967373, 0.07423316233509626, 0.08107000607490182, 0.07275255905451597, 0.07870870291940131, 0.08290970720078773, 0.08035386886597666, 0.07977024119973276, 0.07364784358045548, 0.08164303574429321, 0.08274741651701219], [0.07327943195648108, 0.06995414473707315, 0.06896825883124602, 0.07418899155260139, 0.0814689319620144, 0.07266513778945492, 0.07866296561129886, 0.08248898379884471, 0.08036304500728456, 0.07976657474810045, 0.07364903628551657, 0.08175030867691359, 0.0827941890431705], [0.0735693940725987, 0.0700431864926908, 0.06907358547186075, 0.07421308974687461, 0.08203854939776609, 0.07265326771196372, 0.07859326831229617, 0.08189067643878653, 0.08030984839699415, 0.07972058073195798, 0.07374690857690905, 0.08172986181697924, 0.08241778283232233], [0.07390181222434913, 0.07016804631698685, 0.06920792720710442, 0.07429207621522992, 0.08264091379617663, 0.0726906285200043, 0.07856379797417516, 0.08126709303608856, 0.08026209320608549, 0.07969779322347237, 0.0738988835354707, 0.08161477062366594, 0.0817941641211907], [0.07422517038371254, 0.07037767816449265, 0.06944659348119503, 0.07437468044710653, 0.08309232810223717, 0.07277332250603488, 0.07846279906353217, 0.08081644519708604, 0.08009461161377321, 0.07956760268198561, 0.07405153902317967, 0.08133805490074464, 0.08137917443491995], [0.07451955076179825, 0.07051576978281572, 0.06957259038513733, 0.07454205353990485, 0.08298269412136922, 0.07289412900240076, 0.0785578398352569, 0.080338262752469, 0.08013499223166373, 0.07964838082327197, 0.07426203701643379, 0.08122262945171901, 0.0808090702957593], [0.07476017549034548, 0.07066630049004893, 0.0697134907946113, 0.07471297587864889, 0.08258046534625185, 0.07303572489558621, 0.07865844408344187, 0.08000021756338889, 0.08017188475380625, 0.07972502754624997, 0.07446107953137727, 0.08111050124008208, 0.08040371238616087], [0.07497101217745337, 0.0707790222615325, 0.06979375303808498, 0.07493241767697979, 0.08207885405695105, 0.07320187407599461, 0.07885487583543428, 0.07960893337663637, 0.08028501351383958, 0.07989281820963669, 0.07469194878737524, 0.0810037677377155, 0.07990570925236594], [0.07496537568962655, 0.07068718381407507, 0.06965155443575512, 0.07502897006521905, 0.08240741350153728, 0.0732300809771633, 0.07903424008294774, 0.0793087136897162, 0.08041143685448084, 0.08006214776579455, 0.07477079137344869, 0.08093462647579903, 0.07950746527443653], [0.07498937779200474, 0.07063303404330927, 0.06953662080359173, 0.07519912783243562, 0.0827337898860004, 0.07332089235963989, 0.07927071333360752, 0.07888741455711, 0.08052817203828204, 0.08025762284483239, 0.0749180853225413, 0.08075346032953847, 0.07897168885710658], [0.07490037938012285, 0.07056120066207297, 0.06939002109809586, 0.07541769681550281, 0.0825383179530692, 0.07346108008741639, 0.07964568821797759, 0.07854944344803576, 0.0807591618818647, 0.08058482300817893, 0.07507175403869774, 0.0806277411066285, 0.07849269230233677], [0.07275772753748935, 0.07033883196770559, 0.0692278425323506, 0.07522237232920949, 0.07901220914840922, 0.07376849230975097, 0.08012723929638892, 0.08216419960886588, 0.08119389421677994, 0.08085242506497067, 0.07428299373584138, 0.08109458689347869, 0.07995718535875929], [0.07275714220459738, 0.07026619314250812, 0.06915645758516108, 0.07503903784089497, 0.07926678366519964, 0.07359522618507099, 0.07987821708541666, 0.08256547434286428, 0.08107716423659214, 0.08067239045114387, 0.07414547164358784, 0.08123556860857928, 0.0803448730083838], [0.07276645320858652, 0.07023992103785949, 0.06913297501841816, 0.07494146421108709, 0.07940703911546282, 0.0735063259162862, 0.07973106204127826, 0.08279937909677047, 0.08098774272753588, 0.08055495535857667, 0.07407509998001595, 0.08128923844520605, 0.08056834384291636], [0.07279599432075752, 0.07014442173105431, 0.0690572784114322, 0.07473581191507253, 0.0797514255272778, 0.07329625307614042, 0.07946824451179037, 0.0830977611114155, 0.08085700562929225, 0.08036663731679793, 0.07392875028370074, 0.08144738613246363, 0.0810530300328048], [0.07276027520894808, 0.07018596636819434, 0.06906855322487376, 0.07488854247100679, 0.07949391648538928, 0.07344158669530551, 0.07969661001749924, 0.08285420853254219, 0.08100027773490023, 0.0805486995086576, 0.07403325561776239, 0.08136284136415883, 0.08066526677076163], [0.07290147561067738, 0.0702023097745775, 0.06915275933323457, 0.07465012992994943, 0.07999615724927849, 0.07323079527335213, 0.07926500149388285, 0.08292205282297764, 0.08069837677166183, 0.08018707345222563, 0.07389431408678687, 0.08146953230036923, 0.08143002190102633], [0.07301273424117051, 0.0703171942346133, 0.06930266558309713, 0.0746266077442633, 0.08012848991602327, 0.07323820474177521, 0.07911354793369228, 0.08270030526119244, 0.08054390212714312, 0.0800314590514402, 0.0739086452599341, 0.0814014312476714, 0.08167481265798374], [0.07302139903896804, 0.07018292449964814, 0.06917565730793596, 0.07447613601094312, 0.08040315995152687, 0.0730572858963379, 0.0789768232270845, 0.08294878885783663, 0.08049063216235078, 0.07994820378775533, 0.07379686025739503, 0.08150511247500729, 0.08201701652721055], [0.07312506163340202, 0.07023631325875841, 0.06926440766214553, 0.07439387956492353, 0.08060042739452128, 0.07299265318272194, 0.07877411363127576, 0.08303693050677911, 0.08029660301522684, 0.07975149574886714, 0.07376451543131432, 0.08140086575297865, 0.08236273321708536], [0.0732237815764725, 0.07016601026718898, 0.06920927026635496, 0.07427433965784518, 0.08097253885738326, 0.07284300984016019, 0.07862380110269448, 0.08286121557321532, 0.08020927210586308, 0.07964556876923973, 0.07370073333576614, 0.08144467531321668, 0.08282578333459965], [0.07328685837577326, 0.07007926245767286, 0.06911952354739835, 0.07420642740456679, 0.08127878013305494, 0.07273485699341613, 0.07857816695989124, 0.08261576282805368, 0.08021809919294419, 0.07963959524124997, 0.07366565665387587, 0.0815395264114339, 0.0830374838006687], [0.07342253142983492, 0.07008365535369976, 0.06912909714596181, 0.07419323374946815, 0.08160739905237123, 0.07269306071241584, 0.07854043758890925, 0.08229372626960237, 0.08021019589349951, 0.07962721685300976, 0.0736923582563852, 0.08158457050219543, 0.08292251719264696], [0.07360904964703734, 0.07015377602459305, 0.06921076100163519, 0.07421701706581292, 0.08194680957198947, 0.07269780216492765, 0.07850101560314389, 0.08194660365092021, 0.08017719477477084, 0.07959955773339922, 0.07376141135997841, 0.0815656130898327, 0.08261338831195915], [0.07373544255291688, 0.07021536852432526, 0.06928146305055813, 0.07424072605643085, 0.08215021992251045, 0.07271356438624017, 0.07847241396670783, 0.08173369390067163, 0.08014256863577396, 0.07957224080587329, 0.07381413687400395, 0.08152138810288083, 0.08240677322110687], [0.07391761270004554, 0.07031694829489657, 0.06939748836430747, 0.07428110420705847, 0.08241465831384505, 0.07274721955886002, 0.07842784380253522, 0.08144851792941503, 0.0800793143385614, 0.07952298722758287, 0.07389499332915925, 0.0814270944064907, 0.08212421752724255], [0.07406815206384051, 0.07035279337549244, 0.06943096376876985, 0.07432117335186009, 0.08273248240378248, 0.07275833802740903, 0.07843471042540281, 0.08115181526431461, 0.08007987693745189, 0.07953551055749113, 0.07396696738242046, 0.08138992035515527, 0.08177729608660937], [0.07452096368305197, 0.07068307403790582, 0.0698045831126588, 0.07446200375229481, 0.0830289802704539, 0.0729104182002618, 0.0783142020791881, 0.08058671171698065, 0.07986379468655079, 0.079369057169513, 0.07419937068643534, 0.08103695938532211, 0.08121988121938294], [0.07474677815319325, 0.07076660216531758, 0.06987216447267029, 0.07459235559907933, 0.08294576735670693, 0.07299514034668228, 0.07840322418176057, 0.08021700835658131, 0.07991409219682197, 0.07944985143019626, 0.07436217527624434, 0.08097278002478116, 0.08076206043996445], [0.07419838905554645, 0.07031363158383842, 0.06936374804639295, 0.0743844447404804, 0.08308837128850023, 0.07275738016137304, 0.07853191436600558, 0.08077587551972307, 0.08018014441270603, 0.07965066904153144, 0.07405193482879643, 0.08141533712801063, 0.08128815982709528], [0.07497320077780027, 0.07091696684747172, 0.07002209831223229, 0.07472843984005767, 0.08264604089667786, 0.07311464910804263, 0.07845238643749224, 0.07993881363342731, 0.07990686016968176, 0.07947480852278953, 0.07452968317267594, 0.08085904565128015, 0.08043700663037083], [0.07525147743220324, 0.07107764433968505, 0.07016128882382376, 0.0749478942409651, 0.08215772151831986, 0.07328932132358151, 0.07859599842766501, 0.07953351234685194, 0.0799616633559325, 0.07958304792086496, 0.07477803653529946, 0.08072484110044734, 0.07993755263436028], [0.07527581934061156, 0.07103251593280775, 0.07008146884798276, 0.07502997843422868, 0.08218253650682986, 0.07332337366505404, 0.07872674138766148, 0.07934278734207215, 0.08006026138517087, 0.07970781978666924, 0.0748516115958624, 0.08070904087990553, 0.07967604489514378], [0.07529168459338867, 0.07093738192904565, 0.06992803553067327, 0.0751486912908287, 0.0826305536237299, 0.07336162083443606, 0.07891444479119031, 0.07898063476619832, 0.08017001906365848, 0.07987270983577645, 0.07495570622260647, 0.08060096732895117, 0.07920755018951646], [0.07540737733484587, 0.07095995749561834, 0.06991040834064022, 0.07530632086819421, 0.08305473773993138, 0.07345979970815604, 0.07905496038283928, 0.07856378980736517, 0.08015589718700064, 0.07993257127124882, 0.07511882653612773, 0.0803602385342228, 0.07871511479380948], [0.07520737042918434, 0.07078005738436066, 0.0696634123623938, 0.07539835806805707, 0.0829572197492854, 0.07348352707769565, 0.07936018290086821, 0.07845076644133273, 0.08041362356584168, 0.08023244272953009, 0.0751413935160512, 0.08041907438504609, 0.07849257139035315], [0.07280214282966602, 0.07048132771362658, 0.06941101342851001, 0.07525029334813113, 0.07896504148645546, 0.07384844148238295, 0.08000771371676083, 0.08226274290960622, 0.08101110353332869, 0.08068494995494539, 0.07431793841566504, 0.0809624318362436, 0.0799948593446781], [0.07281516579883168, 0.0703890565620438, 0.06932161656798075, 0.07498453763967682, 0.07933105802888983, 0.07359883917956947, 0.07964041058037039, 0.08286804151778314, 0.08082332328784789, 0.08041405281962392, 0.07412282714311051, 0.08112601585197218, 0.08056505502229962], [0.0728043857472123, 0.07041327262313389, 0.0693435416512945, 0.07507681171649416, 0.07920107274045052, 0.07368346628651999, 0.07977710290853415, 0.08264725853837598, 0.0809042506802316, 0.0805210294934149, 0.07418873423580638, 0.08108170313378579, 0.08035737024474572], [0.0727945909490648, 0.07027463748449066, 0.06918431692912703, 0.07487659377369922, 0.07949387482474109, 0.07346672411519739, 0.07957460681283403, 0.08303717459479827, 0.0808459075717801, 0.08040197780166565, 0.07403516769934763, 0.08125933793535127, 0.08075508950790292], [0.07285321052190911, 0.07038147548321885, 0.06932135393954719, 0.07485462518388811, 0.07952783726229731, 0.07348612456097585, 0.07942053736561043, 0.08317229529022194, 0.08066994846232549, 0.0802292288561097, 0.07403670412936447, 0.08115559567460844, 0.080891063269923], [0.07292978179134864, 0.0703684372189282, 0.06933545210997796, 0.0747376758527402, 0.0798010587659769, 0.07336982701100515, 0.0792419773826807, 0.08304989415898449, 0.08057551677766553, 0.08009981956047314, 0.0739701127628892, 0.08124818523725963, 0.08127226137007021], [0.07282190035648319, 0.07026828004427883, 0.06920131169747491, 0.07477044910882154, 0.07964586114769691, 0.07337574135206479, 0.07939058219057551, 0.08333333333333333, 0.08070559031711354, 0.08024039580736961, 0.07396375542647073, 0.08126451820592107, 0.081018281012396], [0.07306142662535105, 0.07046739896707833, 0.069472537325215, 0.07468983799407981, 0.08000865674948787, 0.07334519386811177, 0.07907154499817273, 0.08270831874409683, 0.0804334059516157, 0.0799447117006092, 0.07397161331157019, 0.08123409443439204, 0.08159125933021931], [0.07313282069934622, 0.0705104357974078, 0.06953641428540981, 0.07465354441505395, 0.08013234628074355, 0.07331879554094353, 0.07897025810158834, 0.08258118614127931, 0.08034896719459302, 0.07985338155099879, 0.0739645641817634, 0.08121817033340153, 0.08177911547747074], [0.0731460432482601, 0.07045747935803827, 0.0694906153011309, 0.07457859049526275, 0.08026543232994664, 0.07323278018733606, 0.07888991504073112, 0.08271618459938301, 0.0803058377083521, 0.0797969420517784, 0.07391145950867742, 0.08124705663017191, 0.0819616635409312], [0.07322648625379646, 0.07048676365831717, 0.06954528087833778, 0.07451229238718579, 0.0804252200341076, 0.07317456809632383, 0.07874456287263641, 0.08275548255998388, 0.08017884181345189, 0.0796636649937582, 0.07388435007647404, 0.08119526393179435, 0.08220722244383254], [0.07328441960484712, 0.07037397530057746, 0.06944267142697703, 0.07437220999183247, 0.08076173495939039, 0.07299935505882114, 0.07860292892109118, 0.08278575228054516, 0.08011105020642324, 0.07957242542438964, 0.07379346780973957, 0.08125948320617227, 0.08264052580919337], [0.07332360787178838, 0.0703313663108584, 0.06940421006533953, 0.07431829093195878, 0.0809288467291591, 0.07292820301997267, 0.07854538789542545, 0.0827031170980991, 0.0800833112258941, 0.07953612178591604, 0.0737629886635543, 0.08128465669065245, 0.0828498917113817], [0.07333391206749891, 0.07028099967229459, 0.06935141529670186, 0.0742809840653908, 0.08104062181599724, 0.0728736457705719, 0.07852445615847711, 0.08265405623928276, 0.0800864559356099, 0.079532226466177, 0.07373706168536918, 0.08132244366203681, 0.08298172116459203], [0.07341918008087653, 0.07023291304311942, 0.06930993538260825, 0.07421263603438151, 0.08132516859979148, 0.07277772080037412, 0.07843868333729623, 0.08239504154334594, 0.08003675339492076, 0.07947445916831429, 0.07370812918039833, 0.08133604610123987, 0.08333333333333334], [0.07358113567290829, 0.07028108381740107, 0.06936700923222049, 0.07422713994408636, 0.08163437947107943, 0.07277099736208195, 0.07841188830958458, 0.08212370303913338, 0.0800289136506644, 0.07946574284244355, 0.07376288752380046, 0.08136342199371858, 0.08298169714087744], [0.07372959788821595, 0.0703442900119818, 0.06944015086158288, 0.07425040302588387, 0.08187970565178158, 0.07278157827776642, 0.07838328705624388, 0.08187952235793637, 0.08000312572907314, 0.07944446052031696, 0.07382096668931146, 0.08134512304880241, 0.08269778888110309], [0.0740532136500601, 0.07055351673144629, 0.06968200380884591, 0.07432473856777629, 0.08224204664342159, 0.0728562386987507, 0.0782931157970121, 0.0814173615437202, 0.07987878653149143, 0.07934258430968218, 0.073966312636001, 0.08118135690430481, 0.0822087241774872], [0.07433726503197001, 0.07074076080952998, 0.06989476212892243, 0.07440296316668607, 0.08248825345958295, 0.0729340896878542, 0.07822636174793166, 0.08103227837299709, 0.0797712897352884, 0.07925915548003948, 0.07410381040407626, 0.08101636771725258, 0.08179264225786903], [0.0745579800434808, 0.07076702681829854, 0.06990721717492687, 0.07447230814207466, 0.08289228713291287, 0.07294781964617715, 0.07826526123276398, 0.08061529829662802, 0.07979729521045224, 0.0793056613547262, 0.0742172053166729, 0.08097236898621042, 0.08128227064467528], [0.07432590757956274, 0.07058711573762155, 0.0697043691735375, 0.07439261135843532, 0.08284375548307556, 0.07285922371273268, 0.07832046530382888, 0.08088523080029772, 0.07990211145954368, 0.07938574952884378, 0.07409250875203495, 0.08114357113666931, 0.0815573799738161], [0.0741391131606328, 0.07054564663392338, 0.06966745259224877, 0.07434086313529441, 0.08247419578403675, 0.07284467595128917, 0.07830932649081047, 0.0812345570432923, 0.07990221445875927, 0.07936980093605957, 0.07400180125520919, 0.08119485786163058, 0.08197549469681326], [0.07386374726857425, 0.07037939669886575, 0.06947798973153446, 0.07427319647795103, 0.08214525584869418, 0.07278269881306264, 0.07837487969892529, 0.08163664378730813, 0.0800004172578633, 0.07944626866322131, 0.07387469496592684, 0.08134220226027934, 0.08240260852779346], [0.07429402474823134, 0.07059275941507885, 0.06971435150581791, 0.07438289561053094, 0.082749392327579, 0.07286182331435735, 0.07830887369257544, 0.08096104296693704, 0.07989034454628521, 0.07937100858909577, 0.07407630961040201, 0.0811436784669346, 0.08165349520617464], [0.07415255454524441, 0.07038093966827283, 0.06945896143226385, 0.07434631063626254, 0.08289568095036534, 0.07277041148484209, 0.0784344453530822, 0.08099506736721665, 0.08007036233680025, 0.07953465797463766, 0.07400952125732582, 0.08135113179869184, 0.08159995519499456], [0.07470558373194257, 0.07081605815798898, 0.06994895423546546, 0.07454049576175951, 0.0829640702770047, 0.07298799437481826, 0.07830030098203446, 0.08037110973244603, 0.07981024738599658, 0.07933652150725018, 0.07431024484417313, 0.08092208796800471, 0.08098633104111554], [0.07489766774875312, 0.0709230526334662, 0.07005291417301895, 0.07464635631727283, 0.08280911379049632, 0.07307292918378831, 0.07834294202538325, 0.0801132864342267, 0.07981294997023547, 0.07936426948587202, 0.07444464053308285, 0.08084052986122536, 0.08067934784317872], [0.07512482550207923, 0.07105574510785649, 0.0701777968481102, 0.07479182670080638, 0.08251205605916663, 0.07319153703317724, 0.07841530372932194, 0.07981254081206375, 0.07982830256064333, 0.07941384959679738, 0.07461990028194432, 0.0807395596262258, 0.08031675614180736], [0.07529868673176773, 0.0711658062130128, 0.07028184231408104, 0.07491040636718667, 0.08226038400620363, 0.07329164053819213, 0.0784707187683397, 0.07958731727374162, 0.07983175711517723, 0.07944656888892997, 0.07476018294907054, 0.0806469027413096, 0.08004778609298739], [0.07542668093493247, 0.0711826140329689, 0.07025878235580119, 0.07506441320067254, 0.08213041463993476, 0.07338496871159451, 0.078634420817518, 0.07926833330342993, 0.07993042866422659, 0.07958924874509513, 0.0749186478598307, 0.08057760039006047, 0.07963344634393474], [0.07553370770090478, 0.0711618310444142, 0.07019141321905048, 0.07520361584762933, 0.08257588025655199, 0.07345345081850028, 0.07876917794845857, 0.07885876150373619, 0.07996643708011952, 0.07968591175491534, 0.0750635796148394, 0.08040412324818115, 0.0791321099626986], [0.07556378180192155, 0.07112113252549233, 0.07011211842981334, 0.07530073098161044, 0.08289369203854766, 0.07349780731098267, 0.07891048826970297, 0.07858958573550495, 0.08000402878687549, 0.0797699124774834, 0.07515401179173987, 0.08028583553131644, 0.07879687431900882], [0.07552140916133113, 0.07101661217575748, 0.06994679265685767, 0.0754233868471049, 0.08333333333333333, 0.07354484926893196, 0.07915004212319585, 0.0782686363504098, 0.08009029707962527, 0.07992186238867037, 0.0752480705262365, 0.08015278522624165, 0.0783819228623041], [0.07527158250226326, 0.07083946370626107, 0.06969654135961671, 0.07554941798675119, 0.08280908152981421, 0.07360398812621063, 0.0795298823285229, 0.07821677685309637, 0.08042390773979921, 0.08030371625662772, 0.07528253149273559, 0.08026566058431421, 0.0782074495339867], [0.07391231096329372, 0.07050594222287371, 0.06962992308554371, 0.07429749524734477, 0.08199878491776003, 0.07284735899525928, 0.07830721638779195, 0.08165280673959545, 0.07989427280335828, 0.0793510151354102, 0.07390731739862438, 0.08120760046119292, 0.08248795564195174], [0.07372147274527846, 0.0704539135706547, 0.069571147525966, 0.07427295358636092, 0.08164083717986655, 0.07285094779408241, 0.07833052495064229, 0.08197323126364225, 0.0799063760943183, 0.0793587730429202, 0.07383714457910295, 0.08120898184010111, 0.08287369582706393], [0.07355027420813615, 0.07041810798255839, 0.0695258630164618, 0.07427232902475611, 0.08130189154541372, 0.07287612422585997, 0.07837309859275089, 0.08226153378660189, 0.07992692919963887, 0.07938046810727105, 0.07379059748340852, 0.08119279868998515, 0.08312998413715764], [0.07350427499122793, 0.07045116031274448, 0.06955846936619686, 0.0743038750222748, 0.08113804585249773, 0.07292696892054197, 0.07840252244539084, 0.08237201922263028, 0.07993344434376384, 0.0793923336015385, 0.07380249221013802, 0.08116589801321303, 0.08304849569784152], [0.07343152962543635, 0.07050629036898036, 0.06960833714572534, 0.07437299379720945, 0.08087816173824806, 0.0730238117172719, 0.07847829674861226, 0.08253433640665644, 0.07996930481027892, 0.07943845682603855, 0.0738357060196345, 0.08113651960003225, 0.08278625519587546], [0.07334213268741119, 0.07059796703812593, 0.06968737571840362, 0.07450185563305252, 0.08051570718313329, 0.07318841235515364, 0.07862073339825044, 0.08262383929527732, 0.08004292786144694, 0.07953255108287573, 0.07390968154774767, 0.08108956239413145, 0.08234725380499013], [0.07330796432466531, 0.0706446318963459, 0.06972620947591264, 0.07457260617495876, 0.08035450669587307, 0.07327357470146452, 0.07869970847359932, 0.08258756104184538, 0.08008570535817187, 0.07958708940492705, 0.07395413510013092, 0.08106650454214703, 0.08213980280995806], [0.0742413389311863, 0.0702926702221568, 0.06932181425573318, 0.07444180888333028, 0.08297969969384823, 0.07278050210335864, 0.07863124702668109, 0.08062619328459086, 0.08028204643741992, 0.0797599254343297, 0.07410834722495094, 0.08146693888919959, 0.08106746761321446], [0.0747470214372965, 0.07069778846686957, 0.06976984065315389, 0.07465091411059292, 0.08278026175449388, 0.07300722988436552, 0.07854255600198949, 0.08010358951018161, 0.08005954271729646, 0.07960284840396079, 0.07440848301476666, 0.08106019695241344, 0.08056972709261927], [0.07508234427549586, 0.0709381956826646, 0.0700116813300495, 0.07486072444584815, 0.08232544708765797, 0.07319820467190213, 0.07860779256244471, 0.07969967068414294, 0.08002587334215601, 0.07962279193204491, 0.0746638640443565, 0.0808533069750665, 0.08011010296617015], [0.0732504565308588, 0.07063817700500338, 0.069702791712778, 0.07462831544738485, 0.08022269560743849, 0.07332855800377744, 0.07880221763841269, 0.0825613994181367, 0.08016650324989906, 0.07967521975591586, 0.07398000622131579, 0.08108728483624274, 0.0819563745728362], [0.0732089574212842, 0.07065602263210455, 0.06970562264794405, 0.07469946340082353, 0.08008200929889753, 0.07340270333844802, 0.07890795471207585, 0.08246838271534955, 0.0802409027874049, 0.07976085620558306, 0.07402205080443079, 0.08108862758675806, 0.08175644644889608], [0.07312143869013503, 0.07062663464382649, 0.06965207107807267, 0.07475919978226497, 0.07989705094379658, 0.07345811125658146, 0.07903172332919876, 0.08264738289404407, 0.0803274804848782, 0.07986164690766379, 0.07404251398802104, 0.08107729725607682, 0.08149744874544036], [0.07304327592813051, 0.07061619551576555, 0.0696189293385317, 0.07483061652695124, 0.0796942013694032, 0.07352910362265155, 0.07915367470932229, 0.08284247008069473, 0.08039670894893167, 0.07995157475368654, 0.07407453483617311, 0.08102997869390165, 0.08121873567585626], [0.072971352208661, 0.07059105856566521, 0.06957566361093849, 0.07489818421094385, 0.07952108138002727, 0.07358844839903375, 0.07928491676040182, 0.08296074621449794, 0.08048107869918615, 0.08005567715437535, 0.07410492428996034, 0.08099976031163539, 0.0809671081946734], [0.07293519529175896, 0.07056573147089282, 0.0695453444968125, 0.07492780980509263, 0.07944990833192783, 0.07360879558192857, 0.07935779675514647, 0.08298364403885332, 0.08053652500070098, 0.08011935591763225, 0.0741166617138308, 0.08099974075094062, 0.08085349084448233], [0.07289678801572691, 0.07054999545456356, 0.0695241390286551, 0.07498821712843766, 0.0793387838349745, 0.07365783387093952, 0.07947449855456334, 0.08291969474654892, 0.08061852364449619, 0.08021740009890624, 0.07415074220579813, 0.08098853373699823, 0.08067484967939183], [0.07287359910589294, 0.0705563760000417, 0.06952715425744958, 0.07506442748597647, 0.07922142399423394, 0.07372535872058926, 0.07959760807225492, 0.0827721366777134, 0.08069609846901994, 0.08031573127774107, 0.07420101744305908, 0.08096192947086103, 0.08048713902516663], [0.07287866407640256, 0.0706452812087025, 0.06962696387165812, 0.0752081909827425, 0.07902126923584947, 0.07387680756037755, 0.07974718325317716, 0.08248981333190339, 0.08074041777504572, 0.0804041387284924, 0.07431054129988619, 0.08084774145090115, 0.08020298722486095], [0.07287679218385287, 0.07070125410365347, 0.06968395609184423, 0.07534147735629791, 0.07884278976528312, 0.07400594393719179, 0.07991286691896038, 0.082216950396725, 0.08080608657138712, 0.08051382275098985, 0.0744097321874635, 0.08075574253617968, 0.07993258520017123], [0.07283717976156123, 0.07054572242328203, 0.06950150770246347, 0.07519128866249594, 0.07904190545338316, 0.07382632439974322, 0.07982912714609243, 0.08246991442377404, 0.08085379386409777, 0.08051017157865123, 0.07428485196832389, 0.08093196616396758, 0.08017624645216385], [0.07461220919606859, 0.07068730669533019, 0.06979483643094347, 0.07451418328236234, 0.08309525197042544, 0.07293083069444037, 0.07836874998930755, 0.08039533769908953, 0.07990792329467387, 0.07942591645902589, 0.07426489595972924, 0.08102805756700121, 0.08097450076160226], [0.07438133405859869, 0.07046257854480731, 0.06953857647952685, 0.07442364177481982, 0.08333333333333334, 0.07281292341995431, 0.07843648876398178, 0.08057484236283531, 0.0800348796387913, 0.07952804270317071, 0.0741324392633002, 0.08121385143866502, 0.08112706821821551], [0.07479009343186152, 0.07064479412792918, 0.06965875489602211, 0.07481544755056449, 0.08226883450172875, 0.07309440155405002, 0.07882461697566957, 0.07983571009461228, 0.08032082812840052, 0.07989369362873777, 0.07455039700782627, 0.081148575463809, 0.08015385263878844], [0.07452568393214089, 0.07047916194142168, 0.06951068236058645, 0.07460172142740153, 0.08275096358475387, 0.0729200859847185, 0.07867968276583755, 0.08024262328460913, 0.08026033731643102, 0.07978028074085526, 0.07431051418742822, 0.08129385580190283, 0.08064440667191307], [0.07377280444399466, 0.07011894981701762, 0.06915636042435543, 0.07425689353947529, 0.08241082180621684, 0.07267224561143268, 0.07857066769623472, 0.08150686291239859, 0.08028001596607842, 0.07970411005489844, 0.0738363303025847, 0.08167000040874947, 0.0820439370165633], [0.07407217105238412, 0.07020772744599983, 0.06923786842945676, 0.07436208667305028, 0.08291232311263677, 0.07272120436265159, 0.07860765042490976, 0.08090432435244341, 0.0802910412635571, 0.07974590951066689, 0.07399998965065266, 0.08156399618774134, 0.08137370753384963], [0.07488941885200469, 0.07067660974551455, 0.06966300608831463, 0.07494320178180339, 0.08216783079695963, 0.07318011428319618, 0.07895849073158992, 0.07956330436136302, 0.08039745020716424, 0.080009413843658, 0.07467971299595069, 0.08106221049275986, 0.07980923581972116], [0.0748905831395867, 0.07058731518550117, 0.06951242691629768, 0.07508283380842969, 0.08252429931161291, 0.07323836780624358, 0.07919143365429433, 0.07917268512444949, 0.08054606085395692, 0.08022085999934, 0.07479560081190484, 0.08093809295244095, 0.07929944043594156], [0.07557173778998659, 0.07107951420402575, 0.06995941334649299, 0.07566896040733584, 0.08286319668526572, 0.07373683172522653, 0.07945824745396779, 0.07796061390206402, 0.08017565157900673, 0.08009429322489454, 0.07546299593589711, 0.07998972296893947, 0.07797882077689701], [0.07567080314394604, 0.07114662590063285, 0.07007235139978306, 0.07555290228292826, 0.08313158494438362, 0.07366586166517251, 0.07921721217816734, 0.07807081696314157, 0.0800234787786888, 0.07989648600109453, 0.07539426394943276, 0.07999393911130688, 0.07816367368132184], [0.0728350698311387, 0.06944478458220348, 0.06822157248825747, 0.0746199369615679, 0.0803643485059073, 0.07285487679728923, 0.08000269804659914, 0.08122661892938249, 0.08198019328110652, 0.08128163363366057, 0.07385067473584561, 0.0827752378072582, 0.0805423543997833], [0.07280525509792589, 0.06952464374441433, 0.06833531271485052, 0.0745629101287087, 0.08040433829262195, 0.07286054598187605, 0.07981964173446177, 0.08162254044790285, 0.08170185633936371, 0.08103528110303183, 0.0737979294627317, 0.08265236198273491, 0.0808773829693759], [0.07284411781344309, 0.06951264453760868, 0.0683475846058945, 0.07445766410891383, 0.08064036371962614, 0.07276672775423441, 0.07962483562161254, 0.08183945723276778, 0.0815093848423583, 0.08084186779726561, 0.0737292897704193, 0.08272554352634759, 0.08116051866950826], [0.07288313035309435, 0.0695509429566961, 0.06841371404628174, 0.07438634739462116, 0.08080207830741849, 0.07272234413925716, 0.07944803712210304, 0.08208162705445055, 0.08130472946382723, 0.08064718914897114, 0.07368622710032575, 0.08262805004667459, 0.0814455828662787], [0.073003601199308, 0.06953064153156215, 0.06840944986193329, 0.07430639409799762, 0.08116213268415705, 0.07262200463552845, 0.07930042006862456, 0.08199463038724476, 0.08118888566969794, 0.0805263570654387, 0.07365971380845757, 0.08270702026382765, 0.08158874872622233], [0.07314301875051325, 0.06953772763317072, 0.06842016249220867, 0.07429942714559111, 0.08143575130836167, 0.07258477836897169, 0.07925650191298313, 0.08171918090439523, 0.08116554636295638, 0.08050553703986273, 0.07369388130408523, 0.08274545923228263, 0.08149302754461761], [0.07327850240523029, 0.06952750886555858, 0.06837924525221438, 0.07440686081014362, 0.08144741497383516, 0.07262490786721018, 0.07942975425501121, 0.08118355191075097, 0.08137261285548072, 0.08071808357044334, 0.07381512322027649, 0.0828318439574977, 0.08098459005634726], [0.07324689870812903, 0.06948790390166461, 0.06827199912881972, 0.07463125166375446, 0.08089313495457409, 0.07277707010586598, 0.07988267639520846, 0.08066624600330406, 0.08188433094965987, 0.0812220467276807, 0.0739796995249411, 0.0827588365804885, 0.08029790535590949], [0.07303470535261891, 0.06942710753257263, 0.06817451506217052, 0.07471815131225987, 0.08043621865728237, 0.07286465017527669, 0.08016124875386085, 0.08064743484996521, 0.0822326305248144, 0.08152132089158168, 0.07398514617008195, 0.08269345290743259, 0.08010341781008219], [0.07291412765118988, 0.06942272398155436, 0.06816938245220251, 0.07471719087930224, 0.08028858230170975, 0.07289358756883361, 0.08019524893313729, 0.08080772543844618, 0.08225418423633206, 0.08153186924059316, 0.07394869230605755, 0.08268084464331893, 0.08017584036732249], [0.07290879100509168, 0.06938895799441161, 0.06817007798828953, 0.07455006343318092, 0.0805958179528909, 0.07275672418105983, 0.07990436837729356, 0.08116242806899629, 0.08192431258276461, 0.0812164921583427, 0.07381955673060918, 0.08301650215411042, 0.0805859073729587], [0.07284138672840607, 0.06943947467876112, 0.06823373911066151, 0.07454667224165706, 0.08050328361166774, 0.07279697016682671, 0.07986504272052387, 0.08140412483741152, 0.08182653664869002, 0.08113359670467385, 0.07379670870766322, 0.08286887542356149, 0.08074358841949575], [0.07294327478114157, 0.06941414533676304, 0.06824200472357579, 0.07439226917862804, 0.08094063019679967, 0.07264450351772453, 0.0795746659271604, 0.08157280169020799, 0.08153780020401197, 0.0808506510355274, 0.07370868072790752, 0.08309174685169558, 0.08108682582885636], [0.07307712411940465, 0.06940395078923478, 0.06821562976348548, 0.07444485808923675, 0.08104473716576054, 0.0726436587634828, 0.07965150968548612, 0.08116827291900758, 0.08165143011971943, 0.080965888289442, 0.0737877974478727, 0.08315829311935265, 0.0807868497285144], [0.07297076037261253, 0.06936008826587414, 0.0681667176387243, 0.07442259180639095, 0.08092166346331357, 0.07263322375513902, 0.07967044275911353, 0.08129042045005994, 0.08167452632529301, 0.08097918990120322, 0.07374052744584685, 0.08333333333333334, 0.08083651448309569], [0.07307266630378705, 0.06940601142599004, 0.06819022870879166, 0.0745537960869345, 0.08081580524993177, 0.07272523478089253, 0.07985619656726878, 0.08093139562865372, 0.08188625488624125, 0.08119234887182974, 0.07387017242758334, 0.08301274539077806, 0.08048714367131746], [0.07289543101175606, 0.06944399346033607, 0.06827361873432564, 0.07441372777090764, 0.08081933601937141, 0.07268729822642758, 0.07959769105846572, 0.0816886932917468, 0.08153643586622633, 0.08085353713040097, 0.0737110133313813, 0.08295464152434041, 0.08112458257431394], [0.07306527795496977, 0.06947884486733318, 0.06833896072000184, 0.07432939146288083, 0.08125505216338169, 0.07259826981254663, 0.07937759747247541, 0.08166321165248856, 0.08131205609186203, 0.08064054030003212, 0.07369505058504483, 0.08291248289546055, 0.08133326402152265], [0.07316752386517639, 0.06947442034033763, 0.06831960292053024, 0.07438229403852933, 0.08132235995604688, 0.07260912996967732, 0.07945597723607029, 0.08132216413897238, 0.08141425693461428, 0.0807456348296968, 0.07376493107306248, 0.08296905264158203, 0.08105265205570392], [0.07330982483226253, 0.0695177724212431, 0.06832441297026975, 0.07457147130897918, 0.08111445819241413, 0.0727324136559458, 0.07972904762864151, 0.08075928916777085, 0.08170149983998587, 0.08105119049951269, 0.07395139846316748, 0.08277181063647993, 0.08046541038332723], [0.07338460302610988, 0.06956980769532435, 0.06840970571726213, 0.07449164835123825, 0.08141326009032979, 0.07268086825868539, 0.07952016209822026, 0.0809094436042293, 0.08145539811485206, 0.08081695529914318, 0.07391061240468834, 0.08271681533419271, 0.08072072000572433], [0.07296725781837451, 0.06948525110977702, 0.0683439722297052, 0.07434068536905898, 0.08105758130957076, 0.07263482342374007, 0.07941108680241181, 0.08185834776167306, 0.0813253131095441, 0.08065345855647398, 0.07367567311209994, 0.0828470788038145, 0.08139947059375638], [0.07321508914679103, 0.06954141053182691, 0.06841783256475058, 0.07432573438341607, 0.08151558329562142, 0.07258784131868512, 0.07928618073307123, 0.08151537565822861, 0.08120604368877676, 0.08054899746760172, 0.07373448791306221, 0.08276960425264186, 0.08133581904552624], [0.07335997863394217, 0.06959399481502306, 0.06846984398445534, 0.07437678661453513, 0.08164888478756652, 0.07261452583587362, 0.07930056288985941, 0.08123722396922468, 0.08121160484707735, 0.08057008074979623, 0.07381459959589598, 0.08267026589940106, 0.08113164737734925], [0.07273282109723492, 0.06953247566393007, 0.0682140581745402, 0.07507354829357156, 0.07956258307650388, 0.07325535803790197, 0.08080813733434716, 0.08068562887919146, 0.08267498824728531, 0.0820649616824638, 0.0741666488315857, 0.08182230655383547, 0.07940648412760855], [0.07279913318959116, 0.06944885535034026, 0.06812971023837376, 0.07499819088180248, 0.0798044635079249, 0.07314010673258611, 0.0807326502928749, 0.08050602379695757, 0.0827949248792017, 0.08207720751944365, 0.07413046562780218, 0.08198857529261573, 0.07944969269048557], [0.07299938916483223, 0.06942965144112567, 0.06811679117083148, 0.07495553948111272, 0.0802313282530196, 0.0730455477663276, 0.08061213988321156, 0.08013806845280994, 0.08274134783703106, 0.08201932241352529, 0.07415861860082311, 0.08211276404533982, 0.07943949149000988], [0.07328711145542885, 0.06954716794776528, 0.06822454903039034, 0.07510224312205557, 0.08061527183584288, 0.07313296252810969, 0.080667633618437, 0.07959512040776894, 0.082562780833332, 0.08205089046520683, 0.07435801041523975, 0.08178942075083381, 0.07906683758958924], [0.07351390955885326, 0.06984299146529109, 0.06844606805516211, 0.07567428493099107, 0.08039304274448265, 0.07362386727087142, 0.08132969156927601, 0.0787302829384548, 0.08230818651920281, 0.08248249268348759, 0.07486987632985949, 0.08081425500612134, 0.0779710509279465], [0.07324408876463565, 0.0699012988755378, 0.06845312091598767, 0.07594014466137047, 0.07968791594857644, 0.07391204108373858, 0.08196956486167345, 0.078719854783001, 0.08225340196029901, 0.08297165830684439, 0.07498953179916128, 0.08041013267911766, 0.07754724536005668], [0.07295167176552267, 0.06987841919904678, 0.06843829626391612, 0.07588593905918639, 0.07926070705025255, 0.0739472012425692, 0.0820454535991973, 0.07920113811253801, 0.08233474943749239, 0.08298038142748794, 0.07485295529086504, 0.08047871004467262, 0.07774437750725298], [0.07278493830683974, 0.06978761420559451, 0.06839100226709134, 0.07562350723804771, 0.07919818194625823, 0.0737644967921619, 0.08162568621708279, 0.07986456806103372, 0.08252966341138489, 0.08264393808245665, 0.07459984900913882, 0.08087439048957933, 0.07831216397333036], [0.07272315934222204, 0.06956843913083688, 0.06822327398872163, 0.075212177209701, 0.07946646406457589, 0.07337577447971262, 0.08104315218541865, 0.08045011372389184, 0.08277027157992371, 0.08227783334681897, 0.074269648020524, 0.0815456861133903, 0.07907400681426234], [0.07278069113249844, 0.0694527695961313, 0.06811351072423012, 0.07508028502811381, 0.07974145700286714, 0.07320580914234393, 0.08088964191410292, 0.08035559872120793, 0.08293723347238378, 0.08224045285099378, 0.07418831155155542, 0.08179352899162146, 0.07922070987195005], [0.07291848580532143, 0.06941350355026729, 0.06806766406682566, 0.07506880572236388, 0.08005268342603504, 0.07313959830413107, 0.08086104685000674, 0.08000771283218878, 0.08303294243351567, 0.08228802704862391, 0.07422275682968499, 0.08181306741655968, 0.07911370571447582], [0.07302567685498144, 0.06944145724882815, 0.06809759177986927, 0.07508730262551368, 0.08022361901779236, 0.07313802001136688, 0.0808334512408129, 0.07983545221502414, 0.08292812548202882, 0.08226529696914164, 0.07426924877582376, 0.08179318925221075, 0.07906156852660617], [0.07308071533657062, 0.06949558203749409, 0.06812346478354984, 0.0752491700524241, 0.08019582251091772, 0.073264983909763, 0.08106411502302498, 0.07952240883757927, 0.08294446188524113, 0.08250262750581146, 0.07441131547717497, 0.08146363308312846, 0.07868169955732039], [0.07280049651403675, 0.06950689665274942, 0.06811856177774882, 0.07532445004697823, 0.07962572083091365, 0.0734013167399467, 0.08130734929639942, 0.07986882171305174, 0.0830614222426097, 0.08268907743465026, 0.0743822545995941, 0.08129573489685417, 0.07861789725446698], [0.07288291678921134, 0.06963758177559197, 0.06821637295055873, 0.07557974051413038, 0.07952066174301334, 0.07362562991241563, 0.08166844483767967, 0