[[0.07175442578149162, 0.07510273707598303, 0.07213072584414856, 0.07291756883167823, 0.080861698308767, 0.07126438263896369, 0.08079687894714639, 0.08247227382141148, 0.08098760128511624, 0.07566175523220794, 0.07304856860445544, 0.08138996400601123, 0.08161141962261909], [0.0717299604681499, 0.07498770630844305, 0.0721662359093235, 0.0729103337777106, 0.08113196147520986, 0.07128062467689227, 0.08058777764150124, 0.08275099525322883, 0.08083037825064636, 0.0755608498811354, 0.07307712418765769, 0.08126764663749461, 0.08171840553260667], [0.0717285212825333, 0.07487030808211684, 0.07223199809574622, 0.07292384674825617, 0.08147379152870997, 0.07132765439199125, 0.08033674500484198, 0.08301824022395003, 0.08062737364290654, 0.0754565770157956, 0.07313112131803079, 0.08109159193839091, 0.08178223072673042], [0.07174209682204563, 0.07478887756262514, 0.07231120945227722, 0.07295914160348278, 0.08178616543194869, 0.0713854009765856, 0.08015877213611851, 0.08296085188767194, 0.08049308808568861, 0.07539439845713113, 0.0732036294751636, 0.08097670912229515, 0.08183965898696592], [0.07180441585308397, 0.07478018334440123, 0.072442103878056, 0.07303624150902852, 0.08215539221636071, 0.07149891681333899, 0.0799464994360515, 0.08271245323102677, 0.0803177248545915, 0.07534643485757284, 0.073320553760776, 0.08081162865422313, 0.08182745159148885], [0.07175508133006062, 0.07473694144601412, 0.07245980304762531, 0.07302154324253221, 0.08240201367423887, 0.07148725357448567, 0.07980475328201198, 0.08294233902493961, 0.08021450719253102, 0.07526757500035443, 0.0733414550891931, 0.08072202955036537, 0.08184470454564752], [0.07162135056725229, 0.07466668650951291, 0.07245101692689904, 0.07296992565085376, 0.08270850457794293, 0.07141376712149206, 0.07963318742817407, 0.08333333333333331, 0.08011815907454396, 0.07514338643877862, 0.07335273666951247, 0.0806518988755653, 0.08193604682613911], [0.0716304785882161, 0.07469424110206832, 0.07257492740560573, 0.07304225945578494, 0.08304635626135146, 0.07148684676895593, 0.07947395091761704, 0.08293917367620346, 0.08001808182780686, 0.07510934034376489, 0.07348377805650216, 0.08056111367392046, 0.08193945192220259], [0.07157086210121648, 0.07471827864350694, 0.0726364862577547, 0.07307095122233512, 0.08333333333333333, 0.07148215087382237, 0.07939929163525918, 0.08254635408311385, 0.08000892219497638, 0.07508291673230295, 0.07357077067256172, 0.08056486460765887, 0.08201481764215811], [0.07168672363451462, 0.07488540136055433, 0.07290415792382786, 0.07328143742652256, 0.08277605922731326, 0.07167841613392903, 0.07932294253279032, 0.08199317666461663, 0.07997726543565226, 0.07516918836850466, 0.07385542066353844, 0.08052466585632223, 0.08194514477191399], [0.07174314816980087, 0.07503392117522636, 0.07311972009823843, 0.07345040304153835, 0.08268688846616717, 0.07181110356273307, 0.07924384394015166, 0.08140428546161872, 0.07993918265259592, 0.0752401090923119, 0.07410027477765554, 0.08046601473593104, 0.0817611048260311], [0.07180672755792702, 0.07512582996449922, 0.0733111736088278, 0.07360115681359837, 0.08310605083690562, 0.0719438794619216, 0.07907467047913497, 0.08095975572991877, 0.07978202177291663, 0.07526015235363279, 0.07430324237138548, 0.0802790230417754, 0.08144631600755634], [0.07180856094922676, 0.07526335720674514, 0.07342605400339107, 0.0737209525283191, 0.08299862006338869, 0.0719867983772876, 0.07908161928341607, 0.08047429808105613, 0.07981575041006464, 0.07535160152145524, 0.07445944310530361, 0.08035454870091395, 0.08125839576943195], [0.07185700789266339, 0.07540507215226418, 0.07354114069569848, 0.07384262322679055, 0.0826081487199922, 0.0720579835772395, 0.07911265058054846, 0.08012277808018936, 0.07985770695271606, 0.07546378437243895, 0.07460264207066199, 0.08043322396649519, 0.08109523771230155], [0.07187021448403112, 0.07557070656500248, 0.07360196333566615, 0.07392704911762434, 0.08211235660175929, 0.07207327058284779, 0.0792272276556524, 0.07970839845253057, 0.07998470176185248, 0.07561764573018466, 0.07470690947647823, 0.08060330014769111, 0.08099625608867929], [0.07173905646463316, 0.07561215014004244, 0.07348192945144678, 0.07384140474662639, 0.0824260920299114, 0.07191888866193942, 0.07935546659431554, 0.07938990211405583, 0.08012813720715013, 0.07567762065760729, 0.07463378522392945, 0.08078233029281481, 0.08101323641552721], [0.07161807600271652, 0.07570046137793225, 0.073359685307425, 0.07379222411276157, 0.08274028391374201, 0.07176312789201832, 0.07951519047470312, 0.07893557106686452, 0.08029093777693004, 0.07579271669869934, 0.0745663784719094, 0.08097925403399095, 0.08094609287030696], [0.07152546377160965, 0.07579831215265977, 0.07317559340935345, 0.0737205936903157, 0.0825420539018573, 0.07158964205566787, 0.07983168436221791, 0.07857192397868083, 0.0805977388511591, 0.07596820313756662, 0.07442532565385973, 0.08130180040028037, 0.08095166463477181], [0.07192205857371883, 0.07532016756741637, 0.07218665378596224, 0.07300463633696223, 0.08051020815148816, 0.07137376021384953, 0.08093433004065236, 0.0822337461301652, 0.08100000317012364, 0.07581502186131259, 0.07307300164028613, 0.08132115985369906, 0.0813052526743637], [0.07186388405720416, 0.07515702727472137, 0.07219861056897837, 0.07297506973911272, 0.08084501198645097, 0.07136711211104255, 0.08068874031859877, 0.0826129137830779, 0.0808367873551827, 0.07567526814040133, 0.07309061041170785, 0.08121655363009432, 0.08147241062342701], [0.07183880108564158, 0.07506850865963825, 0.07221817658090095, 0.07296417902833136, 0.08105434424257547, 0.07137162960767453, 0.08054150922223366, 0.0828328513800424, 0.0807291250687116, 0.07559851995715419, 0.07310601320289677, 0.08113478205754021, 0.08154155990665912], [0.0717591337896425, 0.07487212796169394, 0.07225622866336422, 0.07293964428783178, 0.08152620291715536, 0.07136101414896168, 0.08027768808809362, 0.08311304292378456, 0.08055908993923241, 0.07544709517702662, 0.07314599423141675, 0.08101764755485308, 0.08172509031694339], [0.0717966133994613, 0.07501436501313026, 0.07220878285927802, 0.07294413234897952, 0.08114336502783195, 0.07134488234040623, 0.080508283217447, 0.08288454975073317, 0.08072504016628355, 0.07556192171931525, 0.07310253209405773, 0.08114802159797477, 0.08161751046510139], [0.07180027035437504, 0.07479169283901736, 0.07237165621052197, 0.07300116851419926, 0.08190005035882147, 0.07145485083456506, 0.08006502165281977, 0.08294906760535442, 0.08039373417124522, 0.07538602903590344, 0.0732501576122607, 0.08087145275336641, 0.08176484805755002], [0.07187251314988304, 0.07479157821935321, 0.07248239528279182, 0.07307199135063255, 0.08215458820609221, 0.07156162104109108, 0.07989949281116496, 0.08278731125990745, 0.0802449707684791, 0.07535930436043134, 0.07334499150199247, 0.0807242773309059, 0.0817049647172749], [0.07176683175729144, 0.07473398933095461, 0.07248001163232057, 0.07303256290821401, 0.08246434454181308, 0.07150674971520725, 0.0797612375666136, 0.08297430980532104, 0.0801728636616207, 0.07525629385315144, 0.07335785543534035, 0.08067929285551219, 0.0818136569366396], [0.07175096829022021, 0.07468836841882803, 0.07254218098811575, 0.0730449679587125, 0.08282198809553155, 0.07154187737366113, 0.07953191263115517, 0.08333333333333334, 0.07997638742053838, 0.07516032360986259, 0.07341357977724916, 0.08048726921422354, 0.08170684288856878], [0.07174743986792771, 0.07471792468546266, 0.07266591028044736, 0.0731156016490502, 0.08312594658012941, 0.07160689289363345, 0.07938479927470288, 0.0828934431676619, 0.07989730210957495, 0.07512519495208385, 0.07354846149359641, 0.08042252605809747, 0.08174855698763174], [0.07168446971558118, 0.07472558668939099, 0.0726997357049442, 0.07312420070691768, 0.08333333333333333, 0.07158691137135492, 0.07932633191269998, 0.08266546008916159, 0.07989541493433364, 0.07509437735572275, 0.07360359367075466, 0.0804338530503674, 0.08182673146543763], [0.07171502335252963, 0.07479958272292433, 0.07282287653659608, 0.0732160086092727, 0.08309028156490214, 0.071663905027484, 0.07928544654025561, 0.0823679552083677, 0.07989183711471502, 0.07512354599377032, 0.0737403352500757, 0.08043319089407708, 0.0818500111850298], [0.07177706517770845, 0.0748928823602404, 0.07297735412313262, 0.07333559175475084, 0.08281655540387241, 0.07177471913244106, 0.0792344246427767, 0.08204581384109497, 0.07986668159469475, 0.0751682214733914, 0.07390518368078171, 0.08040299300393111, 0.08180251381118353], [0.07183075177466508, 0.07495869930101891, 0.07308578357608372, 0.07342144860600291, 0.08262345330656322, 0.0718585587308352, 0.07919737533265839, 0.0818482588417941, 0.07984160734883707, 0.07520325296843652, 0.07401805567038862, 0.08037108873989722, 0.08174166580281919], [0.07189983282371251, 0.07504178723855894, 0.07322896768177702, 0.07353335357796617, 0.08247913481128065, 0.07196874384908374, 0.07913331648863392, 0.08158080224430257, 0.079790413429128, 0.07524409735398596, 0.07416674131411977, 0.08030769515105879, 0.0816251140363922], [0.07186102905715104, 0.07507939437244411, 0.07327478882924211, 0.07356342123717026, 0.08277092925772205, 0.07196457883149472, 0.07909727620131303, 0.08129140480714649, 0.0797785231424269, 0.07524766417028884, 0.07423611881188386, 0.08028805696464222, 0.08154681431707417], [0.07198482262162104, 0.07521961648292565, 0.07355773896602791, 0.07381633201802838, 0.0830443914535745, 0.0721821205431848, 0.0788798584971433, 0.08072578930106077, 0.07956979175494261, 0.0752940911604373, 0.07452811539056688, 0.08005293831665773, 0.08114439349382893], [0.07196417530728678, 0.07532643515537228, 0.07363318536806261, 0.07389847024374628, 0.08296170096919347, 0.07219918982564154, 0.0788960767800741, 0.0803451267094715, 0.07960950913875377, 0.07536465955870922, 0.07464253346236958, 0.08014000339693621, 0.08101893408438268], [0.07175197595245958, 0.07512636420849345, 0.0732602216576562, 0.0735607781143557, 0.083102173067897, 0.07188098353053833, 0.0791386082038346, 0.08091996914281477, 0.07985815963535949, 0.07526924699602941, 0.07426780027663515, 0.0803578030287926, 0.08150591618513384], [0.0720198997251455, 0.07544447038088689, 0.07375589660638697, 0.07402105363104217, 0.08266901707277283, 0.07228931506142862, 0.0788844507427913, 0.08005229237729716, 0.07960379895071466, 0.0754490299346432, 0.07478513085156371, 0.08016091740772018, 0.0808647272576068], [0.07206809821899483, 0.07562947199133777, 0.07388068167938316, 0.0741603430346652, 0.08218445669629504, 0.07235815652112904, 0.07893999838162062, 0.07961992598190562, 0.07966833504258286, 0.07560201942665651, 0.07495113219283102, 0.08026549936663985, 0.08067188146595852], [0.07199555636385818, 0.07567928812163584, 0.07382285083650734, 0.07412574780717157, 0.08220341638039907, 0.07226223030910899, 0.07903386555315732, 0.07941519117031597, 0.07977360052461918, 0.07565973455968263, 0.07492761403291072, 0.08039570363218806, 0.08070520070844515], [0.0718503558761203, 0.07574225076957543, 0.07369977880134308, 0.07404278517738606, 0.08263764648333251, 0.07208897419390876, 0.07915624334052096, 0.07902456471950701, 0.07990763645114432, 0.07573711547231406, 0.07486192410581385, 0.08056630432866346, 0.0806844202803702], [0.07179076104257098, 0.07585517697027751, 0.07367636945646563, 0.07405003386843079, 0.08305487150590145, 0.07202234118466813, 0.0791924993804281, 0.07856607987451489, 0.0799342041263512, 0.0758442962098496, 0.07488611387244945, 0.08061274836031078, 0.08051450414778158], [0.07165341277492984, 0.07586410452627836, 0.07344215192844565, 0.07389994988142308, 0.08295726966117775, 0.07180677976440482, 0.07948514189747499, 0.07845141437898662, 0.08023285423106753, 0.07593295862696807, 0.074684052058719, 0.08092608958383811, 0.08066382068628598], [0.07203560034775786, 0.07537125404170039, 0.07226676844316932, 0.0730681903774967, 0.08050663394059997, 0.07148373670851005, 0.08080782498495157, 0.08232634302052277, 0.08084228134226402, 0.07582709239836596, 0.07312393105233543, 0.08114905925344418, 0.08119128408888171], [0.0719477081487139, 0.07512432914693773, 0.07228735417099243, 0.07302399233760841, 0.08107292174774652, 0.0714741475619276, 0.08044339014303997, 0.08289672140910369, 0.08059399290253379, 0.07561669491078486, 0.07315063964651067, 0.08097803655146481, 0.08139007132263562], [0.07197383986955667, 0.07521075875193638, 0.0722698457557831, 0.07303557398645526, 0.08086344863298044, 0.0714716103041943, 0.08058035614233847, 0.08268911424957039, 0.08069260113280424, 0.07569080480174516, 0.07313678787596131, 0.08105244295131173, 0.08133281554536247], [0.07185675341898032, 0.07501369114217808, 0.0722598010910188, 0.07297664261088324, 0.08125096642938062, 0.07141247723291602, 0.08038172007718626, 0.08305578570679366, 0.08058618910121426, 0.0755402969235634, 0.07313520793189857, 0.08100222157979323, 0.08152824675419346], [0.07192936293146336, 0.07500223030474251, 0.07233579789841217, 0.0730245314099759, 0.08140370832151697, 0.07150193769033204, 0.08022020097035708, 0.08318233609626151, 0.08042277139040882, 0.07551139692311196, 0.0731903693687724, 0.08083601189914957, 0.08143934479549564], [0.07191647296994913, 0.07488632984127062, 0.07241539207614238, 0.07305239065497571, 0.08177777421533886, 0.07154574339105976, 0.08003655980191253, 0.08306793206406968, 0.0803055985063811, 0.07543057014875444, 0.07326839496523908, 0.08075102262786356, 0.08154581873704307], [0.0718434301900756, 0.07491640292019151, 0.07229832394882152, 0.07297671343754882, 0.08151972769870494, 0.07143560743445787, 0.08019547458829501, 0.08333333333333333, 0.08043698814765225, 0.07545480107932076, 0.07316597464925538, 0.0808726141075663, 0.08155060846477671], [0.07196014198003244, 0.07481683736394584, 0.07252626398288818, 0.07311372298432921, 0.0820958674058797, 0.0716378677027299, 0.07984490350927767, 0.08295554033030653, 0.08015328961018488, 0.07537856148647801, 0.0733680099958204, 0.08061190354053467, 0.08153709010759275], [0.07199231471737169, 0.07481222283444895, 0.0726015746275875, 0.07315887200732948, 0.08228574059654553, 0.07170039852894951, 0.0797370370949076, 0.08279140005164819, 0.08006887645401999, 0.07535501209832078, 0.07343717836058819, 0.08053377311486819, 0.08152559951341457], [0.07194213211340726, 0.07477950014615115, 0.07260429514684388, 0.07314019761389956, 0.08246390361040618, 0.07167762172906761, 0.0796533470521962, 0.08292902750294387, 0.0800166507549518, 0.07529754976928206, 0.07344568369493976, 0.08049392977302186, 0.08155616109288877], [0.07193896377910172, 0.07475832456283481, 0.0726664893098213, 0.07316310909454848, 0.08271199370791273, 0.07171620208445208, 0.07949256947879021, 0.08305118111752176, 0.07988694625058544, 0.07523559156448117, 0.07350406700920321, 0.08037077709643488, 0.08150378494431228], [0.071852959874237, 0.07472748620370144, 0.07270693858489312, 0.07315752239320382, 0.08313197274291789, 0.07169339818104513, 0.07934411130995742, 0.08299054450743751, 0.07980811419576793, 0.07514791539624677, 0.07356183240284996, 0.0803129844120996, 0.08156421979564252], [0.07182811804204926, 0.0747287521604843, 0.07274140850916758, 0.07317069761059265, 0.08333333333333334, 0.07169824951661996, 0.079283557215882, 0.08283362463080442, 0.07977897021630499, 0.07512207316972001, 0.07360448562667408, 0.08029116447759346, 0.08158556549077398], [0.07183164637984084, 0.07475228671855935, 0.07277937332637102, 0.07319811705662445, 0.08320462598764156, 0.0717183065805112, 0.07927452132563886, 0.08274056031089504, 0.07979001422100179, 0.07513038119575238, 0.07364846540257255, 0.08030665633086388, 0.08162504516372708], [0.07185422780741206, 0.07480559239064942, 0.07289402430803302, 0.07327710652595637, 0.08313946331649329, 0.07178930584123176, 0.07919648896889658, 0.08246386766686058, 0.07975751754391047, 0.07513756067228303, 0.07377305642692006, 0.08027856603832045, 0.08163322249303295], [0.07187914780546993, 0.07487048799659672, 0.07300811805263684, 0.07336035452599483, 0.08295282712458668, 0.07185913753713247, 0.07915311141961419, 0.08221080610034713, 0.07974424030806834, 0.07515936910967637, 0.07389976327294001, 0.08026685831133924, 0.0816357784355973], [0.07193026208372783, 0.07494274477291128, 0.07312925416521084, 0.07345421159433747, 0.08271150406314771, 0.07194764425119204, 0.0791141306312642, 0.08198384618394232, 0.07972352162081081, 0.0751945148996045, 0.07402800860013856, 0.08024209764808457, 0.08159825948562792], [0.07208276382206358, 0.0750923806954564, 0.07340149708547564, 0.07366840119544701, 0.08231825670206708, 0.07217168690328561, 0.07899460854539224, 0.08155116352609505, 0.07962127846030577, 0.07527080740993744, 0.07430166167347198, 0.08012003497408277, 0.08140545900691944], [0.0721351788704298, 0.07516861625433718, 0.07356471150442524, 0.07381270382044146, 0.08253966257519331, 0.07228420563747205, 0.07886545972920826, 0.08117225946136064, 0.07950700173313696, 0.07528657641905613, 0.07447411376315669, 0.07998798110000915, 0.08120152913177331], [0.07205596967203516, 0.07523270530194065, 0.07361878432346945, 0.07386770505681342, 0.08291479112393708, 0.07226281844828554, 0.07883359716562768, 0.08075398362258981, 0.07951116974357222, 0.07530111126476746, 0.07457241225552852, 0.0799819788243363, 0.0810929731970967], [0.07198037938547559, 0.07515589174166863, 0.0734676777454496, 0.07373209546621838, 0.08287202912657038, 0.0721351889512703, 0.07893827905456452, 0.08102661133502036, 0.0796137267077445, 0.07527037324575622, 0.07441888268391016, 0.08010026818571105, 0.08128859637064016], [0.07203070924656318, 0.07510767691618236, 0.07341150771549285, 0.0736786229193873, 0.08253057668869325, 0.07214261076167959, 0.07898254391101557, 0.08137228924461556, 0.07962990776339648, 0.07526456219103049, 0.07433215342711669, 0.0801273816468199, 0.0813894575680069], [0.0719586463896451, 0.07501153479452535, 0.07322868633778214, 0.0735323784113784, 0.08250287830371858, 0.07201015850039372, 0.07909400886631994, 0.08175776447568005, 0.07972375251387219, 0.07522959771672592, 0.07414013954300604, 0.08023834239289611, 0.08157211175405661], [0.07200224537351799, 0.07514745439575027, 0.0734663361739666, 0.07372951843423398, 0.08278409003036821, 0.0721494204263426, 0.07893862071787075, 0.081102004168928, 0.07960644943838555, 0.07526942416524006, 0.07440835477883018, 0.08009492651683084, 0.08130115537973519], [0.07184761108670633, 0.07510270933832745, 0.07330498452118331, 0.07359183330889583, 0.08292221902019548, 0.07196954035216084, 0.07907324778931428, 0.08113685356079209, 0.0797649994873411, 0.07525242711854396, 0.07427779049432152, 0.08026822016993368, 0.08148756375228403], [0.07203419034379481, 0.07528965723872272, 0.07366751356724285, 0.07391798037843832, 0.08298057384698028, 0.07227285149401748, 0.07882159809825011, 0.08050350116354833, 0.07951515205942837, 0.07533030847892137, 0.0746455786367018, 0.08001688528744112, 0.08100420940651254], [0.0720575020606596, 0.07538069025677416, 0.07375926898572534, 0.07400997207140965, 0.08282885960614032, 0.07232980864795929, 0.07880988594570687, 0.08023457617495379, 0.07951377250246516, 0.07539018948692151, 0.07475875416532068, 0.08004356362091057, 0.0808831564750532], [0.0720964095731958, 0.07550626012033876, 0.07387034123879263, 0.07412504696431627, 0.08253622026945628, 0.07239982781793623, 0.07881644748577299, 0.07991613210034887, 0.0795291714645949, 0.0754828831974553, 0.07489692567727288, 0.08008969450211387, 0.0807346395884053], [0.07213714473910576, 0.07561000669148747, 0.07396064973227273, 0.07421924024935536, 0.0822853040242013, 0.07246103444243313, 0.07882137401122016, 0.07967432118461067, 0.07953684178202769, 0.07556264103191308, 0.07500695636202405, 0.080117167062032, 0.08060731868731649], [0.07208869895706096, 0.07572601098547446, 0.07395705527831842, 0.07424222870602912, 0.08214849580052881, 0.07240039526742016, 0.07891818571921305, 0.07932943462204682, 0.07964552635977448, 0.07567171112163842, 0.07505105184014448, 0.08026125705604355, 0.08055994828630719], [0.07198801782874595, 0.0758221660175715, 0.07390931986131165, 0.07422642507303133, 0.08257968960117118, 0.07228504032847767, 0.07897185753694111, 0.07888126479356988, 0.07970425518263324, 0.07575927951718606, 0.07505972314034474, 0.08035332564083482, 0.0804596354781809], [0.07191092909011804, 0.0758861109563345, 0.07384623293404997, 0.07419129483571524, 0.08289342313684667, 0.07218582571750133, 0.0790366029020658, 0.07858668427512523, 0.07976773295080827, 0.07582991428491714, 0.07503521538253262, 0.08043418993058474, 0.08039584360340038], [0.07178720091912705, 0.07595303353558422, 0.0737026542750264, 0.0740932501732794, 0.08333333333333334, 0.07202043320502054, 0.07917638122339123, 0.07823794336180707, 0.07990118825176226, 0.07592937377758455, 0.07494048627725781, 0.08058310918209782, 0.08034161248472846], [0.07167570659133066, 0.07597389007476767, 0.07344546020743452, 0.07394532141543553, 0.08280664998357719, 0.07180653193534209, 0.07956365996796387, 0.07819304561636498, 0.0802896645090646, 0.07605744842068538, 0.07470785494391241, 0.08097854580555013, 0.08055622052857106], [0.07204169783054988, 0.07501780256734676, 0.07329113377707311, 0.07357958247396904, 0.08255513871471072, 0.07209621711240334, 0.0790200669572115, 0.08177047810163281, 0.07962985916451508, 0.07523066391769594, 0.07418049401367667, 0.08013507764286457, 0.08145178772635057], [0.07198677299741638, 0.07491522571789089, 0.07313442649427085, 0.07345686963738575, 0.08295074273165394, 0.07199037583041229, 0.07905303101495607, 0.0820675908830757, 0.07963451558076066, 0.07517806131993338, 0.07400862872102693, 0.08014412764848042, 0.0814796314227367], [0.07193290277116766, 0.0748233462176342, 0.07297933496825873, 0.07333908236918621, 0.08333333333333334, 0.07188395666643999, 0.07909728005138973, 0.08234590392284072, 0.07964708724788312, 0.0751369855761804, 0.07384137435824413, 0.08015668976337247, 0.08148272275406941], [0.07196614971219586, 0.07482068195816122, 0.07295797834461087, 0.0733332546511538, 0.08314557323494497, 0.07189231620373321, 0.07913771935022376, 0.08249126934766339, 0.07965943329673855, 0.07515663588275, 0.07380905995587812, 0.08016387047282486, 0.08146605758912144], [0.07196719491493171, 0.07478574544456536, 0.07287005223678403, 0.07327796280453784, 0.0831368910504398, 0.07184794164288522, 0.07920919525984452, 0.08272137126528172, 0.07968615957194018, 0.07516386386632283, 0.07370985510710733, 0.0801832471781284, 0.08144051965723081], [0.0720158154793056, 0.07478373153778435, 0.07278341039185744, 0.07324296815982392, 0.08284023960941474, 0.0718270165429817, 0.07935461993110786, 0.08291981049752936, 0.07976134188658274, 0.07522525131568791, 0.07360722235637387, 0.08024099617023896, 0.08139757612131159], [0.07205795984640088, 0.07480343524391057, 0.0727616059209997, 0.07324633942587286, 0.08264588111318205, 0.0718361178794248, 0.07943881412859839, 0.08288986053847507, 0.07981111014665279, 0.07527472725279959, 0.07357824364820867, 0.08027990948415745, 0.08137599537131694], [0.07170790338499118, 0.07516409733486015, 0.07324009837222577, 0.07355269643025264, 0.08299849616878345, 0.07183594599919177, 0.07921266845680852, 0.08077008426211889, 0.07994986062291842, 0.07530706437712435, 0.07427103549450428, 0.08046763832573242, 0.08152241077048811], [0.0718950326557309, 0.0753640131900177, 0.07357480347348877, 0.07386033184817016, 0.08280176244297682, 0.07210740643310776, 0.0790155162543196, 0.08022914598149232, 0.07974787121371191, 0.07541343429588367, 0.07461431394427359, 0.08030390967006774, 0.08107245859675898], [0.07199734465504984, 0.07554773138543436, 0.07376637741769528, 0.07405194205753889, 0.08235346523031596, 0.07225646545759697, 0.07899180013458161, 0.07980068255816432, 0.07972594095185322, 0.07554892270988584, 0.07483191266568046, 0.08031557780689759, 0.0808118369693055], [0.07206687367724116, 0.07481754639671612, 0.07271555669095585, 0.07323001828295331, 0.08247021079675612, 0.07181175350353666, 0.07955088823572547, 0.08283361764522297, 0.07989559511629707, 0.07532062751823958, 0.07353279797365697, 0.08035728226923054, 0.08139723189346806], [0.07208737444617, 0.07483816504019797, 0.07267851240305573, 0.07322244451223373, 0.08227310421322219, 0.07179849847087465, 0.07966155557775695, 0.08277556931094852, 0.07997473992422795, 0.07537313501765355, 0.07349486338271871, 0.08042604618263519, 0.0813959915183049], [0.07205507697192813, 0.07487496822915185, 0.07257955190163726, 0.07316393283679602, 0.08201535712732681, 0.07172279116588264, 0.07978960957830365, 0.08305007162331335, 0.08006405296092303, 0.07540345850905401, 0.07340045514292301, 0.08050272753692625, 0.08137794641583398], [0.07203544285544224, 0.07493951228366916, 0.0724886553778084, 0.07311381432755287, 0.081737895914711, 0.0716583397693648, 0.0799138259248921, 0.08333333333333333, 0.08014231257133077, 0.07544082224686022, 0.07331218075893257, 0.08056234032477637, 0.08132152431132608], [0.0720721759921022, 0.07504599406225435, 0.07246333269593463, 0.07312415464015729, 0.08149452776329173, 0.07165689065727918, 0.08006647774063014, 0.08306523214578007, 0.08025297669871563, 0.07552517692030927, 0.07328840357495446, 0.08065277106377046, 0.0812918860448205], [0.07206777703438094, 0.07508308480145866, 0.07243494353323722, 0.07311406037785732, 0.08138154402837942, 0.0716350559074249, 0.08014607293601429, 0.08300499725064332, 0.08031561225584191, 0.07555658050305385, 0.07326427339125971, 0.08070730758285455, 0.08128869039759405], [0.072062456260186, 0.07514116510072813, 0.07239171911212425, 0.07309905699966729, 0.08120080392934129, 0.07160262362754256, 0.08026615760567313, 0.08294485057934692, 0.08040689860789299, 0.07560517940912541, 0.07322714200569613, 0.08078362743508238, 0.08126831932759339], [0.07207475945355436, 0.07521381721314055, 0.07236330084506294, 0.07309876749421274, 0.08101097063230796, 0.07158731558939108, 0.08039070580332328, 0.08280602911487918, 0.0804979737894101, 0.0756664765337043, 0.07320323456039861, 0.08085536940557135, 0.08123127956504379], [0.07215188098039196, 0.07535446974375525, 0.07237530468350324, 0.07313820027951938, 0.08072858790009486, 0.07162266408748585, 0.0805354912600007, 0.08253968381116326, 0.0805773181890164, 0.07577630642315732, 0.07320227927876584, 0.08089371578973768, 0.08110409757340824], [0.07220383954876138, 0.07548050611246439, 0.07237735371012766, 0.07316539371359884, 0.0804559549426321, 0.07163591149627802, 0.08069702094685378, 0.08228169545718134, 0.08067734135838252, 0.07588132927382923, 0.07319383988351733, 0.08095265522540777, 0.08099715833096571], [0.0720785485025565, 0.07532837883090576, 0.07231830086267978, 0.07309379735560444, 0.08069222840492393, 0.07154783399445223, 0.08062466921293186, 0.08252142211155648, 0.08067858870805335, 0.07577183059064577, 0.07316289366169618, 0.08100171203384321, 0.0811797957301503], [0.07194333198061037, 0.0752600877899616, 0.07356761344844005, 0.07383243385498267, 0.08310618518007575, 0.07215656796177375, 0.07889899707302497, 0.08053025679493321, 0.0796053534689456, 0.07531885011564639, 0.07456269359018863, 0.08011619366970678, 0.08110143507171046], [0.0718154719644753, 0.07517199023048309, 0.0733871780303955, 0.07367074269717847, 0.08333333333333333, 0.07198465074462927, 0.07900768942978711, 0.0807164536525197, 0.0797233930304056, 0.07527267262311757, 0.07439177591291989, 0.08022795474624501, 0.08129669360451017], [0.07181957615204966, 0.07547333148882276, 0.07350498626301093, 0.07382896679979542, 0.08230442468022954, 0.07200327312526213, 0.0792490259837717, 0.07995264872497876, 0.08000869365262732, 0.07554577950182599, 0.07459534760431248, 0.08061052551553735, 0.08110342050777597], [0.07176808012695655, 0.07530066128699306, 0.07338768040916821, 0.07369862702571799, 0.08277630650230781, 0.07193379202830325, 0.07918645707779635, 0.08037712135931, 0.07993489852300423, 0.075400013867915, 0.07444255563968113, 0.08049335489582592, 0.08130045125702043], [0.07175538812362547, 0.07499860232075489, 0.07306781870558016, 0.07341394131135391, 0.08247637438255898, 0.07179492803257642, 0.07928329791027154, 0.08163664973693747, 0.07996199836201358, 0.07523326248720977, 0.0740334838392922, 0.08049698108134302, 0.08184727370648259], [0.07170038097895191, 0.07509419635316361, 0.07316580264142185, 0.07348799898349381, 0.08293725882425719, 0.07180085258697683, 0.07923518291186815, 0.08104819037871394, 0.0799583864566048, 0.07526710219705042, 0.0741774478126996, 0.08047123099289795, 0.08165596888189995], [0.07178610170384896, 0.07555716337384424, 0.07349818578627865, 0.07384203105431732, 0.08219856342485013, 0.0719654365743514, 0.07932807607101537, 0.07966271461051821, 0.08009706082650539, 0.0756282994382406, 0.07462131954101349, 0.08072883380701172, 0.0810862137882046], [0.07163957260694732, 0.07561948058308683, 0.0733565653766588, 0.07376397433209307, 0.08253865913065968, 0.07178663595579268, 0.07949321086290073, 0.0792465338796226, 0.0802761043434146, 0.07571694731828449, 0.07453538924254623, 0.08094950510268437, 0.08107742126530859], [0.07181067034865207, 0.07612281356015706, 0.07366848220827964, 0.07413448772182375, 0.08285726415786378, 0.0719915821410484, 0.0794093487917202, 0.07789281700645982, 0.08005342065246658, 0.07613916131387975, 0.07493933655257824, 0.08072815427129798, 0.08025246127377243], [0.07186106060084908, 0.07607180975518606, 0.0737963373132038, 0.07419434092748405, 0.08312929361805599, 0.07210034144242897, 0.07917046396461465, 0.07801104874208484, 0.07985745253561116, 0.0760312191163342, 0.07504666935367317, 0.08053343977756078, 0.0801965228529132], [0.07121120645439918, 0.07485274467778519, 0.07205155312192348, 0.0727667205478955, 0.08129380073897038, 0.0709027639285768, 0.08072379721149368, 0.08136339474609852, 0.0814148376890145, 0.07545424015534533, 0.07311030257378605, 0.08206804421876919, 0.08278659393594241], [0.07126711585565595, 0.07478798317272872, 0.07207104243255087, 0.0727631748684168, 0.08156760690775507, 0.07095800678949604, 0.0805687515691119, 0.08173437086430463, 0.08118549925042787, 0.07538642206098838, 0.07309791718773746, 0.08180850206669828, 0.08280360697412793], [0.07124745456689859, 0.07474316065617762, 0.07211238854041155, 0.07276474233975772, 0.08183281709614672, 0.07097761681269371, 0.08036878914474765, 0.08193781436249586, 0.08100590643397135, 0.07530151401030517, 0.0731349322539799, 0.08162947401058065, 0.08294338977183355], [0.07127409472787269, 0.07471395512672052, 0.07217039066642199, 0.07278783275756888, 0.08208731962098033, 0.07103220116441543, 0.08019491945575223, 0.0821648960650294, 0.0808258832821536, 0.07524235569874252, 0.0731793581230247, 0.08143968112135268, 0.08288711218996506], [0.0712546463963928, 0.07472790469937755, 0.07226373901436837, 0.07283576203719055, 0.08225642523191817, 0.07107232043638599, 0.08003333169744778, 0.08208437654117028, 0.08071453572369877, 0.0751973538775666, 0.07328474171116157, 0.08133264865361318, 0.08294221397970837], [0.07127065374980686, 0.07479673745414421, 0.07237273121777939, 0.07291665000295262, 0.08218116136465244, 0.07113353319289276, 0.07997827923081742, 0.08182849296603219, 0.08069703831148177, 0.07522068688346877, 0.07341015783824183, 0.08131235112480747, 0.08288152666292233], [0.07127624530979425, 0.07493397522151164, 0.07244279225126539, 0.07300058816198728, 0.0817189459381467, 0.07115468201844653, 0.08012273795978439, 0.08132783917575112, 0.08089361175745614, 0.07534189415346311, 0.07351636305193507, 0.08150421088317199, 0.08276611411728642], [0.07118553154975203, 0.07501444083497912, 0.07229025157189423, 0.0729381231467721, 0.0810917927858431, 0.07099953873008835, 0.08052925985510952, 0.08082507804383347, 0.08134777937840518, 0.0754904483824639, 0.0734056146729647, 0.08197062283922027, 0.082911518208674], [0.07107293310042695, 0.0749259051815221, 0.07203924928186566, 0.07276358456130391, 0.08089767860602236, 0.0708014654468404, 0.08081351137782596, 0.08079160481559178, 0.081618583603877, 0.0754941645128147, 0.073156273641894, 0.0822917125366819, 0.08333333333333334], [0.07111884863543415, 0.07489930420473012, 0.07200097535956995, 0.07274270126463594, 0.0809624737980567, 0.07081094586558749, 0.08087840089063182, 0.0809534583843037, 0.08163581754928473, 0.0755041305235198, 0.07309649686392349, 0.08231645343387609, 0.08307999322644606], [0.07117058968318038, 0.0748615755191952, 0.07210212017467399, 0.07278814504730177, 0.08135579466069429, 0.07090631845826431, 0.08061872401679185, 0.08130528835500321, 0.08135579466069429, 0.07541913816373301, 0.07317672232532016, 0.0820170357018812, 0.08292275323326634], [0.07120185878473026, 0.07481196724402892, 0.07206893479382798, 0.07275952760733638, 0.0814770932730935, 0.07091380406247108, 0.08059064999498877, 0.08153037340028962, 0.08127754879106867, 0.07539211858424597, 0.07312082584901813, 0.08192514232888884, 0.08293015528601182], [0.07115038042861248, 0.07475693140451163, 0.07214169627434301, 0.07276790257688101, 0.08180748895209754, 0.07093400409534126, 0.08029396111973629, 0.08168681114337173, 0.08101142590842299, 0.07526477154969193, 0.07319721691144979, 0.08165407630220689, 0.08333333333333331], [0.0711898454745701, 0.07488679706007907, 0.07225745705332305, 0.07287745606243416, 0.08155236737759773, 0.07100351530883456, 0.08035737658253982, 0.08131435526511047, 0.08112562606118867, 0.07536353904629532, 0.07333819510734196, 0.0817649125730205, 0.08296855702766465], [0.07116427169208588, 0.07483615518462632, 0.07218258480738071, 0.0728182183265862, 0.08159707733206814, 0.07095310556254383, 0.08039159797075797, 0.08143036142978369, 0.08114045039400243, 0.07533897122269838, 0.0732554674866088, 0.08178815578045892, 0.08310358281039887], [0.07115921635262851, 0.07492431136776799, 0.07219607399704242, 0.07285507238453838, 0.0812740072283127, 0.07094375178382811, 0.08054134931434516, 0.08108418866112568, 0.08132854204108271, 0.07543200830990318, 0.07329311918489897, 0.08197830702553083, 0.0829900523489955], [0.0711835902043861, 0.07474768483054052, 0.07212377939676637, 0.07276127681732862, 0.0818292749369089, 0.0709451141416063, 0.08032498142114784, 0.08179623206108233, 0.08101568460651923, 0.07527677907076102, 0.07316657413736176, 0.08165393035580985, 0.0831750980197811], [0.07121993641702888, 0.07478282499454586, 0.07228445486402724, 0.07285945428966878, 0.08203859993190159, 0.07105420218972693, 0.08009907961953883, 0.08177505314844628, 0.08082086608383764, 0.07523719585578277, 0.0733305877013728, 0.08144741309789591, 0.08305033180622666], [0.07123324331175328, 0.07487451254270372, 0.07235255214113806, 0.07292766110091424, 0.08178732970891016, 0.0710864581016039, 0.08016179793565674, 0.08145769335020266, 0.08092001535326633, 0.07530948969098306, 0.07342056313078421, 0.08154358017173341, 0.08292510346035017], [0.07123906262344207, 0.07502574963826457, 0.0723881064991292, 0.07299960012521663, 0.08125338545062936, 0.07108612790593033, 0.08038463920285718, 0.08092045411655584, 0.08119407904736803, 0.07546614196002442, 0.07349414239772503, 0.0818036714984599, 0.08274483953439729], [0.07129639586379855, 0.07501786865725661, 0.07249582194918586, 0.07305990506299996, 0.08153791023641695, 0.07118376456480172, 0.08018650071622939, 0.08106680125187786, 0.08098031723896255, 0.07541544909522326, 0.07358678383202841, 0.08157731268252748, 0.08259516884869138], [0.07121539641791688, 0.07473431208747537, 0.07220842797604181, 0.07280396236857223, 0.08208534174767783, 0.07101552307090955, 0.08014042420914043, 0.08195608677186736, 0.08083103880754051, 0.07522292860651027, 0.07324103802624295, 0.0814583733325688, 0.083087146577536], [0.07128096857858289, 0.07485061781416362, 0.07242237590252482, 0.07296193340836615, 0.08203667426458829, 0.07115946295309665, 0.0799983062271109, 0.08163870472651776, 0.08073788500487891, 0.07525858484906438, 0.07347230792231997, 0.08135035763702594, 0.0828318207117596], [0.07132871814594033, 0.07494482877835147, 0.07253260406113907, 0.07305780487685536, 0.08184029042752466, 0.07123628312032088, 0.07999369258590919, 0.08137883918837327, 0.08075676882384475, 0.07532170226259081, 0.073596377850179, 0.08135495091942445, 0.08265713895954682], [0.07122215227988511, 0.07500308668484715, 0.07183794739849579, 0.07271599665622533, 0.08021624484616706, 0.0707619154669031, 0.0815212047565121, 0.0808309205577798, 0.08213456304825839, 0.07576504570569138, 0.07292249641793042, 0.08271111465954128, 0.08235731152176337], [0.07113828726966707, 0.07499774275349008, 0.07185521898427587, 0.07270854635197548, 0.08027583068581146, 0.07072306647725163, 0.08141165984074152, 0.08065924910532697, 0.0821452829327324, 0.07571570010729163, 0.07296336742031115, 0.08282410378598627, 0.08258194428513844], [0.0710834596244635, 0.07505318619295007, 0.07195965942618684, 0.07277079781471042, 0.08039043140541526, 0.07074247436787098, 0.08124296626058891, 0.08030195493979757, 0.08208671858929256, 0.0756949102301104, 0.07310122486871218, 0.08277171102348486, 0.08280050525641647], [0.071076944754133, 0.07520131346052115, 0.07207084222126674, 0.0728778705067125, 0.08072741092365705, 0.0707805931830596, 0.08120209683516277, 0.07974934789228869, 0.08210380022222971, 0.07579436123511281, 0.07325449039621786, 0.08269192520648391, 0.08246900316315428], [0.0711552954962773, 0.07551303487863478, 0.07204317906664813, 0.07298860617288244, 0.08045432404970414, 0.07076734918161369, 0.08167892915102003, 0.0788262193527902, 0.08250022583739956, 0.07620024152386518, 0.07327421743060597, 0.08305753097594683, 0.08154084688261173], [0.07133458476295551, 0.075599091700234, 0.07193564585654266, 0.07299294385752614, 0.07979170582029825, 0.07079708908258359, 0.0823689596426699, 0.07885120664107148, 0.08298195567492116, 0.0764501436358004, 0.07312370095934537, 0.08259144800476473, 0.08118152436128702], [0.07142908137378379, 0.07553527005130957, 0.07186788486173863, 0.07292133736379008, 0.07941899356492331, 0.07081623759745233, 0.08266787329461178, 0.0793617398309319, 0.08299409924079548, 0.0764093168356396, 0.0729755416192344, 0.08237356035543389, 0.08122906401035532], [0.07141818214593608, 0.07540081368597285, 0.07183753389834237, 0.07284241864625035, 0.07939455812330883, 0.0708230496248705, 0.08234078398678688, 0.08002929790995512, 0.08267667710242751, 0.07619878676304381, 0.0729137388523757, 0.08256782927572931, 0.08155632998500063], [0.07126165266044963, 0.07507856582126207, 0.07181845009039292, 0.0727396922420473, 0.0799079258906011, 0.07076254965289813, 0.08175689202690616, 0.08060581408260913, 0.08233483272556497, 0.07588180143202172, 0.07290871198429931, 0.08280067818395027, 0.08214243320699743], [0.0711494970427862, 0.07504083049270202, 0.07182972687355715, 0.0727130706551164, 0.08006439637609206, 0.07070846656811561, 0.08156635456707367, 0.08051575571169585, 0.08229923325684384, 0.07578643059344535, 0.07294384235490382, 0.08295853764146723, 0.08242385786620084], [0.07106883140995085, 0.07508059851884123, 0.07186585949129753, 0.07273169650727379, 0.08021593913211407, 0.07067567080373452, 0.0814917800813481, 0.08017320641986402, 0.08234004485619291, 0.07577844588950099, 0.07301425719990787, 0.08304789085222392, 0.08251577883775019], [0.07105926220110015, 0.0751209138176776, 0.0719156803856599, 0.07276916320552247, 0.08036952457435013, 0.07069276138099875, 0.08143245651055851, 0.0799995702784711, 0.08231540846631763, 0.07579055967841589, 0.07307852512514747, 0.08294713754264503, 0.08250903683313533], [0.07107158701381715, 0.0752163553201936, 0.07190260900750838, 0.07279874073273176, 0.08032877598215717, 0.07067871661697518, 0.08162196160766978, 0.0796838985244744, 0.08253782904920018, 0.07591404600370812, 0.07308354496494332, 0.0829609404925882, 0.08220099468403284], [0.07116717332616937, 0.07516675833076461, 0.07177532202126752, 0.07273388240937832, 0.07980619118423674, 0.07066888990665547, 0.0819598253454489, 0.08003745897916195, 0.0827204369927459, 0.07597512809734311, 0.07291143847710223, 0.08307465768471249, 0.08200283724501316], [0.07124050943659695, 0.07531473135071078, 0.07178706362887383, 0.0728038405294714, 0.07968451997513115, 0.07069686157612835, 0.08228721620220454, 0.079619064288077