[[0.07459573262109233, 0.07012878598217935, 0.08074157255131878, 0.0730550277095962, 0.07543362821229148, 0.0724684687924884, 0.0806736028560791, 0.0827114179463603, 0.08087359463111518, 0.0747027157945893, 0.08158805894599884, 0.08183572320446399, 0.07119167075242665], [0.074560193532394, 0.07016022560422505, 0.08103364247066183, 0.0731197096017521, 0.0753593936499454, 0.07249963690587552, 0.08046515396865107, 0.08295605609898907, 0.08071858975328274, 0.07461496885457378, 0.08140087373129294, 0.08189983223386117, 0.07121172359449555], [0.07455450828053156, 0.07025856571968973, 0.08140362488619825, 0.07323707323844926, 0.07530505531087761, 0.07258291682599691, 0.08022367384856184, 0.08300644780727702, 0.08052526886323597, 0.07455097023991655, 0.08116390333225978, 0.0818973581799326, 0.07129063346707279], [0.07455759111282637, 0.07031897690122266, 0.08173293703795617, 0.07334072285512622, 0.07526850105063808, 0.07265179510712928, 0.08004955529287383, 0.08294803712521026, 0.08039537296831724, 0.0744949161523555, 0.08100535056704204, 0.08189292913253939, 0.07134331469676293], [0.07456641117442622, 0.07041320542053348, 0.08211649342616993, 0.07346708959769775, 0.07523061551630406, 0.07274298490046428, 0.07983465705336945, 0.0828879292626503, 0.0802181413356686, 0.07444154152573822, 0.08085603792903012, 0.08180119293007347, 0.0714236999278741], [0.07455615091907737, 0.07041273099295832, 0.08237565281878653, 0.07353516080182608, 0.07519015967965317, 0.07277485149224519, 0.07970487738250032, 0.0829312719929645, 0.08012622931256158, 0.07437300809497388, 0.08078997662805804, 0.08180256914357457, 0.07142736074082053], [0.07450081420398505, 0.07028000191053498, 0.08269269878485111, 0.07358576502344867, 0.07509584989230762, 0.07275130517246159, 0.07953958779774409, 0.08333333333333333, 0.08003682738382036, 0.07420725910650379, 0.08075077469353431, 0.08190070078735297, 0.07132508191012206], [0.07454296490910915, 0.0703100191233426, 0.08303989161961195, 0.07374939955795061, 0.07508994718279428, 0.0728516626131532, 0.07938701183052894, 0.08293029456626652, 0.0799434002056426, 0.0741443176039187, 0.08068344395401769, 0.0819607947530779, 0.0713668520805858], [0.07456910402575001, 0.07022641432697461, 0.08333333333333333, 0.07386212910237157, 0.07508227670347974, 0.07289171177665553, 0.0793151809496298, 0.08252952829188126, 0.07993784554617064, 0.07405687191094665, 0.08070987218177764, 0.08216635399831805, 0.07131937785271109], [0.07473722388816556, 0.07033000580082341, 0.08285655926274835, 0.07417202492553679, 0.07519033461242544, 0.0731164567248788, 0.07924204170517005, 0.08196614194679677, 0.07990956413571025, 0.07407518988244824, 0.0806880119274265, 0.08226466632818288, 0.07145177885968694], [0.07484465438379047, 0.07029016138685365, 0.08333333333333334, 0.07440075004974861, 0.0752426054307469, 0.07324658089266994, 0.0791444886686445, 0.08135741871210127, 0.07985672082668115, 0.0740171075495497, 0.08062753621531597, 0.0821770811225366, 0.07146156142802795], [0.07504323969788863, 0.07048308901647334, 0.08310320438097107, 0.07471417959785162, 0.07536316749358093, 0.07350095758584028, 0.07902133554861894, 0.08093002935784221, 0.07973754561647967, 0.07408400608642628, 0.08046838152626067, 0.08188849422055079, 0.07166236987121541], [0.07520298763267382, 0.07045298624750307, 0.08309420133031697, 0.07490940757560753, 0.07548268752895125, 0.07362739117541668, 0.07903625982056434, 0.08044379642882954, 0.07977822303403168, 0.07410745125817862, 0.08047460766276496, 0.08170439152973903, 0.07168560877542246], [0.07533001436921911, 0.07043278219750118, 0.08309975989146132, 0.07504863074342172, 0.07558548939901064, 0.07372176852043455, 0.07905714388989023, 0.08008055569397475, 0.07981199858521908, 0.07414006126732542, 0.08047015478044013, 0.08151555926248238, 0.07170608139961951], [0.07545752379294036, 0.07032155302421594, 0.0831508179824478, 0.0751340655250905, 0.07571208211192966, 0.07376655404978025, 0.07916288556100134, 0.0796411008930963, 0.07992253382239549, 0.07417579115455511, 0.08055261659705926, 0.08134507583742757, 0.07165739964806027], [0.07551746845605448, 0.07016211389583787, 0.08306357232722489, 0.07510543874791042, 0.07580230820364142, 0.07372693659165035, 0.07936862719971262, 0.0793265691933454, 0.08007666060699324, 0.07419962923426694, 0.08074136026840881, 0.08135646705811003, 0.07155284821684359], [0.07563904613510417, 0.07002891661078861, 0.08276778366514767, 0.07510360154877645, 0.07596497833797027, 0.07372588782411342, 0.07965024023133652, 0.07888487658810894, 0.08025586706424596, 0.07428470935384829, 0.080952117773366, 0.08125894455996437, 0.07148303030722923], [0.07562220372558368, 0.06968930572312663, 0.08333333333333334, 0.07486658523862916, 0.07604956220579706, 0.07352271527413796, 0.08000890457716726, 0.07844910806872626, 0.08052717685983049, 0.07429849666314779, 0.08124939898985936, 0.08116231804682647, 0.07122089129383458], [0.07465053256196207, 0.07024634861826916, 0.0803522732264829, 0.0729972047915059, 0.07553194924249172, 0.07248581056022543, 0.0808001218916289, 0.08278722055275381, 0.08086946899235892, 0.07487188467070557, 0.08159797003440143, 0.08152554059424573, 0.07128367426296851], [0.07461391229355056, 0.07028586098286468, 0.08072506638214519, 0.07308891628003639, 0.07544369544455402, 0.07253185917119637, 0.08056126188511886, 0.0828763124609922, 0.08071644529550394, 0.07476290134222555, 0.08141768721381894, 0.08166506389596914, 0.07131101735202418], [0.07458045385717263, 0.07029386962565375, 0.08095000828032227, 0.0731264432716924, 0.07538302104638829, 0.07254395354001407, 0.08041369480826627, 0.08309927793001418, 0.0806099000244589, 0.07469013105411086, 0.08129158918493909, 0.0817050953538896, 0.07131256202307784], [0.074561810979839, 0.0703218825972103, 0.08146071246725177, 0.07326195494901336, 0.0753046981900068, 0.07261418623502612, 0.08016695143064764, 0.08302710230760157, 0.08045855129166432, 0.07456549367478553, 0.08109092389707695, 0.08182604746108034, 0.07133968451879617], [0.07456467455127475, 0.07025619045595034, 0.08104588628699333, 0.07313841307066112, 0.07535717610300603, 0.07253575731865708, 0.08038253604228889, 0.08312372873758482, 0.08060894116474855, 0.07464407538158961, 0.08128401572017285, 0.08177550830104098, 0.07128309686603175], [0.07455861607543846, 0.07039225028188306, 0.08185022287158379, 0.07337782138164779, 0.0752546245500846, 0.07269044113625751, 0.07995140015487026, 0.08305206592032838, 0.08029154022745492, 0.0744947462553434, 0.08089702418203723, 0.08178991875244135, 0.0713993282106291], [0.07457127478458185, 0.07049486536823682, 0.08211463945125573, 0.07347552532088443, 0.07523291909261177, 0.0727705201066746, 0.07978311680247785, 0.0830271166002808, 0.08014030332502733, 0.07447247399742281, 0.08075674839700281, 0.08167640132446582, 0.07148409542907742], [0.0745559266903712, 0.07043492991195384, 0.0824401662204965, 0.07355450938435162, 0.07518208405965893, 0.07279063171043548, 0.07966184931205367, 0.08296432050936557, 0.08008492829124579, 0.07436570182167132, 0.0807485668431152, 0.08177137419999785, 0.07144501104528309], [0.0745259016907015, 0.07045686570994833, 0.08280924525710454, 0.0736354342239187, 0.07510909549763921, 0.07283077698088161, 0.07943718037157807, 0.08333333333333334, 0.07989273157276153, 0.07426893069064029, 0.08057186114470234, 0.08166631038057122, 0.07146233314621939], [0.07457144158021975, 0.07047031314428684, 0.08312140024148981, 0.07380704589101093, 0.07510523865277417, 0.07293150895944296, 0.07929823939234218, 0.08288379988222311, 0.07982197732977063, 0.07419812583826546, 0.08053455537344512, 0.08176290015172308, 0.07149345356300597], [0.07458178805564934, 0.07038807694332767, 0.08333333333333336, 0.07388400150204238, 0.07509028443356286, 0.07295010936926839, 0.07924264375534627, 0.08265151123432399, 0.07982361235037068, 0.0741192789947739, 0.08056479414841491, 0.08192938829922004, 0.0714411775803664], [0.0746610532741486, 0.07041334453272148, 0.08308551654873171, 0.07404210083561517, 0.07513715465384693, 0.07305556208188975, 0.07920608794867022, 0.08234902902484012, 0.07982436677603778, 0.07410972190897748, 0.08057993069342632, 0.08204888467847934, 0.07148724704261508], [0.07474322639370778, 0.07045026151314919, 0.08298733880065745, 0.07420961800335389, 0.07518387475695022, 0.07316983150982448, 0.07915149714907858, 0.08201976525776722, 0.0797965456726939, 0.07410119020085544, 0.08055643471461775, 0.08208715268007362, 0.07154326334727065], [0.0747822485539666, 0.0704609567175017, 0.08311343084135535, 0.07430220928156978, 0.07520079003033829, 0.07322892706656887, 0.07910216853349308, 0.0818140734876782, 0.07976123031055671, 0.0740843047033423, 0.08051978413459927, 0.08206390577639812, 0.07156597056263156], [0.0748404771733339, 0.07048632715209363, 0.08333333333333334, 0.07443342261687447, 0.07522561937714266, 0.0733157580704652, 0.07902532633726916, 0.08153574144941202, 0.07969931844763735, 0.07406557038461045, 0.08045035376792341, 0.0819828953754111, 0.07160585651449339], [0.07494898501060097, 0.07051380391758064, 0.08307726349483635, 0.07458540726630433, 0.0753000580717688, 0.07342376282037556, 0.07902213536184513, 0.0812551842797057, 0.07971546652785136, 0.07408714898138796, 0.08045835713371037, 0.08195489830057516, 0.07165752883345773], [0.07517717644173699, 0.0707346897775781, 0.0830419521001846, 0.0749633217227709, 0.07542823088747029, 0.07372467756114089, 0.07884226062816134, 0.08070377545737778, 0.07953801855572688, 0.07414795585294963, 0.08023073059972616, 0.08157819608586055, 0.07188901432931587], [0.07530142250572959, 0.07068171322448348, 0.08303982921073605, 0.0751113705072346, 0.07552214277410116, 0.07381280441562091, 0.07886530107515712, 0.08032440125350944, 0.0795836816227651, 0.07415810467423044, 0.08025103358674894, 0.08146287348729267, 0.07188532166239056], [0.07503684649876254, 0.07039947043163723, 0.08309910026559764, 0.07468013826074132, 0.0753694380263627, 0.0734598798113024, 0.07908284792427825, 0.08088788840861164, 0.07981196431840219, 0.07406982797563089, 0.0805489897307913, 0.08195558282250948, 0.07159802552537244], [0.07541009758095536, 0.07068811227452892, 0.08309645081615587, 0.07525095643668983, 0.07559994736068633, 0.07390965729642096, 0.07884568792945816, 0.08002370488919677, 0.07957130376969994, 0.0741795133380955, 0.08020763245035467, 0.08129560931502064, 0.07192132654273711], [0.075547247594397, 0.07059662606942727, 0.08333333333333336, 0.07538595702495225, 0.0757134935967851, 0.0739852470968302, 0.07890927862700411, 0.07956179685358838, 0.07961096370252678, 0.07419499373253134, 0.08021747594840717, 0.08105183252208822, 0.0718917538981291], [0.07561951144534493, 0.0705180746198122, 0.08300963308632625, 0.07540358544321392, 0.07580148493869308, 0.07399176857096187, 0.0790632578614129, 0.07936525612086812, 0.07972823324940848, 0.07423511771743203, 0.08035826479554484, 0.08105475091518238, 0.07185106123579896], [0.07567192652269653, 0.07028278642138445, 0.08333333333333333, 0.07535747127401839, 0.07588295290026537, 0.07392125021538912, 0.07926913780929107, 0.07896376631788836, 0.0798592985352491, 0.07422525939155912, 0.08052726047279789, 0.08101723020978341, 0.07168832659634387], [0.07583777414894104, 0.07024939955527644, 0.08305283455209662, 0.07546079211497302, 0.07605288921380161, 0.07400852266681185, 0.07944442999952187, 0.07853120732066786, 0.0799093394286112, 0.07431900419014886, 0.08059284722713489, 0.0808346326852722, 0.07170632689674257], [0.07579509899529441, 0.06999567936566563, 0.083056199915018, 0.0752286772677691, 0.07610600973332768, 0.07382151441337877, 0.0797458256800602, 0.07838740584838214, 0.08019220277548997, 0.07434163207696383, 0.08089452737712126, 0.08093495326119755, 0.07150027329033132], [0.07465937395395975, 0.0703919321882878, 0.08034571855764852, 0.07302713080115723, 0.07553694422144296, 0.07254171124345953, 0.08066405549037012, 0.08303249622055667, 0.08070047334310948, 0.07491799712955875, 0.08141019925058988, 0.08137951276468426, 0.07139245483517499], [0.07460842553131751, 0.07045465886592567, 0.08097160714974774, 0.07316909525815551, 0.07540271842762175, 0.07261541821025663, 0.08031385911673006, 0.08312923194700404, 0.08047121208850067, 0.07475639086330033, 0.08114061446818219, 0.08152937850807075, 0.07143738956518701], [0.07463941219213967, 0.0704477722073632, 0.08074653970770528, 0.07313212944654021, 0.07545980122055737, 0.07260317534481778, 0.08045004738555306, 0.08293918565777919, 0.08056760535326064, 0.07482628677045368, 0.08125361299810782, 0.08149827936345327, 0.07143615235226866], [0.07456030768436293, 0.07035498160439199, 0.08116006478236878, 0.07317092448080557, 0.07533721444348516, 0.07257734163186665, 0.08025287318386673, 0.08333333333333333, 0.08046626790250298, 0.0746505134637922, 0.08112647810095662, 0.0816539335782893, 0.07135576580997764], [0.0746063266462464, 0.07054092219973439, 0.08133240938891424, 0.07328211373669474, 0.07535495974659186, 0.07269438561811552, 0.08010517187756856, 0.08308103412630045, 0.08031522719993975, 0.07469439912007994, 0.0809505049413083, 0.08153455496797275, 0.07150799043053314], [0.0745650094525708, 0.07051471672650655, 0.08171922193033077, 0.07335536102328953, 0.07527019725083675, 0.07271382789968968, 0.07991246704247579, 0.08333333333333333, 0.0801916325436183, 0.07456837898346627, 0.08079202983993967, 0.0815770892596223, 0.0714867347143202], [0.07458862549394472, 0.07047302844749048, 0.08145867464643958, 0.07329575735278801, 0.07532642704313533, 0.07267847661993439, 0.08008984200185822, 0.08305186425603497, 0.08033948585132965, 0.07463305615360921, 0.08096752911635377, 0.08164059786322295, 0.07145663515385874], [0.07459243635425893, 0.07062396283398438, 0.08205481442826017, 0.07349493503089459, 0.07525256976011656, 0.07282043055468365, 0.0797291747216666, 0.08312175267305032, 0.08004779154280443, 0.07453430229718454, 0.0806321989106829, 0.08151279495348521, 0.07158283593892771], [0.07457228700716877, 0.07062814696369892, 0.08224817106579257, 0.07353749696035779, 0.07520826883332062, 0.0728383578298598, 0.07960806411010002, 0.08333333333333334, 0.07995180413305762, 0.0744740274561952, 0.08055367817557624, 0.08146076925165764, 0.07158559487988155], [0.07458099757518591, 0.07063264281251218, 0.08243750766098, 0.07360124727688684, 0.07519570757375886, 0.0728740277323121, 0.07954162240188298, 0.08314700512344682, 0.07991595603139562, 0.07443656640903988, 0.0805382189693343, 0.08150220601481477, 0.07159629441844972], [0.07456642207037499, 0.07064836666732784, 0.08269413588524208, 0.07367425577336563, 0.0751471688002395, 0.07291219681080267, 0.0793821826999206, 0.08333333333333333, 0.07978789419135708, 0.07436418091717144, 0.08042718063533168, 0.08145120218705391, 0.07161148002847915], [0.07458007134466907, 0.07060979093958128, 0.08312747405405092, 0.07380214824754683, 0.0751172931367553, 0.07296959961659899, 0.07925498627974516, 0.0830014786440988, 0.07972935566583421, 0.07426630073926647, 0.08040760941268861, 0.0815374203089031, 0.07159647161026113], [0.07458693941994715, 0.07058579626163336, 0.08333333333333333, 0.07386070584564677, 0.07510444855229496, 0.07299410386739734, 0.07919781126357049, 0.08282304429319214, 0.0797037136486599, 0.07421981540142712, 0.08039780303655553, 0.08160796707861318, 0.07158451799772861], [0.07461267198471129, 0.07058608274314405, 0.08320196368080257, 0.07391318805355813, 0.07511957449742965, 0.0730266679291288, 0.07919056494453146, 0.08272829882214225, 0.07971672079198462, 0.07421302215673266, 0.080420581210125, 0.08167692878883678, 0.07159373439687271], [0.07467314262543992, 0.07061118693889866, 0.08313576011068112, 0.07405960210445837, 0.07514568259330906, 0.07312173130910099, 0.07911746908565667, 0.08244725957881249, 0.07968921414129838, 0.07418794248475165, 0.08040845198708711, 0.08176759723025454, 0.07163495981025103], [0.07470436859519787, 0.07057433257023521, 0.08333333333333333, 0.07416523030851344, 0.07514767667607003, 0.07317241085181088, 0.07905938697284189, 0.08218563800016729, 0.07966376951844273, 0.07413246339636921, 0.08039745020261763, 0.0818416052166337, 0.07162233435776683], [0.07478607798467626, 0.07063367658643806, 0.08306571122044165, 0.07431421098057109, 0.0752011702376303, 0.07328336957566241, 0.07902644130622538, 0.08195579926948128, 0.07964849750489596, 0.07414722493414622, 0.08038304171300913, 0.08186151105248579, 0.07169326763433648], [0.07491824887945, 0.07075440480917079, 0.08309275421621266, 0.07457633457514908, 0.0752690197832572, 0.073479081848811, 0.07889578698255933, 0.08151057168996974, 0.07953673033111959, 0.07415491838367619, 0.08025680297924165, 0.08172883184566472, 0.07182651367571784], [0.07502707005590936, 0.07082558276938095, 0.08333333333333334, 0.07478156493217729, 0.07531459974448959, 0.07362498968158532, 0.07877688123624658, 0.08112941476974235, 0.07943114222663612, 0.07414560525169187, 0.0801334277632419, 0.08156322004273403, 0.07191316819283138], [0.07519526379278149, 0.07083307360582632, 0.08291149550313578, 0.07500366633278514, 0.07543634588484711, 0.07377617102407912, 0.07879816603399573, 0.08073367370313674, 0.07948107384989747, 0.07417859247393749, 0.08016717185820074, 0.08151813475073118, 0.07196717118664561], [0.07508129428558658, 0.07071666623612521, 0.08295874970912442, 0.07481568068082672, 0.07537145076833619, 0.0736244136631929, 0.07888664516367347, 0.08099951154866454, 0.07957002809778851, 0.07414438135423052, 0.08028119686256259, 0.08170297879638563, 0.07184700283350288], [0.07496492469215163, 0.07071574869201494, 0.08308834275991661, 0.07464750727065544, 0.075295930687381, 0.07351407431240607, 0.07889838793635576, 0.08133435737510462, 0.07955827354758742, 0.07413776396926833, 0.08028015512749208, 0.08175244754637458, 0.07181208608329159], [0.07481172752087309, 0.07058416138108813, 0.08333333333333334, 0.07439396632440659, 0.07520507577888842, 0.07331633080547013, 0.07898590433030514, 0.08171758681491327, 0.0796317067026275, 0.07409977175297494, 0.08037177073408193, 0.08188007737642763, 0.07166858714460995], [0.07505186069882655, 0.07072054671346474, 0.08304867507269136, 0.07477968067056075, 0.07534873153533458, 0.07360077519162243, 0.07887628373504688, 0.08107035378812573, 0.0795535852996638, 0.07413830976235991, 0.08026687129570646, 0.08170280714880716, 0.07184151908778967], [0.07500363340099889, 0.07052804993161564, 0.08301335740350752, 0.0746635767694618, 0.07533631055842797, 0.0734790980920247, 0.07901255215080077, 0.08110555917928289, 0.07971415959246717, 0.07409637031789024, 0.08044987880937945, 0.08191348572313295, 0.07168396807100993], [0.07527080259268051, 0.07080144331619667, 0.08297844417624826, 0.07510507807491873, 0.07548729099750368, 0.07383525194878576, 0.07879435996333826, 0.08048641697167928, 0.07949210103111275, 0.07417532520951031, 0.08016398493223738, 0.08144352534493025, 0.07196597544085813], [0.07537208889920874, 0.07080538508010281, 0.08294314054027511, 0.07523614076555916, 0.07556012284196761, 0.0739252193293181, 0.07878604937597809, 0.0802182470934483, 0.07949364510398423, 0.07419504485999899, 0.080142402054981, 0.08132443064479714, 0.07199808341038057], [0.07549192692205033, 0.07079235129373347, 0.08295357530122144, 0.07537879582901207, 0.075651288804856, 0.07402103499109079, 0.07878673574613036, 0.07989365400442892, 0.07950414797035196, 0.07422029158232851, 0.08011960567370718, 0.08116409795783716, 0.0720224939232518], [0.07557404653910765, 0.07076684163779035, 0.08309245818600923, 0.07547452844057398, 0.07571276643250753, 0.07408136106215019, 0.07880056602596128, 0.07963833840806286, 0.07949950703111575, 0.07423035388247518, 0.08008553923802456, 0.08101665185204236, 0.07202704126417907], [0.0756773936087381, 0.07063456345208244, 0.08304526956261125, 0.07552950485489325, 0.07581961068702094, 0.07409897816517914, 0.07897078450445669, 0.07928212441095125, 0.07960195110001406, 0.07425224131336595, 0.08022495729232311, 0.08090678909528934, 0.0719558319530745], [0.07579999361558902, 0.07050326139609273, 0.08306793772872259, 0.07559327013150738, 0.07594537186631804, 0.07412750688535148, 0.07914176550749688, 0.07884290696580058, 0.07967298801919616, 0.07428481430101497, 0.08032765069427927, 0.08080226325361246, 0.07189026963501836], [0.07588731526502301, 0.070418163169978, 0.0829654600779387, 0.07561363872593276, 0.07604852475293739, 0.07413913929736234, 0.0792908759656727, 0.07856074893126323, 0.07974825077067209, 0.07433063574956268, 0.08041834922272252, 0.0807303801635574, 0.07184851790737716], [0.07593180848053788, 0.07019848367058809, 0.08333333333333331, 0.07552439004696572, 0.07614061437139304, 0.07405248266339017, 0.07950951139587062, 0.07819662604525515, 0.0798733577960798, 0.07434703438919393, 0.08056080826254497, 0.08063797349262408, 0.07169357605222308], [0.07585276571514189, 0.06989718140044293, 0.08333333333333334, 0.07520777737878437, 0.07618813099051212, 0.07380384264706723, 0.0798765965738868, 0.0780894536143815, 0.08022832557937008, 0.07437434823881982, 0.08093108987162574, 0.08077638372631611, 0.07144077093031818], [0.07485072709615932, 0.07074573009719466, 0.08312466878922976, 0.07445808992189673, 0.07523302713793048, 0.07340249549112499, 0.07892731440021597, 0.08173687043488712, 0.07955021959000921, 0.07416373112256174, 0.08027139749679157, 0.08173684612246755, 0.07179888229953083], [0.07477947597634096, 0.07075229896963217, 0.0831280087718537, 0.07430200281162333, 0.07519628878167889, 0.07330840076178326, 0.07897401853186167, 0.08204422583861999, 0.07956623704494567, 0.07419313963628127, 0.08028072957667735, 0.08169785277450729, 0.07177732052419457], [0.0746967533837834, 0.07072288617939286, 0.08333333333333334, 0.07412870374363753, 0.07515024189259677, 0.07319316690673074, 0.07902046830875585, 0.08233422257854388, 0.07958024507977167, 0.0742071108014742, 0.0802836752120694, 0.08162301217033091, 0.07172618040957954], [0.07468673813930539, 0.07075706769166072, 0.08314192556593737, 0.07407846844601872, 0.07515554705575964, 0.07317482082113774, 0.07905620996018087, 0.08252626734563, 0.07958805939240252, 0.07424603828789085, 0.08027981755824257, 0.08156372354340267, 0.07174531619243106], [0.0746354895555624, 0.07074472812537173, 0.08313255655989436, 0.07394754741453734, 0.07513566832655809, 0.07309327962019589, 0.079118196330162, 0.08284964535713518, 0.0796056848393442, 0.07427575360223009, 0.08027964343231649, 0.08146540527840088, 0.07171640155829145], [0.07459069942578012, 0.07074516479446445, 0.08282628097145707, 0.07377670287172482, 0.07513960686561685, 0.072996751213681, 0.07924198937585027, 0.08333333333333333, 0.07966022493259509, 0.07435135673182423, 0.08029967537858362, 0.08134277815332727, 0.0716954359517619], [0.0746166874976755, 0.07080424741509853, 0.08262648605731529, 0.0737442005011164, 0.075187007341841, 0.07300215855477038, 0.07932893824873945, 0.08315445081457995, 0.07971173783614381, 0.07443427080838715, 0.08032919354756887, 0.0813207730911196, 0.0717398482856442], [0.07507505059131618, 0.07032505838786836, 0.08299402918755175, 0.07469554505088317, 0.0754129439488754, 0.0734567012347434, 0.07915769566819844, 0.08073588857924507, 0.07990472253582542, 0.07407439926868095, 0.08063903739093191, 0.08197611680632523, 0.07155281134955475], [0.07528864952772885, 0.07049689710917453, 0.08333333333333333, 0.07504793927191623, 0.07552926625053545, 0.07372806771816293, 0.07895845816345258, 0.08018812548415571, 0.07970049087784359, 0.07411475802414123, 0.08036746595802599, 0.08150266783708592, 0.0717438804444436], [0.07548274086877006, 0.07056836701768865, 0.0831589313866238, 0.07528462805392262, 0.07567792527259899, 0.0739119758856603, 0.07893590535926127, 0.07975520168485899, 0.07967949782279615, 0.0741895600603717, 0.08028851488212924, 0.08121535146925588, 0.07185140023606236], [0.07459581221395968, 0.0707593448088996, 0.08244172542633865, 0.07365315960213217, 0.07519394460739824, 0.0729385228230226, 0.07942605735120663, 0.08333333333333333, 0.07978214048805983, 0.07446186618510826, 0.0803857076960044, 0.08133333532682406, 0.07169505013771238], [0.07461945310934015, 0.07078242671888377, 0.08223775445576721, 0.07361052390085872, 0.07524260219053365, 0.07292859301306642, 0.07953913255557601, 0.08315115326331994, 0.07986275897581811, 0.07453701827289512, 0.08044477019449867, 0.08133139740183555, 0.07171241594760673], [0.07463424551538356, 0.07077940319957374, 0.08197466299607054, 0.07353909565806885, 0.07529053732209853, 0.07289501581752678, 0.07968019276260857, 0.08304132557072537, 0.07996310992114576, 0.07461380583623892, 0.08052254039761923, 0.08135921802380029, 0.07170684697913982], [0.07460975467470238, 0.07072570371571636, 0.08168390865799016, 0.07342131073113302, 0.0753028072013904, 0.07281510283995961, 0.07979811482136431, 0.08333333333333333, 0.0800343331200098, 0.07465547771948779, 0.08062366090434704, 0.08134335342935119, 0.0716531388512146], [0.07464299843195656, 0.07073401629640597, 0.0814275254878405, 0.07337269920872233, 0.07536726944684333, 0.07280100962675967, 0.07994744027313064, 0.08305546309248271, 0.08014073486788627, 0.07474402054333242, 0.08075342398651625, 0.08135155605062383, 0.07166184268749955], [0.07465661595004834, 0.07072083378129909, 0.08130968558659589, 0.0733463846699501, 0.07539645835094946, 0.07278760862617732, 0.08002872852536076, 0.08291934212620858, 0.08020450972350635, 0.07477933787430693, 0.08082869261053252, 0.08136878575004486, 0.07165301642501977], [0.07465281881523046, 0.07066624326440617, 0.08111469758352484, 0.07327680496701658, 0.07541890813536464, 0.07273718638843653, 0.08014231251664815, 0.08297985291019384, 0.080288736297912, 0.07481038529084465, 0.08093157178634432, 0.0813731163618218, 0.07160736568225605], [0.0746626415291676, 0.07063212299108287, 0.08090900475908018, 0.07322021098249151, 0.0754548102487822, 0.07270231746817876, 0.08026150652469681, 0.08295378510149513, 0.08037348422897962, 0.07485732098151547, 0.08103306039846433, 0.08135929532673229, 0.07158043945933304], [0.0746813839347551, 0.07063059000448767, 0.08059480146125919, 0.07314488538830412, 0.07551972015168155, 0.07266943007530448, 0.08039618014708634, 0.08304708189366941, 0.0804357621479422, 0.07494465474533596, 0.08111062653038097, 0.08124731075095272, 0.07157757276884022], [0.07467611793364544, 0.07056376335617108, 0.08027930782279907, 0.07303973495437148, 0.07556252356576215, 0.07259834173743925, 0.08056318482691487, 0.08333333333333333, 0.0805142855245753, 0.0749984077844879, 0.08120319677464549, 0.08114722126031536, 0.07152058112553923], [0.07466030434586689, 0.07051493329785896, 0.08055330361804375, 0.07310052366535125, 0.07550677623864407, 0.07261101715081354, 0.08048219074431479, 0.08307016357899376, 0.08053894645934101, 0.07490731013868035, 0.08122743409867898, 0.08134056121084121, 0.07148653545257144], [0.07522825440902128, 0.07067392189636941, 0.08310449728795766, 0.07501952439083488, 0.07546767201922289, 0.07374776634497089, 0.07886604641454405, 0.08050942769847078, 0.07957765160239234, 0.07413939203752078, 0.08026147542641683, 0.0815456752947063, 0.07185869517757174], [0.07511089513702567, 0.07049980201374113, 0.08333333333333333, 0.07482773536645324, 0.07539726857126809, 0.07357732746534579, 0.07896258609263662, 0.08068916753994135, 0.07968575230957728, 0.07407835199702036, 0.08039800703003963, 0.08174439751535385, 0.07169537562826364], [0.07537566379355697, 0.07032335287146833, 0.0830020644969522, 0.07503374546685959, 0.07565332261511692, 0.07369721774316629, 0.0791836870406243, 0.07989856602734624, 0.07995550753696767, 0.07416236550450787, 0.08059494873946112, 0.08148417400862991, 0.07163538415534261], [0.07521735751531759, 0.07035050898283365, 0.08305384470395476, 0.0748806851357754, 0.07551452493920902, 0.07358937926280873, 0.07913061043476854, 0.08033730958180461, 0.07988913126012719, 0.074106329891534, 0.08058312290318867, 0.08173486636870947, 0.0716123290199684], [0.07480268566753713, 0.07031208726626538, 0.08310492555756968, 0.07431617743976884, 0.0752225025621767, 0.07320018030913858, 0.0791810046922417, 0.08159379598211217, 0.07987684732819567, 0.07404060722121197, 0.08065307291184831, 0.0822331533123743, 0.07146295974955978], [0.07498378559082439, 0.07031796016501109, 0.08295985327249772, 0.07457297315188535, 0.07534982479086744, 0.07337249968475694, 0.07917208312431065, 0.08101300571730674, 0.07990642193382301, 0.07406092145645345, 0.080661086302794, 0.08210831800318956, 0.07152126680627947], [0.07541928781617345, 0.07017794247757733, 0.08333333333333333, 0.07503384734215847, 0.07570486138472199, 0.0736699416190131, 0.07925838984057698, 0.07958411956935664, 0.08002776597730102, 0.07414751405711342, 0.08067306643836507, 0.08143107698730061, 0.0715388531570085], [0.07553497480647473, 0.07005069388133171, 0.08286232320054615, 0.07503442277415547, 0.07586024443657662, 0.0736691039309385, 0.07954049274795257, 0.07918796816660581, 0.08023229284796975, 0.07423019419031575, 0.08091534374937626, 0.08140994962232768, 0.07147199564542879], [0.07606026496663151, 0.07010916032327975, 0.08303385074762555, 0.07550052626862602, 0.07632353969187017, 0.07405722630523799, 0.0797803702147843, 0.07782003515069669, 0.0800095428075504, 0.07446968694742785, 0.08069330284262134, 0.08048597066532258, 0.07165652306832578], [0.07605306265847747, 0.07025522445812678, 0.08312763944925529, 0.0756380983631628, 0.07624744356920563, 0.07415646091622992, 0.07955049469917998, 0.07796790048975871, 0.07982927324922684, 0.0744191897352595, 0.08051074078212761, 0.08047641780285365, 0.0717680538271359], [0.07459629461413057, 0.06947232913986642, 0.08121445333677457, 0.07329020033199148, 0.07534180594000026, 0.07241167399727848, 0.08062227399348952, 0.08134014576480295, 0.08134019919295837, 0.07423460295842944, 0.08223260421568382, 0.08316381776069937, 0.07073959875389475], [0.07454865395574364, 0.06960782739618042, 0.08150310643870677, 0.07328314051874461, 0.0752811133356817, 0.07243134425866772, 0.08046776377285336, 0.08168828625308587, 0.08110704071700023, 0.07423860663349525, 0.08194217091226311, 0.08307459850795287, 0.0708263472996244], [0.07454181906572326, 0.06966333229305431, 0.08178613316577325, 0.07337138622597501, 0.0752372641612001, 0.07248805679619941, 0.08027655650436753, 0.08189439709792058, 0.08093349573115693, 0.07418273251540836, 0.08177978742338902, 0.08297359925960585, 0.07087143976022635], [0.0745263536049612, 0.06973822019344397, 0.08205138473515974, 0.07343163278968506, 0.07519278377425712, 0.0725338786646492, 0.08010440797643982, 0.08213119847453842, 0.08075356872381714, 0.07414594913471169, 0.08159007096777533, 0.08287424322578056, 0.07092630773478084], [0.07455793155086117, 0.0697405394968596, 0.08222873448312865, 0.0735759470054053, 0.07517878015934333, 0.0726140137781884, 0.07994847810949142, 0.08205226187072132, 0.08064719806819808, 0.07407189551602893, 0.08150799815547485, 0.08293215705121679, 0.07094406475508219], [0.07461139014098866, 0.06971654860227257, 0.08215019110502562, 0.07370217522223654, 0.07520109865432913, 0.07268387220916053, 0.0798880957343938, 0.08178804301746628, 0.08062617498248316, 0.07402964955588465, 0.08150113648070871, 0.08315521408583616, 0.07094641020921412], [0.07473129333047367, 0.06964240827999985, 0.08189166143600064, 0.07380995268244232, 0.07531906274435597, 0.07274835702818575, 0.08002928229588034, 0.08126946221878649, 0.08082259508513016, 0.0740633947892591, 0.08171148571907431, 0.08303576300938656, 0.0709252813810249], [0.07476301843842809, 0.06939315388948165, 0.08133925816269959, 0.07364851323335934, 0.07542144020668234, 0.07261111463533869, 0.08042654894522258, 0.08073320271138804, 0.08127505016680496, 0.07411824318041053, 0.08219655555535595, 0.08333333333333333, 0.07074056754149491], [0.07469659152575711, 0.06929486608812367, 0.08105383825419943, 0.07340344712774112, 0.0754289199474479, 0.07244721809695939, 0.08072442906420042, 0.0807017480475477, 0.08155796270450953, 0.07418757543553686, 0.08253057457177446, 0.08333333333333333, 0.07063949580286903], [0.07467733208239737, 0.06937677116026163, 0.08087934035932254, 0.07333282265151705, 0.07543294811217872, 0.07242905776070853, 0.08079231946202538, 0.08095536779282621, 0.081576294695934, 0.07425859237681808, 0.08252749201224954, 0.0830711099358329, 0.07069055159792809], [0.07461884381100742, 0.06944002465487688, 0.08128369030998756, 0.07339110706114292, 0.07533165338359128, 0.07245850682218648, 0.08051974484389383, 0.08123134246034651, 0.08128369030998756, 0.07416695569010484, 0.0822139915091303, 0.08333333333333333, 0.07072711581041095], [0.07456427750300217, 0.0694941605943686, 0.08140792436702822, 0.07331324687699207, 0.07528948789861725, 0.07242023000838511, 0.08048844963294495, 0.08146318986680201, 0.08120094427695428, 0.07418495157345036, 0.08208999932610883, 0.08333333333333333, 0.0707498047420127], [0.07457277691549918, 0.06955620000352508, 0.08176450096406207, 0.07348129406942912, 0.07523485320242569, 0.07252162290922871, 0.080208332140818, 0.0816404232698293, 0.08094601024098733, 0.0740875293300435, 0.08184597651281549, 0.08333333333333333, 0.07080714710800308], [0.07470967690651384, 0.06957289622330892, 0.08153498826993395, 0.07364878742443631, 0.07535326054218767, 0.07264448074865011, 0.08027642447050112, 0.08125943493109054, 0.08106557190670688, 0.07413355742287443, 0.08198276902710137, 0.08295863436586597, 0.07085951776082869], [0.07465374007660923, 0.06954611866021256, 0.08154820183312467, 0.07355069464851866, 0.07531658133252071, 0.07257431023006133, 0.08030878830242523, 0.08137679288851235, 0.08107872087502233, 0.07412989145638016, 0.08199733098893543, 0.08309711534740218, 0.07082171336027518], [0.07472669193095594, 0.06947713489027015, 0.08126068123467685, 0.07358126010642471, 0.07540153431898226, 0.07259040721535719, 0.08045652766824914, 0.08101585870217631, 0.08126763564035434, 0.0741656078442168, 0.08220519661821668, 0.08306210225998502, 0.07078936157013474], [0.0745579283477033, 0.06959454509070478, 0.08178534916231066, 0.07343313009789229, 0.07523422338902921, 0.07250424330840502, 0.08023712300533035, 0.08175134127480696, 0.08094799806202471, 0.07412395726891206, 0.08183092522621796, 0.08317047678384164, 0.07082875898282093], [0.07461298220199793, 0.06967206184622274, 0.08200548360281218, 0.07363764100258095, 0.07522841813904334, 0.0726402962790415, 0.08001635478195744, 0.08173519589338578, 0.08075660289871503, 0.0740639229808442, 0.0816423764049634, 0.08307856063227631, 0.07091010333615899], [0.0746884935103897, 0.06963000296186307, 0.08182370172212063, 0.07372427478583758, 0.07529542428332224, 0.07269147548608412, 0.08007482075165548, 0.08140625520953033, 0.08085383176213895, 0.0740722028063106, 0.08175146977430693, 0.08308664030818289, 0.07090140663825754], [0.0747904517704168, 0.06949484798750794, 0.0814943347551515, 0.07375912720980761, 0.07541598198304848, 0.07269968193225514, 0.08028428485391181, 0.08083833541852581, 0.08112127276038228, 0.07411064363794088, 0.08202279787902211, 0.08314078741649016, 0.0708274523955395], [0.07481091751774878, 0.06963009301423895, 0.08176516219275531, 0.07388594816381294, 0.07539540096757452, 0.0728034973030778, 0.08009291492785572, 0.08099939531787162, 0.08091033929827046, 0.07409679859353777, 0.08178993180146057, 0.08288117968099774, 0.0709384212207978], [0.07455754291948519, 0.06967026106111467, 0.08205179476119481, 0.07352629856031945, 0.0751973992629933, 0.07257043735515561, 0.08005459632339028, 0.08191906531089573, 0.08076377518044707, 0.07408124108865599, 0.08163740246153706, 0.08308052888566696, 0.07088965682914394], [0.0746404302513445, 0.06967178188326499, 0.08205815485783381, 0.07374638549865917, 0.07522229221633223, 0.07270127981683353, 0.07989926403697084, 0.08158837838033008, 0.08066080650486736, 0.0740122430949662, 0.08154260745362493, 0.08333333333333333, 0.07092304267163892], [0.0747294955131574, 0.0696949951921371, 0.08209196477669649, 0.07387799133668625, 0.07529032594899109, 0.07279572909736598, 0.07989326902092327, 0.08132006721718674, 0.0806792910910501, 0.07403054532866993, 0.08155294434287522, 0.08307564380768888, 0.07096773732657165], [0.07471530934487057, 0.06935047768179782, 0.08034763233243492, 0.073032926653166, 0.0756039163976047, 0.0722854618676432, 0.08143672003305104, 0.08094902071558004, 0.08207867420167025, 0.07453558102619015, 0.08269496509660065, 0.08231180761332266, 0.07065750703606795], [0.07469615430482422, 0.06921556987214518, 0.08058701435053829, 0.07308108800655118, 0.07555654310253328, 0.07226885528195685, 0.0813205947037097, 0.0807437838264951, 0.08208898306027826, 0.07441028651227062, 0.08292440697623442, 0.08254633711935204, 0.07056038288311102], [0.07473248936708599, 0.06909010977314042, 0.0810050872532795, 0.07323258861868778, 0.07554143032241314, 0.07232059370422725, 0.0811415037581541, 0.08033454981605348, 0.08202621024453738, 0.07427307227399405, 0.0830388483901144, 0.08277464277955468, 0.07048887369875785], [0.07492025095079778, 0.06908797953150361, 0.08141139246621079, 0.07346279444266951, 0.07569798173517107, 0.07248467903964267, 0.08110917579558537, 0.07974020665060096, 0.08205019308150335, 0.07430999911434642, 0.08275145724536703, 0.08243131872127273, 0.0705425712253287], [0.07521058464198414, 0.06899812846216188, 0.08117300380853934, 0.07344496791894606, 0.07608597736835017, 0.07253833026703158, 0.0815956813178911, 0.07884508577558877, 0.08245830476723943, 0.07461312210050998, 0.08304365289895106, 0.08145065089874587, 0.07054250977406065], [0.07521761687396987, 0.06904343813706683, 0.08042726892511162, 0.07312587529020736, 0.07623071213831396, 0.07239900596270953, 0.08230647410989744, 0.07897072666670223, 0.08295918854595155, 0.07490558690122676, 0.08281486713930591, 0.08104210026527052, 0.07055713904426648], [0.07504455499363576, 0.06913882270204863, 0.0799907517165256, 0.07286293026072506, 0.07611157644155941, 0.0722449066481819, 0.08261975176845876, 0.079610555691293, 0.08296956814755746, 0.07497136736093964, 0.08279006949209052, 0.081076897621141, 0.07056824715584328], [0.07485024288170047, 0.06921254602641509, 0.07994012767189324, 0.07278787863916446, 0.07588232770026367, 0.07216997884435154, 0.08227025570299504, 0.08030045786253961, 0.08263001661429346, 0.07483714700398858, 0.08311744206999946, 0.0814300601961117, 0.0705715187862839], [0.07473582342570756, 0.0692759616939292, 0.08025070982771138, 0.07294229765388577, 0.07566682876198207, 0.07222782621701083, 0.08167074100154839, 0.08071772474290997, 0.0822802656123912, 0.0746000731719803, 0.08295244951167256, 0.08207735164223239, 0.07060194673703833], [0.07472267482125022, 0.06918042593943267, 0.08053586401423793, 0.07303595763537671, 0.07560976954035509, 0.07224513731077939, 0.08147760750712765, 0.08060434573282677, 0.08224729525779664, 0.07446277437227121, 0.08296240862854083, 0.08237817917704947, 0.07053756006295554], [0.07473625095537137, 0.06900755564992404, 0.08084532936572081, 0.07310421406516136, 0.07559648095730155, 0.07223802279697727, 0.08139466315862097, 0.08021983317555265, 0.08228766237951121, 0.07434194471513135, 0.08333333333333333, 0.0824726639418398, 0.07042204550555418], [0.07479579272083882, 0.06901146929369595, 0.08102113187115095, 0.07320535204732943, 0.07563507098451917, 0.07230499420615578, 0.08133725531856524, 0.08003700405395056, 0.08226442796114317, 0.07433323332715358, 0.08314197182006135, 0.08246775377447813, 0.07044454262095771], [0.07490572155224984, 0.06900317564788509, 0.08101126616279392, 0.07322589508866187, 0.07577310363583649, 0.0723444579109555, 0.08153725177544871, 0.07972923674672168, 0.08249845301333984, 0.07444293721362139, 0.08291890274726893, 0.08214494595098362, 0.0704646525542329], [0.07482256228198848, 0.06909238770820914, 0.08043152740714402, 0.07296097421873102, 0.0757725169438104, 0.07221458432970582, 0.08188350026147953, 0.08012725008069736, 0.08268637867996396, 0.07460265066482745, 0.08298565861335722, 0.08192890230866205, 0.0704911065014236], [0.07491386783892497, 0.06902050467440216, 0.08029818397106352, 0.07290109818137475, 0.07591752348691053, 0.07219410568190122, 0.082