[[0.07701080221585602, 0.0817340692274863, 0.07225098635791655, 0.07476184974127403, 0.08203923885620237, 0.07202468595964577, 0.08074736113619281, 0.07480413716914987, 0.07270058518044178, 0.08284525944371325, 0.07410590121956247, 0.08183595396461701, 0.0731391695279417], [0.07690331531915656, 0.08162914866585566, 0.07222335255226751, 0.07473439329678204, 0.0822927316406984, 0.07201207895058714, 0.08058400007860697, 0.07480516028652395, 0.0726722071509467, 0.08303538788742722, 0.07410156572716352, 0.08189847024042807, 0.07310818820355626], [0.07679552580321751, 0.08148036176039564, 0.07223013271408438, 0.07472909255224194, 0.08259683729491284, 0.07203721503990096, 0.0803911069245494, 0.07483240325587462, 0.07267600096597197, 0.08307296198935747, 0.07412617101004253, 0.08192529945768526, 0.0731068912317653], [0.07672791134853525, 0.08138349561519068, 0.07224828488408966, 0.0747498730449427, 0.08284414820467513, 0.07207274258302267, 0.08025842045785997, 0.0748828817339887, 0.07269428337397968, 0.08288629244036552, 0.07417175920033736, 0.08195700856566566, 0.07312289854734684], [0.07665670128698811, 0.08124016274464983, 0.07229475040851979, 0.07478611131556187, 0.08313183159497321, 0.0721391792123162, 0.08009442612580935, 0.07495176148744653, 0.0727385468545612, 0.0826328733249574, 0.07423875845447526, 0.08193247956665159, 0.07316241762308962], [0.07661124300513977, 0.08117546523073095, 0.07230166993344025, 0.07481211758555065, 0.08333333333333333, 0.07216192837760314, 0.08000462759700114, 0.07500471860318834, 0.07274898824012076, 0.08244004477918626, 0.07428385942907663, 0.08194826722735774, 0.07317373665827105], [0.07660292843149007, 0.08115440974678662, 0.07234742417793488, 0.07491206710736324, 0.08301211347197927, 0.07223411920798355, 0.079939867153664, 0.07514871307020082, 0.07280518200123934, 0.08215460604593726, 0.07441041913742084, 0.08204281273526101, 0.07323533771273927], [0.07660008289104535, 0.08109489288322505, 0.07241606569397543, 0.07502376234954057, 0.08269666254029845, 0.07232918796210012, 0.07985889693754354, 0.07530347891594068, 0.07288229284671947, 0.08186438373044223, 0.07455079906372084, 0.08206343045733606, 0.07331606372811222], [0.07661814395154351, 0.08111754902519744, 0.07242410198344039, 0.07511968618797701, 0.08238928905184938, 0.07236011181872011, 0.07984931886209361, 0.07543973234721817, 0.07290728210907121, 0.08160757112937994, 0.07466210214399398, 0.08215242400465778, 0.07335268738485745], [0.07660881248915012, 0.08106762837278222, 0.07240538519152949, 0.0752246374462572, 0.08251492792583491, 0.0723737811350704, 0.07978127699515884, 0.07560306217828136, 0.07291239363978295, 0.08121242422451377, 0.07478981508429547, 0.08213174197594272, 0.07337411334140066], [0.07659932694121442, 0.08100693110952768, 0.07234083763272613, 0.07531480653642361, 0.08296702027912795, 0.07234038346097116, 0.07972050685075927, 0.07575219052884276, 0.0728775176323023, 0.08079246484812311, 0.07489556237987303, 0.08203155687044816, 0.07336089492966036], [0.07659201116856722, 0.08085423931815974, 0.07237110521720191, 0.0754244152908076, 0.08321669354892237, 0.0723986292343039, 0.07960516110845882, 0.07591067355709093, 0.07292339737439121, 0.08045090113096397, 0.0750303653304286, 0.08180603853953813, 0.07341636918116538], [0.07667944919053783, 0.0808687366521263, 0.07236442387828833, 0.07555387342545247, 0.08298107563204575, 0.072408922172537, 0.0796534051917286, 0.07607280990126322, 0.07294280803623207, 0.08015438124887411, 0.07515696098170875, 0.08170685460067975, 0.07345629908852577], [0.07676794386208192, 0.08088016060794691, 0.07237961091483976, 0.07566358144357896, 0.08267511955691507, 0.07243381599506271, 0.07970578396362274, 0.07620048632212217, 0.07297612459637187, 0.07994387664858912, 0.0752608400689485, 0.08160849393547312, 0.07350416208444722], [0.07690777863775576, 0.0809551857678286, 0.0723717235926002, 0.07577602469760605, 0.08227953191473922, 0.0724277940641951, 0.07983946345533155, 0.0763168809940931, 0.07299112132669304, 0.07973008262417851, 0.0753494068313071, 0.08151592207796768, 0.0735390840157041], [0.07703681189449299, 0.08107128885878283, 0.07234466363809536, 0.0758323733930914, 0.08196854721005287, 0.0723921315606653, 0.08000510449189564, 0.07635704708471402, 0.07297987162501855, 0.07961951647449805, 0.07537325293258376, 0.0814763265459872, 0.07354306429012203], [0.07722009083333904, 0.08117777917043037, 0.0723399700424199, 0.07592143002900137, 0.08154749965149176, 0.07237542961833086, 0.08021151731934843, 0.07641976152248334, 0.07299326160936671, 0.07944798225325234, 0.07542026730055597, 0.0813508961726248, 0.07357411447735512], [0.07742740794674385, 0.08136652873108552, 0.07231479342275808, 0.07595400932047897, 0.08112547721456893, 0.07232238025509781, 0.08051577532638692, 0.07639377011021971, 0.0729796952704482, 0.07936641371851082, 0.07539289126694908, 0.0812661162331464, 0.07357474118360581], [0.07713777842830498, 0.08167235968701503, 0.07238240310702178, 0.07480738182596247, 0.08176596856950925, 0.07213218957417955, 0.0808442521242537, 0.07480210917625642, 0.07281674229392433, 0.08266645556570709, 0.07413216794698511, 0.08159526151412777, 0.07324493018675261], [0.07699329723496315, 0.08158119414272756, 0.07232358249745874, 0.07475940399988042, 0.08207609102836716, 0.07209244575314631, 0.08065009270442051, 0.07479136708351243, 0.07275882868141187, 0.08297243622460065, 0.07411164751255322, 0.08170421085655583, 0.07318540228040185], [0.07691270923402456, 0.08151047864279481, 0.07229765229944267, 0.07473609852243633, 0.0822545508861724, 0.07207756417714763, 0.0805338605246151, 0.07478900729120423, 0.07273282401370736, 0.08314776960456152, 0.07410479600467183, 0.08174478333423328, 0.07315790546498839], [0.07678178020418801, 0.08141703453252727, 0.0722602145170029, 0.07473224676151126, 0.08263676669479059, 0.07206788432315553, 0.08034234588783293, 0.07483551522463851, 0.07270090196008734, 0.08308878065377037, 0.07413549705332546, 0.08187389872235173, 0.07312713346481815], [0.07688359497238358, 0.08152330183396433, 0.07226571617341286, 0.07472825391574157, 0.08232919538603194, 0.07205210247096525, 0.08051189017502612, 0.07479374782812366, 0.07270525659106045, 0.08316712212147971, 0.07410189115987058, 0.08180458599621249, 0.0731333413757274], [0.07670532553521216, 0.0812914632142258, 0.07229604389712815, 0.07476389305196623, 0.08292693125763523, 0.07212434041796802, 0.08018071771210344, 0.07490161744952296, 0.07273555528169964, 0.08282937455446139, 0.07419780113854452, 0.08188904400707703, 0.0731578924824555], [0.07665957172593947, 0.08116345034893031, 0.07235792000381909, 0.07479924615977827, 0.08308715535679861, 0.07219954966477236, 0.08005078579597383, 0.07495727316300947, 0.07279226689497022, 0.08263688184173572, 0.07425723028060723, 0.08183051747112177, 0.07320815129254363], [0.07660866575214169, 0.0811426886398719, 0.07233163865341558, 0.07483107865450589, 0.0832784399589611, 0.07219511579779898, 0.07997611596427498, 0.07502790133951806, 0.07277689988172677, 0.08239832003269874, 0.07430931248072223, 0.0819244682853117, 0.07319935455905234], [0.07658626657076038, 0.08100760185822058, 0.07244412147174151, 0.07492594186996034, 0.08309402520636446, 0.07232917499442205, 0.0798415775130005, 0.07515476051730033, 0.0728862408329577, 0.08213679275126193, 0.07443741805525882, 0.08185332022533094, 0.07330275813342041], [0.07657928465110042, 0.08096937872845648, 0.07249308205372329, 0.07503520446992379, 0.08279806544027495, 0.07240669042644617, 0.07976966425234996, 0.07531146611860745, 0.07294696930324815, 0.08184111467779404, 0.07457516553868172, 0.08190419942762313, 0.07336971491177043], [0.07659325872080039, 0.0809976029256453, 0.07249588726269456, 0.07510917617947031, 0.08252448045386719, 0.0724276164357441, 0.07976801971916087, 0.07541750847685051, 0.07296350628360178, 0.08165776560533995, 0.07466106152448485, 0.08198837844898604, 0.07339573796335407], [0.07661152890194799, 0.08100063584057633, 0.07251559502865379, 0.07519557509850779, 0.08224728663691859, 0.0724663647851712, 0.07975347938791791, 0.0755369619016312, 0.0729961681848302, 0.08145072124753144, 0.07476147728992447, 0.08202716773857197, 0.07343703795781717], [0.07659657839340922, 0.08096389654307426, 0.07249248424458905, 0.07524928368281757, 0.08242519627174405, 0.07246296340198108, 0.07970552321040032, 0.07562663769357149, 0.07298785975313143, 0.0812154241963442, 0.0748289924412201, 0.08200623653383672, 0.07343892363388065], [0.07658652825262423, 0.080927704278089, 0.07248225729349415, 0.07528392446779468, 0.08256626464300156, 0.07246500013533978, 0.07966851628414803, 0.0756835064809041, 0.07298631358943508, 0.08106667323047337, 0.07487282580933692, 0.08196724447813758, 0.07344324105722148], [0.07657574509701122, 0.08086469238110251, 0.07247934895335527, 0.07533745613398322, 0.0827420217181118, 0.07247891982282456, 0.079611814692562, 0.07576711038240833, 0.07299439553672628, 0.08086286207332034, 0.07493992093543812, 0.08188717721466875, 0.07345853505848757], [0.0765776191141808, 0.08085381053034277, 0.07243155985752832, 0.07537836429286403, 0.0829695865641274, 0.07244532845320256, 0.07959999692875093, 0.07583622667451602, 0.07296356277029621, 0.08066646506041401, 0.0749846497435537, 0.08185222026197932, 0.07344060974824383], [0.07659084512371203, 0.08065186348569978, 0.07252095053809067, 0.07555206168767614, 0.0829680190278346, 0.07257117030181068, 0.07945424435653625, 0.07607142200519358, 0.07306994303477223, 0.08024003918623616, 0.07519443907092815, 0.08155855630175492, 0.07355644587975457], [0.07665891565000744, 0.08067632597157946, 0.07248928622464475, 0.07564633743474186, 0.08286090320595624, 0.07255264795906176, 0.07950226796327164, 0.07619309676644641, 0.07306227323688486, 0.08000786520356165, 0.07528303572737062, 0.08149900598751914, 0.07356803866895421], [0.07660298657604035, 0.0809203018152706, 0.07231000888881642, 0.0754036414721135, 0.08333333333333333, 0.07233442456781132, 0.07965896570385392, 0.07588757410964851, 0.07286973029660798, 0.08044622964524213, 0.07499746466283465, 0.08186555407510618, 0.07336978485332103], [0.07671923313046664, 0.08065173741129068, 0.07251157113705224, 0.07574449479237289, 0.08264771957120134, 0.07258649983170753, 0.07951345012793108, 0.07631251763182617, 0.07309920279113982, 0.07981800597089606, 0.07538249213343924, 0.08139692833575755, 0.07361614713491864], [0.07684290414810181, 0.08067350545030232, 0.07251530547163702, 0.07587817110561208, 0.08229509425390885, 0.07259926699059539, 0.07959616582945261, 0.07646425988280055, 0.07312767657663526, 0.07956504435766008, 0.07550192785677981, 0.08127555768500357, 0.0736651203915106], [0.07692964254678133, 0.08075867359651757, 0.07248114099217742, 0.07591661134449124, 0.08211044506030574, 0.07256014388244132, 0.07970970177426552, 0.07649526972692568, 0.07310707676925407, 0.07948804968704849, 0.07551694908370733, 0.08126901570619921, 0.07365727982988503], [0.07708451205794695, 0.08086689876767991, 0.07245350546164751, 0.07599381146140263, 0.08176525638911385, 0.07252372897803919, 0.07988792813076025, 0.076555865464306, 0.07309922767052537, 0.07934179944496805, 0.07555634108010345, 0.08120290891618644, 0.07366821617732032], [0.07723937765818, 0.08086701591139944, 0.07248054949317824, 0.07611367329986744, 0.08139730649015624, 0.07254867222276708, 0.08001247171428466, 0.07666740461750851, 0.0731441455724465, 0.07912494722209729, 0.07564965851449157, 0.08102562511752216, 0.07372915216610085], [0.07736700044178955, 0.08108637614398266, 0.07240872468390944, 0.0760726041227586, 0.08119512952897082, 0.07244869613344501, 0.08027566677071846, 0.07657191233497364, 0.07307820810310504, 0.07917627749526596, 0.07555627988053477, 0.08109057099839441, 0.07367255336215162], [0.07712048851151881, 0.08152021492342132, 0.07246325728484353, 0.07481246141301523, 0.08179664413857446, 0.0722093302606286, 0.08073680212390691, 0.07479879882814996, 0.07288306157869724, 0.08273058628871262, 0.0741472184947318, 0.08148221371009332, 0.07329892244370627], [0.07690823165742953, 0.08137225512490336, 0.07238593793918001, 0.0747495216771433, 0.08224917476576207, 0.07216165286915203, 0.08044804195799535, 0.07479216852883326, 0.07280687167443366, 0.08317068365458632, 0.07412677850126112, 0.08160874971281373, 0.07321993193650635], [0.07698345456779628, 0.08143633931417177, 0.07240799445437153, 0.07476878851970721, 0.08208577878216461, 0.07217279730851707, 0.08055609237037548, 0.07479113506266706, 0.07282892653633719, 0.083020339763628, 0.07413003066923109, 0.08157492094812646, 0.07324340170290629], [0.07684211112890149, 0.08139471454846128, 0.07230604986115081, 0.07472041498947396, 0.08240304169861667, 0.0720939429282675, 0.08040390406052296, 0.07478741395570009, 0.07273620132276032, 0.08333333333333333, 0.07410613317634981, 0.08171692873528995, 0.07315581026117181], [0.07681466633515764, 0.08125521142612449, 0.07240040296395445, 0.0747549633963421, 0.08249867412884979, 0.07219435209440173, 0.08028035097713093, 0.07482901116361208, 0.07281901131916567, 0.08313086607592153, 0.07416078045170783, 0.08163414055574675, 0.07322756911188502], [0.07673332747337078, 0.08118459690004698, 0.07240005306766314, 0.0747785780690954, 0.08278090528207263, 0.07221696556696128, 0.08014557757973084, 0.07489229607343424, 0.07282277332765939, 0.08289148935458929, 0.07421292343562565, 0.08170870254575496, 0.07323181132399535], [0.076783685917198, 0.08129316503139282, 0.07234841283473166, 0.0747467187348963, 0.08261016816492218, 0.07215118140708977, 0.08027219841479556, 0.07483809364534771, 0.0727751378888232, 0.08310740130241462, 0.07415703991371662, 0.08172711422458907, 0.07318968252008237], [0.07667540733289223, 0.08106727767284042, 0.07245418966686602, 0.07482376018885128, 0.08295206158242469, 0.07229057338859858, 0.08000309491371013, 0.07496848736899503, 0.07287502749367358, 0.08263006460836665, 0.07428744594031349, 0.08169295012247679, 0.07327965971999126], [0.07664677174033242, 0.08100136471935895, 0.07249062149398189, 0.07485824345320033, 0.08299688300036519, 0.07233935215320061, 0.07992404840385986, 0.07502238901300726, 0.07291106475369129, 0.08247546173428195, 0.0743396578545393, 0.0816805556579497, 0.07331358602223118], [0.0766180751246517, 0.0809777744670063, 0.07248531337979998, 0.07487714501434956, 0.08309616219079986, 0.07234583757700119, 0.07987610840142159, 0.07506164589678872, 0.07291032195613951, 0.08235553712402714, 0.07437077653164291, 0.0817100947908255, 0.07331520754554584], [0.07656869718702218, 0.08087986052897028, 0.07251148713502782, 0.07491075276816048, 0.08333333333333334, 0.07238921039737314, 0.07976431960803806, 0.07512303556395977, 0.07293794564584165, 0.08214192684821604, 0.07442738574395445, 0.08167040442784881, 0.07334164081225408], [0.0765636269355063, 0.08086391005290058, 0.0725531840337143, 0.07501363746767364, 0.08298413180369149, 0.0724581968082307, 0.07970814885345369, 0.07527129676771883, 0.07299156807783136, 0.08188973281515582, 0.07455672291876504, 0.08174402116477453, 0.07340182230058374], [0.07656496133823856, 0.08085771937765752, 0.07257087434951318, 0.07506332466034417, 0.08282048323062831, 0.07248842554955429, 0.0796862490510549, 0.07534204750202678, 0.07301550879236957, 0.08177027906022206, 0.07461786966807259, 0.08177281087544643, 0.07342944654487171], [0.07656888277455706, 0.0808713902543546, 0.07256862826010857, 0.07508920105690031, 0.08272112763426864, 0.07249305988050357, 0.07968700474494958, 0.075380233628737, 0.07301868358244425, 0.08170869213091288, 0.07464811055414222, 0.081808577297793, 0.07343640820032823], [0.07657793862221401, 0.0808551920664588, 0.07260045260350556, 0.07517534673936413, 0.08245445194675846, 0.07254489740360211, 0.07965387329635705, 0.07550013602275606, 0.0730611621102093, 0.08150731878977911, 0.07475197819981118, 0.08183191064554139, 0.07348534155364289], [0.07659461873624424, 0.08085076129496795, 0.07262234139771803, 0.07525935974844208, 0.08219303477981081, 0.072585298402853, 0.07963590898121746, 0.07561615294836427, 0.07309517954624517, 0.08131643133414046, 0.07485022072987964, 0.08185336187709369, 0.07352733022302319], [0.07658097095184559, 0.08081937666756889, 0.07260410088986012, 0.07529910803431722, 0.08234201763262777, 0.07258229464004247, 0.07959656874898362, 0.07568366898942225, 0.07308815252396715, 0.08114233472271698, 0.07490099157740521, 0.0818324435715828, 0.07352797104965997], [0.07655885333571837, 0.0806948978003974, 0.07262440782389806, 0.0753966419877259, 0.08256059620712379, 0.07263204630229685, 0.07948383011211013, 0.07583203871053296, 0.0731237418312135, 0.08080435739535133, 0.07502618859857363, 0.08168974550486272, 0.07357265439019524], [0.07655286079739246, 0.08058602829592287, 0.07265088578723082, 0.07549153843405168, 0.08267703522000495, 0.07268322857646546, 0.07939446835981455, 0.07596963689623341, 0.07316383084158047, 0.080519490972834, 0.07514364074351046, 0.08154632227258743, 0.07362103280237141], [0.0765800543881403, 0.08059366445784781, 0.07257555271640476, 0.07556757910434157, 0.08288035005104352, 0.07262805473448981, 0.07940666769508696, 0.07608764547548853, 0.07311738042312645, 0.08024129842815021, 0.0752205096345867, 0.08150409385311147, 0.07359714903818185], [0.07656981026390566, 0.08069478702817572, 0.07252167991958096, 0.07547664236233642, 0.08294042532031036, 0.07255626360825404, 0.07947853032029376, 0.07596696046295394, 0.07305591452086689, 0.08044676628304574, 0.07511104609270866, 0.08164944661142913, 0.07353172720613885], [0.07655991384388712, 0.08070759849390148, 0.07257490265948004, 0.07541828602109432, 0.08272282761811327, 0.07259197049568017, 0.07948860795884628, 0.07587358700153467, 0.07308777708031886, 0.08068212290701324, 0.07504829424627693, 0.08169682065202397, 0.07354729102182977], [0.0765718383756557, 0.08080683254687028, 0.07256595000658338, 0.07533262483532721, 0.0825288540379119, 0.0725582021436157, 0.07957460172314543, 0.07574421744076501, 0.07306375186760972, 0.08097407699685598, 0.0749414190928052, 0.08182396612812626, 0.07351366480472825], [0.07656517059485089, 0.08068721408671514, 0.07254161281720917, 0.0754669619095572, 0.08288450272988046, 0.07257309341022446, 0.07947176997033885, 0.07595038181841884, 0.07307023132647543, 0.08049464487643167, 0.0751024214192622, 0.08165046758970235, 0.07354152745093333], [0.07658079701106285, 0.08084027280795433, 0.07241332265424887, 0.07540398658293061, 0.08307680774079065, 0.07243459289466468, 0.07959035668573383, 0.07587645511628388, 0.07295373443289618, 0.08056092649937352, 0.07501280131969676, 0.0818188398227839, 0.07343710643158005], [0.07661296826511035, 0.08059469078450932, 0.07255376256560367, 0.07562724468708781, 0.08287048509721219, 0.07261676848739328, 0.07942094608166991, 0.07616869804813553, 0.07311116033169929, 0.08008145043889818, 0.07527972401924213, 0.08145897112592376, 0.07360313006751447], [0.0766599028180588, 0.08058152292109581, 0.07255669804860192, 0.07570776634335917, 0.08274504557571428, 0.07263087581085456, 0.07943244830293929, 0.07627076362945617, 0.07312901016130073, 0.07990761224522093, 0.07536111822588878, 0.08138476073691811, 0.07363247518059145], [0.07673152757747402, 0.0805750537163274, 0.07256350053875295, 0.07580847352505066, 0.08253276800641897, 0.07264858586209941, 0.07946309603947774, 0.07639277684351069, 0.07315379331779163, 0.07970808227865775, 0.0754586754460259, 0.08129216633326448, 0.0736715005151483], [0.07679213972099298, 0.08056330314663131, 0.07257646175628076, 0.07588933964917471, 0.08234632670627713, 0.0726689749138547, 0.07948661165939468, 0.0764877703146656, 0.07317976318839906, 0.07955706038941178, 0.07553626463559232, 0.08120814931026382, 0.07370783460906118], [0.07691687275444316, 0.08064064002814304, 0.07254542223111814, 0.07597586978557318, 0.08206438678835115, 0.07263705274819623, 0.07961511860111398, 0.07657520801305395, 0.07317080577154415, 0.07939125942807664, 0.0755960626328249, 0.08115274222991256, 0.07371855898764881], [0.07706932470245054, 0.08068474543492293, 0.07254407389019364, 0.07608980992773536, 0.08170396159573681, 0.07263415148003274, 0.07974291479658599, 0.07668563449349276, 0.07319129159257533, 0.07918542794474634, 0.07568105790422955, 0.08102905372387692, 0.0737585525134211], [0.07718263837464466, 0.08072827532655882, 0.07253709089468031, 0.07615377434943682, 0.0814582754019648, 0.07262147271478225, 0.07987262020692626, 0.07673732648140173, 0.07319776194053645, 0.07906522302482458, 0.07571902592841728, 0.08094877870969029, 0.07377773664613578], [0.0773408005093524, 0.08081951281015765, 0.07251599497245267, 0.0762085065788191, 0.08115010031707025, 0.07258532526780788, 0.08009067969773485, 0.07676004039908817, 0.073191146193429, 0.07895310014484065, 0.07573074378108814, 0.08086795013035099, 0.07378609919780839], [0.07747889661125464, 0.08109176389892678, 0.07242634731963048, 0.07613372422842149, 0.08096014726954999, 0.07245933180776437, 0.08040296125693674, 0.07661459745120996, 0.07310449629192571, 0.07905650011080848, 0.07559397070663999, 0.08096984224277401, 0.07370742080415726], [0.07656572786633403, 0.08071801385128641, 0.07265255456704708, 0.07535736858431462, 0.08239858196831823, 0.07264589862957775, 0.0795110971580323, 0.07576570774796866, 0.07313888868915094, 0.08097211099729891, 0.07497885991080562, 0.08171676667343311, 0.07357842335643221], [0.07658315234350474, 0.08074196902197385, 0.07270055193533598, 0.07530828945934548, 0.08215165719973229, 0.07267293849317764, 0.07955035671726043, 0.07567699340413907, 0.073168198659779, 0.08120700579526824, 0.07491763101560685, 0.08172696119023433, 0.07359429476464201], [0.07656783680285148, 0.08075268038912882, 0.07267850881656726, 0.0752141683695213, 0.08241463564244449, 0.07262924417372352, 0.07957551603249932, 0.07554534910609449, 0.07313205232182209, 0.08142278742325851, 0.0748066264157242, 0.08171168868615604, 0.0735489058202086], [0.07656122601951461, 0.08074655360144646, 0.07267399433215173, 0.07517169775316881, 0.08255352601088722, 0.07261430833763358, 0.0795817632950681, 0.07548456492664725, 0.0731201588575004, 0.08151927794977963, 0.07475664252607248, 0.08168425662128077, 0.07353202976884882], [0.07655628136230719, 0.08075280654225524, 0.07265314255305576, 0.07509604972732802, 0.0827921635017443, 0.07257447473993782, 0.07960906289606559, 0.07537661066523105, 0.07308858540060385, 0.08169413357784187, 0.07466473580144095, 0.08164817024540429, 0.07349378298678381], [0.07656237624781469, 0.08077540881836048, 0.0726138331170066, 0.07498676855689719, 0.08312303053919994, 0.07250558781375567, 0.07966981070482969, 0.0752179522048791, 0.07303557477837035, 0.08196024613040488, 0.07452735864106833, 0.08158905083064294, 0.0734330016167701], [0.0765772196300487, 0.08079406377641381, 0.07260200710546107, 0.07494484951476345, 0.08318865398494563, 0.07247951254740889, 0.07971037447397594, 0.07515219525295587, 0.07301790598161001, 0.08208890469367375, 0.07447114171896972, 0.08156093532954971, 0.07341223599022352], [0.0766552340574086, 0.0810003187912813, 0.07228173472517109, 0.07543419961212966, 0.08314213989881197, 0.07230607882705567, 0.07973811724726304, 0.07592009703685816, 0.07285255020854339, 0.0803849718777863, 0.07501583009842223, 0.0819062877856987, 0.0733624398335699], [0.07671536204934433, 0.08079223742121593, 0.07242046019384718, 0.07565119783813555, 0.08279039936670829, 0.07247884597219853, 0.07961476176894913, 0.07619330419399295, 0.07300707468649904, 0.0799759512113474, 0.07526576427843144, 0.08156893901411648, 0.07352570200521377], [0.07681172873372401, 0.08073902882560856, 0.07247128210866562, 0.07580278717447207, 0.08243761091922562, 0.07254556890315017, 0.07962671503528714, 0.07637277546064326, 0.07307741012816972, 0.07969705431630483, 0.07541914855515426, 0.0813880509783871, 0.07361083886120748], [0.07660648188782522, 0.08085204270409471, 0.0725784042492662, 0.07490966706592964, 0.08312029084798857, 0.07244188946988318, 0.07978309078239415, 0.07509447080316578, 0.07299202126110506, 0.08224332439246511, 0.07441845779578646, 0.08157349812215503, 0.07338636061794095], [0.07664583990422404, 0.08090456649018603, 0.07257300618538927, 0.07488663018688338, 0.08295761737159381, 0.0724223232674435, 0.07985768118721336, 0.07504779817628421, 0.0729832833818842, 0.08239556103190379, 0.07437864223969891, 0.08157036184248376, 0.07337668873481192], [0.07669426178305255, 0.08097311724089142, 0.07255486451643511, 0.07485388249179259, 0.08280519799093153, 0.07238656382415834, 0.07995567991281226, 0.07498605773226907, 0.07296243717065622, 0.0825863927983933, 0.07432371893766536, 0.08156187846740168, 0.07335594713354043], [0.07674797594585239, 0.08102677880888541, 0.07254809111084526, 0.07482667967968881, 0.08265707623319461, 0.07236166705808135, 0.08005044480286005, 0.07492833355075379, 0.07295196098750478, 0.08275746660973726, 0.07427461689056272, 0.08152417684290539, 0.07334473147912818], [0.07680339868435883, 0.08109377429266885, 0.07253096203155862, 0.07480375776641686, 0.08250421615626401, 0.07232845755234918, 0.08015456106393684, 0.07487867904565881, 0.0729339888055626, 0.08290908529150086, 0.07422984289852194, 0.08150103740322015, 0.07332823900798233], [0.0768305212214036, 0.08113843972413229, 0.07251272463165266, 0.07479182649678931, 0.08243341304756731, 0.0723031756648337, 0.08021339131700128, 0.07485539560573304, 0.07291709893404957, 0.08298191058573033, 0.07420662904874538, 0.08150196455993157, 0.0733135091624299], [0.07687832821690059, 0.08120273454351301, 0.07249579551441404, 0.07478131296653195, 0.08231001950980435, 0.07227549736629447, 0.08030489684897499, 0.07482696665782404, 0.07290168546203332, 0.08304941987818215, 0.07417932863219463, 0.08149312066470142, 0.07330089373863105], [0.07693729292994134, 0.08126322623290555, 0.0724961228438514, 0.07478331080233783, 0.08217089694226151, 0.07226496781367887, 0.08040096219989647, 0.07480998366393019, 0.07290272910625346, 0.08302959236368393, 0.0741650096616404, 0.08147189124483589, 0.0733040141947832], [0.07703860317161698, 0.08129461173314276, 0.07255647968979849, 0.07481353971724328, 0.08194496162910107, 0.07230860009554879, 0.08051366510057069, 0.07480848910414561, 0.07295809932108785, 0.08285079689627656, 0.07417600875081318, 0.08137899670105232, 0.07335714808960248], [0.07714145853959367, 0.08134566473066898, 0.07259815741092512, 0.07484394778026339, 0.08173173138393064, 0.07233536812378678, 0.0806431513532083, 0.07481061666762465, 0.07299846870798476, 0.08266110826552381, 0.074185999791693, 0.08130606936561798, 0.07339825787917892], [0.0770495180923667, 0.08139046819673382, 0.0724952837167946, 0.07480105689957596, 0.08193543514211218, 0.07224802556139051, 0.0805875815043674, 0.07479896638494633, 0.07290625682295013, 0.08286733888207282, 0.07415486058116523, 0.08145172079543177, 0.07331348742009274], [0.07662444102284072, 0.08068235319590884, 0.07248536810076392, 0.0755903432357402, 0.08296476863239037, 0.07254140220357323, 0.07949116212256892, 0.07612313393186759, 0.07304834479807967, 0.0801262317943767, 0.07522683863767812, 0.08154924319555114, 0.07354636912866047], [0.07661438552691252, 0.08080251325754163, 0.0723970886758889, 0.07549783057733502, 0.0831474128968659, 0.07243746190708501, 0.07957610837527092, 0.0760065263739674, 0.07295868472087422, 0.08028405535320642, 0.07511289505353438, 0.08170710849404593, 0.07345792878747189], [0.07685018458134459, 0.08099555601962721, 0.07233694064193684, 0.075689768911622, 0.08246909341001674, 0.0723849524762253, 0.07983445977201205, 0.07621740548746739, 0.07294634233953837, 0.07988781713631289, 0.07526285285805526, 0.08163790808561867, 0.0734867182802229], [0.07673043029251188, 0.08096623812273585, 0.07232121090501453, 0.0755623000044342, 0.08285209438737164, 0.07236110675702105, 0.07974867721613546, 0.07607539497577026, 0.07290920230186161, 0.08013121076257003, 0.07514788242421426, 0.08176234610451265, 0.07343190574584661], [0.07659982553704843, 0.08103026519519602, 0.07236632312134217, 0.0752789614902438, 0.08279070452477076, 0.07235425332637803, 0.07974093131216226, 0.07569418132414782, 0.07289124516539416, 0.08095405006711338, 0.07485461428098669, 0.08207870808447885, 0.07336593657073769], [0.07661909504315445, 0.08101632881402555, 0.07227946835475488, 0.07536307878988319, 0.0832002163465851, 0.07229247459661879, 0.0797342611849323, 0.07582808957481108, 0.07283702482323527, 0.08056508170609951, 0.07494217764072811, 0.08198580914154287, 0.07333689398362901], [0.07695121160145063, 0.08105456512629537, 0.07233222944431725, 0.0757611404128692, 0.08219449814254455, 0.07237914653904802, 0.07993767628459494, 0.07628638333269243, 0.07295613312427061, 0.0797518244696912, 0.075315192436892, 0.08157053750633128, 0.07350946157900254], [0.07711930661414534, 0.08118845514730973, 0.07231147959769352, 0.07583639871043818, 0.08179045293422749, 0.07234690380796631, 0.08014603451845159, 0.0763383621187855, 0.07295374590831094, 0.07960403212953392, 0.07534975148024452, 0.08149013397579928, 0.07352494305709358], [0.07752249251948651, 0.08088036294873688, 0.07251685407929348, 0.07627647626697344, 0.08080114571318732, 0.07256896516491117, 0.08032306452241617, 0.0767880129465617, 0.07320520904192437, 0.07881474446926084, 0.07575249984859068, 0.08073592870563456, 0.07381424377302295], [0.07741221124995468, 0.08075480609460191, 0.07255402355735721, 0.07628923190408095, 0.08096987447714644, 0.07262650018912263, 0.08012668774172543, 0.0768426843237113, 0.07323753491276552, 0.0788105093231185, 0.07580480891565458, 0.08073179335017165, 0.07383933396058932], [0.07695217893681289, 0.08232341001280909, 0.07192720893952949, 0.0748993173063803, 0.08175822536672449, 0.07178175457780023, 0.080847495860192, 0.07509307738201278, 0.0724634960571719, 0.0818019952328645, 0.07426750394152473, 0.08291679575029753, 0.0729675406358802], [0.07687273499139055, 0.08210954499786317, 0.0719672691033104, 0.07485001001980891, 0.08206573603622859, 0.07181932812478241, 0.08069767569977031, 0.07503989527577445, 0.07248617537242001, 0.08205959172358561, 0.07423422156963247, 0.08282252944291255, 0.07297528764252059], [0.07681051710746123, 0.08196877819960208, 0.07198931479537206, 0.07486935693339741, 0.08218460813930584, 0.07185644233749261, 0.08055888569076092, 0.07508597480195006, 0.07250735963617846, 0.08201977760696454, 0.07427673176850146, 0.0828786260291218, 0.0729936269538914], [0.0767584806367573, 0.08181637214795599, 0.07203520375238046, 0.07488557563389973, 0.08232750605398137, 0.07191259418236531, 0.08042796396343019, 0.07511922644883799, 0.07254739693134928, 0.08202243410139011, 0.07431425624952329, 0.08280593250035692, 0.0730270573977722], [0.07674322501276175, 0.08174005161816607, 0.07207136063072937, 0.0749734010714695, 0.08218530935381156, 0.07197284900115464, 0.08033695945465215, 0.07524838799364049, 0.07259335091181263, 0.08176253765654698, 0.0744263626008296, 0.08286799525186112, 0.0730782094425643], [0.07675289949468507, 0.08172573165138045, 0.07207219849333515, 0.07504732390106557, 0.08211738306220047, 0.07199199751350667, 0.08031000994503301, 0.07535468908025467, 0.07260815026379115, 0.08150767034025276, 0.07451187489296797, 0.08289737380108218, 0.0731026975604448], [0.07681932788135355, 0.08187521701406529, 0.07198959741733937, 0.07509640837740778, 0.08211162640266632, 0.07191684587116427, 0.08043038392165147, 0.07541928927468862, 0.07255073176904599, 0.08121925757057549, 0.07454447540487366, 0.0829603939719582, 0.07306644512320995], [0.07698856951424171, 0.08225534746571338, 0.07192312928275028, 0.07511009756868517, 0.081685128053187, 0.07182811410569884, 0.08076621580805149, 0.0753919983561647, 0.07250017287052365, 0.08110603967497915, 0.07450623013483679, 0.08290593625825726, 0.07303302090691054], [0.07706609946490381, 0.08251623210929436, 0.07191691238720652, 0.07504187574418553, 0.08135767629374366, 0.07179016552024195, 0.08097855221296013, 0.07526563723827301, 0.07248274242130834, 0.08131259415743969, 0.0744030749795382, 0.08285832129993477, 0.07301011617097009], [0.07705061620654305, 0.08253066039801377, 0.07191481990771911, 0.07497363054639859, 0.0814382300077568, 0.07177268798975307, 0.0809992208146969, 0.07517086562827767, 0.07246811077488749, 0.08151987733162981, 0.07432667084102061, 0.08284801113500871, 0.07298659841829423], [0.07693379616099082, 0.0822868341842416, 0.07191790012255139, 0.07494956791079012, 0.08167144041332139, 0.0717903933018691, 0.0807865937574168, 0.07517558719257986, 0.07246530430833209, 0.08161609047821287, 0.07433182031945251, 0.08309801844579268, 0.07297665340444862], [0.07690014577107765, 0.08220935694344345, 0.07193569116741076, 0.07489363449291114, 0.08187417861966866, 0.07179755094318907, 0.08074620475666183, 0.07510116078511903, 0.07246897260502966, 0.0818406021664743, 0.07427624411188978, 0.0829868766879202, 0.07296938094920442], [0.07682044627361957, 0.08200115222663032, 0.07196798213672152, 0.07495161035880854, 0.08192640566206197, 0.07185778998926776, 0.08054462082053412, 0.07520879264736265, 0.0725056950656671, 0.0816847235453099, 0.07437058530849544, 0.08315409022095796, 0.07300610574456316], [0.07686916411148617, 0.08208654592279102, 0.07193358934466287, 0.07502162484451408, 0.08182009559133048, 0.07183616419254264, 0.08060401375369511, 0.07530167363133326, 0.07249131160907446, 0.0813876359782887, 0.07443706053807903, 0.0832035767971883, 0.07300754368501375], [0.07686057094962269, 0.08210536609236371, 0.07192799768618495, 0.07497687181258884, 0.08173523219031573, 0.07182057639712855, 0.08062180052053676, 0.07523955163979976, 0.07247825969483249, 0.08152506442850084, 0.07438603438695389, 0.08333333333333331, 0.07298934086783818], [0.07694764759768383, 0.08225993915427784, 0.07191625386303353, 0.07503290090313125, 0.08164445267234322, 0.07180880704165099, 0.08075411009082446, 0.07529403787769585, 0.07247978475150736, 0.08133760143694199, 0.07442641882814972, 0.08309553196734264, 0.07300251381541734], [0.07681554061038844, 0.08199621486953672, 0.07197300757152256, 0.07491600160471104, 0.08203383478619629, 0.07185353686676688, 0.08055354408475335, 0.07515670349994572, 0.07250299733264778, 0.08181926408530144, 0.07432990405823524, 0.08305153884079158, 0.07299791178920291], [0.07678227805496651, 0.08183579290595684, 0.07203397242215014, 0.07501640825632927, 0.08198464679013492, 0.07194302569718926, 0.08040257536994501, 0.07530587710887914, 0.07257135043708134, 0.08157013698521705, 0.07446369924019611, 0.0830215302161445, 0.07306870651580985], [0.07681391714483246, 0.08190917296662388, 0.07198361507380065, 0.07505322728276889, 0.08202649706091918, 0.07190083060550002, 0.0804559195497929, 0.07535854152319624, 0.07253764414702928, 0.0813546807356703, 0.07449442134175306, 0.08306299801792012, 0.07304853455019288], [0.07693792252100246, 0.08211832350163138, 0.07193936365808827, 0.07512525285449616, 0.08184831726469209, 0.07185631756094102, 0.08064970011627026, 0.07542921115558329, 0.07251594858821114, 0.08107762760376692, 0.07454005459985431, 0.0829152419041636, 0.07304671867129903], [0.07686901362376142, 0.08193341891947878, 0.07197462128275146, 0.07514327001674274, 0.08207142776993762, 0.07190622549839674, 0.08049078939358688, 0.07547363235794333, 0.07254767428782785, 0.08105873113475819, 0.07458419081357583, 0.08287374749410736, 0.07307325740713189], [0.07677035139124161, 0.08184146777610628, 0.0720278913246109, 0.0749553381360019, 0.08211158210593661, 0.07192300467519713, 0.08041928673304904, 0.07522043998859566, 0.07255476413494177, 0.08176511033923234, 0.07439384170322537, 0.08297206885200958, 0.07304485283985186], [0.07676548971773568, 0.08175367286745663, 0.07204330132552239, 0.07507136095123318, 0.08217273839608419, 0.07196958982815864, 0.08032804113987803, 0.07539123252375993, 0.07258934262038003, 0.08137401215972273, 0.07453462143624401, 0.08291472529633567, 0.07309187173748902], [0.07678526999550342, 0.08175295522916821, 0.07202777270541676, 0.07512500107806526, 0.0822606713440782, 0.071965930066885, 0.08032950784422146, 0.07546639313156094, 0.0725870408813714, 0.08116921096065388, 0.0745912708267088, 0.08283944485468986, 0.07309953108167684], [0.0772956575202672, 0.08284216500011647, 0.07198677578053136, 0.07495219696030322, 0.08110622379826471, 0.07178798957202423, 0.08144937257148842, 0.07503994172788409, 0.07252461278041207, 0.08153503917868016, 0.07423702199391907, 0.08220600889443284, 0.07303699422167603], [0.07726919280699457, 0.08293338901803765, 0.07194448533960185, 0.0749887210134875, 0.08106080903331842, 0.07176429803413234, 0.08140147585610472, 0.075110679993814, 0.07249686689037131, 0.08139154284651877, 0.07428455960168373, 0.0823344108058247, 0.0730195687601106], [0.07726535072266118, 0.08289528024777457, 0.07193275020262664, 0.07509478726043037, 0.08094467511865013, 0.07178285461781214, 0.0813197245630612, 0.075270011821554, 0.07250709715083854, 0.0811026224785691, 0.07440971160688373, 0.08243014542402885, 0.07304498878510941], [0.07736934001701742, 0.082762253963281, 0.07195955896766466, 0.07525102716146702, 0.08091279473157767, 0.07182998688309297, 0.08135770401030984, 0.07545640132698436, 0.07255897056514915, 0.08067180762706352, 0.07456506470019253, 0.08218909381035705, 0.07311599623584297], [0.0777900461986447, 0.08257237342530009, 0.07212780405492862, 0.07549106065043962, 0.08021406929199622, 0.07197312758305639, 0.08184604289698566, 0.07562497852422374, 0.07274448016301552, 0.0800938293938249, 0.07473921112734198, 0.08146343764055923, 0.0733195390496833], [0.07800094377992314, 0.0825341908441716, 0.07224216958964427, 0.07545726748229079, 0.07974347064805251, 0.07203346770240653, 0.08232415315920764, 0.0754822230728956, 0.07283379560826692, 0.08013247860683682, 0.0746519449459004, 0.08117018305780663, 0.07339371150259714], [0.07793840790656473, 0.08259233548212554, 0.07225551912425629, 0.07529469626199028, 0.07990599889807826, 0.07201300845843465, 0.08237766389025143, 0.075266910208187, 0.07281388695535487, 0.08049600405749374, 0.07448137263406523, 0.0812150639203022, 0.07334913220289584], [0.0777134037988341, 0.08273435736604341, 0.07218231545374257, 0.07512461685425997, 0.08036400245343485, 0.07193896749777409, 0.08206062229200654, 0.07511106721025106, 0.07272006940831156, 0.08097386581141258, 0.07433833517761283, 0.0815006808623072, 0.07323769581400921], [0.07740916116472044, 0.08291389821746738, 0.07202556091075596, 0.07499145381952008, 0.08088740217049144, 0.07181373587678294, 0.08162733503152575, 0.07505076849387061, 0.0725645804407659, 0.08138041786421188, 0.07425439514619295, 0.082001681850554, 0.07307960901314053], [0.07734061134456524, 0.08303956428328144, 0.07195942160282585, 0.07500905280933, 0.08091741919325755, 0.07177066034750296, 0.08152095979418002, 0.07511261551127768, 0.07251349121740876, 0.08129661707666237, 0.074289497967367, 0.08219133126939399, 0.07303875758294721], [0.07736494633606882, 0.08311160297567272, 0.07194557426250402, 0.07509803242054111, 0.08074576419909871, 0.07177770321961985, 0.08150844127927893, 0.07523696676603456, 0.07251906722767112, 0.08103593768153493, 0.07438623989506324, 0.0822111651662215, 0.07305855857069053], [0.07737951222070882, 0.08303419350428357, 0.07194891320493849, 0.0751505304072482, 0.08074728942454158, 0.0717921259041517, 0.08148782540599767, 0.0753079983111891, 0.07253169334203736, 0.08090183622496656, 0.074443918908009, 0.08219634046496764, 0.07307782267696036], [0.07750924722467124, 0.08304664146987782, 0.0719877863826075, 0.07522312912702296, 0.08053858291950337, 0.07182401251806884, 0.0816603732094638, 0.07536085625714149, 0.07257806771060857, 0.08068953232084934, 0.07449527696260465, 0.08195491418874402, 0.07313157970883642], [0.07754872519485238, 0.08313250216920338, 0.07202604688715025, 0.07510410851242057, 0.0805088515315, 0.07182030383041453, 0.0818369591635143, 0.07516647622345744, 0.07258749240345848, 0.08097086543477967, 0.07434804019488789, 0.08182838086913456, 0.07312124758522666], [0.07774807888237825, 0.08289484516093376, 0.07212897632365733, 0.07522005573662428, 0.0801710865999845, 0.07191056803818138, 0