[[0.08093926453964463, 0.07055085957484906, 0.071643137190791, 0.07589152613280499, 0.07476764163543428, 0.0707895737025816, 0.08013105039555733, 0.08275885584659953, 0.08145095190771409, 0.07324444217101532, 0.07536103424494724, 0.08166545768046707, 0.08080620497759379], [0.08120444312404924, 0.07057720863608163, 0.07167746821478693, 0.07579596319328762, 0.07469572005250395, 0.07082104002534577, 0.079954553931678, 0.08298407690786391, 0.08133566076111824, 0.07325351804749028, 0.07526249169062658, 0.08177157811647581, 0.08066627729869208], [0.08154148349896083, 0.07066143588142842, 0.07176469111776873, 0.07571176144551582, 0.07464476768814428, 0.07090977304124386, 0.07975157341938263, 0.08302980055013369, 0.08117319692916838, 0.0733027780820353, 0.07517838335749566, 0.08183869473912378, 0.08049166024959853], [0.0818470894129235, 0.07074218974476487, 0.07185588359384991, 0.0756642213392658, 0.07462212542957493, 0.07099683716939462, 0.07961470636180536, 0.08281430416578155, 0.08106950766631198, 0.07336765386579946, 0.07512533895143034, 0.08189847651244535, 0.08038166578665229], [0.08219646309456338, 0.07078539913376032, 0.0719115434484815, 0.07557024801392825, 0.07455483825119598, 0.07104718193075292, 0.07942258116951133, 0.08309904227520105, 0.08089955208625768, 0.07339526675915706, 0.07502590240845662, 0.0818799566655675, 0.08021202476316631], [0.08243631431745119, 0.07077310602529795, 0.0719235464748931, 0.0754983202543782, 0.0744936136475347, 0.0710444111275119, 0.07931046384109519, 0.08333333333333333, 0.08081820426170522, 0.0734013280235479, 0.0749405739472863, 0.08189953096794343, 0.08012725377802153], [0.08273685192836554, 0.0707484012197854, 0.0719545362800452, 0.07542650555624439, 0.0744288624300941, 0.07103968363227549, 0.07920576930630249, 0.08333333333333333, 0.0807735507066531, 0.07344009471175719, 0.07483623683805937, 0.0819994391875157, 0.08007673486956872], [0.08294785912894735, 0.07083249836166879, 0.07208151421073329, 0.07541306240028853, 0.07443375844634097, 0.07114061344325831, 0.07910981025163606, 0.08295895961979809, 0.08070027297351105, 0.07355884861854192, 0.07479786175229682, 0.0820094216882082, 0.0800155191047706], [0.08333333333333333, 0.0707940999058042, 0.07211093136734407, 0.07538832164801729, 0.0744046549870761, 0.07112494372497173, 0.07907706476656225, 0.08258810833025627, 0.08071174945544314, 0.0736154357672746, 0.07473292572758596, 0.0820847732731549, 0.08003365771317611], [0.08289266323323206, 0.07095796181728375, 0.07234368259603347, 0.07547314391835865, 0.07450534839667027, 0.0713140914099101, 0.07905480326328448, 0.08206967324287703, 0.08068498550885088, 0.07385520291219308, 0.0747762677272957, 0.08202438302622232, 0.08004779294778808], [0.08333333333333333, 0.07098533369844821, 0.07246222899299189, 0.07550261137130632, 0.0745350390032771, 0.07137224807467436, 0.07901322328509705, 0.08151329666435178, 0.08062804796149527, 0.07400889105701625, 0.07475205539713142, 0.08184995203561327, 0.08004373912526373], [0.08312137618083415, 0.07119328248469524, 0.07271185456110875, 0.07558787135333744, 0.07464735307818807, 0.07159708288729018, 0.07894036857500215, 0.08111980278011019, 0.08048497095425565, 0.07424635862658278, 0.0748143658341828, 0.081573554972154, 0.07996175771225858], [0.08311342992758824, 0.07118952894105463, 0.07278785594981227, 0.07567261326975115, 0.07471663197582326, 0.0716181603539495, 0.07899434299103458, 0.08067614400563343, 0.08056484884945828, 0.07437672042556817, 0.0748493041622545, 0.08140488493590595, 0.08003553421216623], [0.08311868976217215, 0.07117972421199699, 0.07283552414385923, 0.07574551557349808, 0.07477518307590185, 0.07162579218981104, 0.07904469780282952, 0.08034417581992194, 0.08063321356585389, 0.07446917076423663, 0.07488512650344337, 0.0812495752871857, 0.08009361129928935], [0.08316583833120482, 0.07108047498718463, 0.07280809132827318, 0.07584012977043882, 0.07483337011429327, 0.07154634060207037, 0.07916946371336821, 0.07994495817784074, 0.0807814594586082, 0.07452032734739096, 0.07492942352911858, 0.08114877147701134, 0.08023135116319702], [0.08308648810731056, 0.07094647233306367, 0.07272078075480748, 0.07592400453831398, 0.07487454123700993, 0.07142331185876621, 0.07933142849087217, 0.07966693760763816, 0.08096154436988691, 0.07450670119758109, 0.0749755232655108, 0.08117622878411253, 0.08040603745512653], [0.08281077321718851, 0.07083261987788265, 0.0726562171248396, 0.07607137679463814, 0.07497128119244272, 0.0713205734238388, 0.0795474130407175, 0.07927502866324102, 0.0811609623784204, 0.07452869002577271, 0.07507831927856565, 0.08113036088218435, 0.08061638410026785], [0.08297861025596284, 0.07056085671194817, 0.07242066130287268, 0.07618433767772824, 0.07500573703810808, 0.07105322754650477, 0.07985049671088744, 0.07890885575966715, 0.08144555783810643, 0.0744008203305467, 0.07514893763835126, 0.08112019874233424, 0.08092170244698217], [0.08058915230985854, 0.07067597154225964, 0.0717081904546544, 0.07603765781937465, 0.07491405707595053, 0.07089404432321882, 0.08024689740506691, 0.08254804067195678, 0.08137742705108246, 0.07329346174813593, 0.07554424286926298, 0.08136196469045111, 0.08080889203872718], [0.08091847386008116, 0.0706717757501774, 0.07172038683271957, 0.0758999900892855, 0.0748014733381699, 0.07089795945364645, 0.08003344420936767, 0.0829102013442767, 0.08127904660482893, 0.0732808732689262, 0.07539841360659208, 0.0815273500182612, 0.0806606116236673], [0.08112367881551792, 0.07067935751943552, 0.07173554518008601, 0.07582499345336222, 0.07474225106344953, 0.07090973884814311, 0.07990706512541235, 0.08311633331535011, 0.08120166943950154, 0.07327964384930276, 0.07531995264044482, 0.08159607172764673, 0.08056369902234746], [0.08159277501855201, 0.07071284191412013, 0.07180205727432769, 0.07570798389350529, 0.07465282658101033, 0.07095757544840042, 0.07970207379621609, 0.08304869859079905, 0.08110295410886141, 0.07332253293539594, 0.0751838266730299, 0.08178433569082405, 0.08042951807495761], [0.08121258659361434, 0.07065118903127063, 0.0717238190341252, 0.07579248265478693, 0.07470945126016684, 0.07088722475854331, 0.07988146043046065, 0.0831390039110304, 0.08121709597666057, 0.07327251918341839, 0.07527731494321466, 0.08167174501509276, 0.08056410720761517], [0.08195500029131163, 0.0708110140398492, 0.0719102541450071, 0.07564832921003414, 0.07462393926833986, 0.07106256468223486, 0.07953191548640537, 0.08286212060658568, 0.08096583758460608, 0.07339728831007002, 0.0751191666016062, 0.08182498144470997, 0.08028758832923968], [0.08219585747055512, 0.07087594688075768, 0.07197376264536375, 0.07558978425150097, 0.07459007872630641, 0.07112966604577713, 0.07938200005868168, 0.08304769363621697, 0.08081562347493172, 0.07343125309962448, 0.07506299262981825, 0.08176197583316938, 0.08014336524729647], [0.08249743354942378, 0.07080959318391447, 0.07195707763562144, 0.07549639449794572, 0.07449952887862979, 0.07108075498402686, 0.07927890713591307, 0.08326936050311844, 0.08078035234721871, 0.07342479152418545, 0.07494068078820061, 0.08187152256660706, 0.08009360240519471], [0.0828457657313266, 0.07093308743488227, 0.07209018197215045, 0.07546068700896963, 0.0744953545439063, 0.07121111200758576, 0.07912207109573682, 0.08306845805889965, 0.08061961165348129, 0.0735233786032619, 0.07490057315316836, 0.08178247495583116, 0.07994724378079993], [0.08313580078566614, 0.07094984077565933, 0.07216408737458241, 0.07541203885954952, 0.07445778486025377, 0.07124881791699919, 0.07902000191254062, 0.08291434502392392, 0.08056083620917934, 0.07360110820422149, 0.07481884985049207, 0.08182385934710767, 0.0798926288798245], [0.08307279151122754, 0.07095459562550069, 0.07221901861901499, 0.07541672349448653, 0.07446115276258188, 0.07127068346675738, 0.07901367897053842, 0.08270140018390072, 0.08058988205283664, 0.07367358219060426, 0.07479347171009026, 0.0819078058524397, 0.07992521356002093], [0.08310339559239698, 0.07098035125775182, 0.07229353716157529, 0.07542730705333865, 0.07447398668071122, 0.07131338526650333, 0.07899371274310202, 0.08242004285765916, 0.08058967009985636, 0.07376189591329013, 0.07477517058579959, 0.08193004486494133, 0.07993749992307413], [0.08301288424355932, 0.0710543658580114, 0.07241153013566905, 0.075460840705903, 0.07451555382317279, 0.07140329387944117, 0.07896908838600904, 0.08211674851935982, 0.08056443735465803, 0.07388640794551701, 0.07478281711394226, 0.08188685287629273, 0.07993517915846426], [0.08312986683766523, 0.07108695637686203, 0.07247181001609403, 0.07546945123423444, 0.07452909596140958, 0.07144582152380893, 0.07893970163135622, 0.08192762631280684, 0.08052940124424743, 0.07395117369943083, 0.07477559746253327, 0.08182672997118899, 0.07991676772836218], [0.08306005942790888, 0.07117807917499691, 0.07259425710487857, 0.0755068987317283, 0.07457798404305128, 0.07154880723107837, 0.07890574454131287, 0.08167726251934379, 0.08047422794072748, 0.07407274985374006, 0.07479520414637188, 0.08171913536602508, 0.07988958991883666], [0.08309701482013122, 0.07119176073216796, 0.07265537150925111, 0.07554032122688646, 0.07460802503752949, 0.07157807058203314, 0.07891300659601229, 0.08141547726153575, 0.08047309523043436, 0.07415692828898793, 0.07480033096308289, 0.08165536747959563, 0.07991523027235194], [0.08306441910524502, 0.07143283124126522, 0.07295134396653113, 0.07562509540044035, 0.0747274548411514, 0.07184124450868724, 0.0787965699403933, 0.08090652801445698, 0.08028031486999959, 0.07443752344825114, 0.07485619611984574, 0.08129611717151075, 0.07978436137222203], [0.0830628869448424, 0.07140436208006208, 0.07299386581642928, 0.07569168622773004, 0.07477704231648205, 0.07183444180682054, 0.07885056381957616, 0.0805607834726985, 0.08037046376487061, 0.07453236930226824, 0.074878912208089, 0.08118596264487715, 0.07985665959525394], [0.08311784277940906, 0.07112159764006283, 0.07265730647343817, 0.07559666683076632, 0.07463972516957292, 0.07152934785916597, 0.07899926641416986, 0.08108356438946147, 0.0805595059528637, 0.07421799595017403, 0.07481106139236067, 0.08162979171136424, 0.08003632743719087], [0.08311517519142705, 0.07142176766029258, 0.07305881109912796, 0.0757446908641523, 0.07482519109442337, 0.07186695759974833, 0.07885962413905039, 0.08028531442346973, 0.08038622482088635, 0.0746263315224551, 0.07490307691213206, 0.08104004955521528, 0.07986678511761959], [0.08333333333333333, 0.07135627178223977, 0.07307337101629587, 0.07582775771237735, 0.07488200891575031, 0.0718248768970624, 0.07892856573624626, 0.07986690519208514, 0.08046954140629503, 0.0747121339843013, 0.07493426368980045, 0.08084889497886665, 0.07994207535534611], [0.08333333333333334, 0.07124688099824364, 0.07300440924403095, 0.07587960259715476, 0.07490256945253293, 0.0717254449594728, 0.07903515000278515, 0.07967957384012218, 0.0805939247152875, 0.07470046043353333, 0.07495580187465767, 0.08088253800021857, 0.08006031054862724], [0.08333333333333333, 0.07109507959597682, 0.07291234097746024, 0.07598075271867698, 0.07495505574801477, 0.07158814880714783, 0.07920518680532822, 0.07934007375925253, 0.08076891967946462, 0.07469739643288689, 0.07500964740727555, 0.0808783866054655, 0.08023567812971673], [0.0830776700115221, 0.0710821388356724, 0.0729484060620513, 0.07612854317222474, 0.07507460208268411, 0.0715882205686283, 0.07932368927331165, 0.07895638922419614, 0.08083549081794301, 0.07479764020583858, 0.07511713602051336, 0.08074529015397557, 0.08032478357143868], [0.08308115820690347, 0.07082743059903639, 0.0727073287014976, 0.07618729638743392, 0.07506753333394404, 0.07133172780619584, 0.0795841278685856, 0.07883282994253904, 0.08111416321633959, 0.07463696319507361, 0.07515141353842562, 0.08087238491691037, 0.08060564228711488], [0.08058150403391841, 0.07080845136689003, 0.07179759406715489, 0.07604692785120165, 0.07495105941948448, 0.0710143905841562, 0.08013799794148634, 0.08262643343542468, 0.08120691358511269, 0.07334008070053785, 0.07558214368249691, 0.08124802002169333, 0.08065848331044263], [0.08113898618153145, 0.070806540763666, 0.07182075275459862, 0.07584218252392606, 0.0747842240203121, 0.07102495602499233, 0.07982116502532217, 0.08314369691447866, 0.0810468741690393, 0.07332530063912353, 0.07536425147655695, 0.0814468665121715, 0.08043420299428128], [0.08093284481230055, 0.07079852582074228, 0.07180488831440175, 0.07591294148729087, 0.07484007201711959, 0.07101270260263458, 0.07993861863495824, 0.08296757281754044, 0.08111652897036259, 0.07332490941742863, 0.07543897816724388, 0.0813890239550616, 0.0805223929829149], [0.08131453711531975, 0.07072839358545688, 0.07177639821045687, 0.07576618263143874, 0.07470534850182983, 0.07095818136378058, 0.07976860239345211, 0.08333333333333333, 0.08107338597108853, 0.07329281260572701, 0.07526767393447847, 0.08158335260119748, 0.08043179775244036], [0.0814695615372507, 0.07088592636113926, 0.07190571326586527, 0.0757670598372892, 0.07473913331164017, 0.07110949239318823, 0.07964465306351563, 0.08309832782622575, 0.08092123915633927, 0.07337634471715104, 0.07528654975628464, 0.08150398182860603, 0.08029201694550483], [0.08183676757940686, 0.0709477828803856, 0.07199277852903976, 0.07570237729955794, 0.0746977336305357, 0.07118269644685597, 0.07950481254914399, 0.08282247136637089, 0.08084895474360394, 0.07344228737273494, 0.07520667584839204, 0.08161360883138019, 0.08020105292259226], [0.08158778259741092, 0.0708344487724112, 0.07188206531671155, 0.07573000739243649, 0.07469729628305373, 0.0710671686919495, 0.0796333410389767, 0.08307105434907354, 0.08096495171087759, 0.07336534187169481, 0.07523224520461354, 0.08161750457385013, 0.08031679219694025], [0.08213803524762124, 0.07097712899503993, 0.07203640194344241, 0.07560993383163597, 0.07462858241319731, 0.0712195048764633, 0.07933025128057661, 0.08313552479314947, 0.08070463887834689, 0.07346196603676147, 0.07510704515574247, 0.08159829882323653, 0.08005268772478627], [0.08231820325085838, 0.07098999585494067, 0.07206087825350035, 0.0755547737757138, 0.07458628010614998, 0.07123780031727087, 0.07922908276381492, 0.08333333333333334, 0.08062052548762587, 0.07347415676374959, 0.07504577286911712, 0.08158161731119504, 0.0799675799127301], [0.08249549587422031, 0.07101113298354116, 0.07210115258640172, 0.07553285621371153, 0.0745718977250277, 0.0712664492729185, 0.07918030411297503, 0.08315906644330072, 0.0805971045138739, 0.07351058319452725, 0.07501246820944245, 0.08162073778354322, 0.0799407510865167], [0.08273657122563853, 0.07107052591945809, 0.07217572572902721, 0.07548817009655359, 0.07454725500478035, 0.07133336792085698, 0.07906017169280741, 0.08316191777510965, 0.08048796305311154, 0.07356539933369878, 0.07495962922032698, 0.08157615399357568, 0.07983714903505543], [0.08314139458497999, 0.07107669549901535, 0.07223804115409044, 0.07544074238389109, 0.07450818643818789, 0.07135992288785918, 0.07897502157352253, 0.0828441066079721, 0.08045430923861904, 0.07363365768528829, 0.07487942786232073, 0.08164699819983604, 0.07980149588441736], [0.08333333333333334, 0.07106464865519939, 0.07225522457043872, 0.07541414407837019, 0.07448348210833197, 0.07135816175080968, 0.07893538463521224, 0.08277166143435853, 0.08043679403977311, 0.07365718611963828, 0.0748359965196753, 0.08166923167689753, 0.07978475107796192], [0.08321086768722749, 0.07107242753397973, 0.07228158062896624, 0.075420508712623, 0.07448957466166306, 0.0713723239305728, 0.07893781701667557, 0.08273083187705618, 0.08045343589881732, 0.07368962727228212, 0.07483118097613475, 0.08170788908769722, 0.07980193471630453], [0.08333333333333331, 0.07110005502526914, 0.07235368422034823, 0.07541317414083219, 0.0744882379916852, 0.07141591336872288, 0.07889204336339412, 0.08250637515602559, 0.0804279111967339, 0.07376874750562817, 0.07479808927681615, 0.08171633956816321, 0.07978609585304769], [0.08333333333333333, 0.07113248542896217, 0.07243172180096694, 0.07542503433105419, 0.0745035829603171, 0.07146434806583384, 0.07886966180748863, 0.08226682235113712, 0.08041988126599517, 0.07385802519765336, 0.07478330393967768, 0.08172048966405311, 0.07979130985352727], [0.08308490825523741, 0.07121495113773652, 0.07254470198040144, 0.07546582690975677, 0.07455280690422551, 0.07155818715027593, 0.07885834901333873, 0.08205461236482077, 0.08040419992800547, 0.07397226596500531, 0.07480616167398219, 0.08168924556859995, 0.07979378314861399], [0.08311024827245765, 0.07136951198295666, 0.07274758360670244, 0.0755085217150558, 0.07461882772916223, 0.07173175587537928, 0.07877331968432061, 0.08164311642241281, 0.0802858284297154, 0.07416611833326604, 0.07482234001731813, 0.08150492967875464, 0.07971789825249848], [0.08333333333333334, 0.0714706334661809, 0.07289492492089927, 0.07553321443927939, 0.0746600566891453, 0.07185028489705308, 0.07869487964041275, 0.08129170866340206, 0.08017288901084021, 0.07431229059140664, 0.07482217841954368, 0.08131936050907485, 0.07964424541942863], [0.08294357656078911, 0.0715179860549753, 0.07301661253537906, 0.07563063061586374, 0.07474923420664777, 0.07192155525247546, 0.07875339295200344, 0.08093137960930526, 0.08021246980331466, 0.07447581438760201, 0.07487481682435677, 0.0812470550167547, 0.07972547618053279], [0.08298726940197941, 0.0713928338246112, 0.07286624125521773, 0.07558688384626604, 0.0746874281505389, 0.07178602262747072, 0.07881136048529969, 0.08117720185911952, 0.0803113334876344, 0.07433484850263469, 0.0748440010684044, 0.08142208363572113, 0.07979249185510225], [0.08310653083835541, 0.07135726958227495, 0.07277302019958726, 0.07552905505958098, 0.07463295940431458, 0.07173149720579713, 0.07879169729510745, 0.08148276117292626, 0.0803079832288637, 0.0742136808637239, 0.07482044222317229, 0.08149896234937694, 0.07975414057691918], [0.08333333333333334, 0.07120029759716495, 0.07257414959095376, 0.07546298808103273, 0.07454741255921744, 0.07155819576925374, 0.07883952033519617, 0.0818362412996619, 0.0803924994505698, 0.0740205499124386, 0.07477785057240727, 0.08165983567370541, 0.07979712582506499], [0.08307020450357624, 0.07138901857406998, 0.07284864788094075, 0.0755681016937475, 0.07467138117160904, 0.07177790023963908, 0.07879497884152555, 0.08124150870772161, 0.08029739438063555, 0.07430810763636134, 0.07483375286669777, 0.08142820882065535, 0.07977079468282015], [0.08303823898981548, 0.07121822533385119, 0.07270388215841668, 0.07556785615089515, 0.07463590006709925, 0.0716119599944977, 0.07891745180903888, 0.08127879269381263, 0.08046629142488515, 0.0742145136301631, 0.07481464400996853, 0.08160683957597473, 0.07992540416158155], [0.08300577958385884, 0.07150477486678951, 0.07305019025356725, 0.0756645323425515, 0.07477497014922739, 0.0719229762418948, 0.07877118283091847, 0.08070570126826986, 0.08025385557470513, 0.07453969494532137, 0.07488072259899894, 0.08117063238627123, 0.07975498695762585], [0.08297344282340256, 0.07152148829996917, 0.07311203619848021, 0.0757157077684922, 0.07482111686859447, 0.07195403436893705, 0.07878757928676809, 0.08046016397886172, 0.08028305703290042, 0.07462885758936941, 0.07490472225421455, 0.08106152799253426, 0.07977626553747584], [0.08298336433043815, 0.07152195190272873, 0.0731679664582402, 0.07578038658942167, 0.07487551527231134, 0.07197159244891761, 0.07881836406529637, 0.08016346978016134, 0.0803244697020405, 0.07472434550649251, 0.07493513799509355, 0.08092273353944614, 0.07981070240941182], [0.08311155214118401, 0.07150981950016903, 0.07319864190528874, 0.07582379881690075, 0.07491003113598331, 0.07197249074901584, 0.07883476033955225, 0.07993123731547581, 0.08034298893992058, 0.07478735062371977, 0.07495193883435812, 0.08079872475733484, 0.07982666494109693], [0.08316915105700393, 0.07139368952236314, 0.07314958715970828, 0.0759061080118247, 0.07495525213045545, 0.07187432452248319, 0.07895279954150916, 0.07961002733504019, 0.08047654777125007, 0.07481687182123709, 0.07498726058398829, 0.08075430675804543, 0.07995407378509123], [0.08309062587652322, 0.07131517119427658, 0.07313610715375053, 0.076025423500932, 0.07503872092900768, 0.07181317929055273, 0.07907666788674143, 0.07922678467644984, 0.08058460058633424, 0.07488267193800598, 0.07505835438086288, 0.08068265984033446, 0.08006903274622865], [0.08299767002170963, 0.07124785758116761, 0.07310629388312002, 0.07611730851472046, 0.07510092288969367, 0.07175498951630263, 0.07918683085567184, 0.07897862294895394, 0.08067357700272305, 0.07491024030686048, 0.0751188865362335, 0.080638396995281, 0.08016840294756215], [0.08333333333333334, 0.0710531754027102, 0.07295970803671355, 0.07620137951304136, 0.0751304538867274, 0.07157054902427146, 0.07935242449133803, 0.07866099770716788, 0.08081145172003862, 0.07485379106242097, 0.07515941912149503, 0.08059000574062869, 0.08032331096011351], [0.08333333333333333, 0.07074167150263398, 0.07265164899588471, 0.07625907752324064, 0.07510914956613396, 0.07125287561183347, 0.07967336528850372, 0.0785699190173819, 0.08115119310335377, 0.07463362763000912, 0.07519520657551153, 0.08075983168914548, 0.08066910016303426], [0.08313957208842432, 0.07133392457718374, 0.07267441322414286, 0.07548311384882413, 0.07459112330471347, 0.07168318754437518, 0.07878287611734361, 0.0818508934680324, 0.08029964112767873, 0.07408145330193612, 0.07481864509383254, 0.0815486010308167, 0.07971255527269616], [0.08314225960771081, 0.07129806736757492, 0.07258279627887433, 0.0754597336673844, 0.07456544564656863, 0.07162809727559719, 0.07880018675458815, 0.08213369813154471, 0.08031069361344782, 0.07397269798730821, 0.07482752745204163, 0.0815764466419516, 0.07970234957540745], [0.08315374344541104, 0.0712577403425781, 0.07249034612367665, 0.07544644552036736, 0.07454742494819434, 0.07156938974609389, 0.07882871012181232, 0.0823867627833011, 0.08032493326048729, 0.07386840449684058, 0.07484438864196917, 0.08158073601517218, 0.07970097455409601], [0.08308117389053639, 0.07126448751539956, 0.0724685374920019, 0.07545368231797693, 0.07455524119353629, 0.0715664020406097, 0.0788432362510015, 0.0824823066419722, 0.08032349893521715, 0.07383690377218567, 0.0748681706342443, 0.08156010202788894, 0.07969625728742945], [0.08314611046472895, 0.07122392253095385, 0.07238697317269294, 0.07544874907801165, 0.07454427956025483, 0.07151099692455942, 0.0788731084812739, 0.08267124332350273, 0.08033108678212543, 0.07374988068988327, 0.07488720666826049, 0.0815293530448043, 0.07969708927894843], [0.08285969808282244, 0.07117637333069043, 0.07228107902324721, 0.07547077791782535, 0.07455459004677305, 0.07144188555396995, 0.07894881541601813, 0.08311987490248023, 0.08036302603502324, 0.07364115433190205, 0.07494331080785546, 0.08147396500725111, 0.07972544954414117], [0.08266961057231276, 0.07115383684889531, 0.07223297848476302, 0.07548966123839494, 0.0745663983103493, 0.07140964826019282, 0.07899547807042831, 0.08333333333333333, 0.08038530749483196, 0.07359452203793279, 0.07497719962531989, 0.08144355871581296, 0.07974846700743254], [0.08302156333332032, 0.07106046696401823, 0.07262800898818894, 0.0756331826955975, 0.07465685441233356, 0.0714767530656394, 0.07907837723621128, 0.08094666826871849, 0.08066505804269146, 0.0742252747304662, 0.07482575124409085, 0.08164716648204967, 0.08013487453667408], [0.08333333333333331, 0.0712403863981006, 0.07287242959220619, 0.07569707349167186, 0.0747483522375725, 0.07168089653942948, 0.07894578524194036, 0.08044069555518142, 0.08051036411751192, 0.07446916933762289, 0.07485503858181797, 0.08122653663151519, 0.07997993894209608], [0.08317294965773228, 0.07131562230486944, 0.07300768713441055, 0.07580413637819643, 0.07485291130198114, 0.07177551485949203, 0.07896644123721581, 0.0800428086781093, 0.08052241326363006, 0.07463931266038229, 0.07492452830535515, 0.08098465907087546, 0.07999101514775012], [0.08250016829600522, 0.07115180289390295, 0.07221164772999046, 0.07554520389485912, 0.0746114638422431, 0.07139975047818616, 0.07908969900723226, 0.08311760040119913, 0.0804605758848412, 0.07358068697738375, 0.07504337067180847, 0.0814644306456417, 0.07982359927670654], [0.08230673114247096, 0.07112270610504579, 0.07216434493600037, 0.0755821514079374, 0.07463629801228114, 0.07136294259815656, 0.07916991458531103, 0.083162623160988, 0.08051825562818607, 0.07354312816124871, 0.07509082656593116, 0.08145743753493365, 0.0798826401615092], [0.08206090717889407, 0.07110404358252627, 0.0721240584968413, 0.07564627828426966, 0.07468532250752596, 0.0713350727720844, 0.07928574198273451, 0.08305986131863534, 0.08060055497827559, 0.07351539344353107, 0.07516729442207878, 0.08144552576553706, 0.07996994526706595], [0.08180048149409418, 0.0711231162472953, 0.0721163246630166, 0.07573232060900652, 0.07475989836652717, 0.07134357925826801, 0.0794063887302975, 0.0828097335546887, 0.0806710404222437, 0.07351470408388469, 0.07526878383484388, 0.08140044325341743, 0.0800531854824162], [0.08155811869694832, 0.07108151546352245, 0.07206069403032472, 0.0757878462760766, 0.0747972943021969, 0.07129507642085015, 0.07952071568216676, 0.08284310513339016, 0.08074547224992265, 0.07347721600539514, 0.07533259295577673, 0.08136248488419877, 0.08013786789923065], [0.08144506825469892, 0.07103741091066819, 0.07201579578588707, 0.07580642304322832, 0.0748036093982585, 0.07124933311873202, 0.0795812382129628, 0.08292656662231958, 0.08079277595470742, 0.07344666359809061, 0.07535160284979556, 0.08135523669962716, 0.08018827555102369], [0.08126548421270148, 0.07098289902543493, 0.07195841971943519, 0.07584286757704041, 0.07482241198389385, 0.0711918912639656, 0.07967654229543397, 0.08300387673721898, 0.0808609608119049, 0.0734094657996626, 0.07538963612374297, 0.08133095184782219, 0.08026459260174315], [0.08107665035475856, 0.07094945600796879, 0.07191950968852188, 0.07589365996155668, 0.0748571101782776, 0.07115482614099702, 0.0797786160985332, 0.08298003137441827, 0.08092544975217102, 0.07338821558232542, 0.07544344868499121, 0.08129072863732545, 0.08034229753815489], [0.08079635849002127, 0.07098304720367535, 0.07192735373319817, 0.07599678442991062, 0.07494876115555318, 0.07117829285399178, 0.07990371497035322, 0.08277093398066829, 0.08095719006173929, 0.07340345851651195, 0.07556206480679209, 0.08116209810605428, 0.08040994169153043], [0.08052627735333319, 0.07099248052676228, 0.07192179357047011, 0.07609842617321771, 0.07503371582933117, 0.07118083453457767, 0.08004677102325362, 0.0825478707524004, 0.08101083840499711, 0.07341389562361302, 0.07567242725247686, 0.08105425386574731, 0.08050041508981967], [0.08076221273250973, 0.07088990744244819, 0.07186012762490296, 0.07599198960682414, 0.07492446612208506, 0.07109213450134451, 0.07997889134764033, 0.08278891480570912, 0.08106349562565524, 0.07336512585621928, 0.07554049511306521, 0.08123686043798084, 0.08050537878361533], [0.08312238860541242, 0.07138913425221549, 0.07294869399628177, 0.0756526441849644, 0.07474153430342431, 0.07180970519233557, 0.07883487065333614, 0.08073021193765227, 0.0803456856624423, 0.07446875520834255, 0.07485821114713105, 0.08126064568523583, 0.0798375191712259], [0.08333333333333333, 0.07122383236046083, 0.07277626970898685, 0.07560545517613691, 0.07466875630977743, 0.07163930917143133, 0.07890668912548694, 0.0808989921601026, 0.08044456813390782, 0.07432123615036865, 0.0748127699931779, 0.08143875790318966, 0.0799300304736398], [0.08302918093214173, 0.07107311870743901, 0.07276429315226517, 0.07580072104691035, 0.07479828033866286, 0.07152750439207106, 0.07917315961838192, 0.08017972330752211, 0.08079341168215692, 0.07445246240508471, 0.07491306683057397, 0.08125319979293028, 0.08024187779385987], [0.0830766017067604, 0.07109606500452506, 0.0727209657276952, 0.0757005416972811, 0.07472014157444652, 0.07153092134542875, 0.07908720569283706, 0.08058125696911317, 0.08068946421926507, 0.074350212147152, 0.07485762680003331, 0.08144082807233427, 0.080148169043128], [0.0831226758459211, 0.07098224845086168, 0.07242283210599502, 0.07549193242994985, 0.07452550297450364, 0.0713570736894955, 0.07902791836259555, 0.0817289809138818, 0.08065133145180174, 0.07395374091919299, 0.07476277426438545, 0.08192814301803132, 0.08004484557338437], [0.08298989703842839, 0.0710383071557097, 0.07256527393550273, 0.07558925508373325, 0.07461609403279156, 0.07144141068904222, 0.07906829262204762, 0.08119965926883078, 0.08066094317875058, 0.07414058916993486, 0.0748068198356561, 0.08176715165550562, 0.08011630633406648], [0.08333333333333333, 0.07094779396665284, 0.07269116602172757, 0.07583873703326938, 0.07480478301202938, 0.0714160927453335, 0.07925497513382697, 0.07989704785207695, 0.08089510572538004, 0.07444122324374094, 0.07491420884499278, 0.08122967047682961, 0.08033586261080669], [0.08290289873266066, 0.07083932915561048, 0.07263012015007077, 0.07598094169618928, 0.07489809309299938, 0.07131828215445964, 0.07947739686329008, 0.07954507385444642, 0.08112364333188377, 0.07446301430889361, 0.07501439115112109, 0.08124221524152912, 0.08056460026684566], [0.08306149522030432, 0.07096521161362475, 0.0729007886814861, 0.07636592724781278, 0.07524617360026585, 0.07148731878322712, 0.07955879057663787, 0.07832895362627182, 0.08093699731520335, 0.0748719091704754, 0.07528786750964708, 0.08049943803946892, 0.08048912861557479], [0.08314641310999502, 0.07111580627586425, 0.07304282028222778, 0.07629147282533875, 0.07521847677186766, 0.07163947029589093, 0.07936766862196719, 0.07845760302213384, 0.08076835852900592, 0.0749559381419381, 0.07523278275211366, 0.080459709858741, 0.08030347951291586], [0.08139384335761103, 0.07011970550244676, 0.07151250496330375, 0.07573081435785677, 0.07453855170125943, 0.0704547114198944, 0.08020870261694338, 0.08150889433009705, 0.08213010884902239, 0.0732850312707242, 0.07500492569222755, 0.08281341245366562, 0.08129879348494785], [0.0816516997212006, 0.0702043451999709, 0.0715473823639357, 0.07566685021831768, 0.07450603214988917, 0.07052545855069188, 0.08004435045812332, 0.08182913623570497, 0.08188112223558944, 0.07326657921860591, 0.07497699338635135, 0.08282883521971374, 0.08107121504190526], [0.08190697015716815, 0.07023370186541135, 0.07158821613738765, 0.07559108300673109, 0.07445121494181361, 0.0705607980570732, 0.07988271206041524, 0.08200677863015024, 0.08171367595468551, 0.07328702484056324, 0.07489739833271973, 0.08296266014558508, 0.08091776587029602], [0.08214957808029257, 0.07029924384859201, 0.07164684089834476, 0.07553591426641744, 0.07442071175295889, 0.07062648727648178, 0.07973373698701997, 0.08222327833113643, 0.08153429955774891, 0.07331475040864634, 0.0748496746887381, 0.08290940812509259, 0.08075607577853024], [0.08231405706752613, 0.07033377541487026, 0.07172848104910261, 0.07550098678297894, 0.07439896154809794, 0.07067845428939018, 0.07962334357528483, 0.08215121573797156, 0.08143971733515945, 0.07339755027374222, 0.07478727722194209, 0.08296314513090092, 0.08068303457303275], [0.08224641490974162, 0.07038303560551992, 0.07182447189838365, 0.07552931626524252, 0.07443118729857201, 0.07074405405807686, 0.07960374893658051, 0.08191371997330969, 0.08142680995322304, 0.07350660144584092, 0.07478630909310788, 0.08290711484571157, 0.08069721571668981], [0.0820123103496782, 0.07034267389951603, 0.07184903914737974, 0.0756277798377063, 0.07450126962657362, 0.07072281193392178, 0.07975799810385105, 0.08144218099647875, 0.08160849699664406, 0.07358970226712667, 0.07483916632040265, 0.08279845371681567, 0.08090811680390536], [0.08151537441761864, 0.07013656212796969, 0.07167698064538858, 0.07575328523997972, 0.07455867621163828, 0.07052141976403878, 0.08011951755142242, 0.08096284564269829, 0.08204547062425545, 0.07350908701679469, 0.07493211779776425, 0.08293468668643321, 0.08133397627399806], [0.0811037607618404, 0.06997530843361077, 0.07147400715258224, 0.07577277464929057, 0.07454085503798635, 0.07034236659010966, 0.08033392324889567, 0.08092801053326591, 0.08234761269726938, 0.07333082616748658, 0.07497392346951845, 0.08333333333333333, 0.08154329792481067], [0.08108297212863036, 0.06999783091400788, 0.07144739301153111, 0.0757784987895715, 0.07455057952422296, 0.07034863551508444, 0.0803629664584433, 0.0811526908232891, 0.08236813609514526, 0.07328096743562153, 0.07501161228215428, 0.08309286917269805, 0.08152484784960018], [0.0814598501575936, 0.07012396925542058, 0.07156021171744129, 0.07570747736400274, 0.07452001151941023, 0.07047422413804931, 0.08014006318966223, 0.08141200142760911, 0.08208629756057616, 0.07334301905415773, 0.07495477467630791, 0.0829443574207953, 0.0812737425189739], [0.08157025140635442, 0.0701464782433515, 0.07153709637666841, 0.0756779147297276, 0.07450185900305982, 0.07048230341329484, 0.08009396029854207, 0.0816208575921268, 0.08199581446233689, 0.0732901895750401, 0.07495623172831394, 0.0829503893683726, 0.0811766538028112], [0.08188965409122059, 0.07017254266684746, 0.07160169512884419, 0.07556571422102734, 0.07441701527747932, 0.0705241315711311, 0.07985367115211993, 0.08177547465746995, 0.08174450255358785, 0.07333684007711, 0.07482511054443663, 0.08333333333333334, 0.08096031472539236], [0.08168118259349597, 0.07021521600808397, 0.07169772257000401, 0.07565944617568068, 0.07450010366817016, 0.07058396330715352, 0.07994393455148424, 0.08142803003568026, 0.08185321956005102, 0.07346615460680297, 0.07488144226629222, 0.08298909507288109, 0.0811004895842199], [0.08169265427301065, 0.07017646690042253, 0.07163460892244082, 0.07563687098583134, 0.0744742518196855, 0.0705365842291906, 0.07995645571011267, 0.08153511570168154, 0.081873214287735, 0.07339705147404327, 0.07487463190509175, 0.08311623005374663, 0.0810958637370078], [0.08143360124075064, 0.07013860109041431, 0.07163240862782316, 0.07572026761406384, 0.07453272603234493, 0.07050839202152197, 0.08010620928704593, 0.08120920409166803, 0.08205362418914389, 0.07343749125693701, 0.07493046517280008, 0.08300913312249321, 0.08128787625299318], [0.08190756358033668, 0.07019021279050792, 0.0715899407502751, 0.07557318046301587, 0.07442705835906142, 0.07053206428663474, 0.07986811908785772, 0.08187624063900838, 0.08174134596493211, 0.07331156925600478, 0.07485104386137531, 0.08318333442075451, 0.08094832654023555], [0.0821107788450678, 0.07029872244948122, 0.07173874028814245, 0.0755432177497772, 0.07442490459604245, 0.07065715254633603, 0.07970064093271134, 0.08186192429120759, 0.08155254954742408, 0.07344335303297013, 0.07479896459451313, 0.08306610860060636, 0.08080294252572014], [0.0819477601347567, 0.0703013610501089, 0.07178461935476334, 0.07560739421617575, 0.07447641847241006, 0.0706732098295378, 0.07977847595746233, 0.08156461851570983, 0.08164560916170069, 0.07352086034792953, 0.07483326341465006, 0.082948375541947, 0.08091803400284799], [0.08165478872784272, 0.07023255404698679, 0.07177425784382387, 0.07573409293733342, 0.0745633399864429, 0.07062022024503083, 0.08000158821536259, 0.08105602581374242, 0.08188961813417768, 0.07358021839220504, 0.07491533006787128, 0.08277790505319775, 0.08120006053598273], [0.08189825208220139, 0.0703463716885018, 0.0718842334501582, 0.07569213553527292, 0.07455355432286825, 0.07073595569581548, 0.07983458055923999, 0.0811974754536515, 0.0816785539571247, 0.07365220730733552, 0.07488069861285014, 0.082637726840964, 0.08100825449401602], [0.08215190226851456, 0.07026929632191915, 0.07167248252164511, 0.07552496560414618, 0.07440473827172081, 0.0706149710562449, 0.07971517045844162, 0.08202954099183601, 0.08155837265598842, 0.07336553700060748, 0.07480396915337693, 0.083100276729115, 0.08078877696644389], [0.08216606621855266, 0.07039008605425727, 0.07185873117531759, 0.07556218123498569, 0.07445874712112997, 0.07075980375737236, 0.07963528482789611, 0.08173604434787075, 0.08146425994143322, 0.07355766756364744, 0.07480103584071211, 0.08286062764237048, 0.08074946427445433], [0.0821970011242965, 0.07041931639198598, 0.07192687364421352, 0.07560415198593322, 0.07449836093344914, 0.07080197109390392, 0.07964968019168606, 0.08149041640031715, 0.08146789185325737, 0.07364440925189546, 0.07481768535189898, 0.08269574121535496, 0.08078650056180788], [0.08034614420466564, 0.0699164274131552, 0.07128580791429133, 0.07600346689670359, 0.07471547511552949, 0.07023437648810897, 0.0808662707177525, 0.08115016610549804, 0.08273704456397106, 0.07315845609521734, 0.07527777703901407, 0.08239798556990975, 0.08191060187618295], [0.08049503126571848, 0.06985494402654603, 0.07128147680465352, 0.07595407015636585, 0.0746618587322102, 0.07019188147447175, 0.08080663566709946, 0.08097042914691144, 0.08284665358937282, 0.07317903526743995, 0.07519125895574366, 0.08261521744336715, 0.0819515074700996], [0.08087635955884603, 0.06981351056276522, 0.07132911588368074, 0.07591612581816516, 0.07462167397408533, 0.0701803998460888, 0.08070695219517061, 0.08060662062208981, 0.08279787849657515, 0.07326293436110781, 0.07509508310442237, 0.08282533112981923, 0.08196801444718382], [0.08124239524112649, 0.06980337992598434, 0.07140668810420091, 0.0760029805824225, 0.0746888906972529, 0.07019812931797807, 0.08075502729121048, 0.08006204826512227, 0.08272391681674524, 0.0733993592092239, 0.07511823236349971, 0.08251211348992436, 0.0820868386953089], [0.08107586054281828, 0.06963506703054224, 0.07129285689148002, 0.07632698635285591, 0.07491278301785433, 0.07003949649218189, 0.08132098377045512, 0.0792388153887754, 0.08306906499218113, 0.07342122122425003, 0.07537809893198644, 0.08161580841672732, 0.0826729569478918], [0.08041064786621178, 0.06960599608245303, 0.07115453482403152, 0.07653211952970763, 0.07506976060374436, 0.0699699415408475, 0.0818855117564409, 0.07925079263910997, 0.08261260136984241, 0.07328777922520965, 0.0756441023713238, 0.08124287885774406, 0.08333333333333333], [0.08002552472805982, 0.06978656577759965, 0.0711960942810954, 0.07655764614955424, 0.07513004818171877, 0.07010658284651726, 0.08193728354672038, 0.07976982613171801, 0.08240268661508131, 0.0732373105210264, 0.07577191811405923, 0.08129292233527223, 0.0827855907715771], [0.0799602958436789, 0.06987255922020139, 0.07121601714523938, 0.07637655362303607, 0.07500554734043875, 0.07017464406277116, 0.0815637236620746, 0.08041260351228474, 0.0825918749519393, 0.07317195463656491, 0.07564998649841609, 0.08161214843130885, 0.0823920910720456], [0.08019872607972393, 0.06987564051100238, 0.07124189527014746, 0.0760968991519678, 0.07478191976274282, 0.07019010726092383, 0.08106510357731346, 0.08094782800839662, 0.0828209892415464, 0.07314364600952192, 0.07536836537320236, 0.08218784427846698, 0.08208103547504397], [0.08044890255384564, 0.06980180250606723, 0.07123048110986821, 0.07600384582676852, 0.07469068258948867, 0.07013753217626105, 0.0809377010577223, 0.08084229730902479, 0.08297403473977162, 0.07315219858084909, 0.07523623464235467, 0.08246146296952901, 0.08208282393844929], [0.08073747865414585, 0.06972446312490276, 0.07123004780209692, 0.07598649992823339, 0.07465955752455489, 0.07008495540556121, 0.08091579282674502, 0.08050533589833125, 0.08306039258747817, 0.0731960242287323, 0.07516643991409318, 0.08255158587607178, 0.0821814262290535], [0.08089430097841688, 0.06972767332231096, 0.0712681005156889, 0.07599667899237617, 0.07466803506750994, 0.0700998233822412, 0.08089402517315515, 0.0803370972224939, 0.08296471535106016, 0.07324999433586793, 0.07515258973822395, 0.08254655491672684, 0.08220041100392818], [0.08088996870629946, 0.06967343494067464, 0.07123513750943154, 0.07610088471454905, 0.07473982589095338, 0.0700499320363792, 0.08109242541235602, 0.08005021652765258, 0.08297731452915019, 0.07326194460115978, 0.07523471327464445, 0.08225078338138565, 0.08244341847536404], [0.08036674989793814, 0.06969911858030646, 0.07114482039005743, 0.0761626094493007, 0.07479597480387636, 0.07003590669162008, 0.08129360049581871, 0.08040476763279344, 0.08308437872987372, 0.07313221036048329, 0.07537309620380982, 0.08205283736149241, 0.08245392940262934], [0.08028028337029278, 0.06969368129519682, 0.07114678866448988, 0.07634282378201708, 0.07493843600159311, 0.07002997800410161, 0.08160930314515541, 