[[0.07423984441258502, 0.07123554120046459, 0.08099746666735581, 0.07647592330501195, 0.07545779194098239, 0.08157108396957181, 0.08205787800027248, 0.08121924437533237, 0.07301507967341907, 0.08280309201005912, 0.07264787148693806, 0.07510275593636567, 0.07317642702164168], [0.07430810265054404, 0.07129136921211254, 0.08082906892520907, 0.07641250270500038, 0.07543013463638601, 0.0815209030822074, 0.08217437375872928, 0.08106353382615265, 0.07308365837340458, 0.08292954701558679, 0.07267220191408083, 0.07504576228261589, 0.07323884161797072], [0.0744232062502711, 0.07141088507197066, 0.08063098790016227, 0.07636536915294588, 0.075435934727781, 0.0814263837281655, 0.08223918123247197, 0.08087427490371575, 0.0732069457980318, 0.08287002938518512, 0.07274768560846737, 0.07501508900766224, 0.07335402723316921], [0.0745006235027912, 0.07145961722503733, 0.08048409098360987, 0.07631553396470385, 0.07542567477549712, 0.08136355841192203, 0.08227630703679284, 0.08073680659261738, 0.0732895301245584, 0.08299391323794021, 0.07277093177424421, 0.07496192954308259, 0.07342148282720307], [0.07462554719041396, 0.07158063025001332, 0.08030836768706043, 0.07628487105943069, 0.07544560254595224, 0.08125307830738374, 0.08222932152025206, 0.08056617306975657, 0.07343018425322294, 0.08294128399241149, 0.07285034892757575, 0.07494046556883523, 0.07354412562769157], [0.07470181673432127, 0.07161651140903351, 0.08020955920653994, 0.07625755443481494, 0.07544968463160191, 0.08121230020324746, 0.08221914393770371, 0.08047487361642153, 0.07350490595609085, 0.08297991921078163, 0.07286791814806, 0.07489942799885363, 0.0736063845125295], [0.0747778829682439, 0.07156105088132839, 0.08009589259616737, 0.07619486562150107, 0.07542441793656952, 0.0812084817366342, 0.08224377160598782, 0.0803788077283956, 0.07355435372887356, 0.08333333333333331, 0.07280880562068819, 0.07478008741963446, 0.07363824882264239], [0.07491102484130836, 0.0715913751452411, 0.07997388069110946, 0.07617316200668858, 0.07544806394129411, 0.0811634874029884, 0.08218772371211908, 0.08026778251721856, 0.07367210766291607, 0.08333333333333334, 0.0728239770736581, 0.07471680083412392, 0.07373728083800099], [0.07500000190107298, 0.07151556249003892, 0.07992195068346966, 0.07615313311537787, 0.07545544351878478, 0.08120183171561401, 0.08231048762765317, 0.08023154251378249, 0.07372053197864648, 0.08333333333333333, 0.07276290088761739, 0.07462130978374114, 0.07377197045086781], [0.07521020005692598, 0.07153932933681292, 0.07982706178418525, 0.07618440246772856, 0.0755380580293074, 0.08118006936113197, 0.08229293371092922, 0.080148311698815, 0.07389051879841625, 0.08291018720236214, 0.07278822587965339, 0.07456970344806717, 0.07392099822566481], [0.0753564651135064, 0.07145142694411552, 0.07971107496139278, 0.0761727352326354, 0.07556840352741746, 0.08111942413768869, 0.08212693132539367, 0.08004306502925404, 0.07397347812445025, 0.08333333333333334, 0.07271197412599101, 0.07444622028908778, 0.07398546785573376], [0.07557830905858229, 0.0715690748863101, 0.07956417698500469, 0.07621725913990106, 0.07566878641801264, 0.08095334258413396, 0.08183556183183949, 0.07989209769292364, 0.0741770291682357, 0.08312568670567021, 0.07280255839340406, 0.07444652951486143, 0.07416958762112086], [0.07571015411423829, 0.07148818277955317, 0.07955237957734475, 0.07628258308370241, 0.07575143734560803, 0.08094220351748935, 0.08163759504847483, 0.07988352499635562, 0.07424296862259815, 0.08311623531150768, 0.07275884757485533, 0.07440430005900099, 0.07422958796927157], [0.07580354762014568, 0.07142599125921495, 0.07955184757706851, 0.07634542860769974, 0.07582272799782812, 0.08092109808840743, 0.08145315936912442, 0.07988229330507261, 0.0742861305187527, 0.08312033136798407, 0.07273012650621044, 0.07438612661348469, 0.07427119116900649], [0.07584667151261947, 0.07126625514353968, 0.07961868914996353, 0.07643444310409561, 0.07589659912232921, 0.0809973236418358, 0.08132005237904259, 0.07994782339036657, 0.07425590405604178, 0.08316618599627656, 0.07264052742042766, 0.0743602905199073, 0.07424923456355416], [0.07581381702801776, 0.07109557891454375, 0.07974528684314133, 0.07652053574336906, 0.07594596920597622, 0.08118005183741595, 0.08129787968652782, 0.08007263731298565, 0.07416599235459378, 0.08308627191765496, 0.07254414118045482, 0.07435642434972613, 0.07417541362559273], [0.07579641306816257, 0.0709307516443516, 0.07990093435394607, 0.07666827369847488, 0.07604635494789452, 0.08137779009064966, 0.08117678555925924, 0.08021696625456778, 0.07408548604132645, 0.08281491572936858, 0.072470616852997, 0.07439707953945225, 0.0741176322195493], [0.07558484197512942, 0.07058988959814268, 0.08015212321946928, 0.07677144701609907, 0.07605239028639652, 0.08165548137345602, 0.08107465486168108, 0.08045596588692107, 0.07380733665094404, 0.08333333333333331, 0.07225983400052169, 0.07438528625079269, 0.07387741554711295], [0.07419013859533084, 0.07132668879409106, 0.08107604980176049, 0.07656746351011934, 0.07554917994565488, 0.08142123230727624, 0.08174946681641326, 0.08125489294427618, 0.07300839442679204, 0.08268912946302556, 0.07273822805823044, 0.07525531013257727, 0.07317382520445218], [0.07424965774950296, 0.07135054961350626, 0.08088012839704337, 0.07646718492741507, 0.07547298659580177, 0.08140343763001416, 0.08192896256639191, 0.08108393320209166, 0.07306068378844073, 0.08300197269661297, 0.07272912639586208, 0.0751523502416829, 0.07321902619563433], [0.07429639105351322, 0.07138487809093694, 0.08076323933607285, 0.07641936193156204, 0.0754412255778092, 0.0813715353139074, 0.08200319016277635, 0.08097753456360218, 0.07310652873780045, 0.08312698198557347, 0.07274170029636132, 0.07510693046050004, 0.07326050248958456], [0.07443651756380132, 0.07145809520619412, 0.0805754471072267, 0.07635667127769824, 0.07543628164794355, 0.08136016137263914, 0.08218288254218169, 0.08081414639293139, 0.07323297817344684, 0.08296304572327168, 0.07277971579827404, 0.0750261607663128, 0.07337789642807842], [0.07431953338198892, 0.0713717054454771, 0.08074707718295226, 0.07640483410335748, 0.07543252948839212, 0.08140668222633804, 0.08207887657370427, 0.08097061116372362, 0.07311892059954282, 0.08307246369492027, 0.07272851027375221, 0.07507647288454634, 0.0732717829813046], [0.07453596326157949, 0.07153334707052891, 0.08039644035137915, 0.07630241891757054, 0.07543054346032287, 0.08127110448120385, 0.08219482383095633, 0.08064473530219778, 0.07334209123314504, 0.08308557952482835, 0.07282129004940036, 0.07497278824781758, 0.07346887426906965], [0.07462963042916883, 0.07164819427959582, 0.08025460008150559, 0.07628317032868075, 0.07544949834121058, 0.08115936207150821, 0.0821129233459726, 0.08050312393163547, 0.07345486144459842, 0.0830636980741891, 0.07289963723473572, 0.07497243741646094, 0.07356886302073788], [0.07472248744979194, 0.07164443999227278, 0.08017336313508919, 0.07625198540970103, 0.07545310075893837, 0.08117817596624399, 0.08218336575572571, 0.08043794065270356, 0.07353074646415515, 0.0830090676920513, 0.07288661115969161, 0.07489945051846374, 0.07362926504517166], [0.07482050213456587, 0.07171990831901122, 0.07999420197062851, 0.07620261026966381, 0.07545033121677905, 0.08104183400326656, 0.0820416885151671, 0.08026215021312173, 0.07363792081195807, 0.08333333333333333, 0.07292704830707242, 0.07484945400306532, 0.07371901690236703], [0.07497289250374087, 0.07175367075518392, 0.07989131398410877, 0.07619298115806176, 0.07548754342508808, 0.08102784383786717, 0.08201233631663951, 0.08017303328253879, 0.07377105253238465, 0.0831474317937861, 0.07294773541555763, 0.07478976119032091, 0.07383240380472164], [0.07501977305801576, 0.07166149731582677, 0.07984962619881783, 0.07615855277170529, 0.0754720505363616, 0.08106270101002624, 0.08211888543473621, 0.08014524713018176, 0.07378260070850254, 0.08333333333333333, 0.07287072362359168, 0.07469171958074652, 0.07383328929815446], [0.07510393340693698, 0.07161745984446123, 0.07979752398500883, 0.07614710848060398, 0.07548566003424985, 0.08107170096573221, 0.08216942793645723, 0.080103760489868, 0.07383648378485574, 0.08333333333333334, 0.07283546972672776, 0.07462280014508668, 0.07387533786667823], [0.07523798758107374, 0.0716446185490753, 0.0797406862057879, 0.07617041783511574, 0.07554104779359092, 0.0810546852447293, 0.08215048845351391, 0.08005329971301135, 0.07394804776981062, 0.08302598788529088, 0.07286026511952785, 0.07459851869295753, 0.07397394915651495], [0.07529847311508828, 0.07163607607506954, 0.07968531322641517, 0.07616259829889843, 0.0755523677608944, 0.08101915529922607, 0.08209837593619368, 0.08000130250375742, 0.07399209568948932, 0.08313738989935418, 0.07284806120462728, 0.0745589138928794, 0.07400987709810679], [0.07538499377629962, 0.07163283958919504, 0.07959959839858488, 0.07615229291286885, 0.07556978150376219, 0.08095047059074303, 0.08198979936767463, 0.07991846766687329, 0.07405795882002655, 0.08333333333333333, 0.07283786999779157, 0.0745082112856619, 0.07406438275718505], [0.07549157517462515, 0.0716281496793202, 0.07958067012180359, 0.07618910054541442, 0.07562593495175345, 0.08095136906862332, 0.0819283482862247, 0.07990371830165913, 0.07413388061841257, 0.08310321611275828, 0.07284086887418666, 0.0744905277823623, 0.07413264048285617], [0.07575901117197974, 0.07175971017813572, 0.0793702644897262, 0.07622371613121409, 0.07573327897974007, 0.08071335502264539, 0.08154866967304984, 0.07968759858059735, 0.07437798732043939, 0.0830686359232699, 0.0729370508838161, 0.07446975074894095, 0.07435097089644517], [0.07586139752313747, 0.07167200412232569, 0.07937194980263516, 0.07627799860398074, 0.07579903599965121, 0.08071882100565016, 0.08141608974555375, 0.07969271037202841, 0.07442009350010043, 0.0830654968841337, 0.07288647906359545, 0.07442886292207224, 0.07438906045513553], [0.07555136168637731, 0.07149319288410108, 0.0796236859910991, 0.07622930607706584, 0.07566666473694957, 0.08103032719844958, 0.08188845304681283, 0.07995605989346904, 0.07412983778041127, 0.08312212923439607, 0.07275179958452702, 0.07443015903105465, 0.07412702285528659], [0.07595934287817331, 0.07164245908487547, 0.07933448429049657, 0.07631906952570736, 0.07585690759910131, 0.08066298233875188, 0.08124871228828488, 0.07965364074424479, 0.0744797123615321, 0.0831162447149544, 0.07287491362122848, 0.07440784741514385, 0.07444368313750575], [0.0760474460450539, 0.07150680590275127, 0.0793349959373737, 0.07639122160582473, 0.07593262034982654, 0.08066772850228468, 0.08102377902880908, 0.0796519870961462, 0.07449222339636911, 0.08333333333333334, 0.07279690548665652, 0.07436342747585949, 0.0744575258397116], [0.07605493125058058, 0.07141185193561625, 0.079430406718187, 0.07647017065105408, 0.07598999595169961, 0.08080258869035312, 0.08103641583837934, 0.07974658478947491, 0.07445778360053278, 0.0830350453092171, 0.0727524817955106, 0.07437825328100674, 0.07443349018838791], [0.07600515522408309, 0.07116824601396951, 0.07953615059026391, 0.07654957579351067, 0.0760294409377846, 0.08096823453907122, 0.08096701232575602, 0.0798484644074101, 0.07433040931535499, 0.08333333333333333, 0.07260205307700109, 0.07433762201913044, 0.074324302423331], [0.07607516394650554, 0.07109185803193654, 0.07957786643567744, 0.07669034745162909, 0.07615486077076979, 0.08102294114690477, 0.08077051467269021, 0.07987408487615556, 0.07434450116985926, 0.08307413731037673, 0.07258935143805441, 0.0743830308775948, 0.07435134187184565], [0.07588786569691146, 0.07086636417222054, 0.07984786948564825, 0.07678134438789129, 0.07615982378238961, 0.08131505442458047, 0.0808606958286549, 0.08014149106071226, 0.07412294551348733, 0.08298315349902188, 0.07245732230448595, 0.07441377130777234, 0.07416229853622382], [0.07421336918202925, 0.0714542307225855, 0.08094546242458445, 0.07656111996772702, 0.07556898522011063, 0.08126414605951211, 0.08164544588378285, 0.08110905445205299, 0.07306745832405828, 0.08280387423004006, 0.07282954422422097, 0.07530787686303327, 0.07322943244626266], [0.07430516604365643, 0.07149222795604207, 0.08065583109852854, 0.07641231099840737, 0.07545630370222009, 0.08121482054451218, 0.08185493339502029, 0.0808544725229424, 0.07314895858624104, 0.08333333333333333, 0.07281784553339876, 0.075153580649182, 0.07330021563651543], [0.07426785261847908, 0.07147099901847159, 0.08076556106108268, 0.07646373717722632, 0.07549359715226904, 0.08124546357274702, 0.08179573177502793, 0.08095341874404585, 0.07311396786599869, 0.08313931640163634, 0.0728158939448164, 0.07520520599168841, 0.07326925467651065], [0.07435855037422429, 0.07147807462403341, 0.08063166938614427, 0.07639195289531392, 0.07544047548077734, 0.08128339621241451, 0.08199492418933658, 0.08084743794039606, 0.07318270691962715, 0.0831531186063898, 0.07280261621106383, 0.07510337796913281, 0.07333169919114584], [0.07443951263757315, 0.07163045680493313, 0.08049472255720179, 0.07638902052539266, 0.07546946394966693, 0.08115370537038874, 0.08190993066920398, 0.08070480581770124, 0.07329161983425617, 0.08302500390009404, 0.0729131614876391, 0.07514347325581791, 0.07343512319013114], [0.07450805091075771, 0.07162785178672576, 0.08034314410125892, 0.07631022921473656, 0.0754338445524655, 0.08112312384614483, 0.08198920548446316, 0.08057147897021424, 0.07334754773891979, 0.08333333333333334, 0.07289122551607205, 0.0750410195167187, 0.07347994502818964], [0.07444938683403757, 0.07157131887521094, 0.08049073468192545, 0.07636080555570611, 0.07544923002611355, 0.08121468981567632, 0.08201653265685331, 0.08071379705064952, 0.073279648562531, 0.08308519233237373, 0.07286292641461535, 0.07508309790237028, 0.07342263929193689], [0.07463618734979056, 0.07174780238734856, 0.0801929730138055, 0.07629095238643316, 0.07546258087486407, 0.08103847467073821, 0.08195727587552978, 0.08042802739778179, 0.07349037954980472, 0.08314681583953237, 0.07297476217665276, 0.07502806469978042, 0.0736057037779379], [0.07468399297027216, 0.07177583648550648, 0.08009611773641931, 0.0762560554639634, 0.07545326849192026, 0.08098102198345196, 0.08192244156202329, 0.08033597024985603, 0.07354112936354612, 0.08333333333333333, 0.07298520954881406, 0.07498909504229682, 0.07364652776859669], [0.07475232174453592, 0.0718066478224125, 0.08005007940591541, 0.07625156363705475, 0.07547046632997843, 0.08097984374240307, 0.08193999907785528, 0.08029683897953761, 0.0736058040728141, 0.0831693758115227, 0.07300545107089262, 0.0749692512826026, 0.07370235702247495], [0.07484995416814408, 0.07188151354322005, 0.0799308500367515, 0.07623080167149039, 0.0754871557992334, 0.08090169177683672, 0.08186441379099232, 0.08018211188339666, 0.0737096276401274, 0.08317231162200733, 0.07305324871712957, 0.0749441170251087, 0.07379220232556176], [0.07496873785414006, 0.07187563474414711, 0.07983992713968875, 0.07620327727460516, 0.07550030331435373, 0.08090442655787505, 0.08187002432608365, 0.08010681222670117, 0.07380558727555814, 0.08315279114410176, 0.07303990027761634, 0.07486272264673047, 0.07386985521839845], [0.07500613873983644, 0.07184281880220726, 0.07979220315383302, 0.07617690948529673, 0.07549064596918668, 0.0808995457694221, 0.08186588056984066, 0.0800664977102121, 0.07382789513006206, 0.08333333333333333, 0.0730082871512532, 0.07480584561270065, 0.07388399857281577], [0.07504109238997721, 0.07183165276822827, 0.07978665931584106, 0.07617906336137899, 0.07550114826312739, 0.08092113069527539, 0.0819126849339793, 0.08006585559231916, 0.07385192200179207, 0.08321770590200994, 0.07300050802977488, 0.07478671026967748, 0.0739038664766187], [0.07513683806884824, 0.07182029021626156, 0.07972034427803462, 0.07616768947722649, 0.07551934973811764, 0.08091080432264752, 0.08194896238690559, 0.0800089283822137, 0.07392580346746899, 0.08315862464628344, 0.07298877625519795, 0.07472904657586024, 0.07396454218493417], [0.07520566065327174, 0.07176305428288218, 0.07965864129646111, 0.07614328375874882, 0.07551897272341943, 0.08090326857663842, 0.08197050947981059, 0.07995693358839599, 0.07396484808496592, 0.08333333333333334, 0.07294048773809717, 0.07464911079870162, 0.07399189568527383], [0.07530921825758856, 0.07179097393311747, 0.07961414142707564, 0.07616076155287509, 0.07556141274786926, 0.08088650153339082, 0.08195076715406113, 0.07991695751494839, 0.07405214198912337, 0.08309487181304777, 0.07296159038274223, 0.07463158509670292, 0.07406907659745733], [0.0754880826192046, 0.07185341089646656, 0.0794647233266124, 0.07616158549173611, 0.07561541941707421, 0.08075856938367137, 0.08177489515461152, 0.07977036874376636, 0.07420970001663714, 0.08311725292124297, 0.07299827864020265, 0.07458186222404076, 0.07420585116473333], [0.07562872600127245, 0.07188061108739238, 0.07932969464127751, 0.07615384181143839, 0.07565145140986713, 0.08063200685107075, 0.08158623455832673, 0.07963657203090505, 0.0743270638305076, 0.08333333333333334, 0.07300909325181787, 0.074525381373564, 0.07430598981922687], [0.0757903103954819, 0.07184631625755625, 0.07932525369985707, 0.07622350265056442, 0.07574544403440527, 0.08065054551395075, 0.08150026052245558, 0.0796380923827306, 0.07443122684895181, 0.08294979444619914, 0.07299911276642533, 0.07449959398661964, 0.07440054649480221], [0.07565606794800578, 0.07177402925653903, 0.07942984963881246, 0.07620497084745388, 0.07569052788219034, 0.08077105399252961, 0.08168639202792037, 0.07974599706491955, 0.07430657521028647, 0.08299458106607721, 0.07294574496107548, 0.07450551444432345, 0.0742886956598664], [0.0755168929254055, 0.07177505402552202, 0.07944929828915959, 0.07615206474140192, 0.07561356475562118, 0.08077189982864022, 0.08176598025219858, 0.07976115566715247, 0.07420630326796074, 0.08333333333333334, 0.07293611473355627, 0.07452060523849181, 0.07419773294155645], [0.07535961767799097, 0.07173058256734802, 0.0795675078849503, 0.0761425326436917, 0.07556013330044947, 0.08087597409357913, 0.08193077171834921, 0.079877301461581, 0.07407229516175598, 0.08333333333333334, 0.07290828731028887, 0.07456090807430331, 0.07408075477237885], [0.075630106086595, 0.07178478620846682, 0.07942408676729865, 0.0761908423583091, 0.07567356762740193, 0.08075959680842279, 0.0816948451496429, 0.07973880441299491, 0.07429190182162021, 0.08307614041964692, 0.07295031060745644, 0.07450981361066678, 0.07427519812147755], [0.07554599331564817, 0.07162492621871369, 0.07956304440794106, 0.07620552308459154, 0.07565311137178923, 0.08093922287617521, 0.08187554941630147, 0.07988746314023817, 0.07417251974012848, 0.08304514395411713, 0.07284122117652476, 0.07447911194400957, 0.07416716935382127], [0.07586099582419349, 0.07179344742119977, 0.07930841011504161, 0.07624794894304464, 0.07578158393379511, 0.08063929987517886, 0.08141191481109689, 0.0796237393725601, 0.07446430182983135, 0.08300965307926939, 0.07296561930990876, 0.07446405816623644, 0.07442902731864365], [0.07595438627640518, 0.07176660840060586, 0.07928359616356911, 0.07628752283282103, 0.07583647254270422, 0.08060664794490324, 0.081285746305393, 0.07959895901633043, 0.07452169274224817, 0.08297609574814177, 0.07295544480730276, 0.07444538834588764, 0.07448143887368766], [0.07605526252894892, 0.07171689934903511, 0.07926428665990337, 0.07634143461541842, 0.07590383294108298, 0.08056875499584808, 0.08112223401743297, 0.07957850979316235, 0.07457517763242753, 0.08298415784387213, 0.07293337453517806, 0.07442461721938798, 0.07453145786830208], [0.07612205253723395, 0.07166559547163627, 0.07924053917692056, 0.07637710524823825, 0.07594864369512044, 0.08053549028946759, 0.0809768576460409, 0.07955268630022531, 0.07460410197730273, 0.08311117938010146, 0.07290578400971123, 0.07440144514770776, 0.0745585191202935], [0.07615364480229368, 0.07150692682139248, 0.07931132892655028, 0.07646367801965338, 0.07601786932617814, 0.08066908856804933, 0.0808970303223035, 0.07962170663470944, 0.07456465453298823, 0.08306708262783925, 0.07281737097659473, 0.07438087348752863, 0.07452874495391877], [0.07619340140791699, 0.071348523017855, 0.07936124045632927, 0.0765691952735081, 0.0761055799320218, 0.08076639016729585, 0.08076286772892094, 0.07966335735555939, 0.07453003264407473, 0.08308753574013426, 0.07273527719749417, 0.07437045637763957, 0.07450614270125003], [0.07620152348654845, 0.07124359320852433, 0.07942700374837658, 0.0766621822286873, 0.07617583392073227, 0.08085070208331471, 0.08067610128224688, 0.07972079308165037, 0.07449196935611277, 0.08299236229302276, 0.07268839134274963, 0.0743884218712172, 0.07448112209681668], [0.07611512795477891, 0.07101387941399673, 0.07954498756696589, 0.0767581804692352, 0.07621888161700509, 0.08098528173209496, 0.08057230581598461, 0.07982737314541606, 0.07434212205518723, 0.08333333333333333, 0.07255385295058343, 0.07437898761148544, 0.07435568633393305], [0.07588243004194027, 0.07078979344614993, 0.07989946272474477, 0.07687665418227943, 0.07622888012056227, 0.08134825090805853, 0.08071450683317288, 0.08017768383691155, 0.07408646973125699, 0.08297457163155954, 0.07243144543138702, 0.07444982485224731, 0.0741400262597296], [0.07540588222512706, 0.07186514295606762, 0.07950631401995623, 0.07615458447850183, 0.07558789806847899, 0.0807757927488323, 0.08181444905895757, 0.07980733738297713, 0.074151480723767, 0.08314656207216033, 0.073009087900183, 0.07461896559613296, 0.07415650276885802], [0.07529892593637476, 0.07189535844284467, 0.07956509556589918, 0.0761561078809194, 0.07556060325648946, 0.08078670175294969, 0.08182894943602882, 0.07985726276881733, 0.07407947533933378, 0.08315041117284472, 0.07303816545644198, 0.07468527922339313, 0.0740976637676633], [0.07517869920360873, 0.0719002020635343, 0.07962223943637309, 0.07615082859877098, 0.07552372471805054, 0.08079084335176026, 0.08181067934569751, 0.07990513329453103, 0.07398693268133291, 0.08333333333333333, 0.07304233386797435, 0.07473593071458756, 0.07401911939044542], [0.07515200444826459, 0.07194979692106591, 0.07965424309090956, 0.07617345455060001, 0.07553452869191285, 0.08078691463281742, 0.08178069668853465, 0.07993045152721795, 0.0739789907437142, 0.08316405023054847, 0.07308476545427704, 0.07479248669536206, 0.07401761632477527], [0.07507262361299222, 0.0719766910493964, 0.07971286401573908, 0.07619226750881494, 0.07552706193900689, 0.08078802596720011, 0.08173201550206866, 0.0799790020264694, 0.0739220859573659, 0.08315664239840086, 0.0731100066943938, 0.07485763400384693, 0.07397307932430489], [0.07494469310674765, 0.07198783967235506, 0.07981287790852341, 0.07622251249480494, 0.07551355466884804, 0.08079549682269674, 0.08174047713615705, 0.08006331582203122, 0.07381998760469555, 0.083132940233918, 0.07312781233259566, 0.07494767583136897, 0.0738908163652576], [0.07486212807026654, 0.07195647800026343, 0.07985797007073564, 0.07622219643510998, 0.0754891334409502, 0.0807958886250649, 0.08173785700727197, 0.08010120325281721, 0.0737440669137583, 0.08333333333333334, 0.07310581268989853, 0.07496897732698128, 0.07382495483354874], [0.07555779081753135, 0.07141146962819347, 0.07968914883964033, 0.0762645828427532, 0.07569072125743787, 0.08111158078746641, 0.08189383408559638, 0.08002635260298144, 0.07410377075409091, 0.08302714799473997, 0.07270268482150588, 0.074416038191051, 0.07410487737701192], [0.07580661345791358, 0.07149761768180153, 0.07946195594438323, 0.07629316910729533, 0.0757884558812175, 0.08082895992179846, 0.08144448560708567, 0.07978961826258676, 0.07431782182850524, 0.08333333333333333, 0.07276594943066726, 0.07437653278443941, 0.07429548675897261], [0.07597550247579637, 0.07150412732786064, 0.07940994245722291, 0.07638166246058689, 0.07590324606569586, 0.0807281171723497, 0.08116714559764476, 0.07973122172702196, 0.07443834898111239, 0.08317324225295558, 0.07279357096801668, 0.07438416384720724, 0.07440970866652903], [0.07478958040727646, 0.07191366729449213, 0.07993992262427832, 0.0762395171245495, 0.07547882365804852, 0.08084024831552093, 0.0817774524444693, 0.08017804536756613, 0.07367063981725623, 0.08333333333333333, 0.07308030670310937, 0.07499613845168351, 0.07376232445841614], [0.07473650443188046, 0.0719012333901208, 0.08002550167341556, 0.07627390244638996, 0.07548735222276705, 0.08087812244316163, 0.08179726766329466, 0.08025648739138634, 0.07362062355284568, 0.0831726202625813, 0.07308175467339358, 0.07504555829166389, 0.07372307155709913], [0.07466027309712539, 0.07186769716191363, 0.08013495419765237, 0.07631111761991323, 0.07549020068528613, 0.08092478166629341, 0.0818099589124018, 0.08035689238149042, 0.07354448841308416, 0.08307548868874556, 0.07306707460436111, 0.07509636408101417, 0.07366070849071861], [0.07455207996761512, 0.07180090627919813, 0.08022583101151647, 0.07632468682511663, 0.07546623260750546, 0.08094096305181131, 0.08177543047868244, 0.08043666073928099, 0.07343456911174244, 0.08333333333333331, 0.07302088749578542, 0.07512304166010365, 0.0735653774383084], [0.07450038368686829, 0.07178553726210783, 0.08034428216325386, 0.07638000664248533, 0.0754892448177039, 0.08098556862961567, 0.0817574037173565, 0.08054428477988129, 0.07338756585027713, 0.08308788953877587, 0.07302386318825511, 0.07518815525625852, 0.07352581446716051], [0.07447368935058644, 0.07176373287734422, 0.08041081843664846, 0.07640582462068164, 0.0755038795772324, 0.0810200232391767, 0.08175944223311557, 0.08060682634503784, 0.07336028984894931, 0.08296760358632313, 0.07301466164572623, 0.07521218052195625, 0.07350102771722175], [0.07440362640222932, 0.07169450284908846, 0.08050139648337608, 0.07642352093771153, 0.07550462540299334, 0.0810568636856148, 0.0817405206592136, 0.08069073412170903, 0.07328653213507304, 0.083073341371459, 0.07296854216150786, 0.07522424996956756, 0.0734315438204563], [0.07433836165265009, 0.07163499634122569, 0.08059389125410091, 0.07644804728582506, 0.07551283075298024, 0.08108507730194921, 0.08170117742247904, 0.0807745690378585, 0.07321940209294402, 0.08314628649842654, 0.07293141372328502, 0.07524525712533785, 0.07336868951093779], [0.07428950462236522, 0.07164355907081135, 0.0806976714425165, 0.07651567828147837, 0.07556919629213728, 0.08106562382411106, 0.08157147612651135, 0.08085706317895557, 0.07318571261108474, 0.08297623139032848, 0.07295559290833427, 0.07533307939743164, 0.07333961085393408], [0.0742456688340575, 0.07163308524282999, 0.08082209575305628, 0.07658847360280414, 0.07562619113850592, 0.08106811097040026, 0.08145850773267989, 0.08096113605087035, 0.07314935890067244, 0.08275834596898779, 0.07296749603858955, 0.07541320211359688, 0.07330832765294887], [0.07425856823874923, 0.0715479273761482, 0.08078368362760088, 0.07651549073421961, 0.07555038385265167, 0.08116134621114487, 0.0816431723830983, 0.08095025131961216, 0.07313180369521839, 0.08298672319505626, 0.07288573186120079, 0.07529649447970745, 0.0732884230255923], [0.07579630792417752, 0.07168678508249746, 0.07938435312406533, 0.07624701604685223, 0.07575822489231634, 0.08073713738045571, 0.08150286491284649, 0.079705148632011, 0.07437905877017108, 0.08312505919125703, 0.07288974078826767, 0.07443721683827416, 0.07435108641680822], [0.07565520075137049, 0.07155876861793416, 0.07949510921430077, 0.07622078519581853, 0.07569371260773976, 0.08087916660910165, 0.0816903177710116, 0.07982271847612665, 0.07423141356799573, 0.08333333333333333, 0.0727931148414039, 0.07441039804546767, 0.07421596096839576], [0.0757809419945803, 0.07130122019280186, 0.07966501079514106, 0.07640552881606057, 0.07585587342595765, 0.08102953285930917, 0.08145278578928654, 0.07999857461087037, 0.07422123171621017, 0.08303104179683213, 0.0726586466662805, 0.0743824140684304, 0.07421719726823928], [0.07568365111849712, 0.07138600592400178, 0.07964029366766823, 0.07631574123519662, 0.07576407523891891, 0.0810421225883464, 0.08166047585851847, 0.07997604903954497, 0.07418521929451005, 0.08307967289769204, 0.07269549426670588, 0.07439184147197568, 0.07417935739842378], [0.07530280294274666, 0.07149171097081118, 0.079755009108015, 0.0761768709078494, 0.07555731912047793, 0.08114575972873941, 0.08220638555428217, 0.08008329693413149, 0.07394581300729461, 0.08312960653898088, 0.07274563267426917, 0.07449530605565843, 0.07396448645674382], [0.07547545924653111, 0.07143644739519578, 0.07971760924711124, 0.07623512650999596, 0.07564635105894857, 0.0811411673501857, 0.08202961307961866, 0.08005369064888274, 0.07405273250943839, 0.08299760183620526, 0.07271514190851784, 0.0744399190850556, 0.07405914012431314], [0.07576440286322118, 0.07113667243970612, 0.07971026043703153, 0.07644269846069221, 0.07587481398688209, 0.08111642856399652, 0.08138911932015856, 0.08004340175068494, 0.07414975886707587, 0.08333333333333333, 0.07255109940739185, 0.07433434655434934, 0.07415366401547638], [0.07575162703370239, 0.07098180870215592, 0.0798831656571858, 0.07658478351478165, 0.07597138047594601, 0.08134675345785825, 0.08133234717635701, 0.08021008580441223, 0.07407602585942198, 0.08290246398443159, 0.07248285159008679, 0.07437565482053728, 0.07410105192312318], [0.07608978863694935, 0.07090574536266071, 0.07976083806229216, 0.07693970753821708, 0.07634567469783736, 0.0811010473863329, 0.08042295282078496, 0.07995132159234242, 0.07427357931002432, 0.08288706990185088, 0.07253208135500865, 0.07447495640294785, 0.0743152369327513], [0.07619798359870893, 0.07103280177468903, 0.07953808866540132, 0.07683795231053657, 0.07630586633553033, 0.08092652988680857, 0.08040998376521792, 0.07977533046463023, 0.07440341677446004, 0.08314228180848451, 0.07259133050293579, 0.07441853081295845, 0.07441990329963839], [0.07448160250983042, 0.0707454343289312, 0.08110126698389013, 0.07641513696392861, 0.0754550907620483, 0.08252907752047774, 0.0830981837063804, 0.08146849012321367, 0.07304121432314127, 0.08153620185207247, 0.07227458461134886, 0.07467176139836604, 0.07318195491637093], [0.07448341483326254, 0.07087873446769963, 0.08094592425451626, 0.07636359216008161, 0.07542508899441185, 0.0822561320008822, 0.08310601450720038, 0.08129069203303288, 0.07308925098255366, 0.08187893090732266, 0.07235800632458449, 0.07470005288575862, 0.07322416564869319], [0.07453955345283336, 0.07091146367606925, 0.08077544430578852, 0.07630143456955434, 0.07539939598079358, 0.08212965830584115, 0.08333333333333334, 0.08112022022151488, 0.07314936720933216, 0.08206678063329914, 0.07236436572787845, 0.07463871232364741, 0.0732702702601145], [0.07461944861695809, 0.07102565938014382, 0.08062883601239276, 0.0762782397358066, 0.07541110783832063, 0.08197144367423434, 0.08312593926263086, 0.08096640097195008, 0.07325056353492103, 0.082277958926089, 0.07244099692786214, 0.07464360637201393, 0.07335979874667672], [0.0747428464010293, 0.0710391206686708, 0.08049656993378317, 0.07625632277519023, 0.07543193226324024, 0.08192258232565244, 0.08308400952308528, 0.08084334932427409, 0.0733540086784343, 0.08236249237404897, 0.07244430390051051, 0.07457637168190927, 0.07344609015017138], [0.0748329794389508, 0.07099857030105278, 0.08043563138822486, 0.07625474181330319, 0.07545542809745912, 0.08193023927730898, 0.08317650921188528, 0.08079225873561342, 0.07341196011675992, 0.08229040448777879, 0.07241437606452841, 0.07451365774171355, 0.07349324332542073], [0.0748944010411103, 0.07088427921134526, 0.08055161128741309, 0.07633386769399085, 0.075524809686748, 0.08212856952449028, 0.0829397901571924, 0.08092380571564722, 0.07341560094932817, 0.08205757566119598, 0.07235325700409109, 0.07449298026547053, 0.07349945180197699], [0.07474216099520117, 0.07062576854106871, 0.0809100561017078, 0.07643238715230417, 0.07554060400866133, 0.08257137231935638, 0.0830886681528139, 0.08130254645219386, 0.07320504417813893, 0.08156906799990726, 0.0721918375333363, 0.0745024180962994, 0.07331806846901083], [0.07454389344264506, 0.0705407928951682, 0.0811863741685837, 0.07646496340547874, 0.07550140558780288, 0.08286425429995092, 0.08309879381664213, 0.08158508898579868, 0.07302089908177731, 0.08132303483411568, 0.07213857236613662, 0.07457186647509315, 0.07316006064080696], [0.07445942496553333, 0.07057329755224184, 0.0812415610596434, 0.07645335542242387, 0.0754691573663309, 0.08281510359566938, 0.08333333333333334, 0.08163192978429513, 0.0729663198404411, 0.08116443495853175, 0.072159336891903, 0.07461903208542145, 0.07311371314423161], [0.07454925903314961, 0.07069820374449616, 0.08100503239895147, 0.0763853951568878, 0.07545238776977076, 0.08255085234723764, 0.08333333333333336, 0.08138326830945626, 0.07308180369733336, 0.08152829268255869, 0.07223152934980914, 0.07458971360507766, 0.0732109285719383], [0.07452504123293828, 0.07080425988234441, 0.0809872605115412, 0.07638345383154949, 0.07544789069251509, 0.08241516544991537, 0.08310161785949643, 0.08134947640412155, 0.07309658676012062, 0.08169485757703829, 0.0723086141636507, 0.07465712554629703, 0.07322865008847161], [0.07465053147632601, 0.07084911066727025, 0.08072984783602412, 0.07630733135073083, 0.07543310072274514, 0.08222873770317252, 0.08333333333333333, 0.08109380730929162, 0.07321608190640422, 0.08195396844131973, 0.07231993136096654, 0.07455977445966429, 0.07332444343275135], [0.07474197258611702, 0.07078948353857112, 0.08077365727129425, 0.07636567666687628, 0.0754986423883031, 0.08236670906648678, 0.08311094137616273, 0.08115165593974073, 0.07326317548279092, 0.08174158159197828, 0.07229250581753721, 0.0745359341511511, 0.07336806412299032], [0.07468489092735273, 0.07080191806239985, 0.08081233929280322, 0.07635950928829965, 0.07547786225155602, 0.08237322348521156, 0.08312502163902179, 0.08118649245848795, 0.07322310033531929, 0.08175909348063323, 0.07229980959509656, 0.0745629847287977, 0.07333375445502033], [0.07465729935855765, 0.07065773870944968, 0.08093058864256598, 0.07639512282553568, 0.07548986277359128, 0.08256859283858194, 0.08333333333333333, 0.08131866477132926, 0.0731524356208626, 0.08149452461209646, 0.07220461342319012, 0.07452685191199944, 0.07327037117890658], [0.07462058683424677, 0.07089565650979315, 0.08075847660685578, 0.07631828861337446, 0.07543382377418913, 0.08220245024648609, 0.08319038014269488, 0.0811150297895972, 0.07320638085418797, 0.08197453458071192, 0.07235699368619536, 0.0746076683509913, 0.07331973001067613], [0.07475592812140404, 0.07092117589512746, 0.08054526264949984, 0.07626699782928212, 0.07543851337688431, 0.08205124465026278, 0.08333333333333334, 0.08090607064422828, 0.0733255344173842, 0.08216059606707707, 0.07236132012274121, 0.07451702384025964, 0.07341699905251581], [0.07482797852968062, 0.07088046672950107, 0.08059664229057506, 0.07632311995754242, 0.07549742076635904, 0.08216151467799623, 0.08307106726025455, 0.08096726734856904, 0.07336349498632727, 0.08199927131123977, 0.07234723504142695, 0.07451100148347146, 0.07345351961705653], [0.07482627740355337, 0.07070654938794158, 0.08077577096043398, 0.07641021869722053, 0.07555265167214038, 0.08241150784347476, 0.08301875488476997, 0.08116224303051715, 0.07329832147886521, 0.08170276158839149, 0.07224483313289592, 0.07449087581762363, 0.07339923410217196], [0.07493008640446232, 0.0708277049849834, 0.08059772278069852, 0.0763766146860041, 0.07556376804320245, 0.08219760296953232, 0.08285595709074216, 0.08097544980627411, 0.07342118154018402, 0.08194048320884025, 0.07232416830517027, 0.07448292101106374, 0.07350633916884243], [0.07470434142007117, 0.07097778864791597, 0.08059450159521318, 0.07628078009119568, 0.07543528844424184, 0.0820388236903755, 0.08312275497276803, 0.08094650058902451, 0.07330180413305942, 0.08220799665575039, 0.07240636954263438, 0.07458192444201028, 0.07340112577573986], [0.0748766057656454, 0.07096835408811655, 0.08044760455313238, 0.0762771219766208, 0.07548272085572172, 0.08197572289934123, 0.08310847825411938, 0.08080991537727102, 0.07343423641412938, 0.0822097791997126, 0.07239868093738576, 0.07449757748384879, 0.07351320219495518], [0.07495862039214099, 0.07094592643286156, 0.08042906410119541, 0.07630658654751626, 0.07552684684520625, 0.08198569856633856, 0.08290037426427443, 0.08079632348010765, 0.07348828527020544, 0.08223483680045424, 0.07239092282374848, 0.07447494001020923, 0.07356157446574145], [0.07420494172952831, 0.07051260164757439, 0.08180284280203938, 0.0766330207285329, 0.07551807305247683, 0.08267744079608541, 0.08258296644519264, 0.08217495621337671, 0.07274748256251472, 0.08119108222619777, 0.07216676632922218, 0.07485488002076765, 0.07293294544649115], [0.07427799795761317, 0.07045035549387084, 0.08172606745811921, 0.07661130103049041, 0.07552215540837132, 0.08292366229903625, 0.08274828299393464, 0.08212533829883911, 0.07277658737544816, 0.08099710197932448, 0.07211416143719701, 0.07476620337284276, 0.07296078489491278], [0.07436606456330727, 0.07029611985726551, 0.08155736915108637, 0.07655891896317978, 0.07550713442917471, 0.08333333333333333, 0.08278151771982398, 0.08197657094343709, 0.07279789403826815, 0.08127651218046725, 0.07198626976481293, 0.07459397120980266, 0.07296832384604095], [0.07452764474945013, 0.07024467286668822, 0.08151051183593978, 0.07666533159074981, 0.07563082424313847, 0.08298325568088369, 0.08237294840414744, 0.08192034451244103, 0.07289880226248635, 0.08162707574203956, 0.07197797099178001, 0.0745760382130017, 0.0730645789072538], [0.07447469028625665, 0.0700850696261074, 0.08191048123001948, 0.07700592423299846, 0.07585490043911398, 0.0829689028468316, 0.08153665364114765, 0.08223262128208654, 0.07278981082028065, 0.08141156664675435, 0.0719549864987393, 0.07477594251676556, 0.0729984499328983], [0.07421371034048313, 0.07011073114463905, 0.08254305789213087, 0.0771681568400182, 0.07588804899921246, 0.08274502827343956, 0.08126104693615091, 0.08278197994731047, 0.07262259769488048, 0.0807597831573442, 0.07201900149399901, 0.0750434058682514, 0.07284345141214005], [0.07396320210206674, 0.07014123778598359, 0.08287657466850233, 0.07704821802595667, 0.07572448165076741, 0.08296399982835943, 0.08136109656837533, 0.08333333333333333, 0.07245238199035355, 0.08036690263405033, 0.07200474128774445, 0.07509141743874082, 0.07267241268576607], [0.07399828912651603, 0.070362863720649, 0.08252824721284767, 0.07690910639012771, 0.07564555197294283, 0.082909225689054, 0.08174844504146846, 0.0828534746368135, 0.07255263496255766, 0.08051288600779653, 0.07212837071447771, 0.07509096359774864, 0.07275994092700021], [0.074155641684596, 0.07047709925162315, 0.08201394742583754, 0.07671799122914226, 0.07556179048133004, 0.0826362694922655, 0.08235435208948591, 0.0823848071999083, 0.07270052564337641, 0.08101554786311325, 0.07216266477743086, 0.07492721227805228, 0.07289215058383851], [0.07425063767645115, 0.07042741364442946, 0.08186889467382197, 0.07667199307848187, 0.07555590425781536, 0.0828590878085325, 0.0825833935932908, 0.08227266571895377, 0.07274990268005394, 0.08089130075056118, 0.07211436976901278, 0.0748162175145711, 0.07293821883402418], [0.07429902686829656, 0.07027289206140948, 0.08179408504957851, 0.07665071123574968, 0.07555093874978801, 0.08316623549914014, 0.0825638302027137, 0.08221967377828032, 0.07273166378692858, 0.08114840132768956, 0.07199481202218608, 0.07468695991197456, 0.07292076950626489], [0.07433612802514929, 0.07020939454097881, 0.08173082265193586, 0.07664436363932656, 0.07555618047025586, 0.08333333333333331, 0.08250159103528525, 0.08215698204936119, 0.07274102187664404, 0.08129057947285989, 0.07194651111426552, 0.07462788510899408, 0.07292520668161016], [0.07431052891173275, 0.07013113334626744, 0.0818984956278419, 0.07674109179069921, 0.07561508942251674, 0.08333333333333334, 0.08220661671100657, 0.08232244337565896, 0.07269097431242821, 0.08127315349285508, 0.07191600783516773, 0.07467245960172782, 0.07288867223876436], [0.07414666905762442, 0.07027553646473154, 0.08222738788115963, 0.07679974472430366, 0.07561017683432969, 0.08298376763255559, 0.08214270057668092, 0.08265488363596421, 0.07262768284669455, 0.08078132435508906, 0.07203916721426358, 0.07488281203590351, 0.07282814674069979], [0.07403711688405167, 0.07011767908818439, 0.08252115358803915, 0.07689834315621931, 0.07564241154976714, 0.083333