[[0.07115529599350064, 0.08092721430410046, 0.07610849734861837, 0.08252361302532438, 0.07353859101453031, 0.07198397322722638, 0.08037831031514249, 0.08150583408559584, 0.07358691339127178, 0.0811274615552614, 0.07281898522088662, 0.08162225905867036, 0.07272305145987085], [0.07114057446504715, 0.08122237716128775, 0.07598844983704171, 0.082784551010813, 0.07351093273961544, 0.0719751314998629, 0.0801928238660312, 0.08138667660372657, 0.07359176848438187, 0.08097460470065569, 0.07282059227198455, 0.08169431735743998, 0.07271720000211224], [0.0711530053870934, 0.08157656489498401, 0.07586097896173098, 0.08303565482547207, 0.07349915942736511, 0.07199118561034808, 0.07997053039570524, 0.08121548875474713, 0.07361723787864513, 0.08077692692839634, 0.07284542925730088, 0.0817240280673711, 0.07273380961084057], [0.0711789729212061, 0.08186903228472614, 0.07577744793620254, 0.08298080212390185, 0.07351478693324509, 0.072025336403578, 0.07981596694149504, 0.08110293073752715, 0.07366693442867646, 0.08064521261243053, 0.07289158579477498, 0.08175896726896033, 0.0727720236132758], [0.07126327961578408, 0.08221645918762208, 0.07570679075308663, 0.08274464097523403, 0.07357006463605072, 0.07211243812022633, 0.07963361413955639, 0.08094235918476494, 0.07375928250525997, 0.08047406040791705, 0.07298571508308012, 0.08173317462664746, 0.0728581207647704], [0.07122910073419371, 0.08244979557206854, 0.07561607228011841, 0.08296239921578087, 0.073550595642262, 0.07209502359973081, 0.07951182991960087, 0.08085600401266897, 0.07377171024496096, 0.08037452038515831, 0.07298781183297323, 0.08174321535010087, 0.07285192121038243], [0.0711132830641287, 0.08274042293401351, 0.0754738420304653, 0.08333333333333334, 0.073499323399693, 0.07202265868621908, 0.07937058245657946, 0.08078887557368386, 0.07377566886685373, 0.08028240099832804, 0.07296244357153502, 0.08182631621257383, 0.07281084887259327], [0.07116093901173721, 0.08290329140627514, 0.07542626568968355, 0.08295958371012574, 0.07357514292860626, 0.07210027127414086, 0.07925319346024504, 0.0807046623508719, 0.07390362288498578, 0.08018974930940906, 0.07307324570788777, 0.08184204646862497, 0.07290798579740666], [0.07115291137306204, 0.08285857334288184, 0.075406522516274, 0.08258981553254116, 0.07363769805968368, 0.07213664026089854, 0.0792206982269719, 0.08071775512348685, 0.07401549013862499, 0.08019251499812205, 0.07315584144098784, 0.08193935256699837, 0.07297618641946667], [0.07124537999451773, 0.08252679462243584, 0.07542820890969537, 0.08206244917051513, 0.07380101848353617, 0.07228085713152924, 0.07915765331632063, 0.08066984547517565, 0.07424588208957593, 0.0801507401037002, 0.07335435405570308, 0.08192078225249946, 0.07315603439479558], [0.07128926694759412, 0.08251373469668254, 0.07544828501878821, 0.0815006699928706, 0.0739442018826854, 0.07238680970859916, 0.07910296738053225, 0.08060927979586696, 0.0744563478046539, 0.08010877078317477, 0.07352427846888396, 0.08180904456571347, 0.0733063429539546], [0.07137175807143761, 0.08285013988785138, 0.07543916587006923, 0.08107730510450399, 0.07407189737834437, 0.07250793229825006, 0.07896759985320519, 0.08043028511302401, 0.07464131152153718, 0.07995789740145462, 0.07368657689427924, 0.0815448531845866, 0.07345327742145644], [0.07128391577017817, 0.08333333333333333, 0.07545404593032332, 0.08060033196748413, 0.07412118007984514, 0.07248698384959423, 0.07897569637604984, 0.08041484765384323, 0.07473568576540704, 0.07997081483128828, 0.0737322722071245, 0.0814073164213411, 0.07348357581418766], [0.07132579568243404, 0.08296636913472623, 0.07555108372836011, 0.08026758101636498, 0.0742420335900895, 0.07256652606361802, 0.07903343691849501, 0.08042547804817983, 0.07487845094160342, 0.08001446516594725, 0.07384822509208881, 0.08128880409688555, 0.07359175052120723], [0.07133048914261897, 0.08248031936460046, 0.07570290911018275, 0.0798829079382964, 0.0743589375639584, 0.07261534590968598, 0.07918432042897042, 0.08050925422269356, 0.07500121098337209, 0.0801459096159999, 0.07393733550224967, 0.08117513539971165, 0.07367592481765965], [0.07129351509456179, 0.08208669310360742, 0.07584325683315041, 0.07962698081138013, 0.07441050755993821, 0.07260512395371913, 0.07937421259109145, 0.08064250057340872, 0.07503463726807283, 0.08032083328323476, 0.07394863260080314, 0.08112431633344155, 0.07368878999359063], [0.07128836373549555, 0.0815672673995136, 0.07605190538601632, 0.07926414717309134, 0.0745050822271447, 0.07262758868407569, 0.07961496646491077, 0.08076587223167872, 0.07509864036976234, 0.08051824849200592, 0.07399074556621092, 0.08097207032997686, 0.07373510194011719], [0.07123484215376114, 0.08102952403931803, 0.07629006657459676, 0.07897429084392495, 0.07453292626423934, 0.07258205247322037, 0.07997318037640651, 0.08098776874028964, 0.07505737456817659, 0.08082891254247299, 0.07394137980524956, 0.08086801917310035, 0.07369966244524363], [0.07131203251296407, 0.0806155147746698, 0.07628280898505373, 0.08230040972259337, 0.07363082409623793, 0.07209882149662457, 0.08050076580088873, 0.08144314991720164, 0.07362482383545382, 0.08114146368417144, 0.07288721588428132, 0.08135541240966888, 0.07280675688019078], [0.07126532099643368, 0.08097536587594674, 0.07611958336156024, 0.08265483656108716, 0.07357783959046961, 0.07206345250843196, 0.08028031806484676, 0.08133973363758017, 0.0736142074738808, 0.08098206678686226, 0.07286905845871137, 0.0814797031585951, 0.07277851352559395], [0.07124984406425862, 0.08118416976507507, 0.0760305398884612, 0.08286136197333618, 0.07355487113869959, 0.07205304332855055, 0.08014922360188118, 0.081260025337238, 0.07361504937118263, 0.08087747711656623, 0.07286697597316594, 0.08152652260265553, 0.07277089583892926], [0.07118891663044397, 0.08162531143544875, 0.07585052525293609, 0.08312512431862425, 0.07350966574930468, 0.07201761247981603, 0.07991719908480029, 0.0811446467931392, 0.07362761306272891, 0.08071123786929497, 0.0728632007537941, 0.0816664508575914, 0.0727524957120774], [0.07120964476306454, 0.08126752514483294, 0.07598783054969406, 0.08290999350806233, 0.07353314745322742, 0.07202456682451663, 0.08012003731830339, 0.08127191771102088, 0.07360773741157779, 0.08087291718531633, 0.07285132524480598, 0.08159226769750981, 0.07275108918806777], [0.07124517945943842, 0.0819755127782257, 0.07576269819177346, 0.08296929921491308, 0.0735451575022779, 0.0720802535248559, 0.07973235648827301, 0.08100107088750483, 0.0737024688989677, 0.08054850421232894, 0.0729367195510555, 0.08168363890614282, 0.07281714038424285], [0.07133989520944704, 0.08221545244915392, 0.07572318020609, 0.08277181190398392, 0.07360183346674475, 0.07216945079295985, 0.07959021350431737, 0.08085899535859778, 0.07378203314476386, 0.0804044376841557, 0.07302344130436333, 0.08161965827175943, 0.0728995967036631], [0.07124490549524028, 0.08250863228433002, 0.07560138770668125, 0.08299260732736195, 0.07355753845768645, 0.07210948785779966, 0.07947324332278573, 0.08081455520004213, 0.0737838429225885, 0.08033393601194241, 0.07300164019826257, 0.08171343646630286, 0.0728647867489762], [0.07128883110557391, 0.08284889166948742, 0.07551116084166642, 0.08307015625157037, 0.07358627308542305, 0.07216226509609733, 0.07928518659245098, 0.08063701011499105, 0.07385155264938585, 0.08015300751192514, 0.07306701506072737, 0.08161748877033868, 0.07292116125036249], [0.0712633242876206, 0.08313603790567034, 0.07542154765899071, 0.08291484798159271, 0.07361279086255158, 0.07217749504678583, 0.07915880227654791, 0.0805641643418718, 0.07393640756377189, 0.08006449750229938, 0.07312636664010946, 0.08165922618754692, 0.0729644917446407], [0.07124263870919757, 0.08307218577100331, 0.07539831796949147, 0.0826999309866542, 0.07365112399262269, 0.07219317866966272, 0.07913592901190827, 0.08058350373406842, 0.07401412019927166, 0.0800728559888361, 0.07317987933990698, 0.08174993280967666, 0.07300640281770009], [0.07125871910141511, 0.08297079170708432, 0.07539135081331073, 0.08241588925502802, 0.07371836546081009, 0.07224332868174574, 0.07910364504815011, 0.0805771920470034, 0.07412172263233283, 0.0800627181778533, 0.0732656194372286, 0.08179006553556557, 0.07308059210247221], [0.07132708308395769, 0.08269768717936175, 0.07541055009891105, 0.08210897680185594, 0.07382605963724352, 0.07234176009735317, 0.0790668350747571, 0.08054674925178451, 0.07426984808680183, 0.0800367481366458, 0.07339563626959413, 0.08177259669272968, 0.07319946958900396], [0.07138328929481388, 0.0825148216986934, 0.07542808462328252, 0.08192023183070528, 0.07390182044838083, 0.07241467482462657, 0.07903925785552224, 0.08051465163757693, 0.07437001171163883, 0.08001083115343059, 0.07348618985719785, 0.08173268353966595, 0.07328345152446512], [0.07147195529268893, 0.08226977779524787, 0.075455859202044, 0.0816664625727816, 0.07401235762541891, 0.07252422299255981, 0.0789950745053964, 0.08045558249078959, 0.07451321534403146, 0.07996358449848513, 0.0736178856414524, 0.08164751629089302, 0.07340650574821099], [0.07143181307046492, 0.08253446337152331, 0.0754433615431751, 0.0813916155357248, 0.07404275660305266, 0.07252251764132392, 0.07897318458224822, 0.08043750850504394, 0.07457749225909438, 0.07995298082525946, 0.07365535336933118, 0.08160354726306293, 0.07343340543069521], [0.0715763214938847, 0.0827953981247817, 0.07544740014737045, 0.08085058373911891, 0.07423245152357091, 0.07271201167762621, 0.07879639748081295, 0.08019711842257712, 0.07483988910982262, 0.07974991107433695, 0.07389299218270216, 0.08125757544457093, 0.07365194957882436], [0.0715058397193116, 0.08303835731622355, 0.07547331203182445, 0.08048155273382018, 0.07428086548157117, 0.07269839641383932, 0.07882174043566607, 0.0802043510831178, 0.07492474786920371, 0.07977951964812857, 0.07393593558902825, 0.08117316705424975, 0.07368221462401556], [0.07129440732192462, 0.08292800196412486, 0.07544268014647666, 0.08103878612999146, 0.07403656890024904, 0.07244481625210097, 0.07902550764607319, 0.08050429710019197, 0.07460393113971342, 0.08002925261433513, 0.0736367155670444, 0.08161251009803981, 0.07340252511973439], [0.07154138894360285, 0.08290769678414237, 0.07552922399056788, 0.0801987709991614, 0.07437911069658237, 0.0727670831395662, 0.07882617660797378, 0.08016926457917924, 0.0750493322251828, 0.07977030008979866, 0.0740375909058182, 0.08104853028084723, 0.07377553075757709], [0.071564319915073, 0.08253544792420686, 0.07565782787489489, 0.07978842359381276, 0.07451694588970739, 0.07284108054090015, 0.07891380285907672, 0.08018785206359462, 0.07521004760610477, 0.07983463607050476, 0.07416047049073525, 0.08089983197768556, 0.07388931319370336], [0.07151724667455676, 0.08231305448121849, 0.07574591299698658, 0.07961404026196552, 0.07454562182088059, 0.07281915037427275, 0.0790398693452786, 0.08028274480596201, 0.07523124586567376, 0.07995426003264039, 0.0741605804158712, 0.0808874242370214, 0.07388884868767204], [0.07148254507426767, 0.08188533540457858, 0.07591464392681603, 0.07930416941765261, 0.07461974868102983, 0.07281864336967535, 0.07924289932169519, 0.08040514717186406, 0.07528702717940103, 0.08012993684100726, 0.0741882766462794, 0.08080406319447885, 0.07391756377125412], [0.0715360077237592, 0.08144387471922948, 0.07609651431064351, 0.0789369315392552, 0.07475969482123099, 0.07290223991554805, 0.07938967574579316, 0.08040448156832712, 0.0754172731737127, 0.08019862739143792, 0.07429643384276462, 0.08059283642045095, 0.07402540882784693], [0.07140867840540521, 0.08116476916163227, 0.0762331145759851, 0.07886168578452471, 0.074692721642689, 0.07277545937132941, 0.07969456528665514, 0.0806593478429498, 0.0752869220667203, 0.08049341527909466, 0.07416140943204094, 0.08066433991840385, 0.0739035712325696], [0.07142796057957951, 0.08066643734334683, 0.07629154613892758, 0.08238592605206996, 0.07367557292010232, 0.07218487045382666, 0.08039036264199811, 0.08127830148125322, 0.07366008741903059, 0.08098967544077856, 0.07294483653138767, 0.08123522999547501, 0.07286919300222383], [0.07136767734903496, 0.08120008680775007, 0.07605077030602657, 0.08292128409578294, 0.0736039698844754, 0.07214131547056425, 0.08006298566368532, 0.08111053961351875, 0.07365230816782321, 0.0807481012925606, 0.07292657779975556, 0.08137859556484063, 0.07283578798418171], [0.0713827008841149, 0.08100493338040302, 0.07613578172095727, 0.08272601766224305, 0.07362547030023996, 0.0721510966326591, 0.08018534643327108, 0.08118310135797856, 0.07365079998010482, 0.08084387269958997, 0.0729280531060515, 0.08134018285508206, 0.07284264298730474], [0.07128071402924141, 0.08136715285101498, 0.0759634047174245, 0.08307127157794324, 0.07355449795075204, 0.07207760575109234, 0.08000735188545961, 0.0811322868111218, 0.07363056646032934, 0.08073946701656987, 0.072888211489676, 0.08149811861924249, 0.07278935084013241], [0.07136678746624163, 0.08150879137530047, 0.07592631950873283, 0.08319055906740215, 0.07358592566032078, 0.07214624898246065, 0.07986429855598066, 0.08097201042786681, 0.07367006446293228, 0.08058127407114501, 0.0729420314538577, 0.08140257902455098, 0.07284310994320826], [0.07136699738211648, 0.08185946749799586, 0.07581812368775935, 0.0830818701398758, 0.0735923148188906, 0.07216479213427972, 0.07970354067927905, 0.08088663781338097, 0.07372180177105636, 0.08046460602603585, 0.07298331474485696, 0.0814834196780484, 0.07287311362642468], [0.07128141510256046, 0.08161827118048841, 0.07586281054151918, 0.08333333333333334, 0.07353944734427682, 0.07208207837223732, 0.07984180520596917, 0.08100631894149965, 0.07364366949667019, 0.08059436301107026, 0.07290019229779349, 0.08150128105660154, 0.07279501411598033], [0.07145249566371376, 0.08216102496082223, 0.07575848149652634, 0.08277767378199144, 0.07365182654583632, 0.07225368097685586, 0.07954445634548205, 0.08075519775762185, 0.07381648547209582, 0.08032073169405467, 0.07307939590249139, 0.0814670374662719, 0.07296151193623653], [0.07148994583143438, 0.08233936482317179, 0.07571692693560372, 0.08266387940329309, 0.07367968281556271, 0.07229586574666953, 0.07944994735275626, 0.08067707713592234, 0.07386665474044275, 0.08023597762736784, 0.07312848131111527, 0.0814507175395907, 0.07300547873706971], [0.07145119360586787, 0.08250832318918652, 0.07565228173689846, 0.08278409828117138, 0.07366096977428024, 0.07227311758824223, 0.0793788877621766, 0.08063899625373956, 0.07387200570969236, 0.0801861016481002, 0.07312348169460878, 0.08147663942658152, 0.07299390332945441], [0.07147655703132653, 0.08274369206577643, 0.07558178219515138, 0.08281832796323094, 0.07368195481802364, 0.07230886343842159, 0.07924362447004349, 0.08052191532092039, 0.07392520824833443, 0.08006276766389359, 0.07317240942314375, 0.08142779426645336, 0.07303510309528047], [0.07139511061251474, 0.08314195865883835, 0.07546393730553957, 0.08284552207266603, 0.07366216330760082, 0.0722706482452742, 0.07911926396761586, 0.0804627701785979, 0.07396167748933115, 0.07998293759013891, 0.07318066945711517, 0.08148584894757098, 0.07302749216719623], [0.07136561487796513, 0.08333333333333334, 0.07541907283651603, 0.08277201100864677, 0.07366320837619314, 0.07226211938214831, 0.07906879599928639, 0.08043859679270376, 0.0739891191235764, 0.0799512249490091, 0.07319448014255317, 0.08150861370329508, 0.07303380947477343], [0.07136394938674684, 0.08321078194246416, 0.07541496851995683, 0.08273041003349091, 0.07368287519673954, 0.0722738427044935, 0.0790649955368797, 0.08045141952825297, 0.07402355357946322, 0.07995948793876305, 0.07322011791767294, 0.0815484766866776, 0.07305512102839895], [0.07136178202931376, 0.08333333333333331, 0.07537719917085575, 0.0825026189442024, 0.07372530321623627, 0.07230381242641187, 0.07899986668164043, 0.08041471417990727, 0.07410782225823212, 0.0799168883330313, 0.07328416904658304, 0.0815650398657439, 0.07310745051450833], [0.0714113242780033, 0.0830219164869315, 0.07538970460749767, 0.08226205779454157, 0.07381569498012491, 0.07238301968163026, 0.07897479197178653, 0.08040686564075078, 0.07423628449630786, 0.07990810902569127, 0.07339442714864973, 0.0815887359618583, 0.0732070679262263], [0.07146985217584113, 0.08277013726663444, 0.0754068063279323, 0.08204501963600816, 0.07390204096449927, 0.07246376765823405, 0.07894678478672702, 0.08038222610955317, 0.0743534730150391, 0.07988715759456752, 0.07349853406365733, 0.08157145466679998, 0.07330274573450644], [0.07164307355084476, 0.08233365088889401, 0.07544870894512272, 0.08163019642380304, 0.07409604424733592, 0.07266666625765224, 0.07885300613608168, 0.08026253333731416, 0.07460279009652289, 0.0797858949025072, 0.07373346725985269, 0.08142040825552842, 0.0735235596985404], [0.07174322903065188, 0.08229644071305693, 0.07546049433443361, 0.08127267470224457, 0.07422818787670171, 0.07279760817938731, 0.07875989842735213, 0.08014342435195325, 0.07478331028128735, 0.07968479390133563, 0.07389711370133321, 0.08125842626809096, 0.07367439823217134], [0.0716556683475008, 0.08267432426182153, 0.07545116272129232, 0.08087541567125381, 0.07426944003633545, 0.0727762397430745, 0.07875027838354076, 0.08013569590826497, 0.07487644174620606, 0.07969111166967102, 0.0739427258489411, 0.08119831450908459, 0.07370318115301314], [0.0715733540890266, 0.0826013340649971, 0.07544421633410586, 0.08113749206512552, 0.07416912206936355, 0.07267346726387768, 0.07883700920363428, 0.08025567686708145, 0.07474103951873182, 0.07979252272159053, 0.07381800511879538, 0.081369212086731, 0.07358754859693911], [0.07162363184381736, 0.08229179730091365, 0.07545649660489026, 0.08146555591043526, 0.07412889302463097, 0.07267483815441188, 0.07886228675372564, 0.08027985574278765, 0.07465836436341583, 0.07980604156732603, 0.07376958551374274, 0.08143022616349313, 0.07355242705640982], [0.0715079327354428, 0.08250859291907349, 0.0754293929380998, 0.08182985085308773, 0.07398079761694218, 0.07252822323015515, 0.07893951350583037, 0.08037994628657681, 0.0744619343242624, 0.07988890023431065, 0.07359016704328752, 0.08156893825515162, 0.07338581005777942], [0.07159699704421395, 0.08252049786596326, 0.0754465350501239, 0.08120876066998266, 0.07416681547060891, 0.07268450750766471, 0.07883353442504083, 0.08024986599695615, 0.07473013456540568, 0.07978475978847127, 0.07381639038678514, 0.08137232512910142, 0.07358887609968208], [0.07141906950771051, 0.08266953359140677, 0.07544006509514126, 0.08124498254779773, 0.0740644515580302, 0.07252896067505969, 0.0789580412536222, 0.0804191105107232, 0.07461673601676948, 0.07994066253185829, 0.07368136922196739, 0.08156299061272604, 0.07345402687718725], [0.07161948631179468, 0.08284375454789976, 0.07546055942058305, 0.08063581214338407, 0.07430580386914236, 0.07277668169029633, 0.07875004954163642, 0.08012506809835693, 0.0749401057043185, 0.07969367406187604, 0.07397998411137752, 0.08113755531536311, 0.07373146518397128], [0.07161639733899436, 0.08289284666060155, 0.07548968396166758, 0.08037491370374361, 0.07437058567414902, 0.07280875842912278, 0.07874840893087526, 0.080098979433718, 0.07503230730281314, 0.0796867540239816, 0.07404731278504188, 0.0810430689503395, 0.07378998280495185], [0.07163042439372658, 0.08276775308732008, 0.07555358823362425, 0.08006828575909818, 0.07446583656284328, 0.07286272287960553, 0.0787725418264246, 0.08008290259853264, 0.07515439527641932, 0.07969855485975938, 0.07414070035433204, 0.08092796735412687, 0.07387432681418746], [0.07166032654360521, 0.08258100643551085, 0.07561745779439932, 0.07983775722434146, 0.07455253090130921, 0.07292016890707252, 0.07879580892600865, 0.08006585503711516, 0.0752584290610729, 0.0797064185745599, 0.07422502477796078, 0.08082650409219908, 0.07395271172484494], [0.07162471354615821, 0.08226688917326844, 0.07574432115970778, 0.07952892275952833, 0.07463135819541147, 0.07292775516123408, 0.07893564764353093, 0.0801485740689877, 0.07534022019940083, 0.07982926570924224, 0.07427232869158314, 0.08075425843275598, 0.07399574525919081], [0.07163705242362621, 0.0818359804111733, 0.0759136958922748, 0.07916400135375011, 0.07475347327369222, 0.0729802059833598, 0.07908052887949163, 0.08019611512451823, 0.07545921978792924, 0.07993472626900351, 0.07436012522391014, 0.08060394385249842, 0.0740809315247721], [0.07163288119333679, 0.08153659144819586, 0.07604120637930238, 0.07893269700389291, 0.07482140810599468, 0.07299843677886525, 0.07923038892806859, 0.08024483458065505, 0.0755132545167116, 0.08002765170673971, 0.07439623221438602, 0.08050625848061883, 0.07411815866323229], [0.07160161732254283, 0.08115340025027182, 0.07622021669161444, 0.0786733384517606, 0.07487618754114195, 0.07298710723714116, 0.07948431419297873, 0.08034943668680368, 0.07553085636159916, 0.08019446101888601, 0.074396992961995, 0.08040693162566638, 0.07412513965759795], [0.071437948396902, 0.0808816394593099, 0.07636745522342753, 0.0786428945928288, 0.07476690724580756, 0.07281529255270427, 0.07984664184278079, 0.08066621091042288, 0.07533907232594747, 0.08055602923039575, 0.07420636883941152, 0.08052114291566342, 0.07395239646439805], [0.07159741457615602, 0.08258211147985088, 0.07542531743678296, 0.08183997916105663, 0.07401333731212142, 0.07259593805032637, 0.07886701144414487, 0.08027730588914557, 0.0744904857825969, 0.07979455476335284, 0.07363683804193238, 0.08144435873121421, 0.07343534733131891], [0.0715438781323994, 0.08292500762944495, 0.07540308313812742, 0.08212506675936682, 0.07390534824017449, 0.07250544619253889, 0.07888901530789423, 0.0802889457284715, 0.07433850914868619, 0.07980247454549869, 0.07350803179535056, 0.08144613460183567, 0.07331905878021118], [0.07150439782015569, 0.0831527512702439, 0.07540287305465279, 0.08238153329179371, 0.07381611387257926, 0.07243044217935281, 0.07892845030597034, 0.0803083128378138, 0.07420432125168655, 0.07982303395147573, 0.07339583000968067, 0.0814324546021667, 0.07321948555242802], [0.07152536590448497, 0.08308029450669686, 0.07542620272931974, 0.08247933876136819, 0.07380378581080087, 0.07243064747377873, 0.07895299012729218, 0.08031300240294367, 0.07416909035896634, 0.07983230038104729, 0.07337436948609036, 0.08140786695573632, 0.07320474510147454], [0.0715193000575112, 0.08314624195619692, 0.07545428662567379, 0.08262076475023064, 0.07375661139679975, 0.07239466108484575, 0.07900347119672277, 0.08033319533760944, 0.0740827934511109, 0.07985976974191118, 0.07330671386302637, 0.0813741512676532, 0.073148039270708], [0.07156694679088, 0.08286467926016707, 0.07555346767299913, 0.08269959629131009, 0.07374308606609979, 0.07239731454143722, 0.079123926371604, 0.08039426447727369, 0.0740087173057383, 0.07993838373322218, 0.07326112421127953, 0.0813291434716628, 0.07311934980632631], [0.07159975721237018, 0.08268019284095371, 0.07561471924471135, 0.08266715400314167, 0.0737497957808625, 0.0724099604174553, 0.07919423465582907, 0.08043231025444122, 0.07398668074258978, 0.07998690936525991, 0.07325184770577642, 0.08130843310171072, 0.07311800467489828], [0.071206587991608, 0.0830480813996187, 0.07545772639031148, 0.08089228551000462, 0.07401773771126087, 0.07238407653220781, 0.07909342799511891, 0.08058196580098834, 0.07459076560043648, 0.08011116550430637, 0.07360180862219795, 0.08165039192162402, 0.07336397902031647], [0.07138517766194483, 0.08310625406505785, 0.07550327830286307, 0.08036728536537699, 0.07424421204559771, 0.07260694978171545, 0.07893370409131582, 0.0803268348195487, 0.07488560536940989, 0.079907427797129, 0.07387166156484251, 0.08124578957980562, 0.07361581955539256], [0.0714856417586703, 0.08270113492313463, 0.07561530215545596, 0.07996028146180985, 0.07442126435509175, 0.072748717235511, 0.0789467141889398, 0.08026308846189063, 0.07509582033230597, 0.07988891654886109, 0.07405407174483626, 0.08103117753165391, 0.07378786930183873], [0.07159172559176091, 0.08251357139167305, 0.07567049125001761, 0.08264434632237423, 0.07373757744477849, 0.07239056188198997, 0.07928910131101312, 0.08050678982948307, 0.07394809522807111, 0.0800682964048655, 0.0732190297803082, 0.0813286303270074, 0.07309178323665733], [0.07160303326435856, 0.08232732174885812, 0.07573761721298021, 0.08256175052747226, 0.0737394907474016, 0.07238836183941169, 0.07938565587916055, 0.08057471776852816, 0.07392254682187162, 0.08014649021328402, 0.07320114139048858, 0.08133093421104325, 0.07308093837514143], [0.07157437601923612, 0.08208628550010685, 0.07579959527758585, 0.08272213810270315, 0.07371121056918661, 0.07234762555915797, 0.07950051485554045, 0.08065505977343093, 0.07386119745088593, 0.08023999296342081, 0.07314548774992449, 0.08132316115241385, 0.07303335502640694], [0.07155942223717814, 0.08182807633091385, 0.07586915621204565, 0.08289633635614946, 0.07369146185328902, 0.07231825645833982, 0.07961234143887978, 0.08071896777997459, 0.07380668149195828, 0.08032268165197937, 0.07309867287771189, 0.08128274386793047, 0.0729952014436497], [0.07153417448633992, 0.08159337715574967, 0.0759377111088081, 0.08300199785447193, 0.07367297346459231, 0.07228458576730191, 0.07973314434125128, 0.08079687110137582, 0.0737578272200489, 0.08041856863885687, 0.07305346664333799, 0.08125812596433153, 0.0729571762535339], [0.07151249282077453, 0.08148619000797978, 0.0759703405733564, 0.0830226011236249, 0.07366197086518048, 0.0722622638226256, 0.07980069082692333, 0.08084810302446147, 0.07373394878501796, 0.08047740860215513, 0.07302889744816662, 0.08125971429170867, 0.07293537780802503], [0.07149743081464029, 0.08131752166324244, 0.07603136524712326, 0.08296611304195124, 0.07365920005774076, 0.07224466957136358, 0.07990753487755774, 0.08092317809919101, 0.07371084398223338, 0.08056706841794281, 0.07300619742565174, 0.08125166586199667, 0.07291721093936501], [0.07149948350886964, 0.08114051552339006, 0.07610420614769041, 0.08283544293879073, 0.073669666999409, 0.07224252615947807, 0.08001901970456375, 0.08099359396755969, 0.07369981401173148, 0.08065613441743515, 0.07299709802050379, 0.08122943767949718, 0.072913060921081], [0.0715651889616357, 0.08087711064331407, 0.07623030748720505, 0.08258493775524668, 0.07371952738708042, 0.0722904071610052, 0.08015159625798918, 0.08103282293063399, 0.07371382823327241, 0.08073446634037286, 0.07302325193176908, 0.08112804362996306, 0.07294851128051213], [0.07160387451699604, 0.08062399362815793, 0.07635028013745157, 0.08234311103148634, 0.07375920063650057, 0.07231904006772075, 0.08029940831068767, 0.08109168665110025, 0.07372161057849914, 0.08083245109357765, 0.0730376587394366, 0.08104703191409861, 0.07297065269428685], [0.07148454632543798, 0.0808446342452048, 0.07622732849172881, 0.08256827371925195, 0.07368467319245031, 0.07222792016238544, 0.08022832068699158, 0.0811362590181539, 0.07368230914982493, 0.08083178163158879, 0.07297779627112067, 0.08120552605517162, 0.07290063105068931], [0.07151201550939934, 0.08298443235996805, 0.07545422907738425, 0.08066296554845583, 0.07423975671766725, 0.07268042779107027, 0.07882098373256949, 0.08021995068884666, 0.07486548049546912, 0.07978185081184108, 0.07389383211885293, 0.08123804970870108, 0.0736460254397746], [0.07139199964912371, 0.08302443259908693, 0.07544202316769844, 0.08084750981798064, 0.0741306450058275, 0.07255300504613331, 0.07892052520319705, 0.08036092057364456, 0.07472810109967375, 0.07990418274615498, 0.07375732298045774, 0.08142335501892922, 0.07351597709209211], [0.07126706929229139, 0.08268864207896354, 0.07563455256842601, 0.08011015506747522, 0.07425655151074292, 0.07253114145679113, 0.079178398516439, 0.08055720776473882, 0.07488312333199472, 0.08016358885785661, 0.07383300068884861, 0.08132000496701443, 0.07357656389841773], [0.07122907665922491, 0.08311422320583654, 0.07550533434486836, 0.08051087308254673, 0.07412047034536158, 0.07244955622486761, 0.07908358374804655, 0.08052704967300986, 0.07472876443839516, 0.08008865830619413, 0.07371024003335411, 0.08147086672401452, 0.07346130321427993], [0.0713028441748595, 0.08231405720654852, 0.07545642590473221, 0.08172171627069608, 0.07391126933296914, 0.07237342843543429, 0.07913091476886734, 0.0806391871208826, 0.07439699657843037, 0.08013102680123378, 0.07348322471283965, 0.08186566339935554, 0.07327324529315081], [0.07122601009641966, 0.08282425811594925, 0.07544898516320193, 0.08116101163617251, 0.07397407929597649, 0.0723702300855664, 0.07910704038973561, 0.08061253768199164, 0.07452012886597767, 0.08012501312200386, 0.07355448272694955, 0.08175097217238204, 0.07332525064767335], [0.07126777804934359, 0.08235430912923324, 0.07574546386624693, 0.07985428194224038, 0.07433055747385, 0.07255872010877991, 0.07929614891046306, 0.0806240469193229, 0.07495503235564675, 0.08026595989657372, 0.07388421985746016, 0.08123749981677797, 0.07362598167406145], [0.071238604851457, 0.0818502390334614, 0.07593218462245356, 0.07951995217216158, 0.07440419116397991, 0.07255914224517393, 0.07953713586251956, 0.0807786995766962, 0.07500204920361898, 0.08048064149768216, 0.07390712122563463, 0.08113801085317988, 0.07365202769198115], [0.07160243818437408, 0.08072361246925118, 0.0764336364011926, 0.07837758611718697, 0.074954137170311, 0.07300217200223753, 0.07975898959462503, 0.08042071659172484, 0.0755615274210338, 0.08034567239072765, 0.07441663209288885, 0.08024921774397557, 0.07415366182047092], [0.07167053054080892, 0.08094532222565877, 0.07631017681659952, 0.07847055352250613, 0.07497818946689258, 0.07307015306820926, 0.07952986946847307, 0.0802748926990644, 0.07563465000138153, 0.08015754619188692, 0.07449188359782234, 0.08024759684133045, 0.0742186355593661], [0.07065757600244002, 0.08089071178217766, 0.07585056954972601, 0.08148953210885634, 0.07344331253846577, 0.07169870713840815, 0.08041835377632735, 0.08214906209063154, 0.07367052234825226, 0.08153768110281677, 0.0727511987856866, 0.08284488686312236, 0.07259788591308917], [0.0707338525629611, 0.08122915792119706, 0.07579158981824706, 0.08183529885937328, 0.07343037308106146, 0.07173914888668856, 0.08025661306473757, 0.08190475083146945, 0.07365203457772058, 0.08132107253118125, 0.07275898268665483, 0.08273704925496057, 0.07261007592374726], [0.07074458714301098, 0.08145427074337569, 0.07570248932347641, 0.08202586695295155, 0.07343158516590186, 0.07175722129626845, 0.08008759154928441, 0.08173698184836406, 0.073684999811882, 0.08115275930510223, 0.07278827408469801, 0.08280138510906511, 0.07263198766661927], [0.07079032020655875, 0.08169647203938207, 0.0756364485773751, 0.08223759058161484, 0.07344392280818803, 0.07179751812299831, 0.07993214790064963, 0.08155749500478923, 0.07371744732329266, 0.08098188469898383, 0.07282642573372261, 0.08271592886528649, 0.07266639813715824], [0.07079087968128622, 0.08180649517504128, 0.07557056900714178, 0.08216171761898239, 0.07348581933584782, 0.07183157804919403, 0.0798037791709609, 0.08145654013685959, 0.07380973793714526, 0.08087670356727177, 0.07289732705044712, 0.08278519213705057, 0.07272366113277128], [0.07080141292955452, 0.0817221970209922, 0.07556487267814202, 0.08192018797028436, 0.07355137368728988, 0.07187690820466204, 0.07976418130387455, 0.08143549639405401, 0.07391423035599196, 0.08085767666787581, 0.07297887861419784, 0.0828186659790842, 0.07279391819399661], [0.07069579438573649, 0.08173410332866148, 0.0756112709911433, 0.08143812927666731, 0.07356882691919354, 0.07182443449688865, 0.07989201654315194, 0.08160480160234893, 0.07395158779286569, 0.08102778175131704, 0.07297697524730443, 0.08289123038766878, 0.07278304727705247], [0.07057153012431272, 0.08131168077188952, 0.07578293256305893, 0.08097211716888836, 0.07354751191871735, 0.07172257133951197, 0.08027841014108629, 0.0820505077534857, 0.0738829797128883, 0.08146417666759025, 0.07288841482578153, 0.08282472193393701, 0.07270244507885204], [0.07054390054868383, 0.08090683684243645, 0.07589006455932919, 0.08096532524856985, 0.07348599898138446, 0.0716579855275924, 0.0805366818678152, 0.08236290456782534, 0.07375174890818322, 0.08173578222024018, 0.0727807863356512, 0.08276918616574763, 0.07261279822654094], [0.07058154889706213, 0.08076286318316661, 0.07591401384648692, 0.08111493433347561, 0.07346128203137767, 0.07166059740004181, 0.08057695800327636, 0.08238544934772679, 0.07369419878649232, 0.08175099501798967, 0.07274743338210238, 0.08276021180473948, 0.0725895139660624], [0.07060528149148236, 0.08100539703168716, 0.07578519849427891, 0.08143158324084412, 0.07344483824936865, 0.0716802009124308, 0.08032950146217044, 0.08209900708854825, 0.07371142378035803, 0.08147894430657274, 0.07276876652834131, 0.08305578380858489, 0.07260407360533232], [0.07066686791886415, 0.08106754280013272, 0.07578786066855833, 0.0816454519040568, 0.07343442765351665, 0.07170651210871729, 0.0802988954646062, 0.08201502370164697, 0.07367783482141331, 0.08140876446860851, 0.07276022968179666, 0.08292697503549167, 0.07260361377259089], [0.07067207694086206, 0.08136840446788587, 0.07565542966956454, 0.08179346781442602, 0.07345229886355593, 0.07173719471608893, 0.08004577962283495, 0.08176285343614192, 0.07375548557897746, 0.08116183196911686, 0.07282234355071276, 0.08312202745061277, 0.07265080591922009], [0.07060232614805015, 0.08139388892911616, 0.07567049882915652, 0.08143077423254981, 0.07348036624492171, 0.07171448127013927, 0.08009790995099175, 0.08185535135900829, 0.07381234510142162, 0.08125292759312538, 0.07284572153195429, 0.08317951575396766, 0.07266389305559734], [0.07059485291318365, 0.08127609048061804, 0.07567191603740976, 0.0815433037011552, 0.07344229531394456, 0.0716878778636596, 0.08012385596356242, 0.0818798627899888, 0.07375321353590007, 0.08127059902076769, 0.07279925012107188, 0.08333333333333331, 0.07262354892540482], [0.07056476293870914, 0.0812185405175171, 0.07575373018412691, 0.0812185405175171, 0.07348098757248521, 0.07168383902750694, 0.08027187847621636, 0.08205924903969382, 0.0737909487445069, 0.08144829753530214, 0.07281797503186072, 0.08305107077655165, 0.07264017963800593], [0.07069523341545915, 0.0814014015292266, 0.07567209388939374, 0.08189481321526484, 0.07343930991263938, 0.07173962584245078, 0.08006587271555568, 0.08176163795247286, 0.07372223926194364, 0.08116432574721932, 0.07280337040695746, 0.08300210232106968, 0.07263797379034684], [0.0707425306892189, 0.08158310244098131, 0.07559568667654173, 0.08187183470299084, 0.07350996522203415, 0.0718168335907164, 0.0798717277455798, 0.08156454369732394, 0.07385186551198808, 0.08097691022051264, 0.07291521190152671, 0.08296505337769622, 0.07273473422288947], [0.0706832895895637, 0.08161178895387046, 0.07561354546835368, 0.08156602673427187, 0.07352867286041598, 0.07179381423074356, 0.07992612272329734, 0.08164695289698375, 0.073890202344055, 0.08105940399179354, 0.07292741147221492, 0.08301322318434741, 0.07273954555008869], [0.07060610965052014, 0.08149810338439895, 0.07572565835494023, 0.08105349817454328, 0.07356939317188374, 0.07176142814381113, 0.08014101154576792, 0.08188801571944081, 0.0739309674365419, 0.08131203566504407, 0.07293481477596242, 0.08283599175548778, 0.07274297222165767], [0.07067146391426093, 0.0817413390626687, 0.07565301672234316, 0.08118654101286776, 0.07360264516171791, 0.07182562023160526, 0.07995608121420046, 0.08167008237890247, 0.07399515164202262, 0.08110462590728036, 0.07300218399071744, 0.08278729524831159, 0.07280395351310145], [0.07074517755031133, 0.08164142349162186, 0.07560490515644454, 0.08204288879763667, 0.0734675840869993, 0.07179186255414795, 0.07990181393359742, 0.0815765441313614, 0.07377976239945068, 0.08098874784816362, 0.07286156255050256, 0.08290791595120325, 0.07268981154855939], [0.07077520073526088, 0.08174494522525776, 0.07557169743775943, 0.08173800031600541, 0.07356963840356094, 0.07187278245619613, 0.07978178961051766, 0.08146654872450826, 0.07394765085705497, 0.08088996350203287, 0.07299663786376706, 0.0828386377595196, 0.07280650710855899], [0.07075946299451265, 0.08189321446620261, 0.07557793354274635, 0.08148416497332446, 0.0736115430925762, 0.07188818136855317, 0.07977566042039254, 0.08146156401991181, 0.07401588124930912, 0.08089561737457542, 0.07304341590477587, 0.08274838135498022, 0.07284497923813937], [0.07065581871396874, 0.07999403495990236, 0.07623929599842585, 0.08101236109259018, 0.07348581979003284, 0.07167342167534851, 0.08111975175064791, 0.08275622939442623, 0.07358891652401355, 0.08222148137115204, 0.07268446185771917, 0.08200877038796837, 0.07255963648380424], [0.0705695920030896, 0.08017922935081367, 0.07616616433175206, 0.08085111828538959, 0.07347088926739397, 0.07162787027389601, 0.08105008330538166, 0.08286064169855084, 0.07361503180819823, 0.08223052716470125, 0.0726816797149704, 0.08215271317074888, 0.07254445962511409], [0.07051437323468508, 0.08045901528048216, 0.07610446022509915, 0.0805165799987346, 0.07351863741567981, 0.07163392158979907, 0.08093449285802877, 0.08281147452566218, 0.07372738490213124, 0.08217498033961779, 0.07275184423450905, 0.08225735286203627, 0.07259548253353484], [0.07055523203664978, 0.08048652328682518, 0.07620226860970496, 0.08002068371259823, 0.07366943108346254, 0.071730934109895, 0.08097110054312602, 0.08265050159054262, 0.07391499414652948, 0.08219688552650534, 0.07290262199682583, 0.08196518188431093, 0.07273364147302416], [0.07073294136271942, 0.07971577985676445, 0.07669245761844108, 0.07923997827768985, 0.07393826557949289, 0.07192092286875947, 0.08155155463420638, 0.0824217009299456, 0.07409869962055812, 0.08257670618897964, 0.07308472829307223, 0.0810931923134288, 0.07293307245594219], [0.07079911889088732, 0.0791239006299991, 0.07695412410207343, 0.07924918461758458, 0.07391108998825555, 0.0719102100321991, 0.08212603753877346, 0.08237730844188623, 0.07394094469642402, 0.08301315527704935, 0.07298325204897448, 0.08074552760983411, 0.07286614612605911], [0.07083632907273262, 0.07900076751793822, 0.07693147433640235, 0.07969473697674681, 0.07379432825220754, 0.07186572998669616, 0.08219929337201537, 0.08245403225218706, 0.07376135608216657, 0.08302254222835448, 0.0728581380090889, 0.08081970042333042, 0.07276157149013354], [0.07081606672963577, 0.07924306726144488, 0.07671566309684599, 0.08028907960014073, 0.07366727286231582, 0.07180667789455858, 0.08183467006253353, 0.08262801747362854, 0.07365131766655715, 0.08272830707719372, 0.07277070027091748, 0.08117531878228164, 0.07267384122194635], [0.07067213524175607, 0.07977407902864862, 0.07636229546620996, 0.08080603650384278, 0.0735173529197545, 0.07168534891256714, 0.0813258665641943, 0.08283977946753013, 0.07358714914261995, 0.08240813091007368, 0.07268638957973943, 0.08176636454038566, 0.07256907172267793], [0.07056468115831721, 0.08002557146754517, 0.07624110183647616, 0.08071969127380385, 0.07348176260609733, 0.07162225126051636, 0.08118843611925516, 0.08298566525971256, 0.07360432638563352, 0.08237408116121221, 0.07267159531286711, 0.08198180342379861, 0.0725390327347648], [0.07049894979738333, 0.08017146044949339, 0.07621607881282928, 0.08040603762605651, 0.07351280181013525, 0.07160825956204754, 0.08115716392154695, 0.0830689216269349, 0.07367847992366405, 0.08241322816830736, 0.07270988947694121, 0.0819951566259913, 0.07256357219866896], [0.07050334845286793, 0.08024833589797034, 0.076220393182492, 0.08024833589797034, 0.07355746227869968, 0.0716360016955619, 0.08112853288892505, 0.08297595549807184, 0.07374558680498668, 0.08239136608717418, 0.07276140346537655, 0.08197498512776327, 0.07260829272214016], [0.07052480041756837, 0.08002215140109607, 0.07635943755736826, 0.07996909062518003, 0.07362198672867351, 0.07166763597407727, 0.08133009208251125, 0.08299004184720948, 0.07378690438837997, 0.08259999526117402, 0.07279704711482346, 0.0816827822819566, 0.07264803431998174], [0.0705777183105366, 0.07965510040132308, 0.07645478489204566, 0.08029056378059361, 0.07354786123050562, 0.07164144865565471, 0.0815539764664575, 0.08309452253441361, 0.07362202344016086, 0.0827675040195536, 0.07268673601863282, 0.08154377591146361, 0.07256398433865875], [0.07065442378099071, 0.07934959949664655, 0.07667095108972195, 0.07991944882252645, 0.07365539348789601, 0.07171881250095828, 0.08186885527424223, 0