[[0.07087548835861157, 0.07425359138739569, 0.08064008608373933, 0.0826870653918363, 0.07265255656422905, 0.07091052934076618, 0.0805694548757859, 0.08077727779748267, 0.08151971863706424, 0.07512429674419563, 0.07436476373778121, 0.08177708077000596, 0.07384809031110616], [0.070903295349523, 0.07422519776719154, 0.08094583049937792, 0.08294165005067791, 0.0727297100377323, 0.07097848373812216, 0.0803556346901703, 0.08061874773021208, 0.08132708421034639, 0.07505491474199175, 0.07428206464397825, 0.0818450950692163, 0.07379229147145996], [0.07099493377589225, 0.07423108169022247, 0.0813325312011557, 0.08299440479804995, 0.07286511013886342, 0.07111506742248794, 0.08010910879479521, 0.08042181507397954, 0.08108397790443303, 0.07500928012783901, 0.07422741330227674, 0.08184445445479405, 0.07377082131521065], [0.07105581349963902, 0.07424232022348984, 0.08167544237247303, 0.08293419525575459, 0.07298173564776543, 0.07121978463665085, 0.07993158468740412, 0.08028982595544469, 0.08092171716275019, 0.07497876979119272, 0.07417739364828026, 0.08184118222589859, 0.07375023489325676], [0.07114728808121361, 0.07426184069929391, 0.08207421935301551, 0.0828724555391502, 0.07312432773807741, 0.07135825057720148, 0.07971311000668556, 0.08010991686536312, 0.0807699745393187, 0.0749491200757533, 0.07413263297077113, 0.0817479650443763, 0.07373889850977976], [0.07115380018277327, 0.0742553877735526, 0.08234283647860255, 0.0829174947660919, 0.0731994119188834, 0.07140720977305522, 0.07958054296928381, 0.08001633314682326, 0.08070282474642142, 0.07491112178263312, 0.07406596928953252, 0.08175011524310409, 0.07369695192924272], [0.07104656339733571, 0.07419851477311595, 0.08267077259861078, 0.08333333333333333, 0.07325214736473966, 0.07137847887829722, 0.07940974408051282, 0.07992400205530414, 0.0806623847341621, 0.07481391599332048, 0.07389491253759879, 0.08185166789006149, 0.07356356236360742], [0.07109301230758432, 0.07424736183714671, 0.08303002374288238, 0.08291674115281272, 0.07342711041957042, 0.07149891232031338, 0.07925430467846402, 0.07982940331746541, 0.08059433330437443, 0.07481273806573875, 0.07383530879486347, 0.08191463893785719, 0.07354611112092693], [0.07104074572844868, 0.07427247018018067, 0.08333333333333334, 0.08250232273025504, 0.07354156700448443, 0.07152325764226114, 0.07917918268305886, 0.07982292196709243, 0.08062107859334264, 0.0748030116851619, 0.07374290107239073, 0.08212685645030822, 0.07349035092968201], [0.07117912419535803, 0.07444992898065066, 0.0828406247561686, 0.08192044835419471, 0.07386584021854554, 0.07176073249567488, 0.0791053045850313, 0.07979513661925552, 0.08059960130707494, 0.07491818334686282, 0.07376576880266232, 0.08222894986943287, 0.07357035646908773], [0.07118586710217649, 0.07455927174767885, 0.08333333333333334, 0.08129099003377682, 0.07410044370291789, 0.07187361456489047, 0.07900366304197437, 0.07973983987879932, 0.08053656946784997, 0.07497060159238447, 0.07370390344693366, 0.08213820884265792, 0.07356369324462655], [0.0713987725788439, 0.074771744925079, 0.08309566781861293, 0.08085132283225743, 0.07443190833673813, 0.07216129839101125, 0.07888012063472324, 0.07961978608176407, 0.08037455635682639, 0.0751021501324902, 0.07378109708322703, 0.0818411767493712, 0.07369039807905524], [0.07141621313755714, 0.0749306873853949, 0.08308619235924108, 0.08034702051762146, 0.07462727479167168, 0.07224939504747316, 0.07889234291675941, 0.07965915584436406, 0.08037886367651167, 0.07521975494618802, 0.0737984594805932, 0.0816498352694947, 0.07374480462712944], [0.07143193266658564, 0.07505673226657052, 0.08309178427014674, 0.07996948603441001, 0.07476574048829868, 0.07231093497225577, 0.0789111287119787, 0.07969175874867013, 0.08037238840892584, 0.0753209307714139, 0.07382614691108341, 0.08145348937342141, 0.07379754637623943], [0.07137005091839815, 0.07517680688595038, 0.08314431260106246, 0.0795094989206012, 0.07484181961857031, 0.0722859384606917, 0.07901423859418379, 0.0798009629433433, 0.08045350371254643, 0.07544043840860068, 0.0738493895442987, 0.08127420852001879, 0.07383883087173426], [0.07124875664562198, 0.07522537418948727, 0.08305349082703714, 0.0791768285246985, 0.074797946119512, 0.07216923806646153, 0.07922045832161174, 0.07995495233204404, 0.08064449312916719, 0.0755208589595339, 0.07385828472003225, 0.08128258767126939, 0.07384673049352324], [0.07116081886663334, 0.07533558718417756, 0.08274547866085255, 0.07870943161414712, 0.07477902492336483, 0.07207766973174642, 0.07950498082782034, 0.08013449328894108, 0.08085820378794523, 0.0756743739948594, 0.0739278360179042, 0.0811771316740189, 0.07391496942758911], [0.07086359214228698, 0.07529331669201594, 0.08333333333333333, 0.07824079120203285, 0.0745054703557936, 0.07173710301075759, 0.07986711451947923, 0.0804074916093881, 0.08116051720220449, 0.07573890241907605, 0.07391315226065714, 0.08106972217388303, 0.07386949307909163], [0.07097120222132644, 0.07430866929500898, 0.08023490154262813, 0.08276571874657287, 0.0725902459352568, 0.07092690498873506, 0.08070038311353793, 0.08077246058054416, 0.08152964450415555, 0.07522478952268744, 0.07453873658184244, 0.08145436333842336, 0.07398197962928087], [0.0710079822988003, 0.07428105608226362, 0.08062549809069139, 0.0828588660920931, 0.07269784469034646, 0.07101779887192446, 0.08045544050139859, 0.08061654790166782, 0.08134455911201045, 0.07514251547353265, 0.07443573265652534, 0.0816013791809183, 0.0739147790478274], [0.0710140993967267, 0.07425200781057573, 0.0808605755749424, 0.0830904951549155, 0.07274343643400821, 0.07105382866512827, 0.0803041372925182, 0.08050770498042722, 0.08121497407838713, 0.07508469080581204, 0.07436580057220718, 0.08164399679441282, 0.07386425243993854], [0.07104952899467551, 0.0742426809963939, 0.08139258182334441, 0.08301596085481452, 0.07289553294294313, 0.07116618377341996, 0.08005175051529202, 0.08035395951062639, 0.08100933941750432, 0.07501259630653434, 0.07424649767701931, 0.08177120862056056, 0.0737921785668717], [0.07098309227774258, 0.07423569955158417, 0.08096006781576925, 0.08311586497260831, 0.07275592881923598, 0.07104390310194408, 0.08027183056702344, 0.08050672976217339, 0.08120713118424647, 0.07505793349503186, 0.07431807927397106, 0.08171706316111094, 0.07382667601755871], [0.0711189767641273, 0.0742491795610862, 0.08179792163859875, 0.08304214714969191, 0.07302674466585389, 0.07128614859642522, 0.07983213778051008, 0.08018427274197364, 0.08081110881980909, 0.0749697324660569, 0.07418305740009837, 0.08173549092142697, 0.0737630814943417], [0.07121420211908759, 0.07427140913412277, 0.082072931851195, 0.08301663688488886, 0.07313815962133943, 0.07140880618806528, 0.07966161704492973, 0.08003102763198683, 0.0806685694247217, 0.07495569702524403, 0.0741692270682217, 0.08161969581492816, 0.07377202019126868], [0.07117385580764622, 0.07425733197041001, 0.08240978196296073, 0.08295176722508507, 0.07322184789134249, 0.07143312471365652, 0.07953695071867985, 0.07997442223480822, 0.08066063681347134, 0.07490479031069512, 0.07406063592591645, 0.08171823860209514, 0.07369661582323285], [0.0711976251514119, 0.07423425545846024, 0.082791890786585, 0.0833333333333333, 0.07331430136127733, 0.07150773091372212, 0.07930816451569206, 0.07977880068112035, 0.08048041871381759, 0.07483676094255437, 0.0739687752099593, 0.08161110916153709, 0.073636833770529], [0.0712319345822052, 0.07428560442832476, 0.08311448639764514, 0.08286913485725275, 0.07349627203675979, 0.07162366098686349, 0.07916660346345594, 0.0797074271815117, 0.08044325149257296, 0.07483681543832649, 0.07390011009395635, 0.08171166827617367, 0.07361303076495164], [0.07117498052707734, 0.07429428795828968, 0.08333333333333333, 0.0826291124563222, 0.07357357817275821, 0.07162745384073507, 0.07910825907074223, 0.07970831326977514, 0.08047384389220841, 0.07481948912987317, 0.07381658484929905, 0.08188326680625073, 0.07355749669333535], [0.07122229522291904, 0.0743771149802902, 0.0830774028030352, 0.08231680201140378, 0.0737378974790308, 0.07173415571086235, 0.07907095820137672, 0.07970948003683137, 0.08048978180033882, 0.07486880434982889, 0.07380773252750328, 0.08200683066764033, 0.07358074420893931], [0.07128056943573798, 0.07446370512691645, 0.08297608017131133, 0.08197702187691297, 0.07391273317004464, 0.07185323812241787, 0.07901542059543933, 0.07968145893696146, 0.08046607469638863, 0.07491869214619296, 0.07380077713711522, 0.08204660207956324, 0.07360762650499778], [0.07130425146508855, 0.07450502698229443, 0.08310630172078018, 0.08176481990020272, 0.07400942509474503, 0.07191474537546806, 0.07896499644526331, 0.07964542465084223, 0.08042857038207842, 0.0749371373483314, 0.07378445616723214, 0.0820227516174186, 0.07361209285025497], [0.07134623757484207, 0.07456705333323832, 0.08333333333333333, 0.08147786875422362, 0.07414689383094457, 0.072007495783066, 0.07888663191058497, 0.07958232290617376, 0.08035753748458586, 0.07496459502414123, 0.07376719875476108, 0.08193941860795977, 0.07362341270214533], [0.07139788920550859, 0.07467806000228683, 0.08306898906247102, 0.08118803266243503, 0.07430273390264938, 0.07210731695846485, 0.07888282681915225, 0.07959856172420703, 0.08036545749252132, 0.07504047735264142, 0.07378837530500894, 0.08191035667273058, 0.0736709228399229], [0.07164330106614433, 0.07492258764587867, 0.08303285683653669, 0.08062169562711251, 0.07470205759978071, 0.07244939354662787, 0.07870207490008885, 0.07941955043011621, 0.08013388500142857, 0.07518147858248427, 0.07386124064831145, 0.08152341069068744, 0.07380646742480276], [0.07163299074323243, 0.07504444388701634, 0.08303043863287347, 0.08022813135880172, 0.0748483112308665, 0.07249825209859624, 0.07872234770045998, 0.07946371262187354, 0.08015241631517575, 0.07527222603529489, 0.07386454593860663, 0.08140302867602531, 0.07383915476117708], [0.07132749180751503, 0.07475986486723915, 0.08309128029811602, 0.080806246222159, 0.07439124777771065, 0.07209202679430061, 0.07894094371749272, 0.07969440196286548, 0.0804560332723371, 0.07510356010003194, 0.07376056203225466, 0.08190958605400622, 0.07366675509397158], [0.07166739301797372, 0.0751542213102092, 0.08308880083362415, 0.0799168223717118, 0.07498994079564225, 0.07257776211843907, 0.07870076204232548, 0.07944981122230345, 0.08010668976602717, 0.07535020217768736, 0.07388389606799721, 0.08122980220806193, 0.07388389606799721], [0.07162766830603343, 0.07528659031400292, 0.08333333333333333, 0.07943553592162853, 0.07511990016862305, 0.07259499077781016, 0.07876117313385499, 0.07948634874488052, 0.08011316539503253, 0.07545840178693831, 0.07388906661747904, 0.08097545399035663, 0.07391837151002652], [0.07157751166464325, 0.0753526054736718, 0.08299843273321818, 0.07922795667068037, 0.07512920821536646, 0.07255123433534183, 0.07891550896864612, 0.07960349317181126, 0.08025532444115202, 0.07554087543234754, 0.07392031033469547, 0.08097590967886853, 0.07395162887955721], [0.07139315316927324, 0.07539036923207205, 0.08333333333333331, 0.07880318439338296, 0.0750643577287753, 0.07238267211704477, 0.07911977831062449, 0.07973162748873507, 0.08042413707895717, 0.07560915084527674, 0.07389053697239548, 0.08093211324153049, 0.07392558608859875], [0.07140232779970837, 0.07555262466981996, 0.08304216368960375, 0.07834852265398727, 0.07516130131347966, 0.07241032928934776, 0.07929648656625572, 0.07977908229176164, 0.08048859240551354, 0.0757759232400318, 0.07397607697196917, 0.08073957597626005, 0.07402699313226115], [0.07117078834985215, 0.07549011486406013, 0.08304498756859434, 0.0781873020403148, 0.07490077667748953, 0.07212335498919807, 0.07960068122635056, 0.08006511797932714, 0.08079585743898322, 0.07581360452138382, 0.07397784314801611, 0.08083791888552434, 0.07399165231090571], [0.0710927397815257, 0.07432652442741136, 0.08023107354720953, 0.08302095207028154, 0.0726316465149956, 0.07102647852684522, 0.0805616261582281, 0.08059944148869498, 0.08133640200979898, 0.07523777007141746, 0.0745950718599486, 0.08130453797833909, 0.07403573556530389], [0.07115165035423549, 0.07428929975022801, 0.08088522369101572, 0.08312176665157496, 0.07279732394681038, 0.07116759605455199, 0.08020341759806664, 0.0803665259762166, 0.08106041268995949, 0.07511264502699273, 0.07444267712245407, 0.08146339632169981, 0.07393806481619436], [0.07114622643222115, 0.07431609977399611, 0.08065034116981225, 0.0829245279635099, 0.07275276369855947, 0.07113289443396136, 0.08034282279300883, 0.08046475254534552, 0.08117627166964118, 0.07516699770125113, 0.07450992390600666, 0.08143003676879543, 0.07398634114389092], [0.07106549216682298, 0.07423877030311364, 0.08108041300582229, 0.08333333333333334, 0.07279846525631783, 0.0711220303513309, 0.08013997221570207, 0.0803611879965064, 0.08104559534959958, 0.07504415122551754, 0.0743322821859617, 0.08159238243038279, 0.07384592417958907], [0.07123317249400045, 0.07429764230838191, 0.0812616343906764, 0.08307211001102713, 0.07292659045395108, 0.07129393546980568, 0.07999098806664437, 0.08020847328914353, 0.08086622154027398, 0.07507275542887282, 0.07438883000765806, 0.08147093009307746, 0.07391671644648719], [0.07121520546062707, 0.07426105006326204, 0.08166326775676183, 0.08333333333333334, 0.07300946842042222, 0.07133772922462868, 0.07979388058937302, 0.08008272353587423, 0.08070393397710382, 0.07499068363422341, 0.07426453640103728, 0.08151620796880987, 0.07382797963454331], [0.07117802195535697, 0.07427791144318455, 0.08139206489742386, 0.08304186319038734, 0.07293910554119971, 0.07126881774700201, 0.07997459534654187, 0.08023310945824977, 0.08088346814770114, 0.07504192831165359, 0.07432392079827213, 0.08158045214944457, 0.07386474101358252], [0.07132233729008272, 0.07429940724152123, 0.08201195346544722, 0.08311465966036484, 0.07316511337389242, 0.07149035086667173, 0.0796083492042545, 0.07993764730954712, 0.08054164630204912, 0.07498167090548283, 0.07423932430309003, 0.08145176337429731, 0.07383577670329905], [0.07132819032918279, 0.07428282004917576, 0.08221231705831224, 0.08333333333333333, 0.07321384030448391, 0.07152624993042449, 0.07948498036991547, 0.07984007764120639, 0.08046183773862037, 0.07493981485913129, 0.07418131398034859, 0.0813988993096222, 0.07379632509624313], [0.07134048448945592, 0.07429413592452065, 0.08240814658090026, 0.08314089813448632, 0.07328227387964603, 0.0715714323394167, 0.07941734740984685, 0.07980394998856674, 0.08044660786774824, 0.0749289933134296, 0.07414497096343428, 0.081442190012266, 0.07377856909628228], [0.0713601006829433, 0.07428477134035434, 0.08267360066793666, 0.08333333333333334, 0.07336394280629073, 0.07163412315236019, 0.07925524580881459, 0.0796739914161801, 0.080333815936592, 0.07488417546682266, 0.07407603287393164, 0.08139073578156127, 0.07373613073287927], [0.0713449564897531, 0.07430123018353192, 0.08312091626558987, 0.08299090718548205, 0.07349852581287328, 0.0716978110177263, 0.07912506773858696, 0.07961454848665699, 0.08031440847157023, 0.0748555655440784, 0.07397746420039993, 0.08148021026838542, 0.0736783883353656], [0.07133248288813301, 0.07430902360896402, 0.08333333333333333, 0.08280682990886061, 0.07355971403388394, 0.07172283670261699, 0.07906640545436062, 0.07958838283824642, 0.08030452684854324, 0.07484297654336693, 0.07393023426066936, 0.08155314373465314, 0.0736501098443683], [0.07134147698316466, 0.07433548209956889, 0.08319778804119905, 0.08270906754598557, 0.07361376477776056, 0.07175375387880038, 0.07905888531061872, 0.07960176524275904, 0.08032799816003239, 0.07485849672164016, 0.07392312923388634, 0.08162427927441539, 0.0736541127301689], [0.07138477832076602, 0.07440006494368749, 0.08312953012805857, 0.08241931943581707, 0.07376717794076554, 0.07185601465715813, 0.07898453224001781, 0.07957430586103575, 0.08031622309232318, 0.07488750529000252, 0.07389956521733486, 0.08171822561712422, 0.07366275725590887], [0.07137039808730235, 0.0744320288255404, 0.08333333333333333, 0.08214941545294907, 0.07387587473206281, 0.07190098709836436, 0.07892449644974119, 0.07954795398385443, 0.08030479045028062, 0.07488932820482389, 0.0738420736595556, 0.08179452461032434, 0.07363479511186759], [0.07144457510932649, 0.07451840258929249, 0.08305733006743293, 0.08191265887409646, 0.07403175807103335, 0.07202011797880462, 0.07889156186490713, 0.07953309907030301, 0.08029064708528905, 0.07494649433487871, 0.07385954250306301, 0.08181541782198201, 0.07367839462959089], [0.0715859465394676, 0.0746609020041356, 0.08308539691820858, 0.0814548286946459, 0.07430853140812192, 0.07224249284019985, 0.07876007964727437, 0.07942062407873635, 0.08016271771155666, 0.07502240004877432, 0.0738742276288088, 0.08167976359845323, 0.07374208888161689], [0.07167751888447142, 0.07477705237431684, 0.08333333333333331, 0.08106307704466861, 0.07452415757127837, 0.07240420730363499, 0.0786397324905889, 0.07931368667038387, 0.08003711093036185, 0.07507323667734002, 0.07386905556895812, 0.08150993981234755, 0.07377789133831598], [0.07172846945873268, 0.07494632448259701, 0.08289859170353862, 0.08065415146855386, 0.07474886615605403, 0.07252902813270376, 0.07865943762752997, 0.07936323523796629, 0.08007032062712872, 0.07519478115034027, 0.0738985537174364, 0.08146260877116697, 0.07384563146625137], [0.07160116578774856, 0.07482413160672483, 0.08294707636054935, 0.08092678141994619, 0.07455024054402434, 0.07235547312984261, 0.07874807065679629, 0.07945275021651, 0.08018608151149194, 0.07512333039016658, 0.0738580211597131, 0.0816521711914058, 0.07377470602508025], [0.0715681186964665, 0.07470635717631095, 0.08308077302871814, 0.08127259291427262, 0.07437913217518045, 0.07226104999082744, 0.07876135676790368, 0.07944163155831518, 0.08018581787199307, 0.07504759061161699, 0.07385363879933982, 0.08170360125691993, 0.07373833915213522], [0.0714168676595339, 0.074543317344485, 0.08333333333333333, 0.08166669466881406, 0.07411239767074326, 0.07204129883954905, 0.0788489707275056, 0.07951511432805204, 0.08027848860426466, 0.07494905513067604, 0.07380893667481978, 0.08183430329389968, 0.07365122172432356], [0.07159668608899518, 0.07479489109088823, 0.08303984228112615, 0.08100013475919586, 0.07451426546384562, 0.07233850794232499, 0.07873798390138433, 0.07943630176650684, 0.08017172064046149, 0.07510097366857234, 0.07385299316393619, 0.08165221280491898, 0.07376348642784392], [0.07142445108997182, 0.07473410691091631, 0.08300300385056114, 0.0810334744519439, 0.07438304696940742, 0.07215898457872873, 0.07887274339466273, 0.07959705294957502, 0.08035657804422978, 0.07507754859855668, 0.07379748725597936, 0.08186754330672683, 0.07369397859874023], [0.07172370283994636, 0.07502092228367273, 0.08296744517170633, 0.0803981830953627, 0.07485006150100348, 0.072566840467773, 0.0786536845222446, 0.0793730505312728, 0.08006575798795722, 0.0752441202678121, 0.07389149300179691, 0.08138495492587727, 0.07385978340357442], [0.07175409880258522, 0.07512299078792191, 0.08293093186001253, 0.08012077965537732, 0.0749827889947339, 0.07264014919590232, 0.07864377013124006, 0.07937350570947432, 0.08004256151356054, 0.07531690809481897, 0.07390911840491558, 0.08126157440798466, 0.0739008224414726], [0.07177498715472544, 0.07524250827580241, 0.08294149599691006, 0.07978424503915608, 0.07512577872062687, 0.07270864505853078, 0.07864211803908198, 0.07938234963732681, 0.08001738375582267, 0.07540693912493736, 0.07393042489037056, 0.08109509914278139, 0.07394802516392765], [0.0717760588791483, 0.07532373755261355, 0.08308468772777032, 0.07951914054112313, 0.07522100907211535, 0.07274525470685755, 0.07865434222720104, 0.0793758305642507, 0.0799807677467912, 0.07546693244956006, 0.07393669834159264, 0.08094191738108002, 0.07397362280989618], [0.07169139805851758, 0.07541873009964958, 0.08303553704270425, 0.07914525030357712, 0.07526584477772816, 0.07269159772455416, 0.07882339146986655, 0.0794758826542137, 0.08011993772800347, 0.07556575212283068, 0.07394542762193965, 0.08082480589399078, 0.0739964445024241], [0.07161165245416079, 0.07553313668717612, 0.08305853649918639, 0.07868384054471757, 0.0753190903428413, 0.07264312916767904, 0.07899328568883128, 0.07954332593782733, 0.08022117902740984, 0.07568366473798069, 0.07396428448474204, 0.08071260400388008, 0.07403227042356744], [0.07155941073061549, 0.07561416937302051, 0.08295196520489825, 0.07838567390301307, 0.07533045342471795, 0.07259760995168599, 0.079142584541526, 0.07961673744831683, 0.08031141744687113, 0.07578129258676414, 0.07400038542792925, 0.0806348947700388, 0.07407340519060247], [0.07138276707204275, 0.07564399217506793, 0.08333333333333333, 0.07799687962227626, 0.07522073083470787, 0.07241313896556871, 0.07936081794084564, 0.07973881290216209, 0.08045299562412686, 0.07586091770900495, 0.07399759242778865, 0.08053316150770289, 0.07406485988537208], [0.07109935351027985, 0.07554066445185312, 0.08333333333333333, 0.07787067055294118, 0.0748687661689704, 0.07204967327641805, 0.07973237597933505, 0.08009877968232121, 0.08083086442652677, 0.07589002170369473, 0.0740005650303126, 0.08066970369302891, 0.07401522819098473], [0.07155828732404362, 0.07459131289057022, 0.08311828743125678, 0.08168804756807316, 0.07418666812597535, 0.07216898135586536, 0.07879256997504908, 0.07943452478832472, 0.08017775768487619, 0.07498530439353383, 0.0738833072756253, 0.08168802251213363, 0.07372692867467275], [0.07153749676408638, 0.07451808453097997, 0.0831217343997601, 0.08200483288907619, 0.07402602059213109, 0.07208046847919596, 0.07884080522829766, 0.07945112093971499, 0.08018744715744054, 0.07494763443223673, 0.0739138307418678, 0.08164787524866254, 0.07372264859655007], [0.07148481277375211, 0.07443140324373519, 0.08333333333333333, 0.082303525916178, 0.07384590085580635, 0.07196198018364224, 0.0788879599148122, 0.07946493525811618, 0.08018997756620684, 0.07489882472602033, 0.07392671689079591, 0.08157046429110311, 0.07370016504649807], [0.07150570902823142, 0.07442166476433823, 0.08313605769520215, 0.08250152561777284, 0.07379474771947886, 0.07194907533369649, 0.07892508880760794, 0.07947324282224727, 0.0801862077946471, 0.07490484566871496, 0.07396745464739828, 0.0815094736995201, 0.07372490640114453], [0.07147560505211625, 0.07436719459277406, 0.08312636337014125, 0.08283472544699526, 0.07365803208773206, 0.07186282937588732, 0.07898817559694259, 0.07949070124806162, 0.08018544886648002, 0.07488280195138071, 0.07399636217154938, 0.08140778689609901, 0.07372397334384033], [0.07145275476261458, 0.07431756335622518, 0.08281043971690542, 0.08333333333333334, 0.07347813604277208, 0.0717551126359132, 0.07911416821582447, 0.07954547022569147, 0.08020489828750373, 0.07488361968074034, 0.07407074315338637, 0.08128058952415118, 0.07375317106493871], [0.07149897000633447, 0.07434369926630398, 0.08260434898861156, 0.08314884856535032, 0.07344388769024768, 0.07176017871109383, 0.07920352845780998, 0.07959831657661798, 0.08023510978847498, 0.0749318804080959, 0.07415556964450462, 0.08125774365624189, 0.07381791824031281], [0.07127469266122392, 0.07479295375242043, 0.08298243880854202, 0.08064716178491933, 0.07440048458302921, 0.07205381417493402, 0.07901505896968537, 0.0797876037233561, 0.08054700223154772, 0.07514238929750569, 0.07375812091968553, 0.08192975529220338, 0.07366852380094698], [0.07147713108972573, 0.0750206475912336, 0.08333333333333334, 0.08008334550589574, 0.07477191827385797, 0.07235378277844697, 0.07881271284321562, 0.07957946575907197, 0.08026866055818957, 0.07526928025962906, 0.07380764887053227, 0.08144168074176622, 0.07378039239510205], [0.07158568464267366, 0.07521919085056848, 0.08315307658822009, 0.0796350812397665, 0.07501442724647236, 0.07252114747655344, 0.07878828054905258, 0.07955683594477174, 0.08018629814347446, 0.07542092773478841, 0.07388259703517354, 0.08114424929940718, 0.07389220324907754], [0.07144962671380428, 0.07431755579435088, 0.0824133311460267, 0.08333333333333333, 0.07334488332481792, 0.07167567230378215, 0.07930162564908469, 0.07966904866339172, 0.08029183716396394, 0.07493473640249204, 0.0741793440999978, 0.08126964308769666, 0.0738193623172578], [0.07146586908245241, 0.0743389627139302, 0.0822024889546733, 0.08314528908357906, 0.07329755716364085, 0.07165409160524772, 0.07941700132941025, 0.07975104493467731, 0.080351790466048, 0.07498217029118863, 0.07425387438911078, 0.08126695724583419, 0.07387290274020715], [0.07145692667760802, 0.07434929731070038, 0.0819301582524168, 0.08303176053477564, 0.07321827461335559, 0.07159974919431135, 0.07956053011879258, 0.07985271454052868, 0.08043046977854637, 0.07502708667853732, 0.0743281881073483, 0.08129455370208505, 0.07392029049099404], [0.07139729708531604, 0.0743179232618895, 0.08162873016391449, 0.08333333333333331, 0.07308972209382862, 0.07149269266949511, 0.07967985053404347, 0.07992397108502411, 0.08053301375549271, 0.07503416059677741, 0.07436517588774251, 0.08127678228125086, 0.07392734725189157], [0.07140273935054503, 0.07434711620440519, 0.0813626379228607, 0.08304600236780799, 0.07303356675340728, 0.07145729602733822, 0.07983215983891577, 0.08003203558801342, 0.08066558510193014, 0.07509604667415391, 0.07445157784345002, 0.08128408193327699, 0.07398915439389545], [0.07139103772206876, 0.07435783343651037, 0.08124000133464014, 0.08290508635089824, 0.07300248437996618, 0.07142920635933792, 0.07991493455384363, 0.08009676877249162, 0.08074244537928012, 0.07512315228920755, 0.07448478128670115, 0.08130113661051767, 0.0740111315245366], [0.07133910452856222, 0.07434789556656857, 0.0810367628460138, 0.08296743608873271, 0.07292354603365234, 0.07135147321220255, 0.08003022049353797, 0.08018178775045309, 0.08084720432956606, 0.07514089555470213, 0.07451099693087217, 0.081304259184544, 0.07401841748059233], [0.07130686791024876, 0.07435243446714991, 0.08082227075199402, 0.08294020619169745, 0.07285839879459058, 0.0712917180652356, 0.08015160729279511, 0.08026759116814726, 0.08095076466877163, 0.07517294421614074, 0.07455407887019747, 0.08128867114308358, 0.07404244645994795], [0.07130004399519681, 0.07436622241822982, 0.08049504592431656, 0.0830366547131953, 0.0727737543798493, 0.0712357163441358, 0.0802891895014179, 0.08033021334189187, 0.0810296607717365, 0.07523509641355891, 0.07463908330199501, 0.08117132394031823, 0.07409799495415809], [0.07123448082155952, 0.07435242995814852, 0.08016511968158031, 0.08333333333333333, 0.07265486362265151, 0.07112741753875215, 0.08045961067281668, 0.08040888305554596, 0.08112355227484033, 0.07527197775333758, 0.07468677002889726, 0.08106548387035159, 0.07411607738818521], [0.07119956643635146, 0.07433786830101817, 0.0804499508231603, 0.08306037975204753, 0.07272009986164876, 0.07114479087685431, 0.08037619419558523, 0.08043505991027847, 0.08114914336299102, 0.07521580936674256, 0.07459405699533059, 0.0812664761867522, 0.07405060393123944], [0.07160736659502576, 0.07497056938517097, 0.08309722189651966, 0.08041964717965465, 0.07475520320708817, 0.07244438538414101, 0.0787240178239573, 0.07945824709745795, 0.08016381175337917, 0.07521759880682699, 0.07384708877875998, 0.0814888402276303, 0.07380600186438827], [0.07143264394404197, 0.07484209304990032, 0.08333333333333334, 0.08060272635704643, 0.07454967642199402, 0.07223659781425701, 0.07881970074007487, 0.07956650819138072, 0.08030204743534501, 0.07513782840027806, 0.07377579474573882, 0.08169245315846312, 0.07370859640814635], [0.07134964425329801, 0.0750941531873135, 0.0829903455269079, 0.07977705766088537, 0.07474013915408381, 0.0722320222553285, 0.07903688910716936, 0.07983601353398519, 0.08049807561557787, 0.07538163447043655, 0.07383793324448158, 0.08141875812776982, 0.07380733386276253], [0.07133340341980804, 0.07493791879641974, 0.08304422171513723, 0.08023415439040343, 0.07458965455158159, 0.07216978362233684, 0.07898590774848765, 0.07977054497592145, 0.0804884312362183, 0.07524531790237779, 0.07378863771515774, 0.08167983003410094, 0.07373219389204927], [0.07118896576984668, 0.07451695662456709, 0.08309727517301123, 0.08153553119823555, 0.07401415308889685, 0.0718360905111094, 0.07904192487846937, 0.07976107435561736, 0.08056329916017738, 0.0749508350399994, 0.07372935280740642, 0.08219630342748878, 0.07356823796517455], [0.07124428135030875, 0.07470031267577495, 0.08294717336637314, 0.08093422899149248, 0.07427555287067956, 0.07198202804124637, 0.07903080580446299, 0.07979007592395597, 0.08057036166969532, 0.07507877915957736, 0.07374611666638126, 0.0820667278862964, 0.07363355559375548], [0.0712396645164448, 0.07512910867735363, 0.08333333333333334, 0.07944664959664506, 0.0747295355091845, 0.07214474170608703, 0.07910897654861353, 0.0799065628977124, 0.08057552416937776, 0.07542515318545027, 0.07381070362038439, 0.08136132819610281, 0.07378871804331058], [0.071155471823232, 0.07523361559695432, 0.08284412151864043, 0.07902777497139482, 0.07471372026767532, 0.07205752251099738, 0.07939392248746628, 0.08011245646110178, 0.08082190313272083, 0.07557145492339307, 0.07387841313192434, 0.0813356225196744, 0.07385400065482507], [0.07133024528754968, 0.07576311508919444, 0.08302161502961071, 0.07759478278173162, 0.07518050759948741, 0.07233433799917155, 0.07963520967153286, 0.07987374538374442, 0.08058544125007303, 0.0760371462171496, 0.07410755210908702, 0.08036963826953596, 0.07416666331213162], [0.07145846746521559, 0.07576825383207657, 0.08311959257348123, 0.07775800133908714, 0.07533705586919306, 0.07250451429055876, 0.0794025076421083, 0.07969219218661754, 0.08040031916350658, 0.07597023904785487, 0.07407046275930998, 0.08036465344741936, 0.07415374038357114], [0.07037506097601884, 0.07422959175744416, 0.08112552167781258, 0.08125648955143565, 0.07286867930180772, 0.0707078645407057, 0.08050848793433173, 0.08125654522202788, 0.08218640543771653, 0.07500639299076128, 0.07385271951623255, 0.08315670301086986, 0.07346953808283542], [0.07047716146756088, 0.07419163184370176, 0.08142872336297355, 0.08162142915361147, 0.07287468610500171, 0.07078600297307154, 0.08035130286942012, 0.08101656095584535, 0.08188563205359618, 0.07495385943526942, 0.073868983748555, 0.08306408314935575, 0.0734799428820373], [0.07053094741676294, 0.0741925135838492, 0.08172465962621749, 0.08183722511368705, 0.07297557696845497, 0.07087815225651185, 0.08015510428684033, 0.08083814510047707, 0.08171806175404833, 0.07491559018588999, 0.07381915976436153, 0.08295930626295647, 0.07345555767994287], [0.07059571845376686, 0.07418500535838404, 0.08200169790497676, 0.08208460513166095, 0.07304785444308372, 0.07096345712276915, 0.07997925860141021, 0.08065358006105193, 0.08152250415484283, 0.07487726558256501, 0.07378985685522943, 0.08285644942948858, 0.07344274690077046], [0.07061667438670052, 0.07422186226965292, 0.08218643194806373, 0.08200320100988685, 0.07320227091729185, 0.07105679239994192, 0.07981884918875724, 0.08054432784411497, 0.08143809376859969, 0.0748664873559265, 0.07371721263912256, 0.08291679330741214, 0.07341100296452913], [0.07061764133934031, 0.07427696990918146, 0.0821048265928377, 0.0817287928785643, 0.07333289350862578, 0.07111936222431126, 0.07975599705740638, 0.08052237603501643, 0.08143088565670553, 0.07488928926203108, 0.07367292399405731, 0.08314838456645916, 0.07339965697546331], [0.07058526725836853, 0.07439137286948938, 0.08183469195250992, 0.08118790574841019, 0.07343362428360861, 0.07113056318077295, 0.07989871855153675, 0.080723380096307, 0.08164739636486276, 0.07500236873315021, 0.07369708147495804, 0.08302400414269243, 0.07344362534333328], [0.07037072403533884, 0.0744009069952423, 0.08125500484800653, 0.08062334244796367, 0.0732393119115408, 0.07087847138175399, 0.08030373200060431, 0.08118808394712036, 0.08214852461987544, 0.07508714828467532, 0.07372888880600523, 0.08333333333333336, 0.07344252738854007], [0.07025619181501383, 0.07432087731903442, 0.08095467601171655, 0.08058726923133433, 0.07297147875335855, 0.07066968847066107, 0.0806109369140666, 0.08148073080591764, 0.08249565308424961, 0.0750850633784949, 0.07378971808956014, 0.08333333333333336, 0.0734443827932593], [0.07031294292184963, 0.07430334085072762, 0.08077331312708758, 0.08085262540224877, 0.07290074053891171, 0.07067094276032064, 0.08068253240448335, 0.08150038007611793, 0.08249267482825597, 0.07509160403032505, 0.07386650907541559, 0.08305978031045962, 0.0734926136737966], [0.07036211387337757, 0.07425421192649868, 0.0811979290962919, 0.08114339090664117, 0.07297510418540895, 0.07075399119723792, 0.08040201860525323, 0.0811979290962919, 0.08216715598104538, 0.07499684689471602, 0.07378341589174874, 0.08333333333333331, 0.0734325590121551], [0.07039068709479558, 0.0742016928126216, 0.08132831216847328, 0.08138586279728627, 0.07289893431978467, 0.0707405090429348, 0.08037081880750235, 0.081112773823859, 0.082038589700629, 0.07495688935404789, 0.07380668243797318, 0.08333333333333333, 0.073434914306759], [0.07045940687675663, 0.07422133146426806, 0.08170156443656, 0.08157250914282811, 0.073086061823952, 0.07088690304703744, 0.0800829671067015, 0.0808502384884402, 0.08178630852324985, 0.07490996813027445, 0.07371661730060712, 0.08333333333333333, 0.07339279032599128], [0.07050905879575745, 0.07435962600249535, 0.08146198996341257, 0.0811752513812578, 0.073255672963165, 0.07098701992542993, 0.08015233862361967, 0.08097351908152474, 0.08192794700811866, 0.07502933394349036, 0.0737601207140315, 0.0829434246096089, 0.0734646969880881], [0.07046946980894969, 0.07430059913281423, 0.08147557135331578, 0.08129718840488959, 0.07315267481558643, 0.07091498538591635, 0.08018573061352513, 0.08098698893000254, 0.0819429739338456, 0.07499040897812562, 0.0737554370258028, 0.083087504500439, 0.07344046711678733], [0.07042675691031364, 0.07436751072367138, 0.08117418318645203, 0.08091914346832906, 0.07317427656064798, 0.07088573370696141, 0.08033646985665928, 0.08118142782053693, 0.08215811605701125, 0.07507051632802401, 0.07378301089898744, 0.0830507829659859, 0.07347207151641957], [0.070483556843356, 0.07420702468148556, 0.08172344964636258, 0.08168808187946586, 0.07303724892576338, 0.07087844084881387, 0.08011331429709903, 0.08085261524000895, 0.08177084816837216, 0.07491036285185619, 0.07375570032465989, 0.08316396461028637, 0.07341539168247002], [0.07057505207541609, 0.07427300355620686, 0.08195371498175581, 0.08167288961759044, 0.07325963691777167, 0.07105061485377576, 0.07988703637963274, 0.08065614440678778, 0.08157645139369495, 0.07491243337529858, 0.07370253826921293, 0.08306862785817293, 0.07341185631468351], [0.07056033328018643, 0.07434619788661434, 0.08176392730123898, 0.0813299518398947, 0.07334380056575086, 0.07107295631048309, 0.07994579874320078, 0.08075565498219313, 0.08168883530278932, 0.07497716030753161, 0.07370550492462181, 0.08307687240679264, 0.0734330061487023], [0.07046858757790277, 0.07443741317956812, 0.08141833727563214, 0.08073522845847646, 0.07336346864735993, 0.07100497562442053, 0.08015828149419338, 0.08102985831880365, 0.08196863938617169, 0.07508879372187773, 0.07372951165689719, 0.08313283036609032, 0.07346407429260622], [0.07059427791957434, 0.07446970160566856, 0.0817023765979652, 0.08090595035978496, 0.07350769882499328, 0.0711621098627973, 0.07996317679424758, 0.08081332876305027, 0.08172813791897471, 0.07507758629027837, 0.07372699117110047, 0.08286307659564958, 0.0734855872959154], [0.07055451914442921, 0.07421529517376904, 0.08200181593687483, 0.08186391016022646, 0.07314383323412758, 0.07098381594840615, 0.07992672859894252, 0.08066356477843882, 0.08157126271908756, 0.07488010532551787, 0.07372041801009864, 0.08307066974498097, 0.07340406122510033], [0.07059000174340178, 0.07430407649707343, 0.08200881448631989, 0.08152086098781566, 0.07337543854736109, 0.07111910775988046, 0.07976638988786734, 0.0805573986532364, 0.08147331905056449, 0.07490845239722706, 0.07365158294886727, 0.08333333333333334, 0.07339122370705181], [0.07063480369529207, 0.0743956102726196, 0.08204379154891239, 0.08124193931014043, 0.07351106215892857, 0.07120598125067543, 0.07975977200198585, 0.08057629687486623, 0.08148385359305473, 0.07497820460136746, 0.07366953624463937, 0.08306564376688708, 0.07343350468063091], [0.07026222682808503, 0.0743232716105157, 0.0802118114693902, 0.08084055727687194, 0.07256435658382847, 0.07044761742857454, 0.08135044225264741, 0.08202159920118023, 0.08266592544231939, 0.07525230179228175, 0.0741353673708876, 0.0822653379551511, 0.0736591847882669], [0.0701564442028554, 0.07430040776101265, 0.08046118087619927, 0.08062513336620272, 0.07261134080772731, 0.0704088864172534, 0.08122837311681881, 0.08203196822728392, 0.08290567039662186, 0.07520021867697392, 0.07400144180405643, 0.08251027777281679, 0.07355865657417741], [0.0700771578787327, 0.07433598923510147, 0.08089775477734382, 0.08019630546874751, 0.07276694284854991, 0.07043699940263862, 0.08104046010252489, 0.08196595168395177, 0.08302527259228433, 0.07518222248369817, 0.07385539294857668, 0.08274888706544324, 0.07347066351240701], [0.07012593454368878, 0.07452642549342026, 0.08132142434196916, 0.07957200851644504, 0.07300074387470552, 0.07056478774771743, 0.08100506058313939, 0.08199012790282337, 0.082724218998306, 0.07534056269436545, 0.0738876071105263, 0.08238909444472298, 0.07355200374817038], [0.07009438369249674, 0.07479998699075194, 0.08106380109127287, 0.07861820889248129, 0.07294511992808095, 0.0704720164218007, 0.0815078445691118, 0.08241407285909462, 0.08302900981315771, 0.07571963003323749, 0.07417232325439288, 0.08135548299253192, 0.07380811946158909], [0.07009764371584717, 0.07479315626105865, 0.08027527866201535, 0.0787425576924803, 0.07259201436505737, 0.07028429445167207, 0.08225276827905235, 0.08293962037516035, 0.08278775080526532, 0.07585923748653065, 0.07446480678847342, 0.0809222663359727, 0.07398860478141411], [0.07011930021214852, 0.0746181550623385, 0.0798187991665417, 0.07941904470309363, 0.07232430092744532, 0.07017723802412855, 0.08258304296557278, 0.08295085496162508, 0.08276212235017302, 0.07574006733414972, 0.07454120243554138, 0.08096081971517897, 0.07398505214206288], [0.07014199715740341, 0.07443220371151753, 0.07977291350777979, 0.08015100045049059, 0.0722682079891004, 0.07018877541462558, 0.08221786818066924, 0.08259535779045095, 0.08310680314010847, 0.07551514875414299, 0.07441846248057231, 0.08133626858473468, 0.07385499283840426], [0.07019441476941433, 0.07433435342797722, 0.08010676339844261, 0.08059558607879175, 0.07245707703588525, 0.07034241747297781, 0.0815931044594752, 0.08223109147940631, 0.08293466373082897, 0.07530883306253773, 0.07419226416974269, 0.082018702222564, 0.07369072869195623], [0.07012635586614177, 0.07432155663333707, 0.08040554694006251, 0.0804772188052385, 0.07255626555672454, 0.07035530383092123, 0.08139116053218062, 0.08219670335193335, 0.08294512950346229, 0.07524997569781405, 0.07404954900382292, 0.08233368435661165, 0.07359154992174921], [0.06999684919777498, 0.07432893471593557, 0.08072745165148755, 0.0800723204357654, 0.07261957448514146, 0.07030497559440238, 0.08130281201536634, 0.0822381201346108, 0.08333333333333334, 0.07522992106217326, 0.07391594686629603, 0.08243188677994599, 0.07349787372776699], [0.07001938652069487, 0.074390967456179, 0.08091149402445012, 0.07988070173768642, 0.07272511272658454, 0.07036719520697876, 0.0812426071233429, 0.08221374358728967, 0.08313289801546445, 0.07527004184624268, 0.0739064748457199, 0.0824267105174206, 0.07351266639194609], [0.07003078082792455, 0.07449658338826716, 0.08089853597024621, 0.07955426743174063, 0.07273520581233861, 0.07036297044446667, 0.08145005678711223, 0.08245792179166753, 0.08289878324325226, 0.0754060745678075, 0.074011332099387, 0.08208725290052703, 0.0736102347352626], [0.07006039697711829, 0.07440846177652713, 0.08029033699166506, 0.07997125473227851, 0.07245629619058634, 0.07024340184673672, 0.08181295711042222, 0.08265490042172456, 0.08296874213464929, 0.07540463748027965, 0.07417785012863165, 0.08186056824190203, 0.07369019596747878], [0.07000846366971236, 0.07448911214254991, 0.0801450629704692, 0.07958911539776253, 0.07237479977090423, 0.07015299823252685, 0.08216315227508