[[0.07305758201806253, 0.08135809270040706, 0.07152468873201707, 0.0747267528269295, 0.07555208418494332, 0.07032678799313312, 0.08071348547901849, 0.08272074355927148, 0.08078043596958698, 0.0748321317891705, 0.07305161299826415, 0.08185817984831972, 0.07949742190087614], [0.07305854096694664, 0.08126125939711515, 0.07149863417521223, 0.0746614335002784, 0.07545141103662513, 0.0703122401661371, 0.0804982520832777, 0.0829604097894528, 0.0810601803618118, 0.07471557672813572, 0.0730874779670843, 0.08191637449906673, 0.07951820932885614], [0.07309293932794854, 0.08111057951568783, 0.07151050020960462, 0.07461142400257376, 0.07535710501430093, 0.07034333330929181, 0.08024383469170616, 0.08300856710292634, 0.08141613575740698, 0.07460790890012359, 0.07316184540339438, 0.08190666803201405, 0.07962915873302087], [0.07312712994768791, 0.08101101995781544, 0.07151045335941109, 0.07457896288271017, 0.0752881415249554, 0.07035067106723893, 0.08005755235418976, 0.08294897544605997, 0.08173683452041274, 0.07451644055603357, 0.07323172238853519, 0.08189643698251328, 0.07974565901243662], [0.07318676382142086, 0.0808530366675574, 0.07154216017474085, 0.07455578998421036, 0.07522079901449873, 0.07039755259121803, 0.07983041838150724, 0.08288738965236614, 0.08211501921573645, 0.07443076905503111, 0.07333093094086279, 0.0817993367307865, 0.07985003377006375], [0.07320202326818603, 0.08078006953741865, 0.07151145174009563, 0.0745219613217016, 0.07515843972495244, 0.07036240160808051, 0.07969074352470862, 0.0829297058508133, 0.08237192238347578, 0.07433810510472066, 0.07337817251614534, 0.0817966063859543, 0.0799583970337471], [0.0731617378842272, 0.08072946606012481, 0.07135514770306185, 0.07442793728676458, 0.07502788260120469, 0.07017136493650256, 0.07950828568842468, 0.08333333333333331, 0.08268741292356116, 0.07413196007275852, 0.07339235162063949, 0.0818888801683504, 0.08018423972104655], [0.0732393086139246, 0.08064985554945805, 0.07134113574559403, 0.07443154348406182, 0.07498545897618199, 0.07013917880644792, 0.07933699063183543, 0.08292518588917716, 0.08303617212887696, 0.07402784316531243, 0.07352269058749324, 0.08194339727925609, 0.0804212391423803], [0.07326700631936305, 0.08066540034794566, 0.07124162252782401, 0.07442053641719165, 0.07494240818697295, 0.06999362151945669, 0.07924706688397508, 0.08251590251960117, 0.08333333333333334, 0.07389962115437237, 0.07359996054401738, 0.0821465718448673, 0.08072694840107938], [0.07346650620181792, 0.08062667046038781, 0.07129947401289397, 0.07453789160173169, 0.07500150935795184, 0.07001117804418931, 0.07914717012170412, 0.0819344386062554, 0.08284550350942084, 0.07386050591245352, 0.07386557755648833, 0.08223988536896734, 0.08116368924573794], [0.07357394515197574, 0.08054587613542687, 0.0712262896889777, 0.07458846880485077, 0.07499842988540138, 0.0698722339968304, 0.07901807069455331, 0.08129778624936064, 0.08333333333333333, 0.07373594687541678, 0.0740419138810946, 0.08214218580563465, 0.08162551949714382], [0.07379570681873625, 0.0803636411683006, 0.07135474493443462, 0.07474016047234786, 0.07507178457363226, 0.06998359352215028, 0.07886369234136528, 0.08084216647719676, 0.08309479104962364, 0.07374585804346809, 0.07431825104436934, 0.08183567205248014, 0.08198993750189512], [0.073906144515682, 0.08035279805591951, 0.07131107510276391, 0.07485655557607215, 0.07514817341703069, 0.06986968479530666, 0.07885316256133264, 0.08032067396278576, 0.08308401197371958, 0.07371433866260953, 0.07446779112416066, 0.08163498271492595, 0.08248060753769103], [0.07399232888426148, 0.08033647414140757, 0.07128757669296916, 0.07495634267053196, 0.07522374572528193, 0.06979284583553519, 0.07885749034860265, 0.07992868483247333, 0.08308885444271139, 0.07371083114357281, 0.07457618506354748, 0.08143068813240123, 0.08281795208670388], [0.07410920073629106, 0.08043545715834095, 0.07129508258589053, 0.07512569372439439, 0.0753909773033085, 0.0697335755524892, 0.07898717283419367, 0.07948553672696862, 0.0825489601316981, 0.07378995807500795, 0.07469395213393527, 0.08126130494152542, 0.08314312809595621], [0.0741551952950983, 0.08065206649529971, 0.0712827939691011, 0.07524821100332578, 0.07554286351329735, 0.06966873550264015, 0.07923204261296266, 0.07918853570339163, 0.08208643846135776, 0.07388497206729856, 0.07471550256164912, 0.08128836378534245, 0.08305427902923536], [0.07425817412700739, 0.08089314364550146, 0.07133265064907895, 0.07544848637030024, 0.0757824907392189, 0.0696603139756625, 0.07955902328853394, 0.0787747043461233, 0.08149121190753747, 0.07406060754780618, 0.0747778469393593, 0.0812075694258446, 0.08275377703802579], [0.07416830222775844, 0.08122219916332499, 0.07121758348113495, 0.07552155689456831, 0.07595449332236252, 0.06947536846537043, 0.07996551362976206, 0.0783853584211579, 0.08083060354394256, 0.07418057260715971, 0.07461113328348407, 0.0811339816266406, 0.08333333333333331], [0.07307863846532751, 0.08135559809913623, 0.07165245031468731, 0.07480599739431701, 0.07567163238180985, 0.07048067000123437, 0.08084547883375784, 0.08279699865709078, 0.08040564886205886, 0.0750233862117927, 0.07301843679507257, 0.08155790897427828, 0.07930715500943662], [0.07310318846725378, 0.08118188232890594, 0.07163944906549172, 0.07474483291352074, 0.07556215701201664, 0.07048176655519264, 0.0806028840651863, 0.0828831745514536, 0.08076422906562372, 0.07489158491703729, 0.07308841331590465, 0.08169011267707747, 0.07936632506533524], [0.07309674421918042, 0.0811110923123629, 0.07161092002900889, 0.0746919639367718, 0.07548430656715549, 0.07045999000237481, 0.08045089046773099, 0.08310225975293609, 0.08098037140449138, 0.07480024386633143, 0.07310737968165337, 0.08172583880719415, 0.07937799895280835], [0.0731147232316002, 0.08103639862938478, 0.07155295254508866, 0.07461524053486124, 0.07535360263165974, 0.07040113862541252, 0.08018623866144671, 0.08302896763801737, 0.08147211907326245, 0.074618900797584, 0.073184658439781, 0.08183522871949825, 0.079599830472403], [0.07308180833159085, 0.08113461390063227, 0.07156501099563861, 0.07466436190419197, 0.07544785382470845, 0.07040485923068178, 0.08041608246919985, 0.0831261116478826, 0.08107189135192464, 0.0747428600584203, 0.07310660899181473, 0.08179321858691675, 0.07944471870639719], [0.07315145262032972, 0.08090069985527162, 0.07155283855822062, 0.07457185454041201, 0.0752668129431821, 0.07041177456621739, 0.07995650249636005, 0.08305249027004655, 0.08185246044862735, 0.07450808108107154, 0.07326306560964607, 0.08179224731064652, 0.07971971969996847], [0.07320691734770737, 0.08075439399170581, 0.07160452532382816, 0.07456326828079114, 0.07522551717935545, 0.07048313396495329, 0.07977987272211089, 0.08302683678870224, 0.08211352584568778, 0.07446437721246445, 0.07334382672573078, 0.08167488727016727, 0.07975891734679533], [0.0732121899378415, 0.08073711049579384, 0.07152177410461584, 0.07451702297529171, 0.07514595563446635, 0.0703777608833219, 0.07964557635420941, 0.08296268494998586, 0.08243620747501625, 0.0743259549812367, 0.07339403627164832, 0.08176445119693317, 0.07995927473963904], [0.07322686559254887, 0.08055000964283059, 0.07149365055674063, 0.07445620857200327, 0.07504401718571554, 0.07035497435013957, 0.07940635015207165, 0.08333333333333331, 0.08280509815338723, 0.07419720416298291, 0.07344999230723816, 0.08165311924458132, 0.08002917674642669], [0.07330734247800179, 0.08049967310012873, 0.07146818407576017, 0.07446223866834858, 0.07500268866430286, 0.07030486605179942, 0.07924794842545442, 0.0828781971695638, 0.0831187588357976, 0.07408427014509804, 0.07358741188590245, 0.0817433272237341, 0.08029509327610795], [0.07331828185243779, 0.08052137339428744, 0.07137707270712582, 0.07444453202625749, 0.07496100347503884, 0.07017610669792111, 0.07917848687891658, 0.08264081778635653, 0.08333333333333333, 0.07397476914274397, 0.07363764482713964, 0.08190736933973887, 0.0805292085387026], [0.07341193748509729, 0.08052729938320129, 0.0713820872543226, 0.07449528258171953, 0.07498048464253522, 0.07015351106077683, 0.07912719562501704, 0.08233021404127566, 0.08308077952920531, 0.07393341251374609, 0.07377037735121264, 0.08202433243368887, 0.08078308609820173], [0.07351267426899104, 0.08049311184036109, 0.07139422235444105, 0.07454734230275721, 0.07499803896978322, 0.07013954589288474, 0.07905613684853584, 0.08198981137125655, 0.08297944893095226, 0.07389066546842298, 0.07391203885633846, 0.08205873545941039, 0.08102822743586512], [0.0735633125857883, 0.0804490685598917, 0.07138913765484091, 0.07456732610838855, 0.07499638718081134, 0.0701179593959721, 0.07899582269435233, 0.08177588850297492, 0.08310790382547562, 0.07385184017940545, 0.07398861159599067, 0.08203200006126839, 0.08116474165483976], [0.07363376120134685, 0.08036730417829135, 0.07138557975375551, 0.07459582465225652, 0.07499206159373184, 0.0700933406396215, 0.07890122618149706, 0.08148395847110833, 0.08333333333333334, 0.07379859523191308, 0.07409465828179472, 0.08194399349779302, 0.08137636298355705], [0.07372997443031085, 0.08036513924348442, 0.07139660935291295, 0.07467713188650661, 0.07503958809932679, 0.07007196880643665, 0.07888234958577464, 0.08118780261916199, 0.08306896071650434, 0.07378735178722635, 0.0742209948804121, 0.08191020408516422, 0.08166192450677784], [0.07399479038441009, 0.08010602327572408, 0.07154150086851128, 0.07484934442860992, 0.07511048986271471, 0.0701951242450485, 0.07866174455599582, 0.0805980818980745, 0.08303024019989623, 0.0737787549130034, 0.07455744422270594, 0.08150764935842496, 0.08206881178688039], [0.07407046426836873, 0.08011094781776333, 0.07148045748830865, 0.0749363845479659, 0.07516713621207041, 0.07006959588379728, 0.07866223590103423, 0.0801876499318073, 0.0830264899010988, 0.07374110468461115, 0.074665885519657, 0.08137786397250435, 0.08250378387101293], [0.07376114326434674, 0.08044738440232913, 0.07129140347453218, 0.07473409389698629, 0.07507882224253332, 0.06989782012259879, 0.07892774064308047, 0.08079865005649674, 0.08309055271142282, 0.07373178725977919, 0.07427973707359498, 0.08190530641514962, 0.08205555843714957], [0.07415516685002607, 0.0800523756160082, 0.07147102003187103, 0.07501654216834572, 0.07521582198534062, 0.0700197436966208, 0.07862278188529083, 0.07985931218038134, 0.08308468461359655, 0.0737248335181622, 0.07477740203612845, 0.0811943934302641, 0.08280592198796427], [0.07428312934170633, 0.08006772884551315, 0.07146250144552772, 0.07517305082020233, 0.07534728655194894, 0.06994068716824821, 0.07869665998196522, 0.07938053802446701, 0.08269097641068657, 0.0737558080730394, 0.0749261156758241, 0.08094218432753761, 0.08333333333333333], [0.07434617078281942, 0.0802297103250053, 0.0714796838180808, 0.0752861926407355, 0.07547602931632383, 0.0699203836523676, 0.07887874537557125, 0.07919379315837526, 0.08242039703991758, 0.07384197844131092, 0.07497497762055601, 0.0809562920216727, 0.08299564580726396], [0.0743700924030206, 0.08042846966069457, 0.07141093533382895, 0.07540219845849644, 0.07562065424658004, 0.06977895192707792, 0.07912605343610409, 0.0788099310130156, 0.08190278310947363, 0.0739045998555722, 0.07497630791372367, 0.08093568930907892, 0.08333333333333333], [0.07453885201202637, 0.08051512389411608, 0.07151360237456908, 0.07562519148291946, 0.07584640745804763, 0.0698328790878178, 0.07933413623513892, 0.07839501351241006, 0.0813998931132584, 0.07406334746401103, 0.0751269074156348, 0.08076376666550135, 0.08304487928454897], [0.07443107783803843, 0.08084862505946736, 0.07142371235170704, 0.07565321709351663, 0.07596997968024778, 0.06970326956103515, 0.07967830291734636, 0.07829431540224427, 0.08104313474834991, 0.07417239355010699, 0.07494699195039048, 0.08088981182481327, 0.0829451680227364], [0.07311352708580533, 0.08117756158965905, 0.07175136406653732, 0.07481114987067862, 0.07567336451727327, 0.07061837929698499, 0.08071076219879172, 0.08303776023282347, 0.08039799548811936, 0.07506524768849758, 0.07304706437739507, 0.08141370048622423, 0.07918212310121005], [0.07315120359086044, 0.08094608355380149, 0.07173162358906672, 0.07471988864522026, 0.07550403422976122, 0.07061918749954006, 0.08035243373621818, 0.08313183939874891, 0.08100177885592294, 0.07486596367910175, 0.07315285214282614, 0.08155242453064503, 0.07927068654828678], [0.07315511171567904, 0.08102560993188071, 0.07175746269006256, 0.07476835313827802, 0.07557657484474654, 0.07063888004192058, 0.08049280986430764, 0.08294503132550253, 0.0807849048610275, 0.07495245614959185, 0.0731323308392118, 0.0815254953447405, 0.07924497925305071], [0.07310254898399027, 0.08098599242588721, 0.07162052643613502, 0.0746502358639794, 0.07541917891555364, 0.07048801661330512, 0.08028444953901567, 0.08333333333333334, 0.0811823419410625, 0.07473951698618556, 0.0731313837155282, 0.08167114831911675, 0.07939132692690747], [0.07318913115081403, 0.08083194837568203, 0.07174425062802331, 0.07467928550882831, 0.07542165994323587, 0.07064786834970911, 0.08013215970930608, 0.08308314337908727, 0.08134913736224256, 0.07476662168581391, 0.07322874716372176, 0.08154959297908919, 0.0793764537644465], [0.07317426187223894, 0.08075670092380854, 0.07166224738889738, 0.0745957297307379, 0.07529844686692323, 0.07055962741562274, 0.079924452225215, 0.08333333333333334, 0.08172487705347256, 0.07459908745630685, 0.07326059657475485, 0.08158324235195871, 0.07952739680672999], [0.07316802750886556, 0.08088553193380635, 0.071673478379795, 0.0746470148591283, 0.075379890027143, 0.07055889810170228, 0.08011149914619073, 0.08305374365567234, 0.08147119194635102, 0.0746911488504466, 0.07322659798386327, 0.08165190044203274, 0.07948107716500273], [0.0732477676902347, 0.08063150339847397, 0.07170893980588136, 0.0745901856700593, 0.07525048905296047, 0.07062069031178919, 0.07972824669072658, 0.08312169819337276, 0.0820544852237969, 0.07453203664410885, 0.07337132743442108, 0.08151232618500799, 0.0796303036991669], [0.073252113803351, 0.08054754543437015, 0.07168651689110637, 0.07455295754838212, 0.07519034253849864, 0.07060011556571677, 0.07959984506465284, 0.08333333333333336, 0.08224577687695414, 0.07445448120778432, 0.07339945034291699, 0.08145663782158703, 0.07968088357134652], [0.07327850037412523, 0.08052697772043113, 0.07167437959182063, 0.07454579787602196, 0.07516298008402801, 0.07058156382081661, 0.07952637309155124, 0.08314625575812139, 0.08243390487481622, 0.07440078584395184, 0.07344929518550644, 0.08149484168002188, 0.07977834409878756], [0.07329889595567961, 0.0804077089468209, 0.07165506086676135, 0.07450768236085065, 0.0750923201868146, 0.07056337535910788, 0.07935570935788118, 0.08333333333333333, 0.08268985315996935, 0.07430408615953076, 0.07350320805937278, 0.0814385916069416, 0.07985017464693593], [0.07334059433542621, 0.08037588673549197, 0.07158909128254569, 0.07448516255900932, 0.07502820927304842, 0.07046897013442288, 0.07921076608310804, 0.08299788045114954, 0.08312524198853767, 0.0741679898405233, 0.07359931682287035, 0.08151794780545012, 0.0800929426884165], [0.0733583576384634, 0.08036017063665206, 0.07155295678854615, 0.07447481392295495, 0.074998957328723, 0.07041711542519748, 0.07914479541818482, 0.0828165025786522, 0.08333333333333334, 0.07410298351189852, 0.07364273477057105, 0.08158584852887488, 0.08021143011794829], [0.07338805025549976, 0.08037994793255014, 0.07154876641130946, 0.0744910176048581, 0.07500499147470929, 0.07040157159467694, 0.0791327727772786, 0.0827198585106445, 0.08320013105676509, 0.0740857926088919, 0.07368653131622022, 0.08165382172624243, 0.08030674673035355], [0.07347118401917328, 0.08035813664913716, 0.07155076709789349, 0.07452416549761966, 0.07500483434504446, 0.07038174962704667, 0.07904494558495288, 0.08243201687487699, 0.08313236135282026, 0.07403061869046458, 0.07380986782563896, 0.081740662619294, 0.08051868981603767], [0.0735125177835422, 0.08033729058194239, 0.07149877565551602, 0.07452755118716307, 0.07497994316027486, 0.07029846589463348, 0.07897180889824366, 0.08216212040330806, 0.08333333333333334, 0.0739439269933023, 0.07389086148815963, 0.08181103799251217, 0.08073236662806897], [0.07361304816629793, 0.08031445354550085, 0.07153759464093605, 0.07458737200674818, 0.07501211429456009, 0.0703209429937367, 0.07892631498997912, 0.08192377445658856, 0.08305948956079907, 0.07393366694642323, 0.07402192299480753, 0.08182729423390224, 0.08092201116972021], [0.07378089062042423, 0.08016744651652993, 0.0716034671435775, 0.07467383647532103, 0.07503479536480653, 0.07036591693155701, 0.07876690041249931, 0.08145763038464476, 0.08308576670221672, 0.07388833538308563, 0.07424825809972911, 0.08168222980997766, 0.08124452615563055], [0.0739064053326244, 0.08002472437501726, 0.07163371862675001, 0.07474489955369791, 0.07504219685906532, 0.07037267106525902, 0.07862209486196539, 0.08105454586814952, 0.08333333333333334, 0.07383349067496933, 0.07442432071327469, 0.0815030878582008, 0.08150451087769307], [0.07404455131096332, 0.08004169346540083, 0.07162665731612694, 0.07487274332297517, 0.0751233797582677, 0.07030468244311773, 0.0786184324644134, 0.08063064638921547, 0.08289477761512813, 0.07381578022365937, 0.07460753236085768, 0.08144619647387874, 0.08197292685599535], [0.07390760058150292, 0.08017088561661449, 0.0715445192927111, 0.07478304657691205, 0.07508368998363722, 0.07023105488018984, 0.07872593160547074, 0.08091516185088624, 0.08294521139368735, 0.07381227145302542, 0.07443603438686357, 0.08164405402613692, 0.08180053835236219], [0.07381026434048796, 0.08018381104386964, 0.07156061729928466, 0.0747008566923309, 0.07504230769506846, 0.07029210592903067, 0.07875844171593209, 0.08127127900433988, 0.08308061199849337, 0.07384759462963643, 0.07429998299542506, 0.0817025621541086, 0.08144956450199221], [0.0736356672032125, 0.08029333401332645, 0.07147477725009828, 0.07458603355253716, 0.07498979960401106, 0.07022584926741367, 0.07887076306170558, 0.08167479391277811, 0.08333333333333336, 0.07385522169975633, 0.07407667125184834, 0.0818415880222918, 0.08114216782768761], [0.07388598989108454, 0.08015903592147572, 0.07154959743943821, 0.07476063397246706, 0.07506794458529067, 0.07024821844209826, 0.07871954688146815, 0.08099077372382373, 0.08303866476449658, 0.07381495705305853, 0.07440730998926859, 0.08164546797449358, 0.0817118593615363], [0.07377850897198351, 0.08035068556341356, 0.07140087748268918, 0.07471708476035055, 0.07506120629008721, 0.07005964393246077, 0.07886391366628737, 0.08102892188613904, 0.08300234996404673, 0.07377861106878215, 0.07428547819623513, 0.0818646417784608, 0.08180807643906408], [0.07409540943365547, 0.080027355788296, 0.07158726058503985, 0.07492323062087851, 0.07514905174072095, 0.070225367000211, 0.07859868692035545, 0.08036368772385313, 0.08296314506880086, 0.07378052771431116, 0.07468396644698826, 0.08136205659647085, 0.08224025436041847], [0.0741762375560989, 0.07999302120824638, 0.07157978139458057, 0.07499938973056826, 0.07519622632908306, 0.07018011159117943, 0.0785731719841957, 0.08007241687036507, 0.08292487398273055, 0.0737672433341207, 0.07479060037236804, 0.08123038550297386, 0.08251654014348943], [0.07426201630441981, 0.07995487321065177, 0.07155709526463194, 0.07508998427825472, 0.07525751489165992, 0.07010744217153285, 0.07855368170472199, 0.07971733948497237, 0.08293410928461374, 0.07375316618386071, 0.07490286955487288, 0.0810529051237829, 0.08285700254202438], [0.0743533128223396, 0.07992256275526315, 0.07157540924401706, 0.07518468033135252, 0.07533036128190439, 0.07009191303010223, 0.07857310872686758, 0.07945292108816206, 0.08275097338142899, 0.07377356027733464, 0.0750104269276045, 0.08090039922382167, 0.0830803709098016], [0.07444856929864214, 0.08008657503375867, 0.07157052706263166, 0.07533655768137763, 0.07548510614307083, 0.07002329947108646, 0.07877656753969027, 0.07910176803411678, 0.08238916213003605, 0.07384795881749834, 0.07510270217074624, 0.08079876140889077, 0.08303244520845424], [0.07456744424941583, 0.08021505757469974, 0.07158859649094963, 0.0755177940883827, 0.0756686182203754, 0.06997510282674478, 0.07898474903100398, 0.07867469522368471, 0.08188377932620824, 0.07394585603170674, 0.07521286178969173, 0.08070744915965347, 0.083057995987483], [0.07463969245730895, 0.0803246357426933, 0.07161091156578, 0.0756479341092212, 0.07581432630193015, 0.06995521922864595, 0.07916091548101198, 0.07840731567877202, 0.08153225823783866, 0.07404120908779979, 0.07526525061550929, 0.08064669812940671, 0.08295363336408211], [0.07463181780028377, 0.08049229837330198, 0.0715458347938473, 0.07574891467977951, 0.07596288022405187, 0.0698271006496356, 0.07941502365969803, 0.07806969653573051, 0.08106219013865847, 0.07412498036636324, 0.07521455906698063, 0.08057137037833573, 0.08333333333333333], [0.0744950104791004, 0.0809055433407046, 0.07146444109509416, 0.07577321401482005, 0.0761121457144573, 0.06971328073770332, 0.07983983608981467, 0.0780336878531161, 0.08071366220155445, 0.07427907438611199, 0.07498310373662233, 0.08074919198108266, 0.08293780836981814], [0.07371484997552424, 0.08019203971625101, 0.07161158079416748, 0.07463087898695074, 0.0750230872973582, 0.07039942541575553, 0.07881312132034178, 0.08169549407721689, 0.08311926072192152, 0.07392607778208267, 0.07415161593124107, 0.08169546913467973, 0.08102709884650924], [0.07363561846803138, 0.08021506558695511, 0.0716410550184662, 0.07459547554708437, 0.0750212543348909, 0.07046608265707477, 0.07888024612471724, 0.08201649608787878, 0.08312359207353005, 0.0739965266354377, 0.07402722587086753, 0.08166267225742527, 0.08071868933764066], [0.07353255696774337, 0.08022957431896441, 0.07163406821090226, 0.0745435405743261, 0.07500507396304538, 0.07048797149403012, 0.07894395814256903, 0.08231649836750261, 0.08333333333333331, 0.0740452117393447, 0.07387992786069342, 0.08159267109643491, 0.08045561393111013], [0.07351821192443762, 0.08023102677596951, 0.07167414910674202, 0.07454857800698954, 0.07502487781442164, 0.07054706658186465, 0.07898786769158776, 0.08251337159404841, 0.08313886714561397, 0.0741008364069541, 0.07384317104418137, 0.08153544772879148, 0.08033652817839794], [0.07344618684279634, 0.08023982435032485, 0.07168043141070125, 0.0745220726187536, 0.07502877355150712, 0.07057521669882993, 0.07906323237135292, 0.08284333822975586, 0.08312993849877395, 0.07415764583043627, 0.07373309484230468, 0.08144104812925189, 0.08013919662521116], [0.0733657938718083, 0.08027341620261669, 0.07171295913383421, 0.07451502366878404, 0.07506868242115079, 0.07063620230175958, 0.07920657492816918, 0.08333333333333333, 0.08282189195417378, 0.0742736092376677, 0.07359417358784633, 0.0813255480174572, 0.0798727913413988], [0.07337869276822075, 0.08030956578130148, 0.07178337145710888, 0.07455973665673642, 0.07513378272717539, 0.07072238771898438, 0.07930277524156677, 0.08315328207260461, 0.08262186781911406, 0.07437612813471192, 0.07357821545528351, 0.08130762388207799, 0.07977257028511386], [0.07376357139558568, 0.08053847143745921, 0.07123777322243383, 0.07476680602733637, 0.07511731142470174, 0.0698089983149203, 0.07900183788860482, 0.0806389376451711, 0.08298136448936445, 0.07372880488994218, 0.07428414117006873, 0.08192545801567071, 0.08220652407874093], [0.07398896404582586, 0.08022889728223542, 0.07132330016676247, 0.07491279280824858, 0.07516465141628915, 0.06985959399283258, 0.0787540590510423, 0.08004117781873575, 0.08333333333333334, 0.07368405576688399, 0.07458109922239141, 0.08141713707608747, 0.0827109380193317], [0.07418427408485458, 0.08013842217197911, 0.07140696719595947, 0.0750957500782931, 0.07530055599375537, 0.06989742488752737, 0.07871913648029662, 0.07957881958359413, 0.08287061926244321, 0.07373882260803058, 0.0748079266411351, 0.08111094667694306, 0.08315033433518818], [0.07332807016244054, 0.08037247796441721, 0.07176470572781112, 0.07455659588415076, 0.07515741285561665, 0.07070290938811481, 0.07940852045241392, 0.08333333333333334, 0.08243772365177776, 0.07442204866972596, 0.07350123075549109, 0.0813243588012891, 0.07969061235341782], [0.07332948547730218, 0.08043796954608891, 0.07180888851805427, 0.07459893770675419, 0.07522355389031117, 0.0707528776666366, 0.07953019973179984, 0.08315072435020852, 0.08223517509489008, 0.07451630879099967, 0.07347459290928508, 0.08132668417184728, 0.0796146021458224], [0.07331278573704329, 0.08051758420302961, 0.0718379823293803, 0.07463755097204663, 0.07529359340271544, 0.07078417340914936, 0.07968158087341896, 0.08304143652707216, 0.08197517926007583, 0.07461711905951787, 0.07342365695417485, 0.08135996814297831, 0.07951738912939743], [0.07325869145285299, 0.08056387854210446, 0.07182873218154188, 0.07464379059597497, 0.07533413910838638, 0.07077489365322838, 0.0798119078326574, 0.08333333333333333, 0.08169034405458506, 0.07468933524769332, 0.07333425932467168, 0.08135111753649073, 0.07938557713647938], [0.07326837538404911, 0.08064234215661159, 0.07187780736906693, 0.07470494116866148, 0.07542404974397748, 0.070823821371439, 0.07997157415113641, 0.08305744368855436, 0.0814411096540347, 0.0748052432173335, 0.07331219481865729, 0.08136568170974096, 0.07930541556673706], [0.07326797216079309, 0.08069392542727877, 0.07188818920898263, 0.07473147877780405, 0.07546493780907602, 0.0708296545875814, 0.08005724069760421, 0.0829229140476003, 0.08132714564505003, 0.07485314185574188, 0.07329803053393126, 0.08138573589153833, 0.07927963335701793], [0.07323962643002732, 0.08075701891346997, 0.07187390440380148, 0.0747485391656572, 0.07550618079089627, 0.07080592372894039, 0.08017750001966482, 0.08298375075172171, 0.08113916256091737, 0.07490436814999367, 0.07324817179144089, 0.08139473174591386, 0.07922112154755505], [0.07322691099663027, 0.08081494582478324, 0.07187952336769991, 0.07478007139683875, 0.07556151152985167, 0.07080413942107955, 0.08030310922766379, 0.08295892544088745, 0.08094183819268572, 0.0749721142449982, 0.07321273296816055, 0.08138603033555612, 0.07915814705316475], [0.07320456772006673, 0.08089143981981858, 0.0719047568627283, 0.07481684960773484, 0.07564205979091126, 0.07082947994182523, 0.08044216786785191, 0.08305156380198038, 0.0806376793198708, 0.07507599832329546, 0.07315345618863407, 0.08127997211314465, 0.07907000864213776], [0.073148100695673, 0.08098289674762874, 0.071875968144038, 0.07482860202934112, 0.07569939493207631, 0.07078868051954217, 0.08061197691194942, 0.08333333333333333, 0.08033309998306139, 0.07514521521924947, 0.07306265478175873, 0.08118572640396185, 0.07900435029838648], [0.07316075985412003, 0.08100215363263238, 0.07182218042231507, 0.07479944815391276, 0.07563233986348808, 0.07072058244264665, 0.08052793241515334, 0.08307438568430833, 0.08059790440533791, 0.07504249116432676, 0.0731108374501592, 0.08137253180636118, 0.07913645270523839], [0.07401253351158787, 0.08012973520488186, 0.07148129694566195, 0.07488065861344646, 0.07513034392806771, 0.07009584506539607, 0.07867446158667275, 0.08038832120031765, 0.0830946833863299, 0.07374509910477708, 0.07459138147390135, 0.0814690094875063, 0.08230663049145309], [0.0738579256953638, 0.08028047230541506, 0.07134794097359619, 0.0747816567800971, 0.07507949702220197, 0.06995336681274261, 0.07878757503074464, 0.08058329130463514, 0.08333333333333334, 0.07370776911444658, 0.07440875300673855, 0.08168077421950332, 0.08219764440118184], [0.07400457039005234, 0.08047442040175011, 0.07124966155124647, 0.0750254117932247, 0.07531529159948064, 0.06971313652801714, 0.07900104287483835, 0.07974738682675435, 0.08274574243996934, 0.07375871091556406, 0.0745743563971121, 0.08140278438203472, 0.08298748389995579], [0.07387989827684714, 0.08046666151409576, 0.0712415777151652, 0.07487367551656927, 0.07518342689789181, 0.0697662342610123, 0.07895264043604605, 0.08021043889437142, 0.08304200937904423, 0.07371559992184927, 0.07443396752363406, 0.08166717711806931, 0.08256669254540422], [0.07353608095422437, 0.08057951853867056, 0.07126007467383827, 0.07456857914683185, 0.07499991707438565, 0.06993313099723472, 0.07906705235836574, 0.08154605786738915, 0.08309865736413573, 0.07378558698556227, 0.07397796763481813, 0.08220296107762888, 0.08144441532691485], [0.07368992581667909, 0.0805702916385422, 0.07124397493737596, 0.07470009386050455, 0.0750785699370381, 0.0698480411410231, 0.07903069675124026, 0.0809341681830355, 0.08294716357864056, 0.0737458736657572, 0.0741859576049959, 0.08206669578251438, 0.08195854710265327], [0.07404606323620022, 0.08057030334939377, 0.07121676994177155, 0.07511357722557778, 0.07541018217676244, 0.06963105004708553, 0.07910097940123678, 0.0794392916995182, 0.08237651656082831, 0.07379267629051867, 0.07461166175278741, 0.08135759498498597, 0.08333333333333333], [0.07415043430406638, 0.08084555571431416, 0.07127016259302907, 0.07530989851916968, 0.07564455608398428, 0.06962915923141412, 0.07943102375209182, 0.07906832460340758, 0.0818014443738683, 0.07396745931424215, 0.07467881570215597, 0.08135443690599833, 0.08284872890225818], [0.07473267259522215, 0.08065555877953043, 0.07163652619456098, 0.07595628315571569, 0.07622332187454253, 0.06987512309203052, 0.07972957411050521, 0.07774121247225547, 0.08056271856380445, 0.07434296491539753, 0.07525478374435098, 0.08044526240965577, 0.08284399809242812], [0.0747655265268332, 0.08044736783388862, 0.07164895295819675, 0.07588960576263669, 0.07608835092047836, 0.06991364427626298, 0.07946556227177162, 0.07784743560093502, 0.0808336624692158, 0.07421904906649941, 0.07534554687655473, 0.0804122742338646, 0.08312302120286219], [0.07299591430713614, 0.08223492927995742, 0.07092329523379882, 0.07461474981464933, 0.07535868640090183, 0.06950134907522149, 0.08062800054974537, 0.08134435596432603, 0.08121892903574632, 0.07425382215831301, 0.07315628412627401, 0.08316417582754382, 0.08060550822638643], [0.07298680077907047, 0.08194387288314224, 0.07099436354835571, 0.0745594012762986, 0.07529096455344095, 0.06962461940482922, 0.08047126955756277, 0.08169029883061311, 0.08150534556825031, 0.0742497332710197, 0.07314648579999423, 0.08307491504837371, 0.08046192947904901], [0.0730095386466233, 0.08177567778772314, 0.07098760294611581, 0.07451856264287789, 0.07521584741747186, 0.06962598075035811, 0.08026847033259843, 0.08189059064222712, 0.08178204031666582, 0.07415852619151089, 0.07320314983215112, 0.08297264764564313, 0.08059136484803342], [0.07302623264659698, 0.08158066646182767, 0.07100483990800448, 0.07447884194241816, 0.07514886735165885, 0.0696623507854723, 0.08008698865487159, 0.08212471322902817, 0.08204446891258804, 0.0740963852761403, 0.07324284674788635, 0.08287176653854615, 0.08063103154496097], [0.07307650401542336, 0.08148876122869184, 0.0709566423895184, 0.07446544894074726, 0.07509284057725496, 0.0695901465078717, 0.07991280564072949, 0.08203876085554941, 0.08221709328568516, 0.07397429064687493, 0.07334412178893394, 0.08292792911606287, 0.08091465500665677], [0.07312911973855278, 0.08147442744004879, 0.07090866847909497, 0.0744842451046765, 0.07508255015535834, 0.06950695236508392, 0.0798378724240648, 0.08176551638676131, 0.08213294372582777, 0.0738940241355358, 0.07343553953925167, 0.08315261753393353, 0.08119552297180997], [0.07320666001761225, 0.08168554687587444, 0.07087373903653454, 0.07459371754044783, 0.07519088738044312, 0.06940953078374956, 0.07997643931542313, 0.081236453920871, 0.08186860421350833, 0.07391513703664832, 0.07352593256809525, 0.08303100385081584, 0.08148634745997642], [0.07316817734251141, 0.08218859253757414, 0.07080909417611599, 0.07470298421606204, 0.07536601816477066, 0.06928417408696584, 0.08040618720327192, 0.08071498904924694, 0.08121623170099317, 0.07405369237006718, 0.07343123595903214, 0.08333333333333334, 0.08132528986005536], [0.07306700305972799, 0.08253179973746275, 0.07082048218714444, 0.0747097728701757, 0.07544098361654762, 0.06931097708709118, 0.0807284107585121, 0.08070576435749326, 0.08083426206709539, 0.07420153363731084, 0.0732583600819578, 0.08333333333333334, 0.08105731720614777], [0.07303103773465033, 0.0825291032555051, 0.07087715816739235, 0.07469463936519681, 0.0754487445749198, 0.06940276249772105, 0.080797400104275, 0.08096012242731665, 0.08088424700722588, 0.07427673691070999, 0.07319139205559326, 0.08307163423965008, 0.08083502165984395], [0.07302529460568451, 0.08221226199122858, 0.07086382140174033, 0.07460537887535731, 0.07531928982456239, 0.06941463854817523, 0.08051539751088495, 0.08122809463134066, 0.08128052336471278, 0.07415279253289472, 0.07322411745896985, 0.08333333333333334, 0.0808250559211155], [0.07298351667211486, 0.08208997385931263, 0.07090433857861725, 0.07456409788935338, 0.07528932313921137, 0.06949261131011686, 0.08048839136214, 0.08146315156127651, 0.08140788492951789, 0.07418476419019496, 0.07316240192005816, 0.08333333333333333, 0.08063621125475269], [0.07302961255222827, 0.08183535914807018, 0.07086759304964167, 0.07451024046050947, 0.07517704292028873, 0.06945168558859502, 0.08018602459697058, 0.08162833858149005, 0.08175330199333829, 0.07402152897820301, 0.07327103461123635, 0.08333333333333331, 0.08093490418609488], [0.07315312619368007, 0.08197016537780888, 0.0708943051538033, 0.0746291997750503, 0.0752787894205061, 0.0694349556010614, 0.08024789698236266, 0.08124008102990307, 0.08151820586987986, 0.07404770386624634, 0.07341728968879388, 0.08295513762427846, 0.08121314341662558], [0.07309421540721155, 0.08198784659997636, 0.07088464005435095, 0.07459212294038303, 0.07525966976010999, 0.06944085313710702, 0.08028731681203628, 0.08136290324926834, 0.08153552903987542, 0.07406455547632801, 0.07333842572992864, 0.08309543841676872, 0.08105648337665577], [0.07313690822913818, 0.08219861837065834, 0.0708715650465852, 0.07467650597651258, 0.07535528341977805, 0.06938805508656427, 0.08043975280436201, 0.08100234533838836, 0.08124859544895195, 0.07411215016749531, 0.07337575132802042, 0.08306052069179201, 0.08113394809175348], [0.07301883967292555, 0.08182308672674027, 0.07091316335370337, 0.07451214451102746, 0.07519196798001768, 0.06951873199925188, 0.08022096917673745, 0.08174308756273914, 0.08177727287926972, 0.07407590927906882, 0.07324065067874388, 0.08316962711392037, 0.08079454906585454], [0.07310798175629293, 0.08162220903327697, 0.0709073389652262, 0.07450897803752086, 0.0751317540345544, 0.06949975988518034, 0.07997679449618127, 0.0817161355428726, 0.08198964686645903, 0.07395337040510656, 0.07339065870029783, 0.08307552205945902, 0.08111985021757191], [0.0731623463599545, 0.08173005465871232, 0.07088048862583986, 0.07457146050646923, 0.07518660784939993, 0.06943272610659905, 0.0800307073240435, 0.08138016661260578, 0.08180326447563692, 0.073946826518551, 0.07346070759993736, 0.08308330060191058, 0.0813313427603398], [0.0732131725737832, 0.08200751687688064, 0.07083507929908317, 0.07469084073660014, 0.07532366470728113, 0.06932022511835581, 0.08024873257931274, 0.08080924344062186, 0.08143263431828734, 0.07400310595895489, 0.07350435027408903, 0.08313854230777681, 0.08147289180897334], [0.0732681093874329, 0.0817641133576802, 0.07087978403496946, 0.07466835221049482, 0.07526261305964163, 0.0693854314422142, 0.0800387083207616, 0.0809603525631544, 0.08173892939617262, 0.07394228730922177, 0.07359355622083898, 0.08287361593079286, 0.08162414676662456], [0.07305135712721454, 0.08162226945634753, 0.07092442805304953, 0.07447923543414871, 0.07512480129655756, 0.06954196839334872, 0.08002533973928554, 0.08190644561885589, 0.08204035943078998, 0.07399868350197542, 0.07330528554504849, 0.0830782730796774, 0.08090155332370062], [0.07314481551779525, 0.08151380220935842, 0.07086735999871091, 0.0745005980193433, 0.0750918196949494, 0.06943919721630447, 0.0798440243121024, 0.08156030939767624, 0.08203764260194563, 0.07386230597494749, 0.0734651777787605, 0.08333333333333333, 0.08133961394477263], [0.07322876665749643, 0.08151924447630883, 0.07087779753303548, 0.07456663886326086, 0.07513808490666977, 0.06942119971140992, 0.0798281542011118, 0.08128195936556533, 0.08206846768985615, 0.07385445868910258, 0.07357283106567239, 0.08307076616427705, 0.08157163067623331], [0.07300603253417635, 0.0827061269619188, 0.07104956894889608, 0.07486599544974333, 0.07573906521275559, 0.06959496784055681, 0.08146988230679872, 0.08099071040937171, 0.08012796379415948, 0.07468940967978563, 0.07303077057758703, 0.08232966898525454, 0.08039983729899598], [0.07300678501558538, 0.08293118206460884, 0.07094249413082557, 0.07483925501283173, 0.07568538889632544, 0.06944947285599094, 0.08135394174004905, 0.08078668746049711, 0.08018399757974141, 0.07455812347541141, 0.0730707803623908, 0.08255937606587013, 0.08063251533987233], [0.07307929724943019, 0.08304319150950651, 0.07084822760298634, 0.07485933623338151, 0.07565634677518134, 0.06929807013007575, 0.08117382927343565, 0.08037877644001716, 0.08022875688062824, 0.07440669471008364, 0.07320516607737276, 0.08278288245303947, 0.08103942466486125], [0.07328999435190442, 0.08276095558296222, 0.07092249226006947, 0.07505758310507933, 0.07582261848969155, 0.06931324756155814, 0.08114548214945569, 0.07979885956822488, 0.08009693719429259, 0.07445729280181443, 0.07344572850605843, 0.08244604288588152, 0.08144276554300743], [0.0735008215181809, 0.08305282037181846, 0.0711302115734579, 0.07546764404054379, 0.07631533334577816, 0.0694471850022114, 0.08165067252825209, 0.07898712466680909, 0.07925314588398907, 0.07488908930570125, 0.0735543484683528, 0.08151023186483303, 0.08124137143007189], [0.07340067510546386, 0.08333333333333334, 0.07126575733672876, 0.07554686819078577, 0.07651886259219119, 0.06962317337474921, 0.08234813337105988, 0.0791477158452831, 0.07856809961994007, 0.07524749714716199, 0.07331966264758683, 0.08113505465920101, 0.0805451667765151], [0.07321709004734746, 0.08333333333333333, 0.07129197667577408, 0.07539158164156447, 0.07641393005551789, 0.06973310490401939, 0.08264962731927379, 0.07976641738684755, 0.07849783916357904, 0.07532145815871087, 0.07308157767117511, 0.08117136791451565, 0.08013069572834136], [0.07308463897144124, 0.08312557940855066, 0.07123537930494246, 0.07516998615384378, 0.07616316979848947, 0.06974478445585265, 0.08231032505295713, 0.08041477251385255, 0.07904661460756121, 0.07515738388383478, 0.07297754395913204, 0.08150179805911661, 0.0800680238304253], [0.07303774421504897, 0.08276436244414734, 0.07111011740663903, 0.07496152754368378, 0.07586809188012081, 0.06964499955501052, 0.08171438781787443, 0.08078639039566472, 0.07981556962375434, 0.07482934104174184, 0.07302550838820084, 0.08211032400781614, 0.08033163568029714], [0.07302867909372923, 0.08297024475079931, 0.07098079490084408, 0.07490458282563776, 0.07577293686076024, 0.06947941899980006, 0.08151681140555907, 0.08066199808168135, 0.07997274079157336, 0.07465017301038285, 0.07306829849881935, 0.08239835767863656, 0.08059496310177668], [0.07306658811979345, 0.08333333333333333, 0.07088197739992491, 0.07492654703104405, 0.07576773587617867, 0.06932465616778118, 0.08143757554564394, 0.08028875037741066, 0.07989428624114801, 0.07454096874371086, 0.0731454651051772, 0.08249171482450583, 0.08090040123434783], [0.07313729658235614, 0.08314604467849199, 0.07089265563400989, 0.07497750216526076, 0.07579891758132133, 0.06931472591122004, 0.08137973900837114, 0.08010716174797218, 0.07992779641031053, 0.07452478769229141, 0.07323685238030352, 0.08248617640786654, 0.08107034380022453], [0.07324532738747315, 0.08293042540685121, 0.07099941839645245, 0.0751400394450651, 0.07598330518972073, 0.06940063069997934, 0.08158718929712154, 0.07982944358344062, 0.07962459742272356, 0.07469012217410329, 0.07331568563162022, 0.08217798739077867, 0.08107582797467017], [0.07312472983181802, 0.08299721717915426, 0.07109703048560448, 0.07510550579651057, 0.07602387888845699, 0.06956583284978113, 0.08193170046124354, 0.08023383742253495, 0.07941576019520277, 0.07489290521679473, 0.0731080096266889, 0.08197559310173202, 0.08052799894447754], [0.07320959326773918, 0.08303201009842782, 0.07119798460367822, 0.07527864228555639, 0.07623881442097866, 0.06964060985296242, 0.08226761