[[0.07670012210251803, 0.08168225113518729, 0.07246130330691096, 0.07474394438172771, 0.08197564890917726, 0.07193975026840792, 0.0811434309578936, 0.07473895494288912, 0.07217810718233383, 0.08301577187556249, 0.07385783085726158, 0.08210026855224345, 0.07346261552788688], [0.07660627337647404, 0.08160138351030598, 0.07244960973044466, 0.07474511429850228, 0.08224465987050157, 0.07194856463268606, 0.08096362133441506, 0.07476930138535828, 0.07217970438883661, 0.08302162396112558, 0.07387991881596927, 0.08214896362559783, 0.07344126106978278], [0.07649870382622402, 0.08147040335509088, 0.07244618052763453, 0.07475067481748685, 0.08256339975347944, 0.07196983437135564, 0.08074396891900373, 0.0748084262394446, 0.07219214908624234, 0.08308237991156094, 0.0739118556116756, 0.08213761946810588, 0.07342440411269545], [0.07639709489626365, 0.08137799799792764, 0.07240222535103036, 0.07473994092958881, 0.0828196485604224, 0.07194542112221287, 0.08057519984149102, 0.07482800539907902, 0.07216145250091904, 0.08333333333333333, 0.07391744515290079, 0.08212349910609541, 0.07337873580873563], [0.07633469181722101, 0.08124675525815928, 0.07245095911810508, 0.07479741512083886, 0.0831221133017565, 0.07202101489068259, 0.08038646587246323, 0.0749186973669263, 0.07222756743370294, 0.0830344524533321, 0.07400315290272509, 0.08204284106181128, 0.07341387340227583], [0.07628218515877654, 0.08118941425923752, 0.07244192917092022, 0.07482629660293282, 0.08333333333333333, 0.07202971163384242, 0.08027473132663397, 0.0749742052260809, 0.0722308664013037, 0.08292256144875901, 0.07404502657170027, 0.0820429777424091, 0.0734067611240702], [0.07624751170279197, 0.08117844543918087, 0.07244085557405061, 0.07491560477895635, 0.08333333333333333, 0.07205515873498589, 0.08016783064071203, 0.07510645427191372, 0.07224921528597285, 0.08259990743680139, 0.07414721744162103, 0.08213794420159143, 0.0734205211580885], [0.07623825482697554, 0.08112835951261509, 0.07249189261297083, 0.07503922321037297, 0.08308916038720475, 0.07213492784079721, 0.08004959791790689, 0.07527207396722924, 0.07232068002996796, 0.08227580521673512, 0.07428925817644282, 0.08219124353101462, 0.073479522769767], [0.07620297743734702, 0.08115046271019709, 0.07241894185532415, 0.07509718585810518, 0.08333333333333333, 0.07207983232635849, 0.0799899993592548, 0.07536960499300391, 0.07226269159977759, 0.08194891442493606, 0.07434367547638714, 0.08236233938257428, 0.073440041243401], [0.07622732048730063, 0.08112292566433361, 0.07245373893941343, 0.07527554727575099, 0.08293494504688617, 0.07214536516555112, 0.07991468546286544, 0.07560145058334747, 0.072321198335766, 0.08152690042282923, 0.07452972689736592, 0.0824403644341603, 0.07350583128442989], [0.07622635387086692, 0.08106795792431451, 0.07239345470912473, 0.0754018472428128, 0.08333333333333333, 0.0721098000991401, 0.07982630554015609, 0.07578216693056689, 0.0722818852364897, 0.0810678448863267, 0.07464986619642953, 0.08236528391546645, 0.07349390011497213], [0.07634289466848737, 0.08091752589305866, 0.07247348693533764, 0.07557459343166058, 0.08313928216850505, 0.07221886524166647, 0.07969733627919624, 0.07599967662480125, 0.07238322339561563, 0.08071103609563644, 0.0748381731934394, 0.08211500460960296, 0.07358890146299228], [0.07648391512852916, 0.08092499691426279, 0.07245441659867535, 0.07571596261101655, 0.0830483454882317, 0.0722082011217801, 0.07971325927629119, 0.07616978511467778, 0.0723740468511254, 0.08036895489681983, 0.07495799550811397, 0.08196102961404621, 0.07361909087643015], [0.07659240649153094, 0.08092177417311351, 0.07243736373051256, 0.07581666891830019, 0.08306306255739085, 0.07219397106762968, 0.07973164254365131, 0.07628649536900618, 0.07236213188006413, 0.0801135888383816, 0.0750384442105685, 0.08180228326754506, 0.07364016695230552], [0.07671947161266118, 0.08099817326073998, 0.07237440705455556, 0.07590036351536775, 0.08318006257602696, 0.07212102935998335, 0.07983112003855719, 0.07637156657364731, 0.07229692417386564, 0.07983040787468042, 0.07508012074675909, 0.08166365606707045, 0.07363269714608513], [0.07680968562650833, 0.08116989788419926, 0.07230777074264286, 0.07592776335898277, 0.08310817261260413, 0.07203461552812877, 0.08002412232688172, 0.07637985883328194, 0.07222032447982579, 0.07966081978767751, 0.07506355423692218, 0.0816833074762397, 0.07361010710610512], [0.07695432028943569, 0.08135916669176846, 0.07227156266854216, 0.07599133174167125, 0.0828644596589586, 0.07197316878882944, 0.08027983424573308, 0.07641175837317009, 0.07217098953542962, 0.07941189918431517, 0.0750734453351145, 0.08161354400099845, 0.07362451948603357], [0.07702140323844997, 0.08162753294254298, 0.07213607158504912, 0.07592797091554174, 0.08333333333333334, 0.07179207979592546, 0.08061212866141965, 0.07628577924371062, 0.07200860163804185, 0.0792167656459831, 0.0749382953900116, 0.08155625300653105, 0.0735437846034596], [0.07679035644451301, 0.0816708147258857, 0.07252916117954689, 0.07471305861861462, 0.08167807701113868, 0.07198183812031561, 0.0812419996064274, 0.0746624520483985, 0.07222701385512462, 0.08333333333333334, 0.07381683421883307, 0.0818408807633395, 0.07351418007452917], [0.07669789008339778, 0.08152812493787549, 0.07255002653483093, 0.07474957132295378, 0.08201751117765733, 0.07203087573915505, 0.08104230744797156, 0.07473717400263148, 0.07226612102959866, 0.08302274074317767, 0.07388169543845648, 0.08195456350861577, 0.07352139803367796], [0.07662153382643558, 0.08146783146815895, 0.07252656405479382, 0.07474003678931715, 0.08220562808460459, 0.07202178511019373, 0.08091361265888929, 0.07474896492757625, 0.07225209074322586, 0.08313935428643619, 0.07388597228640913, 0.08198389193230082, 0.07349273383165876], [0.07648613661464532, 0.08140450351558681, 0.07247364162391674, 0.07475234936967684, 0.08260533361971434, 0.07200073957933278, 0.0806905894921736, 0.07481107681831417, 0.07222110577820659, 0.08311615812807335, 0.07392218493246502, 0.08207531374561873, 0.0734408667822757], [0.07659020512612681, 0.08148953147412032, 0.07249177518238155, 0.07473661081528052, 0.08228351851334466, 0.07199279250888792, 0.08088698547872218, 0.07475740814974276, 0.07222179980151072, 0.0831595613989879, 0.07388333234332523, 0.08204182410727631, 0.07346465510029306], [0.07638471934779477, 0.0812861009306283, 0.07245893156255158, 0.0747645636012209, 0.08290727300978509, 0.072010923926905, 0.0804914923530745, 0.07485849379265823, 0.07222292564701618, 0.08320134740260596, 0.07395761024233526, 0.08203640090621153, 0.07341921727721266], [0.07633239742664463, 0.0811590903937955, 0.07249963329340842, 0.07479599082814833, 0.08307508673467624, 0.07207062121029005, 0.08033749449363406, 0.07491141589601212, 0.07227550195359578, 0.08315067118567313, 0.07401190811315239, 0.0819351365687799, 0.07344505190218956], [0.076278336499108, 0.08115565780875883, 0.07246637976397798, 0.07484385934274172, 0.08327574348554677, 0.07205916762109821, 0.08024009418687088, 0.07499638951258647, 0.07225834655032905, 0.082913366611033, 0.07406931964392229, 0.08201737686766311, 0.0734259621063637], [0.07623575951224236, 0.08101721677489768, 0.07253351430945693, 0.07492333152089638, 0.08333333333333333, 0.07215390813909275, 0.08006553131596333, 0.07510900431212959, 0.07234351911532405, 0.08269154890709626, 0.074177120757953, 0.08193515902613571, 0.07348105297547859], [0.07622040800267878, 0.08099093674166473, 0.07256357449022104, 0.0750455200900815, 0.08315595900814181, 0.07221357782027053, 0.07995622002534593, 0.07527703465869838, 0.07239508943270334, 0.08232221344916184, 0.07431527283931975, 0.08201898207547433, 0.07352521136623796], [0.07619365868034421, 0.08101919178709097, 0.07250541065650275, 0.07509130740761537, 0.08333333333333334, 0.07216944353104296, 0.07991404464969513, 0.07535413160998998, 0.07234870844428837, 0.08205903967811487, 0.07435815145312492, 0.08215981642962444, 0.07349376233923281], [0.07620336554011416, 0.08102935398783825, 0.07251164021310681, 0.07518707013087256, 0.08312596636676123, 0.07219292458311487, 0.07987975630023554, 0.07548137806256842, 0.07236847183901805, 0.08178443181135477, 0.07445670276462542, 0.08225853841295348, 0.07352039998743641], [0.07620475391421201, 0.08100448846178034, 0.0725150628945393, 0.07528086575154268, 0.08304316516241886, 0.07221467003631714, 0.07982623815681551, 0.0756083254843224, 0.07238614426343949, 0.08152967570400026, 0.07455454854169184, 0.08228822444681777, 0.0735438371821023], [0.07619525254164962, 0.0809703441498369, 0.0725063850041122, 0.07532905662421664, 0.08314864588937407, 0.0722172424485625, 0.07977974462761175, 0.07567749098784157, 0.07238624623039162, 0.08136938240489314, 0.07460519582645135, 0.08226719111423873, 0.07354782215082], [0.07618405532237393, 0.08090644395422113, 0.07249999489723905, 0.07539686765529531, 0.08333333333333334, 0.07222664318417833, 0.079706857256524, 0.07577398674986029, 0.07239203726643925, 0.08114834746974463, 0.07467755525105475, 0.08219653598084657, 0.07355734167888954], [0.07626528867931959, 0.08090971501787436, 0.07250503673868543, 0.07549190658604261, 0.08311746526781709, 0.0722424638359563, 0.07969897338049663, 0.07589283931486929, 0.07240651097298677, 0.08094397455599024, 0.07476787451756203, 0.082171306185943, 0.07358664494645697], [0.07639370165879691, 0.08069349688955087, 0.07258669835306092, 0.07569470377238635, 0.08308541284065524, 0.07236188580987431, 0.07951212307319604, 0.07615493662298137, 0.0725158955535491, 0.08048157340242738, 0.07499159842622717, 0.08183998221250456, 0.07368799138478987], [0.07650997185560839, 0.08071482252002044, 0.07255521886852517, 0.07580632494413975, 0.08301543021370825, 0.07233528781974762, 0.07953759906211912, 0.0762901643163816, 0.07249153343130589, 0.08021628337597578, 0.07508135971142384, 0.08174431872235902, 0.0737016851586852], [0.07635655496530784, 0.08099189067179378, 0.07243276490215672, 0.07556717574436594, 0.0831363593330559, 0.07217092093970401, 0.07975896562242048, 0.07598792389272686, 0.07233876054328855, 0.08070458050190406, 0.07481594957590561, 0.08217473932214317, 0.07356341398522721], [0.07659967502504353, 0.08067691840669415, 0.07255403616307142, 0.07590226577745095, 0.083008651870116, 0.0723412774073056, 0.07951945328446652, 0.07640605612729731, 0.07249769866530889, 0.07999292515633245, 0.07517043681055396, 0.0816015487828364, 0.07372905652352274], [0.07673125605556243, 0.08069129573812364, 0.07249801178736287, 0.07601126500589907, 0.08318447285254034, 0.07228370134039194, 0.07958203235469014, 0.07653147315550238, 0.07244530908075869, 0.07967223449068953, 0.0752409383555826, 0.08139877402199508, 0.07372923576090146], [0.07681345792403396, 0.08081874633843376, 0.07246602479086682, 0.07605184263361553, 0.08296509461372632, 0.07223880889616825, 0.07972418076674659, 0.07656130834263802, 0.07240711489561716, 0.07956622948083832, 0.07525037540435554, 0.08140743023472831, 0.07372938567823163], [0.07689769630130273, 0.08097621187219833, 0.07233477129889834, 0.07606020456065951, 0.08333333333333334, 0.07208434840938407, 0.07991937975190679, 0.07655211184147627, 0.07226491743535535, 0.07932842034921905, 0.07520178757098103, 0.08138778998857514, 0.07365902728671021], [0.07705323900321687, 0.08103723896146359, 0.0723340383272734, 0.07616816001996346, 0.0830983196722689, 0.07207165508042501, 0.08007504676975116, 0.07664726944447377, 0.07225979810956006, 0.07904199299891361, 0.07527004192325534, 0.08123981697431078, 0.07370338271512411], [0.07709390852084447, 0.081314724503511, 0.0722600949289739, 0.07610102693457184, 0.08301798286275974, 0.07195767290467316, 0.08036393980388658, 0.07652016216810306, 0.07216057726158541, 0.07905310889221148, 0.07515081136930524, 0.08134818515926424, 0.07365780469030975], [0.07679914541610791, 0.08152097338454392, 0.07264385588109626, 0.07474152968725767, 0.08171716292236986, 0.07210146700219064, 0.08112853456414945, 0.07468565440678594, 0.07234254869453043, 0.08313659389407463, 0.07386668093602697, 0.08171949564449181, 0.07359635756637453], [0.07662367400309847, 0.08132095533763434, 0.07261570021031287, 0.07475011174555163, 0.08220115908687127, 0.07211336022353612, 0.08082052683605977, 0.07475150142405489, 0.07234067123292219, 0.08316348015596536, 0.07391332809705915, 0.08183208209535882, 0.07355344955157532], [0.0766986239081666, 0.08138973728830574, 0.07264189206465846, 0.07476109661335423, 0.08202981837743029, 0.07212573038298602, 0.08094100582270912, 0.0747419102492622, 0.0723577400416839, 0.08300630009953192, 0.07391141997889092, 0.08181074758390255, 0.07358397758911807], [0.07655247268058131, 0.08135917303420594, 0.0725301669854223, 0.07472904060902633, 0.08236153206960095, 0.07203815191910755, 0.08076916154034765, 0.0747532911906345, 0.0722633571070607, 0.08333333333333333, 0.07389228656221422, 0.0819354027411208, 0.07348263022734446], [0.0765320364316371, 0.08122131149729943, 0.07262247534895715, 0.07476816768256497, 0.08246248580223305, 0.07214440254482858, 0.08063045124627162, 0.07480161710587815, 0.07236314176527071, 0.08312208770122553, 0.07395637878560452, 0.08182724824776705, 0.07354819584046217], [0.07641395619074808, 0.08115949592135345, 0.07255649154911106, 0.07476239029486667, 0.08275417353985431, 0.07210272286681449, 0.08045734944893217, 0.07483522862663161, 0.07231417210800622, 0.08333333333333333, 0.07396711560285636, 0.08185682731888698, 0.07348674319860528], [0.07649773351376588, 0.08127047680449877, 0.07256782469164502, 0.07476663854687901, 0.08257859534812048, 0.07209649123113138, 0.0806181695585868, 0.07481599814229771, 0.07231417546268923, 0.08309771234215767, 0.0739527348655959, 0.08191632506694095, 0.07350712442569132], [0.07633856496060694, 0.08104625992098367, 0.07257220159808245, 0.07479599768047379, 0.08293277201972107, 0.07214282230338531, 0.08028166168548331, 0.0749005898319336, 0.07234591369023351, 0.08333333333333333, 0.0740246204482724, 0.08179186805496809, 0.07349339447252246], [0.07630847343309445, 0.08098501796387421, 0.07259970533620817, 0.07483524100765421, 0.08305376418190966, 0.07218599739731948, 0.08018614187403351, 0.07495944021911409, 0.07238376297548545, 0.08315662324280042, 0.07407898224293336, 0.08175134896342884, 0.07351550116214403], [0.07628237461980857, 0.08097033804496191, 0.07259614409831919, 0.07486700682833307, 0.08313238206822439, 0.0721951267090727, 0.08012781330836212, 0.07501081872897623, 0.07238926824940546, 0.0830087206327048, 0.07411840002772199, 0.08178529462629562, 0.0735163120578138], [0.07625832428023765, 0.08088647034489205, 0.07265310463578308, 0.0749409732127364, 0.0831080143623349, 0.07227435713985023, 0.0800066243640139, 0.07511185083015105, 0.07246098773946878, 0.0827707908770539, 0.07421370498824079, 0.08174865505941112, 0.07356614216582612], [0.07622260582230365, 0.08087568355837392, 0.07264299683025835, 0.07502932785531054, 0.08316040860594134, 0.07229087434876236, 0.07990746370574091, 0.07524432726172689, 0.07247060600168526, 0.08244327356390181, 0.074313869721282, 0.08182474080715779, 0.07357382191755515], [0.07619415482831642, 0.0808658690978786, 0.07261400546700447, 0.07505497850125661, 0.08333333333333333, 0.07227306856139719, 0.07985721427802185, 0.0752909865756348, 0.07245024486911053, 0.08228404191020879, 0.07434237418088363, 0.08188307423321249, 0.07355665416374124], [0.07619812151435489, 0.08088484474345851, 0.07261232446815662, 0.07508824885072797, 0.08322290268847535, 0.07227733700277449, 0.07985088075878928, 0.07533570299987964, 0.07245333499914769, 0.08219608938204666, 0.0743758692183016, 0.08194094309349742, 0.07356340028039007], [0.07618792317937612, 0.08087061253706437, 0.07261265234188224, 0.07516993346773639, 0.0831669786588656, 0.07229671286724616, 0.07978361786527685, 0.07545027918671796, 0.07246810936054553, 0.08193373836781138, 0.0744641357122135, 0.08201499921784176, 0.07358030723742204], [0.07616604830150824, 0.08086076060556326, 0.07257592417284509, 0.07522841537727269, 0.08333333333333333, 0.07227571468040025, 0.07973385653524732, 0.07554065468871984, 0.0724440509138912, 0.08167438231786038, 0.07452332967246882, 0.08207701416312843, 0.07356651523776114], [0.0761827620247458, 0.0808442351868139, 0.07260448059576453, 0.07531885594658058, 0.08310754626178511, 0.07231925194985224, 0.0796997003432645, 0.0756559775444341, 0.07248396065339664, 0.08146487609130713, 0.07461914247195069, 0.08209158825090619, 0.07360762267919876], [0.07619519793991243, 0.08072365183461215, 0.07264412407597322, 0.07545913110880668, 0.08312926095351966, 0.07238914242672145, 0.07956916354513968, 0.07584438817402213, 0.07254585261312829, 0.08108802423450812, 0.07477550303405829, 0.08197230731859874, 0.07366425274099897], [0.07625272598440398, 0.08060559955717783, 0.07264810679995555, 0.07556144181128202, 0.08333333333333334, 0.07241722090965044, 0.07944922237680191, 0.07598842949546857, 0.07256805096913978, 0.08077584351509896, 0.07488785192529067, 0.08182441449037775, 0.07368775883201927], [0.0763899337216491, 0.08063196487642599, 0.07264103771078925, 0.0757102567620561, 0.08297342136504746, 0.07242272139662194, 0.0794639293293208, 0.0761722815615602, 0.07257339087657275, 0.08048676270717332, 0.07502374328953303, 0.0817846061971537, 0.07372595020609643], [0.07632613147886057, 0.08074161797494218, 0.07259564552353727, 0.07560867872232996, 0.0830152564251868, 0.07235849076421455, 0.07955743729013529, 0.07604174517335961, 0.07251427216082358, 0.08071079272940682, 0.0749089438370027, 0.08194892115730666, 0.07367206676289406], [0.07623618685176843, 0.08074396970515886, 0.07261155497970126, 0.07550399090855918, 0.08312555978155138, 0.07236207262402469, 0.0795721096085264, 0.07590661059389202, 0.07251892530107386, 0.08095943257843355, 0.07481252880184719, 0.08199260315609787, 0.07365445510936529], [0.07616685224978685, 0.08083466644238624, 0.07255989787774389, 0.07536252981396381, 0.08333333333333334, 0.07228538457100588, 0.07966541258320115, 0.07572500430790464, 0.07244864558739644, 0.081265410251554, 0.0746592106372999, 0.08210722298722423, 0.07358642935719972], [0.0763005836733054, 0.08072924818997969, 0.07259875214379063, 0.0755830555521085, 0.08309159730713281, 0.07236011086942418, 0.07954834056327106, 0.07601072874918875, 0.0725156263749799, 0.08075985651071214, 0.07488707479522921, 0.08194866626070273, 0.07366635901017504], [0.07630527267348097, 0.0809004613848964, 0.07250631348830618, 0.07553969963799591, 0.08306335839272605, 0.07224950324828427, 0.0796877383544663, 0.07595322188384789, 0.07241278715128782, 0.08083248571673393, 0.07481347558541283, 0.08213535799048828, 0.07360032449207311], [0.07645377174654687, 0.0806290053479051, 0.07261086480358608, 0.0757766044116089, 0.08303051503828622, 0.07239801687473532, 0.07946033763953504, 0.07625805087653277, 0.07254939579865091, 0.0803052511277892, 0.07508247068589535, 0.0817208060932366, 0.07372490955569172], [0.0765426915639352, 0.0806115890882779, 0.07261586016315356, 0.0758719728976044, 0.08290076876133434, 0.07240996818310402, 0.07945467131841356, 0.0763725663741835, 0.07256140651818016, 0.08010939033187932, 0.07517296443560592, 0.08161981497319395, 0.07375633539113419], [0.07663530652284586, 0.08058820919401978, 0.07258680628438452, 0.07596255183904965, 0.08300876367482547, 0.07238542882129378, 0.07944968913249661, 0.07648326887097955, 0.07253859447294782, 0.07986836150435024, 0.07524791565636328, 0.08148040084377067, 0.0737647031826727], [0.0767078973971455, 0.08056013364590704, 0.07256711443778475, 0.07603193633105837, 0.08309861712035502, 0.0723683873095107, 0.07946293129702904, 0.07656621695463378, 0.0725231086241477, 0.07968162238840767, 0.07530354743237619, 0.08135518442017953, 0.07377330264146463], [0.07683467174683806, 0.08069482196820325, 0.07251679807710401, 0.07611303889838797, 0.08294968811055699, 0.07230594426046331, 0.07963023096924968, 0.07664462667243876, 0.0724687235585754, 0.07946436210439117, 0.0753293377016851, 0.08127358751571043, 0.07377416841639586], [0.07695529606364784, 0.0807885979820815, 0.0724320648017837, 0.07617974283536787, 0.08310863842764217, 0.07220709994970496, 0.07978457848976386, 0.0767064495663267, 0.07237924262278703, 0.07917180846363896, 0.07534726550103575, 0.08119042462278879, 0.07374879067343083], [0.07705285296624188, 0.08087463657633916, 0.07240078701620886, 0.07622892154570461, 0.0830230438958262, 0.07216143773650481, 0.07992364859989862, 0.07674012540336825, 0.07234111911118997, 0.07900111540997876, 0.07536067416018534, 0.08113782479047724, 0.07375381278807637], [0.07713896811283555, 0.0810129962118599, 0.07230248946547195, 0.07622660997777497, 0.08333333333333333, 0.07203458475062127, 0.08013316173492958, 0.07670254787095608, 0.07222737311751636, 0.07880238890549418, 0.07530175214311069, 0.0810775760959973, 0.07370621828009881], [0.07718171125242697, 0.08135785571224792, 0.07225078122529857, 0.07614164498323853, 0.08301149712988193, 0.07193418225354455, 0.08049069634873066, 0.07653880343193663, 0.07214381578180813, 0.07888115474553807, 0.07516153403278569, 0.08123063358311104, 0.07367568951945125], [0.07616975845134531, 0.08073878152785353, 0.0726505706788095, 0.07538894595538416, 0.08315652003660046, 0.07238349131504555, 0.0795998637284284, 0.07574969284412289, 0.07254241652457574, 0.08128217701808213, 0.07470549215409719, 0.08198053921990231, 0.07365175054575296], [0.07616848089226451, 0.08074831026251209, 0.07266646872723857, 0.07529399268012342, 0.08315945923412414, 0.07238142970701604, 0.07964175387097905, 0.0756186325934893, 0.07254374264097196, 0.0815786082894615, 0.07461024166470068, 0.08194836649404846, 0.07364051294307027], [0.07616263196801484, 0.08075422384960833, 0.07265931051511453, 0.0751892489648823, 0.08333333333333333, 0.07235429151109707, 0.07968592413380524, 0.07547790138932306, 0.0725210685797172, 0.08186272150437263, 0.07450076246196548, 0.08188690709264805, 0.07361167469611782], [0.07618281610772923, 0.080752075882608, 0.07269458899620504, 0.07516671446507597, 0.08317152878994505, 0.07238126328021662, 0.07971771206663358, 0.07543709494924465, 0.07254946996062445, 0.08199789590377483, 0.07447905535544906, 0.08183741230603842, 0.07363237193645522], [0.07620047380368733, 0.08075727774582948, 0.07270927572662933, 0.07510001670121313, 0.0831639604939739, 0.0723784467542658, 0.07977749512412356, 0.07533893340043482, 0.07255071749488254, 0.08222886440200089, 0.07440734595748788, 0.08175757198920942, 0.07362962040626195], [0.07625141534946868, 0.08078095532870487, 0.07274223671782326, 0.07501907925550987, 0.08297556556373693, 0.07238338269743341, 0.07989106776410541, 0.07520957832428114, 0.07256264307746645, 0.08256967489608741, 0.07431543260172853, 0.08165857324691947, 0.07364039517673455], [0.07625661370598222, 0.08078829798095388, 0.07271899150210166, 0.07495474214783761, 0.08314013961888397, 0.07234474523589152, 0.07994090562291888, 0.07512267578805254, 0.0725283957004802, 0.08272248495671733, 0.07424167026918994, 0.08162834044668445, 0.07361199702430593], [0.0764067719543114, 0.0810735165165341, 0.07239808112793673, 0.07559559538226955, 0.08304874499150347, 0.07213047645359187, 0.07983105428965795, 0.07601650789047999, 0.07230213057953282, 0.0806236445324058, 0.07482516322359196, 0.08219498001308258, 0.07355333304510168], [0.07655955699851386, 0.08083601675451717, 0.0724945877190437, 0.07581639693774546, 0.08297071580768295, 0.07226176059395983, 0.07964960546911545, 0.07629273111535377, 0.07242455821871786, 0.08016802657904182, 0.07506212155056122, 0.08179187826622276, 0.07367204398952412], [0.07666673567879644, 0.08074772216616173, 0.07245978062276409, 0.07592908684030901, 0.08333333333333331, 0.07223609955448483, 0.07959910777643779, 0.0764338029129996, 0.0723997647862921, 0.07982160481381018, 0.07515674569853997, 0.08153477698345968, 0.07368143883261105], [0.07626164825606947, 0.0808323015997863, 0.07266442615644961, 0.07488189698301517, 0.08333333333333334, 0.07227240429930945, 0.08001804759987079, 0.07502816557241197, 0.07246190219606054, 0.0828953561472208, 0.07415283889114078, 0.08163635444362494, 0.07356132452170702], [0.07630417813136728, 0.08087876230774578, 0.07266813744181772, 0.07485248018459319, 0.08313578748265424, 0.07226013253285005, 0.08010919217846764, 0.07497549633189453, 0.0724545028375661, 0.08305415276473574, 0.07411161931823684, 0.08163217822736618, 0.07356338026070464], [0.07636592142178772, 0.08094228144413332, 0.07267695339462885, 0.0748241771009585, 0.08288644829753415, 0.0722489195317313, 0.08023237184347673, 0.07491832569904462, 0.07244953656898254, 0.08315790644780276, 0.07406773183839772, 0.08165760927265646, 0.07357181713886526], [0.07642674018017784, 0.08098558173907247, 0.0726871596265899, 0.07479275104565145, 0.08263068875824199, 0.07223862730092874, 0.08034811315228307, 0.07485681224358076, 0.07244555444067033, 0.08333333333333334, 0.07402115904593892, 0.08165294833049987, 0.07358053080303137], [0.07651305344114706, 0.08105138614098192, 0.07272532913545003, 0.074798298832966, 0.08246735051497232, 0.07225905457225106, 0.08048257819391241, 0.07483545749652444, 0.07247159517094441, 0.08309938028073761, 0.07401263767776994, 0.08166477450013335, 0.0736191040422094], [0.07655410114323517, 0.08109584034660212, 0.07273364791230254, 0.07480067152656453, 0.08239515943798194, 0.07225881405757373, 0.08055610656231746, 0.07482615277140545, 0.07247432797937466, 0.08298541050134502, 0.07400646760482975, 0.0816823056134437, 0.07363099454302391], [0.07660173606093516, 0.08115132407491522, 0.07272324493339695, 0.07478446920985403, 0.0822661712755158, 0.07223413702098985, 0.08066050060167704, 0.0747917067029089, 0.0724546971292666, 0.08303725439833334, 0.0739755526264382, 0.08169143489907403, 0.0736277710666948], [0.07666025530042833, 0.08120178128634241, 0.07272867902968079, 0.07477930217394416, 0.08212054725684184, 0.07222550969478751, 0.08076856505468197, 0.07476730195336477, 0.07245093867229592, 0.08301643614938405, 0.07395665949314419, 0.08168514469003225, 0.0736388792450716], [0.07673918392658582, 0.08126773583797295, 0.0727563249155186, 0.0747654114456414, 0.08187892143407698, 0.07223279641507571, 0.08088769673570172, 0.07472217620596898, 0.07246458416552778, 0.08309498451303862, 0.07392788757359273, 0.08159639526866441, 0.07366590156263426], [0.076805020719429, 0.08134900945654433, 0.07274268210886223, 0.07473459025875626, 0.08164470774624769, 0.07219774537615672, 0.08103586546840627, 0.07466245371689618, 0.07243691999421478, 0.08333333333333333, 0.07387681642134354, 0.08152024561429926, 0.07366060978551021], [0.07674581983585624, 0.08136717392856364, 0.07269550958414564, 0.07475359964276802, 0.08186787439642296, 0.07216763410104321, 0.08096720711930934, 0.07471149417830006, 0.07240231378273157, 0.08311493217132919, 0.07390226625788564, 0.0816795576239859, 0.07362461737765855], [0.07644571966308247, 0.08072289971383072, 0.07254684169897284, 0.07573833288703849, 0.08313887078841625, 0.07232239519231819, 0.07953707832605744, 0.07621000383976628, 0.0724785672416801, 0.08034949147541119, 0.07501983022447235, 0.081814199706189, 0.07367576924276477], [0.076385862480204, 0.08085315732596432, 0.07246330956209139, 0.07563541375271027, 0.08333333333333333, 0.072219609516032, 0.07964031207416818, 0.07608291158159336, 0.07238203151080126, 0.08051855501786329, 0.07489845060515127, 0.08199077714508946, 0.07359627609499785], [0.07665589706775996, 0.08103550122246089, 0.07238619142148571, 0.07583540263072984, 0.08305535916883094, 0.07212834891137418, 0.07985128390846917, 0.0762933643157059, 0.07230366210711672, 0.08002673809169343, 0.07502542049134273, 0.08178166755054629, 0.07362116311248441], [0.07653435517214793, 0.08102940573762624, 0.0724295341133983, 0.07573566214031342, 0.08286059770248583, 0.07217312873973054, 0.07981259573559099, 0.07618096439606466, 0.07234388169549193, 0.0803340267475795, 0.07495633548764043, 0.08199425319958903, 0.07361525913234125], [0.07621969114769388, 0.08109078730003492, 0.07242099069778085, 0.0753550228447064, 0.08314222692165504, 0.0721285499609575, 0.07985912312286723, 0.07571486956520972, 0.0723017460618963, 0.08124588942848497, 0.07460670262595753, 0.08241282414618915, 0.07350157617656648], [0.0763370135792567, 0.08109418275127833, 0.07240494237979922, 0.07551838012628734, 0.08302038393679598, 0.07212973872268438, 0.07984650531140111, 0.07592036098297193, 0.07230175895304995, 0.08082820847130474, 0.07475546825602948, 0.08230685870049816, 0.07353619782864253], [0.07671852244345968, 0.0811097976727599, 0.07230648393417821, 0.07585944547457436, 0.08333333333333334, 0.0720383712192886, 0.07992736598919077, 0.0763146082771893, 0.07222028480179042, 0.0798296439893378, 0.0750161911526058, 0.08174336699237852, 0.0735825847199134], [0.07685892331110955, 0.08132585240743256, 0.07227492204106013, 0.07592330821501345, 0.08294228786988314, 0.07198265742021903, 0.08018441359412018, 0.07634967895255702, 0.072176121358853, 0.0796171353628992, 0.07502910266099098, 0.0817364876981618, 0.0735991091076999], [0.0772962719601705, 0.08114195752110828, 0.07231971145962228, 0.07629492157313338, 0.0829328823657692, 0.07202306525149105, 0.08038417139482244, 0.07672219493782687, 0.0722280328031836, 0.0786063013479851, 0.07531946120015122, 0.08096985999419452, 0.0737611681905415], [0.07723382171472597, 0.08096852619503077, 0.07233702153332501, 0.07631273287934064, 0.08316100014795552, 0.07206924795161213, 0.0801640187252893, 0.07678801100156564, 0.07226361177181226, 0.07862809052323719, 0.07537518589567462, 0.08093976992754888, 0.07375896173288214], [0.07661783108662108, 0.0824433484721573, 0.07212593060033208, 0.07495741155056834, 0.08167859029673079, 0.07166139306303945, 0.08114133011335567, 0.07508735163116398, 0.07189395855668439, 0.0818888736509346, 0.07402964164347957, 0.08319627300581155, 0.07327806632912129], [0.0765358909658071, 0.08220001051021913, 0.07215172800690563, 0.07489411400742335, 0.08199964578362715, 0.07169259287364671, 0.08099887163790105, 0.07502436217583829, 0.07192062398533362, 0.08219974259747442, 0.07399089565515365, 0.08312255270966427, 0.07326896909100566], [0.07647653591194485, 0.08206491702803183, 0.07217128305349982, 0.07492655203299245, 0.0821584918486989, 0.07173185889356204, 0.08083758116617203, 0.0750842117834452, 0.07195304819878683, 0.08223228920979943, 0.07404354071014577, 0.08303962295003037, 0.07328006721289042], [0.07641874066963861, 0.08190585413825659, 0.07219884823488211, 0.07493859955301274, 0.08234895913096997, 0.07177496783371165, 0.08068931149216552, 0.07511502333780488, 0.07199005917069304, 0.08229337019172947, 0.07407660760682007, 0.08295740507941995, 0.0732922535608955], [0.07638300273372745, 0.08183866953378093, 0.07219717672182728, 0.07502218548441397, 0.08242883977266842, 0.07179768120134809, 0.0805616667204442, 0.07523903718523747, 0.07200629213273432, 0.0820445241929782, 0.07417163803070298, 0.08300483275251282, 0.07330445353762394], [0.07637743981400659, 0.08183307225524988, 0.07217452142555755, 0.07509785215916301, 0.08236453883266366, 0.0717904457086287, 0.08051226316992025, 0.07534515338199703, 0.07199620370992448, 0.08176926484968464, 0.07424596121790712, 0.08318748362624824, 0.0733057998490486], [0.07647238892159516, 0.08201010726553945, 0.07215206745205105, 0.07520128560910382, 0.08215710825584475, 0.07176658575344519, 0.0806376383595015, 0.07545767184144465, 0.0719764453952042, 0.08142824363647638, 0.07432203031830276, 0.08309055293510946, 0.07332787425638168], [0.07662115614446634, 0.08241561466734015, 0.07207036818902625, 0.07518410563910859, 0.08172352001631004, 0.07164751477909394, 0.08098669149825702, 0.07539499512913617, 0.07187284487149213, 0.08120945947958337, 0.07424752631046402, 0.08333333333333333, 0.07329286994238866], [0.07669170119475828, 0.08268877548371958, 0.07205717493503382, 0.07507760481656173, 0.08150306187848373, 0.07159887147813569, 0.0812385698675383, 0.0752314856662134, 0.07183453899491586, 0.08135538895546106, 0.07411844125555887, 0.08333333333333331, 0.07327105214028616], [0.07671448419392482, 0.0826859135364155, 0.07211897118749529, 0.07503979854998095, 0.08136177442799562, 0.07164999623303704, 0.08129186109619978, 0.07516888668627661, 0.07188680987395368, 0.08156506482774639, 0.074087892130896, 0.08312266081715049, 0.0733058864389278], [0.0765895998190336, 0.08242854685383226, 0.07209992973007143, 0.07501399296607358, 0.08167656570862016, 0.07165196515734523, 0.08105905324383765, 0.07517445753484105, 0.07188077206264766, 0.0817332140487185, 0.0740890433702195, 0.08333333333333334, 0.07326952617142615], [0.0765555274101694, 0.08232534036631592, 0.0721126439435383, 0.07494272496752281, 0.08181717480262184, 0.07165821154512886, 0.08102693557914067, 0.07508774744541243, 0.0718869814614058, 0.08196874562276771, 0.07402750064591349, 0.08333333333333333, 0.07325713287672947], [0.07646642152806477, 0.08212334024971571, 0.07212039126424233, 0.07501047236328656, 0.08205705834001145, 0.07169862423036205, 0.08079108538241872, 0.07520548174629618, 0.07191713090855452, 0.08189113737111003, 0.07412142857422821, 0.08333333333333333, 0.07326409470837615], [0.07654873244598306, 0.08223634803848655, 0.07214885974536492, 0.07514099174737135, 0.08187264162061263, 0.0717354053710363, 0.08085038301786886, 0.07535357264644603, 0.07195386790064189, 0.08156697317645148, 0.07423999178325917, 0.08302898702756374, 0.07332324547891392], [0.07653489720886994, 0.0822487110707993, 0.07213434271597857, 0.07507938702821103, 0.0818840893445066, 0.07171161519795237, 0.08087788189770131, 0.07527624958076755, 0.07193209219656406, 0.08170353074229458, 0.07417743465448218, 0.0831415617489299, 0.07329820661294252], [0.07661647112897474, 0.08242103991323647, 0.07212154358487025, 0.07513556399297087, 0.08165723606035456, 0.07169187356309001, 0.08100693898414997, 0.0753275901799105, 0.07191689455598382, 0.08146564900713281, 0.07421094004275355, 0.08311399615528937, 0.07331426283128321], [0.07647377201757673, 0.08211013504159972, 0.0721444343289854, 0.07497928640455431, 0.08207302890296046, 0.0717155156497749, 0.08081252745766962, 0.0751589384178217, 0.07193509515288041, 0.08202995057746426, 0.07409274370813729, 0.08320074229352702, 0.07327383004704803], [0.0764215507546955, 0.08195200154294596, 0.07216596531806814, 0.07507875872365223, 0.08224862146702086, 0.0717683705981841, 0.080623714983997, 0.07530695409739022, 0.07197875262332946, 0.08181482776406823, 0.07421301547355555, 0.08312521115979449, 0.07330225549329826], [0.07647010193514285, 0.08204358529941387, 0.07215107218013413, 0.07515134310319652, 0.08210247850303265, 0.07175656059434748, 0.08067655540091324, 0.0753913580355704, 0.07196831063095771, 0.08156929599585118, 0.07427142617406163, 0.08313219598343113, 0.07331571616394718], [0.0765859922313477, 0.08227123983507477, 0.07210762327890971, 0.07522621044182232, 0.08184295897774582, 0.07170119354823881, 0.08086230169873268, 0.075459468930075, 0.07192068341160704, 0.0812161104234566, 0.07430777600375292, 0.08317728889689888, 0.07332115232233785], [0.07653065685462082, 0.08207591341435655, 0.07215684441658517, 0.07526804403361642, 0.08205573344256821, 0.0717715205330336, 0.08069334201239532, 0.07552882540094663, 0.07198312907477389, 0.08124091219976105, 0.07437584508350871, 0.0829649606207606, 0.07335427291307303], [0.0764145465636296, 0.08194799918985923, 0.0721673862325573, 0.07500870390698096, 0.08228649871897072, 0.07175763792958967, 0.08065507185293741, 0.07521429278765059, 0.07197041589364285, 0.0820207731898605, 0.07414317416557194, 0.08312682808079117, 0.07328667148795807], [0.0763889723715254, 0.08186854367544563, 0.0721480413527008, 0.0751312007461193, 0.08229025451036079, 0.0717671485532215, 0.08052431088786524, 0.0753891041809417, 0.07197341765204761, 0.08161660215217167, 0.0742713055220433, 0.08333333333333334, 0.07329776506222384], [0.07642442485704228, 0.08187654847578736, 0.07216134166484549, 0.07521896800419108, 0.08231759636482011, 0.07178983899689204, 0.08051853632764427, 0.07549526528583217, 0.07199484328221725, 0.08139439350150666, 0.07435471456230837, 0.08312248154705575, 0.0733310471298573], [0.07695604558805488, 0.0828247817299938, 0.07219398890534401, 0.0749597491050097, 0.08098095159156288, 0.07166006882789606, 0.08182240957605132, 0.0749798072106243, 0.07191663537563381, 0.08185016068559313, 0.07396245052578894, 0.08251954199336485, 0.07337340888508219], [0.07690370549371277, 0.08300821621760503, 0.07210899805301883, 0.0749848886917348, 0.0811498709786673, 0.07158947421869238, 0.0817331044250757, 0.07503662539926627, 0.07184375026345541, 0.08163517733041929, 0.07398253395985122, 0.08270763157863621, 0.07331602338986477], [0.07685051732649535, 0.08309929843186431, 0.07201217529571437, 0.07506219788342092, 0.08148301516091681, 0.07151668626131671, 0.08159142893218845, 0.0751637265026218, 0.07176696907015173, 0.08124937328966739, 0.07405271746077643, 0.0828893273095413, 0.07326256707532443], [0.0769382299647346, 0.08287116619041475, 0.07201279723560157, 0.07522382649209047, 0.08180679196518566, 0.07152961070872021, 0.08156675011075323, 0.0753495742330422, 0.0717801407023459, 0.08079845961348188, 0.0741935793359511, 0.08261688953241363, 0.07331218391526483], [0.07729866777322678, 0.08310571528052763, 0.0720656256772139, 0.07535488848191452, 0.08163584209302592, 0.07153482319374715, 0.08196796335571524, 0.07539832212613888, 0.07180584323669567, 0.08030027475387229, 0.07424673670055613, 0.08185400487704259, 0.07343129245032366], [0.0775030610846098, 0.08333333333333333, 0.07215690862907462, 0.07523630112274901, 0.08106043982375027, 0.07156571129798275, 0.08253020534429088, 0.07517026034435513, 0.07185345872744825, 0.0804525870496641, 0.07410048964998756, 0.08154131222237358, 0.07349593137038063], [0.07746947084819575, 0.08333333333333333, 0.07222508589773556, 0.07507069758986117, 0.08071751763967033, 0.07160959522229488, 0.08277490333218644, 0.07496001525735976, 0.07189951690388337, 0.08091609630484599, 0.07395793674374132, 0.0815675066088594, 0.07349832431803269], [0.07729754976748318, 0.08316394367799652, 0.0722540739966367, 0.07497718406958687, 0.08067100263684138, 0.07165460803815053, 0.08249923587788985, 0.07488986544375428, 0.07193472707227021, 0.08143787839005948, 0.07391050536041993, 0.08184001315100074, 0.0734694125179102], [0.0770550864223222, 0.08287098957680226, 0.07221024113300055, 0.07496717358927633, 0.0808941643086038, 0.07165759411239117, 0.08201778386417283, 0.07495723079913232, 0.07192095576243737, 0.08175916321524089, 0.07394930620791146, 0.08233952022869255, 0.07340079078001639], [0.0769685968554176, 0.08303931729352476, 0.07211493312982081, 0.07498899595433801, 0.08111589987565489, 0.07158290360939935, 0.08186237938677242, 0.07502107831975659, 0.07184182013956499, 0.08158515668875335, 0.07397200179085492, 0.08257622376686655, 0.07333069318927582], [0.07693975762375553, 0.08333333333333333, 0.07200953968708113, 0.07503429818227302, 0.08136669360577921, 0.07149022526189953, 0.08180091383808942, 0.07509805771469485, 0.0717486574197637, 0.08125541419751313, 0.07400170397742006, 0.08265301825360086, 0.07326838690479612], [0.07695020729011152, 0.08318199971901434, 0.07200597060170107, 0.07509469712463342, 0.08150478485290613, 0.07149597004544427, 0.0817547834187107, 0.07517514053826437, 0.07175283263744424, 0.08109459229532022, 0.07405923602635192, 0.0826488107201785, 0.07328097472991925], [0.07707952448803343, 0.08300689514538115, 0.0720449820700075, 0.07515997618503854, 0.08150429024398867, 0.07152178818498131, 0.0819185979617527, 0.07521698081616458, 0.07178450420717926, 0.08092321338701944, 0.07410165299226129, 0.0823972657825199, 0.07334032853567217], [0.07715128233820914, 0.08306004537335748, 0.07213930985562843, 0.0750329633854938, 0.08105238342167863, 0.07157895368564207, 0.08219369936011935, 0.07501936858889356, 0.07184917830958022, 0.08133188247451198, 0.07397725597492039, 0.08222938741030054, 0.07338428982166438], [0.07731475914296514, 0.08308774365021691, 0.07217325262598408, 0.07508210731871177, 0.08096674929540772, 0.07159008956552043, 0.08246473327789285, 0.07