[[0.07215544010595988, 0.07012899665562866, 0.06897308507742188, 0.07474222273560867, 0.07965684033959983, 0.07324872218903115, 0.08044081540511774, 0.0826569860785883, 0.08143530738739914, 0.0806583110497835, 0.07378315032790922, 0.08170464795175894, 0.08041547469619302], [0.0721857534147277, 0.0701032969763035, 0.06895564770031253, 0.07463023909148717, 0.0799013182891704, 0.07314951388052116, 0.08020288134792998, 0.08292155704003608, 0.0812241653808649, 0.0804794918573499, 0.0736981118694645, 0.08176874974481091, 0.08077927340702122], [0.07227591577026826, 0.07014417618440197, 0.0690138562511854, 0.07454076840608335, 0.08019501780498316, 0.07308551651107928, 0.07992763626541731, 0.08297532851541482, 0.08095737499130665, 0.08025794293153425, 0.07364589421651208, 0.08176065426879695, 0.08121991788301638], [0.07235522022779156, 0.07016082140395405, 0.06903546019806622, 0.07447312196316708, 0.08049826876867915, 0.07302794011697407, 0.07972569878975941, 0.08291003800313546, 0.08077575759555843, 0.08010562209040172, 0.07360607796663862, 0.08175087194664166, 0.08157510092923258], [0.07245913406181208, 0.07020698754542573, 0.06909325886305888, 0.07440282537668938, 0.08082999139176002, 0.07297742818325591, 0.07947722516549462, 0.08284242587648019, 0.08060295238972069, 0.07989988698238805, 0.07357103922981466, 0.08164466634887398, 0.08199217858522576], [0.07250098693328774, 0.07017071357573777, 0.06904899206478336, 0.07433066701686064, 0.08108142413799367, 0.07289971485768486, 0.07932190246391958, 0.08288883537221488, 0.08052153136089116, 0.07978772709071345, 0.07353193259927257, 0.08164100061445834, 0.08227457191218196], [0.07249014553996269, 0.06997536331327704, 0.06881281709309543, 0.07416996283350867, 0.08149589544638637, 0.07269478777601497, 0.07911317359965486, 0.08333333333333333, 0.08046049700857164, 0.07966630254820044, 0.07342735562695833, 0.081739673946591, 0.08262069193444517], [0.0726440056757629, 0.069986659408337, 0.06880793321676953, 0.07413916968026997, 0.08194317634089429, 0.07264728038824092, 0.07893185012463835, 0.08288380879144361, 0.08037781042429804, 0.07955241134572373, 0.07346730236279345, 0.08180248859349466, 0.08281610364733355], [0.07276510799576222, 0.06992783751478625, 0.06870827931035334, 0.07412658162458065, 0.08234790998377134, 0.07258732063624054, 0.07884977044141951, 0.0824364259709336, 0.0804060045652165, 0.07954455640585471, 0.07350839007768954, 0.08203118629099489, 0.08276062918239696], [0.07302210533408923, 0.06996041630993695, 0.06869783925669554, 0.07416823238144546, 0.08279671498941363, 0.07258320834012016, 0.07872850628117466, 0.08179453325394906, 0.08035597344832246, 0.07947981555595597, 0.07363694910769872, 0.08213052816022096, 0.08264517758097724], [0.07336017811519358, 0.07007859837401406, 0.06877073993460434, 0.07430010267221968, 0.08333333333333334, 0.07266879578880617, 0.07865652297519322, 0.08112724103173086, 0.08031233327208868, 0.07945172427787836, 0.07385579362583092, 0.08204238732102084, 0.08204224927808607], [0.07378358117740078, 0.07040227166478986, 0.06909566544442945, 0.07450263942216809, 0.0830783576679247, 0.07288445926058627, 0.07855577495524842, 0.08067054786440414, 0.080159056538199, 0.07934931325953663, 0.0741481694532571, 0.08173249688746856, 0.08163766640458703], [0.07408109021164697, 0.07054029805220069, 0.06918647281280818, 0.07471074028901863, 0.08307068768643243, 0.07304181877253373, 0.07861373228326059, 0.08015967075386021, 0.0801935116298898, 0.07942865210043153, 0.07440353774285469, 0.08154421908525128, 0.0810255685798113], [0.07429302892259067, 0.07064562417293838, 0.0692561944054628, 0.07487885148162567, 0.08307845695197001, 0.07317104262517193, 0.07866713634349759, 0.07978388786789602, 0.08020902012841714, 0.07949083715322382, 0.0746000759898571, 0.08134977016107674, 0.08057607379627209], [0.07445328487600592, 0.0706879533634862, 0.06924119213690819, 0.07507929385879712, 0.08313566383430317, 0.07330208792343611, 0.07881661560033885, 0.07933453688567252, 0.08032173523192836, 0.0796393370346751, 0.07480359970406196, 0.08117999192258714, 0.08000470762779936], [0.0744670102845585, 0.07063876297518465, 0.06914011716281596, 0.07521795205382734, 0.08304264071430566, 0.07337199655599638, 0.07906099306339129, 0.07901567164278148, 0.0805402408491322, 0.07982396503065455, 0.07491101068589688, 0.08120307572752844, 0.07956656325392654], [0.07453054268355698, 0.07065786110579922, 0.06910249347221982, 0.07545189950834177, 0.08272840288585136, 0.0735291304986228, 0.0793937763259771, 0.07857511830665684, 0.08078630718289227, 0.08004157462142011, 0.07510327174950829, 0.08111449916276182, 0.07898512249639174], [0.07432756708187262, 0.070449777507417, 0.06882068668179848, 0.07558585585201327, 0.08333333333333333, 0.07355516785402443, 0.0797972616370002, 0.0781381638821431, 0.08111672958289735, 0.08034852866184476, 0.07513129047043678, 0.0810241048101819, 0.0783715326450367], [0.0721496650841645, 0.07029562883757222, 0.06917324478151812, 0.07489225298073829, 0.07927239196493834, 0.07343734646987982, 0.08059240414941547, 0.08274244051114008, 0.08145567407740398, 0.0806674375592137, 0.07391646403646263, 0.08137730558315621, 0.08002774396439644], [0.07219840411354046, 0.07026595850727822, 0.0691516887981846, 0.07475787618391157, 0.07959354551836284, 0.07331710754475637, 0.08032029518704437, 0.08283658519832367, 0.08125116664293108, 0.08048896816099048, 0.07381749524929829, 0.0815200469347075, 0.08048086196067065], [0.07221310757951876, 0.07023691611930016, 0.06912706881374103, 0.07467160905588566, 0.07976166630245134, 0.07323785393959611, 0.08015243892551599, 0.08307833412122359, 0.08110888928381804, 0.08036620102983587, 0.07374977496122202, 0.08155939692341786, 0.08073674294447356], [0.07230395422262272, 0.07019883528863623, 0.06908421891494725, 0.0745410054752929, 0.08021809504353654, 0.0731058563368354, 0.07986576165829974, 0.08299797327144591, 0.08087762341457862, 0.08018509882279261, 0.07365631811515463, 0.08168267275054969, 0.08128258668530784], [0.07221029502808068, 0.07018607584041248, 0.06906568264056896, 0.07463104826235682, 0.07986179560555338, 0.07318476805300386, 0.08011390341591677, 0.0831046469005415, 0.08109745137216945, 0.08036091985005651, 0.07371208164172739, 0.08163368811192702, 0.08083764327768518], [0.07239155551319239, 0.07021705833002266, 0.06911021189185015, 0.07445428853795615, 0.08056348338397872, 0.07303346753992587, 0.07961636110519585, 0.0830242015120788, 0.08065566556857869, 0.07999019794251871, 0.07360319676953707, 0.08163701680933712, 0.08170329509582788], [0.0724801300528535, 0.07028761490067048, 0.06919849702295301, 0.07441497721403978, 0.08076998205051049, 0.07301990278500753, 0.07942463257040153, 0.08299619626924094, 0.08049657692175556, 0.07981788611453443, 0.0735929305521113, 0.08150909209314454, 0.08199158145277714], [0.0725177793426316, 0.07018463649247657, 0.06906746871345655, 0.0743179060108817, 0.08112452198833187, 0.07289362334481798, 0.07927260641306967, 0.08292519855744342, 0.08047453541712561, 0.07974053932255412, 0.07352993122075538, 0.08160577862675547, 0.08234547454969995], [0.07256710272327037, 0.07015461038059642, 0.06903837951784243, 0.07420310418451383, 0.08141785336247438, 0.07278683203420368, 0.07900797576824839, 0.08333333333333331, 0.08026765425473635, 0.07951371100340575, 0.07347526306121503, 0.08148266925246225, 0.08275151112369765], [0.0727006865057473, 0.07011839930565708, 0.06897643389750255, 0.07414964815355918, 0.0818945466589377, 0.07270480789807708, 0.07882961359461509, 0.08283159218267207, 0.08020951224600024, 0.07941417715650645, 0.07349328160379293, 0.08158051393884388, 0.08309678685808851], [0.07277902402534189, 0.07005054335447031, 0.06887429618121053, 0.07412636618662129, 0.08224320266432594, 0.07264133148957745, 0.07876429037242443, 0.08257178093423788, 0.08024104920037876, 0.07941319575108959, 0.07351035444500412, 0.08176521503608163, 0.0830193503592363], [0.07288415579158584, 0.07001089641692039, 0.06880315589474938, 0.07411568366125032, 0.08259990915387974, 0.07259514705761305, 0.07869171880121456, 0.08222635743136568, 0.08023678042333239, 0.0793870523039607, 0.0735458518222114, 0.08188880678197168, 0.08301448445994487], [0.07304044466552678, 0.07003240565604861, 0.06879933932446831, 0.07413954913513636, 0.08294300076861588, 0.07259257418890497, 0.07861560895079978, 0.08185143594061652, 0.08020058452536612, 0.07934331826644328, 0.07362280658893884, 0.08192745883373892, 0.08289147315539566], [0.07317212378703469, 0.07009349317223346, 0.06885020638228696, 0.07418314602858211, 0.08308591393261044, 0.07262720146021742, 0.07857271307059828, 0.0816239649802362, 0.08016771819912702, 0.07931424477609973, 0.07370191023022958, 0.08190505936257045, 0.0827023046181737], [0.07336075278663826, 0.07019239170915548, 0.06893793005255991, 0.07424842978164396, 0.08333333333333333, 0.07268436403836706, 0.07850609987754988, 0.08131908505336592, 0.08010288003481238, 0.07926132549976354, 0.07381686796357859, 0.08182013261281505, 0.08241640725641658], [0.07358467763627496, 0.07032186099311166, 0.06904729827600592, 0.07438108178883826, 0.08304797007456996, 0.07279720404211641, 0.07852895063235232, 0.08101745189403535, 0.08012947073863261, 0.07930159625940096, 0.07398984729833007, 0.08179721055038364, 0.08205537981594795], [0.07410024623954067, 0.07070893100157367, 0.06943557803426736, 0.07461309460918389, 0.08301190626389368, 0.0730469222223991, 0.07837916273468327, 0.08043262805160736, 0.07991080507534574, 0.07914666388525549, 0.07433615263220812, 0.08139721474455795, 0.0814806945054837], [0.07432541294400136, 0.07079097818905365, 0.06947231387276902, 0.0747754519378939, 0.08301177243282612, 0.07315989873976042, 0.07843819092878955, 0.08003677006672202, 0.07995638900500868, 0.0792252432323534, 0.07453363247849525, 0.08128407164960334, 0.08098987452272327], [0.07375345167284862, 0.07034126981153502, 0.06901435924668221, 0.07451656981913521, 0.08307401581523097, 0.07287159915832618, 0.07862765561813449, 0.08062600121039654, 0.08025080924937202, 0.07943485442895876, 0.07414836045265724, 0.08180803698433849, 0.08153301653238439], [0.07452602746698188, 0.07089775458725918, 0.06955393019033346, 0.07490632027583297, 0.08307520421984944, 0.07326632783753081, 0.07844317958313285, 0.07972685588440458, 0.07992728037698699, 0.07923387775623252, 0.07469944238580975, 0.0811128406577265, 0.080630958777919], [0.07474017184261701, 0.07096203795477124, 0.06956167107250609, 0.07509432326903269, 0.08333333333333334, 0.0733909596899438, 0.07854979030477945, 0.07925533063395215, 0.07996428867610784, 0.07930849266586344, 0.07491456850591666, 0.08086644311051168, 0.08005858894066463], [0.07475441879224516, 0.07091106815829443, 0.06946895695609422, 0.07518489222153428, 0.08333333333333333, 0.07342775024248169, 0.07871368929606867, 0.07904041056077016, 0.08011471162010465, 0.07943310271306384, 0.07498802151772258, 0.08086821538620416, 0.07976142920208279], [0.07478978603168823, 0.07085948848175994, 0.06935390841031125, 0.07535266902748218, 0.08333333333333333, 0.07351300062132848, 0.07897986703156386, 0.07865276059943517, 0.08032753708992309, 0.07961203268842938, 0.07512662276122954, 0.08085238062322135, 0.0792466133002942], [0.07496379253030314, 0.0709723050339592, 0.0694234007483884, 0.07559326917457199, 0.08303512644820636, 0.07370031087274256, 0.07919892053972787, 0.07822804541047537, 0.08041983823057382, 0.07969318005880181, 0.07536457373014571, 0.08067688779072602, 0.07873034943137772], [0.07473146321738075, 0.07077432469178827, 0.06917742515496324, 0.07566261931533146, 0.08303919800546088, 0.07369216123452677, 0.07952573500666789, 0.07808397722441271, 0.08074490861751078, 0.07999949697343875, 0.07533263445667959, 0.08078781459665828, 0.07844824150518079], [0.07218621145041808, 0.07041815651699454, 0.06933599770470177, 0.07490080938423087, 0.07922469881916125, 0.07349029823422124, 0.08044625971315353, 0.08300794986133614, 0.08125328396979699, 0.08048564902671808, 0.07393769621978256, 0.08122009366546516, 0.08009289543401982], [0.07227860310443672, 0.07039518212098278, 0.06932635407035696, 0.07470791471528565, 0.07969486635277996, 0.07332599922833108, 0.08004932201337277, 0.08311135055916709, 0.08094850966600359, 0.08022046072940572, 0.07380540842965405, 0.08137133344796117, 0.08076469556226228], [0.07226138234092495, 0.07042064124012878, 0.06934789564581414, 0.0747877378666385, 0.07953071216857201, 0.07339967171392191, 0.08020393791440124, 0.0829055422808325, 0.08107609370896479, 0.0803315303115016, 0.07386747265909549, 0.08134164413190091, 0.08052573801730327], [0.07224679588044403, 0.07026657397842273, 0.06917478248110213, 0.07461007954218056, 0.07988948432394243, 0.07320053145983059, 0.07997274852368953, 0.08333333333333333, 0.08092579555937696, 0.08020554850002794, 0.07371067422205492, 0.08150121571704222, 0.0809624364785525], [0.0723667173490777, 0.0704310190171162, 0.06937587682110942, 0.07462834400706461, 0.08000782679757923, 0.07326640034125351, 0.07981117299446389, 0.08305805643881727, 0.08073349321637291, 0.08004035872001149, 0.07375982085824256, 0.08137073452788154, 0.08115017891100983], [0.07239811810175376, 0.07035022397647109, 0.06928495484408335, 0.0744966553226255, 0.08036200796924332, 0.0731259306899562, 0.07958428412708049, 0.08333333333333334, 0.08054822832346559, 0.07989023154258418, 0.07365305770876816, 0.08140860290229329, 0.08156437115834185], [0.07235897867974121, 0.07034821638997497, 0.06927281244222319, 0.07457916504837889, 0.08015111427531857, 0.07319294996437785, 0.07978713609841828, 0.08302559554043606, 0.0807467352773466, 0.08006007850468223, 0.07371088011059146, 0.08148261963316195, 0.08128371803534865], [0.07252351948539237, 0.07042262515202762, 0.06936907563618161, 0.07445469808291429, 0.08065676149104438, 0.07310320473053834, 0.07937331032217783, 0.08310086179872217, 0.08036549655853242, 0.07972338646459919, 0.0736454430231385, 0.08133304015712477, 0.08192857709760658], [0.07254906335128088, 0.07040020763208397, 0.06934614992544931, 0.07438842185732518, 0.08082167040858539, 0.07303933756457963, 0.07923217162242413, 0.08333333333333334, 0.08027320140208186, 0.0796105961969136, 0.07359535115815848, 0.08127182109011172, 0.08213867445767258], [0.0725972983298735, 0.07038551722316931, 0.06932245660980442, 0.07435624101282541, 0.08100714088787216, 0.072999130473657, 0.07915047458681747, 0.08312778375517801, 0.08024987871974722, 0.0795634239715753, 0.07358224956742386, 0.08131330937614843, 0.08234509548590772], [0.07264798011299634, 0.07036603472932872, 0.0693005907062079, 0.07427738994610628, 0.08123146174445893, 0.0729225815108905, 0.07896237348932576, 0.08333333333333331, 0.0801184023114432, 0.07941119177084738, 0.07355121308864637, 0.08125122601199397, 0.08262622124442119], [0.07273258179426391, 0.07027938947904339, 0.0691819858986767, 0.07419530905041241, 0.08166649588531835, 0.07280597308160368, 0.07879732407361843, 0.08296423871645339, 0.08007929177653701, 0.07932492604067812, 0.07353222386904158, 0.0813358873088978, 0.08310437302545526], [0.07277021290075326, 0.07023198933015586, 0.06911829431884851, 0.07415713580198059, 0.08187592471483723, 0.07274906207387881, 0.07872172818668502, 0.08276429959972101, 0.08005986352797478, 0.07928587027163192, 0.07352294376587781, 0.08140934217432179, 0.08333333333333333], [0.07281336599717597, 0.07022311117823503, 0.0690978140444202, 0.07416060063182209, 0.08201427327608743, 0.07273898014998718, 0.07870688789782292, 0.08265765975230657, 0.08008051118628405, 0.07929447356285708, 0.0735421563045287, 0.08148354002483968, 0.08318662599363305], [0.07291092891121793, 0.07018596288130849, 0.06903538231796394, 0.07413153470735377, 0.08236821599723286, 0.07268204205023306, 0.07859527902772523, 0.08233750772770397, 0.08004616708655203, 0.0792378422042047, 0.07356214346840834, 0.08157366028676243, 0.08333333333333334], [0.0730135466295528, 0.0701512158125267, 0.06897156557482449, 0.07411940647140237, 0.08272809396331227, 0.0726378369373038, 0.07852250008852069, 0.08204146619275539, 0.08002864886216282, 0.07920280428462358, 0.07359536533502897, 0.08165421651465263, 0.08333333333333331], [0.07315522417419737, 0.07019748101089311, 0.06900172903772575, 0.0741561606051451, 0.08302222994670785, 0.0726587743737048, 0.07847299155350465, 0.08177878162376259, 0.08000391956240835, 0.07917498401413994, 0.07367402613511126, 0.081672377061604, 0.0830313209010953], [0.07352955613693098, 0.07045103207035634, 0.06925076737372252, 0.0743050423091985, 0.08306399630046533, 0.072812059191867, 0.07836533951227252, 0.0812926856722858, 0.07988904620227774, 0.07908289879922893, 0.07391234158114456, 0.08153703581967915, 0.08250819903057044], [0.07382388680659624, 0.07063426986063338, 0.06942489012273469, 0.07441661404227394, 0.08333333333333333, 0.07292210078993226, 0.07826662250390672, 0.08088260679975244, 0.07977508321686863, 0.07899415154945458, 0.07409688506106892, 0.08136499217936273, 0.08206456373408204], [0.07414323565736036, 0.07079307928450611, 0.06954183268111512, 0.07462060976434254, 0.08286792086694293, 0.0730829745769957, 0.07832969627856894, 0.08046513633047378, 0.07984011647214835, 0.07908314651030202, 0.07435462458463907, 0.08133062995103683, 0.08154699704156831], [0.07388752098132755, 0.07059534941441993, 0.06934184122043505, 0.07450385275389956, 0.08291793172343433, 0.07295512686172698, 0.07840209420536412, 0.08074519743012562, 0.0799486087440852, 0.07915994466294463, 0.07418207822274817, 0.08152532076795624, 0.08183513301153257], [0.07363983831961744, 0.07047547134482886, 0.06925194453701548, 0.07436348729801615, 0.08305992066254239, 0.07284494574727728, 0.07838387650775533, 0.0811024501284659, 0.07992594668976709, 0.07912031744451119, 0.0739940802961821, 0.08156904420498133, 0.08226867681903952], [0.07328220984131309, 0.07021788518931454, 0.06899859334726333, 0.07419419402144588, 0.08333333333333333, 0.07267179547707905, 0.07844523043537735, 0.08151664231122575, 0.08000345199109743, 0.07917134889423129, 0.07374873955397046, 0.08169934123145553, 0.08271723437289288], [0.07383396420796409, 0.07057095102224109, 0.0693260407151627, 0.07446593097452732, 0.08301720243592238, 0.07292660324319282, 0.07838349950053447, 0.08082015225495655, 0.07992783442511515, 0.07913568547594686, 0.07413623724370508, 0.08152253147989759, 0.08193336702083379], [0.07369872367075336, 0.07038751573252351, 0.06910295601127724, 0.0744463256842317, 0.08297774743393917, 0.07285300831752183, 0.0785316944609574, 0.08085763124959737, 0.08012898052210629, 0.07931138346225948, 0.07407662504363441, 0.0817554715555721, 0.08187193685562628], [0.07429457050813008, 0.0708462569468525, 0.06956701495124468, 0.07471443253810783, 0.082943486540862, 0.073147370139564, 0.07834725761341164, 0.08020598725958748, 0.07985179470718927, 0.07911372824745865, 0.07447661938280957, 0.08125737364857738, 0.08123410751620487], [0.07448255967960306, 0.07094314617441573, 0.06963944703794177, 0.07483669378252275, 0.08290682648373468, 0.07324549126109856, 0.07836284748790981, 0.07992833549114282, 0.07984543178561603, 0.07913629699828133, 0.0746311600925867, 0.08113746818133392, 0.080904295543813], [0.07468946628420323, 0.07104231175958461, 0.06970556662069409, 0.07498557313563704, 0.08292066597980949, 0.07336026324154106, 0.07839273370094384, 0.07959557600997683, 0.07984110834767835, 0.07917231590571985, 0.07481240116593761, 0.08097611493139953, 0.08050590291687462], [0.07483061148462607, 0.07110065191216251, 0.0697371969030045, 0.07508836968155902, 0.08307272190374429, 0.07343524952271975, 0.07842917040456439, 0.07933558628264549, 0.0798194288413504, 0.07918537965477236, 0.07493828367171951, 0.08082683285186483, 0.08020051688526669], [0.0749281463575549, 0.07107908829418963, 0.0696560036086758, 0.07524060757688251, 0.08314092589980172, 0.07351494648790517, 0.078634609021417, 0.07896994060056921, 0.07998542763705857, 0.07931441294883311, 0.0750874313330147, 0.08071980100338719, 0.07972865923071061], [0.07506720149570777, 0.07111251927921756, 0.06963124029429565, 0.07544323451821783, 0.08304989959388774, 0.07364688594556743, 0.07885687734696105, 0.0785377062960219, 0.08012336355548683, 0.07942420544265216, 0.0752879753484263, 0.08063023409193355, 0.07918865679162429], [0.07512721932683111, 0.07112485754224672, 0.0696043758856815, 0.07558950760362558, 0.0829422803154047, 0.07374244616356831, 0.07903615997188372, 0.07826002749666253, 0.0802346755294504, 0.07952235404877488, 0.07541814027576692, 0.08056636759814861, 0.07883158824195509], [0.07507373642367014, 0.07102184639551387, 0.06944047232706964, 0.0757255230148962, 0.08333333333333334, 0.07379475391270866, 0.07928883887364051, 0.07790018699245498, 0.08040080601601698, 0.0796736828265997, 0.07550466694928262, 0.08048242444664477, 0.07835972848816868], [0.07474642538630523, 0.07076553622748633, 0.06913430492772342, 0.07578244141604286, 0.08333333333333333, 0.07376555969611416, 0.07968033032449204, 0.07779171714315518, 0.08079469553581929, 0.08005202976380166, 0.07542803480505622, 0.08063120550067042, 0.07809438593999989], [0.07335624435250666, 0.0703669008678368, 0.06918300170631951, 0.07422738863559866, 0.08309876345990518, 0.07274990060993733, 0.0783803150431225, 0.08153867242613373, 0.0798912636481917, 0.07908055279628402, 0.07379519574718417, 0.08153864509537083, 0.08279315561160921], [0.07318069245881421, 0.07034255111021585, 0.06919026510904502, 0.07418601102967921, 0.08274464752873796, 0.07274171803910774, 0.07843277548840381, 0.08188417305611675, 0.0799017249342125, 0.07909852256389065, 0.07369960749507053, 0.08149479506578747, 0.08310251612091818], [0.07305260510137798, 0.07036920657591948, 0.06924861880900002, 0.07419356965466989, 0.08235555386554409, 0.07278359754591827, 0.07851625810105863, 0.08221741812528273, 0.07992714451937083, 0.07914147748629251, 0.0736537993542662, 0.08142306123657525, 0.08311768962472418], [0.07300589927293628, 0.07040235223630474, 0.06929957317348114, 0.07420780318567845, 0.08215903966468288, 0.07281803006960004, 0.07856052355790809, 0.08243273447296318, 0.07992593806569888, 0.07915401033574934, 0.07364418610512409, 0.08135863908974782, 0.08303127077012527], [0.07288466688573353, 0.07040085795917661, 0.06931914869322792, 0.07420733493042674, 0.08183366272605623, 0.07284064148999325, 0.07864085888760013, 0.0827948707717818, 0.07993383248319866, 0.07918355236831143, 0.0735968786237971, 0.08125387431275012, 0.08310981986794648], [0.07275074401476807, 0.07044604120505248, 0.06939375301212136, 0.0742599635358046, 0.08136781493483897, 0.07292626774536767, 0.078802760236783, 0.08333333333333333, 0.07997399487224238, 0.07926589576904329, 0.07357850464905331, 0.08112908068690408, 0.08277184600468737], [0.07274633842083415, 0.07053340977761348, 0.0695004486298319, 0.0743392862868967, 0.08116470438182224, 0.07302519981979558, 0.07891223383142654, 0.08313583598408247, 0.08001657746136655, 0.07933486821925574, 0.07362682438273963, 0.08111134252162726, 0.08255293028270762], [0.07379843889537094, 0.07032930616035402, 0.06897404084210582, 0.07459034563568365, 0.08295878962994531, 0.07290987839121693, 0.07872402096697981, 0.08046612233801526, 0.08035921234826318, 0.07954863278799618, 0.07421735924260872, 0.08183515858172788, 0.0812886941797323], [0.07427184833982353, 0.07065829909148565, 0.06929451111762013, 0.07479826110443058, 0.08333333333333334, 0.07312438873487478, 0.07854866462518348, 0.07989351459743152, 0.08008965385172144, 0.07936020337111459, 0.0745351058692375, 0.08133118982640823, 0.08076102613733535], [0.07460274810167579, 0.07087865993557, 0.0694869291566192, 0.07502936514998686, 0.08314415619148798, 0.07333043250492108, 0.0785633587355652, 0.07945206519856772, 0.08003056026855698, 0.07936994776512213, 0.0748176448776745, 0.08103591771908103, 0.0802582143951716], [0.07266597983155991, 0.07050818324317756, 0.06947705510507746, 0.07436389339982863, 0.08097878436988133, 0.0730478194766659, 0.0790275951009718, 0.08333333333333331, 0.08008511015703541, 0.07941999143623493, 0.07361207846575782, 0.0811293764281478, 0.08235079965232797], [0.07264535518200681, 0.07055882489730772, 0.06953651703180941, 0.07443944743717718, 0.0807898444022227, 0.07313060127644269, 0.079162487931492, 0.08313306852083924, 0.08015802686137109, 0.07951824026138819, 0.07366591999257394, 0.08113266822261564, 0.08212899798275336], [0.07259653194259964, 0.07058795395865115, 0.06957125618262913, 0.07451652632272736, 0.08054912206381773, 0.07321050173635395, 0.0793286270906656, 0.08301322374894043, 0.08025203936213873, 0.07963877122254798, 0.0737223011660001, 0.0811692359626525, 0.08184390924027571], [0.07249586396301942, 0.07056260479290692, 0.06954857866753429, 0.07455302839707163, 0.08027273026582206, 0.0732465483025743, 0.07946804530096684, 0.08333333333333333, 0.08037066939164657, 0.07972631837791785, 0.07373481408572852, 0.08115755679180693, 0.08152990832967126], [0.07247348433439768, 0.07060817704101797, 0.06959658938721514, 0.07464811813107988, 0.08004795102926586, 0.07334204639582466, 0.07964177244470554, 0.0830303778368073, 0.08052051784519589, 0.07985251707050901, 0.07381032596366251, 0.08117264740003821, 0.08125547512028032], [0.0724574138989193, 0.07061331344087025, 0.06959815418923246, 0.07468997130365601, 0.0799495838642915, 0.07337836011152761, 0.0797345749071624, 0.0828824914228554, 0.08060574639647347, 0.07992600296127121, 0.0738409184002194, 0.08119391498233522, 0.08112955412118567], [0.07239960939260665, 0.07058455079479939, 0.06956133758081742, 0.07472856068097773, 0.07977933199591733, 0.07340528785770475, 0.07986397100193401, 0.08294902005699402, 0.08072207457984677, 0.08002316681428398, 0.07385978191375095, 0.0812021335345817, 0.0809211737957853], [0.07235958121218507, 0.07058026463653215, 0.06955124615005909, 0.0747843455517891, 0.07960055244679264, 0.07345250865077922, 0.08000009313434876, 0.08292148543218876, 0.080837306476095, 0.08012160017512857, 0.07389701837440378, 0.08119130409541334, 0.0807026936642843], [0.0723148131253779, 0.0706198085610986, 0.0695956733069459, 0.07488313020095326, 0.07931854769439506, 0.07354524706781128, 0.08015688468176883, 0.08302376044357518, 0.08092953837292041, 0.08019969150363754, 0.07396385847141435, 0.08107735851732359, 0.08037168805277804], [0.07222760752700265, 0.07058859799316167, 0.06955629078609739, 0.07494943497295203, 0.07907581844260086, 0.07359108059767572, 0.08034463019741377, 0.08333333333333333, 0.08103513675717997, 0.08029187291818922, 0.07399309516435847, 0.08097474497860724, 0.08003835633142768], [0.07225699017878578, 0.07050995413764057, 0.06945825873584234, 0.0748616002597979, 0.07933408958376513, 0.07349172697762607, 0.08024715908372058, 0.08304846939062911, 0.08105383597837759, 0.08030859341075387, 0.07392889953908549, 0.08117628863361583, 0.08032413409035953], [0.07419297584159802, 0.0707179009175328, 0.0694153389496376, 0.0746856777500579, 0.08308174669281812, 0.07308618529971647, 0.07842191430286234, 0.08022867851096588, 0.07995607513228155, 0.07920426639381048, 0.07442245753869688, 0.08136794855494378, 0.08121883411507813], [0.07394633536922407, 0.07048938212505035, 0.06916991615344364, 0.07457488694842018, 0.08333333333333334, 0.07294665989754129, 0.07850966360313734, 0.08041516355667715, 0.08009383128535195, 0.07930776854914674, 0.07425883781763877, 0.08157974265733944, 0.08137447870369582], [0.07430684268678152, 0.07061084270635784, 0.06918389979034696, 0.07498068425862071, 0.08297305097941463, 0.07322317483485137, 0.07882024858138517, 0.07959773881233127, 0.08035511280950494, 0.07965966743002502, 0.074678707245296, 0.08132221909284862, 0.08028781077223593], [0.07406745555791018, 0.07048465078622057, 0.0691014309993083, 0.07476227711093673, 0.08302695509317533, 0.07305452752955545, 0.07872626631813162, 0.08004906203218652, 0.08031852506179345, 0.0795577644585507, 0.07443651919882928, 0.08158107780629796, 0.08083348804710382], [0.07323186000572372, 0.0700355414840399, 0.06874627601822096, 0.07424717117015414, 0.08307745941012191, 0.07263495210521112, 0.07868168512955852, 0.08138461575950472, 0.0803307702770595, 0.07946120318494883, 0.07377054641802443, 0.08210085612339418, 0.08229706291403818], [0.07361699024334184, 0.0702322634456236, 0.06889764478533278, 0.07447861658039098, 0.08291909689405605, 0.07281901605890509, 0.07871798260839542, 0.08075979768736291, 0.08036947472111367, 0.07953245686170617, 0.07407263299314806, 0.08197463700217306, 0.08160939011845046], [0.07434848866897766, 0.07056488328789869, 0.06909159071655706, 0.07507491400982953, 0.08333333333333333, 0.07325971346034371, 0.07892188733084904, 0.07927451531513144, 0.08045338572664618, 0.0797547973549491, 0.07476575821917182, 0.08127399161035641, 0.07988274096595605], [0.0744113861683373, 0.0705815115847996, 0.06905350629369957, 0.07529920598363611, 0.08282696234777578, 0.0734099653995347, 0.07925574711683939, 0.07887675692689695, 0.08073381437723161, 0.07999948376722014, 0.07494951689692371, 0.08126555254147645, 0.07933659059562871], [0.07510126438826363, 0.07106132071181069, 0.06943508420489539, 0.07596622929636032, 0.0830185852139136, 0.07396960471902342, 0.0795992649323675, 0.07753900565753882, 0.08055873249903595, 0.07984011914572754, 0.07568953466163297, 0.08034083197321487, 0.0778804225962153], [0.0752287164113582, 0.07115278779357538, 0.06955947679635957, 0.0758704784221821, 0.08311669665620679, 0.07392838222939288, 0.07934924991985684, 0.07768246263395658, 0.08036058052682145, 0.07964285932398184, 0.07566575656190064, 0.08032443158533822, 0.07811812113906956], [0.07232682686497337, 0.06953156240280008, 0.06814273172594902, 0.07457522986750807, 0.08067904067555458, 0.07280343540213836, 0.08036221942335009, 0.08114895203889533, 0.08212701831672421, 0.08114901059207173, 0.07364441128247566, 0.08314755721681331, 0.08036200419074643], [0.07229302490239578, 0.06959419559727532, 0.06825563067504518, 0.07448783216058043, 0.08079039620828048, 0.0727795466745575, 0.08018545623667887, 0.0815262210237086, 0.08180511765732655, 0.08088771287656378, 0.07356975370410633, 0.0830491087093163, 0.08077600357416474], [0.07235745348362257, 0.06960306101967355, 0.06827199167526554, 0.07441324155502577, 0.08107401890261128, 0.07271813639355118, 0.07996543598951722, 0.08174794133505425, 0.0816216666215152, 0.08068923887103188, 0.07354598681897556, 0.08293698531737534, 0.08105484201678066], [0.07239768429889618, 0.06963074993273928, 0.06831860074008553, 0.07434273696727725, 0.081280810733814, 0.07267353630048971, 0.07976723937747915, 0.08200566998400323, 0.08140803723690533, 0.08048418633714105, 0.07351442323230484, 0.08282630443771603, 0.08135002042114856], [0.07251618915826935, 0.06959845598703575, 0.06826421484919516, 0.0742931073545997, 0.0816573894995858, 0.07259947612433655, 0.07958084616746014, 0.08191312363332683, 0.08130974698314482, 0.0803554546822108, 0.07353058896554421, 0.08288858496144096, 0.08149282163384997], [0.07262008481665864, 0.06955470108009112, 0.06818666071731264, 0.07428741693292541, 0.0818922225446657, 0.07255436027795126, 0.07950101263309436, 0.08161442487047464, 0.08129528349683228, 0.08032201736778678, 0.07357085349275842, 0.08313520183740851, 0.08146575993204033], [0.07279250066410922, 0.06959963894739214, 0.06817970718266861, 0.07446283992967097, 0.08173763714195145, 0.07266486609749148, 0.07967628649323777, 0.08104896385711714, 0.08153821194277072, 0.08055435465751465, 0.07375696217762612, 0.08300397140745502, 0.08098405950099485], [0.07270515444500189, 0.06951395763477193, 0.06803529791963532, 0.07465077499694953, 0.08114502344099653, 0.07277112050482168, 0.08014341094471476, 0.08047993460235046, 0.08208582667281664, 0.08107456120634632, 0.07385285282055991, 0.08333333333333334, 0.08020875147770176], [0.07246285208170494, 0.06943708920433031, 0.06796509125773853, 0.07468018507590438, 0.08083791616460996, 0.0728025691879617, 0.08047730413443566, 0.0804524746891443, 0.08245453433338187, 0.08138979312192063, 0.07377614719041203, 0.08333333333333333, 0.07993071022512231], [0.07238886850511332, 0.06949719191651572, 0.06805940296257876, 0.07468722605607857, 0.08059372681701917, 0.07285181631522646, 0.08055247165262783, 0.08073091021227001, 0.08245142817105355, 0.08141044677476929, 0.0737467006710788, 0.08304635851350757, 0.07998345143216101], [0.07240799104124, 0.06948057664927441, 0.06806621420666249, 0.07454042418307197, 0.08089468138580809, 0.07273788180258305, 0.08024152909606688, 0.08102349153799292, 0.08210330775993831, 0.08108101569404469, 0.07365694895104505, 0.08333333333333334, 0.08043260435893891], [0.07232595162734548, 0.06950992941198093, 0.06813056462503725, 0.07449691485833568, 0.08085110950454627, 0.07273844788736959, 0.08020813866203381, 0.08127892162034438, 0.0819674916247626, 0.08099083655034588, 0.07359284307902705, 0.08333333333333333, 0.08057551721553764], [0.07244731722527119, 0.0694925170953057, 0.06811028241628102, 0.07438491333678683, 0.08133515822690872, 0.07262716124346315, 0.07988036157711297, 0.08146275144392436, 0.08168987761082976, 0.08069545939248908, 0.07356845183679407, 0.08333333333333333, 0.08097241526149974], [0.07264209906931877, 0.0695628906397586, 0.06814252747599753, 0.07452374861386314, 0.08134805405011224, 0.07271903075467841, 0.07995866516781233, 0.08104385751622005, 0.081842380683372, 0.08082984283465279, 0.07373788730589416, 0.08291968518943868, 0.08072933069888125], [0.07253806465620244, 0.0695265984076144, 0.06811896311063918, 0.07448674351692346, 0.08126257067265585, 0.07269649108952111, 0.07999570866102308, 0.08117426557462097, 0.08185903741729998, 0.0808453392415087, 0.07367208176360018, 0.08307266372192718, 0.08075147216646354], [0.0726081731523872, 0.06953769179791618, 0.06809452776419816, 0.07461007900857547, 0.08105386667632261, 0.0727735859971837, 0.08016947259833125, 0.08078461512171699, 0.08209262823462192, 0.081061515010489, 0.07378342109040481, 0.08303503812573748, 0.08039538542211526], [0.07240973391916805, 0.0695361457603897, 0.06817434966103177, 0.07439700843788594, 0.08123483126219776, 0.07266405921580348, 0.07991706393756683, 0.08158780881098114, 0.08167561945328171, 0.08070142302274728, 0.07355921965007312, 0.08315364210212184, 0.08098909476675123], [0.07257746714248828, 0.06955168732504557, 0.06817827239497058, 0.07434218753950167, 0.08168636337128386, 0.07259965983548862, 0.07965366031572496, 0.08156044782167834, 0.08145747900178217, 0.08047485073929235, 0.0735902149015464, 0.08305070255379038, 0.081277007057407], [0.07268777880850723, 0.06956041761771817, 0.06815187201533457, 0.07442840277905063, 0.0816608629711089, 0.07264250327047102, 0.07972333624708144, 0.08119838794413173, 0.08158083961241208, 0.08058637648630476, 0.07369272172276749, 0.08306003038308563, 0.08102647014202634], [0.07280684706216294, 0.06958357880516358, 0.06811842944185743, 0.07462849773469102, 0.0813114222697762, 0.07276933252132194, 0.07998101706348637, 0.08059017521056369, 0.08189244797012903, 0.08090125437537668, 0.07387594542642512, 0.08312163620418551, 0.08041941591486033], [0.07291571735872346, 0.06966548428193377, 0.06822279293611536, 0.074580188464667, 0.08160411361466306, 0.07275402503389843, 0.07976012932613004, 0.08075970375040213, 0.08163142702114566, 0.08066150182513022, 0.073883600429023, 0.08283474425000198, 0.08072657170816597], [0.072477135051488, 0.06955842352508515, 0.06820857593627104, 0.07432701128799116, 0.08151758999908594, 0.0726120573736413, 0.07970383472159061, 0.08176776591865417, 0.08145597057867217, 0.08048888203382064, 0.0735390180314503, 0.08305348368724554, 0.08129025185500396], [0.07267107556959522, 0.06953105546140048, 0.06813944832163404, 0.07431252581324282, 0.0819151258041997, 0.07255087846527394, 0.07951408526316794, 0.0813926573417794, 0.08134175256718051, 0.08036104534167993, 0.07360959381584758, 0.08333333333333334, 0.08132742290166514], [0.07284781647743448, 0.06962048556874552, 0.0682090761127408, 0.07441402723837184, 0.08195671565735564, 0.07263014365364945, 0.07951846842988057, 0.08110071860572739, 0.08135896807228563, 0.08039012888048575, 0.073745744587586, 0.08304756811556631, 0.0811601386001706], [0.07216099745127827, 0.06958449861515552, 0.06816682925441779, 0.07494962142177586, 0.08009489280751876, 0.07312475770977259, 0.08127617175835147, 0.08074718870424293, 0.08264092723921813, 0.08197246733340957, 0.07387881427752778, 0.08222533548329776, 0.07917749794403361], [0.07221035550054875, 0.06947556460184018, 0.06801653540058439, 0.07489605324587423, 0.08035376698530755, 0.07302298959178519, 0.08114965098406207, 0.08052385103522484, 0.08288967648936663, 0.08198329926155257, 0.07383226655360905, 0.08247949681620165, 0.07916649353404308], [0.07237038633626038, 0.06939246717366074, 0.06787430438357187, 0.07487631138809069, 0.08080634754239814, 0.07293459770007675, 0.0809544085967774, 0.08007857284938928, 0.08301371107624726, 0.08191463386651653, 0.07387299507516908, 0.08272695280379079, 0.07918431120805111], [0.072681905229718, 0.06953065401734147, 0.06796098502373177, 0.07509392518201402, 0.08125934171116173, 0.07308724463826975, 0.08093321573419754, 0.07945594315714895, 0.08270542320757027, 0.08194867984170388, 0.07414475191051345, 0.08235995752323834, 0.07883797282339086], [0.07284730702465526, 0.06976942193529327, 0.06813169695360533, 0.075647941245517, 0.08104243172491946, 0.07354517613007518, 0.08149065620868504, 0.07857381242182927, 0.08302614437653949, 0.08240541732493467, 0.07458068765384647, 0.08133686003237232, 0.07760244696772706], [0.07257510526413928, 0.06986776615319895, 0.06827238956488503, 0.07584747168371646, 0.08027046463915624, 0.07378737462340917, 0.08225106724181427, 0.0787353308436331, 0.08278689194332729, 0.08293900058794781, 0.07466197720604802, 0.08091847080813307, 0.07708668944059137], [0.07225529123599571, 0.06982743856789425, 0.06831505894274614, 0.07569246924156728, 0.0797967684458119, 0.07373506852893814, 0.08257833979958436, 0.0793945081370578, 0.08275854173634183, 0.08294845741082817, 0.07449254216996228, 0.08094594770584042, 0.07725956807743171], [0.07206697225241944, 0.06969909802490028, 0.06824722342528969, 0.07537296345715302, 0.07970816198584044, 0.07349500069501795, 0.08219758179034332, 0.08009312500108352, 0.08310268335213536, 0.08258193660927095, 0.07420606917162115, 0.08129994899653468, 0.07792923523839035], [0.0721098347592329, 0.06958198999106553, 0.06814977556127108, 0.07505263776271914, 0.08000374987436518, 0.07320589295663864, 0.08153754480553466, 0.08050817901853437, 0.08292193555151618, 0.08219590060487084, 0.0739512828184884, 0.08197673047351935, 0.07880454582224376], [0.07219377877776863, 0.06949104782224969, 0.06802291943190637, 0.07497809188552072, 0.08030707081639267, 0.07309074344445586, 0.08132583553121947, 0.08038115336544743, 0.08293207226388795, 0.08215847279150983, 0.07389507907081436, 0.08230006115360604, 0.078923673645221], [0.07227883322341648, 0.06938024226366009, 0.06785161816078225, 0.07497219947625024, 0.08064457397757686, 0.07301335133900241, 0.08123823314947555, 0.07996860691514548, 0.08333333333333334, 0.08220328788455943, 0.07390020884459257, 0.08240321710011363, 0.07881229433209183], [0.07239755019151575, 0.06941654022219348, 0.06786916580564367, 0.07502106208814549, 0.08083671203669222, 0.07303978591337168, 0.08117804930513128, 0.07977409076115666, 0.08312670893783565, 0.08217917269467287, 0.07398140656510899, 0.08239871565579955, 0.07878103982273268], [0.07248299501885407, 0.06951880024055013, 0.06794990429591923, 0.07521742424071436, 0.08084059345410818, 0.07320628861727656, 0.08140523918408452, 0.0794643344499207, 0.08288844196147292, 0.08243708903237949, 0.07414480916463213, 0.0820575990834654, 0.07838648125662254], [0.07220607042436396, 0.0695564449016451, 0.06805592688295226, 0.07522223817714795, 0.080220332993222, 0.07328818109405305, 0.08177798092156385, 0.07989391026034114, 0.08296035472998647, 0.08263929310211078, 0.07409264367186949, 0.08182668734505184, 0.07825993549569227], [0.07222061520338631, 0.06961604286980644, 0.06808689494193372, 0.07543379854254495, 0.080100204588257, 0.0734