[[0.07530926234577885, 0.07616876714961349, 0.07388257960540941, 0.08099404712909294, 0.07069365857932995, 0.07216924976739082, 0.08089283885281913, 0.08112455039701869, 0.08149214954138523, 0.07144501694924298, 0.08295144975112205, 0.07087568194925174, 0.08200074798254457], [0.07524611278870237, 0.07606240083464517, 0.07389588155430991, 0.08130329257480154, 0.07068220618125752, 0.07213289063044638, 0.0807023864935427, 0.08094871219628325, 0.08142921824625579, 0.0714443122145164, 0.08317739461440311, 0.07085944583359832, 0.08211574583723762], [0.07519413207718964, 0.07595719283163335, 0.07393875318938666, 0.08167714613420386, 0.07071248006494445, 0.07212758903001368, 0.08047268722735856, 0.0807302257384633, 0.08131467654158774, 0.07148332089964422, 0.08333333333333333, 0.07088337602745574, 0.08217508690478541], [0.0751857586777733, 0.07590155732869044, 0.07401124018539233, 0.08198140642191613, 0.07075919237768942, 0.07214786074642307, 0.0803160155369965, 0.08058363871918894, 0.08124736232924196, 0.07154301525255051, 0.08318416557456736, 0.07092483328962017, 0.08221395355995], [0.07517894706741927, 0.07583967641068692, 0.07410044011313072, 0.08234186979418026, 0.07083830656044189, 0.07218822315049846, 0.0801173049465616, 0.0803913938209377, 0.0811216853354721, 0.07162966478807371, 0.08309849880334591, 0.0709943992321692, 0.08215958997708221], [0.07518610488968415, 0.07580726436776956, 0.07417259229660071, 0.08257902268362921, 0.07087087356399621, 0.07220191761680808, 0.08001076774044667, 0.08029296629059425, 0.08107732140246106, 0.07167630301346235, 0.08295742856046301, 0.07101919868087939, 0.08214823889320548], [0.07515620939067176, 0.0757228052440998, 0.07422520954017445, 0.0828099088676452, 0.07078256054957882, 0.07211282817502901, 0.07988180358464636, 0.08018342763725968, 0.08106796723308089, 0.07163139404134283, 0.08333333333333331, 0.0709208325232311, 0.08217171987990658], [0.07521440988905567, 0.07571787264816825, 0.07438120663246614, 0.08305923634329561, 0.07084474655671343, 0.07215572517692992, 0.0797602652664665, 0.08007285524510334, 0.08102551476006595, 0.071725374537118, 0.0829568643183438, 0.07097105008024931, 0.08211487854602417], [0.07528247025926148, 0.07573587659533895, 0.07451587087040352, 0.0830967684730374, 0.0708288069975724, 0.07214863085005266, 0.07972370807047904, 0.080051290932494, 0.08107796567839086, 0.07175598356165312, 0.0825850102470939, 0.07094656954949288, 0.0822510479147296], [0.07541746540797419, 0.07579310582256943, 0.07475745517024754, 0.08309337740861028, 0.07089378466956267, 0.0722110395496918, 0.07963514605300934, 0.07997397957786213, 0.08106221048344744, 0.07187629739437036, 0.08205350885470541, 0.07099664215787027, 0.08223598745007918], [0.07558810468306314, 0.07588771323218432, 0.07502348301152899, 0.08308793048934372, 0.07097847696415545, 0.07228919923956204, 0.0795668938032266, 0.07991209847578164, 0.08103130121570844, 0.07200715867936429, 0.08149516913941225, 0.07105355962855514, 0.0820789114381139], [0.07574795731737301, 0.07597377389282788, 0.07529011979777919, 0.08299353931111447, 0.07116654628743042, 0.07244223495263849, 0.07943521065612952, 0.07977435157513926, 0.08087190826798595, 0.07221429994977187, 0.08109062045699307, 0.07121512380047991, 0.08178431373433694], [0.07591572594642668, 0.07609901660359857, 0.07548649178885457, 0.08298111347480061, 0.07117979395333268, 0.0724835405421472, 0.07945394234047644, 0.0797937091397402, 0.0808799503858047, 0.0722758283997533, 0.0806417452449922, 0.07121569572530909, 0.08159344645476381], [0.0760186062991742, 0.07617622182336341, 0.07559534837348865, 0.08333333333333336, 0.07113766405077954, 0.07247337793831864, 0.0794602817830353, 0.07979872900236314, 0.08086268765139056, 0.07227379341612415, 0.08029521045832205, 0.07116711348000808, 0.08140763239029922], [0.07621064889094276, 0.07636107211092047, 0.0757445954716393, 0.08285547044261235, 0.07113791950083659, 0.07252680742147274, 0.07957918321147636, 0.07991181785633633, 0.08097247974007236, 0.0723156077644186, 0.07991603013398747, 0.07116972669727799, 0.08129864075800666], [0.07632723536921894, 0.07650052175732877, 0.07577565453622565, 0.08253497318524597, 0.07105962800849261, 0.07251244572227007, 0.07973474622287215, 0.08006305835166012, 0.08117372613270639, 0.07226959037063295, 0.0796529463192061, 0.07110357389892115, 0.08129190012521915], [0.07642967229856393, 0.07663682532771576, 0.07575386011535422, 0.08296497236376234, 0.07087223138966618, 0.07241936228754073, 0.07988473894661133, 0.0802022620099423, 0.08136856306909239, 0.07213126051523522, 0.07923636399770605, 0.07093327755948256, 0.08116661011932708], [0.0765247820208977, 0.07681699151600883, 0.07564654422892689, 0.08294776264473812, 0.07067833882508572, 0.07233669253859776, 0.08017420324596461, 0.08047593701337281, 0.08166712694680808, 0.07196956047980313, 0.07889904414372917, 0.0707726845816814, 0.08109033181438571], [0.0753592339015573, 0.07627336058273024, 0.07384985173439497, 0.08066615038883017, 0.07080477669714293, 0.072277673604949, 0.08097792883403142, 0.0811645460385867, 0.08133811594176511, 0.07150855709666655, 0.08310906485958354, 0.07099012197241375, 0.08168061834734852], [0.07530384842805316, 0.0761606510131816, 0.07389390450032059, 0.08105612066650811, 0.0708155874513302, 0.07225570973375162, 0.08077060694963484, 0.08098351046344061, 0.08131727892078923, 0.07153386700751478, 0.08304806505063803, 0.07099458430111258, 0.08186626551372486], [0.07525636891073086, 0.07608202352981278, 0.07390113533018902, 0.08127589183985216, 0.07080190304510292, 0.07222492573179029, 0.08063784231734075, 0.08086259318683856, 0.08127581756068405, 0.07152889364679493, 0.08323680622788696, 0.07097750729921458, 0.0819382913737622], [0.07520296999441704, 0.07595823612097737, 0.07396507197008562, 0.08173736603261131, 0.07077990378362652, 0.07217700174633607, 0.0804179450207053, 0.08067027635373442, 0.08124747409136811, 0.07153947963657145, 0.08323828865573919, 0.0709488059643396, 0.08211718062948808], [0.07523282088486925, 0.07604580169655224, 0.07389635471854444, 0.08135853931427868, 0.0707518580719932, 0.07217897205191735, 0.08061305829380108, 0.0808481757272734, 0.08130684383983353, 0.07149339552202673, 0.08333333333333333, 0.07092697548240119, 0.0820138710631755], [0.07516939773525204, 0.07587044561902666, 0.07402526389584158, 0.08209833326164964, 0.07080836612391286, 0.07217543920507544, 0.0802160001875733, 0.08047955016534497, 0.08114440292477336, 0.07158333121436282, 0.08333333333333333, 0.07097126154168308, 0.08212487479217088], [0.07518730679153267, 0.0758474382939534, 0.07411669184068395, 0.08235649776076882, 0.07092599971294583, 0.07225478751597485, 0.08006432040948717, 0.08032820416020714, 0.08102500079209826, 0.07169739210470201, 0.083077296908842, 0.07108156723262733, 0.08203749647617635], [0.07518303447060272, 0.075795244959007, 0.07418606552808392, 0.08264321975622087, 0.07089051708518136, 0.07221280715439184, 0.0799695479535601, 0.08025119047856315, 0.08103917029136733, 0.0716948697323347, 0.08298815285539293, 0.071036985834326, 0.08210919390096806], [0.07515080757162922, 0.07571028522509085, 0.07424506466242853, 0.08299474397919183, 0.07091808500645665, 0.07220856931221487, 0.07976365901133811, 0.08005010714917866, 0.0808836224867428, 0.07173519328375288, 0.08333333333333333, 0.07105401923076107, 0.08195250974788106], [0.07522309580885728, 0.07571608592778845, 0.07441905227044218, 0.0831350156614534, 0.07098027951114713, 0.07225409426327994, 0.07966142579794362, 0.07996196077750524, 0.0808738630653724, 0.07183477455540126, 0.08291267968891727, 0.07110356410102786, 0.08192410857086416], [0.0752487358848295, 0.0757046709848198, 0.07449398381103511, 0.08333333333333333, 0.07092312856122082, 0.07220885139631544, 0.07962924437590103, 0.07994356650034197, 0.08091905917353936, 0.07181771614458354, 0.08269552486679042, 0.07104012638148076, 0.08204205858580892], [0.07531325840569246, 0.07572618031340099, 0.07461726327949482, 0.08333333333333334, 0.07093121063073392, 0.0722205646022663, 0.07959041638970388, 0.07991459048674292, 0.0809392274087686, 0.07186194899365947, 0.0824099611855339, 0.07104079199054121, 0.0821012529801283], [0.07541255013368568, 0.07577724947494256, 0.07478392191569172, 0.08313874240726717, 0.07100303163863327, 0.0722854043583436, 0.07954348784707917, 0.07987326053201922, 0.08092961154636846, 0.07196308759753732, 0.08210244947769689, 0.07110164030032506, 0.08208556277040994], [0.07544903926994365, 0.07578431607533881, 0.0748616616816535, 0.08333333333333334, 0.07101900342296956, 0.07229492515421856, 0.0794928669637924, 0.07982552581906215, 0.0808970740330447, 0.0719944709129141, 0.08190818730586197, 0.07110636856361524, 0.0820332274642521], [0.07552925085477802, 0.07582224206078678, 0.07500231000363598, 0.08333333333333334, 0.0710950682212706, 0.07235548354484528, 0.07942799061969669, 0.07976151557400539, 0.08084095082305795, 0.07208653557208819, 0.08165064455146409, 0.07116662620921795, 0.08192804863181982], [0.07561431238226508, 0.0758737131554961, 0.0751249635293027, 0.08333333333333334, 0.07111141577230132, 0.07237767134440054, 0.07941500605532353, 0.07975231543372718, 0.08084621551125382, 0.07213033545545348, 0.08138336075590559, 0.07117103307913668, 0.08186632419210067], [0.07580704183829337, 0.07597064464303441, 0.07545917042801978, 0.08333333333333333, 0.07134773946969257, 0.07256698839012077, 0.07922919645448638, 0.07955782626049153, 0.08062009517598491, 0.07239050431030733, 0.08085955336173865, 0.07137276293516458, 0.0814851433993324], [0.07595590064470893, 0.07608630367583834, 0.07562654559989078, 0.0831796086209647, 0.07135516335560078, 0.07260263583639605, 0.07926431817913439, 0.07959379388064532, 0.08064778415594585, 0.07244011881042814, 0.08051293614424124, 0.0713708932620762, 0.08136399783412937], [0.07576443292651518, 0.07600024386400255, 0.07527930792893404, 0.08289178279070164, 0.07111141946510292, 0.07241060867257393, 0.07950407214401725, 0.07984716310854009, 0.0809560690821833, 0.07217146453832671, 0.08105721735726439, 0.07116435378648461, 0.08184186433535344], [0.07605673713944085, 0.0761554997031115, 0.075753591111028, 0.08333333333333334, 0.07136983257990547, 0.07263102746241562, 0.07924123273246231, 0.07956783178688134, 0.08060071082310435, 0.07248421449610228, 0.08022952726502408, 0.07137636180673079, 0.08120009976046015], [0.07626945733355571, 0.07634007881859015, 0.07596076290272921, 0.08287290252400792, 0.07141967944903697, 0.07271928324306169, 0.07930554004170966, 0.07962486648577065, 0.08064809089544732, 0.07257661023897312, 0.07983457887028003, 0.07142138473780787, 0.08100676445902984], [0.07635033150712849, 0.07643260984312404, 0.07598612255922436, 0.08269726332089637, 0.07134660789380194, 0.07269457477060873, 0.07940904672954284, 0.07972695518438089, 0.08078873839744073, 0.07253123202059836, 0.07965675999810191, 0.07135591253736137, 0.08102384523778992], [0.07648117652205035, 0.07658395232718868, 0.07602054412720616, 0.08261001791143217, 0.07122989231124287, 0.0726564335903043, 0.07955539272556761, 0.07986612389970361, 0.08098021962224608, 0.07245801872535994, 0.07932703003114962, 0.07125219460408018, 0.08097900360246844], [0.07662178127829941, 0.0767242740106531, 0.07609583263300672, 0.08292531079201525, 0.07115437677602984, 0.07264422229619168, 0.07959704607441745, 0.07989175169030377, 0.08103474060851396, 0.07242575835291136, 0.07891857202364762, 0.0711827301561628, 0.08078360330784713], [0.07659625521397614, 0.0767845562817685, 0.07588782746768709, 0.08333333333333334, 0.07087247568770834, 0.07246265390585507, 0.0798495781179559, 0.08014305575484373, 0.08131604381844598, 0.07216998806374612, 0.07878965722883705, 0.07093266716918709, 0.08086190795665572], [0.07534018806670871, 0.07624950314800348, 0.07385033015449986, 0.08072321385596874, 0.07090762535490311, 0.07234622257138418, 0.08083558686421394, 0.08100670641991878, 0.08116893441704448, 0.07158060664061754, 0.08333333333333333, 0.0710899697910563, 0.08156777938234752], [0.07525703938777731, 0.07607984676380967, 0.07391699811982325, 0.08130191300500038, 0.0709234183430192, 0.07231271443662647, 0.08052721227777487, 0.08073539581402296, 0.08111305382584888, 0.0716190307785696, 0.08333333333333333, 0.07109612822169216, 0.08178391569270192], [0.0753022812893192, 0.07615503282495392, 0.07390992943340793, 0.08109584708070765, 0.07093793213245782, 0.07234326364163474, 0.08065017109374327, 0.08084647068260901, 0.08115163935551149, 0.07162462130892551, 0.08314228698150126, 0.071113888789904, 0.08172663538532418], [0.0752476678119843, 0.0760429068819338, 0.07394922381071478, 0.08147937599192365, 0.07088193516344339, 0.07227308107574272, 0.08049581672129191, 0.08072243515682405, 0.08118031550878134, 0.07160246241323173, 0.08314419690357588, 0.0710529600239857, 0.08192762253656667], [0.07524354145394693, 0.076012928822292, 0.07399679887849697, 0.08163874233986146, 0.07099664970458046, 0.07234882340488921, 0.08034098841665235, 0.08056244941508202, 0.08103566057382193, 0.07169993806074455, 0.08312782859613622, 0.07116280863579365, 0.08183284169770226], [0.07521545976790871, 0.07592919045792008, 0.07406114003133571, 0.08200127595143529, 0.07099277048063393, 0.07232468859535392, 0.08018091128107066, 0.08042163446623708, 0.0810032088539874, 0.07172262543068157, 0.08307723149331654, 0.07115358340857693, 0.08191627978154217], [0.07523423529880678, 0.07598724062151281, 0.07401017976088312, 0.08175172962728704, 0.07094114911509498, 0.07230195670659663, 0.0803384376654032, 0.0805734509767052, 0.08110117991632645, 0.07166675957248539, 0.08304077887446117, 0.0711069190244858, 0.08194598283995141], [0.07520723655141014, 0.07586967636321017, 0.07414154190691027, 0.08231557949861243, 0.07105475461832668, 0.07235511128073245, 0.08000511630499166, 0.08025423166875154, 0.08090119596648658, 0.07179645160876309, 0.08301457746680188, 0.07120956680193531, 0.08187495996306768], [0.07518761947376766, 0.07582015823867048, 0.07417310854562399, 0.082500976721879, 0.07106399771072795, 0.07234785737359684, 0.07989673411429578, 0.08015135940435882, 0.08083614057433335, 0.07181455304833992, 0.08315843876069202, 0.07121351282719639, 0.08183554320651795], [0.07518703583173046, 0.07579287379059745, 0.07421501627150488, 0.08267738417046845, 0.0710600585044989, 0.07233650885272398, 0.079837421369233, 0.08010016368668774, 0.08082740701748811, 0.07182557717335696, 0.08308644405024367, 0.07120435717620686, 0.08184975210525962], [0.07519008281176935, 0.07575240075389508, 0.07429172861489196, 0.08292581462392196, 0.07111016026293002, 0.07236081929231329, 0.07970167103288557, 0.07996985697134963, 0.0807379051712605, 0.071886777551538, 0.08306162728281756, 0.07124568296217619, 0.08176547266825085], [0.07519047675785041, 0.07569565630709747, 0.07437920108138492, 0.08333333333333333, 0.07105990931431205, 0.07230706418156317, 0.07959121573864102, 0.07987710158314633, 0.08073150168923608, 0.07187993107656479, 0.0830041034637639, 0.07118466073942785, 0.08176584473367869], [0.07522441326600693, 0.07570134140014516, 0.07445543366895029, 0.08333333333333334, 0.07107923602552849, 0.072322153609392, 0.0795568833160904, 0.07984940565490868, 0.08073781251884717, 0.07191786879578899, 0.08285508219297164, 0.0711986727483016, 0.08176836346973543], [0.07525291187134019, 0.07571499331816645, 0.0745041922919983, 0.08321020559418525, 0.07108558288020486, 0.07233025729784448, 0.07955660018038622, 0.07985390684808492, 0.08076466036540676, 0.07193752415920303, 0.08276625768051403, 0.07120237458953614, 0.08182053292312949], [0.07532430421457817, 0.07574016181498437, 0.0746435507215546, 0.0830788634790941, 0.07113338133438356, 0.07237158338413777, 0.07950478056938032, 0.07981058262213422, 0.08076626767172682, 0.07201543766787286, 0.08250305390051837, 0.07124166670086071, 0.08186636591877415], [0.07538521766069099, 0.07575934115952994, 0.0747626986449949, 0.08308385861694922, 0.0711452111141757, 0.07238551852547584, 0.07946241583273789, 0.07977663668214717, 0.08077350516273184, 0.0720612055629785, 0.08226043118471571, 0.0712462240204715, 0.0818977358324009], [0.07542077095566369, 0.07575978253746048, 0.07484768105949492, 0.08333333333333333, 0.07114570414014447, 0.07238176331321156, 0.07940622187543415, 0.07972596674429139, 0.0807497126331111, 0.07208394877672751, 0.08203727872801622, 0.07123436041545345, 0.08187347548765767], [0.0755765108289112, 0.07584076170859104, 0.07511623181238743, 0.08302029338820888, 0.07133986353984514, 0.07253594624663609, 0.07929166340798695, 0.07961098168720997, 0.08064338888244893, 0.07229609978354581, 0.08162295082836762, 0.07140012851648588, 0.081705179369375], [0.07568751605934536, 0.07589013591314772, 0.07531826013204473, 0.08307459543582839, 0.07145994753503232, 0.07262987934835943, 0.07918263922175371, 0.07950078835360004, 0.08053278593488065, 0.07243652329974233, 0.08126772914619554, 0.07149713677229673, 0.08152206284777304], [0.07579974814077825, 0.07595574971391711, 0.07547471130378436, 0.08333333333333333, 0.07141372050491601, 0.07260993079737273, 0.07917431127379052, 0.07949893131683614, 0.08054951296492223, 0.07244291337586788, 0.0808806851737073, 0.07143522425294889, 0.08143122784782517], [0.07571492442754903, 0.07591768504161957, 0.07532000943967902, 0.08324067357969259, 0.07130816854965664, 0.07252710650068424, 0.07927253223794194, 0.07960142097290525, 0.08066778953499767, 0.07232532457968975, 0.08113769673794882, 0.07134665106110119, 0.08162001733653444], [0.0756244780938483, 0.07586809051760825, 0.07518494770335206, 0.08306271604338816, 0.0713179964245135, 0.07252496981623595, 0.07929570901412594, 0.07961989839943984, 0.08067061116606164, 0.07229771292864558, 0.08145804515058942, 0.07137082349397073, 0.08170400124822065], [0.07550194492828201, 0.07580769536123899, 0.07497200021685275, 0.0831323245246767, 0.07119030427246288, 0.07242284845160532, 0.07939215345451194, 0.07971637246772437, 0.08076154796422824, 0.07214889327573269, 0.08182206359143625, 0.07126638959581019, 0.0818654618954375], [0.07568297254897946, 0.07589293773403738, 0.07528264257325944, 0.08333333333333334, 0.07130311033318074, 0.07251724733936506, 0.07926103684066768, 0.07958888097715276, 0.08065224938367856, 0.07231177813393244, 0.08120341887069327, 0.0713438861343343, 0.08162650579738571], [0.07567624317414713, 0.07591688066914339, 0.07520862715013799, 0.08318331446874716, 0.07115079141536215, 0.07241634053430665, 0.07941036563783004, 0.07974792178586061, 0.08084227278896915, 0.07218116847575566, 0.08124561491692445, 0.07120394288198258, 0.08181651610083299], [0.07588668789215013, 0.07601662538300723, 0.07558365751096835, 0.08333333333333334, 0.07141669333919413, 0.07262713428422188, 0.07917700446131186, 0.07950262858533515, 0.08055134509727657, 0.0724735713658776, 0.0806520019692336, 0.07143013242005032, 0.08134918435803992], [0.0759869228130697, 0.0760874543071829, 0.07570951586626291, 0.08333333333333333, 0.07143816675381673, 0.07266076063200615, 0.07916860230378282, 0.07949292000723003, 0.08052922265429933, 0.07252234292798637, 0.08040036012215102, 0.07144279400239296, 0.08122760427648573], [0.07612508720060936, 0.07619507059905692, 0.07586628235520083, 0.08319355638047839, 0.07147372821593732, 0.07271566832959588, 0.07917910779248648, 0.07949990867546308, 0.08051088304927889, 0.0725899434802523, 0.08010445159339497, 0.07147036407516738, 0.08107594825307828], [0.07624289726628727, 0.07629058328151717, 0.0759951759573547, 0.08297768703521737, 0.0715204714741723, 0.07277608554891836, 0.07918963276679922, 0.07950566239405357, 0.08050069055608178, 0.07265859996766567, 0.07988313261769286, 0.07151183346890969, 0.08094754766532997], [0.07639824906398479, 0.07644401053367865, 0.07609978431711308, 0.08263468437490745, 0.07147306840003295, 0.07278726429253006, 0.07929981412534866, 0.07961108042965177, 0.0806614609660574, 0.07265305599826483, 0.07957817413218475, 0.07146929805987981, 0.08089005530636577], [0.0765691048610857, 0.07661214816048073, 0.0762103520285593, 0.08246951830097801, 0.07142462764468496, 0.07280257581016386, 0.07938646360447937, 0.07968666203414096, 0.080782690488002, 0.07264919854482539, 0.07920090931658183, 0.0714265587885892, 0.08077919041742859], [0.07665297304255753, 0.07670720666099232, 0.07622646359459272, 0.08270959498467947, 0.0713251883751299, 0.0727602353862329, 0.07945336805480586, 0.07974517456716308, 0.08086745767180333, 0.07258295771218366, 0.07893961863506775, 0.0713357260414348, 0.08069403527335667], [0.0767468922368696, 0.07683974889722534, 0.07619125171512929, 0.08299003477617467, 0.07116670909121749, 0.07268757839964067, 0.07959198410305146, 0.0798708665313548, 0.08101441061805571, 0.07246239346757463, 0.07863528631789099, 0.07119628594795793, 0.08060655789785748], [0.07671971879224974, 0.076925674804366, 0.07594120475438924, 0.08307417206929629, 0.07088502694220142, 0.07251421512062958, 0.07992553347558427, 0.08020164226782978, 0.08136332211929628, 0.07219762427612643, 0.07856277568142175, 0.07095470011858059, 0.08073438957802845], [0.07550324877835805, 0.07580123304190597, 0.07499826820897865, 0.08310988925700731, 0.07130065719024585, 0.07250090924268382, 0.07931794097618387, 0.0796337812717822, 0.08064990582090649, 0.07223682378658186, 0.08183403673826549, 0.07137361895110844, 0.08173968673599201], [0.07542433935163978, 0.0757702181348996, 0.07485478926861674, 0.0830745432505063, 0.0712803858110477, 0.07248463683405373, 0.07936249299688997, 0.07967036882265645, 0.08064977989919493, 0.07218527731250605, 0.08212312907031694, 0.07137197431553606, 0.08174806493213575], [0.07534604594154307, 0.07574107990175256, 0.07470686680854002, 0.0831523886384024, 0.07124796293334651, 0.07245525125852516, 0.07941052834880843, 0.07970956078174754, 0.08064579897022037, 0.07211809402705836, 0.08239114627190205, 0.07135146138452393, 0.08172381473362961], [0.07529816655428619, 0.07571665272653759, 0.07462601924324448, 0.08333333333333333, 0.07122352482132802, 0.07243090459388506, 0.07941951633300935, 0.07971334692764694, 0.08062445256571825, 0.07207551675596989, 0.08252569769518361, 0.07133123031705688, 0.08168163813280034], [0.07526781897931668, 0.0757271898518012, 0.07453555694192472, 0.0831451350116811, 0.07123706468062353, 0.07244419000582619, 0.079477072968731, 0.07976054380421245, 0.08062225721288381, 0.07205614192596757, 0.08274705306604194, 0.0713522494033957, 0.08162772614759416], [0.07521864014202967, 0.07574276523260008, 0.07438751664304867, 0.08303081457806918, 0.07122239083799188, 0.07243927427620843, 0.07957536259346785, 0.07984269685496219, 0.0806242760669572, 0.07199804322893479, 0.08293528296108542, 0.07134992501639241, 0.08163301156825231], [0.07522211642409193, 0.0757764349874107, 0.074343736104586, 0.08285551068203732, 0.07124332009371244, 0.07246470080109059, 0.07964011700709915, 0.07989859725542693, 0.08063682896374727, 0.07199825065943583, 0.08290585810593205, 0.07137668430379217, 0.08163784461163763], [0.07581951688476124, 0.07605767482076572, 0.07531050620106142, 0.08276515394838081, 0.07106250707237517, 0.07239151717469794, 0.07958248062347509, 0.07992955461264642, 0.08104654830043444, 0.07214443720125571, 0.08092081179816027, 0.07111759257914187, 0.081851698782844], [0.07600064862057776, 0.07614573165348892, 0.07562041148336768, 0.08312069935387534, 0.07124975019979242, 0.07254464377273365, 0.07938088027531866, 0.07971540460644592, 0.08077651250334032, 0.0723619635938222, 0.08040544092860487, 0.07127298427698946, 0.08140492873164293], [0.07618242692213895, 0.0762816511035199, 0.07583878674860234, 0.08303413388459964, 0.07133394450889687, 0.07264193894218943, 0.07935349794870018, 0.07967939935558803, 0.08069063680130191, 0.07248161397852247, 0.08000155842111359, 0.07134443000353727, 0.08113598138128962], [0.07519993919402121, 0.07578907508006155, 0.0742638419878892, 0.0826873943294363, 0.07118854310653588, 0.07242926160388777, 0.07972444835590338, 0.07997769138031616, 0.08068194278864314, 0.07193326573324277, 0.08311698261376133, 0.07132895646587888, 0.08167865736042247], [0.07518338270698427, 0.07580754952027025, 0.0741895872795608, 0.08249136151637632, 0.07114601765876906, 0.07240452533550862, 0.07980698307065294, 0.08005322793163294, 0.08071592880443783, 0.07187881968652977, 0.08333333333333333, 0.07129348949691475, 0.08169579365902903], [0.0752199815234856, 0.07588421634494255, 0.07415920129796759, 0.08224444480419003, 0.07117066720731187, 0.07244295835395863, 0.07994051526461697, 0.08017594572746092, 0.08077835868251534, 0.071883183314993, 0.08305989474897665, 0.07132328425654651, 0.08171734847303426], [0.07524784851458081, 0.07595349778365257, 0.07411852262821521, 0.08197946481374375, 0.07119013064099748, 0.07247472399886742, 0.08006125275709455, 0.08028324836181824, 0.08081425932512398, 0.07187975799644897, 0.08295784008063703, 0.07134653162763754, 0.08169292147118236], [0.07524248143386657, 0.07599026837199842, 0.07404192080699692, 0.08173090869973533, 0.07113827613533544, 0.0724460109971208, 0.08017674399264597, 0.08038795687989105, 0.08085397496289765, 0.07181527923201465, 0.08320770117539515, 0.0712994054264352, 0.08166907188566674], [0.07523904651764678, 0.07600722343862706, 0.07400297476315026, 0.08161532366964437, 0.07109803087552154, 0.07242093670036431, 0.08024266016493627, 0.08044994615137892, 0.0808869179373666, 0.07177296067596109, 0.08333333333333333, 0.0712617634904449, 0.08166888228162446], [0.07527457647622691, 0.07607044423645813, 0.07398997287229181, 0.08143978330726091, 0.07109978339238822, 0.07243892340102642, 0.08035669054001728, 0.08055570292853709, 0.08094054093360649, 0.07176759138951659, 0.08314019295292183, 0.07126666624681383, 0.0816591313229345], [0.07529618372055633, 0.07612223742728595, 0.07395915472578976, 0.08124965414368644, 0.07108143422423552, 0.07243919772335403, 0.08046426160180291, 0.08065348900902727, 0.08097869043951668, 0.07174248860592349, 0.0831374354931959, 0.07125182863585167, 0.08162394424977423], [0.07533401773692044, 0.07620269107781209, 0.07392627738046119, 0.08096529986365694, 0.07110690097794972, 0.07247916810665538, 0.08057667258898958, 0.08074338173493326, 0.08096151705241017, 0.07174651827927897, 0.08318565221561296, 0.07128131079268674, 0.08149059219263259], [0.07538713746238755, 0.07629652348675764, 0.07390959092660589, 0.08069306939883734, 0.0711266419772519, 0.07251881251928348, 0.0807133972578654, 0.0808584558915239, 0.08097006120240642, 0.0717521140502317, 0.08309150469381811, 0.07130533491032227, 0.0813773562227085], [0.07531704068322995, 0.07619589878960113, 0.07388607735424434, 0.08092191204272846, 0.07099547683872093, 0.07239599200250829, 0.0806641667136057, 0.0808385424023295, 0.08105953253944809, 0.07165527883095303, 0.08333333333333331, 0.07117280376224906, 0.08156394470704809], [0.0758872117616344, 0.0760368348486248, 0.07554212418053484, 0.08318151298910358, 0.07134134677263741, 0.07257998231906838, 0.07926722579845943, 0.07959753614768587, 0.08066013383204698, 0.07240778930336807, 0.08068693628702732, 0.07136279280573059, 0.08144857295407835], [0.07582563678139441, 0.07601806330681551, 0.07541045780131289, 0.08305118385576707, 0.07122316990490694, 0.07249269747172475, 0.07938571212780186, 0.07972265891074229, 0.0808092179346399, 0.07228712659923649, 0.0808703205564956, 0.07126026621740714, 0.08164348853175507], [0.07610176066588997, 0.07627657514189033, 0.07561876652543006, 0.0830343605872103, 0.07107725527092293, 0.07245994878690176, 0.0795967288931096, 0.07993650164263626, 0.08098665007661231, 0.07223748217851217, 0.08014067578479683, 0.0711155130387306, 0.08141778140735688], [0.07593410071535855, 0.07613170789774101, 0.0754606317003468, 0.08310496671045402, 0.07107269239621808, 0.07241652150804882, 0.07954344528926094, 0.07988800570149783, 0.08098203657104625, 0.07219119431806464, 0.0805428704476378, 0.07111522085429053, 0.08161660589003464], [0.07552214311144946, 0.07585011086245072, 0.07492331182874365, 0.0830555728230201, 0.0709510291603411, 0.07226220422284549, 0.07959162483841378, 0.07993490210185109, 0.08104587634951496, 0.07196109705149595, 0.08171092082272693, 0.0710362770740064, 0.08215492975314032], [0.07571384731566358, 0.07598109743296849, 0.0751765784333578, 0.08289329500833965, 0.07101068423703728, 0.07233514039060226, 0.07958821050243263, 0.07993631951208072, 0.0810627145922921, 0.07207112998505022, 0.0811728806510733, 0.071075146115463, 0.081982955823639], [0.0762224925101425, 0.0763991635315587, 0.07569820439051742, 0.08271476169591045, 0.07105961411670925, 0.07248297741304115, 0.07968736991609966, 0.08002261601164175, 0.08110242219247742, 0.07224746640435226, 0.07988423653955828, 0.07110183947319053, 0.08137683580480064], [0.07633897181790794, 0.0765479538192024, 0.07570024796874536, 0.08272088616138773, 0.07091440119916093, 0.0724236359140917, 0.07986433663041315, 0.08019304091939224, 0.08133591184980542, 0.07214584860789387, 0.07952055261237141, 0.07097278555250532, 0.0813214269471224], [0.07688899989312831, 0.0770276836592131, 0.07618754861740072, 0.08290162510856564, 0.0710767486428076, 0.07268070629512939, 0.07980999550226352, 0.07999785798400341, 0.0811317635816287, 0.07240260729908354, 0.07830361134957908, 0.07112785248791821, 0.0804629995792787], [0.07685779376424212, 0.07693553163092104, 0.07629326041030993, 0.08290399804579797, 0.07121759116666582, 0.07275270630707713, 0.07959510416519877, 0.07982878190968565, 0.08096268700273243, 0.07252832623874698, 0.07842470628961447, 0.07124561217820448, 0.08045390089080327], [0.07539564863351558, 0.07610746535512268, 0.0741220995381615, 0.0811530067763711, 0.07018561513164755, 0.07178277101875982, 0.08100200072892635, 0.0813855553118854, 0.08249331000729652, 0.0711669679068678, 0.08176073572580428, 0.07035709792313052, 0.0830877259425108], [0.07531548513659052, 0.07602048025103508, 0.07407976160550513, 0.08144780805933381, 0.07026560966335305, 0.07181770428053816, 0.0808283949996493, 0.08119013527796527, 0.08220310268509885, 0.07121156071672091, 0.08209056010471111, 0.07043457334254692, 0.08309482387695204], [0.07528832560467323, 0.07595066179901745, 0.07412741995378445, 0.08169806721043213, 0.07029182255475923, 0.07181719983625419, 0.08064784892208654, 0.08100982332249483, 0.08206961528781671, 0.07124575454019498, 0.08206745297453501, 0.07045267466061787, 0.08333333333333333], [0.07527961935091489, 0.07590809073076313, 0.0741843881921852, 0.0819508523028329, 0.07037993112647904, 0.0718695250646827, 0.08048694321130508, 0.08084221868486062, 0.08189999145388802, 0.07132694914719052, 0.08222258818133703, 0.07053384432430847, 0.08311505822925244], [0.07532434544339521, 0.0758929989489931, 0.07431721475218865, 0.08209495960870233, 0.07040795298159323, 0.07188527635567321, 0.08035093446752621, 0.08071551702701969, 0.08185015634158602, 0.07138860142609324, 0.08214958475255094, 0.070551248307379, 0.08307120958729926], [0.07539207575989249, 0.07591737144188532, 0.0744389288702566, 0.08206453786482071, 0.07041068730571726, 0.07189397131185285, 0.08029752498969725, 0.0806711494332321, 0.08186336688306564, 0.0714281202108662, 0.08190625292164731, 0.07054697813692688, 0.08316903487013941], [0.07555169666018419, 0.07606459152531482, 0.0745817374327915, 0.08173835938731926, 0.0704053521374316, 0.07193084291735141, 0.08044459576745155, 0.08083110887296789, 0.08208222110315061, 0.0714665840339654, 0.08143672049725763, 0.07054153949174927, 0.08292465017306501], [0.07562022377242589, 0.07620900390316383, 0.07448728546128618, 0.08131730958826577, 0.07021442536616306, 0.07183118792576094, 0.08083161475071503, 0.08123680999230555, 0.08254670768315209, 0.07129958036441202, 0.08095839195932003, 0.07036671087868135, 0.08308074835434827], [0.07554567374758007, 0.07622649899655912, 0.07427207160363837, 0.08096502194593586, 0.0700966459394552, 0.0717498990586299, 0.08111183343277964, 0.08152439131526533, 0.08284796824436462, 0.0711492479371684, 0.08115508672583738, 0.07026501026393686, 0.08309065078884896], [0.07546237854216398, 0.07618167474961988, 0.07414561239307484, 0.08084359918173616, 0.07006942164582172, 0.07171809145326528, 0.08115895990800777, 0.0815647437457788, 0.08279463943057774, 0.07109110351896067, 0.08139260034750344, 0.07024384175015634, 0.08333333333333333], [0.07542433656497734, 0.07609254426603293, 0.07420855439088316, 0.08122440128654783, 0.07016564158545134, 0.07176359582707095, 0.08090689609066888, 0.08130107438876144, 0.08251787130336018, 0.07117954411251345, 0.08155230466094393, 0.07032990218945541, 0.08333333333333334], [0.0753779497930054, 0.07606507696852527, 0.07415234307385986, 0.08133507765576553, 0.07023029783006685, 0.07180356720505732, 0.08087978594234371, 0.08125859509522271, 0.08237310379828858, 0.071208470783797, 0.08182785596478373, 0.07039687301176752, 0.08309100287751645], [0.07537483131764959, 0.07598550204496743, 0.07427434566246112, 0.08167219484073344, 0.07027726501115407, 0.07181545733439543, 0.08061059396558132, 0.08099122477268815, 0.08217814118388826, 0.07128057966060047, 0.08177669607455113, 0.07042983479799621, 0.08333333333333333], [0.07550707402402244, 0.07609014955087463, 0.07442237668076214, 0.08145809429126917, 0.07029345296144077, 0.07185591034371834, 0.08067243813880352, 0.08106538428356165, 0.0823284851399573, 0.07133690392505458, 0.08142509530771312, 0.07044248818359534, 0.08310214716922713], [0.07546031293888633, 0.07606810101034875, 0.07434590948998755, 0.08148574392554385, 0.07027828022456382, 0.07183876266710879, 0.08070699701182059, 0.08109678454524934, 0.08233310432595572, 0.07130260591403811, 0.0815358368898073, 0.07043124393211005, 0.08311631712457973], [0.07552383535428675, 0.07614220741428498, 0.0743661402909328, 0.08118063494777912, 0.07019568106165366, 0.07179894329115762, 0.08084300249035672, 0.08124522498057624, 0.08254071610343348, 0.07124928643829288, 0.08122893770229887, 0.07035205659161352, 0.08333333333333333], [0.07535478688416998, 0.07598573841344544, 0.07423110982873327, 0.08167862595654009, 0.0703060448851441, 0.07183665716806038, 0.08063641478781385, 0.08100987047609005, 0.08214884041053487, 0.07128770993640517, 0.08187885356592199, 0.07046174428130579, 0.08318360340583501], [0.07537816055388391, 0.07593535418100075, 0.07436835030818609, 0.08191104079135758, 0.07033863729736499, 0.07184637167625633, 0.08041441039478836, 0.0807921521566203, 0.08199107250473842, 0.07135430983639553, 0.08185563844242395, 0.07048116852365041, 0.08333333333333333], [0.0754934155960808, 0.0760326573234459, 0.07448996492599336, 0.08172772746712398, 0.07036449207339533, 0.07189203476759075, 0.08048324966664536, 0.08086923128011579, 0.08211296130093525, 0.07140928462819629, 0.08155981288757053, 0.07050496760948656, 0.08306020047341982], [0.07562360707425841, 0.07617554094797743, 0.0745564794839333, 0.08149388883167946, 0.07027853029650165, 0.07186895834152002, 0.0806890754465261, 0.0810886480357137, 0.08238026006808383, 0.07136694064015124, 0.08104612207317305, 0.07042385736550638, 0.08300809139497534], [0.07562477564830428, 0.07613052139859461, 0.07464532581328663, 0.08171017063898417, 0.07038531952318984, 0.07193472009678913, 0.08050095080699962, 0.08089203989164066, 0.08215742661153833, 0.07147116999858799, 0.0811869964723071, 0.07052151315006078, 0.0828390699497169], [0.07534272191820075, 0.07593144052255724, 0.07429507136406378, 0.08193159501532017, 0.07036577190695646, 0.0718651158028734, 0.08045883692667136, 0.0808282717586022, 0.08197470174407563, 0.07135096382449563, 0.0820299296871338, 0.07051325529691106, 0.0831123242321385], [0.07545252060380452, 0.07596306980534086, 0.07451036280686187, 0.08197875253825081, 0.07041802355187239, 0.07191201023641931, 0.08031916886104033, 0.08069760512349804, 0.08191529946770153, 0.07145490871971098, 0.08172743264566247, 0.07055237505446232, 0.08309847058537469], [0.07555097477191501, 0.07603188347790348, 0.07463912595786718, 0.08192516532251232, 0.07046165415098989, 0.07196314111372398, 0.08031552483510708, 0.08069714182242708, 0.08193301424192864, 0.07152516439724799, 0.08148213079386042, 0.07059163091701455, 0.08288344819750236], [0.07554131492053602, 0.07641986425685904, 0.07397068463729962, 0.08027857878086532, 0.07010473680728983, 0.0718115252884384, 0.08175415343770327, 0.08213810486116058, 0.08265657494291061, 0.07106239506079637, 0.08139593959536304, 0.07030703232320255, 0.08255909508757532], [0.07554384314169137, 0.07638133007405072, 0.07402015462620189, 0.08049672343089269, 0.07000960921327362, 0.07173033649033914, 0.08167108044616754, 0.08208401095006401, 0.08290964682940764, 0.07100999006919038, 0.08120936911272046, 0.07020563808466047, 0.08272826753134008], [0.07559404841935603, 0.07636078532445804, 0.07414914459163086, 0.0808720345676152, 0.06991481596829974, 0.07165439827440885, 0.08150542691277003, 0.08193688924484255, 0.08333333333333331, 0.0709821458343521, 0.08083152231923657, 0.07010007663186087, 0.08276537857783557], [0.07581634612103354, 0.07653402188360628, 0.07439791953554688, 0.08122743333407914, 0.06998692425786579, 0.07175435537781642, 0.08147461590095986, 0.08189251921253392, 0.08297636177236427, 0.07110994782194983, 0.08030980479199874, 0.07016571397824542, 0.08235403601199985], [0.07614341851248774, 0.07696400431008917, 0.07447865200873696, 0.08099021279604215, 0.06999729812524781, 0.07187960344469965, 0.08190105464647852, 0.08222532891903528, 0.0829664884466154, 0.0711458148824698, 0.07958702341528157, 0.07019635009247283, 0.08152475040034328], [0.07611841103346453, 0.07711168293946927, 0.07421101763783132, 0.08032560832419743, 0.06998961021293301, 0.07191536059227217, 0.08253581885579168, 0.08277692947124976, 0.08273963931474862, 0.07106185536334651, 0.07975615975000917, 0.07021584200902695, 0.0812420644956595], [0.07584919218207466, 0.07693115315415895, 0.0738681238504049, 0.07990420578207318, 0.06989552535296248, 0.07179373797108152, 0.08286806720413199, 0.08333333333333333, 0.08295712072156569, 0.0708817034210724, 0.08026801568672014, 0.07012545912499735, 0.08132436221542343], [0.07569199594260712, 0.0767356727936097, 0.0738243872454271, 0.07988646506321824, 0.07001270249294915, 0.07182587253329292, 0.08250651246053942, 0.08284051998557006, 0.08289777613804833, 0.07094720340683654, 0.08089177122532275, 0.07023346258990472, 0.08170565812267377], [0.07559104963225909, 0.07651532103101531, 0.07393679762250693, 0.08018851450266626, 0.07008323065534058, 0.0718204358233151, 0.08197352620512566, 0.08235574778372663, 0.08261491397284546, 0.07103500791827087, 0.08127034621407873, 0.07029074900017375, 0.08232435963867563], [0.07558595602178159, 0.07645256644869018, 0.0740074927667428, 0.08044572853462233, 0.07000228861652898, 0.07174481360306229, 0.08182065560671244, 0.08223772699625709, 0.08284346601273473, 0.07100118632905196, 0.08109575249977224, 0.07020367622016029, 0.08255869034388322], [0.07564291546559768, 0.07646556487017526, 0.07410137484782217, 0.08072423670125316, 0.06991104409230628, 0.0716806709588292, 0.08175143918074253, 0.08218881912031904, 0.0831616059456139, 0.07096522473635923, 0.08075839402169911, 0.07010619943829151, 0.08254251062099083], [0.07568145478477102, 0.07647837129791775, 0.0741635497865107, 0.08087173324364974, 0.06988371309401384, 0.0716639376585893, 0.0816910550177102, 0.08212778991471589, 0.08333333333333333, 0.07096490216308368, 0.080584019455226, 0.07007518959148697, 0.08248095065899151], [0.07578024442413415, 0.07660873060907383, 0.0741857795479682, 0.0808438359243309, 0.06986605525726826, 0.07168676703988357, 0.08186968648714048, 0.08230214639648643, 0.08333333333333333, 0.07096004040623553, 0.08031549547834405, 0.07006389096962008, 0.0821839941261811], [0.07568507139833346, 0.07662253563424426, 0.07396389103806947, 0.08032909678702536, 0.06992137270577257, 0.07173283802509883, 0.0821973915653579, 0.08263648219370694, 0.08297428643876491, 0.07093169990423354, 0.08075897778980182, 0.07013594921388681, 0.08211040730570428], [0.07575859586624906, 0.07675859066879363, 0.0739107434957611, 0.08019033143283083, 0.06983066690900719, 0.07170229939463023, 0.082503515