[[0.07150040003062169, 0.0748146460274443, 0.07197418083611888, 0.07303644626000254, 0.08077518502302583, 0.07153368328350679, 0.08070809682482631, 0.08271948354928704, 0.08090549491223248, 0.07553607926283504, 0.07303046496277993, 0.08161069335978131, 0.0818551456675378], [0.07149686543149181, 0.07471428876950865, 0.07202174618390625, 0.07305700535761396, 0.08105984062989381, 0.07156846335817588, 0.08049782836890264, 0.0829603540545188, 0.08074837700415756, 0.07545023305141564, 0.0730859466825035, 0.08142288837908121, 0.08191616272883019], [0.07154611942572069, 0.07463770091692633, 0.07212596967594737, 0.07312379105387364, 0.08142191179045079, 0.07166088641663652, 0.08025314257236851, 0.08300954554171737, 0.08055187951842374, 0.07538113537972294, 0.07319248953268274, 0.08118446196057026, 0.08191096621495896], [0.07156575471603452, 0.0746199113287209, 0.07220257650050874, 0.07317486932205741, 0.0817443021214031, 0.07172291538625873, 0.08007287477415406, 0.08295077327473133, 0.08041623665364855, 0.0753257727977316, 0.0732789725332175, 0.08102188254632638, 0.08190315804520722], [0.0716089987304619, 0.07460554570506557, 0.07230549935508247, 0.07324427990082856, 0.08212192525934547, 0.07181196817956916, 0.07985027474126422, 0.08288991749511493, 0.08023204719390144, 0.07526678511527218, 0.07338762980539998, 0.08086709629035069, 0.08180803222834353], [0.07158422533474544, 0.07457620270536171, 0.07233967742010627, 0.07326438997742245, 0.08237784067407994, 0.07182867942073506, 0.07971316671953745, 0.08293219051643702, 0.08013355605608596, 0.07520876305031056, 0.07343945487904756, 0.08079578701716605, 0.08180606622896439], [0.07143594841016468, 0.07448801001562387, 0.07230813132401165, 0.0732303519573448, 0.08269177007976604, 0.0717573450229057, 0.07953408813997707, 0.08333333333333333, 0.08003204855656924, 0.0750839083059882, 0.0734594100530662, 0.08074703085026678, 0.08189862395098246], [0.07143004319762891, 0.07449753934914478, 0.07240819428107398, 0.07331414343981983, 0.08303837521512021, 0.07182476696405926, 0.07936661861656874, 0.08292821180240524, 0.0799258822128651, 0.07504734823655912, 0.07359542448325967, 0.08066975024937531, 0.08195370195211987], [0.07133914945996427, 0.07449242349371886, 0.07243467509957778, 0.07334819731105842, 0.08333333333333333, 0.07180994835124556, 0.07928002508460719, 0.08252249559156448, 0.07990813753638597, 0.07501008605328201, 0.07367846605930697, 0.0806869188347343, 0.0821561437912208], [0.07141058953586622, 0.07461910495829129, 0.07265278160132085, 0.0735576122740763, 0.08285000792189252, 0.07198112165987681, 0.0791858233668619, 0.08194735540335626, 0.0798625182068119, 0.07507844186594326, 0.07395299877411307, 0.08065166263061585, 0.08224998180097375], [0.07135870407340525, 0.07468411113401519, 0.07276551938027409, 0.07368068329684287, 0.08333333333333333, 0.07203666610546532, 0.07906526659660358, 0.08132004896865158, 0.07979096893839029, 0.07508958848214399, 0.07414353386557364, 0.08057636247377843, 0.08215521335152247], [0.0715111909103277, 0.07485239133540833, 0.07302683271673538, 0.07392027268894485, 0.08309790652359468, 0.07226653406355345, 0.07892206794653628, 0.08087470228333202, 0.07965476606925548, 0.07517968427057972, 0.07443599224220387, 0.08040242673913656, 0.0818552322103917], [0.07149828539343812, 0.07498855573756281, 0.07312949859129948, 0.0740529444533431, 0.08308789439940945, 0.07232572924602296, 0.07892292766339672, 0.08036758701569527, 0.07968445961155556, 0.07527563251313042, 0.07460584511552673, 0.08039921087329109, 0.08166142938632835], [0.0714966003959224, 0.07510170419992532, 0.0732040955350659, 0.07415441843974072, 0.08309309675679237, 0.07237082653408242, 0.07893515730655618, 0.07998776391385866, 0.07971154569360162, 0.07536446714958653, 0.07472814326869066, 0.08038847706859827, 0.08146370373757893], [0.07143580521419819, 0.07522163794770417, 0.07321102517471537, 0.07421702738072193, 0.08314535152371853, 0.07234665872500384, 0.07903797781751865, 0.07953051602362897, 0.07982037806031893, 0.07548382046125134, 0.0747949432542265, 0.08046933224205621, 0.08128552617493719], [0.07133905141086772, 0.07528595606061396, 0.07313198044892716, 0.07419804305075517, 0.08305558178264648, 0.0722526550853074, 0.07925118931809307, 0.07920788551871964, 0.07998019526171422, 0.07557923299759912, 0.07475573454613868, 0.08066458387800286, 0.08129791064061452], [0.07128527493846641, 0.07541735895548783, 0.0730833054202656, 0.07422234765549457, 0.08275148909391022, 0.0721927515976633, 0.07954412325116532, 0.07875670801263375, 0.08016719935533652, 0.07575268189058657, 0.07474407200686464, 0.08088351038350029, 0.08119917743862508], [0.07106837852447521, 0.07542535519189202, 0.07281550826962192, 0.07405543525001672, 0.08333333333333333, 0.07192754401658111, 0.07992403906986778, 0.07832442431544173, 0.08045554172785667, 0.07586362321382886, 0.07450371975181734, 0.08119620063362756, 0.08110689670163969], [0.07162205423385908, 0.0750017620054736, 0.07198302906143673, 0.07305195362193176, 0.08039803041971284, 0.07158008919971477, 0.08083900492024144, 0.08279560300299993, 0.08090728759134766, 0.0756516950465046, 0.0729915952944419, 0.08162460665055382, 0.08155328895178204], [0.07161906682977996, 0.07487687109722352, 0.07204921844525815, 0.07308535750371335, 0.08075975116182779, 0.07162839670228467, 0.0805981249398771, 0.08288238993257167, 0.08075124471854796, 0.07554861198763377, 0.0730705565995339, 0.08144316150952893, 0.08168724857221935], [0.0716039903283274, 0.0747951995333635, 0.07207270452787799, 0.07309069286296911, 0.08097898045183867, 0.0716418172109743, 0.08044918651260062, 0.08310212315386677, 0.08064300661931406, 0.07547966661762302, 0.07310133461259213, 0.08131640903130673, 0.08172488853734579], [0.07159254379421168, 0.07464818807408978, 0.07216379213491272, 0.07314906571555731, 0.081478374201918, 0.07170404176081971, 0.0801968153491963, 0.08302999054366741, 0.08048566496884417, 0.07538042073812196, 0.07321876588700207, 0.08111207331455571, 0.08184026351710326], [0.071567000386792, 0.07474431224600034, 0.07206618535587561, 0.0730835413137919, 0.0810722736402868, 0.07162493613080606, 0.08041657561961627, 0.08312614667793837, 0.08064036899551623, 0.07544918683571245, 0.07310833778155633, 0.0813076560785171, 0.0817934789375907], [0.07161426341993557, 0.07461753790376366, 0.07225067565915462, 0.07320454212350709, 0.08186018189105373, 0.07177465650975164, 0.0799741096827436, 0.08305395461824713, 0.08031196573017117, 0.07530887271307671, 0.07331557314979344, 0.080913383887466, 0.08180028271133566], [0.07167437963899337, 0.07461550094481832, 0.07234274151370189, 0.0732672281527935, 0.0821207907626865, 0.07186159436493626, 0.0798010363865909, 0.08302866221769796, 0.08015642002363207, 0.07527380562814434, 0.07340332212733912, 0.08076975361234383, 0.08168476462632206], [0.0715964280217715, 0.0745727456864379, 0.0723585904891725, 0.07327615973098536, 0.08244187767978839, 0.07184668668573521, 0.07966888449657054, 0.08296502760036492, 0.08009115278486313, 0.07519770323227438, 0.07345685672109624, 0.0807535196929945, 0.08177436717794549], [0.07157682008714251, 0.07451856719356857, 0.07240742273015226, 0.07329785990818076, 0.08280880881630676, 0.07187723621841957, 0.07943393580223175, 0.08333333333333333, 0.0798898663692865, 0.07510224666232898, 0.07351941923762578, 0.08056956149473944, 0.08166492214668378], [0.07155718488570464, 0.07452878099269178, 0.07250577435277861, 0.07338254771033807, 0.08312036836498764, 0.07193838282711468, 0.07927859300967692, 0.08288161115840888, 0.07980488096355741, 0.0750651770584063, 0.07366051630993008, 0.08052092846324199, 0.08175525390316299], [0.07147131634826072, 0.07451459682550311, 0.07251337380755928, 0.0733972241695402, 0.08333333333333333, 0.07191276151911795, 0.07921123690590766, 0.08264627644845247, 0.07979666596972212, 0.07502699725648072, 0.07371406980788409, 0.0805435382961465, 0.08191860931209186], [0.07148207936514019, 0.07456922762011338, 0.07261286886634791, 0.07349494651248768, 0.08308289256309338, 0.07198296034525065, 0.07916238698373088, 0.08233860680758234, 0.0797872124006126, 0.07505037015626417, 0.07385038743116465, 0.08055077653828993, 0.08203528440992232], [0.0715013046093411, 0.07462614412751192, 0.07272289616559549, 0.0736007560632782, 0.08298262293108073, 0.07206348540104143, 0.07909449915583429, 0.08200186146120556, 0.07974833962389011, 0.0750727984822195, 0.07399653873731432, 0.08051858587460206, 0.08207016736708524], [0.07150102403320378, 0.07464944103914675, 0.0727795645348224, 0.07365483253969708, 0.0831100155198826, 0.07210153144121514, 0.07903645400763365, 0.08179047775337397, 0.07970575172071977, 0.07507448291339312, 0.07407614759256538, 0.08047608669894657, 0.08204419020539978], [0.07150963573006149, 0.0746865479972513, 0.07286449230078508, 0.07373447384850426, 0.08333333333333333, 0.07216188021440063, 0.07894724565922996, 0.08150316090967226, 0.07963345357171236, 0.07507867072928166, 0.07419058534002022, 0.08039810106744125, 0.08195841929830612], [0.0715344740625324, 0.07477710778448597, 0.07296441220385463, 0.07384088964362301, 0.08307201412161873, 0.0722357833837681, 0.0789337567878583, 0.08121258269863559, 0.07964130108445085, 0.07513537776324293, 0.07432623899067442, 0.08039942077809666, 0.08192664069715859], [0.07170440747260468, 0.07496655248984703, 0.07327610391605603, 0.07412380428649255, 0.08303442749421538, 0.07250628632787048, 0.07872628352105551, 0.0806358699623121, 0.07944000864643376, 0.07522409014577387, 0.07467868494565358, 0.08015060923158888, 0.0815328715600961], [0.07167160402536633, 0.07507179874644056, 0.07334207525473266, 0.07421984281313176, 0.08303143824108458, 0.07253400985914375, 0.07873756480096679, 0.08023837909633608, 0.07947648308180942, 0.07529882917174271, 0.07480566194660808, 0.08016291392627736, 0.08140939903635991], [0.07144944689510532, 0.07484695398094156, 0.07297299997564803, 0.07388677276714384, 0.08309373906779473, 0.07220621575145526, 0.0789855615195167, 0.08083191632027986, 0.07973136615176185, 0.07518715796473448, 0.07439856033017885, 0.08048526082629134, 0.08192404844914805], [0.07168324729659316, 0.0751653369097553, 0.07343165633228674, 0.0743193723568623, 0.08308913315886132, 0.07259237918471427, 0.07870705781223229, 0.07992146548793114, 0.07945508901731257, 0.07536105143477043, 0.07493047520577172, 0.08011107484813276, 0.08123266095477616], [0.07162837551446061, 0.07528707646532036, 0.07347075736991095, 0.07440959007966909, 0.08333333333333333, 0.07259563954456809, 0.07876144936508285, 0.0794357714106136, 0.07948658116396255, 0.07545887755810896, 0.0750435918067672, 0.08011335994441504, 0.08097559644378732], [0.07159125700251448, 0.07536193683339985, 0.07345086495790053, 0.0744307629873969, 0.0829988243112832, 0.0725638411609526, 0.07892067445092883, 0.07923275682765002, 0.07960785423772997, 0.0755499866599346, 0.07505365114319594, 0.08025892336204297, 0.08097866606507015], [0.07143066961623269, 0.07541532629195821, 0.07332878579854883, 0.07438492860692682, 0.08333333333333334, 0.07241707946224787, 0.07913301744197329, 0.07881741827344918, 0.0797429441694238, 0.07563342048598876, 0.07499014069297603, 0.08043327787126285, 0.0809396579556784], [0.07144730364228292, 0.07558195530142368, 0.07338099557922748, 0.07448952238136464, 0.0830432613003644, 0.07245150530832949, 0.07931170410883268, 0.07836731369886159, 0.0797924806122021, 0.07580441211179284, 0.07508087628033723, 0.0804993161135677, 0.08074935356141325], [0.07128812778940466, 0.07556578314407245, 0.07314679339729635, 0.07432973049737195, 0.0830477694148673, 0.07223150444131382, 0.0796366923824756, 0.07823694892167579, 0.08009664843273939, 0.07588615190070118, 0.07485151801150705, 0.08082033800614459, 0.08086199366043001], [0.07172869934436975, 0.07504906789560735, 0.07205087368664602, 0.07309352797651132, 0.08039225133397794, 0.07166588069060416, 0.080705630096922, 0.08303718182667777, 0.08074148073336235, 0.07565837474644682, 0.07302693520741915, 0.08144015249919881, 0.08140994396225655], [0.0717280154324712, 0.07486333030899181, 0.07215506600068246, 0.07314803692668795, 0.08100105373748342, 0.07174320667670588, 0.08035150667005475, 0.08313177673370341, 0.08050689772595174, 0.07550159930096006, 0.07314968599135684, 0.08116795383075992, 0.0815518706641905], [0.07174267633098765, 0.07494175089352774, 0.07213196076448852, 0.07314211063401353, 0.08078164964337438, 0.07172999681482035, 0.08048918154111122, 0.08294453533059258, 0.08060514392243623, 0.07556666680242265, 0.07311930065854978, 0.08128184054840641, 0.08152318611526893], [0.0716329785548815, 0.07474865324383748, 0.07211955544220057, 0.07311342553499173, 0.08118462870293557, 0.071686901393325, 0.08028769086821919, 0.08333333333333333, 0.08049867363877124, 0.0754275926110455, 0.07314222961175114, 0.0811514216435328, 0.08167291542117495], [0.07177124207583223, 0.07478657390776347, 0.07225354990900572, 0.07321275741276548, 0.08135375863584621, 0.07182930304548923, 0.08013961537365825, 0.0830837260817277, 0.08034742946994027, 0.0754400865542818, 0.07325228115835818, 0.08097592899197235, 0.08155374738335919], [0.07172132948149755, 0.07464330249560619, 0.07228782876014692, 0.07322568975167139, 0.08173301948026322, 0.07183873593523969, 0.07994170887384665, 0.08333333333333334, 0.0802184880465522, 0.07533912156579019, 0.0733115874053203, 0.0808137531000433, 0.08159210177068911], [0.07171070384993238, 0.07471874004962287, 0.07223778047588508, 0.07320048145361134, 0.08147713705363316, 0.07179752069996012, 0.08012178523403651, 0.08305463627888575, 0.08036897048854634, 0.07540528233840792, 0.07325886493541947, 0.08099082852605406, 0.08165726861600513], [0.07178213333919972, 0.07464523730507905, 0.07240574468219345, 0.07331127192236425, 0.08206253755026824, 0.07194371514456546, 0.07975094628607907, 0.08312303076385323, 0.08006763844534939, 0.07530138305708597, 0.07343405366688713, 0.08064851559604717, 0.08152379224102797], [0.07176391656400019, 0.07461130810426243, 0.07242792745271924, 0.07331910920057923, 0.0822530043038132, 0.07195478759911746, 0.07962465620271636, 0.08333333333333333, 0.07996686523127998, 0.07524445731115122, 0.07346546660563028, 0.08056605856825534, 0.08146910952314176], [0.07175360560895301, 0.07460551176202988, 0.0724638021708213, 0.07334682591910557, 0.08244001675552555, 0.07197659793178564, 0.07955224250522458, 0.0831475270052253, 0.0799255276735276, 0.07521850003554838, 0.07351646012954842, 0.08054604773158278, 0.08150733477112183], [0.07173879700489874, 0.07457096448850263, 0.07250751244628463, 0.07337084538456914, 0.08269446707395706, 0.07200415253328714, 0.07938422991788871, 0.08333333333333334, 0.07978973119717886, 0.07515141031484546, 0.07357369251931363, 0.08042868640632687, 0.08145217737961388], [0.07167654872643142, 0.07455105343520554, 0.0725604636561182, 0.07341500862341474, 0.08312679161064455, 0.0720196434826124, 0.07924146616510502, 0.08300037851373145, 0.07971740813155503, 0.07509005616945309, 0.07367180444693883, 0.08039791035513104, 0.08153146668365863], [0.07164253158446172, 0.07454217170776616, 0.07258208342933574, 0.0734342046547904, 0.08333333333333333, 0.07202280038940072, 0.0791766439272293, 0.08282043241987563, 0.07968513573289496, 0.07506232966889041, 0.07371641946012737, 0.08038277776137057, 0.08159913593052369], [0.07163929970800834, 0.07455894746589142, 0.07261177710657221, 0.0734644535098236, 0.08320115436473266, 0.07204133753599157, 0.07916504299964988, 0.0827245714456643, 0.07969444028357196, 0.07506897280295712, 0.07376064153129977, 0.08040263690521451, 0.08166672434062276], [0.07164482136088397, 0.0745944846260499, 0.07270404540146379, 0.07354990856582216, 0.08313396561042691, 0.07210580191911709, 0.07907917761395503, 0.08243921162800015, 0.07965611566404164, 0.0750713165373367, 0.07388588883087187, 0.0803818861384922, 0.08175337610353862], [0.07159796601671259, 0.07460135611806759, 0.07274763100844925, 0.07359483013252457, 0.08333333333333333, 0.07211846176553319, 0.07900836465265898, 0.08217193682710097, 0.07961996230981098, 0.07504995640547071, 0.07397000278083901, 0.08036240166515826, 0.08182379698434056], [0.07164152271284994, 0.07466442957146784, 0.07285752617792303, 0.07369869015296845, 0.0830619023011986, 0.07220753121492543, 0.07896514366627129, 0.08193619358014916, 0.07959605325078421, 0.07508542960555713, 0.07410396253031418, 0.08034105182508902, 0.08184056341050175], [0.0717235206886867, 0.07476246521838155, 0.07305781587637553, 0.07387865853981777, 0.08308830051217118, 0.07237237814760833, 0.0788136372168056, 0.08147682794281967, 0.07946644598417696, 0.07511972974395699, 0.07434124257813096, 0.08019984892672141, 0.08169912862434726], [0.07176690554757384, 0.0748426691878693, 0.07320598935721331, 0.07401372027800768, 0.08333333333333333, 0.0724880211040954, 0.07867572699951905, 0.08108048729385553, 0.07934451272750997, 0.07513658209865073, 0.07452573977605619, 0.08006238915718485, 0.08152392313913082], [0.07178228000611624, 0.07498521417075239, 0.07334262967843967, 0.07416803172871135, 0.0829006075552817, 0.07257912657273953, 0.07868110999603517, 0.08066657455634202, 0.07938164417011634, 0.07523251877075605, 0.07472352879038661, 0.08008545087783547, 0.08147128312648745], [0.07169170784700735, 0.07488980068654168, 0.07318211902285184, 0.07402528502135784, 0.08295005726766504, 0.07244019388286776, 0.07878345705264883, 0.0809453537907468, 0.0794826983045472, 0.07518669042744075, 0.07454712109707544, 0.0802103701742517, 0.08166514542499792], [0.07169012331985702, 0.0747958184406842, 0.07308322848149225, 0.073915023069513, 0.08308339206507226, 0.07237586895511924, 0.07880876791136618, 0.08129396267814801, 0.07948198828992309, 0.07513351330418787, 0.0743993545636609, 0.08021845743279407, 0.08172050148818195], [0.07158941021438345, 0.07467059097220323, 0.07288199100801744, 0.07372941151806339, 0.08333333333333334, 0.07220480004320633, 0.07891390133713952, 0.08169082649624168, 0.07957039961818592, 0.07507045394314747, 0.07416615251806143, 0.08032272073891354, 0.08185600825910333], [0.07169241218932955, 0.0748645320847584, 0.07316239190770059, 0.07400048838315794, 0.08304223604429598, 0.07242818361687049, 0.07877546435654637, 0.08101916472543393, 0.07946808662184125, 0.07516811820063943, 0.07451549026442794, 0.08019750729380086, 0.08166592431119729], [0.07154679044651667, 0.07482244633738838, 0.0730159001147645, 0.07389534768137127, 0.08300639730895162, 0.07227377810918018, 0.0789185668138347, 0.08105710078814769, 0.07963543557261883, 0.07516235986560807, 0.07439611756300592, 0.08038715810365252, 0.0818826012949595], [0.07175845133513752, 0.07504580195366314, 0.07339385067337334, 0.07423004567809394, 0.08296854030242837, 0.07259906538877954, 0.07866769106227196, 0.0804069682202629, 0.07938490395485778, 0.07526833188948841, 0.07481002488684924, 0.08007553808614729, 0.08139078656864668], [0.07176749016842647, 0.07513248603567906, 0.07347830909624695, 0.07432247992004905, 0.08293139723665982, 0.07265251584590944, 0.07864919360343142, 0.08012449496846402, 0.07937808524366015, 0.0753261790775271, 0.07492703112434428, 0.08004636728580063, 0.08126397039380137], [0.07176789411847546, 0.075237543161024, 0.07356062760666478, 0.07442439610868247, 0.08294125553721206, 0.07270212498222287, 0.07863923917045974, 0.07978206706217425, 0.0793799250282914, 0.07540207491680731, 0.07505377785780469, 0.08001534884960053, 0.08109372560058042], [0.07175470585694375, 0.0753089391607234, 0.07360806124383815, 0.07449024917686978, 0.08308422833441094, 0.0727256923542535, 0.07864569740342531, 0.07951209350389066, 0.0793685187499611, 0.07545239862210731, 0.07513734294755134, 0.07997457360407222, 0.08093749904195245], [0.07167673341294077, 0.07540876055003749, 0.07357313192940315, 0.07452878981233305, 0.08303516192663009, 0.07267819297033237, 0.0788177105673844, 0.07913997482730727, 0.07947102365562765, 0.07555596776801747, 0.07517701652026469, 0.0801158900068525, 0.08082164605286908], [0.07160259234842581, 0.07552710763664179, 0.07355900225121388, 0.07457789030162773, 0.08305832409890022, 0.07263486632713018, 0.07898993111102293, 0.07868024678570698, 0.07954039650576947, 0.07567775203595223, 0.07522253871680296, 0.08021877353221117, 0.0807105783485946], [0.07156485932769453, 0.07561774155670356, 0.0735388940613736, 0.0746055389668962, 0.08295214168994415, 0.07260257810317063, 0.07914452388683994, 0.07838796352250776, 0.07961845737073917, 0.07578478743113683, 0.07523355466789863, 0.08031281589347451, 0.08063614352162059], [0.07142650653762708, 0.07567213541661855, 0.0733998646255398, 0.07454372984238891, 0.08333333333333333, 0.07245310723613262, 0.07937535747784279, 0.07801641121838089, 0.07975196896516812, 0.07588826699596643, 0.07513237036743559, 0.08046353775488022, 0.0805434102286856], [0.07123776466863044, 0.07562882810277691, 0.07309868796239236, 0.0743262129704268, 0.08333333333333333, 0.07217733283459134, 0.0797731160071712, 0.0779324732936722, 0.08013537434113698, 0.0759742328434484, 0.07482362801073816, 0.08085917652325549, 0.08069983910842633], [0.07172214896329464, 0.07471296692054064, 0.07298590803671406, 0.07380557856675661, 0.08312128001183786, 0.07232434457183581, 0.07885575927611445, 0.08171094337861345, 0.07948878064081201, 0.07510147563443696, 0.0742382246255639, 0.08022167070212716, 0.08171091867135259], [0.071739281681451, 0.074668882165441, 0.07289922114532377, 0.0737170888319882, 0.08312535410685548, 0.07227296507673506, 0.07891765644670096, 0.08202755881875398, 0.07951753182142224, 0.07509108399173758, 0.07410540634663107, 0.08024126210971753, 0.08167670745724227], [0.07172681226379198, 0.07461322025044252, 0.07278827885833783, 0.07361025105468802, 0.08333333333333334, 0.0721942337928123, 0.07897875421228667, 0.08232455916404535, 0.07954394515279176, 0.07507109490704779, 0.07395486822044828, 0.08025417887208579, 0.08160646991788847], [0.07176483755010495, 0.07461690832670893, 0.07277451619551341, 0.07359455672392717, 0.0831403797588044, 0.07219849025185553, 0.0790216679564329, 0.0825197494891316, 0.07955781259912158, 0.07508950333908243, 0.07391698821942608, 0.0802551573966934, 0.08154943219319755], [0.07176919343840393, 0.07458918940844562, 0.0726960270269314, 0.07352149882744363, 0.08313148778993419, 0.07214683038070942, 0.07909575841700207, 0.08284707060124984, 0.0795858419129729, 0.0750920307187181, 0.07380622140258561, 0.08026338810567708, 0.0814554619699262], [0.07179922273054193, 0.07458048619998026, 0.07260248343386165, 0.07343978768556297, 0.08282568862819771, 0.07209276307720876, 0.07923720982999434, 0.08333333333333333, 0.07965593397338522, 0.07513003487856558, 0.07366647202971517, 0.08029613143129966, 0.08134045276835342], [0.07186774239989781, 0.0746238266192131, 0.0726103950165823, 0.07345141009998377, 0.08262706498052808, 0.07212081154052415, 0.07933221793495504, 0.0831545973232332, 0.07971470400121486, 0.07519367935908647, 0.07364947530022574, 0.08033165400305263, 0.08132242142150282], [0.07140066435116879, 0.07488217160688942, 0.07295243613789497, 0.07389244755423169, 0.08298610446020896, 0.07217164670090317, 0.07906017021680072, 0.0806752231210713, 0.0798246445112195, 0.07522795674167239, 0.07440600680606234, 0.08057610989361197, 0.08194441789826477], [0.07153025768164807, 0.07505789599962993, 0.07322849795070124, 0.07414998670239094, 0.08333333333333334, 0.07240298117181401, 0.07883296934315377, 0.08009790841343674, 0.0795962865071202, 0.07530541456706448, 0.07473191817486019, 0.08028239308539814, 0.08145015706944908], [0.07160691081706275, 0.07523385184426112, 0.07339931246937494, 0.07433765660009506, 0.08315340228412803, 0.07254068341506902, 0.07879649275266432, 0.07964176340621018, 0.07956365948829609, 0.07543522422130196, 0.07495085372100016, 0.08019198434668903, 0.0811482046338473], [0.07184735493828096, 0.07461929912306647, 0.07254261846072026, 0.07339955030077801, 0.08244412211455084, 0.07206583515206509, 0.07943656031132466, 0.08333333333333333, 0.07979168627827174, 0.0752158237056664, 0.07357147379062254, 0.08039363106631492, 0.08133871142500465], [0.07188881011345158, 0.07465951041498409, 0.07253101735614052, 0.073398861789444, 0.08224279078135668, 0.0720703246297035, 0.07955657432162308, 0.08315199073670254, 0.07987871304613184, 0.07527979490858107, 0.07354296290679274, 0.08045804878607322, 0.08134060020901517], [0.07191336281701563, 0.07469457335566408, 0.07249353203811253, 0.073378495236816, 0.08198408532273464, 0.07205069635375774, 0.07970552715231531, 0.08304335063335631, 0.07998648229121205, 0.07534631380387787, 0.07348863941860874, 0.0805420331387935, 0.08137290843773579], [0.07188608519504101, 0.07473242751420053, 0.07240326790407575, 0.07330891579910773, 0.0816985347241302, 0.07197757427070267, 0.07982946292749396, 0.08333333333333333, 0.08006358659004537, 0.07537401688322728, 0.07338410694815999, 0.08064768858427485, 0.08136099932620726], [0.07191468620336113, 0.0748326977421816, 0.0723772675964467, 0.07330077755550309, 0.08144720129956316, 0.07196690182999163, 0.0799823966799495, 0.08305833186152217, 0.08017369567579812, 0.07544951214175717, 0.07334445592197761, 0.08078005931110553, 0.08137201618084265], [0.07191518278681856, 0.07487314253954515, 0.07235705644620283, 0.07329171149577268, 0.08133187727472012, 0.07195167620991584, 0.08006496742088523, 0.08292388202885197, 0.08023882097053882, 0.07548349556114278, 0.07332169897569832, 0.08085615895484727, 0.0813903293350605], [0.07188516717782603, 0.07491265246596653, 0.07229539184821424, 0.07324954691913904, 0.0811413190775931, 0.07189697275096826, 0.08018060169582074, 0.08298409433512746, 0.08032526853260881, 0.07551387362191633, 0.07325808388183788, 0.08096039061376208, 0.08139663707921947], [0.07187394724685586, 0.07496804370705668, 0.07224958124544581, 0.07322199083186244, 0.0809406739280487, 0.07185951175670573, 0.08030163400711723, 0.0829587431658489, 0.08041214893903689, 0.07555772793140848, 0.0732078059010257, 0.08106310902018242, 0.08138508231940535], [0.07189419923264641, 0.07506837026141719, 0.0722041981220041, 0.07319521084514831, 0.08063518909565293, 0.07183304782124163, 0.08043949703167483, 0.08305130350547818, 0.08047849528055925, 0.07563495465221542, 0.07314405209728032, 0.08114340682066626, 0.08127807523401512], [0.07186126938071784, 0.07513471060425223, 0.0721176952302727, 0.0731350339633634, 0.08032925095501765, 0.07175975257768649, 0.08060848565778349, 0.08333333333333333, 0.08056038601619125, 0.07568960127952995, 0.07304947843006943, 0.08123803135327859, 0.08118297121850358], [0.07180724939225945, 0.07503173717516784, 0.07213687117893579, 0.07314756508540006, 0.0805943563010034, 0.0717552171007177, 0.08052429355067545, 0.08307404980525604, 0.08058021115438138, 0.07562235096265033, 0.0730975779274637, 0.08125853190067361, 0.08136998846541535], [0.07165961188187489, 0.07500782985256561, 0.07328426519683977, 0.07415276576968294, 0.08309827389590017, 0.07249290131649755, 0.0787445547243545, 0.08043262916845646, 0.07947551262417116, 0.07525375862953428, 0.07472290491318244, 0.0801779336222037, 0.08149705840473664], [0.0715195719703777, 0.07490411691547952, 0.07309947219478123, 0.07399361367361297, 0.08333333333333333, 0.07231765339733197, 0.07885267035722071, 0.0806226719473717, 0.07959402278859694, 0.07519769208088939, 0.07453655312969955, 0.08032418932072255, 0.0817044388905824], [0.07143169178443279, 0.07515056356186851, 0.07315251911607211, 0.07414510026578289, 0.08299269382738018, 0.07230802849683113, 0.0790663051441727, 0.07980140605953041, 0.07985995828532251, 0.07543607657550709, 0.0747063029314873, 0.08051748749236463, 0.08143186645924765], [0.071428812365884, 0.07500466899068003, 0.07307161435117648, 0.0740262798831901, 0.08304652038146187, 0.07225854268343705, 0.0790204732248015, 0.08025879531737355, 0.07979887196488905, 0.07530962403030307, 0.07457176965110131, 0.08051105046089137, 0.0816929766948106], [0.07138347999970938, 0.07465816700186508, 0.07272668841858723, 0.07363622236232174, 0.08310105607564103, 0.07202023985617972, 0.07911065962371325, 0.08156432628335843, 0.07981829060836072, 0.07508509606193649, 0.0740735923526536, 0.08060766631730336, 0.08221451503837014], [0.07139188916488129, 0.07480572220782189, 0.0728780225074195, 0.07380791364751567, 0.08295188839521726, 0.07212062793882837, 0.07908333983993297, 0.08096352215272032, 0.0798333392405006, 0.07517956760052126, 0.07429787644884542, 0.08060409766566655, 0.08208219319012876], [0.07132890034011369, 0.07518964537269612, 0.07309385532379761, 0.07413201048558514, 0.08333333333333334, 0.0722272992165224, 0.0791401469041825, 0.07947532835656775, 0.07993184808510895, 0.075483505450582, 0.0746923747798176, 0.08059587327732783, 0.08137587907436519], [0.0712772902505297, 0.07531463925413606, 0.07304836758417177, 0.07415586012125432, 0.08284901523613195, 0.07217031748240875, 0.07943332947475423, 0.07907084463086293, 0.08014467575960255, 0.07564909908283689, 0.07468392931936625, 0.08084702564516301, 0.08135560615878161], [0.07141885091470833, 0.07581899770312606, 0.0733584596018863, 0.07457261599081082, 0.08302391610377537, 0.07241553151170609, 0.07966250886030114, 0.07763714420311475, 0.07989928372511246, 0.07609100595997832, 0.07510444352571506, 0.08060572592185689, 0.08039151597790843], [0.07149498438880127, 0.07579151754159001, 0.07349338453558686, 0.07465262597802354, 0.08312024985711552, 0.07253781446943235, 0.07941459549749876, 0.07777514628831518, 0.0797033892202932, 0.07599288162372589, 0.07524028942909917, 0.08040933860469478, 0.08037378256582357], [0.07091187369059329, 0.07460672569114937, 0.07184030875172799, 0.07298640029298932, 0.08121698304977551, 0.07123089044944268, 0.08062551070442618, 0.08134252541467157, 0.08134257877903957, 0.07535134695731938, 0.07314691770803329, 0.08223391836691653, 0.08316402014391533], [0.07100269229310714, 0.07456532363787684, 0.07188718108003662, 0.072993784638356, 0.08150657945112462, 0.07129890906607311, 0.08047320143672823, 0.08169140787093249, 0.08111126529807537, 0.07529639311335574, 0.07315336187266526, 0.0819448107622062, 0.08307508947946254], [0.0710173281566764, 0.07453978624865892, 0.07195264046531177, 0.07303439557782314, 0.08178577541455923, 0.07135134219371407, 0.08027584970143112, 0.08189406438002414, 0.08093294082893181, 0.07523539214836292, 0.07322754059949704, 0.08177942820488131, 0.0829735160801283], [0.07105221674979054, 0.07451286863353529, 0.07201155017797566, 0.0730658415316133, 0.08204942185563133, 0.07140677617940076, 0.08009946394709978, 0.08212935780330707, 0.08074961866907443, 0.07518031921982632, 0.07328162321229366, 0.08158740173905984, 0.08287354028139174], [0.07102287797788967, 0.07451290666131391, 0.07208734741061233, 0.07313139486854228, 0.08222306700003701, 0.07144893746221433, 0.07993111107190559, 0.08204568894078192, 0.08063341602760099, 0.07513694072394568, 0.07339758044820013, 0.08149863271366295, 0.08293009869329324], [0.07098826483219972, 0.07454093517717073, 0.07214571362245983, 0.07319449117496374, 0.0821406338032812, 0.07147536208937941, 0.07986026545792622, 0.08177556032056128, 0.08060430683458855, 0.07513540729548479, 0.0734989479530024, 0.08148633618218437, 0.08315377525679762], [0.07094954837563332, 0.0746468929875333, 0.07218001814124206, 0.0732682748979243, 0.08187751623294393, 0.07147926224765572, 0.07999686405084071, 0.08124921220486019, 0.08079796056016732, 0.0752404293985564, 0.07358560486179751, 0.081695572692072, 0.08303284334877331], [0.07080817513543293, 0.07470235091276527, 0.07199907853990736, 0.07316743141361401, 0.0813251425078991, 0.07129878745678074, 0.08040597240648106, 0.08071479691263175, 0.08126047999658859, 0.07536543351554105, 0.07343050933362837, 0.08218850853539647, 0.08333333333333333], [0.0707746257976541, 0.07467816973330689, 0.0718322499947379, 0.07302937959292871, 0.08104897619091507, 0.07117172967222643, 0.08071886438552421, 0.08069613499125518, 0.08155417591662412, 0.0754120601794845, 0.07322143788955558, 0.08252886232245374, 0.08333333333333331], [0.07085717084625338, 0.07468077761805034, 0.07183014334678689, 0.07301450655330002, 0.08088031717529554, 0.07120020696221911, 0.08079333091681086, 0.08095631434595321, 0.08157699408807748, 0.07543609287361794, 0.07317511818062038, 0.08252781277872381, 0.08307121431429115], [0.07086265143644244, 0.07460455996569242, 0.07187816555855983, 0.07302432744292249, 0.0812803307576212, 0.0712394068728572, 0.08051513311504153, 0.08122789710506709, 0.0812803307576212, 0.07531853789835609, 0.07322316895097476, 0.08221215680551049, 0.08333333333333334], [0.07090699606314001, 0.07456597286861989, 0.07185704164462632, 0.07298572960068497, 0.08140829661601658, 0.07124286288913347, 0.08048899964860291, 0.08146355143103366, 0.08120135654244327, 0.07529104305566589, 0.0731645766005811, 0.08209023970611874, 0.08333333333333334], [0.07090764963253461, 0.07453859200185312, 0.07196562033318488, 0.07306272184507259, 0.08175837916123234, 0.07132026129480636, 0.08019613795008229, 0.0816338172985221, 0.08093669457313878, 0.07520325180284154, 0.07330336813445137, 0.0818401726389466, 0.08333333333333333], [0.07093299222892431, 0.07465627081821963, 0.07206864328867686, 0.07318478802711875, 0.0815238511639912, 0.07139515334573614, 0.08025749311046596, 0.08124659133022086, 0.08105152771698199, 0.07530384015123232, 0.07344812993771388, 0.08197440501617426, 0.08295631386454382], [0.0709156445843618, 0.07461389366875473, 0.07200362089631236, 0.07311971680176843, 0.08154000662446367, 0.07134570774206742, 0.08029490317540242, 0.08136781077307878, 0.08106837036608594, 0.07527977790631808, 0.0733633188978942, 0.08199119764918839, 0.08309603091430356], [0.07088306649842546, 0.07468449570001272, 0.07199732859941602, 0.07314631890742879, 0.08125051953483006, 0.07132581625653359, 0.08044242340265384, 0.08100449669809487, 0.081257508036236, 0.07536264667311006, 0.07338494156870251, 0.08219966564334029, 0.08306077248121595], [0.07094802161521753, 0.07453690192637186, 0.07195627228865205, 0.07304778817507894, 0.08178164009504282, 0.07132863224326298, 0.08022970429098113, 0.0817475507225054, 0.0809422826489454, 0.07521481741307967, 0.07326897664947779, 0.08182732536206086, 0.08317008656932372], [0.07097275866923752, 0.07455543602667178, 0.07209502258908378, 0.07316181563499631, 0.08199672103439624, 0.07143349700150557, 0.07999446582056177, 0.08172464967845368, 0.08073959888372464, 0.07517493326627277, 0.07344300435669403, 0.08163121766807271, 0.08307687937032912], [0.07094616661938859, 0.0746176718132441, 0.07212793859423028, 0.07321598952603525, 0.08181133426651006, 0.071443304872835, 0.08004812582197127, 0.08139046787904705, 0.08083351877624867, 0.07522957478557758, 0.0735127771683338, 0.08173851056809867, 0.08308461930847984], [0.07087061486002902, 0.07471541343463889, 0.07209872022159484, 0.07324194664002215, 0.08147818149447611, 0.07139024061426319, 0.08025750284576656, 0.08081642003904668, 0.08110184262515079, 0.0753464381336203, 0.07353229645165753, 0.08201128649392972, 0.08313909614580423], [0.0709529514072114, 0.07471926090199271, 0.07222035065147424, 0.07332724481698027, 0.08174829687395582, 0.07150479580215448, 0.08005806497555269, 0.08097429435301487, 0.08088428055647041, 0.07531003033646595, 0.0736507795778491, 0.08177333287408772, 0.08287631687279036], [0.0709804227211085, 0.07451918918201189, 0.0720335387887669, 0.07309775411644506, 0.08204619392165331, 0.071395411543017, 0.08004026692255078, 0.08191288439021605, 0.08075254517674704, 0.0751618419553642, 0.07335053669287349, 0.08162999056080078, 0.0830794240284449], [0.07095081992372124, 0.07455973334774114, 0.07215203518855262, 0.07321302783543991, 0.08204631727566548, 0.07146494468755694, 0.07986738530136757, 0.08157217982614094, 0.08063599722794113, 0.07514699678315323, 0.0735312452650664, 0.08152598400432017, 0.08333333333333334], [0.07097090894201147, 0.07463217432373867, 0.07223612081238735, 0.07330430338713727, 0.08207792319816329, 0.07152696854447863, 0.0798543571820953, 0.08129729442007748, 0.08064927023835797, 0.07519934851990563, 0.07364579574041834, 0.08153280570500213, 0.08307272898622657], [0.07094729370878998, 0.07479549596863957, 0.07167981865315147, 0.0729200469082863, 0.08037541286346689, 0.07112296784339817, 0.08145436711982507, 0.08097120561307898, 0.08209034820952678, 0.07567583495441178, 0.07294499092189068, 0.08270090481012356, 0.08232131242541073], [0.07081255666485273, 0.07475018122253368, 0.07164563760585158, 0.07289849489102443, 0.0806041930091255, 0.07105242910795184, 0.081333184701434, 0.08075998186727308, 0.08209676666758595, 0.07560518815254975, 0.07296316132984082, 0.08292696487512377, 0.08255125990485296], [0.07067707790531533, 0.07474317205559673, 0.07167008527423073, 0.07293873174573551, 0.08100797905410127, 0.07102063448057021, 0.08114422612269322, 0.08033827445869925, 0.08202783375832946, 0.0755511082648451, 0.07306632602257004, 0.0830392141554895, 0.08277533670182362], [0.07068687228366294, 0.07490046788121844, 0.07179917311783361, 0.07309932143297188, 0.08140687308934359, 0.0711070867437293, 0.08110394576676551, 0.07973175753861801, 0.08204717582198684, 0.07568002747238592, 0.07325801220203304, 0.08275008898405552, 0.08242919766539565], [0.07075123470624617, 0.07522336930943002, 0.0717873847386017, 0.07319546567581103, 0.08117640402386021, 0.07111013117264428, 0.08159841626685951, 0.07885214997942185, 0.08245968200413895, 0.07609738422573244, 0.07325065494455081, 0.0830441088367327, 0.08145361411597035], [0.07089538435372733, 0.0753078892672063, 0.07165975944638567, 0.07309582612352875, 0.0804595935375279, 0.07107078528834346, 0.08231789602687552, 0.0790192526282138, 0.08296335021738784, 0.07630971571325852, 0.07301232726526005, 0.08282063412049374, 0.08106758601179112], [0.07097896446713833, 0.07518513769108845, 0.07155631233065907, 0.07295412070393423, 0.08004744392385561, 0.07103313302369765, 0.08263185454369672, 0.07967369625332589, 0.08297573782527834, 0.07623406180943694, 0.07281508571570333, 0.08279928357565029, 0.0811151681365352], [0.07097399464988657, 0.07499361139811196, 0.0715266770906152, 0.0728632088491024, 0.07999747456266769, 0.0710178225317872, 0.08228822225228043, 0.0803517149909632, 0.08264190302233672, 0.07600825346157405, 0.07275379997506211, 0.08312109074147205, 0.08146222647414032], [0.07092412441571828, 0.07483413903909032, 0.07160941144094345, 0.07288108270919935, 0.0802859607345483, 0.07106390734077077, 0.08168975334194242, 0.08074763516647443, 0.08229230781996413, 0.07575449799499634, 0.07286866069746785, 0.08295680505495852, 0.08209171424392576], [0.07081013858625251, 0.07478813554590523, 0.07161304985716577, 0.07288631529334261, 0.08055713118777305, 0.07102723291816937, 0.08149171527335412, 0.08062509228846511, 0.08225555163439408, 0.07566848631353776, 0.07292648205974601, 0.08296522850578182, 0.08238544053611277], [0.07065223925026783, 0.07477143464489273, 0.07157616496181422, 0.07287715790344, 0.08085551155954843, 0.07094522350199352, 0.0814025971956015, 0.08023257522198889, 0.08229194180368833, 0.07562814414254318, 0.07295749023656013, 0.08333333333333334, 0.08247618624432797], [0.07065015190712982, 0.07481462356263059, 0.0716320935199465, 0.07293854720782227, 0.08102623178246046, 0.07098148270871907, 0.08134165797162497, 0.08004427460854832, 0.0822667855941979, 0.07565205067070069, 0.07304004362770505, 0.08314239389692693, 0.08246966294158735], [0.07068791290013161, 0.07493310952117405, 0.07165131360238099, 0.07299054459424534, 0.08101881239358369, 0.07100369269976112, 0.08154308866342724, 0.07974094930395356, 0.08250116619909797, 0.07579767279509458, 0.07306267980700905, 0.08292024955966458, 0.08214880796047615], [0.07080761897920679, 0.07491090224742841, 0.0715541555330613, 0.07288327721705712, 0.08046164752595422, 0.07098032128566976, 0.08189854921564461, 0.08016052853244124, 0.08269309392954301, 0.07585099658502253, 0.07286616154772498, 0.08298926740186319, 0.08194347999938288], [0.0708094238319236, 0.07502073976956843, 0.07150874854607658, 0.07288544203479458, 0.08033671043956112, 0.07094527039779705, 0.08223349