[[0.07246251482146172, 0.07006238409879574, 0.06862673030715226, 0.07495552957378732, 0.07969635295387603, 0.07367603547394944, 0.08056337950996072, 0.08239300690752095, 0.08121106244695116, 0.08077165925358203, 0.07388545279022095, 0.08145290469543426, 0.08024298716730754], [0.07246476596206858, 0.07000736863295161, 0.06859312784590153, 0.07481961772001486, 0.07997515533040395, 0.07354985618838361, 0.08032594444604323, 0.08269545988718098, 0.08107064996028439, 0.08059168095183088, 0.0737763972211068, 0.08156439601542363, 0.08056557983840597], [0.07249390961873586, 0.06998130109924611, 0.0686113520616029, 0.07467907131031629, 0.08029944002518684, 0.07342649554112057, 0.08004095516084396, 0.08298713773957365, 0.0808703121812787, 0.08036027142299661, 0.07367133424920148, 0.08162912314312619, 0.08094929644677074], [0.0725559475690697, 0.06998117372488567, 0.06864682212365682, 0.07459323773552776, 0.080586843067355, 0.07334990561578421, 0.07983841004986957, 0.08292326277673409, 0.08073888946727785, 0.08020646362439539, 0.07361496001980186, 0.08168892425543874, 0.08127515997020346], [0.0726773655598617, 0.07005567445905128, 0.06877203852170492, 0.07453293286086597, 0.08091069191759354, 0.07331127270413983, 0.07960153497377431, 0.08264921376398277, 0.08055478154419825, 0.08001057139243246, 0.07359551171374178, 0.08167407067554099, 0.0816543399131123], [0.07269265589523084, 0.06998676505191946, 0.06872199292829151, 0.0744336101775274, 0.08114767220571897, 0.07320665754650424, 0.07943991323649523, 0.08290191189017256, 0.08045203193739373, 0.07989203394419335, 0.07351392271944565, 0.08169078671276363, 0.08192004575434345], [0.07268494617679606, 0.06978812593906795, 0.06853220676577898, 0.07426445358542555, 0.08154941411250885, 0.07300465445055973, 0.07923609330288657, 0.08333333333333334, 0.0803641313394153, 0.07977311138111094, 0.07335981555747303, 0.08178609212771043, 0.08232362192793331], [0.07282330141161727, 0.06977917393519498, 0.06855259209727395, 0.07421040600977341, 0.08198115461436006, 0.0729392170854814, 0.07905209606366825, 0.0828960895382041, 0.08025809257013629, 0.07965570391626013, 0.07333649892704748, 0.08178709188741569, 0.08272858194356697], [0.07295597111271332, 0.06972856098126845, 0.0685060960403985, 0.0741966784565371, 0.0823758088593466, 0.07289155705533883, 0.07897670711621116, 0.08246181882053197, 0.08026748290336444, 0.0796518226038083, 0.07333746659958384, 0.08187318611865765, 0.08277684333223978], [0.07327384764229693, 0.06983799619720805, 0.06864195460393742, 0.07427874104719737, 0.0828150143938746, 0.07294980200484641, 0.07888553705296077, 0.08184700839826028, 0.08021832998868125, 0.079611225674907, 0.07345673536500558, 0.08179373776097647, 0.08239006986984795], [0.07371295451375758, 0.0700936531769107, 0.06892507867913639, 0.07449094003340812, 0.08262704871894835, 0.07314484838944359, 0.07886529037128376, 0.08122571843621644, 0.08020059439031585, 0.0796249948090938, 0.07370996718052365, 0.08161556765615668, 0.08176334364480525], [0.07404605170267325, 0.07030282029208325, 0.06917350059297937, 0.07460436354726802, 0.08308758855823073, 0.07326274010645707, 0.07872873701909153, 0.08076694875243726, 0.08003091978416171, 0.07949354683656985, 0.07386900575453827, 0.08129303258150995, 0.08134074447199975], [0.07433937416356366, 0.07043383786754645, 0.06929128507343223, 0.07480089297390197, 0.08297552614554198, 0.07342240850798043, 0.0787882674990881, 0.08027703573394969, 0.08014902411088043, 0.07957305082703822, 0.07407659616868296, 0.08111523312265154, 0.08075746780574233], [0.07456716422049854, 0.07056207366655409, 0.06940686129452993, 0.074979436329135, 0.0826757394199655, 0.07357556439900384, 0.07885287972927393, 0.07992517766337935, 0.08025473059868267, 0.07964379217245701, 0.07426133458277347, 0.08095748938134122, 0.0803377565424053], [0.07466449434576451, 0.07050822558839134, 0.06929746466112417, 0.07511535800684298, 0.08314247955117479, 0.0736479689466547, 0.07895992205973883, 0.07947241685475344, 0.08042557623972678, 0.0797667073827562, 0.07437520198891556, 0.08084411343220213, 0.0797800709419545], [0.07468027839210523, 0.07045600811137444, 0.06918541462541355, 0.07525380169504664, 0.08305313843406938, 0.07373172815946864, 0.07913525256252717, 0.07917159442683258, 0.0806411071947289, 0.07995069809017419, 0.07447906456547279, 0.08088479624145141, 0.07937711750133505], [0.07474222081551354, 0.07046883029694767, 0.0691279472748943, 0.07548433814273288, 0.0827513636925535, 0.07390125990142177, 0.07935904497118952, 0.07875572164036158, 0.08088298238803197, 0.0801665169777008, 0.07466881658609263, 0.08084846507640063, 0.07884249223615934], [0.07453974438153979, 0.07024803095077387, 0.06879373580873012, 0.07561697274373246, 0.08333333333333331, 0.07394420507098541, 0.07966469674427996, 0.07834486055435719, 0.08120492008816131, 0.08046728305447855, 0.07471844787175483, 0.08083808695009502, 0.07828568244777803], [0.07251380281356572, 0.07029954108712179, 0.06890250155275497, 0.07515512843418523, 0.07933584410570764, 0.07391162159788257, 0.08072376593854132, 0.0821372337190175, 0.08114454838204187, 0.08079520329667461, 0.0740742490425964, 0.08112724500581754, 0.07987931502409278], [0.0724975566742216, 0.07019806686337614, 0.06880849566150014, 0.07497064719974153, 0.07967862867069084, 0.0737330276754556, 0.08044541049954415, 0.08254662775803345, 0.08102178807664324, 0.08060707938963174, 0.0739199617297899, 0.08130118655085583, 0.08027152325051574], [0.0724981539226681, 0.07015518865902845, 0.0687724195895026, 0.07487168873270315, 0.07987355395708819, 0.07364005488167305, 0.08027916482703831, 0.0827858216854351, 0.080928186805905, 0.08048441071173308, 0.07384002800340254, 0.08137318908627718, 0.08049813913754515], [0.07250946873075004, 0.07002461386497853, 0.06866909169231884, 0.07467070314789433, 0.08031790755156724, 0.07343354559681603, 0.07997686295889525, 0.08309135555971085, 0.08078967067351212, 0.08028596853262993, 0.07367302597760654, 0.08156676044735478, 0.08099102526596565], [0.07248773694179445, 0.07009397227758817, 0.06870085464548918, 0.07482265019848525, 0.07997118539885302, 0.07358082477719968, 0.08023954451213572, 0.08284185828898714, 0.08094013932248544, 0.0804769209117459, 0.07379353055097683, 0.08145428928415342, 0.0805964928901058], [0.07260604393409226, 0.07005961558621031, 0.06875116348490454, 0.07458642325759017, 0.08065277531200457, 0.0733655053368886, 0.07973618550822761, 0.08291040530113143, 0.0806237544315725, 0.08009797093028177, 0.07362699973535836, 0.08160703732792672, 0.081376119853811], [0.07270797403661367, 0.07015369588852585, 0.06888834959858436, 0.07455627913946614, 0.08085461719381525, 0.07336042524022875, 0.07955368762868517, 0.08273232406364132, 0.080461532138986, 0.07993395697112639, 0.07363034069258445, 0.08154097972647954, 0.08162583768126315], [0.07271080363778552, 0.07000398454845314, 0.06874922818810311, 0.07442156909545905, 0.08118950791279103, 0.07320077234883975, 0.07939207795303921, 0.08293720638046333, 0.08040501001955591, 0.07984624370546134, 0.07350962174361729, 0.08165660539379233, 0.08197736907263896], [0.0727695528356223, 0.0699888223897336, 0.06877444942059031, 0.07430909183771138, 0.08147454375551198, 0.07309896544876036, 0.07913598870710614, 0.08333333333333334, 0.080190847175619, 0.07962675624242314, 0.07343127597134357, 0.08153744135956924, 0.08232893152267567], [0.0728981081110647, 0.0699436118779158, 0.06875427160021336, 0.07424005087280046, 0.08193588117031081, 0.07301015191696557, 0.07895899973508626, 0.08284600656783939, 0.08010863224857108, 0.07952676952926536, 0.07339042460027093, 0.08157765886990621, 0.08280943289979], [0.07295749291603958, 0.06984506387697925, 0.06865353542574493, 0.07419110016025182, 0.08227248591395736, 0.0729285416084666, 0.07888702467337094, 0.08259223786627744, 0.08011596879107075, 0.07951849906075144, 0.07334870978569204, 0.08166155530554284, 0.08302778461585517], [0.07309478208125604, 0.06984246027447796, 0.06865936430266603, 0.07419991418377263, 0.08262176601735068, 0.072915157057186, 0.07883004412229785, 0.0822593465553034, 0.08010691401263913, 0.0795046559064778, 0.07337353205726406, 0.0816831318903561, 0.08290893153895246], [0.07328961902318826, 0.06991293676737578, 0.06874685206645825, 0.07425017533753908, 0.08295606948227648, 0.07295218524481947, 0.0787735629486414, 0.08190105130569324, 0.08007351954878618, 0.07947690784908125, 0.0734469856288891, 0.08163039578376353, 0.08258973901348808], [0.0734295472000399, 0.06998580712679502, 0.06883361446412689, 0.07429696028995297, 0.08309441710910434, 0.07299514402502097, 0.07873632349967631, 0.08168271162967847, 0.08004087544969406, 0.0794523706435416, 0.07351074959583519, 0.08156423623696725, 0.08237724272956704], [0.07366028869754081, 0.0701439104795035, 0.06901663303252996, 0.07439574753713538, 0.0830138135817152, 0.07309632579243491, 0.0786928442944654, 0.08139700745426305, 0.07999038464060487, 0.0794188535612341, 0.07363705115760752, 0.08144596639730728, 0.08209117337365805], [0.07388584022597468, 0.07027731955653939, 0.06915740554337914, 0.07452493575370807, 0.08272065940387956, 0.07321319970765826, 0.07871864101332349, 0.0811088893293618, 0.08001585837184622, 0.07946078044374448, 0.07378266452412048, 0.08138712833020327, 0.08174667779626119], [0.07435033661955402, 0.07060497838711088, 0.06954263643831826, 0.07470134531180891, 0.08302308731867741, 0.07340474188693392, 0.07855149686002004, 0.08053353101763003, 0.07981106968200569, 0.07929229997166827, 0.07402251686772492, 0.08098299954961641, 0.08117896008893134], [0.07457278201834605, 0.07068023858319884, 0.0695993901990363, 0.07485460662823304, 0.08293791380187425, 0.07352124621695362, 0.07861206017050078, 0.08015385980754076, 0.07993560711493211, 0.07937115737574499, 0.07418038563018849, 0.08087079574259508, 0.0807099567108557], [0.0740178794289785, 0.07024030685148057, 0.06908770425819093, 0.07461890502017804, 0.0830835307546238, 0.07325546357036984, 0.07880031745212823, 0.08072533927769908, 0.08011783632003988, 0.07957789833424814, 0.07386853121656466, 0.08135854101711672, 0.0812477464983818], [0.07479935648640217, 0.07082568112937397, 0.06974529860786094, 0.07500672174143073, 0.08263174903397832, 0.07366094521371737, 0.07863486912207844, 0.0798682264904667, 0.07998294536818534, 0.07939457265247583, 0.07434661618016954, 0.0807262388410792, 0.0803767791327816], [0.07501822728055961, 0.07089499549115853, 0.06978113092236078, 0.07519378060341858, 0.0826978595349223, 0.07380180817884015, 0.07870801583474352, 0.0794238458504236, 0.08010350763488895, 0.07947481106885144, 0.07453112242300766, 0.08053134804672907, 0.07983954713009568], [0.07501300282194624, 0.07081022694886367, 0.06964922524368866, 0.07526301383591999, 0.08288076423929187, 0.07382512257249935, 0.07881158549658171, 0.07921262543283505, 0.08024382983534756, 0.07958956434838282, 0.07457495845181032, 0.08056932773569211, 0.0795567530371404], [0.07506178938890143, 0.07077341775280667, 0.0695448039597335, 0.07544029314616554, 0.0827719539665997, 0.07393983682637167, 0.07899302348678812, 0.07885619952169526, 0.08045818262906067, 0.07977377729440936, 0.07471620604546349, 0.08058091396334098, 0.0790896020186636], [0.07517787222214517, 0.07079995776514507, 0.06952173220948217, 0.07562374086876548, 0.08304667068618116, 0.07407322615152384, 0.07907055005239073, 0.07842568222454904, 0.08053262597117322, 0.07983409831978708, 0.07488096610533135, 0.08043148842463503, 0.07858138899889058], [0.07495545071333605, 0.07060626190870138, 0.0692396198042332, 0.07570252083097646, 0.08294555954010924, 0.07408781131145208, 0.07936531434978743, 0.0782993979354028, 0.08085113122482812, 0.08013630944797302, 0.07488742839519613, 0.08058069562368231, 0.07834249891432177], [0.07255935647678104, 0.07044052962104443, 0.0690900478859901, 0.07516903001306975, 0.07933546912148966, 0.07396814285924823, 0.08058641695099418, 0.08223806148880013, 0.08095756678423013, 0.08062389405236191, 0.07411009725553065, 0.08100349341610179, 0.07991789407435802], [0.07254967023506725, 0.0703055529634516, 0.06896793817013032, 0.07490223413417049, 0.07983501644804367, 0.07371147169122488, 0.08017581883244507, 0.08285629679965813, 0.08075996657386757, 0.08034036545695059, 0.07389033906707371, 0.08121015042841939, 0.08049517919949742], [0.07254688101873064, 0.07034523479609606, 0.06900139563155866, 0.07499520430125398, 0.07965435675723795, 0.0737991592896031, 0.08032978824403335, 0.08263047932066704, 0.08084484300781893, 0.08045224944386267, 0.07396508628918858, 0.0811507342919131, 0.0802845876080358], [0.0725200202519826, 0.0701763027066665, 0.06881568610435904, 0.07480108026851202, 0.08002167352661398, 0.07358947040484086, 0.08010174170117368, 0.08302945863512096, 0.08078110152563275, 0.08032560584926578, 0.07379291831829055, 0.08135702337052787, 0.08068791733701344], [0.07257639847434076, 0.07027438062233632, 0.06895125477408212, 0.07477092507181271, 0.0801157639554127, 0.07359314639439839, 0.07992549301528595, 0.08316804178372664, 0.08059960033445789, 0.0801472399775758, 0.07379115176211272, 0.08126004837509525, 0.08082655545936276], [0.07264207319413282, 0.07023683875524762, 0.06894834288535284, 0.07466005825555096, 0.0804657084720799, 0.07348217332819643, 0.07971512751856702, 0.08304205569277237, 0.08049924979043453, 0.08001039724080536, 0.07371117435662733, 0.08137153776423042, 0.08121526274600245], [0.07253793384266144, 0.07015058923563315, 0.06881953492869121, 0.07469275248384798, 0.08024518469356541, 0.07349271251601566, 0.07989196617170757, 0.08333333333333333, 0.08063460180154398, 0.08015684005539453, 0.07371063614387122, 0.0813781749532548, 0.08095573984047973], [0.07274009495690241, 0.07028275931241068, 0.06903893596629165, 0.07459164346891502, 0.08074226508323255, 0.07343000811771656, 0.07949981400395909, 0.08291816752732556, 0.08034268876244742, 0.07983870689800152, 0.07367875462431163, 0.08135939850493296, 0.08153676277355312], [0.07281505709425393, 0.07032321895190911, 0.06910661640238704, 0.07456339816208218, 0.08091233336331892, 0.07341091770903845, 0.07938021037192647, 0.08273762909837912, 0.08025599902944397, 0.07974497503619114, 0.07367271082422125, 0.0813462350528088, 0.08173069890403971], [0.07282067127198205, 0.07025592100338655, 0.06904849256921843, 0.0744915745297701, 0.08108153717269109, 0.07332963894075539, 0.07928425077170294, 0.08288847632509207, 0.0802091424904436, 0.07968399320958748, 0.07361053417122555, 0.08137791378063484, 0.08191785376350977], [0.07288529575374436, 0.07025607958417862, 0.06907981895189887, 0.07441988573281162, 0.08130037367130966, 0.07326390824647548, 0.07910567970585779, 0.08302275921738889, 0.0800723513787388, 0.07953978303868833, 0.07356536797483333, 0.081319489947899, 0.08216920679617513], [0.07294445036764101, 0.07013348789810663, 0.06897273031093332, 0.0743052164095651, 0.08171650526230756, 0.0731218207535869, 0.0789334159267057, 0.08295525397023482, 0.08000203572323464, 0.07944518848838315, 0.07347072040711124, 0.08138208735023832, 0.08261708713195158], [0.07299050798157873, 0.07009426180471419, 0.06894068192472165, 0.07426912587850128, 0.08192053472807337, 0.07307303743328526, 0.07886288541878934, 0.08278171722856312, 0.07997515820897809, 0.07940975960401536, 0.07344451032256293, 0.08140401554383693, 0.08283380392237955], [0.07300442021018906, 0.07004610643665485, 0.06889069581902722, 0.07424362914335136, 0.08205101564159091, 0.07303408543711719, 0.07883575735167346, 0.08267648061306931, 0.07997946777741631, 0.07940697584134615, 0.07342085404849914, 0.08144037652064787, 0.08297013515941719], [0.07309063900532216, 0.06999030242430361, 0.06884521972527094, 0.07419569496028473, 0.08239384080976199, 0.07296484428796444, 0.07872107901990504, 0.08236394787492904, 0.07992750937871104, 0.07934658151337788, 0.07338916347104216, 0.08143784419579375, 0.08333333333333334], [0.07325248456927876, 0.07002874214528905, 0.06889634118494485, 0.07422826717713246, 0.08274752360736103, 0.07298118817681798, 0.07867693944285638, 0.08208293824487724, 0.07991755401528997, 0.07933540423288314, 0.0734403614956116, 0.08144240878011154, 0.08296984692754597], [0.07340212415937435, 0.07008504943492243, 0.06896641308574544, 0.07426635681153489, 0.08303246986999112, 0.07301012594854543, 0.07863296900503826, 0.08182994946998412, 0.0798895703830085, 0.07931185548466738, 0.07349660850672426, 0.0814003901218795, 0.08267611771858456], [0.07377794625853376, 0.07034715103649455, 0.0692770773642177, 0.07440838193623665, 0.08307295079094412, 0.07316185382694174, 0.07853050749120036, 0.08136052988909023, 0.07977631758502274, 0.07922421050509036, 0.07368846758208694, 0.08119923977178269, 0.08217536596235836], [0.07414509956205541, 0.07063501317016765, 0.06960770012983944, 0.07458233596633408, 0.08267448770605307, 0.0733491262996832, 0.0784744379345656, 0.08098312542162552, 0.0796952007418588, 0.07917212676088499, 0.07390665809804947, 0.08101495673098937, 0.08175973147789363], [0.07439060996431539, 0.07069028606046125, 0.06965114427961505, 0.07470780479835859, 0.08288387517101894, 0.0734343560983272, 0.07850122057759962, 0.08056345790636205, 0.07973442836016299, 0.07922884259249001, 0.07404333572790149, 0.08092748721518943, 0.08124315124819799], [0.07415231942153014, 0.07051114828926884, 0.06944171624149408, 0.074611278545495, 0.08283432049914533, 0.0733274649269129, 0.07857901186844017, 0.0808380517703505, 0.07983598607575987, 0.07930967298710667, 0.07391442260826646, 0.0811214523837047, 0.08152315438252536], [0.07391271163540034, 0.07040270883168641, 0.06933093941491444, 0.07448521639069515, 0.08289446597310056, 0.07322306440099084, 0.07856231022181726, 0.08118287608022402, 0.07981772545024456, 0.07927220160047747, 0.07377201851610142, 0.08120170265621639, 0.08194205882813127], [0.07353719058933993, 0.07011405961701235, 0.06900019112816233, 0.07430569048866745, 0.08333333333333333, 0.07303266801466168, 0.07861068331098814, 0.08157813380597921, 0.07988548234958652, 0.079312224057474, 0.07354851581572791, 0.08137131480999395, 0.0823705126790732], [0.07412016715127218, 0.07051694926360227, 0.06945241073553987, 0.07459510230526996, 0.08273816109467323, 0.07332107499302566, 0.0785711251616685, 0.08091541550566518, 0.07982412380039099, 0.07929479919189249, 0.07389826458800779, 0.08113122017971054, 0.08162118602928145], [0.07397220087557434, 0.07030548599807458, 0.06918640352138468, 0.0745617976581331, 0.0828870833994244, 0.07324035955918672, 0.07870916231395196, 0.0809491328275237, 0.08000626224171734, 0.07946003412663526, 0.07382635774124112, 0.08132981624031937, 0.08156590349683353], [0.07453589755988421, 0.0707329220060165, 0.06968571710418282, 0.07479113016236985, 0.08295680779983441, 0.07349542957267463, 0.07851763430293121, 0.08031285023178383, 0.07979345016049295, 0.07925791425384816, 0.0741327833488114, 0.08084729209827615, 0.08094017139889383], [0.07472717082577737, 0.07083446001975455, 0.06978449781867689, 0.0749124573894069, 0.08279851856026565, 0.0736006225400879, 0.0785378279230558, 0.08004820465939451, 0.07984570385462096, 0.07928404900222417, 0.0742649872791073, 0.08073579314481252, 0.08062570698281546], [0.0749535430451417, 0.07096191972654352, 0.06990328744179145, 0.07507612254413068, 0.08249491891411688, 0.07374314498659955, 0.07858241104116842, 0.07973907435435823, 0.07992162966158886, 0.0793320638669033, 0.07443808182576644, 0.08059999172144457, 0.08025381087044647], [0.07510323596206993, 0.07103286762787951, 0.06996435181425995, 0.07518434511455244, 0.08247767171888884, 0.07383289498008011, 0.07860172102218843, 0.07949619170737197, 0.07996059638302518, 0.07935201947811396, 0.07455163253927245, 0.08047460976367721, 0.07996786188861989], [0.07518305614897676, 0.07097994430948658, 0.06985592100274451, 0.07531511390693073, 0.08270382041417636, 0.07390453990102745, 0.07871269015988942, 0.07914307994558717, 0.08011827247476533, 0.07947388363727854, 0.07465936923670803, 0.08043086578187728, 0.07951944308055175], [0.07532512061240433, 0.07101627973115707, 0.0698399559846742, 0.07551741753740032, 0.08259930287569285, 0.07405366507276075, 0.07883258269198898, 0.07873909705390142, 0.08025816516564149, 0.07958836796455536, 0.07484241978845178, 0.08036786979108326, 0.07901975573028809], [0.07534749780570267, 0.0709693230343639, 0.06974407438214329, 0.07562575297672668, 0.08288145357462155, 0.07411582113091823, 0.07891969271750472, 0.07845753220791538, 0.08035530683663547, 0.07967071615967831, 0.07492632087004089, 0.08031591714025212, 0.07867059116349663], [0.0752886463942028, 0.07085165804947807, 0.06954792956224397, 0.0757546945896945, 0.08333333333333331, 0.0741766774503366, 0.0790783076165333, 0.07811772949846711, 0.08051822404629497, 0.07982021477924994, 0.07500716340751605, 0.08027102979660149, 0.07823439147604774], [0.07500017065207838, 0.07064070326876838, 0.06923743675346732, 0.07584721557664625, 0.08293861677766307, 0.0742020312554652, 0.07945473725104149, 0.07804451972310365, 0.08091050546612513, 0.0802017193091444, 0.07501148825798226, 0.08047597732376889, 0.07803487838474558], [0.0735999160527114, 0.07025661377159167, 0.06917552700718975, 0.07433168450694076, 0.08310639778696714, 0.07309434973150689, 0.07854151631342579, 0.08159708158213784, 0.07978023581622987, 0.07921896408102495, 0.07359475690471926, 0.08124303297229263, 0.08245992347326192], [0.0734009837472812, 0.07020453553508584, 0.06911227391879605, 0.0742779020178717, 0.0827624029209948, 0.07306117246235748, 0.07858058154408708, 0.08192788127697775, 0.07979211079868176, 0.07922624897712828, 0.07352051243585085, 0.081275024266123, 0.08285837009876432], [0.07322824260812913, 0.07017753843563655, 0.06907135878610923, 0.07425484378065117, 0.08238094926901803, 0.07305760084184626, 0.0786413697168349, 0.08223963064369996, 0.07981479967456843, 0.07925035057480286, 0.07347647666957427, 0.08128354856239449, 0.08312329043673461], [0.07317898674443526, 0.07021077025014809, 0.06910259646426459, 0.07427189648137177, 0.0821893564261547, 0.07308950384942299, 0.07868374327659935, 0.08240015588882425, 0.07982092655312574, 0.07926190799526509, 0.07348707332752312, 0.08126401361793058, 0.08303906912493447], [0.07309998400704887, 0.07026608428895, 0.06914877821256278, 0.07431690410326389, 0.08187865193798759, 0.07315541590430796, 0.07878163028519719, 0.08265792684575715, 0.07985666584571736, 0.07930804328944985, 0.07351769358333235, 0.08124428451257422, 0.08276793718385052], [0.07300417822063873, 0.07036241046986125, 0.06922579832717836, 0.07441409373148782, 0.08143454599905568, 0.07327959670051255, 0.07895657714558223, 0.08287844039498571, 0.07993162920314502, 0.07940398882251358, 0.07359092454074605, 0.0812039169870941, 0.08231389945719887], [0.07297473263262289, 0.0704211212818461, 0.06927392438766114, 0.07447728795763109, 0.08123396463419613, 0.07335441424264727, 0.07905343201429628, 0.08284597669188624, 0.0799777579535076, 0.07946256858160505, 0.07364238137869193, 0.0811823070101738, 0.08210013123323459], [0.07405893728096727, 0.07021905531205686, 0.06904071815197553, 0.07468643999173841, 0.08297260517128674, 0.0732943613537407, 0.07889404156798538, 0.08057188321900745, 0.08024605090915077, 0.07968823648811456, 0.07392327752352004, 0.08138238273147282, 0.08102201029898351], [0.07456868604638196, 0.07061073406234734, 0.06948813055473518, 0.07492194700832346, 0.08276877460641328, 0.0735487767477691, 0.07874756432787322, 0.080036508598816, 0.08011591191755997, 0.07952536723436951, 0.07422311627178241, 0.08093215489004026, 0.08051232773358842], [0.07486276958114281, 0.07078227221889694, 0.06965716653838096, 0.075113255327159, 0.08271446416825344, 0.07371935308770954, 0.07874881906675042, 0.07960297192960755, 0.08014668414037497, 0.07952404728599569, 0.07443315278586539, 0.0806707172655013, 0.08002432660436211], [0.07292480003640274, 0.07043117826225151, 0.06926255283168822, 0.0745315908870132, 0.0810612607876615, 0.07340810603306963, 0.07917841883444117, 0.08278440905174451, 0.08006422105368538, 0.07955707009810675, 0.0736779127039128, 0.08120657782565667, 0.081911901594366], [0.0728842503249318, 0.07045699897858475, 0.06926855725201017, 0.07459465344812995, 0.08087520762450227, 0.07347301994152056, 0.07930246762583085, 0.08272102179914663, 0.08014172293158336, 0.07964628038530393, 0.07372342108744462, 0.08120652577422961, 0.0817058728267815], [0.0727863801806855, 0.07042427198264774, 0.06920318049519843, 0.07463621563238407, 0.08063123967774195, 0.07350906484684856, 0.07944674202135207, 0.08302266507099543, 0.08022885661436081, 0.07974773875254627, 0.07373767652247995, 0.08118875595358464, 0.08143721224917463], [0.07270036244692969, 0.07041365863131674, 0.06916190039969662, 0.07469032367264263, 0.08036823914287891, 0.07356131552006423, 0.07958866509756556, 0.08333333333333333, 0.08029884670667388, 0.07983887853038452, 0.07376598778931283, 0.08113022146916697, 0.08114826726003402], [0.07268723142193577, 0.07046846364706451, 0.06919843459478775, 0.07479724853120126, 0.08015487859504287, 0.07366722742266732, 0.07976191968578912, 0.08304023796594424, 0.08040287118067746, 0.07996580531992827, 0.0738518855316304, 0.08110156872052904, 0.08090222738280198], [0.07266501589656565, 0.0704641183228081, 0.06918708511711504, 0.07483561422507351, 0.08005866644940868, 0.07369928050582447, 0.07985058877755397, 0.08297455790807583, 0.08046385429939264, 0.08003584572851309, 0.07387718088044543, 0.08109913588308779, 0.08078905600613594], [0.07263171345055222, 0.07046052614258838, 0.06917340360190903, 0.07489575489809239, 0.07990290266476578, 0.07375048053021885, 0.07998459881916505, 0.08290918886886672, 0.08054957103844688, 0.08013825948080956, 0.07391751643268697, 0.081078756391132, 0.08060732768076612], [0.07261496762337352, 0.07048044387727852, 0.06918577726978609, 0.07497193137907002, 0.07973945864029011, 0.07382019906363421, 0.08012413141093852, 0.08275826030955032, 0.0806308891675331, 0.08024111686820434, 0.07397520822590507, 0.08104085325375321, 0.08041676291068292], [0.0726323019729403, 0.07059115958537004, 0.06930397613015968, 0.07511217649832104, 0.07948283893687914, 0.07396824244064175, 0.08028961008636558, 0.08246993595876441, 0.08067931625998667, 0.08033511286774406, 0.07409792108495314, 0.08090818690704714, 0.08012922127082688], [0.07264157367513203, 0.07066766753978347, 0.06937691515796233, 0.07524458748316981, 0.07924453867359746, 0.07409886089999779, 0.0804717593586554, 0.08219183751037408, 0.08074923649008234, 0.08045039823374071, 0.074208996961164, 0.08079754219516876, 0.07985608582117175], [0.07258921924292264, 0.07049235087399662, 0.06917474546202017, 0.0751021635318613, 0.07947609967266142, 0.07393059936593754, 0.08038478261942394, 0.08244951706590836, 0.08079521736856804, 0.08044347737032961, 0.07407109117330339, 0.08098907263690011, 0.08010166361616695], [0.07443865062663278, 0.07060446591165297, 0.06952540761446216, 0.07476592028028113, 0.08309051392747305, 0.07344327560932327, 0.07859306632842555, 0.08033686882383191, 0.07989423893398152, 0.07934815518969635, 0.07408442553036615, 0.0809474534480884, 0.08092755777578477], [0.0742035045041862, 0.07038381044333437, 0.06926454657969601, 0.07466768521805027, 0.08333333333333336, 0.07331996744140264, 0.07868303116980913, 0.08052004552862209, 0.07999488266931552, 0.07945245141720159, 0.07394966546691613, 0.0811438349954093, 0.08108324123272362], [0.07452573451671869, 0.070441781694946, 0.06923561370340496, 0.07502709566106461, 0.08298556405818587, 0.07357431390204497, 0.07897699393510071, 0.07972748091041165, 0.08042917506234681, 0.0797872586659747, 0.07427862101352467, 0.08095489893425649, 0.08005546794201987], [0.07434277385866425, 0.0703977802965139, 0.06922362482799159, 0.07486682509701605, 0.08273886940517755, 0.07345943617495179, 0.07890775055861507, 0.08017843794112457, 0.08030248339253214, 0.0797064938448114, 0.07412313564432677, 0.08116382372041653, 0.08058856523785837], [0.07353592257765038, 0.06998365468142809, 0.0688050966145116, 0.07439760415760545, 0.08276748071222378, 0.07305763823717219, 0.07886546874546939, 0.08146160833211943, 0.08020436371661936, 0.07961418854600216, 0.07360102242070489, 0.08169396170106219, 0.08201198955743114], [0.07388775852596742, 0.07013566756350692, 0.06895719304389648, 0.07458854490397926, 0.08290393976332372, 0.07321187927785103, 0.07889043332440848, 0.0808559568074997, 0.08023046174344231, 0.07967447507615467, 0.07381413981493831, 0.08151486359215208, 0.08133468656287954], [0.0745618003854724, 0.07038201288233466, 0.06913260615841117, 0.07511257959587499, 0.08333333333333334, 0.07361342118528252, 0.07905999280596031, 0.07941702965508665, 0.08055450724291817, 0.0798804478991909, 0.07434395807669436, 0.08093580768313496, 0.07967250309630564], [0.07462918569032444, 0.07040090892378331, 0.06908451544183743, 0.07533924529539567, 0.08279029509047693, 0.07378206505118802, 0.07930277644658341, 0.07904386657550257, 0.08083128935795234, 0.08012449417401862, 0.0745312625983642, 0.08096554897445192, 0.07917454638012118], [0.07532497671657198, 0.07090423528927514, 0.06953422205260465, 0.0760029403424302, 0.0828482498327428, 0.07437489465901018, 0.07933504851299929, 0.07778980134083079, 0.08067882545045928, 0.07999131581393212, 0.07521277767942133, 0.08019412525070678, 0.07780858705901528], [0.07543919761311604, 0.07098072078981182, 0.06967152860572728, 0.07589498729181506, 0.08312548695304628, 0.07430999956705407, 0.07909279943178452, 0.07791175359017007, 0.08048120359003656, 0.07979260479852943, 0.07515429982093885, 0.08013800097798503, 0.07800741696998477], [0.0726036537184576, 0.0693980420762292, 0.06788845978349417, 0.07472144283843124, 0.08045738286405073, 0.07322474677731272, 0.08048109655733506, 0.08118018004377159, 0.08195036564239905, 0.0812364074523223, 0.0736416458816876, 0.08273574428174886, 0.08048083208275993], [0.0725481628794821, 0.06944104001014288, 0.06796906596906707, 0.07462298668150963, 0.08058423870721491, 0.073174190714262, 0.0803031666826148, 0.08158076344659466, 0.08166201620611802, 0.08097916342107911, 0.07356507802678722, 0.08275271778835494, 0.08081740946677271], [0.07257179491044372, 0.06940120748379068, 0.06795852189769323, 0.07451220547973228, 0.08087859455346424, 0.07307120774928508, 0.08007745539790874, 0.08180067295231744, 0.08146203116304436, 0.08077718392017125, 0.07347994786123403, 0.08290506896714969, 0.08110410766376522], [0.0725972988934436, 0.06941493496942264, 0.06800563617771636, 0.07442867622692649, 0.08113674011095925, 0.07300851141430952, 0.07987930086655569, 0.08204739068282947, 0.08124924357458943, 0.0805737183738579, 0.07342236175137505, 0.08284223739230194, 0.08139394956571269], [0.07272825760125702, 0.06939741205911858, 0.06801164711946199, 0.07438027605950667, 0.08144543632524552, 0.07294580377267507, 0.07970192007689207, 0.08195894666562305, 0.08113172446475318, 0.080451535866281, 0.07340185918342021, 0.08290293475711467, 0.08154224604865105], [0.0729017875246178, 0.06944210340766802, 0.06806712898625021, 0.07442538397427231, 0.08155638705110696, 0.0729716513536761, 0.0796493749324812, 0.08168096972199745, 0.08111422921233319, 0.08043859575351553, 0.07346569042625933, 0.0828372349312916, 0.08144946272453021], [0.07307985391761349, 0.06948973841189642, 0.06808380448327017, 0.07459770004524362, 0.08141015578642945, 0.07309506573732175, 0.0798237547469871, 0.08114107970695597, 0.0813338758383842, 0.08066641533118074, 0.07362707649355402, 0.08271329244284831, 0.08093818705831482], [0.07296290365269277, 0.06935106384198254, 0.06784793010926086, 0.07475899893829956, 0.08123031688660119, 0.07318280238247002, 0.08026774409912289, 0.0805911511216843, 0.08184353263711736, 0.0811626010485191, 0.07371633731117064, 0.0828721785472605, 0.08021243942381816], [0.07265557701265397, 0.06918176459666549, 0.06761646620190112, 0.07474456111942754, 0.08092114374417429, 0.07315379303212174, 0.08057255890801363, 0.08054855757862184, 0.08219210982347731, 0.08145461440695835, 0.07364100686458204, 0.08333333333333334, 0.07998451337806949], [0.07258105663368815, 0.06924552243641544, 0.06768463604221654, 0.07475910286499518, 0.08068467489017409, 0.07319977642222017, 0.08064478929388924, 0.08072698926555327, 0.08221968704923936, 0.08147428179135123, 0.07364869324363381, 0.08305588535860439, 0.0800749047080192], [0.07268748389344455, 0.06934908161048531, 0.06784817069126715, 0.0746817943715758, 0.08069190752783026, 0.07316379053855827, 0.08036581133460625, 0.08111634098348385, 0.08189439987266757, 0.0811715528227343, 0.07361758465792634, 0.08288450061484084, 0.08052758108057967], [0.07260776830976881, 0.06938524779181679, 0.06789752473050939, 0.0746468470306278, 0.08056538035038972, 0.07316260493112778, 0.0803332531184107, 0.08136116821029457, 0.08179298563361824, 0.0810846163760507, 0.07358436191939993, 0.08289231760762053, 0.08068592399036488], [0.07268251300693057, 0.06931060918635153, 0.06786325405497137, 0.07448956332763201, 0.08100737103660288, 0.07300414030624267, 0.08000194546774515, 0.08152861720823325, 0.08149273728140143, 0.08078834256656872, 0.07346712852904856, 0.08333333333333333, 0.08103044469493847], [0.07287564258109325, 0.06937628374076117, 0.0679186449704245, 0.07461899427297568, 0.08109733162945244, 0.07309865149717136, 0.0800793602417627, 0.08112574066428103, 0.08161838940850717, 0.0809193802220497, 0.07360027696987802, 0.08293447932351883, 0.08073682447812394], [0.07277865513343944, 0.06934905866177772, 0.06788555326511718, 0.07459197985291184, 0.08092896707446087, 0.07308215736206362, 0.08011672289034144, 0.08125254816973548, 0.08164377474282121, 0.08093554791298355, 0.07356269243553215, 0.08308211497400855, 0.08079022752480695], [0.07282729100914562, 0.06932657858014549, 0.06782809399100644, 0.0746934510247827, 0.08101280668108952, 0.07314373661533653, 0.08028037534718786, 0.08087395529165622, 0.08185164921203879, 0.08114114901400847, 0.07364386882677444, 0.08295796498756251, 0.08041907941926527], [0.07263083263619535, 0.06933856163187699, 0.06789185850161411, 0.0744946057138007, 0.08096137877480135, 0.07302586961211126, 0.08003291453530764, 0.08164700205245572, 0.08149088493691146, 0.08079067487831215, 0.07346708977632191, 0.08315973568963882, 0.0810685912606525], [0.07282258949363596, 0.06938808387975828, 0.06798456438261327, 0.0744510281777525, 0.08134486781419846, 0.07298283992296217, 0.07978502050932916, 0.08162373784308367, 0.08126428261912683, 0.0805768953571621, 0.0734672469821337, 0.08302285121389957, 0.0812859918043444], [0.07296385058687122, 0.06943441738707169, 0.0680188009330108, 0.07455733138651635, 0.08128206985011686, 0.07306054377454864, 0.07986449694206788, 0.08128187010982253, 0.08137580799627155, 0.0806937899629253, 0.0735732269237179, 0.08288683582917714, 0.08100695831788216], [0.07306188051893746, 0.06942221924081209, 0.0679531481129822, 0.07473306030662438, 0.08138914061103193, 0.07317539223133177, 0.08010987360151765, 0.08069561689044094, 0.08166113434970612, 0.08099473877527053, 0.07371932429484652, 0.08269000242841265, 0.08039446863808579], [0.0731719420825849, 0.06951262764392943, 0.06809070292679098, 0.07468473652036087, 0.08155015973251534, 0.07315657158038341, 0.079896091044257, 0.08085763129643989, 0.08141525595971182, 0.08076316599030767, 0.07370919527291593, 0.08252704634840924, 0.08066487360139353], [0.0726961684660059, 0.06936241920448834, 0.06795197661013462, 0.07442020572077843, 0.08126586317015448, 0.07296822142215222, 0.07982440776947064, 0.08181977454437421, 0.08127280018879364, 0.08058337557119766, 0.07342310994574135, 0.08306278037761147, 0.08134889700909692], [0.073000262798837, 0.06947929001387482, 0.06810115286232928, 0.07448701677995913, 0.08149885644230147, 0.07301825283408347, 0.07967963370997, 0.08147677753775659, 0.08116087796071614, 0.08048988160772674, 0.07353068922346795, 0.08278389957516775, 0.08129340865380964], [0.07315877502726482, 0.06954579406733281, 0.06816998623799546, 0.0745678714297842, 0.08161490252854876, 0.07308182722390145, 0.07967945892441429, 0.08119493681743266, 0.0811688008521637, 0.0805143345738378, 0.07362256756487932, 0.0825935144412147, 0.08108723031122987], [0.07234617589265993, 0.06931788212486416, 0.06766259470687021, 0.07503355139291165, 0.08020490950860305, 0.07347156470033518, 0.08134605790517824, 0.08058905597709719, 0.0826509756368749, 0.08201869884105527, 0.07383230134671764, 0.08226297652295796, 0.07926325544387453], [0.07240119332514604, 0.06921135042275589, 0.06755537828806646, 0.07497495637727285, 0.0804562986885674, 0.07337778521689889, 0.08122479503003963, 0.08039921937343252, 0.08277458596553672, 0.0820297561202596, 0.07378281816740899, 0.0825088787134918, 0.07930298431112309], [0.0725877078988714, 0.06915816214355057, 0.06751059810080315, 0.07496120236810329, 0.08089957777723708, 0.07331824709319734, 0.08104217628927843, 0.08001077623314576, 0.08271776445641914, 0.08196697515190549, 0.07379311844770421, 0.0827493245161185, 0.07928436952366552], [0.07286857562885911, 0.06925484037745064, 0.06759510170147914, 0.07514234427606145, 0.08133241054209588, 0.07344822474763586, 0.08101777431447266, 0.0794393826532469, 0.08263645226256919, 0.08199746259029392, 0.07398408932909324, 0.08239425054146603, 0.07888909103527594], [0.07302114683329483, 0.06946842773813283, 0.06769898863552767, 0.07568283441639075, 0.08112730667563174, 0.07390781473364474, 0.08155892502021268, 0.078499290600151, 0.0830375253313005, 0.08243979541659464, 0.07444515933663662, 0.08141082679392819, 0.07770195846855396], [0.07280031325702441, 0.06962871745968725, 0.06779861464706857, 0.07593679727947707, 0.08040056120204467, 0.07419284300669213, 0.08229703692340885, 0.0785169308899794, 0.08253611840512184, 0.08295575002774802, 0.07462252961817316, 0.08102104305191678, 0.07729274423165797], [0.07253371315547756, 0.06965664394106998, 0.06783863223620339, 0.07583929779986116, 0.0799595434342138, 0.07417684112237376, 0.08261308935674168, 0.07903477875284999, 0.08229454713130151, 0.08296617182462077, 0.07451154105807237, 0.08105583022749219, 0.07751936995972178], [0.07237340124475414, 0.069569962108554, 0.06780803936019729, 0.07555085226874914, 0.07987753010029158, 0.07395464789195585, 0.08225064413661123, 0.07972923700207724, 0.0824983088823087, 0.08261704188683174, 0.07425911921360856, 0.0813949487739428, 0.07811626713011775], [0.07232433620238758, 0.06934715815075365, 0.0676553057993261, 0.07516034805915987, 0.08012745032444049, 0.07358214690796513, 0.08160426181439367, 0.08034173711306218, 0.08274910679444485, 0.08223815842545865, 0.07392895545149032, 0.08202713088738507, 0.07891390406973252], [0.07237433088631559, 0.06921060198097535, 0.0675274270927956, 0.07505031421826745, 0.08040983560027465, 0.07343855779645941, 0.08139400545257391, 0.080240932370637, 0.0829219804927086, 0.08219836830255557, 0.07383615583246007, 0.08233514865564741, 0.07906234131832915], [0.07249859188110931, 0.06914381015419288, 0.06745220025357271, 0.07506226138820435, 0.08074592351677591, 0.07340235060642614, 0.08131720542260042, 0.07987363426417232, 0.08302083161639782, 0.08224588358404514, 0.07385544701457127, 0.08243827670908777, 0.07894358358884408], [0.07260598447421683, 0.06916556363106165, 0.06747724469528053, 0.07509700105299641, 0.08092894329891223, 0.07342005458789667, 0.08125767073855858, 0.07969303050575803, 0.08291162680959287, 0.08222181019546304, 0.07390019037390841, 0.08243324270570017, 0.07888763693065445], [0.07265803358249744, 0.06922151805950157, 0.06749641187668497, 0.07526633017657837, 0.08092762421773662, 0.07355986118306386, 0.08147255607805935, 0.07936529694176744, 0.08292842999310972, 0.08246838023390425, 0.07404348999508795, 0.08210213968189618, 0.0784899279801123], [0.07237798890203313, 0.06925715384756179, 0.06750824597134102, 0.07528837215826059, 0.08032771655712159, 0.07363469061204733, 0.081831633111364, 0.07972984846618986, 0.08305051497160666, 0.08266323415748364, 0.07402319663966066, 0.0818786593971175, 0.07842874520821222], [0.07245771119562797, 0.06939362904053652, 0.06760129544760987, 0.07554625148197018, 0.08023391176995903, 0.07386749913147903, 0.0