[[0.07428872575478623, 0.07312699131018358, 0.07163257183794491, 0.07571008700477602, 0.07457825061891427, 0.08073659682321224, 0.08098314268981578, 0.08084428451856455, 0.08137427576833221, 0.0711987180739219, 0.08292700131805465, 0.07068391927199365, 0.08191543500949997], [0.07418968057072949, 0.0731281717686436, 0.07164711994963, 0.07560792836001846, 0.07451135605960268, 0.08053793813411882, 0.08079966052108231, 0.081176404084599, 0.08131020078931277, 0.07118306779531493, 0.08316764760389309, 0.0707011843076444, 0.08203964005541045], [0.07410389733343649, 0.07316170822607639, 0.07170378978699597, 0.0755105520724658, 0.07446709633472683, 0.08029946911306321, 0.08057260212051574, 0.08157686052985941, 0.08119244264409677, 0.07120751802525142, 0.08333333333333334, 0.0707657778229759, 0.0821049526572029], [0.07405723011588554, 0.07322525094204407, 0.07178223120607294, 0.07546280749481968, 0.0744648223183557, 0.08013788211625682, 0.08042130497091698, 0.08190159269940628, 0.08112421283833528, 0.07125248728985718, 0.08317535915611009, 0.07084695012679924, 0.08214786872514018], [0.07401655168759318, 0.07330863595543333, 0.0718896031091312, 0.07541222957745419, 0.07446905463858566, 0.07993385897836444, 0.08022358219823914, 0.08228531557046127, 0.08099553038300097, 0.07132582199191959, 0.08308510357092294, 0.07096207403651979, 0.08209263830237433], [0.0739797406602072, 0.0733692865803649, 0.07195464480698366, 0.07538563759742845, 0.07447821758300335, 0.0798246303815432, 0.08012263830891521, 0.08253676455863408, 0.08095093470196482, 0.07135603714853928, 0.08293636955661035, 0.07102325079350205, 0.0820818473223035], [0.07383799839959405, 0.0733819521869241, 0.07194054110905154, 0.07529908799972249, 0.07443195993144076, 0.07968963917018623, 0.08000805618524746, 0.08278076713534481, 0.08094184265010186, 0.07126788812434343, 0.08333333333333333, 0.07097988689065152, 0.0821070468840584], [0.07381005835495133, 0.07351528763995607, 0.07206857853566655, 0.07530279408495799, 0.07448955537774957, 0.0795655161868295, 0.07989514379517394, 0.08304429676320864, 0.08089972775161774, 0.07133154354651496, 0.08293634497955454, 0.07109268597655294, 0.08204846700726616], [0.07376214507803656, 0.07364031351384502, 0.07213000678130198, 0.07531852113383793, 0.0745397335066835, 0.07952541844944176, 0.07987099660926107, 0.0830837731194805, 0.0809540702695792, 0.07131952690012204, 0.08254390218451721, 0.07111999834665944, 0.08219159410723399], [0.07375049437591678, 0.07389302850494407, 0.07229311865459732, 0.07537766005782706, 0.07465837695491453, 0.07943138612127766, 0.07978888843996351, 0.08308015649816579, 0.0809370778706917, 0.07138624548056915, 0.08198299405147162, 0.07124504627488511, 0.08217552671477582], [0.07376764018665763, 0.07416678256419677, 0.07247183273291219, 0.07547504619182482, 0.07481183175058183, 0.07935814215696112, 0.07972247949927454, 0.08307432924942694, 0.08090371308095443, 0.07146611064655059, 0.08139329048225609, 0.07137941526651853, 0.0820093861918846], [0.07383891718458989, 0.07446199783746413, 0.07271579937280964, 0.07557268528785757, 0.07497453191825827, 0.07922276688157452, 0.07958039064037836, 0.08297502087785079, 0.08073776307170348, 0.07164351456434946, 0.080968394855557, 0.07160832378713834, 0.08169989372046849], [0.07387355049316216, 0.07464479847198376, 0.07281535657329405, 0.07569501550515986, 0.07511960724121561, 0.0792372973854739, 0.07959603849361074, 0.08296144372366099, 0.08074294098426461, 0.0716679145685442, 0.08049143325495103, 0.07165832099635247, 0.08149628230832659], [0.07387100582709671, 0.07473530398046696, 0.07284007060593149, 0.07576663746331619, 0.07520064283384412, 0.07923863631356774, 0.07959645205713124, 0.08333333333333331, 0.08072129851289069, 0.07163696155981163, 0.08012134595840849, 0.07164088241940479, 0.08129742913479643], [0.07396725505717215, 0.07485783269497452, 0.07290810348754621, 0.07594845577442576, 0.07537272376258607, 0.07935701372864741, 0.07970933359243064, 0.08282719065947941, 0.08083276512962143, 0.07166372064623293, 0.07971379515141495, 0.07166358205629741, 0.08117822825917122], [0.0740252880066052, 0.07485207390311441, 0.07287199178733553, 0.07608090799032827, 0.07546926484931249, 0.0795137512961859, 0.07986222559212575, 0.08248594462570856, 0.08104110123845658, 0.07161384188230299, 0.0794269279310449, 0.07159014841470261, 0.08116653248277676], [0.07403511043346456, 0.07477163439305365, 0.07274404372194392, 0.07620301164140357, 0.07553767914614896, 0.07966133184514225, 0.07999942471149253, 0.08294110917566952, 0.08124128117375651, 0.07146260765404212, 0.07897095382143125, 0.0714055669896723, 0.081026245292779], [0.07410794574973698, 0.07459530505509304, 0.07256998580669785, 0.07637036097013557, 0.07560735291201966, 0.07995767623818013, 0.08028009086012665, 0.08292133560147558, 0.08155292503892585, 0.07131462114882844, 0.0785951176375954, 0.07119068665534255, 0.08093659632584231], [0.0744503479170752, 0.07313070488361682, 0.07166181158052945, 0.07581475054999401, 0.0746831814426382, 0.08082492369184589, 0.08102366339677243, 0.08049289237485445, 0.08120850825833816, 0.07130103065971327, 0.08309449656368191, 0.0707404293419903, 0.08157325933894986], [0.07434821284690477, 0.07316317662059893, 0.07171168520218323, 0.07571081138519759, 0.07460709236319242, 0.0806098838293833, 0.08083613973120406, 0.08091330373231778, 0.08119084070333374, 0.07131056647835513, 0.08303017425714744, 0.0707938554880441, 0.08177425736213756], [0.07427366017350376, 0.07316207436331029, 0.07171920836508199, 0.07563586252074155, 0.0745468825993293, 0.08047199324672819, 0.08071057266271507, 0.081149300893153, 0.08114922204371144, 0.07129531314610829, 0.08323086707593572, 0.07080258614307894, 0.08185245676660242], [0.07413375355768477, 0.07319845844088707, 0.07176000570478756, 0.07551758188311522, 0.0744864961681764, 0.08024375366051266, 0.0805111615231173, 0.08164200867876187, 0.08112284621351233, 0.07127199815293145, 0.0832326098370386, 0.07083480938442924, 0.08204451679504546], [0.07421670491346696, 0.07314440034140234, 0.07169126521227, 0.07559752060558463, 0.07451192238784128, 0.0804457248367086, 0.08069530515073302, 0.08123706295418577, 0.08118218751362351, 0.0712467860442982, 0.08333333333333334, 0.07076508029767106, 0.08193270640888137], [0.07405455361742765, 0.07324600138583419, 0.07182407224413323, 0.07543739984219644, 0.0744582568437341, 0.08003511203737959, 0.08031395491640166, 0.08202667044346167, 0.08101738680105693, 0.07129698755391778, 0.08333333333333333, 0.07090151889316015, 0.0820547520879633], [0.07406750594208995, 0.07334307857383149, 0.07195165281512168, 0.07542711400942502, 0.07449221455067664, 0.07988076914259105, 0.0801594696584589, 0.08230164958149568, 0.0808953906093821, 0.07140945004663146, 0.08306292076191886, 0.07104404756193054, 0.08196473674644669], [0.07397575479495593, 0.07338352328883638, 0.07197575868817577, 0.07537609583167881, 0.07447839740320161, 0.0797825074684348, 0.0800798104915259, 0.08260484656540114, 0.08091160526569534, 0.07137389151784383, 0.08296895938233786, 0.07104772265477932, 0.08204112664713333], [0.07389769438849057, 0.07342933704216414, 0.0720362775123036, 0.07529882542977295, 0.07445119862641549, 0.079570983136147, 0.07987289252918252, 0.08297646836235542, 0.08075139748839388, 0.0713944385122391, 0.08333333333333333, 0.07110917489017765, 0.08187797874902433], [0.07387147735988081, 0.07357670990062301, 0.07217323083275198, 0.0753131002588733, 0.07452073387426252, 0.07946716584607878, 0.07978360043915209, 0.08312452379012435, 0.08074374634231707, 0.07145928110223569, 0.08289042527321412, 0.07122645055672007, 0.08184955442376605], [0.0737986306173651, 0.0736414014087583, 0.07217913524997745, 0.0752965149127164, 0.07452753058442738, 0.07943106462557012, 0.07976220391635375, 0.08333333333333331, 0.0807898883421374, 0.07140432877806133, 0.08266140022126732, 0.07120159645480303, 0.08197297155522897], [0.07377172909643565, 0.07376694540544368, 0.0722477800701747, 0.07531689464853926, 0.07457903005036481, 0.07938903720805975, 0.0797306527592788, 0.08333333333333334, 0.08081041795370475, 0.0714141774548246, 0.08236028123530328, 0.07124475710149616, 0.08203496368304129], [0.07378859742345646, 0.07394416309404477, 0.0723752438778047, 0.07537133602748292, 0.07467175461035597, 0.07933989703529158, 0.07968738513603839, 0.08312828896668548, 0.08080048341391696, 0.07148571462665686, 0.08203632629555287, 0.07135227705975392, 0.08201853243295908], [0.07377031071024634, 0.0740259323803011, 0.07242277777516215, 0.07537879067909409, 0.07470185800480583, 0.07928656108409353, 0.07963709002887125, 0.08333333333333334, 0.0807662007041941, 0.07149676928605017, 0.0818316299358434, 0.07138535895583976, 0.08196338712216507], [0.07378708288839607, 0.07417859076111473, 0.0725371928968989, 0.0754209848157613, 0.07477915117962423, 0.07921935954316034, 0.07957070205545856, 0.08333333333333333, 0.0807078028551617, 0.07156636254425523, 0.08156075201250428, 0.07148570955077081, 0.08185297556356051], [0.07378946343279721, 0.07429886790200911, 0.07260497109933918, 0.07547149658919436, 0.07485176370972188, 0.07920373308085092, 0.07955922990268045, 0.08333333333333333, 0.08071211216999298, 0.07158330561596182, 0.08127821984312751, 0.07152627905160143, 0.08178722426938974], [0.07387038236971818, 0.07467003070585572, 0.07291111167560563, 0.07558279918286633, 0.07504815015984662, 0.07901300221847767, 0.07935894330623006, 0.08333333333333334, 0.08047716952124837, 0.07180398256584013, 0.08072924168188969, 0.071814067259048, 0.08138778602004036], [0.07390662413190476, 0.07482343695743217, 0.07299298554596916, 0.07569525796769709, 0.07517673508968674, 0.07904475637414499, 0.07939201040210163, 0.08317131372059199, 0.08050287340913614, 0.07182319676149401, 0.08036074907337594, 0.07185232698558876, 0.08125773358087665], [0.07383445282471178, 0.07443595044784893, 0.07267517984977909, 0.07559425360748429, 0.07498131589889417, 0.0792920683577512, 0.07965415426148463, 0.08286733672075819, 0.08082445387045396, 0.07159684442981012, 0.08093120213368715, 0.07155349717351267, 0.08175929042382386], [0.07392360514292286, 0.07494457048208673, 0.07306179179210115, 0.07576319186629643, 0.07526440378802621, 0.07901757707011899, 0.07936202654781971, 0.08333333333333333, 0.08045135806835306, 0.071843496863679, 0.08005988730019889, 0.07189125085809549, 0.08108350688696812], [0.07402721024274303, 0.07513542883569288, 0.07318814761285776, 0.07594747007941587, 0.0754595542552646, 0.07907941544656655, 0.07941666921649898, 0.08284705344913938, 0.08049733853176698, 0.07191469246778173, 0.07963815507710564, 0.07197271637484728, 0.08087614841031936], [0.07405307043731416, 0.07513255964828701, 0.07315329929489248, 0.07603333576571895, 0.07552259832591322, 0.07918198852101954, 0.07951829107687973, 0.0826604604743918, 0.08064150879219142, 0.0718624091637409, 0.0794440344152671, 0.07190622523083236, 0.08089021885355147], [0.0740977619261925, 0.07512122307114766, 0.07309560722605629, 0.0761747649315883, 0.07562589199192483, 0.07932635162141045, 0.07965592115713263, 0.08256616625252954, 0.08083755995166075, 0.07177964459886371, 0.07908414422981266, 0.0717986928321084, 0.0808362702095721], [0.07413947717273477, 0.07516115194707831, 0.07308482253115973, 0.07630865948986341, 0.075742405195854, 0.0793620874876004, 0.07967532583671552, 0.0828996520583435, 0.08089019227460233, 0.07173218755614012, 0.0786409472034513, 0.07173982918703013, 0.08062326205942635], [0.07410208377227086, 0.074885019439384, 0.07280923840242443, 0.07635011979898235, 0.07568769329912742, 0.07961847079047484, 0.07993141731313204, 0.08333333333333334, 0.0811822197235488, 0.07148478297910488, 0.07848823626882968, 0.07142942773975584, 0.0806979571396317], [0.07449029950014008, 0.0731531233235487, 0.07172489561920199, 0.07579858955538898, 0.07469474348425803, 0.08067659549875698, 0.0808586074857611, 0.080557069507516, 0.08103116193158656, 0.0713936863545848, 0.08333333333333333, 0.0708324994616787, 0.08145539494424475], [0.07433531786596673, 0.07320231345617981, 0.07180018040477054, 0.0756425550161324, 0.07458022060528967, 0.08035803934709973, 0.08057877366724064, 0.08117944454281611, 0.080979199589427, 0.0714073070680023, 0.08333333333333334, 0.07091280932383967, 0.08169050577990213], [0.07440783007037957, 0.07320351297570685, 0.07179365646702687, 0.07571419665330929, 0.07463820480736352, 0.08048539184436224, 0.08069374664868599, 0.08095843783285525, 0.08101765644134394, 0.07142328555868135, 0.08313055437957831, 0.07090556200265878, 0.08162796431804821], [0.07426943358101915, 0.07321663355411631, 0.0718014653044892, 0.07560631865374363, 0.07454715181869259, 0.08032589163414239, 0.08056608114701874, 0.0813683514920234, 0.08105138172918022, 0.07137102176463306, 0.08313287044149519, 0.07089995753450112, 0.08184344134494512], [0.07429227095211183, 0.07327924504623613, 0.07190239548893747, 0.07558787864891031, 0.07456223594184468, 0.08016724163479969, 0.08040156149036465, 0.08154034802374137, 0.08090224906584696, 0.07147850051979107, 0.08311589621944247, 0.07102445944884908, 0.08174571751912431], [0.07419528831013235, 0.07332223355170031, 0.0719489299915727, 0.07550916585945538, 0.07453281975190022, 0.08000207966896201, 0.08025645867640144, 0.08192571057183928, 0.0808710248030745, 0.07147372337893919, 0.08306270326576486, 0.07106396945837498, 0.08183589271188275], [0.07423360380087593, 0.07327429551175399, 0.07188030036962234, 0.07555925613702401, 0.07454288750238648, 0.08016395458591873, 0.08041265980866688, 0.08165958515357129, 0.08097113431699167, 0.0714263694165755, 0.08302373460696044, 0.07098706320154896, 0.08186515558810366], [0.0741504437929247, 0.07339505841389421, 0.07204163573273108, 0.07545927789349849, 0.07453307931718521, 0.07982211014852342, 0.08008492343067343, 0.08225961703704908, 0.08076746186569954, 0.07153249079598127, 0.08299705027867417, 0.07116208180533279, 0.08179476948783268], [0.07410168760799112, 0.07341804137323285, 0.07207135597707928, 0.07541363822675479, 0.07451529451728543, 0.07971078791473694, 0.07997919037286091, 0.08245593988787164, 0.08070102342115192, 0.0715382644406185, 0.08314897563187387, 0.07119129927883357, 0.08175450134970927], [0.07405983765613507, 0.07344696432548084, 0.07209612421151655, 0.075388328929313, 0.0745120195023133, 0.0796498660600951, 0.07992670447524333, 0.08264219256688024, 0.08069296433424221, 0.07153345407829349, 0.08307319846617627, 0.07120818726587876, 0.08177015812843183], [0.07402434045425535, 0.07351458456509448, 0.07217530814533657, 0.07535566402927148, 0.07452038991425858, 0.07951161343892586, 0.07979383448582829, 0.08290448774410862, 0.08060207733514314, 0.07157913165844716, 0.08304740795460001, 0.07128773924041937, 0.08168342103431096], [0.07391469199151297, 0.07356456378200553, 0.0722013956597706, 0.07529948594942279, 0.07450740444753758, 0.07939711011452816, 0.07969782500939561, 0.08333333333333334, 0.08059654330208374, 0.07153024497814008, 0.082987026135836, 0.07128583702767144, 0.08168453826876233], [0.07390087292048196, 0.07363205702799043, 0.07225539314204163, 0.07530749718899006, 0.07453786159318179, 0.07936200195470688, 0.07966961972742835, 0.08333333333333334, 0.08060387227668407, 0.07155070349837644, 0.08283040233943423, 0.07132878082699706, 0.08168760417035383], [0.07389620666341357, 0.0736814164694042, 0.0722840310290555, 0.0753208574582905, 0.07456162159056932, 0.07936121037554744, 0.07967389824425411, 0.08320383556380498, 0.08063176971902732, 0.07155800453770204, 0.08273691994426259, 0.07134796041711665, 0.08174226798755174], [0.07388829786229546, 0.07383052896613222, 0.07238529747737323, 0.07534808891776898, 0.07462559260270367, 0.07930709350664537, 0.07962868562768732, 0.08306572394540064, 0.08063371741010608, 0.07160513315848895, 0.08246018247822329, 0.07143103889152287, 0.08179061915565193], [0.07386365006643233, 0.07395275041355963, 0.07245418612599976, 0.07536647166414569, 0.0746747101393576, 0.07926162800905978, 0.07959214776447712, 0.08307091814860865, 0.08064072467146952, 0.07161825342640717, 0.0822047788264809, 0.07147651059004691, 0.08182327015395499], [0.07382786201201769, 0.07404018543452022, 0.07249646506585977, 0.07536597027716983, 0.07470020774834168, 0.07920201849958945, 0.07953838957891451, 0.08333333333333333, 0.08061536858035283, 0.07161374902630502, 0.0819698860073048, 0.07149899917006086, 0.08179756526622997], [0.07389500546672087, 0.07433919037842655, 0.07274462772250924, 0.07545894245686624, 0.07485926644338337, 0.07908570109439113, 0.07942129173943743, 0.08300434096444924, 0.08050631010244418, 0.07179367867247888, 0.08153579023772975, 0.0717336456001016, 0.08162220912106154], [0.07392169115399966, 0.07456057844794076, 0.07291550510542216, 0.07551509689497599, 0.07496800983012371, 0.0789734989616665, 0.0793076786152502, 0.08306155845701858, 0.08039167526867547, 0.07190279090278258, 0.08116364992828111, 0.07188746773860419, 0.08143079869525899], [0.07388855073664748, 0.07470089607113219, 0.07296026023813923, 0.07557352580992459, 0.07505176333598935, 0.07895883724728056, 0.07930027547180239, 0.08333333333333333, 0.08040528651570548, 0.07186227930227677, 0.08075361636594414, 0.07187869356529121, 0.0813326820065333], [0.07385899768451479, 0.07452896272604471, 0.07282080572079024, 0.07552914550458102, 0.07496592926297577, 0.07905976840185601, 0.0794058891132822, 0.0832358187138244, 0.08052812957370763, 0.07176508208479421, 0.08102265735194816, 0.07174856494160982, 0.08153024892007099], [0.07387755783840491, 0.07440084584857536, 0.07276322684269168, 0.07548299596811527, 0.07489432469013334, 0.07908742816424495, 0.07942834085895008, 0.08304875625052825, 0.08053325464347533, 0.07177356788026647, 0.08136130840997302, 0.07172844045177891, 0.08161995215286247], [0.0738420027285259, 0.0741682688084508, 0.07258260625050901, 0.07541533413867521, 0.07477403733046245, 0.07918667371162075, 0.07952779640381351, 0.08312184460759818, 0.08062746380347863, 0.07165599451012607, 0.08174327111619986, 0.07156577453005772, 0.08178893206048202], [0.07385005714687239, 0.07449386792445148, 0.07280050507122494, 0.07550487275281427, 0.07493791861113379, 0.07904864011513457, 0.07939358345380204, 0.08333333333333333, 0.08051241343292898, 0.07175806211043234, 0.08109232999041524, 0.07173693240773077, 0.0815374836497258], [0.07381453095524657, 0.07438496354703585, 0.07266852367179971, 0.0755163155125643, 0.07491048959230506, 0.07919848480472078, 0.07955427247628592, 0.08317521189832655, 0.08070772975307557, 0.07162319275967156, 0.08113285652794426, 0.07157883622007485, 0.08173459228094912], [0.0738988558361743, 0.07480272461528996, 0.07301281252552129, 0.07563224326188332, 0.07512535206945545, 0.07895865236652241, 0.07930138310356497, 0.08333333333333331, 0.08040519377534637, 0.07187030762439262, 0.08051113864051171, 0.0719030554496635, 0.08124494739834069], [0.07392167972778453, 0.07492365312819381, 0.07308488302945527, 0.0757021906071696, 0.07521366921700325, 0.07894716337550178, 0.07928872506521469, 0.08333333333333333, 0.08038012796867837, 0.07189699606337888, 0.0802444138101436, 0.07194752210233629, 0.0811156425718066], [0.0739720203373789, 0.075072746554402, 0.07317967455639172, 0.07580935647905067, 0.07533845365251815, 0.0789546353251029, 0.07929277059809578, 0.0831860035701694, 0.08035837270213966, 0.07194258806094593, 0.07992997983110688, 0.07200942727941718, 0.08095397105328078], [0.07402945908317547, 0.0751974802884666, 0.07326843375033, 0.07590600602862295, 0.07544852761452246, 0.07896336135733995, 0.07929664813627346, 0.08295826657086394, 0.08034601092529961, 0.07199811233466492, 0.07969473054415734, 0.07207569419890449, 0.08081726916737896], [0.07409131125022185, 0.07527045546712945, 0.07328635067204022, 0.07605322427314791, 0.07558077903968538, 0.07907101893982675, 0.07939994134744005, 0.08259505458518406, 0.08050990310741338, 0.07197809505545093, 0.07936516849076118, 0.07204723366092103, 0.0807514641107778], [0.07416107235430092, 0.07534705091725104, 0.0733075526358666, 0.07621568887772684, 0.0757278441389473, 0.07915365151827994, 0.07947155760679137, 0.08241856486354814, 0.08063223695830225, 0.07196011898901652, 0.07895715202979652, 0.07201897867940542, 0.08062853043076725], [0.07417549709766184, 0.07532947288725503, 0.07325358070531364, 0.07630300368821556, 0.07579047011287982, 0.07921668475890725, 0.0795262918756904, 0.08267154607507848, 0.0807170358156911, 0.07188461686788773, 0.078671595907705, 0.07192716979875997, 0.08053303440895432], [0.07420383737885047, 0.07524250144889567, 0.07313860659381856, 0.07642451268097926, 0.07585784615244538, 0.07935274124522415, 0.0796494569804546, 0.08296808234061, 0.08086612569105842, 0.07176198548156648, 0.07833486683684275, 0.07176724458927626, 0.08043219257997791], [0.074202249444116, 0.07491984863341344, 0.07284255414094243, 0.07649266436969093, 0.075806366070554, 0.07969524453446503, 0.07999001193462595, 0.08305665872474395, 0.08123019464250449, 0.0715199448491515, 0.07824039563679887, 0.07144510630135015, 0.08055876071764315], [0.07388815508434399, 0.07421742450497708, 0.07266462031664163, 0.07541827733557006, 0.07479346725247549, 0.07911378577951207, 0.07944568439069442, 0.0830985286562764, 0.08051347191287792, 0.07175747398247133, 0.08175780777630853, 0.07167264228515177, 0.08165866072269938], [0.07391122141329909, 0.07407155374314345, 0.07258371635287808, 0.07538786696563769, 0.07472862029760613, 0.0791617482765258, 0.0794851886783804, 0.08306146019039598, 0.08051411360740923, 0.071742950344705, 0.08206194753296499, 0.0716216904646628, 0.08166792213239135], [0.0739283838690469, 0.07391774845229138, 0.07248931567653345, 0.07535832143766162, 0.07466202382375241, 0.07921276271514828, 0.07952687067155043, 0.08314326643059658, 0.08051030869262533, 0.07171199467559927, 0.08234364653078176, 0.07155268511256846, 0.0816426719118442], [0.0739262023232632, 0.07383370878691772, 0.07243343924207785, 0.0753332740557214, 0.07461937303887417, 0.07922251792427167, 0.07953113821387384, 0.08333333333333333, 0.08048810352317587, 0.0716864970776788, 0.08248504609201919, 0.0715088648273238, 0.08159850156146915], [0.0739799387045075, 0.0737407061282776, 0.07239302912080994, 0.07534578681620695, 0.0746017297576583, 0.07928370435654636, 0.07958138957510084, 0.08313569798076705, 0.0804863128062897, 0.0717011925336982, 0.08271765458385488, 0.07149065758476496, 0.08154220005151777], [0.07404267502327272, 0.07361375035366038, 0.0722995779473789, 0.07535776207110931, 0.0745625875348316, 0.07938475359076379, 0.07966564738225433, 0.0830154704462939, 0.08048686927495256, 0.07168594086297969, 0.08291509334553697, 0.07142310305730429, 0.08154676910966156], [0.07409978544027641, 0.07358813345031374, 0.07228332848928856, 0.07539048784889847, 0.07457168683630327, 0.07945149646362104, 0.07972317785713268, 0.0828311072460584, 0.0804991126550465, 0.07170706187690012, 0.0828840260217557, 0.0714193434778736, 0.08155125233653163], [0.07384253828631587, 0.07444898045849259, 0.07265786787729013, 0.07564647647854925, 0.07502243523297737, 0.07937049370661693, 0.07973718327405203, 0.08273304215798126, 0.080917306086426, 0.0715591774177022, 0.08078446333511582, 0.07151207443535688, 0.08176796125312354], [0.07389959738544062, 0.07478738045997878, 0.07292265266100345, 0.07574535058751991, 0.075201363951967, 0.07916071123437164, 0.07951387004390426, 0.0831088547048326, 0.08063408632350968, 0.07173547013223941, 0.08024234442795498, 0.07175080998416074, 0.08129750810311677], [0.0739765116813866, 0.07500422898830117, 0.07307729724948334, 0.0758841426468651, 0.07537148676624111, 0.07912915173315502, 0.07947342443940827, 0.08301726779403826, 0.08054166607550636, 0.0718290690614083, 0.07981374384579448, 0.07186989466500257, 0.08101211505340952], [0.07411069386397491, 0.07351525755850685, 0.0722028056307487, 0.07539627633351251, 0.07454515935707695, 0.07953654843943919, 0.07980297679489738, 0.08265376292094523, 0.08054389570069853, 0.07165468942630257, 0.08310571811450773, 0.07133971072577097, 0.08159250513361842], [0.07413148227379922, 0.07344993801768147, 0.07213223464647622, 0.07540869012502703, 0.07452573936207622, 0.07962008985552403, 0.07987938546028993, 0.08244673780965484, 0.08057720885002058, 0.07161441331372845, 0.08333333333333333, 0.07127174134101061, 0.08160900561137796], [0.07422144759065549, 0.0734377618795325, 0.07211972263718798, 0.07548287852568612, 0.07456513809173647, 0.07975771961152756, 0.08000583441651454, 0.08218577850207921, 0.08064070371532758, 0.07164128781399604, 0.08304516263437606, 0.07126628090284384, 0.08163028367853653], [0.07430601180404427, 0.07341585904300967, 0.07209834368379495, 0.07554945107859837, 0.07459604209397742, 0.07988210603131714, 0.08011625591671839, 0.08190534038227991, 0.08067633978125979, 0.07166118598498114, 0.08293728178899208, 0.07125267364683115, 0.08160310876419559], [0.07433704956673726, 0.07334701705835804, 0.07201695093484412, 0.07557855604638991, 0.0745851237119099, 0.07999975975714098, 0.08022281496764808, 0.08164106365873613, 0.08071496183880247, 0.07161080264197052, 0.08320065720830672, 0.07116948284242688, 0.08157575976672904], [0.07434281883530036, 0.07330771630236134, 0.07196663492756074, 0.07559002945425965, 0.07458186983391923, 0.08006665812947232, 0.0802857482613387, 0.08151748957937308, 0.08074760392199828, 0.07157135767584957, 0.08333333333333333, 0.07111464159543701, 0.08157409814979637], [0.07440061726567855, 0.07330063637473834, 0.07195042640283734, 0.07564900672816299, 0.07462711307888226, 0.08018396741218657, 0.08039452772385638, 0.0813299078852111, 0.08080169639758814, 0.07157465526187606, 0.08312898575980818, 0.07109647588694284, 0.0815619838222314], [0.0744442941575329, 0.07327417106503538, 0.07191285025766934, 0.07569505107997111, 0.07465755637073318, 0.08029429738427683, 0.08049473465002441, 0.08112621669207042, 0.08083920105951872, 0.07155727169322687, 0.08312583047727796, 0.07105584531537411, 0.08152267979728886], [0.07453750542568656, 0.07325737778588368, 0.07189540438271237, 0.07577094415090319, 0.07472107214900266, 0.08040976198511243, 0.08058656505511927, 0.08082191990758655, 0.08081790805426023, 0.07158085450353925, 0.08317671040273643, 0.07104495850205465, 0.08137901769540266], [0.07463285495859708, 0.07325294230044475, 0.07188335199015516, 0.07586010195284779, 0.07479390342591115, 0.08055090934846736, 0.08070496448946206, 0.0805293207597036, 0.0808234915393186, 0.07160175663449156, 0.0830765065301471, 0.07103384915544604, 0.08125604691500751], [0.07448330038828867, 0.07319932802116264, 0.07180604935036308, 0.07575528028544053, 0.07468256101404536, 0.08049938983248212, 0.08068453033518169, 0.0807730466716407, 0.08091916295729328, 0.07147495141674308, 0.08333333333333333, 0.07093435216257979, 0.08145471423144572], [0.07389021649367385, 0.07474269837382018, 0.07294502029767994, 0.07564639239388837, 0.07511617217021756, 0.07904964458324154, 0.0793976301480316, 0.08317338894056109, 0.08051708842780689, 0.07180555217052711, 0.08054532510720835, 0.07182315322904685, 0.08134771766429677], [0.07386006455748698, 0.0745886643515957, 0.07280806858164963, 0.0756196406437661, 0.07504802047460475, 0.07917070683781029, 0.07952600526519835, 0.0830358167201969, 0.08067174320365308, 0.07169814340295877, 0.08073617375041528, 0.07168550026314235, 0.08155145194752177], [0.07391127897253548, 0.07473130243488106, 0.07281113887310994, 0.07586101973844202, 0.0752681627324842, 0.0793766893050213, 0.07973647044907979, 0.0830167548060903, 0.08084845958162061, 0.07159700163182905, 0.07995266791210776, 0.07158407437025889, 0.08130497919253951], [0.07385003131919382, 0.07459238610414326, 0.072735193296068, 0.07571879868108325, 0.07512020591787033, 0.07932614994149619, 0.07969046591741526, 0.08309187318258214, 0.08084722365791588, 0.0715742643650338, 0.08038287769953534, 0.07155235355442971, 0.0815181763632331], [0.07376178991124284, 0.07406495489736659, 0.07240736367880675, 0.07543682084040704, 0.07475320117776865, 0.07938497445585956, 0.0797472105392872, 0.08304023242015535, 0.08091954265424602, 0.0714397236558147, 0.08162131679119088, 0.07133302113875989, 0.0820898478390947], [0.07380245522185767, 0.07431443713375524, 0.07256298001538257, 0.07556805998162362, 0.07492395331722952, 0.07937781518731878, 0.07974548043265949, 0.08286857432327019, 0.08093515467848017, 0.07150404984579106, 0.08105150969919897, 0.07143843649826048, 0.08190709366517236], [0.07397186660705976, 0.07478924867878836, 0.07283608140778249, 0.0759806686331174, 0.07537470645378865, 0.07946732669050323, 0.07982280574611371, 0.0826774293140995, 0.08096778099417777, 0.07159884862915732, 0.07967607471864993, 0.07157840595628095, 0.08125875617048098], [0.0740087708401736, 0.07473928648322135, 0.07274470230379351, 0.07611778202734089, 0.07546193133097304, 0.07964441311330565, 0.07999395622385519, 0.0826820589304528, 0.08120928158883292, 0.07148850735878842, 0.07927883426613958, 0.071436597144399, 0.08119387838872391], [0.07430279268795033, 0.07519224557859643, 0.07308158096751563, 0.07660724616855133, 0.07598232428679388, 0.07957507231543816, 0.07977546077538715, 0.08287284039452353, 0.08098497102102667, 0.07171181473344536, 0.07796824801687524, 0.07167378675521272, 0.08027161629868361], [0.07427224257563539, 0.07534109003451979, 0.07321961165960017, 0.07652354447004904, 0.07596570296172331, 0.07935438047707821, 0.07960310592622806, 0.08287635095162385, 0.08081002896539319, 0.07182431117460839, 0.0781086146985358, 0.07183253659049608, 0.08026847951450876], [0.07383883909468929, 0.0731876962788485, 0.07147272299363003, 0.0756173673532512, 0.07454661372940559, 0.08084387696378656, 0.08125344632244921, 0.08100512506967279, 0.08243633501759876, 0.07073105787636172, 0.08165407352999307, 0.0703417782682625, 0.08307106750205079], [0.07383403559608587, 0.07316704126802298, 0.07150657072427595, 0.07553883888528547, 0.07448927943502033, 0.08066341398518387, 0.08104897931231923, 0.0813236230172026, 0.0821286630885554, 0.07079853857733108, 0.08200870819432614, 0.0704131928221841, 0.08307911509420707], [0.07377446466712995, 0.07320489119991547, 0.07155768218167137, 0.0754747996369924, 0.07446672189251606, 0.080474751634461, 0.0808600576865587, 0.0815926634593492, 0.08198816027542258, 0.07081998555614591, 0.08198585858670361, 0.07046662988980053, 0.08333333333333334], [0.07377027353820484, 0.07326669330913105, 0.07164930167050734, 0.0754422967689626, 0.07447242026561007, 0.08030838590311551, 0.08068594821350795, 0.08186412768644286, 0.08181007627826663, 0.07090242598279373, 0.08215290986742982, 0.07057377493372752, 0.08310136558230014], [0.07372355478456813, 0.0733745940919569, 0.07174459622339825, 0.07543290596095172, 0.07451259683994198, 0.08016650985233842, 0.08055363735007261, 0.08201838145537677, 0.0817584401231102, 0.07093343140030267, 0.08207638449117985, 0.07064996696281939, 0.08305500046398306], [0.07369881289894721, 0.07347100830958957, 0.0718135728615483, 0.07545899321844635, 0.07456982366554303, 0.08010988265069577, 0.08050660070112446, 0.08198611402428897, 0.08177250872874238, 0.0709434949563743, 0.0818180455395992, 0.0706922628102191, 0.08315887963488133], [0.07375983568856466, 0.07359227852075406, 0.07187676774158938, 0.07560308937495111, 0.07470956176945559, 0.0802611859513235, 0.08067223929145688, 0.08163709235578875, 0.0820027863123951, 0.07095701042187458, 0.08131630200869737, 0.07071314823116334, 0.08289870233198565], [0.07379509810598803, 0.0734876431057825, 0.07169098583968216, 0.07572569302743405, 0.07474258647802358, 0.08066189943773772, 0.08109458291790202, 0.0811805435654041, 0.08249334340015718, 0.07078351715697971, 0.0807972771475287, 0.07048321669920922, 0.08306361311817116], [0.0738201651769647, 0.07329384659659492, 0.07149274148213255, 0.07572893700808839, 0.07466212266860739, 0.08095630231223735, 0.0813977440986726, 0.08079921229463531, 0.08281398697966119, 0.070662478721411, 0.08100258384451975, 0.07029621865997762, 0.08307366015649727], [0.07381777936087314, 0.07318481911656827, 0.07140728136848369, 0.07568053283502511, 0.07458578057395186, 0.08100659390106593, 0.08144081244205886, 0.08066913473758541, 0.08275689125081673, 0.07062718738840387, 0.08125660634934882, 0.07023324734248498, 0.08333333333333333], [0.07378068980275729, 0.07324912277271191, 0.07151195192622965, 0.07560326078009662, 0.07456522408317105, 0.08074293389518689, 0.08116374809303822, 0.08108189394185608, 0.08246276790220244, 0.07071484531372682, 0.08143195480552351, 0.07035827335016616, 0.08333333333333333], [0.07381992383178816, 0.07321840080587083, 0.07152208282139919, 0.07558066136828323, 0.07453702973155278, 0.0807162616288807, 0.08112031769848341, 0.08120189767766613, 0.08230910630793573, 0.07077157585956508, 0.0817275187330554, 0.07040037152656327, 0.08307485200895603], [0.07373674864770174, 0.07331784100106928, 0.07162971357360057, 0.0755103388715692, 0.07453694014808872, 0.08043452222038955, 0.08083976733001641, 0.08156477377911388, 0.08210343822105838, 0.07081538741419537, 0.0816760328079783, 0.07050116265188518, 0.08333333333333333], [0.07377337963134603, 0.07344496249283228, 0.07171398137980357, 0.07561565511352938, 0.0746552904044327, 0.08049812529433024, 0.08091681298665417, 0.08133524907280225, 0.08226265844102856, 0.07084576580207402, 0.08130008835559348, 0.07055102865346222, 0.08308700237211107], [0.07377593745852852, 0.07338021301961854, 0.07166290645171952, 0.07559158221986026, 0.07461285205914435, 0.08053473843126785, 0.08095009171066583, 0.08136456251925436, 0.08226750037888039, 0.07082606804455599, 0.08141794102728044, 0.07051352341485874, 0.08310208326436518], [0.07377730464647642, 0.07338300914465086, 0.07161630409863987, 0.07565703803692432, 0.07465547668750175, 0.08067498537063023, 0.08110434492357636, 0.08103539714397455, 0.08248723997017635, 0.07075460537217439, 0.08108695877861946, 0.07043400249332203, 0.08333333333333333], [0.0737708511823658, 0.07329115201499792, 0.0716224525473688, 0.07551197982733131, 0.07452585465677955, 0.08046252274137945, 0.08086005812386622, 0.08157193365302995, 0.08207246661768351, 0.0708406763355283, 0.08178507154804356, 0.07051103163940958, 0.08317394911221593], [0.07369722239860467, 0.07340104331449072, 0.0717268704266423, 0.07546898731079998, 0.07454694102468606, 0.08023040217752037, 0.08063195669140016, 0.08182137980318056, 0.08190645669699752, 0.07087376691375512, 0.08176248490316752, 0.07059915500542159, 0.08333333333333333], [0.07374448871515725, 0.0735090603736486, 0.07180234614319583, 0.0755672237476764, 0.07465249119108074, 0.08030155078966024, 0.08071213954941352, 0.0816253666886736, 0.08203515999622885, 0.07091153669233433, 0.08144674719863247, 0.07064910123984083, 0.08304278767445746], [0.07378128563363069, 0.07355328556026663, 0.07177340202382752, 0.07569970168882834, 0.0747541228382647, 0.08051328916409194, 0.08093942473730854, 0.08137160533115442, 0.08231690119260444, 0.07084500744291053, 0.08089407171281632, 0.07057143287361411, 0.08298646980068197], [0.07377651609244087, 0.07364275242313827, 0.07189430084246809, 0.07566634539508604, 0.07477050847513275, 0.08031842153740419, 0.08073471385794384, 0.08160556799499823, 0.08208164680671111, 0.07094660220545572, 0.08104867853823343, 0.07070672805291782, 0.08280721777806972], [0.07373805237718818, 0.07335049568732667, 0.07170179275659581, 0.07546593621537577, 0.07452275743768737, 0.08027806013180468, 0.08067072868379646, 0.08184343983106426, 0.08188925753772999, 0.07089570179859164, 0.08194795876066772, 0.07059739379056006, 0.08309842499161145], [0.07371303888246444, 0.07353154687042861, 0.07185418891217697, 0.07550493061922828, 0.07462359478948184, 0.08013180692304434, 0.080533766968691, 0.08189455113342642, 0.08182715378897332, 0.07095740060130862, 0.08162760907338001, 0.0707165400353192, 0.08308387140207692], [0.07374589086991189, 0.07364688373897993, 0.07194752467720457, 0.07557717013756417, 0.07471648900507426, 0.08012758438356617, 0.08053296738153753, 0.08183746866052906, 0.08184580638811863, 0.07101015537420348, 0.08136684321303259, 0.07078978552777246, 0.08285543064250532], [0.07410099900392556, 0.07307552207412024, 0.0713039842259625, 0.07591068753010856, 0.07467554192174344, 0.08163784690023089, 0.08205007633099026, 0.08005359622770042, 0.08260673171395787, 0.07067105004018107, 0.08125325062242997, 0.0701586409375547, 0.08250207247109446], [0.07399007770325816, 0.07308904515568844, 0.0712780144184365, 0.07586709300091718, 0.07465736614966405, 0.08154812422367691, 0.08199159904204098, 0.08028690046052728, 0.08287830689765285, 0.07057926464020119, 0.08105226027609988, 0.0700984369908872, 0.08268351104094938], [0.07386205188182446, 0.07316711039668237, 0.07129665952818799, 0.07584274141160563, 0.07467976431818672, 0.08136961776620966, 0.08183313673446033, 0.0806891658599823, 0.08333333333333333, 0.07049311258531726, 0.08064564364686168, 0.07006448166162763, 0.08272318087572057], [0.07394313602453366, 0.07339594433898192, 0.07146949078731954, 0.07602299408137583, 0.07488883125994387, 0.08133491700770336, 0.0817842294130419, 0.08106915650615429, 0.0829495322332838, 0.07058752161184724, 0.08008256014275984, 0.07019125335121064, 0.08228043324184417], [0.07424677726395805, 0.07350551670342648, 0.07148727901544888, 0.07644884619114618, 0.07519648390767542, 0.08178521041996274, 0.0821357123412502, 0.0808006987100148, 0.0829368176412455, 0.07063409424126389, 0.07928401787681466, 0.07016007540240574, 0.08137847028538746], [0.07446701733470269, 0.07330363873236907, 0.07131466083838339, 0.07658877050644668, 0.0751883616508582, 0.08246878997930043, 0.08273016527222757, 0.08007281739207735, 0.08268974098165759, 0.07062375817807912, 0.07945550824705026, 0.07003047172784083, 0.08106629915900691], [0.07441046980201818, 0.07298926323350395, 0.07106520715398683, 0.07639493815823964, 0.07493361157479106, 0.08282909881077395, 0.08333333333333333, 0.07961699899244126, 0.08292561101105489, 0.0704952710067588, 0.08001127981809888, 0.06983881638950923, 0.08115610071548998], [0.07435146910283438, 0.07296395342802132, 0.07112761235786226, 0.0762093760711775, 0.07480819461448045, 0.08244055679143976, 0.08280120816463946, 0.07961150768062865, 0.08286303165204, 0.07059110537225216, 0.08069700731964377, 0.06995915930473609, 0.08157581814024419], [0.07417646952318001, 0.07305142392454003, 0.07126052181614877, 0.07600141061150721, 0.07471996901704966, 0.0818710301959193, 0.08228206187973777, 0.07995147251845107, 0.08256076282459869, 0.0706537054243171, 0.08111484773022655, 0.0701080166936946, 0.08224830784062916], [0.07404725769093316, 0.07308336844244392, 0.07125935435456189, 0.07593572723400321, 0.07469627914228572, 0.08170703292752443, 0.08215543205321456, 0.08022883012467576, 0.08280667031168516, 0.07057698957492123, 0.08092767973401739, 0.07007487429436844, 0.08250050411536503], [0.07396120674975626, 0.07313767334263965, 0.07125669775190369, 0.075943723237716, 0.07472760032271783, 0.08163124027896039, 0.08210185416678341, 0.08052598667971668, 0.08314855738394121, 0.0704948556832016, 0.08056273941553774, 0.07002544436733517, 0.08248242061979053], [0.07392868044296688, 0.07318185342765986, 0.07127491950587009, 0.07595558730969813, 0.07475535178526582, 0.08156580898379019, 0.08203585085026875, 0.08068400279297212, 0.08333333333333333, 0.07047267850339073, 0.08037434691923838, 0.07002164124613086, 0.08241594489941481], [0.07400978912819331, 0.07320746999023332, 0.07126530683153309, 0.07608257382393348, 0.07484409184084713, 0.08175516556289383, 0.08222146267050025, 0.08064904881094344, 0.08333333333333333, 0.0704664130767663, 0.0800793691331954, 0.06999191005042503, 0.08209406574720202], [0.07414839976044581, 0.0730448578278935, 0.07116841852156176, 0.07609499440597303, 0.07477711290470489, 0.0821080942653359, 0.08258170216268755, 0.08009293132522463, 0.08294606147233603, 0.07050975214814563, 0.08055660562089768, 0.06995679748203049, 0.08201427210276291], [0.07421779213904925, 0.0729936240361079, 0.07106812927976665, 0.07622091080912091, 0.07483276319727687, 0.08243565278446725, 0.08293187838746455, 0.079