[[0.07305159688262478, 0.07460372450731483, 0.08308933333817232, 0.07012437839605998, 0.071340921026357, 0.08093033726743137, 0.08055130547396457, 0.071374652856099, 0.07553880356297095, 0.08098668066785372, 0.07469983495444736, 0.08185927978391377, 0.08184915128279033], [0.0731291312158743, 0.07458906264054883, 0.08316472529769403, 0.07017237721085123, 0.07137151458717762, 0.08075497249761396, 0.08036259939257956, 0.0714438707519303, 0.07547167040394742, 0.08130374022530937, 0.07462301115846652, 0.08189322711563275, 0.08172009750237409], [0.07323951175178711, 0.07458832886937677, 0.08322989594413276, 0.07026172362122111, 0.07143622324874598, 0.0805364756539493, 0.0801496869499904, 0.07155206025108636, 0.07540818446624425, 0.08166697836575043, 0.07455309141244378, 0.0818537072920862, 0.08152413217318562], [0.0733130130243769, 0.07457550325223408, 0.08333333333333334, 0.07028288767160328, 0.07144872526894706, 0.08038722590958416, 0.07999377277189992, 0.0716092080059236, 0.07534491540517883, 0.08196214561606863, 0.07447040693679959, 0.08189792594679009, 0.08138093685726061], [0.07343856292890383, 0.07459438466730704, 0.08317746153020174, 0.07037584893313877, 0.07152237693972094, 0.08020913425529151, 0.07980510474521982, 0.07173104580882421, 0.0753024796268369, 0.08228688480527459, 0.07441583232914058, 0.08196260127404575, 0.08117828215609428], [0.07350268216462481, 0.07458294677268995, 0.08326425077255756, 0.07035898273791609, 0.07150833573585456, 0.08011288811992098, 0.07969496776850954, 0.07176058481514466, 0.07525009211992663, 0.08252604190707427, 0.07433573414802577, 0.08203263218351436, 0.0810698607542409], [0.07358815292878931, 0.07456463590071573, 0.08333333333333331, 0.07025298427525646, 0.07142942622745413, 0.08003023878218328, 0.07958329878908418, 0.07176064158539083, 0.0751722220936271, 0.08292740032156544, 0.0741890191674557, 0.08219979350348333, 0.08096885309166105], [0.07375989586552782, 0.07461866564773892, 0.0829292400588895, 0.07027023767360176, 0.07146025545328971, 0.07993453081196918, 0.07946999128750334, 0.07186697264877644, 0.07515907111748515, 0.08333333333333333, 0.07412027553733347, 0.08224828304466153, 0.08082924751988978], [0.07392465161315048, 0.07469996829686328, 0.08253086702515212, 0.07023782835400866, 0.07146298251380659, 0.07994350071407459, 0.07945678933356076, 0.0719450164281298, 0.07518617982141544, 0.08333333333333334, 0.0740723218109864, 0.08234552602837686, 0.08086103472714176], [0.07420788569874057, 0.07485228034360185, 0.0819621306650793, 0.07027489903819058, 0.07153769232462945, 0.07991063927028472, 0.07939618119463261, 0.07212254206855676, 0.07525474110865085, 0.08333333333333334, 0.07404802688103677, 0.08226153090437753, 0.0808381171688857], [0.07448446769029561, 0.07501342440102456, 0.08135878107844018, 0.07027559359470838, 0.07158907523373895, 0.07993295255522603, 0.07934525982791389, 0.07227862879926798, 0.07533526329779393, 0.08333333333333331, 0.07402353096090428, 0.08217787834275773, 0.08085181088459498], [0.0747763199879362, 0.07517738506351979, 0.08092192351462571, 0.0704109979311182, 0.0717382506482024, 0.07984193272231298, 0.07922100611873288, 0.07250716348432223, 0.07542018756981626, 0.08333333333333333, 0.07405281003412238, 0.08188362107947471, 0.08071506851248281], [0.07496220210489823, 0.07532790519779005, 0.08042844582880808, 0.07035131990500312, 0.07174114735586272, 0.07992918490175928, 0.07926977440597235, 0.07258223779146708, 0.07552572103076284, 0.08333333333333334, 0.07405843896649959, 0.08172953707999005, 0.0807607520978534], [0.07508705590532286, 0.0754433670701387, 0.08005628869785505, 0.07030033391938166, 0.0717390433005705, 0.07999584621831353, 0.07935639570488376, 0.07262753461259552, 0.07561337767512794, 0.08333333333333333, 0.07407147585439906, 0.08159677390554555, 0.08077917380253244], [0.07516212188199915, 0.07557327352293784, 0.07961023182130293, 0.07017430131138222, 0.07168520476908738, 0.08015530063362482, 0.07954067986705127, 0.0726098136323911, 0.07573715740595141, 0.08333333333333333, 0.07409922912019161, 0.0814560231596785, 0.08086332954106834], [0.07512445788446367, 0.07564297207117049, 0.07929349462879576, 0.07001476482238991, 0.0715879504025716, 0.08035036851704443, 0.07975185872275202, 0.07251465781794746, 0.07583318278949128, 0.08333333333333333, 0.0741242334097943, 0.08144095380649366, 0.08098777179375209], [0.07509545450410335, 0.07576428138607333, 0.07884148856118774, 0.06986062461026885, 0.07150846144121711, 0.08058084630955939, 0.08002628101712826, 0.07242977827768533, 0.07599140030613412, 0.08333333333333333, 0.0741964535916127, 0.08129599318334409, 0.08107560347835233], [0.07490244287337243, 0.07582474333350689, 0.07844312131354765, 0.0696371470005524, 0.07135902331608872, 0.08093207503245148, 0.08042097071452062, 0.07222471041960041, 0.07614699709824511, 0.08333333333333333, 0.07428742236737051, 0.08116174365568454, 0.08132626954172592], [0.07298316568187256, 0.07463873909485681, 0.08333333333333334, 0.07022857314146068, 0.07142333718441259, 0.08096634270159123, 0.08064893774187927, 0.07138066008733354, 0.07562815661936503, 0.08059926202007711, 0.07486039185645207, 0.08156998590864084, 0.0817391146287251], [0.0730743808294431, 0.07460673496268999, 0.08333333333333333, 0.07026734837363267, 0.07144434589687665, 0.08077950071896205, 0.08042876561649681, 0.07145381492653878, 0.07553792446382822, 0.08099601122177985, 0.0747507410513938, 0.0816763126964884, 0.08165078590853624], [0.07314918732871006, 0.07461246202353786, 0.08322911095219354, 0.07032292551870797, 0.07148610967589554, 0.08066562233076541, 0.08030186364789063, 0.07152431672114866, 0.07550393898228265, 0.08122130990280894, 0.07470939073891854, 0.08170201147084977, 0.08157175070629019], [0.07325800663549355, 0.07458933445931781, 0.08333333333333333, 0.07031678167806164, 0.07147610890142479, 0.08046928331977563, 0.08008758671230488, 0.07158871260745049, 0.07540160395883883, 0.08169616564967187, 0.07456205639157142, 0.08177774726652005, 0.08144327908623562], [0.07314877185556097, 0.07459111080635263, 0.08333333333333334, 0.07026947778990503, 0.07144177816700376, 0.08065130538201354, 0.08027336109179467, 0.07150033048735502, 0.07546849470164503, 0.081319687949376, 0.07465290430341955, 0.08176306759505596, 0.08158637653718458], [0.07338055351649488, 0.07460393418217617, 0.08317630656698798, 0.07039580176011295, 0.07153827626258365, 0.08029237500008968, 0.07990582844468705, 0.07170183534418963, 0.0753535391647266, 0.08203734817938858, 0.07449717186759439, 0.08185077833360697, 0.0812662513773615], [0.07344517324987156, 0.07459379251971977, 0.08333333333333334, 0.07045533588147049, 0.07157915308057688, 0.08013047202445464, 0.07974049297109076, 0.07177157038743089, 0.07530202078022859, 0.08228532614715373, 0.07444519151926347, 0.08183386858338122, 0.08108426952202474], [0.07351803305592482, 0.07457879355484624, 0.08333333333333333, 0.07037346739382581, 0.07151785974223034, 0.08006944923176347, 0.07965198093303262, 0.07177635524210654, 0.07523639165815636, 0.08259205661891345, 0.07432296992716123, 0.08200948009015795, 0.08101982921854788], [0.07364596602552756, 0.07459172100774158, 0.08333333333333334, 0.070441805311613, 0.0715728632707951, 0.07988870742308453, 0.07946509809102746, 0.07188245463620226, 0.07518942603108326, 0.08297160922055023, 0.07425832890772409, 0.08195469004992877, 0.08080399669138898], [0.07382685990481772, 0.07465116914955916, 0.08288301557207157, 0.07044279488369395, 0.07159379717682471, 0.07981585099556236, 0.07936994144464603, 0.07198652611523679, 0.07517892448848992, 0.08333333333333334, 0.07418218745602226, 0.08204195589836398, 0.08069364358137833], [0.07394143020812201, 0.07470191887420059, 0.08265238548709336, 0.07039588351146668, 0.07157678872138645, 0.07982811262000646, 0.0793629187644218, 0.07202948920807328, 0.07518869200539845, 0.08333333333333331, 0.07413109353193048, 0.08214419704826872, 0.08071375668629825], [0.07408832092272488, 0.07477626574384828, 0.08234813581956248, 0.07038898240949726, 0.07159560880073786, 0.07982118257027845, 0.07934158043901653, 0.07210941270693642, 0.07521683527783896, 0.08333333333333333, 0.07410135195841237, 0.08216148879103251, 0.08071750122678067], [0.07428508324502711, 0.07489086331924052, 0.08202137973226721, 0.07044955663835425, 0.07167475231685826, 0.07980429178504976, 0.07931345196466402, 0.07224896408689693, 0.07527958286566841, 0.08312592605845663, 0.07411253720292185, 0.0820886843303356, 0.08070492645425932], [0.07436812258330387, 0.07492408805955497, 0.08181329838795928, 0.07043539318841542, 0.07167603769640463, 0.07978322201444164, 0.07926742326627353, 0.07228959077432613, 0.0752816882287659, 0.08333333333333334, 0.07407958601120276, 0.08206325813672977, 0.08068495831928889], [0.07455197685097288, 0.07503379236588585, 0.08154381553685133, 0.07052186766747949, 0.07177228203142881, 0.07976623012766997, 0.0792240209689645, 0.07243403905707288, 0.07534538473104262, 0.083055064882602, 0.0741071975910327, 0.08198896102037266, 0.08065536716862429], [0.07464647588559295, 0.0750840628910602, 0.08124940957562002, 0.07045275678657888, 0.07173936148862274, 0.07978666468821889, 0.07920616791393242, 0.07245457211293206, 0.07536128290961984, 0.08333333333333333, 0.07406145593571309, 0.08195106794278556, 0.0806733885359899], [0.07502692831060673, 0.07529528654422243, 0.08069134701500538, 0.07064310375840732, 0.07194357236346945, 0.07965123918953501, 0.07903546176606527, 0.07275944780552066, 0.07547001363261716, 0.08333333333333333, 0.07410454173541778, 0.08156990053840928, 0.08047582400739015], [0.07516754864014567, 0.07541297811556727, 0.08030537651750996, 0.07056598866217832, 0.07192404904724162, 0.07973377012990182, 0.07910689316099791, 0.07280036813449921, 0.07555297781080149, 0.08333333333333331, 0.07410009196462337, 0.08146989441667006, 0.08052673006652979], [0.07473873101915825, 0.075172821236309, 0.08087930818323238, 0.07032536203176475, 0.07167459908463816, 0.07992297545232399, 0.07928789097125148, 0.07244492860917395, 0.07542706398024085, 0.08333333333333333, 0.07403732552056944, 0.08195074876970389, 0.0808049118083005], [0.07530436499991482, 0.07551721732686754, 0.07999939701956074, 0.07055659479252582, 0.07194935052497095, 0.07974835445539698, 0.07914201594183734, 0.07287198312437718, 0.07562330259450872, 0.08333333333333334, 0.07411228226763797, 0.0813410897904295, 0.08050071382863917], [0.07546714410156276, 0.07568748313094384, 0.07954632567347501, 0.07050239986729058, 0.07196038639950801, 0.07984950132215972, 0.07927617866755284, 0.07293602815072812, 0.07576392293476551, 0.08315705624578454, 0.07415750744579902, 0.08116923913593492, 0.08052682692449516], [0.07543613794657496, 0.07572459271765201, 0.07932730647575341, 0.0703529938776688, 0.07186200166086762, 0.07997514688454865, 0.07941053649164052, 0.07284777009219566, 0.07581424392102572, 0.08333333333333333, 0.07414810478010413, 0.08115371377476545, 0.0806141180438697], [0.07542170253738842, 0.07582869820600585, 0.07894554050833717, 0.07018530597028168, 0.07176836327440224, 0.08017228917733372, 0.07963834109232343, 0.07276166423049986, 0.07594126056246134, 0.08333333333333331, 0.074187268894914, 0.08109991448788881, 0.08071631772482994], [0.07552857228102915, 0.07601327878728524, 0.0785183079368688, 0.07016994327087855, 0.07180870414575112, 0.0802719833029506, 0.07980133844184188, 0.07281696949998279, 0.076125064017475, 0.08308166154347275, 0.07429479006269735, 0.0808903556169899, 0.08067903109277694], [0.07529296679579896, 0.07599752030217331, 0.07838585346354157, 0.06995087130211586, 0.07164006078117334, 0.08059042117242946, 0.08012534760398203, 0.07258685145169877, 0.07620255598714239, 0.08295221937688534, 0.07433880983972646, 0.08096466478689146, 0.08097185713644116], [0.0730410982081502, 0.07467112927513785, 0.08333333333333333, 0.07040947092928265, 0.07156107078766363, 0.08080816374413707, 0.08051624651920433, 0.07149734472050827, 0.07564500459618606, 0.08062368973850709, 0.0749294019535348, 0.08141723842144755, 0.08154680777290718], [0.0731898350148404, 0.0746333590653331, 0.08333333333333334, 0.07048093733096183, 0.07160546974838343, 0.08053477378111333, 0.0801962907956279, 0.07162082140368421, 0.07551970657165948, 0.08119402933924512, 0.07477389180125682, 0.08152159047460848, 0.08139596133995272], [0.07313019450073435, 0.07463776314498452, 0.08333333333333331, 0.07044532809755681, 0.07158096574141298, 0.08064069645260423, 0.08031610397542452, 0.07156810932310509, 0.075561067870989, 0.08099042414316247, 0.07482467316932878, 0.0815037862168214, 0.08146755403054223], [0.07321220864725425, 0.07461263066951057, 0.08333333333333333, 0.07040770536711226, 0.07154729584643196, 0.08051737877489451, 0.0801530432675044, 0.071601613566478, 0.07547032673143318, 0.08139311173325861, 0.07468578689019532, 0.08163604102998867, 0.08142952414260488], [0.07332342738906948, 0.07466008779313396, 0.08311300714052652, 0.07059350300562833, 0.071694583984375, 0.0803626071459736, 0.08000931027548212, 0.07175302990542384, 0.07548496507807231, 0.08151652469403534, 0.07472990783835469, 0.08150436952195057, 0.08125467622797425], [0.07341892365741687, 0.074653194599861, 0.08302712529563308, 0.07059637510479029, 0.07169582303572195, 0.08021996258263137, 0.07985786561498735, 0.0718138948347322, 0.0754163601453337, 0.08190901417110011, 0.07462421433449472, 0.08161672723267642, 0.08115051939062108], [0.07333089841631023, 0.07464413816483079, 0.08311145972131571, 0.07051805174711825, 0.07163619590419472, 0.08037236702120615, 0.08000509750614956, 0.07172356930170255, 0.07545200716259093, 0.08164371545668449, 0.0746635153993102, 0.08160041134873058, 0.08129857284985605], [0.07350061719612609, 0.07464062053630055, 0.08312187487142392, 0.07063130312870979, 0.07171864412622692, 0.08004968910689512, 0.079681859533404, 0.07188385282234018, 0.07534925091369253, 0.08224461361700061, 0.07453938417603184, 0.08166125805988715, 0.08097703191196108], [0.0735367552725501, 0.07461897206813843, 0.08333333333333333, 0.07062314285684602, 0.07170757948799576, 0.07995047227274861, 0.0795737553845461, 0.07190359974790024, 0.07529566798535757, 0.08244287040537661, 0.07447053810059177, 0.08167330155039688, 0.08087001153421856], [0.07360249784767361, 0.0746314492197747, 0.08314684984289077, 0.07062205842334465, 0.07171140384145061, 0.07991310808771597, 0.07952468374518586, 0.07194093494118181, 0.07527860600586286, 0.08263264770301931, 0.07442915210008517, 0.08173904920014728, 0.08082755904166734], [0.07369967271105406, 0.07463997087174293, 0.08314985538059846, 0.07065713033931909, 0.07174080086733257, 0.07979034363143236, 0.07939337469935336, 0.07201391960560614, 0.07524027583308603, 0.08289828496518954, 0.07437037744191481, 0.08172232324390345, 0.08068367040946721], [0.07381553301092687, 0.07464826372628709, 0.08300081080173226, 0.07058134685317528, 0.0716916831765629, 0.07972210282580315, 0.07929909271893334, 0.07204564534357796, 0.07518708195409149, 0.08333333333333336, 0.07424805375134695, 0.08183169810949976, 0.08059535439472981], [0.07390741746862342, 0.07468841873175248, 0.0828234700923335, 0.07059124191471218, 0.0717117707407026, 0.07970674230266497, 0.07927404139597784, 0.07210269820038058, 0.07519687151664665, 0.08333333333333333, 0.07422741997022016, 0.08187333611246259, 0.08056323822018971], [0.07395089419848228, 0.07470793847759939, 0.08272801200923582, 0.0705734435235969, 0.07170539133908865, 0.07971500635894777, 0.07927470957541724, 0.07211900041636074, 0.07520118439962611, 0.08333333333333334, 0.07420869872904756, 0.08191907174842734, 0.08056331589083693], [0.07410288579669834, 0.07477795765103458, 0.0824464152857533, 0.07058864945890095, 0.07173899203070545, 0.07968574185185862, 0.07923246292143274, 0.07221267700072226, 0.0752221835302342, 0.08333333333333334, 0.07417922832300425, 0.08193475466343413, 0.08054471815288791], [0.07426850777192105, 0.07487027231758468, 0.08219091961898181, 0.07061898315415349, 0.07178977823090577, 0.07968065661097135, 0.07921644086958383, 0.0723205848177386, 0.07526863466263682, 0.08312342174095731, 0.074174805197686, 0.08193256247936816, 0.08054443252751108], [0.07437687658086646, 0.07491761344630128, 0.08195486299767717, 0.07060793790995297, 0.0717977556835565, 0.07964904509254887, 0.07917423734395741, 0.07237706010374077, 0.07527818267466063, 0.08333333333333334, 0.07414098139033161, 0.08187121743515945, 0.08052089600791368], [0.07464434314333791, 0.07505225813000299, 0.08150735289585305, 0.07070966672830965, 0.0719144110505004, 0.0795743682492482, 0.07905751866269559, 0.07257711316209452, 0.07533436867280932, 0.08333333333333333, 0.07413871032479584, 0.08172599847468201, 0.08043055717233714], [0.07487745981864766, 0.07517585466881455, 0.08112949802285012, 0.07079896337122475, 0.07201853350958709, 0.07950976065956006, 0.07896148553994395, 0.07275152326198477, 0.07539203393064754, 0.08333333333333333, 0.07414595231847046, 0.08156328690883106, 0.08034231465610467], [0.0750565475347292, 0.0752984974619403, 0.08071749706027385, 0.0707233573012116, 0.07200285059673252, 0.07958164624071683, 0.07897902451541333, 0.07281502407362907, 0.07546487867404744, 0.08333333333333331, 0.07412162618047953, 0.08150683949543895, 0.08039887753205388], [0.07486952917444223, 0.07519539808670679, 0.08098796848624612, 0.07062554005903099, 0.07189945850666318, 0.07965301221822002, 0.07906548961332863, 0.07266298711641718, 0.07541198566664355, 0.08333333333333333, 0.074098932876994, 0.08169491507690722, 0.08050144978506678], [0.07474000158521446, 0.07512061837745242, 0.08133547414068407, 0.07069810074669546, 0.07192712127559642, 0.07962517440547089, 0.07908197334005085, 0.07262475446627423, 0.07538015359168293, 0.08308847962851601, 0.07414290124733659, 0.08175333073800307, 0.08048191645702248], [0.07448550170936294, 0.07497539927455919, 0.08172045293531231, 0.07058669381709136, 0.07180123923991741, 0.07966642513509986, 0.07915847505831719, 0.0724283279885611, 0.07530170692588803, 0.08333333333333331, 0.07411615086869619, 0.08188265526008427, 0.0805436384537767], [0.07485312458184701, 0.07518497747674407, 0.08106477352616952, 0.07066156797296723, 0.0719218373275945, 0.0796372064894507, 0.07906112337668175, 0.07267098830529582, 0.0754086102038235, 0.08323530159579921, 0.07411563583217429, 0.08169878644819792, 0.08048606686325442], [0.07473438300631076, 0.07514578618615216, 0.08110098493348075, 0.07047473582451814, 0.07177402661450548, 0.07980368059605013, 0.07920711924490234, 0.07251405510947252, 0.07540309422284774, 0.08317292167548021, 0.07407740423947472, 0.08191057037735663, 0.08068123796944837], [0.07516379813509029, 0.07537832655692472, 0.08046895509219322, 0.07069001541339988, 0.07200363288299919, 0.07961999016188931, 0.07899664039547506, 0.0728585509541011, 0.07551713451125021, 0.08333333333333331, 0.07411915354379352, 0.08143193399655424, 0.08041853502299577], [0.07530154754166885, 0.07548426763061664, 0.0801996805956625, 0.07069344212803283, 0.07203848704441523, 0.07965029652065662, 0.07904279023141307, 0.07293646669095873, 0.0755916776780555, 0.08317042568076563, 0.07414057894809778, 0.08133218177873018, 0.08041815753092646], [0.07543401655645746, 0.07559420521889038, 0.0798666468479309, 0.07065355010615783, 0.07204334582957876, 0.07968823099430616, 0.07910136102648616, 0.07299072518628547, 0.0756693428427308, 0.08318326191156543, 0.07414873917258084, 0.0812137419991849, 0.080412832307845], [0.0755238272456408, 0.07567130277755091, 0.07960499518080655, 0.07061084680587419, 0.07203620452150102, 0.07970534150924882, 0.07913749382198476, 0.07302021280578051, 0.07572283299407356, 0.08333333333333333, 0.07414820959846992, 0.08109505932319831, 0.08039034008253723], [0.07557435940137683, 0.07578350885845926, 0.07924530905810079, 0.07047479572714152, 0.07196953904463621, 0.07985074921630236, 0.07930680732235239, 0.07298287899444963, 0.0758333267194228, 0.08333333333333333, 0.07416971690808645, 0.08100603260831235, 0.08046964280802595], [0.07564577763479481, 0.07592930935448541, 0.07881004340657713, 0.07036320170525186, 0.07192981827138242, 0.07997624050128259, 0.07947656415157263, 0.07297052848334538, 0.07597642391044061, 0.08333333333333331, 0.07421859196113803, 0.08087957862012013, 0.08049058866627544], [0.07565807637668061, 0.07602382330977753, 0.07852582292525517, 0.0702770620592773, 0.07189292272026718, 0.08008356858635768, 0.07961890078481561, 0.07293838586081959, 0.0760831645968201, 0.08333333333333334, 0.07426475356846116, 0.0807866943594896, 0.08051349151864524], [0.07559485072789333, 0.07611884836681618, 0.0781873084819007, 0.07012888710877743, 0.07180921745055695, 0.08026819690472914, 0.07985154699131863, 0.07283765086913324, 0.07622055928631975, 0.08333333333333333, 0.07433073398408258, 0.08067814202297734, 0.08064072447216132], [0.07528238032769141, 0.07607938013354526, 0.07810088415915034, 0.06988597478409474, 0.0716149314850845, 0.08066330706245951, 0.08025110415311902, 0.0725551789178348, 0.07630527707141874, 0.08303349595719689, 0.07439387692477276, 0.08079076605120902, 0.0810434429724229], [0.07455111514381628, 0.07501152294273629, 0.08173988157737566, 0.07074995055892883, 0.07192925500471672, 0.0795775395412179, 0.07909178767482587, 0.07254323258602559, 0.07532822048581095, 0.08312506235846036, 0.07418102621839313, 0.08173985731081257, 0.08043154859687984], [0.07436462476415741, 0.07490541561329787, 0.08204372532797304, 0.07073214853516735, 0.07188282510401275, 0.07956477442696532, 0.07910944068878774, 0.07242964689249404, 0.07527398814390886, 0.08333333333333333, 0.0741895908521192, 0.08176179031339362, 0.08040869600438937], [0.0742181809555218, 0.07484235194823977, 0.08233793058276678, 0.07075871804517876, 0.0718806580479577, 0.07959417393303095, 0.0791528041234582, 0.07235874721736461, 0.0752622975240139, 0.08314097791139505, 0.07424098099206651, 0.08178232536197694, 0.0804298533570289], [0.07411904170432342, 0.07478387374264425, 0.08252541597082938, 0.0707348834115997, 0.07184541027791098, 0.07958410849879116, 0.07914994716848364, 0.07229156613933951, 0.0752291452245325, 0.08333333333333334, 0.07423645209032406, 0.0817530953551978, 0.08041372708269036], [0.07397380566042543, 0.07471526498778482, 0.08284888726848788, 0.07071969831269803, 0.07181239681941019, 0.07959984246131654, 0.07917915118291635, 0.07220171321117937, 0.07520610653877084, 0.08333333333333334, 0.07426155757358359, 0.08171167493851318, 0.08043656771158053], [0.07378699710078866, 0.07465020343781617, 0.08333333333333333, 0.0707242955984079, 0.07179358184056815, 0.07965413549876559, 0.07925684687875714, 0.07209660124173778, 0.07521104364897781, 0.08300962304806907, 0.07433646603266546, 0.08162477814814466, 0.08052209419196815], [0.07372844950524958, 0.07464995346015704, 0.08333333333333334, 0.07075905492443166, 0.0718169537782111, 0.07969867471870859, 0.07931443781668075, 0.07207866452112907, 0.07524337349933342, 0.08282180520634116, 0.07440217183462905, 0.08157807898413476, 0.08057504841766058], [0.07473805662797381, 0.07520134703376226, 0.08072233102768399, 0.0702275856992374, 0.07161213904979455, 0.08002904757892294, 0.07936738011026723, 0.07239763832374027, 0.07545909848217441, 0.08333333333333333, 0.07402607158980172, 0.08197536533261493, 0.08091060581069309], [0.07514316002125229, 0.0754483260301782, 0.08018490217905552, 0.07044781182131671, 0.07184761754078405, 0.07988968351786235, 0.07925616705892538, 0.07272918289171619, 0.07560433720737754, 0.08310468304403226, 0.07410531054650676, 0.08156033980376903, 0.080678478337224], [0.0753278698564503, 0.07559021863702742, 0.07972563469988371, 0.07042281767935407, 0.07187333140397238, 0.07988776041922874, 0.07929019854334073, 0.07282054839198805, 0.07569766015183695, 0.08333333333333334, 0.07411400280492687, 0.08131224644250028, 0.0806043776361572], [0.07365420045251592, 0.0746429667779317, 0.08333333333333333, 0.0707458440049677, 0.07180403097895953, 0.07977832754054241, 0.07940294299317308, 0.072029152949359, 0.07527244651455059, 0.08264316061821012, 0.07445234081149082, 0.08157355107439783, 0.080667701950568], [0.07360895234175692, 0.07466244079106579, 0.08315105205173726, 0.07077545396318033, 0.07182956974698147, 0.07986083087071072, 0.0794977352394636, 0.07201606871983993, 0.07532650412280609, 0.08243754298034041, 0.07453213141030493, 0.08154524372541776, 0.08075647403639463], [0.07351149998466262, 0.07464717217189945, 0.08333333333333334, 0.07074403197749173, 0.0718012117527446, 0.07995361417602785, 0.07960487297684579, 0.0719417779386577, 0.07535830252140657, 0.08216756837297562, 0.07458923820361202, 0.08148939033143172, 0.08085798625891105], [0.07344644884554047, 0.0746581410815372, 0.08333333333333333, 0.07075767822268168, 0.07181296137982279, 0.08006079320675501, 0.07971370210926403, 0.07190503487806203, 0.07541525623403109, 0.08188072165272588, 0.07467748583387443, 0.08139430476094177, 0.08094413846143028], [0.0733971950446389, 0.07468106188175609, 0.08319898363233334, 0.07076500135206973, 0.0718239432166399, 0.08018357890463763, 0.07984716327436037, 0.07187657379627316, 0.07548073732471988, 0.08161971737757745, 0.07476514393709507, 0.08131689004982533, 0.08104401020807316], [0.07334117516215814, 0.07466492112421808, 0.08333333333333334, 0.07071425470325363, 0.07178255883132169, 0.08024542834296143, 0.07991324500793963, 0.07181947613235797, 0.07548758460924328, 0.08149346574731722, 0.07477487584015635, 0.08133032730163034, 0.08109935386410903], [0.07328222589500946, 0.07466413649266294, 0.08333333333333334, 0.07067307140436081, 0.07175237794145056, 0.08034530116450381, 0.08002226016812267, 0.0717643204494539, 0.07552029016436775, 0.08129634944180388, 0.07481497954901631, 0.08134980809462469, 0.08118154590128998], [0.07325116326824929, 0.07468917910293855, 0.08312264017051488, 0.07067099639519532, 0.07175780804208462, 0.08045109187445378, 0.0801407731527229, 0.07174322625034955, 0.07557761431792058, 0.08109775039161982, 0.07488326271813237, 0.08135533232814522, 0.08125916198767323], [0.07318434497933377, 0.07471489270730998, 0.08317400463885563, 0.07067978739543625, 0.07176793722322038, 0.08053911283105603, 0.08025852849424829, 0.07170611083939066, 0.07564029891636181, 0.08081150831013942, 0.07497714387696303, 0.08126519506731476, 0.08128113472036996], [0.0731007136325322, 0.0747274027742027, 0.08333333333333333, 0.07063940954608652, 0.07173963499234146, 0.0806460273167715, 0.08039317101115157, 0.07163704184120939, 0.07569252610843949, 0.0805347707191113, 0.07504778339871192, 0.08118969807239405, 0.08131848725371446], [0.07311964148763504, 0.07467650805063855, 0.08333333333333333, 0.07053888174425757, 0.07165634946748826, 0.08063614529850958, 0.08034285321347588, 0.07160363596722727, 0.0756168538434283, 0.08079537077069066, 0.0749230523658126, 0.08136038083733443, 0.08139699362016845], [0.07508708075971321, 0.07535179953829, 0.08049664751551437, 0.07058275929927978, 0.07191725013412617, 0.07971449098619356, 0.07907792607901129, 0.07276364419713607, 0.07551218125027705, 0.08333333333333334, 0.07409778290922683, 0.08153758486968818, 0.08052751912821021], [0.07493787953275624, 0.07528602464682005, 0.0806932926794632, 0.0704885639832073, 0.07182735533296465, 0.07983074710224693, 0.07919254053599692, 0.07263428849221071, 0.07549228173763665, 0.08310149440977578, 0.074092790611036, 0.08174687639998235, 0.08067586453590339], [0.07504570796987077, 0.0754762423018882, 0.07986451650127482, 0.07015802024722065, 0.07164435693787632, 0.08015730479539158, 0.07951619814333888, 0.07253677090966006, 0.07566617792373888, 0.08333333333333333, 0.07407145189075495, 0.08161083184373574, 0.08091908720191578], [0.07491817739154163, 0.07533622500869107, 0.08031739436709646, 0.07023089149587868, 0.07165570616666894, 0.08005134993140114, 0.07938407981186023, 0.07249997487104101, 0.07554979932441143, 0.08333333333333334, 0.07404499601373597, 0.08179578299458326, 0.08088228928975691], [0.07440130198963162, 0.0749704672741814, 0.0815963357524933, 0.07031009238134393, 0.07159970777644682, 0.07993125337234208, 0.07937240843301095, 0.07224793643962445, 0.07532159818962891, 0.08310525903894234, 0.07405417484626073, 0.08223475960420193, 0.08085470490189149], [0.07461384908144952, 0.0751106582820682, 0.08100185056288638, 0.07022847208736573, 0.07158502546781029, 0.0800022386522349, 0.07936982695042272, 0.07232858571971926, 0.07539906498914983, 0.08333333333333333, 0.07401634361941808, 0.08210242864727246, 0.08090832260686927], [0.07509355013443182, 0.07557571017474615, 0.07957051627289018, 0.07009280070297107, 0.0716250837224936, 0.0802856536108594, 0.07966361946220957, 0.07253310212336411, 0.07576845070167791, 0.08314617625158503, 0.07411418508982368, 0.08154367940720789, 0.08098747234573957], [0.07502908688124323, 0.07565362070426439, 0.07914695260507597, 0.06988180392510232, 0.07149255440255563, 0.08052315925722232, 0.07992621572932991, 0.07240028336931541, 0.07588308006392853, 0.08333333333333333, 0.07414012483608079, 0.081470888106266, 0.08111889678628213], [0.07552590477028887, 0.07623379025455436, 0.07779222838752704, 0.06999789992937606, 0.0717432340674349, 0.0804353361187263, 0.08009318270336688, 0.07274523782567126, 0.07638657430596665, 0.08333333333333334, 0.07442498243341325, 0.08048271823807929, 0.08080557763226186], [0.07568823014062334, 0.07622545711978537, 0.07794537870299446, 0.07015323422836153, 0.07185756137844215, 0.08023399254288337, 0.07986467388147495, 0.0729036284380264, 0.07631078609161292, 0.08333333333333333, 0.07438177198218072, 0.08049889274872304, 0.08060305941155839], [0.07330501033741009, 0.07469153053257342, 0.08154946679347548, 0.06949251037528997, 0.07091536516383537, 0.0813431383482414, 0.08077415362451042, 0.07124080080394712, 0.07546648947476385, 0.08121757792192406, 0.07424802030998068, 0.08333333333333334, 0.0824226029807148], [0.07331624730376399, 0.07465393066363032, 0.08194642582036202, 0.06965304119284346, 0.07101994549465439, 0.08111437444605388, 0.08058151974969978, 0.07132184610402573, 0.07541709508484294, 0.08153115071031711, 0.0742685659752926, 0.08298727916785772, 0.08218857828665616], [0.07342488659649994, 0.07467208695248503, 0.08199166991349904, 0.06973195784736487, 0.07108305279020098, 0.0809457505765248, 0.08041239776476918, 0.07142335735924137, 0.07538515736331038, 0.08179403399155805, 0.0742294603431351, 0.08293335861804875, 0.08197282988336252], [0.07347867669410696, 0.07464956292303157, 0.08213569260442886, 0.06978654104919105, 0.0711168347002139, 0.08076321306376547, 0.08023731157028718, 0.07147888228131281, 0.07532720074130543, 0.08205617724531027, 0.0741802957786344, 0.08301968714024624, 0.08176992420816578], [0.07359923041464785, 0.07466621119429066, 0.08205231085302106, 0.06973399333756512, 0.07108618641573107, 0.08064730077369621, 0.08010296978830483, 0.07152264362314442, 0.07528159349421941, 0.08222877671792472, 0.07407224963095263, 0.08333333333333333, 0.08167320042316863], [0.07377249299461189, 0.07476890036393376, 0.08179426544455154, 0.06976048669914957, 0.07113649954617189, 0.08063707590852498, 0.08007949841758459, 0.07163278806272778, 0.0753354176461069, 0.08219837630241983, 0.07406711273890922, 0.08315593131936741, 0.0816611545559406], [0.0738350735729739, 0.07485967033553603, 0.08126805340762609, 0.06961935926107227, 0.07106150223484521, 0.08085508575011487, 0.08023688460044816, 0.0716027198097941, 0.07541817729531407, 0.08192653666347212, 0.07405706707199766, 0.08333333333333333, 0.0819265366634721], [0.07370839550005377, 0.07493004961202973, 0.08074588062963435, 0.06944992797001043, 0.07095685684547463, 0.08133186254823323, 0.08067099467665512, 0.0714550383379514, 0.07557151417946356, 0.08141896167718193, 0.07416317483061505, 0.083138573760223, 0.08245876943247368], [0.07344140945883842, 0.07483176499983095, 0.08089054622276995, 0.06934323347826861, 0.07084926618137682, 0.08156475001367264, 0.08094217847021373, 0.07125305473164457, 0.07557500272274809, 0.08106255285023177, 0.07422254001441153, 0.08333333333333333, 0.0826903675226595], [0.07333496159684073, 0.07476790862845276, 0.08117119447129735, 0.06937783863836904, 0.07085487222078157, 0.08157667049770018, 0.08097194716387741, 0.07120490398508858, 0.07555066976340198, 0.08087986522819804, 0.07426053331517114, 0.08333333333333333, 0.08271530115748774], [0.07343310760767036, 0.0747522100245819, 0.08136213445930209, 0.0694948197005085, 0.0709356542748036, 0.08129234894687731, 0.08070477755469573, 0.07131917640583578, 0.07547720370539322, 0.08129234894687731, 0.07420567869440511, 0.08333333333333333, 0.08239720634571575], [0.07336925076230737, 0.07469939557283795, 0.08165955625805987, 0.06957025125074702, 0.07097405939327056, 0.08121286254459412, 0.0806510957400627, 0.0713156017163036, 0.0754451312418864, 0.08141868578943748, 0.07423608336010044, 0.08316684931433624, 0.08228117705605624], [0.07357274575015757, 0.07474707330502857, 0.081653910214848, 0.06965988353533278, 0.07105455511490619, 0.08096502938204062, 0.08039921080012882, 0.07147348697852289, 0.07540591307739929, 0.08177699941649853, 0.07416118808660364, 0.08310287685505288, 0.08202712748348029], [0.07368605941303691, 0.07484571501675372, 0.08126383941822894, 0.0695927020202206, 0.07103548797318983, 0.08107038811468781, 0.0804804412164856, 0.07150683016792737, 0.07547806341284789, 0.08157009451786533, 0.07415309564838728, 0.08316601945362138, 0.08215126362674723], [0.07358669042658789, 0.07478459068206664, 0.08138156212706167, 0.06957240720356393, 0.0710025222611127, 0.08108421669018853, 0.08049987442590914, 0.07144125092261733, 0.07544454373046806, 0.08155255324737165, 0.0741523256513401, 0.08333333333333331, 0.08216412929837881], [0.07363873577289765, 0.074883085201973, 0.08103540449476831, 0.06953876717807045, 0.0710062442641043, 0.08127804538900334, 0.08067540560105059, 0.07145626982523132, 0.0755521931726141, 0.0813193020310232, 0.07421180711061921, 0.08302557746434927, 0.08237916249429524], [0.07350614703919534, 0.07471168260236458, 0.08176161640095948, 0.0696796936052697, 0.07105787766420638, 0.08096349094689519, 0.08040893358234656, 0.0714450404107853, 0.07539349146921075, 0.08179540340534787, 0.074183772677174, 0.08307743091744395, 0.08201541927880082], [0.07370721524068846, 0.07476957309469942, 0.0817425916734799, 0.06972606666600133, 0.07111061881872793, 0.08076852736226861, 0.08020646047525119, 0.07157988614220737, 0.07536939320689738, 0.08201162855903403, 0.07410681949202999, 0.083092919966208, 0.08180829930250637], [0.07376087713996149, 0.07482328393608102, 0.08140821790402686, 0.0696323659940234, 0.07105933581394944, 0.08086320714069334, 0.08027584263591375, 0.07156685156684428, 0.07540861836059053, 0.08185216797333404, 0.07408163510160391, 0.08333333333333333, 0.08193426309964455], [0.07377721685105051, 0.07492065522621785, 0.0808375803781555, 0.06947754462321441, 0.07097539214803153, 0.08118001878894691, 0.0805141863734633, 0.07150568332454225, 0.0755229129277213, 0.08156141375682202, 0.07410785265242482, 0.08333333333333334, 0.08228620961607627], [0.07390397934463248, 0.07493905668253917, 0.0809960679027013, 0.0695953589975776, 0.07106722033759126, 0.08097334275984666, 0.08031498537966131, 0.07163088478044077, 0.07548979132271, 0.08186276301678859, 0.07408363038358065, 0.08309569468055718, 0.08204722441137302], [0.07356416584443942, 0.07468038639252486, 0.08192189157911887, 0.06969125895957469, 0.0710587535896153, 0.0807689101763883, 0.08021749470340966, 0.07148293391084459, 0.0753179034211863, 0.08205435578335306, 0.07409973043713439, 0.08333333333333334, 0.08180888186907727], [0.07381236093951767, 0.0747987528797704, 0.08159421211706527, 0.06970487270350759, 0.07110572699837474, 0.08067583816780446, 0.0801019494308508, 0.07162943483335843, 0.075351655655862, 0.08212479543882019, 0.0740434053816727, 0.08333333333333336, 0.08172366212006262], [0.07393138896898954, 0.07488279337566209, 0.0813231893768324, 0.06970081592717241, 0.07112813798263304, 0.08072755096439194, 0.08010837208991298, 0.07169477272032967, 0.07540499216718204, 0.08212356317866651, 0.07404497203017128, 0.08315118573176211, 0.081778265486294], [0.07297162649545044, 0.07470985368670356, 0.08146047521263151, 0.06926726239881258, 0.07075656055310106, 0.08207120742826624, 0.08152302493926594, 0.07093493990124664, 0.07568215019820806, 0.08032986371922095, 0.07448322352024733, 0.08247647861351247, 0.08333333333333334], [0.07308864909069121, 0.074764737160748, 0.08119899904091393, 0.06922598179597227, 0.07074303650933704, 0.0820899007750631, 0.08148436936053786, 0.07098559702910155, 0.07568598966208684, 0.08058903977504214, 0.07441686730561384, 0.08266774875878896, 0.08305908373610342], [0.0732611649805765, 0.07484577032958342, 0.08071851551679693, 0.06912827895593965, 0.0706971894122186, 0.08202990827111599, 0.08137435963656964, 0.07104581885236093, 0.07568663972019087, 0.08101167417379172, 0.07429870496803317, 0.08277622339008386, 0.08312575179273882], [0.07343323514556963, 0.07500479778231409, 0.0801323279065883, 0.06903790820082377, 0.07067875672928067, 0.08217828211180496, 0.08139116664761945, 0.07110752424393911, 0.07579995519496896, 0.081405636831009, 0.07428297694058619, 0.08242861745863633, 0.08311881480685947], [0.07335769257722867, 0.07523321039378555, 0.07943921135229179, 0.06886680493959514, 0.07062017463576822, 0.08289508617268654, 0.08198641045389768, 0.07098627000515906, 0.0761576783476683, 0.08115393660282866, 0.07453615696185469, 0.08143403422390244, 0.08333333333333334], [0.07308508902752953, 0.0752279038739138, 0.07963536639728515, 0.06898633955124348, 0.07070522116606562, 0.08333333333333334, 0.08266636218823796, 0.07088330379690835, 0.07634377110484585, 0.08041565707171856, 0.0748719118884753, 0.08103294511289318, 0.08281279548754993], [0.07283118072339863, 0.07502928125011488, 0.08023513624242579, 0.06909578050567919, 0.0707277030367786, 0.08333333333333334, 0.0827880313602077, 0.0707829732658838, 0.07622977441060085, 0.07998061596348215, 0.07494601126443391, 0.08110427318339218, 0.08291590546026914], [0.07281701297929093, 0.07488247545788464, 0.08092420383224905, 0.06925155807778553, 0.07079625735739332, 0.08278831151998875, 0.08229081242927937, 0.07084071551970493, 0.07603671905226159, 0.07994950221388562, 0.0748606197502547, 0.08153322280695237, 0.08302858900306924], [0.07290890789214988, 0.0747441190026361, 0.08133750333992612, 0.06923079080777769, 0.07074024310066832, 0.08227688176487313, 0.08174982423910461, 0.07088209734777291, 0.07576949671419542, 0.08024080436038844, 0.07457201037968887, 0.08221398771748512, 0.08333333333333333], [0.0730470777425643, 0.07478809790755969, 0.08113025061839364, 0.06919570962450476, 0.07072783166766528, 0.08224846806727391, 0.08164186678908465, 0.07094635488285513, 0.0757439555897875, 0.08053888499352378, 0.07447235366405916, 0.0824789142893678, 0.08304023416336036], [0.07313477737734897, 0.07483771920420834, 0.08071240380441523, 0.06905035925834715, 0.07063817361956545, 0.08229078671181875, 0.08162475417855368, 0.07093438292939844, 0.07574650101880477, 0.08085276320630791, 0.07436880984497622, 0.08247523551292162, 0.08333333333333331], [0.0732113063996977, 0.07488683943672504, 0.08050410726572182, 0.06901829225735989, 0.07062958845223763, 0.08226505638244991, 0.08158979597330447, 0.07096588964309884, 0.0757665123721593, 0.08102249123999886, 0.07433852458562584, 0.08246826265828733, 0.08333333333333333], [0.07319152669264832, 0.07495929486858514, 0.0802631541110614, 0.06895344259163977, 0.0706035454467319, 0.08252492131870286, 0.08181143473891993, 0.0709245345829648, 0.07587782969104005, 0.08100337042085069, 0.07441270713482565, 0.08214090506869623, 0.08333333333333334], [0.07298101458136495, 0.07488275079549238, 0.08079202338118714, 0.0691199025398327, 0.07070069577488271, 0.08268762865653324, 0.08206716052529778, 0.07087487231933956, 0.07591855722696214, 0.08043713396611595, 0.07461951915586072, 0.08198211949913382, 0.08293662157799699], [0.07288039180084131, 0.0749303051603688, 0.08042303540983466, 0.06899209591324935, 0.07062323095253334, 0.083050931222