[[0.07603597027113262, 0.0737424745183526, 0.07469755475396718, 0.07224770688397773, 0.08172967759031192, 0.07500532423617208, 0.08060521492223365, 0.0734997561528753, 0.08285919653898283, 0.08137207679527712, 0.07328649601469717, 0.08183184210662198, 0.07308670921539778], [0.07594743442619971, 0.07375243977084592, 0.0746732317681896, 0.07223123964412964, 0.08162515224346199, 0.07501463557059149, 0.08044418765399174, 0.07349244076018902, 0.0829699190374534, 0.08162312349632403, 0.07327328283114026, 0.0818951053944077, 0.0730578074030756], [0.0758526363727781, 0.07377792748342614, 0.0746560712039953, 0.07223067242333008, 0.08147349518594371, 0.07503525307657034, 0.08024950320579488, 0.07349868961795555, 0.08307191951185829, 0.08191993100104783, 0.073273378542266, 0.08192008169310691, 0.07304044068192675], [0.07578449921641672, 0.0738121277923936, 0.07465592279965376, 0.07223055846419736, 0.08137157962262356, 0.0750708920411919, 0.08011089868811662, 0.07351374286724599, 0.08302326401690427, 0.08216710714265699, 0.07328124626892467, 0.08194859746788616, 0.07302956361178833], [0.07572572168143242, 0.0738793877054628, 0.07467918904407121, 0.0722692769201805, 0.08122417197934387, 0.07513189342823742, 0.07994420074844098, 0.0735612778021457, 0.082814027354289, 0.08247551269059455, 0.07332220714097716, 0.08192177775193467, 0.07305135575288965], [0.0756855598161983, 0.07392610381381866, 0.07469843430348742, 0.0722765027560725, 0.08115734380087385, 0.0751843176234721, 0.07985290681991616, 0.07358947747230829, 0.08261796272272505, 0.08267953736398641, 0.0733426625804384, 0.08193663566458677, 0.07305255526211613], [0.0756249868805322, 0.07398584260094089, 0.07472546159536797, 0.0722447796742172, 0.08111740253354435, 0.07527108384562409, 0.07976021889765152, 0.0736143310229897, 0.0823035589270591, 0.08295761972515718, 0.07335082256930733, 0.08202089431129182, 0.07302299741631657], [0.07557807798763422, 0.07406802289298495, 0.07477083506174166, 0.07224267940023842, 0.08103883548480056, 0.07537457763558028, 0.07965287664040856, 0.07366287299386358, 0.08198566871997946, 0.08313160751049536, 0.07338374890566518, 0.08209061739001448, 0.07301957937659319], [0.07555314342748227, 0.07413459301028219, 0.0748187488859096, 0.07220347038420509, 0.08104896160068456, 0.07548077829517132, 0.07962454503840448, 0.07369424438630157, 0.08169065268969658, 0.08312805102241819, 0.07339658199610183, 0.08223338894186977, 0.07299284032147245], [0.07555258933569886, 0.07428051489850522, 0.07493064710523042, 0.07221530252443724, 0.08099915213719062, 0.07567134910804087, 0.0795623541800981, 0.073793310504937, 0.08126176755066529, 0.0829449387833993, 0.07347176039286145, 0.0822893889849727, 0.07302692449396302], [0.07554216948778071, 0.0743972065838874, 0.07502459146136783, 0.07217839978123884, 0.08093771882098814, 0.07584752094098625, 0.07950774124082466, 0.07386031241364378, 0.0808054085540633, 0.08311816454290459, 0.07351200802347299, 0.08223834020975408, 0.0730304179390874], [0.07555687117187289, 0.0745551343476331, 0.07514478137243695, 0.07224001205448323, 0.08078322596348247, 0.07603068654980276, 0.07940036051779471, 0.07398162919774585, 0.08044715764604336, 0.08311696048508375, 0.07361570085769209, 0.08201694485021076, 0.07311053498571819], [0.075579429505969, 0.07461830287575853, 0.07521774791340316, 0.07217006377199132, 0.08077992902812005, 0.07616000623735965, 0.07942880973130273, 0.07400923703343318, 0.08009257421378253, 0.08333333333333334, 0.07362113679397755, 0.08190497117125084, 0.07308445839031821], [0.07562534196305835, 0.07467992274363569, 0.07529205101445458, 0.07214384489340941, 0.0807797746820399, 0.07626776744974204, 0.07947072696805328, 0.0740492370225312, 0.07983829379544458, 0.08333333333333333, 0.07364667896038574, 0.08178394140479767, 0.07308908576911419], [0.07570526978086252, 0.07471125978178604, 0.07536437652608449, 0.07208363424955576, 0.08084451634932155, 0.07635957571801695, 0.07959658044784455, 0.07406531008250589, 0.07956719895055049, 0.08333333333333336, 0.07364859826884508, 0.08165102706450815, 0.07306931944678542], [0.0757842738052569, 0.07468863658859376, 0.0753945571078172, 0.0720170324738402, 0.080957785281639, 0.07637984191766228, 0.07976182837879406, 0.07404417951421903, 0.0794133300178635, 0.08333333333333333, 0.07362178477856325, 0.08157124401691379, 0.07303217278550363], [0.07594578229054161, 0.07472134282182728, 0.07549203142326566, 0.07201981131689922, 0.0810711459029281, 0.07645078405742131, 0.07998861855107636, 0.07408658041877209, 0.07920510702440473, 0.0829008828356805, 0.07366124226841589, 0.0813925595718258, 0.07306411151694152], [0.07605246438280104, 0.07458984215504445, 0.07545979525519858, 0.07188771946816243, 0.08125180731422801, 0.07635721348587651, 0.08028826773154826, 0.07398206381189712, 0.07904954239228679, 0.08333333333333333, 0.07356012875347916, 0.08122482953246507, 0.07296299238367925], [0.07616891560246254, 0.07376822909709217, 0.074750839425175, 0.07237117785119432, 0.08166894684450754, 0.07499545474427308, 0.08070691799623375, 0.07356201675980714, 0.08275942705384697, 0.08108523197154877, 0.07336646961920519, 0.08159169025614978, 0.07320468277850378], [0.07603833979548648, 0.07375589630849709, 0.07469863100850206, 0.0723168020500098, 0.08157685720528861, 0.07498849325829844, 0.08051183018529913, 0.0735259895857453, 0.08303593955676158, 0.08139134525571028, 0.07332163615901285, 0.08170017841307185, 0.07313806121831638], [0.07597120504002589, 0.07375978634626143, 0.07467806135700368, 0.07229980024732542, 0.08150660387462297, 0.07499282769824502, 0.08039719265610804, 0.0735169544757926, 0.08314726463445081, 0.08156827335282048, 0.0733080456196038, 0.08174140661802665, 0.07311257807971339], [0.07584322539108436, 0.07378504517021028, 0.07465460527216794, 0.07225312310084882, 0.08140881652572028, 0.07503181506432756, 0.08020004553397178, 0.07350796136331575, 0.08315025469646803, 0.08195727887901427, 0.0732848916397184, 0.08186763996794331, 0.07305529739520927], [0.07594444528731732, 0.07376237683742463, 0.07467307970200938, 0.07227643555927622, 0.0815201544453815, 0.07500440581806615, 0.08037579029041954, 0.07350989466015075, 0.08309786651534709, 0.08164677700304798, 0.07329628298540662, 0.08180192772097443, 0.0730905631751784], [0.07577060591218904, 0.07383774783799041, 0.07466441000248251, 0.07227064803474, 0.08127753876430491, 0.07508238013923747, 0.08003240484443382, 0.07353910799449456, 0.08301245205132839, 0.08226737030484685, 0.07330836607065401, 0.08187919473497761, 0.07305777330832028], [0.07573693042425017, 0.07389704253628569, 0.07468928113634012, 0.0723236609299883, 0.08114587118654669, 0.07512910709895518, 0.07990029598838432, 0.0735877263022747, 0.08283691494431246, 0.08248608338244913, 0.07335455041657697, 0.08181834250857108, 0.07309419314506531], [0.07567869877858688, 0.073941526958372, 0.07470538413115081, 0.07229185743025195, 0.08112113398319733, 0.07519585020446147, 0.07982010740337539, 0.07360273497411514, 0.0825779371488011, 0.08273504026057468, 0.07335557645512517, 0.08191060588101513, 0.07306354639097293], [0.07563329801619685, 0.07402458063463967, 0.07474424848810146, 0.07234175488160381, 0.0809690198094383, 0.07527337488241222, 0.07966429669816863, 0.07366504895643032, 0.08230696952079594, 0.08304048677366584, 0.07341058527824779, 0.08182876797648261, 0.07309756808381646], [0.0755693019825458, 0.07409220403738481, 0.07477609910524802, 0.07230830525536487, 0.08090804607844541, 0.07537053353549568, 0.07956017604858114, 0.07369436706047773, 0.08197609942267738, 0.08333333333333334, 0.07342151177304976, 0.0819230883393949, 0.0730669340280013], [0.07557160834616596, 0.07417004958411441, 0.07483744287582847, 0.07230703475326547, 0.08093325657823365, 0.07547636257067732, 0.07955433346557116, 0.07374539233659017, 0.08176780343352653, 0.08305701212676565, 0.07345857933749661, 0.08204749351642304, 0.0730736310753413], [0.07552861918142768, 0.0742023615736902, 0.07485452215560426, 0.0722484318360161, 0.08091628068757833, 0.0755434089733021, 0.07951030895439054, 0.07374753770461083, 0.0815237488873745, 0.08333333333333333, 0.07344484214460117, 0.08212016699732155, 0.07302643757074943], [0.07554400673492849, 0.07431091073117733, 0.07494023597932833, 0.07228023556563704, 0.0808873847733745, 0.07567550191134174, 0.07947810773929621, 0.07382857478682442, 0.08127398618791012, 0.08305005765213254, 0.07351209035692537, 0.0821438782610229, 0.07307502932010088], [0.07554846124459823, 0.07437395598492046, 0.07498870228201517, 0.07229627687578648, 0.08085404390292307, 0.07575273479076389, 0.07944840163964938, 0.07387461649173116, 0.08111679474091768, 0.08296908787460165, 0.07354967072188286, 0.08212606161725454, 0.07310119183295545], [0.07553805758559526, 0.07444336043064266, 0.07503841009081161, 0.07229903229331616, 0.08078774500918214, 0.0758429718345649, 0.07939125468094844, 0.07392006677352365, 0.08089675066674495, 0.083076838907814, 0.07358317125107335, 0.08206375074569418, 0.07311858973008888], [0.07552018869578468, 0.07447391363195105, 0.07506479195491259, 0.07224290179415423, 0.08077211105462888, 0.0759116912743099, 0.07937511764936464, 0.07392459526810331, 0.08067525630803021, 0.08333333333333333, 0.0735729321858116, 0.08204531785384986, 0.07308784899576566], [0.07553837195306336, 0.07468378344229601, 0.07522257606038885, 0.07233121033143251, 0.08055664847661781, 0.07615075705983798, 0.07922406134308659, 0.07408729738786442, 0.08021408708213855, 0.08333333333333333, 0.07371327362458738, 0.08174622418209705, 0.07319837572325603], [0.07559725394481949, 0.07477240782585748, 0.07532070980753543, 0.07231618501844747, 0.0805828961862726, 0.07629172677051893, 0.07928028502413767, 0.07414888138052445, 0.07995225432073647, 0.0830740435930688, 0.07375764166433246, 0.08168759050809134, 0.07321812395565755], [0.07555673119197762, 0.07451797578882337, 0.07512577551082118, 0.07218209314448341, 0.08085209061565134, 0.0760122768548485, 0.07945642590324657, 0.07394289559786343, 0.0804355609682239, 0.08319707153661322, 0.07357410257573999, 0.08208265770758803, 0.07306434260411944], [0.07563390812435844, 0.0748482804161945, 0.07539714188581248, 0.0723164816006528, 0.0805490705570344, 0.07640250675077868, 0.07928485972054405, 0.07420355651604942, 0.07973071505181496, 0.08302116361435179, 0.07379952992110245, 0.08157086608329284, 0.07324191975801322], [0.07568838827371811, 0.07489910361235953, 0.07547528177312943, 0.07225032888309925, 0.0805509707836991, 0.07652047265673739, 0.07934884467614198, 0.07422809064912918, 0.07941311243815367, 0.0831873741313439, 0.07380514524593565, 0.08141304290408191, 0.07321984397247089], [0.07575041855527231, 0.07489490472520006, 0.07550798520026149, 0.07220755726538149, 0.0806378761523043, 0.07655099727117454, 0.07946740156761828, 0.07422249851640503, 0.07931209965622087, 0.08306524857571944, 0.0737942198348669, 0.08138891001487387, 0.07319988266470132], [0.07585018993941957, 0.07488312303681187, 0.07555754687269928, 0.07213813868860633, 0.08074129982335725, 0.07659233727929049, 0.07964623749465148, 0.07421062035969894, 0.07911535174402942, 0.08304542806745918, 0.07377457227343971, 0.08127857966221987, 0.07316657475831667], [0.07595387006305022, 0.07492206412462972, 0.07564210157053251, 0.07211316992326665, 0.08072788504511476, 0.07667832980864635, 0.07975057707576498, 0.07424420404432185, 0.07884079226065098, 0.0831048892738761, 0.07379874960097621, 0.08104821446103402, 0.07317515274813564], [0.07604564831090098, 0.07480153803907852, 0.07560159202384815, 0.07202973474717383, 0.08096055441439191, 0.07657229500008315, 0.08002778172145278, 0.07415577001307143, 0.07887394659771596, 0.08302767473901246, 0.07371938421572834, 0.08107925203072566, 0.07310482814681687], [0.0761733097681893, 0.07379171063859176, 0.07475940883414593, 0.07244891031467135, 0.08151697470998973, 0.07498835346318734, 0.08060392160814929, 0.07359722156769018, 0.0828597763989939, 0.08110770006408767, 0.07341022712467035, 0.08147890558491301, 0.07326357992272013], [0.07597373871065297, 0.07377208532558062, 0.07467918517952668, 0.07236480533241298, 0.08136500985606926, 0.07497649120057795, 0.08030984468122104, 0.07354158039828491, 0.08333333333333333, 0.08157944666732497, 0.07334111732986648, 0.08160237818112068, 0.07316098380402805], [0.07604496426274185, 0.07377657810642424, 0.07470638002822215, 0.0723915165378604, 0.08143101480655204, 0.07497921830676733, 0.08042020812854461, 0.07355892694434113, 0.08315856312502704, 0.08140448660452679, 0.07336317176722043, 0.08156998541324914, 0.07319498596852281], [0.07592850190810942, 0.07378491865846049, 0.07467675361310482, 0.07232842791052621, 0.08139376927821365, 0.07500575232010355, 0.08027395942371317, 0.07353593977457389, 0.08316992061693085, 0.08173271339384859, 0.07332652703097706, 0.08171614057663464, 0.07312667549480384], [0.07590156014914388, 0.07381916350597711, 0.07468435772120575, 0.07238695829324958, 0.08124749209423307, 0.0750177151177606, 0.08014357337369964, 0.07357017602025274, 0.083207215701953, 0.08186390944948736, 0.07336376882614429, 0.08162782878310618, 0.07316628096378681], [0.07581292418114685, 0.07385410784065094, 0.07468008743485095, 0.07236403530426755, 0.08116978428906207, 0.07506270463494433, 0.07999922293733779, 0.07357783715185197, 0.08311097098892317, 0.08217590525199037, 0.07336006540688486, 0.08169750292933031, 0.07313485164875895], [0.07584958140181666, 0.07379516846762507, 0.07465572482049675, 0.0723165620604306, 0.08128095902803228, 0.07501367575663463, 0.08012702188303776, 0.07353121850270465, 0.08333333333333333, 0.08195935831690278, 0.07331678643157363, 0.08171750447042299, 0.07310310552698887], [0.0757638843155928, 0.07392550440271489, 0.07470976151658966, 0.07240721654930328, 0.08104748175150242, 0.075128271456581, 0.07985234625051159, 0.07363030586422624, 0.0828406690699174, 0.08244772034657828, 0.07340610113641427, 0.08167861998153082, 0.07316211735853739], [0.07573465174329695, 0.07396917363612822, 0.07472871129029067, 0.07242974652892191, 0.08097668104151672, 0.07517025823056865, 0.07976791622273706, 0.0736615457361183, 0.08267928428265084, 0.0826099836174178, 0.07343279712585744, 0.08166306115504793, 0.07317618938944759], [0.07570181306547114, 0.07399456234670802, 0.0747369995930104, 0.07241828633519184, 0.08094998126333487, 0.07520472305628356, 0.07971589800822025, 0.07367185299547764, 0.08255216303967534, 0.08276299378018175, 0.0734362232891822, 0.08169094222365167, 0.07316356100361117], [0.07566520500638864, 0.0740588900833795, 0.07476761843196789, 0.07244943962844062, 0.08085001101016338, 0.07526825016592115, 0.07960389334930272, 0.07371811428982547, 0.08233000473637027, 0.08297860310599786, 0.07347558394195147, 0.08165017284934892, 0.07318421340094221], [0.07559249953914719, 0.07410636115297685, 0.07478313847268578, 0.07239649158260825, 0.0808080442620659, 0.0753468431897182, 0.07951051119147183, 0.07372834819012725, 0.08204578549314481, 0.08333333333333334, 0.07346768787115585, 0.08174500828530572, 0.07313594743625912], [0.07557589997150038, 0.07414686005467154, 0.07480858501817435, 0.07239079298277357, 0.08079434030639453, 0.07540117235660054, 0.07947826356017687, 0.07375176128892752, 0.08191132581551225, 0.08333333333333333, 0.07348275231248473, 0.0817927067826055, 0.07313220621684481], [0.07556562049115821, 0.07416293255540848, 0.07481940459497427, 0.07237392650503867, 0.08080384139254836, 0.07542985175296127, 0.07947263226623329, 0.07375698580244458, 0.08183939842029408, 0.08333333333333333, 0.07348223321619488, 0.0818402806749525, 0.07311955899445806], [0.07556626350052402, 0.07425829425143723, 0.0748897506634331, 0.07239745398433861, 0.08078201921436615, 0.07554547362921808, 0.07943334039805698, 0.07382559764455854, 0.08161539021680211, 0.08310434600715669, 0.07353780875918413, 0.08189898415811762, 0.07314527757280664], [0.07554966569633702, 0.07432112964295368, 0.07493451749172252, 0.07237985272754001, 0.08076504526057172, 0.07563630340177291, 0.07939848420055645, 0.07386079342011036, 0.08139519905213152, 0.0831079867108796, 0.0735587908842865, 0.08194977042822917, 0.07314246108290863], [0.07555272040026388, 0.07439540158106658, 0.07499125253252009, 0.07239381448254713, 0.08073776535228057, 0.07572930216231115, 0.07936795367682327, 0.0739135075229673, 0.08120928983733407, 0.08298091382031564, 0.07360070064568965, 0.08195761344113714, 0.07316976454474336], [0.07551389089015642, 0.07450217442124274, 0.07505900120949494, 0.07239227980492759, 0.08059883636109728, 0.07586627289964654, 0.07924167674509389, 0.07397959101107562, 0.08083764783700917, 0.08333333333333333, 0.07364714302039357, 0.08183816691321899, 0.07318998555330986], [0.0755162138366902, 0.07462931665752123, 0.07515280772841319, 0.07243175024656093, 0.0804848630325536, 0.0760164059512349, 0.07915275103615695, 0.07407366093815852, 0.08052965364176774, 0.08333333333333333, 0.07372525998278306, 0.08170725167773124, 0.07324673193709497], [0.07554376699279769, 0.07472073408407898, 0.07524313997711765, 0.0723917972985619, 0.0804977325984219, 0.07616804970475856, 0.07917730613588853, 0.07412719949751452, 0.08022305615182053, 0.08321710428473576, 0.0737565940869686, 0.08168657115232154, 0.07324694803501379], [0.07554841196478942, 0.07463140368579747, 0.07517932025739137, 0.07236468078278983, 0.08061227282236041, 0.07606315430719163, 0.0792616713952996, 0.07406178644811034, 0.0804525994312775, 0.08307447454361461, 0.0737025640758475, 0.08183956691819956, 0.07320809336733083], [0.07553361416981672, 0.07455332831472368, 0.07510798659899506, 0.07238686244125447, 0.08062116470946822, 0.07594227793541929, 0.0792618433111725, 0.07401405066755237, 0.08070876805608403, 0.08313000922555992, 0.07367198199299617, 0.08186674289332597, 0.07320136968363149], [0.07553324090310233, 0.07443079814704692, 0.07501713743016417, 0.07235577382109293, 0.08072247708988865, 0.07579394814141611, 0.07934375072146753, 0.07392535551619188, 0.08102172539395232, 0.08313176350387573, 0.0735998347016688, 0.08197274313535621, 0.07315145149477652], [0.07554298985024167, 0.07461867769219438, 0.07516512750208626, 0.07237562118744283, 0.08060288564744988, 0.07603874136672328, 0.07925165062727502, 0.07405548260059082, 0.08050503846703952, 0.08309668183424407, 0.07370020402170682, 0.08183558434658272, 0.07321131485642286], [0.07553836683120375, 0.07452250089314855, 0.07510858851978965, 0.07225476445550001, 0.08076378264493443, 0.07597457194029912, 0.07937565438305234, 0.07396161036101204, 0.08056534905117115, 0.08320101749397733, 0.07360356835007703, 0.08202059264728442, 0.07310963242855008], [0.07556813251300086, 0.07477675321107206, 0.07530071874742592, 0.07237556421925588, 0.08049781844007602, 0.07625823183403471, 0.07919398868742918, 0.07416300863849767, 0.0800428445619753, 0.08314538054631491, 0.07378024728334708, 0.08164385791295883, 0.07325345340461151], [0.07561093915376339, 0.07485768481916039, 0.07538122118272382, 0.0723867399430549, 0.08048363889343829, 0.07637090167570695, 0.07920936577020007, 0.07422414327657598, 0.0798484685647628, 0.08294523343422182, 0.07382955659098218, 0.08156604686244671, 0.07328605983296271], [0.07564262579973517, 0.0749162499461637, 0.07544799838049333, 0.07235490857497506, 0.08046387496577252, 0.07647537285538425, 0.07922786453356344, 0.07425906180220647, 0.07960770456879945, 0.08301492416104747, 0.07384944724518373, 0.08145546535486933, 0.07328450181180604], [0.0756689600929433, 0.07495899243327904, 0.07549875952061356, 0.07233103365365436, 0.08043975809229605, 0.07655282826251626, 0.07924007612070193, 0.07428493851007595, 0.07942181448958757, 0.0831030420928598, 0.07386429903640467, 0.08135198078683335, 0.07328351690823443], [0.07575576708973009, 0.0749869243774968, 0.07556996157238295, 0.0722808239730896, 0.08051428101536988, 0.07663716002633171, 0.07937135395093153, 0.074301862932759, 0.07921483643996059, 0.0829576398654795, 0.07386936918200226, 0.08126989435307201, 0.07327012522139423], [0.0758637196509604, 0.07502963086473262, 0.07566045705458092, 0.0722469303039241, 0.08055069177067724, 0.07673597465501215, 0.07950004433666298, 0.07433568073209577, 0.07895796247881032, 0.08284934983072716, 0.07389169662872012, 0.08110379020044922, 0.07327407149264714], [0.0759306088858955, 0.07502081406873175, 0.07569505091982978, 0.0721952864233497, 0.08058508611879817, 0.0767651313660474, 0.07960472729833401, 0.07432637420376442, 0.0787947842505993, 0.08297042181624942, 0.07387651722035048, 0.08098657282638826, 0.0732486246016618], [0.07601117315414826, 0.0749523333426216, 0.07569861529940575, 0.07209218527526005, 0.0806627553475419, 0.07674161146940511, 0.07977984307548437, 0.07426748675646136, 0.07861930717669258, 0.08333333333333336, 0.07381413616764067, 0.08084924752192695, 0.07317797208007826], [0.07612455610712353, 0.07480343899540545, 0.07564255291906506, 0.07201392247492688, 0.0809650110920548, 0.07659553292919556, 0.08012524666636821, 0.07416389839190682, 0.0787183989145571, 0.0830940745408669, 0.07372580144053192, 0.08092090126383983, 0.07310666426415785], [0.07553824126997184, 0.07446895052161377, 0.07503641438515297, 0.07243256824133472, 0.08062830680599502, 0.07580430499097858, 0.07927586584937867, 0.073970216770791, 0.08102699143450556, 0.08310811680784148, 0.07365052563838301, 0.08184866914677116, 0.07321082813728227], [0.07556573010409345, 0.07441022786288295, 0.07499501613834288, 0.07247602761862418, 0.08065553146271255, 0.07570707807924536, 0.07931735077725754, 0.07394524516026436, 0.081287459033725, 0.08294351930634844, 0.07364338201127381, 0.08182540341050093, 0.07322802903472843], [0.0755632854699424, 0.07431016539600696, 0.0749186090536613, 0.07246348299127998, 0.08067277604846781, 0.07557899378963233, 0.07934955198418302, 0.07387606726694915, 0.08153009108941975, 0.08317450831903002, 0.07358980948692939, 0.08177602432903776, 0.07319663477546005], [0.0755604704115256, 0.0742617674849708, 0.07488094502854913, 0.07245843243278016, 0.08066817217743327, 0.0755162283572777, 0.0793574227857162, 0.07384274104842066, 0.08163845442667923, 0.08333333333333334, 0.07356417961059385, 0.08172985750705478, 0.07318799539566535], [0.07559900507399363, 0.07421844326444146, 0.07485778043158521, 0.07249311467658809, 0.08069136971107878, 0.07544688978028698, 0.07940835528598553, 0.07382701529082117, 0.08184011043444395, 0.08316857804103132, 0.0735623308402073, 0.08167050365951688, 0.07321650351001972], [0.07564976140407506, 0.07413365018808003, 0.07480976801375405, 0.07251370158548409, 0.08073357969735376, 0.07533174156046457, 0.07949579557956528, 0.07378185186811766, 0.08213679781548629, 0.08306911732790905, 0.0735362964470577, 0.08157411970567773, 0.07323381880697466], [0.07568535187506892, 0.07410292877524788, 0.07479774467856673, 0.07253100934731915, 0.08076157400213795, 0.07528789043379856, 0.07954913320725095, 0.07376976937320556, 0.0822768379413093, 0.08291582418552734, 0.07353301634114953, 0.08153825762252447, 0.07325066221689375], [0.07556238052055757, 0.07449172124409463, 0.07512094391822711, 0.07210826662651185, 0.08092401296574786, 0.07601852898869604, 0.07952244837040899, 0.07390827145322357, 0.08034541357915766, 0.08333333333333333, 0.07353219261421766, 0.08212100269836571, 0.07301148368745805], [0.07561725777965939, 0.07472641250309094, 0.07530971218367831, 0.07222633353863173, 0.0806980094052603, 0.07628349965133867, 0.07938985900404412, 0.07409891541177777, 0.07989726962044334, 0.08314452170564014, 0.07370145496545899, 0.08175473701710793, 0.0731520172138685], [0.0756546951497489, 0.07481596292684312, 0.07540246481750193, 0.07220512832505951, 0.08062138205797907, 0.07642534433508599, 0.07937931025890688, 0.07415798409301107, 0.07955885901501779, 0.08333333333333334, 0.07374185030197664, 0.08153777157973893, 0.07316591380579696], [0.07571494041971545, 0.07405556643140779, 0.07477516564027964, 0.07251583997571175, 0.08082403243052887, 0.07523765702776157, 0.07962659663990079, 0.07373793155726771, 0.08243890202439297, 0.08277060000189589, 0.07350756181590015, 0.08155363206329233, 0.07324157397194524], [0.07575029071591485, 0.07401432695668245, 0.07475817507680448, 0.07251006157527824, 0.08087883551638142, 0.07519153710416779, 0.07970320184197444, 0.07371311458222748, 0.08259627978485948, 0.08260186425558279, 0.07348966876920797, 0.08155168447401699, 0.07324095934690164], [0.07579686670500328, 0.07396344481592083, 0.07473880917560986, 0.07249932918658365, 0.08095180383593094, 0.07513676423198522, 0.07980598609090458, 0.07368193054719108, 0.08278985656075506, 0.08238456730795034, 0.07346650069826081, 0.08154588173936998, 0.07323825910453412], [0.0758538264577546, 0.0739236341154341, 0.07472960654123673, 0.07250508920845353, 0.0810107358901387, 0.07508970274556055, 0.0799074475276858, 0.07366330977025395, 0.08294510604025754, 0.08215263716070224, 0.07345679261209329, 0.0815115935069086, 0.07325051842352029], [0.0759101639521499, 0.073888242027485, 0.07472463787749775, 0.07250242726724876, 0.08108285965496112, 0.07505252192336709, 0.08001777836608626, 0.07364542252492175, 0.0830393562480475, 0.08194181928421246, 0.0734456646930477, 0.08149210758896323, 0.07325699859201144], [0.07593717383149726, 0.07387110242386581, 0.07472304389834471, 0.07249429505792115, 0.08113040534423202, 0.0750378763931204, 0.08007987587239408, 0.07363501524155225, 0.08305789782160697, 0.08184548239850215, 0.07343741589943081, 0.08149526085802943, 0.073255154959503], [0.07598013662402982, 0.07384633639096035, 0.07472195736781077, 0.07248458545134374, 0.08119727300069528, 0.07501610911705575, 0.08017396870963567, 0.07362094638686595, 0.08309647945284694, 0.08169216091276274, 0.07342686811976042, 0.0814884034930164, 0.07325477497321614], [0.076024780411823, 0.07382103816947656, 0.07472092202225421, 0.07247604564495752, 0.0812571557410452, 0.07499307300858968, 0.08026830796103109, 0.07360705163147353, 0.08316370836787369, 0.08152910715950303, 0.07341681583280513, 0.08146643265332418, 0.07325556139584319], [0.07612316746761652, 0.07383025572859557, 0.07475774665640349, 0.07253450077642615, 0.08129001057987165, 0.07498993490735767, 0.08038409314207749, 0.07363840315925123, 0.08301107596925535, 0.08129016170672725, 0.07345765697701652, 0.08137458599466278, 0.07331840693473857], [0.0762201177781349, 0.0738390779771017, 0.07479573962844335, 0.07258285337071736, 0.08134283111523179, 0.07499338378965507, 0.0805165738699105, 0.07366559866349821, 0.08281716505377085, 0.08106149480048623, 0.07349193978829409, 0.08130317930312642, 0.07337004486162967], [0.0761194444830936, 0.07380417727822833, 0.07474438775951625, 0.07247618969099746, 0.0813860607079113, 0.0749838844742578, 0.08045558880110941, 0.07360630394803057, 0.08302149420709803, 0.08126096347758559, 0.07342064492823405, 0.08144745226125875, 0.07327340798267883], [0.07557605373513425, 0.07472814163085889, 0.07527542331466647, 0.07232143727611295, 0.08059314017897527, 0.07622420848884906, 0.07927180528206888, 0.07411839897881235, 0.08008913269744762, 0.08311602159115553, 0.0737355056549448, 0.08174293393952126, 0.0732077972314526], [0.07557330689500748, 0.0746307746273358, 0.07520805594099803, 0.07226040323918978, 0.08072636291219269, 0.0761253913801884, 0.07936881481239894, 0.07403858626889344, 0.0802631771072712, 0.08308358082165362, 0.07366287861552713, 0.08191433996789356, 0.07314432741144992], [0.0756855387460965, 0.07466743373112474, 0.07531690758655347, 0.07209871299431138, 0.08089948920868102, 0.07628731024946116, 0.07960562900167456, 0.07403712542021114, 0.07976088920953259, 0.08314635998327426, 0.07363029686178145, 0.08179914855984396, 0.07306515844745391], [0.07560168455230268, 0.0745856781117165, 0.07521290902296829, 0.07210850167939516, 0.0808770853285218, 0.07615409797653272, 0.07952178837825079, 0.07397528363707875, 0.08005021298167792, 0.08333333333333334, 0.07358324746961734, 0.08195614692526183, 0.07304003060334303], [0.07554621976755904, 0.07435561087580499, 0.07499015539223504, 0.07219714907774061, 0.08096214174763597, 0.07578165084327228, 0.07952686182343306, 0.07383779533672762, 0.08098193865150814, 0.08301621185442676, 0.07349993819911377, 0.08227156904786484, 0.07303275738267793], [0.07554132133389746, 0.07443132198375281, 0.07506267577180206, 0.0721151380488845, 0.08094458439186641, 0.07592850039205604, 0.07952097402384926, 0.07386748012648243, 0.08054888690230771, 0.08333333333333333, 0.07350286506152363, 0.08220465689502096, 0.07299826173522335], [0.07574261519378679, 0.07467702022673112, 0.07535882643314121, 0.07205390538294522, 0.0809516119190938, 0.07633591703387295, 0.07970344708089129, 0.07403982665987963, 0.07958507131705116, 0.08318121202684621, 0.07362485793588043, 0.08169886168052612, 0.07304682710935408], [0.07585590168380718, 0.07466107927887106, 0.07540839584054448, 0.07199299500002554, 0.08108369271777041, 0.07636744877136194, 0.07991523253499472, 0.07402882316865143, 0.07938612046311004, 0.08310935879746692, 0.07360843454439181, 0.08156281489576334, 0.0730197023032411], [0.0761461772742644, 0.0749259910533796, 0.07574694138511409, 0.07205470176418198, 0.08074055856775308, 0.07674684483266364, 0.07997885181702614, 0.07425911443191276, 0.07843193082084997, 0.08333333333333333, 0.0738063336838522, 0.08066221786640564, 0.07316700316926318], [0.07606832473559288, 0.0750078060555327, 0.07576683775345441, 0.07211201964325147, 0.08058790310712109, 0.0768169997032839, 0.07978298244227243, 0.07431694863877847, 0.07844841916481418, 0.08333333333333331, 0.07385788137568082, 0.08068778465544126, 0.0732127593914429], [0.07585670350479375, 0.07381147869283694, 0.07474174396783392, 0.07187356248594706, 0.08231044675738691, 0.07526696302332939, 0.08067701869191758, 0.07343371949789888, 0.08170580636164249, 0.08147762746855804, 0.07314436228366271, 0.08291144912350708, 0.07278911814068525], [0.07580909462901338, 0.07379972542035951, 0.07470471988969134, 0.07192278563056533, 0.08209549373531656, 0.0752182721881294, 0.08052986127168957, 0.07343238845307519, 0.08199488278451054, 0.08171040007632903, 0.0731523740716231, 0.08281666450747714, 0.07281333734222002], [0.07574910961079212, 0.07383432828344876, 0.0747068951750004, 0.07192917180911527, 0.0819503474990916, 0.07525288413717375, 0.08038693219770367, 0.07345003539136234, 0.08199004820732277, 0.08190485056232905, 0.07316396740431752, 0.08287248441275419, 0.07280894530958858], [0.07570588546070539, 0.07386935802701529, 0.07471152425124065, 0.07196272313630918, 0.08179371491459747, 0.07527604051482971, 0.0802527881484615, 0.07347650981673186, 0.08202635761149114, 0.0821107005106736, 0.07318900618511583, 0.08279805527590225, 0.07282733614692617], [0.07566096438770796, 0.07394074422316932, 0.07475179772744277, 0.07195056282306483, 0.08170719543258716, 0.0753721473500172, 0.08014738910664707, 0.07351570110569128, 0.08176943487745818, 0.08227134829774382, 0.07321286076532926, 0.08288350059247301, 0.07281635331066831], [0.07564579729972472, 0.07399968816085631, 0.07479664989208458, 0.07192548604411074, 0.08168693625938236, 0.07546310001392095, 0.0801126139328129, 0.07354690904958935, 0.08149804052312767, 0.08224338552649886, 0.07322931129855575, 0.0830508872911826, 0.07280119470815308], [0.07567409775577716, 0.07400698798149163, 0.07483063777347443, 0.07183331037504473, 0.08183754160514178, 0.07552691239479452, 0.08023277431331836, 0.07353280379760509, 0.0811646214238956, 0.08221620734288071, 0.07319936155243474, 0.083202214158078, 0.07274252952606332], [0.07583024049462003, 0.07398113610168704, 0.07487909594000801, 0.07180768441488458, 0.08223209902460611, 0.07552936448753399, 0.08058524211520703, 0.07352759379467753, 0.08100149350468037, 0.08177869650014305, 0.07319698094630522, 0.08289671877588779, 0.07275365389975914], [0.07589318832410526, 0.07386819228714171, 0.07481704205219136, 0.07179106722967296, 0.08249922215050727, 0.0753927319309948, 0.08079524961896499, 0.07345599568554549, 0.0811812551511145, 0.0815702831560127, 0.07314372594710591, 0.08284843276363868, 0.07274361370300422], [0.07591033873383875, 0.07383013701513387, 0.07478649105911175, 0.07182862690255162, 0.0825175693893315, 0.07532349343000175, 0.08082284314425907, 0.0734416038869063, 0.08139320432861022, 0.08139314811584912, 0.0731424766048879, 0.08284009588480853, 0.07276997150470971], [0.07581280335262383, 0.07384442297652172, 0.07475780364848336, 0.07183093946182735, 0.08226922037864447, 0.07532780063359548, 0.08060847154353185, 0.07344029334554261, 0.08152762294194171, 0.08159599727314291, 0.07313745551374927, 0.08309405782080141, 0.07275311110959422], [0.0758100790453783, 0.07381895801150262, 0.07472864032679438, 0.07187475474933316, 0.08219394321508867, 0.07526971919692482, 0.08057381366958487, 0.073433616698567, 0.08176487745956486, 0.08162588769548214, 0.07314238572723185, 0.08298212553062975, 0.07278119867391744], [0.07571818780999488, 0.07388516328629022, 0.07474539769361753, 0.07186706450275376, 0.08197636316650787, 0.07534995645401713, 0.08036146381095802, 0.07346513589463935, 0.08164415759902965, 0.08191349422887323, 0.07315945893910351, 0.08315075488744599, 0.07276340172676886], [0.07573460958239943, 0.0739247408570689, 0.07479303208045363, 0.07181485640680979, 0.08206007586019405, 0.07543407033684986, 0.08041762684756211, 0.07348072766763995, 0.08132002337412866, 0.0819259760494648, 0.07315979616574264, 0.08320082198621967, 0.07273364278546655], [0.07572990925874165, 0.07387724413694442, 0.0747540111736355, 0.07181000498519906, 0.08208016681872692, 0.07537114495754829, 0.08043508337618019, 0.07344754186813006, 0.08145994090737739, 0.08184281794139753, 0.07313417560920121, 0.08333333333333333, 0.07272462563358442], [0.07579927351373138, 0.07390872693031661, 0.07480926826057858, 0.07180098720362085, 0.08223779470579656, 0.07542933139344295, 0.08057064380765995, 0.07347426648154567, 0.08124372643647298, 0.08174499624693383, 0.0731549292601393, 0.083090626052814, 0.07273542970694716], [0.07572872321840304, 0.07386100391914284, 0.0747268492881454, 0.07188791192002117, 0.08197401720177913, 0.0753077143581016, 0.0803745651190498, 0.0734553735128775, 0.08178350045041288, 0.0819179256371347, 0.07315753878507995, 0.08304686073582877, 0.07277801585402315], [0.07567200629730968, 0.07395568202980067, 0.07477722305705038, 0.07189796919746277, 0.0818018436209906, 0.07542220051568634, 0.08020918593055501, 0.0735140598630834, 0.08154829559977425, 0.08211535244812077, 0.07320018765153401, 0.0831032551333817, 0.07278273865525021], [0.07566915760708502, 0.07395667902635888, 0.07479004789340823, 0.0718241488663975, 0.08187289086189231, 0.07546241251830281, 0.08025719993493853, 0.07349667545583062, 0.08130425981991166, 0.08213253930881871, 0.07317058312296762, 0.08333333333333331, 0.07273007225075455], [0.07578511915981243, 0.07401394064525402, 0.07488510024352156, 0.07181713008171096, 0.08209074726767136, 0.07556243923692953, 0.0804657455567767, 0.07354636643714818, 0.08098715769004347, 0.08194175056302312, 0.07321076935168948, 0.0829393369873493, 0.0727543967790699], [0.07571825653066863, 0.07404830283757048, 0.07488256788247476, 0.07183045412482161, 0.08189807260225183, 0.07559189900941139, 0.0802987158268449, 0.07356462757021678, 0.08098611392415067, 0.08216775674888858, 0.07322407734247242, 0.08303552139404036, 0.07275363420618769], [0.0756848223018198, 0.07391366837680907, 0.0747451436652059, 0.07192076571531673, 0.08181284704993776, 0.07535503320199087, 0.08023390296702618, 0.07349321905101765, 0.08175510666960295, 0.0821322027918584, 0.07319070136475023, 0.08296513816596733, 0.07279744867869714], [0.07564239439352237, 0.07400965664550331, 0.07480981825166977, 0.07188803483341866, 0.08171354746530467, 0.07549611692362238, 0.08012851177076095, 0.07354410059370775, 0.08134883288000949, 0.0822839792879264, 0.07321859706843756, 0.08314140884474357, 0.0727750010413731], [0.07564854853903777, 0.07405569574120091, 0.07485281500553063, 0.07186742182928142, 0.08171074577200446, 0.07557089533283246, 0.08012923937931472, 0.07357038409896557, 0.08112663337159984, 0.08236859845745609, 0.07323347067714649, 0.0830992784034244, 0.07276627339220522], [0.07613697666368795, 0.07373400601684259, 0.07478847948216968, 0.0718986423183489, 0.08283540141637864, 0.07518583702421183, 0.08127320864116913, 0.07342127321898372, 0.08147397060770047, 0.08105045137834156, 0.07315433905319291, 0.08219048518753529, 0.07285692899143734], [0.07608010423741352, 0.073747141583821, 0.07478981672438856, 0.07182305764594102, 0.0829262515114213, 0.07523549098533304, 0.0812198845979883, 0.07340538600732995, 0.0813032839367108, 0.08123723664922033, 0.07312287831082721, 0.08231658378372032, 0.07279288402588466], [0.07602582211498403, 0.073811046660822, 0.0748335037994345, 0.07174790710724213, 0.08288418328451098, 0.07535486335500459, 0.08113027317689928, 0.07342378376371253, 0.08097224442763627, 0.08155754273079012, 0.07311679368648001, 0.08240726545039076, 0.07273477044209273], [0.07607858282129044, 0.07391041047507321, 0.07494127171879612, 0.07172367886240427, 0.08274425956609806, 0.0755104583910652, 0.08116951920826496, 0.07349099654456719, 0.08051116530494037, 0.08186484206503392, 0.07316325606586854, 0.08215303945166616, 0.0727385195249315], [0.07639985694433338, 0.07397508754903129, 0.07511582983683658, 0.07178868653878516, 0.0827130755375204, 0.07560293385770527, 0.08167636583621118, 0.07358985926825254, 0.07991654497126811, 0.0817105649325385, 0.0732664766079157, 0.08138729131443494, 0.07285742680516692], [0.07660494643179372, 0.07388328183547087, 0.07510166644672181, 0.07189782139300845, 0.08281638959760154, 0.07544156219229715, 0.0821544844198545, 0.07357915439993962, 0.07999851817930237, 0.08117449667488306, 0.07329337186833894, 0.08108689576837651, 0.07296741079241158], [0.0766128715857209, 0.0737952703425171, 0.0750135198226659, 0.07199017365162888, 0.08283188307849827, 0.07527524763965641, 0.08218963309430798, 0.07354208609755147, 0.08042548306167799, 0.08085712023347662, 0.07328718815993135, 0.08115381562406428, 0.07302570760830294], [0.07647415971816633, 0.07375033046488194, 0.07491679666851722, 0.07201143893856542, 0.0828095268417221, 0.0751893083556214, 0.08187579588261132, 0.07349959397063258, 0.08094063107350022, 0.08080590510221791, 0.07325379095804521, 0.08146480478573255, 0.07300791723978604], [0.07622438189416866, 0.07372563837029955, 0.0748143533468385, 0.0719131436744668, 0.08290741202352997, 0.07517755787985998, 0.08144771114288417, 0.07342965562078607, 0.08133049890546243, 0.08099613397771731, 0.07316802954319417, 0.08198108903548529, 0.07288439458530702], [0.07613233859234103, 0.07373370864247415, 0.07480054319560481, 0.07182114710063453, 0.08303396831681606, 0.07522456661461563, 0.08133730966775679, 0.07340232469145105, 0.08121502473452202, 0.08120573663115392, 0.07312276269144431, 0.08216957742823186, 0.07280099169295363], [0.0761048658718943, 0.07377020120965366, 0.07483307675154871, 0.0717464087376522, 0.08310587261221135, 0.07530957857287553, 0.08131862678870502, 0.07340587846284789, 0.0809200795140616, 0.08145003455186238, 0.0731072100426122, 0.08218216403380929, 0.07274600285026571], [0.07610253888971145, 0.07380818095745494, 0.07486610417706396, 0.07173081784544069, 0.08302573851359671, 0.07536940227850861, 0.08129784241890467, 0.07342731083749936, 0.08077074370291065, 0.08157955937542916, 0.07311930780129691, 0.08216420410872383, 0.07273824909345919], [0.0761987328196163, 0.0738252532207067, 0.07491817306183078, 0.07173917261285236, 0.08303775531001174, 0.07539999773502325, 0.08147286100449695, 0.07345257297074098, 0.08055594890792374, 0.0815771740863336, 0.07314447560886997, 0.08191218938751096, 0.0727656932740826], [0.07628640552067245, 0.07373705936441369, 0.0748629780843975, 0.07183659644423392, 0.08312784060239597, 0.07523923882693472, 0.0816496919571999, 0.07342701753193177, 0.08089431681559321, 0.08114948502969377, 0.07315194581429109, 0.08179344885803845, 0.07284397515020365], [0.07642961288906706, 0.07375839113904101, 0.07493231092882278, 0.07186978503652243, 0.08312357993039675, 0.07526701677318773, 0.08191