[[0.08206394402350686, 0.08333333333333333, 0.07454152511645527, 0.07307647840375278, 0.07453958304359803, 0.07666683796505816, 0.08095392413415183, 0.07586708475644185, 0.07542386380663348, 0.07310106889474459, 0.07241046383174224, 0.08207260671488356, 0.07594928597569797], [0.08195954097683755, 0.08314077359481846, 0.07462091037205282, 0.07314693972125663, 0.07464368324989348, 0.07663853258909586, 0.08080352863728749, 0.07588692530647072, 0.07540948551803069, 0.0732061140705528, 0.07252075698557747, 0.08210697394033453, 0.07591583503779124], [0.08179142595554263, 0.08333333333333333, 0.0746799571442185, 0.07319391809422551, 0.07473078635872366, 0.0765790564859448, 0.08062004309514206, 0.07588032744387975, 0.0753645350492248, 0.07329225534568008, 0.07261175646980929, 0.08207230920863957, 0.07585029601563595], [0.08167324700173018, 0.08333333333333333, 0.07473750205169541, 0.07322807262120881, 0.07481324174996568, 0.07654093047039723, 0.08049376723621135, 0.07588671365832726, 0.07533533830797023, 0.07336452810111672, 0.07268314005971349, 0.08211283318805758, 0.07579735222027263], [0.08150342704566398, 0.08311978145131722, 0.07482844362514644, 0.07330436344327741, 0.0749314434991868, 0.07651414043059304, 0.08033742875996945, 0.07591287980513972, 0.0753319005812509, 0.0734815492473297, 0.07280396397721832, 0.08216941145505394, 0.0757612666788531], [0.08141084046433401, 0.08333333333333331, 0.0748513181310194, 0.07328970666558636, 0.07497658253600568, 0.07646778800501018, 0.08024306755419541, 0.07590114443950127, 0.07528418624226348, 0.07350395580676276, 0.0728183281166744, 0.08222857566658535, 0.07569117303872819], [0.08133326705339836, 0.08333333333333334, 0.07490978271463933, 0.07326405773426602, 0.07507158183867754, 0.07643001347907626, 0.08016125453632911, 0.07591606853879769, 0.07522750492437827, 0.07354422614385157, 0.07283607301437901, 0.08237449479000818, 0.07559834189886544], [0.0812408462468791, 0.08299199083724601, 0.07501907343842289, 0.07330400026563694, 0.07521648665619363, 0.07642843477428117, 0.08006992139217269, 0.07597194771149522, 0.07521897328023092, 0.07364755921969314, 0.07292303646675577, 0.0824167781780285, 0.07555095153296397], [0.08126958599911485, 0.08333333333333333, 0.07503278678064941, 0.07320436838721074, 0.0752650192327185, 0.07638137095348972, 0.08002548010449644, 0.07596648688110925, 0.07512928743159572, 0.07361568770668614, 0.07285523895886416, 0.08249043781006296, 0.07543091642066879], [0.0812468757401397, 0.08292331557917346, 0.07517559910876473, 0.07321895382928846, 0.07546222541350091, 0.07640620257727083, 0.07995735309905892, 0.07606110552742079, 0.07511940968238431, 0.07372044351166852, 0.07292273413665916, 0.08241429752071264, 0.07537148427395751], [0.08118307606747084, 0.08333333333333331, 0.07524273613654527, 0.07312111002236393, 0.07558580742655562, 0.07637860902745978, 0.07986550276689589, 0.0760987539139147, 0.07503326446607836, 0.07372071154136503, 0.07287049645099934, 0.08232860708417677, 0.07523799176284096], [0.08102209689627232, 0.08333333333333334, 0.07537339161160664, 0.07315642664924077, 0.07576441529923701, 0.07638803176026171, 0.07972397827706361, 0.07617492603981595, 0.07502820621428714, 0.07383129498730163, 0.07295506988516202, 0.08206093306444832, 0.0751878959819696], [0.08107879237120236, 0.08312124004871091, 0.0754636864660001, 0.07310621023144472, 0.0758858904398121, 0.07644512326619018, 0.07974828755657748, 0.07627060166351342, 0.0750391350114178, 0.07384825624774093, 0.07292375696083114, 0.08191839556877645, 0.0751506241677822], [0.08110427115403761, 0.08312447383141924, 0.07550892246040558, 0.07304258501684595, 0.07594998693557885, 0.07648132941860088, 0.07980352132336152, 0.07633043304270082, 0.0750503938261376, 0.0738311835811046, 0.07286810172753289, 0.08179201463615658, 0.07511278304611778], [0.08119643181719484, 0.0831689967093115, 0.0755279682139226, 0.07293232905898303, 0.0759725655791242, 0.07655045333216888, 0.07994674597757445, 0.07640411592197294, 0.07505242528252677, 0.07375794329274442, 0.07274511235010199, 0.08165702017858328, 0.07508789228579106], [0.08133075031227815, 0.08309024685842535, 0.07550948444200557, 0.07283601044035715, 0.07593479760223465, 0.07663014600698066, 0.0801324248877004, 0.07646014700910307, 0.07504976776828277, 0.07366424626918124, 0.07261715209459439, 0.08164203735376452, 0.07510278895509209], [0.08144306387726516, 0.08282267437849487, 0.0755165745601929, 0.0727592853478184, 0.07590921078063036, 0.07676802312580366, 0.08037609792298821, 0.07656492863302168, 0.0750849341680195, 0.07358314614965702, 0.07249761573556975, 0.0815115011219277, 0.07516294419861072], [0.08168022335651391, 0.08333333333333333, 0.07537323607128496, 0.07256075218501497, 0.07570696251819033, 0.07686821007027266, 0.08071325229323108, 0.07657829734661724, 0.0750528701550952, 0.07333955986230092, 0.07221836049057195, 0.08137968205909438, 0.07519526025847895], [0.08196782260927517, 0.08333333333333333, 0.07450914363307982, 0.07313195543089607, 0.07446800959637302, 0.07673354786897167, 0.08103404343217402, 0.07587900632949124, 0.07553588004728748, 0.07308811268060231, 0.07242026050189973, 0.08182295724020522, 0.07607592729641087], [0.08189503458817658, 0.08333333333333333, 0.07457208299954031, 0.07317022264829447, 0.07456363192967311, 0.07666955278857686, 0.08085041009397646, 0.0758735403426562, 0.07547833842519808, 0.07317342651492083, 0.072506928937755, 0.08191685575442627, 0.07599664164347249], [0.08182683676675714, 0.08333333333333331, 0.0746142493903763, 0.07320164749050219, 0.0746239031005726, 0.07663767482310666, 0.0807408357674003, 0.07587528822998664, 0.07545276071807189, 0.07323076632453104, 0.07256628776269008, 0.08193823511478579, 0.07595818117788584], [0.0817248967760411, 0.0832463456816544, 0.07470781624346573, 0.07324283287622424, 0.07475922821843911, 0.07658342998633899, 0.08057120228392753, 0.07589218847334578, 0.07538831682223911, 0.07333828123970478, 0.07266695729958632, 0.08200952926701144, 0.07586897483202149], [0.08184449173135373, 0.08324430521590252, 0.07463384183799848, 0.0731987712864083, 0.07465355438318741, 0.07663053508810598, 0.0807254760674015, 0.07588278583231556, 0.07543410889168198, 0.07324590793680484, 0.07257569602096639, 0.08199507645001226, 0.07593544925786098], [0.08157370881999979, 0.08319966270333604, 0.07478058062615066, 0.07329267118256655, 0.07486092840960762, 0.07654045248510642, 0.08041563497879613, 0.07590234362889874, 0.07535797182479054, 0.07343190251228754, 0.07276138837500547, 0.08207129332938139, 0.07581146112407322], [0.08142581735059708, 0.0830729743625206, 0.07484909090209999, 0.07336416901555881, 0.07494681121501101, 0.07652167375285934, 0.08028610969301785, 0.0759209986099162, 0.07536390613529308, 0.07352736540257705, 0.07286453844028629, 0.08206158063263115, 0.07579496448763132], [0.08137149221287064, 0.08327509188247696, 0.0748724025979798, 0.07331386468375337, 0.07500142012631529, 0.07646716308240055, 0.08021156299730182, 0.07590952283807717, 0.0752909568073108, 0.07353306770909948, 0.0728501577975524, 0.08221071171648774, 0.07569258554837413], [0.08119571218540979, 0.08309243010644168, 0.07497161912211738, 0.07339419391696914, 0.07512775075879352, 0.0764506637086857, 0.08006416729114933, 0.07594552458369633, 0.07529521949230038, 0.0736558392191145, 0.07297491610566698, 0.08216819896996803, 0.07566376453968723], [0.08109919944744971, 0.08315318550366109, 0.07504013710351198, 0.07337184717334314, 0.07523577767253359, 0.07641397725589805, 0.07997022997733856, 0.07596615483476218, 0.07523891642098744, 0.0737050940608235, 0.07299973053797933, 0.08223754570814348, 0.07556820430356793], [0.08113963320082611, 0.08309439421130252, 0.07507925532880208, 0.07332764891712033, 0.07530156853161002, 0.07640164434643915, 0.0799542184242049, 0.07598736459896062, 0.0751967853544318, 0.07371293033733045, 0.07298171564527899, 0.0823212908677152, 0.07550155023597784], [0.08114751854420149, 0.08312108313688932, 0.07512505698196742, 0.07328931781442717, 0.07537981077039035, 0.07638801508172748, 0.07991757520177911, 0.07601101805608838, 0.07515547588493321, 0.07372898177086114, 0.07297207349123298, 0.08233058150218157, 0.07543349176332037], [0.08112474519988172, 0.08303543761489757, 0.07519844428458254, 0.07328313044614444, 0.07548688935892316, 0.07639065085006683, 0.07986802110704559, 0.07605555772833138, 0.07513615366888236, 0.07377812591608589, 0.07299784512536295, 0.08226039186766201, 0.07538460683213341], [0.08108842334378705, 0.08314325488394754, 0.07522892194215848, 0.07326218419538938, 0.07553897278600204, 0.07637723294955175, 0.0798206501225629, 0.07606828954208868, 0.0751084126544536, 0.07379225435439067, 0.07299663826488856, 0.08223607054445137, 0.07533869441632803], [0.08101906350778888, 0.08333333333333333, 0.07527401027768703, 0.0732393076865885, 0.07561379411219106, 0.07635900583051192, 0.07974546720306268, 0.07608695260255814, 0.07507299814376574, 0.07381709185295272, 0.07300148497306849, 0.08215955352287932, 0.07527793695361222], [0.08101723734906657, 0.08310957952712358, 0.07534381124691869, 0.07323059479584568, 0.07570842272906515, 0.07638665948271597, 0.07973700985664746, 0.07614509590102214, 0.07507193681773337, 0.07385381400263778, 0.07301296326831777, 0.08212885690220474, 0.07525401812070122], [0.08080067431476408, 0.08333333333333333, 0.07549099017338798, 0.07325328146930991, 0.07591934932039467, 0.0763742171046138, 0.0795296742032075, 0.07621958189165993, 0.07506478258710843, 0.07397533935904257, 0.07310033761167162, 0.08177267775165903, 0.07516576087984715], [0.08085820429444106, 0.0831477820141636, 0.07555860428259975, 0.07319688460889077, 0.07601280580686468, 0.07642096505198401, 0.07957840068203399, 0.07629658391670902, 0.07508924764204591, 0.07397544032470067, 0.07305713396803293, 0.08167778224386543, 0.07513016516366801], [0.0811091131971372, 0.08320324218983606, 0.07536386263324778, 0.07312492869685776, 0.07574994835225209, 0.0764105924079737, 0.07979113812716908, 0.07618797709223009, 0.0750300926507738, 0.07379943034704893, 0.07291319862874261, 0.08212274028192607, 0.07519373539480473], [0.08083827039981435, 0.08312016062809206, 0.07561552956306998, 0.07316347836859026, 0.07609235724952156, 0.07644559503404853, 0.07958902954262415, 0.07635082400320913, 0.07510885791887484, 0.07398771008781006, 0.07303889159015588, 0.08155356712788064, 0.07509572848630866], [0.08085972368240824, 0.08333333333333334, 0.07565284379175785, 0.07304992472833535, 0.07615014948886378, 0.07648907911494035, 0.07966485765639093, 0.07641996231162122, 0.07510649352052767, 0.07393209914084864, 0.07292841232161161, 0.08137656126528081, 0.07503655964408024], [0.08096511223237453, 0.08303911420431792, 0.0756675740513195, 0.07300552976704155, 0.07615421466855898, 0.07656378986053046, 0.07980158337018675, 0.07648307560307875, 0.07512794855136204, 0.07389303114973145, 0.07286429477225165, 0.08137099074810686, 0.07506374102113972], [0.08107001280305352, 0.08333333333333333, 0.07562660616293793, 0.07285082074192395, 0.07609542943359465, 0.07663314340612812, 0.079984184784381, 0.07653111665527179, 0.07509747290245403, 0.07375115076667066, 0.07267444934147513, 0.08130895790910271, 0.07504332175967317], [0.081047097108713, 0.08307667285763211, 0.07568943587360376, 0.07281637999770892, 0.07614616592893471, 0.07675533149122811, 0.08011016451368021, 0.07665332039565338, 0.07515881430721023, 0.07373648592977716, 0.0726210793041658, 0.08110396159177327, 0.07508509069991952], [0.08133743080245584, 0.08298703589419675, 0.07557787070415692, 0.07270829514874637, 0.07597041256224753, 0.07685398537910548, 0.08041841189299868, 0.0766676806494174, 0.07512756881439307, 0.07356859212568506, 0.07244116140925218, 0.08118105358099607, 0.07516050103634865], [0.08180312353023772, 0.08312959674707363, 0.07456342019749071, 0.07325005663635624, 0.07451774209121122, 0.07674806175166167, 0.08092041859276655, 0.07590288652182739, 0.07560463264838767, 0.07318770433261759, 0.07254508544800867, 0.08169214370650826, 0.07613512779585256], [0.08167799547151465, 0.08313881577595356, 0.07466341086084716, 0.07331276077589882, 0.07466648108437723, 0.07665718014183971, 0.0806529677119958, 0.0758998632244054, 0.07552240351557832, 0.07332172039166275, 0.07268112715909428, 0.08178533606684364, 0.07601993781998866], [0.0817376151062227, 0.08315641995586366, 0.07462139603281845, 0.07328205494790062, 0.07460704154493006, 0.07668605964686231, 0.08075283097992743, 0.07589639183659086, 0.07554632734171009, 0.07326560602967574, 0.07262339974787357, 0.08176860288702144, 0.07605625394260293], [0.08171038004121768, 0.08313893885976849, 0.07468296592003847, 0.07328600903554155, 0.07470530868192372, 0.07663030210907591, 0.08062220962547642, 0.07589913605834403, 0.07547058095449, 0.07332966766468434, 0.07267657009524511, 0.08188643091012265, 0.07596150004407183], [0.0815497629163116, 0.08333333333333334, 0.07471450334064769, 0.07334682378521469, 0.07474443616826919, 0.07659912142032137, 0.08048118942936924, 0.07589134392335169, 0.07547266763008526, 0.07339481313729601, 0.0727567429313721, 0.08176400968713143, 0.07595125229729648], [0.0814630638064475, 0.08333333333333331, 0.0747759567958136, 0.07336213035879216, 0.07483851023774313, 0.07654994542795399, 0.08035549759657731, 0.07589605311228861, 0.07541084134985457, 0.0734632961445481, 0.07281763141153068, 0.08186251806277678, 0.0758712223623401], [0.08159337393417465, 0.08319905583522699, 0.07473680121710333, 0.0733309058346928, 0.07478007569457429, 0.07659387300865503, 0.08048730046747557, 0.07590305005069221, 0.07544464576300475, 0.0734045328716133, 0.07275528412704203, 0.08185148133178205, 0.07591961986396308], [0.08132362026924529, 0.08315297829490034, 0.07485847352490034, 0.07342704866910295, 0.0749469113343573, 0.076523629533145, 0.0802189547855245, 0.07591923159231409, 0.07539664017897567, 0.07356795681942202, 0.0729244653121144, 0.08190720359852786, 0.07583288608747021], [0.08123476877238132, 0.08333333333333334, 0.07487986810680153, 0.07342906706047175, 0.07498473194895665, 0.0764858480968873, 0.08013045620607498, 0.07590935416461775, 0.07536427585713791, 0.07359606155173633, 0.07295022395472975, 0.0819191113380681, 0.07578289960880337], [0.08120099654007717, 0.08317464162301925, 0.07492371496683758, 0.07344342906438418, 0.0750447259229905, 0.07647900830608118, 0.0800922897659068, 0.07592829780092082, 0.07535495487470356, 0.07363875296517652, 0.07298639238220046, 0.08197664660883314, 0.07575614917886879], [0.08108052394911673, 0.08317733581002769, 0.07498297371438407, 0.07347707362157467, 0.07512661881674224, 0.07645241436083274, 0.07998348241301158, 0.07594202013743007, 0.07533752202526559, 0.07370928597245376, 0.07305433164021555, 0.08196361244738769, 0.07571280509155784], [0.08101014385624696, 0.08315830913534436, 0.07504884178375551, 0.07345533217021107, 0.07522979760087004, 0.07642119634969109, 0.0799102590316045, 0.07596400625985938, 0.07528590012503705, 0.07375567092377193, 0.07307692878771012, 0.0820591879769736, 0.07562442599892423], [0.08097350283689571, 0.08333333333333333, 0.07506275333461557, 0.07342220428645951, 0.07526160520254896, 0.07639437633788779, 0.07987147819041338, 0.07596075640724922, 0.0752454429590754, 0.07375559598572136, 0.07306312981326797, 0.08208821498123645, 0.0755676063312953], [0.08099444303038925, 0.08322122008314042, 0.07508522570818367, 0.07341453814617269, 0.07529401006300938, 0.07639649792902425, 0.07987127118885072, 0.07597575234223798, 0.07523716465150014, 0.07376735240402182, 0.07306568185464578, 0.0821269486602162, 0.07554989393860766], [0.08097908508420189, 0.08333333333333333, 0.07512629192268039, 0.0733792299518209, 0.07536786231510792, 0.07636965841851232, 0.07981260826851296, 0.07598827665555749, 0.0751889439111335, 0.07378590326242519, 0.07306194805627528, 0.08213260995423119, 0.07547424886620764], [0.08097638469683446, 0.08333333333333334, 0.07517693618748368, 0.07335137870417073, 0.07545020717860705, 0.07635961895206518, 0.07977336992330493, 0.0760151466626367, 0.07515466657526171, 0.07381037831214349, 0.07306276049651203, 0.08212205734547122, 0.07541376163217556], [0.08095952626788128, 0.0831019886035053, 0.07524995715723301, 0.07336822820912094, 0.07554869482191183, 0.07637482414184997, 0.07974046351665597, 0.07606334340163524, 0.07515650782900397, 0.07386866517216882, 0.07310508526738058, 0.0820702722997693, 0.0753924433118837], [0.08083065432200931, 0.08312330246344803, 0.07535919614710244, 0.0733819356495637, 0.07570772388536726, 0.07636237088839537, 0.07960703314880697, 0.07611651632062494, 0.0751287714255141, 0.07395946933400445, 0.07317008337645463, 0.08193256818288897, 0.07532037485581976], [0.08070322193819905, 0.08333333333333333, 0.07544020534762344, 0.07337363788415191, 0.07583184261307221, 0.07634311479181523, 0.07948507501231977, 0.07615282599803852, 0.07509222515804771, 0.07401884193680608, 0.07320413268954552, 0.08177527454364471, 0.07524626875340251], [0.08073148122673164, 0.08320995989842418, 0.07551986786848813, 0.07331194200166302, 0.07594995326665346, 0.07637397730682527, 0.07948210883939708, 0.07622681930168775, 0.07509189381140167, 0.07403027928970211, 0.07316792950090331, 0.08171786734305417, 0.07518592034506827], [0.08082798014628206, 0.08333333333333333, 0.07542688398253218, 0.07327266995894223, 0.07582663373400886, 0.07636334165910286, 0.07957805879584035, 0.07617276630596578, 0.07505812711448336, 0.07394449857661557, 0.07309602997740204, 0.08189168955165477, 0.07520798686383645], [0.08084869235474866, 0.08311887268722391, 0.07538483808362709, 0.07334294495269407, 0.07575123209642091, 0.07636736127548223, 0.07960968368840197, 0.07614004149784785, 0.07510640525481947, 0.07395398273516002, 0.07314280711669821, 0.0819494523840869, 0.07528368587278865], [0.08094772319500537, 0.08333333333333333, 0.07526770439741735, 0.07330998666662904, 0.07559243139282919, 0.07635248708570833, 0.07970467305395379, 0.07606887036503533, 0.07510625711098842, 0.07385503320089501, 0.07306701458531017, 0.08207244791979308, 0.07532203769310153], [0.08082248497024473, 0.08324713701785215, 0.0754250866625161, 0.07329955310495974, 0.07581833118149309, 0.0763653660999204, 0.07957690948032108, 0.07616873266691054, 0.07507366241342277, 0.07395825870011974, 0.07311985837992818, 0.08189612613366615, 0.07522849318864538], [0.08100107649098441, 0.08315580168656928, 0.07536890137854964, 0.07321209090550863, 0.07574718500603232, 0.0763896753354789, 0.07972045116713102, 0.07616437834480541, 0.07505885955343375, 0.07386005431570694, 0.07300504196523772, 0.08208757274015574, 0.07522891111040626], [0.08075192510334835, 0.08319140233271202, 0.0755620400796877, 0.07327163433410895, 0.07601281967664336, 0.07639191063547436, 0.07948199594060422, 0.07626863783923024, 0.07510126673461039, 0.07403087137997201, 0.07314037105877079, 0.0816447354848852, 0.0751503893999523], [0.08075233688520114, 0.08306500590076575, 0.07562090030830315, 0.0732471262415377, 0.07609322871059966, 0.07642009696205886, 0.07950191277609191, 0.07632418065169075, 0.07512517630767886, 0.07404901485937056, 0.07313042190017649, 0.0815463210548573, 0.07512427744166793], [0.08075380778937653, 0.0829898789758141, 0.07568001813841772, 0.0732021794290246, 0.07617451145853193, 0.0764559947042488, 0.0795357416402351, 0.07638856940099863, 0.07514658217718237, 0.07405231731140655, 0.07309762688491643, 0.08143130235115946, 0.07509146973868772], [0.0807366685141401, 0.0831142647770959, 0.07571155716956277, 0.07315082709927007, 0.0762222067940941, 0.07647371719195695, 0.07955147311972864, 0.07642727116485358, 0.07514995829144447, 0.07403774895843764, 0.07305395719221772, 0.08131589691728833, 0.07505445280990947], [0.08082313878393889, 0.08307035960397886, 0.07573139739561922, 0.07305273806582888, 0.0762420113963366, 0.07654822876857437, 0.07969061654338339, 0.07650315955554149, 0.07515810137820786, 0.07396948625994103, 0.0729396963358461, 0.08122787135365739, 0.07504319455914576], [0.08085446974863691, 0.08308996779864096, 0.0757575741521735, 0.07295237991547963, 0.07626404787743929, 0.07663612342888546, 0.0798224035014555, 0.07659323367006839, 0.07517403911558618, 0.07389976887170766, 0.07282046572396848, 0.08109960862316073, 0.07503591757279715], [0.08088882675826481, 0.08299526726820058, 0.07577114175554768, 0.0728962690148979, 0.07626228445486717, 0.07671901851703865, 0.07994466375436797, 0.07666488157645587, 0.07519614793975853, 0.07385004300164948, 0.07274133072325542, 0.08101003955789093, 0.07506008567780482], [0.08100157928629075, 0.08333333333333331, 0.07571061615536771, 0.07275421291368375, 0.07616522868224644, 0.0768038178436829, 0.08013705889785007, 0.07671044737809865, 0.07516942185434307, 0.0736983131890872, 0.07255113745579231, 0.08089587184863539, 0.07506896116158825], [0.08136646847015251, 0.08297786407095438, 0.07558129901495621, 0.07266643046155083, 0.07595301089534821, 0.0769359086252475, 0.08052767436040495, 0.07673028155028168, 0.07515021350970201, 0.07352230894826521, 0.07237360848950174, 0.0810189120842067, 0.07519601951942796], [0.08084964317288644, 0.08315195519746293, 0.07531158579435555, 0.07340179837112411, 0.07563479183835371, 0.07636187489270693, 0.07963947419036621, 0.07608607069083653, 0.07514983018169336, 0.07393649654129368, 0.07316805412376626, 0.08194561374977039, 0.07536281125538377], [0.08086142673763327, 0.08315577859848494, 0.07524840245471982, 0.07343533149088664, 0.07553467694735884, 0.0763667068800575, 0.07968213319961752, 0.07604810690929627, 0.0751857977769295, 0.07390801296156742, 0.07316942297304217, 0.08197486649541462, 0.07542933657499157], [0.08087097280042413, 0.08316754900642293, 0.07518641292507533, 0.07346267804128424, 0.07543570172539099, 0.07637719336267461, 0.07973028323885348, 0.07601525714108448, 0.07522282151789629, 0.07387472616737611, 0.07316287278152865, 0.0819965744836322, 0.07549695680835647], [0.08086420882410891, 0.08310119771438064, 0.07516903633654869, 0.0734920700603905, 0.0754003411415715, 0.07639078606805402, 0.07974958678297321, 0.0760093390597432, 0.07525230400723115, 0.07387427468274932, 0.07317686736721311, 0.08197960403851584, 0.07554038391652003], [0.08086369406405745, 0.08316189269462078, 0.07511813717143088, 0.07351115199427057, 0.07531893453024306, 0.07640446125219558, 0.0797916828479251, 0.07598599399333121, 0.07528516590716605, 0.07384306391771578, 0.07316584866635983, 0.0819507874956154, 0.07559918546506826], [0.08094658019022517, 0.08313899824912596, 0.07504616833328921, 0.07353603870237234, 0.07520626520048602, 0.07643747728604007, 0.0798723802201191, 0.07596132172990996, 0.07534106144690295, 0.07379330337172138, 0.07314268460935361, 0.08188276322763878, 0.07569495743281554], [0.0809830205246204, 0.08333333333333333, 0.07499193621381454, 0.07352031719979094, 0.07513303670850423, 0.07643994240341721, 0.07990886418005745, 0.07593429387120855, 0.07534903248517157, 0.0737433188584531, 0.0731020481635201, 0.08183769495456045, 0.07572316110354807], [0.0812060720641831, 0.08333333333333331, 0.07534338572359983, 0.07304583692728209, 0.07573122168699492, 0.07642224895300993, 0.07985248244545419, 0.07619602481278571, 0.07500233347328426, 0.07373525651731663, 0.07282583136716099, 0.08214146750558719, 0.07516450519000765], [0.08099292386114808, 0.08333333333333333, 0.07551095205802681, 0.07308392333865603, 0.07595960975638966, 0.07643627514619086, 0.07969502732632014, 0.07629705678594678, 0.07504584266468407, 0.0738705982731574, 0.07292467365697781, 0.08175118225710673, 0.07509860154206223], [0.08094213283096158, 0.0831757366672186, 0.07561192496274298, 0.07306248179226127, 0.07609014645341604, 0.07648997797033227, 0.07970973558487525, 0.07639368515513394, 0.07509574553404753, 0.07391141053774125, 0.07292440812524886, 0.08152196510361517, 0.07507064928240521], [0.08106600015809942, 0.08313675274705347, 0.07496832386486553, 0.07352673746100552, 0.07509072892037266, 0.07647690291155781, 0.07999022127835018, 0.07594147993477215, 0.07538577427939924, 0.07371822174321382, 0.07308302197886431, 0.08183649745322252, 0.07577933726922324], [0.08113318735838307, 0.083177699912258, 0.07492391115998719, 0.0735113150410037, 0.07502729802261997, 0.07649702951162922, 0.08005846469080412, 0.07593004618111669, 0.0754044012630743, 0.07367054956535446, 0.07304066433631577, 0.08180664611436894, 0.07581878684308459], [0.08122385446563694, 0.08308378458438764, 0.07488358642026542, 0.07350571480447105, 0.07496321420735495, 0.07653705044402842, 0.08015595735550611, 0.07593102858149307, 0.07544500651920544, 0.07362550463182914, 0.07300170647488255, 0.08176193397849502, 0.07588165753244426], [0.08128746824371308, 0.08333333333333333, 0.07481225530846257, 0.07346845078386009, 0.07486720440573696, 0.07655309212953364, 0.08023384687213718, 0.07590477521008705, 0.07546997988196257, 0.0735469648795036, 0.07292834367136809, 0.08167294517886174, 0.07592134010144001], [0.08136989009785965, 0.08321810800375633, 0.074778863820427, 0.0734622784701274, 0.07481158151315247, 0.07659853633421272, 0.0803434115767777, 0.07591269285421762, 0.07552032431029924, 0.07350538658538923, 0.07289019429095246, 0.08160392612076688, 0.0759848060220612], [0.08141717827552593, 0.08333333333333334, 0.07473965329275178, 0.07342586762537516, 0.07476274229528898, 0.07660378576718169, 0.08039981508344236, 0.07589816119926575, 0.07551986044068398, 0.07345476744126384, 0.07283707087883488, 0.08161529151990561, 0.07599247284714676], [0.08149039214317691, 0.08315538414809168, 0.07471706533041092, 0.07341459350093393, 0.07472486224137957, 0.07664169694670217, 0.08049749879460581, 0.07590842708779698, 0.07555457913130025, 0.07342091314149866, 0.0728024642583673, 0.08163450364890688, 0.07603761962682891], [0.08155363820849192, 0.08302611247678085, 0.07469093972939721, 0.07340121949354948, 0.07468255867568725, 0.07667871661121428, 0.08059403033356743, 0.07591640934449753, 0.07558903340034578, 0.07338359134565828, 0.07276465126353367, 0.08163615496220682, 0.07608294415506955], [0.08156642368693735, 0.08319615391734404, 0.07463015507474687, 0.07337571528298246, 0.07459521933668269, 0.076709755753883, 0.0806859763491478, 0.07590297627203857, 0.0756294388211137, 0.07331533400466964, 0.07270136155086178, 0.08155269990476269, 0.07613879004482922], [0.0815959556491547, 0.08333333333333331, 0.0745695027979542, 0.0733362258726244, 0.07450986771047977, 0.07674475661974514, 0.08079806651663056, 0.07591254230801955, 0.07566278677879315, 0.07323876023531939, 0.07262449721005086, 0.08148490227795524, 0.07618880268993954], [0.0816694296996338, 0.08333333333333334, 0.0745906582528429, 0.07329925937774946, 0.07455667143872827, 0.07670253493813065, 0.08076360308191782, 0.07588606077144923, 0.07558955219606475, 0.07324695683896733, 0.07261762301705503, 0.08163796820453396, 0.07610634884959352], [0.08085121427256813, 0.08333333333333333, 0.07551082486863114, 0.07320291040273282, 0.07595156233389641, 0.07639298636639724, 0.0795571629537042, 0.07625066657558885, 0.07506389469660263, 0.07395398497661426, 0.07305376494044427, 0.08173981906961764, 0.0751378752098691], [0.08098795904857899, 0.08312878490360322, 0.07545232753314124, 0.07318176043793784, 0.07586515812699991, 0.07641527675024919, 0.07967996636830503, 0.07623329883472128, 0.07504593848986338, 0.07389370693979418, 0.07300167514180751, 0.08193362326924297, 0.07518052415575524], [0.0812450837800933, 0.0830366211199917, 0.07549079898663312, 0.07296647234199913, 0.07592033468944072, 0.07653339366016282, 0.07994794623346868, 0.07636494125488685, 0.07504226401575709, 0.07375794725641525, 0.07276949259932917, 0.08180566034504973, 0.07511904371677242], [0.0811962643722299, 0.08308535023017552, 0.07543994134774913, 0.07304049253987371, 0.0758548634292265, 0.07647280634262656, 0.07985240033475537, 0.07628455864487875, 0.07502241780663539, 0.07378464400463436, 0.07284169872736078, 0.08197811273733233, 0.07514644948252158], [0.08121052966451664, 0.08313563850579497, 0.0752188233579595, 0.07316262520043089, 0.07554057182812868, 0.07638876028643642, 0.07990000312331304, 0.07608439996403296, 0.0750674866019111, 0.07372450988855202, 0.07289540452409936, 0.08238108948446497, 0.0752901575703595], [0.08120399873832329, 0.0830976791620138, 0.07531579522160763, 0.07309961641126494, 0.07568227731710467, 0.07642195025182714, 0.07988080188746008, 0.07617072491516731, 0.07503594949290855, 0.0737473169328753, 0.0728652836706496, 0.0822611167844156, 0.07521748921438229], [0.08130882179879588, 0.08333333333333334, 0.07546840040115287, 0.07285424316504814, 0.07589613990279259, 0.0765626297828881, 0.08004887461187679, 0.07639012360750466, 0.07501409074369084, 0.07366693566934655, 0.07264281267313492, 0.08173156146433157, 0.0750820328461039], [0.08146883116996219, 0.08290958335217782, 0.0754786263788124, 0.07278500144429442, 0.0758769015639717, 0.07669629158105418, 0.08029811010333131, 0.07649187821476014, 0.07505025144168993, 0.0735936497994958, 0.07253311310805038, 0.08167417809573342, 0.07514358374666631], [0.08111304216682506, 0.08288946781682656, 0.0757254294305249, 0.07272341009844181, 0.07612871050031324, 0.0769740625177234, 0.08036720261566302, 0.07683419943115176, 0.0752342250060593, 0.07364067428333458, 0.07246741835187526, 0.08072379508529971, 0.07517836269596131], [0.08093798717094758, 0.08314319128516344, 0.0757769906693874, 0.07276954887093631, 0.07623195053084825, 0.07686887275236855, 0.08014033063452398, 0.0767903249326378, 0.07522398034333291, 0.07373248426160965, 0.07256703213483073, 0.0807241476920544, 0.07509315872135915], [0.08255610534723927, 0.08196048690288224, 0.07469450308693777, 0.07277981865257138, 0.07481067869963433, 0.07664762992199728, 0.08115839293574792, 0.07598902454777162, 0.0751797304027707, 0.07305639286815029, 0.07222179964566919, 0.08333333333333331, 0.07561210365529444], [0.08236262656588528, 0.08219255992848301, 0.07472452017799104, 0.07289206999065356, 0.0748392426304912, 0.07662067802524307, 0.08099990481852389, 0.07597354493725454, 0.07521355826555702, 0.0731480697047095, 0.07234656079356548, 0.08303989315911806, 0.07564677100252436], [0.08218019639999966, 0.08219616485239573, 0.07479540525798592, 0.07295022777172086, 0.07493289310142336, 0.07659661005353176, 0.08085760371715955, 0.07599222509088593, 0.07520894342896102, 0.07323866347333638, 0.07243968133807273, 0.08299432234691932, 0.07561706316760775], [0.08202424808879506, 0.08231887885476646, 0.07482453134401174, 0.07298542059817542, 0.07497751169781262, 0.076551786189882, 0.08071086645536091, 0.07597779709365024, 0.0751882874931823, 0.07329209085515313, 0.07250061300282357, 0.08306766118509762, 0.07558030714128909], [0.08197081196892463, 0.08239568271939365, 0.07486206890522887, 0.0729368134391936, 0.07505067100833358, 0.0764982660329262, 0.08059109964518162, 0.07597587217525839, 0.07511444364599505, 0.073307319000231, 0.07249195589050512, 0.08333333333333333, 0.07547166223549495], [0.08198105017080452, 0.08232817255205598, 0.07493590590529246, 0.0729293896854478, 0.07515100142096247, 0.07651108211941327, 0.08055780029798068, 0.07602784081415855, 0.07510080376246007, 0.07335272559782002, 0.07251300549065329, 0.08318200876922673, 0.07542921341372417], [0.08216651636716024, 0.08209775862097136, 0.07494513391359316, 0.07282302161013003, 0.07517138724129357, 0.07655433216963363, 0.0806813540845682, 0.07607599424273949, 0.07507255762461097, 0.07328655189971248, 0.07240346088420369, 0.08333333333333333, 0.0753885980080498], [0.08259934151241266, 0.08163382863307349, 0.07489086364288075, 0.07273346156854386, 0.07507918247509582, 0.07668569918857354, 0.08105316511397662, 0.07613631486556974, 0.07513041362344183, 0.07316013065655332, 0.07225154525349697, 0.08316653089146227, 0.07547952257491891], [0.08288147722572806, 0.08144901648095516, 0.07475889825433041, 0.07268710866343035, 0.07489764945694971, 0.07671714569686013, 0.08129419243610476, 0.07608332374724949, 0.07516127588244513, 0.07303145346492489, 0.07214133951345955, 0.08333333333333334, 0.07556378584422908], [0.08283359668696107, 0.08169264457711692, 0.07469295325117421, 0.07269585510657361, 0.07481004983782222, 0.07669886827192712, 0.08132032918674896, 0.07603159011521592, 0.07517058235276494, 0.0729942456883854, 0.07212688226591454, 0.08333333333333336, 0.07559906932606189], [0.08258066078997882, 0.08173268463794002, 0.07476854195819047, 0.07278655120449361, 0.07491115017615098, 0.0766500753484607, 0.0810972047015214, 0.0760333187474708, 0.07516545803576871, 0.07311281584955245, 0.07225982404699563, 0.08333333333333333, 0.07556838117014307], [0.0824486402675937, 0.08196251642143529, 0.07474644149080674, 0.07284122586224064, 0.07487456579625623, 0.07663683445334014, 0.08105631243161379, 0.07600376014633568, 0.07519155398351601, 0.07313116997842156, 0.07230453600725215, 0.08319200074146683, 0.07561044241972115], [0.08227346819824101, 0.08200982569153435, 0.07485152202812713, 0.07289145024625528, 0.07502189770229911, 0.07659184863330257, 0.0808381531199711, 0.0760315707494747, 0.07515920798789771, 0.0732477102473336, 0.07241265896246532, 0.08313735295482526, 0.07553333347827297], [0.08240229423064177, 0.08180018010740238, 0.07488880831717763, 0.07282666833879464, 0.07507691296991588, 0.07662218295867503, 0.08089596476514296, 0.07608193606476564, 0.07513632428931175, 0.07322935957395588, 0.07235878301332972, 0.0831903887091663, 0.07549019666172031], [0.08240769504532935, 0.08181561462123849, 0.07484219732256556, 0.0728240611064321, 0.07501613441332618, 0.07660989584072331, 0.0809184401987736, 0.07604743273898551, 0.07513819382652911, 0.07319797965165117, 0.07234045439074309, 0.08333333333333334, 0.07550856751036931], [0.08260028057112208, 0.08157968615304373, 0.07486917695113711, 0.07279708701890317, 0.0750400167347981, 0.07668261402076734, 0.0810615414191181, 0.07611071206159184, 0.07516792355094047, 0.07318173420796743, 0.0723019847406171, 0.08307028731962184, 0.07553695525037196], [0.08224704919654763, 0.08202812190412018, 0.07482892120328032, 0.07291539117186484, 0.07498579422000122, 0.07659494287833214, 0.08085145174099324, 0.07601630486020594, 0.07518014319607415, 0.07324396871795778, 0.0724234791138898, 0.083116153894983, 0.07556827790174993], [0.08210172840822096, 0.08220677398369076, 0.07490841208118455, 0.07291526298797911, 0.07510742297962189, 0.07654524314565399, 0.08066813311471151, 0.07603398452826834, 0.0751243955878609, 0.07331524451261859, 0.07247589810356582, 0.08312841622038905, 0.07546908434623459], [0.08220095908380087, 0.08204417696582066, 0.07491635666762982, 0.0728412146502034, 0.07512763671152302, 0.0765590896614829, 0.08071971415838809, 0.07605873122149003, 0.07509273788792035, 0.07327505175213547, 0.07240624657440217, 0.08333333333333331, 0.07542475133186974], [0.0824414028041503, 0.08181179054601147, 0.07491123877713148, 0.07273456126891926, 0.07511954307828086, 0.07663473650680144, 0.08091549563725445, 0.07611821097827205, 0.07509027057822293, 0.07318936480158957, 0.07227893977412289, 0.08333333333333331, 0.07542111191590983], [0.08223361844021841, 0.08205594277621762, 0.07497672878187268, 0.07279907308684165, 0.07520825752229866, 0.07659722118249315, 0.08074114599008252, 0.07612424477763438, 0.07508214782498712, 0.0732831537352697, 0.07237962285955779, 0.08312924688689029, 0.07538959613563587], [0.08208434369683486, 0.0822475678811261, 0.07484526994677307, 0.0729130451693249, 0.07502446165624842, 0.0765287753617473, 0.08068819703748821, 0.07598756651494222, 0.07512772545376221, 0.0732731455778927, 0.0724519394962735, 0.08333333333333334, 0.07549462887425332], [0.08202105576211938, 0.08224729653464755, 0.07494319659438273, 0.07288446197470615, 0.07516837577203304, 0.07651274057026032, 0.08057201490497938, 0.0760402678864864, 0.07507633107779277, 0.07333198666983842, 0.07247413905197876, 0.08333333333333333, 0.07539479986744174], [0.08202895721824073, 0.08227009819344837, 0.07499224170124387, 0.07286331747254529, 0.07523481028253055, 0.07653214290793142, 0.08056685607517945, 0.07608418370100364, 0.07506668996903695, 0.07334939528781081, 0.07246875288743093, 0.08317708116180658, 0.07536547314179148], [0.08333333333333333, 0.08184925869116724, 0.07451188146527198, 0.07265239068654845, 0.0745335562846315, 0.07683549404861888, 0.08179591189240389, 0.07600976208569661, 0.075292652277867, 0.07280275174941074, 0.07196007180264015, 0.08260564139845013, 0.07581729428396013], [0.08317817634435545, 0.0816612139493794, 0.07458534843105226, 0.07264358149838648, 0.07463511646742835, 0.07684038029299123, 0.08176347629999713, 0.07605819376043332, 0.07527059984826975, 0.07284952674316392, 0.0719833295599787, 0.0827682208481783, 0.07576283595638574], [0.08333333333333333, 0.08136106936743646, 0.0746829021582324, 0.07259885009918722, 0.07477696336879851, 0.07683741931879204, 0.0816691729347718, 0.07612309551621967, 0.07521731952196577, 0.07289501298744652, 0.07198643636654684, 0.08286006495472657, 0.07565836007254287], [0.08333333333333333, 0.08168367612259923, 0.07474346170489679, 0.07250397636843166, 0.07486116546731918, 0.07688652412236316, 0.08167129303099718, 0.07620605540860395, 0.07518357326827835, 0.07287090104844844, 0.07190858627479274, 0.08255910820787403, 0.07558834564206195], [0.08333333333333331, 0.08146859482768867, 0.07475228846111473, 0.07245568255048064, 0.07479796151414242, 0.07719368928977637, 0.08218087727874623, 0.07640269471466728, 0.07536601008855383, 0.07276892158699291, 0.07176541313135032, 0.08170825234944461, 0.07580628087370853], [0.08333333333333333, 0.08084266289958338, 0.07463924069489784, 0.07255336229169193, 0.07458493330481707, 0.07736670289650943, 0.0827639743084448, 0.07641414432905044, 0.07557072922111432, 0.07270092038690536, 0.07175013407693326, 0.08136961000933918, 0.07611025224737965], [0.08333333333333334, 0.0807102492824317, 0.0745363236642902, 0.07266079481746723, 0.07444170113469065, 0.07731911552596932, 0.0828716542126509, 0.07630271974155368, 0.07562942323478172, 0.07269929173309858, 0.07181707118358106, 0.08144610280659552, 0.07623221932955615], [0.08333333333333334, 0.0812875650304931, 0.07447688734994623, 0.07268718391283331, 0.07440315551054268, 0.07713724374680439, 0.08244805247997862, 0.07615709097458107, 0.07553506916365746, 0.07271735995657727, 0.07187379920255522, 0.08180472764616634, 0.07613853169253113], [0.08333333333333333, 0.08169874494490585, 0.07450028610370978, 0.07265685277396733, 0.07449545688608401, 0.0769206774143773, 0.08199082694707246, 0.07605135741418594, 0.07535854132127255, 0.07277419500476788, 0.07192993802820256, 0.08238434690617216, 0.07590544292194884], [0.08333333333333333, 0.08157253279667717, 0.07456158545143073, 0.07262379562167946, 0.07459420933154272, 0.07688545610415025, 0.08189627630664086, 0.07607336673505569, 0.07529788966348999, 0.07280945127236424, 0.07193956508589959, 0.08260742545472617, 0.07580511284300978], [0.08333333333333333, 0.08125167008044372, 0.07465573027032246, 0.07260717238416357, 0.07471655693198034, 0.07692320645546966, 0.08188975204552268, 0.07615537523232495, 0.07528910008651606, 0.07285744010852038, 0.07195314501539422, 0.0826083250987472, 0.0757591929572614], [0.08317154836600787, 0.08137850223060582, 0.07469472940262432, 0.07258674199924214, 0.07477071751047336, 0.0769322655120659, 0.08185840734423915, 0.07618811600077968, 0.07527358206828824, 0.07287123224185806, 0.07194834571614994, 0.08260153644140583, 0.07572427516625971], [0.08300209486622387, 0.08136529968035972, 0.07471103517211783, 0.07258095147273408, 0.07476692368625788, 0.07703594465418635, 0.0820478417771491, 0.07626009220076974, 0.07533796848501094, 0.07285207914560855, 0.07191522593711544, 0.08232613320109507, 0.07579840972137136], [0.08310298592858484, 0.08123354887252074, 0.07459067202116094, 0.07265570231251653, 0.07458312267210397, 0.07706605597344122, 0.08226311137926871, 0.07619054926844403, 0.07543406835353575, 0.07280040638007225, 0.07192049074249228, 0.08219123116464142, 0.07596805493121742], [0.0830964597191207, 0.08089756510580545, 0.07460155051494358, 0.07266441348106421, 0.0745590849