[[0.07406975156677097, 0.07303635525938579, 0.08098268286119574, 0.07132049050143462, 0.0755255246387099, 0.07245400365766942, 0.08054656595300243, 0.07458885256277879, 0.0818466227991461, 0.08092624347297568, 0.08308891765466725, 0.08185676855539634, 0.06975722051686704], [0.07401186170157054, 0.07311098572762832, 0.08130013112805103, 0.0713502436402716, 0.0754576905052119, 0.07249353410059285, 0.08035731672400995, 0.07457351325616296, 0.08171722878696924, 0.08075038756135929, 0.08316442547267161, 0.0818906662656863, 0.06982201512981455], [0.0739653064618151, 0.07322027884902638, 0.08166380327068883, 0.07141355433593213, 0.07539308378150424, 0.07256503429527902, 0.08014362078755424, 0.07457166602080763, 0.0815206848970765, 0.08053114648388734, 0.08322969885314674, 0.08185088799282045, 0.06993123397046157], [0.07390643607688469, 0.07329106302468265, 0.08195914196258783, 0.0714226914561211, 0.07532741638661714, 0.07259871154319504, 0.07998645730183088, 0.07455631879887578, 0.08137666003768483, 0.08038077231777706, 0.08333333333333334, 0.0818947816169958, 0.069966216143414], [0.0738864057105608, 0.07341360425268421, 0.08228424523215416, 0.07149258485517289, 0.07528222251431838, 0.07268557415176165, 0.0797962051031503, 0.07457234144838025, 0.08117284623162399, 0.08020125374164165, 0.08317706835747442, 0.08195914372462791, 0.07007650467644945], [0.07382922001436942, 0.07347431832261486, 0.08252371267312247, 0.07147421771479298, 0.07522676998462034, 0.0727003388550491, 0.07968447019064982, 0.07455769975927519, 0.08106333008017613, 0.08010359634487299, 0.08326405145241021, 0.08202887934137985, 0.07006939526666668], [0.07371587980895794, 0.07355282849563846, 0.08292592889128474, 0.07138627681889116, 0.07514263961116335, 0.07269172076126736, 0.07956970562414802, 0.07453285103338439, 0.08096028229863657, 0.08001826569006806, 0.08333333333333331, 0.08219568463630168, 0.06997460299692468], [0.07368582688531754, 0.07371859552520399, 0.08333333333333333, 0.07140903433665462, 0.07512380689681769, 0.07277890163618302, 0.07945332461559822, 0.07458107008789591, 0.08081844475477608, 0.07991986818934299, 0.08292749677808643, 0.08224360207752289, 0.07000669488326725], [0.07366976956204381, 0.07387663519353908, 0.08333333333333334, 0.0714024031719991, 0.07514460150541953, 0.07285590305425796, 0.07943700571574151, 0.07465590864104983, 0.0808484175581472, 0.07992620098704592, 0.08252677170551824, 0.08234048483647978, 0.06998256473542476], [0.0736949627504129, 0.07415159664297512, 0.08333333333333333, 0.07146493255205551, 0.07520490943502228, 0.0730232745551091, 0.07937189541872695, 0.07479996614666545, 0.08082272577468218, 0.07988952685753548, 0.08195367259194691, 0.08225491964002, 0.07003428430151472], [0.07371813441956539, 0.07441961525301694, 0.08333333333333331, 0.07150300275930965, 0.07527664625508423, 0.07317966175798982, 0.0793160316423694, 0.07495244863373834, 0.08083362405868368, 0.07990803150997212, 0.08134430978557286, 0.08216941013052269, 0.07004575046084136], [0.07379402428218292, 0.07470683015593103, 0.08333333333333333, 0.07164408924920103, 0.07535592646053157, 0.07338767892523183, 0.07918761071361217, 0.07511115220256287, 0.08069380609588932, 0.07981357974071421, 0.08090234092705295, 0.08187184824976064, 0.07019777966399612], [0.0738442399828323, 0.07488399701573534, 0.08333333333333334, 0.07163285041089529, 0.07545278046877549, 0.07348467165651648, 0.07923181167673529, 0.07525311659347327, 0.08073671843508914, 0.07989738254143901, 0.08040130768223024, 0.08171455403581486, 0.07013323616712999], [0.07390361457012276, 0.07500083973080077, 0.08333333333333333, 0.07161782310859284, 0.07553266428049124, 0.07354882230467161, 0.07931481617380066, 0.07536087618691781, 0.08075246964835048, 0.07996095224656861, 0.08002202666208491, 0.08157861789369643, 0.0700731438605685], [0.07395325202438083, 0.07506849792503038, 0.08333333333333334, 0.07155174305487759, 0.07565012208048125, 0.07357604006882357, 0.07949722447160111, 0.07548436045171326, 0.08083502877683811, 0.08011888742874146, 0.07956757333696085, 0.08143451334954055, 0.06992942369767786], [0.07395597838206344, 0.07502798057874917, 0.08333333333333333, 0.07144990921693013, 0.07574503498880528, 0.07353380476888138, 0.0797097663529669, 0.07555258876115854, 0.08096020486827783, 0.08031531031567332, 0.07924601519556977, 0.08141871304047449, 0.06975136019711636], [0.07399801266478843, 0.07499614133353237, 0.08333333333333333, 0.07136590465644932, 0.07590288836487277, 0.07351522768581079, 0.0799864122769374, 0.07567303137345703, 0.08104838502626788, 0.08054766322700221, 0.07878733635097901, 0.08127143167740047, 0.06957423202916897], [0.07402054742969603, 0.07480296642249201, 0.08333333333333333, 0.07121773790051912, 0.07606220519792391, 0.07339479227374268, 0.08038660761866825, 0.07573614914670701, 0.08130258810693229, 0.08090374247914014, 0.07838542148479392, 0.08113612097265634, 0.06931778763339487], [0.07421362815697327, 0.07301278308000902, 0.0805943772419631, 0.07140205840933309, 0.07561439030742048, 0.07246711228786835, 0.08064414171597792, 0.07461494002344625, 0.08173626634726314, 0.08096211376141034, 0.08333333333333333, 0.08156683545646873, 0.0698380198785329], [0.07412987600810274, 0.07306804423948356, 0.08099231157618453, 0.07142552733533361, 0.07552558544990058, 0.07250884315246181, 0.08042416810248418, 0.07459292200936853, 0.08164812267733747, 0.08077545836830091, 0.08333333333333334, 0.08167368987053295, 0.06990211787717587], [0.07410418009576142, 0.07313348236382054, 0.0812180529528588, 0.07146784008004589, 0.07549186527837724, 0.07255747749624866, 0.08029718882047245, 0.07459901357359772, 0.08156903417087377, 0.08066150845537404, 0.08322895023092781, 0.08169949581047314, 0.06997191067116858], [0.0739799825474517, 0.07323938164643085, 0.08169313922371901, 0.07145418994217104, 0.07538694156849868, 0.07259016106770112, 0.08008158670881817, 0.07457317052853156, 0.08143978518070424, 0.08046398891079246, 0.08333333333333333, 0.08177487165023987, 0.06998946769160798], [0.07404939783457998, 0.07313201439223663, 0.08131637473959827, 0.07142221205215393, 0.07545555406151928, 0.07253304957241871, 0.08026832627780459, 0.07457672653721262, 0.08158350213120208, 0.08064689242961227, 0.08333333333333333, 0.08176048391282514, 0.06992213272550307], [0.07394438804730295, 0.07335924674368488, 0.08203457375236936, 0.07151302556821358, 0.07533645613219198, 0.07267058400882916, 0.07989849088982182, 0.07458524640570523, 0.0812618261970173, 0.08028586495872199, 0.08317597040626733, 0.08184760450045293, 0.07008672238942143], [0.07391527831980256, 0.07342236674567501, 0.08228290897549713, 0.0715520427022053, 0.07528349699401354, 0.07271355976613811, 0.07973220627992603, 0.07457363524348645, 0.0810790821784929, 0.08012308479879635, 0.08333333333333334, 0.08183041014937291, 0.07015859451326045], [0.07382169044305903, 0.07348940865653478, 0.08258989483067138, 0.0714834022294192, 0.07521277851481917, 0.07270950217822697, 0.07964124499032853, 0.07455326265553466, 0.08101308233726046, 0.08005993075352585, 0.08333333333333333, 0.08200561933165892, 0.07008684974562766], [0.07379096895101152, 0.07361410662813092, 0.0829704195978291, 0.07153418594212689, 0.07516264269864012, 0.07278391236952696, 0.0794523764051563, 0.0745629719686973, 0.08079567831771063, 0.0798773788853848, 0.08333333333333331, 0.08195015602712993, 0.07017186887532208], [0.07375537849255413, 0.07378824718607008, 0.08333333333333334, 0.07154611436245116, 0.07514580348966246, 0.07287103757996577, 0.07935384322090036, 0.07461590455157024, 0.08068292187697977, 0.07980156393556799, 0.0828811865033645, 0.0820367106731952, 0.0701879547943851], [0.07372820737087916, 0.07389742780839688, 0.08333333333333334, 0.07152170764053367, 0.07515053320429586, 0.07291483854870001, 0.07934431680839579, 0.07466147947186003, 0.08070148359774564, 0.0798116901632481, 0.08264919514974399, 0.0821386257759243, 0.07014716112694327], [0.07372564824557172, 0.07403917248413323, 0.08333333333333333, 0.07153320857802599, 0.0751736862599099, 0.07299154715116994, 0.0793203594375418, 0.07473077456522491, 0.08070359491081862, 0.07980251123502914, 0.08234289830149807, 0.08215525901794317, 0.07014800647980013], [0.07376789314695534, 0.07423138771859238, 0.08312469523009731, 0.07160556616052392, 0.07523178905284109, 0.07312208352647284, 0.07928959656232773, 0.07484076270670308, 0.08068932855525354, 0.07978334920036259, 0.08201359413410407, 0.08208129814153775, 0.0702186558642284], [0.07375273452240447, 0.0743113367991714, 0.08333333333333333, 0.07160220020478683, 0.07523068898362067, 0.0731597378571121, 0.07924166972875972, 0.07487082376938396, 0.0806681834708171, 0.07976073555420976, 0.08180367046300709, 0.08205521346070849, 0.07020967185268503], [0.07380796954886448, 0.07449210547143136, 0.08305316764541984, 0.07169345866378786, 0.07529092281465342, 0.07329275998864965, 0.07919600363465902, 0.07497720600952044, 0.08063710876754823, 0.07974190958103014, 0.08153161458596125, 0.08197979507600449, 0.07030597821246974], [0.07378195200269795, 0.07458183762983261, 0.08333333333333333, 0.07165309161233145, 0.07530196347939755, 0.07332228510653115, 0.07917545798510611, 0.0750226806874392, 0.0806535960859407, 0.07976027419242002, 0.08123390325499183, 0.08194078260952432, 0.0702388420204538], [0.07390877660732934, 0.07495432162976194, 0.08333333333333334, 0.07184401392183618, 0.07540127998161791, 0.07359487615629753, 0.07899789386655366, 0.07522502559544428, 0.08045084638264491, 0.07961905382973042, 0.08066825328710672, 0.08155448628858859, 0.07044783911975536], [0.07396060015957033, 0.07508532469399874, 0.08333333333333331, 0.07180916524709718, 0.0754746348765306, 0.07365613701780319, 0.07906433575810518, 0.07533322547875902, 0.08049846946396234, 0.07969752495541928, 0.08027488703394971, 0.08145113084318768, 0.07036123113828327], [0.0737722733432848, 0.07466789221854303, 0.08333333333333333, 0.07157850496408683, 0.07536189858714404, 0.07334357232250942, 0.0792545474523297, 0.07510556031274006, 0.08078407194372787, 0.0798948664540099, 0.08085908151165899, 0.08193935317178598, 0.07010504438484606], [0.07402461517030862, 0.07521509217888477, 0.08333333333333333, 0.07182277383196918, 0.0755375759898317, 0.07373489432059, 0.07909541335084022, 0.07543031117698387, 0.08046921838319865, 0.0797084936458289, 0.07996232751230833, 0.08131893835155612, 0.07034701275436626], [0.07412145565577766, 0.07536910705020555, 0.08315485928797232, 0.0718186442992632, 0.07566958466573545, 0.0738299164201121, 0.07922561396988109, 0.07559219218549675, 0.08049184917290149, 0.0798060819982996, 0.07949912784317871, 0.08114226782775494, 0.07027929962342122], [0.07410249146972593, 0.07533481812552932, 0.08333333333333334, 0.0717148262124599, 0.07571777514238076, 0.07378143122300607, 0.07936020760213816, 0.07562697372764246, 0.08057923092344021, 0.07993206186089592, 0.07927590975774963, 0.0811257495858596, 0.07011519103583874], [0.07412585265525765, 0.07531620694507898, 0.08333333333333336, 0.07161415317564065, 0.07584269288210937, 0.07375596520426556, 0.07958907117502095, 0.07572862959205721, 0.08068142180781579, 0.08013013905251697, 0.07888703262103268, 0.08107013354258791, 0.06992536801328322], [0.07424929711908497, 0.07541854608005943, 0.0830781136461388, 0.07164623777956815, 0.07602344675038951, 0.07385166659371459, 0.07975154678555017, 0.07591008564822624, 0.08064161254917301, 0.08022882647708185, 0.07845042899113358, 0.08085591618247273, 0.06989427539740704], [0.07418452915466758, 0.07518787443444867, 0.08294723799134278, 0.07148722277078137, 0.07610935249622242, 0.07369416478696213, 0.08008341732705972, 0.07590163687319407, 0.0809409912413796, 0.08055456968299544, 0.07832118696608498, 0.08093370488355374, 0.0696541113913073], [0.07429566832273676, 0.07307811187700733, 0.0806193719236871, 0.07154231169706532, 0.07563275325072293, 0.07255596257713885, 0.08051175749370354, 0.07464443569077722, 0.08154396094590904, 0.080804139888492, 0.08333333333333333, 0.08141418512579537, 0.07002400787363122], [0.07417927469919959, 0.07317617208474837, 0.08119114777314246, 0.07158967273484247, 0.07550918189537345, 0.07263063405844983, 0.08019206531132822, 0.07462164051060041, 0.08139335176904564, 0.08053100422131058, 0.08333333333333333, 0.08151915012166057, 0.07013337148696501], [0.07421509408837185, 0.07313204047717624, 0.08098698836092917, 0.07156373136632871, 0.07554967015583204, 0.07259639497175442, 0.08031167932974674, 0.07462500411270254, 0.08146481794012665, 0.0806367478087582, 0.08333333333333333, 0.08150110325945188, 0.07008339479548817], [0.07409570190039674, 0.07319661429605673, 0.08139012229305596, 0.07152913624327535, 0.0754582116266181, 0.07260841742928034, 0.0801481431638366, 0.07459919405013805, 0.0814265908056434, 0.0805130400293793, 0.08333333333333333, 0.08163342588858055, 0.07006806894040543], [0.0741587542729089, 0.07330879863645952, 0.08151386955978414, 0.07167757479509157, 0.07547349525625408, 0.07272538233146414, 0.0800044524565122, 0.07464741247290223, 0.08125163842115324, 0.0803582656447938, 0.083112685149752, 0.08150169662379567, 0.07026597437912868], [0.07407090676520482, 0.07340177703813885, 0.08190655086171472, 0.07167569637514004, 0.07540266802149312, 0.07276322822939436, 0.07985185491705096, 0.0746381826083246, 0.08114674429146199, 0.0802145781185353, 0.08302659571971137, 0.08161375842341592, 0.07028745863041401], [0.07409311775003061, 0.07331469033130447, 0.08164097757631841, 0.07161724169960872, 0.07543923615177273, 0.07269857391968503, 0.07999970438640884, 0.07463005807182434, 0.08129527569559747, 0.08036756903010854, 0.08311110019422115, 0.08159760329778419, 0.07019485189533545], [0.07400954790064748, 0.07348122014895546, 0.08224246589429629, 0.0716957317720738, 0.07533350067528974, 0.07280577540289832, 0.07967465625319627, 0.07462347237928961, 0.08097238362463328, 0.0800432114458844, 0.08312145772628286, 0.0816579595488248, 0.0703386172277279], [0.07395850533380503, 0.07351513192101844, 0.08244090494429442, 0.07168191871536081, 0.07527792696780687, 0.07281105024127296, 0.0795654571119153, 0.07459973742356743, 0.08086457440373614, 0.07994300550287836, 0.08333333333333334, 0.08166963746988087, 0.0703388166311301], [0.07393423515202557, 0.07357814778232132, 0.082630894334471, 0.07168232157579478, 0.07525845016856525, 0.07283911647618174, 0.07951515312815796, 0.07460967396243266, 0.08082128868925517, 0.07990454944869951, 0.08314638319383623, 0.08173505972535962, 0.07034472636289944], [0.07390226877608966, 0.07367230531793117, 0.08289704907571975, 0.07170786869277028, 0.07521728499970924, 0.07288981245968042, 0.07938218202804681, 0.07461527468642208, 0.08067614322227185, 0.07978027867317776, 0.08314933415471572, 0.08171774667138641, 0.07039245124207878], [0.0738149924395434, 0.07378131841567102, 0.08333333333333333, 0.07164983376443704, 0.0751577978039358, 0.07291141254472915, 0.0792845904279511, 0.07461704263198925, 0.08058551190612633, 0.07970912117184893, 0.08299961544950306, 0.08182630003014685, 0.07032913008078469], [0.07381222819290192, 0.07387021503637267, 0.08333333333333333, 0.07166590247694916, 0.07516475833275654, 0.0729619581336024, 0.07925802008457923, 0.07465429877413829, 0.08055230514193461, 0.0796924287856491, 0.08282145775178722, 0.0818675737601909, 0.07034552019580459], [0.07380240196535803, 0.07391166925096011, 0.08333333333333334, 0.07165677866940227, 0.07516718651159482, 0.07297867285245184, 0.0792577417804091, 0.07467187848768511, 0.08055173534261746, 0.07969987930257699, 0.08272548135629681, 0.08191315917754324, 0.07033008196977096], [0.07380171090959227, 0.07405890555296707, 0.08333333333333336, 0.07168374856018365, 0.07518353639596848, 0.07306329970678282, 0.07921292353512348, 0.07473719391707405, 0.0805314312591786, 0.07966836220024903, 0.08244218939402408, 0.08192809086619837, 0.07035527436932491], [0.07382461759952809, 0.0742200512441791, 0.08312229964689931, 0.07172807151694068, 0.07522552436865272, 0.07316510493513505, 0.07919443379261047, 0.07482503255559333, 0.08052952430359091, 0.07966113102498734, 0.0821848127831175, 0.08192507458108646, 0.07039432164767911], [0.07381263399017655, 0.07432461742466444, 0.08333333333333334, 0.07173044786630897, 0.07523118246150307, 0.07321785948396604, 0.07914996984030333, 0.07486850938291062, 0.08050448599159142, 0.07962754799833073, 0.08194681989552395, 0.08186268627766939, 0.07038990605371824], [0.07385645718290433, 0.07458675720386511, 0.08333333333333333, 0.07183873259385062, 0.07528135585029326, 0.07339625634732874, 0.07902918086976037, 0.07499737563100123, 0.08041131913792175, 0.07954945585654442, 0.08149525128258707, 0.08171534592635835, 0.0705091787842514], [0.07390249080405979, 0.07481562940493248, 0.08333333333333331, 0.07193579826609137, 0.07533396614774476, 0.07355437046289844, 0.07892951803743867, 0.07511620615588162, 0.08032044395026668, 0.0794818022138857, 0.0811133833010806, 0.0815503441061115, 0.07061271381627486], [0.07393460962670276, 0.07498485872028775, 0.08333333333333333, 0.07190471239499564, 0.07539672659185805, 0.07363340681589084, 0.07894130996722226, 0.07522890428025508, 0.08037346094371352, 0.07954915125940774, 0.08069484017319818, 0.08149101944391059, 0.07053366644922424], [0.07385505300725978, 0.07480332384679982, 0.08333333333333334, 0.0718100207769011, 0.07535002352671244, 0.07350007297303948, 0.07903210580783111, 0.07513174176158145, 0.08047929830629454, 0.07962422411529595, 0.08096962264019068, 0.08168209908832272, 0.07042908081643776], [0.07387429396525125, 0.07467943395924612, 0.0830867538476379, 0.0718467278722136, 0.07532409789291897, 0.07345039046935616, 0.0790520088525299, 0.07506273341941604, 0.08046181906570718, 0.07959903851434542, 0.0813213928050782, 0.08174219454437902, 0.07049911479192038], [0.07380777841612342, 0.07442931209219317, 0.08333333333333331, 0.07172800277025862, 0.07525070075485485, 0.07327059785539121, 0.07913196193078709, 0.07492232083285146, 0.08052592203534055, 0.07964313782849049, 0.08171021007175465, 0.08187344248920021, 0.07037327958942081], [0.07386780784296114, 0.07478836358217121, 0.08323455295463852, 0.07183469090104001, 0.07534809129361023, 0.07350226763827505, 0.07902849769543668, 0.0751227507454865, 0.08046432307977583, 0.07960898019498638, 0.0810474491647957, 0.08168630386747373, 0.07046592103934902], [0.0738101075079216, 0.07466788217474823, 0.0831716811160824, 0.07168463157443034, 0.07534176493551838, 0.07338249940115003, 0.079175208760756, 0.07508246698170996, 0.08066072772803817, 0.07977638367802763, 0.08108372084666997, 0.08189956729952846, 0.07026335799541882], [0.07397505085543594, 0.07508554481602132, 0.08333333333333331, 0.07189510936938649, 0.07544226568634294, 0.07368545734505262, 0.07895510062510436, 0.07530212813579495, 0.08039061511853784, 0.07958442125607566, 0.08044151814517005, 0.0814137211110757, 0.07049573420266861], [0.07404467164579906, 0.07521686380767925, 0.083168708051751, 0.07191939898811066, 0.07551005295285042, 0.07376935883158439, 0.0789975525694362, 0.07540151041954589, 0.08038742115690112, 0.0796114641466605, 0.0801666406937358, 0.08131108248769844, 0.07049527424824711], [0.07410363847875504, 0.07534178859770785, 0.08318150976245084, 0.07191153031550446, 0.07557986242071585, 0.07383833928376549, 0.07905195090933678, 0.07550384753244005, 0.08037873418825883, 0.07964567283925837, 0.07982617177556649, 0.08118899484855736, 0.07044795904768249], [0.07414036601827133, 0.07542593835560425, 0.08333333333333334, 0.07189459974040825, 0.07562743855779712, 0.0738808561865635, 0.07908490072993447, 0.07557526243157901, 0.08035345089396749, 0.07965986615027817, 0.07955826202261018, 0.08106700349534064, 0.07039872208431237], [0.07417562415948865, 0.07547037535122793, 0.08333333333333331, 0.07181724399047568, 0.0757328132919133, 0.07389017955913721, 0.07925284471256358, 0.07568232778301097, 0.08043126426186689, 0.07980407639530195, 0.07919052226219535, 0.08097484263945506, 0.07024455226002994], [0.07424174741279392, 0.07553550211485698, 0.08333333333333333, 0.07176623850664463, 0.07587089140523882, 0.07392711219857616, 0.07942124003510741, 0.07582310100609518, 0.08044981040612315, 0.07992808408173245, 0.0787451582638786, 0.08084438029604804, 0.07011340093957133], [0.07428232831640606, 0.075544861272279, 0.08333333333333334, 0.07172416911510834, 0.07597621982414743, 0.07393524283038602, 0.07956411045386666, 0.07591600321396637, 0.0804718969912895, 0.08003563241207877, 0.07845490897464266, 0.0807491297543011, 0.0700121635081949], [0.07430831141779422, 0.07548011389737153, 0.08333333333333333, 0.07163835184312814, 0.07611509970309366, 0.07389779316853481, 0.07979992328809339, 0.07601188073748746, 0.08060080173506702, 0.08022275078087435, 0.07811100946937533, 0.08063877406792565, 0.0698418565579211], [0.07422448562660615, 0.07517574517256428, 0.08302952460062644, 0.07145972084131917, 0.07621219021956327, 0.07369867160492617, 0.0802102799194489, 0.07598330126881926, 0.08101311329422348, 0.08062794247079084, 0.078031580186193, 0.08075708965831982, 0.06957635513659907], [0.07387905589789945, 0.07449745971489934, 0.08312378991586708, 0.0718595811818943, 0.07527931282329409, 0.07336066783474875, 0.0790658737261324, 0.07496068039974345, 0.08041381998876523, 0.07955459331937613, 0.08173014629916014, 0.0817301218843392, 0.07054489701388052], [0.07385689132222235, 0.07431613287858257, 0.08333333333333333, 0.07182091465943234, 0.07523041299128579, 0.0732502847604437, 0.07908660300628084, 0.0748598476679731, 0.08039288311699214, 0.07954439863641977, 0.08203675269380281, 0.08175329331700769, 0.07051825161622352], [0.07387853269926925, 0.07417519739756286, 0.0831400708370989, 0.07182665162968738, 0.07522423761880123, 0.07318316048521721, 0.07913309035322777, 0.07480231174097095, 0.08041616166053595, 0.07957654149331533, 0.08233323664567743, 0.08177501140404535, 0.07053579603459052], [0.07385873890908658, 0.07407857183764756, 0.08333333333333333, 0.07179495444981762, 0.07519355101659071, 0.07311944057230224, 0.07913157341962028, 0.07474632386863153, 0.08040090395092213, 0.07956764161937158, 0.0825218675365859, 0.08174615483031904, 0.07050694465577141], [0.07385695977155973, 0.07393784695776993, 0.08333333333333333, 0.07176813412316152, 0.0751748822567416, 0.07303782700161851, 0.07916319108258393, 0.07468215492412215, 0.08042543852458568, 0.07958549862978725, 0.08284702605790042, 0.08170544463137952, 0.07048226270545636], [0.07389103449554543, 0.07375799935924242, 0.08300863975280696, 0.07175852894455195, 0.07518637155999064, 0.07294816456409745, 0.07924446423291825, 0.07462382775290531, 0.08051355483361534, 0.07964295964812451, 0.08333333333333331, 0.08161958827839036, 0.07047153324447784], [0.07393814350273109, 0.07370286680588092, 0.08282044274631294, 0.07178627979180507, 0.07522182581442206, 0.07293727750635974, 0.07930373345027332, 0.07462682519533098, 0.08056770169957071, 0.07968899377094181, 0.08333333333333333, 0.0815734038474923, 0.07049917253554572], [0.07375999351402526, 0.07466443235545848, 0.08333333333333333, 0.07151173921024101, 0.07539165041361254, 0.07332010792530173, 0.07933340907816584, 0.0751316911522899, 0.08088985353505711, 0.08000074416959821, 0.08069996605307307, 0.08196373343179554, 0.06999934582804798], [0.07395086211640675, 0.07505909396417013, 0.08310233611832751, 0.07172972518336326, 0.07552500479220702, 0.07361953197902706, 0.07921431796981607, 0.07536739227593608, 0.08065122821892445, 0.07985433700553257, 0.080152585867416, 0.08154214133963604, 0.070231443169237], [0.07403372152612223, 0.07523355739535488, 0.08333333333333333, 0.07173832098399639, 0.07560770419464011, 0.07372221459515672, 0.0792425663239588, 0.07549899691005789, 0.0805722277764065, 0.07984716808346312, 0.07968313235907686, 0.08128843599363463, 0.0701986205247984], [0.0739675494398243, 0.07363131544524197, 0.08264152879769476, 0.07177677149492391, 0.07525338763233937, 0.07290275830260108, 0.07939365011408654, 0.07462241957558595, 0.08066139942385044, 0.07976992220770644, 0.08333333333333334, 0.08156939030604263, 0.07047657392676934], [0.07402782638167733, 0.07358909052640113, 0.0824357133499913, 0.07180607358527755, 0.07531015036584177, 0.07290154933766996, 0.07948990112218814, 0.07464473070064528, 0.08075121086297538, 0.0798537383675689, 0.08315067974658376, 0.08154159159520373, 0.07049774405797578], [0.07406096788218104, 0.07349464317324123, 0.08216556761818769, 0.07178141964348438, 0.0753446153017497, 0.07284764008841116, 0.07959847397261813, 0.07463226446826854, 0.08085373792182826, 0.07994781370207664, 0.08333333333333333, 0.08148622564737006, 0.07045329724724979], [0.07413666831963847, 0.07343168613009299, 0.08187855266886417, 0.0717957596037518, 0.07540343326601193, 0.07282611278637534, 0.07970829741521183, 0.07464518761830785, 0.08094057100758917, 0.08005590677577275, 0.08333333333333331, 0.08139140947809567, 0.07045308159695458], [0.07421145084874085, 0.07338397599387837, 0.0816174375807746, 0.07180863110968701, 0.07547029022120504, 0.07281551563793576, 0.07984252526936984, 0.07466955088903547, 0.08104096448973462, 0.08017938846742084, 0.08319880489332371, 0.08131420737116829, 0.07044725722772552], [0.07421212909431717, 0.07332829301628972, 0.08149109374296984, 0.07176766727741721, 0.07547746966932946, 0.07277290274300822, 0.07990883574260015, 0.07465374558549936, 0.08109647376064223, 0.0802414473368732, 0.08333333333333333, 0.08132774497502644, 0.0703888637226936], [0.07423992538447824, 0.07326998161634478, 0.0812938679840584, 0.07173826999902815, 0.07551077229995658, 0.07273725027886573, 0.08001822661234159, 0.07465357566018081, 0.08117892458964776, 0.08034166113789391, 0.08333333333333331, 0.08134739176031423, 0.07033681934355636], [0.07429630978877014, 0.07324830109594893, 0.08109494714822031, 0.07174329325300513, 0.07556788926244051, 0.07273181826143935, 0.08013676993589437, 0.07467833323063361, 0.08125656114159158, 0.08044747777264853, 0.08312237597802756, 0.08135285207203011, 0.07032307105935015], [0.07437391319507711, 0.07321177333103426, 0.08080822812911458, 0.07175289391430069, 0.07563029245465809, 0.07271223616545326, 0.08025452904290034, 0.07469202982329629, 0.08127846539046503, 0.08053547834056343, 0.08317379739729229, 0.08126250500442993, 0.07031385781141486], [0.07442306462970268, 0.07315308289249726, 0.08053014754070714, 0.07172048239753359, 0.07567990362332049, 0.07266423384465456, 0.08038831391240968, 0.07471318592155606, 0.0813151587618538, 0.08064158793239681, 0.08333333333333334, 0.08118615682297037, 0.07025134838706434], [0.07430886151431226, 0.07314476737464033, 0.08079177224854225, 0.07163979292497413, 0.07560591281428912, 0.07263078175419489, 0.08033861307648409, 0.07465440760287322, 0.0813942481260279, 0.08063232101401281, 0.08333333333333331, 0.08135758343072211, 0.07016760478559336], [0.07392674426571019, 0.07500950284304565, 0.08333333333333333, 0.07180985153783151, 0.07543860253326265, 0.07361379898582443, 0.07903789266669278, 0.07527671200512229, 0.0805011229902498, 0.07968044615825104, 0.08046996094800724, 0.08152069108388367, 0.07038134064878543], [0.07385956939525351, 0.07486576904743023, 0.08309950309189203, 0.07172852783924417, 0.0754249331404717, 0.07350888187334138, 0.07915697431345038, 0.0752169044600217, 0.08065303892465314, 0.07980066258281301, 0.08067061676254993, 0.08173324995617952, 0.0702813686126993], [0.07388521891066796, 0.07495735582446178, 0.08333333333333333, 0.07151974390375841, 0.07558444044166009, 0.07349794662746807, 0.0794755046915283, 0.07539247996721965, 0.08089334957311363, 0.08012344600920121, 0.07982753637781337, 0.08159246871854586, 0.0699171756212283], [0.07381507303175754, 0.07483856522932354, 0.08333333333333334, 0.07154522917078847, 0.07547616266497997, 0.07343181299195108, 0.07934671762699204, 0.07526056781473994, 0.0808591010188145, 0.08002030050144417, 0.08028886186884203, 0.08178123689373454, 0.07000303785329892], [0.07373186133030224, 0.07434002099321532, 0.08310369426386718, 0.07151920556613955, 0.07526663117331008, 0.0731455548154866, 0.07934523326811489, 0.07491309121432663, 0.08083769949582206, 0.07990791233804931, 0.0815844185369764, 0.08222722249532184, 0.0700774545090679], [0.07373144129864508, 0.07454382634558641, 0.08333333333333334, 0.07149067944518533, 0.07533534801226421, 0.07324423611857063, 0.0793379975953227, 0.07504462522477143, 0.08088884830303902, 0.07997548794585693, 0.08098312734514916, 0.08209254373765915, 0.06999850529461674], [0.07393424120103023, 0.07500132860616236, 0.08314408154694432, 0.07149404232899964, 0.07568378281410977, 0.07352633257485239, 0.07962254718963427, 0.07548888509134846, 0.08096121693583844, 0.0802515432860004, 0.07952840196823727, 0.08152364919328639, 0.06983994726355616], [0.07392833745292895, 0.07493350525792035, 0.08333333333333333, 0.07135626739829332, 0.07579732787608526, 0.0734611473912832, 0.07988699990965002, 0.07556522744619158, 0.0810934086891822, 0.0804908142393373, 0.07909876749060916, 0.08144945141852077, 0.06960541209666454], [0.07435507870152605, 0.07541036690430011, 0.08333333333333334, 0.07157171852618255, 0.07628377301779875, 0.07387247713473416, 0.08004523348599711, 0.0761287279987561, 0.08076817075788774, 0.08039245024265158, 0.077710228605462, 0.08044053354407904, 0.06968790774729158], [0.07438772410123552, 0.07557006331329959, 0.08333333333333334, 0.07168018567417522, 0.07620224182394672, 0.07397550226905465, 0.07981106041516052, 0.07611559396163131, 0.08056085882918188, 0.08018608746445988, 0.07786209957799345, 0.08045508211037347, 0.06986016712615453], [0.07369394747245697, 0.07325764565601572, 0.08120758501672841, 0.07085671397099359, 0.0754293336558805, 0.07237627159040452, 0.0807620663860371, 0.07465071451213837, 0.08241830151844583, 0.08133373847635655, 0.08154104142959911, 0.08333333333333334, 0.06913930698161008], [0.07371708483191002, 0.0732737828765337, 0.0815235108984372, 0.07096774658568124, 0.07538353657071535, 0.07242119351678346, 0.08056985426261813, 0.0746171369431829, 0.0821837254415041, 0.08110496783639537, 0.08194054644256832, 0.082985812175173, 0.06931110161849716], [0.07370489356294944, 0.07338037985309281, 0.0817871197695159, 0.07102802700187316, 0.07534945576064268, 0.07249497250797733, 0.08039927751158402, 0.07463318238141586, 0.08196671877638878, 0.08093502603654966, 0.08198564343213911, 0.08293156201233491, 0.0694037413935362], [0.07367360797849183, 0.073433708196362, 0.08205034936182669, 0.07106108871013565, 0.07529066737757793, 0.0725251564215019, 0.08022318388905317, 0.0746099373810762, 0.08176279010270751, 0.08075148516174134, 0.0821302275632419, 0.08301825591857687, 0.06946954193770717], [0.0736003030329552, 0.07354781310767826, 0.08222294224842772, 0.07102149475201801, 0.07523906273587369, 0.07255780439983703, 0.08008590641889057, 0.0746204298744003, 0.08166443129835402, 0.08063311265982451, 0.08204554425864093, 0.08333333333333333, 0.06942782187976639], [0.07362478164905976, 0.0737157025855772, 0.0821916347742969, 0.0710640516069572, 0.07528791084887874, 0.07266375245096907, 0.080060170972585, 0.07471802851227104, 0.08165122198585442, 0.08062106041651876, 0.08178512353946377, 0.08315487756963626, 0.06946168308793206], [0.07362350760362585, 0.07377150648712394, 0.08191712167936527, 0.07097937302795304, 0.07536520512819304, 0.07267024336794348, 0.08021616162303973, 0.07480296036162136, 0.08191712167936527, 0.08083850008275532, 0.08125423152554939, 0.08333333333333334, 0.06931073410013103], [0.07369107459917641, 0.07364359959258124, 0.08140607396290797, 0.07087353734365194, 0.07551926094682722, 0.07259156391815634, 0.08065307158434566, 0.07487347798487716, 0.08245288179324106, 0.08131838847514863, 0.08072846167598681, 0.08313726262206325, 0.06911134550103633], [0.07369414837170918, 0.07338319315738356, 0.08104918877234163, 0.07077579450630916, 0.07552934312009214, 0.07242501370803273, 0.08092810596075019, 0.07478173126815026, 0.0826865835174514, 0.08155434148435199, 0.08087616984537128, 0.08333333333333333, 0.06898305295472315], [0.07370765149604004, 0.07328250422778462, 0.0808669928840554, 0.07078940283665731, 0.07550983730928974, 0.072374191966729, 0.08095955793600716, 0.07472296934666688, 0.08271205859531951, 0.08156745400594488, 0.08115985061259462, 0.08333333333333336, 0.06901419544957771], [0.07368088836168243, 0.07338035823219448, 0.08128147438151641, 0.07086959822256708, 0.07543534547478166, 0.07244674973209295, 0.08069077235122171, 0.07470648895640011, 0.08239221856914061, 0.08128147438151641, 0.08135163171800859, 0.08333333333333333, 0.06914966628554423], [0.07369692746345971, 0.0733217481940216, 0.08140955793696848, 0.07091513803747936, 0.07540752518474768, 0.07242948898549531, 0.08063830849411958, 0.07465823431036149, 0.08227616102722946, 0.08120275345449755, 0.08165157672665328, 0.08316605562174842, 0.06922652456321796], [0.07366947277650661, 0.07352017071861809, 0.08176861628340676, 0.07098841594586551, 0.07536321233152402, 0.07254998390045311, 0.08038340626137443, 0.07470082374392915, 0.08202009165565045, 0.0809522726034273, 0.08164486406648139, 0.08310163551005074, 0.06933703420271226], [0.07368021238288963, 0.07362705366181123, 0.08155930999658434, 0.07096027049621885, 0.07543001811978706, 0.07260194390503637, 0.08046299203406254, 0.07479380208269334, 0.08214403371790309, 0.08105654723241247, 0.0812511817447632, 0.08316499610948869, 0.06926763851634915], [0.07366249349563013, 0.07353067438801543, 0.08154231872386047, 0.07093165445614026, 0.07539920517165227, 0.07253885261336186, 0.08048358993236915, 0.07473545923212217, 0.08215740963305943, 0.08107129053645114, 0.08137034488106004, 0.08333333333333334, 0.06924337360294443], [0.07372183711023814, 0.07357966056095361, 0.08130702928578501, 0.07093112764426755, 0.07550477784657347, 0.07257941101201365, 0.08065920919442952, 0.07483159258495328, 0.08237334813798022, 0.08126552124138808, 0.08102140178528768, 0.08302370211644815, 0.06920138147968154], [0.07367814862571277, 0.07345675472280269, 0.08178767363211278, 0.0709961801271774, 0.07535358511456128, 0.07252050438730909, 0.08039423528789727, 0.0746683494154294, 0.08200879532500456, 0.0809515799073109, 0.0817537168112214, 0.08307614472903631, 0.06935433191442417], [0.07364693348042478, 0.07365175344681203, 0.08200401343141435, 0.07104019648788851, 0.07532350820928094, 0.0726284571402655, 0.080188444700225, 0.07472023217652336, 0.08179951267405883, 0.08075374998900857, 0.08173342646428547, 0.08309153480175395, 0.0694182369980588], [0.07363233643902684, 0.07370040514834582, 0.08184281102069597, 0.07098179739955619, 0.07535855562980258, 0.07263515478451413, 0.08025652757736615, 0.07476952347738539, 0.08192542476581129, 0.08084760263466129, 0.08139605638959958, 0.08333333333333333, 0.06932047139990138], [0.07365540364398043, 0.07371090423550614, 0.08154911790192419, 0.07088963687241719, 0.07546871419473626, 0.07262265169133755, 0.08049462350931659, 0.07486227725541243, 0.082278943326196, 0.0811650763256782, 0.08082026163716721, 0.08333333333333333, 0.06914905607299442], [0.07365758798917568, 0.07383719351331842, 0.08185234732328361, 0.07098034242905221, 0.07543423741368782, 0.07271379867223371, 0.08029360715189272, 0.07487960205340177, 0.08203811521326503, 0.08095662751800374, 0.08097951361754312, 0.08309401154351545, 0.06928301556162669], [0.07361667936719705, 0.07351276481385229, 0.08204762637020283, 0.07099417018989693, 0.07527572978064306, 0.07253542946727876, 0.08020110054117391, 0.07463485841986198, 0.08180086088096013, 0.08075541731803795, 0.08191446519802112, 0.08333333333333334, 0.06937756431954081], [0.07360982168883798, 0.07375235241008798, 0.08211717829859436, 0.07102865916913888, 0.0753013489518831, 0.0726700375294632, 0.08008158275106328, 0.07474496135500448, 0.08171351672751462, 0.0806590885785552, 0.08158325083051053, 0.08333333333333333, 0.06940486837601306], [0.07363079213075038, 0.07386711372804461, 0.08211529273319632, 0.0710446986597073, 0.07535079103399085, 0.07274014342075069, 0.08008632503741764, 0.07482502229440001, 0.08176763445544752, 0.08070973685242497, 0.08130944727390867, 0.08314994050199635, 0.06940306187796479], [0.07382933072972409, 0.07293208704522364, 0.08031840271774958, 0.07070856858718869, 0.07565295389112463, 0.07217730467911755, 0.08151611694623329, 0.07467694717336514, 0.08333333333333334, 0.08206639125606756, 0.08145332853481056, 0.08247320892396459, 0.06886202618209739], [0.07379381151931348, 0.07304193157869357, 0.08057652532713938, 0.07068562260286633, 0.07565111646724258, 0.07222659669149287, 0.08147593776864723, 0.07472566289696253, 0.08305783311104308, 0.08208423050996917, 0.0811892661115672, 0.0826647135793134, 0.06882675183574914], [0.07372428902408129, 0.07320292448651616, 0.08099824959908686, 0.07062412319259155, 0.07564242409567387, 0.07228825120145556, 0.08136303222503768, 0.07479669252971013, 0.08312455148997791, 0.0820223714511448, 0.08070339580511426, 0.08277300200247352, 0.06873669289713635], [0.07374348174336816, 0.07336410333983664, 0.0813921758392508, 0.07059039056211418, 0.07574735005670698, 0.07237620819844984, 0.08137760461141824, 0.07494664010641701, 0.08311731683655482, 0.08217021645678378, 0.08010997547319672, 0.08242229988067833, 0.06864223689522439], [0.07395307863095585, 0.07328429186938033, 0.08113790061410246, 0.07052663128650331, 0.07610487991916626, 0.07236292226226472, 0.08197649980302472, 0.0751736097353459, 0.08333333333333333, 0.08289186155257536, 0.0794105584249416, 0.08142005919187628, 0.06842437337652985], [0.07418279310636931, 0.07308475653167365, 0.08039733664115836, 0.0706259277725145, 0.07629988282596517, 0.07229233905972365, 0.08266217419839476, 0.07517700893415451, 0.08280952696952305, 0.08333333333333333, 0.07961214643030076, 0.08101850070615464, 0.06850427349073428], [0.07418712418703585, 0.07288937834608647, 0.07996333231961769, 0.07066271956197344, 0.07619315474689323, 0.07217061589474429, 0.08278522026578415, 0.07498647290601501, 0.08291375357154687, 0.08333333333333334, 0.08021916467988889, 0.08109278212180421, 0.0686029480652766], [0.07411175043989536, 0.07286043205683623, 0.0799354183295623, 0.07074407664223202, 0.07600634972593914, 0.07216955862270036, 0.08228647334044807, 0.07484730204037375, 0.08302732062301593, 0.08278604307812451, 0.08091417676528988, 0.08152573054521475, 0.06878536779036758], [0.07389215382921477, 0.07287608450012106, 0.08022937083730114, 0.07069368464020596, 0.07574153212554643, 0.07215403596131457, 0.08174396977890515, 0.07471236344554645, 0.08333333333333331, 0.08227297591192743, 0.08133012447023483, 0.0822098493362271, 0.06881052183012162], [0.07383320430740237, 0.07300125846580588, 0.0805264373539781, 0.07067168150063885, 0.07571014933286657, 0.07220777330607502, 0.08163433229093472, 0.07475003386146592, 0.08303892857729281, 0.08224363562446396, 0.0811204371682274, 0.08247510835023887, 0.06878701986060971], [0.07376057457198508, 0.0730792395919234, 0.08083925488492964, 0.07056904019919011, 0.07570518577114004, 0.07221093351110694, 0.08161544985126556, 0.07479145504714552, 0.08333333333333334, 0.08228510936584825, 0.08069813113459602, 0.08247056261091179, 0.06864173012662438], [0.07374906165486847, 0.07315107911408321, 0.08100874144979599, 0.07055399963229636, 0.07572148887141085, 0.0722458965146846, 0.08157942171494195, 0.07483658177551872, 0.08333333333333334, 0.08225870000526794, 0.08048727302811713, 0.08246311538304649, 0.06861130752263499], [0.07380980494539514, 0.07312961567887903, 0.08098914708066414, 0.07052583601082471, 0.07583231730798953, 0.0722397822835381, 0.08180214425565865, 0.07490817525754702, 0.08333333333333333, 0.08251998633925173, 0.0802444120944919, 0.0821336258486, 0.06853181956382666], [0.07394589683780335, 0.07294360997554719, 0.08042415960383172, 0.07064410422316021, 0.0758853405939674, 0.07218803162862436, 0.08206148833818529, 0.07484489396816216, 0.08293484439300951, 0.08268473603577643, 0.08078063884862736, 0.0819760663461614, 0.06868618920714349], [0.07399883598405349, 0.07287883991128179, 0.08027691572124895, 0.07055952130252614, 0.076003088