[[0.07662627868366374, 0.08197340941513159, 0.07448905532592416, 0.07305371148384054, 0.08117770700042941, 0.0744022889041881, 0.08108444469458237, 0.08312666215427456, 0.07282421995731661, 0.07185374553386466, 0.07176425978932334, 0.08210537068908945, 0.0755188463683715], [0.07653198591483144, 0.08183542553695686, 0.0745184899174113, 0.07306955746363994, 0.08146499531843035, 0.07440315665068942, 0.08091195436578749, 0.08318981590130732, 0.072808740090803, 0.07185305240230747, 0.07175682845489356, 0.08221273267747682, 0.07544326530546494], [0.07643919871637694, 0.08164177585100797, 0.07456379075538186, 0.07310410138434187, 0.08180871827723671, 0.0744159449472275, 0.08069994495451617, 0.08324470959149158, 0.07280814868510843, 0.07187243545519607, 0.0717687744523155, 0.08226710124038968, 0.07536535568940961], [0.07638631876818387, 0.08150690513920783, 0.07462928887152903, 0.07315173009378519, 0.08208741262122521, 0.0744501067594058, 0.08055260701912181, 0.08311152557159172, 0.0728204122436581, 0.07189779855693754, 0.0717856301028061, 0.08230172546119534, 0.0753185387913525], [0.07630840248686233, 0.08132810469320381, 0.07469202311544652, 0.07319426448980557, 0.08241595675954795, 0.07447300799409307, 0.08035762218900477, 0.08319875642439933, 0.07282262444621669, 0.07191642424602682, 0.07179519645598419, 0.08224729777464722, 0.07525031892476194], [0.07627671739907214, 0.08125066951262183, 0.07476072026648978, 0.07323743935408136, 0.08263470566978684, 0.07450991306303607, 0.08025603853701986, 0.08306644073460609, 0.07282869052663257, 0.0719282244114122, 0.07179760008645601, 0.08223572220970249, 0.07521711822908275], [0.07621203278475991, 0.08118596508409108, 0.07483081115113202, 0.07323733653252607, 0.08284897335329078, 0.07452537016021145, 0.08013939993934796, 0.08333333333333333, 0.07275719092378227, 0.07184720870834994, 0.07169684236759238, 0.08225841401640908, 0.07512712164517367], [0.07620570697088194, 0.08109008450702013, 0.07497858468603068, 0.07333263104775765, 0.08307932981319083, 0.07462095179574353, 0.0800221993199025, 0.08298446246459902, 0.0727862359451133, 0.07187730288641088, 0.0717089550274652, 0.08220420088620792, 0.07510935464967639], [0.07622885958677418, 0.08108295761508985, 0.07511352933186713, 0.07339503220551968, 0.08311409708830501, 0.07470765780579543, 0.07998811677159379, 0.08263982566998085, 0.07277932005432865, 0.07185391252406816, 0.07166518934987004, 0.08233032641621654, 0.07510117558059068], [0.07627640334956305, 0.08104316433443683, 0.07533538730524564, 0.07352562768520833, 0.08313794410837907, 0.07486216036889771, 0.07989816541379638, 0.0821445314532848, 0.07281544298440581, 0.0718740419165199, 0.071657912282656, 0.08231403195969918, 0.07511518683790738], [0.07635583604956156, 0.08102679592188376, 0.07557523614761101, 0.07366634780598932, 0.0831047577405573, 0.07503694102025639, 0.07982515822723825, 0.08162121189490777, 0.07286030364467017, 0.07189558262069597, 0.07165087737156907, 0.08222668675056925, 0.07515426480449017], [0.07640230883950494, 0.08088299210388993, 0.07579142703143298, 0.07382198569784183, 0.08315320722412675, 0.07519760890441608, 0.07967942700579862, 0.08123112582261911, 0.07294218572168282, 0.07197432640688985, 0.07171372797679229, 0.08202068656244843, 0.07518899070255632], [0.07651081970783363, 0.0809099365997121, 0.07596152753212661, 0.07390166557231573, 0.08313482336188961, 0.0753302629357187, 0.0796887357064205, 0.08080464891419187, 0.07295360080942481, 0.07194909458263414, 0.07167034930482657, 0.08193723982162626, 0.07524729515127951], [0.07658774850660244, 0.08091580253344359, 0.07606336952618327, 0.07393501961554186, 0.08333333333333334, 0.07540950865367121, 0.07971740305104057, 0.0804791659677559, 0.07293995418363228, 0.07190376675674379, 0.07161160918517023, 0.08182086347145905, 0.07528245521542255], [0.07675478475091829, 0.08100150163473971, 0.07618401868639124, 0.07399450938954734, 0.08297778694584068, 0.07552966413507001, 0.07989975131128307, 0.08011861438763081, 0.07296888264687883, 0.07189080850601184, 0.07158638246841728, 0.08169677923009758, 0.07539651590717328], [0.07684971846019233, 0.08111102034380187, 0.0761591643754295, 0.07392347754607995, 0.08333333333333334, 0.07552399553843411, 0.08008250988274217, 0.07985266693624304, 0.0728910888953413, 0.07176723646785164, 0.07145463996360973, 0.0816160343421001, 0.07543511391484102], [0.07704113364115356, 0.08128057784131644, 0.07618973808815392, 0.07392458393170487, 0.08298854006593168, 0.07559225904031108, 0.08033951147434502, 0.07949848773250741, 0.0728981109906554, 0.07172663202833884, 0.07140712309107818, 0.08154508156028942, 0.07556822051421412], [0.07719131969583776, 0.08155981671346256, 0.07604409674656183, 0.07377299493145482, 0.08333333333333334, 0.07552091128177522, 0.08068074492937413, 0.07917665022616156, 0.07278970655158325, 0.0715590366538309, 0.07123768721492096, 0.08148570713307848, 0.07564799458862534], [0.07672070986328033, 0.08192333265798508, 0.0744308027632112, 0.07305794122992211, 0.08086930875803498, 0.07439116566585878, 0.08116531478149688, 0.08333333333333333, 0.07289555627032938, 0.07193029995908053, 0.07185933644727956, 0.08180650505564688, 0.07561639321454082], [0.07660248538392171, 0.08180596818102244, 0.07446989906484518, 0.07307522766900222, 0.08122728529595116, 0.07439272641094152, 0.08096323195924417, 0.08333333333333333, 0.0728704346447369, 0.07192201520673613, 0.07184165735588331, 0.08197653633883019, 0.07551919915555161], [0.07654543816883304, 0.08171782317005158, 0.0745062421606319, 0.07310320257010997, 0.08143595718575435, 0.07440827705473965, 0.08084754679895936, 0.08324431586768528, 0.07287531451131021, 0.07193876893135571, 0.07185338825718536, 0.08204682319569459, 0.07547690212768887], [0.07641952431951886, 0.08157080133590126, 0.0745625016530557, 0.07311513879962529, 0.08185955606878692, 0.07441447455121789, 0.08064115222753518, 0.08333333333333334, 0.07282339278412865, 0.07189698694934508, 0.07179542711514011, 0.08221029139861895, 0.0753574194637929], [0.07651177851979318, 0.08172168298646697, 0.07450804177539956, 0.07308537264209411, 0.08151321518968978, 0.07439757020136609, 0.08082612402067624, 0.08333333333333336, 0.07283900768068326, 0.07189870430208574, 0.07180805557770557, 0.0821172180349302, 0.07543989573577613], [0.07636429752186814, 0.08140193540644562, 0.07465280049151102, 0.07318817497503774, 0.08219596132782693, 0.07446727313700421, 0.08046242868067938, 0.08309114624448806, 0.07285641320020929, 0.07194849643472899, 0.07183751876779373, 0.08222040472219615, 0.07531314909021093], [0.07629353157210976, 0.08124073836512348, 0.07468068271858305, 0.07320961003902682, 0.08242665649680063, 0.07446950159883763, 0.08029910896679422, 0.08333333333333333, 0.07285424150086528, 0.07196151924085119, 0.07184591681574565, 0.08213056666992745, 0.07525459268200145], [0.07626808287175205, 0.08121057824565543, 0.07477738741762481, 0.07325549030226, 0.08269428634116964, 0.07452113999423213, 0.080218459201712, 0.08303679263657852, 0.07284220891409535, 0.0719468831250663, 0.07181549317845722, 0.08219977699103505, 0.07521342078036154], [0.07618466794501823, 0.08102552531591876, 0.07483281327811926, 0.07328513699064473, 0.08301929016566297, 0.0745352990628153, 0.08002244414582944, 0.08333333333333334, 0.07282703920806338, 0.07194421359160663, 0.07180213692081656, 0.08205261317050097, 0.07513548687167057], [0.07619005113586749, 0.08095759214149145, 0.07499988010670479, 0.07339188315177736, 0.08314916285956919, 0.07464590808458674, 0.07992336515450074, 0.0829426874556951, 0.0728603932976723, 0.07197598745392482, 0.07181365029064242, 0.0820246370901604, 0.07512480177740716], [0.07618664193793986, 0.08095827709660569, 0.0750801444459122, 0.0734091976937425, 0.08333333333333334, 0.07468675831888084, 0.0798944848319383, 0.0827411967203756, 0.07282097692988469, 0.0719204118863759, 0.07174135587209528, 0.08213452350952939, 0.0750926974233865], [0.07620974261216186, 0.08093439844750984, 0.07520070893265922, 0.07347314139232922, 0.08333333333333333, 0.07476749477862803, 0.07985707901564347, 0.08247574646620136, 0.07282853963379575, 0.07191656919941548, 0.07172105511395227, 0.08218903205385672, 0.07509315902051342], [0.07623787751786142, 0.08091380426589757, 0.07533649687841654, 0.07355436089308719, 0.08333333333333333, 0.074862160391863, 0.07980058977940553, 0.08218595225344362, 0.07285248538893772, 0.07193143452961905, 0.07171934811464338, 0.08217021113509687, 0.07510194551839477], [0.07625758628026937, 0.08089135855346143, 0.07542554489601004, 0.07361207168936625, 0.08333333333333334, 0.07492608279479356, 0.07975799259094411, 0.08200657190240807, 0.07287567792757117, 0.07195045399252131, 0.07172845258530282, 0.08212297994500224, 0.07511189350901641], [0.07628684891569819, 0.08084352339472033, 0.07555248263535964, 0.07369911470725449, 0.08333333333333333, 0.07501913086315733, 0.07969147873295276, 0.0817641732542803, 0.07291673884672972, 0.0719874972414781, 0.07175237481697072, 0.08202286126203957, 0.0751304419960255], [0.07632870116642278, 0.08085404277123195, 0.07566029273311982, 0.07375096546547505, 0.08333333333333334, 0.07509582768503038, 0.07967364202189922, 0.08151207206728316, 0.0729203461875375, 0.07197382673541992, 0.07172558647747392, 0.08202524883602459, 0.07514611451974845], [0.0763911816703975, 0.08065140868287406, 0.0759494462001908, 0.07396737881356175, 0.08333333333333333, 0.0753133180528515, 0.0794772596247931, 0.08100907413078459, 0.07304291225468093, 0.0720956864387491, 0.07182933882056894, 0.08174097089278345, 0.07519869108443082], [0.07649360663413637, 0.08069246650505445, 0.07609595019660477, 0.0740359950359057, 0.08318865806566245, 0.07542973321910539, 0.07950385238963846, 0.08067896688838826, 0.0730553672199477, 0.07207509649789211, 0.07179345114966688, 0.08169980616189286, 0.07525705003610467], [0.07642514975007245, 0.08096306998096814, 0.07577584218801302, 0.0737895910461924, 0.08312895177212716, 0.07518636326262816, 0.07974351893510354, 0.08119954472530357, 0.07290793012292819, 0.07192528989379883, 0.07166231369349246, 0.08209854241598775, 0.07519389221338421], [0.07657155509937365, 0.08066804169323366, 0.07622679093811856, 0.07411546343667438, 0.08306100678744907, 0.07553620150015364, 0.07951808961068899, 0.08041571615557276, 0.07309246059121462, 0.07209362803208914, 0.07180122151418122, 0.08158986752115006, 0.07530995712010008], [0.07667905265623996, 0.08067546464525367, 0.07634288212529254, 0.07414033252893858, 0.08333333333333333, 0.07562889808385428, 0.07961747769990303, 0.08000902927801229, 0.07306074795219962, 0.07201532304108672, 0.07170559658287354, 0.08143365217008545, 0.075358209902927], [0.07678695870232802, 0.08077316315246641, 0.07637826805557818, 0.07414688611223592, 0.0830492657751828, 0.07567702728372282, 0.07976534852124532, 0.07985109315984011, 0.07306297000772154, 0.07198900477856471, 0.07167405909696402, 0.08141482411727557, 0.0754311312368746], [0.07691435688530193, 0.08089093763009376, 0.07637621400408429, 0.07408783097123088, 0.08333333333333333, 0.07569541893953279, 0.0799661882066751, 0.07953007795332025, 0.07299215345928152, 0.07186449225890151, 0.07153919271200979, 0.08131740552305593, 0.07549239812317893], [0.07708257156304228, 0.08095429534767143, 0.07646989113882453, 0.07413932923619666, 0.08308983008988148, 0.0758036967313125, 0.08010842625877324, 0.0791645691968444, 0.07302675601435238, 0.0718597801311325, 0.07152469845497578, 0.0811641912446031, 0.07561196459238946], [0.07716619999940141, 0.08123031997364914, 0.07628603014352248, 0.07396487000446465, 0.08333333333333333, 0.07568814227010888, 0.08039561106357823, 0.07906839722786436, 0.07290355049710592, 0.07169340838291749, 0.07136093647367886, 0.08126517972707599, 0.07564402090329922], [0.07670666301069017, 0.08175341621223782, 0.07443464002819504, 0.07310372731765058, 0.08092223444545366, 0.07440273301135308, 0.08106188702758314, 0.08333333333333334, 0.07296412083831355, 0.07202352147349586, 0.07196132144018907, 0.08170240218070593, 0.0756299996807988], [0.07653642392931688, 0.08156787042774283, 0.07450433300553516, 0.07314244413221588, 0.08145595430440071, 0.07441609176450738, 0.08073999863599132, 0.08333333333333334, 0.07293833443292325, 0.07202406762947212, 0.07194737590824922, 0.08190140703772185, 0.07549236545859012], [0.07659729318542492, 0.0816483792592243, 0.07447730653047165, 0.07312532321400077, 0.08126171029372672, 0.07440925686167588, 0.08084907194043568, 0.08333333333333333, 0.07294419016142645, 0.07201970724170602, 0.07194815001796699, 0.08184573872448224, 0.07554053923612504], [0.07649986575174096, 0.08158477570587375, 0.07454350250344081, 0.07314940274288052, 0.08162124585158183, 0.07443164659422344, 0.0807129512122193, 0.08315867013774725, 0.07291057854801193, 0.07199268759971438, 0.07190614237914983, 0.08203519135112507, 0.07545333962229087], [0.07644549139371713, 0.0814149752230383, 0.07455485017364684, 0.07318120858234681, 0.08176169402746507, 0.07443544175221904, 0.08055809912880373, 0.08333333333333334, 0.07294199263768641, 0.07204584563784806, 0.07196138690293939, 0.0819417104333126, 0.07542397077364336], [0.0763861795969322, 0.08130797763225406, 0.07464494124939536, 0.07324173033500712, 0.08210118517148698, 0.07448651789159388, 0.08041735457007262, 0.0830313007609943, 0.07295214527268316, 0.0720671096064297, 0.0719696732610198, 0.08202256402804302, 0.07537132062408781], [0.07642714667805492, 0.08144718192794975, 0.07458194271523624, 0.07318000425476243, 0.08186872904638083, 0.07444573204607775, 0.08055998561199361, 0.08319779655701257, 0.0729142089943592, 0.07201137022567264, 0.07191896120049521, 0.08204861234264205, 0.07539832839936292], [0.07629650870064872, 0.08113790496669833, 0.07468245800369255, 0.07325408955562096, 0.0823863595369185, 0.07448585169470162, 0.08023657829581926, 0.08333333333333333, 0.07292547355029488, 0.07205271828929023, 0.07194596576262055, 0.0819763830375779, 0.07528637527278317], [0.07627511343137285, 0.08105676445665314, 0.07474535413273256, 0.07330613274870676, 0.08256113588667782, 0.07452559896067727, 0.08014511676173379, 0.0831518739684137, 0.07295244648126945, 0.07208948145545878, 0.07197681357954415, 0.08194379705088363, 0.0752703710858761], [0.07625813163853598, 0.08102703499305451, 0.07479696863796892, 0.07333406993165431, 0.08272520516875807, 0.07455343442181796, 0.08009228563238079, 0.0829998025538295, 0.0729507321876896, 0.07208860214655148, 0.07196801983016221, 0.08195791038853326, 0.07524780246906326], [0.07619888399460269, 0.08090461796071907, 0.07484708515293843, 0.07335975913810241, 0.08295406652077522, 0.07456976117006714, 0.07995344192425463, 0.08317338077770063, 0.0729380332173666, 0.07208367896971482, 0.07195357554254654, 0.08187416715703678, 0.07518954847417506], [0.07615907985886938, 0.08084903616225401, 0.07494929482049874, 0.07339310000812621, 0.08333333333333333, 0.07461633816595442, 0.07985323712955475, 0.08302715599115568, 0.07289797926562383, 0.07203530533042775, 0.07188472488355054, 0.0818755995804279, 0.0751258154702235], [0.07616522808306878, 0.0808300948670125, 0.0750235336387962, 0.07343781414945762, 0.08333333333333333, 0.07466549462406673, 0.07981986022123015, 0.08288838569340129, 0.0729091331928495, 0.07204368207478616, 0.07188364185712016, 0.08187734172430963, 0.07512245654056784], [0.07617981841783006, 0.08084019030341308, 0.07507197408055526, 0.07346573417657895, 0.08321877720771838, 0.07469974362292617, 0.07981951978915029, 0.08280573500198232, 0.07291665936602959, 0.07204687876753545, 0.07188083119284296, 0.08192584745711465, 0.07512829061632292], [0.07620347652706284, 0.08080204276416271, 0.0752054470022058, 0.07355171543807361, 0.08309637794183765, 0.07479324830770251, 0.07976828936473991, 0.08256019975866427, 0.0729485696094644, 0.0720739029803792, 0.07189248615067355, 0.0819673332659874, 0.07513691088904631], [0.07620308090987767, 0.0807690518263917, 0.07529862905271234, 0.07358662662346044, 0.08333333333333334, 0.07484654111932577, 0.07971667608145569, 0.08233090449423869, 0.07292751431467195, 0.07204016277522274, 0.07184245777625241, 0.08199203269550624, 0.07511298899755109], [0.07622255071128983, 0.08075039505149757, 0.07540183399494656, 0.07364855226023122, 0.08333333333333333, 0.07491801592928202, 0.07967150552980336, 0.08212482961768322, 0.07294557510421784, 0.07205166845067945, 0.07184130363918666, 0.08197209158967367, 0.07511834478817528], [0.07627767826084698, 0.08065281482532005, 0.07563584136267525, 0.07382758661617474, 0.08312192165261185, 0.07509530505200014, 0.0795483102687031, 0.08173156046463961, 0.07305046123137397, 0.07215788944478932, 0.07192682398423667, 0.08180856747660067, 0.07516523936002778], [0.07629638188349501, 0.08054768118732315, 0.07580032329443483, 0.0739341506349328, 0.08333333333333333, 0.07520935070476939, 0.07942624520152229, 0.08138896032302882, 0.07308979358769545, 0.07219180811701008, 0.0719472241416323, 0.08166458774211317, 0.07517015984870937], [0.07637280838749193, 0.08058191362197474, 0.07596223966947575, 0.07399918958310488, 0.08333333333333333, 0.07532427942268624, 0.07942277943643533, 0.08102721120148786, 0.07307885506652284, 0.07214604070446724, 0.07188237339319375, 0.08167100268621956, 0.07519797349360642], [0.07635044996260719, 0.08068914878715468, 0.07582768089164862, 0.07390084549535002, 0.08324645593979246, 0.07522541494163282, 0.07952594338253319, 0.08127471373771623, 0.07302698623009808, 0.07209467067671485, 0.07183996960057527, 0.08181739864516638, 0.07518032170901003], [0.07628931588985254, 0.08067668228401478, 0.07568496038625472, 0.0738279085922438, 0.08333333333333333, 0.07512110064121054, 0.07954297146192894, 0.08157288702535115, 0.07301381547535678, 0.07210340266204174, 0.07186304097112188, 0.08181904643298898, 0.07515153484430086], [0.07624974456114501, 0.08075874463311704, 0.07549979479802628, 0.07369925763684357, 0.08333333333333334, 0.0749856122465247, 0.07964686943747222, 0.0819197360067183, 0.07295194399863021, 0.07204626859903614, 0.0718227007579676, 0.08196032950555908, 0.0751256644856266], [0.07632847745635678, 0.08067252874729101, 0.07579451802445035, 0.0738836201459504, 0.08333333333333333, 0.07519912726655081, 0.07951643293949316, 0.08133699751497173, 0.07302182325792328, 0.07209581027522469, 0.07184428172286628, 0.0818059594537593, 0.07516708986182888], [0.07635221106399957, 0.08084965675789099, 0.07572012366148222, 0.07378291812086239, 0.08333333333333333, 0.0751395649660896, 0.07965904564578645, 0.08137795702950376, 0.07292752885669726, 0.0719728344834622, 0.07171876349383781, 0.0820088608122361, 0.07515720177481819], [0.07642538559915676, 0.08059170730524305, 0.07605833798072956, 0.07404179964606969, 0.08333333333333334, 0.07539600619985357, 0.07942045489027287, 0.08080905673820794, 0.07308037396805654, 0.07212734369893992, 0.07185311367691712, 0.08164000463252942, 0.07522308233069035], [0.07648585401648844, 0.08058058135144737, 0.07616866179575987, 0.07409852887306208, 0.08333333333333333, 0.07548110783313275, 0.07940645413854076, 0.0805678650713604, 0.07309453380623585, 0.07212187425416876, 0.07183682262761588, 0.08156730449257348, 0.07525707840628103], [0.07659210679240787, 0.08058217025177195, 0.07631761587154116, 0.07419100945268049, 0.08300363314233876, 0.07560740436157716, 0.07946951361489253, 0.08028886183120319, 0.07314373670544257, 0.07214789058688535, 0.07185119657752238, 0.08147189145211636, 0.07533296935962007], [0.07664800667245769, 0.08056070925352526, 0.07640006737091029, 0.07422378681018961, 0.08312005904625934, 0.07567195737875065, 0.07950090907233776, 0.08006173218567014, 0.07314142061931671, 0.07212377316246392, 0.07181735121769402, 0.08136925724345945, 0.07536096996696517], [0.0767788828214361, 0.08063828622919715, 0.07647123033296936, 0.07422926281658479, 0.08307951919938854, 0.07574384320072242, 0.07966106904671087, 0.07976379704112146, 0.07311880426317975, 0.07205575435140338, 0.07173735438449791, 0.08128655798659302, 0.07543563832619536], [0.07693111708514423, 0.08070011490175719, 0.07655261225265698, 0.07424686493715497, 0.08310082555335685, 0.07583147308096318, 0.07981779580801428, 0.07939936062344534, 0.07310937053314302, 0.07199835755835611, 0.0716674884040889, 0.08111591347039349, 0.07552870579152533], [0.07704547319641795, 0.08078841343405112, 0.076580300933181, 0.07424326529385913, 0.08301216246840146, 0.07587674005856498, 0.07995010981270162, 0.079166639946697, 0.07310039079997797, 0.07195563714874785, 0.07161833970248684, 0.08106083129994338, 0.07560169590496957], [0.07716963758546379, 0.08092935822272963, 0.07652505693494156, 0.07415623509572133, 0.08333333333333333, 0.07586202076115045, 0.08015212256585369, 0.07887944521484454, 0.07302267330428848, 0.07182705190073484, 0.07148333831406956, 0.08099626592880185, 0.07566346083806687], [0.07729318610725637, 0.08128053023034879, 0.07631734562095711, 0.07399192923651547, 0.08308989781843688, 0.0757472103583716, 0.08052115318838203, 0.07885225024149295, 0.07293917998843176, 0.07170582811358286, 0.07137055701669634, 0.08114832828653888, 0.07574260379298882], [0.076247581026208, 0.08065730840758747, 0.07553135112845114, 0.07376760832456923, 0.08315011340537357, 0.07502102697845166, 0.07957908228585525, 0.08193154359229053, 0.07303396319018231, 0.07215141977336409, 0.07193321711553352, 0.08184332964870564, 0.07515245512342754], [0.07621620653104896, 0.08065555197565835, 0.07539175266110663, 0.07369394671266273, 0.08315322011627915, 0.07492630696814762, 0.07962296043425647, 0.08220251246938864, 0.07302438784970972, 0.07215658015883655, 0.07195724939571893, 0.08185205067898345, 0.0751472740482027], [0.07619347360323761, 0.08068597024511591, 0.07525519287106124, 0.0736184834675413, 0.08316452354685004, 0.07483483751014343, 0.07967360806697016, 0.08245433327904483, 0.07301172726087012, 0.07215501585837052, 0.07197390083816878, 0.08183175578633461, 0.07514717766629128], [0.07616952884920081, 0.08068685971476908, 0.0751769148237919, 0.07356829934518376, 0.08333333333333334, 0.0747776684946004, 0.07968304714875112, 0.08258007859202322, 0.0729912767709319, 0.07213937336468378, 0.07196693221465945, 0.08179285247509514, 0.07513383487297619], [0.07617648825494451, 0.08072064120399444, 0.07508572978935225, 0.07352947889228202, 0.08315787266232295, 0.07472599803121734, 0.07973807262524803, 0.08278673372396389, 0.0730063184370143, 0.07216315387943145, 0.07200611137002284, 0.0817431651604049, 0.07516023596980118], [0.07617377829638615, 0.08077204847869325, 0.07492158741635042, 0.07343179692428971, 0.08305095385633102, 0.07462050830694333, 0.07982553821766646, 0.08313366089027709, 0.07298615306056665, 0.07214768446244511, 0.07201231991726931, 0.08174620538703464, 0.07517776478574686], [0.07618383489223514, 0.08080288187867737, 0.0748522564089384, 0.0733925301681911, 0.0828862362050331, 0.07457940514717275, 0.07987760261572882, 0.08333333333333334, 0.07298326846670163, 0.07214553503473412, 0.07202015317494519, 0.0817468699530823, 0.0751960927212269], [0.07647826606089388, 0.08105507458199189, 0.07579975404692454, 0.07378046779576063, 0.0830378552367941, 0.07520865636830458, 0.0798165852663589, 0.08107138622379868, 0.0728845784108787, 0.07188002231126793, 0.07161123641848983, 0.08215690702860755, 0.07521921024992868], [0.07655535875125125, 0.08082476764777623, 0.07608901886753665, 0.07399293160787135, 0.08313342893047264, 0.07542988896704927, 0.07962057813398861, 0.08058072255917816, 0.07300511664224123, 0.07199499087957666, 0.071707812680331, 0.08178324033372776, 0.07528214399899928], [0.07664252643423392, 0.08075300570826206, 0.07624711395189006, 0.07407207908438171, 0.08333333333333334, 0.07555281384398367, 0.0796442291133466, 0.08017857976271855, 0.07302158563728874, 0.07198141533649868, 0.07167804063155715, 0.08156599306098868, 0.07532928410151692], [0.07623293409052376, 0.08088342192537655, 0.07481863520176993, 0.07338367543754083, 0.08273247611125098, 0.07457350407061895, 0.07997632192936029, 0.08313212828389319, 0.0730074018216769, 0.07216677349735497, 0.07204990280050845, 0.08179414154814717, 0.07524868328197816], [0.07627347082174109, 0.08095015967066542, 0.07477434363310367, 0.07336438930691164, 0.08255321733717813, 0.07455743849609309, 0.08006604790576954, 0.08308226380916224, 0.07302184774515154, 0.07217800179035339, 0.07206984645315896, 0.08181609621382915, 0.07529287681688207], [0.07630121161252991, 0.08104143495309463, 0.07468839944401602, 0.07330142139493873, 0.08231895042521671, 0.07450552076677441, 0.08017266392857539, 0.08333333333333333, 0.07299813120379696, 0.07214505447551552, 0.07204671220713582, 0.08182791989734804, 0.07531924635772455], [0.07637674355450919, 0.08113650616750964, 0.07466022860245268, 0.07331035135674695, 0.08207507618727175, 0.07451361507405971, 0.08029232993605379, 0.08307674283017195, 0.07304857471452242, 0.07219304999977363, 0.07210579761172888, 0.08180876878502596, 0.07540221518017345], [0.0764282274199074, 0.08123028115559211, 0.0745997442350896, 0.07326532699642425, 0.08184687783960976, 0.07447931933341376, 0.08040518965124416, 0.08321679330552793, 0.07303649920099145, 0.07217031332401296, 0.07209128991631883, 0.08178951622018667, 0.07544062140168113], [0.0764496603087324, 0.08128680424317987, 0.07456581246053977, 0.0732328693226298, 0.0817406000484638, 0.07445647761327356, 0.08046803045873296, 0.08333333333333334, 0.07301653703153556, 0.07214201613892852, 0.0720657501287161, 0.08179025319407472, 0.07545185571785977], [0.07649990635472666, 0.08137188737743713, 0.07453492906539298, 0.0732085569834723, 0.08157489462488902, 0.07444335227665941, 0.08056908425783593, 0.08333333333333333, 0.07301255264225957, 0.07212766451302864, 0.07205597341175754, 0.08177859140399177, 0.07548927375521572], [0.07656922275677142, 0.0814543379405103, 0.07452528822522102, 0.07321030767292773, 0.08140343616771302, 0.07445269170743316, 0.08067749400847035, 0.08315189336488191, 0.07303637505005588, 0.07214348136958183, 0.07207684927291748, 0.08175010249641064, 0.07554851996710528], [0.07664707616655833, 0.08149850875717521, 0.07448365764045711, 0.0731965579975417, 0.08113864270512823, 0.07444242573999993, 0.0808199555803143, 0.08319646264751991, 0.07306299915358415, 0.07216353304985657, 0.07210714323122891, 0.08162548301639648, 0.07561755431423929], [0.07673782036156356, 0.08156316802672532, 0.07445974933838863, 0.07319217901710932, 0.08088554726878427, 0.07444687761672192, 0.08098215617750364, 0.0831091342424469, 0.07309215601883902, 0.0721821879726007, 0.07213357678038779, 0.08151994890179605, 0.07569549827713301], [0.0766481785300195, 0.08160395410072656, 0.07445928770235699, 0.07314496824506111, 0.08110231563821427, 0.07441534054057578, 0.08089404915886107, 0.08333333333333334, 0.07300001390967854, 0.07208255904482132, 0.07202139829508493, 0.08169631646275798, 0.07559828503850868], [0.07643948010809451, 0.08069242197709704, 0.07600982902673607, 0.07398229759187148, 0.08333333333333333, 0.07535882849789441, 0.07950399871534643, 0.0808410382487981, 0.07302825888683787, 0.072059847611371, 0.07178499254503674, 0.08174651715795797, 0.07521915629962493], [0.07642450276272844, 0.08082676249019523, 0.07588434216261573, 0.07387390187224811, 0.08333333333333331, 0.07526301074771514, 0.07962011572667901, 0.08101657041911214, 0.07295431130176257, 0.07197714613929354, 0.07170773516820182, 0.08192186763701495, 0.07519640023909979], [0.07668565835449635, 0.08104935928015304, 0.0760801211173105, 0.07392517133826451, 0.08305268169640616, 0.07544060390010358, 0.07987881896092536, 0.08033632247276506, 0.07292889835085922, 0.07186422349028714, 0.07156749127625711, 0.08184511532655968, 0.07534553443561219], [0.07654035777145751, 0.0810127143496485, 0.0759300800037869, 0.0738393210066025, 0.08333333333333334, 0.07530486542399152, 0.07977296640504243, 0.08071186492653103, 0.07288544608477113, 0.0718551674638796, 0.07157176722101419, 0.0819968873103786, 0.07524522869956284], [0.07632797574853516, 0.08103585750693716, 0.07548950009212554, 0.07362078542713896, 0.08307503110693319, 0.07497589986079778, 0.07985374714706023, 0.08182457759567824, 0.0728518038617022, 0.07189773722800466, 0.07166418638213934, 0.08223923455225678, 0.07514366349069072], [0.07642730844288784, 0.0810641543009787, 0.07569858268651596, 0.0737265276541678, 0.08300839691436968, 0.0751313716032653, 0.0798347000925261, 0.08131507334277162, 0.07287039955406427, 0.07188193288296008, 0.07162298674459715, 0.08222694569660075, 0.07519162008429488], [0.07678090434945245, 0.08110712715287914, 0.07612344527182678, 0.07392603596085308, 0.08310460168204588, 0.07548787467524344, 0.08000435696444676, 0.08008543523830941, 0.0729123009338841, 0.07181534819607842, 0.0715103892720718, 0.0817419123282402, 0.07540026797466852], [0.07693687156376959, 0.08124515521796, 0.0761253246191279, 0.07388791864780053, 0.08309456328967084, 0.07552102092997151, 0.08025161893373381, 0.07975339201397276, 0.07287488181462141, 0.07172762113298599, 0.07141476394692416, 0.08167229732249381, 0.07549457056696761], [0.07736472230666973, 0.08105806883862253, 0.07651830192446049, 0.0741479883786073, 0.08303929836214893, 0.07591244030521792, 0.08039088994293074, 0.0785817929068727, 0.0730408380257868, 0.07180290762616676, 0.07145639819211312, 0.08087938319719581, 0.07580696999320709], [0.0772474945942658, 0.08087887818205862, 0.0766000477484332, 0.07420702508560614, 0.08333333333333333, 0.07593660797210676, 0.08016476067769165, 0.07866768852529869, 0.07305584027891708, 0.07184396717328585, 0.0714940638430973, 0.08084903178667645, 0.07572126079922914], [0.0766564515705398, 0.08248138932861761, 0.07481632870987634, 0.07307369948356243, 0.08134702249349852, 0.07457743078294068, 0.08120945367475331, 0.08183229931444594, 0.07258170224539526, 0.07151178441295256, 0.07134046898008824, 0.08319169400439469, 0.07538027499893482], [0.07656671503496901, 0.08226598498755147, 0.07477036059989943, 0.07307165187640802, 0.08161286350892381, 0.07453286317619828, 0.08104767274074501, 0.0821148612103469, 0.07260256484407734, 0.07156370730791511, 0.07140234665948211, 0.08311596083760565, 0.07533244721587781], [0.07649596130075412, 0.08209327131883846, 0.0748101393192138, 0.07308988734426329, 0.08183849650217921, 0.0745391513461453, 0.08087846623176344, 0.08211779250171919, 0.07258723298544469, 0.07155880763146197, 0.07139003311825383, 0.08333333333333333, 0.07526742706662935], [0.07644159702990763, 0.08191821632755325, 0.07484817895187275, 0.07312920688204874, 0.08206596710679182, 0.07455527617068097, 0.08072395307520845, 0.0823150764018619, 0.07261018359954048, 0.07159961711651447, 0.07142851525369467, 0.08313323330381843, 0.07523097878050648], [0.07642832239838929, 0.08179699938437497, 0.07497452108266035, 0.07319922509583877, 0.08219685048182167, 0.07463196311524044, 0.0805963201846027, 0.08224698117985778, 0.07261638152425651, 0.07160293228425632, 0.07141444462618661, 0.08309277659636727, 0.07520228204614733], [0.07645134594017436, 0.08177929753224719, 0.07508783921875398, 0.07325468679717766, 0.08217782114540638, 0.07470749268154846, 0.08054512722009773, 0.08202264640005481, 0.07261642573778365, 0.07158984043485808, 0.0713850193668628, 0.08318243514490427, 0.07520002238013065], [0.07655703255637152, 0.08198681569313195, 0.07517654067021673, 0.0732749952672935, 0.08195427531605094, 0.07478225595291908, 0.08066759821656758, 0.08158313369604216, 0.07259426567183185, 0.07152903014820489, 0.07130836987151844, 0.08333333333333333, 0.07525235360651808], [0.07672139610270785, 0.08242718966450209, 0.07511297696275644, 0.07320141866557443, 0.08165939871947372, 0.07477257658330544, 0.0810386366068391, 0.08115492276612225, 0.07255334654591476, 0.07143972295400947, 0.07122172525092486, 0.08333333333333334, 0.07536335584453631], [0.07675577611059566, 0.08266451859116264, 0.07493346145483283, 0.07308772567593322, 0.08143418257144096, 0.07466236802406853, 0.08130507776080374, 0.08129032607803457, 0.07252163956608311, 0.07140180046109942, 0.07120476371049347, 0.08333333333333334, 0.07540502666211855], [0.07673706895232578, 0.0826602146007315, 0.07484769007334909, 0.07305533786680764, 0.08124231431568517, 0.07460723722045308, 0.08135640621964874, 0.0815269137813227, 0.07253748568464052, 0.07143244707629377, 0.07124995878880731, 0.08333333333333334, 0.07541359208660142], [0.07665816863877921, 0.08239874956105159, 0.07491570988037666, 0.07312352556308822, 0.08141475568069945, 0.07463944756406637, 0.08112590883315071, 0.0816250056097542, 0.0725804126835082, 0.07150360537304451, 0.07131792006415826, 0.08333333333333334, 0.07536345721498931], [0.07660180891748679, 0.0823506436924825, 0.07482733921630524, 0.0730799513900433, 0.08150773158569988, 0.07457066861167903, 0.0810917781333781, 0.08187148383849252, 0.07257402829098596, 0.0715146132184043, 0.07134109838598852, 0.08333333333333334, 0.07533552138572062], [0.07653418421923103, 0.08208298566383337, 0.07495235778064777, 0.07315677059540138, 0.08181464755145772, 0.07463527850047755, 0.0808440853964643, 0.0819101871700352, 0.0725840054747794, 0.071536388136188, 0.07134663918966618, 0.08333333333333333, 0.07526913698848478], [0.07661451247786125, 0.08220270135005332, 0.07506495648731026, 0.07320800200633767, 0.08165797543341606, 0.07472402810252977, 0.08089349194097493, 0.08158362213427832, 0.0725871433770752, 0.07151339482411635, 0.07130754710842299, 0.08333333333333334, 0.07530929142429064], [0.0766003501437659, 0.08220948896283882, 0.07500239478878527, 0.07317695894798892, 0.08164162609265774, 0.07468158698378007, 0.08092858249809869, 0.08168749268509115, 0.07258620568456542, 0.07151980053872412, 0.07132286574921322, 0.08333333333333336, 0.07530931359115763], [0.07668559671901704, 0.08239713152614418, 0.07503630961443426, 0.07317793730565567, 0.08151562504629976, 0.0747197206219263, 0.08105931425834785, 0.08138747324563875, 0.07257316659667978, 0.07147961879111119, 0.07127552844395635, 0.08333333333333331, 0.0753592444974554], [0.07651827522460662, 0.08209810741469735, 0.07489284135651589, 0.07312728473142016, 0.08181757569729434, 0.07459454490288203, 0.08086288149606136, 0.08200098971485593, 0.0725828827396454, 0.07154260243602091, 0.0713613053903521, 0.08333333333333334, 0.07526737556231466], [0.07647743119269476, 0.08190018401927467, 0.07503083711442861, 0.0732064372040042, 0.08202963478607674, 0.0746727684958297, 0.0806577968440195, 0.08197885201130452, 0.07258993526142962, 0.07155281132608811, 0.07135271857761016, 0.08333333333333334, 0.07521725983390613], [0.0765482174914724, 0.08200928321569201, 0.07511660873146346, 0.07324645635651182, 0.08187180546571413, 0.0747430704725915, 0.08071266839953418, 0.08170257319253105, 0.07259596467218563, 0.07153759252636112, 0.07132579123953238, 0.08333333333333333, 0.07525663490307698], [0.07669138976993668, 0.08227935043467455, 0.07518179073545254, 0.07325920507085489, 0.08178423995829547, 0.07481459777719446, 0.0809064498876837, 0.08123414506138733, 0.07258608628737752, 0.07148509656541366, 0.07126189846960926, 0.08317133314565801, 0.07534441683646172], [0.07662567021241934, 0.08207214505804222, 0.07524066244152443, 0.07330715829100551, 0.08199029082194759, 0.07483988817154914, 0.08072207218385644, 0.08135455892458751, 0.0726049963362389, 0.07152171961674667, 0.07129300171215266, 0.08313214382422605, 0.07529569240570362], [0.07647088792741552, 0.08191376649428676, 0.07495968107866931, 0.07318286395951203, 0.08204874666209891, 0.0746307010507685, 0.08069907576681183, 0.08213886291782847, 0.07260960330368928, 0.07158470581980705, 0.07139743611963624, 0.08313079528327931, 0.07523287361619688], [0.07649285657347098, 0.08183148545533014, 0.07515149796175202, 0.07328967713357351, 0.08210567123094753, 0.07475840156461856, 0.08056391503588806, 0.0818578296608571, 0.07262777287133877, 0.07159017198903454, 0.07137763607197807, 0.08312875674144919, 0.07522432770976144], [0.07653043895265031, 0.08185458516276423, 0.07523805061587524, 0.07332952092868142, 0.08208635259101453, 0.0748208178123596, 0.0805483069653686, 0.0816249254314053, 0.07262744959412439, 0.07157447679122173, 0.07134939406671582, 0.08317852730522021, 0.07523715378259872], [0.07689520743320714, 0.08310812672158815, 0.07461631648920179, 0.07292345168849472, 0.0808512970720886, 0.07448949741218878, 0.0818890611115164, 0.08178562273026722, 0.07254717564546966, 0.0714198554870038, 0.07127199410591943, 0.08262523744475794, 0.07557715665829626], [0.07688153901323568, 0.08318176910289919, 0.07468469593138072, 0.07293103668687041, 0.0810572529486327, 0.07452363474347805, 0.08181679020147077, 0.08156314500829329, 0.07249869487263474, 0.07135638552937745, 0.07119167673047093, 0.08278130638639729, 0.07553207284485888], [0.07690099229060066, 0.08309010593113146, 0.07484283796716422, 0.07299917488599579, 0.08141033774806443, 0.07462848440453815, 0.0816729209648113, 0.08116751881365389, 0.07247633260395199, 0.07131266156602206, 0.07112104317839005, 0.0828718874931999, 0.07550570215247605], [0.07702538026054741, 0.08300696273505458, 0.07501397017707531, 0.07308860057974435, 0.0817426225096302, 0.07477091653360073, 0.08163395224317563, 0.08069190405599831, 0.07249475523506049, 0.07129449249357354, 0.07107870765982166, 0.08258677321221401, 0.07557096230450382], [0.07740062531122946, 0.0830958874851141, 0.07505571456146246, 0.07312475117097539, 0.0815625500302026, 0.07489178540456302, 0.08206326827378162, 0.08016931730639092, 0.07257867100469112, 0.07130812430401669, 0.07109242632716274, 0.08179013236236901, 0.07586674645804092], [0.07754274736117658, 0.08309472085797076, 0.07483944430329931, 0.07304964301127062, 0.0809683287237274, 0.07478963964762275, 0.08260709722620796, 0.08033584215688458, 0.07265700074583213, 0.07138822625016135, 0.07121266715357923, 0.08146868891859857, 0.07604595364366867], [0.07741302204332286, 0.08333333333333333, 0.07459656621294201, 0.07291994424330848, 0.08060397654334404, 0.07459693934662216, 0.08291307832331597, 0.08081117463817052, 0.07263343126341386, 0.07140322503754956, 0.07126265055217561, 0.08151871558170147, 0.07599394288080001], [0.07720587581150336, 0.08333333333333331, 0.07451959690712545, 0.07288553201973108, 0.08055425235083286, 0.07450003486967613, 0.08258234122010388, 0.08135475764663151, 0.0726147355043098, 0.07143486785386763, 0.07130685624920945, 0.08185493421893521, 0.07585288201474012], [0.076969064202981, 0.08333333333333333, 0.07456779067522108, 0.07288478960250466, 0.08078075711434458, 0.07447053257722241, 0.08208816916669472, 0.08168597344668872, 0.07253651705450197, 0.07139034648238331, 0.07124747584137069, 0.08240942444683948, 0.07563582605591401], [0.07693167262847343, 0.08333333333333334, 0.07465330802758051, 0.0729041843067497, 0.08101779098110348, 0.07451139598247065, 0.08195081028416586, 0.0815078097553036, 0.0724891257034787, 0.07133338564640825, 0.07117154898199574, 0.0826253426166437, 0.07557029175229313], [0.0769711309864345, 0.08333333333333334, 0.0747677668429747, 0.07294455523304767, 0.08128781790324618, 0.07459097679672819, 0.0818923017099131, 0.08117207542969089, 0.07246397913270215, 0.07128403269033406, 0.0711012081661559, 0.08262573296636402, 0.07556508880907546], [0.07699089493673039, 0.08333333333333334, 0.07483074288234036, 0.07297064396163501, 0.08142759278032076, 0.07463546059886056, 0.08183830759809023, 0.08100008396668908, 0.07245540118613976, 0.07126396244348397, 0.07107033477801415, 0.08261991363606694, 0.07556332789829555], [0.07711002255979489, 0.08333333333333334, 0.07484906174400693, 0.07298155605772083, 0.0814213786362259, 0.07467577455735668, 0.08200172886041297, 0.08081396122078335, 0.07247666214330963, 0.07126098893506487, 0.07106614698080654, 0.08235483328540454, 0.0756545516857797], [0.0771103880521681, 0.08333333333333333, 0.074645456675468, 0.0729038822678027, 0.08094980007280586, 0.07454811459826459, 0.08230039896983486, 0.08124186930471237, 0.07252244914324424, 0.0713326903870305, 0.07117450648325896, 0.08222130245854112, 0.07571580825353533], [0.07727185780080068, 0.08333333333333333, 0.07465077818069665, 0.07291838429247026, 0.0808589094958