[[0.07430761683065304, 0.07311617930846635, 0.07150744727381983, 0.07562856621021449, 0.07462305273563116, 0.08070882807293862, 0.08095801042983448, 0.08081766734940365, 0.08174627054349269, 0.07088466147519161, 0.08309214326848734, 0.07070928408753735, 0.08190027241432928], [0.07424050547264853, 0.07318036770307851, 0.0715560429562627, 0.07554772009285679, 0.07456808863377523, 0.08051615210457629, 0.08077991423592222, 0.08115959396617736, 0.08159057526740462, 0.07090610792691773, 0.0831663563252226, 0.0707590177124821, 0.08202955760267541], [0.0741794952401953, 0.07327249894350606, 0.07163679108618687, 0.07546548442392882, 0.07453598966422874, 0.08028199078638773, 0.08055669733424402, 0.08156674135404046, 0.08137330291854812, 0.07095838965548404, 0.08323064381122314, 0.07084409892100843, 0.08209787586101806], [0.07414393544400727, 0.07337330255665336, 0.07171918576928211, 0.0754198504909082, 0.0745390835732173, 0.08012044147591749, 0.08041486177119682, 0.08189377831835046, 0.0812230514824837, 0.07100872196366119, 0.08307705340101164, 0.07092533524488205, 0.08214139850842837], [0.07408991066688894, 0.07347130546982257, 0.07180053336581976, 0.07535057741819694, 0.07452525906884275, 0.07990739992154827, 0.08022784547590574, 0.08227715855598294, 0.08102471550610194, 0.07105658654694044, 0.08317839506600501, 0.07100733131095233, 0.08208298162699224], [0.07405939756422492, 0.07355920406352257, 0.07186193925931005, 0.0753208853648461, 0.07453459021140296, 0.07979604393873685, 0.08014109286610185, 0.0825302746767512, 0.08095408245400312, 0.071082516790818, 0.08302654557932773, 0.07106177613608021, 0.0820716510948745], [0.07394013403305713, 0.07362679161069198, 0.07184884272590282, 0.07523639317496143, 0.07449755239900754, 0.07966031177994937, 0.08005541328030143, 0.08277631963679127, 0.08091953116443527, 0.07099015613890622, 0.08333333333333333, 0.07101804398127484, 0.08209717674138732], [0.0739226163258574, 0.07380210108338339, 0.07196705320086075, 0.07523993712009532, 0.07455382252070511, 0.07953155815541588, 0.07996419619945536, 0.08304169177667498, 0.08084999295965739, 0.07104055270569118, 0.08293276706097084, 0.07111682393930496, 0.08203688695192739], [0.0738920535121725, 0.07394103414963477, 0.07202122743198289, 0.07525782304077093, 0.07460752874502712, 0.07948844527889204, 0.07996618558919336, 0.08308135000010135, 0.08087757943345532, 0.07101402222188535, 0.08253623715696472, 0.07113600511595987, 0.08218050832395965], [0.07390022847277329, 0.0741943953722641, 0.07217205786848634, 0.07531822345429372, 0.07473118699581607, 0.07938859956226582, 0.07992575661842216, 0.08310896046649432, 0.0808239341629024, 0.07105978084335265, 0.08196818699022, 0.07124585833426256, 0.08216283085844639], [0.07393157479399576, 0.07446465377884165, 0.07232965765966949, 0.07541103311013773, 0.07488966420237352, 0.07930610762532075, 0.07994864881879449, 0.08307093893293621, 0.08075327270035974, 0.07110719245605669, 0.08136789567314147, 0.07135640693684842, 0.08206295331152406], [0.07398796438384955, 0.07473109144436013, 0.07253405767429622, 0.0754872641025495, 0.07503594251208279, 0.07915240578533764, 0.07985060600128585, 0.08312722673272895, 0.08055900220791586, 0.07123695975080532, 0.08092791389854487, 0.0715382085656336, 0.0818313569406098], [0.07402445235105624, 0.07490832143574096, 0.07260322255058202, 0.07559679589444974, 0.07517574905088101, 0.07915468562442746, 0.07993582936274002, 0.08310573530406312, 0.08055483149435418, 0.07121622235440306, 0.0804341157965152, 0.07155737129628016, 0.08173266748450694], [0.07403569550297957, 0.0750076392509421, 0.07261840981488829, 0.07566872606619342, 0.07526343417017792, 0.07917812339969094, 0.07999300160152506, 0.08333333333333334, 0.08055525211761398, 0.07116518698342628, 0.0800534955975777, 0.07153240836552123, 0.08159529379613024], [0.07412548511551385, 0.07512255862644918, 0.07265219612331071, 0.07583442260058694, 0.07542306548982135, 0.07937247386086883, 0.0801678611497421, 0.08292318752415884, 0.08064341428894933, 0.07114252107969064, 0.07962494660902442, 0.071522405459634, 0.08144546207224973], [0.07411504234539107, 0.0750569927244602, 0.07251705010807298, 0.0759043933691615, 0.07545469353272201, 0.07956109638335906, 0.08035102812803513, 0.08333333333333334, 0.08075457404328516, 0.0709710960381914, 0.07929438794205096, 0.07134572265174662, 0.08134058940019064], [0.07421441937320518, 0.07505864193033757, 0.07246608410709422, 0.07608742899064277, 0.07558986963422763, 0.07983827589045675, 0.08059001133177696, 0.08293081363368324, 0.08097076207411408, 0.07089537499622811, 0.07885644516471718, 0.0712561863553568, 0.08124568651815964], [0.07422435759560085, 0.07482773107361808, 0.07219886944842854, 0.07619923464187438, 0.07559479226023134, 0.08020538388811757, 0.08092648920538623, 0.08333333333333334, 0.08132160069321231, 0.07063216540463468, 0.0784317456616051, 0.07094969625589224, 0.0811546005380654], [0.0744362174165097, 0.07305048512842047, 0.07152113880345594, 0.0757241316964983, 0.0747090769706531, 0.08080399554541073, 0.08099582575134963, 0.08045865753160049, 0.08168834372467258, 0.07097560755602449, 0.08333333333333336, 0.07075114076052122, 0.0815520457815502], [0.07434317544495198, 0.07312805554040754, 0.07157230109831798, 0.07561939075544315, 0.07463458398724335, 0.08057722016892425, 0.08080618966831428, 0.08088427913499231, 0.08155721048510223, 0.07098793329869513, 0.08333333333333333, 0.07080076848195568, 0.08175555860231876], [0.0743100451902528, 0.07319314054399358, 0.07162781292649952, 0.07557528854527498, 0.0746105034777455, 0.08044947640341336, 0.08068993328071744, 0.08113211401051705, 0.08145911762119876, 0.07102380108622325, 0.08323006073464351, 0.07085790292652071, 0.08184080325299957], [0.07418455185800905, 0.07328562632291456, 0.0716661087016889, 0.07545417093842464, 0.07453315757577143, 0.08021868720759406, 0.0804882646101711, 0.08162828658245318, 0.08129421960303107, 0.07099706068452592, 0.08333333333333334, 0.0708824722447108, 0.08203406033737198], [0.07426057294968658, 0.07319172253370589, 0.07160159450705916, 0.07553793705260567, 0.07457316712488783, 0.08042348360881228, 0.08067498626537349, 0.08122091685013828, 0.08146286312800238, 0.07097537042953501, 0.08333333333333334, 0.07082213385721094, 0.08192191835964932], [0.07416003766929159, 0.07342261092889048, 0.07178795357529963, 0.07541262061400028, 0.07455144892981774, 0.08002476147170859, 0.08031488989479908, 0.082022569839276, 0.08110749527612245, 0.07108453417946324, 0.08305422500883305, 0.07100611300215769, 0.08205073961034023], [0.07411555720012536, 0.0734778215122547, 0.0718409046780822, 0.0753501834489733, 0.07452802180791596, 0.07984717436267061, 0.08014967914000827, 0.08229161090106117, 0.08092905538973835, 0.07112115576885755, 0.08333333333333333, 0.07106408268267149, 0.08195141977430766], [0.07406280093353065, 0.07358590114113558, 0.0718918161207739, 0.07531728477683797, 0.07454133185326342, 0.07975626371051914, 0.08010205731696195, 0.08259946240095327, 0.08091368114217436, 0.07111049437134208, 0.08299279093146823, 0.07109453920939382, 0.0820315760916457], [0.07399200834054796, 0.07366821407624267, 0.07194991338689621, 0.07523759061032134, 0.0745148296883906, 0.07954222059045332, 0.07990900020293658, 0.08297374018860863, 0.08073414051224793, 0.07112919751298041, 0.08333333333333334, 0.07114895875338008, 0.08186685280366099], [0.07397792327792786, 0.07386072228580148, 0.07207584892357606, 0.07525152528494002, 0.07458312519718756, 0.07943343006532919, 0.07984354084651815, 0.08312270173947824, 0.08069824054070994, 0.071178647094701, 0.08288656050293251, 0.07125112711963198, 0.08183660712126582], [0.07391913518608456, 0.07393448080797185, 0.07207560913522724, 0.07523629120781081, 0.07459288468866877, 0.07939484626948508, 0.07984241399590707, 0.08333333333333333, 0.08072444461535996, 0.07111110431321865, 0.08265516376895185, 0.07121994712853806, 0.08196034554944269], [0.07390706254784433, 0.07406389335272166, 0.0721399332195493, 0.07525947763174906, 0.07464806497681432, 0.07935066475113796, 0.07983073294445076, 0.08333333333333334, 0.08072461429711132, 0.07111128197922752, 0.0823508148061792, 0.07125779378845863, 0.08202233237142269], [0.07391453487367032, 0.07422038247628393, 0.07223580483427391, 0.07529699503941738, 0.07472620229316113, 0.07928908152223522, 0.07980010214211938, 0.08333333333333331, 0.08068817559532873, 0.07114418609538284, 0.08201982219403636, 0.07132957769192154, 0.08200180190883573], [0.0739260351299413, 0.07432432126068228, 0.07230539907426936, 0.07532409253971777, 0.07478096751647355, 0.07924302481622043, 0.07978830373599219, 0.08333333333333334, 0.08064797573977704, 0.07117662739648288, 0.08181547420546066, 0.07138579638050198, 0.08194864887114728], [0.0739510282683339, 0.0744753508153732, 0.07241367890123561, 0.0753665802550337, 0.07486283018813598, 0.07917229333983794, 0.07975956668916521, 0.08333333333333333, 0.08057443373557899, 0.07123660242616574, 0.08154047267259916, 0.07147778994768827, 0.0818360394275189], [0.07395525648141488, 0.0745902920219843, 0.07246372011142758, 0.07540956931151777, 0.07493275683865112, 0.07914936223629697, 0.07978964709759183, 0.08333333333333333, 0.0805592428546274, 0.07122823689054754, 0.0812511619563382, 0.07149956550183481, 0.08183785536443423], [0.07404211236207167, 0.07494786496792698, 0.07274912350793677, 0.07551466144459401, 0.0751306255944479, 0.07894585314565983, 0.07964764400822039, 0.08333333333333333, 0.08029751704506065, 0.0714215034344924, 0.08068876739061932, 0.07175946673777789, 0.08152152702785874], [0.07407993579727455, 0.07509766302021248, 0.07280560546592181, 0.07561609929786625, 0.07525465769053956, 0.07896704197706408, 0.07973555994930379, 0.08316837772185878, 0.08032227408668599, 0.07140258072379499, 0.08030688211570369, 0.07177250117492448, 0.08147082097884968], [0.07397303175248991, 0.0746972881543492, 0.07247601603676843, 0.0754973779791249, 0.0750315073459619, 0.07921655117335662, 0.07993271234734056, 0.0830989495263553, 0.08063840745287616, 0.071167797356473, 0.08088631465765186, 0.07146676526321075, 0.08191728095404145], [0.07412907800572896, 0.07524265722854873, 0.07289103801269045, 0.07570197299031035, 0.07536644246988726, 0.07898162771146405, 0.07975488433641234, 0.08302271491761458, 0.08029327470082637, 0.07143524201290699, 0.08000546963761038, 0.07183087940176637, 0.08134471857423319], [0.0741423492621823, 0.0753511916663852, 0.07288643613657765, 0.07580014501512182, 0.07547801874966403, 0.07908008435614597, 0.07983288449276385, 0.08333333333333331, 0.08029107916786746, 0.07134618486879726, 0.07952826278754857, 0.0717711131051942, 0.08115891705841814], [0.0741940619114313, 0.07537273007460306, 0.07286540490990173, 0.07590106999695981, 0.07555883580858722, 0.07923556773068541, 0.07998079474575415, 0.08300708691415751, 0.08039302448769617, 0.07130273390828597, 0.0793340438871575, 0.07172468520023559, 0.08112996042454455], [0.07420334581497415, 0.07533235963717846, 0.07274093092931831, 0.07600451797354998, 0.07562488186065174, 0.07944105964264382, 0.08016608969455603, 0.08333333333333333, 0.08053091802902021, 0.0711319035276054, 0.07893693510939043, 0.0715507162068055, 0.08100300824097253], [0.07430782651711403, 0.07542586366225959, 0.07277468407533781, 0.07617850477651833, 0.07578741973461643, 0.07959350882183215, 0.08025967386899861, 0.08305095018943597, 0.08063272978451884, 0.07112455406149773, 0.0784989471200701, 0.0715474907227051, 0.0808178466650954], [0.07427593981909222, 0.07516144750842782, 0.07249573875102952, 0.07622024378195799, 0.07572880092382166, 0.07989657628536813, 0.08056716573521464, 0.08333333333333333, 0.08095183565627352, 0.07086671452281713, 0.07834390687512235, 0.07124443707651452, 0.08091385973102712], [0.07449107949019405, 0.07309500138619739, 0.07162022946705626, 0.07573065339911522, 0.07474059209906495, 0.08069429070367032, 0.080836294402945, 0.08053203764197599, 0.0814977325430569, 0.07111196526949029, 0.08333333333333334, 0.0708783275365476, 0.08143846272735278], [0.07436270810988202, 0.07322489856553704, 0.07171263243130069, 0.0755841744449003, 0.07464048332925788, 0.08033545393957196, 0.08055786385029277, 0.08116309440856774, 0.08129246877753786, 0.07114577202985138, 0.08333333333333334, 0.07096908167690025, 0.0816780351030669], [0.07440547669692063, 0.0731741724332615, 0.07167366785040184, 0.07563497349301591, 0.0746736149361754, 0.08045577918159448, 0.08066630044213947, 0.08093374386360178, 0.08138162784642144, 0.07112716384003637, 0.08333333333333333, 0.07092991405264748, 0.08161023203045037], [0.07430998622783903, 0.07326895144878065, 0.07171625476442618, 0.07554922269216344, 0.07460968920239752, 0.08030366923871128, 0.08054563354454039, 0.08135383197415401, 0.08131166549389637, 0.07110944968637666, 0.08313138919394417, 0.07095782420220584, 0.08183243233056438], [0.07430851650733615, 0.0733179681639228, 0.07179235460716069, 0.07551331637984383, 0.07459988934079931, 0.08013676298754997, 0.08037333854285497, 0.08152308770029582, 0.08112373003644635, 0.07119586440929036, 0.08333333333333333, 0.07105140378881766, 0.08173043420234868], [0.07426234458945351, 0.07344733623973046, 0.07188629573418243, 0.07546611916612313, 0.07459801002270926, 0.07998375191008147, 0.08023953044982385, 0.08191796616893075, 0.08100680958861776, 0.07124032418699883, 0.08298638886780076, 0.07113746892290211, 0.08182765415264562], [0.07426797988390936, 0.0733425209788022, 0.07178134390760664, 0.07549208657790188, 0.07457971428805629, 0.08013657052890731, 0.08038742461379583, 0.0816451236394292, 0.08115921769328897, 0.07115248977920871, 0.08317710376217635, 0.07102595410388664, 0.08185247024303056], [0.07418262029907219, 0.07350914379781566, 0.07192557644598405, 0.07537834610711192, 0.07455924235492578, 0.07978602079572168, 0.08006165519878489, 0.08224858107488262, 0.08081848457195234, 0.07124418038645615, 0.08333333333333334, 0.07117385994391348, 0.08177895569004606], [0.07417851899752213, 0.07359621925674968, 0.07200359955071861, 0.07536599026749212, 0.0745804121166522, 0.07968899327564924, 0.07998006923898512, 0.082450661148402, 0.08073106621469776, 0.07130141426006505, 0.08312591341139035, 0.07125213977789832, 0.08174500248377743], [0.07415338889614367, 0.07365697966623451, 0.07203851201980102, 0.07534759558423211, 0.07458801190709759, 0.07963098124444175, 0.07994240267312275, 0.0826386491484115, 0.08070439872692671, 0.07130613657646025, 0.08295233049346686, 0.07127846919825627, 0.08176214386540501], [0.07409740047307768, 0.07372523297955433, 0.07208228116443562, 0.07528915239504595, 0.0745712049199661, 0.0794797508953632, 0.07981174087909594, 0.08290091236138936, 0.08059056009878382, 0.07131453228234062, 0.08315096346262121, 0.07131660274620469, 0.0816696653421214], [0.07401177640225554, 0.07383178678631475, 0.07211083652440077, 0.07523897329686301, 0.07456842833882045, 0.07936508864784636, 0.07974295921209082, 0.08333333333333333, 0.0805627910798214, 0.07126316270114355, 0.08298420890120016, 0.07131552957680597, 0.08167112519910383], [0.07400441587961597, 0.07391450150485071, 0.07216050539636282, 0.07524726287315903, 0.07459908937511417, 0.07932798564162391, 0.07972540937322468, 0.08333333333333333, 0.08055828190446114, 0.07127689760888992, 0.08282609449994248, 0.07135271488006484, 0.08167350772935698], [0.07400518453627351, 0.07396525422057187, 0.07218751186049184, 0.07526157883646852, 0.07462416986889543, 0.07932651261864294, 0.07973711171360319, 0.08320270435961657, 0.0805793354484083, 0.07128059788602939, 0.08273171008368968, 0.07136995904140433, 0.08172836952590445], [0.0740109612484845, 0.07411613803779825, 0.07228558394943942, 0.07529204476434363, 0.07469144902577661, 0.07927042294923135, 0.07970965543727362, 0.08306328658800337, 0.08056300029540464, 0.07132079582720237, 0.08245222991455552, 0.07144786368091599, 0.08177656828157057], [0.0739703505480485, 0.07421262473805366, 0.07231535696083119, 0.0752874307199081, 0.07471784271143278, 0.07920966883981533, 0.07967892265044312, 0.08333333333333333, 0.08054310860966067, 0.071286613765705, 0.08219037730427997, 0.07145036963179728, 0.08180400018669105], [0.07397489035948708, 0.07433116481919948, 0.07238837582603834, 0.07531394803613008, 0.07477696531422737, 0.07916081188262036, 0.07965285025345743, 0.08333333333333333, 0.08051188137098461, 0.07131187413068552, 0.08195628669232102, 0.07150537079416373, 0.08178224718735164], [0.07404454144809053, 0.07461535033280392, 0.07261665717085025, 0.0753996499620996, 0.07493438050072557, 0.07903436603410705, 0.07958818765288916, 0.08309321540364643, 0.0803767691291435, 0.07146709609673982, 0.0815140659033276, 0.07171419115738144, 0.08160152920819497], [0.07405788837620911, 0.07481159656482601, 0.07275201732912337, 0.07543563880692992, 0.07502777163200844, 0.07890507974694522, 0.07950993918304493, 0.08333333333333333, 0.08023558877680419, 0.07153304820169822, 0.08112960092042609, 0.07182650292046441, 0.08144199420818676], [0.07406052062233262, 0.07497696234635344, 0.07280431136799606, 0.07550863702995866, 0.0751362837877301, 0.07889307103549308, 0.07957782521602, 0.08333333333333333, 0.08023031620844583, 0.07148975626088849, 0.08071483287886548, 0.0718283200617559, 0.081445829850827], [0.07402747527762185, 0.07481094007648491, 0.0726741427048025, 0.07546683039128678, 0.07504914974905824, 0.07900014678230163, 0.0796568599047572, 0.08323445826192101, 0.08036556210707342, 0.07140509249883295, 0.08099042050835632, 0.07171087209927092, 0.08160804963823218], [0.07401074619312412, 0.07465774777192308, 0.07260130060488969, 0.0754025412557135, 0.07495128166539727, 0.07902238402767896, 0.07961705281935144, 0.08333333333333334, 0.08038391205480118, 0.0714043972916267, 0.08133109844217619, 0.07167313791444253, 0.08161106662554213], [0.07397353103404723, 0.0744367577632148, 0.07243997567906882, 0.07534259161472076, 0.07483310318032867, 0.07913165971797582, 0.07967034177800493, 0.08333333333333334, 0.08050165880533704, 0.07131211877666525, 0.08172217566089642, 0.07153431026461272, 0.08176844239179425], [0.07401797712269649, 0.07477669742167696, 0.07265880541435324, 0.07544469924559759, 0.0750219536678237, 0.07899099751965018, 0.07963298326180888, 0.08333333333333333, 0.08035501863691318, 0.07140545539217767, 0.08106218144941203, 0.0717041967338569, 0.08159570080069978], [0.07396286926971544, 0.07465629252286682, 0.07249779135624604, 0.07543560984564862, 0.07497398310867605, 0.07913229025590478, 0.0797983747521753, 0.08333333333333336, 0.08054017351816006, 0.07123284407039714, 0.08109762922317001, 0.07151982773908674, 0.08181898100461989], [0.07407362217954173, 0.0750772641659909, 0.07284202453789984, 0.0755613902333002, 0.07520855161136678, 0.07888625844641697, 0.07961413149556791, 0.08333333333333334, 0.08021741331786246, 0.07147502884038612, 0.08046443586637478, 0.07183771902189835, 0.08140882695006067], [0.07409762402777084, 0.0751949198477425, 0.07289707217271911, 0.0756240768436155, 0.07529429283628564, 0.07886678338505006, 0.0796363412141316, 0.08333333333333334, 0.0802022708248064, 0.07147637360880332, 0.0801878069471704, 0.07186450569524035, 0.0813245992633311], [0.07416808085084489, 0.07535753366215199, 0.072993150852125, 0.07573857079037581, 0.07543221244253037, 0.07893470121446701, 0.07968908588507448, 0.0829579975373117, 0.08020136673638287, 0.07151609160971717, 0.07986745989458842, 0.07192950941463064, 0.08121423910979952], [0.07418356244587591, 0.07544315260386988, 0.0730193781113032, 0.07579420850333769, 0.07550339392321802, 0.07896552399700468, 0.07970504787700326, 0.08309026488400707, 0.08017337699312133, 0.07149471129791363, 0.07960469342701079, 0.07192780776829202, 0.08109487816804262], [0.07422346431419166, 0.07549824196054371, 0.07298736426399939, 0.0759135084218221, 0.07561116804861368, 0.07912948194128619, 0.07985225836053733, 0.08304277774772584, 0.08024815845590756, 0.07140665824626068, 0.07924708056398837, 0.07184956538506722, 0.08099027229005647], [0.07428410153838624, 0.07556715603629932, 0.07296980584401669, 0.07605834156161628, 0.07574433106745981, 0.07929087916722573, 0.07997600639793455, 0.08306597676636479, 0.08033375288075921, 0.07133225441164746, 0.07880972797969768, 0.0717841047353423, 0.08078356161324982], [0.07433379655243554, 0.07558087937266617, 0.07293618109246708, 0.07616668737445954, 0.07583123408290342, 0.07942895867452308, 0.08008287931125684, 0.08296268936655397, 0.08044866516200426, 0.07127182304668218, 0.07852480325230057, 0.07172062721331743, 0.08071077549842982], [0.07434705162419712, 0.07548251225614226, 0.07278063873558657, 0.07626864562768222, 0.07587810500541187, 0.07963779504696909, 0.08025154720443549, 0.08333333333333333, 0.08062609832693392, 0.07109229887342484, 0.07815935547769491, 0.07152420180217375, 0.08061841668601463], [0.07437045665346598, 0.07518902629939496, 0.07250993632587714, 0.07635493580708876, 0.07583773963431838, 0.080035836807621, 0.08065209930791895, 0.0830478865542402, 0.08103383088381919, 0.0708753791441587, 0.07807892032807123, 0.07124270462612045, 0.08077124762790516], [0.07403638931541738, 0.0744998085689321, 0.07255113639854385, 0.07536518573653386, 0.07487077141547713, 0.07906890212876072, 0.07958029068235044, 0.08312521491817938, 0.08040024010839254, 0.0714507610520471, 0.08174104879019702, 0.07166940378338924, 0.08164084710177916], [0.07404105099070922, 0.07434727842456675, 0.07247294377370005, 0.07533018058299669, 0.07479432117982991, 0.0791187609555037, 0.07957973880146123, 0.08312874468143058, 0.08042030929459988, 0.07144516630380392, 0.08204884616530757, 0.07162189843159605, 0.08165076041449425], [0.07405047796583494, 0.07419793582735262, 0.07239231448066367, 0.075304425908204, 0.0747275942743558, 0.0791759036569763, 0.07960561066028252, 0.08314156625659795, 0.08043873404517679, 0.07143419954811488, 0.08233479364927396, 0.07156889500903944, 0.0816275487181271], [0.07404046321310429, 0.07411226430373814, 0.0723384110311782, 0.07527773111692017, 0.07468300531763902, 0.07918667872891882, 0.07960001465120022, 0.08333333333333334, 0.08042611356364218, 0.07141319145103228, 0.08247765049549356, 0.07152776596272821, 0.0815833768310716], [0.07408107697177398, 0.07401660119591928, 0.07230206922943608, 0.07528792507986816, 0.07466233467029387, 0.07925003492609199, 0.07963350137834764, 0.0831340548006642, 0.0804411881487271, 0.07143647940155613, 0.08271253570680302, 0.07151489028163921, 0.08152730820887928], [0.0741075489223317, 0.0738333711199983, 0.07219265596394434, 0.07528063846710062, 0.07460240970825227, 0.07934649010176507, 0.07968558630875748, 0.08301239021393841, 0.08046126873800297, 0.07140891672760673, 0.08310639227723403, 0.07143287494111977, 0.08152945650994857], [0.0741300819395513, 0.07375488840568463, 0.07214732354156354, 0.07529272623701277, 0.07458484388666871, 0.07940371829266152, 0.07972084792560234, 0.08282492577974139, 0.08047734045284996, 0.0714013210630556, 0.08333333333333333, 0.07139933089864471, 0.08152931824363008], [0.07397614457875686, 0.07470603151705349, 0.07244089852050103, 0.075539930817726, 0.07506478510105366, 0.07928995250975696, 0.08004211890651247, 0.08299360741422265, 0.0807193565995461, 0.07110494498474931, 0.0807326598155101, 0.07140883195601072, 0.08198073727860046], [0.07406951113649103, 0.07506178705268708, 0.07271841806359361, 0.07565715809803063, 0.07527223014103245, 0.07908237975759283, 0.0798861876886979, 0.08310445092915628, 0.08046112773440749, 0.07128918550406924, 0.08018170604180545, 0.07165731790719543, 0.08155853994524066], [0.07410461611673043, 0.07523507649531871, 0.07279913727134786, 0.07575079275295322, 0.07540174826243834, 0.07910597217373638, 0.07988074290885923, 0.08333333333333336, 0.0803765242732465, 0.0712900216500445, 0.07971828699220158, 0.07169561762335078, 0.08130813014643933], [0.07418666400385153, 0.0737127452692971, 0.07213149948481892, 0.07534542870437892, 0.07460678808046332, 0.07951222487590813, 0.07981051408694147, 0.08264940934955219, 0.08054973975317754, 0.07141784471402603, 0.08310431227156911, 0.07139147664117658, 0.0815813527648391], [0.07423276574896953, 0.07365713599204346, 0.07210236946601035, 0.07538756086742827, 0.0746170231382411, 0.07961018933686254, 0.0798873107281531, 0.08244437390446527, 0.08061765424394159, 0.07142171471953233, 0.08304723405846484, 0.07137025971195202, 0.0816044080839355], [0.07425030083058892, 0.07354503390266959, 0.07201298718772675, 0.07540815488447239, 0.07459330559241989, 0.07972368554809892, 0.07997474098926079, 0.08217485563485882, 0.08071586695113049, 0.07136808861640476, 0.08333333333333334, 0.07128557313060267, 0.08161407339843274], [0.07434202410770782, 0.07350784129447119, 0.07201432511843585, 0.07549124091193446, 0.07463788301516788, 0.07985629673592048, 0.08009219766320642, 0.08189466142993258, 0.08082151487874265, 0.0714130716604879, 0.08303995169132702, 0.07129882185797404, 0.08159016963469193], [0.07437206664663734, 0.07341669702120414, 0.07194160680430893, 0.07552692497458584, 0.07464672803852324, 0.07997756492545106, 0.08020210523077957, 0.0816297965786063, 0.08092315240493139, 0.07137099781479109, 0.08319977385469328, 0.07122852781021968, 0.08156405789526833], [0.07437349908800985, 0.07336249277963641, 0.07188873340796546, 0.07553696082189747, 0.07464377880895494, 0.08004427001347586, 0.08026486167670971, 0.0815050447178371, 0.08098413533995057, 0.07132773440934016, 0.08333333333333331, 0.07117311434852795, 0.08156204125436106], [0.07440273631395457, 0.0733074956124195, 0.07184129433922383, 0.07557533429764739, 0.07466497404415473, 0.08015377329708508, 0.08036635232694946, 0.08131070031769039, 0.08107719251378503, 0.071297521383351, 0.08333333333333331, 0.07112429096938448, 0.08154500125102108], [0.0744611456062489, 0.07328091095201818, 0.07182846407647646, 0.07563861165740342, 0.07471368075763801, 0.08027355385678411, 0.08047376018675201, 0.08110990826242086, 0.08116855194551835, 0.07130502988057841, 0.08312429723446388, 0.07111278474212862, 0.08150930084156888], [0.074536098325307, 0.07321911769171316, 0.07180136940740162, 0.07570877126251314, 0.07476708954413551, 0.08043359673591961, 0.08056398296981856, 0.08080127275192536, 0.0812164577594452, 0.07131925946711118, 0.08317542275411793, 0.07109461070673273, 0.08136295062385888], [0.07461655985270352, 0.07317330532382532, 0.07177987792384383, 0.07579256597909838, 0.07483140923576351, 0.08061564928214213, 0.08068121178595193, 0.080503980754835, 0.08128723059291991, 0.07132990860688668, 0.08307418557320694, 0.07107684071729428, 0.08123727437152863], [0.07448674960268586, 0.07316212625246049, 0.07170939154184872, 0.07569173730328643, 0.07473079963879649, 0.08051057036667512, 0.08066231976993789, 0.08075157832764455, 0.08133207915221018, 0.07120623075766866, 0.08333333333333333, 0.07098412219289994, 0.08143896176055233], [0.07404497981752936, 0.07500325452060853, 0.0727490560603821, 0.07555729284114313, 0.07518033601473018, 0.07896883744970098, 0.07970949631072384, 0.08333333333333333, 0.08032334650972411, 0.07137939184506795, 0.08049273236152023, 0.07173318820825528, 0.08152475472728092], [0.07399546175263241, 0.07483933228863596, 0.07259708328120851, 0.07551701341760494, 0.07509517451986202, 0.0790872644710383, 0.07981856709349695, 0.08333333333333331, 0.08047552922182548, 0.07125528559833912, 0.08068411211511932, 0.07158252231890325, 0.08171932058800031], [0.07407194934125061, 0.07500223009506922, 0.07257202960386823, 0.07575431710454228, 0.07532302309261046, 0.07934804778688351, 0.08016767685777786, 0.08300956078771393, 0.08069843655730369, 0.07109927275732567, 0.0798758447321641, 0.07146115420915711, 0.08161645707433338], [0.07398685803163843, 0.07484580396582782, 0.07249625273560131, 0.07560395044839509, 0.07516060184696936, 0.07923580591488666, 0.08005022230447222, 0.08333333333333334, 0.0806625973937708, 0.07108688398197897, 0.08031635814796376, 0.07142607717356354, 0.08179525472159883], [0.07392627108542768, 0.07436952368773972, 0.07228055515968962, 0.07537975848276676, 0.07483458444152026, 0.07933914918286074, 0.07994126397412306, 0.08303683064494204, 0.0807847529806467, 0.07110157888137177, 0.08160144685842721, 0.07132685695422929, 0.08207742766625516], [0.07395433802910781, 0.07459407127446659, 0.07238390239902799, 0.07548379343621099, 0.07498581626826233, 0.07931204717208987, 0.0800189827978247, 0.08295985539640013, 0.08075844291074488, 0.07109709736330956, 0.08101357003972083, 0.07137641796722179, 0.08206166494561258], [0.07410062917865778, 0.07503073434024285, 0.07254213578530969, 0.0758411040882182, 0.07539721681469942, 0.07947980982903156, 0.08028820278853865, 0.08306856041314922, 0.08075634362503109, 0.07103160361348564, 0.07957366361451891, 0.07139884394591359, 0.0814911519632033], [0.07415009395667317, 0.07499390207610411, 0.07244026493145361, 0.07597875935942422, 0.0754866157025461, 0.07974275752820478, 0.08053343590919163, 0.08305513690413942, 0.0809065321428636, 0.07089807893810356, 0.07916226196904776, 0.07125413822800553, 0.08139802235424239], [0.07447066659966178, 0.07545299578018443, 0.07273160901384448, 0.0764647265876454, 0.07601417367734217, 0.0798975266514165, 0.0804316058672676, 0.08298999713797686, 0.08080232394922045, 0.07104303803472337, 0.0777850959739061, 0.07144831452495619, 0.08046792620185463], [0.07440883156538455, 0.07557242307642682, 0.0728408236196369, 0.07635878858543033, 0.07597847939230012, 0.0796521852669021, 0.08021532916386878, 0.08333333333333333, 0.08058661845186375, 0.07112597136463066, 0.07791293391999764, 0.07156713233778024, 0.08044714992244477], [0.07397723505357491, 0.07337049388038241, 0.07136414909082613, 0.07554797120039586, 0.07462554033463238, 0.08082108808647248, 0.08136343907030849, 0.08098381228302134, 0.08243189276583889, 0.07039863043867806, 0.08155782521351476, 0.07039212827575311, 0.08316579430660119], [0.07397337967715757, 0.07336405792754436, 0.07142039481091605, 0.07548204416466389, 0.07457743911515163, 0.08064395957098536, 0.08113257997920807, 0.08130897922770532, 0.08213880174272434, 0.07049822306219758, 0.08189964411090976, 0.07048292998606909, 0.083077566624767], [0.07391336489826039, 0.07342716682028798, 0.07146346081456788, 0.07541462708508394, 0.07455080726287878, 0.080451879058484, 0.08095379008211526, 0.08157873571190744, 0.08197025450272281, 0.07051204157316138, 0.08190656553671063, 0.07052397332048618, 0.08333333333333333], [0.07389996038447226, 0.07349960664209008, 0.07154458292200341, 0.07537643969696707, 0.07454749072742327, 0.08028127465262219, 0.08077745737989799, 0.08185095985353405, 0.08177858905318766, 0.07058666009409091, 0.08214233026001164, 0.07061536177457231, 0.08309928655912709], [0.0738646976120343, 0.073649005254001, 0.07163060612334353, 0.07536766363322624, 0.07458765165301315, 0.08013536007975924, 0.0806718540214633, 0.0820054472163209, 0.08168837583663238, 0.07060417032275294, 0.08206402078641016, 0.07067888475798434, 0.08305226270305839], [0.0738513468007288, 0.07377572566835484, 0.07168970529702373, 0.07539337819883038, 0.07464504372593728, 0.08007522212225845, 0.0806501918370583, 0.08198307906190516, 0.08166928885986033, 0.07059819569782258, 0.08180175223132917, 0.07071006669769582, 0.08315700380119516], [0.07386580440369099, 0.07384324606135906, 0.07166768619939062, 0.07548635643110617, 0.07473148601626954, 0.0802051194707235, 0.08086881076097514, 0.08171502235416897, 0.08185233281463894, 0.0705090105457266, 0.08127949132432247, 0.07064230028429484, 0.08333333333333334], [0.07392000831369884, 0.07370138613050427, 0.07149308285851053, 0.07561717814132697, 0.07477925981599884, 0.08061648894537526, 0.08133827297973555, 0.08135145058213367, 0.08232177278366812, 0.070337987551672, 0.08075416787941388, 0.07043561068462868, 0.08333333333333333], [0.07393448099289497, 0.0734487776021751, 0.0713063059486056, 0.0756195924659154, 0.07470018315497086, 0.08091887487176838, 0.08157254612642585, 0.08107256270415679, 0.08269320178774656, 0.07023169273929912, 0.08090131430111511, 0.07026713397159287, 0.08333333333333333], [0.07395529751208475, 0.07335164151239426, 0.07127318729752403, 0.07559875949712216, 0.07465457305066202, 0.08098043252230835, 0.08158656054642828, 0.08084464252200485, 0.08271878069164232, 0.07025798275902409, 0.08118336735858607, 0.07026144139688556, 0.08333333333333334], [0.07394546261849758, 0.07347991202563056, 0.07141455735806482, 0.07554716805889454, 0.07465919017437443, 0.0807215919871675, 0.08130855241711994, 0.08106334467424253, 0.08240463830153463, 0.0703903136038039, 0.08131210445411056, 0.07041983099322575, 0.08333333333333334], [0.07394181537006869, 0.07340005640773178, 0.07139283142889097, 0.07549876215623433, 0.07460032242493497, 0.08068762281864189, 0.08122648935494262, 0.08117857321881579, 0.08228793854229013, 0.07041899651994482, 0.0816079104753667, 0.07042534794880406, 0.08333333333333334], [0.07388569472352126, 0.07357102462633672, 0.07151522150381492, 0.07544496351747214, 0.07461634032747441, 0.08040616425156862, 0.08097336338892379, 0.08154747263228421, 0.08203172399168505, 0.07047815090636216, 0.08165982006599762, 0.07053672673122567, 0.08333333333333333], [0.07390529259889389, 0.07368384225386883, 0.07155118636106687, 0.07552469671228679, 0.07470793247954256, 0.08045840210256551, 0.08107887546160503, 0.08135921371872591, 0.08214105971705014, 0.07044854867299404, 0.08127160121142474, 0.07053601537664228, 0.08333333333333333], [0.07390777593297398, 0.07360940001309257, 0.07151319397557689, 0.07550570693462524, 0.07467097907409126, 0.08049883703907726, 0.08109782308074166, 0.08133930641195655, 0.08217120258503309, 0.07044594845148888, 0.0813933696788771, 0.07051312348913209, 0.08333333333333333], [0.07393122276249085, 0.0736201765686254, 0.07147694359494801, 0.07558104342812366, 0.07472751086756085, 0.08064336739787878, 0.08128162291888971, 0.08118314320234468, 0.08236195108329994, 0.07037867904975478, 0.08103155081592307, 0.07044945497682682, 0.08333333333333333], [0.07389421784761317, 0.07350897512262346, 0.07148963875479478, 0.0754309811566067, 0.07458726922514991, 0.08042996470843147, 0.08097238129361586, 0.0815519575149362, 0.08202036336831492, 0.07048692192469794, 0.0817675126194403, 0.07052648313044176, 0.08333333333333331], [0.07385017970646168, 0.07368859122479973, 0.07160689241744272, 0.07540408428446578, 0.07462476024813487, 0.08019832664290222, 0.08077442059978893, 0.081805750478725, 0.08181180342245602, 0.07053119587365443, 0.08174624677197107, 0.07062441499586403, 0.08333333333333331], [0.07387379273163985, 0.07377301771748902, 0.07163365269270719, 0.07547426019431645, 0.07470067608768137, 0.08025719709730153, 0.08087723063675327, 0.08161779206914122, 0.08190666198273304, 0.07051016998609734, 0.0814191472438793, 0.07062306822692695, 0.08333333333333333], [0.07392225298371473, 0.07380620110120308, 0.07159224158395905, 0.07560398110953552, 0.0748032995029776, 0.08046909509161261, 0.08119577738501634, 0.08150507392815537, 0.0821463752028855, 0.07041924424671672, 0.08085584504033048, 0.07053847414127008, 0.08314213868262307], [0.07389717437643925, 0.07390481202735169, 0.07168763826610361, 0.075555091506558, 0.07479994790645823, 0.08026395281902649, 0.08098478803051556, 0.08175466759353975, 0.08191107074836575, 0.07049593918594102, 0.08100740296301008, 0.07064066741750354, 0.08309684715918694], [0.07388085805451697, 0.07361363982013458, 0.07158854890283806, 0.07540064520782831, 0.07459935023074508, 0.08024831420869662, 0.08079176523144024, 0.08182893433363918, 0.0818224683249807, 0.07056503651808269, 0.08193447085212528, 0.0706298303743083, 0.08309613794066398], [0.07386996956720172, 0.07384404883360521, 0.07172315022289817, 0.07543755840164763, 0.074697609509293, 0.0800952603121556, 0.08069711724798768, 0.08189792015052708, 0.08170694253387453, 0.07060084081108729, 0.08160813759858235, 0.07072730753697722, 0.08309413727416251], [0.07387167762316016, 0.07393726598045819, 0.07176029376960193, 0.07547654415802334, 0.07475455400618046, 0.08007486829606297, 0.08074222061304226, 0.08187437294511817, 0.0816944961630481, 0.0705875062833198, 0.08133450578833702, 0.0707394832142253, 0.08315221115942231], [0.07412541296181406, 0.0730218834190369, 0.07106730592663156, 0.07576464644595991, 0.0746573938517995, 0.08160448808406025, 0.08208481586627113, 0.08036224759620116, 0.08306375300426579, 0.07019591498270805, 0.08148066866046837, 0.07008575184628076, 0.08248571735450262], [0.07404845448335677, 0.07309179223919707, 0.07105786399362862, 0.07573074687913453, 0.07466023032100094, 0.08151552329900322, 0.08209717814917979, 0.08060510116154589, 0.08315166030792433, 0.07011467907693417, 0.08121149055002934, 0.0700436353474898, 0.08267164419157542], [0.07398717873078353, 0.07327087106338365, 0.07111797562517959, 0.07573646279418657, 0.07472668597103489, 0.08134046649339026, 0.08203756245913311, 0.08102530780431942, 0.08312697078736049, 0.0700624312669404, 0.08073387068202925, 0.07005472137911417, 0.08277949494314468], [0.07403110698637821, 0.07345881166155054, 0.07119843081432822, 0.07587099957799807, 0.07488463795907623, 0.08128925805082242, 0.08218687064319828, 0.08141997046541276, 0.08294076331078588, 0.07004539116294711, 0.08015612939269155, 0.07008228538533642, 0.08243534458947438], [0.0742580322834905, 0.07336576541875837, 0.07108293974210025, 0.07622478798614467, 0.07511190685182484, 0.08178243541948083, 0.08289851737220409, 0.08117099990792627, 0.08333333333333333, 0.06993339659515233, 0.0794696998771757, 0.06991928067154096, 0.08144890454086778], [0.07452018670615435, 0.07311326509582167, 0.07102143215736417, 0.07642421828467591, 0.0751602184043576, 0.08244769705847299, 0.08333333333333333, 0.08044923840617574, 0.0828187866784599, 0.07005381326614539, 0.07967792857806057, 0.06992046033217057, 0.08105942169880788], [0.07450785534642829, 0.07285274398206588, 0.07090329454256902, 0.07630336641652252, 0.07499530442254689, 0.08282244401059331, 0.08333333333333334, 0.08001534970740115, 0.08292022996223225, 0.0700794045029268, 0.08026723318723059, 0.06987207461088565, 0.08112736597526433], [0.07439847857957627, 0.07281699342730472, 0.07093363148418691, 0.07609615773229232, 0.07484406129705932, 0.08242636823396401, 0.08279275130204729, 0.07997706711555636, 0.0831197923263514, 0.07015465006798345, 0.08094382875307554, 0.06994833305979403, 0.08154788662080849], [0.0741671841223782, 0.0729259114153394, 0.07098089914595201, 0.07583159334845833, 0.07467117789475977, 0.08183716127422376, 0.08228555488804679, 0.08026619301567675, 0.08333333333333333, 0.07013066691060887, 0.0813538884539089, 0.0699932590170176, 0.08222317718029626], [0.07407157131520861, 0.07302572840499544, 0.07099479164831227, 0.07577363231128979, 0.07466775975789093, 0.08167139774567658, 0.08225271021273779, 0.08054981211666028, 0.08333333333333334, 0.07006323372130953, 0.08113886532626392, 0.06997490878467537, 0.08248225532164619], [0.07403530109227079, 0.07314723242807405, 0.07101974882672969, 0.07579873582314967, 0.0747309745804029, 0.08159784446130401, 0.08229796457163396, 0.0808698417563374, 0.08333333333333333, 0.07000060953479534, 0.08073044871900793, 0.06995682141718512, 0.08248114345577573], [0.0740238430125861, 0.07322168779836737, 0.07104650139723248, 0.07581990118577196, 0.07477085990432385, 0.08153232741858017, 0.08227201947693152, 0.08103755345005093, 0.08333333333333331, 0.06998287237160264, 0.08052254833421287, 0.06996265107516791, 0.08247390124183875], [0.07409647816179868, 0.07320311798497685, 0.07101468662426871, 0.0759350671475894, 0.07484771372683248, 0.08172239129498296, 0.08253079456999814, 0.0810202979991722, 0.08333333333333333, 0.06994749091981063, 0.0802854594872404, 0.06991360048639063, 0.08214956826360559], [0.07419056014727404, 0.072947611883989, 0.07091964699415255, 0.07594697095831827, 0.07476257149493244, 0.08208303822514958, 0.0826901030237911, 0.08044823232290965, 0.08333333333333334, 0.07000625879772375, 0.08080176178693764, 0.06988261362457467, 0.08198729740691403], [0.07430891999398989, 0.07289901180669653, 0.07087777771039788, 0.07611052856161939, 0.07486073986415642, 0.082