[[0.07507577744068775, 0.0724408207743326, 0.08063717754593848, 0.06999151494801678, 0.07896105541470325, 0.07408515096370866, 0.08163240461182486, 0.0830748387663476, 0.06980355487632092, 0.08078758972742107, 0.08052052945075747, 0.0817974555518058, 0.07119212992813483], [0.07496024489294663, 0.07246531627886267, 0.0809955711808387, 0.06996839287423476, 0.0791423594330523, 0.07402022076223952, 0.08145907282674218, 0.08315375682301379, 0.0698102037456274, 0.08058724214338785, 0.08030357744225644, 0.081931179236791, 0.07120286236000693], [0.07484333569679685, 0.07252009527204946, 0.0814270484133226, 0.06997984322606532, 0.07934159024072604, 0.07396504656981132, 0.081218313868588, 0.08322252365586605, 0.06985651497246653, 0.08033713534564543, 0.08004070642728463, 0.08200018228521647, 0.07124766402616142], [0.07476934046955928, 0.07259103712519567, 0.08177544294286837, 0.06999560506370142, 0.07953488709780998, 0.07394449126332327, 0.08104958051916918, 0.08305598648678873, 0.06990536372764525, 0.08017495539419509, 0.07985633294211812, 0.08204341819257571, 0.07130355877504987], [0.07466719842917101, 0.07265583648126975, 0.08218674270721425, 0.07000561230989723, 0.0797304333344782, 0.07390308957244024, 0.08082708189014368, 0.08316513128121518, 0.06995214048583707, 0.07996199428679233, 0.07961411638184032, 0.08197594289324041, 0.07135467994646037], [0.07460799787640811, 0.07271284354706606, 0.08245882454428095, 0.0699925310747601, 0.07994082293855995, 0.07388785767528283, 0.08074239456655592, 0.08299924990735622, 0.06996994507221815, 0.07985707126644527, 0.07948132247504561, 0.0819593960779659, 0.07138974297805484], [0.07445987498383849, 0.07271117511120907, 0.0827229005353024, 0.06980641247274902, 0.08029560965861698, 0.07379693414801358, 0.08068804108827568, 0.08333333333333336, 0.06983697483369958, 0.07974105199067352, 0.07930805920097482, 0.08197862602198626, 0.07132100662132748], [0.07441730617053485, 0.0728400368826985, 0.0830120486745255, 0.06979108690245824, 0.0806838072048222, 0.0738166817702403, 0.08059758067242286, 0.08289205260633234, 0.06987511051537963, 0.07962174954212896, 0.07914513719662108, 0.08190511323299766, 0.07140228862883796], [0.07438569321131404, 0.07292685618434322, 0.0830541365890009, 0.06968357519012947, 0.08108721583110066, 0.07383160616837994, 0.08061236570053974, 0.08245015326539973, 0.06981873185487007, 0.07960254417441397, 0.07907320940626997, 0.08205600683211652, 0.07141790559212181], [0.07438673001846718, 0.07312261958810476, 0.08308288448552936, 0.06963338323293594, 0.08166959245663474, 0.07390844880328126, 0.08053229887774709, 0.08180953353733623, 0.06984108612436479, 0.07952973767546098, 0.07893015374314588, 0.08202679836626221, 0.07152673309072963], [0.07442738977349986, 0.07334491289327597, 0.08303835969505705, 0.06958917853738217, 0.08225774703691216, 0.07402358680754047, 0.08043292893929958, 0.08112386431816146, 0.06986933581969847, 0.07952840188601609, 0.07880608192303482, 0.08190522123772663, 0.07165299113239526], [0.07446086030263917, 0.07357806342730183, 0.0831686510806476, 0.06965454141557975, 0.08273346072062016, 0.07413335498545863, 0.08019607092021251, 0.08061324274594298, 0.06999519887174975, 0.07939500403519054, 0.07860546695569084, 0.08163487202166231, 0.07183121251730398], [0.07458317526564591, 0.07377380741625106, 0.08283285829079078, 0.069628670591515, 0.08306196477594285, 0.07429672801182427, 0.08019079954809824, 0.080054267999497, 0.07001451596350866, 0.07949069739792484, 0.0786072102775154, 0.08152295248771292, 0.07194235197377308], [0.07473423456828517, 0.073961211289374, 0.08239687177749387, 0.06968161073314118, 0.08306910190442025, 0.07447385443305848, 0.08021654027157869, 0.07965360811844716, 0.0700936048279737, 0.07958573851618073, 0.07867150796335147, 0.08138338689549778, 0.07207872870119751], [0.07496303007952725, 0.07414124763627396, 0.08183208609009296, 0.06972591765526547, 0.082815462092769, 0.0747057687790149, 0.08033083884685258, 0.07919402262927244, 0.07014994556742937, 0.07980002522200415, 0.07891221190492874, 0.08122608662476667, 0.07220335687180256], [0.07511527433063468, 0.07415834906335313, 0.08137622967495912, 0.06965795084447193, 0.0829414641558934, 0.07482796543660689, 0.0804806523180634, 0.07886536190075807, 0.07007237115598687, 0.08003424083031185, 0.07916040072429932, 0.08112891556998934, 0.07218082399467193], [0.07534627008856791, 0.07420383145608196, 0.08075961761769596, 0.0696231385562755, 0.08288964126312094, 0.07501784958344299, 0.0807291026983147, 0.07839851950591233, 0.07002085608172112, 0.08030940625799311, 0.07948077835605111, 0.08103214822835111, 0.07218884030647137], [0.07556968347182125, 0.07408668043042914, 0.08015009220801336, 0.06951134615662981, 0.08286951960323764, 0.0751431371535506, 0.08114407460446636, 0.0779992032498287, 0.06985689763496063, 0.08071409635768163, 0.07992935683575, 0.08096233745903958, 0.07206357483459132], [0.07522666200670637, 0.07244384819358679, 0.08027071875068847, 0.0701676917847809, 0.07869520861043576, 0.07417700858495113, 0.08158079860898396, 0.08333333333333334, 0.06992854993761558, 0.08084300562287956, 0.08063863406009461, 0.08143558986303094, 0.07125895064291266], [0.07508270753286882, 0.07247530399436548, 0.08071389073941465, 0.07012902502868165, 0.07887570481818547, 0.07409714073941075, 0.08143364003792147, 0.08333333333333333, 0.06992883856756439, 0.08063036834318048, 0.08038546871628911, 0.08164578785686827, 0.07126879029191607], [0.07501596261188878, 0.07251444824416893, 0.08097341435281244, 0.07013632997697412, 0.07901207659242135, 0.07406892328508423, 0.08132399369742735, 0.08322261516759236, 0.06995847118214281, 0.0804993540507524, 0.08024156113440607, 0.08173319743180417, 0.07129965227252505], [0.07483427976192088, 0.07253735967974662, 0.08149414244587844, 0.07002650744768925, 0.07932591866451344, 0.07396391194364246, 0.08113379282846442, 0.08333333333333333, 0.06990290379036615, 0.08026442952343969, 0.07997364318457392, 0.0819318403518331, 0.07127793704459826], [0.07496007159907067, 0.07249039008991034, 0.08106432538702893, 0.07005928616890199, 0.07908939884054737, 0.07402596915390287, 0.08132420691674606, 0.08333333333333333, 0.06989469031243437, 0.0804779254773443, 0.0802077791634929, 0.08181729148443703, 0.07125533207284986], [0.07476332867568009, 0.07264441484938759, 0.0819151214063012, 0.07008045199310911, 0.0795469826496321, 0.07395828056840804, 0.08092503458631281, 0.08303134540298976, 0.06999560232382028, 0.08006745622811248, 0.07975354483840455, 0.0819456003641652, 0.07137283611367669], [0.07467901433069926, 0.07267812708335254, 0.08220402994160504, 0.07009443867511826, 0.07965992772544983, 0.07391584725774623, 0.08072692000071732, 0.08333333333333334, 0.07003256727078867, 0.07988201907990974, 0.07955408175180949, 0.08183523785133522, 0.07140445569813518], [0.07460135121868959, 0.07273730753648365, 0.0825339185330316, 0.07001884172888868, 0.07997265493677964, 0.07389217791510368, 0.08069757588900765, 0.08296237622879403, 0.07000146157109814, 0.07981346388848455, 0.07943678658101364, 0.08191531286203592, 0.07141677111058924], [0.07448178054605444, 0.07278018536251975, 0.08294016894911607, 0.06998983217068958, 0.08019291556815064, 0.07383191911846719, 0.08049148259186188, 0.08333333333333334, 0.07001143829980266, 0.07958930804720642, 0.07918828627412501, 0.08172994371683598, 0.07143940602183721], [0.0744470156514787, 0.07292306975875634, 0.08310173425975675, 0.06996869975220955, 0.08061461265770192, 0.07386204678912853, 0.08043592825563267, 0.08284208616700746, 0.07004839485549197, 0.07949614684042297, 0.07904521127444857, 0.08168761438980623, 0.0715274393481584], [0.07438604453095939, 0.07294769058903659, 0.08333333333333333, 0.06982768384350004, 0.08092502906189791, 0.07383447364690436, 0.08045049285268603, 0.08258395116939779, 0.06994795592404864, 0.07947584278140798, 0.07898127727898867, 0.08181617212382458, 0.0714900528640146], [0.07437053735105476, 0.07303783867414534, 0.08333333333333333, 0.06976562085238239, 0.08126379034888201, 0.07385995392337201, 0.08043739149823757, 0.08224263844935571, 0.06992826377091699, 0.07944509283792242, 0.07891216861518714, 0.08187798974181107, 0.07152538060339916], [0.07437246034407434, 0.07316042776866997, 0.08333333333333334, 0.06974189451481788, 0.08161956239503493, 0.07390842961166694, 0.08038386534680525, 0.08186871026014492, 0.06994861435277155, 0.07939362412894037, 0.0788238135134339, 0.08184861684433696, 0.07159664758596972], [0.07440436889766816, 0.07327442252209555, 0.08310092778818919, 0.06978063866950159, 0.08184312093074757, 0.07397185025726503, 0.08033960857617273, 0.08164117417363766, 0.07001382711613181, 0.07938121801882418, 0.07877332318738886, 0.0817896416606678, 0.07168587820170993], [0.07439684001318425, 0.07337637092602033, 0.08333333333333333, 0.06976414725651109, 0.08213657644439044, 0.0740061531314063, 0.08023861110660206, 0.081322239583955, 0.07003469294228869, 0.07932455567579906, 0.07866579741985912, 0.08165378372810489, 0.07174689843854541], [0.07440974185511072, 0.07346251795546933, 0.08333333333333336, 0.06970080526176219, 0.08244849470425311, 0.0740509748961629, 0.0802092056981029, 0.08098843175564914, 0.07000637035390968, 0.07934250167710337, 0.07862142511347085, 0.08164915464976877, 0.07177704274590391], [0.07447079780358518, 0.0737916998971233, 0.08333333333333333, 0.06983116605926754, 0.08307862078361984, 0.0742132382269346, 0.07989220802465345, 0.0803356938414114, 0.07021425053010108, 0.07915557104067704, 0.07836008473016268, 0.08127963444638857, 0.07204370128274194], [0.07459651236007236, 0.07397090367076592, 0.08279827821814884, 0.0698263113683718, 0.08333333333333334, 0.07437101374876132, 0.07992445841040925, 0.0799070328801895, 0.07024510503732272, 0.07926022866731332, 0.07839017549705393, 0.08122474923094312, 0.07215189757731465], [0.07445553719173965, 0.0735233310774638, 0.08333333333333333, 0.06955031090993671, 0.08266144782327851, 0.07411422532992669, 0.08028009968128677, 0.08056096774734192, 0.06988902852749833, 0.07948057786143609, 0.0786691984418559, 0.08172900766008656, 0.07175293441481562], [0.07471880142896492, 0.07415940990258807, 0.08242940762163839, 0.06990237441201734, 0.0833333333333333, 0.07452631399660989, 0.07990161462215686, 0.07957673074983657, 0.07034898297925742, 0.07929386177564249, 0.07842098412782296, 0.08108851923496246, 0.07229966581516904], [0.07492065027231383, 0.0743791933215761, 0.08186154900079215, 0.06994669323119522, 0.08333333333333334, 0.07475410912339689, 0.07993589801059511, 0.07908402332350374, 0.07042123155752955, 0.07942420941088564, 0.07858352035730812, 0.08090505539962478, 0.07245053365794556], [0.07504698473032441, 0.07442278944099842, 0.0815962721385044, 0.06992022668905994, 0.08313008852570125, 0.07486449445206425, 0.0800551362360614, 0.07887446192155724, 0.07039066689554092, 0.07959553474030402, 0.07876466928845467, 0.08087675783293424, 0.07246191710849478], [0.07522509556583139, 0.07445505105746864, 0.08108598062245319, 0.0698342766493276, 0.08333333333333334, 0.07501429381854914, 0.08023288005471113, 0.07846937642210258, 0.07029763022235298, 0.07982925208280317, 0.07902711479855014, 0.08075517724713664, 0.07244053812538015], [0.07544730786243992, 0.07459795584071967, 0.08054680986188789, 0.06987686214863872, 0.08333333333333333, 0.07523275508269461, 0.08035673812862353, 0.07800489079817063, 0.07034302136634339, 0.07994555728361813, 0.07921131264196704, 0.08056077326709356, 0.07254268238446945], [0.07554684033366589, 0.074383373385698, 0.0802305163627843, 0.06968648699511484, 0.08333333333333334, 0.0752349474854963, 0.0807263768403471, 0.07787155277952272, 0.07009996892851923, 0.0803052898252218, 0.07957121498767515, 0.08068480569549488, 0.0723252930471265], [0.07525386563083865, 0.07251748711715644, 0.08035635965309293, 0.07034552516483455, 0.07859217869878232, 0.07421692039817732, 0.08138261629302201, 0.08333333333333333, 0.07009723528103996, 0.0806796973043928, 0.08052878811028602, 0.08131962948233715, 0.07137636353270642], [0.07504406463129833, 0.07257236589718007, 0.08101183059297136, 0.07029630932574917, 0.07892715990217485, 0.07410376214854394, 0.08115022224592228, 0.08333333333333333, 0.07010730380479441, 0.08036441597721061, 0.08012650428401868, 0.08156266221789617, 0.07140006563890672], [0.07511736776527411, 0.07254772162965431, 0.08077240543833655, 0.07030647172190108, 0.07880606143753441, 0.07414134603886324, 0.08125040327913115, 0.08333333333333334, 0.0700959596784127, 0.08048698023248547, 0.08026230439713107, 0.0814943778586071, 0.0713852671893356], [0.0749793840993846, 0.07258027587086882, 0.08120892187190644, 0.0702145959289245, 0.07909526722478236, 0.07406813605875244, 0.08116366857943863, 0.08311660580127236, 0.07005187064716444, 0.08034155898831122, 0.08008188159926781, 0.08172255833792165, 0.07137527499200497], [0.07494079368989835, 0.07262938447008063, 0.08139055516162579, 0.07030725043327819, 0.07910740089093313, 0.07405872303652737, 0.08096195954019678, 0.08333333333333333, 0.0701522134951944, 0.08015663003828925, 0.07990273420425542, 0.08161308201147228, 0.07144593969491508], [0.07485552458470222, 0.07271659040746337, 0.0818081159089865, 0.07030175486615835, 0.07936430563240957, 0.07403829666382594, 0.08082624213972449, 0.08295946162186522, 0.07019091674236146, 0.07999941250762665, 0.07972378234225276, 0.08171079454649458, 0.07150480203612902], [0.07489721344685246, 0.0726267925445538, 0.08151704826853426, 0.07022839482723617, 0.07923356038619564, 0.07403247576565158, 0.08099427925704339, 0.08316525146660969, 0.07009225957218959, 0.08016393439617665, 0.07989404936384209, 0.08174012514145937, 0.07141461556365537], [0.07473139646603298, 0.07273970478582802, 0.08216036219227384, 0.0702610143627383, 0.07955222670730638, 0.07396792817397453, 0.08061396123869287, 0.08333333333333333, 0.0701849750191126, 0.07979558173635427, 0.0794975310084046, 0.0816525439146618, 0.07150944106128647], [0.0747021073203875, 0.07280995680131652, 0.08237711203590403, 0.07029884843257708, 0.07969712998603837, 0.07397543917103154, 0.08051423097243489, 0.08310863004001676, 0.07024546812891282, 0.07970065678856354, 0.07938532677130107, 0.08161265400114448, 0.07157243955037146], [0.07466168733815615, 0.07284712659966901, 0.08257898157281274, 0.07027310072029957, 0.07985291229187723, 0.073964964243236, 0.08047859517795196, 0.08291960552830353, 0.07024305694514224, 0.07965115002060835, 0.07931298008945352, 0.08162719179885097, 0.07158864767363879], [0.07457194758470063, 0.07288382914703012, 0.08286235847957694, 0.07024295743904892, 0.08003018983905648, 0.07392206917558466, 0.08034601933414952, 0.08313470369055241, 0.07024521250177448, 0.0794977619833412, 0.07913617236539508, 0.08152133567434434, 0.0716054427854451], [0.07446400288894563, 0.07292903408708774, 0.08333333333333331, 0.07010754014218713, 0.0803981631732819, 0.07387169996152917, 0.08029753375859001, 0.08295078302165375, 0.07016492072848393, 0.07939920952900549, 0.07898516087236172, 0.08151198202904177, 0.07158663647449823], [0.07445027095557676, 0.07298925254797732, 0.08333333333333333, 0.07008857234329184, 0.08058800641094503, 0.07388522877827382, 0.08028476294731388, 0.08277609923308357, 0.0701718624348728, 0.079369799531631, 0.07893320430090697, 0.08150990940338633, 0.0716196977794073], [0.07443617388066784, 0.07300844189605507, 0.08333333333333331, 0.07004810406166653, 0.08070820739922394, 0.07388400253524732, 0.08029771594383038, 0.08267018903371551, 0.07014660314864374, 0.07936936773077569, 0.07891678141631328, 0.0815642484440446, 0.07161683117648258], [0.07441702758454212, 0.07310815659364417, 0.08333333333333334, 0.07001364503903021, 0.08102531315017823, 0.0739091921423231, 0.08026154500236773, 0.08235635216784891, 0.07015453985020792, 0.07931534296037199, 0.07882831515076319, 0.08160716804757571, 0.07167006897781346], [0.07440224101688694, 0.07319860296283018, 0.08333333333333333, 0.06996126437623376, 0.0813478681754496, 0.07393472841958024, 0.08023613519559164, 0.08206463219443538, 0.07014303624543207, 0.07927687369925306, 0.07875599378012899, 0.08163574685093256, 0.0717095437499122], [0.07443394196397606, 0.073328040407177, 0.0830364488330163, 0.06999270106412, 0.08162013734961215, 0.07400376127095395, 0.08020226975274455, 0.08180517668066556, 0.07020743105565166, 0.07924897298123304, 0.07870294085176956, 0.08161203897608466, 0.07180613881299563], [0.07442798304534852, 0.07352267628312163, 0.08333333333333333, 0.07001379507505756, 0.08206217638248815, 0.07407221793926558, 0.08001466801040238, 0.0812912536367241, 0.07029115276208386, 0.0791295061066486, 0.0785078559497749, 0.08138942888909334, 0.07194395258665806], [0.0745017667662751, 0.07377115889127978, 0.08293002895634467, 0.0701377098128371, 0.08243135103230757, 0.07421169006322755, 0.07986929238223463, 0.08086901802770738, 0.07046586442486175, 0.07905783751142156, 0.07838145577042499, 0.08121835062176214, 0.07215447573931563], [0.07449309400976267, 0.07385438109059973, 0.08317557922576911, 0.06995261519320418, 0.08299852058679281, 0.07424643565734305, 0.07982758525755013, 0.08037498584112575, 0.07033512013779541, 0.07909040948664758, 0.078316783188709, 0.08120085663871292, 0.0721336336859877], [0.07444178679947368, 0.07366828651159855, 0.08333333333333334, 0.06985078470551163, 0.08273201628503803, 0.07414460219520533, 0.07997884708263926, 0.0806851275725865, 0.07019640887503516, 0.07917779753661262, 0.07843551150039958, 0.08138323678190305, 0.0719722608206633], [0.07445702963560961, 0.07359613151869501, 0.08305849953516113, 0.06998222564313046, 0.08231121038160313, 0.07412136391567209, 0.08003228108728365, 0.08109239134492308, 0.07028300561071534, 0.07917399664348079, 0.07850843124436525, 0.0814057374264915, 0.07197769601286905], [0.0744308095801747, 0.07340222703345761, 0.08306110792734642, 0.0699404404203666, 0.08190035748745082, 0.07403166461104764, 0.08017855113232905, 0.08153833482705652, 0.07018798502496752, 0.07925237683677014, 0.07865222856472184, 0.08158988081431319, 0.07183403573999814], [0.07445070550417966, 0.07366711021406414, 0.08322282314986511, 0.0699025036910285, 0.08263492405693805, 0.07414777441816355, 0.07997974122699793, 0.0807760088708237, 0.07023888742055708, 0.0791667270289499, 0.07844384897987366, 0.08137675340839937, 0.07199219203015944], [0.07444152516904036, 0.07353757127382511, 0.08315245921077574, 0.06970975821223753, 0.08260604911657934, 0.07410136462254721, 0.08018859912132133, 0.0808162216503664, 0.0700328644506684, 0.07935343031173574, 0.07860350590994039, 0.0816283698180789, 0.07182828113288353], [0.07452697500499152, 0.07393794327212602, 0.08307705965345039, 0.06989673489361575, 0.08333333333333334, 0.07430532491451454, 0.07980269655106302, 0.08008259683460607, 0.0703076977197016, 0.07911912027782986, 0.07829437017275787, 0.0811526826777453, 0.07216346469426475], [0.0746343154376426, 0.07410729074081059, 0.08273811354853343, 0.06995410474368421, 0.08333333333333333, 0.0744429976642457, 0.0798002859077444, 0.07978396506920903, 0.07039206759656252, 0.07916169879917857, 0.0782933404385665, 0.08106670572197561, 0.07229178099851336], [0.07476932886056044, 0.07429533279709243, 0.08231409600831927, 0.07000797781307012, 0.08333333333333333, 0.07460858609326437, 0.07980166584627929, 0.07942514588657774, 0.07047415590756315, 0.07922400782509612, 0.07837334874830056, 0.08094380076981707, 0.07242922011072613], [0.07488009028496222, 0.0744414137632715, 0.0819925029194207, 0.0700592794239139, 0.08333333333333333, 0.07474158693236017, 0.07979023256654726, 0.07915259616837801, 0.07054488880299382, 0.07926511858655005, 0.0784359275015543, 0.08082346567736892, 0.07253956403934572], [0.07505486592486833, 0.0745511077370533, 0.08153476401436761, 0.07002647068129095, 0.08333333333333334, 0.07491347270253379, 0.07989113355412286, 0.0787742081818367, 0.07052063224942959, 0.07944941881346287, 0.07864300072385341, 0.08071912683733921, 0.0725884652465081], [0.0752728847071679, 0.07469423644241417, 0.08101329342233855, 0.07003653752349082, 0.08333333333333334, 0.07512934926209965, 0.08000989807777466, 0.07832132923735878, 0.07053717263554936, 0.07961352688774664, 0.07885442873082707, 0.0805082711747638, 0.0726757385651354], [0.07544523466231123, 0.07477251613014337, 0.08065972390604247, 0.07005761358819279, 0.08306129527567367, 0.07528628232449985, 0.0801582710658265, 0.0780407376115091, 0.0705515980225712, 0.07975566224438935, 0.07903591265229648, 0.08044676755473978, 0.07272838496180435], [0.07561253249994311, 0.07473723456684267, 0.08018878621947369, 0.06995544700666388, 0.08333333333333333, 0.07540599488895519, 0.08037467144133321, 0.07767883674351218, 0.07042746171292766, 0.07996533493005048, 0.07929458225614656, 0.08036627638948059, 0.0726595080113374], [0.0757332697415362, 0.074466141779199, 0.0799024930009083, 0.06976557028954822, 0.08302245771109731, 0.07540000447213903, 0.08082898118370654, 0.07761083431728082, 0.07016561872635593, 0.08041324329532631, 0.0797420814456481, 0.08054300586694044, 0.07240629817031374], [0.0744559448964656, 0.07347122031611172, 0.08303107958982119, 0.07009484741315464, 0.08179144148580329, 0.07406871720094935, 0.0800655464904035, 0.08155935409666368, 0.07033843934358042, 0.07915203309658957, 0.07858229028281345, 0.0814477184499454, 0.07194136733769826], [0.07445446473925317, 0.07334969371613814, 0.08310635831326917, 0.07014434692104375, 0.081400037865019, 0.07402034928264144, 0.0801015622478417, 0.08190829583480465, 0.0703404173182947, 0.07916901538968941, 0.07865759672173174, 0.08146665100046126, 0.07188121064981211], [0.07446891373278225, 0.07323952649341316, 0.08312161039972062, 0.07019594001564028, 0.08103422919414675, 0.0739874283934666, 0.08013751336592816, 0.08223088261636527, 0.07034465229001374, 0.0792176926640952, 0.07874326906186511, 0.08145003965753049, 0.07182830211503245], [0.07445950325639558, 0.07317097152124283, 0.08333333333333333, 0.07020243253723782, 0.08085015635374207, 0.07395543893509259, 0.08013081990981918, 0.08239073662873549, 0.07032864467143012, 0.07922081204463227, 0.07876549254889724, 0.08140562932984328, 0.07178602892959811], [0.07450870157173774, 0.07311532634192411, 0.08311475403774087, 0.07028423106755247, 0.08056602461261836, 0.07396579790254726, 0.08016107464226822, 0.08265240947216781, 0.0703702362920279, 0.07927516082624263, 0.07885455442225758, 0.0813523889022496, 0.07177933990866545], [0.07455178269093037, 0.07298368182579776, 0.08298334139856926, 0.07032962835707762, 0.08014843622465538, 0.073945230544264, 0.08020131590176442, 0.08308585166290106, 0.07035575504742926, 0.07935542584284702, 0.07898563777018114, 0.0813661861931088, 0.0717077265404739], [0.07458903748549771, 0.0729312220275139, 0.08278043154288066, 0.07035706871780963, 0.07996099321290756, 0.07394762016191787, 0.08022739290034203, 0.08333333333333334, 0.07035490438044227, 0.07940469451629129, 0.07905981069106133, 0.08137143649278959, 0.07168205453721295], [0.074511257425198, 0.07354326430183981, 0.08306140318013959, 0.06949088518192291, 0.08272524292972715, 0.07416439818008877, 0.08037433036622257, 0.08038938951154732, 0.06983488305994764, 0.07960770214140958, 0.07875625515988427, 0.08180220427333665, 0.07173878428873579], [0.07465588104361634, 0.07394807946709535, 0.08256173552602576, 0.06971815195002086, 0.08333333333333334, 0.07441076042400198, 0.08008647844962584, 0.07977060910949992, 0.07013430338827034, 0.07943654346727316, 0.07852788716925349, 0.08132703664556994, 0.07208920002641378], [0.07486121079464317, 0.07424757744892012, 0.0820639469345703, 0.06987710302756069, 0.08313646023902053, 0.07466417779872542, 0.08002963209823763, 0.07929417056718081, 0.07033028342938293, 0.07947568577550296, 0.07861001911170216, 0.08107053376329108, 0.07233919901126212], [0.07466889748183374, 0.07291719654026264, 0.08259148478104919, 0.07040866890919442, 0.07981948337814825, 0.07399228622052133, 0.08031398481426334, 0.08308491545774861, 0.07038006760680736, 0.07951215083371381, 0.07918859818076593, 0.08143296972686662, 0.07168929606882486], [0.07473752403261848, 0.07288951786842932, 0.08237164889555075, 0.07044723541064181, 0.07966165758304812, 0.07402461239017556, 0.08039548686535103, 0.08302382852201451, 0.07039157091299539, 0.07960539457254127, 0.0793056021177606, 0.08146296619121032, 0.071682954637663], [0.07478475767529341, 0.07280513758564998, 0.082083729388455, 0.07042689843225833, 0.07944999312874036, 0.07402248455825435, 0.08050997616288968, 0.08333333333333333, 0.07033789225051862, 0.07971055298294961, 0.07943974943612939, 0.08147883583221435, 0.07161665923331349], [0.07490657390071058, 0.07281128409437078, 0.08178740128089404, 0.07052435683914103, 0.07925383907149802, 0.0741008192745752, 0.08063424631447844, 0.08301807863008741, 0.07040158914535796, 0.07985055487153854, 0.07959706635631181, 0.08146020810720753, 0.07165398211382856], [0.07496772890016155, 0.07274806924673899, 0.08150776721220589, 0.07051410041005575, 0.07908665156978464, 0.0741158108308481, 0.0807505040304322, 0.0831902065949849, 0.0703614248585006, 0.07997780611874131, 0.07973718132852303, 0.08143731947292682, 0.07160542942609632], [0.07498638464724146, 0.07270285886223228, 0.08137593183224696, 0.07047990463718257, 0.07901950501238567, 0.07411116799974128, 0.08081823607810681, 0.08333333333333333, 0.0703143653801054, 0.08004816764570157, 0.07981199790254322, 0.08143695343748103, 0.07156119323169836], [0.07504227533193876, 0.07266728260928178, 0.08117172341676952, 0.07047053011408053, 0.07892190475640118, 0.07413374077034729, 0.08092217108542067, 0.08333333333333333, 0.07028539688537098, 0.08016248844152424, 0.07993530291876529, 0.08142212337416704, 0.07153172696259938], [0.07512785769424883, 0.07266649500490127, 0.08096232356545928, 0.07050662495870341, 0.07882707418566397, 0.07418789466290696, 0.0810248598511508, 0.08311042200668614, 0.07030161912915968, 0.08028394977137135, 0.08007045430882838, 0.08138822669966642, 0.07154219816125361], [0.0752343067934037, 0.07264874236736216, 0.08064370661653923, 0.07057164260389565, 0.07863294196916548, 0.07424781145052421, 0.08108472793207852, 0.08316559622789409, 0.07033301430556617, 0.08039165066564181, 0.08025315070210548, 0.0812403368163366, 0.0715523715494867], [0.07534893057951772, 0.07264056822186182, 0.08033752541909098, 0.07062372793923051, 0.07846867987166599, 0.07434040711061697, 0.08116685509740529, 0.08305893949615488, 0.07035577166109006, 0.08052518323512435, 0.0804557635843945, 0.08111395987163987, 0.07156368791220685], [0.07520697657839949, 0.07257711946252779, 0.08058779926589917, 0.07043692248590945, 0.07864943808420757, 0.07420634890670903, 0.08120512538185777, 0.08333333333333331, 0.07020072399693675, 0.08049287840375165, 0.0803315024577565, 0.08131878831338032, 0.07145304332933095], [0.07454118550843823, 0.07387757075474106, 0.08303636500395682, 0.06981735167653345, 0.08314907732101448, 0.07429638459630326, 0.07993002683940009, 0.08012154660449558, 0.07021737916200983, 0.0792359638780032, 0.07839852196904303, 0.0812884249415463, 0.07209020174451457], [0.07450990622468309, 0.07371345965684038, 0.08307063465672924, 0.06969906874929623, 0.08291794559794094, 0.07421756568821468, 0.08010731053225142, 0.08034276864744272, 0.07006846884835834, 0.07936570098774107, 0.07854017242018022, 0.08151136033780361, 0.07193563765251808], [0.07485650434644238, 0.07398916726303242, 0.08210202361695178, 0.06965002191302992, 0.08276084565993182, 0.07457418746855012, 0.08038630581758985, 0.07946626949397913, 0.07005477196080655, 0.07979267214928831, 0.07887594954876631, 0.08141307534735494, 0.07207820541427637], [0.07463565980716223, 0.07375527316583799, 0.08264708896665116, 0.0695527223973128, 0.08301663271528416, 0.07433130346961912, 0.08032802364396704, 0.07993840962602965, 0.06993440767369515, 0.07963893388330094, 0.07872249230233314, 0.08160257347558048, 0.07189647887322619], [0.07441649815701241, 0.07326856908181796, 0.08300092109715089, 0.0696201866773235, 0.08204093347543234, 0.07398522547604684, 0.08047609349269769, 0.08139169746129056, 0.06987274825903371, 0.07953044922763186, 0.07885541209630613, 0.08192532447684464, 0.07161594102141147], [0.07443962105513495, 0.07341005438060544, 0.08333333333333334, 0.06946939181423502, 0.08248303882459174, 0.07406368061519494, 0.08041592226637569, 0.08070498727008459, 0.06978586859085203, 0.07957809666491245, 0.07877712206807033, 0.08189250330993093, 0.07164637980667865], [0.07500331597356542, 0.07408005688656749, 0.08170651392168145, 0.06965601263625028, 0.0827376473725112, 0.0747154597651542, 0.08046818221424591, 0.07915325381359131, 0.07006431812774686, 0.07994769342950395, 0.07904890520961616, 0.08128515751129353, 0.07213348313827195], [0.07520781417845215, 0.0741076295006472, 0.08111490742039283, 0.06959455007508926, 0.0828097224381077, 0.07487962100628202, 0.0806521420599564, 0.07872502829933496, 0.06998793337514655, 0.08023993591394843, 0.07936637446051127, 0.08119515286400332, 0.07211918840812791], [0.07584969625110076, 0.07474507605172385, 0.07966577634586737, 0.06994253763724716, 0.08333333333333336, 0.07558812468332196, 0.08057569173530228, 0.07728829445116055, 0.07038410348650288, 0.08017177873112596, 0.07958987687350365, 0.08021135126931578, 0.07265435915049463], [0.07576096009211207, 0.07489290360078825, 0.07994068215058354, 0.07007960789906764, 0.08310772036872537, 0.07556972955950236, 0.08035118166300989, 0.07744832019514743, 0.0705585833259804, 0.07994806702674485, 0.07933665281542593, 0.08019975848080402, 0.07280583282210823], [0.07481233359696889, 0.07246939392563048, 0.08076180642059133, 0.06917643246304271, 0.08009458428322172, 0.07397144680066593, 0.08234671579303014, 0.08139005773965473, 0.06916931591179909, 0.08117730408134949, 0.08058370644114056, 0.0831499635711773, 0.07089693897172764], [0.07474484589899408, 0.07246559353153319, 0.08111890212014879, 0.06929306798151093, 0.08007911896174054, 0.07391687333978399, 0.0820266409754966, 0.08176502759309026, 0.06927633895913761, 0.08092593983120507, 0.08039144031831888, 0.08305355136180564, 0.07094265912723445], [0.07464148038131646, 0.07249121561344748, 0.08140742472689094, 0.06926022856840326, 0.08028812222505173, 0.07385845373634557, 0.08183716964367846, 0.08176726237475228, 0.06927332527763284, 0.08072146222912056, 0.08017054688062364, 0.08333333333333331, 0.07094997500940327], [0.0745848306118218, 0.07254735216123583, 0.08170348266358843, 0.06931852923766661, 0.08042046956503755, 0.07383855486000623, 0.08162391189480314, 0.08202384069657594, 0.06935008636803415, 0.08052318043242233, 0.07997763387388851, 0.08307600190040502, 0.07101212573451438], [0.07452984510014934, 0.07264866094384184, 0.08186578192256243, 0.06926533390568711, 0.0807811414874616, 0.0738421746928123, 0.08151536139732651, 0.08193051618276524, 0.06934790670573678, 0.08039192317109733, 0.07979900151092573, 0.08302270006840073, 0.0710596529112331], [0.07452141946109796, 0.07273931734780452, 0.08183479535120558, 0.06919963432695864, 0.08108249679602784, 0.07387459890906901, 0.08148654499115571, 0.08163355537104276, 0.06932379089950652, 0.08035553164910801, 0.079717419276918, 0.08313763945043202, 0.0710932561696734], [0.07458258929029994, 0.07276471510580401, 0.0817731988099991, 0.06903198293586553, 0.08120241009715469, 0.07393605903976556, 0.08168176016978597, 0.08104294227578064, 0.06918062417698381, 0.0805849620194247, 0.07984483079730596, 0.08333333333333334, 0.07104059194849685], [0.07479475564120146, 0.0727026746264699, 0.08114231797085848, 0.06895288519151967, 0.08084146118097714, 0.07406417308271432, 0.0822139561138912, 0.08047926883344249, 0.06906091343674775, 0.08112563048057912, 0.08032691545982495, 0.08333333333333334, 0.0709617146484403], [0.07485403327826246, 0.072507606268892, 0.08067919686088737, 0.06893140517422733, 0.08050384959824244, 0.07402921215671403, 0.08262967118768448, 0.08065994574250487, 0.06897036381285747, 0.0813977947513254, 0.08067924913242512, 0.08333333333333333, 0.07082433870264361], [0.07484976287883538, 0.07242848662665924, 0.08054931241043821, 0.06899179879459909, 0.0802594147812669, 0.07399134787350405, 0.08265926896415308, 0.08097517007731139, 0.06899559235822596, 0.08141740747632865, 0.08075258354343233, 0.08333333333333333, 0.07079652088191234], [0.07477031660097493, 0.07253176971892991, 0.08091338311779867, 0.06909894572342046, 0.08035148937809364, 0.07397096606303441, 0.0823119793270605, 0.08111043976471997, 0.06913140816039758, 0.08110653332925237, 0.08046100991615254, 0.08333333333333333, 0.07090842556683165], [0.0747422848853659, 0.07247737077664197, 0.08097051753663995, 0.06917203583162733, 0.0802127837124714, 0.07392657617565047, 0.08218699908043162, 0.08144131001374806, 0.06917900053101037, 0.08102306027798464, 0.08043216277821082, 0.08333333333333331, 0.0709025650668839], [0.07463012266462463, 0.07258815468229286, 0.08136299950403614, 0.06915025578267744, 0.08063888497094476, 0.07389347878665485, 0.08189727232539905, 0.08148695203244453, 0.06921488228419562, 0.08072958679539613, 0.08010379798240384, 0.08333333333333334, 0.0709702788555969], [0.07467414833214173, 0.0726569089695776, 0.08137018482374202, 0.0690450856546444, 0.08081293447329593, 0.07395651007801121, 0.08201119243774993, 0.08104702898432739, 0.06914207958650354, 0.08083331076395531, 0.0801452529294093, 0.08333333333333333, 0.07097202963330819], [0.0746797284097344, 0.07261005073166003, 0.08126207501467227, 0.06908605943632544, 0.08067240474808335, 0.07393969349950043, 0.08204857345171503, 0.08118866288322395, 0.069160322847337, 0.08086192992913203, 0.08019973831505992, 0.08333333333333334, 0.07095742740022294], [0.07476647741256687, 0.07262954013467487, 0.08111155328796217, 0.06901747852039906, 0.08061786762133774, 0.07401143617356411, 0.08225988382592601, 0.08078969275374906, 0.06909569117463397, 0.08106604099434808, 0.08036072125579445, 0.08333333333333331, 0.0709402835117101], [0.0746325218798765, 0.07254423324451285, 0.08137196603698982, 0.06918891139156494, 0.08049621443129201, 0.07387615661603751, 0.08188769995048796, 0.08160930098235507, 0.06923246988963622, 0.0807338290226124, 0.08013660628039944, 0.08333333333333334, 0.07095675694090205], [0.07454987118470967, 0.07266739694028164, 0.08164118492184474, 0.06915202951684815, 0.08092365685858627, 0.07386880154076475, 0.0816478899454632, 0.08157527091753551, 0.06925529107748392, 0.08049875051241306, 0.07986059430957719, 0.08333333333333334, 0.07102592894115865], [0.07458810928780701, 0.07271233639105142, 0.08166219852370833, 0.06906429238406074, 0.08105360202393037, 0.073917493295957, 0.08174579745223913, 0.08120331291985755, 0.06918992048204842, 0.08060029242883035, 0.07991034691969306, 0.08333333333333336, 0.07101896455748351], [0.07476011957985314, 0.07278837784722118, 0.08138234542894966, 0.06900933269713899, 0.08096452983976836, 0.07407047882908378, 0.08201678759002647, 0.0805853622107, 0.06914157966198342, 0.08096240708694986, 0.08015638836095133, 0.08312126477162202, 0.071041026095752], [0.07466926205204352, 0.07284613240794058, 0.08170323034111093, 0.06903394531788892, 0.08123909171510976, 0.07402841582476219, 0.08174909557224287, 0.08074251307181518, 0.06919515600567651, 0.08071732262498701, 0.07991439468915112, 0.08306991479795292, 0.07109152557931837], [0.07457541684250232, 0.07262402469344194, 0.08167243344671739, 0.06923676537693331, 0.08070697008356051, 0.07386537100196378, 0.08166529478666117, 0.08178894880708591, 0.06930829966303723, 0.08052736884311554, 0.07992738323940286, 0.08307146277846696, 0.07103026043711132], [0.07454317912442218, 0.07278129758268621, 0.08187738017406725, 0.06915859130956892, 0.08119911991856797, 0.0739080929999736, 0.08152271612920983, 0.08141271924792408, 0.06929938331953459, 0.08039850475492386, 0.07972847358971974, 0.08306704278370816, 0.07110349906569366], [0.0745490223252619, 0.07283757102384435, 0.08198836011951784, 0.06908281618642376, 0.08138435017011593, 0.07393836699075933, 0.08150102562160129, 0.0810985371061513, 0.06925273453313482, 0.0804363305648826, 0.07969019493956568, 0.08313082904429217, 0.07110986137444905], [0.0751583423327905, 0.07226225339001305, 0.07958663227044789, 0.06914351700391208, 0.07972116834075789, 0.07411948140226092, 0.08304215775732593, 0.08133225741976086, 0.069024529039119, 0.08198480099091585, 0.0814659956346743, 0.08241781745825899, 0.07074104695976266], [0.07509037752199138, 0.07229074349514372, 0.07978019774076658, 0.06900126574326626, 0.07996997902986512, 0.07409737341676505, 0.08313635790535485, 0.08103276675553008, 0.06892423796778342, 0.081993056228913, 0.0813624083229217, 0.08261590981053435, 0.0707053260611645], [0.07505772437706809, 0.07242570432677498, 0.08004998326307093, 0.06887674947654232, 0.08041016455209414, 0.07414174864448583, 0.0831085334338365, 0.08050162305371797, 0.0688683507528287, 0.08192179248943693, 0.08116241484995357, 0.08273001254241677, 0.0707451982377733], [0.0752163421018079, 0.07264478829137759, 0.07996076365849798, 0.06887966325928609, 0.08081425503374086, 0.07434151065821833, 0.08290632382997265, 0.0798773988532494, 0.06891979414721558, 0.0820862934784831, 0.08110993490481135, 0.0823565656090674, 0.07088636617427177], [0.07573148296901222, 0.07274894547395229, 0.0788620731474075, 0.06900349382329811, 0.08053249887539742, 0.07473891368681816, 0.08333333333333333, 0.07920157895015129, 0.06898839831024912, 0.08286834285904028, 0.08167480921966118, 0.08131813261323007, 0.07099799673844906], [0.07603363888622612, 0.07263036659433307, 0.07823919967021489, 0.0693031083027721, 0.07980445077682262, 0.07486825977333335, 0.0827896988254542, 0.07947128477775471, 0.06916221678992479, 0.08333333333333333, 0.08239763112657807, 0.08093087512922752, 0.07103593601402522], [0.0759188441516122, 0.07237149043766095, 0.07817262850551147, 0.06935444650623393, 0.07936199413012474, 0.07466580414054554, 0.08289763420242603, 0.0800995248912211, 0.06913577616826827, 0.08333333333333334, 0.08279449959466316, 0.08100670487189349, 0.07088731906650585], [0.07565244766097515, 0.07226317788564417, 0.07856459414489914, 0.06934666711801969, 0.07932054714176882, 0.07443741658697971, 0.08310670016158155, 0.08079732861183724, 0.06912770084726375, 0.08275960830471277, 0.0823707623496926, 0.08143842117022117, 0.07081462801640416], [0.07526802594480939, 0.07221778447031776, 0.07927793001956614, 0.06913881802593683, 0.079613197694692, 0.07417466726329813, 0.08333333333333334, 0.08120518287178895, 0.06899108737922584, 0.08220684064585765, 0.0817247615103737, 0.08213977681957015, 0.0707085940212302], [0.07516225070056891, 0.0722586645984181, 0.07956775745867982, 0.06899003058118952, 0.0799042304707302, 0.07413312916115311, 0.08333333333333333, 0.0809613903995538, 0.06889456247290497, 0.08216531613430461, 0.08153699072964074, 0.08241342542425775, 0.07067891853526516], [0.07517059565747172, 0.07236061988850358, 0.07968539100139713, 0.06888909437762436, 0.08023227197797554, 0.07419282954249662, 0.08333333333333334, 0.08051345287142973, 0.06884165575639889, 0.08221164852029446, 0.08145316118311494, 0.0824100985605236, 0.07070584732943618], [0.0751855396374414, 0.07242824670029034, 0.07973821334880102, 0.06885568855995948, 0.08040589648634175, 0.07423340223337745, 0.08333333333333334, 0.08028523283191676, 0.06883375997281345, 0.08218241239883604, 0.08138026789662042, 0.08240133910757867, 0.07073666749269002], [0.07535165939467825, 0.07247126289893575, 0.07941371253075229, 0.06889191870231672, 0.08037723197144828, 0.07436457669587632, 0.08333333333333334, 0.08004511219679929, 0.06885535575872874, 0.08246750848042168, 0.08159535665591103, 0.08205621967327839, 0.07077675170751999], [0.07541517727471776, 0.07227820850276917, 0.07905738534144464, 0.06904675346897307, 0.07978859619815018, 0.07430905122947577, 0.08333333333333334, 0.08061949700088951, 0.06891420625192879, 0.082643792566986, 0.08199302110881937, 0.08189038726803559, 0.07071059045447689], [0.07564603322514131, 0.07231628223740438, 0.07862216592554853, 0.06912126258218115, 0.07965848245588501, 0.07447682242161392, 0