[[0.07600579041664508, 0.08094083396680667, 0.07208644082584466, 0.07361640958894361, 0.07512673393566663, 0.08083732344448005, 0.08107430587173048, 0.08310395189675042, 0.08182397289216678, 0.07149414652357312, 0.07132735558568776, 0.08197043485523109, 0.0705923001964737], [0.07591776938750745, 0.08126291154627349, 0.07211581620241797, 0.07366293698234291, 0.07508524395779205, 0.08065005240175324, 0.08090127794957706, 0.08317429272305867, 0.08167340835622168, 0.07149677250966387, 0.07135667347606663, 0.08209152591199297, 0.0706113185953321], [0.07582674570779399, 0.08164785644583415, 0.07217385120486004, 0.07373445366458356, 0.07505019021572851, 0.08042209667031039, 0.08068418975274462, 0.08323535891811248, 0.08146329995741013, 0.07152659935197113, 0.07141755640732296, 0.08215460330428098, 0.07066319839904694], [0.07577406111915172, 0.08195821337133556, 0.07223903961708736, 0.07381911748150778, 0.07504598254823593, 0.08026425178876641, 0.08054549371494643, 0.08308852459234944, 0.08131750853445997, 0.07156037645297211, 0.07148072215677277, 0.08219474998357046, 0.07071195863884407], [0.07569690966540225, 0.08232298074921672, 0.07230088444404136, 0.07389917002039649, 0.07502359231886382, 0.08005603420648609, 0.08036257721514035, 0.08318511707014399, 0.08112487500096102, 0.07158921379348321, 0.07154209549826439, 0.08213722819557803, 0.0707593218220223], [0.07566248525345401, 0.0825645119970699, 0.07235100663962574, 0.07397591085312523, 0.07502937652012028, 0.0799468514906761, 0.08027718972342994, 0.08303962506053082, 0.08105551859917948, 0.0716048137945225, 0.07158495738956405, 0.08212544121167915, 0.07078231146702281], [0.07557900335686436, 0.08279988885678821, 0.07233479215113182, 0.07403750972891891, 0.07499967320244323, 0.07981573031558435, 0.0801941136737422, 0.08333333333333331, 0.08102166767328779, 0.07151243963132778, 0.07153914744042952, 0.08214948289983029, 0.07068321773631807], [0.07557526733306578, 0.08305377523616819, 0.07243798740908224, 0.07419700453998408, 0.07505264849692109, 0.0796890754752762, 0.0801037882128529, 0.08294936355147757, 0.08095288413592537, 0.0715498742114299, 0.07162298533174422, 0.08209060205863013, 0.07072474400744229], [0.07559246947694247, 0.0830917921048583, 0.07248999730389655, 0.07433024787550623, 0.07511311265151675, 0.0796477761494232, 0.08010571906160777, 0.08256926855498715, 0.08097934505085111, 0.07152453033966107, 0.07164145830354578, 0.08222828100542992, 0.07068600212177369], [0.07564726250382629, 0.08311817149865232, 0.0726302543905488, 0.07456957019903862, 0.0752363687638263, 0.07955054013080194, 0.080065645630601, 0.08202422944777704, 0.08092695088137507, 0.07156363894469354, 0.07174207751839926, 0.08221088272892911, 0.07071440736153065], [0.07573465669474758, 0.0830816576653808, 0.07277915450592243, 0.07482693667488456, 0.07539012630968363, 0.07947061858589304, 0.08008691216460426, 0.08144818321122999, 0.0808586674022809, 0.07162290581242768, 0.07184566078280723, 0.08211484795384914, 0.07073967223628873], [0.07579912098506324, 0.0831354188299485, 0.07296329533985497, 0.07507300384141101, 0.07552101423891823, 0.07931858466966588, 0.07998903359559721, 0.08102352184999245, 0.08066927325324884, 0.07175708428011825, 0.07200702814021542, 0.08189105583717399, 0.07085256513879204], [0.07591029534678813, 0.08311495801617343, 0.07303802738161869, 0.07524971920401967, 0.075667293011309, 0.0793240125072359, 0.08007350279126182, 0.08055159769551488, 0.08066742175992482, 0.07176123884615065, 0.0720345560418511, 0.0817975295589101, 0.07080984783924171], [0.07598593053187341, 0.08333333333333331, 0.07306185348669157, 0.07535220319933154, 0.07576345166667128, 0.07935008930751247, 0.0801312432759191, 0.0801892336908976, 0.08067022471006836, 0.0717316887649994, 0.07202079687239142, 0.08166722362678089, 0.0707427275335294], [0.0761567498203866, 0.08294081690569108, 0.07311130563719931, 0.07547548404161838, 0.07593617750038893, 0.07954272429686904, 0.08030392329058539, 0.07978434495704965, 0.08075903563156331, 0.07173174783294946, 0.07203007699760275, 0.08152660883030721, 0.07070100425778894], [0.07624068531793186, 0.08333333333333331, 0.07300667971631018, 0.07543164465669662, 0.07599272155223435, 0.0797318573426949, 0.08048603059597195, 0.07947722221223782, 0.08087130886564775, 0.07158969347253635, 0.07188837570543309, 0.08143079658236047, 0.07051965064661113], [0.0764334991948501, 0.08295003829744736, 0.07298511264805063, 0.07545384782985735, 0.07614978452481491, 0.08000520263772919, 0.08072103459131566, 0.07907026493509398, 0.08108360037275338, 0.07153866486972392, 0.07183300058353888, 0.08134539420480176, 0.07043055531002285], [0.07656752431965336, 0.08333333333333331, 0.07277367339967226, 0.07526682305300111, 0.07619580084211551, 0.08036686069732775, 0.08105073977811898, 0.07868478451378517, 0.08142545408771251, 0.07131317467700618, 0.07158898734313819, 0.08126707512439209, 0.07016576883074332], [0.07610381326515743, 0.08060209720765069, 0.07211053999985743, 0.07356357547916441, 0.07516773356345742, 0.080930203653018, 0.08111246197520572, 0.08333333333333333, 0.08177042490281097, 0.0715922295003655, 0.07137896307897454, 0.08164092791191982, 0.07069369612908465], [0.07599088971182437, 0.08100222415073724, 0.07213870552214623, 0.07361953574153307, 0.0751138085314138, 0.08070995296462606, 0.08092789542703627, 0.08333333333333334, 0.08164274752117169, 0.07158248053348036, 0.0714043294646899, 0.08183154330923849, 0.07070255378876923], [0.07594031614615218, 0.08123568466915117, 0.07217857515433593, 0.07367025176820596, 0.0750985263240452, 0.08058516618159332, 0.08081430920348219, 0.08323491986474212, 0.08154730227127707, 0.07160298297377814, 0.07144489057040732, 0.08191102902371178, 0.07073604584911762], [0.07581229823848548, 0.08170578514876838, 0.07219641274253899, 0.07374231930664704, 0.07504208696123028, 0.08036025553069104, 0.08061757997762335, 0.08333333333333333, 0.08138690233479226, 0.07155777460246555, 0.07144839448893085, 0.08209311548901935, 0.07070374184547407], [0.07590374539994713, 0.08132004453458003, 0.07215212046326887, 0.0736676298195438, 0.07507491710394781, 0.08056003180731383, 0.08079973239919026, 0.08333333333333333, 0.08155063719232483, 0.07155528270385031, 0.0714092369420066, 0.08198815070504178, 0.07068513759565143], [0.07576066362058098, 0.08208016592734953, 0.07229526760441396, 0.07385809669200996, 0.07504930304812162, 0.08017014299721166, 0.08044752292502842, 0.08306648927138907, 0.08120530053646252, 0.07162275706868768, 0.0715477817861262, 0.08210709789417024, 0.07078941062844817], [0.07569216895550121, 0.08233623664137954, 0.07233322213320122, 0.0739000160408613, 0.07501834527851307, 0.07999651589561046, 0.08028606184704562, 0.08333333333333334, 0.08103205085171572, 0.07164430612813841, 0.07158967796263793, 0.08201061876409327, 0.07082744616796899], [0.07565635124566357, 0.08263050400753313, 0.07237577462126557, 0.07399820246269476, 0.0750328604188154, 0.0799075682288492, 0.08023873530000437, 0.08300719534891556, 0.08101602869140141, 0.07162750157466151, 0.0716122212914123, 0.0820866384117023, 0.07081041839708088], [0.07557028313233219, 0.08298851757893703, 0.07241771218197449, 0.07406539973433393, 0.07500033715705602, 0.07969801542025579, 0.08004972231631584, 0.08333333333333334, 0.08084095369102909, 0.07163072342159098, 0.0716496725787598, 0.08192711745418028, 0.07082821199990136], [0.07557704179296335, 0.08313118549218564, 0.07252927431950831, 0.07424225711706597, 0.07506646033494377, 0.07959050913548625, 0.07998410160436244, 0.08290455547766602, 0.08080437597464206, 0.07166820970208132, 0.07173777039949601, 0.08189689178617025, 0.07086736686342864], [0.07556379438669002, 0.08333333333333333, 0.07253095324788827, 0.07431463865229998, 0.07508482790196416, 0.0795541472850151, 0.07998361212264206, 0.0826825938705508, 0.0808299670191258, 0.07160546000447288, 0.07170990042599679, 0.08201587914514538, 0.07079089260487545], [0.07558510738157825, 0.08333333333333333, 0.07259137850337749, 0.07443774266753553, 0.07514371434164635, 0.07951129127482211, 0.0799719976549607, 0.08239044113516313, 0.08082982753828591, 0.07160421418806749, 0.07174481697371059, 0.08207520685060975, 0.07078092815690933], [0.0756190820520555, 0.08333333333333334, 0.07268058075972675, 0.07458561885764523, 0.07521960650136789, 0.07945117039113951, 0.07994170990397774, 0.08207246617982322, 0.08079419041484369, 0.07163271281948178, 0.07181067413828533, 0.08205516812651661, 0.07080368652180355], [0.07564319097306764, 0.08333333333333334, 0.07274476612987815, 0.07468325186502928, 0.07527068081893565, 0.07940598795759193, 0.079929542265316, 0.08187594766133878, 0.08075496383305188, 0.07166294685423566, 0.07186180158777171, 0.08200381647741024, 0.07082977024303984], [0.07567967435966644, 0.08333333333333333, 0.07284282229173794, 0.07482347031626088, 0.07534507061169832, 0.07933582258171354, 0.07990001603617333, 0.08161093225604388, 0.08068285873517932, 0.07172791656343463, 0.07194371385731385, 0.08189488321120413, 0.07087948584624042], [0.07572207944463802, 0.08333333333333333, 0.07289241337710174, 0.07493511412882181, 0.07541607413073599, 0.07931437640896873, 0.07992940868743965, 0.08133328197561344, 0.08066865189083812, 0.07173346207494044, 0.0719662846456854, 0.08189683642669864, 0.07085868347518465], [0.0758106006525428, 0.08333333333333333, 0.07314973920291215, 0.0752652576020791, 0.07559197790761657, 0.07911192066071968, 0.07978714851680455, 0.08078886504935115, 0.08041242365332023, 0.07193009830004596, 0.07219754125502764, 0.0815901044705023, 0.07103098939574455], [0.07591423848896171, 0.08317475043679079, 0.07321232220614741, 0.07541583091223161, 0.07572275057937643, 0.0791357245085336, 0.07987455239679594, 0.08042380272660743, 0.08043860006099364, 0.07193268014901898, 0.07221912973798968, 0.08154277524694872, 0.07099284254960404], [0.07581488915433261, 0.08310844670629561, 0.07291595212861765, 0.07504721879202869, 0.075525838342651, 0.07938336227456923, 0.08007050475642043, 0.08098546731235064, 0.08074760525259844, 0.07169770939948333, 0.07194759597284507, 0.08197465908278018, 0.07078075082502713], [0.07599846001353507, 0.08303478279611798, 0.07329673305473905, 0.07555698919118183, 0.07583456591602045, 0.07915069642107596, 0.07989391114725197, 0.08013476092468014, 0.0804113844340674, 0.07197668681654906, 0.07227776281083872, 0.08142197851790828, 0.07101128795603424], [0.07610369098782274, 0.08333333333333336, 0.07330738851920024, 0.07567282798479143, 0.07596056982971579, 0.07925146684963794, 0.07997393328954383, 0.07968158616023312, 0.08041366524441985, 0.07191749503244135, 0.07223700685927016, 0.08124653405076525, 0.07090050185882513], [0.07621069914574852, 0.0830206783864309, 0.07330150029843108, 0.07570436993978145, 0.07605383735328594, 0.07940628122912594, 0.0801204619806425, 0.07950065485489849, 0.08051551817284253, 0.07188858396176023, 0.07220830313428372, 0.0812217532536379, 0.07084735828913087], [0.07632864029379113, 0.08333333333333333, 0.0732093878184026, 0.07568620866069416, 0.07614652901705606, 0.0796131983468828, 0.08030616340450414, 0.07913136909675322, 0.08065485693403038, 0.07175026060844124, 0.07207181122886322, 0.08110606860458831, 0.07066217265265938], [0.0765063728947357, 0.08306389032200108, 0.07325853137309575, 0.07578822135962837, 0.07632063378639545, 0.07976488528673446, 0.08040052349755505, 0.07872048158422842, 0.0807564842248342, 0.07176175134949207, 0.0720875738298918, 0.08093311817352734, 0.07063753231788027], [0.07656900499265937, 0.08333333333333333, 0.07302711581022656, 0.07556212245753716, 0.07629805558935068, 0.08006508359014446, 0.08070279343307432, 0.07858854296464476, 0.08106860264017482, 0.07153190666477856, 0.07183716658794831, 0.08103248870887222, 0.07038378322725547], [0.07610234557576948, 0.0806689919399317, 0.07219287873140828, 0.07359554960336116, 0.07517429702619446, 0.08082331251016356, 0.0809583737017261, 0.08333333333333333, 0.08158747437871347, 0.07170946338024164, 0.0714872481086228, 0.08153110224211718, 0.07083562946841684], [0.07594232736878247, 0.08126339915487868, 0.07224972143225482, 0.07369209320176556, 0.07510392032609443, 0.08047401081855457, 0.0806861413220556, 0.08333333333333331, 0.08138679406089172, 0.07170906035296874, 0.07154053632715611, 0.08175454016762969, 0.07086412213363412], [0.07599849226015254, 0.08104705316892973, 0.07222424060998929, 0.07365389093462277, 0.07512714437195948, 0.08059165811675813, 0.08079223850279521, 0.08333333333333333, 0.0814737879411861, 0.07170354267626924, 0.07151560708060652, 0.08169159736985619, 0.0708474136335415], [0.0759055912119299, 0.08144445658135262, 0.0722481024326384, 0.07372971428218553, 0.07509537376088962, 0.08044237190605001, 0.08067325871497812, 0.08314063450626656, 0.08140422054721089, 0.07166907782141671, 0.07152439398438373, 0.08190114587965551, 0.07082165837104229], [0.07586162998146037, 0.08160371836644449, 0.07230640462651508, 0.07376406539547746, 0.0750763408392713, 0.08027914233743919, 0.08050518051357826, 0.08333333333333331, 0.08122214860600444, 0.07173648286837894, 0.07159845670953312, 0.08180182938891438, 0.07091126703364951], [0.07580582961653307, 0.08197908246838509, 0.07238058484542523, 0.07387421879994048, 0.07508020741930403, 0.08012838859973971, 0.08037312248744971, 0.08300137011251436, 0.0811072701090013, 0.07176250668980079, 0.07166409277016868, 0.0818926701725191, 0.07095065590921834], [0.07584063679657596, 0.081720166024439, 0.07229483985615189, 0.07378662125258728, 0.07507260396675326, 0.08027866940798672, 0.08051837281124638, 0.08318404830210586, 0.08125585901901122, 0.07169393883914091, 0.07157302778432617, 0.08191829589168699, 0.07086292004798833], [0.07571286354095891, 0.08229419630109698, 0.07240528728038084, 0.07392226359041763, 0.07503650574540431, 0.07993518984570125, 0.08019923346796612, 0.08333333333333333, 0.08092423719357784, 0.07175254480064946, 0.0716851814230671, 0.08184431926709211, 0.07095484421035399], [0.07569441847776878, 0.08248704648333265, 0.07247063155353126, 0.07399760061098593, 0.07505129360618565, 0.07983921952709766, 0.0801182968157307, 0.0831344636336133, 0.08083833634545184, 0.07179739160342424, 0.07175014830403156, 0.08181047633797651, 0.07101067670087002], [0.07567364997118442, 0.08266701281788782, 0.07249967492732755, 0.07405206120559696, 0.07505823297870655, 0.07978214675707845, 0.08008085297694562, 0.0829678866826735, 0.08081173704535898, 0.0717972020720381, 0.0717706643415038, 0.081826294884991, 0.07101258333870712], [0.07561064098307262, 0.08291819422125427, 0.07253193351603517, 0.07410922417021153, 0.07503780796753477, 0.07963376070522846, 0.07995248258970683, 0.0831582519401783, 0.08070017601881561, 0.07179486799449078, 0.07179685571152092, 0.08173615443250153, 0.07101964974944917], [0.07555907691845096, 0.08333333333333334, 0.07255464701165516, 0.07420753971139878, 0.07503990415091305, 0.07952201884238283, 0.07988494594777927, 0.08299801555109061, 0.08067235633329614, 0.07174049572254856, 0.07179079167148233, 0.08173685971563169, 0.07096001509003737], [0.07556490642850015, 0.08333333333333333, 0.07259940545376319, 0.07428449966945919, 0.07507076503155159, 0.07948532694695115, 0.07986713875831151, 0.0828460202657689, 0.08066729371761104, 0.07175050826156922, 0.07182334721741893, 0.08173871034027783, 0.07096874457548394], [0.07557847879039259, 0.0832078328996097, 0.07262510077781598, 0.07433304834022011, 0.07509720063759594, 0.07948382182575034, 0.07987830065412856, 0.08275533002656153, 0.08068745838539537, 0.07175379256872114, 0.07183964537333641, 0.08179138097611909, 0.07096860874435319], [0.07560431552094207, 0.08307377342736473, 0.07271460586915046, 0.0744740732771518, 0.07516410302831791, 0.07942819966483487, 0.07985037525208483, 0.08248644617590005, 0.08067058180878546, 0.07178728377170575, 0.07190941714576751, 0.08183702279658883, 0.07099980226140583], [0.07559970783249641, 0.08333333333333331, 0.07274298603036904, 0.0745666171590085, 0.07519487858917578, 0.07936971627056223, 0.07982075742909933, 0.08223473764838513, 0.0806514026522367, 0.07175417035736234, 0.07191157054013485, 0.08186335657741123, 0.07095676558042491], [0.07562362567614278, 0.08333333333333333, 0.07281102774825993, 0.07467879374549959, 0.07525095217013339, 0.07932193852111842, 0.07979497627335078, 0.08200946290697739, 0.08062083493197814, 0.07177609638431427, 0.0719621209551226, 0.08184214413447943, 0.07097469321928995], [0.07569593963560316, 0.08310218279743571, 0.07301687990884587, 0.07494093029559928, 0.0753908288773283, 0.07919491436429484, 0.0797280530771769, 0.08158200788281302, 0.08048718435518189, 0.07193228401149755, 0.07214811720164313, 0.08166620480145974, 0.07111447279112054], [0.07572416879810916, 0.08333333333333334, 0.07313858925883684, 0.07512292496913806, 0.07547424242948989, 0.07906685910723175, 0.07964962094419298, 0.08121011085804547, 0.08034876005819305, 0.07200643577710562, 0.07224688708022474, 0.08151109134270762, 0.07116697604339162], [0.07579923135493684, 0.08333333333333333, 0.07319533919988495, 0.0752873020569415, 0.07558901655045777, 0.07905797392438992, 0.0797172976382059, 0.08081207900095369, 0.08034555635730803, 0.07198894113627728, 0.072255594352782, 0.08151592813696194, 0.07110240695756688], [0.07576505489969824, 0.08323820668352375, 0.07307823991402959, 0.07513402983545875, 0.07551209824893705, 0.0791644208490066, 0.07979623752769872, 0.08107924193645813, 0.08047807234466559, 0.07190192627318831, 0.07215148755617658, 0.0816734563234686, 0.07102752760768997], [0.07570174639771049, 0.08333333333333331, 0.07300618820564926, 0.0749850517517026, 0.0754131508054181, 0.07918502329328019, 0.07975725700425552, 0.08140663679560377, 0.08049518492689454, 0.07188445422341753, 0.0721130423264958, 0.0816760426140459, 0.07104288832219277], [0.07565082747908457, 0.08333333333333333, 0.07286017741135173, 0.07477993537516865, 0.07530638205585, 0.07929373559831465, 0.0798116384695979, 0.08178432465723216, 0.08061088817057867, 0.07178544569327712, 0.07198944724717397, 0.08182880668950103, 0.07096505781953623], [0.0757427134638257, 0.08333333333333333, 0.07306206421142113, 0.07509994719261504, 0.07548384471858137, 0.079155040850651, 0.07977277386706083, 0.08114798027664075, 0.08046753242776969, 0.07189808856740039, 0.07214351842298797, 0.08166134450974007, 0.07103181815797274], [0.07574728124807684, 0.08333333333333334, 0.07292539920670253, 0.0749987184741605, 0.0754570730502202, 0.07929807790213539, 0.07993787640733366, 0.08118585781670278, 0.08065040123607885, 0.0717444479626128, 0.07198602940617393, 0.08187874256942985, 0.07085676138703943], [0.07585293649966986, 0.08333333333333334, 0.07323558144757751, 0.07538697128937656, 0.07566465996433412, 0.07905308005883217, 0.07975364865308171, 0.08057205584432928, 0.08033429976892426, 0.07198823414721495, 0.07226895010387965, 0.0814810203054965, 0.07107522858395016], [0.07591560785332836, 0.08333333333333333, 0.07329172680093636, 0.0755026797340661, 0.07575246958421329, 0.0790356891437432, 0.07977614559693412, 0.08030675726159561, 0.08032067417742572, 0.07200282846860094, 0.07229820755819114, 0.08140056096890588, 0.07106331951872594], [0.07602901331706473, 0.08297235130760232, 0.07338858503578509, 0.07566254799219324, 0.07589191429798271, 0.07910291579910379, 0.079828450931811, 0.08000000347749038, 0.08032114089479513, 0.07205555871556474, 0.07236561988077479, 0.08129527852045837, 0.07108661982937374], [0.07608641609465014, 0.08309968593057455, 0.07341913485764899, 0.07574896670802204, 0.07596767795736441, 0.07913481513811996, 0.07984567594427837, 0.07974921111447009, 0.08029585317592068, 0.07204807730529048, 0.07236987249439301, 0.0811816380515649, 0.07105297522770226], [0.07621466935915996, 0.08305457101691396, 0.07340729354531644, 0.0758162580175394, 0.07609308515904631, 0.07930011074193266, 0.07999355061665568, 0.07941293619116174, 0.08037338164769679, 0.07198584726449105, 0.07231567642686619, 0.08108537405707232, 0.0709472459561474], [0.07636767732245281, 0.0830773448819109, 0.07341046746418803, 0.07589737721569763, 0.07624363726189483, 0.0794627660468757, 0.08011876137478224, 0.07900207361357608, 0.08046129632418889, 0.07193778416750188, 0.07227518287364668, 0.08089197899704094, 0.07085365245624334], [0.07648271585316364, 0.08297903369968199, 0.07339466560870961, 0.07592274029972641, 0.07634466970169691, 0.07960113036973386, 0.08022621498677218, 0.07873684560168301, 0.08057587073333887, 0.07189494822781554, 0.07223271416023883, 0.08082642275764067, 0.07078202799979871], [0.07659956076456226, 0.08333333333333334, 0.07327493466525281, 0.07585025045485998, 0.0764194269508165, 0.07981089676198183, 0.08039590031969966, 0.07840170838296817, 0.08075290719379898, 0.07174529054345963, 0.07207735015633836, 0.08074558536655613, 0.07059285510637248], [0.07670564497124649, 0.08306223208284197, 0.07305388133668468, 0.07559832988259935, 0.0764150186730856, 0.08020155712464169, 0.08078684848786004, 0.07834298822994765, 0.08114939560752757, 0.07154936252673183, 0.07185033614497578, 0.08090000884176149, 0.07038439609009593], [0.07566401589868549, 0.08313302000198233, 0.072955502108294, 0.07483109304950279, 0.07532948371756924, 0.07922883147907281, 0.07972104138134674, 0.08180076438186203, 0.08051024016968245, 0.07190664081632095, 0.07210683719139171, 0.08170432056645469, 0.07110820923783484], [0.07563136246478774, 0.08313644394659464, 0.07288165177498326, 0.07468544976925166, 0.07525478919253117, 0.07927736755459007, 0.07972099746537245, 0.0820971851480149, 0.08052993484956028, 0.07189255255628418, 0.07206263374081909, 0.08171408052017703, 0.07111555101703351], [0.07560802399430105, 0.08314881756918513, 0.0728060286023667, 0.07454337376201742, 0.07518841127784176, 0.07933310906812285, 0.07974656750647763, 0.0823725515559131, 0.0805481878920541, 0.0718841429902448, 0.07201374519476755, 0.08169204976628335, 0.07111499082042431], [0.0755833393466811, 0.08333333333333333, 0.07275552928638132, 0.07446208726010213, 0.07514311281257868, 0.07934399183091176, 0.07974164688215317, 0.08251011283788383, 0.08053640578804361, 0.07186541008860686, 0.07197563794653881, 0.08164976554968598, 0.0710996270370994], [0.07559470806176721, 0.08314165357757579, 0.07272270718705022, 0.07437186158502875, 0.07511861702840449, 0.079405736964061, 0.07977458128926292, 0.08273620761269306, 0.0805514698020461, 0.07189012354358411, 0.07196554450409476, 0.08159617454301789, 0.07113061430141374], [0.07559322423666062, 0.08302484843489767, 0.07262510960421982, 0.07420213624131171, 0.0750586056961321, 0.07950124953079554, 0.07982718285870481, 0.08311520156975584, 0.08057275520764705, 0.07187179319358152, 0.07189482140828884, 0.08159947856273908, 0.07111359345526558], [0.07560798061872306, 0.08284485931299883, 0.07258590219096969, 0.07413043800004224, 0.07504130548007917, 0.0795577897881551, 0.07986248547112708, 0.08333333333333331, 0.08058931760319694, 0.07186914881608031, 0.07186723668160462, 0.08160004967657879, 0.07111015302711068], [0.07586297914532984, 0.08300768956765854, 0.0728924064264218, 0.07506364623256465, 0.07556926580151697, 0.07945755676352237, 0.08017854472491988, 0.08084046166828159, 0.08082770989075032, 0.0716490730016113, 0.07190312058279977, 0.08203680443187915, 0.07071074176274371], [0.07596499944607327, 0.08311362991031358, 0.07314411311690179, 0.07539350485216106, 0.07575685879514615, 0.07925285779373827, 0.0800244302287149, 0.08030809726715032, 0.08057631317719968, 0.07183789954533702, 0.07212556677051196, 0.0816297153382378, 0.07087201375851407], [0.07605838814260403, 0.08333333333333333, 0.07322647031467225, 0.07556359257000045, 0.07588919745402264, 0.0792774604485826, 0.08002080162475567, 0.07986493593870156, 0.080496470988377, 0.07185853371623953, 0.07216771634283803, 0.08139028508603917, 0.07085281403983365], [0.07566287298693077, 0.08267658891270878, 0.07257666730723096, 0.07409507340384251, 0.0750638818998275, 0.07966407809513953, 0.0799505131079835, 0.08311341371055946, 0.08066036148791453, 0.07189137361950394, 0.07186605343021805, 0.08165097755888015, 0.07112814447926026], [0.07570780041096271, 0.0824802017566902, 0.07255501252340422, 0.07404711708362646, 0.07507536069411863, 0.07976024371345826, 0.08002619624379398, 0.08305876475627712, 0.08072710462597864, 0.07190179029733275, 0.07185240908788983, 0.08167408919235487, 0.07113390961411237], [0.07573515575401177, 0.08222265559509791, 0.07248007610654246, 0.07394890902621319, 0.07505762925850037, 0.0798726232625137, 0.08011331990253408, 0.08333333333333334, 0.08082386625846387, 0.07186178670180868, 0.07178267588831547, 0.08168501180030022, 0.07108295711236506], [0.0758196903262588, 0.08195491715234506, 0.07248839777903991, 0.07391936119658388, 0.07510124658041713, 0.08000192504181601, 0.08022794575891797, 0.08305223935937686, 0.08092671706917438, 0.071912326547405, 0.07180286185563786, 0.08166317835036682, 0.07112919298266032], [0.07586280905130861, 0.08170309416230029, 0.0724317553299356, 0.07384337726630849, 0.07510204219053454, 0.08012195260305877, 0.08033683167755275, 0.08320552047978753, 0.08102685456329514, 0.07188569776852734, 0.0717493577796747, 0.08164018399829454, 0.07109052312942164], [0.07587790471682235, 0.08158499777814812, 0.07238921827688219, 0.07379852853973715, 0.07509616812243161, 0.08018810434890326, 0.08039904929749635, 0.08333333333333333, 0.0810868683369487, 0.07185275237789518, 0.0717048940214127, 0.08163950179380662, 0.07104867905618233], [0.07592204173115595, 0.08140109242763494, 0.07235487720087413, 0.07375555347489177, 0.0751099120167723, 0.08029586884192638, 0.08049894764763206, 0.08333333333333336, 0.08117802016142736, 0.07183540563058732, 0.07166991693867511, 0.08162492237806268, 0.07102010821702684], [0.07598903259068528, 0.0812111639960582, 0.07235240076867479, 0.07373870258905983, 0.0751477198511454, 0.08041289752962455, 0.08060398637725183, 0.08313381682827642, 0.08126713702061499, 0.07185280399109584, 0.07166931377890222, 0.08159236806544258, 0.07102865661316803], [0.07606436508198544, 0.08091936282515381, 0.07233919637508182, 0.07369082380906965, 0.07517897431407769, 0.08056883445876327, 0.08069313974814529, 0.08318278737722372, 0.08131518446186753, 0.07187957104616724, 0.07166539943975524, 0.08145484520180005, 0.07104751586090911], [0.07615142866938712, 0.08063862873300465, 0.07232970314661137, 0.07365681778530624, 0.07524427009681435, 0.08074498299105407, 0.08080742539641844, 0.08308651833166672, 0.08138460396349864, 0.07190114772455974, 0.07166012325434613, 0.08133702514259765, 0.07105732476473493], [0.0760544792445232, 0.08087413267609203, 0.07226117302750786, 0.07364494730014864, 0.07515820763854938, 0.08064456521724701, 0.08078911116812827, 0.08333333333333333, 0.0814270774776535, 0.07178189698139692, 0.07157033177584697, 0.08152888643322966, 0.07093185772634325], [0.07585649253411483, 0.08333333333333334, 0.07315630863495072, 0.0753237720160743, 0.07564831388607686, 0.07913677070952269, 0.07984893114592477, 0.08060203052418737, 0.08043916215322254, 0.07190227737673381, 0.07217952845858401, 0.0815943436349248, 0.07097873559235002], [0.07582626292191154, 0.08333333333333334, 0.07302185862849823, 0.07517539396996077, 0.07557753632573104, 0.0792552584509513, 0.0799576273839075, 0.08078892747034586, 0.08058859707401393, 0.07178328989443213, 0.07204743835619344, 0.08178317834290547, 0.07086129784781552], [0.07607904218665128, 0.08302343291350006, 0.07303310068904095, 0.07535917855664223, 0.0758374413674039, 0.07951879846708164, 0.0803033102998925, 0.08002398180378568, 0.0808113294508028, 0.07168160335855293, 0.07196982106307753, 0.0816900171205643, 0.07066894272300425], [0.07592723259636973, 0.08333333333333331, 0.07294951462540059, 0.07520079565996059, 0.0756680720646488, 0.07940718537492111, 0.08018753872432736, 0.08044254341175926, 0.08077430116935903, 0.07164986240039684, 0.07192409925438396, 0.08185958500058194, 0.07067593638455731], [0.07570494846737566, 0.08304895345845495, 0.0727324592193989, 0.07473601814783522, 0.07533599312307196, 0.0795024554579409, 0.08007995217451579, 0.08167225679568191, 0.08088895427644588, 0.07160825475840187, 0.07181775393354792, 0.082128776644824, 0.07074322354250513], [0.07580782061601142, 0.08297527247870154, 0.07283589235927564, 0.07495482597800147, 0.0754897144671697, 0.07947804492878334, 0.08015579841644263, 0.0811093293285053, 0.08086473378802704, 0.07162984944717887, 0.07186999665030028, 0.08211415912064894, 0.07071456242095381], [0.07617233903304962, 0.08308026614728266, 0.07301921965548291, 0.07539779610910513, 0.07592488016487368, 0.0796501758981406, 0.0804228294283558, 0.07973988036405415, 0.08087027354040537, 0.07163335995612755, 0.07192647328085558, 0.08157259565967086, 0.07058991076259612], [0.07632303325360217, 0.08306815951678359, 0.07295017877439894, 0.07538427798153939, 0.07603988425386725, 0.07991083545075447, 0.08066450150088024, 0.07935751338491101, 0.08102013278094307, 0.07152905829576273, 0.07181957567580317, 0.08148861591541678, 0.07044423321533723], [0.07680341798076738, 0.08300692706548908, 0.07325438064893877, 0.07584157567753014, 0.07657518133894937, 0.0800669464762342, 0.08057469021527733, 0.07805867987675737, 0.08092712816731724, 0.07171400310780972, 0.07203436548500239, 0.08060921959207985, 0.070533484367847], [0.07668831212337054, 0.08333333333333333, 0.07333655904720998, 0.07593909971238377, 0.07652050067183425, 0.07982610700349958, 0.08036264426505058, 0.07816902937228769, 0.08071639139592966, 0.07178546950209853, 0.072123045350072, 0.08058351228057377, 0.07061599594235626], [0.07594456707899482, 0.08110349976182121, 0.07197387398990142, 0.07387801311952825, 0.07521541367253164, 0.08094906493506628, 0.08146378789579037, 0.08164827177087655, 0.08247781325197244, 0.07105754003996936, 0.07105136910518436, 0.08317432894973942, 0.07006245642862392], [0.07587076830649231, 0.08140920675665778, 0.0720102147378474, 0.0738576454064301, 0.07515134022200323, 0.08077711280039337, 0.08124154118807198, 0.08197062730878497, 0.08219794403865445, 0.07113370051287285, 0.0711191646102182, 0.08309022985651911, 0.07017050425505417], [0.07579890088014231, 0.08166388167712553, 0.07203947422088075, 0.0739078867865438, 0.07512014326675989, 0.08059170838599926, 0.0810692629999108, 0.08197580279071238, 0.082036401100258, 0.07113422482984189, 0.07114557756114026, 0.08333333333333333, 0.0701834021673518], [0.07575309462937786, 0.0819211308660369, 0.07210262619772263, 0.07396510509305693, 0.07510647560006373, 0.0804257497466266, 0.08089844470591825, 0.08219870869141768, 0.08185218587733997, 0.07119004849750582, 0.0712173915284921, 0.08311036561534531, 0.07025867295109624], [0.0757394232225652, 0.08206741995886921, 0.07217677502382822, 0.07410097501490484, 0.07514623707625237, 0.08028461020789973, 0.0807960658571614, 0.082123259887321, 0.0817651463714997, 0.0711982432119889, 0.07126947070779086, 0.08306538033233757, 0.07026699312758107], [0.07576355452465096, 0.08204603057191419, 0.0722325541384451, 0.07422132013697873, 0.07520791036167336, 0.08022712167544227, 0.08077528517120469, 0.08187315755483944, 0.08174686988629655, 0.07119193286369736, 0.07129858821751249, 0.08316522463081383, 0.07025045026653103], [0.07586368636362902, 0.08179284049740775, 0.07222864080658929, 0.07429958664125214, 0.07531180726592292, 0.08035554284273067, 0.08098731985658174, 0.08137825242382979, 0.08192354824355481, 0.07112568126011667, 0.07125256162489847, 0.08333333333333333, 0.07014719884015332], [0.07601172013475604, 0.08145278809439771, 0.07209849784936963, 0.07419388628834772, 0.07538526417268183, 0.08075540647282108, 0.08144028428839033, 0.08088604561570242, 0.08237349583819568, 0.07100246480782, 0.07109509628048434, 0.08333333333333336, 0.06997171682370013], [0.076026068331137, 0.08119169409751792, 0.07194007060913503, 0.07396964463831376, 0.07531525653353363, 0.08104610485123939, 0.0816653308745397, 0.08102946963551737, 0.08272693354362484, 0.07092208418332296, 0.07095565783854761, 0.08333333333333333, 0.06987835153023747], [0.07600542433749512, 0.08097549175467858, 0.07190728006932816, 0.07387645428126462, 0.07526394560828921, 0.08110414225124639, 0.08167840155688304, 0.0812964072737052, 0.0827510923557658, 0.07094545248479331, 0.0709487292759954, 0.08333333333333334, 0.06991384541722187], [0.0759416591458771, 0.08117835511417021, 0.07201842983241635, 0.07397914197325751, 0.07525165246684111, 0.08085391754747233, 0.08141113924855553, 0.08141451131930039, 0.08245169123448125, 0.07104608004877021, 0.07107410192061345, 0.08333333333333333, 0.07004598681491117], [0.07589198462028382, 0.08128672209672029, 0.07199213335298058, 0.07389861434287294, 0.07518543838276373, 0.08082041283155156, 0.08133223328933589, 0.08169451062391346, 0.08234040761894364, 0.07106717588146107, 0.07107320852777947, 0.08333333333333334, 0.07008382509806034], [0.07582892540529128, 0.08163439838020975, 0.07209046133592771, 0.07404619941759395, 0.07519374875975109, 0.0805486425319784, 0.0810882335758197, 0.08174127736686157, 0.0820950790817339, 0.0711038695564937, 0.07115959423659346, 0.08333333333333334, 0.07013623701841232], [0.07591040093201644, 0.0814567245010247, 0.07213316040150687, 0.0741604746812969, 0.07529521829666717, 0.08060040808401316, 0.08119023343054735, 0.08137343957552905, 0.08219995155530438, 0.07108498702388438, 0.0711681333476353, 0.08333333333333333, 0.0700935348372409], [0.07589266395426118, 0.08143788070194785, 0.07209752001064594, 0.07409010055564275, 0.07525635629466303, 0.08063895975090922, 0.08120833504703213, 0.0814892713629501, 0.08222865226746348, 0.07108303353843208, 0.0711468877926045, 0.08333333333333333, 0.07009700539011432], [0.07597398956363531, 0.08129213150295242, 0.0720779173182975, 0.07411251463402024, 0.07532537260433167, 0.08077971571971909, 0.0813856195042087, 0.08114822299357176, 0.08241118826430358, 0.07103532133221133, 0.07110250978675972, 0.08333333333333334, 0.07002216344265542], [0.07581539224086901, 0.08163861280370521, 0.0720657770200592, 0.07398688247318207, 0.07516185440381261, 0.08057119950234497, 0.08108723015294057, 0.0818436821984374, 0.0820842329854326, 0.07111183749768611, 0.07114947424275612, 0.08333333333333331, 0.07015049114544057], [0.07578074245272179, 0.08187831429357434, 0.07216392622081057, 0.07414673938908531, 0.07519511456534873, 0.080347246908896, 0.08089597503413748, 0.08182163715426105, 0.08188407970809745, 0.07113932781850903, 0.07122811881094218, 0.08333333333333334, 0.07018544431028288], [0.07585266621064284, 0.08170039355714667, 0.07219697987712169, 0.0742333367504109, 0.0752790211014876, 0.08040530978669427, 0.08099548937040563, 0.08151131326903331, 0.08197535469150903, 0.07112759166841252, 0.07123505397897315, 0.08333333333333333, 0.07015415640482908], [0.07599107397115744, 0.08159663479178873, 0.07218024594347543, 0.07428332839104647, 0.07540045283368506, 0.08061253870050145, 0.08130282809572963, 0.08097991986642271, 0.08220581912600311, 0.07106599336036011, 0.07117925211532283, 0.08315171388146603, 0.070050198923041], [0.0759340415894119, 0.0818315789992554, 0.07225500775768028, 0.07436416248336249, 0.07538674597691089, 0.0804134907256782, 0.08109920738863136, 0.0811207205386494, 0.08198036231018867, 0.07112136735905802, 0.07125904454019509, 0.0831083685874586, 0.07012590174351993], [0.07577681188728966, 0.08190027267032235, 0.07214548452041315, 0.07407454598162685, 0.07516416884287139, 0.08039460527445251, 0.08091228594502282, 0.0820008046656137, 0.08189411327866027, 0.0711705069134115, 0.0712322282563402, 0.08310738570457858, 0.07022678605939685], [0.07580760326936882, 0.08196519249376792, 0.0722672752404539, 0.07428877541938705, 0.0752638714273126, 0.08024701644922388, 0.08082066664510532, 0.08168899094521173, 0.08178316526988914, 0.0711975641918726, 0.07131810390448544, 0.08310534748150013, 0.07024642726242153], [0.0758467120647101, 0.08194311098820346, 0.07230555058300502, 0.07437995605467215, 0.07532626769395813, 0.08022838892070297, 0.08086429933378403, 0.08142867934850895, 0.08177170899276628, 0.0711880182752823, 0.07133283490429822, 0.08316074462194438, 0.07022372821816415], [0.07618557753292506, 0.0805274839664471, 0.07174947871642695, 0.07359535275198717, 0.07527725552480086, 0.08170063748498012, 0.08215425192860608, 0.08158370425516737, 0.08307874566318105, 0.07092655001472002, 0.07082251358024907, 0.08253285735654095, 0.06986559122396821], [0.07615431022823357, 0.08075709932200928, 0.071741767943503, 0.07366237982434345, 0.07528947489755404, 0.08161679905703706, 0.08216604813611918, 0.08132970490260162, 0.08316178186794167, 0.07085113074389687, 0.07078404507795592, 0.08270850891789376, 0.06977694908091055], [0.07615936139727363, 0.0811537897584451, 0.07179797374866571, 0.07383102293324238, 0.07536531902113137, 0.08145140435897684, 0.08210969475226573, 0.08087857620496121, 0.08313845846929108, 0.07080118887991571, 0.0707939081820796, 0.08281032572805012, 0.06970897656570178], [0.07629311103241355, 0.0815282010015269, 0.071884848967071, 0.07401736999480028, 0.07553433137342064, 0.08140488241428895, 0.08225172100361268, 0.08033584986892998, 0.08296296927323818, 0.0707970317059234, 0.07083183898414981, 0.08248613986976429, 0.06967170451086048], [0.07665920656885646, 0.08130314478091175, 0.07183158779337417, 0.07397490505493523, 0.07578776962990001, 0.08187721414575469, 0.08292508991614221, 0.07970581487513455, 0.08333333333333333, 0.07075229571472119, 0.07073904244573598, 0.08156406606059671, 0.06954652968060372], [0.0768587503305362, 0.08063062656664595, 0.07179575934235773, 0.07375603151797593, 0.0758250983262197, 0.08250339700552742, 0.08333333333333334, 0.07990782640080195, 0.08285114784324847, 0.07088899649615386, 0.07076403047176348, 0.08120243385994534, 0.06968256850549068], [0.07674288587050342, 0.08022279283890436, 0.07168043103935877, 0.0735079992575995, 0.07562910794739076, 0.08285438524144581, 0.08333333333333333, 0.08045892835137755, 0.08294605753300927, 0.07090805129907483, 0.07071368384654758, 0.08126528491289114, 0.06973705852856366], [0.07653103201258882, 0.0801787416273271, 0.07167871654427073, 0.07344890924641649, 0.07545498325572102, 0.08248086681415398, 0.08282523430850672, 0.08108741157348621, 0.08313262378116806, 0.07094654330316351, 0.07075262366729106, 0.08165517223841948, 0.06982714162748671], [0.07625949730327833, 0.08044114462351164, 0.07168548974107943, 0.07351955729045222, 0.07530054562760473, 0.08192250386707221, 0.08234532082787105, 0.08146679723160069, 0.08333333333333333, 0.07088375528581829, 0.07075418522467784, 0.08228650118370213, 0.06980136845999808], [0.07620231997332139, 0.08070765714242405, 0.07169447283575707, 0.07361024134340263, 0.07530419180885717, 0.0817656410602524, 0.082313989064607, 0.08126330693534482, 0.08333333333333333, 0.07081574072668144, 0.0707324244286792, 0.08253051736824997, 0.06972616397908941], [0.07622909574268558, 0.08101055106900083, 0.07172307415104838, 0.07372904048882943, 0.07537812109855255, 0.0816969718334447, 0.08235710259677372, 0.08087911986058763, 0.08333333333333334, 0.07076214589202985, 0.07072085885702503, 0.08252981869909688, 0.06965076637759225], [0.07624992338838012, 0.08116894963527276, 0.07174972336403405, 0.0738004156020583, 0.07542216807097328, 0.08163540581406736, 0.08233276249200443, 0.08068342021441906, 0.08333333333333333, 0.07074696985938803, 0.07072790590440015, 0.08252308979824259, 0.06962593252342655], [0.07636925362728099, 0.08115604448948865, 0.0717376384233645, 0.07379763600179222, 0.07550801541537776, 0.08181693361544805, 0.08257789364317558, 0.0804643318855233, 0.08333333333333333, 0.07073307387253448, 0.07070117238728323, 0.08221904059340596, 0.06958563271199195], [0.07638321124752541, 0.08061862706328095, 0.07165280221234883, 0.07356099502154154, 0.07541231461454494, 0.08215688094662683, 0.08272809235629537, 0.08095127699448876, 0.08333333333333334, 0.07079335893640162, 0.0706770162760938, 0.08206679460350576, 0.06966529639401291], [0.07655105873245173, 0.08050539719903865, 0.07163746154788328, 0.07353541741226548, 0.07551949906595846, 0.082477321761248