[[0.07125803869419042, 0.06924895053135603, 0.07903585862904283, 0.07308092128562212, 0.07417911663054959, 0.08160214415060643, 0.08006600526504125, 0.08304676969229431, 0.08057732781935777, 0.07260966531804601, 0.07319379735209094, 0.0815902488218451, 0.08051115580995714], [0.07134357447555625, 0.06927840570489495, 0.07926967819501578, 0.0730589683426367, 0.07409601701408994, 0.081641233737396, 0.07984277295729866, 0.08313522184303467, 0.08094859696056211, 0.07254505955306093, 0.0730988572569023, 0.08143780947254732, 0.0803038044870045], [0.07147684207319317, 0.06935864786864067, 0.07952347534278581, 0.0730612012018969, 0.07402422701331085, 0.08159532230504297, 0.07959373131891968, 0.08321183282026001, 0.08137598517239909, 0.07250266626962847, 0.07301981027807479, 0.08120819395278953, 0.08004806438305802], [0.07155435088937176, 0.0693628627867337, 0.07974090031499743, 0.07303842023756524, 0.07394287158864692, 0.08164599820983302, 0.07940764792500257, 0.08333333333333334, 0.08172148904582084, 0.07242881871509305, 0.07291487851272421, 0.08103827258614768, 0.07987015585473031], [0.07170433449273529, 0.06945230400230544, 0.08000358341959642, 0.07306273383970871, 0.07389493460100377, 0.08172235694108779, 0.079186722094919, 0.08315014231991803, 0.0821034767300823, 0.07240438727700581, 0.07285288713800107, 0.08080057242861104, 0.07966156471502546], [0.07175194903319496, 0.06941415552998269, 0.08021966881022469, 0.07303327319534109, 0.07381856846769237, 0.08180228096532159, 0.0790506214940372, 0.08325201640801287, 0.08238307242980332, 0.07232055439621364, 0.07274227977656295, 0.08066900490352344, 0.07954255459008915], [0.07178286019532282, 0.06925582235984483, 0.0806146037744589, 0.07296350826388968, 0.07368203716553287, 0.08199281385080828, 0.07889855809709553, 0.08333333333333333, 0.08285327864399177, 0.07213966251901781, 0.07251930547926928, 0.08053710884563561, 0.07942710747179925], [0.07193944597240708, 0.06925482528409488, 0.08102592146683649, 0.07299991175574082, 0.07364069781244331, 0.0820467344095134, 0.07875237356547077, 0.08285417953055547, 0.08333333333333334, 0.07207631757311006, 0.07240894543244249, 0.08036411232453293, 0.07930320153951902], [0.07206974631262952, 0.06919302140725, 0.08148146278181898, 0.0730490143234344, 0.07362820382876178, 0.08215662814346049, 0.07871547981026819, 0.08237741180410701, 0.08333333333333333, 0.07201083184347024, 0.07230134332157913, 0.08038825833113018, 0.07929526475875671], [0.07233373762233168, 0.0692122365357164, 0.08212632745454657, 0.0731802801736665, 0.07366208420757245, 0.08205023003813829, 0.07861998995364645, 0.0816918044335238, 0.08333333333333333, 0.07199043641853886, 0.07221747187979592, 0.0803461969019055, 0.07923587104728423], [0.07258102737923727, 0.0691868116361416, 0.0828052092137226, 0.07331160431209953, 0.07369927468663816, 0.08194153242469437, 0.0785295076769166, 0.08095489051649422, 0.08333333333333333, 0.07195594624217509, 0.07211923022513587, 0.08034422062264132, 0.07923741173076997], [0.07295031285457503, 0.06941232756557739, 0.08333333333333334, 0.07354133736497416, 0.07383284499647327, 0.08159281511577615, 0.0783960911913032, 0.08043820520822735, 0.08289474382073328, 0.07208538210543367, 0.07219117748292422, 0.08018985599364062, 0.07914157296702837], [0.0732336620791065, 0.06950836943178954, 0.08333333333333333, 0.07378597486225763, 0.07402189212198049, 0.08142062891753166, 0.07848708987314863, 0.07986893369670241, 0.08231961283782475, 0.07220975137272098, 0.0722719959754516, 0.08026524567640467, 0.07927350982174772], [0.07343230020805358, 0.06957962626881202, 0.08333333333333333, 0.073973874114503, 0.07417554890892997, 0.08127334263080349, 0.07861569775573399, 0.07944594464231669, 0.08183273232674013, 0.07231341860985126, 0.07234647046560733, 0.08030346588276727, 0.0793742448525479], [0.07357396739701906, 0.06958383532759595, 0.08333333333333333, 0.07417332738912158, 0.07436677658658185, 0.08111734882161974, 0.0788564698626498, 0.07893856927037901, 0.0812020867573848, 0.07242122425378415, 0.07243335942223816, 0.08041773088023578, 0.07958197069805673], [0.07359321000050673, 0.06954306648138432, 0.08301399216499378, 0.07430407182536146, 0.07452739843626952, 0.08111148847615664, 0.07912832010434419, 0.07859015432394602, 0.08074920693223131, 0.07250773405417359, 0.07252091911401845, 0.08057940698293924, 0.07983103110367488], [0.07357093532078118, 0.06944174498482396, 0.08333333333333333, 0.07444138466791722, 0.07470819876725186, 0.08093991284237562, 0.07944828410465338, 0.07805641709531028, 0.0800946207527229, 0.07258485284041774, 0.07259953652607655, 0.08068100407059974, 0.08009977469373623], [0.0733816248043198, 0.06927611132147657, 0.08333333333333331, 0.07451863616317805, 0.07489694545269521, 0.08078399911921967, 0.07991436991475435, 0.07759247678726269, 0.07943239499378979, 0.07266468339903107, 0.07271390068419521, 0.08097714401887988, 0.08051438000786418], [0.07123594979685971, 0.06941280603529643, 0.07864368252306014, 0.07317100121091409, 0.07432744269811985, 0.08127231453413084, 0.08019578386292879, 0.08333333333333333, 0.08013772236292913, 0.0728031283604686, 0.07343007126264972, 0.08146999394018407, 0.08056677007912526], [0.07132913495877732, 0.06942179961624952, 0.0789513804760174, 0.07312217211228701, 0.07421177492424352, 0.08139442149726851, 0.07993464257499178, 0.08333333333333334, 0.08059838760844724, 0.07270267988241812, 0.07329067641672636, 0.08136455210988935, 0.0803450444893506], [0.07141650725280446, 0.06947048181895779, 0.0791247453011202, 0.07312873624464981, 0.07417188467038309, 0.08142446646243856, 0.07978610443525821, 0.08321137907333184, 0.08086198071445543, 0.07267776310240541, 0.07324215593078512, 0.08127204377764315, 0.08021175121576717], [0.07151457446283954, 0.06942433756209931, 0.07951095777878092, 0.07307627494156763, 0.07402909936509267, 0.08150856901775956, 0.0795259434769945, 0.08333333333333336, 0.08141287053703433, 0.07252984952321069, 0.07304427668336556, 0.08111622454187452, 0.07997368877604763], [0.07139664969026453, 0.06939598980073541, 0.07921805222123962, 0.07308712441509692, 0.07411545086925855, 0.08149292367070084, 0.079746932418229, 0.08333333333333334, 0.08097326628772875, 0.07260499627009384, 0.07315954868464417, 0.08128583520008058, 0.08018989713859452], [0.0716583304318497, 0.06949726662047491, 0.07977374588234584, 0.07309340415841639, 0.07397272034015656, 0.08159423790050456, 0.07931273504258304, 0.08314913474897492, 0.08181309168114828, 0.07249243130522498, 0.07296816775658192, 0.08090856474830484, 0.07976616938343414], [0.07174057064009388, 0.06955287051986501, 0.07991814326106866, 0.07308719837547037, 0.0739175168662133, 0.08157537847961432, 0.0791211295095064, 0.08333333333333334, 0.08210466202263016, 0.07246132296618193, 0.07291298030863819, 0.08069655734807592, 0.07957833636930867], [0.0717708975295465, 0.06942902826313142, 0.08024597772483591, 0.07303109780373412, 0.0738049512232784, 0.08177543899931805, 0.07900116277325993, 0.08333333333333334, 0.08246100794584382, 0.07231379241533471, 0.07273004768195343, 0.08061082993597765, 0.07949243437045285], [0.07191050264036622, 0.06949725213427341, 0.08048310662589399, 0.07304890955567642, 0.07375210383210117, 0.08171137261983383, 0.07878239135354838, 0.08333333333333334, 0.08290776835425417, 0.07227822610049214, 0.07265667692020882, 0.08035759282537727, 0.07928076370464096], [0.07206990650099643, 0.06947724203808624, 0.08092331709720539, 0.07308583650152688, 0.07370874238641778, 0.08180912970237156, 0.07865536998654078, 0.08280182647235271, 0.08333333333333333, 0.0722035951456411, 0.07253230073360438, 0.08021772623381955, 0.07918167386810375], [0.07215063517704486, 0.06940232919715869, 0.08127636497513796, 0.07310547519132239, 0.07368228059868714, 0.08192425753321463, 0.07862856134398305, 0.08252643916709607, 0.08333333333333333, 0.07213220906621177, 0.07242907149732226, 0.0802292466897299, 0.07917979622975786], [0.07227656819320184, 0.06937785428857594, 0.08164668323473523, 0.07315947236922489, 0.07368328419342399, 0.08194007760404964, 0.07858736883963688, 0.082161990180732, 0.08333333333333334, 0.07209548139060225, 0.07235703871494095, 0.08022325948160637, 0.07915758817593672], [0.07244199320910906, 0.06939889722837757, 0.08202676044888983, 0.07324282070464043, 0.0737074216431931, 0.08184571816122446, 0.07852873661593963, 0.08176527512788889, 0.08333333333333333, 0.0720892534254865, 0.07231255864947825, 0.08019183886993968, 0.0791153925824992], [0.07254378047352864, 0.06941337494772869, 0.08225302799983811, 0.07329186677787264, 0.07371887657749823, 0.08181673853862773, 0.07847823651707082, 0.08151826199575453, 0.08333333333333333, 0.07208399074317844, 0.07228344821015777, 0.08017091289439467, 0.07909415099101638], [0.07270141975233062, 0.06946008394674091, 0.08254516225115284, 0.07337389291318128, 0.07374780342321126, 0.08172008797362622, 0.07840216282387412, 0.0811859138622122, 0.08333333333333334, 0.07209556956181534, 0.07226198015921455, 0.08011977675602235, 0.07905281324328504], [0.07280012710796654, 0.06941194357901005, 0.08290576628234757, 0.07342807303480191, 0.07376094325199416, 0.08167358674230583, 0.07837766506420107, 0.08083107481157781, 0.08333333333333334, 0.07206318862783041, 0.0722001840782349, 0.08013942112233413, 0.07907469296406236], [0.07330635694782675, 0.06972661022061001, 0.08333333333333334, 0.07373071943160774, 0.07393945630662818, 0.08122665683398322, 0.07819890175530508, 0.08017709709657575, 0.08295405726437392, 0.07224444806881133, 0.07230820187797453, 0.07991962357304869, 0.0789345372899215], [0.07352801962276408, 0.06978301394058613, 0.08333333333333333, 0.07392666590235586, 0.07409293755776754, 0.08112020656249436, 0.0783137709494513, 0.079737158417097, 0.08240114881369828, 0.07233800127072026, 0.07236740712454708, 0.0800000505681492, 0.0790582859370356], [0.07292613148322626, 0.06936039431789041, 0.08315526872096074, 0.07355299736939566, 0.07385770612081746, 0.08167631213538903, 0.07848488939335885, 0.08039219555342712, 0.08276999257551743, 0.07208293427249755, 0.07219211101159045, 0.08030303184253719, 0.07924603520339164], [0.07373858016275255, 0.06988276316136768, 0.08333333333333334, 0.07409832142344487, 0.07422366484328659, 0.08097942855109938, 0.07838114659549983, 0.07939417204925954, 0.08200785415563111, 0.072438341966401, 0.072438341966401, 0.07998649523108498, 0.07909755656043832], [0.07396664561694073, 0.06995634337756446, 0.08333333333333333, 0.07434019708150735, 0.0744301064509868, 0.08078790104472955, 0.07856126172085358, 0.07887901171175997, 0.0813625673561969, 0.07257411124295259, 0.07254062222269202, 0.0800322884713222, 0.07923561036916045], [0.07400100509067113, 0.0699535987942225, 0.082952170599429, 0.07445878131779697, 0.07456334714646455, 0.0807911061601891, 0.078757929021845, 0.07866085262739915, 0.08100730423398365, 0.0726556692232835, 0.07262002443143391, 0.08016174177216853, 0.07941646958111298], [0.07397437604511656, 0.06981924869781281, 0.08333333333333334, 0.07456389651225975, 0.07469542968564123, 0.0807235028581913, 0.07901560162990906, 0.07820603915981013, 0.08042245318420055, 0.07268549630340221, 0.07264582715969892, 0.08027525620511104, 0.07963953922551319], [0.07412725516623968, 0.06989264082408578, 0.08333333333333333, 0.07479626019172078, 0.07492663062547625, 0.08048419070515263, 0.07921411556865927, 0.07771777080852511, 0.07986558574307401, 0.07284941756642341, 0.0727920587417789, 0.0802377317602809, 0.07976300896524993], [0.07388670248060968, 0.06970815684442473, 0.08285203988884068, 0.07478553400741002, 0.07502444466152898, 0.08057332523080814, 0.07959534026583764, 0.07756845561406875, 0.07956601495319586, 0.07286824952015647, 0.07285277970838677, 0.0805817058643346, 0.08013725096039784], [0.07135170030877247, 0.06962873681222662, 0.07859751857320936, 0.0732492894937972, 0.07438301958901485, 0.08110272493824623, 0.08005384156165439, 0.08333333333333333, 0.0801789208285974, 0.07292372161907384, 0.07354995581313255, 0.08125356218608767, 0.080393674942854], [0.07151121739397233, 0.06966466019228161, 0.07903596624012559, 0.07319362598224685, 0.07422665252332196, 0.08122177049222697, 0.07967715087803115, 0.08333333333333334, 0.08084000223063674, 0.0727912058905539, 0.07335741506617038, 0.08107535136259057, 0.08007164841450871], [0.07144386156539137, 0.06963858263130643, 0.07888180180322989, 0.07320059497146629, 0.07427649971540297, 0.08120140617378226, 0.07981742868312437, 0.08333333333333331, 0.08060319772228114, 0.07283004252880901, 0.07341839671797261, 0.0811591856803709, 0.08019566847352928], [0.07150526892684884, 0.06955956660125726, 0.07922378618103114, 0.07314187378937861, 0.07414422131262989, 0.08134979066359388, 0.07961668356399826, 0.08333333333333331, 0.0810658910519334, 0.07268130753663737, 0.07322736789372299, 0.08110844445743935, 0.08004246468819551], [0.07167578229366625, 0.0697788288925474, 0.07927527790278188, 0.07323245894675837, 0.0741931122340294, 0.08120331941515894, 0.079462171239534, 0.08307674112833936, 0.08121747534626989, 0.07278491359704056, 0.07331377147309823, 0.08091252624137696, 0.07987362128939879], [0.07176634778694156, 0.06975603344270588, 0.07957404654579152, 0.07320635224694112, 0.07409672546355636, 0.08133059604445778, 0.07927855990968588, 0.0829760852407039, 0.0816716026099176, 0.07268341784385966, 0.07317254142798368, 0.08078667870122269, 0.07970101273623235], [0.07165548329621654, 0.06967691688132004, 0.07941337309481708, 0.07318869165730311, 0.07413187929948638, 0.08131014565652346, 0.0794476155855613, 0.0830742957300068, 0.08136070323404053, 0.07269542897103645, 0.07321131459264453, 0.08095774898965923, 0.07987640301138459], [0.07185634345003744, 0.0697763803340324, 0.0797984938711149, 0.07318698359255069, 0.07401411452553357, 0.08138164564809303, 0.0790712426478992, 0.08308651377765755, 0.08206255270713249, 0.07261332906574994, 0.07306881800468946, 0.08058299993636353, 0.0795005824391457], [0.07188737622524784, 0.06975455507732785, 0.07992814172898789, 0.0731550360085314, 0.07394541088906854, 0.08139443080896451, 0.07894217935038338, 0.08333333333333333, 0.08229328046409363, 0.07254621317721581, 0.07298166643974568, 0.08045619513409488, 0.07938218136300518], [0.07194399535505011, 0.06974366057945525, 0.08009591697706323, 0.0731581074787945, 0.07391483629473959, 0.0814691162373829, 0.07887983001675694, 0.08311527577147278, 0.08251401254619874, 0.07250637129017622, 0.07292155883533966, 0.08040329898382148, 0.0793340196337488], [0.0720448964955947, 0.06977592677464248, 0.08028407724097728, 0.07316649104934513, 0.07386854458630927, 0.08144926539420003, 0.0787255721575979, 0.08311875681978219, 0.08282454652450455, 0.07246632846675352, 0.07285120293223601, 0.08023456629449188, 0.07918982526356493], [0.0721186585193021, 0.06966293382941655, 0.08067437358935965, 0.07313474725242461, 0.07376746343396995, 0.08157001343086914, 0.07859605982389864, 0.08294286327197375, 0.08333333333333333, 0.07232375655470204, 0.07266479409550874, 0.08011821645385446, 0.07909278641138692], [0.0722036659956284, 0.06966741601730363, 0.08087512349436635, 0.07316768760302034, 0.07376558256439797, 0.08161650729182456, 0.07855996937858402, 0.08273377980183104, 0.08333333333333333, 0.07230660383969502, 0.07262559432531535, 0.08007594944265382, 0.0790687869120461], [0.07225494310200217, 0.0696649833972588, 0.08101159228147226, 0.07319440115742967, 0.07377419918791003, 0.0816709048267919, 0.07856252437939112, 0.08262179351952725, 0.08317883844688875, 0.07230093180605411, 0.07260755753638462, 0.08007724831400566, 0.0790800820448836], [0.0724176628276131, 0.06969917371702723, 0.0813460938081208, 0.07327279133398, 0.07379517086245987, 0.08168869960006166, 0.07851098764742816, 0.08229037781635645, 0.08301368102364852, 0.07229851132493495, 0.07256872622046819, 0.08005411086728174, 0.0790440129506193], [0.07250194464348099, 0.06963248546455293, 0.0816764722279292, 0.07328867114286185, 0.07376148058828669, 0.08167078239483064, 0.07844706416950367, 0.08197742205949647, 0.08333333333333333, 0.0722258422377897, 0.07246323312806284, 0.08002323472656579, 0.07899803388330578], [0.07266932475072234, 0.06970318831356957, 0.0819497370627004, 0.0733895328589656, 0.07381557228424719, 0.08160573439265974, 0.0784190513435269, 0.08170456786090816, 0.08301690293166578, 0.07226420296585687, 0.07247188418360266, 0.08001022895414271, 0.07898007209743205], [0.07292208905059801, 0.06978124492094968, 0.08231710842513669, 0.0735052724598611, 0.07384008400542391, 0.08142573263571787, 0.0782587547508549, 0.08116624192881276, 0.08333333333333333, 0.0722686263414499, 0.0724210650085398, 0.07988829025476532, 0.07887215688455673], [0.07318306124352791, 0.06988227488384866, 0.08271137705151059, 0.0736357050919053, 0.07389269946491926, 0.0812290983238625, 0.0781360712414565, 0.08071340916002764, 0.08333333333333334, 0.0723061494887768, 0.07241135495513433, 0.07977760387478225, 0.0787878618869151], [0.0733557514969769, 0.06981218652576313, 0.08333333333333333, 0.073745022056807, 0.07394357183153594, 0.08115370057633563, 0.07813715148113307, 0.08021174468659795, 0.08300016808524875, 0.07227895034379672, 0.07234061151754181, 0.07983152245626839, 0.07885628560866134], [0.07310049364350041, 0.06965078960742829, 0.08299857052666834, 0.07359493261279834, 0.07385411587987942, 0.08137269183824011, 0.07822614445821252, 0.08052671199455337, 0.08333333333333333, 0.07218566299904611, 0.07228282858828734, 0.07994451099067064, 0.07892921352738172], [0.07296676714911224, 0.06971056982645983, 0.08256796043462264, 0.07352465425328415, 0.07383462454204184, 0.0814462912910253, 0.07825581316468225, 0.08094723327104025, 0.08333333333333334, 0.07222343516193046, 0.0723569388739131, 0.07992780505024813, 0.07890457364830657], [0.07275013793349902, 0.06965638239082847, 0.08223857946726351, 0.07342090518484914, 0.07380790287175985, 0.08161284330953772, 0.07838199220163845, 0.081420472936846, 0.08307891032811807, 0.07222082991821109, 0.07240184496914007, 0.08002478245756164, 0.0789844160307472], [0.07309727440493896, 0.06969831827472366, 0.08291124483366855, 0.07359727815251994, 0.07386448550200264, 0.08138029655519163, 0.07822868736376092, 0.08062274682333677, 0.08321620020575504, 0.07221559212935497, 0.07231957631402523, 0.07993127972214366, 0.07891701971857794], [0.07288701986141036, 0.0694338990631874, 0.08308953031481418, 0.07348825558134289, 0.07379765442594709, 0.08162253867500092, 0.07837178651207966, 0.08064905644661684, 0.0831404470860238, 0.07208277473327802, 0.07220358470925106, 0.08014433367399947, 0.0790891189170484], [0.0735183440817242, 0.06986288314612117, 0.08333333333333333, 0.07387522603470772, 0.07404026178675845, 0.08107266411578791, 0.07817722117902377, 0.07992773010633238, 0.08268672818238708, 0.07234133987604156, 0.07237813196546732, 0.07986778315243563, 0.07891835303987944], [0.07370568354930619, 0.0699389681611512, 0.08333333333333333, 0.0740252604659948, 0.07415263620549194, 0.0809602019066991, 0.07824525159905664, 0.07961718810944007, 0.08232550794400119, 0.07242220660551107, 0.07243180302257261, 0.07987627617294882, 0.078965682924493], [0.07391037340688493, 0.07001634373730216, 0.08333333333333333, 0.07420472370926462, 0.0742933515270209, 0.08083319099612475, 0.07834155356721453, 0.07924423865156745, 0.08188085870506014, 0.07252001719656269, 0.07249973897888129, 0.07988848613941991, 0.07903379005136328], [0.07406799734097179, 0.07008575640287742, 0.08333333333333333, 0.07434845399612337, 0.07440888089918851, 0.08070862154730436, 0.07841308256517189, 0.07896129798514637, 0.08154425152027174, 0.07260472377252708, 0.0725623989375146, 0.07988223260277431, 0.07907896909679514], [0.07419067784235162, 0.07011316996796094, 0.08299516656648705, 0.07455018305781339, 0.07460813907529484, 0.08062584893125037, 0.07864904124675136, 0.07857749673622624, 0.08100313778033529, 0.07273069788182379, 0.07267276494554856, 0.0800018354541357, 0.07928184051402086], [0.0743073629274279, 0.07013151710911594, 0.08302383699566636, 0.07476171630494957, 0.07481626068936326, 0.0804926286377054, 0.07886836286762858, 0.07809673373948205, 0.08037342964959145, 0.07285779450145874, 0.07278122375367473, 0.08004229609937612, 0.0794468367245597], [0.0743495012403269, 0.0701162233745796, 0.0830478530836194, 0.0748886541173959, 0.07495721112487254, 0.08039120053050385, 0.07904204824850761, 0.07777921505554607, 0.0799788741737083, 0.0729383704477798, 0.07285640029518245, 0.08007556920304436, 0.0795788791049333], [0.07431174428898851, 0.0700437511462555, 0.08300090857583439, 0.07501360695473426, 0.0751308997377829, 0.08027137322287238, 0.07931814585858696, 0.07739895008905595, 0.07950585102721626, 0.07302636235452653, 0.07295155783175121, 0.08022822339499258, 0.07979862551740256], [0.07390368548681997, 0.06970450633572434, 0.08298461413256696, 0.07489678417851513, 0.0751595085948166, 0.08037625692764314, 0.07974861514325007, 0.07724784953680534, 0.07919070468950141, 0.07295283207639214, 0.0729364971074835, 0.08067012720877086, 0.0802280185817106], [0.07285865764261791, 0.06984866046137311, 0.08206523322627399, 0.07349326668471243, 0.07386774348543723, 0.08144913872559502, 0.07831794725579887, 0.08144916741942328, 0.08301230578740419, 0.07233216831066464, 0.0725112516260382, 0.07990213821274798, 0.07889232116191315], [0.07270437083554712, 0.06986247358994989, 0.08167957676107966, 0.07341837626228723, 0.07385198049763557, 0.08148450399071147, 0.07836416827565633, 0.08181618420630424, 0.0830916870932145, 0.07235791964672711, 0.0725762498897663, 0.07989266690443322, 0.07889984204668725], [0.07257792314441716, 0.06990128002998058, 0.08131520221110192, 0.07337484662866012, 0.07386737184375183, 0.08151426300905838, 0.07843027882562631, 0.08216589406951463, 0.08289471725007835, 0.07241271001514989, 0.07266954009222823, 0.07992804183286281, 0.07894793104756978], [0.07250342811588723, 0.06990450275432525, 0.08112706860206066, 0.07333942548492994, 0.07385992647219229, 0.08148611099553398, 0.0784431557282686, 0.08238891672028995, 0.08295269422872598, 0.07242413178323978, 0.07269951585210745, 0.07992045378076774, 0.07895066948167109], [0.07231816793648098, 0.06983351199103438, 0.08081127679079782, 0.07323498908501408, 0.0738101396587266, 0.08143313202748854, 0.07846561127044176, 0.08276567676153555, 0.08333333333333333, 0.07239324093153, 0.07270335096462423, 0.07993900698521773, 0.07895856226377487], [0.07215269235690544, 0.06985491380756001, 0.0803805661988792, 0.07319144530377401, 0.07384650617381952, 0.08133774238985886, 0.07857200076387917, 0.08333333333333333, 0.08295524000677125, 0.07246471734718485, 0.07282500029235413, 0.08004980850540698, 0.07903603352027314], [0.07211301906291308, 0.06990636477396801, 0.08019418642289161, 0.07320936442556089, 0.07390123396410651, 0.08128687898997192, 0.07864769550009021, 0.08333333333333336, 0.08273694172905524, 0.07253738464111949, 0.0729204753628456, 0.08011744376810645, 0.07909567802603788], [0.07291169648730525, 0.06926494625388234, 0.08333333333333333, 0.07357290037576118, 0.07388226707158023, 0.08170342950156724, 0.07857318997836413, 0.08019947254981223, 0.08254593948192553, 0.07205774388275273, 0.07216227365371879, 0.08042544973785283, 0.07936735769214412], [0.07350142764162769, 0.06970480128054232, 0.08306202522743003, 0.07397727083723271, 0.07416238801821276, 0.08122956378309483, 0.07849551632140858, 0.0795975195906743, 0.08210302010562157, 0.07235236665445442, 0.07238369757656714, 0.08018317908404747, 0.07924722387908592], [0.0738091833278829, 0.06986445242634996, 0.08312666588042074, 0.07423289073860224, 0.0743591661944316, 0.08095796037937664, 0.07858145795731163, 0.0790932238166215, 0.08155840658185572, 0.07250891560680711, 0.0724979019176471, 0.08012600583790519, 0.07928376933478781], [0.07204050168350423, 0.06989774541770162, 0.08003962269532205, 0.0732060784235972, 0.07393963801658014, 0.08128258398826758, 0.07875308178516054, 0.08333333333333333, 0.08252904562311551, 0.07257694241038738, 0.0729839338521048, 0.0802269593574419, 0.07919053341348366], [0.07201073222972657, 0.06994417821946874, 0.07988093755993228, 0.07324133827861849, 0.07401423724228018, 0.08125218754672531, 0.07886910582658994, 0.08312117734322422, 0.08229072880693683, 0.07265985077821092, 0.07308967204359007, 0.08033414367037386, 0.07929171045432255], [0.07190939663779868, 0.06992013212892838, 0.07966492714607173, 0.07323031572828892, 0.07405744319081528, 0.08118861275255204, 0.07899669947158196, 0.08333333333333334, 0.081977412841076, 0.07270225263274831, 0.0731629317722858, 0.0804542162404431, 0.07940232612407651], [0.07185219701774617, 0.0699553110688041, 0.0794385105928682, 0.07325927361009368, 0.07413847294564892, 0.08108163803063886, 0.07913003961153396, 0.08333333333333333, 0.08164648923808171, 0.07279101521342292, 0.07328173768751355, 0.08055888279305556, 0.07953309885725902], [0.07180822394938291, 0.06998338024457869, 0.07924855688503946, 0.0732974046856291, 0.07422496292647035, 0.08099442371535782, 0.07928966062132686, 0.08317749864638178, 0.08134567869746327, 0.07287749595638565, 0.07339493300667833, 0.08067790537256794, 0.07967987529273776], [0.07173788805890305, 0.06992918466785958, 0.07916269973203191, 0.0732740350651217, 0.07422869863794222, 0.08100893589815598, 0.07936447632252036, 0.08333333333333331, 0.08119825064745356, 0.07287000341736687, 0.07340163251398973, 0.08074090172488285, 0.07974995998043868], [0.07166680776090055, 0.06989108201310124, 0.07904276120298884, 0.07327081959992121, 0.07426457464295176, 0.08103101509994876, 0.07949010312301454, 0.08333333333333333, 0.08096896455039201, 0.07289385931983522, 0.07344590621452254, 0.08083570973748411, 0.0798650634016058], [0.07163569972984211, 0.06990306457661952, 0.07892278172067356, 0.07330412847500564, 0.0743349174379185, 0.0810383977315071, 0.07962923004913969, 0.08308888085876673, 0.08073954350697993, 0.07295795675275639, 0.07352931005836742, 0.08092681804190632, 0.07998927106051705], [0.07157730763446547, 0.06993661938060787, 0.07868496160183791, 0.07335020930661502, 0.07442214857741121, 0.08093771657271849, 0.07977164979932456, 0.08314877580291616, 0.08041219097444666, 0.07305159049097285, 0.07365398652878362, 0.08095618018351514, 0.08009666314638508], [0.07148743081018866, 0.06991176344743387, 0.07846107644661227, 0.07337058503375253, 0.07448787046744124, 0.0808517308611654, 0.07992962272068728, 0.08333333333333333, 0.08009354714931288, 0.07310839301741154, 0.07374147711800963, 0.08100082504550586, 0.08022234454914551], [0.07146818704138742, 0.0697682949603285, 0.07869575543429097, 0.0732767837570653, 0.0743691743015446, 0.08104137364375782, 0.07985932171820823, 0.08333333333333334, 0.08038500695496115, 0.07295563433724128, 0.07356319188560305, 0.08108390635681043, 0.080200036275468], [0.07342550240409237, 0.06976379742883031, 0.0831398987709359, 0.07384621699798932, 0.07403685203114893, 0.08119884702768156, 0.07827521484223686, 0.07996155429292111, 0.08265825417186975, 0.07230810451193459, 0.07235565115539819, 0.07999824931779051, 0.07903185704717072], [0.07318165693292762, 0.0695728140487148, 0.08305606668303755, 0.07370919305021305, 0.07395586523015986, 0.08143601776181968, 0.07838117201862096, 0.08017598935713303, 0.08274504555866749, 0.07220445048158942, 0.07228215051980466, 0.08015514625231031, 0.07914443210500145], [0.07342965736125397, 0.06952210422304449, 0.0830621400399666, 0.07404970740199344, 0.07427412777045313, 0.08129809415491458, 0.07882315837272266, 0.07923471747610512, 0.08150041239363373, 0.07235459712665634, 0.07238986298416754, 0.08048075622807067, 0.07958066446701775], [0.07318870493574879, 0.06941072331890367, 0.08333333333333333, 0.07379880899392109, 0.07405344222243876, 0.08150019433698993, 0.07862484967968977, 0.0797375906833107, 0.08206766366764112, 0.07219385826152543, 0.07225934575541296, 0.08041108467272184, 0.0794204001383626], [0.07251921413944787, 0.06924082359307962, 0.08254899829819401, 0.07328922796933807, 0.07371094893035375, 0.08201390645175155, 0.07857611890991534, 0.08124713625740748, 0.08305940783608409, 0.0720017674143276, 0.07218872753979998, 0.0803564107152374, 0.07924731194506322], [0.07276038279943531, 0.06922204534780044, 0.08300838943447374, 0.0734568015818654, 0.07380321658453413, 0.08185485228682277, 0.0785726324186183, 0.0805329109079358, 0.0828825771855468, 0.07201099331270593, 0.07214238340963107, 0.08042057133212942, 0.07933224339850091], [0.07346417286892838, 0.06946104569981368, 0.08333333333333333, 0.07414186719746094, 0.07437023199297725, 0.08121289732856239, 0.0789853455430991, 0.07887503407342897, 0.08108463787046334, 0.07238498914934313, 0.07241020815058871, 0.0805538864091727, 0.07972235038282795], [0.07348898357492299, 0.0694251535691447, 0.08300536442379622, 0.07431274233954596, 0.07458226531953248, 0.08114570503873886, 0.07933133275623964, 0.07841601023572914, 0.08048558527154734, 0.07250710880878268, 0.07253498998641834, 0.08073225600955002, 0.0800325026660516], [0.07423793895147811, 0.06994253814887225, 0.08333333333333334, 0.07513076965461596, 0.07530729100210207, 0.08003983238786745, 0.07958977665989357, 0.07693133454776517, 0.07894142576854425, 0.07310688158114695, 0.07304093638353963, 0.08041285283589747, 0.07998508874494384], [0.0744604999288173, 0.07015673872149157, 0.0829508889571974, 0.07517199971802428, 0.07526997528557967, 0.08007880068127561, 0.07935058431885933, 0.07714683065359755, 0.0792381051580383, 0.07314746880702441, 0.073055062247884, 0.08019840587155344, 0.07977463965065709], [0.07128978557803088, 0.06841993328289889, 0.08028672589280104, 0.07295493160403434, 0.0738856211153777, 0.08333333333333334, 0.08025987797592816, 0.0811909928970911, 0.08079240985627682, 0.07198130116963089, 0.07242229653155693, 0.08223958869642607, 0.08094320206661386], [0.071339450934378, 0.06858999128416945, 0.0803164592308972, 0.0729411160152125, 0.07385488517842738, 0.08291898798857626, 0.08003847009580878, 0.08167273008407473, 0.08117550356346893, 0.07203355395233528, 0.07247970251242447, 0.08196266951304396, 0.08067647964718298], [0.0714611619343027, 0.06865910133136786, 0.08058832491086036, 0.07295829429881884, 0.07381245927939588, 0.0828542159983188, 0.07983443499831255, 0.08172619623782935, 0.08148945428238813, 0.07201132097205874, 0.07242808557968174, 0.08170362834869621, 0.08047332182796889], [0.07151990686595694, 0.06870349661351231, 0.08074830513855359, 0.07293410626914724, 0.07374560970677264, 0.0829577271362993, 0.07962570038262987, 0.08189910173890752, 0.08180387832379007, 0.07197346212198166, 0.07237213659954854, 0.08146107673065413, 0.08025549237224618], [0.07160375148412916, 0.06861018922094855, 0.08114907505669944, 0.07291398512502845, 0.07365377883755751, 0.08333333333333331, 0.07944988943175889, 0.08179332742699977, 0.08200546927337209, 0.0718454181062541, 0.07219994276454411, 0.08133757250458572, 0.08010426743478871], [0.07177360016465693, 0.06863497915270285, 0.08148835999036234, 0.07301237042302376, 0.07369507806733012, 0.08311954689669492, 0.07941215027291325, 0.08147860895714629, 0.08196560128817558, 0.07185077355658627, 0.07216664904547643, 0.08131819757331966, 0.08008408461161151], [0.07181502793622697, 0.06850096628735244, 0.0815555493774629, 0.07309162785363843, 0.073766668127472, 0.08333333333333334, 0.07959080593244093, 0.08083712965639717, 0.08158966500749043, 0.0718266641630721, 0.07212156021649747, 0.08163300643028333, 0.08033799567833255], [0.071725680007525, 0.0684269378897719, 0.08094335261635742, 0.07321230492132315, 0.0739848935102145, 0.08309876227297948, 0.08012677669663165, 0.08021697034983913, 0.08081355119489614, 0.0719593683175531, 0.07228867057687331, 0.08227999675893219, 0.08092273488710308], [0.07141947504826661, 0.06829749108901959, 0.08059839954134145, 0.07309402279968549, 0.07398918020438222, 0.08333333333333333, 0.08045342033174752, 0.08039123432154471, 0.0803377710066778, 0.07196321088921359, 0.07236027067703489, 0.08255894367489065, 0.08120324708286204], [0.07129000272765897, 0.06830266268123067, 0.08031865993236836, 0.07301602925447194, 0.07395888789004947, 0.08333333333333333, 0.08048897476416486, 0.08072897396191328, 0.08037805938479868, 0.07197325798169774, 0.07240488087951147, 0.08258889553737839, 0.08121738167142273], [0.07141685351324471, 0.06841077536236227, 0.08057723162649823, 0.07300460088056082, 0.07387724487944312, 0.08333333333333334, 0.08016945275524534, 0.0809606852488674, 0.08087668740138512, 0.07194312601925651, 0.07234676440818466, 0.08220655717023345, 0.08087668740138512], [0.07136941886573551, 0.06849350284753512, 0.08045291280944787, 0.07296652914952438, 0.07386193700030595, 0.08313343529462228, 0.08011275974625987, 0.08132362239169309, 0.08103440824038245, 0.07198396491790189, 0.0724102282913698, 0.08207000501201925, 0.0807872754332026], [0.07157459133550124, 0.06856050531141927, 0.08096267455689815, 0.07300304309653897, 0.0737957055649125, 0.08305606682850601, 0.07980323556569034, 0.08131278792856515, 0.0814608788521889, 0.07192656222995442, 0.07229815361825327, 0.08176181261377684, 0.08048398249779487], [0.07167659375669709, 0.06849960972558763, 0.08111299487391728, 0.073095524960476, 0.07385826681132596, 0.08313151848083648, 0.07989216035508229, 0.08083709924959204, 0.08120650570807557, 0.07191836997600703, 0.07226008395639436, 0.08190751484244424, 0.08060375730356403], [0.07157147437373812, 0.06847152963119257, 0.08096366156636513, 0.07302989632184048, 0.07382530974602858, 0.08333333333333334, 0.07991828546392853, 0.08098094626250654, 0.08118703460900478, 0.07190396489490448, 0.07226785409125641, 0.08192414128964115, 0.08062256841625998], [0.07164556197106163, 0.06848460104673675, 0.08086191830295361, 0.07315449293125532, 0.07396047438162695, 0.0829626225773301, 0.08013169691194132, 0.08056533758463094, 0.08085763873049581, 0.07198816851749362, 0.07234589743783496, 0.08218397623329252, 0.08085761337334653], [0.07151838082361489, 0.06858797063234798, 0.08081092683913083, 0.07297694652896541, 0.07379594008043734, 0.08302594157207778, 0.0798205240190997, 0.08144537602601973, 0.08148596121061207, 0.07195230682261874, 0.07234281745626935, 0.08175024580757388, 0.08048666218123227], [0.07170932094029146, 0.06861158539313843, 0.08130371614866104, 0.07301864263980681, 0.0737411008540346, 0.08304376549731432, 0.07956714587941585, 0.08141735159896936, 0.08174139526463874, 0.07188496651101081, 0.07222038367095857, 0.08149649368734257, 0.08024413191441754], [0.07174024864804605, 0.06850997024453624, 0.08140683871575152, 0.07305570765189992, 0.073762618720537, 0.08333333333333331, 0.0796407877973827, 0.08100836260139466, 0.08154452313591033, 0.07184377379798222, 0.07216001495353697, 0.0816436697964176, 0.08035015060327126], [0.07177229066879443, 0.06841539018850544, 0.08119173724505617, 0.07317793189422038, 0.07390494993184055, 0.08333333333333333, 0.07993018766095583, 0.08032057415843442, 0.08106465486318992, 0.07188895284963848, 0.07219675368645907, 0.08206929332493607, 0.08073395019463595], [0.0719061523369733, 0.0685178532936349, 0.08153679956076494, 0.0731944051976869, 0.07385960354303509, 0.08304630428687924, 0.07968765732529266, 0.08051029482496262, 0.08143653595129506, 0.07188043670052612, 0.07216118862271712, 0.08177992182727632, 0.08048284652895565], [0.07156276653716705, 0.06857167824507066, 0.08105250527407853, 0.07292712628558297, 0.07369381701442936, 0.08333333333333334, 0.07958616348100842, 0.08163590525123957, 0.08179520935250194, 0.07186337313416935, 0.07222881782065924, 0.08149999751377812, 0.0802493067569815], [0.0717957088135523, 0.06856838771221534, 0.08159700187293377, 0.07302774998006129, 0.07369538510006166, 0.08333333333333334, 0.0794314079446573, 0.08123332868129302, 0.08187401285762162, 0.07181399814572649, 0.07211566102095121, 0.08138964073473595, 0.08012438380285675], [0.07192040849562224, 0.06857835846702456, 0.08177774464681653, 0.07311739650483981, 0.07374868751024363, 0.08311313339339647, 0.07943464750945121, 0.08090325149493556, 0.08183495854817821, 0.07183029108237875, 0.07210454644058709, 0.08145339726191651, 0.08018317864460935], [0.07090188734045881, 0.06824436449564165, 0.07972992408008459, 0.07298732343602628, 0.07415383506976962, 0.08230532285785366, 0.08116141789667786, 0.0810863739332951, 0.07939596368212472, 0.07216573050880606, 0.07271542415159983, 0.08333333333333331, 0.08181909921432833], [0.07103499655264434, 0.06821918175549883, 0.08003891784862179, 0.0730470737500902, 0.07415300080974113, 0.08253432547131383, 0.08111372547678752, 0.08077114973557142, 0.07949182291008061, 0.07212158641041905, 0.0726294697973513, 0.08300410757792516, 0.0818406419039548], [0.07123624752216022, 0.06815680808251987, 0.080544925803431, 0.07313942330441706, 0.07414934180636337, 0.08266422152406716, 0.08098052586610159, 0.08019283027585937, 0.07955950202223477, 0.07204191235823024, 0.07248237544826379, 0.0830840194198402, 0.08176786656651136], [0.07146185827410631, 0.0681588888287558, 0.08102178040576871, 0.07334636146713368, 0.07429985619147478, 0.0822484640988618, 0.08100442881814264, 0.07949492129263033, 0.0793630353062015, 0.07209522011096185, 0.07248080660522388, 0.08307609837581299, 0.0819482802249256], [0.07147924182174796, 0.06822623893340513, 0.08074354798369124, 0.07370792671253744, 0.07480647546672628, 0.08107638904258303, 0.08173277979875386, 0.07870593350517756, 0.0780319363334295, 0.07246401899618381, 0.07287961549197583, 0.08333333333333334, 0.08281256258045509], [0.07122603175105034, 0.06841444987761582, 0.07988638326415587, 0.07375755859662672, 0.07507584694803052, 0.0806156489075798, 0.08254537194605677, 0.0789645459000858, 0.0773252443399606, 0.07280022775134573, 0.0733369887702284, 0.08271836861393037, 0.08333333333333334], [0.07092390842658873, 0.06843842289189639, 0.07937173650837867, 0.07352120104238616, 0.07493971306362822, 0.08069945858682233, 0.08268900029625662, 0.07967247964229647, 0.07735192653284913, 0.07279591376972488, 0.0734228085820332, 0.0828400973238059, 0.08333333333333333], [0.07085125985622993, 0.06845277642261142, 0.07931698281860033, 0.07330280693296924, 0.07467280640716278, 0.08119673886865847, 0.0820959402064859, 0.08047387960465031, 0.07806064327273193, 0.07264124094231751, 0.07327686586809609, 0.08297162496063006, 0.08268643383885604], [0.07086018700351907, 0.06826531274046378, 0.07963302710289684, 0.0730560736599444, 0.07428296969481667, 0.08199400180481066, 0.08143861589702502, 0.08094526123308586, 0.07899685295577362, 0.07227496771531615, 0.07285014038805754, 0.08333333333333334, 0.08206925647095714], [0.07100612577101818, 0.06822670545610574, 0.07998442328506339, 0.0730925912253021, 0.0742381058340806, 0.08230938435528051, 0.08130625370346518, 0.08069312498303899, 0.07922347192688525, 0.07219032220721194, 0.0727141984474938, 0.08298207876137406, 0.08203321404368026], [0.07110841733847675, 0.0681157611876383, 0.08035989654942843, 0.07314971817237251, 0.07423906664376816, 0.08230473930343568, 0.08128527508588233, 0.08019164901471548, 0.07913026119262337, 0.07211059916948327, 0.07258764080077648, 0.08333333333333333, 0.08208364220806587], [0.07119642987519975, 0.06810079876397142, 0.08056249824489932, 0.07320549217513676, 0.07426027157476672, 0.08229606289962144, 0.08124272986497064, 0.07994092548172706, 0.07916354771867953, 0.07209747286430496, 0.07254803053666414, 0.08333333333333334, 0.08205240666672503], [0.07120376217326452, 0.06810854415191735, 0.0805467044861706, 0.07331800775535958, 0.07441657272378176, 0.08190719260696899, 0.08151314705357407, 0.07966140793876705, 0.07875532848592354, 0.07220523394898141, 0.07266429042010097, 0.08333333333333333, 0.08236647492185678], [0.07098866075395933, 0.06826948356119181, 0.07987974638634227, 0.07325639530292477, 0.07449154769326946, 0.08172207185969081, 0.08182347944276087, 0.08030293598626705, 0.07851049313735622, 0.07238905026643395, 0.07294250346075495, 0.0828602724814266, 0.08256335966762175], [0.07091229131351728, 0.06823014776041611, 0.07971956147945661, 0.073348166411118, 0.07466637909745137, 0.08119828675204437, 0.082258877