[[0.0737135591837913, 0.07172424237493007, 0.08310840994929948, 0.0721458647007639, 0.08185330747242936, 0.07250106463464406, 0.08088583366140623, 0.07614820199041804, 0.07537482632537845, 0.07528623006538347, 0.07491634194353715, 0.0819969229317072, 0.08034519476631126], [0.0737652493619279, 0.07173935374219029, 0.08317755213834298, 0.0721925036269852, 0.08170742724505668, 0.0725649051886181, 0.08070504418570924, 0.07606974568101492, 0.07528564810880033, 0.07525428222122968, 0.07485017983809442, 0.08211697580232148, 0.08057113285970889], [0.07384554586481137, 0.07177872609483393, 0.08323745111145169, 0.07226630471290592, 0.0815032335601203, 0.07265713575953134, 0.08048426463468643, 0.07598704503282572, 0.07519440880575544, 0.07522707248462733, 0.07478630421995264, 0.08217977447891817, 0.08085273323957966], [0.07392337263333261, 0.07180406002487567, 0.08318474705018054, 0.07232851870508272, 0.08135923325937938, 0.07273851259857216, 0.0803277774400402, 0.07593052737252057, 0.07512012704535656, 0.07521751899922718, 0.07473695032145888, 0.08221831705006018, 0.08111033749991327], [0.0740187407332821, 0.07185117169012561, 0.08318842310091297, 0.07241574847958956, 0.08117413566265709, 0.07284341406954312, 0.0801291358453977, 0.07586724354825604, 0.07504294907419011, 0.07520894484958418, 0.07468817064982501, 0.08216390786151523, 0.08140801443512137], [0.07407138124637505, 0.07183790530281484, 0.08326907814191334, 0.0724438723974803, 0.08108696601165186, 0.07289009686302358, 0.08001415411637386, 0.07581493497593635, 0.07496447075094076, 0.07519440858678318, 0.07463123083890251, 0.08214944674754915, 0.08163205402025522], [0.07414531983105956, 0.07176572775522302, 0.08333333333333333, 0.07245247052985399, 0.08101902799335102, 0.07293576703285468, 0.0798911025413597, 0.07574515658870261, 0.0748289074928081, 0.07517823983140934, 0.07453034663787904, 0.08217484944679651, 0.081999750985369], [0.07424659895503448, 0.07173212554196048, 0.08333333333333333, 0.07249672828776378, 0.08090258388639145, 0.07301515075576596, 0.07974544015024614, 0.07569525908050305, 0.0747144773004265, 0.07518072343769423, 0.07445204871787074, 0.08210982302133417, 0.08237570753167572], [0.0743071822957468, 0.07161769541006328, 0.08333333333333333, 0.07247029952526444, 0.08087356609608176, 0.07303760748135615, 0.07967685320276166, 0.07565354070715445, 0.07458506972363291, 0.07517796574788507, 0.0743546968725487, 0.08223699927077674, 0.0826751903333947], [0.07449192376936184, 0.0715883996273978, 0.08279011704023716, 0.07255584812486411, 0.0808167139122335, 0.07318631842172571, 0.0795584982424683, 0.07566343219819284, 0.07448718764359653, 0.07525340288246635, 0.07430650989986867, 0.08221324410233008, 0.08308840413525709], [0.07472928805003297, 0.0716078191639881, 0.08220843424947656, 0.07269047511567842, 0.08079395323657643, 0.07338245882868712, 0.0794710113973725, 0.07573542942781425, 0.07444595631739725, 0.07539093407911697, 0.07431655084437504, 0.08211497186541807, 0.08311271742406627], [0.07495626791734229, 0.07169235705607464, 0.08181635588248952, 0.0728598414479621, 0.0806351216848386, 0.07359840189673629, 0.0793098069375006, 0.07578264839770853, 0.07442438440718564, 0.07550393360689235, 0.0743397934512396, 0.08188790248272274, 0.08319318483130722], [0.07513011558256714, 0.07168276125403522, 0.08129847658500157, 0.07293597935347286, 0.08066181072338306, 0.07371669814396824, 0.07931557395065088, 0.07589467182130856, 0.07443295183768535, 0.07565115803038668, 0.07438286741367554, 0.08179429709944476, 0.08310263820442035], [0.07524399259487993, 0.07166537756901681, 0.08092769367288727, 0.07297730548997523, 0.08066944946782248, 0.07378545636673668, 0.07934892976823663, 0.07598379167167091, 0.07444462932017284, 0.07576124804192494, 0.07441788937024915, 0.0816667386151597, 0.08310749805126742], [0.0753279576675565, 0.07161249131575462, 0.0804764866396271, 0.07297570398867712, 0.08074711385071597, 0.07380272490871913, 0.07952516967986434, 0.07612351448174838, 0.07449030368814326, 0.07590192067349852, 0.07448045855867198, 0.08151824174301898, 0.08301791280400403], [0.07528553841007234, 0.07148625214413466, 0.08013604433056433, 0.07286921029626063, 0.08086203546489598, 0.07369749150555799, 0.07971829211188691, 0.07621397032451835, 0.07450994426426834, 0.07596507258460515, 0.07449918469563266, 0.08142363053426944, 0.08333333333333334], [0.07526445462831875, 0.07138862412025994, 0.07965800046276876, 0.07278492949226803, 0.08103193354124073, 0.07360588773787355, 0.07997687854335331, 0.07637477807744493, 0.07458800943439305, 0.07608864885046325, 0.07457604595218612, 0.08132847582609613, 0.08333333333333333], [0.07511607169072454, 0.07125420920742587, 0.07922119770458103, 0.07261184914154986, 0.08134441520046959, 0.07339363624566204, 0.08035857622277241, 0.07654862943016748, 0.0747104366777513, 0.07617586783966883, 0.07467047262527689, 0.0812613046806169, 0.08333333333333334], [0.0737412632917545, 0.07185349645078172, 0.08297850879611827, 0.07219707223177507, 0.08180520326140756, 0.0725106203175007, 0.08098367889452537, 0.07626468695199781, 0.07556034780254739, 0.07534943720738607, 0.0750682656913702, 0.08167858788065967, 0.08000883122217593], [0.07373296796594457, 0.07181770696280627, 0.08333333333333331, 0.07220629228905368, 0.0816765893597886, 0.07254484362831179, 0.08076246731464007, 0.07613786940981156, 0.07541126867081449, 0.07527834548059041, 0.0749474325958786, 0.08186160586818479, 0.08028927712084172], [0.0737666304896219, 0.07183390257549596, 0.08333333333333334, 0.07224603184870199, 0.08158246145824627, 0.07259722932605925, 0.08063926564535033, 0.07608585251395268, 0.0753503584392314, 0.07526063387382176, 0.07490387597245515, 0.08193902801220167, 0.08046139651152841], [0.0738575515334463, 0.07181329841733888, 0.08333333333333334, 0.07229385779443542, 0.08142913892716994, 0.07268114475270462, 0.0804247698522115, 0.07597550098946783, 0.0751966985426121, 0.07522200291693783, 0.07478988710488703, 0.08212002760436742, 0.08086278823108788], [0.07377596454232463, 0.07180208829295004, 0.08333333333333333, 0.0722352818934481, 0.08158799306598409, 0.07259759578058221, 0.0806181455256542, 0.07605943023136377, 0.07530512034588359, 0.07524796978869534, 0.07486751870102391, 0.0820163386116374, 0.08055321988711936], [0.0739471210192489, 0.0718456149036999, 0.08333333333333333, 0.07236802364064282, 0.08124579801252417, 0.07277702171955916, 0.08023034001349069, 0.0759047751262241, 0.07510756479986773, 0.07520695208372984, 0.07473002158525938, 0.08213043373768565, 0.08117300002473432], [0.0740246255649247, 0.07190948986779291, 0.08333333333333334, 0.0724525817465757, 0.08108425901957811, 0.07286966352567555, 0.08007221678253171, 0.0758655206390466, 0.0750688089696199, 0.07520698369887537, 0.07471059336003992, 0.08204062659877524, 0.08136129689323107], [0.07408502288599374, 0.07184926974073154, 0.08333333333333333, 0.0724596174899543, 0.0810429388950268, 0.0729075521700393, 0.07997246969508165, 0.07580179244741958, 0.07495215398032248, 0.07519011371731792, 0.07462313237693742, 0.08211025717302735, 0.08167234609481465], [0.07419579256547795, 0.07190681236588085, 0.08333333333333333, 0.07256081713792091, 0.08085916798110165, 0.07302694561847808, 0.07978378014217243, 0.07575342965696452, 0.0748866195617402, 0.07519692989443945, 0.07458721255386438, 0.08196029301590942, 0.08194886617271678], [0.07429462086520319, 0.07184962887309151, 0.08333333333333333, 0.072591176120674, 0.08076624453710282, 0.07309825932898145, 0.07964871855397807, 0.0756976697456408, 0.07475542479908553, 0.07519502898913243, 0.07449437508534652, 0.08191923171525532, 0.08235628805317498], [0.07436104684707294, 0.07178375502925757, 0.0830691166030765, 0.0725928263513623, 0.08076290211196009, 0.07313729334989179, 0.07961160101522316, 0.07568191214770373, 0.07467301808451052, 0.07521022723388768, 0.07443724584448062, 0.08203590797053843, 0.08264314741103446], [0.07441661921388756, 0.07169827340183584, 0.08309784651572184, 0.0725792718184328, 0.08071692449598572, 0.07316385245960093, 0.07954194134040338, 0.07564724265636705, 0.07456863684718486, 0.07520938927544828, 0.0743597803394781, 0.08208529613236401, 0.08291492550328944], [0.07452667547751549, 0.07167906861622166, 0.0828292579832266, 0.07262970911315893, 0.0806850254373997, 0.07325274648878946, 0.0794665508366506, 0.07564964455632371, 0.07450669646984824, 0.07525175165737737, 0.07432784932176328, 0.08206023199184384, 0.08313479204988129], [0.07458951339726287, 0.07166169160164872, 0.08271806091682456, 0.07265564359499287, 0.08065110442074087, 0.07330273851205864, 0.0794062320419313, 0.07564366891507125, 0.07446153691250106, 0.07527118191242868, 0.07430139533438238, 0.08200389910682333, 0.08333333333333331], [0.07471750927699072, 0.07169653356487819, 0.08251442125151967, 0.07274417782177481, 0.08059673520768673, 0.0734207396773459, 0.07933050069991922, 0.07566948505164882, 0.07444140614173221, 0.0753344358460684, 0.07430775392300941, 0.0818929682040928, 0.08333333333333336], [0.07482653245666882, 0.07168877708842074, 0.08219457126794572, 0.07279500441949752, 0.08060670252801518, 0.07350242233692843, 0.07930854204011202, 0.07571103009440003, 0.07442170602662226, 0.07540458054884609, 0.07431204681261679, 0.08189475104659316, 0.08333333333333334], [0.075135413608333, 0.07182443188201251, 0.08170130044529278, 0.07303712611800163, 0.08038503245500404, 0.07380314829405243, 0.07909426364140715, 0.0757791351109033, 0.07440800782970632, 0.07555959792658705, 0.07435639633634847, 0.08158281301901811, 0.08333333333333334], [0.07526948911488589, 0.07179614274617471, 0.08122598466798513, 0.07308239408651372, 0.08042160047500355, 0.07388470628523841, 0.07911107366665748, 0.07587066917569171, 0.07440911028707817, 0.07567805673583755, 0.07438517939483799, 0.08153226003076262, 0.08333333333333336], [0.07491641952862789, 0.07161814110178431, 0.08173741699480358, 0.07279376638230094, 0.08071574910460881, 0.07353519915124743, 0.07936894619319636, 0.07578744933225053, 0.07440700357723387, 0.07549734358118831, 0.07431953134602842, 0.08196970037339629, 0.08333333333333334], [0.07539336586163009, 0.07180688093467674, 0.08088030832232387, 0.07314774405139222, 0.08038823145328985, 0.07397711285333386, 0.07911755398246136, 0.07594033983866766, 0.0744165744985296, 0.07577514707474232, 0.0744165744985296, 0.08140683329708949, 0.08333333333333333], [0.07552385812395426, 0.07176616498977861, 0.08040870541512525, 0.07317949034210604, 0.08039766717553656, 0.07404121095135059, 0.07922910061512432, 0.07606407678760449, 0.07443675789845554, 0.07592017140948473, 0.07446436334364294, 0.0812350996145035, 0.08333333333333336], [0.07552104814378525, 0.07169438418975004, 0.08019240566195271, 0.07312633124332928, 0.08048874480439025, 0.07399174198349136, 0.07936896848612154, 0.0761430236955881, 0.07446207039601416, 0.07598467148649901, 0.07449158642357757, 0.08120169015216734, 0.08333333333333333], [0.07555483538496643, 0.07164848884421912, 0.0798121017248255, 0.07309841785795279, 0.08062956315394797, 0.07396124912803215, 0.07960585110306007, 0.07631480606792233, 0.07455731790559891, 0.07613233512253063, 0.07458989211060886, 0.08110166977038485, 0.08299347182595042], [0.07560953839859601, 0.07159553094854743, 0.07934847221178723, 0.07308263947656461, 0.08068086659446831, 0.0739534767162807, 0.0797377796672067, 0.07645451589982832, 0.07460852784302335, 0.0762673659334522, 0.07465600261315952, 0.08091488634891987, 0.08309039734816574], [0.07541639502889132, 0.07144752612183163, 0.07918458550694103, 0.07288405111331296, 0.08098769997422117, 0.07371497929306539, 0.08005669254357674, 0.07655163796181232, 0.07468515270691325, 0.0762799929112186, 0.07469791784616339, 0.08102658142029087, 0.0830667875717612], [0.07377188322440577, 0.07195735828661952, 0.08308398492698495, 0.07227036561333608, 0.08162470720597763, 0.07256850214642073, 0.08087684213321314, 0.0762565562681133, 0.07559787470772981, 0.07534829962168582, 0.07510272784376827, 0.08156953728220549, 0.07997136073953964], [0.07380424923042805, 0.07195441831414347, 0.08333333333333333, 0.07233437119997758, 0.0814278804073703, 0.07266871993472354, 0.08053436362889825, 0.07609833214925826, 0.07540774749356018, 0.07527762168363582, 0.07495791026510304, 0.08178786435684204, 0.08041318800272607], [0.07380068621626067, 0.07196494955446077, 0.08314250860587795, 0.0723208151885106, 0.08151558559431249, 0.07264205995158396, 0.08065328371093379, 0.07616336005214557, 0.07548403040741164, 0.07531159775564439, 0.07501825130688514, 0.08172849924416177, 0.0802543724118113], [0.07382191532525968, 0.07189285700617191, 0.08333333333333334, 0.07231336916273855, 0.08144123064923914, 0.07266909878646967, 0.08049783511076937, 0.07604809272647589, 0.07532120010149675, 0.07525341932798857, 0.07488827675936399, 0.0819286224503182, 0.08059074926037509], [0.07390599991091294, 0.07201681343939385, 0.08312865154050325, 0.07243082737272787, 0.08127318225707364, 0.0727827286936386, 0.0803529712712911, 0.07604224340520109, 0.07534079947996501, 0.07527593705099458, 0.07491893328092623, 0.08183885042118069, 0.08069206187619114], [0.0739592127302749, 0.07197520363000615, 0.08333333333333334, 0.07244556724130327, 0.08114818998889457, 0.07282711200595553, 0.08018730244914422, 0.07594420149412427, 0.07520486972007726, 0.07523191780985117, 0.07481357903201148, 0.08191915269236077, 0.08101035787266311], [0.07391193067000874, 0.07195680446456845, 0.08312716408809151, 0.07240265890718607, 0.08130277697382549, 0.07277130872467684, 0.08034765634228196, 0.07600985284662531, 0.0752771710723634, 0.07525916537186048, 0.07486657528290201, 0.08195025328451248, 0.08081668197109726], [0.0740496885705352, 0.07201673693692219, 0.08333333333333333, 0.07252545354914877, 0.08097919582215933, 0.07292537910336834, 0.08001271157790671, 0.07588670906004143, 0.07513135947948597, 0.0752257809919521, 0.07476739603374262, 0.08187828809451611, 0.08126796744688781], [0.07412459305180953, 0.07206087609692718, 0.08315944410108596, 0.0725950594443749, 0.0808953228518884, 0.07300544779796356, 0.07991902617210615, 0.07586889366659642, 0.07510260992929116, 0.07524045796690888, 0.0747563762843995, 0.08184525886492519, 0.08142663377172314], [0.0741432778253209, 0.07201805400392057, 0.08333333333333333, 0.07258697874029174, 0.0808547207829511, 0.07301340564352547, 0.07985013197656642, 0.0758202897614072, 0.07502796198332276, 0.07521665453775836, 0.07469677091275682, 0.08185514618229327, 0.08158327431655207], [0.07424481041266433, 0.07207104922860262, 0.0831624426357181, 0.07267772958134361, 0.0807385335022639, 0.07311979277403524, 0.07972231256235254, 0.07579548902319985, 0.07498526882668156, 0.07523636716634084, 0.07467875128283621, 0.08177438402603718, 0.08179306897792397], [0.07431101881213951, 0.07198151979596736, 0.08333333333333333, 0.07267337244100215, 0.08066915938265973, 0.07315465546749854, 0.07960125902278822, 0.07572070973103982, 0.07483811333878905, 0.07521233096747586, 0.0745665495500672, 0.0817700516387279, 0.08216792651851129], [0.07435050614308673, 0.07194612592753409, 0.08333333333333333, 0.0726786519208868, 0.08063805197796098, 0.07318193013910554, 0.07955031437646497, 0.07569610426062892, 0.07477713973863778, 0.07521030821864591, 0.07452224518547491, 0.08176564128554056, 0.08234964749269949], [0.07436265835679418, 0.07190456280458822, 0.08333333333333334, 0.07266377147069006, 0.08063756677780358, 0.07318198915711087, 0.07953394399983044, 0.07567945008729647, 0.07473393614200391, 0.07520443836786621, 0.07448809877843122, 0.08181145781036658, 0.08246479291388506], [0.07442470286475193, 0.07183854169560454, 0.08333333333333333, 0.07266615899228913, 0.08057287815114209, 0.07322306805371287, 0.0794455362476484, 0.07563862798467481, 0.07463120205128884, 0.07520036978631606, 0.07441275975510102, 0.08184366556831883, 0.08276915551581802], [0.0745028450349677, 0.07178885915009565, 0.08313207777010781, 0.07268358795592099, 0.08053146948969545, 0.07327784607926276, 0.07938159045275056, 0.07562287618522037, 0.07455247126948475, 0.07521925972711946, 0.07436070701493888, 0.08186776032568863, 0.08307864954474713], [0.07456551061483586, 0.07174641217492322, 0.08305976681922743, 0.07269676993566648, 0.0804965540009321, 0.07332211141046308, 0.079311635445731, 0.0756038236614009, 0.07448240683593063, 0.0752301929613463, 0.07431316871974385, 0.08183831408646573, 0.08333333333333333], [0.07481512799323259, 0.07186236395751415, 0.08267661262610525, 0.07289649531661782, 0.08039025707626837, 0.07356807365948331, 0.07917756590227282, 0.07566392329421685, 0.07447766291692856, 0.0753575334961826, 0.07435395384432474, 0.08165921611417665, 0.08310121380267627], [0.07499059004167263, 0.07190674003152156, 0.08228711165783748, 0.07301775371235247, 0.08027608703537446, 0.07373194562805155, 0.07904531383172873, 0.07568574326508792, 0.07443731398866921, 0.07543455479287164, 0.07435162348174153, 0.0815018891997576, 0.08333333333333334], [0.0751673042089128, 0.07189318640396725, 0.08177536671109593, 0.07309584201404418, 0.08031563442441465, 0.0738575808220697, 0.07904432058140033, 0.07577517123072497, 0.07442634403435941, 0.07556428510611757, 0.07437638230295993, 0.08151012426081408, 0.08319845789911928], [0.07499984094959068, 0.07180208767128843, 0.08202906609038647, 0.07295551398240978, 0.08042414648654567, 0.07369026778843563, 0.0791443637012905, 0.07572864298674233, 0.07441560480223008, 0.07547446933060403, 0.07433719242493061, 0.0816654704522126, 0.08333333333333334], [0.0748853348166194, 0.07184408110930289, 0.08244134873033869, 0.07292086191306373, 0.08042317372677923, 0.0736148985307216, 0.07918127956051539, 0.07569485910582957, 0.07446226075215819, 0.07540600306415798, 0.07435436365323078, 0.08167454695593292, 0.08309698808134963], [0.0746653537884867, 0.07174557121663017, 0.08280649454718349, 0.07274875392613114, 0.08050473416130752, 0.07340263749499926, 0.0792831606891903, 0.07563071611983915, 0.07445798744294531, 0.07528536900309749, 0.07431102015589011, 0.0818248681209659, 0.08333333333333333], [0.07498423510051709, 0.07182561532939674, 0.08212737985845646, 0.07296145934557055, 0.08041287116424443, 0.07368704999356489, 0.07914395645768275, 0.07572257667018215, 0.07443016833839022, 0.07546302118438257, 0.07434611088629998, 0.0816569089702856, 0.08323864670102657], [0.07488770225399129, 0.07169113221407472, 0.082030106445521, 0.0728273091179702, 0.08060114152133185, 0.07355044748797916, 0.07929139855240659, 0.07573472444819086, 0.07441457213642769, 0.07544403588370548, 0.07431776174454013, 0.08187633486052763, 0.08333333333333333], [0.07527268638852014, 0.07189407742482935, 0.0814755131996962, 0.07314646553147815, 0.08032752365214321, 0.07393338482283686, 0.07904340911136942, 0.07583603504077494, 0.07443074029511575, 0.07564733310713567, 0.07440084171195105, 0.08147683512746429, 0.08311515458668496], [0.07536489841635784, 0.07186775714951922, 0.08114954638526037, 0.07317611243135755, 0.08030562331644509, 0.07399163739067904, 0.07901421866139047, 0.07587854984270904, 0.0744103380908316, 0.07571459655560422, 0.07440248334187946, 0.08139090508463262, 0.08333333333333331], [0.07548760234979757, 0.07185938081290978, 0.08075649324699348, 0.07322791448966334, 0.08029234992371535, 0.07407268880485335, 0.07906248085632755, 0.0759591975696858, 0.07441764183554067, 0.07582078813834628, 0.07443433014110734, 0.08127579849772618, 0.08333333333333333], [0.07558009980038892, 0.07185612056195893, 0.08047720317195001, 0.07326813986148809, 0.08026984408970693, 0.07413343165798647, 0.07909886441052662, 0.07602436278550014, 0.07442789220352682, 0.07590460792702135, 0.07446288650510559, 0.08116321369150689, 0.08333333333333334], [0.07563177829341275, 0.07177645634718548, 0.08011306151016134, 0.07323452472808027, 0.0803438172880937, 0.07411632880651375, 0.07925982642120198, 0.07614356727237681, 0.07445769154294103, 0.0760207686743959, 0.07450592461753335, 0.0810629211647704, 0.08333333333333334], [0.07573228844809168, 0.07176457881346757, 0.07968290142500974, 0.07326135458137713, 0.0804145183509086, 0.07415264695901186, 0.079436503705707, 0.07632041437077602, 0.07454632682202769, 0.07619553268103352, 0.07461008920567945, 0.08087541406592148, 0.08300743057098833], [0.0757107143932833, 0.07165934685901469, 0.07936976563326463, 0.07318007533098919, 0.08049075523375218, 0.07407525913870017, 0.07955440218172889, 0.07639694427410285, 0.07455425598069, 0.07625716974757667, 0.07462294233266338, 0.08079503556090052, 0.08333333333333331], [0.07566125413488245, 0.0715653490373086, 0.07901112671066537, 0.07308449594315218, 0.08064861215451427, 0.07396430729470486, 0.07978060773144677, 0.0765416578218633, 0.07463162406883589, 0.0763599750579876, 0.07469432309452384, 0.08072333361678148, 0.08333333333333333], [0.07539388958225104, 0.07138627453265312, 0.0788805085645431, 0.07282902066984044, 0.08102497739381419, 0.07365331951933306, 0.0801710657338942, 0.07664111691364132, 0.07472449464373469, 0.07634766103909048, 0.07473802040381011, 0.0808763176700609, 0.08333333333333333], [0.07468354520090119, 0.07181889893246741, 0.08294513809742828, 0.07280431604169782, 0.08038782604661841, 0.07344984548424678, 0.07920101987462304, 0.07561204953821944, 0.07447107327211404, 0.07527525060780518, 0.07432442099611097, 0.08169328257443403, 0.08333333333333333], [0.07456295231913361, 0.07184736465549608, 0.08333333333333333, 0.07275449242198866, 0.08039457549603876, 0.07335702869304198, 0.07926134761829537, 0.07560094182285229, 0.07453402035239563, 0.075222881190948, 0.07435542583355743, 0.08170768492210574, 0.08306795134081306], [0.07448956679651879, 0.07192699234537168, 0.08333333333333334, 0.07275435996475163, 0.08045049067553432, 0.07331218786195697, 0.07934808017306486, 0.07563693647749102, 0.07464419171336188, 0.07521889418948689, 0.07443491975341805, 0.08169819237902025, 0.08275185433669036], [0.07446201532081514, 0.07197619275929984, 0.08333333333333333, 0.0727643726233385, 0.08046898327284328, 0.07330021242771254, 0.0793825297506827, 0.0756582059998121, 0.07470287857523815, 0.07522223215123232, 0.07447937560919059, 0.0816660291862124, 0.08258363899028902], [0.07440690445923746, 0.07204298713849756, 0.08333333333333333, 0.07276630881957917, 0.08051725911032027, 0.07326543913554244, 0.07945820358063162, 0.07569808413372905, 0.07480165758985242, 0.07522835294067365, 0.07455276176336938, 0.08161938029931372, 0.08230932769591977], [0.07431056907174342, 0.0721129589487422, 0.08333333333333333, 0.07274402153760248, 0.08059413783851146, 0.07319576495728444, 0.07958188157263368, 0.07575608622837943, 0.07494002662860288, 0.07523271675930879, 0.07465225831677866, 0.08163596112878087, 0.08191028367829832], [0.07426326793605662, 0.07213860153025764, 0.08333333333333333, 0.07272782252981115, 0.08063367921139616, 0.07316065789503201, 0.07964652967664974, 0.07578955631246703, 0.07500514725255532, 0.07523620023318882, 0.07469875194538826, 0.0816407885520783, 0.08172566359178561], [0.0749198459702382, 0.07155426345851934, 0.08157413101168033, 0.0727534999086707, 0.08081015345681675, 0.07350490234369697, 0.07943852202265854, 0.07582629068985042, 0.07440352200553334, 0.07553113485901924, 0.07431996402986801, 0.08203043691011491, 0.08333333333333334], [0.07524391771635869, 0.07170493794717876, 0.081046046337142, 0.07300811330139395, 0.08056027351971284, 0.0738154440928326, 0.0792291186020269, 0.07592213231231748, 0.07441480857164162, 0.0757127807508562, 0.07438928940270521, 0.0816198041125005, 0.08333333333333334], [0.0754374753321558, 0.07174902841831815, 0.08060139750455131, 0.07312529506567644, 0.08048921714434074, 0.07396771528260433, 0.07926708960017353, 0.07603978614103711, 0.07444731803659775, 0.07587016283263914, 0.07445635023906341, 0.08138531672056107, 0.08316384768228115], [0.07422620994770861, 0.07215761516987405, 0.0831185309931569, 0.07271128480165945, 0.08071785869629851, 0.07312829293877081, 0.07974945754304474, 0.07584135598335405, 0.07507913049997475, 0.07525630274603148, 0.0747545329310559, 0.08169012408804711, 0.08156930366102375], [0.07417311651381878, 0.07216059555176667, 0.08309320467566456, 0.07267815453905901, 0.08078610853136531, 0.07307927763170859, 0.07984113693717047, 0.075880439221135, 0.0751410234603858, 0.07526231766950417, 0.0747972763472814, 0.08171165377140789, 0.08139569514973223], [0.07409753069150404, 0.07214737746674463, 0.08314079541022684, 0.07262255621463114, 0.08088634088760621, 0.07300529483828776, 0.07995877963428233, 0.07592431676400448, 0.07520983547762523, 0.0752636576810864, 0.07484187301520534, 0.08172604771486343, 0.0811755942039322], [0.07404274325214544, 0.07216567443606167, 0.0830583931279791, 0.07259676092644816, 0.08098010213064574, 0.07295673200514338, 0.080075824416252, 0.07598636263699655, 0.07530180533317173, 0.07528385585796869, 0.07490970327994134, 0.08170022676882896, 0.08094181582841731], [0.07396395741838545, 0.07213549249484032, 0.0832083094379606, 0.07253239742674851, 0.08107718340455208, 0.07287506379292882, 0.08019202698357729, 0.07602582066692816, 0.0753598997742287, 0.07528165422540214, 0.07494476757931577, 0.08167712959918816, 0.08072629719594392], [0.07391773714791756, 0.07210143542119549, 0.08333333333333333, 0.0724862658680913, 0.0811355294416556, 0.07282295601681038, 0.08025623375095707, 0.0760393981712615, 0.07537681621331549, 0.07527459492162981, 0.07495091574714952, 0.08167619220030457, 0.0806285917663783], [0.0738933289056089, 0.07210658927569553, 0.08314089489697332, 0.07247023467796977, 0.08122885416364216, 0.07279562594265242, 0.08036750876817758, 0.07609684027952031, 0.07544357685086744, 0.07530386499904344, 0.07500306634053477, 0.08166521599637117, 0.0804843989029431], [0.0738617850164755, 0.07209074449498035, 0.0831379519213833, 0.07243247690342415, 0.08130996011501393, 0.07274638228968543, 0.08047342522359946, 0.07614124740302462, 0.07549735657077553, 0.07531737134878061, 0.0750406959631441, 0.08162845056135706, 0.0803221521883559], [0.07383665309490009, 0.0721022929337183, 0.08318571478907909, 0.07240056120898221, 0.08135442797982631, 0.07269163721838472, 0.08062259097928814, 0.0762057123780877, 0.07559129711628047, 0.07533753830266096, 0.07510946998104982, 0.08149137297423917, 0.08007073104350296], [0.0738204400197478, 0.07210711959220566, 0.0830909651582488, 0.07237034032941031, 0.08141971391023825, 0.07264259750083547, 0.08079161688700062, 0.0762808239020671, 0.07568572263759868, 0.07539000946103996, 0.07518096311761142, 0.08137299230937697, 0.0798466951746192], [0.07378825562035081, 0.0720059666891286, 0.08333333333333333, 0.07232077000534555, 0.0814640541946115, 0.07262067341973862, 0.08069672076462436, 0.07619567127109121, 0.07555391222903277, 0.07531678514954376, 0.07507014789060543, 0.08156388830461649, 0.08006982112797759], [0.07521346548948786, 0.0718219230493355, 0.08145177119043456, 0.07307001274971436, 0.08043477528785467, 0.07385289346968842, 0.07913040973289316, 0.0758451594470505, 0.07442740522441657, 0.07563666525039964, 0.0743888317822597, 0.08159170774602664, 0.08313497958043863], [0.07507882756705075, 0.07173698851766609, 0.08158822352717494, 0.07294786595556252, 0.08058138044604048, 0.07370930778105671, 0.0792566083759067, 0.07582874791347806, 0.07443047488611264, 0.07558010365081251, 0.07436787955552712, 0.08178369147544144, 0.08310990034816981], [0.07524501343878966, 0.0716162744400786, 0.0807334827615216, 0.07293831611029962, 0.08080978520223023, 0.07374587083726689, 0.0795164627886701, 0.07607460031055985, 0.07449182027212906, 0.07583285155667889, 0.07446332807268488, 0.08168901090136954, 0.0828431833077212], [0.07510591171240963, 0.07161406625849123, 0.08118203904035448, 0.07287729510812319, 0.08077756660747401, 0.07365993112510279, 0.07941219531319736, 0.07593668310815706, 0.0744417842605126, 0.07567785327672591, 0.07438920290610346, 0.08186146556857377, 0.08306400571477437], [0.07461726884523012, 0.07157297665526391, 0.08243187607170466, 0.07261405866647537, 0.08079771912978324, 0.07328431298204521, 0.07949308045449006, 0.0756862801263925, 0.07443803457484309, 0.07531642186695066, 0.07428880846466819, 0.08212582882881972, 0.08333333333333334], [0.07483193186500306, 0.0715719522107896, 0.08185361684364488, 0.07271989631420825, 0.08082638257890658, 0.07344508111883845, 0.07946810228834039, 0.0757884126082969, 0.0744229260082039, 0.0754694860759381, 0.07431831118193148, 0.08211101491726853, 0.0831728859886299], [0.07525959236573058, 0.07153849046293122, 0.08041723776758945, 0.07289242816193488, 0.08086252724506197, 0.0737106973059365, 0.07963859240943637, 0.07614981778652465, 0.07450144911102019, 0.07590158066299181, 0.07448105830752054, 0.08156705815949258, 0.08307947025382911], [0.07523999759027787, 0.0714425170732975, 0.07998327294080249, 0.07281008701371246, 0.08100686981649349, 0.07362284176693076, 0.07989995949074498, 0.07630075603212898, 0.07457476743815321, 0.0760167072459505, 0.07455215293852935, 0.08148275380138358, 0.0830673168515948], [0.07563864223370248, 0.07153443037269103, 0.07861288463216395, 0.07303669671721648, 0.08078279529441779, 0.07388977463562942, 0.0800348975637674, 0.07673934820131206, 0.07477014917683089, 0.0765088721627308, 0.07482501500391694, 0.08058249131809929, 0.08304400268752156], [0.0757391739946421, 0.07158729269416357, 0.07876377370837301, 0.07313135430453288, 0.08058958423997219, 0.07401844753221991, 0.07979129739649794, 0.07662235955713072, 0.0746681884455746, 0.07645288255848426, 0.07474609223083907, 0.08055622000423644, 0.08333333333333333], [0.07391769129018215, 0.07125074977155325, 0.0816747930949494, 0.07199713751310574, 0.0823919933004683, 0.07251244084010196, 0.0809865911336788, 0.0760608594855726, 0.0749331158035328, 0.07534318228521518, 0.07459360114171727, 0.0831768315329567, 0.0811610128069658], [0.07391010063824245, 0.07133726477932861, 0.08199336555479324, 0.07204844445773015, 0.08215955810709316, 0.07254792186470774, 0.08081976614622313, 0.07599528939642376, 0.0749306477315134, 0.07528786575931781, 0.07458524754755723, 0.08309428630491053, 0.08129024171215882], [0.07395984985091457, 0.0713369295918182, 0.08199836000507266, 0.07208342150048407, 0.08197142950280421, 0.07259921768928262, 0.08063726420937918, 0.07592409571192969, 0.07484386192462548, 0.07525661657848054, 0.07451942076560716, 0.08333333333333333, 0.08153619933626827], [0.07402045838654461, 0.07139495200762003, 0.08221785413475809, 0.07215492595476419, 0.08178310221316144, 0.0726763381504402, 0.08047481176657602, 0.0758810021551374, 0.07480821995865347, 0.07524529405401151, 0.07449814933375781, 0.08311412793078761, 0.08173076395378774], [0.07411719504870563, 0.071355578565951, 0.08230348001685885, 0.07219143860458367, 0.08164421864002804, 0.07274741759323201, 0.08032413788567352, 0.07583788071429264, 0.07469859462279976, 0.07525238541752129, 0.0744236354563301, 0.08306885442934347, 0.08203518300468009], [0.07419053202216701, 0.07129129851386928, 0.08222450808340998, 0.07219707032205483, 0.0816162226729133, 0.07278508818378007, 0.08025254302133476, 0.07582550586171982, 0.07461404393353482, 0.07527440911019254, 0.07436739866884053, 0.08316660043837137, 0.08219477916781164], [0.0742520562760412, 0.07120967002419601, 0.08177035551079523, 0.0721748518327218, 0.08183953862492481, 0.07278959752527198, 0.08037603007004457, 0.07591507760686987, 0.0746124446904103, 0.07536699544268215, 0.07438306476839794, 0.08333333333333333, 0.08197698429431075], [0.07418191011510546, 0.0711407190443182, 0.08117079875197497, 0.07207847618915776, 0.08232675976069481, 0.07267947912551243, 0.08078431030138035, 0.07609381038173338, 0.07475717834737557, 0.07547437827126842, 0.07450147590761531, 0.08333333333333336, 0.0814773704705302], [0.0740105467742717, 0.07112809248559654, 0.08106771035112303, 0.07197131583921486, 0.08259164137566996, 0.07252950141917912, 0.08108406944697127, 0.07614735807717068, 0.07488330400402488, 0.07544834469968527, 0.07457754006576348, 0.08333333333333333, 0.08122724212799576], [0.073928265160028, 0.0711611111480786, 0.0813318677981162, 0.07194558364114673, 0.08258753541340268, 0.07247759390733459, 0.08114294988710018, 0.07613299474909664, 0.07493475317591934, 0.07540442430610611, 0.07460304843360735, 0.08333333333333333, 0.08101653904673024], [0.07400937949534943, 0.07123044667130678, 0.08144330267940204, 0.07203757936870167, 0.08229934438970227, 0.07258024838721673, 0.0808911204522808, 0.07605256904357931, 0.07486591709701647, 0.07537291571186965, 0.0745548305083557, 0.08333333333333333, 0.0813290128618858], [0.07393889380092132, 0.07126005469623028, 0.08172028024109389, 0.0720194125036539, 0.0822490010751355, 0.07254098630743332, 0.08085992717252545, 0.07600899587875566, 0.07488320461541406, 0.07531355970576942, 0.07455344669770655, 0.08333333333333333, 0.08131890397202719], [0.07406132529458587, 0.07126496034424404, 0.08187739730017471, 0.07209889802286583, 0.08195300970439007, 0.07265445423884764, 0.0805853234562623, 0.07592777609954801, 0.07475287600240459, 0.07530096622364366, 0.07446394332217991, 0.08333333333333331, 0.08172573665751988], [0.07413902108298377, 0.07120370972943538, 0.08162124403187304, 0.07210163917927283, 0.0820791607806641, 0.07268580286132549, 0.08062689821349438, 0.07598235110353688, 0.07472355106311723, 0.07537313140759441, 0.0744578582326143, 0.08333333333333334, 0.081672298980755], [0.07408703259926644, 0.0712239656515782, 0.0816701824751257, 0.07208466328711237, 0.08208862197991591, 0.07265208761433702, 0.08066995685048504, 0.07597826424783528, 0.07475877607840307, 0.07534927691382749, 0.07447680105677856, 0.08333333333333333, 0.08162703791200156], [0.07411071140690587, 0.07118261115450601, 0.08135659909823512, 0.07206587905200075, 0.08229461352055054, 0.07264274782502564, 0.08081029967788107, 0.07606213034898708, 0.07479275731723965, 0.0754212816921265, 0.07451469325694493, 0.08333333333333334, 0.08141234231626358], [0.0740201655468947, 0.07129421035047488, 0.08189745621418637, 0.07209255342249327, 0.0819728751155516, 0.07263192569409284, 0.08061241689776988, 0.0759275772289072, 0.07479091240936091, 0.07528379168087924, 0.0744873865107366, 0.08333333333333333, 0.08165539559531909], [0.0741321562003251, 0.07126116799585917, 0.08208985533075872, 0.0721439374912571, 0.08174982000693914, 0.07272185353794872, 0.08037708331491485, 0.0758562065003006, 0.07465290240412413, 0.07527643009508178, 0.0743909048627103, 0.08333333333333336, 0.08201434892644727], [0.07419218379878327, 0.0712184712481665, 0.08184270805600823, 0.07214735195425954, 0.0818650096891638, 0.07274588725540478, 0.08042711080106385, 0.07590836457810406, 0.07464228550896858, 0.07533899062492436, 0.07439630066243201, 0.08333333333333333, 0.08194200248938767], [0.07425335587556053, 0.07117894330265438, 0.0813168532007204, 0.0721431529794251, 0.08216258600724906, 0.07275614626341848, 0.08063759006432196, 0.07605867687228306, 0.07471410449504857, 0.0754734938023577, 0.07447588001919553, 0.08315338611902146, 0.0816758309987438], [0.07431768203269336, 0.07120998810004764, 0.08153004901410248, 0.07220368853933344, 0.08193334006939282, 0.07283041466277985, 0.08043467966577256, 0.07598773734311166, 0.0746404859176528, 0.0754444133878215, 0.07442203783230474, 0.08311000112905902, 0.08193548230592818], [0.07409391220450447, 0.07133347513611957, 0.08214204160373671, 0.07216138563658817, 0.08177091036609949, 0.07271386450275999, 0.08043398093207053, 0.07587806079337453, 0.07473277989532279, 0.07527362647813288, 0.07444973949151534, 0.0831104131492047, 0.08190580981057084], [0.07423998533812119, 0.07127527231199503, 0.0820832076095816, 0.07221207403548711, 0.08167034932183431, 0.07281393861825583, 0.08026677884585245, 0.07585579224931747, 0.07460593263867481, 0.07531554204726318, 0.0743712375331775, 0.08310680732732893, 0.08218308212311062], [0.07431678009353529, 0.07124946678967348, 0.08188572478439593, 0.07223680331788725, 0.08169306132539605, 0.07286128293816369, 0.08024409820617735, 0.07588459018911999, 0.07457694195722027, 0.07536677897635966, 0.07436307315051777, 0.08316161782448088, 0.08215978044707237], [0.0736602798242081, 0.07115469671253667, 0.08147045888255729, 0.07178175049545292, 0.08308342724218169, 0.072234665535825, 0.08173066091303353, 0.07631701666914471, 0.0752175724288026, 0.07542539767431461, 0.07479741605909758, 0.08254757720342605, 0.08057908035941913], [0.07372399704311791, 0.07108042409927093, 0.08125246859581974, 0.07177553965777995, 0.08316493320368047, 0.07226300123562727, 0.0816483311445037, 0.07628618617595047, 0.07511667001566368, 0.07543723754422464, 0.07472680080806103, 0.08271998670682638, 0.08080442376947379], [0.07388550901366914, 0.07102960019248772, 0.08084110113886545, 0.0718339673609953, 0.08306268130814197, 0.07237276217408353, 0.08148570446370335, 0.07629011446610082, 0.07500632694153442, 0.07551054433467667, 0.07466831632487657, 0.08281985808335066, 0.08119351419751443], [0.07405365469356935, 0.0710109567192802, 0.08028941281208302, 0.07190603704659078, 0.08296928932989106, 0.07248251655456026, 0.08143779035642976, 0.07641324850951972, 0.07500302430856254, 0.07566741700330022, 0.07470705133070651, 0.08250059675492838, 0.08155900458057833], [0.07405263923661844, 0.07103006370601592, 0.07958551792187271, 0.07188768322294405, 0.0830671139841956, 0.0724354659292139, 0.08190936278993498, 0.07680655997810726, 0.0753193680004786, 0.07595436289006072, 0.07500076595283614, 0.08160312848384903, 0.08134796790387272], [0.07387584051006994, 0.07110965055450319, 0.07969291892772801, 0.0717896012046133, 0.08306548410685022, 0.07224262195342529, 0.08251811284143717, 0.07697355299413963, 0.0756343129959345, 0.075958228966047, 0.07522090847845185, 0.08124021744157683, 0.08067854902522292], [0.07367576121477654, 0.07112020587992436, 0.08020045744379384, 0.07166823839542465, 0.08333333333333333, 0.07206125683738585, 0.08286256300605532, 0.07685541398980344, 0.07568471713101443, 0.07576065318741174, 0.075200900386806, 0.08130059565630973, 0.08027590353796066], [0.07360532194670304, 0.07116319542597664, 0.08083671698872219, 0.07168124995926071, 0.08333333333333333, 0.07206816414398598, 0.08249577694668692, 0.07665000819750553, 0.07557276144654014, 0.0755927801558398, 0.07508224994768692, 0.08168452424670815, 0.08023391726105064], [0.07360359424970925, 0.07112251012582456, 0.0813059576006015, 0.07172168208210425, 0.08333333333333334, 0.07215791065686517, 0.08194956039559131, 0.07639515753072865, 0.07529672413926679, 0.07545459638628634, 0.07485578615271446, 0.08230657706430186, 0.08049661028267262], [0.07367972228692016, 0.07105608102290328, 0.0811556301736564, 0.07173440997754653, 0.08333333333333331, 0.07221159432669366, 0.08179574106726946, 0.07633923686438528, 0.07516737444836476, 0.07545835294135593, 0.07476452130778943, 0.08254593159628269, 0.08075807065349888], [0.07379021446325754, 0.07099930893028879, 0.08079510485446001, 0.0717589273162346, 0.08333333333333333, 0.0722754159862402, 0.08172784278074503, 0.07636312147250451, 0.07509740226819446, 0.07552820097862786, 0.074731778370188, 0.08254497748762267, 0.08105437175830285], [0.07385263004274861, 0.07097616152113435, 0.08060846506853334, 0.07177855084770933, 0.08333333333333334, 0.07231469895874297, 0.08166632426247154, 0.07637890889713926, 0.075062015036117, 0.07556622660834061, 0.07471647945036722, 0.08253784394566659, 0.08120836202769588], [0.07385659140329703, 0.07097427078163433, 0.0803588302172533, 0.07177062924903581, 0.08333333333333333, 0.07230010100855903, 0.0818459608688988, 0.07650256155677645, 0.07515681484897639, 0.07565780935417771, 0.07480500412405959, 0.08224037062756431, 0.08119772262643392], [0.07366108775580507, 0.07105556547603194, 0.08078509774983307, 0.07170316908709883, 0.08333333333333334, 0.07215834242638546, 0.08218148016027703, 0.07652853590325787, 0.07533636357047421, 0.07557794038401291, 0.07491041602687878, 0.08209327749152004, 0.08067539063509153], [0.07368688094431156, 0.07106571177782131, 0.0804257351335528, 0.0716879408172315, 0.08333333333333334, 0.07212393401039155, 0.08249584047678744, 0.076