[[0.07646594394059339, 0.08202569113154849, 0.07279710884256368, 0.08126580930069238, 0.07423438876573751, 0.071205274403756, 0.08084394986240913, 0.08333333333333333, 0.07276738933201043, 0.07563247936204827, 0.0715080408503327, 0.07572676860959086, 0.08219382226538377], [0.07640193124377036, 0.08191098970068128, 0.07285073613720104, 0.08154389946466213, 0.07430571796421895, 0.07126374891664537, 0.0806774025947312, 0.08318467647777433, 0.07278694178782939, 0.07560544351874278, 0.07154689824677758, 0.07565369279596491, 0.08226792115100062], [0.07630992607226045, 0.08172998722867018, 0.072892560510232, 0.0818565800539788, 0.07436787726735587, 0.07131071800549177, 0.08046487637958166, 0.08333333333333334, 0.07278990370756715, 0.07555526218331318, 0.07157155874863945, 0.07555212746636988, 0.08226528904320636], [0.07624697452076426, 0.08160140316915336, 0.07293310645727806, 0.0821169813283037, 0.07443357923575707, 0.07134220104788194, 0.08031407826702792, 0.08333333333333333, 0.07279074557084636, 0.07552696813427948, 0.07158280336626295, 0.07547121631090338, 0.0823066092582081], [0.07617858887904133, 0.08141338297405912, 0.07299677319204573, 0.08240104492708661, 0.07451757406952489, 0.07141013290585067, 0.0801244260980947, 0.08333333333333334, 0.07281086861843952, 0.07550023742910673, 0.07162063697089428, 0.07538866852088888, 0.0823043320816343], [0.07613513657515703, 0.0813176912720744, 0.07302769990392993, 0.08261443328148736, 0.0745790527786477, 0.0714296640182417, 0.08001922309606817, 0.08333333333333333, 0.07280306990009096, 0.07548466154965923, 0.07161302121394987, 0.07532089283117062, 0.08232212024618964], [0.0760795102195969, 0.08123120574344517, 0.07304469814667791, 0.08297244091873647, 0.07466943661904278, 0.07139988953316487, 0.07992339223862527, 0.08333333333333333, 0.07275023303343975, 0.07546513839294679, 0.07153875780165521, 0.07520363330035638, 0.08238833071897907], [0.07606717912414052, 0.08110481724761717, 0.07312882313125738, 0.08333333333333333, 0.07481343386420786, 0.07145141527642845, 0.07982407971690603, 0.08297370973042277, 0.07276686436466338, 0.07548985964806693, 0.07154463940357435, 0.07513415446063165, 0.08236769069875012], [0.07611774547639902, 0.08113908091118005, 0.0732257994412256, 0.0831081824990767, 0.07498279565876702, 0.07149515958615364, 0.07982663634489943, 0.08262111611328829, 0.07279797729975175, 0.07556772511817678, 0.07154730394495207, 0.07511385818028843, 0.08245661942584125], [0.07615653018387065, 0.08108639422190526, 0.0733394245638964, 0.08333333333333334, 0.07519841323835896, 0.07153524853191333, 0.0797654580301662, 0.08211096873414622, 0.07281805770881969, 0.07564781104290288, 0.07152906219344085, 0.07505590639808433, 0.08242339181916199], [0.07624239280830307, 0.08102402215047487, 0.07348437437439108, 0.08333333333333333, 0.07544962063138719, 0.07159828787897396, 0.07973175891301756, 0.0815741470917832, 0.07287003097462313, 0.07577573592679135, 0.07153557056574558, 0.07503895864431598, 0.08234176670685966], [0.07630127085212877, 0.08085543558267098, 0.0736544509589404, 0.08333333333333333, 0.07568313692949853, 0.07173039822233511, 0.0796165173712286, 0.08117746913415312, 0.07296702253312046, 0.07589677255751438, 0.07161846270594902, 0.07503629988210951, 0.08212942993701779], [0.07640292610291252, 0.08093025061679032, 0.07372127652633789, 0.08333333333333334, 0.07584909243963142, 0.0717045340845774, 0.0797002934169578, 0.08073620789595852, 0.07296929650575608, 0.07602575141564885, 0.07155999835709806, 0.07504107965688497, 0.08202595964811299], [0.07649339298193776, 0.08097906669202785, 0.07377127291960024, 0.08333333333333331, 0.07596803486173966, 0.07168603394893691, 0.07978126600451077, 0.08040638695592342, 0.07297770227398337, 0.0761317081235974, 0.07152193235814802, 0.07506095281627728, 0.08188891672998382], [0.07662616906650713, 0.08110260107587292, 0.07377992692841481, 0.08333333333333333, 0.07605373614955976, 0.07160290739755719, 0.07995452106582458, 0.08001648375193444, 0.07295620817906111, 0.0762582436687312, 0.07143169173638753, 0.07510682256133729, 0.08177735508547862], [0.07674193000118881, 0.08125979259328686, 0.07373647488027843, 0.08333333333333333, 0.07605153477772246, 0.07149147356900382, 0.08015633584948442, 0.07974973752574274, 0.07291442601855683, 0.07634292919963873, 0.07133255075933233, 0.07516427157336515, 0.08172520991906604], [0.07691247410170603, 0.08143082809340216, 0.07370346876203508, 0.08333333333333331, 0.07605775604910094, 0.07137903848510257, 0.08041259181621165, 0.07936619998918151, 0.07288977485053874, 0.07647156866936432, 0.07123829302470776, 0.07526377124390898, 0.08154090158140674], [0.07708220980322077, 0.08171949314922149, 0.07357696294986127, 0.08333333333333333, 0.07592873506506619, 0.07118895842697695, 0.0807754925801839, 0.0791147749564846, 0.07281665592678158, 0.07655257821864378, 0.07109613335219514, 0.07538858099767343, 0.08142609124035759], [0.07656374505852384, 0.08193269001899724, 0.07283199382322665, 0.08093124214298344, 0.07418729416873354, 0.07130080980826538, 0.08092942612226867, 0.08333333333333334, 0.07286948892382122, 0.07569446593340534, 0.07163129830692797, 0.07588920487213133, 0.08190500748738212], [0.07647702830706082, 0.08185348044059974, 0.07288492669736774, 0.08127758569908777, 0.07426959651058729, 0.07135302092850684, 0.08073878258350149, 0.08312405052098092, 0.0728765983906999, 0.07565344952503801, 0.07165838423724259, 0.07578467596510918, 0.08204842019421767], [0.07641301119140417, 0.081776288342091, 0.07289546349672917, 0.08146653727540204, 0.07429766435000304, 0.07136172488910424, 0.08061681471824894, 0.08324121222925464, 0.07286169267750771, 0.07561399152667145, 0.07165342740205859, 0.07571071806950443, 0.08209145383202043], [0.07630181575603695, 0.08165779083395776, 0.07292166859118022, 0.08188197603139806, 0.07438225827448808, 0.07135917961957579, 0.08041085871606109, 0.08333333333333333, 0.07282184484520945, 0.0755542866508203, 0.07161856194993373, 0.07555755265810524, 0.08219887273989997], [0.07638311907532847, 0.0817895350939402, 0.07287642392342261, 0.08155386047781187, 0.07430231852428155, 0.0713238050574305, 0.0805939152979952, 0.08333333333333334, 0.07282468081834416, 0.0755922802080787, 0.07160851432939992, 0.0756623759959219, 0.08215583786471171], [0.07622735764280181, 0.08149260488606853, 0.07297552958439868, 0.08217926359110224, 0.07446202494877778, 0.07140632535287306, 0.08022530589631185, 0.08333333333333334, 0.07282988085796534, 0.07552162611117101, 0.07164172705297088, 0.07546476589331431, 0.08224025484891122], [0.07617785733967238, 0.0813295360706046, 0.07303241220035837, 0.08239961419187204, 0.0745222245836788, 0.07147734954089299, 0.08007218342183971, 0.08333333333333334, 0.07286097852611712, 0.07550276497223832, 0.07169328371358995, 0.07541446764876414, 0.08218399445703839], [0.07612964142857732, 0.08127505361095466, 0.07305131416374443, 0.08267383382338608, 0.07460085112120579, 0.07145975654858135, 0.07998351146346763, 0.08327222889625673, 0.07282133573305094, 0.07548703365921813, 0.07163790004090191, 0.07531698783748499, 0.08229055167317002], [0.07606629605257219, 0.08107628286941913, 0.07311515571039852, 0.08301054926298573, 0.07468882294527275, 0.07152613113097515, 0.07980646097639438, 0.08333333333333331, 0.07283889223351357, 0.07546484017338904, 0.07166884665486577, 0.07523526421545616, 0.08216912444142409], [0.0760600383404318, 0.08097642205169224, 0.07320206017021579, 0.08333333333333333, 0.07484524701345602, 0.07157175881835759, 0.07972428942920826, 0.08293125615321958, 0.07285140257309293, 0.07549641548027236, 0.07166497122506853, 0.07516250987114285, 0.0821802955405087], [0.07607634249071549, 0.08099511139472387, 0.07324357461059469, 0.08333333333333333, 0.07495016425999498, 0.0715649631868335, 0.07972238515745551, 0.08272552245101795, 0.07283949626045808, 0.07553176095165116, 0.07162597322927683, 0.07511945686121761, 0.08227191581272686], [0.07610431368233415, 0.08099758671191624, 0.07331119367976442, 0.08333333333333333, 0.07507821388245392, 0.07158839834889316, 0.0797061248863842, 0.08245362405900554, 0.07285240439624431, 0.07558259493688002, 0.07161540051618526, 0.07508984964359638, 0.08228696192300898], [0.07615415190578503, 0.08097030845669331, 0.07341946863795933, 0.08313783241467494, 0.07524057450231432, 0.0716597922052966, 0.07968003700257206, 0.08215992145951294, 0.07290589338003611, 0.0756597809169506, 0.07165123806085805, 0.0750862492468918, 0.08227475181045499], [0.07617966217319075, 0.08093483319247022, 0.07348343403602411, 0.08310948332334771, 0.0753372737914598, 0.07170184437432435, 0.07965223379131131, 0.0819776161875987, 0.07293620686201216, 0.07570274118468145, 0.07167137261980283, 0.07507992840663202, 0.08223337005714475], [0.07621872101490706, 0.08086953147195147, 0.07358166823564437, 0.08305481265584104, 0.07547660010374119, 0.07177384598081367, 0.07960651510555308, 0.08173224084098216, 0.07298959018668487, 0.07576885312065527, 0.07171358762727104, 0.07507865338577965, 0.08213538027017511], [0.07623990706626023, 0.08084994207954113, 0.0736027558288906, 0.08333333333333333, 0.07556331816774949, 0.07173931580629554, 0.07959601344126971, 0.08146935440899115, 0.07296303111475756, 0.07581306016494058, 0.07165288751591109, 0.07504004333446462, 0.08213703773759486], [0.0763099206608241, 0.08064240749568641, 0.07382567340412596, 0.08333333333333333, 0.07586451082881342, 0.07191709622442911, 0.07944726696456078, 0.08095775366716337, 0.0730920673680845, 0.07596494618242211, 0.07176672471342778, 0.07503513378883171, 0.08184316536829742], [0.07639466776543113, 0.08071614040696116, 0.07386771618007157, 0.08333333333333333, 0.0759950206927262, 0.07187519330835077, 0.07953517547015906, 0.08061221165162819, 0.07308019805697037, 0.07606969091180212, 0.07169902357542644, 0.07503573372771222, 0.08178589491942742], [0.07631983615486553, 0.08094142837340672, 0.07361559493602468, 0.08333333333333333, 0.07566277928672069, 0.07166650269706458, 0.079682916984493, 0.08114315258296284, 0.07292808735444552, 0.07590286308348822, 0.07155908868695336, 0.07503678536764857, 0.08220763115859299], [0.07647313538659509, 0.08071964884741231, 0.07394625033660358, 0.08319799341381587, 0.07612885297291197, 0.07190395409839895, 0.07957241878275015, 0.08034175612216211, 0.07311836209912731, 0.07617151081590122, 0.07170587694538136, 0.07505918420900126, 0.08166105596993897], [0.07660310345233994, 0.080781542451594, 0.07399996521517592, 0.08317509435506018, 0.07627207673868901, 0.0718642223522702, 0.07969133982222808, 0.07993384318324397, 0.07312415908506295, 0.0763153124499571, 0.07164632319500529, 0.07509645278665524, 0.0814965649127181], [0.0766697474187353, 0.08088969998211157, 0.07394804419051959, 0.08333333333333334, 0.07626480869450045, 0.07175200528957139, 0.07982216452331059, 0.07974766802307522, 0.07306571469203593, 0.07636290859805298, 0.0715397412240938, 0.0751119317898592, 0.08149223224080072], [0.07683379155185216, 0.08104328276356557, 0.073939487450826, 0.08309202201512361, 0.07630316244418911, 0.07166623150907146, 0.08005001190967999, 0.07943439843843222, 0.07305685330802755, 0.07649711220377069, 0.07146615249868199, 0.0752062609732115, 0.08141123293356825], [0.07697060295224872, 0.08109491923999079, 0.07394361310683348, 0.08333333333333333, 0.07636471529413887, 0.07158886377644381, 0.08017972963550794, 0.07903415330564034, 0.07304336566956963, 0.07662281423055715, 0.07138851915281416, 0.07526311116231653, 0.08117225914060523], [0.0770948683952304, 0.08139052054278653, 0.07382832804319132, 0.0829962471862496, 0.0762218221135963, 0.07144736073344549, 0.08049594695293155, 0.07895740613658184, 0.07299091441972624, 0.07666385329027199, 0.07129653614247018, 0.07537789318736844, 0.08123830285614998], [0.07655224776375681, 0.08175762252391489, 0.0728940227460651, 0.08094343486413891, 0.07420301682363883, 0.07141755159322329, 0.08080233817644923, 0.08333333333333331, 0.07295022896840121, 0.07569329231168061, 0.07175022540212656, 0.0759210881295196, 0.0817815973637515], [0.0764048103221893, 0.08161542091612849, 0.07294757894576537, 0.0814363631550832, 0.0743040792750114, 0.07146525357961186, 0.08051321312331781, 0.08333333333333333, 0.0729339662790416, 0.07561254261472451, 0.07176032164904103, 0.07574347916875719, 0.08192963763799486], [0.0764556093954105, 0.08168229413043193, 0.07292221662582907, 0.08126007905506825, 0.07426327684976798, 0.071440305909457, 0.08062215282065653, 0.08333333333333334, 0.07293359334686114, 0.07563857155145053, 0.07174917567174721, 0.07580396934375426, 0.08189542196623233], [0.07636246674897071, 0.08164553112960068, 0.07293269939769405, 0.08161325008744733, 0.07433190985492164, 0.07141701054300194, 0.08047866072272077, 0.08333333333333333, 0.07288454458888133, 0.07558729500955058, 0.07169799693681447, 0.07566694112623186, 0.0820483605208312], [0.07634728748043082, 0.08148306415913069, 0.0730253905729169, 0.08171614259415298, 0.07439866805942652, 0.07154993895380984, 0.08034034923294832, 0.08313721500204682, 0.07297336627040171, 0.07559711704230389, 0.07182225615359919, 0.07567519051368904, 0.08193401396514338], [0.07625023055009957, 0.08138042846100886, 0.0730272018165045, 0.08205903332212205, 0.07445007307327889, 0.07152302805033973, 0.08018092204808074, 0.08333333333333334, 0.07292156615646984, 0.07553852359351491, 0.07177000069807017, 0.07554151901802246, 0.08202413987915502], [0.07632323364508463, 0.08152350164741269, 0.07300694898435145, 0.08183049110935264, 0.07441604876962321, 0.07150030407551022, 0.08033651741423488, 0.08313598632538823, 0.07292923411589382, 0.07558252343046383, 0.07176310361230466, 0.07562190423119994, 0.08203020263917964], [0.07618345489016362, 0.08122322626619743, 0.07308013333007929, 0.08235836674089035, 0.0745247059958985, 0.07157029409915949, 0.08001123289486947, 0.08333333333333333, 0.07293218619816358, 0.075510235719211, 0.07179498157094351, 0.0754582057725949, 0.0820196431884954], [0.07614601202378847, 0.08113061842887383, 0.07311280732179783, 0.08253707684586029, 0.07457318331357422, 0.07160142100607358, 0.07991375019795773, 0.08333333333333334, 0.07293752500658315, 0.07549607547407422, 0.07180683617848775, 0.07540817667643687, 0.0820031841931588], [0.07611498621023856, 0.08108775158810345, 0.07312388951036514, 0.08270540492581027, 0.07461292040344228, 0.07159674767240025, 0.07985543980364003, 0.08333333333333333, 0.07291819227369335, 0.07548327891304613, 0.07178194293808011, 0.07535373720605935, 0.08203237522178769], [0.0760707430463203, 0.0809555649541836, 0.07317545861278907, 0.08294292735231004, 0.07468822855536686, 0.0716453665816414, 0.07972568640898128, 0.08333333333333333, 0.07293036589032584, 0.07547147191565437, 0.07180115108030388, 0.07529010907625211, 0.08196959319253794], [0.07604539770460877, 0.0808823711663596, 0.07322891075161522, 0.08333333333333334, 0.07481326468922368, 0.07165359699702409, 0.07965108595774865, 0.08303566846340694, 0.072912053719714, 0.07548188908435338, 0.07176267642854606, 0.07520044515882282, 0.0819993065452435], [0.07605450259635636, 0.08085261433385016, 0.07327589890864954, 0.08333333333333333, 0.0748920893983626, 0.07168045142718302, 0.07962928956851172, 0.08287673261118306, 0.07292580942181515, 0.07550716137408833, 0.07176760023642934, 0.07517866305492281, 0.0820258537353146], [0.07606152111291899, 0.08085308108029433, 0.07329210613492851, 0.08333333333333333, 0.0749323696981573, 0.07167827416580339, 0.07963157153494554, 0.08279133328854214, 0.07292176375728017, 0.07552121889335368, 0.0717532066957273, 0.07516320588639515, 0.08206701441832016], [0.07610041224238097, 0.08084149386170075, 0.07339618223612282, 0.08309043360612141, 0.07508522736521372, 0.0717516495199103, 0.07960518001505888, 0.08254080469239329, 0.07297290873690217, 0.07558742150941299, 0.07179124394033713, 0.07515344521102738, 0.08208359706341832], [0.07610430559399331, 0.08082639124174427, 0.07343397702055497, 0.08333333333333331, 0.07518496437543606, 0.0717435169826585, 0.0795726257573025, 0.08230641799072326, 0.07295683514005284, 0.07561245478276213, 0.0717502449771649, 0.0751007351597717, 0.08207419764450197], [0.0761268244145439, 0.08079787481911367, 0.07349779968967611, 0.08333333333333333, 0.0752930508512466, 0.0717764580448731, 0.07954316158537235, 0.0820958695462392, 0.07297775350287124, 0.07565517912244347, 0.0717558136167528, 0.07508128586197856, 0.08206559561155564], [0.07617249502727054, 0.08066477735283367, 0.07366060232213276, 0.08333333333333334, 0.07551959732488693, 0.0719026133010223, 0.07943882119399566, 0.08169128646907443, 0.07306465512470137, 0.07575254892837169, 0.07183009396532455, 0.07506489761008653, 0.08190427804696636], [0.07621632561203155, 0.08054180070900448, 0.07379798001576318, 0.08333333333333331, 0.07571367837566917, 0.0720050689313687, 0.079350670983962, 0.08134743978605703, 0.07313747711312704, 0.07584877609191816, 0.0718891617364877, 0.07505451114231197, 0.08176377616896552], [0.07629407547965664, 0.08056739527533761, 0.07386120844983216, 0.08333333333333331, 0.07587978288309952, 0.07197765675923644, 0.07938550232593028, 0.08097767642674907, 0.07312981632108924, 0.0759590988386375, 0.07182424239566153, 0.075037851769928, 0.08177235974150851], [0.07626160529587452, 0.08066540437632139, 0.07375107069646343, 0.08333333333333334, 0.07573260579283879, 0.07188832866464971, 0.07945984154117373, 0.08122713157687644, 0.07306540112954459, 0.07588612410301004, 0.07176629824218021, 0.07504058924913544, 0.08192226599859842], [0.07622274257283126, 0.08068894075732054, 0.07371120580642188, 0.08311332154629442, 0.07561184806549735, 0.07191726858916692, 0.07946687097794117, 0.08153816927177723, 0.07308435180356654, 0.07581815218109154, 0.07182752114844514, 0.07507532723778075, 0.08192428004186528], [0.0761760660040052, 0.08079701664331804, 0.07357620745051963, 0.08311447516923215, 0.07541683955679387, 0.07182038625787583, 0.0795451199286897, 0.08189022747690586, 0.07301512713310872, 0.07572225132639036, 0.07177435088067119, 0.07508636721557341, 0.08206556495691603], [0.07625383384152624, 0.08066050339278276, 0.07375368822148977, 0.08324525615586398, 0.07571424108861902, 0.07191034599595414, 0.07945289182200899, 0.08129513274889573, 0.0730806092240743, 0.0758744491382014, 0.07179431385754867, 0.0750516400869384, 0.08191309442609683], [0.07627754514080078, 0.08083793778365529, 0.07365291222706893, 0.08318980690151022, 0.07563952432730851, 0.07176843389501242, 0.07959835031095802, 0.08133596603032697, 0.07299078049205937, 0.07586513003343885, 0.07166854611646405, 0.07505170035335605, 0.08212336638804048], [0.07635532443028917, 0.08060508094344528, 0.07391375251077066, 0.08318961540809135, 0.07598677525732093, 0.07198116377837319, 0.07943350724131033, 0.080757504893947, 0.07314495659923172, 0.07603852964505987, 0.0718080995554321, 0.07504736536771002, 0.08173832436901818], [0.07641290069364594, 0.08061860593901948, 0.07396492764226001, 0.08318654055124508, 0.07609605403483445, 0.0719802611951925, 0.07946721195307058, 0.0805096623994588, 0.0731557763930886, 0.07611686073033477, 0.07178591051094127, 0.07504992877870781, 0.08165535917820078], [0.07648052966349815, 0.08063604570250348, 0.07400331938580099, 0.08333333333333333, 0.07620740004297032, 0.07194970972707762, 0.07951569274528446, 0.08020605317337111, 0.07314869331024958, 0.07620410053243248, 0.07173333530878435, 0.07504795788413349, 0.08153382919056065], [0.07654666521655933, 0.08064182603011587, 0.07404878205694504, 0.08333333333333331, 0.07630270089567937, 0.07194688215865948, 0.07955596187854092, 0.07997683743469927, 0.07316291290149633, 0.07628487593951504, 0.07171541382260804, 0.07506427916408603, 0.08141952916776182], [0.07666840912887173, 0.08075508812075018, 0.07403997392240748, 0.08333333333333334, 0.07636678567766268, 0.07185003949822888, 0.0797180376011536, 0.07966282017261125, 0.07313012667795488, 0.07639682917982783, 0.07161592170844915, 0.07510559973290981, 0.08135703524583936], [0.07681897284729045, 0.08083316779799483, 0.07405335665557423, 0.08333333333333331, 0.07644906419730936, 0.07177398739276458, 0.07987956492059699, 0.07928269013058219, 0.07312139213099542, 0.07653779348385964, 0.0715382342822642, 0.07517100772919183, 0.08120743509824278], [0.0769295368103342, 0.08092191125974978, 0.07404289987935328, 0.08333333333333331, 0.07647360997383316, 0.07170630894672797, 0.08001357741320489, 0.07903664442329635, 0.0731085223116384, 0.07662979064812343, 0.07147786822125415, 0.07522833452978658, 0.08109766224936431], [0.07708045936775455, 0.08107295993197258, 0.07399326451979288, 0.08333333333333336, 0.07644688642588073, 0.07159179229100714, 0.08023490460900921, 0.07875390494527823, 0.07307806544318102, 0.07673479634749934, 0.07138719069582303, 0.07532195363415292, 0.08097048845531525], [0.07719622342377232, 0.08142509791975697, 0.07381476165842352, 0.08306853627758994, 0.07622325026332857, 0.07139169237365012, 0.08061130707175176, 0.07876512498122648, 0.07298439569447757, 0.07674137834721156, 0.07125174899919767, 0.07543858129329402, 0.08108790169631949], [0.07616008406571485, 0.080692843988468, 0.0736267628505196, 0.08311970417825328, 0.07543301601022902, 0.071909846037675, 0.07946480864399405, 0.081899894281893, 0.07307444023487311, 0.075716933948048, 0.07186317438336866, 0.07510009101502683, 0.08193840036193653], [0.07610615455977367, 0.08070275184171832, 0.0735259512494828, 0.08333333333333334, 0.07526637797710044, 0.07185782703804966, 0.07947625741372266, 0.0821733881610667, 0.0730341093168935, 0.07563653102150829, 0.07184888154523607, 0.07510894274065048, 0.08192949380146414], [0.07609359990787336, 0.0807232487838229, 0.0734677245148353, 0.0831604153456382, 0.07513926325814005, 0.07184977306182647, 0.07951310912664912, 0.08243851561080826, 0.07303794605431857, 0.07559829018239612, 0.07187930072988032, 0.07515975936060995, 0.08193905406320126], [0.0760635094360144, 0.08070969636757097, 0.0734109033580158, 0.08333333333333334, 0.07505312221724153, 0.07181358653311254, 0.07950985401704393, 0.0826073169888075, 0.07300997566090675, 0.07555507290480633, 0.07186170998295059, 0.07515863035855608, 0.08191328884164036], [0.07604297422209905, 0.08073208929625483, 0.07333733633297711, 0.08333333333333334, 0.07492864385269418, 0.07177390799528895, 0.07953548351269242, 0.0828983093783394, 0.07298773713343479, 0.07551058274551396, 0.07185544932111522, 0.07518703995579613, 0.08187711292046065], [0.07604392028227944, 0.08081031341676423, 0.07324863493571519, 0.08304281109177002, 0.07476572480420651, 0.07173137518202267, 0.07960284763514454, 0.08333333333333334, 0.0729766822679366, 0.07547402049069792, 0.07186423257783872, 0.07525886003353029, 0.0818472439487606], [0.07608586269940103, 0.08086229647572846, 0.07325072682047075, 0.08287507579499236, 0.07472870303667702, 0.07175837559497401, 0.0796654607757736, 0.08317250162139167, 0.0730162706596489, 0.07549627311130695, 0.07191522060689394, 0.07533226385747134, 0.08184096894527004], [0.07636197972543933, 0.08104903920530299, 0.07358983367716664, 0.08333333333333333, 0.0756751025990396, 0.07159648297154278, 0.07977304298479336, 0.08100697912859116, 0.07288996852009198, 0.0759369524283678, 0.07148758277294176, 0.07504073725065159, 0.08225896540273762], [0.0764639683780921, 0.08087139293317812, 0.07383410686681696, 0.083128507789631, 0.07599655406753374, 0.07179376171728834, 0.07968099682646482, 0.0805129602432511, 0.07304439825605707, 0.07611949856896957, 0.07162446814067325, 0.0750668457186149, 0.08186254049342907], [0.07655280278841003, 0.08084091712586292, 0.07391334574377499, 0.08333333333333333, 0.07616003272634397, 0.07179584268065098, 0.07971047984996624, 0.08010065269318194, 0.07306459136313181, 0.07624067695085142, 0.07159542706282818, 0.07507234638780262, 0.08161955129386154], [0.0761036268732892, 0.08094256258300228, 0.07319475828758364, 0.0827143262378056, 0.07465224264328463, 0.0717070434453297, 0.07974699437643659, 0.08333333333333333, 0.07299284926686615, 0.0754883480123851, 0.07188800661069905, 0.07536808453996743, 0.0818678237900173], [0.07615456163930975, 0.08102297000548525, 0.0731864878436977, 0.08253018463854289, 0.07461463718424526, 0.0717119172172923, 0.07984050693143892, 0.08316990338244194, 0.07301927639055962, 0.07551629266046606, 0.07191675201457058, 0.07544234208359471, 0.08187416800835495], [0.07619100329020267, 0.08111644587624896, 0.07313120994947123, 0.0822892899564551, 0.0745319380628736, 0.07166887317500809, 0.07994927425705368, 0.08333333333333333, 0.07300532076905653, 0.07552059673636455, 0.0718980194807136, 0.07550223965886108, 0.08186245545435755], [0.07624772323439591, 0.08119532645358503, 0.07310654898496205, 0.08203344197525934, 0.07447200748520516, 0.0716672830692891, 0.08005984015355057, 0.08333333333333334, 0.07302415563354774, 0.07554670613719108, 0.0719167854821488, 0.07558751832195477, 0.08180932973557728], [0.07630477980437049, 0.08128424916889472, 0.07307883309082037, 0.08179954228386335, 0.07441792212149931, 0.07165000703339354, 0.08017903468018217, 0.08333333333333333, 0.07303172550425831, 0.075574081374656, 0.07191783099804945, 0.07566427997165583, 0.08176438063502313], [0.07633166844330777, 0.08133969624849031, 0.07305819292954902, 0.08169140765710678, 0.07439053020216452, 0.07162782826053768, 0.0802457749151498, 0.08333333333333333, 0.07302524737143974, 0.0755860603215894, 0.07190389675780225, 0.0756956363524498, 0.08177072720707959], [0.0763741785142188, 0.08141671498711764, 0.07302869914379681, 0.08151897163602395, 0.07434930367672989, 0.07159704909546458, 0.08034637559017124, 0.08333333333333334, 0.07301806183381063, 0.07560568100862747, 0.07188586867682896, 0.07574595137382718, 0.08177981113004958], [0.07642066940321866, 0.08148462666699738, 0.07300308348551254, 0.08134076068684477, 0.07430967197738807, 0.0715717387705649, 0.08044754544050885, 0.08333333333333333, 0.07301608022063961, 0.07562880806158867, 0.07187372351033051, 0.07580179457689569, 0.08176816386617701], [0.07650315463065614, 0.08151131064369042, 0.07301022763212685, 0.08109435783527777, 0.0742761236306262, 0.07160117702911797, 0.08055911469523096, 0.08319187504824545, 0.07306511952877114, 0.07568154258035165, 0.07192288321707895, 0.07591437948925261, 0.08166873403957399], [0.07658462473454562, 0.081553729600045, 0.07300263650464571, 0.08086151549747525, 0.07424017119679431, 0.07160195974748498, 0.0806883745279844, 0.08310140564813039, 0.07309325144372779, 0.07573205287303912, 0.07194198952586878, 0.0760151586374338, 0.0815831300628249], [0.07650101197272315, 0.08161886040549601, 0.07294763063396337, 0.08108617180690701, 0.07424264423311679, 0.07150274992164203, 0.08064115814988432, 0.08333333333333336, 0.07299430419465862, 0.0756684114772715, 0.07182548748166541, 0.07588670661990804, 0.08175152976943062], [0.07635459879776786, 0.0807032182379844, 0.07383430083563337, 0.08333333333333333, 0.07592238489656206, 0.07187736992245014, 0.07950897754775757, 0.08078398959937735, 0.07307364225743002, 0.07601629273756315, 0.07171523448341245, 0.07503329796972971, 0.08184335938099845], [0.07635539086744259, 0.08083160098045676, 0.07374865205482117, 0.08312564169139237, 0.07581231159149326, 0.07179950901789457, 0.07960465049584468, 0.08096826723580634, 0.0730257653617297, 0.07597879835458986, 0.07166480469655982, 0.07505524326558465, 0.0820293643863842], [0.0765638668490295, 0.08113009332391755, 0.0737214941810047, 0.08333333333333331, 0.07595512174871868, 0.07158248845914927, 0.0799350582130532, 0.08024515506600545, 0.07292700615625453, 0.07617864134343388, 0.0714269579589958, 0.07508777227597294, 0.081913011091131], [0.07644485742878994, 0.08105392680284938, 0.07367525717326379, 0.08333333333333333, 0.07583111532147882, 0.07161931530245855, 0.07981252384303798, 0.08064458557967748, 0.07292258093950209, 0.0760497422942835, 0.07148120612826225, 0.07505266307347509, 0.08207889277958778], [0.0762261988547671, 0.08105597961047431, 0.07345682090744576, 0.08313013099207511, 0.07537535768299358, 0.07160859250712136, 0.07975219901567002, 0.08178575877597677, 0.07287928286274808, 0.07574406640779625, 0.07156707651871412, 0.07506608544152688, 0.08235245042269054], [0.07630957023759188, 0.08102935186620995, 0.07353578979273197, 0.08333333333333333, 0.0755703632399771, 0.07158680641349731, 0.07976195042415099, 0.0812576106761997, 0.0728737969693685, 0.07586398059786766, 0.07149892389102294, 0.07503840321821721, 0.08234011933983139], [0.0766709400484694, 0.0812266904327256, 0.07373736399931063, 0.08316704489170773, 0.07601231349973296, 0.07154292541690702, 0.08007280482358842, 0.07999008295104333, 0.07293059268487442, 0.0762762175308347, 0.07138717196363145, 0.07514215093078735, 0.08184370082638685], [0.07682968334101743, 0.08141209051782433, 0.07370059260905637, 0.08308732422240349, 0.07601674251496639, 0.07142872234346509, 0.08033143719232062, 0.07964485479704822, 0.07290082330282525, 0.07639448069003743, 0.0712902181666957, 0.07523350810892643, 0.08172952219341335], [0.07725220712216369, 0.08118323230532402, 0.07394708863628288, 0.08333333333333334, 0.07641212310299061, 0.07148287756366539, 0.08046097100470125, 0.0784670689317147, 0.0730588219545775, 0.07685330976003361, 0.07130650972650485, 0.0754361660539741, 0.08080629050473422], [0.07716134680653094, 0.08101675427554353, 0.07404819273619996, 0.08333333333333333, 0.07652720998310823, 0.07161357525389123, 0.08024532739094345, 0.07853665722640117, 0.07311692192654932, 0.07682479964813406, 0.07140181124992853, 0.07536412360557611, 0.08080994656386013], [0.07649931225693368, 0.08254204530688232, 0.07282673698188756, 0.08146013765491956, 0.07461160348578667, 0.07092258101511875, 0.08102656754168676, 0.08192980829140682, 0.0725439822404205, 0.07575335188110124, 0.07111098049428982, 0.07543955951623327, 0.08333333333333336], [0.07640728977025804, 0.0823317688182875, 0.07282429088209437, 0.0817565749079527, 0.0745628681194311, 0.07097896326992163, 0.08084067203666424, 0.08215629594127949, 0.07256015320627043, 0.07567279504527251, 0.07117257140204365, 0.07540242326719104, 0.08333333333333334], [0.07635929374754911, 0.08213916653513678, 0.07287948415280804, 0.08198219787451134, 0.07463630421879547, 0.07103983548973548, 0.08068822030282252, 0.08215570316241733, 0.07258078559557077, 0.07565608462679373, 0.07120708106841682, 0.07534250989210921, 0.08333333333333333], [0.07629699164721454, 0.081958461116914, 0.07290845149661042, 0.08221015613093018, 0.07466708379089657, 0.07108609398911991, 0.0805315588789151, 0.08228012023836277, 0.07259006448436794, 0.07561737175947104, 0.07123622092828095, 0.07528409220558327, 0.08333333333333333], [0.07628821073621504, 0.0818784742106721, 0.07298302368970075, 0.08225383826040951, 0.07480284258439204, 0.07112541123552107, 0.08042957062477127, 0.08221070801194776, 0.07260053398302203, 0.07564329531917843, 0.07123338456700462, 0.07521737344383199, 0.08333333333333333], [0.07631317655749748, 0.08186205888809367, 0.07303855296370493, 0.08233473599517567, 0.0749211825181494, 0.07113337192362607, 0.08040339796480638, 0.08197917713612081, 0.07260189115352868, 0.07569019126198592, 0.0712085252034658, 0.07518040510051202, 0.08333333333333334], [0.07643562648114244, 0.08203149345879548, 0.07307891113053581, 0.08210356926538422, 0.07503034341902731, 0.07109721854218913, 0.08056571003479183, 0.08152795015515028, 0.07260580087880315, 0.07580864915622558, 0.07115699309504481, 0.07522440104957646, 0.08333333333333331], [0.076607884430969, 0.08245165086076346, 0.07301329730786425, 0.08160916124603997, 0.07497104689231104, 0.07097542027322107, 0.08095940570703394, 0.08113563546386064, 0.0725804699575096, 0.07592362454553836, 0.07107290417050592, 0.07536616581104943, 0.08333333333333333], [0.07661824520571511, 0.08277607586049807, 0.07286337456885664, 0.08136525140367254, 0.07475461918754223, 0.0708500957306321, 0.0811888231640527, 0.0814182731699832, 0.07251341165738205, 0.07587649973968714, 0.0710049741118143, 0.07543702286683085, 0.08333333333333336], [0.07659604443897391, 0.08279802023457154, 0.07282820536222162, 0.08116553077307345, 0.07466198835707438, 0.07086121400256999, 0.08120846821136858, 0.08166629597600523, 0.0725250227841303, 0.07583747799224533, 0.07104353743278115, 0.07547486110165133, 0.08333333333333334], [0.07653269547787266, 0.08252218710578504, 0.07292316655274074, 0.08151671172739842, 0.0747542941245291, 0.07099142571675346, 0.08097903947547387, 0.08170298341194969, 0.0725908478247445, 0.07581419988217726, 0.07114702880289565, 0.07542429671259358, 0.08310112318508604], [0.07647325399427574, 0.08241796846586533, 0.07287803353950673, 0.08163029231047514, 0.0746611104247371, 0.07099106763376095, 0.08091839725017944, 0.08192850366361026, 0.07258089531963416, 0.07574698685884067, 0.07116617477039759, 0.07541882177653098, 0.08318849399218603], [0.07642266740038817, 0.08219304864266813, 0.07297998724048503, 0.08191638562351593, 0.07481258708629718, 0.07108232649660062, 0.08069810056534146, 0.08186723940076253, 0.07261427031266104, 0.07574651647458873, 0.07120843773149617, 0.07532628237227694, 0.08313215065291783], [0.07649820424914827, 0.08228970120310987, 0.07302007388068792, 0.08179570728051247, 0.07492046288809541, 0.07105660672333101, 0.08077819971876854, 0.08152863862487765, 0.07260904161888404, 0.07582907608322381, 0.07115911970815125, 0.07532774015353803, 0.08318742786767164], [0.07646867948314819, 0.08231417057448548, 0.07296733462325952, 0.08178103633669737, 0.07483745478914906, 0.07102596849777537, 0.08079208974634888, 0.08163202845603616, 0.0725849070061139, 0.07578601460567397, 0.0711464792070581, 0.07533050334092081, 0.08333333333333334], [0.07657477344561588, 0.08248646805984756, 0.07299675909800377, 0.08158052767944379, 0.07489615293965014, 0.0710123963348389, 0.08095213874924674, 0.08138955018709068, 0.07260510314556974, 0.07588074438747218, 0.07113201944177944, 0.07539489527780954, 0.08309847125363155], [0.07640813875545603, 0.0821827173800935, 0.07295415917821427, 0.081925215662557, 0.07475362566073705, 0.07108237882788183, 0.08070323510303107, 0.08196113264228902, 0.07261614348501956, 0.07572165366618501, 0.07122502851662742, 0.07534523242500299, 0.08312133869690519], [0.07636339986868228, 0.08199588483374233, 0.073025609051096, 0.08217415312426209, 0.07489126781895769, 0.07112160391358101, 0.08052183469277037, 0.08193825951648599, 0.07261406356095743, 0.07572101337076466, 0.07121497873157709, 0.07524171908468917, 0.08317621243243378], [0.07642173632209935, 0.08207865898835638, 0.0730441457513153, 0.08203812984502952, 0.07496270910181829, 0.0710867570840846, 0.08059500518759657, 0.08164991817472712, 0.0726003491359807, 0.07578156144515129, 0.07116450006712327, 0.07524319556338441, 0.08333333333333334], [0.07656717483952549, 0.08229428806749631, 0.07305535849580262, 0.08179357312670096, 0.07502927253711315, 0.07102113149371687, 0.08082502453741784, 0.0811645774050682, 0.07259454680753903, 0.07590750547027825, 0.07109762591054594, 0.07531658797546194, 0.08333333333333333], [0.07649791470257147, 0.08208346731121285, 0.07309924665879816, 0.08204728246863653, 0.07508712523687597, 0.07107688883040651, 0.08063710048865746, 0.08128933571263279, 0.07260630787445721, 0.07586963998146447, 0.0711281227954307, 0.07524423460552271, 0.08333333333333334], [0.07633151660634988, 0.0819997627050258, 0.07296675560089268, 0.08211446246499417, 0.07478739065711743, 0.07109637293319945, 0.08053373238646278, 0.08209862215287224, 0.07259568808529061, 0.0756717257954031, 0.07121474157135371, 0.07525589570770495, 0.08333333333333334], [0.07636490992386484, 0.08189796064123542, 0.07308675557814655, 0.08227527754907944, 0.0749978728080709, 0.07115540279559547, 0.08044039589063168, 0.0818107602549506, 0.07262825766378303, 0.07574827780920836, 0.07121814964684459, 0.07520014855759576, 0.08317583088099331], [0.07639654068298815, 0.08188639701058306, 0.07311544737552685, 0.08227123520225238, 0.07507904841865322, 0.07113846891676132, 0.08044325986090754, 0.0815685599743879, 0.0726179795767127, 0.07579144721705804, 0.07117951560159143, 0.07517876682924403, 0.08333333333333333], [0.07676313326842889, 0.08333333333333334, 0.07268662368156217, 0.08075420329487076, 0.07439196541022856, 0.07076145564075176, 0.08168033250263582, 0.08183273184366273, 0.07253344632531994, 0.07588884892777929, 0.07104279334538521, 0.07573359469926427, 0.0825975377267773], [0.07675910263214247, 0.08317623411605808, 0.07271829226924344, 0.08097413257819613, 0.07449060692362063, 0.07074185170004073, 0.081653331906462, 0.08164028264873033, 0.07250976903758478, 0.07591364195226318, 0.07099353758534466, 0.07566806978228331, 0.08276114686803021], [0.07676511144447673, 0.08315491315564116, 0.07277198712301342, 0.0813378242981864, 0.07465268623342229, 0.07071337567454916, 0.0815756681226327, 0.08126130705385437, 0.07247233366403644, 0.07596166330602298, 0.0709107399330004, 0.07556790296942457, 0.08285448702173952], [0.07688280795299131, 0.0831686133036957, 0.07284378686526571, 0.08167940091138805, 0.0748194163005679, 0.0706897870396802, 0.08161508045997132, 0.08075605937581355, 0.07247591127223775, 0.07609342811096052, 0.0708503327407093, 0.07556827392171137, 0.08255710174500719], [0.07727875214678685, 0.08298408039336642, 0.07289927137794285, 0.08149160304435264, 0.07485383848631479, 0.07066734903686675, 0.08219509694467761, 0.08012813299922975, 0.0725898972649026, 0.0764085044482295, 0.07087601634556065, 0.07589915397806486, 0.08172830353370483], [0.07742263592760615, 0.08308439773435627, 0.0728050119769187, 0.08086601121121381, 0.07458692218505994, 0.07065651855951124, 0.08274252128181955, 0.08020983849731537, 0.07265441705985262, 0.0764428849659862, 0.07096285841009059, 0.07617796363377645, 0.08138801855649311], [0.07731409559659097, 0.08333333333333333, 0.07269872021202234, 0.08049239076739526, 0.07435958428544048, 0.07068983387313832, 0.0827580228425909, 0.08070805985446104, 0.07265188669485621, 0.07628849616721461, 0.07103475660140433, 0.0762262921929029, 0.08144452757864927], [0.07710825412295672, 0.08333333333333334, 0.07267530312382416, 0.08044643045733188, 0.07428345671337977, 0.07075405786562024, 0.08237101149046623, 0.08127799350110336, 0.07263737380876423, 0.0761160112297843, 0.0710943291917409, 0.07610486939789952, 0.08179757576379544], [0.07686072079136802, 0.08333333333333333, 0.0726784196617192, 0.08068695916839856, 0.07435950444544852, 0.07075136489175336, 0.08187567356357021, 0.08168346197931112, 0.07255703052745141, 0.07595253316074753, 0.07104953021365686, 0.07583599412713152, 0.08237547413611038], [0.07681247962533005, 0.08333333333333333, 0.07269034294740227, 0.08093232109830956, 0.07445314558895873, 0.0707030061473174, 0.08178717813938254, 0.08155260421886736, 0.07250258606321405, 0.0759429765211956, 0.07097090748131013, 0.07571990913896293, 0.082599209696416], [0.07685650847600085, 0.0831525879383341, 0.07274843744374646, 0.08121568823548292, 0.07459172342504099, 0.07069309406219453, 0.08179623190582481, 0.08123001017642814, 0.07249556565992889, 0.07601599397596188, 0.07092299407520453, 0.07568038330670022, 0.08260078131915181], [0.07688359180618567, 0.08303963000697305, 0.07278597114000135, 0.08136257129548055, 0.07466956011964326, 0.07069752229705957, 0.08177673391173229, 0.08106363284938083, 0.0724991624384697, 0.07605651891602476, 0.0709072675763204, 0.07566226499471349, 0.08259557264801524], [0.0770035221139766, 0.08303321718063085, 0.07279374119259878, 0.08135434573794859, 0.07467921456796259, 0.0706737564367256, 0.08197799616725734, 0.0808383536265332, 0.07252110444140633, 0.07615087996373147, 0.07089687053267286, 0.07575647084538056, 0.08232052719317527], [0.07701598998915438, 0.0831011458042558, 0.07271880166893968, 0.08086578940032302, 0.0744555355510815, 0.07070758257682286, 0.0821592155158149, 0.08121677479826424, 0.07257040433123839, 0.0760962189269388, 0.07100121633258359, 0.07590921759379424, 0.08218210751078851], [0.07718205281262032, 0.08309534053139712, 0.07273027695930227, 0.08076849638992113, 0.0744464654590264, 0.07069739240498034, 0.08