[[0.07628842469225179, 0.08126437830924037, 0.07357246491685032, 0.07395794463820447, 0.0748612909481142, 0.0816416160377836, 0.08045540574790928, 0.07214000011334509, 0.08283316026380157, 0.07588937624126109, 0.07375239200741907, 0.08174939071447795, 0.0715941553693412], [0.07619169791224657, 0.08153313407952782, 0.07359301172693468, 0.07395331840318596, 0.07480338322447207, 0.08153526957717548, 0.08029216389111954, 0.07214269676158772, 0.08295079656497432, 0.07581792891904489, 0.07377007160477404, 0.08181942737487867, 0.07159709996007811], [0.07608777633251383, 0.08184951582242342, 0.07363165473806768, 0.07396178634386433, 0.07474818003875568, 0.08138083874101686, 0.0800958679355553, 0.07216544091971264, 0.08305889597247847, 0.07574374473032698, 0.07380481560345441, 0.08184967402190486, 0.07162180879992547], [0.07601285023107796, 0.08211174011972551, 0.07367816307154262, 0.07398250685231257, 0.07471249918796039, 0.08127844463426954, 0.07995791240267444, 0.07218751702910797, 0.08300854336057678, 0.0756969205075438, 0.07384871618912908, 0.08188285661672949, 0.07164132979735], [0.07594666415997708, 0.08243727471286548, 0.07376078619318918, 0.07403431961190529, 0.07469759025511727, 0.08113015458122745, 0.07979312770374458, 0.07225274844198863, 0.0827908789133773, 0.0756629093821705, 0.07392729716156533, 0.0818588566374316, 0.07170739224544014], [0.07590191030139896, 0.08265166894989356, 0.07381888520700217, 0.0740705952939411, 0.07468432909482658, 0.081064591045893, 0.07970455171856465, 0.07228102851028904, 0.08258746965555885, 0.07564428227179813, 0.07398377847102215, 0.08187710065547064, 0.07172980882434134], [0.07583293910469535, 0.08294245196233516, 0.073892529837229, 0.07411291644927458, 0.07465166758799566, 0.08102794420126729, 0.07961597032342635, 0.0722798290098841, 0.08226198637388385, 0.07564786847736195, 0.07405742467759979, 0.08196791043375451, 0.07170856156129243], [0.07577755105760221, 0.0831239596975019, 0.07398955640071472, 0.07417722958592665, 0.07463841467687367, 0.08095184666892834, 0.07951334346551744, 0.07230951355262105, 0.08193457616873409, 0.07566592953129017, 0.0741536261095216, 0.08204350364421431, 0.07172094944055396], [0.07574624901693995, 0.08312058712426688, 0.07406865463400956, 0.0742319571061438, 0.07462949129947201, 0.08096590369922085, 0.07948969650725372, 0.07229932128360898, 0.08163092615522519, 0.07570514886632378, 0.07423497414113601, 0.08219339585686701, 0.0716836943095323], [0.07573712125745836, 0.08293189393910301, 0.07423598500918324, 0.07436227527953447, 0.07466444505979015, 0.08092075497567496, 0.07943569989026107, 0.07235630851928666, 0.08119219074252267, 0.07579686037614648, 0.07440383634078616, 0.08225432646547891, 0.07170830214477389], [0.07571844320881879, 0.08311145011638515, 0.07437339463257134, 0.07446700922162378, 0.07467953443669914, 0.08086296273029311, 0.0793883621387379, 0.07236488683885128, 0.08072652366958148, 0.07588128072104616, 0.07454495204592904, 0.08220417051974974, 0.07167702971971304], [0.07572519656446815, 0.08311083854279896, 0.07455087862744635, 0.07461030480823276, 0.07473703273417358, 0.08071107453475906, 0.07928908300410006, 0.07246714598073845, 0.08036549767288038, 0.07597269128354779, 0.07472187838691344, 0.08197969963028971, 0.07175867822965107], [0.07574153966151059, 0.08333333333333334, 0.07462688917741424, 0.07467524279382282, 0.07475587091964384, 0.08070895757731372, 0.07932028414286461, 0.07242585537280244, 0.08000249784947204, 0.07606228798262785, 0.07480464997465619, 0.08186527008094058, 0.07167732113359779], [0.07578273449414602, 0.08333333333333334, 0.07469760953826367, 0.0747421723405484, 0.07479646431477481, 0.08070899889486417, 0.07936366891950829, 0.0724178505701958, 0.07974142342421615, 0.07615271801942809, 0.07488054876558652, 0.08174099763558748, 0.0716414797495473], [0.0758584786234167, 0.08333333333333334, 0.0747347378922723, 0.07479145610273566, 0.07484658494103254, 0.08077209622653761, 0.07948784762236212, 0.0723664808911626, 0.079457611176048, 0.07626761060938266, 0.07492638616961174, 0.0816020749610264, 0.07155530145107844], [0.0759368445558236, 0.08333333333333331, 0.07471019095360695, 0.07479219350910633, 0.07488201136621972, 0.08088286416828751, 0.07964918863347567, 0.07229162906299828, 0.0792896991729614, 0.07634991847412512, 0.07490995010072435, 0.08151567044376853, 0.07145650622556897], [0.07609800673548453, 0.0828859280134436, 0.07474163188387234, 0.07485797659131338, 0.07499560199070122, 0.08099291588337243, 0.07987295302340731, 0.07228225061706481, 0.07906234642882495, 0.07651114878299527, 0.07495018724854706, 0.08132544454533629, 0.07142360825563673], [0.0762104975562688, 0.08333333333333334, 0.0745930804305237, 0.07476904145932524, 0.07501286296290764, 0.08116841990781626, 0.08016628024709893, 0.07211018179598998, 0.07887793069351129, 0.07657611987777405, 0.07481334365452244, 0.08114036137701088, 0.0712285467039176], [0.07643128231244717, 0.08095647602897207, 0.07358519917385593, 0.07400093299312649, 0.07497590737838634, 0.0815736221163509, 0.08055649480443527, 0.07223573097937906, 0.08272655760889128, 0.07599016007835784, 0.07376409106545977, 0.08149194079651824, 0.07171160466381946], [0.07628947209392276, 0.08128544768523013, 0.07358471398380373, 0.07396947852511679, 0.07487831948507907, 0.08148107569318275, 0.080357972222976, 0.07220398790331889, 0.08301972252701886, 0.07588070360209428, 0.07376081425514608, 0.08161112166742743, 0.07167717035568334], [0.07621626981434235, 0.08147493468178019, 0.07359612484408432, 0.07396266836770053, 0.07483269159158314, 0.08141000404124132, 0.08024192571230714, 0.07220075795036784, 0.08313742507926988, 0.07582619901226227, 0.07377027147065202, 0.08165722345958402, 0.07167350397482497], [0.07607697250331004, 0.08188930517431321, 0.07363975337099238, 0.0739664594859787, 0.07474777391361213, 0.08131375013008287, 0.08004526882513678, 0.07218861944061589, 0.08314121106221337, 0.07573308894883582, 0.07381124819819132, 0.08179523832156325, 0.07165131062515435], [0.07618739692569157, 0.08155867492344898, 0.07360276974965048, 0.07396120695036681, 0.07481181796294697, 0.0814254378753832, 0.08022129459531273, 0.07218554292525237, 0.08308556623461016, 0.07580877060906792, 0.07377713831368982, 0.08172193038158193, 0.07165245255299707], [0.07599636012973397, 0.08221778442123168, 0.07370764206390922, 0.07400318808505028, 0.07471668306812096, 0.08118190843988238, 0.07987885406312291, 0.07223281452815412, 0.08299752547181431, 0.07568576767217211, 0.07387553596811904, 0.08181155191306774, 0.0716943841756214], [0.0759572602808129, 0.08244850614723842, 0.07377789627792106, 0.07405140244569326, 0.07471840928943661, 0.08104885285149863, 0.07974803389422465, 0.0723036151112312, 0.08281489779276505, 0.07566767849978714, 0.07394193512151576, 0.08175114962587483, 0.07177036266200063], [0.07589366953932748, 0.08270983414954283, 0.07383659828789624, 0.07408312760861499, 0.07468608791523995, 0.08102793393629222, 0.07967209505474136, 0.07230019708142393, 0.08254611227740061, 0.07564256947580505, 0.0740004797298617, 0.08185066631667114, 0.07175062862718247], [0.07583990177939236, 0.08302892741904633, 0.07393287359091918, 0.07414844864012991, 0.07468343246701065, 0.08087569469581754, 0.07951947104057505, 0.07237512857100371, 0.08226645648457921, 0.07564288954451283, 0.07409287976064646, 0.08176937918076714, 0.07182451682559954], [0.07576711886332799, 0.08333333333333333, 0.0740151957589298, 0.07419668245083459, 0.07465006646473164, 0.08081823488530646, 0.07942045166873227, 0.07237511844209812, 0.08192583948062761, 0.07564971234397364, 0.07417522745101122, 0.08187086533559665, 0.07180215352149662], [0.07576495067736613, 0.08304714178320977, 0.0741038394204727, 0.07426562511086769, 0.07466788037462638, 0.08084752453317044, 0.07941934553809404, 0.07239748721984468, 0.08171188185533833, 0.07570294006645696, 0.07426522467516115, 0.08200156261988269, 0.0718045961255091], [0.07571639720146062, 0.08333333333333333, 0.07414545373837524, 0.07428686780916682, 0.07463656392676471, 0.08083299459848114, 0.07937857630487438, 0.07236240914430755, 0.08146139475882057, 0.07571249827830792, 0.07430888515526164, 0.08207836406856522, 0.07174626168228077], [0.07572732202915367, 0.08304082254817986, 0.07426817397337372, 0.07438648119129784, 0.07467716645645792, 0.08080764411537532, 0.07935242307419885, 0.0724228935508474, 0.0812068491683043, 0.07578431150480537, 0.0744320463974557, 0.08210510069567292, 0.07178876529487706], [0.07572878229370485, 0.0829576391394058, 0.07433969700985073, 0.07444354190885875, 0.07469754033561522, 0.0807761164298903, 0.07932629289910446, 0.07245654673782108, 0.08104712588771001, 0.07582326642784601, 0.07450377047886633, 0.08208811540857716, 0.07181156504274933], [0.07571398829397404, 0.08306918307735593, 0.07441996387904465, 0.07450393804052056, 0.07470783855230176, 0.08071176443928756, 0.07927359175024762, 0.0724830657541789, 0.08082402369127678, 0.07585969759589818, 0.07458445354551319, 0.08202585631963091, 0.07182263506077004], [0.07569232826828688, 0.08333333333333333, 0.07445921678771394, 0.07452993492799465, 0.07469459621273113, 0.08069775922220092, 0.079260211344006, 0.07244802338355562, 0.08059809279933783, 0.07588809764446589, 0.07462686141547233, 0.08200792699094371, 0.07176361766995765], [0.0757002592560756, 0.08333333333333333, 0.07469367805345135, 0.07471895999874503, 0.07477103576937078, 0.08048688093082905, 0.0791208109432277, 0.07258893573033193, 0.08013571226940808, 0.07600470640446373, 0.07486006897617353, 0.08170634615628768, 0.07187927217830213], [0.07575434410586188, 0.08306761839142922, 0.07479345768135882, 0.07481116045563745, 0.07482774343897264, 0.0805147403338705, 0.07917985045771418, 0.07259726466489946, 0.07986847115834403, 0.07611722279160092, 0.07496531616473649, 0.08164680898897578, 0.07185600136659863], [0.07572573094496356, 0.08319309462565895, 0.07451166128397585, 0.0745790701666424, 0.07471866731543471, 0.08077967353631074, 0.07934327521832568, 0.07240591915165097, 0.08035098713359673, 0.07597193244064956, 0.07468574273414609, 0.08204615572599086, 0.07168808972265386], [0.07578623515337896, 0.08301362854333105, 0.07487882544019962, 0.07488728919852937, 0.07486987908507392, 0.08048186475043588, 0.0791871387234613, 0.0726174796425807, 0.07964375599409344, 0.07619729486142997, 0.07505389309147663, 0.08152832410983014, 0.07185439140617912], [0.07583372987642066, 0.08318377676624003, 0.07493923789413749, 0.07494856135708658, 0.07491271262659152, 0.08048239563526098, 0.07925064147787336, 0.07257076859640552, 0.07931649320719383, 0.07630468386067994, 0.07512248653145655, 0.08136571470767287, 0.07176879746298039], [0.07589478693538189, 0.0830582178743345, 0.07493561374224177, 0.0749612765195058, 0.07494357244869766, 0.08056718599183248, 0.0793660149313122, 0.07252533052617371, 0.07920664012381558, 0.07637380264886386, 0.07512487629221072, 0.08133791621783845, 0.07170476574779168], [0.07599258816782078, 0.08303711318629219, 0.07492426919696812, 0.07497814720272476, 0.074992128787115, 0.08066644030124706, 0.07953975189892293, 0.07244995905537871, 0.0789935338412787, 0.07648375240185526, 0.07512320910799458, 0.08121923711233318, 0.0715998697400688], [0.07609085021319795, 0.08309790567094975, 0.07496806097538239, 0.07504030320252816, 0.07506682593074131, 0.08064823571506292, 0.07964105115005587, 0.07242788362202533, 0.07870345394221744, 0.07661290524331922, 0.07517499344367562, 0.0809783576966183, 0.07154917319422588], [0.07619052309923408, 0.08301689097694417, 0.07483105027490064, 0.07495560804278215, 0.07508314155028062, 0.08087684178933281, 0.07991116048864852, 0.07230405483812581, 0.07871661758285821, 0.07665056240641409, 0.0750458662168143, 0.0809997271068351, 0.07141795562682957], [0.07643373998924294, 0.08098151537740203, 0.07360905457184332, 0.0740222006685141, 0.07499826474955765, 0.08141399429225313, 0.08044917465673658, 0.07231054217731615, 0.08283292757613833, 0.07598532340264606, 0.07378387022547735, 0.08137376679693341, 0.07180562551593882], [0.07621733350698097, 0.08148730290673933, 0.07360729378184906, 0.07397348655458608, 0.07484889442482227, 0.08126160025112773, 0.08015099997369628, 0.07226072042272552, 0.08333333333333334, 0.07581844105562323, 0.07377787488830231, 0.08151143917108022, 0.07175127972913382], [0.07629454021167377, 0.08130017685620206, 0.07360509804159843, 0.07398855427201102, 0.07490088231308473, 0.08132813967199701, 0.08026266976512163, 0.0722747124056694, 0.08314911175900047, 0.07587763878656487, 0.07377736108826624, 0.08147462564463408, 0.0717664891841763], [0.07616830410950629, 0.08165066199499375, 0.07362839620376113, 0.07397868937974729, 0.07481606452162574, 0.08129434283726704, 0.08011712899650686, 0.07224053162189263, 0.08316154371143271, 0.07579168995757654, 0.07379927928117228, 0.08163323961768008, 0.07172012776683794], [0.07613662980175039, 0.08179078720255509, 0.07366856341843621, 0.07400520461349534, 0.07481711953558014, 0.08114369536149736, 0.07998484285489756, 0.0723067217027728, 0.08320093976981001, 0.0757682031765948, 0.07383525512720339, 0.08154295856544003, 0.0717990788699669], [0.07603983418968953, 0.08212154035941188, 0.07371870791132717, 0.07402356262786731, 0.07476413255868457, 0.08106816146404507, 0.07984261834440896, 0.0723121603300527, 0.08310052653439313, 0.07570879773980262, 0.07388322519819165, 0.08162066727480993, 0.07179606546731543], [0.07608236525410225, 0.08189176079792992, 0.07364797865970105, 0.07397581511829501, 0.07476551314229954, 0.0811799852771395, 0.07996927614785165, 0.07224568065193722, 0.08333333333333333, 0.07572836949440202, 0.07381613660522049, 0.08163800810337753, 0.07172577741441041], [0.0759838260910645, 0.08240857090289153, 0.07380504624663148, 0.07408057120729548, 0.07475698848656853, 0.08094643330357137, 0.07969846559404946, 0.0723807936419254, 0.0828188903334653, 0.07568421840275488, 0.0739657705819271, 0.08160547165584797, 0.07186495355200706], [0.0759506090535645, 0.08257920627420107, 0.07385774399193137, 0.07411545301893112, 0.07475246087585405, 0.08087640935434821, 0.07961621357641102, 0.07241920192174463, 0.08265145556900028, 0.07567070746980202, 0.07401640111097907, 0.08159199381519093, 0.07190214396804163], [0.07591482755230022, 0.0827394571299963, 0.07389079855939855, 0.07413345527477434, 0.0747354549210081, 0.08085162560199176, 0.07956661446415379, 0.07242287142023356, 0.0825199258717716, 0.0756542666071982, 0.07404897121469169, 0.08162316438007991, 0.07189856700240213], [0.07587224368401471, 0.08296472489408523, 0.07396636491306488, 0.07418444643175791, 0.07473161818022597, 0.08075285528225386, 0.07945798540454554, 0.07247522236147814, 0.08229075122535363, 0.07564978034326736, 0.07412190374175633, 0.08158432208141425, 0.07194778145678206], [0.07579141654577035, 0.08333333333333333, 0.07402672204691642, 0.07421313057575761, 0.07468446926859584, 0.08071478682311471, 0.07936933661998526, 0.07245299195686726, 0.08199823710929073, 0.07564382694243965, 0.0741827300176056, 0.08168635237621141, 0.0719026663841117], [0.07577134944668312, 0.08333333333333333, 0.07407399148297054, 0.07424567399886921, 0.07468119327007564, 0.08070323162153355, 0.0793399290577371, 0.07246249516534121, 0.08186029880069318, 0.07565932498035884, 0.07423015166319995, 0.0817374232676807, 0.07190160391152359], [0.07575937890852152, 0.08333333333333333, 0.07409349308185355, 0.07425796072976368, 0.07467483162924841, 0.08071417648078817, 0.07933577892626711, 0.0724540938179292, 0.08178644172175978, 0.07566806006416114, 0.07425042303207205, 0.08178735525040046, 0.07188467302390157], [0.07575465144064693, 0.08309662943597669, 0.07420087476320839, 0.07434156999867972, 0.07469981561416551, 0.08069604329015112, 0.0793019157747424, 0.07250334798352133, 0.08155749779732521, 0.07572153365964504, 0.07435781644252502, 0.0818506484808016, 0.07191765531861104], [0.07573364180150052, 0.08310072575376215, 0.07427454908627905, 0.07439458053271154, 0.074700205063523, 0.0806822917257793, 0.07927169831619028, 0.07251039605796766, 0.0813327498804935, 0.07575638584102011, 0.07443270697685676, 0.08190519025740668, 0.07190487870650947], [0.0757332666536227, 0.08297005533412008, 0.07435900466239427, 0.07446121844364965, 0.07472177743331739, 0.08065779265482521, 0.0792457753675358, 0.0725459489395058, 0.0811438453993045, 0.07580226997766966, 0.07451756609415404, 0.08191522578975408, 0.07192625325014676], [0.0756869057633535, 0.08333333333333334, 0.07448363166248699, 0.07454961088741123, 0.07472196394103382, 0.08052257607680664, 0.07912756767940211, 0.07258471214808628, 0.08076804758241679, 0.07584195089423458, 0.07464202795710194, 0.08179646936613175, 0.07194120270820115], [0.07568296658278151, 0.08333333333333334, 0.074626585879533, 0.07466237140359733, 0.07476006115751686, 0.0804125776545413, 0.07904666077024115, 0.072659004873131, 0.08045850491107016, 0.07591096210556883, 0.07478460126858488, 0.08166598674787684, 0.07199638331222394], [0.07570518497092839, 0.08321427355620845, 0.07473192777806335, 0.07475071710904241, 0.07479299033573808, 0.08042867227323387, 0.07907608716446843, 0.07265125259840004, 0.08014730615255737, 0.07600853820005761, 0.07489532061066108, 0.08164646468375994, 0.07195126456688106], [0.07571492380648492, 0.08306767801382875, 0.07463128032638414, 0.07467254056060503, 0.07477006907437012, 0.08054082935763579, 0.07915476688697741, 0.07259862754799756, 0.08037696362307603, 0.075965075100578, 0.07479516598790979, 0.08180034697150743, 0.0719117327426451], [0.07570462034403092, 0.08312444619587704, 0.07454142389895323, 0.0745990957387477, 0.07474565268203612, 0.08054695868085315, 0.07915044570026, 0.07259399399172305, 0.08063695889040313, 0.0758932696879296, 0.07470192345176938, 0.08182661638673634, 0.07193459435068043], [0.07571052452357693, 0.08312575508191955, 0.07440272835553606, 0.0744902454029466, 0.07471128550022785, 0.08064465231809745, 0.07922482867928685, 0.07252782964961685, 0.0809528206578893, 0.07582501171333247, 0.07456324128476129, 0.08193218647049778, 0.07188889036231115], [0.07571032585738202, 0.08309044689685463, 0.07461634618605763, 0.07465971395577088, 0.07476534406872092, 0.08053094792285447, 0.07914411259682223, 0.07260446306546421, 0.08043052281225589, 0.07594797372797615, 0.07477906116768397, 0.08179612391132919, 0.07192461783082782], [0.07570851861763146, 0.08319725135080519, 0.0745134212824786, 0.07457673194755586, 0.07471975490327283, 0.08069064479667927, 0.07926300584733162, 0.0724714789240827, 0.08048656313139324, 0.07593004787310445, 0.07468201135939218, 0.08198322773771945, 0.07177734222855303], [0.07572617206066577, 0.08314089413068758, 0.07479580971470613, 0.0748064444981765, 0.074819488834148, 0.08043013496205739, 0.0790951829139103, 0.07265255296334022, 0.07996430089960332, 0.07607148060096912, 0.07496241309013357, 0.08160353029106912, 0.0719315950405331], [0.07576491954360828, 0.08293621597647018, 0.07488571793356044, 0.07488731359581502, 0.07486821114799798, 0.08041742656183071, 0.07911354584508588, 0.07268256983534109, 0.07976749812160445, 0.07615480070590538, 0.07505516748356043, 0.08152498415894498, 0.07194162909027516], [0.07579109501427068, 0.08300760904586751, 0.07495306536506395, 0.07494796274094137, 0.07490269138105862, 0.08039795218373665, 0.0791335457144086, 0.07267019500579888, 0.07952211217416237, 0.07623233179359727, 0.07512729427997304, 0.08141232331704229, 0.07190182198407875], [0.07581284559097913, 0.08309777530725773, 0.07500223758544662, 0.07499328421155495, 0.07493098766332215, 0.08037358171326141, 0.07914646288509371, 0.07266015982873793, 0.07933235763015162, 0.0762922586311195, 0.07518022244680174, 0.08130666703958431, 0.07187115946668914], [0.07589560477829467, 0.08294846002258131, 0.07503505134795088, 0.07504091865661114, 0.07498728308349809, 0.0804453991752132, 0.07927454537849618, 0.0726156385183176, 0.07911420345671039, 0.07640638386827998, 0.07522147516313446, 0.08121947546829085, 0.07179556108262124], [0.07599810813394547, 0.08283669226004231, 0.07508349294854018, 0.07510702491343017, 0.07506408617782831, 0.08047791763255012, 0.07939979272442924, 0.07258690895677769, 0.07884353385559212, 0.07654341846574157, 0.07527876780212121, 0.08104548118857706, 0.07173477494042463], [0.07606241864310712, 0.08296026920354581, 0.07507577696219503, 0.07511897075757488, 0.07509660745125948, 0.08050820266850922, 0.07950041786968336, 0.07253203191452597, 0.07866781630137668, 0.07662030913134169, 0.07527796393715779, 0.08092092114708462, 0.07165829401263847], [0.07614261796490872, 0.08333333333333336, 0.07500316110546909, 0.07508412408299019, 0.07511138824032482, 0.08057893527408139, 0.07966831148343245, 0.0724124962445228, 0.0784713504344268, 0.07669473304679887, 0.07521527493260194, 0.08077128078352722, 0.07151299307358258], [0.07626838331530587, 0.08308519340655837, 0.07483177807973075, 0.07497737260748169, 0.07513344588486612, 0.08087710047571404, 0.08000616452828246, 0.07228036465404282, 0.0785470954820868, 0.07673012269132647, 0.075051839717919, 0.08083135331871101, 0.07137978583797457], [0.07571463517055907, 0.08310159693247687, 0.07444214387195128, 0.07452342682337057, 0.07473633239777455, 0.08054999800615154, 0.07915840474285672, 0.0726047376576493, 0.08096022430142918, 0.07582384994278023, 0.07459872181301136, 0.08180568906156857, 0.07198023927842062], [0.07574676770002461, 0.08293160514178348, 0.07437112202213338, 0.07447519650770888, 0.07474753990794077, 0.0805736878912902, 0.07919460743363482, 0.07261893084751768, 0.08122492951606419, 0.07579031945349808, 0.07452548275249347, 0.08177931547110061, 0.07202049535480988], [0.07574883771634884, 0.0831693517535026, 0.07425720746898071, 0.07438604760302539, 0.0747209899925678, 0.08058639583915946, 0.0792202107109333, 0.07257649892500945, 0.08147154529401479, 0.07572767333893159, 0.07441075855578891, 0.08172546323850458, 0.07199901956323265], [0.07574855578344455, 0.08333333333333333, 0.07420275402414167, 0.07434329821930728, 0.07470800508152574, 0.08057949761415276, 0.07922513730246433, 0.07255787621801127, 0.08158206284730768, 0.07569617756457446, 0.07435577279623717, 0.08167650706769716, 0.07199102214780259], [0.07579226051592897, 0.08316285765611052, 0.0741502113894139, 0.07431235261425462, 0.07473012718710897, 0.08059963943246447, 0.07927207811441302, 0.07256984577077442, 0.0817882649997095, 0.07568552496863636, 0.07430233442115694, 0.08161276939399464, 0.07202173353603375], [0.07585131127401137, 0.0830592839848521, 0.07405026484347152, 0.07424740926153513, 0.07474920511882441, 0.08063682450901807, 0.07935297370484126, 0.07255568727616976, 0.08209226628073724, 0.07566258071767791, 0.07420232398105443, 0.08150864694567815, 0.07203122210212866], [0.07589124542074935, 0.08289976861528077, 0.07401258906782902, 0.07422692536835095, 0.07476924538594772, 0.08066267542035534, 0.07940360947137436, 0.07255695668718655, 0.08223620976328982, 0.07566387140657525, 0.07416483517629664, 0.08146922688553522, 0.07204284133122901], [0.07573082077470508, 0.08333333333333333, 0.07448568366659171, 0.07455962564721252, 0.07470413469541745, 0.08085161559274374, 0.07940793555432672, 0.07233394718076, 0.08025562994396339, 0.07598998439521557, 0.07466436204000806, 0.08208457352341458, 0.0715983536523077], [0.07577462224361288, 0.08313953990792293, 0.07474584930651179, 0.07477823065341384, 0.07481538531280124, 0.08062847634265524, 0.07928581037286868, 0.07250381661525, 0.07980660902623016, 0.07614145149674, 0.07492378738049912, 0.08171308572888682, 0.0717433356126075], [0.07580457125701952, 0.08333333333333334, 0.0748487765304058, 0.07486893708142134, 0.07485850824609389, 0.08055205837238325, 0.0792782363734941, 0.07251060930182311, 0.07946237480701954, 0.07624131558508139, 0.07503170847601272, 0.08149187290906396, 0.07171769772684813], [0.07592517678409176, 0.08274804272836556, 0.07395643289297256, 0.0741897632916258, 0.07477511158878015, 0.0807234466225231, 0.0794780113885438, 0.07252472447462052, 0.08240304857381041, 0.07566844494333086, 0.07411028728940869, 0.08148229239651267, 0.072015217025414], [0.07596441464669466, 0.08257129524010522, 0.07390558146253141, 0.07415810087558886, 0.07478707617269251, 0.08077625895636224, 0.07955149406768793, 0.07250077292752273, 0.08256547738730581, 0.07568465949716646, 0.07406084293313484, 0.08147722712070889, 0.07199679871249845], [0.07601627413217253, 0.08234284054180502, 0.07384253825251566, 0.07411939509944054, 0.07480320584222437, 0.08084706407739438, 0.07965085322404335, 0.07246765077493174, 0.0827659544314755, 0.07570801275825964, 0.073999869071876, 0.0814672695497869, 0.07196907224407442], [0.0760788777721002, 0.08209814753233467, 0.07379063886685007, 0.07409211293211622, 0.07483162246815056, 0.08090354703456283, 0.07974934144696272, 0.07245083060317455, 0.08292718918627578, 0.07574124256534509, 0.07394967862651726, 0.08142751944244961, 0.07195925152316043], [0.07614114922931274, 0.08187469568519995, 0.0737442038016375, 0.07406872096452788, 0.07485929971849124, 0.08097430171918553, 0.0798578432348053, 0.07242834306245266, 0.08302517543542541, 0.07577754801484797, 0.07390546097453718, 0.08140329087982924, 0.07193996727974737], [0.07617127631889499, 0.081772191075481, 0.07372199504227908, 0.07405736955704896, 0.07487133551389187, 0.08102188942838198, 0.0799196110258809, 0.07241158376088544, 0.08304432990792097, 0.07579643345920513, 0.07388470872874857, 0.08140471767230427, 0.07192255850907682], [0.07621914859750935, 0.08160874120306628, 0.07368937867080431, 0.07404152852458207, 0.07489169048386975, 0.08108869846543662, 0.0800133802934335, 0.07238850916385652, 0.08308444032660829, 0.07582679428319167, 0.07385424734139898, 0.0813946269283115, 0.07189881571793127], [0.07626897868556096, 0.08143447037238419, 0.07365580913667194, 0.0740254018603824, 0.07491330166788418, 0.08114825432964114, 0.08010753867507366, 0.07236597072039751, 0.0831548110566723, 0.07585822348399848, 0.07382282275892689, 0.08136850841035027, 0.07187590884205616], [0.07637515888150358, 0.08117887063598812, 0.07365541874312517, 0.07404885914538392, 0.07498997952023313, 0.08117871127728878, 0.08022344873292576, 0.07240524280950687, 0.08299352268756584, 0.07593622678004573, 0.0738235186827314, 0.08126789349473307, 0.07192314860896873], [0.07648099841474278, 0.0809332839479006, 0.07365599510282195, 0.07407253169822818, 0.07506370459662307, 0.08123049743360496, 0.0803576104897615, 0.07243236634361548, 0.0827880351775743, 0.07601690142847588, 0.07382596421886627, 0.08118860787767973, 0.07195350327010545], [0.07637341293319189, 0.08114682857643465, 0.07362739145342513, 0.07402481777379978, 0.07497098255367332, 0.0812788154842848, 0.08029709822723233, 0.07234640403080662, 0.08300431979793108, 0.07593578415016744, 0.07379838011593362, 0.0813435881517, 0.07185217675141928], [0.07573586705170118, 0.08311055781341799, 0.07474335480070188, 0.07476671119658271, 0.07480422137160714, 0.08052424465495382, 0.07916968799045582, 0.07259004900963426, 0.0800075651252914, 0.07606856829368168, 0.0749130264788514, 0.08170294719644594, 0.07186319901667493], [0.07573772364510777, 0.08307680239260178, 0.07463572803961088, 0.07468100857315282, 0.07476912844794542, 0.08065560821218525, 0.07926121546399514, 0.07250699599792897, 0.08017985127396313, 0.0760276315554842, 0.07480752944654569, 0.08187582765909632, 0.07178494929238272], [0.0758431510724663, 0.08314085287410472, 0.07468373483869822, 0.07474587362268886, 0.07482506580336365, 0.08082780281438018, 0.07949583327570778, 0.07236719404146551, 0.07965566651450356, 0.07621461586620316, 0.07487250293624469, 0.08175396071338793, 0.0715737456267855], [0.07576430676704925, 0.08333333333333334, 0.0745922925939834, 0.07465316615980884, 0.0747524654609674, 0.08080557085580117, 0.0794108139867481, 0.07235991926160837, 0.07995462384720653, 0.07608522926869528, 0.07477462051980904, 0.08191604968767902, 0.07159760825731036], [0.07572569306420082, 0.08300605006958245, 0.0743240915528745, 0.07442948954386194, 0.07467521060435779, 0.08088615970188628, 0.0794048879204576, 0.07236650088176823, 0.08090659097426112, 0.07584918532563523, 0.07449397793851432, 0.08223754606001331, 0.0716946163625864], [0.07571347825506287, 0.08333333333333333, 0.07441657316984385, 0.07450027237664836, 0.07467702693621474, 0.08087119648910866, 0.07940384951175627, 0.07232266280945802, 0.08046334225574944, 0.07592948587654473, 0.07459270675632519, 0.08216998133943539, 0.07160609089051907], [0.07589798495228939, 0.08317654181988833, 0.07469565555808823, 0.07476974033191983, 0.07485753597666123, 0.0808784917745372, 0.07959200759602306, 0.07232463030551117, 0.0794699976317629, 0.07628951201884636, 0.07489053762347998, 0.08164868251061465, 0.07150868190037746], [0.07601098074217622, 0.08310179173163743, 0.07467690610992031, 0.07478380243636248, 0.07491783313300891, 0.08100768774441562, 0.079799750685003, 0.0722518057210847, 0.07925276235828586, 0.07640379784149022, 0.07488140137537812, 0.08150299724945097, 0.07140848287178618], [0.07627779383570178, 0.08333333333333333, 0.07497176595843173, 0.07509554660022671, 0.07518547271402799, 0.08064958166004382, 0.07986114766494443, 0.07235390333820743, 0.07825994733429965, 0.07681636925209459, 0.07519299673876415, 0.08056849209101571, 0.07143364947890865], [0.07619451427934584, 0.08333333333333333, 0.07506428625922673, 0.0751480141535207, 0.07516888614953397, 0.0805011763346966, 0.07967082862724689, 0.07243985505810764, 0.07829410716104825, 0.0767745968032275, 0.07527931077906425, 0.08060421309134362, 0.07152687797030455], [0.07608838580275318, 0.0813845507748693, 0.07369058429535909, 0.07400332573791116, 0.07469632106358226, 0.08225914180528493, 0.08054378584025017, 0.0718682819190476, 0.08162417444341144, 0.07586584897123065, 0.07388642277012836, 0.08289028866477517, 0.07119888791139665], [0.07603955574157947, 0.08163073301118641, 0.07367795906386715, 0.07398274712130154, 0.074671623525526, 0.08203473027048169, 0.08039224354132599, 0.07191456427169488, 0.08192918049724578, 0.07579814629845935, 0.07386826585565721, 0.08279130210342941, 0.0712689486982453], [0.07597229834587699, 0.08183755532300345, 0.07372199105716835, 0.07400305396293055, 0.07464115795127553, 0.08188519560185607, 0.08024812844480157, 0.07193954654849223, 0.0819267665942209, 0.07577093050353353, 0.0739096906881418, 0.08285077400851774, 0.07129291097018133], [0.07592392380464921, 0.08205521047211432, 0.07376409700225332, 0.07402622478992175, 0.07462679911040039, 0.08172383826492897, 0.0801129754688704, 0.07198604833587485, 0.0819670396119602, 0.07574623337341456, 0.07394826646616191, 0.08277376131004735, 0.07134558198940272], [0.07586995888609148, 0.08222549361790188, 0.07385016721088261, 0.07408263507516834, 0.07461104334041962, 0.08163698160629142, 0.08000982553690443, 0.07200418396872116, 0.08170190844290756, 0.07576363192782132, 0.0740341881505447, 0.0828640775915612, 0.07134590464478423], [0.0758483359032394, 0.08219771215584275, 0.0739204146466513, 0.07413363651167741, 0.07460979565594412, 0.08161794533767568, 0.07997765232269088, 0.07200307321848991, 0.08142113408021599, 0.07580174519517656, 0.07410631097802454, 0.08303905162098574, 0.07132319237338579], [0.0758743099099983, 0.0821684106700975, 0.07393163441381218, 0.07414840927903121, 0.07461362060219325, 0.08177354357054657, 0.0801001156819812, 0.07192123642682142, 0.0810718322359416, 0.07586877144584062, 0.07412490887168219, 0.08319660417284011, 0.07120660271921371], [0.07604130356554231, 0.08170590046571652, 0.07389361578402201, 0.07415597059428064, 0.07470515309012309, 0.08218053361142516, 0.08045656245276042, 0.07186854446739992, 0.08089230485764733, 0.07599129554721383, 0.07409556859301686, 0.08287627425297649, 0.07113697271787534], [0.07611885074371397, 0.08148155896907018, 0.07375840569030115, 0.07406481189664192, 0.07471803436298856, 0.08245724612653026, 0.08066752244656449, 0.07180876331906023, 0.08107295341959812, 0.07597161489658713, 0.07396228441696091, 0.08282403050365339, 0.07109392320832968], [0.07614265919690309, 0.08129376337138558, 0.07371089379398775, 0.07403177283004549, 0.07472751093646893, 0.08247578240405473, 0.08069424489308649, 0.07182710619000633, 0.08129382246360935, 0.07594237745929264, 0.07391244977922083, 0.0828148301125824, 0.07113278656935632], [0.0760367064437544, 0.08151126212040576, 0.07373389380110267, 0.07402640162205841, 0.07466712874507146, 0.0822173203600981, 0.08047557176366936, 0.07184758223245533, 0.0814395529655453, 0.07587129790813384, 0.07393097408227008, 0.0830823876278173, 0.07115992032761807], [0.07603757874520774, 0.08154226388934548, 0.07370237629887075, 0.07400147463012598, 0.07466765359596365, 0.08213814047897228, 0.08043866351764092, 0.07187831461125865, 0.08168806081192799, 0.07583258271119496, 0.07389608937017465, 0.0829649247878618, 0.07121187655145515], [0.07593311383331888, 0.08184848773967306, 0.07378581770237823, 0.07404486730325312, 0.07462090843841987, 0.08191423509423716, 0.08022539853186851, 0.0719056168618272, 0.08156681969237231, 0.07580686295438958, 0.0739768580965526, 0.08314239564185717, 0.07122861810985216], [0.07594522999455924, 0.08186170496537333, 0.07383328744777853, 0.07408554687859964, 0.07463116402145867, 0.082001928835935, 0.08028447258824144, 0.07187028871190343, 0.08122807968991043, 0.07586984838075017, 0.07402914932587895, 0.08319477046822132, 0.07116452869138977], [0.07594426194434457, 0.08177361365650009, 0.07377847978610072, 0.0740414243016206, 0.07461657821654002, 0.08202198258730604, 0.080300518301023, 0.07185153353503444, 0.08137295973034829, 0.07583519947904736, 0.07397356617407935, 0.08333333333333331, 0.07115654895472205], [0.07601504044162968, 0.08166962371753438, 0.07381128036322511, 0.07408370399062299, 0.07466733147858336, 0.08218580730455828, 0.08043954386717599, 0.07184384675490942, 0.08114456678162668, 0.07591801418704934, 0.07401082208837344, 0.08307910868550386, 0.07113131033920748], [0.07594707455976839, 0.0818523087793433, 0.0737561180820436, 0.07402436827004864, 0.07462619037326561, 0.08191100069173944, 0.08023739964109192, 0.07191470214269151, 0.08171165177801117, 0.07579002539521157, 0.07394591438374042, 0.0830335801582665, 0.07124966574477787], [0.07587895192803892, 0.08206251886438756, 0.07386915509848212, 0.07409944114678955, 0.07461209218694859, 0.0817354106490647, 0.0800736666417028, 0.07196149466543346, 0.08147086421993247, 0.07580461404065227, 0.07405728023099582, 0.08309327479954402, 0.07128123552802766], [0.07587312949659024, 0.08208017466347015, 0.07387396985969243, 0.07410193536949354, 0.07459741516486186, 0.08180920337635547, 0.08012305483497688, 0.07189788737792457, 0.0812157752732306, 0.07583411795946685, 0.07406668380214931, 0.08333333333333334, 0.07119331948845485], [0.07599064033047752, 0.08187885971187883, 0.073934058834117, 0.0741769027739237, 0.07468473736649871, 0.08203459013713137, 0.08033614849661881, 0.07189370080160457, 0.0808811252022256, 0.07597244636597968, 0.07413385449477061, 0.08292153081291587, 0.0711614046718576], [0.07591716582181322, 0.08211758930080132, 0.07397720563127826, 0.07419478012658656, 0.074651263164509, 0.08183629770974014, 0.08016810320279846, 0.07192574762829339, 0.0808850875227704, 0.07593486578361638, 0.07417355768047454, 0.08302270330451827, 0.07119563312280006], [0.0758967672486444, 0.0820789796875196, 0.07381862614326981, 0.0740632324554328, 0.07461518409854612, 0.08174547302412412, 0.08009656460114445, 0.07196628444432884, 0.08168517411898206, 0.07577682925676987, 0.07400518903092981, 0.08294882312848131, 0.07130287276182683], [0.07584259896968061, 0.08224010707086706, 0.07393391521514492, 0.07414305142701406, 0.07460321288084037, 0.08164582618714991, 0.07999452207696305, 0.07197413550675474, 0.08126586332838515, 0.07582139649452412, 0.07412220566752244, 0.08313338471517616, 0.07127978045997747], [0.07584437008595143, 0.08232883778657005, 0.07398786473274806, 0.07418665901111832, 0.07461402122875205, 0.08164387230072966, 0.07999718555978447, 0.0719700165733543, 0.08103568623874852, 0.07586648442648576, 0.07417859537847217, 0.08308963204226336, 0.07125677463502163], [0.07639697262789814, 0.08091750500085303, 0.07357473286787133, 0.07397957179427962, 0.07486523482674137, 0.08280640375206652, 0.0811532348009103, 0.0718208483344255, 0.08136568838212607, 0.07606391539652661, 0.07378063867117246, 0.08212393005065179, 0.07115132349447723], [0.07633281497203666, 0.08111834333532683, 0.07360065503632945, 0.07398623794616827, 0.07481913236247072, 0.08290316130418049, 0.08110000705331505, 0.07176979140553093, 0.08118813691035398, 0.07603647812839776, 0.0738089539224082, 0.08225891243474608, 0.07107737518873553], [0.07626472833963835, 0.08146070147071945, 0.07368468417775903, 0.07403921347175577, 0.07478506798375409, 0.08285968926104535, 0.08101013112791274, 0.07173341498320732, 0.0808434844125539, 0.07606062498601879, 0.07389651526329724, 0.08235676311043767, 0.07100498141190051], [0.07630834748879606, 0.08178545734070714, 0.07379984468037322, 0.07414352077790322, 0.07483835369121099, 0.08271241500588201, 0.08105254623639847, 0.07173674087653464, 0.08035860257898199, 0.07618795722684449, 0.07401776543115607, 0.08208923430250158, 0.07096921436271011], [0.07664763298415195, 0.08161327920704659, 0.07385303666344037, 0.07426704738294523, 0.07507920436510321, 0.08267589079222457, 0.08157702985888064, 0.07176931423351993, 0.0797117069090449, 0.07647981583945636, 0.07408322042329245, 0.08127062518416424, 0.0709721961567296], [0.07688787716874239, 0.08103139690076762, 0.07372007993554039, 0.07421192738724255, 0.07521261836807311, 0.08278212367408942, 0.0820763437172799, 0.07180239879529302, 0.07977746796997288, 0.07656598285976145, 0.07395055867714212, 0.08093798931598166, 0.07104323523011347], [0.07691114044959137, 0.0806880183924604, 0.07360344060835447, 0.07411963858198825, 0.07521016395644423, 0.0827976387877805, 0.08211152922836806, 0.0718480705612442, 0.08022690450058206, 0.07650948241588654, 0.07382645603487269, 0.08100497526085555, 0.07114254122157165], [0.0767649019081701, 0.08063948216766612, 0.0735583626281199, 0.07404907529626341, 0.07511005940972841, 0.08277503588668804, 0.08177982177866565, 0.07187145449277454, 0.08078307940628061, 0.07635389861502143, 0.07377285146849699, 0.0813417682538314, 0.07120020868829365], [0.07649249627068072, 0.08085471734804026, 0.07355616416898782, 0.07398613906119975, 0.07492280675485839, 0.08288164085600193, 0.08133361803637323, 0.07181657760257895, 0.08120931365273246, 0.07613729782322866, 0.07376502861591198, 0.08189926895854484, 0.07114493085086106], [0.07638994529314673, 0.08108173809593686, 0.07358009875740892, 0.07398269809923262, 0.07484956580635509, 0.0830165210141833, 0.08122097934512726, 0.07175500295942447, 0.08109156751957089, 0.07607957312570947, 0.07379070377175567, 0.08210175253104389, 0.07105985368110457], [0.07635415430472893, 0.08134255181532335, 0.07363119188835897, 0.07401658658568318, 0.07482809146632398, 0.08309289108161097, 0.08120364441051295, 0.07170752424691981, 0.08078235143447562, 0.0760978520419894, 0.07384601767843746, 0.08211646504448804, 0.07098067800114734], [0.07634642466779863, 0.08148063352447442, 0.07367706402786425, 0.07405227676668694, 0.07483229680900946, 0.08300838788573808, 0.0811830256433944, 0.07170638621367378, 0.08062619465273531, 0.07613070124173502, 0.07389355958900291, 0.08209825655436581, 0.07096479242352076], [0.07644825003443129, 0.08147486208305975, 0.07369048152526506, 0.07408694967620982, 0.07490168176973325, 0.0830205352431292, 0.0813644718300391, 0.07170547128794677, 0.08039414139251148, 0.07622042051826322, 0.07391129066418396, 0.08182939502573199, 0.0709520489494951], [0.07655623822838661, 0.08101428600137232, 0.07357030042189934, 0.07401276056720277, 0.07495408574771399, 0.08311511883161017, 0.08154546004799831, 0.07174522830895287, 0.08074332067602213, 0.07621996608318217, 0.07378711890106289, 0.08169811673975891, 0.0710379994448375], [0.07671040823238119, 0.08092621548218004, 0.07358216487953956, 0.07405766404499162, 0.07505952460353109, 0.08310997538324