[[0.07477189303805681, 0.06937265446473932, 0.0716899378950967, 0.08272548984092376, 0.07428694289006524, 0.07980497497070647, 0.07983588482803168, 0.07303754544516414, 0.07896448421641888, 0.0813102447033019, 0.08085178742623225, 0.08140842119417571, 0.07193973908708721], [0.07466874546415667, 0.06940337649671931, 0.07173070778927734, 0.08286922066904767, 0.07421527030147793, 0.0800688117966237, 0.0796436350634787, 0.07298437292299155, 0.07906200421749607, 0.08121418740140231, 0.0806900487374018, 0.08149658720597301, 0.07195303193395396], [0.07457058518100736, 0.06948112974117918, 0.07180958145028857, 0.08300142986801133, 0.07415451471381436, 0.08036847886051487, 0.07941795540871138, 0.07295048268969244, 0.07916200417663742, 0.08106240556514438, 0.08048300950355455, 0.08153900159480303, 0.07199942124664112], [0.07449652695808763, 0.06953692316602152, 0.0718841264878389, 0.08294126821115762, 0.07411515734681212, 0.08062981623292036, 0.0792587468910814, 0.07292682858881767, 0.07927435218413481, 0.08096445238292066, 0.08034375864982245, 0.08158241311162266, 0.07204562978876229], [0.07445560188781052, 0.0696814118664967, 0.07202860841062664, 0.08268137985487284, 0.07411456878417064, 0.08091666687051896, 0.07907850695573118, 0.07295439174522639, 0.07938839552119471, 0.08081521114988242, 0.08016680177581216, 0.0815612209208656, 0.07215723425679109], [0.07441146737795233, 0.0697312291215884, 0.07210863587423735, 0.08243787956552927, 0.07410216958443819, 0.08114310219555974, 0.07897676487945944, 0.07294968862196592, 0.07950749572668259, 0.08075346898165284, 0.08008019415778674, 0.08158503927230279, 0.07221286464084456], [0.07430848015182479, 0.06969541498394403, 0.07217209151174425, 0.08204423455788896, 0.07408579382508261, 0.0815306818803211, 0.07886041439546125, 0.07288711459679734, 0.07975173292440367, 0.08072757608988325, 0.08000721553540861, 0.08169038753292222, 0.07223886201431792], [0.07422110942528001, 0.0696978257645917, 0.07226266658021371, 0.08164644135951865, 0.07408649459605433, 0.08191667500734146, 0.0787264505868787, 0.07284731841540028, 0.07997889880753671, 0.08064849242081948, 0.07989868763719461, 0.08177780718109648, 0.07229113221807387], [0.07410787228134322, 0.06956448936668627, 0.0722702483768012, 0.08126330346924834, 0.07405789684638973, 0.08230598662448303, 0.07865969055327675, 0.07274995870118844, 0.08026758015457248, 0.08066255514699713, 0.07987660415381129, 0.08194723449057746, 0.07226657983462444], [0.07399318205230584, 0.06947147425771938, 0.07235380143759389, 0.0807006269906633, 0.07406663608444307, 0.0828397314387544, 0.07854088077505038, 0.07267424073501458, 0.08066675304369654, 0.08059464484693192, 0.07978872160460776, 0.08200660794989711, 0.0723026987833218], [0.07395273066050907, 0.06944299787003691, 0.07250713470848069, 0.08012206628949091, 0.07415332633260141, 0.08292511280171051, 0.07847361681383913, 0.07267292356609123, 0.08113594531833257, 0.08052968641351062, 0.07973099601070557, 0.08194234442424109, 0.07241111879045035], [0.07398874167084477, 0.0696061057673886, 0.0727564296131582, 0.07968812909859908, 0.07429272373093151, 0.08287850492240709, 0.07836603725865895, 0.07277504273636558, 0.08142002504745084, 0.08034962433217867, 0.07958849401333791, 0.08167075094295242, 0.07261939086572661], [0.07397932946656263, 0.06949468377820911, 0.07282496856946655, 0.07922934297974209, 0.07437453001674706, 0.08292941012826727, 0.07838877355367158, 0.07276486690062162, 0.08187866745203151, 0.08033758253409792, 0.07960781862929897, 0.0815245026494182, 0.07266552334186559], [0.07403165007319512, 0.06947471069549947, 0.0729202354599165, 0.07890841168338962, 0.07448743770500284, 0.08258111980071126, 0.07844305087854238, 0.07281665070522207, 0.08223875288129137, 0.08033308183121676, 0.07964341680444294, 0.08137171378239487, 0.07274976769917484], [0.07411381642265276, 0.06937617831984594, 0.07296416971062075, 0.07855300149319912, 0.07461844151701201, 0.08200844910738923, 0.0785902952519316, 0.07286574254314644, 0.08271787731845545, 0.08039640519431888, 0.07979988466571895, 0.08119799205117224, 0.07279774640453655], [0.07419921891851171, 0.06925108396689127, 0.07293108051839094, 0.07833974540485227, 0.07470933453485894, 0.08152491933460997, 0.07878368819473984, 0.07289657825586515, 0.08296775468575521, 0.08051690290347158, 0.08000537877524401, 0.08108865463506455, 0.07278565987174451], [0.07440544361258256, 0.06923467312771509, 0.0729891142098776, 0.07806323258991166, 0.07491523216038323, 0.08091270331834109, 0.0790634647405234, 0.07304515284257307, 0.0827439751706341, 0.08062685660603548, 0.08026908070731999, 0.08085573824092944, 0.07287533267317335], [0.07466133212563661, 0.06919286624636355, 0.07296030732280509, 0.07790891273982146, 0.075106474666177, 0.08027802047274803, 0.07947746903317629, 0.07320322064236337, 0.08213923314989732, 0.08083898230872762, 0.080663405786371, 0.080663405786371, 0.07290636971954166], [0.07499128487285976, 0.0695697632769227, 0.0717676288076713, 0.08259996400838673, 0.07445812986681447, 0.07944898095579944, 0.0799771539158124, 0.07323227031452706, 0.07873072191416687, 0.08119542447431927, 0.0808670286932858, 0.08110776505944169, 0.07205388383999271], [0.07482413032533362, 0.06954202202627734, 0.07176943317037932, 0.08295448174530068, 0.07433032529964953, 0.07977131280217142, 0.0797390047613161, 0.07311941417380932, 0.07885691303781082, 0.08112429938191666, 0.08069430900483258, 0.0812528481860755, 0.07202150608512704], [0.07474444934715402, 0.06955496433276045, 0.07179261451411018, 0.08309691092940281, 0.07427371126022787, 0.079954607640035, 0.07960261752053573, 0.07307474486729747, 0.07892498386929754, 0.08106100309501554, 0.08058399204269087, 0.08131060117486533, 0.07202479940660711], [0.07457884912968742, 0.06954629452864457, 0.07184535115410304, 0.08310154615693917, 0.07416396855579394, 0.08037870963019023, 0.07936642630212894, 0.07297522875721739, 0.07913227376375094, 0.0809867521249913, 0.0804143045646002, 0.08147768849983286, 0.07203260683212004], [0.07469902454738891, 0.06951831972172436, 0.07178675162431193, 0.08303396072275626, 0.07424153705439675, 0.08005347695711929, 0.07957311187528117, 0.07303693677522727, 0.07899234374487396, 0.08108721930963259, 0.08058185556018249, 0.08138630359918607, 0.07200915850791889], [0.07451088121599596, 0.06964992989384858, 0.07196066478533478, 0.08292953619564943, 0.07413740471433704, 0.08068017354220008, 0.07917944356080224, 0.07297211457634173, 0.07925872037927498, 0.08085920385302199, 0.08024432059771319, 0.08150344472112463, 0.07211416196435545], [0.07450662684788499, 0.06980693462482401, 0.07209495284097195, 0.0827129384001978, 0.07416009375819789, 0.0808544330947279, 0.07904292221807989, 0.07302413419871735, 0.07931158564132534, 0.08072209044902141, 0.08009735350165047, 0.08143998560041972, 0.0722259488239811], [0.07441463929687105, 0.06977580257215407, 0.07214507697106035, 0.08238961007764246, 0.07411361969422485, 0.08117862370109566, 0.07894422854238099, 0.07296698637497848, 0.07951448351203691, 0.08071461158789671, 0.0800422550274618, 0.08155590711546866, 0.07224415552672801], [0.07439516685110815, 0.0699380867057067, 0.07231131867831053, 0.08206076243953755, 0.07416017062251616, 0.08143410421599166, 0.07878415771631896, 0.07301573005085928, 0.07962125409260327, 0.08055815017502936, 0.07987564866075891, 0.08146784854367749, 0.07237760124758183], [0.0742900879275598, 0.06990652772640012, 0.07238743703681472, 0.0816510769860418, 0.07414976201280175, 0.08184339797077195, 0.07865660241630527, 0.07295497127025895, 0.07987189527999593, 0.08050495247066683, 0.07978483743089934, 0.08158537111866804, 0.07241308035281545], [0.07419445778176731, 0.0697896587188685, 0.07238352803381216, 0.08137541921298742, 0.07411957953079401, 0.08215820277885656, 0.0786071654059178, 0.07286973763694846, 0.08009284400673282, 0.08052589070632969, 0.07977429384054435, 0.08172521078368267, 0.07238401156275816], [0.07411081088431799, 0.06970291253207624, 0.07240660709179673, 0.08106680579158576, 0.07410609010083231, 0.08248878710009576, 0.07854494665870375, 0.0728033578028349, 0.08032068082124139, 0.08051438757464321, 0.07974083790578197, 0.08181382706246973, 0.07237994867362021], [0.07404181030081004, 0.06965084583623937, 0.07245949824734592, 0.08073561479105276, 0.07411142879129771, 0.08283340813936457, 0.07847024309011609, 0.07275893754382726, 0.08055071382484734, 0.08046748606496193, 0.07968325652183583, 0.08183292117435491, 0.07240383567394629], [0.07400833394369108, 0.06963767440553083, 0.07250617630596265, 0.08052989590172993, 0.0741241941027729, 0.08304559409781645, 0.07841974285195738, 0.07274378452063547, 0.08068681098545305, 0.0804219956839092, 0.07963707736506714, 0.08180639816940154, 0.07243232166607227], [0.07397326153938301, 0.06964165480111541, 0.07258567162387969, 0.08025074312622595, 0.07415225980235854, 0.08333333333333331, 0.07834609722756915, 0.07273724535047593, 0.08086197654627662, 0.08034160593607749, 0.07956224108349062, 0.08172714820141239, 0.07248676142840173], [0.07399119800040989, 0.06965467024291691, 0.07268852440616366, 0.07998914143460327, 0.07423055185382801, 0.08300325180626665, 0.07835340510034886, 0.07277133911932679, 0.08111899154809385, 0.08034422067586619, 0.07957183733809184, 0.08171284946814648, 0.07257001900593776], [0.07403412043993383, 0.06987137969468887, 0.07301053437163497, 0.0794377391435096, 0.07440502196912045, 0.08306725536202815, 0.0782013062984434, 0.07290206709668638, 0.08141541030950471, 0.08009425701785007, 0.0793710747841519, 0.08135120922697144, 0.07283862428547623], [0.07401883833561619, 0.0697496662038001, 0.0730491316121877, 0.07907505555669579, 0.07446481227774072, 0.08311557221075463, 0.07822874823538545, 0.0728800562345232, 0.08179962216451934, 0.08009921512394895, 0.07939899278471013, 0.0812606133310267, 0.07285967592909105], [0.07396974521876952, 0.06949590131822865, 0.07268970707363935, 0.07966260239817569, 0.07427277490947967, 0.08284505008465723, 0.07842229055864508, 0.07273023130220606, 0.08151100257770617, 0.08043077495224264, 0.07966245767780361, 0.08174904956951963, 0.07255841235892682], [0.07407305539633238, 0.06978784071008268, 0.07317447280518702, 0.07880622757470276, 0.07457742503012954, 0.08277860240163508, 0.07824595888121742, 0.07294868790045156, 0.08206583105271427, 0.08005983754371655, 0.07939342084713534, 0.08111858977363172, 0.07297005008306373], [0.07415273315933799, 0.06974373383364603, 0.07328206835498596, 0.07841613959464881, 0.07472924900509903, 0.0822201197935743, 0.07833552754614108, 0.07302527473135398, 0.08255667282113324, 0.08005914750126289, 0.07948549156309899, 0.08092468332925283, 0.0730691587664648], [0.07419059715478221, 0.06962138789076032, 0.07324429803732142, 0.07826120427935176, 0.07477935657892885, 0.08189649350284384, 0.07845709225806363, 0.07302145702501643, 0.08284038483802851, 0.0801436247088956, 0.07962012546952592, 0.08088076111328782, 0.07304321714319352], [0.07427889106414143, 0.06946145354529192, 0.07320655544565097, 0.07798040756425939, 0.07488471759829907, 0.08134210823188047, 0.07865414023823439, 0.07304487442127659, 0.08333333333333333, 0.08023800148539355, 0.07982218692866234, 0.08072570130784179, 0.07302762883573467], [0.07450785957470703, 0.0695860135842829, 0.0733918238515988, 0.07769150049863917, 0.07514402025226316, 0.08083651600247824, 0.07883402847097702, 0.07326001414889012, 0.08287045962092117, 0.08022906216702204, 0.07995737717121447, 0.08046363031307358, 0.0732276943439324], [0.07463200131406754, 0.06942758471030276, 0.07323758661514083, 0.07770927567719098, 0.07519241865997105, 0.08047350747748276, 0.0791644612545593, 0.0732829952207161, 0.08247129499608402, 0.08049037366703389, 0.0803003186988934, 0.0804905471030552, 0.07312763460550223], [0.07504337039587076, 0.06975002883103225, 0.07185951287917597, 0.08273208845208356, 0.07450459126816816, 0.0794352423356352, 0.07986797424007214, 0.07331862577090979, 0.07864290057922924, 0.08101758045446748, 0.08070332907676277, 0.08097888530283291, 0.07214587041375967], [0.07479572262300505, 0.06971541713489579, 0.07186891703862244, 0.08333333333333333, 0.07431714075846238, 0.07989828388811164, 0.0795152439519288, 0.07315390131196398, 0.07881767416184306, 0.08089086804069556, 0.08044242321351605, 0.08114746718770272, 0.0721036073559191], [0.07488060763299946, 0.06971746949535536, 0.07185778478524485, 0.08311210585740032, 0.07437996024507154, 0.07973235927871869, 0.07964584367260834, 0.07320699573202925, 0.07875833215409002, 0.08095043712556715, 0.08054544839683027, 0.08110125377393691, 0.07211140185014786], [0.07471795956413284, 0.06965875922398557, 0.07186939695161193, 0.08312677007223429, 0.07426511121079254, 0.08009241239571627, 0.07946610521544384, 0.07309199976534254, 0.07894989766497457, 0.08094330520327164, 0.08044405270017307, 0.08128910680675981, 0.07208512322556107], [0.07472774213226972, 0.06982181844704154, 0.07197583084917755, 0.08317502128388822, 0.07428718918886132, 0.08016991095658742, 0.0793293139831387, 0.07314991335463072, 0.0789270743994623, 0.08078290067652726, 0.08028177401240233, 0.08119245962892495, 0.07217905108708801], [0.07461938238983315, 0.06984128560435647, 0.07204276112943285, 0.08305518604280458, 0.07422387464684, 0.08049090689071174, 0.07916278109603903, 0.07309523037278545, 0.07908909213809047, 0.08072176397965425, 0.08016019011177752, 0.08128711549980183, 0.07221043009787256], [0.07463608999065789, 0.06970259328830705, 0.07191784025984992, 0.08333333333333331, 0.07421148637487221, 0.08029590927412351, 0.07929828261443503, 0.07305657907052726, 0.07901442117326443, 0.08083100564740639, 0.08029323159179472, 0.08129985919459923, 0.07210936818682886], [0.07458702835443268, 0.06998135566522493, 0.07218543483728454, 0.08272111876944684, 0.07423047925126175, 0.0807420426151745, 0.07900764716720479, 0.07312702627609023, 0.07920011053167479, 0.08060450771980289, 0.08001410918915965, 0.08127708592864658, 0.07232205369459592], [0.07456660149789297, 0.0700585829862111, 0.07226979591447272, 0.08252362687838163, 0.07423422796853267, 0.08089214964654488, 0.0789193811289344, 0.07314384163648338, 0.07927063338315375, 0.08053685348874841, 0.07993133642517126, 0.08126555238804692, 0.07238741665742582], [0.0745241112689801, 0.0700622124486051, 0.07230847063954253, 0.08236743977347127, 0.07421470405215622, 0.08105339767580937, 0.07886048341557385, 0.07312364657806679, 0.079365305135953, 0.08051783554451386, 0.07989103474222967, 0.08130256615171444, 0.07240879257338384], [0.0744998951753263, 0.07016657693053072, 0.0724276081017028, 0.08209898486570379, 0.07423651324918969, 0.081250398265065, 0.0787451769274076, 0.07314946979207365, 0.07946172092164136, 0.08042011167916022, 0.07977927022816325, 0.0812626193414573, 0.07250165452257845], [0.07439183882836344, 0.07011688617926118, 0.07248462317523874, 0.08175047901563934, 0.07421686054839245, 0.08162666517811226, 0.07863372502042147, 0.07307947179025595, 0.07969631359385115, 0.08039183285600733, 0.07970992172076913, 0.08138071683109607, 0.07252066526259145], [0.07434185943027274, 0.07008728715647505, 0.07250931920572826, 0.0815818416934314, 0.07420865826500218, 0.0818075266589842, 0.0785850303923838, 0.07304562408262397, 0.07981158019804525, 0.08037823724146481, 0.07967952163296668, 0.08143573821516867, 0.07252777582745301], [0.07430367509427614, 0.07003933352716656, 0.07250469993573544, 0.0814891312425978, 0.07419480489132659, 0.08192633407061174, 0.07856745436664787, 0.073010679292261, 0.07989300005192027, 0.0803892108982319, 0.07967776991026877, 0.08149022035020978, 0.07251368636874615], [0.07422943774188207, 0.06999427720280861, 0.07255148896906727, 0.08120010996595486, 0.07418965499011455, 0.08222793497660143, 0.07849059088040454, 0.07296231565305601, 0.08008819726597202, 0.08035684510161575, 0.07962491695466936, 0.08155225737796158, 0.07253197291989218], [0.07415528445320066, 0.0699256704622655, 0.07258416234114728, 0.08091725464881856, 0.0741827521346938, 0.0825361363238373, 0.07842814941047914, 0.07290721631044077, 0.08029534854691818, 0.08033527176160928, 0.07958605261111648, 0.08160858346634542, 0.07253811752912763], [0.0741070037825468, 0.06989551974452457, 0.07263116752091539, 0.08067533859747794, 0.0741907724433477, 0.08277832122645326, 0.07837111938972796, 0.07287907601863403, 0.08046025238368688, 0.08029649024741398, 0.07954039702451236, 0.0816117790250734, 0.07256276259568573], [0.07408509222815686, 0.06998738586275526, 0.07282132796841279, 0.08023065814141853, 0.07427261702185285, 0.08298824645366311, 0.07824652195070374, 0.07291800935924736, 0.08070903149213497, 0.08015094438434024, 0.07940609516326622, 0.08147451908518168, 0.07270955088886662], [0.07411868991043923, 0.07012868293570002, 0.07303663511440986, 0.07987068642019736, 0.07439330386203179, 0.08279367696700904, 0.07817016136687185, 0.073007077266999, 0.08092330233505607, 0.08003373641696178, 0.07930957155014336, 0.08132506304403597, 0.07288941281014483], [0.0740715698580028, 0.069998426543385, 0.0730882680401117, 0.0794649987424972, 0.07443988805583958, 0.08294380208990039, 0.07816437158809364, 0.07296402310442411, 0.08131872841772755, 0.08003173148119894, 0.07931628393604019, 0.08128521133779136, 0.07291269680498767], [0.07406343441006588, 0.06990776925738713, 0.07294429504350529, 0.07973609321420945, 0.07436781253565698, 0.08276877789198096, 0.0782489533895447, 0.07291375771796786, 0.08119896741936795, 0.08016287868748706, 0.0794241409751169, 0.08146803210808502, 0.07279508734962488], [0.0740547077934809, 0.06991772588398346, 0.07283515096832378, 0.0800537960370344, 0.07428415758702134, 0.08303418279346675, 0.07824578474197966, 0.07288833781037173, 0.08088979970900748, 0.08016707132392366, 0.07941845264933338, 0.08150074868089884, 0.07271008402117486], [0.0740521141426776, 0.06982728604200417, 0.07265522915199216, 0.08043491878846734, 0.07419150904672968, 0.08303589114030674, 0.07833098666667816, 0.07283548171347518, 0.08064873294770913, 0.08027872890671936, 0.07951541467961845, 0.0816273544118061, 0.07256635236181606], [0.07406476511622932, 0.0699278531985282, 0.07293247050260385, 0.07980389991472371, 0.07435371347515461, 0.08282649215549462, 0.0782397953438518, 0.07291579232566635, 0.08111947886551385, 0.08015204253444687, 0.07941204636024307, 0.08146429011951407, 0.07278736008802963], [0.07400608647263733, 0.0696729336571959, 0.07275038558561417, 0.07985094990249553, 0.07427707772025514, 0.08283423255238118, 0.07835420260276853, 0.0727965563273697, 0.0812494240532006, 0.08033491104415183, 0.07956985757088114, 0.0816817826205842, 0.07262159989046488], [0.07404041056060309, 0.06990975554925855, 0.07310740114017222, 0.07921771686310464, 0.07446224013444594, 0.08316695566990723, 0.07815600066806938, 0.07293280459546692, 0.08154609042321642, 0.08001365280982152, 0.07930989935063938, 0.08122020262562082, 0.07291686960967396], [0.07406193203186098, 0.06990126483920761, 0.07319247690479275, 0.07896514071842346, 0.07453954131908683, 0.08302003864308144, 0.07816404102223001, 0.07296345306161896, 0.08179462290584197, 0.07998650251514818, 0.07930604920302639, 0.08111808303720097, 0.07298685379848045], [0.07411162285248016, 0.06989997940857026, 0.07330000991614545, 0.07867344635793155, 0.07465111227993165, 0.08266171846482732, 0.07819835564310185, 0.07302539344032895, 0.08212109293148108, 0.07996499703753751, 0.07932696471122284, 0.08098456133069305, 0.07308074562574823], [0.07415794207819842, 0.06990754179105794, 0.073386108513177, 0.07845193218800164, 0.0747428512445718, 0.08237434044693041, 0.07822513080535011, 0.0730820289466437, 0.08236437597479375, 0.07993756575877362, 0.07935145455293256, 0.08086069368204918, 0.07315803401751977], [0.07421912592854009, 0.06977709231192462, 0.07339304615367102, 0.07816320316808945, 0.0748450356440814, 0.08189878508910997, 0.07835968647882399, 0.07310606671222318, 0.08282587927811941, 0.08000074900314537, 0.07949653069205385, 0.08074300768973361, 0.07317179185048411], [0.07432153124089984, 0.06968906119849563, 0.07343777477381187, 0.0778173221369093, 0.07499148051382956, 0.08134379920525463, 0.07850072240095837, 0.07317402441054133, 0.08333333333333333, 0.08001425686109176, 0.079627358574046, 0.08052255790587765, 0.07322677744495062], [0.07447565676101242, 0.06972384391191572, 0.07352000724964151, 0.07764964116083709, 0.0751552980053525, 0.08098112564285329, 0.07866394482411364, 0.07329907258532212, 0.0829771360160331, 0.08006421107447781, 0.07976929601382961, 0.08039445042584431, 0.07332631632876695], [0.07467183522191696, 0.06971514913531002, 0.07355481424258148, 0.07747688462983753, 0.07533687944826403, 0.08051703363361656, 0.07891867106334403, 0.07342967865552838, 0.08257615885404483, 0.08016347268727132, 0.0799953437610283, 0.08024724075637779, 0.07339683791087867], [0.074792366085775, 0.069495166691423, 0.07332166084454965, 0.07754714933738, 0.07535057256670365, 0.08015347591180502, 0.07931104871440105, 0.07342031626282093, 0.08217977221760699, 0.08048284268983809, 0.08040535582891715, 0.08030863686635094, 0.07323163598242853], [0.07411999151934971, 0.07001989351351867, 0.07277051015413265, 0.08046351696764298, 0.07425206566195408, 0.08284308197705702, 0.07828456472074044, 0.07293692353966884, 0.08052959758384733, 0.08017872989120546, 0.07943572597846128, 0.08148594306465026, 0.07267945542777134], [0.07419399482100257, 0.0700962549995433, 0.0727227445748443, 0.08079339403298497, 0.07424646048689651, 0.0825218762781625, 0.07834751776996113, 0.07299025106075777, 0.08027752717919984, 0.08020893103299813, 0.07947763333186438, 0.08146124838954841, 0.0726621660422363], [0.07427375678448496, 0.07016281559379225, 0.07267543948091043, 0.08110945291837664, 0.07424847622437876, 0.08219298547793684, 0.07842026447098378, 0.07304600670004938, 0.08004692398216073, 0.08023941969700657, 0.07952578164579541, 0.0814127544391897, 0.07264592258493455], [0.0743207872895376, 0.07021236718639841, 0.07266582500242266, 0.08125240138949825, 0.07425854932591193, 0.08202487994828579, 0.07845180508262166, 0.07308436195599767, 0.07993218062151923, 0.08024089587966196, 0.07954032020935509, 0.08136462391405247, 0.0726510021947374], [0.07439553014958793, 0.07026487991038097, 0.07262964530590034, 0.08150209300377495, 0.07426902542837518, 0.0817523702869942, 0.07851986703953315, 0.07313667230830309, 0.07975199961355073, 0.0802602697997905, 0.07958203538754999, 0.08129409273359173, 0.07264151903266733], [0.07450756427768652, 0.07031489092681802, 0.0725624241928345, 0.08186937464650501, 0.07428493832299991, 0.08135845006486976, 0.0786381139713799, 0.07320752341662437, 0.0795022084973711, 0.08029880037900451, 0.07965916549598338, 0.08118093916385041, 0.07261560664407253], [0.07455954476745284, 0.07032538870543996, 0.07252420755554145, 0.08203988848999456, 0.07429148403648972, 0.08117640628068025, 0.07870041758547944, 0.07323677201981917, 0.07939084260912044, 0.08032060061041964, 0.07970137875011368, 0.08113566031073713, 0.07259740827871192], [0.07395621931509996, 0.06936814988424783, 0.07264082455923793, 0.07953722311662985, 0.07427587769121759, 0.08277257473314475, 0.0784916573404552, 0.0726898810680836, 0.08169802084600147, 0.08051630578877918, 0.07974854114174991, 0.08179308423427649, 0.07251164028107616], [0.07402010055783573, 0.06958809450190903, 0.07297177061908951, 0.07898798873460595, 0.07447207790988465, 0.08282989821386942, 0.07834630273412932, 0.07283820635425226, 0.0820474820281322, 0.08023294158036852, 0.0795357141671514, 0.08133699521231766, 0.07279242738645444], [0.07410873128750617, 0.06965999356156756, 0.07316178257023317, 0.07859044843682594, 0.07464385148141135, 0.08238194721680808, 0.07836483315593429, 0.07294956930342356, 0.08242135048040561, 0.08014749975435673, 0.0795305582400906, 0.08107708729648926, 0.07296234721494767], [0.07458774260672346, 0.07026850975284983, 0.07244520139164252, 0.08223509928388914, 0.07428466159178275, 0.08102009239367282, 0.07878198947007511, 0.07323004998234937, 0.07930602938012296, 0.0803791928386722, 0.07977429162338276, 0.08114811406265103, 0.07253902562218596], [0.07462439375033415, 0.07022484959338857, 0.0723746619036036, 0.08242584455149542, 0.0742937657709955, 0.08084859868945332, 0.07886377530484821, 0.07323295898563566, 0.07921210501827809, 0.08042760580637928, 0.0798421361670352, 0.08113969847959479, 0.07248960597895818], [0.0746709764173991, 0.0701615526572209, 0.07228383974962233, 0.0826616374485052, 0.07430603881462473, 0.08063296557539176, 0.07897380088108287, 0.07323487617520537, 0.07909899095057417, 0.08049200932347049, 0.07993379110408419, 0.08112417934447214, 0.07242534155834672], [0.07473683703565945, 0.07012791133755383, 0.07221374589291034, 0.08285205439695667, 0.07433674087677672, 0.0803990033503876, 0.07908631951926827, 0.07325884526740678, 0.07897452173448692, 0.08053893297221269, 0.08001760504537088, 0.08107495268453763, 0.07238252988647237], [0.07479666797087509, 0.0700770799993266, 0.07214304812330635, 0.0829675694964805, 0.07436509644150696, 0.08019334220344693, 0.07920814750486084, 0.07327519408190764, 0.07887705735845636, 0.08060177214282567, 0.08011570169956309, 0.08104249562359064, 0.07233682735385329], [0.07482100033287681, 0.07003717140267017, 0.07210334188417425, 0.0829898435523356, 0.0743754876487288, 0.08010480092153993, 0.07927601558320359, 0.07327597925991404, 0.07884337688358949, 0.08064698024391123, 0.08017633534661386, 0.08104111215951705, 0.0723085547809251], [0.07486232693011752, 0.06998202276004765, 0.07204639025889134, 0.08303697130001887, 0.07439514256081402, 0.07996073640541966, 0.07938019681752849, 0.07328169519251061, 0.07878598129089932, 0.08070857722819749, 0.08026569377552145, 0.08102487565606817, 0.0722693898239655], [0.0749079373080762, 0.069930206431564, 0.07199049708189491, 0.0831204163783962, 0.07441804468303798, 0.07980283417724139, 0.07948604666001106, 0.07329107117864596, 0.07871902680343323, 0.0807604560634664, 0.08035139861086009, 0.08098995889620086, 0.07223210572717173], [0.07504116514452659, 0.06998742041859231, 0.0720003345600081, 0.08292837553203673, 0.07451808271335851, 0.07955882509741671, 0.07962723393429076, 0.07339042466441431, 0.07860093859018329, 0.080773780277477, 0.08043262713846074, 0.08087191552265578, 0.0722688764065792], [0.07516532859102779, 0.07001428544613918, 0.07200051949156781, 0.08268333621919251, 0.07461212352592898, 0.07933534329317712, 0.07978626235871712, 0.0734759099089031, 0.07850869535592071, 0.0808100815350743, 0.080536871718241, 0.08077681385481296, 0.07229442870129753], [0.07500524935105157, 0.06985625039020953, 0.0719240230831732, 0.08293964314772692, 0.07448159260664153, 0.079558816517208, 0.07970024279496346, 0.07332713274792253, 0.07864376133797449, 0.08088161341585845, 0.08053425225613373, 0.08095244906694919, 0.07219497328418731], [0.07399061230090682, 0.06973858285027668, 0.07297875260435463, 0.07924358506273309, 0.07439974013059923, 0.08333333333333333, 0.07821323467484875, 0.07284495329203074, 0.08162674753246635, 0.08011033877508321, 0.07939287054236635, 0.08132842244759494, 0.07279882645340587], [0.07397795187118475, 0.06961280514074014, 0.072832247718572, 0.07944924386449412, 0.07433502644475987, 0.08309111792568148, 0.07831777597978135, 0.07278494987084426, 0.08158446253754657, 0.08027141408906308, 0.07952844168665626, 0.08153814872993399, 0.07267641414074226], [0.07406100058734927, 0.06933321762973665, 0.07285940466019299, 0.07878063364120234, 0.07452084856580793, 0.08222462162661416, 0.07858277103621264, 0.07280068073796128, 0.08249054420324267, 0.08046229717583467, 0.07980315571688756, 0.08137817817795863, 0.07270264624099944], [0.07398705368653725, 0.0693743022645568, 0.07276498314043846, 0.07916128248556802, 0.07438333072679681, 0.0826784933852286, 0.07848978279059138, 0.07273762594018132, 0.08204882478875247, 0.08045161224847779, 0.07972443503738029, 0.08158326294117467, 0.07261501056431603], [0.07394996571223761, 0.06943318049702277, 0.07243075141977495, 0.0803401560968581, 0.07410228275752445, 0.08302421592935438, 0.07848793499897919, 0.07265428627005704, 0.08094727015539856, 0.08055133107863911, 0.07974564021869031, 0.08198177431419842, 0.07235121055126506], [0.07396439979388938, 0.06940544653272242, 0.07258636391568477, 0.07980455812849259, 0.07422999028463875, 0.08266870712188996, 0.07850186706651927, 0.07269003913697236, 0.08145968095581735, 0.08054970567451557, 0.07976358650716898, 0.08190294293852238, 0.07247271194316608], [0.07412639096759763, 0.06926414053301326, 0.07287890275083701, 0.07854949438981716, 0.0746112057942446, 0.08183426584702562, 0.07870057523383688, 0.07283803791913535, 0.08277707527523062, 0.08051490566918401, 0.07992839534395574, 0.0812472867573984, 0.07272932351872372], [0.07427409941963353, 0.06916796516751841, 0.07287658085158875, 0.07828484017431059, 0.07476009376963032, 0.08123219447644958, 0.0789615755729553, 0.07292165431809502, 0.08284531808192934, 0.0806567925238717, 0.08019421774782759, 0.08106883670903799, 0.07275583118715177], [0.0749124529165037, 0.06975427624326518, 0.0736177331246434, 0.07727817953246217, 0.07555524985335177, 0.08001606043137288, 0.07918923346565522, 0.07360875310085108, 0.0821035318346992, 0.08021898710801162, 0.08021065883889161, 0.0800334584646729, 0.0735014250856192], [0.07479582799825137, 0.06983904075540158, 0.0737013115653162, 0.07730678748517407, 0.0754895642598059, 0.08029553649760825, 0.07895324564214719, 0.07356925178671564, 0.0823691120158565, 0.08007967503847997, 0.07998685137108692, 0.08006950517774326, 0.07354429040641315], [0.07420714627630057, 0.06847359184467465, 0.07143341652276072, 0.08118037036517109, 0.07392682502580404, 0.08056439364280152, 0.0798194456041402, 0.0724536148460797, 0.08010332937002819, 0.08220027878887559, 0.08128166625261857, 0.08277524668014274, 0.07158067478060245], [0.07421632225728346, 0.0686583406472792, 0.07150227268691423, 0.08157818289201052, 0.07391456743420284, 0.08074397402738281, 0.0796570561406063, 0.0725064465436142, 0.07997013868748545, 0.08190460084009236, 0.08104691691477411, 0.08265580996983155, 0.0716453709585231], [0.07414456396040818, 0.06871276473871989, 0.07156981379198013, 0.08157751809874257, 0.07389319677283597, 0.08103239547538865, 0.07948207651452341, 0.07248290332303575, 0.08008856911158083, 0.08173483241050129, 0.0808640515456689, 0.08273095522318429, 0.07168635903343012], [0.0741190184666866, 0.0688319150135251, 0.07166209815273329, 0.0816342154076313, 0.07389804328967042, 0.08127080080970348, 0.0793285079512879, 0.07250591889271366, 0.0801276059291215, 0.08154238175360447, 0.0806829959004692, 0.08263745159091342, 0.07175904684193966], [0.07402932237496346, 0.06881597634414584, 0.07174080916136019, 0.0812995622602649, 0.07389677279006605, 0.08159778032435917, 0.07919017353654334, 0.07245992985481169, 0.0804025060701042, 0.08145233278749046, 0.08056528176602883, 0.08274834853931175, 0.07180120419055025], [0.07395673973946026, 0.06873667570951773, 0.07177447315798303, 0.08093788624942377, 0.07389837470475769, 0.0817481842830894, 0.07912961017092247, 0.07240519765050096, 0.08067313046150854, 0.0814361653096014, 0.08053017697431297, 0.08296468123364144, 0.07180870435528025], [0.07394313846613486, 0.06854422452492438, 0.07174081039738577, 0.08048632042136736, 0.0739361660711236, 0.08147430798716986, 0.07926302250694801, 0.07235605157882889, 0.0809686779934309, 0.08164147188658116, 0.08071420857236636, 0.08316120443814272, 0.07177039515559627], [0.07410306262070057, 0.06838068952620317, 0.07164014610727998, 0.08024347298370225, 0.07403976233783378, 0.08076393910144618, 0.07969190908638452, 0.07241175978820151, 0.08088764302054105, 0.08215906212040472, 0.08120716345445843, 0.08275478673139887, 0.07171660312144522], [0.07419919853330317, 0.06830198408977593, 0.07146880625789433, 0.08047150442531913, 0.07401278570905044, 0.08038979602999387, 0.07995819510427023, 0.072425648525705, 0.08046993736984641, 0.08250768199416017, 0.08150733378351771, 0.08268851360543947, 0.07159861457172423], [0.0742346990613049, 0.06834132433103546, 0.07141273001410259, 0.08075266243303057, 0.0739812749389891, 0.08033756004682802, 0.07999399406225012, 0.07244405798675611, 0.08023621600639934, 0.08250256697434401, 0.08152194869320015, 0.08267725142988837, 0.07156371402187119], [0.07411698688190878, 0.06840164576161956, 0.07145724296583528, 0.08094130531318496, 0.073908059881341, 0.08073522109970152, 0.07972370369210742, 0.07238707760270002, 0.08034225020435899, 0.08217679166565507, 0.08121557313791383, 0.08301636460277703, 0.07157777719089652], [0.07415928581272735, 0.06851599928062622, 0.07146646972987802, 0.08126448519522764, 0.07390151352408296, 0.08075040427381293, 0.07969343041104376, 0.07243667326223209, 0.08014933028916504, 0.08205405173044968, 0.08113929209086322, 0.08287007796168828, 0.07159898643820295], [0.07403064748029854, 0.06855652801802814, 0.07157147278050777, 0.08111268008690883, 0.0738719397196238, 0.08120716469553622, 0.07942640312542736, 0.07238109714420658, 0.08042852160115314, 0.08179656674370565, 0.08086670372814778, 0.08309330891766528, 0.0716569659587909], [0.07400789456789657, 0.06843894256563995, 0.07158937223190824, 0.08067603239461767, 0.07391274611214514, 0.08112300711006686, 0.07948498919425204, 0.07234924941852773, 0.08070639751545114, 0.08192455344601414, 0.08096782087877795, 0.0831584360079286, 0.0716605585567742], [0.0740081061993689, 0.06842075892050684, 0.07152102971814123, 0.08085928373320278, 0.07387046613512455, 0.08107161016178473, 0.0795058308580235, 0.07233252997712585, 0.08054415306110765, 0.08194158471136274, 0.08098464450423837, 0.08333333333333331, 0.07160666868667938], [0.07407433859216904, 0.06836388125591389, 0.07153863149933298, 0.0805641386192406, 0.07395158242564108, 0.08082177150532925, 0.07967215416960213, 0.0723692373634915, 0.08065617830983694, 0.08216023881578902, 0.0811853147412011, 0.08301169211014645, 0.07163084059230598], [0.07407303456847135, 0.06861154632459728, 0.07156414046193321, 0.08130019908172882, 0.07387613892357829, 0.08114156463510251, 0.07945190000893322, 0.07241701592956659, 0.08028867315204287, 0.08178332926106799, 0.08087243115453364, 0.08295752684700101, 0.07166249965144315], [0.07397874565014709, 0.06865571195273647, 0.07169270919809954, 0.08099609974126622, 0.07388545819302189, 0.08154105174638954, 0.0792427406701833, 0.07238894900760998, 0.08059872261880587, 0.08158022219198331, 0.08066189046131432, 0.08303208115943271, 0.07174561740900968], [0.07393822691582165, 0.06851219071935974, 0.07166325562708303, 0.0806665585701641, 0.07388909722033266, 0.08143310106677973, 0.07929042662703671, 0.07233163919151553, 0.08080723117960638, 0.08168213571740028, 0.08074515367668943, 0.08333333333333334, 0.07170765015487754], [0.07405406534751423, 0.06843981743678224, 0.0717075674951464, 0.08023437544462639, 0.07403107287428481, 0.08098504449146812, 0.07954566560814168, 0.0724037412005668, 0.08101232046095286, 0.08197345400827506, 0.08103798494803256, 0.08281292127978523, 0.07176196940442335], [0.07398562554091369, 0.06852435183711722, 0.07178789478787988, 0.08024744208214354, 0.07400793545646182, 0.08130145832588026, 0.07934371924896409, 0.07239001862996597, 0.08112745511157113, 0.08172276337905957, 0.0808048912450832, 0.08294179973644472, 0.0718146446185151], [0.0740359649506203, 0.0687220434712943, 0.07167106974031386, 0.08127276623896754, 0.07388601567553267, 0.08143578237296467, 0.07928664956422568, 0.0724336998024528, 0.08039110963280192, 0.08158471106744913, 0.0806839407936114, 0.08285260970623047, 0.0717436369835351], [0.07393337412561954, 0.06866894048159058, 0.07177449008616135, 0.08073891030800423, 0.0739067676018933, 0.08171786200187388, 0.07914353189484899, 0.07237809554916431, 0.08081712398823106, 0.08147617374295825, 0.08056165907192793, 0.08308242217254835, 0.07180064897517842], [0.07392852799999304, 0.06864555826900463, 0.07183661135738952, 0.08044789740108471, 0.07395629967691685, 0.08168568259281697, 0.07914372532791916, 0.07238342875036016, 0.08104833478418755, 0.08147974137225719, 0.08057016674950335, 0.0830272878733295, 0.07184673784523722], [0.07463305912919062, 0.06846201069643587, 0.07135139258966267, 0.08086531713018434, 0.07421530558930703, 0.07943407377703074, 0.08059883669603089, 0.07271180107401592, 0.07956546664239926, 0.08268545672887101, 0.0820599863038195, 0.08181637932393837, 0.07160091431911404], [0.07451719264729459, 0.06833008815743204, 0.07133875457497214, 0.08063176860796492, 0.0741439992394434, 0.07956991645652149, 0.0805207817955324, 0.07261092826068541, 0.07980687705459748, 0.08291798334058073, 0.08206943613540806, 0.08198025555978816, 0.07156201816977915], [0.07440473880634793, 0.06822732754620106, 0.07141336860939748, 0.08018832077895786, 0.07414692894320062, 0.07973069320586525, 0.08039881789288914, 0.07253572966421458, 0.08022115380295684, 0.08303415095491111, 0.08200535985420764, 0.08209979438821748, 0.07159361555263308], [0.07450912993478546, 0.0682992608884546, 0.07163189111537958, 0.07959672377806654, 0.07435790569289022, 0.07961219486948179, 0.080468398129544, 0.07266264589174912, 0.080521455006739, 0.08274468392761178, 0.08203525671132086, 0.0817705995230535, 0.07178985453092364], [0.07503448988828941, 0.06849338442442877, 0.07185132922305212, 0.07883787150557074, 0.07482618138828409, 0.0786900648879028, 0.08115326440783113, 0.07308762674988899, 0.08003816827526004, 0.08251726135316428, 0.08261791784906856, 0.08077292961962718, 0.0720795104276321], [0.0753255625827409, 0.06852654318748959, 0.07167626724947511, 0.07891556150731555, 0.07492564428892012, 0.07798551997802768, 0.0817716619133137, 0.07324423768018865, 0.07928878150782462, 0.08264851592491061, 0.08333333333333333, 0.08035738170633586, 0.07200098914012427], [0.0753828644039396, 0.06865604750046148, 0.07156412397677318, 0.0794876740136507, 0.07488562463319155, 0.07793794321010795, 0.08182077901580057, 0.07327711002950607, 0.07896275429705565, 0.08267016065740118, 0.0829769430157126, 0.08045090067413987, 0.0719270745722596], [0.07517548560841837, 0.06865688516030032, 0.07145942460508507, 0.08016597390607927, 0.07466502853534905, 0.07839163520870951, 0.08140390606500192, 0.07312020753102418, 0.07901930911859222, 0.08263994015311481, 0.08263986237160711, 0.08085985319763545, 0.0718024885390829], [0.07478240361796451, 0.06850283218646347, 0.07137311554352735, 0.08067834493987558, 0.07433841161357185, 0.07912750285993199, 0.08083372330046065, 0.07282031848104073, 0.0794203287653083, 0.08265780656103973, 0.08227493498910224, 0.08154077731075561, 0.07164949983095788], [0.07460787290092716, 0.06833957898935084, 0.07134151663250299, 0.0805162015824512, 0.07421784139892555, 0.07935619364506048, 0.08067882791945585, 0.0726721435156328, 0.07970834736687701, 0.08295816371165547, 0.08223486647830205, 0.08178565812095982, 0.07158278773789861], [0.07452648347457862, 0.06820536042448747, 0.0713615291722945, 0.08011431366303075, 0.07420306211840552, 0.07937620232392976, 0.0806459326358787, 0.07260078329726924, 0.07998090777880543, 0.08333333333333333, 0.0822775280529587, 0.0817977979539116, 0.07157676577111627], [0.07453386272060805, 0.06822818366440661, 0.07144466902836571, 0.07992390172275551, 0.07426217576447439, 0.07939818034249647, 0.08062518725160883, 0.07262693588999887, 0.08013961027938059, 0.08314022302332309, 0.08225465954848572, 0.08177784973661849, 0.07164456102747753], [0.0747098742784059, 0.06830153532287114, 0.07153237237994213, 0.07965204143664825, 0.0744245213757776, 0.07908183575013598, 0.08086736512040144, 0.07277282173636904, 0.08004145972814435, 0.08291769061867334, 0.08249642556459368, 0.08144967414524402, 0.07175238254279312], [0.07485039516797289, 0.06837454906768067, 0.07138426880226117, 0.08009139606091185, 0.07442948093107214, 0.07881388603018498, 0.08109543962044642, 0.07284496950778044, 0.07949068012780365, 0.08298554333860723, 0.08268616417620045, 0.08128652108775362, 0.07166670608132433], [0.07505970466993668, 0.06841192964191503, 0.07142872357134349, 0.07969315618785157, 0.07461467692800453, 0.07835373100670719, 0