[[0.07282539694405867, 0.07065241302981325, 0.07548482234687406, 0.0745432673772041, 0.08006930971942125, 0.08308764350993965, 0.08065986403295429, 0.07047376371675991, 0.08153964041784474, 0.08171666153219746, 0.07293445213992725, 0.07413922869655644, 0.08187353653644898], [0.07280205009534367, 0.07060815101855857, 0.0753610511321719, 0.07446602444049724, 0.08030163016872882, 0.08316235286093536, 0.08044860697026378, 0.07045753414840455, 0.08187296378171571, 0.08154879065431841, 0.07295005208717786, 0.0740224945499358, 0.08199829809194827], [0.07282077828138818, 0.07061686996907364, 0.07524835007873791, 0.07441195963572853, 0.08060330023376652, 0.082999935724377, 0.08019778082334533, 0.07049942507593566, 0.082278974936406, 0.08131921063416783, 0.07301276391897106, 0.07392687058214405, 0.0820637801059583], [0.0728000061218363, 0.07055994487799351, 0.07513169619046153, 0.0743417476238589, 0.08087045570391273, 0.08316871321695067, 0.08000345018093154, 0.07047352179177732, 0.08256403524403573, 0.0811462096161923, 0.07303290180005563, 0.0738093211442038, 0.08209799648778998], [0.0728223653853068, 0.07056048984030656, 0.0750279985633695, 0.07429570210987263, 0.08119159402281113, 0.08317213409430865, 0.07976895980281772, 0.07050924422683627, 0.08287137427103466, 0.0809314255066507, 0.0730998676372361, 0.07371638894956149, 0.0820324555898879], [0.07286602882242452, 0.07056776518076976, 0.07498422041864491, 0.07429513151389348, 0.08144407814770756, 0.08301365505160091, 0.07964741503675664, 0.07054615305061784, 0.0829290889412707, 0.08083876287762816, 0.07317933514553591, 0.07366972775306861, 0.0820186380600811], [0.0729525814333371, 0.07056039384087077, 0.07495447551675195, 0.07432848655220144, 0.08186079292523037, 0.08259710437604272, 0.07953242524322941, 0.07058925267660963, 0.08285368200716792, 0.08077787949501997, 0.07332570596658407, 0.07361308348086915, 0.08205413648608528], [0.07302595437490698, 0.0705431516598389, 0.07491245517252773, 0.07434518627541281, 0.08227756326191588, 0.08218063749436685, 0.07937772746349422, 0.07062250904560305, 0.08307562392777658, 0.08065346347941584, 0.07345946700648749, 0.07354183181309934, 0.08198442902515428], [0.07308340646767611, 0.070469321412337, 0.0749007627348755, 0.07437857162710684, 0.08261067875384052, 0.08176091832100195, 0.07931844278306006, 0.07059669780451805, 0.08307020850652577, 0.0806324582064202, 0.07357439201461723, 0.07347460543287365, 0.0821295359351473], [0.07324160828935793, 0.07046968978129997, 0.07493287090825194, 0.07448378612876748, 0.08306507452673437, 0.08116727465146767, 0.07919894362178856, 0.07066471355441502, 0.08283438424001728, 0.0805770048601643, 0.07381139310929527, 0.07344670119367734, 0.08210655513476288], [0.07351151392922109, 0.0705900709106767, 0.0750759484603283, 0.07470155169030768, 0.0830935684594182, 0.08056620362319176, 0.07913577054163869, 0.07084982626276476, 0.08220610314909207, 0.0805735407565229, 0.07415276697850694, 0.07353391440761922, 0.08200922083071167], [0.07376289901734899, 0.07076266037663742, 0.0751796193608879, 0.07487864525011777, 0.08318199199027235, 0.08012108590773427, 0.07898847142055247, 0.07107572117159075, 0.08177238801568515, 0.08041963130411126, 0.07446288977902428, 0.07362153203006457, 0.08177246437597267], [0.0739723959113797, 0.07083058615176657, 0.07535057475108695, 0.07508924926917941, 0.08308576412787402, 0.07965292793674207, 0.07902169700713904, 0.07118259241621071, 0.0812252496568233, 0.08046640357617586, 0.07471264392224794, 0.0737281901876542, 0.08168172508572023], [0.07411776788540744, 0.07087176346980395, 0.07548390120214363, 0.07524622092242883, 0.08309213751446325, 0.07931219958745668, 0.07907792438305296, 0.07124784005343192, 0.08081610285432066, 0.0804882612771027, 0.07488100663037693, 0.07381149162819703, 0.08155338259181401], [0.0742516678529146, 0.0708795961615792, 0.07567269010489182, 0.07543724020780311, 0.08299818980312013, 0.07895713379706486, 0.07928704816233612, 0.07126767368463806, 0.08031283892014289, 0.08058539955377368, 0.07501888110685682, 0.07392689517021063, 0.08140474547466806], [0.07425354925089571, 0.07078305489021242, 0.07579139227026827, 0.07552772091612728, 0.08333333333333333, 0.07871481881352844, 0.07950371714450553, 0.07116337992362436, 0.07992714724096045, 0.08071534871168173, 0.07500143604649842, 0.07397482355016875, 0.08131027790819528], [0.07430888311866948, 0.07073904591416336, 0.07599635732567002, 0.07569466779440139, 0.08333333333333331, 0.07838158006669543, 0.07979434752962773, 0.07110439220636082, 0.07940167058310071, 0.08090677861935931, 0.07501968962138662, 0.07409980639491906, 0.0812194474923126], [0.07425009531023656, 0.07062638910894997, 0.07619599016359355, 0.07580385405421296, 0.08333333333333334, 0.07824190965827746, 0.08020396134485352, 0.07094406436835142, 0.07890655036785549, 0.08124103992548944, 0.07487898770728683, 0.07422021497363557, 0.08115360968392396], [0.07290168378879139, 0.07084868354781382, 0.07564597893696678, 0.07465061875505244, 0.07971784253902553, 0.08308913533164845, 0.08077801716589761, 0.07062191129369227, 0.08124874507883885, 0.08167144832835461, 0.07294734802268231, 0.07434483671798733, 0.08153375049324857], [0.07283803837539725, 0.07074424002709163, 0.07546712060635985, 0.07452747333093186, 0.08000551542265658, 0.08333333333333334, 0.08052281559458405, 0.07055338065153739, 0.081661262369436, 0.08152215052864552, 0.07293454248668621, 0.07416571331477356, 0.0817244139585668], [0.07283968850821249, 0.07073279884482316, 0.07539188527885621, 0.07448764956888906, 0.08018640026037999, 0.08322761932930894, 0.08038130087784202, 0.07056297878659934, 0.08190820870079028, 0.0814148104158436, 0.07296440911320094, 0.0740967310673663, 0.08180551924788748], [0.07282309722352467, 0.0706431256996971, 0.07522811309242078, 0.07439807680679507, 0.08061183721423484, 0.0830999751099206, 0.08012932616146257, 0.07052524964952656, 0.08237118957921029, 0.08123571621973656, 0.07301544193260164, 0.07392206788697067, 0.08199678342389856], [0.07280794656354998, 0.07066486836794626, 0.07534207252097454, 0.0744505852485472, 0.08027904304032327, 0.08333333333333334, 0.08035037169340917, 0.07050778162452295, 0.08197946523001716, 0.0814158663163582, 0.07294959665121782, 0.07403261379287786, 0.08188645561692241], [0.07279774051487146, 0.0705802441091324, 0.07508652033885282, 0.0743118321726913, 0.08093503957227571, 0.08333333333333333, 0.07988854567489179, 0.07049859428708198, 0.08273422120535642, 0.08101585624960926, 0.07303777021153995, 0.07378236783754129, 0.08199793449282226], [0.07282201480094615, 0.07060802486580899, 0.07501474770152318, 0.07428118673089042, 0.08113663201427225, 0.08333333333333333, 0.07970069304176429, 0.07054855368443476, 0.0830151869314606, 0.08082803251270736, 0.07308999484542199, 0.07372824496474717, 0.08189335457268951], [0.07288207308813661, 0.07058868242705155, 0.07497506723672313, 0.07429624550963294, 0.08149002217922696, 0.0829782526483915, 0.07960355306280892, 0.07057204611450452, 0.0829782526483915, 0.08079152595665605, 0.07320124953826028, 0.07366702753332532, 0.08197600205689061], [0.07299868019922297, 0.0706951402821717, 0.07494965415013954, 0.07433414296771133, 0.08180205681454825, 0.0826415613706517, 0.07940738434124395, 0.07071560435884028, 0.08302398187066992, 0.080596806664274, 0.07336052061897565, 0.07365977099755719, 0.08181469536399344], [0.07305496294130111, 0.0706394266223609, 0.07489299062039512, 0.07433737941546208, 0.08225332281219312, 0.08220095726503662, 0.07926041797427497, 0.0707151220913199, 0.08333333333333333, 0.08049571366008668, 0.07348327808510163, 0.07356288758470057, 0.08177020759443399], [0.07308370967980418, 0.07056023125146413, 0.0748713461245939, 0.07434969248529835, 0.08257003141798278, 0.08189828635118383, 0.07921733311505377, 0.0706739797656398, 0.08333333333333334, 0.08049059920740965, 0.07355817018296903, 0.07349482402739134, 0.08189846305787601], [0.073139241373714, 0.07051204379319215, 0.07486362242669763, 0.07438112856710934, 0.0828722675574423, 0.08156268174404573, 0.07915539744063259, 0.07066573896864001, 0.08333333333333334, 0.08045017368855958, 0.07366141672164865, 0.07344489942621114, 0.08195805495877362], [0.07326637786380877, 0.07055300985379914, 0.07490723091761725, 0.07447089279743731, 0.08311560858722956, 0.08121717527207513, 0.07909293444655965, 0.0707473929823231, 0.08297031504379002, 0.08042914054168163, 0.0738349782041269, 0.07345772113888488, 0.08193722235066664], [0.07334465929236512, 0.07058041814540165, 0.07493129012431872, 0.07452429552471478, 0.08333333333333331, 0.0810037991573591, 0.0790424211501988, 0.0707998455402073, 0.08275001379809066, 0.08040261984646786, 0.07394189832483122, 0.07346466687396164, 0.08188073888874971], [0.07349267220527914, 0.07067378731787294, 0.07499591738496453, 0.07463142105264929, 0.08333333333333333, 0.08072541514980353, 0.07897869589665085, 0.070926196381983, 0.08247921514070491, 0.08035621844034027, 0.07412624656616987, 0.07351450512156663, 0.08176637600868168], [0.07361560734323866, 0.07071133823868252, 0.07507121736529977, 0.07473904458177877, 0.08333333333333333, 0.08043719920701724, 0.07897070285677676, 0.07099425282898696, 0.08213751685115767, 0.08037783035616446, 0.07428315589377531, 0.07355480405174984, 0.08177399709203868], [0.07395814124712505, 0.07096468074743928, 0.07521481274529819, 0.0749788754428564, 0.08333333333333333, 0.0798748749226361, 0.07877759180330131, 0.07131560505719006, 0.08157951153019191, 0.08016478510681634, 0.07469995350807215, 0.07368579090968852, 0.08145204364605128], [0.07411055934461853, 0.07098622626723922, 0.07534678646504615, 0.07514065253675792, 0.08333333333333334, 0.07950275699153128, 0.07881466895213435, 0.07136905604885602, 0.08112914184826238, 0.08021719538986573, 0.0748867844595169, 0.07375701456770015, 0.08140582379513811], [0.07372221914417942, 0.07068072435739291, 0.07518364891019678, 0.07487032971258457, 0.08333333333333336, 0.08008115141516449, 0.07905172708035874, 0.07099166207748211, 0.08169989927977787, 0.08050629737412392, 0.07442014876366863, 0.0735982722538581, 0.08186058629787933], [0.07425115278188513, 0.0710425821543784, 0.07545012344638159, 0.07527397704090069, 0.08333333333333333, 0.07920883366163524, 0.07883801307044111, 0.07145127633671453, 0.08079885019475465, 0.08019294692888285, 0.07505450067448464, 0.0738253199072688, 0.08127909046893905], [0.07442014165087904, 0.0710693267565797, 0.07562615665559415, 0.07547358201923776, 0.08333333333333333, 0.07879582977990092, 0.07898185027769947, 0.07150406923943442, 0.08028904874872075, 0.08022081452172342, 0.07524707876193051, 0.0739300720465552, 0.08110869620841123], [0.07444624110914613, 0.07101949006455681, 0.07572608762404338, 0.07555855323069459, 0.08333333333333333, 0.07864050911466472, 0.07913909150045048, 0.0714513756167686, 0.08004074024307746, 0.08032379897783046, 0.07526380374086981, 0.07397889039129622, 0.081078085053268], [0.07454417162389368, 0.0710232412051536, 0.07593924971314983, 0.07574701487848169, 0.08297528608070594, 0.07837758056136702, 0.07940639620519571, 0.07144578370611383, 0.0796165084562633, 0.0804848863529164, 0.07533558931288238, 0.07412203684844344, 0.08098225505543319], [0.07465817807115373, 0.07103129325811441, 0.07612385024927842, 0.07592770395962722, 0.0830787193836967, 0.0780046793053451, 0.07956494093386485, 0.07145746066106312, 0.07912496751368508, 0.08055336217263313, 0.07543733100983895, 0.07423888219451791, 0.08079863128718114], [0.07452201708321347, 0.07087142096649923, 0.07622292914162833, 0.07593811745360876, 0.08305386809690844, 0.07803365724039148, 0.07989787374250075, 0.07124900092099204, 0.0789151171862643, 0.08087400710955847, 0.07522785871932483, 0.07427935919952965, 0.0809147731395802], [0.07291267221277652, 0.07093509043845811, 0.07562062294084476, 0.07463074853737148, 0.07966924716466607, 0.08333333333333333, 0.08065609692562761, 0.07069807136274585, 0.08135016115891942, 0.08147116664814834, 0.07294864104350746, 0.07436310918881053, 0.0814110390447904], [0.07287576054061652, 0.07084770883429982, 0.07539465834700274, 0.07449412585520473, 0.08012917564175367, 0.08333333333333331, 0.08026213676891472, 0.07066669728124045, 0.08198532593354022, 0.08124255669126883, 0.07298764880248428, 0.07414331941073074, 0.0816375525596098], [0.07288639111474257, 0.07087458530688619, 0.07547567368670097, 0.0745422171781111, 0.07995906315995914, 0.08333333333333333, 0.08039623483337732, 0.07067325388995824, 0.0817517156196829, 0.08134124180153683, 0.07297097836432712, 0.07422073528933666, 0.08157457642204756], [0.07283750751978668, 0.0707443778748626, 0.07531674670868128, 0.07444229815151436, 0.08031542850592575, 0.08333333333333333, 0.08021318695081923, 0.07058822402705739, 0.08214792227856282, 0.08125128746987888, 0.07298158004892269, 0.07404049988709308, 0.08178760724356181], [0.07286995408229721, 0.07082220075976622, 0.07527256963993721, 0.07442536922149595, 0.0804132397292226, 0.08333333333333334, 0.08003835349634214, 0.070673292780211, 0.08236003650835308, 0.08105570527468736, 0.07302417891765874, 0.0740306788450861, 0.08168108741160914], [0.07284792887816977, 0.07073668679241492, 0.07513847340005601, 0.07434852064885411, 0.0807570552342447, 0.08333333333333333, 0.07984425193612632, 0.07062954791647254, 0.08274900768617273, 0.08090991688449034, 0.07305576489901511, 0.0738845652392533, 0.08176494715139683], [0.07283755278428602, 0.07073249632724067, 0.0752217216989907, 0.07439024747507358, 0.0805458474505554, 0.08333333333333334, 0.08002634668115917, 0.07060159772296055, 0.0824549268478893, 0.08108425454902211, 0.07301485678798686, 0.07395540801057267, 0.08180141033092969], [0.07288770022885742, 0.07075628832986759, 0.07505730003424049, 0.07432275744164177, 0.08103792588108152, 0.08311407746092032, 0.0796428589367442, 0.07068312990641071, 0.08311414255095462, 0.08071699071712303, 0.07313728682102483, 0.07381331731968596, 0.08171622437144738], [0.0729066257795581, 0.0707564934270523, 0.07500515246648143, 0.07430399787164868, 0.08120600167592862, 0.08302662113972308, 0.0795239425627977, 0.07070498732317128, 0.08333333333333331, 0.08061321057110728, 0.07318266514372238, 0.07376390109462824, 0.0816730676108474], [0.07293283298315924, 0.07074521169854747, 0.07497515643132657, 0.07430361899975994, 0.08138641226051176, 0.08292294051051792, 0.07945831080132583, 0.07071625396806483, 0.08333333333333334, 0.08057590460697261, 0.07323590345310788, 0.07372525428449911, 0.08168886666887358], [0.07302278911390765, 0.07081689434924007, 0.07495608343428756, 0.07433469841673956, 0.08162154692796668, 0.08264868133558533, 0.07932019348266224, 0.0708190505405701, 0.08333333333333333, 0.08044957960633635, 0.07336138114184523, 0.07371498707598985, 0.08160078124153602], [0.07309294057234238, 0.07078253259743414, 0.07491665862357953, 0.07435458450750533, 0.08204483536241931, 0.08230406109366298, 0.0792070744894016, 0.07083698470433707, 0.08333333333333333, 0.08038776729927068, 0.07349369561759876, 0.07364059516455465, 0.08160493663456019], [0.07312747730577923, 0.07076457486640947, 0.07490365570029883, 0.07436745284579016, 0.08224757900414081, 0.0821277174510087, 0.07915778353870521, 0.07084361389509079, 0.08333333333333334, 0.08035838617123757, 0.07355745479392334, 0.07360799552093795, 0.08160297557334473], [0.07313356248920863, 0.0707286766207201, 0.07489195544477846, 0.07436807060145018, 0.08237543031125064, 0.08202950664642118, 0.07914303148538585, 0.0708221298199435, 0.08333333333333334, 0.08036020407814937, 0.07358119637998284, 0.07357802808622316, 0.08165487470315284], [0.07318926753570079, 0.07069395668449384, 0.07487243363469807, 0.07439053621427709, 0.08271297794480321, 0.08171869165006629, 0.07905841185159505, 0.07082765520258183, 0.08333333333333334, 0.08029800795558255, 0.07368489442152625, 0.07352450052170684, 0.08169533304963499], [0.07323977386514026, 0.07064595391354694, 0.07485953939647706, 0.07441596482887727, 0.08305343579910404, 0.0814121484437756, 0.07899036712286776, 0.0708184185246525, 0.08333333333333333, 0.08025408441280386, 0.07378189682480481, 0.07347241522770637, 0.08172266830691018], [0.07332617390731752, 0.07066488075338354, 0.07488234575808213, 0.07447384010404824, 0.08333333333333333, 0.08115663532117369, 0.07893624731855586, 0.07086879138222903, 0.08305140762410976, 0.08023176701032247, 0.07390458938486417, 0.07347122017071307, 0.08169876793186708], [0.07360666249020474, 0.07087584982634199, 0.07500434683354813, 0.07467160722535356, 0.08308125130520878, 0.08070567478897035, 0.07882016600325047, 0.07113525662743891, 0.08262013402898861, 0.08013714975625126, 0.07424494187054405, 0.07358171878163354, 0.08151524046226546], [0.07379564371672401, 0.07098778287412735, 0.07507070364265588, 0.07479931392249971, 0.08333333333333333, 0.08031374290368014, 0.0787004598487467, 0.07129479749263923, 0.08220297171590348, 0.08003021512121604, 0.07448714547583334, 0.07362929038247479, 0.08135459957016604], [0.07399186595446414, 0.07103964183230625, 0.075211259921347, 0.07498463967129448, 0.08318839489945375, 0.07990375121099232, 0.07872431913606924, 0.07139107272989907, 0.0816591274738335, 0.08009048517252845, 0.07473323866495535, 0.07370810793744598, 0.08137409539541049], [0.07380727896415688, 0.07089090068818671, 0.07512772830177114, 0.07485347010891337, 0.08333333333333333, 0.08016988775999308, 0.0788133556980624, 0.07120986155890496, 0.08192600425569059, 0.08019426558175073, 0.07451390930861829, 0.07362632677050558, 0.08153367767011291], [0.07368333534881304, 0.07088425842184592, 0.07505673395041007, 0.07474374660960785, 0.08307724358183799, 0.08052277764550614, 0.07883441317330556, 0.07116471697519028, 0.08236683151702294, 0.08018005631930782, 0.07434566376331438, 0.07360425227601469, 0.08153597041782337], [0.07343752874337889, 0.0707057574857943, 0.0749395311385373, 0.07456319471857417, 0.08333333333333334, 0.0809114271243245, 0.07891972337616805, 0.07093915651993582, 0.08275937669003196, 0.08025091325710863, 0.07404913591844596, 0.07350141386337883, 0.08168950783098837], [0.07379054958565923, 0.07090614051041173, 0.0751144718223925, 0.07483417766944446, 0.08323108117204239, 0.08024739706044828, 0.07880922227814506, 0.0712173875130673, 0.0820310233216837, 0.08017952416848412, 0.07448803797440874, 0.07362802544748082, 0.08152296147633172], [0.0736840360939515, 0.07073765370291958, 0.07511240997239377, 0.07479791445793077, 0.08333333333333334, 0.08028533793236645, 0.07896037025993627, 0.07103638165279241, 0.08196974270245631, 0.08037737917996601, 0.07436903161872443, 0.07357940018493134, 0.08175700890829787], [0.07411193001578835, 0.07108054778545993, 0.07530284700608329, 0.07510072508977647, 0.08309963829100117, 0.07966429774368779, 0.07873832104155695, 0.07145530330105929, 0.08134352851872476, 0.0801137584137824, 0.07487871038837998, 0.07376558652179387, 0.08134480588290584], [0.07421323317584387, 0.07109107508685658, 0.07537356025253258, 0.07519850071353362, 0.08333333333333333, 0.07938776847268714, 0.07872164035232855, 0.07149181974200419, 0.08102258664456896, 0.0801005252015871, 0.07500912819505022, 0.07379750450073888, 0.081259324328935], [0.07435240322518412, 0.07112708858368498, 0.07548856442845955, 0.07534132141071281, 0.08333333333333333, 0.07906839256774574, 0.07878990590227315, 0.07155411538305656, 0.08065984998412352, 0.08009826784815326, 0.07517589842234759, 0.07386637669403545, 0.08114448221688987], [0.07446198100154357, 0.07116191813414063, 0.07558227765557964, 0.0754552793909573, 0.08333333333333333, 0.07882607481520126, 0.07884274137218186, 0.07160718929378311, 0.08038270254356451, 0.08008454808510336, 0.0753036459320315, 0.07392635504518986, 0.08103195339739006], [0.07455218740255153, 0.07112657058271947, 0.07573926024215948, 0.07560955622666655, 0.08333333333333333, 0.0785371954389422, 0.07903075812214322, 0.07157987901314908, 0.07997519157980394, 0.08017570578852744, 0.07539558783655878, 0.07400952690832542, 0.08093524752511948], [0.07471197996231262, 0.07117779960880735, 0.07596471186156212, 0.0758334960432444, 0.08299090044552349, 0.07820744300578995, 0.07923885247318507, 0.07163546528069838, 0.07950819997288357, 0.08026647303358454, 0.07554629522240246, 0.07416763723364632, 0.08075074585635975], [0.07472832534919129, 0.07110309557467105, 0.07606643375557585, 0.07591999914253426, 0.08333333333333331, 0.07796136349535035, 0.07937434069963362, 0.0715581780257553, 0.07916857211194551, 0.08035530983793837, 0.07554905714566042, 0.07420790277510379, 0.08067408875330671], [0.07474503892365518, 0.07104221235687756, 0.07623973911664925, 0.07604997978540273, 0.08333333333333336, 0.0777482893196229, 0.07962267405044407, 0.07147588249845953, 0.07877501490840222, 0.0805292649417682, 0.07552098012981145, 0.07431028254646947, 0.08060730808910432], [0.07454440618562827, 0.07083835968026095, 0.07633419913304387, 0.07602728481362632, 0.08333333333333331, 0.07784656835196571, 0.08002603812384572, 0.07120677668914693, 0.07859190340235106, 0.08091911179752212, 0.07522456123775112, 0.0743438229955931, 0.08076363425593133], [0.07345961810804555, 0.07078647307436976, 0.07491973129050887, 0.07455273374914823, 0.08333333333333336, 0.08093639530384467, 0.0788305016954395, 0.07101733889465248, 0.08291033110773295, 0.08012372120376217, 0.07406694323746815, 0.07351664931350155, 0.08154622968819301], [0.07333434478995945, 0.07076713557786173, 0.07487372809072784, 0.07446011172128442, 0.08304299277153245, 0.08128120971852693, 0.07887838667730107, 0.07095394746080927, 0.08333333333333333, 0.08011819204445432, 0.07389074723416039, 0.07351107417201386, 0.08155479640803495], [0.07326892118747563, 0.07081272873378269, 0.07488509020480252, 0.07442621016610165, 0.08269505076685613, 0.08162100878694206, 0.07895876842233392, 0.07095445910155834, 0.08333333333333333, 0.08016887129602321, 0.07377144864238516, 0.07356565076843562, 0.08153845858996966], [0.07327241479735552, 0.0708796892622303, 0.07491719166554371, 0.07443912563306586, 0.08251125787784944, 0.08177631664163892, 0.07900108955309319, 0.07099939171228252, 0.08313399718748866, 0.08019243744357536, 0.07374748493087954, 0.07362454815115725, 0.08150505514383975], [0.0732039747932565, 0.07089327241956013, 0.07492057401702816, 0.07440300931583403, 0.08220505149984106, 0.08203328272188105, 0.07906359267698092, 0.0709752635182262, 0.08333333333333333, 0.0802304935915358, 0.07363468493342917, 0.07365862156603081, 0.08144484561306282], [0.0731572091548627, 0.07096863113202606, 0.0749833085706002, 0.07440656242965131, 0.08176515168456903, 0.08239859571703771, 0.07919928376834538, 0.07099347395538246, 0.08306411478361522, 0.08031477660753038, 0.07351913527999768, 0.0737669050050313, 0.0814628519113507], [0.07310705034187363, 0.0709645204366133, 0.07499838005825482, 0.07438698909952061, 0.08155705440296551, 0.0825707386527717, 0.07925986507892337, 0.07096245741734425, 0.08314836883028197, 0.08035054488359793, 0.07343757864946203, 0.07379317430963513, 0.08146327783875583], [0.07374169274729553, 0.07063529819429629, 0.07524061529275028, 0.07492243235036028, 0.08333333333333333, 0.0799404881532569, 0.07913466133219213, 0.07095085633077139, 0.08149850845483987, 0.08061330305296073, 0.07444325179275732, 0.07361676985651401, 0.0819287891086719], [0.07409658679877955, 0.07089705022809177, 0.07540723596679996, 0.07518333961649554, 0.08333333333333333, 0.07939403677912997, 0.07894397653660776, 0.07127716834440767, 0.08096308621538899, 0.08036761400880688, 0.07486791808805339, 0.07376789814358684, 0.08150075594051832], [0.07432657035075284, 0.07101993155201726, 0.07558074242273613, 0.07540044330568915, 0.08315318053755631, 0.07898421342314832, 0.07901116698891529, 0.0714346236493026, 0.08048689042322038, 0.08031021320616726, 0.07513166464143953, 0.07389764770112787, 0.08126271179792705], [0.07301881200719428, 0.07089502887862943, 0.07499494345236095, 0.07434379332656217, 0.08137001090426033, 0.08279883028775711, 0.07934456611896278, 0.07086750385397758, 0.08333333333333334, 0.08042237321845105, 0.07332098785765495, 0.07378533563878215, 0.08150448112207394], [0.07298303132060388, 0.07089216320336396, 0.07503431787058032, 0.07434602145342756, 0.08117571657334116, 0.08303451502256441, 0.07944467055959412, 0.07083842067482095, 0.08314440021951755, 0.08049692405387758, 0.07325408896670096, 0.07382818434668144, 0.08152754573492615], [0.07292139263261391, 0.07086242289603709, 0.07507322725330445, 0.07433667685466873, 0.08092773011526724, 0.08333333333333334, 0.07957113746481469, 0.07077642020595655, 0.08303003531410671, 0.08060524965453461, 0.07315451799614746, 0.07386644088603425, 0.08154141539318101], [0.07296604434035416, 0.07096491367909932, 0.0751964070898345, 0.07441836589669923, 0.08068467685274594, 0.08302892162100921, 0.07972557295271188, 0.07084636850436346, 0.08275580992491707, 0.08072707974643442, 0.07315722233667524, 0.07400398396201403, 0.0815246330931416], [0.07294741558947077, 0.07097461013312158, 0.07526824939182084, 0.0744469350689657, 0.08045602524692183, 0.08319534818614208, 0.07986636713657794, 0.07082741919803189, 0.0824906593469392, 0.0808432878977762, 0.07310312885381313, 0.07407512331803268, 0.08150543063238622], [0.07292621612229341, 0.07095572069876772, 0.07529537708373112, 0.07445255973980135, 0.08035269340459975, 0.08333333333333333, 0.07994235284485528, 0.07079630947485603, 0.08236413958375297, 0.08091134148202475, 0.07306693791935939, 0.07409586352773344, 0.08150715478489147], [0.07295223525840623, 0.07099782397058456, 0.07538215645066026, 0.07451086607951335, 0.08020303507771154, 0.0831218894702432, 0.0800746007476502, 0.07082028003733956, 0.08216663091725931, 0.08102101353979765, 0.07306863729256845, 0.07418036022231321, 0.08150047093595277], [0.07295854649537625, 0.07101861362725231, 0.07545538603780848, 0.07455294240792534, 0.0800349958847439, 0.08311931969656892, 0.08020069482249723, 0.0708217907748721, 0.08195534695841834, 0.08111700447859556, 0.07304960924469216, 0.07424988233229024, 0.08146586723895913], [0.07298231415656879, 0.07109192774394056, 0.07556449839942929, 0.07461822177666341, 0.07977722130046555, 0.08317243475150704, 0.08037872757789953, 0.07086302815321316, 0.08164850983970091, 0.08117640199007768, 0.0730314114942304, 0.07436963600654814, 0.0813256668097557], [0.0730147279933465, 0.0711562947354546, 0.07568349862175885, 0.07471723501035128, 0.07955138793174558, 0.08307043733910426, 0.08057634152954574, 0.07089956654915117, 0.08134943292704645, 0.08125763638741551, 0.07302600025888907, 0.07449048310170475, 0.0812069576144862], [0.07293056833387974, 0.07098812915526372, 0.07555430593180378, 0.07459644617846684, 0.07977657333975166, 0.08333333333333334, 0.08045980398431823, 0.0707620260473977, 0.08158717497866841, 0.08129608731153766, 0.07298301228182838, 0.07432764695838767, 0.08140489216536287], [0.07404939357504799, 0.07098901491825002, 0.07530335259949708, 0.0750797728045233, 0.08312062769395889, 0.07969618682791146, 0.07882630718118375, 0.0713543651222451, 0.08134255252765549, 0.08022505011040541, 0.07480603187725277, 0.07374165234146154, 0.08146569242060724], [0.07390174068698749, 0.07085360933406613, 0.07525706824658068, 0.07498948291504802, 0.08309287980840833, 0.07989066269547797, 0.0789460541433534, 0.07119172887496125, 0.08152596211301423, 0.08037174388093957, 0.07462850872246192, 0.07368491476233285, 0.0816656438163681], [0.07415105850607756, 0.0708439813260919, 0.07559616373523606, 0.07533848087198192, 0.08281087660916747, 0.07919490921332413, 0.0792648857619199, 0.07121341425547253, 0.08058305834125937, 0.08064345345787186, 0.07490039781423827, 0.073878689551514, 0.08158063055584525], [0.07396534468723676, 0.0707715161814353, 0.075404905124314, 0.07512746686856553, 0.08304464255798982, 0.07956574576671854, 0.07913028731332725, 0.07111944419955779, 0.08107650346817476, 0.08059382120445026, 0.07469850645150176, 0.07374616970850374, 0.08175564646822436], [0.07338087343971728, 0.07051041229913234, 0.07499535838060147, 0.07459208292012894, 0.08333333333333334, 0.08079023633346799, 0.07914610833967319, 0.0707465781697222, 0.08245087618606983, 0.0805686229086952, 0.07399716531131374, 0.07347162323749643, 0.0820167291406481], [0.07363721318284495, 0.07060909531512223, 0.0751707403407568, 0.07482570457788389, 0.08315975081082812, 0.0802185510001963, 0.07915167139249216, 0.07089955570312689, 0.08180365415130057, 0.08062114861906393, 0.07431167864170087, 0.0735802876324324, 0.08201094863225092], [0.07419851630533517, 0.07080108899412886, 0.0757007117684467, 0.07543695511476703, 0.08306359899469003, 0.07894649179104285, 0.07940760099954124, 0.07117521081943383, 0.08023134359690286, 0.08070805498471596, 0.07494617102247883, 0.0739276231598038, 0.08145663244871287], [0.07424785115712697, 0.07075291305323132, 0.07589290399974696, 0.0755923818966355, 0.0830518893122906, 0.07864935731418066, 0.07970084209186662, 0.07111312888551216, 0.07974559570782627, 0.08087194732179967, 0.07496286797754917, 0.07404289123867991, 0.0813754300435543], [0.07480620512653233, 0.07105173724306521, 0.07646958826424856, 0.07622968345074324, 0.08303216617056831, 0.07756159113145085, 0.07989995855377705, 0.07145672687406975, 0.07834560785827963, 0.08067845278119089, 0.07552138848282895, 0.07447693969420568, 0.08046995436903984], [0.07485014113893765, 0.07110047682999263, 0.07634422255772379, 0.07616772156741174, 0.08333333333333331, 0.07755928879809268, 0.07964449735225451, 0.07154255914828948, 0.07852444377872819, 0.08047586927618271, 0.07562613082396061, 0.07439019313883231, 0.08044112225626027], [0.07291353149294177, 0.07016959983494515, 0.07541011830929291, 0.07462822333169403, 0.08096663350163215, 0.08152638686507131, 0.08077660457182975, 0.07016298254032276, 0.08094221007313537, 0.08230776216631931, 0.07322154992043971, 0.07381156964517323, 0.0831628277472025], [0.07286969039975687, 0.07021837509340842, 0.07531086002367761, 0.07453745401846743, 0.08109967976829939, 0.08184520146158784, 0.08058532230423741, 0.07020274857750412, 0.08126484159486828, 0.0820500784898072, 0.07317445655887754, 0.07376930164718287, 0.08307199006232505], [0.07285104678111565, 0.07016944964593977, 0.07520303492374518, 0.07447059728111402, 0.08136130376365854, 0.0818278659141137, 0.08037488502452184, 0.07018170021607803, 0.08153185190395214, 0.08183889016479783, 0.07319438285731335, 0.07366165819031671, 0.08333333333333334], [0.0728767594765116, 0.07021052833124031, 0.07514164585122485, 0.07444286825133715, 0.08157177078173293, 0.08193052671834909, 0.08019121380377536, 0.07024007694750438, 0.08180721763627509, 0.08162930159375606, 0.0732441121072439, 0.07362159824791425, 0.08309238025313498], [0.07295284045784259, 0.07019432793421537, 0.07511119201027039, 0.07446893258729523, 0.08190932653837961, 0.08163567357389419, 0.08003239455126107, 0.0702714479590812, 0.08196269310770829, 0.08148045794006646, 0.07337766548994254, 0.07355983481178704, 0.08304321303825611], [0.07302437682270341, 0.07016307889543702, 0.07512209664788928, 0.07451936757873057, 0.08208810789792682, 0.08128755981744644, 0.07996390342492248, 0.07027877215095743, 0.08192510299882473, 0.08145534637890245, 0.07349392894639897, 0.07352737922547266, 0.0831509792143877], [0.07313072514474894, 0.07014210394498305, 0.07526185275407056, 0.07466550845061116, 0.08185754908824211, 0.08083098587097513, 0.08011562060721715, 0.07027920713130226, 0.08146274232040693, 0.08170800044876952, 0.07361743451663466, 0.07359493638870518, 0.08333333333333333], [0.0731548907422554, 0.0701233377755913, 0.07548972705137556, 0.0748186080252503, 0.08132250443382058, 0.08058704281850887, 0.08057161364545487, 0.07022257339227726, 0.08078832288860432, 0.08224276882371251, 0.07358075273796603, 0.07376452433184967, 0.08333333333333333], [0.07302509792469823, 0.07008950293328346, 0.07553587659005077, 0.07477738155219991, 0.08104802695728591, 0.08087492002538028, 0.08089267117782498, 0.07012532880305133, 0.08056499296247266, 0.08252852803543574, 0.0733718628070309, 0.07383247689795246, 0.08333333333333333], [0.0729647156166755, 0.07012293628683475, 0.07551887430364057, 0.07472816372657705, 0.08081893851410618, 0.08116116181093619, 0.080956130997685, 0.07012643064663263, 0.08061135293595333, 0.08252392593928562, 0.07327559777949072, 0.07385843810884907, 0.08333333333333333], [0.07296136370049079, 0.07012975892251914, 0.07539042551705298, 0.0746489616341479, 0.08114673147322433, 0.08126779174786963, 0.08066901527413846, 0.07015987052365927, 0.08101764775158081, 0.08220530905793241, 0.07331331476506467, 0.07375647629898623, 0.08333333333333333], [0.07289166010189138, 0.07014613568647475, 0.07533322925646918, 0.07457362993472727, 0.08113304632500223, 0.0815592919863751, 0.08063172286910587, 0.0701526213116305, 0.08113304632500223, 0.08214895713913407, 0.07321993924304483, 0.07374338648780901, 0.08333333333333331], [0.07294818723752843, 0.07013282486537815, 0.07523305991098472, 0.07454744892745331, 0.08157492782570464, 0.08140896664166415, 0.08032753232891494, 0.07019297420021033, 0.08149949943477064, 0.08182352138363164, 0.07334581910052931, 0.07363190480989631, 0.08333333333333333], [0.07305580102389246, 0.07012649866442376, 0.07532952298164068, 0.07466619952956177, 0.08152478536925374, 0.08098511038228687, 0.08038654435314131, 0.07021615156313868, 0.08125661353026081, 0.08196777986767889, 0.07348201688740952, 0.0736696425139784, 0.08333333333333336], [0.0730026218763996, 0.07012646276004271, 0.07531165556925501, 0.07462566150822769, 0.08147239200414402, 0.08115871555145193, 0.08042856824391247, 0.07019530310554675, 0.08128987333646613, 0.08197581061392188, 0.0734054911592731, 0.07367411093802519, 0.08333333333333331], [0.07306803513672606, 0.07012569362110366, 0.07542965255795715, 0.07473306036818349, 0.08124524697348738, 0.08089513943534023, 0.08059083630207789, 0.0701978516983942, 0.08096265678317896, 0.08220426159197664, 0.07346661888768301, 0.07374761331055782, 0.08333333333333331], [0.0729060770174295, 0.07014389877313869, 0.07521997361043939, 0.07451467577698395, 0.08149507235509341, 0.08157896636294956, 0.0803524393494676, 0.07018451633688337, 0.08150439145715549, 0.08184288634140047, 0.07328159343169671, 0.07364217585402835, 0.08333333333333331], [0.07298277391734037, 0.07012857113464831, 0.0751547109404543, 0.07452054057040826, 0.08189060330522155, 0.08132682273441012, 0.08009973129079852, 0.07022472198016333, 0.08175770829435668, 0.08160125658248103, 0.07342728955139587, 0.07355193636498845, 0.08333333333333334], [0.07306878975334205, 0.07012868378739628, 0.07524045455245326, 0.07461986279833598, 0.08181684589273344, 0.08100669756967203, 0.08016568274256758, 0.07024494072526248, 0.08151734744710336, 0.08173292723667532, 0.073532060615054, 0.07359237354607079, 0.08333333333333333], [0.07320564712167248, 0.07016654631843329, 0.0754527361180517, 0.07481881036554709, 0.08153776974181176, 0.08055026975824668, 0.08041304877933005, 0.07028810925770557, 0.0809639662133304, 0.08206506889127524, 0.07366152939227703, 0.07373810058308415, 0.08313839745923444], [0.07322842276278373, 0.07018461515178918, 0.07536645870489146, 0.07477718128748542, 0.08181725432498599, 0.0805901556719593, 0.08018951622285364, 0.07033285323717314, 0.08121702132478081, 0.08181493090154636, 0.07372214349795733, 0.07366833485966279, 0.08309111205213088], [0.07294923310207474, 0.07017987288225803, 0.07516135072364676, 0.07449880932272838, 0.08176857532610989, 0.08159215753412659, 0.08015525268296403, 0.07024662128556257, 0.08178355319966045, 0.08162070736979203, 0.07335916553424238, 0.07359571824310665, 0.08308898279372752], [0.07308679108244799, 0.0701733306269786, 0.07517244737261479, 0.07458282569890111, 0.08207796491110265, 0.08109435089469212, 0.07998653775127268, 0.0703040436395382, 0.08179352426036406, 0.08151837535184496, 0.07357147777726769, 0.07355222468112557, 0.0830861059518495], [0.07317652050471697, 0.07018480063280062, 0.07522830813666356, 0.07466487443445556, 0.08205638290980327, 0.08080664114776348, 0.07997191677495892, 0.07034157928968154, 0.08161227344161774, 0.08154854283964423, 0.07368893561436093, 0.07357273568688542, 0.08314648858664753], [0.0729099479044891, 0.07024144412959954, 0.07579087655052644, 0.07483239675876328, 0.0803725442157761, 0.08133076550333669, 0.08161047958461282, 0.07013166277545906, 0.0800003926365741, 0.08306468726410846, 0.07306882380957737, 0.07415732400765057, 0.08248865485952667], [0.07294282624490783, 0.07016645576228821, 0.07576052575972864, 0.07484825239798969, 0.08061578748528139, 0.08109725284686567, 0.08152264355318005, 0.07009569030692185, 0.07989167255816405, 0.08315237191039851, 0.07314746238197521, 0.07408482280356857, 0.08267423598873047], [0.0730428535368439, 0.07009672429510354, 0.07575609368996497, 0.07491741611711625, 0.08103127191919811, 0.08065213870622087, 0.08134561621405927, 0.07008903433021842, 0.07991527955238192, 0.08304216032089454, 0.07331915530333581, 0.07401132991066556, 0.08278092610399702], [0.07323805764753803, 0.07013580191488815, 0.07592177306853586, 0.07512297142137855, 0.08143298892782076, 0.08007322873073285, 0.08130316587649973, 0.0701724451101172, 0.07956931349429082, 0.0829434343452074, 0.07355096593576782, 0.07409439904981209, 0.08244145447741082], [0.07350218163407894, 0.07037128077065266, 0.07645708158418019, 0.07555925330083538, 0.08124166080787242, 0.07938483981655999, 0.08183311578219908, 0.07035762612829156, 0.07847193972234508, 0.08305285917473534, 0.07370308154922858, 0.07455459567742838, 0.0815104840515924], [0.07345728103951348, 0.07056866804594954, 0.07669208872645546, 0.0756318295875905, 0.0805610564576673, 0.07953180541120827, 0.08248203369616568, 0.07044048528341995, 0.07806577371022243, 0.08305362992598848, 0.07350588796085941, 0.07486187756871265, 0.08114758258624691], [0.07321522424007162, 0.07053780310829286, 0.07654650390968928, 0.07539953766458696, 0.08013010504419348, 0.08008384840560163, 0.08284011356020664, 0.07033764390009788, 0.07835972363368975, 0.08333333333333334, 0.07319940978900184, 0.07481309214471298, 0.08120366126652183], [0.07304278101480668, 0.0704594338402202, 0.07626353209250815, 0.07514516780992447, 0.08005468757716758, 0.08071704855832305, 0.08244734364089253, 0.07025788833118334, 0.07902907058998235, 0.08333333333333331, 0.07305541930287208, 0.07460511521249373, 0.08158917869629236], [0.07291850196853833, 0.07026271926665478, 0.0759066253463691, 0.0748998372276484, 0.08029687038737592, 0.08116320562610452, 0.08185212590630106, 0.07012668571938924, 0.07971023365713696, 0.08333333333333333, 0.07303671720758755, 0.07425886345141824, 0.08223428090214256], [0.07294726357908116, 0.07017534118586366, 0.07583749761291878, 0.07489342124721554, 0.08057332765273441, 0.08099940711352224, 0.08168543798579773, 0.07008776242936324, 0.07970254493063159, 0.08333333333333333, 0.07312540175275305, 0.07414981584143772, 0.08248944533534747], [0.07303340804228899, 0.07012344704577751, 0.07586815383693203, 0.07497394409460834, 0.08089253848194398, 0.0806148605557478, 0.08161383392726751, 0.07008006235836349, 0.0795986917227241, 0.08333333333333334, 0.07325776567628244, 0.07412096604376775, 0.08248899488096276], [0.07308234207991346, 0.07010262696616808, 0.07588729721226165, 0.07501716601263908, 0.08105814676064313, 0.08041584279029618, 0.08154848257110633, 0.07008258705621605, 0.07955195198360329, 0.08333333333333334, 0.07333126301433268, 0.0741073498100044, 0.08248161040948238], [0.07316959065440709, 0.0701707673181599, 0.07605847052983102, 0.07515879819734973, 0.08105887952304733, 0.08016544794850208, 0.08174926187399927, 0.07013744217855399, 0.07919100573325928, 0.08333333333333333, 0.07338713991278373, 0.07425054928344066, 0.08216931351333252], [0.07305376917568171, 0.0702846466152139, 0.07610126388249136, 0.0750909806396054, 0.08050849888564136, 0.08062509449061199, 0.08210915550433608, 0.07016358425270373, 0.07916265020855481, 0.08333333333333334, 0.0731700658593663, 0.07438154254677018, 0.08201541460568995], [0.07316024195547821, 0.0703959725254162, 0.07633552302969705, 0.0752711811550605, 0.08041