[[0.07482780582385064, 0.07331551993875098, 0.07044609167982238, 0.08085368638185689, 0.08309559660165182, 0.08074640545433652, 0.08176899393622358, 0.08099202004529797, 0.07573888222944163, 0.07492144920104275, 0.07124455405475813, 0.0819207908249922, 0.07012820382797431], [0.0748018294264261, 0.073377421252088, 0.07047765400025718, 0.08119176929819728, 0.08316882789138955, 0.08055785155703371, 0.08161637128520183, 0.08081770952476254, 0.07566296145747305, 0.07483495190438044, 0.07126962206007678, 0.08204885587626205, 0.07017417446645138], [0.07478609201614365, 0.07346777760654996, 0.07054514803028078, 0.08159411701321657, 0.08323223512002065, 0.08032927534024842, 0.08140367615992977, 0.08059972494993466, 0.07558740705955583, 0.07475165143363145, 0.07132664821026892, 0.08211702089455446, 0.07025922616566486], [0.07479984418629328, 0.07356969395982174, 0.07060776072819142, 0.08191737163750556, 0.08308125365329334, 0.0801730985694039, 0.08125763755435736, 0.0804626935180171, 0.07554954704601473, 0.07469744002237946, 0.0713856279700821, 0.08216093350253653, 0.0703370976521036], [0.07479717851447314, 0.0736681784849421, 0.0706701119450106, 0.08229545188015239, 0.0831810786521039, 0.07996673831120563, 0.08106470159098349, 0.08028163363417125, 0.07548884160027426, 0.07462276961700659, 0.07144195728836965, 0.08210463816488768, 0.0704167203164193], [0.07481838281284857, 0.07375912571189899, 0.07070429088787009, 0.0825449771575209, 0.08303216228119212, 0.07986080499806263, 0.08099764202466832, 0.08019953673405235, 0.07546757808923121, 0.07457782163849744, 0.07147952269359051, 0.08209475010351652, 0.0704634048670502], [0.07480964057762667, 0.07383918241447635, 0.07061936256831364, 0.08278772471132519, 0.08333333333333336, 0.07973551834101059, 0.08096895471329459, 0.08012252998273271, 0.0754021812095752, 0.07444451888733987, 0.07141980883915361, 0.08212248753384041, 0.07039475688797805], [0.07488792403617288, 0.07402121521967515, 0.07067938110484208, 0.08304821409506537, 0.08294172538911428, 0.0796165816631876, 0.08090553078072252, 0.08003954412085536, 0.07542093912669286, 0.07440493275940982, 0.07149420460165196, 0.08206588088603094, 0.07047392621657914], [0.07496860651388203, 0.07417212116706169, 0.07065540316360272, 0.08308754596702848, 0.08255583679271514, 0.07958298644920786, 0.08093796346659614, 0.08004897970019213, 0.0754563901207863, 0.07436049005276048, 0.07150115144453166, 0.08220885490362916, 0.07046367025800605], [0.07512228724350528, 0.07443766560342328, 0.07070704940494181, 0.08311513999357352, 0.0820057849356095, 0.07949724277524355, 0.08089304635255608, 0.08001960581186872, 0.0755389702372617, 0.07434363838268326, 0.07158788717069466, 0.08219506805290623, 0.07053661403573257], [0.07530606531318705, 0.07472088317176254, 0.0707576130997153, 0.08307899424399709, 0.08142823313346696, 0.07942974043052266, 0.08083247862443073, 0.0800525560918394, 0.07565424177815369, 0.07435098996081477, 0.07167985449398975, 0.08210195302426831, 0.07060639663385183], [0.07546513005681131, 0.0749902216720189, 0.07089463847987132, 0.08313400308002647, 0.08100699898091764, 0.07928986580363871, 0.08065021632317981, 0.07996511067932803, 0.07574522619533251, 0.07438023046717698, 0.07183433357864588, 0.08188073873449679, 0.07076328594855562], [0.07562657222038345, 0.07518073762725808, 0.07086765336384433, 0.08311379804110682, 0.08053682155678361, 0.0793027156305884, 0.0806532608602626, 0.08005618708818954, 0.0758708653457465, 0.074404467316078, 0.07185422426744148, 0.08178937161272487, 0.07074332506959244], [0.07573115060179618, 0.07529125939620412, 0.07081059218020944, 0.08333333333333333, 0.0801758176599745, 0.07933309260540311, 0.08065886109195683, 0.08011757979698575, 0.07595457879547855, 0.07440929859863937, 0.07183531890007587, 0.08166011425306936, 0.07068900278687351], [0.07590478555773764, 0.07541871880590025, 0.07077328189084015, 0.08293915115016767, 0.07976928381164533, 0.07952663776521099, 0.08074811086430865, 0.08029106712417808, 0.07612629393934821, 0.07449371276491186, 0.0718426194838386, 0.08151894147906215, 0.07064739536285049], [0.07595166109896476, 0.0753705118000581, 0.07058644302409253, 0.08333333333333334, 0.07945565266528293, 0.07971171212305588, 0.08085753728316682, 0.08047010392058329, 0.07620101187502565, 0.07449388419801461, 0.0717000181089533, 0.08142015455092133, 0.07044797601854749], [0.07609646500956714, 0.07538803454682369, 0.07048873902477838, 0.08294719331009431, 0.07903862253291628, 0.07998049976174115, 0.08106690184754077, 0.08070164494055676, 0.07638228553689907, 0.07459744460623122, 0.07164674493712773, 0.08133063883061266, 0.07033478511511075], [0.0761129117914325, 0.07518154669171218, 0.07019686101046341, 0.08333333333333333, 0.07863080033939716, 0.0803324106824272, 0.08140329764924, 0.08102423173586212, 0.0764889521398508, 0.07463459090549206, 0.07140513203952233, 0.08124307941136161, 0.07001285226990522], [0.07484798182100241, 0.07324182699883165, 0.07053405089572819, 0.08049514639756264, 0.08333333333333333, 0.08083610096316284, 0.08170922392455575, 0.081025496227858, 0.07582071689697138, 0.07507213936380942, 0.07131057885446704, 0.08157465603995842, 0.07019874828275895], [0.07481368296081235, 0.07331766802948828, 0.0705583764344579, 0.08091710664207086, 0.08333333333333333, 0.08061416354260509, 0.08158101791468551, 0.08084006389886748, 0.07572278965316893, 0.07495427399928593, 0.07132945942797547, 0.08177670734258992, 0.07024135682065885], [0.07481081478824729, 0.07338082169693569, 0.07060183957438255, 0.08116239603979343, 0.08323148144898332, 0.08048914943329981, 0.08148490108333577, 0.0807262983611766, 0.07568201545656648, 0.07490553889837781, 0.0713674913961708, 0.08186133589103343, 0.07029591593169712], [0.07477966617968315, 0.073477317535606, 0.07058776470669186, 0.08165427269244624, 0.08333333333333333, 0.08026615660206736, 0.08132529712841662, 0.08053162545569616, 0.07557425490711446, 0.07475298187705923, 0.07135945645332593, 0.08205386217035202, 0.07030401095820767], [0.07479162126453008, 0.07338236360890998, 0.07055332713730333, 0.08125098088794479, 0.08333333333333336, 0.08046489676423178, 0.08148948377190306, 0.08071282001993363, 0.07564888159898889, 0.07485199747413138, 0.07132703321385099, 0.08194200570202101, 0.07025125522291796], [0.07480900179514807, 0.07361436030710354, 0.07069058534618941, 0.08204381433428726, 0.08305874871996348, 0.08007838589650178, 0.08114357104853806, 0.08036381199772802, 0.0755409973521491, 0.07470474749888777, 0.0714549087741353, 0.08207152753743246, 0.07042553939193566], [0.07479095615455032, 0.07366824968208009, 0.07073852381096378, 0.08230896914059725, 0.08333333333333334, 0.07990526429200202, 0.08096911791614975, 0.08020272842681997, 0.07548320681839707, 0.07464570758576226, 0.0714940472580171, 0.08197444662467836, 0.0704854489566488], [0.07482544630273096, 0.07378473610561712, 0.07073522427694859, 0.08261294154755401, 0.08299904573835046, 0.07982196442670719, 0.0809581233528798, 0.08016140677639737, 0.07546451706099619, 0.07457683031843314, 0.07150678544580004, 0.0820554857137946, 0.07049749293379064], [0.07481232187689096, 0.07386911119468186, 0.07076696230431949, 0.08298073758848741, 0.08333333333333334, 0.07961599266379969, 0.08078471876102161, 0.0799756350333917, 0.075395127398716, 0.07448734316610786, 0.07153726519992878, 0.08189538936179927, 0.07054606211752212], [0.07490549468111954, 0.07406996437874963, 0.07082532298797804, 0.08312724943807837, 0.08289620667299752, 0.07951763198541113, 0.0807551342269081, 0.07991888815846002, 0.0754260177553024, 0.07445025080870377, 0.0716142763465725, 0.08186892259481283, 0.07062463996490607], [0.07493856218516674, 0.07415485329013938, 0.07075913448508912, 0.08333333333333333, 0.0826710547044844, 0.07948713328340386, 0.08078557635085255, 0.07992421355910471, 0.07542602189048792, 0.07438338688491672, 0.07157572734766159, 0.08199251753342235, 0.07056848515193734], [0.0750146243396513, 0.07429271326424415, 0.07076183541075902, 0.08333333333333333, 0.08237557866648583, 0.07945104580827975, 0.08079036568195226, 0.07991901413645176, 0.07546297489842056, 0.07435851039428937, 0.07160155947391147, 0.08205537545792473, 0.07058306913429643], [0.07510900841081225, 0.07445628978565437, 0.07079857249967765, 0.08333333333333333, 0.08205527931828466, 0.07939825268543847, 0.0807595793952409, 0.07989547873512784, 0.07551392920682852, 0.07435079347305076, 0.07165884258982472, 0.08203774547546903, 0.07063289509125745], [0.07517180975344004, 0.07456377864772683, 0.07083378067308456, 0.08333333333333333, 0.08185807596539618, 0.07935782752637213, 0.08072334568514347, 0.07988780209990289, 0.07554888794219601, 0.07435218526200242, 0.07170521931894025, 0.08198751281705717, 0.07067644097540474], [0.07526332067198069, 0.0747184239013244, 0.07089772602783946, 0.08333333333333336, 0.08159330562192522, 0.07929491302799037, 0.08065573442214999, 0.07986488030117628, 0.07560134867340401, 0.074362351378096, 0.07178246398153994, 0.08188016246216662, 0.07075203619707388], [0.07534753718748123, 0.07484127606852113, 0.07088876337785255, 0.08333333333333334, 0.08131596823067938, 0.07927958570480963, 0.08064558467576496, 0.07989994210256107, 0.07565619148233713, 0.07435759138077275, 0.0717991304850673, 0.08188440117550169, 0.07075069479531793], [0.0755581330199136, 0.07521452831491712, 0.07108906958500939, 0.08333333333333333, 0.08077774073860719, 0.07909346481804154, 0.08039965355626691, 0.07977164474255712, 0.07577771157449388, 0.07440632591384362, 0.07201870720369173, 0.08158248314557165, 0.0709772040537529], [0.07569998955466029, 0.07537649516937012, 0.07106307807015501, 0.08317427616177867, 0.08041510117244356, 0.07912317068955563, 0.08042994276132442, 0.07986420819571051, 0.07589205014851742, 0.0744346787122963, 0.0720336533973788, 0.08153742021196946, 0.07095593575483965], [0.07546598869060722, 0.07496173505459233, 0.07082037095389199, 0.08310672280043419, 0.08096746935467422, 0.07935308311413017, 0.08072778392372197, 0.08004549300101875, 0.07575725526938477, 0.07437128580556161, 0.07177404117773921, 0.08196424393922473, 0.07068452691501892], [0.07582197452392846, 0.07552937655935904, 0.07109190775201767, 0.08303428149148159, 0.08012939011143967, 0.07914367323734324, 0.08040647810717177, 0.07988813591635004, 0.07598614382064964, 0.07447181911105383, 0.07208745259939439, 0.08141876910807214, 0.07099059766173835], [0.07595570865611011, 0.075649261336062, 0.07099303069747212, 0.08333333333333334, 0.07967917840946724, 0.07924877550308888, 0.08041174018423798, 0.07997171829555741, 0.07609892418002656, 0.07447940633897232, 0.072041460560378, 0.08124515813607765, 0.07089230436921651], [0.0760445740557088, 0.0756685978129984, 0.07093960567729002, 0.08302028052704337, 0.07949577769838097, 0.07940128398036833, 0.08051193244926763, 0.08011637354052266, 0.07620163545779626, 0.07453438443810195, 0.07201501848726911, 0.0812190662276831, 0.07083146964756938], [0.07612821970884527, 0.07564385999038299, 0.07075139148879583, 0.08333333333333333, 0.0791206640524926, 0.07960372082459959, 0.08064803317095406, 0.08029845129981975, 0.07631079493747714, 0.07455230236012354, 0.07187894323057965, 0.08110039436126806, 0.07062989124132815], [0.0763001054201121, 0.07574894874835254, 0.07072830747131918, 0.08306310157798144, 0.07870697832351084, 0.07975443932251293, 0.0807489409810374, 0.0803919382453073, 0.07648638824495178, 0.07464895339791129, 0.0718954385394221, 0.08092609199257811, 0.07060036773500297], [0.07624913860034296, 0.07550421030649619, 0.07044911801839468, 0.08333333333333331, 0.07855555196318677, 0.08004235912316816, 0.08105285574140916, 0.08068450302634582, 0.07652197194192184, 0.07464732188667954, 0.07164940164073362, 0.08101649070633428, 0.07029374371165345], [0.07485605592486545, 0.07327576689420515, 0.07068086858676356, 0.08056506999284946, 0.08333333333333334, 0.08072540979701773, 0.08151937760164714, 0.08086573901543191, 0.07582030276813417, 0.07512101626379941, 0.07142809337658745, 0.08146080668444008, 0.07034815976092518], [0.07481627030957225, 0.0734030954040346, 0.07073281083662773, 0.08119104689839231, 0.08333333333333334, 0.08037406636712228, 0.0813187549366691, 0.08059361165741104, 0.07568398294179254, 0.07495384843703481, 0.07147154900934599, 0.08169935520124141, 0.07042827466742271], [0.07482813912803607, 0.07335358475188085, 0.07070738174515785, 0.08096374899918021, 0.08333333333333331, 0.08049176092078207, 0.08140603251583788, 0.08069964976480563, 0.07573123593025945, 0.07501096405119782, 0.07144992093891467, 0.08163177816942978, 0.07039246975118425], [0.07481870091205507, 0.073451370868383, 0.07069722668600267, 0.0813810184317147, 0.08313416269331547, 0.08034527862379688, 0.08133943106559642, 0.08058391979357402, 0.07565612961223823, 0.07489012845092125, 0.07144813488396258, 0.08185304569424072, 0.07040145228419908], [0.07480740723283516, 0.07349345067831409, 0.0707943462416876, 0.081547384102955, 0.08333333333333333, 0.08017966609353303, 0.08115338646010425, 0.08041306642507497, 0.07561827356202735, 0.07487604134945579, 0.07152502156059057, 0.08175194768206531, 0.07050667527802357], [0.07483411529647926, 0.07362557034362809, 0.07085014151134846, 0.08193870134810849, 0.0829914716165309, 0.08003282339678003, 0.08104089324402622, 0.0802848547718398, 0.07558137413281268, 0.07480573906867037, 0.07158317425155368, 0.08184971240606632, 0.07058142861215567], [0.07481071764836777, 0.07352265385628812, 0.07074997626175819, 0.08166902448127514, 0.08317931558354275, 0.08018182872312538, 0.08118999775233915, 0.08042913133935986, 0.07560309908970837, 0.0748297234042868, 0.07149352033911388, 0.0818734355737265, 0.07046757594710822], [0.07480766646380031, 0.07368957031413803, 0.07086658243581635, 0.08226553530152517, 0.08333333333333333, 0.0798414638153293, 0.08085779061214729, 0.08011279016731114, 0.07550267924891588, 0.07470837554013955, 0.07159753638336656, 0.08180324996613272, 0.07061342641804422], [0.07483534193344711, 0.07377695646949771, 0.07093183037658157, 0.08246497981052071, 0.08312927816653919, 0.0797481115698728, 0.08077328005608816, 0.08003446571412222, 0.0754952360909035, 0.07469059344973432, 0.0716597908903341, 0.08177076830392652, 0.070689367168432], [0.07485317492245339, 0.07384131894155348, 0.07094111053278947, 0.08265050130940049, 0.08295883086744019, 0.07969414789476713, 0.08074925156345444, 0.08000025609336708, 0.07548384202754073, 0.07465603237278888, 0.07167530963545236, 0.08178895027747296, 0.07070727356151915], [0.07484839224761702, 0.07391234313376183, 0.07095893236133634, 0.08290871515027166, 0.0831542542225334, 0.07954928658432112, 0.08064005187159255, 0.07987528599885815, 0.07543430503486867, 0.07458526225858292, 0.07169500036702282, 0.08169968527859048, 0.0707384854906432], [0.07487322886056894, 0.07403034566405339, 0.07091442037201101, 0.08333333333333333, 0.0829912765788894, 0.07944542182377942, 0.08061887795850993, 0.0798156427734151, 0.07540283558369562, 0.07448338532997834, 0.07167511160312184, 0.08170477495335732, 0.07071134516528622], [0.07491561285233171, 0.07411734930430412, 0.07093116738571657, 0.08333333333333333, 0.08283686963830858, 0.07941307016737688, 0.0806172315769838, 0.07980205153333828, 0.07541903309718556, 0.07446672944566886, 0.07170221889431191, 0.08170876695907112, 0.07073656581206915], [0.07494827843454804, 0.07417133198365972, 0.07093540064298644, 0.08320556365483622, 0.0827448788197885, 0.07941421661714751, 0.08063961681450374, 0.07981582824174793, 0.07543825885155546, 0.07446294961548766, 0.0717151411444221, 0.08176350005791218, 0.07074503512140458], [0.07503378533518412, 0.07432833824459657, 0.07097985198125703, 0.08306963286002693, 0.08247293641101637, 0.07936590395372663, 0.08062810490176833, 0.07979481419608775, 0.07548102021233968, 0.07445295955027222, 0.07177644453720243, 0.08181315326052731, 0.07080305455599462], [0.07508023164267077, 0.07443382525497874, 0.07094812888531124, 0.08333333333333333, 0.08221926165881681, 0.07931388053667333, 0.08061362211858608, 0.07977127554163457, 0.07549076374213076, 0.07440201830445246, 0.07176859400549626, 0.08184264891830423, 0.07078241605761137], [0.07515030601276118, 0.07455762692175932, 0.07097642600028387, 0.08333333333333334, 0.08199297736038152, 0.07927198647537842, 0.08058705744296071, 0.07975091474812607, 0.07552762024971074, 0.07439514764041268, 0.07181223198489083, 0.08182357504453563, 0.07082079678546574], [0.07532027671226281, 0.07484479312103805, 0.07114003017622728, 0.08310012951929734, 0.0815664511018313, 0.07915815336279576, 0.08046190240871026, 0.0796960278728917, 0.07562809772706951, 0.0744362960564374, 0.07199051166313183, 0.0816513959300241, 0.07100593434828283], [0.07542625897805277, 0.07505719053405009, 0.07120998225229797, 0.08333333333333333, 0.08119714758483998, 0.07904081027266034, 0.08033053783267607, 0.07962713014510497, 0.07567771126486261, 0.07442797080621001, 0.07207926659676107, 0.08149996569711657, 0.07109269470203408], [0.07555781017326672, 0.07524213599809669, 0.07116122766595598, 0.08333333333333333, 0.08080191939412242, 0.07904074600331135, 0.08033351685816426, 0.07970272651760195, 0.07576887205601798, 0.07441892071094482, 0.07207706513076145, 0.08150860474954674, 0.07105312140887625], [0.07546453830771169, 0.07506502312922031, 0.0710735902608154, 0.08323762823039901, 0.08106553509179802, 0.07913907021952306, 0.08046070986376087, 0.0797747288955186, 0.07571903315586918, 0.07440433572235297, 0.07197974674204118, 0.0816633628213326, 0.07095269755965702], [0.07535036117047675, 0.0748963145872136, 0.07107556533407282, 0.08333333333333334, 0.08139136232789797, 0.07915213631471368, 0.08047268464969494, 0.0797289065809624, 0.0756412446913392, 0.07439999473565076, 0.07194974021867992, 0.08166290394219221, 0.07094545211377251], [0.07521897976375343, 0.0746698869926565, 0.07097767470716411, 0.08333333333333333, 0.0817674581154919, 0.07924975001910986, 0.08058124454386333, 0.07977329212955986, 0.07556717571672864, 0.07438477297051475, 0.07183362264492892, 0.08181242449498588, 0.07083038456790954], [0.07543364614004822, 0.07502795069892707, 0.0710753066971782, 0.08333333333333333, 0.08113400463791787, 0.07912832008530939, 0.0804492052297981, 0.07975000359083498, 0.07569417038715716, 0.07439693828836262, 0.07197332075762994, 0.08165065190715319, 0.07095314824634989], [0.07539557362725521, 0.07491081720462864, 0.07089322556455886, 0.08333333333333333, 0.08116908989635009, 0.07926656981687479, 0.08062945236314874, 0.07991136399736427, 0.07568804782903583, 0.07435978610571928, 0.07181601362306375, 0.08186738483245637, 0.0707593418062108], [0.07564227645494136, 0.07535207046418602, 0.07114294048081322, 0.08333333333333333, 0.08056399616077813, 0.07904058675200278, 0.08032554611718709, 0.07974320018281728, 0.07583110253638425, 0.07442488324134305, 0.07208500121561288, 0.08147561372940935, 0.07103944933119119], [0.07573965689446811, 0.07547894087545426, 0.07114077428021615, 0.08333333333333333, 0.08030164193681459, 0.07902842554114346, 0.08031558237412334, 0.07977013346634582, 0.07590307088942352, 0.07443968853185375, 0.07210887602756173, 0.08139729432100493, 0.071042581528257], [0.07588845169504958, 0.07564839288525757, 0.07117444364637329, 0.08297218333729785, 0.07999845242954091, 0.07910094732291763, 0.08031973927686133, 0.07982682005791099, 0.07602561450834387, 0.07449794316905047, 0.07217176023668087, 0.0812943301832475, 0.07108092125146828], [0.07597059709415559, 0.0757407744887644, 0.0711487450077101, 0.08309977852908682, 0.07975063156417879, 0.07913647908359481, 0.08029705698191315, 0.07984705816330435, 0.0760892881734611, 0.07450699899654674, 0.07217225896531099, 0.08118249080567026, 0.07105784214630288], [0.07609512537766067, 0.07579885656419019, 0.07104806405087799, 0.08305464956892672, 0.07941404091396027, 0.07930124725764437, 0.08037421572801852, 0.07999449172899084, 0.07621667531674592, 0.07454794215865161, 0.0721179476151756, 0.08108600750612674, 0.07095073621303052], [0.07624470323342199, 0.07586895814154125, 0.07095989394250196, 0.08307738337106443, 0.07900272484029885, 0.07946334800616985, 0.08046172814942454, 0.08011924470187345, 0.07636872464393187, 0.07460685834778036, 0.07207855771588033, 0.08089234606696664, 0.0708555288391445], [0.07633998815368931, 0.07589349609904433, 0.07088636894482049, 0.08297879636235521, 0.07873376651831081, 0.07959863025121776, 0.08057402357138896, 0.08022413359833064, 0.07647812677915672, 0.07465700504586834, 0.0720373010772978, 0.08082474343483598, 0.07077362016368381], [0.07639997810580486, 0.07581507146812108, 0.07068741752842442, 0.08333333333333333, 0.07838783570318215, 0.07980098813447817, 0.0807456484452312, 0.08038763730943403, 0.0765806186366554, 0.07468154189580747, 0.07188460732531742, 0.0807383060216604, 0.07055701609255002], [0.07635970832501754, 0.07553881606859351, 0.07044457608418155, 0.08306006469016575, 0.07830309155883583, 0.08017651928801807, 0.08113193552343118, 0.08076648992221651, 0.07665265811415832, 0.0747393411949076, 0.0716653719734418, 0.08088055496734252, 0.07028087228968974], [0.07524538083625755, 0.07472376975678437, 0.07112253918223889, 0.08313091514880036, 0.08178466044802826, 0.07918570217894044, 0.08048057566064334, 0.07968308412629002, 0.07558342821589374, 0.07443822256898266, 0.07195476862465383, 0.08168720321993204, 0.07097975003255448], [0.07515142983605944, 0.07456222673046282, 0.0711148021531118, 0.08313392488375923, 0.08208136949129369, 0.07922547429196061, 0.08049406731474629, 0.0796747801390616, 0.07553282110155916, 0.07445650028032827, 0.07192000748609623, 0.08169336330605828, 0.07095923298550275], [0.0750659864513256, 0.07440439568175988, 0.07110058726802235, 0.08314604414664516, 0.08235811022159227, 0.07927298243236655, 0.08050632488278923, 0.07969265548852152, 0.07549190628940822, 0.0744804543350761, 0.07188183370822691, 0.08166737993462742, 0.07093133915963898], [0.07501114124038241, 0.07431498406143797, 0.07107846441048189, 0.08333333333333334, 0.08249684802983949, 0.07927971032972773, 0.08049133802405171, 0.07968377292056726, 0.07545846128163532, 0.0744782715194224, 0.07184853563089268, 0.08162263769803121, 0.07090250152019663], [0.07497054121513311, 0.07421128955107661, 0.07109847001361877, 0.08313819842043244, 0.08272544401801406, 0.07933493938505845, 0.08050132483178606, 0.07971043237850373, 0.07545521411113594, 0.07453027309061648, 0.07184835985913524, 0.08156486108177234, 0.07091065204371662], [0.07488384016348684, 0.07401842576489137, 0.07106341166504593, 0.08301833311137864, 0.0831105945403139, 0.07942031439960393, 0.08051445070172283, 0.07975313156878946, 0.07542975005982719, 0.0745785444816481, 0.07179083698364276, 0.08156285886166877, 0.07085550769798027], [0.07485367878795401, 0.07393539960096987, 0.0710514072309744, 0.0828338064359166, 0.08333333333333333, 0.07947235920845942, 0.08052722777382153, 0.0797839493500744, 0.07543317628846825, 0.07461171049705148, 0.07176954671151795, 0.08156083004480877, 0.07083357473664993], [0.07550833927722639, 0.07497824839708478, 0.07075080196193408, 0.08300513416191047, 0.08082089949865445, 0.07942714260311512, 0.08080804765482671, 0.08015378833221794, 0.07580435746100915, 0.07437743189193421, 0.07172748928561662, 0.08202663025458302, 0.07061168921988722], [0.07572897637140605, 0.07534222376914491, 0.07094109626432166, 0.083112821372793, 0.08029696400015576, 0.07923784110655972, 0.08056616698006461, 0.08001225302967425, 0.0759378830073302, 0.07443376271457831, 0.07194041112228461, 0.08162344579973528, 0.07082615446195144], [0.0758755483162599, 0.07552832138236162, 0.0709371560890611, 0.08333333333333334, 0.07985857648548593, 0.07927002383422606, 0.08049126948136692, 0.08001472795786312, 0.07604504922311967, 0.07445373025642173, 0.07197561073532921, 0.08138672242495441, 0.07082993048021712], [0.07486437618305665, 0.07388965800372885, 0.07106161106972532, 0.08266074454051243, 0.08310810801134515, 0.07957555500479944, 0.08059587436102145, 0.07986890044247695, 0.07547781830686202, 0.07467860690264415, 0.07177467088419649, 0.08161038966773104, 0.07083368662189994], [0.07486329446176336, 0.0738304678488694, 0.0710590644485224, 0.08245829318335551, 0.08305171378551185, 0.07966848612516639, 0.08066017620095574, 0.07994126836462778, 0.07551197534502958, 0.07473600358426784, 0.07176715094501367, 0.08163147950243366, 0.07082062620448283], [0.07482791658806087, 0.07371587583047612, 0.07099581805647406, 0.08219182598266364, 0.08333333333333334, 0.07977656268026034, 0.08075420978235795, 0.08002394045187326, 0.07552424951009142, 0.07477118812829205, 0.07170290353495722, 0.08163925855227779, 0.070742917568882], [0.07485694594867194, 0.07367302143320446, 0.07103273953340805, 0.08191401039881697, 0.0830438974361831, 0.07990306005476633, 0.08085529679733457, 0.08013578830613426, 0.07559671068714288, 0.07487584738738493, 0.07173205307886882, 0.08161361377097186, 0.07076701516711187], [0.07484176409602282, 0.0735817430483845, 0.07098273490108846, 0.08165154507508253, 0.08320147896486625, 0.080020406922955, 0.08095392239641117, 0.08024208059565838, 0.07562658683642194, 0.07492428446059092, 0.07168340851954084, 0.0815866456560099, 0.07070339852696719], [0.07482794470625562, 0.07352909393875229, 0.07093480565941902, 0.08152806744796451, 0.08333333333333333, 0.08008568755365154, 0.08101371762305351, 0.08030350141567394, 0.07563513666721101, 0.07493583154503003, 0.07163987493269451, 0.08158434625542345, 0.07064865892153725], [0.07483085688247826, 0.07347552229616297, 0.07089814606632806, 0.0813355233992863, 0.08333333333333331, 0.08019279494738372, 0.08110488135660644, 0.08040276506769155, 0.07567054556019205, 0.07497879902267775, 0.07160761432320678, 0.08156694883758597, 0.07060226890706667], [0.07485910965248219, 0.07344937071326631, 0.07089987292666342, 0.08113634007292028, 0.08312678223052924, 0.08030992814812057, 0.08119428660694857, 0.0805077544492565, 0.0757300855855536, 0.07504938438599162, 0.07161128494955663, 0.08153098472100237, 0.0705948155577088], [0.07487461033324785, 0.07338585904224482, 0.07090801322592959, 0.08082926062683997, 0.08317716820269497, 0.080465648680399, 0.0812398564289742, 0.08059459370328123, 0.07579304858631956, 0.07514306087568971, 0.0716152063337623, 0.0813847300493638, 0.07058894391125302], [0.07492657253697686, 0.07333753037470361, 0.070907671026685, 0.080532794342671, 0.08307682468464382, 0.08064332565896223, 0.08130806771356737, 0.080708220486719, 0.0758693597177661, 0.07523953849173683, 0.07161628959535803, 0.08125862023682104, 0.07057518513338917], [0.07485011600700875, 0.07333580341443775, 0.07078711555188237, 0.08078145408360768, 0.08333333333333334, 0.08054323503754739, 0.08135523742300027, 0.0806932284151108, 0.07578016492622487, 0.07510104701910314, 0.07151389170554986, 0.0814608831987551, 0.07046448988443876], [0.07561910003946706, 0.07527700551751372, 0.07104250977774992, 0.08333333333333333, 0.08059164774482565, 0.07912081788889264, 0.08042816024574545, 0.07983568553324565, 0.07582807005818833, 0.07440708025988675, 0.07199708576226203, 0.08158773303638904, 0.07093177080250036], [0.07553350549533513, 0.07510596695452967, 0.07091388048788193, 0.08333333333333333, 0.08077448249416845, 0.07923210660423433, 0.08057301479193549, 0.0799384629916497, 0.0757836441499489, 0.07437696727714138, 0.0718697653211858, 0.08177437787901967, 0.0707904922196362], [0.07579826291845237, 0.07529499827247504, 0.0707328784950712, 0.08302181317060173, 0.08000668496165504, 0.07949886120541744, 0.08079814780399994, 0.08028747341173066, 0.07604112650207877, 0.07445104743836245, 0.07178452743874363, 0.08168142807196996, 0.07060275030944171], [0.07562158700534899, 0.07512812057086206, 0.07073055683490771, 0.08333333333333334, 0.08042501256235735, 0.07938337572065504, 0.08075878222516096, 0.080168461429527, 0.07588231918508855, 0.07437643312519603, 0.07174219326124162, 0.08185064763025111, 0.0705991771160704], [0.07524071037457525, 0.07462030354166127, 0.07075126130904595, 0.08304556526995938, 0.08165246622359047, 0.0794568132114532, 0.08085983119942468, 0.08004119039990454, 0.07561406156529206, 0.07435402761693236, 0.07165612296126393, 0.08211442518934207, 0.07059322113755477], [0.07541809888391954, 0.07485997604519225, 0.07074436383785185, 0.08297200323049087, 0.08108902322405605, 0.07944284450250047, 0.080842194422045, 0.08012678616836509, 0.07573910947747912, 0.07436469995202644, 0.07169852505128597, 0.08210302754046706, 0.0705993476643204], [0.07588384910008991, 0.07533459252439971, 0.07065464915851832, 0.08307886455698177, 0.07971997834156344, 0.07962977705537329, 0.08085663210087245, 0.08040670985905257, 0.07613267849739258, 0.07448037694708028, 0.07173971544931278, 0.08156284396928251, 0.07051933244008028], [0.07598649480099988, 0.07531558281336541, 0.07050069842138623, 0.08306621839334169, 0.07932840961666189, 0.0798857821066645, 0.0810031997070957, 0.08064496513752496, 0.0762717165059818, 0.07453860081069484, 0.07163333693941783, 0.08147511222840062, 0.07034988251846462], [0.07653948310378829, 0.07579998770758718, 0.07061474278509032, 0.08300520290661886, 0.07803081784884758, 0.08004969261064364, 0.08091441799478287, 0.08056011837805975, 0.07676892534816136, 0.07480855911410304, 0.0718473496640508, 0.08059483014759539, 0.07046587239067097], [0.076504225679139, 0.07590886848808914, 0.07071540029260961, 0.08333333333333334, 0.07815669250546325, 0.0798177286848567, 0.08071013985372523, 0.08035554766584019, 0.07667243801093813, 0.07473284926417811, 0.07193021707767187, 0.08057694330702482, 0.0705856158371306], [0.07498022706259956, 0.07364002631933575, 0.0699551405769862, 0.08103889860532926, 0.08159945336259462, 0.08087998960232257, 0.08245302773104206, 0.08140962475154385, 0.07573050498432675, 0.07455153317697329, 0.0709138694427245, 0.08316972238752837, 0.06967798199669338], [0.07491641855309053, 0.07361919024471328, 0.07006558918235047, 0.0813539611679068, 0.0819315012463246, 0.08070371850813034, 0.08216534470199623, 0.08118148157972266, 0.0756565028815988, 0.07454270830314721, 0.07098776111816282, 0.08308324986109322, 0.06979257265176304], [0.07489983964742067, 0.0736828749399994, 0.07009076389842823, 0.08161910172692427, 0.08193938954695704, 0.0805181693720628, 0.0820016132939771, 0.08100853350444695, 0.07559680367727101, 0.07446885217159689, 0.07101004528070257, 0.08333333333333331, 0.06983067960687953], [0.07489786394156307, 0.07375071755214001, 0.07017632609532083, 0.08188532109414186, 0.08216993756931981, 0.08035202100912829, 0.08181462784032309, 0.08083670227991577, 0.07556087954323773, 0.07444201487530612, 0.07108174280485065, 0.08310471173546194, 0.06992713365929092], [0.07496075349337346, 0.07390790109338487, 0.07020297721628924, 0.08203873993106242, 0.08209584494663079, 0.08021553955442817, 0.08172961815402538, 0.08073858253860441, 0.07556737862809895, 0.07438697703895922, 0.07112541036640767, 0.08305930969616729, 0.06997096734256827], [0.07503960994295433, 0.07404415845684734, 0.07020005349686688, 0.08201936690227869, 0.08184291319761876, 0.08016278327429363, 0.08171400975540244, 0.08072230078155614, 0.07560676306314118, 0.07436000482939448, 0.07114682680194842, 0.08316174262561568, 0.06997946687208195], [0.07514889919372554, 0.07412873238973011, 0.07010068977067956, 0.08176155483978781, 0.0813385469539129, 0.08029506730426642, 0.08189491711161578, 0.08093967499079999, 0.07571198632829865, 0.07437369093345231, 0.07109350340627828, 0.08333333333333333, 0.06987940344411932], [0.07519750323530143, 0.07400247371598791, 0.06990263910375917, 0.08140836309887842, 0.08082823219880654, 0.08069450690664413, 0.08235082115027119, 0.08139556390964156, 0.075838758258165, 0.07445503598857048, 0.0709366999631972, 0.08333333333333333, 0.06965606913744365], [0.07509355058490814, 0.07374600773734885, 0.06977916427623071, 0.08113247613662211, 0.08096576604432192, 0.08098286123646652, 0.08271016612620287, 0.08161920933234572, 0.07582401687171343, 0.0745030852345343, 0.07080405208102224, 0.08333333333333333, 0.06950631100494983], [0.07502776097010144, 0.07363828576323278, 0.06980307088093411, 0.08090647958434621, 0.08123678804845524, 0.08103889557986138, 0.08273405061984845, 0.08162996300414956, 0.07579094219909405, 0.07453577808250723, 0.07080358438385137, 0.08333333333333333, 0.06952106755028471], [0.07503374836688094, 0.07375792442231126, 0.06995261677336281, 0.08112025103940682, 0.08136277465821974, 0.08078706575337524, 0.08242791976525214, 0.08135931166727489, 0.07574235950294086, 0.07450514820016332, 0.07092982270896254, 0.08333333333333333, 0.06968772380851601], [0.07495779447051382, 0.07366745860490788, 0.06998337765952592, 0.08122954185672167, 0.08164872358133135, 0.08075020438413427, 0.08231266628261463, 0.08127632458585081, 0.07568408089254418, 0.07450834839491699, 0.07093449866323195, 0.08333333333333336, 0.06971364729037342], [0.07499445633825275, 0.07384137319579921, 0.07005973617511313, 0.0815928010655415, 0.08170229691449932, 0.08048046119324921, 0.08206476123369127, 0.08103326377200042, 0.07564518486984124, 0.0744254513519635, 0.07101376583742901, 0.08333333333333334, 0.0698131147192862], [0.07510774667260779, 0.07396770369102251, 0.07002603334207581, 0.08141295666442216, 0.08132772929842011, 0.0805366685216175, 0.0821735178800413, 0.08114025026689962, 0.07573727711054709, 0.0744365100046881, 0.07101552800188486, 0.08333333333333331, 0.06978474521243964], [0.07505925842590723, 0.07388808686133386, 0.0700216241978282, 0.08139162705133267, 0.08144427176935513, 0.0805732104875171, 0.08220169536481349, 0.08115647992458541, 0.07571109353878144, 0.07444730782229393, 0.07099800440210419, 0.08333333333333334, 0.06977400682081408], [0.0751266461613931, 0.07391007100496988, 0.06994432468206872, 0.0812414768116023, 0.08109399705266815, 0.08071634486137545, 0.08238830420984286, 0.08133728482148199, 0.07579135927120423, 0.07447471627537318, 0.07095030954258226, 0.08333333333333333, 0.06969183197210448], [0.07495384703311608, 0.07377370268578477, 0.07006716717279989, 0.08159547320015563, 0.08180576269592174, 0.08050088858303021, 0.08205243677310142, 0.0810300549437898, 0.07562402086572596, 0.07444076501159627, 0.07100762963489202, 0.08333333333333333, 0.06981491806675287], [0.07501512372937634, 0.07395923047390401, 0.07012518277098703, 0.08184613402160225, 0.08178820336896174, 0.0802812044237843, 0.08185202694827629, 0.08084206862410555, 0.07561370379412656, 0.07437137341068907, 0.07107775918100324, 0.08333333333333333, 0.06989465591985024], [0.0751066579346158, 0.07405370518458756, 0.07009979857879714, 0.08166544846648807, 0.08147232183943054, 0.0803426497610277, 0.08194629379934201, 0.08094545925268692, 0.07569257911214637, 0.07438970507849603, 0.07107992708878491, 0.08333333333333331, 0.06987212057026346], [0.07522608587906604, 0.07410393612311872, 0.0699932321911069, 0.0815584616671849, 0.08092819117352196, 0.08055273486577941, 0.08218103604517508, 0.08125819701693869, 0.07582968903600527, 0.07444279291179658, 0.0710196893798187, 0.08314772183460195, 0.06975823187588576], [0.07522780956434531, 0.0741979211931802, 0.0700826035573983, 0.08180154303089467, 0.08107646698373193, 0.08035509215928707, 0.0819533020953972, 0.08105452355808317, 0.0757860514104133, 0.07440180888706602, 0.07109726304209069, 0.0831038691604644, 0.06986174535764773], [0.07497188252826956, 0.07387561115249915, 0.07015692020967611, 0.08186654119707157, 0.08196943952087751, 0.08032543330604387, 0.08186023682525585, 0.08085529917724282, 0.07559894600372641, 0.0744107874194151, 0.07108855201097969, 0.08310206733488766, 0.06991828331405457], [0.07510193840822108, 0.07411786821462922, 0.07020115059628548, 0.08193773748136765, 0.08165599328930483, 0.08018508213232177, 0.08175205744664935, 0.080770243988981, 0.07565658152785512, 0.07437342414833827, 0.07116334311803535, 0.08310077240106385, 0.06998380724694704], [0.07517525573058347, 0.07421938440593687, 0.07018741885266169, 0.08191689161954571, 0.08139275788229997, 0.08016983017108877, 0.08174225701018689, 0.0808177337517464, 0.07570551559802226, 0.0743664303078305, 0.0711725518580899, 0.08315748962675172, 0.06997648318525562], [0.07498162016586418, 0.07329817270426842, 0.06970230857141017, 0.08042451719968832, 0.08151949779728263, 0.08164072214718993, 0.08306940301294415, 0.082110982962915, 0.07592327503264293, 0.07476213218387792, 0.07069252304687826, 0.08250348214339832, 0.06937136303163971], [0.07501029518735935, 0.07338224029223815, 0.06962595065498028, 0.08066768548281539, 0.08126016459317233, 0.08155722297851432, 0.083155827798912, 0.08212553494886277, 0.0759051465207959, 0.07467239455395346, 0.07064426887056884, 0.08268682301919007, 0.06930644509863697], [0.07511552440663347, 0.07358128142350484, 0.06958180713933945, 0.0810854617879196, 0.08080162038051836, 0.08139240650778798, 0.08313234920672806, 0.08207133408727864, 0.07593445974876094, 0.07458584602785152, 0.07064212218596108, 0.08279392961252842, 0.06928185748518749], [0.07530528912076667, 0.07379042804425263, 0.06956082672086364, 0.08147518760600005, 0.08024781932752109, 0.08134824738010112, 0.08295209236628748, 0.08221995605140842, 0.07608635273394461, 0.07460951138223801, 0.07067254214264461, 0.08246125936578096, 0.06927048775819067], [0.07553063997478611, 0.07372398956709458, 0.06940262731733983, 0.08123396218530754, 0.07958220017824298, 0.0818275940723947, 0.08333333333333334, 0.0829111782333057, 0.07643177281034805, 0.07485918174822945, 0.07058302799693585, 0.08150377486148642, 0.0690767177211955], [0.07551544989263234, 0.07344865296497942, 0.06948911144770546, 0.08051916376400887, 0.07976655447006244, 0.08246916945622469, 0.08283126194708752, 0.08333333333333333, 0.07659173092010911, 0.07517208698238612, 0.07062933683467987, 0.081114553061936, 0.06911959492485474], [0.07528317097011523, 0.07315227560079297, 0.06951677515266458, 0.08008312260310115, 0.08032986112902736, 0.08283287939927748, 0.08292866798207785, 0.08333333333333334, 0.07644696001683558, 0.07520244689733765, 0.07059152667484127, 0.0811724249063897, 0.06912655533420597], [0.07511018678271576, 0.07310037891390504, 0.06961527226609018, 0.08004068072837145, 0.08098911867030062, 0.08244355856480323, 0.08312383971534168, 0.08280299732360866, 0.07623332887924159, 0.07508891998478148, 0.07063394843397039, 0.08158172741546027, 0.06923604232140966], [0.07498859194768065, 0.07320561605309253, 0.06962183581378524, 0.08032882634197404, 0.08139431021626087, 0.0818677142398757, 0.08333333333333331, 0.08230695131678957, 0.07598478455577455, 0.07482138201514904, 0.07062495277534865, 0.08224584740903466, 0.06927585398190104], [0.07501431139190703, 0.07331938033016265, 0.06956434575238678, 0.08061286094202375, 0.08118857165841425, 0.08170904182254005, 0.08333333333333336, 0.08227718712996267, 0.0759448651607769, 0.07470692567826859, 0.0705927469069012, 0.08250153287146623, 0.06923489702185681], [0.0751080608046338, 0.07345930882348861, 0.06950394746137453, 0.08093169820593422, 0.08079580522456932, 0.08164142130197234, 0.08333333333333333, 0.08232396191468162, 0.07598792398822116, 0.07465407275711647, 0.07057164868582783, 0.08250254131266321, 0.06918627618618353], [0.0751630848494174, 0.07354235068171489, 0.06948801525946326, 0.08109806810485592, 0.08059663805213027, 0.08157980028478425, 0.08333333333333334, 0.08229999473803021, 0.07601794837493035, 0.0746327028192237, 0.07057448037828584, 0.08249655508453677, 0.06917702803929385], [0.07524092079643425, 0.07353260414497587, 0.06943802264216195, 0.08108172902522591, 0.08036640680995635, 0.08176517569212008, 0.08333333333333336, 0.08255210889189865, 0.07613155488649088, 0.07471271526599504, 0.07054802641149806, 0.08218100743004024, 0.06911639466986957], [0.07510273101353562, 0.07325049959332876, 0.06948195361870432, 0.08051252599565287, 0.08085817715400519, 0.08211090070352643, 0.08333333333333333, 0.08270443723215011, 0.07611157398732361, 0.07484635165340338, 0.07053912485500548, 0.08201729344276897, 0.06913109741726181], [0.07519501384195106, 0.07320967599634413, 0.0694341048048103, 0.08038796144872505, 0.08051471439870435