[[0.07180224515249153, 0.07302647303495526, 0.07996669091354809, 0.07458974566030158, 0.08333333333333333, 0.08070095345625697, 0.08016384033023778, 0.07354081186375197, 0.06988073112301196, 0.08057317710879686, 0.06900720515768942, 0.08188250327882382, 0.08153228958680139], [0.07187810061358653, 0.0729594783571049, 0.08026711936624802, 0.07450783405532145, 0.0831440540281574, 0.08105491302068295, 0.07995163443416292, 0.07351701897604275, 0.0699050009746281, 0.0804007310563052, 0.06907952826935054, 0.08197678319752161, 0.08135780365088768], [0.07194261619556531, 0.07285903130970627, 0.0805884119115844, 0.0743899288665104, 0.08333333333333333, 0.0814528782516274, 0.07968072288665488, 0.07346473486319982, 0.06990763379668048, 0.0801652425964769, 0.06913678785863901, 0.08197331650389103, 0.08110536162613063], [0.07200460128258487, 0.07277300865290416, 0.08086545686246321, 0.07430182102363526, 0.08333333333333334, 0.08178310162803697, 0.07948531490543642, 0.07343194223248431, 0.06989688258741719, 0.08000253545788587, 0.06917231350098155, 0.08202478103328474, 0.08092490749955215], [0.07210122275942303, 0.07270152619872852, 0.08115432075450629, 0.07421705946871847, 0.08333333333333331, 0.0821454507350873, 0.07924467896566668, 0.07341326104215695, 0.06992605223691702, 0.07978687918986321, 0.06925709058128345, 0.08202222330313613, 0.0806969014311794], [0.07214789516590774, 0.07261693142814526, 0.08138635725640225, 0.07414386070000151, 0.08333333333333333, 0.08241556009449608, 0.07910242296059314, 0.07338541322218557, 0.06989002650351668, 0.07967215431188919, 0.06925909042079997, 0.08204238293242651, 0.08060457167030269], [0.07217330922732991, 0.07242820057977917, 0.081802940949052, 0.07401055664208424, 0.08333333333333333, 0.08286950628129494, 0.07895080030794478, 0.07331404699179017, 0.06973169468706403, 0.07955915246149044, 0.06915357032759498, 0.08211879470892326, 0.08055409350231868], [0.07229939908498252, 0.07233350244825235, 0.08221891910787758, 0.07395793276844445, 0.08286931684912364, 0.08333333333333334, 0.07880540048322035, 0.07332636287313245, 0.0696995903262806, 0.07943052055166298, 0.06918171316596718, 0.08208738035172743, 0.08045662865599518], [0.0724481959582884, 0.07228252673746094, 0.08268533896105044, 0.07397413420031111, 0.08240953018374474, 0.08304129455083153, 0.07878486464794665, 0.07339456116193133, 0.06966812725302504, 0.07943094139697025, 0.06919710917640681, 0.0821961647192719, 0.08048721105276087], [0.07271709744242044, 0.07225312824986602, 0.08333333333333333, 0.07402259093307356, 0.08174751278549229, 0.08278031776780463, 0.07870459165375626, 0.07352484301324798, 0.06969146235420423, 0.07936206522988941, 0.06929193306753767, 0.08215283125443959, 0.08041829291493455], [0.0731360161221028, 0.07238789932958947, 0.08333333333333333, 0.07422417475767902, 0.08107344885371828, 0.08208982601746556, 0.07870668156536682, 0.07381115785211126, 0.06989197388685818, 0.07935707719301496, 0.06956211554041387, 0.08205954777456409, 0.08036674777378237], [0.07355799407056271, 0.07257105818010796, 0.08316784231226945, 0.07441728684219556, 0.08059988415254937, 0.08162644723586812, 0.0786207324419584, 0.07408817311888813, 0.07018974860505184, 0.0792435872632807, 0.06992969417285208, 0.08180688804348014, 0.08018066356093552], [0.0738129057520855, 0.07265996712021183, 0.08333333333333333, 0.0745908953033583, 0.08005716103386766, 0.08102463381373635, 0.0787503953798575, 0.07430470077452574, 0.07025950567891256, 0.07930253038149586, 0.07002626681093153, 0.0816841324934622, 0.08019357212422165], [0.07400795761316026, 0.07275705544035248, 0.08333333333333334, 0.07474842235698381, 0.0796596793551249, 0.08058024250993359, 0.07887508074144933, 0.0744884718270496, 0.0703358266035706, 0.07935637368829457, 0.07011544926488433, 0.08152042454824626, 0.08022168271761704], [0.07414666906786611, 0.07285913748187747, 0.08333333333333333, 0.07494314145525263, 0.07918418723946007, 0.08002518714539314, 0.0791066762668551, 0.07468526887780191, 0.07035227789417664, 0.07953488227232192, 0.07011862060368648, 0.08138691372315755, 0.08032370463881763], [0.07414889344775907, 0.07292549081838796, 0.08333333333333331, 0.07508927285552677, 0.07885122549118147, 0.07961004725759019, 0.07935976987880136, 0.07480105493236522, 0.07030210194186379, 0.07975476277149857, 0.07003041421970208, 0.08132200645574063, 0.08047162659624939], [0.07416998399705287, 0.07304971381592476, 0.08333333333333333, 0.07530925732666714, 0.07837565113945251, 0.07903347454852969, 0.07968331530867867, 0.07497931489169304, 0.07028213503992842, 0.08001426985007334, 0.06995916487736685, 0.08109335140951601, 0.08071703446178334], [0.07399725742277588, 0.07313542966193716, 0.08333333333333333, 0.07549460236644472, 0.07804338121113681, 0.07847152973359814, 0.08012587383849257, 0.0750639309820465, 0.070145719225501, 0.08039776455181248, 0.06972656902576024, 0.08094170603888867, 0.08112290260827248], [0.0718911272346148, 0.07327254447053268, 0.07956792970098639, 0.07477548178483553, 0.08333333333333333, 0.08029670259916254, 0.08029440685604565, 0.07367657275152632, 0.07010534612820256, 0.08059309447799863, 0.0691825010473953, 0.08152769906780231, 0.08148326054756393], [0.07193152623711292, 0.073168279780682, 0.07994664803396619, 0.07466115328960136, 0.08306862249829547, 0.08073312614588474, 0.08005162239005956, 0.07362523033239844, 0.07010715863068875, 0.08041798604236108, 0.06924395456191137, 0.08170811420433172, 0.08133657785270607], [0.07193950269909943, 0.07308522359658118, 0.08014423924457184, 0.07457395447486037, 0.08321673129733896, 0.08097044131941249, 0.07989490731246242, 0.07357658685290669, 0.07007888276109522, 0.08029319694726963, 0.06924769393047875, 0.08176142774491248, 0.08121721181901062], [0.07198441006292071, 0.072891875213936, 0.08059899083649545, 0.0743989741038588, 0.08333333333333334, 0.08148921542233233, 0.07961999012076175, 0.07348402767071367, 0.06997726714178802, 0.08009388789050734, 0.0692150222608365, 0.08189186947265224, 0.08102113646986389], [0.0719142455049987, 0.07300725155454733, 0.08024574688088267, 0.07451515463345162, 0.08333333333333334, 0.08107560298876097, 0.07985765950911011, 0.07353141824172024, 0.07000033778353328, 0.08028180643068522, 0.06918062207180717, 0.08183936997117547, 0.081217451095994], [0.07206724828723296, 0.07280091279956402, 0.08090971062778844, 0.07430057651480093, 0.08333333333333333, 0.0818663382594422, 0.07938256608523407, 0.07345205844851094, 0.06998187589851139, 0.07989110956927407, 0.06927540856752339, 0.08194386726092456, 0.08079499434785961], [0.07215468164148613, 0.07277745432121227, 0.0810730064826737, 0.07425386405879393, 0.08333333333333333, 0.08214855201851126, 0.07919531226425218, 0.0734532057992465, 0.07004512947541681, 0.0797124705350933, 0.06937915660886149, 0.08187495557864609, 0.08059887788247298], [0.07218306579064333, 0.07262647420886797, 0.0814185066161147, 0.07414461120081368, 0.08325539111970391, 0.08249210388827095, 0.07906044343706897, 0.07339834347546828, 0.06992467756573494, 0.07962935159736281, 0.06930411711172382, 0.0820032055257015, 0.08055970846252507], [0.07228577163605455, 0.07255747524079423, 0.08165141228392438, 0.07406708635142498, 0.08333333333333334, 0.08292174924450736, 0.07883619521907302, 0.07338677899329758, 0.06995180253735608, 0.07941390090814103, 0.06938730910296755, 0.0818488429262833, 0.08035834222284263], [0.07241721237449024, 0.07245305844850901, 0.08208322021257183, 0.07401521011782454, 0.08281821539708838, 0.08333333333333333, 0.07870963584524307, 0.073401816344187, 0.06990449228458225, 0.07930968959000471, 0.06940285075563377, 0.0818561282651814, 0.08029513703135047], [0.07252433264279508, 0.07240466707774845, 0.0824442918796906, 0.07402131931316938, 0.08255340352764995, 0.08301177347708935, 0.07869984256986286, 0.07344726432077081, 0.06986786809200196, 0.0793185969259595, 0.06940231748556351, 0.0819713452796775, 0.08033297740802094], [0.07259797754181734, 0.07230571483072024, 0.08280023692899116, 0.0739826375256943, 0.08219543438983534, 0.08333333333333334, 0.07864155983488504, 0.07344995661606266, 0.0697763113575174, 0.07927681412086678, 0.06934810729379898, 0.08197985786471973, 0.08031205836175777], [0.07280388075898823, 0.07233228034648817, 0.08309340251561524, 0.07404784016382675, 0.08181565223705016, 0.08293329026695981, 0.07860819043677725, 0.07356699926792579, 0.069846569774156, 0.07924697049156995, 0.0694637341526793, 0.08196417285184238, 0.0802770167361209], [0.07293485115730948, 0.07235246332002959, 0.08333333333333331, 0.07408881828947826, 0.08158137307846659, 0.08269152442033705, 0.07857633803226999, 0.0736410143916395, 0.06989737997102131, 0.07921410215632861, 0.06954311426718833, 0.08191187757631317, 0.0802338100062846], [0.0731627794583716, 0.07243285204331908, 0.08333333333333334, 0.0741860708243955, 0.0812748074891781, 0.08239625122419854, 0.07854176028242942, 0.07378616950534413, 0.07003437484442594, 0.07917181389882666, 0.06972104154158835, 0.08179312416217245, 0.08016562139241698], [0.07334754354203704, 0.07248741928236511, 0.08333333333333334, 0.0742832740850741, 0.08095519911896816, 0.08202347396369895, 0.07856512045856559, 0.07391942257498207, 0.07010251285718136, 0.07919321989050115, 0.06981749670438399, 0.08180705454897205, 0.08016492963993713], [0.07386655782848596, 0.07270006678918252, 0.08333333333333334, 0.07450644277798756, 0.08034775029891147, 0.08142648430313888, 0.07844939953541935, 0.07424991910178398, 0.0704623063784068, 0.07902415743957411, 0.07026701526871727, 0.08146051877013111, 0.07990604817492779], [0.0740930439297757, 0.07279766894499203, 0.08314825579491641, 0.0746747210805951, 0.07993770382736662, 0.0809436598342896, 0.07859369342850109, 0.07445124104765762, 0.07053866527156943, 0.07910178950059608, 0.07036226591220768, 0.08140231805670942, 0.07995497337082333], [0.07349653738731259, 0.07252670258252066, 0.08333333333333333, 0.07440787124229964, 0.0805460825848823, 0.081544410846737, 0.07868776894384542, 0.07406472683627312, 0.07009149033130437, 0.0793197739506553, 0.06981684444679741, 0.08190075100945562, 0.08026370650458325], [0.07428770789265673, 0.07288253678623123, 0.08316500973262093, 0.07480123708182272, 0.07961267907412578, 0.08059023066369914, 0.07865584659192824, 0.07461059163314473, 0.07062887225898538, 0.07910409384151207, 0.07047323504660769, 0.0812535053845659, 0.07993445401209945], [0.07451843401846377, 0.07301297630392015, 0.08305680090658153, 0.0750142255906146, 0.07913128892638503, 0.0800473399640573, 0.07883153518484348, 0.07484953689957667, 0.07071396935359735, 0.0792224110703411, 0.07056485446889314, 0.08106293920717221, 0.0799736881055536], [0.07449485336663948, 0.07300983872876848, 0.08333333333333333, 0.07508145737987598, 0.07889301160114927, 0.07976172926212234, 0.07898526461428479, 0.07489972629287249, 0.07061839029046217, 0.07935571131747063, 0.07044451063610127, 0.08105339907150122, 0.0800687741054185], [0.07452319156136392, 0.07309567544979906, 0.08333333333333333, 0.07526332775747341, 0.078492311089055, 0.07927673903129247, 0.07925667330297276, 0.07505351998854154, 0.07057377983054293, 0.07957805084602736, 0.07035909653770021, 0.0809468018723521, 0.0802474993995459], [0.07469270450123693, 0.07327949570423804, 0.08302476838950772, 0.07551512846017729, 0.078050715930118, 0.07876964051713604, 0.07945834283057082, 0.07530242085552333, 0.07068953570006917, 0.07970225719108923, 0.07045473933195837, 0.08067791344707399, 0.08038233714130118], [0.07444562423215437, 0.07329025935040302, 0.08291532110731352, 0.07559716666411893, 0.0779068538287916, 0.07852628501754072, 0.07981476038926193, 0.07528728966859874, 0.07050795445049064, 0.08004442134466487, 0.07018549994615074, 0.08073533765500822, 0.08074322634550281], [0.07198323458528443, 0.07337210407096417, 0.0795558512780162, 0.0748106169076464, 0.08333333333333334, 0.0803296215042848, 0.08015228602526091, 0.07373105027112033, 0.07028346790800215, 0.08041869357269261, 0.06937108799290671, 0.08138305479745725, 0.08127559775303078], [0.07201404918725784, 0.0731847757365023, 0.0800817419524785, 0.07461398831549863, 0.08333333333333334, 0.08094605144856476, 0.07978429394018371, 0.07362489964399142, 0.07024603187418715, 0.08014596568303227, 0.06942109103298552, 0.08156682306151648, 0.08103695479046814], [0.07199198425395426, 0.07324493077776577, 0.07989482847648387, 0.07467979868266691, 0.08333333333333334, 0.08072477010826912, 0.0799221329533213, 0.07365180375913867, 0.07024840710728335, 0.08025342533803549, 0.0693909584952492, 0.08152415693252048, 0.0811394697819783], [0.07199519192793105, 0.07306256532674413, 0.08028503276396587, 0.07452483788553217, 0.08333333333333333, 0.08115980938794409, 0.07972612461814278, 0.07356400798425541, 0.0701300813449786, 0.08013456483808536, 0.06932921380435209, 0.08170962169970891, 0.08104561508502615], [0.07212891177043856, 0.07313745408549673, 0.08036872677101123, 0.07454839299499008, 0.08308671487764545, 0.08129971883114422, 0.07956966110599344, 0.07362508033954983, 0.07030569302415295, 0.07996895221371188, 0.06953591845175058, 0.08157369169589267, 0.08085108383822234], [0.07214125486169323, 0.07296500557117608, 0.08069255634552037, 0.07439610075223446, 0.08333333333333333, 0.08172546233007046, 0.07935572158466962, 0.07353458615368696, 0.07019609846782465, 0.07980935464504713, 0.06947871155147561, 0.08168143489959326, 0.0806903795036748], [0.07210447619544742, 0.0730427032503035, 0.08051544150290874, 0.07448565910575769, 0.08308425527257308, 0.08143654740951602, 0.07955095474367598, 0.07357873537796249, 0.07020198219697361, 0.07998416957774176, 0.06944629656307119, 0.08168860981004963, 0.08088016899401888], [0.07222598174806763, 0.07289160524798233, 0.08093215242414374, 0.0743142577001912, 0.08333333333333336, 0.08210348061528745, 0.07914273410097533, 0.07351376609280022, 0.07021300780204387, 0.07962402347479247, 0.06954736397352479, 0.0816762043528924, 0.08048208913396551], [0.07227911361359599, 0.07284600861960029, 0.08107358428708765, 0.07426671212981262, 0.08333333333333331, 0.08232887622868479, 0.07901961705057517, 0.07350338779547218, 0.07021928817747276, 0.07951740936877234, 0.06958526139161386, 0.08165538436197797, 0.08037202364200088], [0.07229860451262253, 0.07277028484236374, 0.08123699049839615, 0.07420808295287043, 0.08333333333333333, 0.08253952225138628, 0.07893666901200923, 0.07347491502944119, 0.07016677756976025, 0.07945853901007968, 0.06955831880228124, 0.081688695260392, 0.0803292669250639], [0.07238203912180662, 0.0727140499534898, 0.0814144556224205, 0.07415122178781912, 0.08333333333333333, 0.08283974204921503, 0.07877217606476657, 0.07347013591684767, 0.07018083488703399, 0.07931357607268509, 0.06961671488455697, 0.08160915317212138, 0.0802025671339039], [0.07246630830679354, 0.07257857133544539, 0.08180322890697632, 0.07406954404520875, 0.0829549676652, 0.08333333333333333, 0.07865278104363975, 0.07345089875414314, 0.07008670995857488, 0.07922424142552764, 0.06957926244880558, 0.08163763461984995, 0.0801625181565016], [0.07253739053907614, 0.0725462793292775, 0.08199068169454492, 0.07406223082958606, 0.08275175749357169, 0.08333333333333334, 0.07861546439765736, 0.07347250583138795, 0.07007719035095653, 0.07919665989910604, 0.06959692795749593, 0.08166798654717847, 0.08015159179682814], [0.07258042397875898, 0.07253106082054385, 0.08212322594774893, 0.07406734252956697, 0.0826426984161421, 0.08318337747557834, 0.07861642237057466, 0.07349228094547487, 0.0700665567692123, 0.07920504171226528, 0.0695999478328098, 0.08171974664194338, 0.0801718745593804], [0.0726916178157159, 0.07246857503548536, 0.08241329413699851, 0.07404926126992485, 0.0823160551241176, 0.08333333333333331, 0.07854793008683697, 0.07352047939829001, 0.07003484336624431, 0.07914961496121359, 0.06961096087849668, 0.08172919007720683, 0.0801348445161359], [0.0728035428151643, 0.0724143757837984, 0.08277499412773559, 0.07404439836036386, 0.08201379906341502, 0.08333333333333336, 0.07850101432921607, 0.07355815390542422, 0.07000005803823571, 0.07911434326735227, 0.06961453975440696, 0.0817154076651207, 0.08011203955643373], [0.07295130027562617, 0.07242519778539634, 0.08305533536614348, 0.07408472583089251, 0.08174521112405142, 0.08302479895125806, 0.0784691457969333, 0.07363766465336204, 0.07004330699860911, 0.07908518457951229, 0.0696923647273601, 0.08170635850587, 0.08007940540498511], [0.07330398073389886, 0.07252371530054892, 0.08333333333333331, 0.07420625566668256, 0.08124040948534161, 0.08255179461397973, 0.07836945714311766, 0.07384163264239968, 0.07024505797531043, 0.07897401351023946, 0.06996642566919758, 0.08151188477785258, 0.07993203914809743], [0.07366810316224519, 0.07268332430070037, 0.08305943465368563, 0.07437588281682289, 0.080833892012293, 0.08210791737825131, 0.07832076311907231, 0.07408167139987759, 0.07050085075886621, 0.0789078986299823, 0.0702824532719986, 0.08135789208285124, 0.0798199164133533], [0.07389847276463085, 0.07272197878698769, 0.08333333333333331, 0.07449876642267214, 0.08037688408933953, 0.08151226093744185, 0.07837863812087306, 0.07425226634063088, 0.07052748708611042, 0.07895237149310558, 0.07034346054913859, 0.08137424532584564, 0.07982983474989015], [0.07367832557471214, 0.072653694229621, 0.0830480748185447, 0.07442138282252546, 0.08067905057247289, 0.08180486016845018, 0.07845187197439914, 0.07412351625052611, 0.07039345454221142, 0.0790532823559276, 0.07016626276909095, 0.08155507458413319, 0.0799711493373852], [0.07341704339470452, 0.0725486268246693, 0.08333333333333334, 0.07426835055747621, 0.08104475677957668, 0.08227476786310348, 0.07840414870779946, 0.07392554976186354, 0.07026735271840427, 0.07901136373728919, 0.07000560142448026, 0.08153699260052469, 0.07996211229677522], [0.07308555500815676, 0.07243040788418267, 0.08333333333333334, 0.07412896597415279, 0.08147747468930668, 0.0827039513595166, 0.07846162654819845, 0.07371628783621345, 0.07006394489433014, 0.07908161705157882, 0.06974228676615597, 0.08170296166689005, 0.08007158698798436], [0.07364199060486792, 0.0726477874473621, 0.08300953555062279, 0.07439857703506017, 0.08076100099119207, 0.08191758705711231, 0.07843598158219477, 0.07409386817178416, 0.07039377575363835, 0.07903688790909465, 0.07016204153299656, 0.08154090598219513, 0.07996006038187901], [0.07345004696369349, 0.07252195287903489, 0.08333333333333334, 0.07433770168862956, 0.08078683108202758, 0.0818412431518556, 0.07857149375542914, 0.07399356932322367, 0.07014730888259214, 0.07919636367587242, 0.06987756409499504, 0.08179071092955406, 0.0801518802397592], [0.0740724727104681, 0.07279888422968865, 0.0831537826519933, 0.07461551855254775, 0.08011528137128242, 0.08117322134051294, 0.07846117538399339, 0.07439609704335208, 0.07060471940937929, 0.07899134235904547, 0.07043866399922422, 0.08134064560280807, 0.07983819534570423], [0.07422686541844667, 0.07284446602247946, 0.08333333333333334, 0.074707070119312, 0.0798136503924582, 0.08082910250214433, 0.07851424435727065, 0.0745173524419108, 0.07064709106883145, 0.07899493493328844, 0.0705003025353071, 0.08124175214439307, 0.07982983473082467], [0.074420543135444, 0.07292899581621969, 0.08333333333333334, 0.07484634419884535, 0.07946029187222613, 0.08044098246728278, 0.07860530145745, 0.07468704697710445, 0.0707199661074396, 0.07902926932815747, 0.07058979735808547, 0.08110470212733452, 0.07983342582107729], [0.07456886676862584, 0.07300166523537664, 0.0833333333333333, 0.07495882205592863, 0.0791915346963558, 0.08014536877060968, 0.07867218896870473, 0.07482160869512888, 0.07078338995362789, 0.07906422561530853, 0.07066399775088732, 0.0809717658761433, 0.0798232322799691], [0.07466236141244029, 0.07307459720405944, 0.08333333333333334, 0.07512193024885981, 0.07881114190775376, 0.07970220479111804, 0.07887917157307926, 0.07498168246086775, 0.07076265135237249, 0.07922900815542053, 0.07062442865210893, 0.08089846990298498, 0.07991901900560151], [0.07478905907783852, 0.07319120924446308, 0.08333333333333334, 0.07532945671210838, 0.0783565058303289, 0.07917843195943873, 0.07908985673834718, 0.07518692866604285, 0.07078641984553433, 0.07937724701916185, 0.07062698208658466, 0.08072134598332402, 0.08003322350349432], [0.07486868540132027, 0.07331608237149823, 0.08295197316815668, 0.07550830977266067, 0.07808305846386043, 0.07884870349453867, 0.07927680714650166, 0.07535062845549266, 0.07083927814890704, 0.07951752171755956, 0.07065380381370125, 0.08060148842802722, 0.08018365961777565], [0.074798802709523, 0.07336699042067826, 0.08333333333333333, 0.07565339858781901, 0.07770876591271628, 0.07839823456909771, 0.07952776639764444, 0.07544795417743845, 0.07073755919368171, 0.07970986209104267, 0.07049577230597828, 0.08043122870483038, 0.08039033159621645], [0.07447653817683436, 0.07338742969771889, 0.08290675055625596, 0.0757421804865756, 0.07768279613460181, 0.07819085166513075, 0.07996638737521014, 0.07540930595625715, 0.07053245986425487, 0.08013642554251854, 0.07018105730080956, 0.08055589981581357, 0.0808319174280188], [0.07312663999068167, 0.07247322603273268, 0.08333333333333334, 0.07412653976014164, 0.08149352867103915, 0.08287045261324688, 0.07836812064954672, 0.0737249435605617, 0.07016614681531594, 0.0789735763294399, 0.06985624969325116, 0.08154295083902012, 0.07994429171168922], [0.07294108638549537, 0.07247793478485628, 0.0828778951096697, 0.0740777989985022, 0.08184784187050798, 0.08333333333333333, 0.07839374352595074, 0.07362526718418637, 0.07014356392358545, 0.07899235370286017, 0.0697892225029347, 0.08153549694448628, 0.07996446173363136], [0.07283872176918312, 0.07256956114740594, 0.08244885861549893, 0.07410984145396073, 0.08219332671814443, 0.0831130341093737, 0.07846632996773693, 0.07360885252097535, 0.07021690826869699, 0.0790509798345466, 0.0698185179787701, 0.08155700777410552, 0.08000805984160175], [0.07275226371502827, 0.07257430150212263, 0.0822359968748418, 0.0740896233474661, 0.08241019067835494, 0.08333333333333334, 0.07847171158899155, 0.07356454856465532, 0.07020700101055434, 0.07904939350421099, 0.06978658188498772, 0.08152772158349726, 0.07999733241195586], [0.07266921004674207, 0.07265368551197655, 0.0818901320461276, 0.07412341978135153, 0.0827837673987333, 0.08310521090612674, 0.07853550815108515, 0.07355681303838711, 0.0702637375574614, 0.07909798176523836, 0.06980426987303694, 0.08149368950913247, 0.08002257441460084], [0.07250078373021411, 0.0727248542841088, 0.08148593961899107, 0.07414204965997756, 0.08333333333333334, 0.08296701133773156, 0.07862953179934115, 0.07350719676557257, 0.070274542840694, 0.07916982307639975, 0.06975024211445872, 0.08145951043402652, 0.08005518100515092], [0.07249577201887925, 0.07283237948108516, 0.08131203820710359, 0.07422298644157994, 0.08313116173982277, 0.082757286136881, 0.07872267769332816, 0.0735547183017687, 0.07036439222149773, 0.07924023503720012, 0.06981160534878907, 0.08145737440215806, 0.08009737296990654], [0.07354436566902121, 0.07256736206677643, 0.0830607648819155, 0.07449054947751764, 0.08038247922928833, 0.0813284494695404, 0.07881729817189266, 0.07414287605407045, 0.07008649162007499, 0.07943822440865841, 0.06980319831761059, 0.08197055589781205, 0.0803673847358214], [0.07403153557196683, 0.07275701155940516, 0.08333333333333333, 0.07470106226853104, 0.07978915928287936, 0.08075190963053433, 0.07874368655337781, 0.07445721792788385, 0.07040391742168704, 0.07923966875612555, 0.07020302728564175, 0.0814850864346827, 0.08010338397395121], [0.07436162063478752, 0.07294209244559965, 0.08301838676624232, 0.07493296063918782, 0.07932837796907315, 0.08024905072726003, 0.07884499436414265, 0.07473759630266005, 0.07061142918760357, 0.07926533915338865, 0.07044040539763281, 0.08121013548727765, 0.08005761092514406], [0.07240945658918096, 0.07285832244802733, 0.08116485655812479, 0.07424654509507193, 0.08333333333333333, 0.08255532299140204, 0.07882577789770794, 0.07353695206945045, 0.07033670760414298, 0.07932588532530366, 0.069748653999537, 0.08149138097263088, 0.08016680511608665], [0.07238875688484625, 0.07295004078712701, 0.0810073686967953, 0.07432537141132951, 0.08312826053853058, 0.08232553796544298, 0.07895051569133643, 0.07357827701867646, 0.0703911983606844, 0.0794266470365603, 0.06977103814882649, 0.08150236471564402, 0.08025462274420041], [0.07230180662501522, 0.07300539221497719, 0.08079418221266367, 0.07437606819979929, 0.08333333333333334, 0.08202398844432154, 0.07908935214081866, 0.07357735240355284, 0.07038087296227094, 0.07953735545151804, 0.06971660746432674, 0.08148869117013512, 0.08037499737726755], [0.07225880089874909, 0.07310709978625836, 0.08056124105149255, 0.0744641084765011, 0.08333333333333336, 0.08170622873920105, 0.07923582490803145, 0.07361604594240746, 0.07042909307290032, 0.0796474171151801, 0.06972257964904435, 0.0814257021763287, 0.08049252485057234], [0.07221132307182947, 0.07318943761980251, 0.08035692200561902, 0.07454353483720967, 0.08333333333333334, 0.08141519837079166, 0.07938861704945746, 0.07364841862363646, 0.07045030460906876, 0.07976848872109832, 0.06970365928948086, 0.08137122576578505, 0.08061953670288748], [0.07217865909732722, 0.0732150067093631, 0.08026874051719661, 0.07457478791646348, 0.08333333333333333, 0.08127941032612945, 0.0794710347146971, 0.07365641342477602, 0.0704387089152381, 0.0798386715216122, 0.0696723865146332, 0.08137863299556515, 0.08069421401366489], [0.07213262657824139, 0.07325964946749682, 0.08012293657101854, 0.07462667031759589, 0.08333333333333333, 0.08106336861811461, 0.07959632285031766, 0.07367259373718876, 0.07042780167085304, 0.07994233821662919, 0.06963134431286598, 0.08138970732370551, 0.08080130700263917], [0.07210246548973279, 0.07331317158880607, 0.07996199829265321, 0.07468559933960564, 0.08333333333333336, 0.08084062742657805, 0.07972321626243849, 0.07369498178441097, 0.07042646249937765, 0.08004316147117374, 0.06959923638675461, 0.08137530827325382, 0.08090043785188186], [0.07213680983039955, 0.0734573021512951, 0.07969846162569147, 0.07481218854709916, 0.08315685383244212, 0.08054004852743446, 0.0798722937744893, 0.07378716774698228, 0.07052298966100932, 0.08013628570167142, 0.06965544252056885, 0.08125662462472712, 0.08096753145618986], [0.0721497890765566, 0.07357348836224725, 0.07945260949016275, 0.07492563547015295, 0.08304439243823476, 0.08025388528301325, 0.08003818224325263, 0.07386364487725708, 0.07057600156211205, 0.08024972003976952, 0.06966776298258055, 0.08115288946289738, 0.08105199871176327], [0.07204753514084271, 0.07337657605968281, 0.07969581237467181, 0.07477372750852779, 0.08333333333333333, 0.08051806515789728, 0.07996054725296824, 0.07373063663582807, 0.0703804862163279, 0.080239414283228, 0.06950057127763508, 0.08135163278316034, 0.08109166197589662], [0.07395635487249548, 0.07272822918834698, 0.08333333333333333, 0.07458002308919898, 0.08013573403957422, 0.08116322575801405, 0.07853650770477655, 0.07433630353686195, 0.0704647740639297, 0.07908065395829274, 0.07027531630541645, 0.08146448387445225, 0.07994506027530725], [0.07372890496921121, 0.0726274046177394, 0.08333333333333334, 0.07449517987577756, 0.08033777737835343, 0.08135546063743192, 0.07861064161247627, 0.07420235142132826, 0.07027792796813723, 0.0792010156532958, 0.07004632971577583, 0.08168174653488117, 0.08010192628225866], [0.07398247212335893, 0.07277123248523645, 0.08333333333333331, 0.07482661737546754, 0.07945263528891218, 0.08030951333469344, 0.07906295822150823, 0.07454330512579789, 0.0702564284302238, 0.07952911994985909, 0.07000795540016318, 0.08154851352351979, 0.08037591540792588], [0.07377613892194583, 0.07265133937716933, 0.08333333333333334, 0.07462983297264865, 0.07993613526397535, 0.08085587890887798, 0.07888483600339766, 0.07432527273759126, 0.07017948210842796, 0.07942794485715571, 0.06992543132821107, 0.08174836389114067, 0.08032601029612532], [0.0729800961153665, 0.0723380060569835, 0.08333333333333334, 0.07414692148229078, 0.08133299729115671, 0.08236108109683524, 0.07870449525025346, 0.0737026104247113, 0.06982082510318725, 0.07935863653794567, 0.0694658034526776, 0.08206548137105671, 0.08038971248420197], [0.07335434743900104, 0.07248077153418353, 0.08314272859151603, 0.07437028274819732, 0.08068449581945394, 0.08165364749084943, 0.07877587812911385, 0.07399141135290377, 0.06998587951842221, 0.07942124289874711, 0.06968024809862593, 0.08206588920911162, 0.08039317716987421], [0.07407818229264694, 0.07286860916927877, 0.08312487833979179, 0.07498152526062078, 0.07914231903291001, 0.07993905750006314, 0.07924601708455184, 0.07469291604153312, 0.07029272020658836, 0.07967751290405507, 0.07002960735957973, 0.08146596761880019, 0.08046068718958], [0.07406344113505517, 0.07294518311166985, 0.08333333333333333, 0.0751581825587167, 0.07869688023412057, 0.07939131672202203, 0.07955992092775892, 0.07482798474433104, 0.07021956759288428, 0.07994467923544099, 0.06990641811399005, 0.08131732726007494, 0.08063576503060212], [0.07480602833449937, 0.07354117591233647, 0.08296180959653936, 0.07590082117982475, 0.0773856571872959, 0.07793229791628742, 0.07982265666333999, 0.07564103655435916, 0.07077555570429825, 0.07992114804267095, 0.07047256694961253, 0.08024471522481569, 0.08059453073412015], [0.07493224054263582, 0.07347124381836666, 0.08333333333333331, 0.0757834718273506, 0.07746581561612335, 0.07813861668045995, 0.07955594057762133, 0.07559280979961809, 0.07083614286241981, 0.0796871675618138, 0.0705965610881354, 0.08024660905860909, 0.08036004723351267], [0.0719093799950631, 0.07245378217714875, 0.08077380298954662, 0.0743730934304284, 0.08149313984478443, 0.08087734402981266, 0.08030888042897427, 0.07348886063390513, 0.06918717061179552, 0.08106616516842755, 0.0684391896867546, 0.08333333333333331, 0.0822958576700255], [0.07187880265767263, 0.07243729022521969, 0.08099566013509873, 0.07428112058548395, 0.0817949669069584, 0.08127253879911993, 0.08007547043364346, 0.07340844261830384, 0.06925298318927861, 0.08079595544046671, 0.06851734802237255, 0.08333333333333333, 0.08195608765304818], [0.07195263889337282, 0.07237307680588871, 0.08131599495922764, 0.07420971697722774, 0.0817927275256586, 0.08156574348532758, 0.07987292904223801, 0.07338779387926908, 0.06926657629770841, 0.08059171885158976, 0.06857490148087089, 0.08333333333333334, 0.08176284846828752], [0.07198705249607297, 0.07231561913353209, 0.08158130214224264, 0.07413037189663141, 0.08195581644600461, 0.08186430909582498, 0.07966884070228115, 0.07334532933749532, 0.06928201329636031, 0.08037720134120066, 0.06862369824742304, 0.08333333333333333, 0.08153511253159747], [0.07212495249706734, 0.07224025542200459, 0.08191829382395721, 0.07409834275915732, 0.0818617572012774, 0.08191829382395721, 0.07952698065833756, 0.07337696623638772, 0.06926440841850078, 0.0802477501640797, 0.06866241202797566, 0.08333333333333334, 0.08142625363396429], [0.07229149931394116, 0.07224132131919929, 0.08202687841735322, 0.07414893239384905, 0.0815617043160588, 0.08175820494491426, 0.0795001281770107, 0.07347477018892212, 0.06929349479618274, 0.08022965744830575, 0.06873159566810312, 0.08333333333333333, 0.08140847968282641], [0.07246479436329445, 0.072342407526273, 0.08168802818670934, 0.07433425695447374, 0.08097794458432943, 0.08124776907611615, 0.07972256036411451, 0.07366937919354391, 0.06933768434683728, 0.0804679583688652, 0.06877899257791276, 0.08333333333333333, 0.08163489112419685], [0.0723932108286744, 0.07247766064635408, 0.08116023374861449, 0.07454619336926312, 0.08046192964591456, 0.08048217505435448, 0.08023167653395859, 0.07379434318669106, 0.06928417217404317, 0.08100826484897829, 0.06864543614726638, 0.08333333333333331, 0.0821813704825539], [0.07209124707527224, 0.07247725846862015, 0.08075261087852645, 0.07452791804254906, 0.08082213769082487, 0.08031363557891466, 0.08052126262376785, 0.07367137416880078, 0.06914529857342286, 0.08132335362802463, 0.06841796170887564, 0.08333333333333334, 0.08260260822906758], [0.07196684087918909, 0.07249255969108069, 0.08048808532132304, 0.07449061943289538, 0.08114534130221585, 0.08043987454217696, 0.08054444085073775, 0.07359586428932688, 0.06914739008044646, 0.08133629867689793, 0.06838861847518772, 0.08333333333333331, 0.08263073312518866], [0.0720926527375871, 0.07247071364913245, 0.08095294617330213, 0.07442220347652993, 0.08119702492076095, 0.08089905400789359, 0.0802484141339358, 0.07359035686600349, 0.06925705322749036, 0.08101600701928903, 0.06855405596086227, 0.0830290597006126, 0.08227045812660033], [0.07197828466511942, 0.07245028389525886, 0.0809925468641992, 0.07434732470183476, 0.08149314885236915, 0.08110252220494452, 0.08017001183001098, 0.07349411504405132, 0.06924872934768507, 0.080916849042479, 0.06852827694177384, 0.08314360847660754, 0.08213429813366638], [0.07215892135849127, 0.07237548561304173, 0.08147756201347231, 0.07428245901338196, 0.0814131953822739, 0.08141316854000961, 0.07988197845402908, 0.07351638871911259, 0.06929461504350322, 0.08062557598114059, 0.06865089820654002, 0.08306984510029476, 0.0818399065747088], [0.07231945148528411, 0.07242065090775066, 0.08132379816084769, 0.07440045119469428, 0.08097476410540745, 0.0810292012971038, 0.079994009796607, 0.07366013002804357, 0.06931767500038165, 0.08075429073831797, 0.06869352634197035, 0.08314264837155921, 0.08196940257203238], [0.07219413701588533, 0.07238600572216378, 0.08130060498130477, 0.07434408930440498, 0.08110547959978814, 0.08112169118190238, 0.08000558232958296, 0.07357535136723871, 0.06925830066730493, 0.08076607396681139, 0.0686106078324567, 0.08333333333333334, 0.08199874269782266], [0.07230115897569848, 0.07249683843604386, 0.0810006062291389, 0.07450365525000886, 0.08079389005987725, 0.08072963099807223, 0.08022243663632396, 0.0737254501369909, 0.06931750443849638, 0.08099648284125265, 0.0686588952326355, 0.08302649924556925, 0.08222695151989184], [0.07208824102803765, 0.07238787122501003, 0.08142561262739198, 0.07426478942145713, 0.08153643620897029, 0.08148940291564996, 0.07988921908848062, 0.07347645701760798, 0.06929917073206565, 0.08062396316516142, 0.06863650878787869, 0.08305572630757953, 0.08182660147470892], [0.07226085853881188, 0.07230624104033498, 0.08181686351758823, 0.07421508438965642, 0.08150826134070471, 0.08159843470406421, 0.07965525740341543, 0.0735080553780446, 0.06931010473658118, 0.08039070873095247, 0.06871869826616311, 0.08312778366834402, 0.08158364828533862], [0.07236318879835005, 0.07233207680190201, 0.0816407354692099, 0.07430062460631029, 0.08113329204481057, 0.08130645612352588, 0.07975463502392, 0.07360796323016594, 0.06930648543279022, 0.08050261995217599, 0.06872497933043684, 0.08333333333333333, 0.08169360985306896], [0.07248554662426346, 0.07245772856684206, 0.08127724501283018, 0.07451391305872902, 0.08050644566555046, 0.0806817012494586, 0.08006385191785799, 0.07380446712696749, 0.06933574937237334, 0.08082701991441153, 0.06873401927674808, 0.08333333333333334, 0.0819789788806345], [0.07256547065220027, 0.0724028813985637, 0.08154597617584833, 0.07443739146284006, 0.08067317672853559, 0.080970224901741, 0.07982432650416742, 0.07377939470811219, 0.06937266755991495, 0.08057167319366465, 0.06881678567597871, 0.08333333333333333, 0.08170669770509979], [0.07210856709422209, 0.07227939948252342, 0.08173538170533222, 0.07415388313193988, 0.08171461490123444, 0.08173538170533222, 0.07966302911406765, 0.0734096615535823, 0.06925617540733582, 0.08039231290549541, 0.0686332504672619, 0.08333333333333333, 0.08158500919833932], [0.0724068889701291, 0.07229627002753161, 0.0819513171341919, 0.07423128580646032, 0.08134457178595858, 0.08161594438415083, 0.07955462292088018, 0.07357366547910264, 0.06935052807057866, 0.08028739877689517, 0.06880142900270621, 0.08312760605148506, 0.08145847158992968], [0.07252864052920564, 0.0723085975225221, 0.08191481183343191, 0.07429046639909251, 0.08103275849155214, 0.08141312763267275, 0.07956580687569512, 0.07366183713863973, 0.06936469926011851, 0.08030053863090825, 0.06883828856685931, 0.08333333333333331, 0.08144709378596854], [0.07172038112165455, 0.07279807419215048, 0.07996717468364092, 0.07475821868270818, 0.08137481917977514, 0.0796551773129629, 0.08117591476148106, 0.07366851086715771, 0.069237831157958, 0.0819187972872951, 0.06832418686111116, 0.08237300767759761, 0.08302790621450722], [0.07177538232690828, 0.0726839727264855, 0.0802372485987786, 0.0747056761612694, 0.0811114671491976, 0.07967038859497574, 0.08112859227412489, 0.07366632823967109, 0.06912908551060407, 0.08193050507158353, 0.06825176091940806, 0.08258242742730296, 0.08312716499969013], [0.07197131092714483, 0.07260037625920086, 0.08071435969564345, 0.07471297648681752, 0.08061393587284704, 0.07958989251019265, 0.08102651398567219, 0.07375884275244984, 0.06907898954843907, 0.08186299008220534, 0.0682657640122644, 0.08270487921737545, 0.08309916864974756], [0.07226687051944697, 0.07271549125518274, 0.0811785282743494, 0.07492934745202559, 0.07997556436504662, 0.07910985402587206, 0.08109472918300208, 0.07402358435696442, 0.06918787752489365, 0.08189472658256024, 0.06841017075193859, 0.08232202976900692, 0.08289122593971071], [0.07235332841751241, 0.07311748147129718, 0.08093451130279646, 0.07544734545396796, 0.07915861501560008, 0.07782214304937947, 0.08185080001051045, 0.07441767649790035, 0.06934019260104975, 0.08252954150460089, 0.06845222172223568, 0.08124280961981613, 0.08333333333333334], [0.07219496316136666, 0.07345565297065551, 0.08014242998997168, 0.07568923046389037, 0.0792938242534809, 0.07744939923804169, 0.08256925630683863, 0.07446886735343404, 0.06952265602653045, 0.08333333333333333, 0.06849360635330774, 0.08081752424231038, 0.08256925630683863], [0.07200393239814208, 0.07350477738081254, 0.0796776212316432, 0.0755878053170381, 0.07995514324176752, 0.07776104169191977, 0.0825930263843465, 0.07427882012960503, 0.069588495895219, 0.08293549090365934, 0.06850188991359425, 0.0809028265930957, 0.08270912891915695], [0.07177094202309829, 0.07325094445788116, 0.07958193514144087, 0.07524412773922647, 0.08066251326714827, 0.07840845367993783, 0.08208284013130693, 0.07396450497434812, 0.06943442334416225, 0.0825557733115178, 0.06837252195350976, 0.08133768664308882, 0.08333333333333333], [0.07167490141379033, 0.0728901553740102, 0.07987283086103156, 0.07486949174943755, 0.08117589695293605, 0.07927786128268802, 0.08142724034622754, 0.0737221065068297, 0.06924181785674308, 0.08215117682113669, 0.06828238835812239, 0.08208079914371366, 0.08333333333333334], [0.07173634634313769, 0.07273839377506201, 0.08018280097920559, 0.07477687523457038, 0.08099671688164468, 0.07941638002824357, 0.08130451736480646, 0.0736992168964651, 0.06912156914648672, 0.08211022855379659, 0.06821358195920023, 0.08237003950404759, 0.08333333333333333], [0.07187888290400156, 0.07269355169397869, 0.08054729502760426, 0.07481222553753539, 0.08056613740875976, 0.07925373557636203, 0.08131107593941185, 0.07379153238339677, 0.06907483651658783, 0.08216240299300424, 0.06820542506547737, 0.08236956562054688, 0.08333333333333333], [0.07196956090348276, 0.0726826690228175, 0.08073900278648302, 0.07484283009561163, 0.0803454772732813, 0.07916112283995701, 0.08128421053154188, 0.07385064423356202, 0.06907112411554, 0.08213400278012628, 0.06822388417961361, 0.08236213790464966, 0.08333333333333334], [0.07205951323993251, 0.07285789240648279, 0.08074330340767392, 0.07504909723193356, 0.08006799093321133, 0.07875021578207289, 0.08155951533281537, 0.07402459708430413, 0.0691826653561923, 0.082402109189363, 0.06830653752325476, 0.08200780798996149, 0.08298875452280206], [0.07181362240113429, 0.07299967409451545, 0.0801077575156393, 0.07507529599894035, 0.08056656596756492, 0.07876805983241973, 0.0817985253857841, 0.07392169027173144, 0.06926402212380106, 0.08261419451491027, 0.06829527537057895, 0.08182844982377194, 0.0829468666992083], [0.07187394559412681, 0.07318163143589944, 0.07998313040184192, 0.07529849974055831, 0.08013668802702814, 0.07819865872375141, 0.08221184443055123,