[[0.0758377718417232, 0.08088597460417504, 0.07444021754635959, 0.0748595608252258, 0.07344596487400006, 0.07019855542956525, 0.08178936366595661, 0.08102250698373714, 0.07140196565428811, 0.08309869224252166, 0.07030015175667238, 0.08193918396217491, 0.08078009061360014], [0.07576270385002634, 0.08121961732488069, 0.07437287010469984, 0.07481012290645457, 0.07350688387881654, 0.07023642929974548, 0.0816386979605411, 0.08085042167242523, 0.07142649364921753, 0.08317096705317115, 0.07034529081004123, 0.08206555869808381, 0.08059394279189645], [0.0756860595838854, 0.0816162677637234, 0.07431096375778498, 0.0747826232116379, 0.07359342584305022, 0.07030899266260582, 0.08142825237515809, 0.08063454033004791, 0.07147956598334797, 0.0832335227121815, 0.07042573868203261, 0.08213251191373254, 0.08036753518081179], [0.07564587544463433, 0.0819348948990175, 0.07428141883529875, 0.07479026499796619, 0.07369052406882436, 0.07037203341375967, 0.08128332536784937, 0.08049821917689517, 0.07153348703022819, 0.08308437327027747, 0.07049793281959728, 0.08217544255944968, 0.08021220811620214], [0.07558221107732285, 0.0823078053189499, 0.07423840313129804, 0.07478084078691434, 0.07378321850085348, 0.07043494139741693, 0.08109170410008251, 0.08031795665097288, 0.07158349501961961, 0.08318289087148642, 0.07057046098486128, 0.08211926277400627, 0.0800068093862156], [0.07555875249059232, 0.08255411523773806, 0.07421843542180497, 0.07479580023670665, 0.07387010331307033, 0.07046689164922347, 0.08102471574489266, 0.08023586153949824, 0.07161692387826846, 0.0830356532479886, 0.07061258418766961, 0.0821091069047403, 0.07990105614780636], [0.07549169937057608, 0.0827938829440392, 0.07412350160233559, 0.07477615512689045, 0.07394634199447922, 0.07037332457923402, 0.080995641230294, 0.08015877001530253, 0.07155427565899473, 0.08333333333333333, 0.07054079337186897, 0.08213615423541602, 0.07977612653723587], [0.07550669207439731, 0.08305130416040972, 0.07412495997695423, 0.07484319152525054, 0.0741221380954525, 0.0704263712663668, 0.08093184281977084, 0.08007524155031988, 0.07162251471367116, 0.08294596955777982, 0.07061329390190854, 0.08207961728244813, 0.07965686307527055], [0.07553984148109803, 0.08309014993274362, 0.0741166939156259, 0.07491225720322246, 0.07426917856569344, 0.07039067901947924, 0.08096334093453454, 0.08008377540342812, 0.07162650612177544, 0.08256407388954337, 0.07060001640922359, 0.08222076805979493, 0.07962271906383718], [0.07561772425829719, 0.08311734461281658, 0.07415272925068746, 0.07505262360531027, 0.0745275471748732, 0.07042699597097334, 0.08091770294217705, 0.08005308761964629, 0.07170656282164427, 0.08201919844652132, 0.07066591172026777, 0.08220656905263303, 0.07953600252415209], [0.07572796962132788, 0.08308143618291096, 0.07421225231011423, 0.07522745839858119, 0.07480357229850298, 0.07045891690521199, 0.08085648961875921, 0.08008405521230334, 0.07179174088759854, 0.08144652422008282, 0.07072858942011107, 0.0821137756485543, 0.07946721927594158], [0.07581305717758255, 0.08313578491660678, 0.07428630843733522, 0.07538047585621901, 0.07506480172850949, 0.07058984683222186, 0.0806742010217325, 0.07999521961781597, 0.0719371244900113, 0.0810277943573266, 0.0708756510806673, 0.08189372364847576, 0.07932601083549544], [0.07593602646597183, 0.08311571498944002, 0.07434402352295742, 0.07553344162333178, 0.07525192483634704, 0.07054768206010512, 0.08067666283999918, 0.0800848026240727, 0.07195445807844963, 0.08056124026657056, 0.07085325908116558, 0.08180285324848763, 0.07933791036310153], [0.07601845369430332, 0.08333333333333334, 0.07437141993926939, 0.07563165482324599, 0.07536087638324986, 0.07047804870382142, 0.08068201291831874, 0.08014541727697316, 0.07193485256864314, 0.08020315099829588, 0.07079845965120185, 0.08167459863507656, 0.0793677210742674], [0.07618958169481294, 0.082942612613919, 0.07447119063072373, 0.0757977070427763, 0.0754882200478704, 0.07042425239671504, 0.08077081268658232, 0.08031778242145594, 0.07194352381479438, 0.07980058108674848, 0.07075879541163982, 0.08153487434437798, 0.07956006580758371], [0.07626680808075484, 0.08333333333333333, 0.0744696126738311, 0.07583904648009498, 0.07544396943188958, 0.07022180495668831, 0.08088037668927217, 0.08049651742880672, 0.07180733632312664, 0.0794914245631816, 0.07056684441584754, 0.08143780377011317, 0.07974512185305997], [0.07644973455671492, 0.08295094019356308, 0.07457003853330209, 0.07597705387875794, 0.07546513121354047, 0.07010656410299514, 0.08108889401140919, 0.08072718134999485, 0.07176014495326911, 0.0790802959672479, 0.07046091564420849, 0.08135007184059259, 0.08001303375440418], [0.07656237207009992, 0.08333333333333333, 0.07457733527876047, 0.07598869680585647, 0.07526899120856687, 0.06979609275878043, 0.08142400121341895, 0.08104900155411625, 0.0715330862960478, 0.07868124458477872, 0.07015574156302243, 0.08126550164250505, 0.08036460169071329], [0.0759151843246303, 0.08053083519138149, 0.07456900748113172, 0.07492561569868443, 0.0733687226885956, 0.07028319768278546, 0.08172964629529483, 0.08105451613545703, 0.07146175903232038, 0.08333333333333336, 0.0703639091789135, 0.08159677053514058, 0.08086750242233155], [0.0758187052055257, 0.08094755830590082, 0.0744753937172237, 0.07485934407909199, 0.07344389528869742, 0.07031532373255257, 0.08160310231605634, 0.08087148653107763, 0.07148074404632068, 0.08333333333333334, 0.07040635477762841, 0.0817963254734344, 0.08064843319315702], [0.07577825069583449, 0.08118970122737608, 0.0744412464313245, 0.07483870586053916, 0.07350600043791504, 0.07036343336317864, 0.08150814993049049, 0.0807590886122636, 0.07151799300653557, 0.0832327625015573, 0.07045989539292083, 0.08187985009059266, 0.08052492244947171], [0.07567210733141702, 0.08167544790749583, 0.0743156387158906, 0.07477656905356268, 0.07360161516308107, 0.07035408129574024, 0.08135062116819877, 0.08056695876371996, 0.07151046316013404, 0.08333333333333333, 0.07046832825356036, 0.08206999802415392, 0.0803048378297122], [0.07574668775053535, 0.08127748464981195, 0.07439249787547728, 0.0748077531220762, 0.07350901754422606, 0.07031537228290731, 0.08151295191717464, 0.08074617338476958, 0.07147984697982859, 0.08333333333333334, 0.07041776127415533, 0.08195971423944999, 0.08050140564625456], [0.07563579713711525, 0.08205950232876215, 0.07429583727509512, 0.07479889010045766, 0.07373259911959869, 0.07045828018846088, 0.08117021119781125, 0.08039993851803559, 0.0715994189821997, 0.08306208925383744, 0.07058257267348135, 0.08208687837938913, 0.08011798484575561], [0.0755759849140884, 0.08232107576829498, 0.07425747997533225, 0.07477707791634872, 0.0737824781666981, 0.07050822982992518, 0.08099705981030814, 0.08023972802944238, 0.07163397193494082, 0.08333333333333333, 0.0706372939293207, 0.08199050686534447, 0.0799457795266225], [0.07555494119428281, 0.08262121989598678, 0.07422246714984482, 0.07480199339481934, 0.07389446336300075, 0.0704985827687049, 0.08098541796701525, 0.08019785682171969, 0.07164268966639577, 0.08300288718857607, 0.07064499539197033, 0.08207017003980631, 0.0798623151578772], [0.07548286905747924, 0.08298463485895134, 0.0741647415260003, 0.07478200577763805, 0.07397372003907171, 0.0705296457808499, 0.08081288881253762, 0.08001274795549147, 0.07166764813449031, 0.08333333333333334, 0.07068740090323412, 0.0819112830776225, 0.0796570807433002], [0.07550980560764406, 0.0831294331535018, 0.07417167389474008, 0.07486276640712455, 0.07416812130476245, 0.07057957646883643, 0.08078245345603267, 0.07995506845571991, 0.07173845434436459, 0.08290083857414139, 0.07075930439215716, 0.0818844398496278, 0.07955806409134702], [0.07550865638973202, 0.08333333333333333, 0.0741322800287987, 0.07488689253107252, 0.07425077199875146, 0.07050370943413851, 0.08081220140842929, 0.0799598401949648, 0.07169859893175919, 0.08267797577535033, 0.07070188281118231, 0.08200652958328342, 0.07952732757920412], [0.07554342432402467, 0.08333333333333334, 0.07413763074196408, 0.07495351423334186, 0.07438512489932761, 0.07049728153502109, 0.08081635945194068, 0.07995391470934052, 0.07172147961174419, 0.08238536866696101, 0.07071340010201485, 0.08206843851952138, 0.07949072987146485], [0.07559133207980767, 0.08333333333333331, 0.07416172223566772, 0.07504144505472254, 0.07454416204075656, 0.07052471243166009, 0.08078505652187698, 0.07992950943855237, 0.07177440627082865, 0.08206793054477031, 0.07075861444175104, 0.08205057026630644, 0.07943720533996611], [0.07562416234769825, 0.08333333333333334, 0.07418283548051667, 0.07510138574768589, 0.07464857891059848, 0.07055436958467769, 0.08074858386958876, 0.07992111986400863, 0.07181766141668332, 0.0818723414802472, 0.0707988312035941, 0.08200052669719703, 0.0793962700641707], [0.07567355204138636, 0.08333333333333331, 0.07422002374485132, 0.07518921227331316, 0.07479887226008508, 0.07061123330763341, 0.08068073856636346, 0.07989726965547855, 0.07189032912962359, 0.08160955447221035, 0.07086952375903616, 0.08189373256554457, 0.07933262489114049], [0.07572635576913204, 0.08333333333333334, 0.07423918898462208, 0.07526860592026707, 0.07491888817377745, 0.07059323584703872, 0.08067014902162473, 0.07993132115633796, 0.07190454590297982, 0.08133440568909554, 0.07086569226132197, 0.0818976435114441, 0.07931663442902527], [0.07583992184430052, 0.08333333333333334, 0.07434537053791554, 0.07547186206475792, 0.07528137563295714, 0.07078849407294284, 0.08042380841953069, 0.0798009704043321, 0.0721118677623794, 0.08079878256810955, 0.071078939974473, 0.08159689901577376, 0.07912837436919429], [0.07595232038140835, 0.08317556443592905, 0.07440039868586834, 0.07560662590424437, 0.07544094110931175, 0.07074905049354674, 0.08045345860148292, 0.07989230616951144, 0.072125174486473, 0.0804387372211731, 0.0710561857542163, 0.08155196610404052, 0.07915727065279408], [0.0758263275336473, 0.08310878884337632, 0.07427445917171403, 0.07538001392069649, 0.07503806019851615, 0.07051092833338844, 0.08075153911682459, 0.08007546874498148, 0.07187942901505023, 0.08098903929898627, 0.07079984802076213, 0.08197672613695693, 0.07938937166509956], [0.07604414965364337, 0.08303664249648426, 0.07446055671187651, 0.07572366372668253, 0.07559098855569314, 0.070769475868936, 0.08042958553827215, 0.07991533564294687, 0.07217623847848381, 0.08015468514365978, 0.07108804317649148, 0.08143388453316287, 0.07917675047366728], [0.07615597593955913, 0.08333333333333331, 0.07449457962671342, 0.07584906534135691, 0.07570985921192569, 0.07065264254963856, 0.0804347803560422, 0.07999822855350826, 0.07213051015606206, 0.07970799568584644, 0.07099041640266074, 0.0812616258346403, 0.07928098700871286], [0.07625956625382284, 0.08302282345561146, 0.07455040228768876, 0.07593383977917746, 0.07573085847487376, 0.07058876003171613, 0.08053485069426013, 0.08014250491131758, 0.07210695718127365, 0.07952695017043586, 0.07093302231115264, 0.08123624042358717, 0.07943322402508256], [0.07637100000405797, 0.08333333333333333, 0.0745704857326267, 0.07601034783422268, 0.0757097827705072, 0.07038157094026487, 0.08067105457232666, 0.08032446970863336, 0.07197714309505972, 0.07915677977308241, 0.07073879937879113, 0.0811195376157305, 0.0796356952413634], [0.07654606729335874, 0.0830654569603893, 0.0746800820305247, 0.07617507332717705, 0.07581505543519486, 0.07034272903667822, 0.08077146695054707, 0.08041757590671343, 0.07199513302627257, 0.07874730236014543, 0.07071135026231963, 0.08094707388605729, 0.07978563352462179], [0.0765879127050874, 0.08333333333333333, 0.07464322510354968, 0.07612187206705888, 0.07558000401609993, 0.0700511350017458, 0.08107493303611607, 0.08071014634225607, 0.07176251373805322, 0.07860180564606768, 0.07041997992811724, 0.08103892005080447, 0.08007421903171011], [0.07591145788601916, 0.08059865715437484, 0.07462276564575479, 0.07494494190510737, 0.07339779470261597, 0.07043516055935697, 0.08154138621017402, 0.08089567817899429, 0.07157253888925885, 0.08333333333333334, 0.07050570803887743, 0.08148352593014811, 0.08075705156598498], [0.07577701042674237, 0.08121710028971099, 0.07449262728439499, 0.07485680284079145, 0.07352386187598728, 0.07049877037886197, 0.08134325520818014, 0.08062693075039641, 0.07161580596009284, 0.08333333333333333, 0.07058521938682627, 0.08171922680710478, 0.08041005545757708], [0.07582371019114288, 0.0809925733549183, 0.0745361206471629, 0.07488592076376602, 0.07347498149608714, 0.07046903276222706, 0.08142947679827049, 0.08073168670520342, 0.07159447443772968, 0.08333333333333333, 0.07054988641286351, 0.08165247641200568, 0.08052632668528954], [0.07575129302652996, 0.08140521851270253, 0.07443949061288435, 0.07483614920119423, 0.0735738635522079, 0.0704642851849295, 0.08136414664622384, 0.08061800037671972, 0.07159545884527273, 0.08313663152947239, 0.07056175048632554, 0.08187139472221855, 0.08038231730331877], [0.0757117663036563, 0.08156902661706478, 0.07443688170260453, 0.07482151946068867, 0.07361269247734023, 0.07056729891991814, 0.0811798035217765, 0.08044845484300488, 0.07166811720396446, 0.08333333333333334, 0.07066211145908699, 0.081771111251045, 0.08021788290651624], [0.075674497691125, 0.08195545493125321, 0.07438838357894009, 0.07482938211303178, 0.07374218878929706, 0.0706256555823408, 0.08106843211166109, 0.08032147585868273, 0.07172432780978674, 0.08299557836924927, 0.07073461604673556, 0.0818675350050197, 0.08007247211287703], [0.07569831848065935, 0.08168952508581734, 0.07439637935394504, 0.07480994240968389, 0.07364349973174007, 0.07052233774952453, 0.08121639890684415, 0.08046490468546419, 0.07163936065219531, 0.08318121274161952, 0.07062605362628717, 0.08189141828565209, 0.08022064829056741], [0.07559429108005665, 0.08227802760828881, 0.07431349848072681, 0.07479742260400292, 0.0738023939403322, 0.07064327344355027, 0.08088675230542479, 0.0801504677167887, 0.07173483498408269, 0.08333333333333334, 0.07076223824805067, 0.0818211506086022, 0.07988231564676004], [0.0755846208724758, 0.08247488241667161, 0.07431543364682965, 0.0748205996478233, 0.07388593631909343, 0.07070830480604218, 0.08080247461644159, 0.08007208563034156, 0.07179291465866325, 0.08313160518876773, 0.07083355754001087, 0.08178858762021288, 0.0797889970366262], [0.07557182327461351, 0.0826581548516068, 0.07429899889300208, 0.07483356758230976, 0.0739477104554603, 0.0707149157654236, 0.08077821531763865, 0.08003761498462998, 0.07180597892641478, 0.0829630284890054, 0.07084879311241285, 0.08180626053898156, 0.07973493780850051], [0.07552018692945682, 0.08291333179584627, 0.07425424889455792, 0.0748228594108286, 0.07401477250313032, 0.07073134547121748, 0.08066933447520575, 0.0799128834912887, 0.0718215377140518, 0.08315620125357766, 0.07087542251047764, 0.08171744705696754, 0.07959042849339344], [0.07548638656726803, 0.08333333333333333, 0.07419208442005801, 0.07483633757435124, 0.07412835638096783, 0.07067786899178488, 0.08064747583768345, 0.0798527030583383, 0.07179793565818306, 0.08299488028437847, 0.07084432288741316, 0.08172193247092403, 0.07948638253531616], [0.07550098971552893, 0.08333333333333333, 0.07419452319869671, 0.07487315477572158, 0.0742127855226922, 0.07069029126892062, 0.08064535819694829, 0.07983861975871635, 0.07182266502075947, 0.08284201077326184, 0.07086701176904525, 0.08172559017304282, 0.07945366649333258], [0.07551940900808805, 0.08320687694572841, 0.07420138645655386, 0.07490236033065573, 0.07426550434965752, 0.07069112810904252, 0.0806673043958764, 0.07985198320006341, 0.07183455966503668, 0.08275092729672139, 0.07087442495461449, 0.08177963571519122, 0.07945449957277027], [0.07555941097515806, 0.08307226541949565, 0.07422245157800357, 0.0749787845494038, 0.07441823639604629, 0.07072826835608442, 0.08065511158337675, 0.07983013973776469, 0.07189181860782039, 0.08248152587631503, 0.07092814611774809, 0.0818283294352025, 0.07940551136758076], [0.07556739429122826, 0.08333333333333334, 0.07419994712339377, 0.0750176255498626, 0.07452078325806831, 0.07068747543219248, 0.08064019669485846, 0.07980608077241011, 0.07188159425554896, 0.08223014736702244, 0.07090505235319423, 0.08185721454809258, 0.0793531550207946], [0.07560183089760031, 0.08333333333333337, 0.07421708315836502, 0.07508412498019225, 0.07464105951164761, 0.07070865804410503, 0.08061316689778243, 0.07978497359725002, 0.07192176565418021, 0.08200572042230168, 0.07093975624938804, 0.08183792865189582, 0.07931059860195859], [0.07569644243912275, 0.08310219801510128, 0.07430435569516945, 0.07524857832019347, 0.07492008567096216, 0.0708626545168981, 0.08048737172979949, 0.07972829042877533, 0.0720911214199952, 0.08158212318033929, 0.07111527721293369, 0.08166631455592922, 0.07919518681478065], [0.07574144159193072, 0.08333333333333334, 0.07433388623728418, 0.07534936724333145, 0.07512608647519549, 0.07092811836515217, 0.0803555350357334, 0.07965798296663329, 0.07217295269405706, 0.08121493057036515, 0.07119459365897293, 0.08151522782970975, 0.07907654399830111], [0.07582999045982979, 0.08333333333333333, 0.07435966438632902, 0.07547292943941719, 0.07530751025912158, 0.070865254280143, 0.08035775440634768, 0.07973206064799285, 0.07216801214208157, 0.08082237240110858, 0.07115234155473701, 0.08152334796711933, 0.07907542872243908], [0.07578389349762606, 0.08323844346824617, 0.07431711587234754, 0.0753830476704174, 0.0751354544772223, 0.0707799671519888, 0.08048517952421985, 0.07980504189797907, 0.07207645917644938, 0.08108485271331983, 0.0710581586327343, 0.08167758801020196, 0.07917479790724742], [0.0757088400077581, 0.08333333333333333, 0.07428348411140966, 0.07527500872069448, 0.07497045608223779, 0.07079149630170786, 0.08049782300442972, 0.0797605809906286, 0.07204977515254275, 0.08140842767265648, 0.07105431237133955, 0.08167758307662562, 0.07918887917463606], [0.07563946178877176, 0.08333333333333333, 0.07422928269052087, 0.0751489017499556, 0.07475052487528007, 0.07070141359264968, 0.08060686051746646, 0.07980642838659156, 0.07194065999291162, 0.08178203301525512, 0.07094675988500025, 0.08182658085534932, 0.07928775931691434], [0.07575950212179651, 0.08333333333333334, 0.07430410784806261, 0.07535362657783373, 0.07509898008502242, 0.07078429139869565, 0.08047387090236637, 0.07978064898346655, 0.0720704739840141, 0.08115281376134226, 0.07105902620347523, 0.08166504255403327, 0.07916428224655801], [0.07575694260648104, 0.08333333333333331, 0.07425405910193865, 0.07531409796463964, 0.07498671592337362, 0.0705939752047013, 0.08065381813439094, 0.07994220075495734, 0.07191980087571223, 0.0811885927742798, 0.07087265115840857, 0.08188059509068114, 0.07930321707710217], [0.07589072384511913, 0.08333333333333333, 0.07438511017567569, 0.07555283664733471, 0.07541549870979654, 0.07083868883176031, 0.08034944943542353, 0.07977173148807296, 0.0721743933311175, 0.08058600448217275, 0.07113715059811844, 0.08149037729468028, 0.07907470182739477], [0.0759608714815814, 0.08333333333333333, 0.07442134098068502, 0.0756454947631391, 0.07554004080813267, 0.07082813048085176, 0.08033905769464454, 0.07979785187654242, 0.07219619195803148, 0.08032522570108692, 0.07113819224695796, 0.08141235491976548, 0.07906191375524788], [0.07608121168816412, 0.08297493096918578, 0.074502913534509, 0.07578867482568533, 0.07570685997002533, 0.07085161487774393, 0.08034266672312403, 0.07985349763730129, 0.07225667756880501, 0.0800238242285561, 0.07117413769480185, 0.0813098429345594, 0.07913314734753886], [0.0761437566681644, 0.08310153464439772, 0.07452956423581782, 0.07586642557652355, 0.07579786348283926, 0.07081710555532066, 0.08031988696139496, 0.07987327171615255, 0.0722561798833452, 0.07977757015553626, 0.07115014244426417, 0.0811986631447764, 0.07916803553146716], [0.07627167626385571, 0.08305680337074646, 0.07458240696789853, 0.07598393038584403, 0.07585708661505307, 0.0706995387725581, 0.08039708520840134, 0.08002029589859691, 0.07220462549617852, 0.07944433108591505, 0.0710464348636764, 0.08110337591819215, 0.0793324091530838], [0.07642393545228318, 0.08307941237297171, 0.07465549551485483, 0.0761257050884514, 0.07592813076796655, 0.07059310353042937, 0.08048449233482818, 0.08014472386938587, 0.07216777812830606, 0.07903705503833529, 0.07095444461507636, 0.08091169659851287, 0.07949402668859826], [0.07653416268984986, 0.08298169442266688, 0.07470910858098442, 0.07621591002531239, 0.07595431090477446, 0.07050699057123663, 0.0805965787539605, 0.08024954885566837, 0.07212963723809526, 0.07877136435190442, 0.07087628591998803, 0.08084524918012709, 0.07962915850543167], [0.07663968600233621, 0.08333333333333331, 0.07472683039910721, 0.07626965673808228, 0.07588083523022629, 0.07029045964851266, 0.08076828345002822, 0.0804134039102818, 0.07198475165483095, 0.07843109497447011, 0.07066877313196512, 0.08076100525212629, 0.07983188627469935], [0.07671878673545308, 0.08306276963809735, 0.07473443074316272, 0.07622855696964094, 0.07561597004831343, 0.0700374386612363, 0.0811537260456934, 0.08079189780544507, 0.07178086721497601, 0.07835288337514389, 0.07041007199256444, 0.08090483377844519, 0.08020776699182824], [0.07565386747040333, 0.08313275493726249, 0.07428354390573884, 0.07517736551626984, 0.07480202248772687, 0.07085315690574703, 0.08050650451018611, 0.07971626141414348, 0.07205818893797673, 0.08179873640920031, 0.07109203233602045, 0.0817021649744641, 0.0792234001948605], [0.07560613686282437, 0.08313579909174053, 0.07426898898701831, 0.07508875439893661, 0.07464466495228987, 0.07085692460738952, 0.08052075311990907, 0.079709166292765, 0.07202727950211199, 0.08209313649830914, 0.07107553516669514, 0.08170877712087314, 0.07926408339913714], [0.07556806742246291, 0.0831478632232733, 0.07425975233152259, 0.0750101769417963, 0.07449111943812582, 0.07085280575855124, 0.08053378266127043, 0.07972801616307663, 0.07199305825724563, 0.08236758223437197, 0.07105179554125363, 0.08168356077744478, 0.07931241924960467], [0.07553601621783364, 0.08333333333333333, 0.07424136082775777, 0.07496035898834484, 0.07440380042541243, 0.07083531635585713, 0.0805193271473594, 0.07971971527278654, 0.07196164258008703, 0.08250508607661883, 0.07102492539728705, 0.08163948532298049, 0.0793196320543415], [0.07553455559478231, 0.08314016364754621, 0.0742651101597037, 0.07492814254451384, 0.0743031587481728, 0.07086286975369556, 0.0805298463290971, 0.07974691904857724, 0.07196402640458614, 0.08273156614422339, 0.07103576235705217, 0.08158267157794141, 0.07937520769010835], [0.07551273786419398, 0.08302164062088294, 0.0742691081283066, 0.07485405740422382, 0.07411623250649628, 0.07083710868981402, 0.08054404903355154, 0.07979072376885214, 0.07191203345818153, 0.08311293330271322, 0.07098652515131955, 0.08158144888394175, 0.07946140118752258], [0.07551783749670705, 0.08283915956376495, 0.07428100035648601, 0.07482977358615146, 0.07403611157672069, 0.0708289432784666, 0.0805572991111082, 0.07982198595299504, 0.07189346882365556, 0.08333333333333333, 0.07096752709474595, 0.08157982489126075, 0.0795137349346044], [0.07587403923062275, 0.0830081716931017, 0.07428416850904106, 0.07541926333072481, 0.0750555759265526, 0.07043364193682208, 0.08083141954203184, 0.08018321548486139, 0.07183490306470404, 0.08084415244017083, 0.07072942989129485, 0.08203872398212722, 0.07946329496794474], [0.07599998089355828, 0.08311467296073344, 0.0743974432285311, 0.07563224406029682, 0.07540932326825293, 0.07061705174435351, 0.0805894022360402, 0.08004013937300156, 0.07203607485553686, 0.08032245969130186, 0.07093117435071444, 0.08163780332995232, 0.0792722300077267], [0.07610429823269316, 0.08333333333333331, 0.07445090370429362, 0.07577152653871158, 0.07559177105320476, 0.0706001438161961, 0.08051437361202747, 0.08004170606117089, 0.07206794163307773, 0.07988682399870445, 0.07093157501329829, 0.08140254710557912, 0.07930305589770931], [0.07556383733728418, 0.08266810948547614, 0.07432740394304937, 0.07484539293457695, 0.07399306762012405, 0.07084116913821545, 0.08062584993433847, 0.07990683648578283, 0.07190123991671711, 0.08311057426133116, 0.07097055956875493, 0.08162925615109819, 0.07961670322325143], [0.0755995502993026, 0.08246809091940545, 0.07436348033641578, 0.07484957015040722, 0.07393687047249421, 0.07084077245074832, 0.08069010727097999, 0.07997924897297863, 0.07189665631930865, 0.08305486705110329, 0.07096072972055757, 0.08165053498763754, 0.07970952104866084], [0.07561427249552934, 0.08220498525997869, 0.07437395427591428, 0.07482061575964868, 0.07382674571692206, 0.07077866871849481, 0.0807839418747682, 0.08006209107669936, 0.07183697893177393, 0.08333333333333333, 0.07088805966758087, 0.08165878781752806, 0.07981756507182831], [0.07568675269161966, 0.08193052906437276, 0.07446524671622182, 0.07485466992298725, 0.07378545212643296, 0.07081599131825113, 0.08088413720833455, 0.0801730026536371, 0.07186707356214432, 0.08304726601050016, 0.07091326715952832, 0.0816336285763481, 0.07994298298962181], [0.07571656184285554, 0.08167117967827296, 0.07449714949746386, 0.07485774705627124, 0.07369559127201267, 0.07076248702489163, 0.08098170163041653, 0.08027817046640626, 0.07181941948869519, 0.08320301834307935, 0.07085085095269757, 0.0816070379493165, 0.08005908479762071], [0.0757253345764867, 0.08154921931191511, 0.07449991749525711, 0.07485373337552599, 0.0736439678415354, 0.07071185215137862, 0.08104089599955705, 0.08033900122378253, 0.07177688435784746, 0.08333333333333331, 0.0707972821850636, 0.08160483871419263, 0.08012373943412432], [0.07576050801198062, 0.08135897803292556, 0.07453023295755346, 0.07487187691683732, 0.07359125470014272, 0.0706712398359333, 0.0811310437676577, 0.08043717044522726, 0.07174527628936904, 0.08333333333333333, 0.07075173380203342, 0.08158768649661338, 0.08022966541039282], [0.07581919036668222, 0.08116208730753688, 0.07458876106072244, 0.07491596562278391, 0.0735652038881358, 0.07066913716992622, 0.0812193547484456, 0.08054086827066273, 0.07174865921253795, 0.08312920286594952, 0.07074410213575456, 0.08155210699452897, 0.08034536035633319], [0.07588034591172486, 0.08085825142191357, 0.07466475080248053, 0.07495985474947346, 0.07350102550203852, 0.07067289741640309, 0.08126409356864199, 0.08062630134466436, 0.07175087244984993, 0.08317897619784154, 0.07073649153681343, 0.08140728992086387, 0.08049884917729087], [0.07595721716432183, 0.08056575911684788, 0.07474591833831447, 0.075017047091115, 0.07345518964970266, 0.07067039766433884, 0.08133190684740067, 0.0807391203429488, 0.0717542093679914, 0.08307984401403243, 0.07072535960899143, 0.08128304141036527, 0.0806749893836293], [0.07586981991349638, 0.08081174451132239, 0.07461706554873307, 0.07493127629952527, 0.0734544726098421, 0.07054811472652221, 0.08137871712768895, 0.08072456606840817, 0.07165418672236665, 0.08333333333333333, 0.0706172411450255, 0.08148310890377501, 0.08057635308996093], [0.0758897781971321, 0.08333333333333333, 0.07435859457657334, 0.07552893916546934, 0.07534324449914696, 0.0707338638822366, 0.08045204652634246, 0.07986444313021615, 0.07209029218481794, 0.08061418983416127, 0.07103373622539322, 0.0816020853304679, 0.07915545311470933], [0.07584917316105559, 0.08333333333333334, 0.07430464016942993, 0.07544526058945623, 0.0751773779980468, 0.07060438021636146, 0.08059697351923718, 0.07996792943601877, 0.0719692656128327, 0.08079669254295153, 0.07089936027429171, 0.08178790913928738, 0.07926770400769746], [0.0761064023040382, 0.08302460172678496, 0.07441055581475982, 0.07569514416927677, 0.07536695300163429, 0.07039028635720614, 0.08082084138255202, 0.08031473826496911, 0.07188790596103292, 0.08003646327778391, 0.07071670744690715, 0.08169621501413872, 0.07953318527891573], [0.07594945907532077, 0.08333333333333333, 0.07431316079075792, 0.07552592845533138, 0.07520205642351832, 0.07040234453979223, 0.08078198109116239, 0.08019697958128363, 0.07184663916036664, 0.08045121897311411, 0.07071392254986192, 0.08186400787267893, 0.07941896815347838], [0.0756895136980877, 0.08304837806302903, 0.07419563856938399, 0.07516557168215138, 0.0747054691765357, 0.07046009964100411, 0.08088400848156814, 0.0800733694983039, 0.07177026202180636, 0.08166889588330283, 0.07071774954724322, 0.08212633942450695, 0.07949470431307654], [0.07581081558108166, 0.08297541497792957, 0.07425066235324175, 0.0753335847961941, 0.07493998309358817, 0.07043435449428455, 0.08086571622865113, 0.08015706299554083, 0.07180838312024782, 0.08111021442624691, 0.0707195843748766, 0.08211464432136797, 0.07947957923674893], [0.07619838601686506, 0.08308118663913379, 0.0744471475869903, 0.07577566639532222, 0.07540758274951577, 0.07030008566527489, 0.0808792325307177, 0.08043341592583489, 0.0718455096986175, 0.07975295098070422, 0.07063626294604083, 0.08157900006438983, 0.07966357280059315], [0.07633978450607778, 0.08306879315493039, 0.07450161014252644, 0.07587179945261154, 0.07539286713174544, 0.07012840853026384, 0.08102566022000263, 0.08067087872800775, 0.07174611498658959, 0.0793670136863241, 0.0704750319782724, 0.08149302390464154, 0.07991901357800671], [0.07682986758402115, 0.08300824918313043, 0.07484393318651764, 0.07640326645093844, 0.07586992530545959, 0.07020223075786043, 0.08093687456808235, 0.08058586417574264, 0.0719539825131114, 0.07808004500688462, 0.07058533051110703, 0.08062025369034669, 0.08008017706679763], [0.07673013883579302, 0.08333333333333333, 0.07479229470272201, 0.07637007869391832, 0.0759731838278358, 0.07031118172377421, 0.08073286358982996, 0.0803813431003785, 0.07202899797453655, 0.07820153579323288, 0.07069604450759401, 0.0806008208745952, 0.07984818304245617], [0.07583109541030043, 0.08106925548780299, 0.0741824654702258, 0.0749422098704449, 0.07376827515475226, 0.0696633789928078, 0.08246467475389414, 0.08143507668295785, 0.07107818712895562, 0.08162239373647096, 0.06985865128774116, 0.08317188706808894, 0.08091244895555713], [0.07575638375611592, 0.081379714168982, 0.07416808896383041, 0.07488338739842194, 0.0737455779659188, 0.06978551989019095, 0.08218054104202972, 0.08120947865955049, 0.07114838555255906, 0.08194974005147432, 0.06996874731486204, 0.08308650362005882, 0.0807379316160055], [0.07569483271008799, 0.08164082263718654, 0.07411826461794613, 0.07486157939276178, 0.07380515523162831, 0.06981067792370738, 0.0820184874265979, 0.08103799088247696, 0.07116619281230001, 0.0819570521123778, 0.07000177079945702, 0.08333333333333334, 0.0805538401201389], [0.07565677298095744, 0.08190318609214972, 0.07410768348737415, 0.07485702912555901, 0.07386894404719832, 0.06989945575569827, 0.08183336502352695, 0.08086750471900327, 0.0712328980468165, 0.08218429108266999, 0.07009253400880974, 0.08310753237763606, 0.08038880325260053], [0.07566010699324828, 0.08205419785404576, 0.0740921491361513, 0.07490873156626157, 0.07402044423271674, 0.0699183720792215, 0.08174876710510566, 0.08076956482066729, 0.07127117747187751, 0.08211062101465404, 0.07013051892378154, 0.08306258163952146, 0.08025276716274729], [0.07569724149520944, 0.08203475349921818, 0.07409661436826472, 0.07497754589695421, 0.07415293504835452, 0.06990566053970314, 0.08173297209615893, 0.08075287607215763, 0.07128953125745606, 0.08186036607415864, 0.07013584115681784, 0.08316375195933672, 0.0801999105362099], [0.0758022932519107, 0.08178017916961532, 0.07412766557648127, 0.07507781560641115, 0.07423779961810117, 0.06979030480573054, 0.08191196120418513, 0.08096803794566211, 0.07123853569328956, 0.08136218359203863, 0.07003882185375009, 0.08333333333333333, 0.08033106834949093], [0.07593328731914108, 0.0814326427447349, 0.07417734733252843, 0.07512969615109578, 0.07412016383035472, 0.06958105214837833, 0.08236321357454218, 0.0814200049916472, 0.07109305867599817, 0.08085982903458733, 0.06982858044438126, 0.08333333333333333, 0.08072779041927719], [0.07592388703957935, 0.0811617464408912, 0.07416914641015533, 0.07504074693563893, 0.07387351439145644, 0.06946490153448732, 0.08271845393960145, 0.08164200632759777, 0.07097068527970324, 0.08099725350976514, 0.0696902035134197, 0.08333333333333334, 0.08101412134437089], [0.07589261867574769, 0.08093919519590216, 0.07417355090408688, 0.07498430464572593, 0.07376898148828505, 0.06949832390407784, 0.08274212935161165, 0.08165292557535879, 0.07097249377927567, 0.08126505088101289, 0.06970726613034094, 0.08333333333333334, 0.08106982613524125], [0.07584074748359391, 0.08114893519809101, 0.07416741508070493, 0.07498625104048876, 0.0738820330238863, 0.06965317485586957, 0.08243965499377615, 0.08138489731805283, 0.07109058684681986, 0.0813883154245476, 0.0698645870142027, 0.08333333333333334, 0.08082006838663311], [0.07578366881725633, 0.08125693175250619, 0.07415080958113378, 0.07491790113120204, 0.07379330154344114, 0.06969361391775103, 0.08232595465480393, 0.08130310540317409, 0.07109592283156771, 0.08167065602380862, 0.0698909660909685, 0.08333333333333333, 0.08078383491905332], [0.07574068964214223, 0.08161442254419883, 0.07411415085006666, 0.07494313060487946, 0.07395928552487688, 0.06976630180153214, 0.08208051986401677, 0.08106183601156818, 0.07116680365845054, 0.08172255819880397, 0.06998106743330126, 0.08333333333333333, 0.08051590053282964], [0.07583123215680561, 0.08143670965853773, 0.07415010581582752, 0.07504653077949974, 0.07408354645738381, 0.06971929249864262, 0.0821878635498691, 0.08116737634586907, 0.0711678860065884, 0.08135253646339492, 0.06995232667659701, 0.08333333333333333, 0.08057126025765102], [0.07580640722499551, 0.08141590747129726, 0.07414307746505408, 0.07500374565087553, 0.07400619666668139, 0.0697203507751096, 0.08221584613796504, 0.08118370078463809, 0.07115225377011002, 0.08146789388385182, 0.06994356188957643, 0.08333333333333334, 0.08060772494651201], [0.0758871769267177, 0.08126805298196987, 0.07417327707439408, 0.07506734987925155, 0.07402978964841182, 0.06963325412026827, 0.08240031041329289, 0.08136264379078118, 0.07110763072905457, 0.08112244689226612, 0.06986514159467137, 0.08333333333333333, 0.08074959261558717], [0.07572062904572777, 0.08161725095339492, 0.07411327789659794, 0.07490784200530437, 0.07389349787144232, 0.06977906468470635, 0.0820684881507015, 0.08105891815749222, 0.0711620874813668, 0.08182490523550937, 0.0699843222128295, 0.08333333333333334, 0.08053638297159368], [0.07570630141750152, 0.08186397310585516, 0.07409078332855897, 0.0749566807079944, 0.07407167364771786, 0.06983033537430217, 0.08186979534636454, 0.0808719515595626, 0.071224765851963, 0.08180673733639887, 0.07005585401665931, 0.08333333333333334, 0.0803178149737884], [0.07578416772679443, 0.08168544116091649, 0.07412594556615977, 0.0750410884312752, 0.0741649387437349, 0.06979466940174985, 0.0819629200414253, 0.08097408235358369, 0.07122680689543358, 0.0814946295147773, 0.0700334781787877, 0.08333333333333333, 0.08037849865202837], [0.0759218442670634, 0.08158025956991208, 0.07418479802487185, 0.07515409002314415, 0.07421728601001801, 0.0696723648678744, 0.08219518786509487, 0.08128368258890038, 0.07117091812397808, 0.08095772967810487, 0.06992495307986048, 0.08315000140301897, 0.08058688449815851], [0.07587571091129565, 0.08181974025148027, 0.07416634047736707, 0.07515169435724914, 0.07430644721635064, 0.06976402149804976, 0.08196969646270176, 0.08108159515142517, 0.07124262397683231, 0.08110327789559796, 0.07002178388096361, 0.08310659512769604, 0.08039047279299062], [0.07569286001843692, 0.08188435157201038, 0.07410656521508066, 0.07492108218059644, 0.07399045058607893, 0.06986993864385481, 0.08187812375039086, 0.08088538845597568, 0.07123723302787581, 0.08198600046334238, 0.07008117420006307, 0.08310487545884819, 0.08036195642744605], [0.07574609656438021, 0.08195401087626547, 0.07412264964176897, 0.07503506218310756, 0.07422532547228182, 0.06990067813411802, 0.08177049597017329, 0.0808001309831278, 0.07130525172029792, 0.08167555197234042, 0.0701394698690423, 0.08310348418605756, 0.08022179242703882], [0.07579359853662851, 0.08193324811269283, 0.07413761346264879, 0.07510074371396959, 0.07432462858345781, 0.06987800424698015, 0.08176063011281635, 0.08084678287315858, 0.07131297961937859, 0.08141516685879176, 0.07013072266139304, 0.08315952019839734, 0.08020636101968663], [0.07603234463058693, 0.0804673324372095, 0.07429880370339244, 0.07496425464333456, 0.07344588151986754, 0.0694061359051675, 0.08307328783716039, 0.08212897489469723, 0.07087858475377487, 0.08154619587503395, 0.069576871062146, 0.08251569682943274, 0.08166563590819652], [0.07601290185119346, 0.08070635410708468, 0.07424306459591261, 0.07498211539956619, 0.07352659359749568, 0.06931982138429935, 0.08315840274324117, 0.08214305560595672, 0.07082833994580262, 0.08129023855175788, 0.06950992301516275, 0.08269620147644541, 0.0815829877260814], [0.07603872622945342, 0.0811171392659046, 0.07421352889998346, 0.07506912629359312, 0.07371870938744361, 0.06925903945640853, 0.08313518151725705, 0.08208911844573788, 0.07082096939924781, 0.08083729781123754, 0.06947987383436209, 0.08280153100306413, 0.08141975845630663], [0.07618712826888913, 0.08150102672990948, 0.07428123506324782, 0.07524255213123339, 0.07392313039832173, 0.06921748574527828, 0.08295739385176408, 0.0822354385257496, 0.07084860139760799, 0.08029072606919788, 0.06946604379235427, 0.08247338630877274, 0.08137585171767375], [0.07653430043142055, 0.08126514984624865, 0.07449676653255152, 0.07546987514064697, 0.0738667432462283, 0.06903658584743706, 0.08333333333333334, 0.08291744964945649, 0.07077244290820627, 0.07963792594597865, 0.06928850994969069, 0.08153095426201573, 0.08184996290678591], [0.07669881911643453, 0.08056386594679285, 0.07470181041801621, 0.07548505655537256, 0.0736056679485127, 0.06913979241944623, 0.08283923719034338, 0.08333333333333333, 0.07083113575247077, 0.07982321161056809, 0.06934537560960997, 0.08114979767630844, 0.08248289642279093], [0.07655797183768438, 0.08013551764396262, 0.07465443650592608, 0.07529728413135803, 0.07331639940081242, 0.06919087349789549, 0.08293519139221153, 0.08333333333333333, 0.07079693104272151, 0.08037827862005562, 0.06935557578104982, 0.08120725984317534, 0.08284094696981381], [0.07634466829083564, 0.08009231478099642, 0.07453755085897007, 0.07513556641613604, 0.0732608479856211, 0.06930782072886436, 0.083127124909923, 0.08281131383941533, 0.0708330950755597, 0.08102587970093375, 0.06945711036389986, 0.08160919539431884, 0.08245751165452592], [0.07609606988401968, 0.08037432614838062, 0.07433305771053615, 0.07497656529361747, 0.07335898869523205, 0.06932311930368135, 0.08333333333333334, 0.08232249469318587, 0.07081740659782011, 0.08142367449356108, 0.06948873835557498, 0.08226231613390962, 0.08188990935714784], [0.07605414654961286, 0.0806530989175105, 0.07426189892417281, 0.07498930908425444, 0.07346749475203823, 0.06925609870841698, 0.08333333333333333, 0.08229280838205748, 0.07078119043088314, 0.08122029440920416, 0.06944342423812826, 0.08251383586954163, 0.08173306640084615], [0.07609494459864176, 0.08096668937460377, 0.07424969295890142, 0.07506916041569209, 0.07360317066708412, 0.06918086852983359, 0.08333333333333333, 0.08233866818090722, 0.07075758294991073, 0.08083277631690743, 0.06939239494967363, 0.08251464572577448, 0.08166607199873639], [0.07612349772987215, 0.08113031942236433, 0.07425032655537167, 0.07511684523977943, 0.07368361896889336, 0.06915744965134157, 0.08333333333333333, 0.08231490416833236, 0.0707585703075049, 0.0806361242067545, 0.06938128098027255, 0.08250862846206809, 0.08160510097411172], [0.07623762512309613, 0.08111489141746903, 0.07432065588986267, 0.07519473988466531, 0.07367695260995383, 0.06909971135717699, 0.08333333333333333, 0.08256361503054986, 0.07073633275003371, 0.08041010471050242, 0.06932578656646385, 0.08219797927694038, 0.08178827204995244], [0.07622271576148029, 0.08055593779007071, 0.07437112388501253, 0.07508253183753255, 0.07340567286575439, 0.06916534496751313, 0.08333333333333336, 0.08271411584716579, 0.07073602577084633, 0.08089626942984894, 0.06934966766047765, 0.08203754709583194, 0.08212971375513262], [0.07638145890653217, 0.08043468088271231, 0.07448066100549881, 0.07517855029147122, 0.07337025726050865, 0.069109912891