[[0.07160638196464136, 0.06903289726296698, 0.0744824670773351, 0.07342066349145787, 0.08060467651636165, 0.07166076560812583, 0.08305626577605157, 0.08031842779800363, 0.07864690461338786, 0.07352979909532827, 0.08151019185893342, 0.08168710180834099, 0.08044345712906557], [0.07166598780416958, 0.06903447197454528, 0.07437514671661304, 0.07336943518650699, 0.08039534963458153, 0.0716754044788967, 0.08314120830051239, 0.08009186289281317, 0.07884950080584749, 0.07340811875277019, 0.08132810246709672, 0.08183319892633964, 0.08083221205930728], [0.07176634639600721, 0.06908109978712185, 0.07427192480637132, 0.07333452329872478, 0.08013547920469809, 0.07172412948238781, 0.0832150657201657, 0.07981909943129116, 0.07907292992154281, 0.0732942337094595, 0.08107596457623759, 0.08191045587302077, 0.08129874779297137], [0.07187590647743738, 0.06912517482500416, 0.07421044781543398, 0.07333176832588742, 0.07996883726014074, 0.07178826065493461, 0.0830378866217323, 0.07962942126575964, 0.07928699762243409, 0.07321174685697017, 0.08090054108254453, 0.0819592373544921, 0.08167377383722885], [0.07198416085519262, 0.06916792660373026, 0.07412250685555793, 0.07331037155333708, 0.07975009590409331, 0.07184560092393814, 0.0831545592971108, 0.0793803528694648, 0.07950398067805758, 0.07310558453265932, 0.08066955675840295, 0.0818906269890919, 0.08211467617936333], [0.07206976970316374, 0.0691728236993587, 0.07407188155534529, 0.07330749332304887, 0.07964347709123554, 0.07189130345519425, 0.08297872260750086, 0.07924464092850401, 0.07973237477046462, 0.07302424706801447, 0.08058319787244587, 0.0818749763796798, 0.082405091546044], [0.07209328076810945, 0.0689874243534771, 0.07392263099165498, 0.07321955236882617, 0.07952355713201033, 0.07184743546385551, 0.08333333333333331, 0.079064348771588, 0.08011169052248354, 0.07278631751313773, 0.08052788173323594, 0.08189660519814027, 0.08268594185014749], [0.07226545170661672, 0.06899647560602631, 0.07389414511752809, 0.07325827819408032, 0.07940396688522644, 0.07195414044948241, 0.0828661598083861, 0.07889938860691025, 0.08052834234877686, 0.07268208779596637, 0.0804370563473266, 0.08182131031068998, 0.08299319682298358], [0.072375684044159, 0.06888921214452182, 0.07386497521882217, 0.07327864245648857, 0.0793854266982135, 0.07200427547426803, 0.08239875560683146, 0.07882528669717398, 0.08095650049379231, 0.07254766544245395, 0.08045401592517307, 0.08198167137803031, 0.08303788842007183], [0.0726165385313694, 0.06885550369891397, 0.0738787442545303, 0.07337330635876717, 0.07931377052256837, 0.07216051874383639, 0.08172301258897025, 0.07868014237356208, 0.08157512569081331, 0.07242880262895496, 0.08037325688408117, 0.08195261365727272, 0.08306866406636007], [0.07287943036980969, 0.06882259144047233, 0.073930656324253, 0.07350433104622757, 0.07931617993454339, 0.07234133314354596, 0.08100063008053837, 0.0785535722149352, 0.08219775567413354, 0.07233488737008949, 0.0802711574359008, 0.0818255675724641, 0.08302190739308662], [0.07316292784528228, 0.06892043047852975, 0.07398469402058173, 0.07363961220711923, 0.07918364248887455, 0.072554196010257, 0.0804672614149909, 0.07835173267582118, 0.08270126686545537, 0.07230300285651435, 0.08002770088697304, 0.08154371930638225, 0.08315981294321839], [0.07337215943724255, 0.06888645641716742, 0.07410928608880377, 0.07380732548627779, 0.07928258874820121, 0.07271898164670272, 0.07987668108508436, 0.07835125392252716, 0.08304726805603357, 0.0722967322892502, 0.08002060687990142, 0.08142490627162569, 0.08280575367118209], [0.0735689635984023, 0.06893737114429319, 0.07426544466412517, 0.07399086960196799, 0.07938143401135236, 0.07289490471577756, 0.07945300360418886, 0.07841736311304609, 0.08305469701972004, 0.07236642109371332, 0.0800466246605794, 0.08127708328988906, 0.0823458194829446], [0.07373787786795312, 0.06896085548944315, 0.07449241887109125, 0.07422069333340055, 0.0796013688114024, 0.07306846817199356, 0.07896129438114782, 0.07866363915493697, 0.08278634534479151, 0.07248972265606786, 0.08016202685572639, 0.08110760896751569, 0.08174768009452987], [0.07371884502381403, 0.06885109702885343, 0.07463040509434778, 0.07432614484429055, 0.07983959286515918, 0.07308031845062249, 0.07860174954465879, 0.07891419579360284, 0.08291834369536527, 0.0725473512450982, 0.08031234283466958, 0.08099885391467403, 0.08126075966484378], [0.07371829969537524, 0.06876757836750301, 0.07484785168908141, 0.07449893668960901, 0.08012070349618103, 0.07313058238567575, 0.07809057127334525, 0.0792403665517538, 0.08286195345288042, 0.07266900967869257, 0.0805665903423683, 0.08088854688680681, 0.08059900949072739], [0.07351524220098707, 0.06857666949121677, 0.07504468643114802, 0.07458929600491312, 0.08053697713082726, 0.07302940782737262, 0.07763849629390468, 0.07969917159818388, 0.08283815538150335, 0.07279902753720213, 0.08099603156099772, 0.08080200490416438, 0.07993483363757897], [0.07158231407048722, 0.06920782133505654, 0.07463562705992001, 0.07350944631526302, 0.08066144272899559, 0.07170413560741792, 0.08333333333333334, 0.08044217100178204, 0.07835705578687398, 0.07376896395240323, 0.0814530261576518, 0.08129723064433408, 0.08004743200648125], [0.0716573239451344, 0.06919800031238076, 0.07450096281985903, 0.073445904537479, 0.08043978454620553, 0.07172091473856877, 0.08333333333333333, 0.08017761725179322, 0.07856140116607911, 0.07360906661825245, 0.08129969425518052, 0.08152680043910877, 0.08052919603662508], [0.07172477606430046, 0.06922637072806254, 0.07444246359773887, 0.07343012405305618, 0.08030394562432612, 0.07175564617498394, 0.08321498093304545, 0.08002837738109696, 0.0787141174700256, 0.07354019394396319, 0.08118544579101825, 0.08162286492496197, 0.08081069331342039], [0.07179357010204677, 0.06914031794283966, 0.07426827159882725, 0.07333994023367857, 0.08006005093074656, 0.07174933858672636, 0.08333333333333333, 0.0797498992072375, 0.07905903842939142, 0.07330876451443198, 0.08098731088546332, 0.08183850566916728, 0.08137165856610995], [0.07170377359990504, 0.06914492750640544, 0.074383294651902, 0.0733848482540709, 0.08028123588631435, 0.07171717206106622, 0.08333333333333333, 0.07999248103362384, 0.07879706311064695, 0.07345516809341021, 0.08118581188768667, 0.08171286169146778, 0.08090802889016728], [0.07195019290717959, 0.06923306472354213, 0.07421536384745939, 0.07335884108347093, 0.07985863652982281, 0.07185311750933977, 0.08301203633946112, 0.07952465369236086, 0.07930488394783912, 0.07323685102883673, 0.0807710483212019, 0.08185686892370009, 0.0818244411457855], [0.07201498298536443, 0.06927253668081698, 0.0741417336716096, 0.07333118737588619, 0.07966775330160406, 0.07188476357737378, 0.08333333333333331, 0.07931945684602905, 0.07943187398886965, 0.07316111792627948, 0.08056510767639903, 0.08174223252905598, 0.08213392010737827], [0.07210379938708103, 0.06920825374656361, 0.07406974701071181, 0.07331739914407458, 0.07959917377842168, 0.0719181543656954, 0.08293979231197386, 0.07919956430743139, 0.07976805639846246, 0.07302471526990371, 0.08053711063264135, 0.08182898359112777, 0.08248525005591147], [0.0721856859531244, 0.06920631383616326, 0.07396202536236421, 0.07327400465879612, 0.07936946226454006, 0.07194792334457273, 0.08333333333333333, 0.0789448928552031, 0.08000851307385015, 0.07289035681596602, 0.0803246116834856, 0.08163579412696431, 0.0829170826916367], [0.07237280122645501, 0.0692083392534972, 0.07394144212390853, 0.07332319234792853, 0.07927783595163644, 0.0720649673644295, 0.08281413740671328, 0.07880124509255203, 0.08045993518029601, 0.07278247775505643, 0.08027108480096709, 0.08159398371381014, 0.08308855778274997], [0.07241056344284486, 0.06906066568759925, 0.07387790658745103, 0.07329501067288526, 0.07925676666131692, 0.07205407238490416, 0.08254139196290577, 0.07873411360043377, 0.08078825569883123, 0.07263114161693869, 0.08028676944265035, 0.08173000890790538, 0.08333333333333333], [0.07252324284932815, 0.06900325733959357, 0.07386692197454581, 0.07332764909932012, 0.07922661439604721, 0.07211701470082194, 0.08218135280637816, 0.07866374540678883, 0.08114750368215697, 0.07253847989484259, 0.0802746698608698, 0.08179621465597363, 0.08333333333333334], [0.07267388538451622, 0.06899072442410824, 0.07387721183756527, 0.07338753510755534, 0.0791758847299003, 0.07221620504315095, 0.08178776363915558, 0.07857458188627489, 0.08152484589824849, 0.07247061452698628, 0.0802208544864711, 0.08176655970273411, 0.08333333333333334], [0.07280981554051837, 0.06904312850638596, 0.07391847275813695, 0.07346241733033126, 0.07916615191702274, 0.07232198000983812, 0.08154909030331958, 0.07852517668147521, 0.08176202659346858, 0.07247112637469212, 0.0801766961451955, 0.08170563708994975, 0.08308828074966587], [0.07293678635661296, 0.0690383051466667, 0.0739188096339571, 0.07350722415229609, 0.07911011837525886, 0.072404872462694, 0.08121466227446282, 0.07841612186113145, 0.08207255959471922, 0.07241019704441184, 0.08007306840583023, 0.0815639413586256, 0.08333333333333336], [0.07303599119607052, 0.06897195723739463, 0.07393265191368387, 0.07355470387637225, 0.07912913627980098, 0.0724646639610508, 0.08086306418822077, 0.07836950815580766, 0.08240118778632095, 0.07234251249939819, 0.08004217767198364, 0.08155911190056232, 0.08333333333333333], [0.07343350851761887, 0.06915030232055377, 0.07402389332130566, 0.07375334597959927, 0.07894490213128655, 0.0727721619300426, 0.08018453410606238, 0.07810930242471668, 0.0830657765834722, 0.07233418029057559, 0.07971868496013398, 0.08117607410129914, 0.08333333333333333], [0.07362228476484566, 0.06913778930814604, 0.07415115186595767, 0.07391415843596338, 0.07905260166978283, 0.07292632174705838, 0.079732376804774, 0.07813819743510325, 0.08333333333333333, 0.07235282640778153, 0.07975069060348096, 0.08111726390411808, 0.08277100371965487], [0.07309025467306211, 0.06879288844685581, 0.07396767306341309, 0.07360760499101643, 0.0792688562629702, 0.07248588158345126, 0.08040861713031487, 0.07841288887279886, 0.08262452550230268, 0.07225431701915316, 0.08011231443926549, 0.08164084468206287, 0.08333333333333334], [0.07382786789410042, 0.06922152368962756, 0.07428210809198878, 0.07407986296413802, 0.07908909031112987, 0.0731054245505569, 0.079386298659493, 0.07817196419374406, 0.08333333333333333, 0.07241656562688381, 0.07972765175195297, 0.08097472368920433, 0.08238358524384695], [0.07405067557042515, 0.06925480354567795, 0.07448583999930773, 0.07431069115628153, 0.07922216599291712, 0.0733095245921872, 0.07886439735732147, 0.0783380258507573, 0.08333333333333333, 0.07250521200337617, 0.0797603012634592, 0.0807795496384268, 0.08178547969652897], [0.07407291073906468, 0.06920222555042616, 0.07460341800936517, 0.07441115905997941, 0.07939545106715104, 0.07334900238624562, 0.07863577935266529, 0.07852010954004929, 0.08311920886842487, 0.07256253511166742, 0.079879654946683, 0.08074525779694673, 0.08150328757133135], [0.0740657115318044, 0.06906865095612523, 0.07476522082741735, 0.07454246304219339, 0.07963051118562231, 0.07337351550767467, 0.07819350748777328, 0.07878287909912672, 0.08333333333333334, 0.07261970571674536, 0.08005703171610097, 0.0806089520265983, 0.08095851756948472], [0.07419086446240875, 0.06908928757084658, 0.07498575794378359, 0.07475864791090686, 0.07974727897904721, 0.07352137387607662, 0.07769302999734691, 0.07897006078172111, 0.08333333333333334, 0.0727456164338008, 0.08018252524030896, 0.08039850205990995, 0.08038372141050938], [0.07389502111297677, 0.06882222505379793, 0.07505371764515897, 0.07472207245921395, 0.08011352224054669, 0.07331416265849892, 0.07752565535036623, 0.07933295805824987, 0.08333333333333333, 0.07277496878493962, 0.08056127691735265, 0.0805170730500778, 0.08003401333548724], [0.0716802500857057, 0.06942076350978285, 0.07467858904624775, 0.07356781094070186, 0.08049075234815453, 0.07180740692781926, 0.08333333333333333, 0.08032909807417792, 0.07825459764200805, 0.07387303583760499, 0.08124372077690935, 0.08117624916120275, 0.08014439231635155], [0.07180112260879265, 0.069415757138061, 0.07448418733985009, 0.07348037454923738, 0.08016388810585912, 0.07184147454720398, 0.08333333333333334, 0.07990990728049448, 0.07862955627331883, 0.0736395317159391, 0.08100276963381789, 0.08144306680076206, 0.08085503067333015], [0.07175158855333608, 0.06940850250557377, 0.07455102382284307, 0.07350772284752896, 0.08029077507274722, 0.07182321152733231, 0.08333333333333334, 0.08005061185525744, 0.07849398697803424, 0.07371893101499982, 0.08110682249012552, 0.0813676147551247, 0.0805958752437636], [0.07182259089156755, 0.06933491007960835, 0.07441920435796065, 0.07344685196087634, 0.08014094352704138, 0.07182950943237669, 0.08310207298936871, 0.07986385329425494, 0.07881108082259809, 0.07352978766467913, 0.08101818023533014, 0.08161454672626914, 0.08106646801806876], [0.07190047310345576, 0.06945847762125106, 0.07439394015550412, 0.07345439423542305, 0.07994963769766023, 0.07189218609402356, 0.08333333333333334, 0.07967919814264225, 0.07883204132274264, 0.07353392017197725, 0.0808074420526135, 0.08150099132672446, 0.08126396474264894], [0.07203172262071578, 0.06948157487512324, 0.07432194922996188, 0.0734532867119256, 0.07978958258105041, 0.0719652960085599, 0.08293593092696647, 0.07949660483593898, 0.0791145034221584, 0.07342030032982834, 0.08066845112170791, 0.08160867538641005, 0.08171212194965315], [0.07190333696345205, 0.06937511764091508, 0.07434792825662784, 0.0734268865389618, 0.07995757129068265, 0.07187198189004516, 0.08315430746849457, 0.07967011374239058, 0.07896661958954396, 0.07344897829069136, 0.08084198083306063, 0.08163638957623306, 0.08139878791890136], [0.07208969221808258, 0.06946405761566998, 0.07420697752860718, 0.07339696422736577, 0.07957990194679238, 0.07197533770292226, 0.08333333333333334, 0.07926368049189345, 0.0793217107258822, 0.07328124409878659, 0.08044817413209855, 0.08155007422503563, 0.08208885175353023], [0.0721874497536648, 0.0695234056736932, 0.07418862161205383, 0.07341872278969316, 0.07948454293800043, 0.07204385991745249, 0.0830952620747288, 0.07915045342387969, 0.07948080632024275, 0.07324984466599747, 0.08034651797656618, 0.08151028798218275, 0.08232022487184439], [0.07224237822061691, 0.06950661765806615, 0.07415276303535663, 0.07341515043508492, 0.07943504888176449, 0.0720696286963618, 0.08289532454002971, 0.07907703232673498, 0.07964865224102217, 0.07318457739978751, 0.08031105540220343, 0.08152706122486345, 0.08253470993810785], [0.07230868713988767, 0.0694955903566608, 0.07407173495845425, 0.07338475312813397, 0.07927877822059175, 0.07209389316762371, 0.08312336335488904, 0.07889654441488748, 0.07984160390875444, 0.07307623362589422, 0.08017546501502398, 0.08141788353403691, 0.08283546917516181], [0.07238425519683922, 0.0693674026859905, 0.07396766035746925, 0.07334221116988829, 0.07917904939623954, 0.0721014574363064, 0.0829293748678696, 0.0787418298858677, 0.08023390615335367, 0.07288181799728641, 0.08012764534870037, 0.08141005617085574, 0.08333333333333334], [0.07246200736141281, 0.06935616802737896, 0.07395905837507917, 0.07336277068646495, 0.07915062537931401, 0.0721483247766371, 0.0827452854901777, 0.07868988745310988, 0.0804361962508326, 0.07283108041029422, 0.08011618413265927, 0.08140907832330599, 0.08333333333333333], [0.07248715165619944, 0.06931462160513734, 0.07394495839330019, 0.07336230146222796, 0.07915051571337303, 0.07215545515486547, 0.08263357658992773, 0.07867294193991123, 0.08056327321860311, 0.07278517594769875, 0.0801301183770587, 0.0814665766083638, 0.08333333333333334], [0.07261430927574698, 0.06929149883448893, 0.07393361714634342, 0.07339824866963988, 0.07909750178919696, 0.07223230922551589, 0.08230338371806435, 0.07858406906106125, 0.08090018049103163, 0.07270296341443769, 0.08009500354619044, 0.08151358149494943, 0.08333333333333336], [0.07272733439291293, 0.06924515585732598, 0.0739239581639135, 0.07343140907040699, 0.07905963990320475, 0.07229726245529111, 0.08199669000116465, 0.07851086553120211, 0.08124154143438084, 0.07261770079915884, 0.08007027230793395, 0.08154483674977095, 0.08333333333333333], [0.07288188868504411, 0.06929078093797222, 0.07396569864637609, 0.0735128839072144, 0.07903407351652061, 0.07241414531856452, 0.08172477240230991, 0.07845931179362711, 0.08152999718858062, 0.07260661849786952, 0.08003752819483988, 0.08152147271745493, 0.08302082819362615], [0.07312489889198795, 0.06934060379412477, 0.07397789205485951, 0.07360414599757306, 0.07891703779275688, 0.07258318207007203, 0.08118804358393768, 0.07826396841869389, 0.08199793002804157, 0.07253084603122828, 0.07984693722901866, 0.08129118077437242, 0.08333333333333333], [0.07341965669359052, 0.06949801837464956, 0.07407363409714011, 0.07376949518755348, 0.07885057196864254, 0.07282034379174471, 0.08074955407061929, 0.07814140090109464, 0.08238762514436705, 0.07256203638934772, 0.07970136417978882, 0.08111582145135915, 0.08291047775010253], [0.07351228276628832, 0.06929430579434812, 0.07405816872594023, 0.0737993751869033, 0.07888166458838035, 0.07285094317851351, 0.08022943999382463, 0.0780699771447094, 0.0829820483484872, 0.0724029258106154, 0.0796551081988347, 0.08109594228088782, 0.08316781798226706], [0.07329053900938207, 0.06916497136381553, 0.07398950278333079, 0.07367720136604883, 0.07896641896346912, 0.07267136787274969, 0.0805504219696318, 0.07818637525390795, 0.08270142924502845, 0.07237618182710473, 0.07980821529122001, 0.08128404172097764, 0.08333333333333333], [0.07320633387735956, 0.06930614042488915, 0.0740075435059265, 0.07365488004791465, 0.07896337246764842, 0.0726387665448496, 0.08097891253938454, 0.07826410357826406, 0.08225945121412992, 0.07250266794497255, 0.07986511947942437, 0.08130812611740779, 0.08304458225782888], [0.07297123596997691, 0.06923968963446606, 0.07396500651902395, 0.07354497725308204, 0.07903885064113962, 0.0724654621114058, 0.08144441586405594, 0.07840730105975303, 0.08182538048608867, 0.07253867242956576, 0.08001348477056053, 0.08149865887064328, 0.08304686439023856], [0.07329013991740359, 0.06922315429768042, 0.07400141026421436, 0.07368315651720171, 0.07895597448866845, 0.07268152142752417, 0.08064665596646342, 0.07819653229745181, 0.08259959757816764, 0.07241672484330683, 0.07981011203627394, 0.08127778696921126, 0.08321723339643233], [0.07312127005594786, 0.06898443238125597, 0.0739681209349559, 0.07360985007388973, 0.07914153832004434, 0.07253091918688617, 0.08068220938802752, 0.07835168757475466, 0.08256732814765687, 0.0723410459025713, 0.08002117192726477, 0.08153759672309442, 0.08314282938365024], [0.07360280188782235, 0.06923144897433281, 0.07409094603364949, 0.07385832138849906, 0.0789104620657635, 0.07291064824144736, 0.0799216432101002, 0.07804487613201856, 0.08333333333333333, 0.07235855153595627, 0.07962788423171858, 0.08104471218338642, 0.08306437078197194], [0.07378734779349433, 0.06929422470320343, 0.0742052691557372, 0.07400451535400668, 0.07895594864349333, 0.07306848576385604, 0.07960890585274392, 0.07804476177850875, 0.08333333333333334, 0.0724075065360322, 0.07962603165514709, 0.08095491285515109, 0.08270875657529266], [0.0739876171707817, 0.06934902330381394, 0.07434582876286756, 0.07417713707659676, 0.07902079684363024, 0.07324296069834106, 0.07923188141891369, 0.07812807167459108, 0.08333333333333333, 0.07246699988714261, 0.07962702073364053, 0.08082563557299742, 0.08226369352334999], [0.07414218794412734, 0.06940137794114279, 0.07446112248705374, 0.07431575449749396, 0.07906348579732048, 0.07338121217525634, 0.07894538643436085, 0.07819319754276056, 0.08333333333333334, 0.07252319928426439, 0.0796146259836614, 0.08069906919203852, 0.08192604738718638], [0.07423293904087211, 0.06933863495074424, 0.0746269494560052, 0.07447824757550517, 0.0792486581044203, 0.07347768443712953, 0.07853854563227605, 0.07840055602134846, 0.08333333333333334, 0.0725854530922159, 0.07971320521280512, 0.08058399771772694, 0.08144179542561768], [0.07435695447170439, 0.06932124370152733, 0.07483927730377507, 0.0746880204483341, 0.07941342194460999, 0.07361614638734593, 0.07805171123188014, 0.07861348851957968, 0.08333333333333333, 0.07269050029367899, 0.07983111570493884, 0.08035629850874813, 0.08088848815054404], [0.07441390226532148, 0.06931960103455743, 0.07500672617047148, 0.07483893748909558, 0.07955677538724658, 0.07370047535465446, 0.07774651611851224, 0.07879701408621169, 0.08304617236667333, 0.0727947191143743, 0.0799817656968538, 0.08028630003792012, 0.0805110948781074], [0.07432696929034024, 0.06916368340499605, 0.07515558071201991, 0.0749368192744302, 0.07976600160630423, 0.07366923034493109, 0.07734417815274139, 0.07905555076634102, 0.08333333333333334, 0.07285573827928916, 0.08019956449704282, 0.08019067258818838, 0.0800026777500423], [0.07395838392379363, 0.06888728102229293, 0.07524129075711618, 0.07488645204865496, 0.08022421554391854, 0.07341662879223675, 0.07724039672550848, 0.07950960701498586, 0.08300233363304703, 0.07292376424004574, 0.08066686561555088, 0.08036237810553633, 0.07968040257731299], [0.07305956810974996, 0.06942246888017169, 0.0740050651319751, 0.0735981702636861, 0.07893966617365786, 0.07255781376853038, 0.08146925424960517, 0.07834098630170046, 0.08171312928418811, 0.07262662433067328, 0.07989957662520908, 0.08135194866352816, 0.0830157282173246], [0.07291271678344075, 0.06946557222164385, 0.07399751140163033, 0.07354105407739091, 0.07895469765729954, 0.07246614866119189, 0.08183495590029714, 0.07841695869134785, 0.08130054029869094, 0.07270934733883125, 0.07993523828794741, 0.08137058169689522, 0.0830946769833929], [0.07277560627346638, 0.06950874432613602, 0.07400523035266665, 0.07349855929790992, 0.07900241019069615, 0.07238467426024774, 0.08217321521140364, 0.078503170261013, 0.08091396679383918, 0.07280201467047574, 0.07997034521826564, 0.08135152762665908, 0.08311053551722074], [0.07269311020627406, 0.06950987753701643, 0.07399147631092315, 0.0734608264360795, 0.07900390787132121, 0.07232812560090361, 0.08234102183223382, 0.0785245737403097, 0.08071918768218207, 0.07282869010267629, 0.07996191171995683, 0.08130395762678992, 0.08333333333333333], [0.07261625670385174, 0.06958697604816319, 0.07403717344170156, 0.07346526070348258, 0.07905831976756407, 0.07229965860529208, 0.08261602554549229, 0.07861523902623441, 0.08041815850992269, 0.07294574547843194, 0.0799915707752515, 0.08124654074353556, 0.08310307465107639], [0.07244340891606557, 0.06961334605750134, 0.0740680690647391, 0.07342810624263674, 0.07913631100365388, 0.07219848226698518, 0.08307221964492435, 0.0787461539168087, 0.07997300272865687, 0.07307021222489687, 0.08002879517384161, 0.08125782994542571, 0.08296406281386409], [0.07237072661525873, 0.06963105031522347, 0.07409979656052523, 0.07342249211577037, 0.07918488826520154, 0.0721602259580623, 0.08333333333333334, 0.07882070828570144, 0.07977231171944606, 0.07313968468558717, 0.08005361639543086, 0.08126166890925046, 0.08274949684120918], [0.07309747376761429, 0.06871307323217261, 0.07401554192835125, 0.07364919254228022, 0.07939835763603426, 0.07249230308460021, 0.08022396828988682, 0.0784990675541003, 0.0826910741196092, 0.07224959194676746, 0.0802080629659773, 0.08171616960183573, 0.08304612333077062], [0.0735736940966476, 0.0689957452722962, 0.07419546488732393, 0.073937338434921, 0.07922978404617709, 0.07288760197794542, 0.07958157484710345, 0.07827291543581537, 0.08333333333333333, 0.07233696367965396, 0.07991420386998137, 0.08122058473105385, 0.08252079538774747], [0.07390042350751351, 0.0691714337229476, 0.07441691720835478, 0.07420955144211015, 0.07927338368883248, 0.07318174580939485, 0.07908234949131926, 0.07836231988342592, 0.08312613585422601, 0.07247011301136062, 0.07985637996890843, 0.08095186841922475, 0.0819973779923818], [0.0723366105833287, 0.06967214016927516, 0.07417514338421108, 0.0734599745539471, 0.07929439580046203, 0.07216012206655932, 0.08307075904340208, 0.07895240508057849, 0.07961924208794312, 0.07324339927517844, 0.08014192332878489, 0.08132467504574165, 0.08254920958058794], [0.07228736147813113, 0.06969889704995749, 0.07423833693351033, 0.07348402415217965, 0.07938890082884015, 0.07214546538803338, 0.08300585455312837, 0.0790716984338664, 0.0794484312186035, 0.07333600509023626, 0.08022487639638037, 0.08135434778015903, 0.08231580069697399], [0.07216872527652697, 0.06965464651844494, 0.07427325670985252, 0.07346537325363041, 0.07949378521707523, 0.07206903552108535, 0.08333333333333333, 0.07920677823693648, 0.07921763485722919, 0.07339955705753479, 0.08034104159691809, 0.08136787263785601, 0.0820089597835767], [0.07215172750972766, 0.06974279827725934, 0.07439240276561093, 0.07353748383449635, 0.07963804801533601, 0.07209680579802687, 0.08299884290015949, 0.07936909252509344, 0.07900492272209804, 0.0735593275328246, 0.08046955754564464, 0.08134591661337749, 0.08169307396034513], [0.07205615087715857, 0.06970979562857332, 0.07444285384048675, 0.0735374846964732, 0.07976727350737188, 0.0720407382058773, 0.08318122653192649, 0.07951155142775461, 0.07882020610707259, 0.07363267993991723, 0.08058845205973245, 0.08131835970186962, 0.08139322747578617], [0.07199233358338007, 0.06966013099373142, 0.07445402797433702, 0.07352299123735791, 0.07983864438861943, 0.07199439732199733, 0.08333333333333334, 0.07958741207068834, 0.0787443750961988, 0.0736474307947299, 0.08065782670491223, 0.08131600498914554, 0.08125109151156874], [0.07193256053106281, 0.06963255358433065, 0.07450213552776573, 0.07353441241869335, 0.07995591654941629, 0.07196212864091898, 0.08333333333333333, 0.07971393050979286, 0.07863451222250904, 0.07370491254770126, 0.08076509044454253, 0.08129761326063219, 0.08103090042930099], [0.07191185152646683, 0.06965615317298446, 0.07458379562348028, 0.07358150857147568, 0.08008176113438531, 0.07197025234781368, 0.0830956419252737, 0.07985410990701408, 0.07852828776655343, 0.07380046973271881, 0.08087179707718457, 0.08125925687640136, 0.08080511433824793], [0.07186602003158064, 0.06970713471332739, 0.07468565908690977, 0.07363233615621223, 0.08019237394505019, 0.07197055399149953, 0.08315423330943231, 0.08004449165797545, 0.07831452605475155, 0.07394021217418785, 0.08093240194695847, 0.08109855215455182, 0.08046150477756285], [0.0718293012419334, 0.0697425197061366, 0.07479533971459089, 0.07371689124357514, 0.08033048285619257, 0.07197647548078866, 0.08303991466407443, 0.08025625006092639, 0.0781313938152823, 0.07407489107881719, 0.08101664441822841, 0.0809600817529957, 0.08012981396645823], [0.0717738934700866, 0.06954596919402012, 0.07464556422983729, 0.07357580782701414, 0.08029664452907795, 0.07187855248806714, 0.08333333333333333, 0.08012411986643465, 0.07832584945629822, 0.0738644324910599, 0.0810580973519179, 0.08117961272891569, 0.08039812303393706], [0.07352090072852582, 0.06912862940394233, 0.07409317158058029, 0.07383589655854943, 0.07902717774063073, 0.07284381263373454, 0.079957886345764, 0.0781470630233354, 0.08313968834559522, 0.07234370922277049, 0.07975660747243561, 0.08118422430036508, 0.08302123264377098], [0.07332016630115316, 0.06897789637667069, 0.07404319884758821, 0.07373539521686927, 0.07915583658216642, 0.07267966594896713, 0.08018458537201041, 0.07828664241078305, 0.08289597403087577, 0.07231223787569413, 0.07993667290795858, 0.08141498868681013, 0.08305673944245316], [0.07357233073567188, 0.06887708650092854, 0.0743776698666122, 0.07407940562732078, 0.07959266921671307, 0.07291855685989704, 0.07924782890672052, 0.07862416329128875, 0.08272850728933047, 0.07242487103497615, 0.08021983573901112, 0.0813046048644329, 0.08203247006709663], [0.07333205371195778, 0.06878362114940188, 0.0741502392700063, 0.07382889668707097, 0.07943274801530907, 0.0726900304378696, 0.0797489376155381, 0.07846515947381594, 0.0829989575308031, 0.07229429146726277, 0.08016029614311954, 0.08150597909579484, 0.08260878940205002], [0.07278954550543773, 0.06885178604331058, 0.07391685340189191, 0.07346141484493891, 0.07931735892595278, 0.07228263428988424, 0.08128290009533765, 0.0786044968538819, 0.08196851531385933, 0.0723797803794357, 0.08031599129586826, 0.08184642829603646, 0.0829822947541646], [0.07294928045318051, 0.0686875543762531, 0.07393807268866526, 0.0735409316175778, 0.07936632538675108, 0.07237210951963492, 0.08055676539902508, 0.07852018095665331, 0.08243508766443075, 0.07223770989067001, 0.08025139898192672, 0.08181124973189811, 0.08333333333333333], [0.07364931146449545, 0.0688632988033695, 0.07452052258621485, 0.07421598273022806, 0.07975146760104247, 0.07300563852874642, 0.0789109836401247, 0.07880058717168507, 0.082703122445323, 0.07249828694350743, 0.08030212301480939, 0.08116644878593265, 0.08161222628452089], [0.07363113537749982, 0.06875138086867286, 0.07470913919328333, 0.07436080432651561, 0.08005008959362976, 0.07303193037621067, 0.07844220988482146, 0.07912291639717245, 0.08277758767226275, 0.0725925238927434, 0.0804875934332163, 0.08106392960386358, 0.08097875938010803], [0.07428213996137391, 0.06910344522523432, 0.0753807574940264, 0.07510279536046624, 0.07997366978098702, 0.0736986430948433, 0.0769095009596105, 0.07935530485990315, 0.08333333333333334, 0.07300583485296253, 0.08040289273272806, 0.08001572200875413, 0.07943596033577717], [0.07448957230588492, 0.06929653340922984, 0.07531355891859748, 0.07511102984562586, 0.07974805415495688, 0.07383761839072821, 0.0771006139080563, 0.07910051554420153, 0.08309439039912267, 0.07297827763079877, 0.08017498615409886, 0.08001461638312113, 0.07974023295557751], [0.0716548944853952, 0.06813009465681498, 0.07418254574631541, 0.07327950893188413, 0.08101795176700095, 0.0715074032332897, 0.08124643006717082, 0.08038048127225071, 0.07985520805200663, 0.07276353165249021, 0.08227379480261246, 0.08313641069569837, 0.08057174463707059], [0.07167561146571341, 0.06828338845646136, 0.07412722082594142, 0.07323970616269064, 0.08075281661259576, 0.07152672345606494, 0.08165224580761385, 0.08017987956304007, 0.07984509819797393, 0.07279155003526615, 0.08193267262901693, 0.08303343136257124, 0.08095965542505032], [0.07173298051781749, 0.06827204118506325, 0.07403115454572445, 0.07319314521823227, 0.08053806147177488, 0.07153999179170764, 0.0816572957690505, 0.07994846186662198, 0.08007429313423806, 0.07267493838214892, 0.08173211179708213, 0.08333333333333333, 0.0812721909872051], [0.07182292576318174, 0.06836202577124699, 0.07398774961646958, 0.07319054091270948, 0.08033138888310473, 0.07160026459250168, 0.08193446847005323, 0.0797486090410538, 0.08022166804968534, 0.07264242885878036, 0.0815072447248331, 0.08305843915704204, 0.08159224615933794], [0.07196219353311067, 0.06832625700460311, 0.07394218851889434, 0.0732086142573234, 0.08019557611022515, 0.07167589189933807, 0.08183687435477693, 0.07956307533021614, 0.08061077579887028, 0.07251476295647978, 0.08139400686779986, 0.08300196446023504, 0.08176781890812697], [0.07207455227235122, 0.0682632126834896, 0.07393759021253221, 0.0732479148661506, 0.08015823878573165, 0.07174047091682965, 0.08152093737399452, 0.07947784857558751, 0.08093336866980319, 0.072421494494977, 0.08136418688987299, 0.08312467384338458, 0.08173551041529518], [0.07207979457649429, 0.06805445754707903, 0.0739844587477218, 0.07329373688472068, 0.0803971054420742, 0.07172933687493066, 0.08088638954846589, 0.07960638479724035, 0.08105675730863977, 0.07234281248799174, 0.08156887190022144, 0.08333333333333333, 0.08166656055108672], [0.07194157835054364, 0.06790305503458012, 0.07417140536239429, 0.0733874873588313, 0.08096445935367635, 0.07166634879497974, 0.08027091072441223, 0.08010743494594626, 0.0806595445600914, 0.07247983997827884, 0.08213223710552842, 0.08333333333333334, 0.08098236509740415], [0.07167683783386478, 0.06783595781570395, 0.07420907610691443, 0.07332151698883717, 0.0812505727541347, 0.07149256702130517, 0.0804566010693244, 0.0804773727242759, 0.08028863185452455, 0.07260406716931841, 0.08257614885163142, 0.08333333333333333, 0.08047731647683178], [0.07158085716029088, 0.06789696838873215, 0.07420212849502428, 0.07327818222829614, 0.08127114600912164, 0.07143475997409877, 0.08079514827924524, 0.08055556952570032, 0.08002475234072601, 0.07268256255760949, 0.08260781100023042, 0.08333333333333333, 0.08033678070759129], [0.07174045774345718, 0.06805717446762284, 0.0741436156188777, 0.07328576306198464, 0.08094356065348751, 0.07154495370901767, 0.08094775298900887, 0.08025079335781676, 0.0801332573468344, 0.07264583379539963, 0.08223722955384315, 0.08333333333333333, 0.08073627436931624], [0.0716831968281322, 0.06814232511834671, 0.07411760380482797, 0.07324258245111159, 0.08085507334632042, 0.07151160999080254, 0.08130373528362755, 0.08022120990462676, 0.07998587912441808, 0.07270109509631315, 0.0821036456545841, 0.08333333333333334, 0.08079871006355561], [0.07185203551885967, 0.06815848947425987, 0.07402154169300845, 0.07323338723301843, 0.08054751713648307, 0.0716011199079067, 0.0813578419179314, 0.07987796939608638, 0.08045047289352052, 0.07254421533424572, 0.08179685428006192, 0.08333333333333333, 0.08122522188128442], [0.07192086044139538, 0.06803358700251667, 0.07406114426374964, 0.0732927027100759, 0.08065632828744167, 0.07164064110647043, 0.08088517612319435, 0.07991956122081345, 0.08063450951125146, 0.07247335210064797, 0.08191759497472441, 0.08333333333333333, 0.08123120892438523], [0.07186271547212122, 0.0680741296884039, 0.07406509572194778, 0.07327249894299565, 0.0806863955327342, 0.0716082333153013, 0.08103633508748964, 0.07997717096358956, 0.08048340909796989, 0.07252839960296008, 0.08195732183736802, 0.08333333333333333, 0.08111496140378538], [0.07186043106705574, 0.06797564152809225, 0.07414302407899762, 0.07333303467910687, 0.08090103869012, 0.07161402970471735, 0.08060457919360388, 0.08014438927515996, 0.08042024947928018, 0.07253862233887465, 0.0821817634886633, 0.08333333333333331, 0.0809498631429947], [0.07179816068978499, 0.06819740600020999, 0.07402260643046599, 0.07321322095554891, 0.08055160718636194, 0.07157096193089654, 0.08148844858005097, 0.07991251991471243, 0.08029733612443224, 0.07259355913729801, 0.0817863629500142, 0.08333333333333333, 0.08123447676689038], [0.07197332531893189, 0.06819043595599222, 0.07395428979434976, 0.07322703877014625, 0.08030654557670458, 0.07166863034136384, 0.081456061744635, 0.07962511783103964, 0.08076026360421079, 0.072444907679977, 0.08153360486068281, 0.08333333333333333, 0.08152644518863288], [0.07201444289326997, 0.06808409113735323, 0.07398736257030611, 0.07327067910737585, 0.08041254819910809, 0.07169047994936101, 0.08105699273812818, 0.07967520739195316, 0.08089699756259487, 0.07239372112158118, 0.08163674284545976, 0.08333333333333334, 0.08154740115017535], [0.07206261527779978, 0.06798985190560794, 0.07414993901889463, 0.07341121452983712, 0.08079366136934514, 0.07175140600783285, 0.08038978111248864, 0.07993027594603626, 0.08079593520465647, 0.07245257524775874, 0.08192308519985188, 0.08310617123521107, 0.0812434879446793], [0.07216029206418391, 0.06804790318418875, 0.0740718141526295, 0.07338677712636854, 0.08053693051464954, 0.07180352117632031, 0.0805638580177708, 0.07967863512013613, 0.08109467920798104, 0.07237316438551353, 0.0816398513737816, 0.08305175026011381, 0.08159082341636241], [0.071917338232458, 0.06827845927329208, 0.0739800403753862, 0.07322172453998382, 0.08033661511455598, 0.07164932831384797, 0.08168395920093144, 0.07969584157807037, 0.08052842592015697, 0.07254318508925094, 0.08155189899235654, 0.083053660420342, 0.08155952294936765], [0.07211916121664368, 0.06821545594234245, 0.07395831448957381, 0.07328097206273905, 0.0802032320209013, 0.07176882918561846, 0.0812849286279815, 0.07948861943841364, 0.0810571171823418, 0.07239129435953716, 0.08140224429848059, 0.08304932478680291, 0.08178050638862361], [0.07218346726390398, 0.06813234485355997, 0.07396313230414485, 0.0733117478940781, 0.08024310823798363, 0.07180219289793063, 0.08094948218226108, 0.07944720736450195, 0.0812543582122259, 0.07231816662723302, 0.08137881560388525, 0.08311732255049048, 0.08189865400780115], [0.07129932137996216, 0.06798452871628681, 0.07449062975631224, 0.0733669172940219, 0.0818746562819174, 0.07132849902299175, 0.08116881460326218, 0.08131347621711851, 0.07942613584546868, 0.07310499396161814, 0.08301837527315555, 0.08234304043847854, 0.07928061120940612], [0.07134310316936818, 0.06783403107714957, 0.07441905332443215, 0.07334517681137405, 0.08188390115490495, 0.07132308369067387, 0.08084540362425495, 0.08120189191578005, 0.07969606016137179, 0.07293967531587028, 0.0831203157993248, 0.08255748128297988, 0.07949082267251534], [0.0715152068259302, 0.0677122888827311, 0.07439113394223067, 0.0734013774564604, 0.08180809455736979, 0.07141754041134321, 0.0802735321667998, 0.08098754995439356, 0.08017470679191151, 0.0727612138393795, 0.08309042606994958, 0.08268141577201729, 0.0797855133294834], [0.07175461407089118, 0.06771231798591691, 0.07456077633203749, 0.07361528945315451, 0.08198557676966073, 0.07162104284994814, 0.07959828159377608, 0.08093036295989668, 0.08061080261430614, 0.07277304214922352, 0.08287183656667702, 0.08227767732807995, 0.0796883793264316], [0.07176464141040606, 0.0677621939542, 0.0750729846058221, 0.07399443556654874, 0.08282806378861052, 0.07177054594776555, 0.07884367220797193, 0.08153114216995307, 0.08028988098399907, 0.07319077977176987, 0.08333333333333333, 0.08114356901198952, 0.0784747572476302], [0.07155698133961066, 0.0680372735936043, 0.07537504598573162, 0.07410452405957495, 0.08333333333333333, 0.07173715888010726, 0.07912284310276418, 0.08231321021898921, 0.07948606799857938, 0.07369919302152855, 0.08274065104270832, 0.08071412058855139, 0.07777959683491685], [0.07125728583620644, 0.06808559339602707, 0.07524583650978882, 0.0738790589933742, 0.08333333333333333, 0.07150373386855115, 0.07980599451570988, 0.08274559005890023, 0.07900151863862072, 0.07378425500117583, 0.08285808611793233, 0.08079551854524902, 0.07770419518513097], [0.0711859394641537, 0.0681177626142563, 0.0749775852705852, 0.07365579843820821, 0.08270919934658508, 0.07138995673506561, 0.0805745087078061, 0.08228618838483362, 0.0789679734156543, 0.07363077028410082, 0.08308678758762143, 0.08127192930892722, 0.07814560044220224], [0.07121342478454909, 0.06794821600643844, 0.0745915272369142, 0.0734064602422938, 0.08211235313151752, 0.07129202204238666, 0.08102667869729338, 0.08158983835030455, 0.07930116160834065, 0.07320754793296132, 0.08333333333333333, 0.08203966415176167, 0.0789377724819054], [0.07128263199394128, 0.06780001668210543, 0.07448432441876461, 0.0733698202476834, 0.08206840981326878, 0.07129506516470388, 0.08076459855127395, 0.08138795443703432, 0.0796197297432198, 0.0730016710107007, 0.08333333333333334, 0.08233710386731972, 0.07925534073665089], [0.07140294790782321, 0.067691630532855, 0.07449388411377923, 0.07343505872147471, 0.08211865801986314, 0.07136707539734446, 0.08027967766803859, 0.08129729016916033, 0.07997518616924314, 0.07288873051786217, 0.08333333333333333, 0.08233356006901403, 0.07938296738020864], [0.07148366373177985, 0.06765862859263093, 0.07451185287360104, 0.07348098957263588, 0.08208725041649613, 0.07142179984503852, 0.08003320571398727, 0.08121878193088088, 0.08016384624189443, 0.07284141219671493, 0.08333333333333331, 0.08232427871585775, 0.0794409568351489], [0.07149806487545031, 0.0676708084057237, 0.07467675984504502, 0.07360621324205553, 0.08239429767178899, 0.0714759502602711, 0.07976707290564337, 0.08144840005434092, 0.08012727544689716, 0.07297130756911414, 0.08333333333333333, 0.0819482318701401, 0.0790822845201963], [0.07124588113754451, 0.06781417305076644, 0.07473203517921169, 0.07353047766497027, 0.08258430216030893, 0.07133478399710394, 0.08038535968087686, 0.08187738513310623, 0.07948277257752168, 0.07322512335843569, 0.08333333333333333, 0.08176589651647011, 0.07868847621035023], [0.0712402617363681, 0.06785810881885511, 0.07496279415101187, 0.07368966513229563, 0.08300923680544738, 0.07139515776704711, 0.079993353154