[[0.08196678264350668, 0.08117266859707578, 0.07615657221385606, 0.07229139996350967, 0.07386649330909839, 0.07231787265566794, 0.0807717998011454, 0.08310867197081181, 0.07157440741774762, 0.07468316006342786, 0.07481845853944347, 0.08197610839312891, 0.07529560443158043], [0.08184486487256139, 0.08146070859272271, 0.0760796900066456, 0.07229663950628343, 0.07391832237975875, 0.07236075338215235, 0.08059235542340956, 0.08317776541296762, 0.07161818671949126, 0.07463271674566234, 0.0747480493162351, 0.08200460467254334, 0.07526534296956663], [0.081659369357771, 0.08179153784498344, 0.07600058670642289, 0.07232552826799037, 0.07399402155559698, 0.07243228760954475, 0.08038766345756881, 0.0832376278545496, 0.07169350743375327, 0.0745894983948383, 0.07468204762819984, 0.08196430884622247, 0.07524201504255813], [0.08152346629730023, 0.08206224547791843, 0.07592808831501359, 0.07231632903348308, 0.07404451948843599, 0.0724650961609932, 0.08023756838546146, 0.08333333333333331, 0.07172223012360346, 0.07453584234602549, 0.07461372202445485, 0.08200271399242531, 0.07521484502155147], [0.0813301657093817, 0.08236063633491462, 0.07586847759930117, 0.07235478873751533, 0.07413592589822006, 0.07254875105596469, 0.08005376700458179, 0.08318844705275777, 0.07180700986151127, 0.07450823587185668, 0.07457429952804928, 0.08205920763679407, 0.07521028770915165], [0.08122664098108659, 0.0825819592325628, 0.07580998067470408, 0.0723273983668346, 0.07418360568652102, 0.07256217532464286, 0.07994698044313596, 0.08326903580050513, 0.07181085570495055, 0.07445662201513674, 0.07451297467697462, 0.0821227257076024, 0.07518904538534261], [0.08112988174747941, 0.08295504565608136, 0.0757280198329157, 0.0722401203184695, 0.0742518308371914, 0.07254877885273944, 0.0798386881179059, 0.08333333333333334, 0.07176861413929081, 0.07436365473286703, 0.07440322904551323, 0.08227699118604391, 0.07516181220016904], [0.08101888040972138, 0.08333333333333334, 0.07569598027118249, 0.07224011350384225, 0.07438870689129211, 0.0726201163391266, 0.07972374675233886, 0.08295578207237861, 0.0718187380106224, 0.07433575783732983, 0.07435822210339178, 0.0823195522817898, 0.07519107019365065], [0.0810699936783616, 0.08333333333333331, 0.0757090220267701, 0.07222476027971417, 0.07452845217893882, 0.0726758597487183, 0.07970556589227301, 0.08258236516541405, 0.07184186530667538, 0.07433000588012817, 0.07433584506879114, 0.08240891839591152, 0.0752540130449703], [0.08104948007478516, 0.08333333333333333, 0.07575084030724366, 0.07226205219929022, 0.07476827136154089, 0.07281098683806182, 0.07963795822290987, 0.08204633500735949, 0.07193780774185937, 0.07436018481158847, 0.07434230645750228, 0.08232734934294536, 0.07537309430158008], [0.08100840393331632, 0.08333333333333333, 0.07581365498393694, 0.07229153912937859, 0.07501374834633082, 0.07293984815823396, 0.07958380002576691, 0.08147688574349043, 0.07202056743247556, 0.07440113865860806, 0.07435902386906236, 0.08224699002329412, 0.07551106636277254], [0.08084920741609374, 0.08333333333333331, 0.07586849617342288, 0.07239515442359347, 0.07526110604124064, 0.07312050553974028, 0.07945398447225327, 0.08105853868649986, 0.07217873538993735, 0.07446878625108741, 0.07440695038454835, 0.0819657525725094, 0.07563944931573986], [0.08091915408721251, 0.08333333333333333, 0.07595738671433754, 0.07238205378028169, 0.07542502350841826, 0.07317664217867376, 0.07949443962680404, 0.08058905065929327, 0.0721866814598401, 0.07451331279972732, 0.07443420672752948, 0.08181820744157882, 0.07577050768296976], [0.08095827199499135, 0.08333333333333331, 0.07603253672962859, 0.07236856137851098, 0.0755347918772518, 0.07320881158724876, 0.07957232562598081, 0.08023421756063337, 0.07218264977923693, 0.07455131637408659, 0.07446036550579554, 0.08169106131340935, 0.07587175693989237], [0.08107009709696769, 0.08333333333333334, 0.07614944596668675, 0.07231741631959954, 0.07560562095850039, 0.07319184129285924, 0.0797465291856992, 0.07981230615166876, 0.07211913126228985, 0.07460130200747649, 0.07450060373169093, 0.08155791567993464, 0.07599445701329322], [0.08121726432723847, 0.08333333333333334, 0.07625027770257653, 0.07224112922131962, 0.07558096608011385, 0.07311630101129539, 0.07995103003707237, 0.07951815627571844, 0.07200986821624542, 0.07463355117993466, 0.07453128577614873, 0.08154619194400273, 0.07607064489500062], [0.08133939463754845, 0.08333333333333333, 0.07640795767823794, 0.0721793661665253, 0.07556284492350668, 0.07304841048581687, 0.08021391239664981, 0.07909634120656757, 0.07190334564273243, 0.07470668413947039, 0.07460309941431303, 0.08141158522917415, 0.07619372474612407], [0.08160669492492635, 0.08333333333333333, 0.07658064881892278, 0.072081600158173, 0.07541119587840936, 0.07289504830573751, 0.08059671410024183, 0.07873821589129706, 0.07172397927472622, 0.07477737763663724, 0.07468456467097616, 0.08129278589605735, 0.07627784111056182], [0.08186610011052953, 0.08081704102492626, 0.07624190276008158, 0.0723720129181044, 0.07380759524237017, 0.07232490414138318, 0.080862759889712, 0.08333333333333334, 0.07160730091260575, 0.07477788788132068, 0.07495501574638186, 0.08171044312549942, 0.07532370291375198], [0.08178131482750312, 0.08117733635057094, 0.07614267787383325, 0.07236667156497988, 0.0738702514006555, 0.07237012874681437, 0.08065409661077204, 0.08333333333333334, 0.07165093422805696, 0.0747073858445995, 0.07485727959159172, 0.08180486129443312, 0.07528372833285633], [0.08170587554917147, 0.08138211689899065, 0.07610005991982435, 0.07238814344214595, 0.0739245963057177, 0.07241960031643122, 0.08053267620758409, 0.08323704632251369, 0.07170176873827204, 0.07468543347622836, 0.07482000543673668, 0.0818262184113222, 0.07527645897506172], [0.08158309403684835, 0.08181727355923975, 0.07598834603381961, 0.07235323570923828, 0.0740033192670376, 0.07245709897682656, 0.08032768770634638, 0.08333333333333334, 0.07172658987757773, 0.07459316836919043, 0.07468786948466959, 0.08189282025420776, 0.07523616339166479], [0.0817194417098386, 0.08147306671138714, 0.07606755708986707, 0.07234755434007271, 0.07392452683383684, 0.0723986500678744, 0.08050643825519933, 0.08333333333333333, 0.07167214605596349, 0.07464696680114677, 0.0747706412769485, 0.08188267426308414, 0.0752570032614477], [0.08141419927132723, 0.08213010612426981, 0.0759246794323462, 0.07238248751786623, 0.07409290689404326, 0.07253434013491107, 0.08015114630853248, 0.08318754549213554, 0.07180304404863591, 0.07455892174008409, 0.07463500717802161, 0.08195688969956624, 0.07522872615826051], [0.08124097194452894, 0.0823583455359547, 0.07586159855949476, 0.07239811984839234, 0.07413412597384356, 0.07257713057337696, 0.07999082236841752, 0.08333333333333333, 0.07185007320876903, 0.07452278089337622, 0.07459163894598275, 0.08193834305742492, 0.07520271575710485], [0.08117895108178692, 0.08264304132701074, 0.07579329598249185, 0.07233052316515332, 0.07419312537947433, 0.07257123945066965, 0.0799051828397989, 0.08333333333333333, 0.07182130665667501, 0.07444688620389199, 0.07450165320021941, 0.08210053417273461, 0.07518092720675994], [0.08097158025749293, 0.08299557559013533, 0.07572900823026489, 0.0723520642199514, 0.07428781161170976, 0.07264114331973541, 0.0797213916368072, 0.08333333333333334, 0.07188882466909066, 0.0744099146508953, 0.07445241441724952, 0.08204603335077171, 0.07517090471256259], [0.08086942995810506, 0.08333333333333336, 0.07570235611154685, 0.07234735817447109, 0.0744370805732825, 0.07271487783658052, 0.07962435162796891, 0.08291192147575553, 0.07193697120543373, 0.07438254672276255, 0.07440644615040781, 0.08212484943480869, 0.0752084773955436], [0.08091830029246064, 0.08333333333333333, 0.07570227306017283, 0.07231812751571697, 0.07453366052486303, 0.07274228182288672, 0.079613283344038, 0.08269532438385224, 0.07193729137997804, 0.07436489856227527, 0.0743758500763876, 0.08221918105836372, 0.07524619464567159], [0.08093625460215999, 0.08333333333333334, 0.07571673436761454, 0.07231854100250298, 0.07465772576424992, 0.07280069947451608, 0.07958743445448412, 0.08240881461687334, 0.07197063429810362, 0.07436779761859817, 0.07436506747037185, 0.08223366327022902, 0.07530329972696322], [0.08092421185582313, 0.08313830528064571, 0.07576027558270965, 0.07237060141327056, 0.07482513324246359, 0.07291054102439333, 0.07955338089033005, 0.0820996844356052, 0.07205941301960707, 0.07440885062367594, 0.07439187372593417, 0.08216297192012571, 0.07539475698541592], [0.0808882052585406, 0.08333333333333333, 0.07575683520260047, 0.07236396279407686, 0.07489718126663424, 0.07294130862683602, 0.07950736241400759, 0.08190299931181241, 0.0720747334651336, 0.07440068021432866, 0.07437485189821047, 0.0821382083336611, 0.07542033788082467], [0.08083510309996303, 0.08307106279206089, 0.07580461925139804, 0.07243693751605626, 0.07505682512091423, 0.07306064952095792, 0.07946026912059886, 0.08164669656273817, 0.07218021036758814, 0.07445404849288545, 0.07441638731408708, 0.08206625022252709, 0.07551094061822475], [0.08082728755428352, 0.08333333333333334, 0.07581694247560011, 0.07240203970789665, 0.07514299177347492, 0.07307637094166826, 0.07944206486688433, 0.0813685206881327, 0.0721665595833015, 0.0744438516774648, 0.07439439556580794, 0.08203007427295791, 0.07555556755919414], [0.08062207190560199, 0.08333333333333334, 0.0758834621648547, 0.07254243901709129, 0.07546367399761014, 0.07331541622826249, 0.07926144121989195, 0.0808302610369553, 0.0723787096011759, 0.07453164989620319, 0.07445699872493956, 0.08166262075436267, 0.07571792211971759], [0.08069136881573499, 0.08333333333333333, 0.07595503852730968, 0.07251363971589773, 0.0755895269462895, 0.0733446737928377, 0.07932530034805346, 0.08046185040657586, 0.07236446921664032, 0.07456060750455294, 0.07447172766120627, 0.08156619022009874, 0.07582227351146947], [0.08093956620362933, 0.08333333333333334, 0.07588288838640322, 0.07234676637089914, 0.07523424025633449, 0.07307268367237633, 0.0795211250390535, 0.0810207914172073, 0.0721188966249257, 0.0744587889702467, 0.0743971564268855, 0.08203045966235634, 0.07564330363634918], [0.08068070196159473, 0.08333333333333333, 0.07601061996704575, 0.07252123077547873, 0.07570770436708792, 0.07339751445017581, 0.07935256893371691, 0.08016687903059265, 0.07238877608163549, 0.07459504164215164, 0.0744945943368185, 0.08144117117280399, 0.07590986394756448], [0.080731619222153, 0.08316568920303144, 0.07613462565775522, 0.07251736272590512, 0.07585238120910832, 0.07344522360189246, 0.07947487291228289, 0.07973178979519287, 0.07238955737749923, 0.07466713501124948, 0.07455259085011688, 0.0812752230329018, 0.07606192940091137], [0.08083423005684628, 0.08333333333333336, 0.07618966407612007, 0.07243475307788982, 0.07583043653172736, 0.0733713031375397, 0.0796063975750719, 0.0795273231455543, 0.07228571258581278, 0.07466855465303612, 0.07455126289856442, 0.08126253986631118, 0.07610448906219291], [0.08096339318741066, 0.08333333333333333, 0.07631751348751271, 0.07235701465104326, 0.07582440071436397, 0.07329975706939748, 0.07982641440840338, 0.07916887703871194, 0.07217233481585235, 0.07471681930244951, 0.0745958670652416, 0.08121359442577777, 0.07621068050050202], [0.08095265525900759, 0.08309417963869098, 0.07648360162593958, 0.07238193647188888, 0.07591677924718318, 0.07334005094621257, 0.07997701903117813, 0.07875780615963172, 0.0721785681261284, 0.07482825682675731, 0.0746999013507867, 0.08101186874997218, 0.0763773765666227], [0.08125533286576847, 0.08297279155871773, 0.076587468808335, 0.07227125290911578, 0.07572697840731536, 0.0731669366875903, 0.08029851173146524, 0.0786529138893579, 0.07199313109355437, 0.07485156544871466, 0.07473709249585542, 0.08109252334261653, 0.07639350076159315], [0.08168554607007689, 0.08083411568852446, 0.07624206609964324, 0.07247528309763546, 0.07384037430414825, 0.07240813980020828, 0.08073501631249978, 0.08333333333333333, 0.0717161437019971, 0.07482121422823347, 0.0750107787892365, 0.08156603883672242, 0.07533194973774084], [0.08154022548149563, 0.08135333011125016, 0.0761015391577406, 0.07247877140547157, 0.07394515876379484, 0.07248847670959485, 0.08042988700236153, 0.08333333333333333, 0.07179456836517349, 0.07472469973330682, 0.07487231766431347, 0.081656499789445, 0.07528119248271857], [0.08160880018491297, 0.08116779073344269, 0.07614945611479795, 0.07247066192607232, 0.07390260853730292, 0.07245288516307462, 0.08054451900984018, 0.08333333333333334, 0.0717588365508099, 0.07475505837730406, 0.07491771851403148, 0.08164228946533574, 0.075296042089742], [0.08157116743251899, 0.08153746410425007, 0.07605533395228985, 0.07242417633047712, 0.07396521971850477, 0.07247157988049023, 0.08038965665817345, 0.08333333333333334, 0.07176246134185978, 0.07466970233881347, 0.07479613500738351, 0.0817623194758342, 0.0752614504260713], [0.08140445829710206, 0.08164743871371745, 0.07605049598430948, 0.07253323888087167, 0.07404471250157853, 0.07258513784844323, 0.08024882984325976, 0.0831288832140533, 0.07189508508695779, 0.07470823141881494, 0.07483227181176308, 0.08163615940847035, 0.07528505699065835], [0.08130406052702964, 0.08200920208840197, 0.07597324730663305, 0.07251441619251728, 0.07411631233479028, 0.07262418271280309, 0.0801023332045443, 0.08304866425008356, 0.07192362599310759, 0.07464541609739446, 0.07473730088500376, 0.081737474881527, 0.07526376352616417], [0.08144564756232534, 0.08176584288416747, 0.07602167803533062, 0.07248167778674267, 0.07405388534836432, 0.07256155592069427, 0.08024566603069481, 0.08312749698857984, 0.07185718453273855, 0.0746666144996573, 0.0747748788742021, 0.0817256688444834, 0.0752722026920194], [0.08113808610923777, 0.08231902806940593, 0.07589496631895563, 0.07251251303871067, 0.07417268749670979, 0.07266642965067277, 0.07993143930973923, 0.08313632814659971, 0.071963531823919, 0.07459073906031655, 0.07466393473761487, 0.08177554511098703, 0.07523477112713098], [0.0810357495504774, 0.08250278282091428, 0.07583646079229192, 0.072489787228995, 0.07419589181512547, 0.07267261879019403, 0.07982670852750386, 0.08333333333333333, 0.07196553261479048, 0.0745423243703578, 0.07460852325951448, 0.08178499234724258, 0.07520529454925935], [0.08099422016949552, 0.08267925088583172, 0.07581433260550481, 0.07248438801767847, 0.07424970379201747, 0.07269865281346517, 0.07977800019031582, 0.08315925301461373, 0.07198303170143718, 0.0745225839168892, 0.07458127777734258, 0.08184508636103566, 0.07521021875437285], [0.08085519965442346, 0.08292644836568663, 0.07576419003738012, 0.07249125796250244, 0.07432331978624246, 0.07274669601749457, 0.07964843285167839, 0.08316173305545864, 0.07202623364715877, 0.07448934104347588, 0.07453778701168064, 0.08182661399793402, 0.075202746568884], [0.08076893762670892, 0.08333333333333333, 0.07570354050787584, 0.07242974409854105, 0.074418945447013, 0.07276126566308014, 0.07955485674785101, 0.08302189216759936, 0.07201205280860178, 0.07441927828958185, 0.07445037162390647, 0.08192689924188672, 0.07519888244402044], [0.0807392248381884, 0.08333333333333333, 0.07570549425060942, 0.07243825248079518, 0.07449664595702848, 0.07280474246411031, 0.0795277939741435, 0.08285534242719196, 0.07204353000276043, 0.07441971418425897, 0.07444249767401967, 0.08196460278276568, 0.07522882563079465], [0.08076140082740428, 0.08333333333333334, 0.07570532596498242, 0.07242624986327931, 0.07453254581244843, 0.07281421780567286, 0.07952631846148019, 0.08276553808535196, 0.07204263425080425, 0.07441255134577815, 0.07443047911221798, 0.08200674698101962, 0.07524265815622727], [0.08075653814761205, 0.08333333333333333, 0.0757113826736869, 0.07243826919508192, 0.07465959195281958, 0.07288338530775743, 0.07947979435305612, 0.08249990702979965, 0.07209099466221983, 0.07441469347832098, 0.0744190552993552, 0.08201910564991258, 0.07529394891704443], [0.08076762267598543, 0.08313574104348839, 0.07574193612074982, 0.07246724699754907, 0.0748005047293952, 0.07296690157960375, 0.07945805327018936, 0.08225796565490322, 0.07215306500824846, 0.07443898154903954, 0.0744302574923374, 0.0820147709926351, 0.0753669528858752], [0.08074341951003759, 0.08333333333333334, 0.07574133505898274, 0.07246102450612964, 0.07489185196441399, 0.07300702027265543, 0.07941337566746351, 0.08203412182842158, 0.07217392554504104, 0.0744317032930134, 0.07441210560907982, 0.0819552856907501, 0.07540149772067789], [0.08061924931485492, 0.08333333333333333, 0.07577352335386257, 0.0725413263309038, 0.07512138121982721, 0.07316764514205822, 0.07929226704672004, 0.08160760185189465, 0.07231157858214256, 0.07447522934956632, 0.07443571991512339, 0.08181424347352297, 0.07550690108619004], [0.0805024578487631, 0.08333333333333333, 0.07580953098124263, 0.07261338522275763, 0.0753220095168233, 0.07330783958639525, 0.07919132620793001, 0.08124536001160888, 0.07243094120125869, 0.07451959855352858, 0.07446315728593582, 0.08165634336271518, 0.07560471688770747], [0.08054377020455342, 0.08333333333333333, 0.07587189349117589, 0.07258894717588382, 0.0754846842660319, 0.07335910901854091, 0.07920426165332516, 0.08085280750793093, 0.072434544871009, 0.07454277709766273, 0.07446843333190892, 0.08160131929962001, 0.07571411874902399], [0.08064021311212485, 0.08333333333333331, 0.07584096634230728, 0.07251866013181407, 0.07532788658779432, 0.07324083984076446, 0.07929661473997009, 0.08111498174700882, 0.07232878163140205, 0.07450004007757578, 0.07443793075383308, 0.08178364363677297, 0.07563610806529866], [0.08065173210391216, 0.08310187215353863, 0.075815160931183, 0.07255099576632684, 0.07521002269659638, 0.07321047119267872, 0.0793145058440316, 0.08144474910243789, 0.0723349927817162, 0.07450167803579907, 0.07445424752582597, 0.08183975060373282, 0.07556982126222071], [0.08074501062205956, 0.08333333333333334, 0.0757593032785725, 0.07245827231494556, 0.074989600789039, 0.07304963311639255, 0.07939633471745809, 0.08181234567907422, 0.07219465415446782, 0.07443744123609657, 0.07440717734013291, 0.08196530663871698, 0.07545158677971095], [0.08063214016231918, 0.08324060256465483, 0.07583713173731475, 0.07253890264178812, 0.0753116834487153, 0.07324754402432321, 0.07929213888752071, 0.08118744364492263, 0.07234558544619078, 0.07450655743132815, 0.07444750533524513, 0.08178717294780614, 0.07562559172787112], [0.08082060295320431, 0.08318200944861646, 0.07585236464942867, 0.07242889396316848, 0.07522153781056647, 0.07312699775536381, 0.07944088091814401, 0.08122745377053675, 0.07220582326488799, 0.07447405936957918, 0.07441856834312983, 0.08199117391417937, 0.07560963383919476], [0.08057454501841736, 0.08333333333333333, 0.07591493448990161, 0.07258025007248727, 0.07557958092176546, 0.07339165768560643, 0.07921735335293255, 0.08061473562172067, 0.07243996711143749, 0.07456305762815028, 0.0744786893073257, 0.08152870438748155, 0.07578319106944024], [0.08058653045415798, 0.08317851259697906, 0.07597598203485376, 0.07259917571767581, 0.07570025427961356, 0.07345257866049475, 0.07925577754065546, 0.08035523858653731, 0.07247497414386302, 0.0746052920088861, 0.07451025887801938, 0.08143152115719031, 0.07587390394107349], [0.08059786705694971, 0.08319052452972359, 0.0760402371532219, 0.07258971813207481, 0.07581629934411262, 0.07349124962222817, 0.07930616483628866, 0.08003441510067975, 0.07247884504567019, 0.07463845297404133, 0.07453117205984512, 0.08131631837468613, 0.07596873577047812], [0.08058884848680098, 0.08333333333333334, 0.07608322064497892, 0.07257116878573854, 0.07589363861522394, 0.07350858033941761, 0.07933618361604079, 0.07978154691442106, 0.07246878437708282, 0.07466010338588709, 0.07453941035470361, 0.08120105055592107, 0.07603413059045028], [0.0806904634741612, 0.08333333333333333, 0.07618960483234573, 0.07250936139323416, 0.07594293942176887, 0.07347456393948859, 0.07949808223218602, 0.07943950536342959, 0.07239034488868783, 0.07470151133874621, 0.07457154825930348, 0.08111658801888716, 0.07614215350442777], [0.08073834780844683, 0.08333333333333334, 0.07632239377761862, 0.07246608593006378, 0.07600729664652421, 0.07345785515973284, 0.07965793459462824, 0.07902275800250486, 0.07232799224083784, 0.0747669198326559, 0.07462661764668554, 0.08099497017157464, 0.07627749485539342], [0.0807802888711775, 0.08333333333333331, 0.07642533808188959, 0.07243285569456943, 0.07602031200416819, 0.07342897794674874, 0.07979420433654963, 0.07875271455366036, 0.07227103802899713, 0.07481140425591604, 0.0746738518634799, 0.08090688360812118, 0.07636879742138879], [0.0809164606340304, 0.08333333333333334, 0.07656546356309438, 0.0723680313293255, 0.07597009612845304, 0.07334659516367202, 0.08002038168116522, 0.07843684346894178, 0.07215754277857171, 0.07487275017885697, 0.07473692261227925, 0.08080689443835615, 0.07646868468992035], [0.08129026633318719, 0.08304982631817358, 0.0766880535524579, 0.07225316323163194, 0.07572086791880693, 0.07314220097137443, 0.08041897486948651, 0.07838586458723308, 0.07194899647406237, 0.07490670743803435, 0.07479137383714854, 0.08092924458934067, 0.07647445987906244], [0.08063959894110696, 0.08313661615404391, 0.0757723027085982, 0.07256189423785127, 0.07503830714833755, 0.07314181152116776, 0.07932708667184958, 0.0818282780323874, 0.07230838237549417, 0.07448653710972816, 0.07445775608158015, 0.08182825511200763, 0.07547317390584724], [0.08063607065639028, 0.08333333333333333, 0.07573158108698551, 0.07253296126733949, 0.07487384947823855, 0.07304873564618033, 0.07934926457286627, 0.08211694660199942, 0.0722428106921071, 0.07445647989613705, 0.07444301215227325, 0.08185101927415454, 0.07538393534199488], [0.08064323102738799, 0.08315221574549403, 0.07573382549300944, 0.07254974896075518, 0.07475070855041012, 0.072999907091275, 0.07939703999283483, 0.08239608423843084, 0.07222221495027047, 0.07447098444343389, 0.07447268671172479, 0.08187293871767352, 0.07533841407729999], [0.08062188666281289, 0.08333333333333333, 0.075709438063149, 0.07252623938750494, 0.07466512457196213, 0.07294595392473492, 0.07939787458442832, 0.0825732970069301, 0.07218010241070932, 0.07445022244642326, 0.07445922432069378, 0.0818467477944081, 0.07529055549290989], [0.08061317473156596, 0.08333333333333334, 0.07570159892315811, 0.0725147933991977, 0.07454442769431409, 0.07288037435056206, 0.07943241907747864, 0.08287842247672618, 0.07213446262404337, 0.07444700570524573, 0.07446876265489089, 0.08181054253566804, 0.07524068249381591], [0.08069878816141468, 0.08302996911340817, 0.07572155148312329, 0.0725188863753837, 0.07438701010494041, 0.07280286018913812, 0.0795130650575864, 0.08333333333333333, 0.07208469437290983, 0.07447040869628757, 0.07451130606509392, 0.08173216545406516, 0.0751959615933154], [0.08075049965851558, 0.08285434290543928, 0.07575796627518387, 0.07254949705958949, 0.07433940480443936, 0.0727945606917144, 0.07957007500675375, 0.08333333333333334, 0.07208984788097421, 0.07450932017700557, 0.07455913058718858, 0.08168972863708873, 0.07520229298277396], [0.08105121539381178, 0.08333333333333334, 0.07591914783829841, 0.07229694563545952, 0.07524023259665555, 0.07303655239514255, 0.07959908950948853, 0.08087487790395294, 0.07206092449276866, 0.07446065352922361, 0.07439586781817153, 0.08205470412758059, 0.07567645542611307], [0.08084974558787449, 0.08311681223737553, 0.07601433663772099, 0.07245689937445166, 0.07557762348036706, 0.07329170039974531, 0.07947244816745239, 0.08035191675102489, 0.07228790734011549, 0.0745747489674169, 0.0744848680360092, 0.08165439164766666, 0.07586660137277942], [0.0808008558124691, 0.08333333333333334, 0.07608565853279017, 0.07245565886726507, 0.07573465872679351, 0.07335474406008395, 0.07949564601538475, 0.0799089559599054, 0.07230942752548282, 0.0746144961177356, 0.07450794274548951, 0.08141494576222881, 0.07598367654103806], [0.08084051749567853, 0.08268790520471057, 0.07579504185862891, 0.07255148716663701, 0.074281708305181, 0.0727620142548324, 0.07965775412479598, 0.08333333333333334, 0.0720636448885915, 0.07453717970253722, 0.07459540222697975, 0.0816876395160031, 0.07520637192209084], [0.0809259871754764, 0.08249647061945344, 0.07585321613815767, 0.07258632005891881, 0.0742486498019432, 0.07276055059850955, 0.07975005179936283, 0.08316304303326891, 0.07207134551699156, 0.07459097021483993, 0.07465768891129532, 0.08166286934927598, 0.07523283678250645], [0.081024502233158, 0.0822459890882453, 0.07589478083550617, 0.07257697466695097, 0.07417221224026695, 0.07270808500094118, 0.07985568556596384, 0.08333333333333334, 0.07202533600210285, 0.074618645669819, 0.07469953540546201, 0.08161343191274781, 0.07523148804550264], [0.08110777994585404, 0.08198021438749664, 0.07595758365384492, 0.07260201830847958, 0.07412362443842965, 0.07268742829587847, 0.07996161902618823, 0.08333333333333333, 0.07201447359699943, 0.07467314495466033, 0.07477934167502043, 0.08152711331400612, 0.07525232506980882], [0.0812037051692899, 0.08173925307377311, 0.07602850622689429, 0.07262679694577645, 0.07409030437514325, 0.07267355371200314, 0.08009034598029638, 0.08320835538508155, 0.072006291825912, 0.07473168930593505, 0.0748590348352844, 0.08145754989307877, 0.07528461327153173], [0.08125730895583423, 0.0816235548807739, 0.07604232379840727, 0.07259926447750019, 0.07404767774295791, 0.07263057547294687, 0.08015506476169654, 0.08333333333333334, 0.07196134303464552, 0.07473181093908933, 0.0748679640345514, 0.08147195125378494, 0.07527782731447866], [0.08133634258351628, 0.0814428873123489, 0.0760823499397138, 0.07258549623416775, 0.0740052889917556, 0.07259234412699112, 0.08026045430056837, 0.08333333333333334, 0.07192219973744432, 0.07475465534762156, 0.07490436106360933, 0.0814925002218729, 0.07528778680705678], [0.08141045440272641, 0.08126081635191826, 0.07614332527655036, 0.07260214001132462, 0.07398656821023501, 0.07258309360630139, 0.08037364212034115, 0.08313800836924383, 0.07191435724431827, 0.07480232462702548, 0.07496597256148811, 0.08149960996927583, 0.07531968724925128], [0.08143310469989898, 0.0809982551945441, 0.07620998562966433, 0.07262438113610302, 0.07393590067314172, 0.07255944389711776, 0.08048622479298843, 0.08318580329142523, 0.07189914525692107, 0.07485892263234352, 0.075048155327238, 0.0814183454144423, 0.07534233205417155], [0.08147013234654094, 0.08074540134330999, 0.07626760275206446, 0.0726122214786771, 0.07387086008693505, 0.0725076972446785, 0.08061445897591585, 0.08333333333333333, 0.07184894843878976, 0.07489591418459139, 0.07510727515392655, 0.08135103633610537, 0.07537511832513172], [0.0815432578864264, 0.08098707950314667, 0.0761997294633476, 0.07253838760657698, 0.07389114771324147, 0.0724821190291254, 0.08056874352472451, 0.08333333333333334, 0.07180506357970101, 0.07481803403743897, 0.07500235057730384, 0.08150941070395706, 0.0753213430416769], [0.08068282451180296, 0.08333333333333333, 0.07592214538867662, 0.0725156510682801, 0.07551932754323931, 0.07331767938963155, 0.07930098328976888, 0.08064533909507486, 0.07235638740936233, 0.07454304017840784, 0.0744614050679103, 0.08163171326200976, 0.07577017046250216], [0.08082098142839826, 0.08311422219170257, 0.07592274955233973, 0.07245902484124318, 0.07539878361008161, 0.07322165797906577, 0.07941986693537756, 0.08083822891883476, 0.07226611847242828, 0.07452409751808878, 0.07445248104402766, 0.08183397168827185, 0.07572781582013992], [0.08110995500057372, 0.08333333333333333, 0.07609337558501626, 0.07229564194673593, 0.07550747690289435, 0.07313833250204109, 0.07972888083187608, 0.0800577916286057, 0.07208591581933635, 0.07456018800307568, 0.07446827969408, 0.0817068059786779, 0.07591402277375349], [0.0810459283618132, 0.08333333333333333, 0.07599019006963245, 0.07231642389777229, 0.07539430517515622, 0.07311292405337731, 0.07960752775971973, 0.08048803557035449, 0.07210364557225925, 0.07450782324634649, 0.07442838594078055, 0.08188277727490897, 0.07578869974454569], [0.08103193344529679, 0.08311900599791103, 0.07580449782802297, 0.0723069407836343, 0.07493967159729235, 0.07291609808693414, 0.07961114937586086, 0.08170103161283239, 0.07201723823430092, 0.07440486453244298, 0.07437206243406716, 0.08230097508025441, 0.07547453099114984], [0.08103442183520237, 0.08333333333333331, 0.07587153842740531, 0.0722846190749482, 0.07513308091551298, 0.0729839014610818, 0.07960584764030197, 0.08114068676466343, 0.07203162443847744, 0.0744297543734707, 0.07437515871866295, 0.08217572712218657, 0.07560030589475283], [0.08119766497990359, 0.08315662728037994, 0.07619088091631418, 0.07227888347550308, 0.07555366743627906, 0.07313619726843053, 0.07986853976219487, 0.07978063554319167, 0.07205584428662914, 0.07461268229820883, 0.07451585817159846, 0.08164361537831921, 0.07600890320304726], [0.08136077925298149, 0.08333333333333333, 0.07631166071362841, 0.07217370288752663, 0.07550679404246421, 0.0730292141569468, 0.0801222123785075, 0.0793877768707121, 0.0719072170795655, 0.07464603855406692, 0.07454784310239716, 0.08157802647547084, 0.0760954011523991], [0.08102941132939415, 0.08333333333333331, 0.07673453035555397, 0.0723237702770543, 0.07591697087601239, 0.0732755846926038, 0.08025547853208778, 0.07806977666287328, 0.07205813618967061, 0.0749607666458724, 0.0748273393740824, 0.08062550263056088, 0.07658939910090055], [0.08085383033308369, 0.08333333333333334, 0.07664175377911422, 0.07239840639884136, 0.07604853845003105, 0.0733951730573368, 0.08002814934956307, 0.07819930919615956, 0.07218877454576739, 0.07493121842980165, 0.07478858889564963, 0.08063247792990562, 0.07656044630141276], [0.08249339019599414, 0.08139015127176917, 0.07610815513708982, 0.07192824706583777, 0.0741229788433171, 0.07222713827729288, 0.08098289524597838, 0.08169496935147427, 0.07132520105650941, 0.0744753242306655, 0.07452180962517116, 0.08333333333333333, 0.07539640636556705], [0.08227961334754519, 0.08167446678941688, 0.07604662297646934, 0.0719991506223348, 0.0741128422078698, 0.07227704300353863, 0.08080035391677201, 0.08205671772102432, 0.07140699039158446, 0.0744680835375893, 0.0745191686896546, 0.08301479864647145, 0.07534414814972945], [0.08207792226529181, 0.08191293750064714, 0.07599911592747335, 0.07202932834841982, 0.07419026669812015, 0.07234334601775215, 0.08063802606168308, 0.08209530699324391, 0.07147350048008677, 0.07444649392449271, 0.07448837423767109, 0.08296425475105132, 0.07534112679406671], [0.0819040161962169, 0.08215216809301593, 0.07592894038891748, 0.07203502478738111, 0.07421935111402982, 0.07236986093007765, 0.08047000807178528, 0.08222570709043607, 0.0715056904242205, 0.07440352620554706, 0.07444021223942543, 0.0830432607380519, 0.07530223372089496], [0.08184532772527714, 0.08230932783265991, 0.0758687762701411, 0.07197932428007987, 0.07430910153407166, 0.07238395232264926, 0.08033854792067217, 0.08214573095240801, 0.07149349664865638, 0.07433730184070672, 0.07435750787751604, 0.08333333333333334, 0.0752982714618285], [0.08186062032719336, 0.08227899308157248, 0.07590351510273018, 0.07200284904575582, 0.07445160606506891, 0.07246388584736092, 0.08031062055142518, 0.081903586496108, 0.07154938305858916, 0.07436152814167031, 0.07436764204292018, 0.08316853230653397, 0.07537723793307155], [0.08207002981567177, 0.0820288380017676, 0.07599376229125153, 0.07195390180587578, 0.0745257808413233, 0.07245576239099633, 0.08046205633714892, 0.08141823921974882, 0.07149964672020132, 0.07439332295911653, 0.07438945668945006, 0.08333333333333334, 0.07547586959411479], [0.08254298026416289, 0.0815678656617499, 0.0761752453284248, 0.07191952606282963, 0.07445704406575365, 0.07237895791699585, 0.0808780771587713, 0.08094713831970926, 0.07140060469637233, 0.0744946290864175, 0.07450053358804534, 0.08315372258274956, 0.07558367526801793], [0.08284635532063857, 0.08124632645729978, 0.07620288217289467, 0.07185959812163584, 0.07424195999412184, 0.07223070818143403, 0.08113569394100618, 0.08108824027639962, 0.07127140738664403, 0.07449762275688218, 0.07452607759399664, 0.08333333333333333, 0.0755197944637133], [0.08279565922441974, 0.08108305625303243, 0.07619521345378279, 0.07188831190418657, 0.07416300553821528, 0.07220935478016637, 0.08116751215809813, 0.08135025822610704, 0.07127614554152702, 0.0745099628046945, 0.07455090784658791, 0.08333333333333333, 0.07547727893584885], [0.08251890659869375, 0.08145459967817167, 0.07610173703633645, 0.07192122403562473, 0.07422013903947723, 0.07227425757172179, 0.08091373804462505, 0.08151883749973717, 0.07135128072798765, 0.07446225677143523, 0.07449531198358196, 0.08333333333333334, 0.07543437767927401], [0.08237437841662221, 0.08157150261450904, 0.07607472492505851, 0.07196050988110662, 0.07416453001258487, 0.07227479214074059, 0.0808651774567724, 0.08179314810337696, 0.07137876984592285, 0.07446569314029144, 0.07450812644448183, 0.08318013716947667, 0.07538850984905598], [0.08218128318154713, 0.08189470956023234, 0.07600548735106291, 0.07198323547927558, 0.07431096789831884, 0.07237048228524008, 0.08062112717770063, 0.08178092995947249, 0.0714627998569489, 0.07442395430999879, 0.07444823839707221, 0.08312030696107921, 0.07539647758205101], [0.08232546661281115, 0.08170260289012342, 0.07606839129224811, 0.07195967785414005, 0.07441105738420907, 0.07239559842223614, 0.08069483763704707, 0.08141936303061931, 0.0714531835004727, 0.07444774163928206, 0.07445992232470276, 0.08317859318422574, 0.07548356422788244], [0.08233005099411848, 0.08168830589715825, 0.07604592292413732, 0.07194252618987848, 0.07432969772521224, 0.07234780963329801, 0.08071587501900684, 0.08153034979327453, 0.0714183537531238, 0.07443072309693259, 0.07445077214163039, 0.08333333333333333, 0.07543627949889571], [0.08254182266779526, 0.08147461692058601, 0.07615224686758336, 0.07195686527740353, 0.0743863484578286, 0.07237218647706072, 0.08088037547998543, 0.08121261254678597, 0.07142228065539963, 0.0744998298991975, 0.07451676614414901, 0.0830493104960796, 0.07553473811014542], [0.08215113751282246, 0.08191288039266484, 0.07599998769832829, 0.07199555598342662, 0.07425681078442206, 0.07235314474731504, 0.0806323180592365, 0.08188167425715337, 0.07146021135368938, 0.0744287704495442, 0.07446027058879322, 0.08309697839117393, 0.07537025978143021], [0.08199345573487965, 0.08210773606172703, 0.0759484895467392, 0.07199939110053402, 0.07440717652440426, 0.07243453574288829, 0.08043383042009238, 0.08185826214038827, 0.07152140083420015, 0.07439030243645713, 0.07440273264475955, 0.08311040157691088, 0.07539228523601926], [0.08210545544807529, 0.08196041121188118, 0.07598775478679827, 0.07195631685151457, 0.07446043013195268, 0.07242674346487739, 0.08049928338321599, 0.08154890491593841, 0.07148466387875392, 0.07439377416885906, 0.07439773195158302, 0.08333333333333333, 0.07544519647321676], [0.08237255051954166, 0.08169633728367866, 0.07611764052220561, 0.07191639253626059, 0.07450487117347805, 0.07240630447844022, 0.08072885144946056, 0.08102762048795464, 0.07142559948963688, 0.07445530669814399, 0.07445395005292182, 0.08333333333333334, 0.07556124197494402], [0.08214688164966125, 0.0819707821411949, 0.07606593007017383, 0.07196821417023026, 0.07459660216594015, 0.07249047526167891, 0.08053669480724941, 0.0811677491630134, 0.0715156810350574, 0.0744408305924893, 0.07443135974003287, 0.08311315016630252, 0.07555564903697587], [0.08197128546020263, 0.08214928465776256, 0.07591282843725096, 0.07196980323152559, 0.07428925759734227, 0.07236249984106535, 0.08044875994648203, 0.08202665227411637, 0.0714669583856477, 0.07436175150333851, 0.07438495583402352, 0.08333333333333333, 0.0753226294979091], [0.08190692417796264, 0.08221078094500725, 0.07591953904490205, 0.07197570130777882, 0.07448976264482805, 0.07246214818181983, 0.08033185714148297, 0.08171794776389969, 0.07152969172377337, 0.07435813738299991, 0.07435820194986834, 0.08333333333333334, 0.07540597440234383], [0.081920704608305, 0.08220942558247939, 0.07596769941214769, 0.0719943913017235, 0.07459868394276883, 0.07252080962271087, 0.08033726096065856, 0.08146585762786279, 0.07156708106477404, 0.07439078334343656, 0.07438062579687181, 0.08316411350226408, 0.07548256323399699], [0.08333333333333334, 0.08060010289587989, 0.07637057049092145, 0.07188816405099793, 0.07390392796155942, 0.07204928352095864, 0.08168590864137262, 0.08162898686800481, 0.0711463094145934, 0.07463674348861842, 0.07471733764190613, 0.08255357468697122, 0.07548575700488282], [0.0831667316560701, 0.08083143160763687, 0.07636144715509263, 0.07185508412933753, 0.07399351868105489, 0.07207622030522191, 0.08164768052104163, 0.08138751575369281, 0.07114613069398365, 0.07461026090222028, 0.07467587658074432, 0.0827265370266414, 0.07552156498726179], [0.08333333333333333, 0.08120942839092249, 0.07633796956888601, 0.07177351051577169, 0.07411909184689659, 0.07209244440748662, 0.08154122104178115, 0.08094124039358326, 0.07111401027845751, 0.07455204405525558, 0.07459330555576373, 0.08282367688480993, 0.07556872372705203], [0.08333333333333334, 0.08156878474346342, 0.07643753217636713, 0.07174975922031393, 0.07427111618673961, 0.07214223859269457, 0.08155553922392006, 0.08040324054895652, 0.07111290282171366, 0.07459471624367751, 0.07461597827496241, 0.0825051868284221, 0.07570967180543584], [0.08333333333333333, 0.08135513896362284, 0.07682013631282554, 0.07179385609876143, 0.07427864581280513, 0.07212615346728063, 0.0821107586551026, 0.07979871750591655, 0.07106158877314257, 0.07485002169159323, 0.07488125603843258, 0.08160937791388921, 0.07598101543329427], [0.08333333333333334, 0.08068615746508917, 0.0769917797126438, 0.071875984815794, 0.07403521298492284, 0.07203281497024562, 0.082728197683659, 0.07997820824167776, 0.07102228441529555, 0.07500749163049193, 0.07508295303325463, 0.08124621617614328, 0.07597936553744915], [0.08333333333333331, 0.08030370532517431, 0.07691431893520845, 0.07194246246829676, 0.07384323554604784, 0.0719835504806761, 0.08284058015779226, 0.08053369839666495, 0.0710419506598747, 0.07500367278275709, 0.07511089919004169, 0.0813190797243473, 0.07582951299978508], [0.08333333333333333, 0.08026567700167667, 0.07671849228221152, 0.07196768323424382, 0.07379962565672996, 0.0719998986711142, 0.08238822238089089, 0.08114930549420514, 0.07109932739516751, 0.07489687964075084, 0.07500803763889811, 0.08170141960625711, 0.07567209766452077], [0.08333333333333333, 0.0805253503245127, 0.07646545112629637, 0.07189894299738918, 0.0738680672770912, 0.0720246152039186, 0.08189552412610933, 0.08152114118929489, 0.0711204254983116, 0.07470332917355975, 0.07479242097866434, 0.08231697956662742, 0.07553441920489122], [0.08333333333333333, 0.08078443993737099, 0.07641085259378746, 0.07183550762988755, 0.07395095593490958, 0.07203482868088965, 0.0817905000511047, 0.08132384083248027, 0.07110091350890962, 0.07463541341898425, 0.07470643147694613, 0.08255399416018668, 0.07553898844120972], [0.08333333333333334, 0.08107694239731228, 0.07643215384999331, 0.07178548673250547, 0.07405646227499257, 0.07205492640469632, 0.08177916541188766, 0.08094926784428694, 0.07108135710373312, 0.07461975148474118, 0.07467286552982572, 0.08255278529596814, 0.07560550233672401], [0.08315954873424432, 0.08123351191549506, 0.07645749669999007, 0.0717896646140285, 0.07413562613884717, 0.07209525556957315, 0.08174901171224547, 0.0807624655488953, 0.07110391831787281, 0.07463230014752935, 0.07467578828753518, 0.082547258881667, 0.07565815343207681], [0.08297857082384501, 0.08122553298158351, 0.07658871387372428, 0.07181733398358879, 0.07415855055456508, 0.07210771672343191, 0.08195654815986715, 0.08055589648660498, 0.07110432965257768, 0.07472429169940807, 0.07477015006957231, 0.08225460340927611, 0.07575776158195499], [0.0830862728655663, 0.08070772910408257, 0.0766113280307286, 0.07188097719532083, 0.07394824327172088, 0.0720361803965774, 0.08218546046333317, 0.0810294608051783, 0.07109242168892715, 0.07478033303170618, 0.07486093008201254, 0.08210836491511805, 0.07567229814972802], [0.08307961336457098, 0.08059900547186499, 0.07677556062396308, 0.07190564426528873, 0.07393506398027011, 0.0720246097383099, 0.082520356