[[0.07355988167715817, 0.07507899229036685, 0.08310261747713846, 0.07202101236677182, 0.0809269156736621, 0.07082667956111215, 0.08082280298198345, 0.08181519223317271, 0.08106116404738056, 0.07160156162990196, 0.07596316265599835, 0.07125751117104896, 0.0819625062343044], [0.07360843853341759, 0.07503876105665237, 0.08317339643439979, 0.0720525988055048, 0.08125124348511853, 0.07083467394601212, 0.08063493051393246, 0.08166405368932886, 0.08088757186749887, 0.07160464796052063, 0.07587597826351565, 0.07128917785728979, 0.08208452758680847], [0.0736825564428406, 0.07500540664410998, 0.08323482921046665, 0.0721135164430395, 0.08163874376073008, 0.07087328151780299, 0.08040635680275698, 0.08145318945075454, 0.08066986691543701, 0.07163472909662202, 0.07578616065453993, 0.07135313266843787, 0.0821482303924617], [0.07376945512968244, 0.07500272419286547, 0.08308724673845018, 0.07218112956686663, 0.0819510355132316, 0.07091030570238425, 0.08024823178146148, 0.08130698632202134, 0.08053094173566436, 0.07166967948767966, 0.07573460319197296, 0.07141885383725315, 0.08218880680046646], [0.07385197308041393, 0.07498202060392513, 0.08318437557841375, 0.07224569165048704, 0.0823179261886063, 0.07094432162727164, 0.08003963863593426, 0.0811138265940266, 0.08034771520845653, 0.07169945341411399, 0.07565870640162765, 0.07148310665887692, 0.08213124435784629], [0.0739303983198581, 0.07498898782210975, 0.08303819652531559, 0.07229759091429593, 0.08256077261192221, 0.07095732558233893, 0.07993038035582582, 0.08104443978777774, 0.08026232528420973, 0.07171702489270586, 0.07562517586305714, 0.07152781576193035, 0.08211956627865287], [0.07399351075032294, 0.07496022833458332, 0.08333333333333333, 0.07228273387220398, 0.08279736395817734, 0.07084397980809332, 0.07979908080216055, 0.08101072610078969, 0.08017925512387204, 0.07163028462499486, 0.07554230057363828, 0.07148332321712861, 0.0821438795007017], [0.0741555176249916, 0.07501504695305612, 0.08294761999319941, 0.07238851301948909, 0.08305250579816142, 0.07086985231361201, 0.07967252736066828, 0.08094207481680708, 0.08008912325640175, 0.07167241083473927, 0.075540038935321, 0.07156981012066513, 0.08208495897288767], [0.07429015580938221, 0.07507650679759333, 0.0825658660619463, 0.07244171033082121, 0.08309071648617745, 0.07081894135100711, 0.07963136382022637, 0.0809688623941754, 0.08009134601967553, 0.07165377995354125, 0.0755579982695946, 0.07158939266127196, 0.08222336004458729], [0.07453202350366545, 0.07520167884153152, 0.08201862083831904, 0.07258439906122718, 0.08311724967822669, 0.07082913139635212, 0.07953433346457207, 0.08091664118821125, 0.08005164583703414, 0.07170145244973239, 0.07561433297850369, 0.07169241696226523, 0.08220607380035938], [0.07479325981268518, 0.07535867911775297, 0.08144071989351317, 0.07273737046500948, 0.08308066128029215, 0.07084003921093852, 0.07945532608103015, 0.08084887018885485, 0.08007405956876018, 0.07175623588011358, 0.07570457350014353, 0.07180018103609315, 0.08211002396481308], [0.07504422329553281, 0.07549379464576135, 0.08101547403114559, 0.07292716417165862, 0.0831347292584913, 0.07093995379043444, 0.07930459652812538, 0.08065999116547835, 0.07997738142456377, 0.07187622549344785, 0.07577287036826187, 0.07196756515674003, 0.08188603067035856], [0.07522272940251164, 0.07564169741714356, 0.08054230995719494, 0.07300365312034691, 0.0831142288984335, 0.07089211835757175, 0.07931062607246213, 0.08065852073829598, 0.08006261877603386, 0.07187675302896758, 0.07588551109575406, 0.07199683136183765, 0.08179240177344634], [0.07532591737865331, 0.07573852029120133, 0.08017887861110215, 0.07302802440825082, 0.08333333333333333, 0.07082273194533463, 0.07933697050899367, 0.0806614537723011, 0.0801206972049202, 0.07184646527712854, 0.07596173188967022, 0.07198353907808963, 0.0816617363010211], [0.07544853845631605, 0.07591081169276248, 0.07977217501518896, 0.07307625297723809, 0.08293947091590545, 0.07078347076869324, 0.07952972580639817, 0.08075020803055677, 0.0802935350502804, 0.07185194090106316, 0.07613214038387942, 0.07199131666427468, 0.08152041333744309], [0.0754018796640788, 0.07596507008880468, 0.07946269656794205, 0.0729677800859582, 0.08333333333333336, 0.07060959806501285, 0.07971829088738878, 0.0808620346278102, 0.0804753050474941, 0.07172115031324192, 0.07621396791302532, 0.07184526351850107, 0.08142362988740891], [0.07542090010943484, 0.0761197468329275, 0.07905243910298027, 0.07294184202056374, 0.08294843556619338, 0.07053006153645726, 0.07999128620630229, 0.08107419321379891, 0.08071011137956864, 0.07168434201290044, 0.07640464784331753, 0.07178491245036836, 0.08133708172518683], [0.07522686264267375, 0.07616044246319305, 0.07866175622623577, 0.07272136226025733, 0.08333333333333333, 0.07028333592753667, 0.08035216518964972, 0.08141600270974851, 0.08103943211570898, 0.07148365313653861, 0.07653400740899592, 0.0715308074278483, 0.08125683915828011], [0.07350438846916334, 0.07512605272453311, 0.08333333333333334, 0.07204255023069595, 0.08058555087126253, 0.07094174510991978, 0.08091564504649514, 0.08176095651287862, 0.08109900752349396, 0.07169353840423667, 0.07606001548808197, 0.0713065412807721, 0.08163067500513356], [0.07356376755064653, 0.07506661915734891, 0.08333333333333334, 0.07207443569000507, 0.0809888409460077, 0.07093764657673299, 0.08069489179253683, 0.08163304164544269, 0.08091408549131789, 0.07168583722243504, 0.07594873577629213, 0.07133584348291544, 0.0818229213349855], [0.07361613955144304, 0.07505241229107508, 0.08323436875990992, 0.07211610970907899, 0.08122393806239393, 0.07096275367309152, 0.08056977674131867, 0.08153730068955349, 0.0808002029394683, 0.0717067006939807, 0.07589891604558711, 0.07137831657044415, 0.08190306427265527], [0.0736909352662133, 0.07499766645077696, 0.08333333333333334, 0.07213674647822611, 0.08169706552835174, 0.07091260051874083, 0.0803443272097024, 0.08137647429362245, 0.08060303027726325, 0.07166462479329011, 0.07577200414962877, 0.07138472070256852, 0.08208647099828234], [0.07361374362122525, 0.07502887651785918, 0.08333333333333333, 0.07208978531577559, 0.08130882047010016, 0.07090830557525146, 0.08054457067964577, 0.08154069867955552, 0.08078560759987248, 0.0716605211321334, 0.07586232552313915, 0.07134276022647358, 0.08198065132563506], [0.07380957359995254, 0.07500688017475686, 0.08306512275153602, 0.07223874119776313, 0.08207374840347063, 0.07098406601083644, 0.08015394416422364, 0.08119440278950246, 0.08043274456651316, 0.07173064692363712, 0.07572188365512979, 0.071487427472633, 0.0821008182900452], [0.07385323416560016, 0.07497710944154097, 0.08333333333333333, 0.07227867018566587, 0.08233129182169203, 0.07101298666158966, 0.07997996789109615, 0.08102063829061362, 0.08027094976397468, 0.07175204593595147, 0.0756542747569186, 0.07153143861759863, 0.08200405913442474], [0.07395322980771417, 0.07499287230191236, 0.08300562415604719, 0.0723229858051026, 0.08262711807741416, 0.07098314141418545, 0.07989106436251638, 0.08100486491195465, 0.08022382685452192, 0.07173951909515561, 0.07561936684003441, 0.07155575400293453, 0.0820806323705066], [0.07402262482275578, 0.07496187732447158, 0.08333333333333331, 0.07236733258822985, 0.08298692612780634, 0.07098751936533451, 0.0796812370952247, 0.08082945044516743, 0.08003456724756079, 0.0717443023877557, 0.07553445380939007, 0.07159574820065034, 0.08192062725231941], [0.0742020712740638, 0.07502991776808707, 0.08290266012455481, 0.07248151647335375, 0.08313029192565792, 0.07100998305602314, 0.07957396449962341, 0.08079319706898139, 0.07996929678948281, 0.07178728882424472, 0.07554275618070956, 0.07168651381991227, 0.08189054219530521], [0.0742752410871035, 0.07504879485705032, 0.08267975115868202, 0.0724837637721664, 0.08333333333333336, 0.07092424768607733, 0.07953763816324148, 0.08081903123062617, 0.0799689790893201, 0.07173011777711813, 0.07552985367486609, 0.07165912423587507, 0.0820101239345403], [0.07439964317515724, 0.07510863850035852, 0.08238640276205589, 0.07254537110021027, 0.08333333333333334, 0.07090391260409767, 0.07949492160722514, 0.08081910511371167, 0.0799576011760904, 0.07173414649839306, 0.07555192201068105, 0.07169518377819757, 0.08206981834048824], [0.07454908615549001, 0.07518572149442754, 0.08206720047478624, 0.0726360921292409, 0.08333333333333333, 0.07091549153740884, 0.07943495748171278, 0.08078358630193756, 0.0799275456135323, 0.0717677373858122, 0.07558686535760434, 0.07176255255434721, 0.08204983018036671], [0.0746479643449508, 0.07523778968218393, 0.08187000233858649, 0.07270157066644081, 0.08333333333333333, 0.0709348303834457, 0.07938996657336458, 0.08074444551991872, 0.07991565669139443, 0.07179922408736189, 0.07561181947050566, 0.07181500412022351, 0.08199839278829008], [0.07479110147048038, 0.07531468576959546, 0.08160438078339019, 0.07280291968303756, 0.08333333333333334, 0.0709768778470435, 0.07932061730652104, 0.08067277716238071, 0.07988695677565595, 0.07185598450210018, 0.07565056224511439, 0.0719003913225588, 0.08188941179878859], [0.07490461470891702, 0.0753873213907759, 0.08132601848263896, 0.07285449557641294, 0.08333333333333333, 0.07095076061544557, 0.07929978095107099, 0.08065897469186914, 0.07991704681350291, 0.07185659239150424, 0.07569443800986472, 0.07192500346659728, 0.08189161956806701], [0.07524105464080356, 0.07556875505599374, 0.08078123204373801, 0.07311919001837369, 0.08333333333333334, 0.07110579700116161, 0.07909925708506092, 0.08040366138258437, 0.07977651051876769, 0.0720341646018471, 0.07578803363485183, 0.07216413562604977, 0.08158487505743445], [0.07539282031980156, 0.07570063198583617, 0.08041534677428896, 0.0731829075688488, 0.083174289548217, 0.07106411074924635, 0.07912352502178752, 0.08043018711408427, 0.07986450016135571, 0.07203460439171087, 0.07589267641564822, 0.07218682859104777, 0.0815375713581266], [0.07501737334420334, 0.07549771681678631, 0.08097701062104123, 0.07287843015065412, 0.08310763669551667, 0.07087083433986, 0.07936913502070272, 0.08073829181478155, 0.0800587524955061, 0.07182065851773244, 0.0757878087498374, 0.07190658610885495, 0.08196976532452298], [0.07553539598520263, 0.07581374347986379, 0.08012587918904746, 0.0732688636120826, 0.0830339537866082, 0.07107849343965009, 0.07913908215366038, 0.08040327082138654, 0.07988436062449272, 0.07207512921793759, 0.07597809267542213, 0.07224706391079702, 0.08141667110384915], [0.07565143551669408, 0.07593998089976085, 0.07967138841460854, 0.07327939040486918, 0.08333333333333334, 0.07096672341272613, 0.07924006796737663, 0.08040551187808105, 0.07996455194262306, 0.0720173883377495, 0.07608350173317247, 0.07220601963332438, 0.08124070652568083], [0.07568152307975015, 0.07603203706179482, 0.0794891769300187, 0.07327145743764091, 0.08301974206213078, 0.07091828790806799, 0.07939452067855934, 0.08050707951279859, 0.08011084022493248, 0.07199555047646826, 0.07618936861656082, 0.07217498641814683, 0.08121542959313029], [0.07566052179141132, 0.07612238837453535, 0.07911725460134526, 0.07317538125041777, 0.08333333333333334, 0.07074120851140125, 0.07960070232711039, 0.0806458598696315, 0.0802959950704456, 0.07186967281771921, 0.07630511136727619, 0.07203398351470834, 0.0810985871706645], [0.0757614497777126, 0.07629575131135388, 0.07870411425410836, 0.07322278393993589, 0.0830629342837508, 0.07072050399129826, 0.07975222371199249, 0.08074734104349598, 0.08039011729562784, 0.07188835760325561, 0.07648214945958265, 0.07204767160275445, 0.08092460172513133], [0.07552911294773977, 0.07626817207784534, 0.078568388678953, 0.07298333843836774, 0.08333333333333333, 0.07048373471536244, 0.08005120115616571, 0.08105898282014946, 0.08069161977764304, 0.0716807934727473, 0.07654027238377731, 0.07178833470899415, 0.0810227154889214], [0.07353702076460013, 0.07513743427998817, 0.08333333333333333, 0.07212591915526635, 0.0806529779461788, 0.07108265560759243, 0.0808082260584493, 0.08157698091325069, 0.08094409903377321, 0.07180615180158885, 0.07605888380579374, 0.07141604734761878, 0.0815202699525662], [0.0736388878934442, 0.07505850620401273, 0.08333333333333334, 0.07218855637667441, 0.08125197619635192, 0.07109118541116025, 0.08045823161028749, 0.0813760520587492, 0.08067153275871479, 0.07180891294892998, 0.07590154000680593, 0.07147545762440388, 0.08174582757713195], [0.07359922478997272, 0.07508080559773146, 0.08333333333333333, 0.0721615002945114, 0.08103414104888916, 0.07108245453704277, 0.0805761740828852, 0.08146328587162431, 0.0807778872776054, 0.07180293549253206, 0.07595706761330047, 0.07144886464791718, 0.08168232541265455], [0.07367740821208509, 0.07505050574930087, 0.08313958497292888, 0.07218772676993425, 0.08143416882219913, 0.07104123574005004, 0.08042662629699705, 0.0813937136426695, 0.08065877062994278, 0.0717717009941455, 0.07586513604622405, 0.07146007664671047, 0.0818933454768126], [0.07371331723308815, 0.07503255199370264, 0.08333333333333333, 0.07224792613345762, 0.0815945457963189, 0.07112546420083857, 0.08026294521748872, 0.08121095247835163, 0.08049018212922006, 0.07183684452257559, 0.07582200571579156, 0.0715362237959612, 0.08179370744987204], [0.07382609444511913, 0.07503821867305618, 0.0829996812106864, 0.0723248614526446, 0.0819721925582448, 0.07114991751312609, 0.08011208306744093, 0.08109594475121182, 0.08035806206751396, 0.07186534693302954, 0.07576753255833513, 0.07160472413990472, 0.0818853406296867], [0.07373628018902613, 0.0750290440585265, 0.08318326110257765, 0.07223663243384208, 0.0817116595818706, 0.07107232790575278, 0.08026256176490255, 0.08124490422477217, 0.08050352915561226, 0.07179682439077244, 0.07580112682608443, 0.07151101415239365, 0.08191083421386651], [0.07387614781928406, 0.0749958499419057, 0.08333333333333336, 0.07235173807880421, 0.08228910436076886, 0.07114175581292212, 0.07991853839037945, 0.08091243223099076, 0.08018387586930316, 0.07185657571978205, 0.07567552200057345, 0.0716281035857652, 0.08183702285618782], [0.0739530988979666, 0.07501181465299434, 0.08313351565849786, 0.07241885106113753, 0.08248301239027847, 0.0711893649927357, 0.07982256373215509, 0.08082644315578574, 0.08010297133066077, 0.071902208384625, 0.07565800518201668, 0.07169493340110383, 0.0818032171600424], [0.07400862388406196, 0.07501950464600697, 0.08296617635423467, 0.0724489722761063, 0.08266389436838258, 0.0711841714395273, 0.07976552683353558, 0.08079993571174493, 0.08006563102966487, 0.07190396996995294, 0.07563780185419369, 0.07171654984470978, 0.0818192417878783], [0.07406747562894182, 0.07500026221900086, 0.0831574595175564, 0.07248304611909868, 0.0829163152915878, 0.07118041886342567, 0.07961701634999443, 0.08068825828509513, 0.07993718077743414, 0.07190331216043348, 0.07557568789062798, 0.07174464133465439, 0.08172892556214914], [0.07416757266691595, 0.07500358250407542, 0.08299654700366625, 0.07250744100924793, 0.08333333333333334, 0.07110577150226122, 0.07950532692690584, 0.08066070240044008, 0.0798698434966674, 0.07185474197107201, 0.07552502902466475, 0.07174024031176987, 0.08172986784898012], [0.07424555611547565, 0.07503520533550062, 0.08284392301175159, 0.07255320974331464, 0.08333333333333333, 0.07110736779836939, 0.07946876624421272, 0.08065581985682922, 0.07985222126280171, 0.07186746480155293, 0.07553147337361449, 0.07177381157754475, 0.08173184754569897], [0.0742945782513759, 0.07506199677940921, 0.08275285945606509, 0.07257933037631308, 0.08320729647072563, 0.071103541746684, 0.0794673677857042, 0.08067614907192412, 0.07986353274242017, 0.07187270738602097, 0.0755453320685422, 0.0717905176849013, 0.0817847901799142], [0.07443728142288869, 0.07513017681677002, 0.08248292911593387, 0.07267050707637948, 0.0830726954941996, 0.07112332610424973, 0.07941198193243981, 0.08065952359789552, 0.07983591078379773, 0.07191066698327189, 0.07557221747944119, 0.0718619744635546, 0.08183080872917788], [0.07453086314655753, 0.07516168686647504, 0.08223025715614413, 0.07269979455458711, 0.08333333333333333, 0.07107036651644533, 0.07935355112833621, 0.08064046471594931, 0.07980643180475863, 0.07188273393318585, 0.0755681671578641, 0.0718649882348566, 0.08185736145150675], [0.07464422293086732, 0.07521866685926915, 0.08200417466736139, 0.07276899608704979, 0.08333333333333334, 0.071079655356904, 0.07930591488576931, 0.0806099997768007, 0.07978084220130895, 0.07190847903503858, 0.07559282902063262, 0.07191669831059234, 0.08183618753507263], [0.0749115200709173, 0.07536299527120398, 0.08157587056138561, 0.07298072706778577, 0.08310137275659694, 0.07120503412718336, 0.07918041174434674, 0.08047721034886339, 0.07971541878138602, 0.07205098159601657, 0.07566917525552928, 0.07210891988020009, 0.08166036253858515], [0.07509745624121208, 0.075449863490088, 0.08120352461127786, 0.07310696511158486, 0.08333333333333334, 0.07124617336087258, 0.0790536244827834, 0.08033950189692411, 0.07963819404988579, 0.0721128626832265, 0.07570056513155626, 0.07221249686834227, 0.08150543873891304], [0.07526396812364436, 0.07556655760578852, 0.08080476722470079, 0.07316593845922778, 0.08333333333333334, 0.07117492123625108, 0.07904557514692528, 0.08033689163972611, 0.07970681093577936, 0.07208972838756389, 0.07577738204476407, 0.07222346830037481, 0.08151065756192076], [0.075107713948324, 0.07548699578263747, 0.08107200736893577, 0.07304532591334055, 0.08323790137195912, 0.07110857946459455, 0.07915104061122902, 0.0804689083070205, 0.07978488512270114, 0.07201214978283224, 0.07574076430463543, 0.07211559911863964, 0.08166812890315046], [0.07495651230593633, 0.07538607485960769, 0.08140005018843093, 0.07297088381451079, 0.08333333333333333, 0.07113040332008028, 0.07917084187543365, 0.0804854824292332, 0.07974503182528285, 0.07200066737931582, 0.07567565704514972, 0.07207468462574743, 0.08167037699793803], [0.07474719667968911, 0.07527565836980289, 0.08177839572424085, 0.07282009071550097, 0.08333333333333334, 0.0710639787487306, 0.07927827377124272, 0.08060046783195078, 0.07979815894996377, 0.07191394790635632, 0.07562142218063918, 0.07194602777412411, 0.08182304801442544], [0.07507330348091473, 0.0754584433213832, 0.08114090834829793, 0.07302882579303491, 0.08333333333333334, 0.07111378474091187, 0.07914151965555515, 0.0804582585310019, 0.07976125169158045, 0.07200897992803945, 0.07571814978079502, 0.07210730753753264, 0.08165593385761948], [0.07496924561112911, 0.07542922102052883, 0.08117826391430483, 0.07288859467258345, 0.08333333333333331, 0.07094595797445304, 0.07928380843286417, 0.08064091385225115, 0.07992586939338041, 0.07186483442390669, 0.07572045545254392, 0.07194590307279544, 0.08187359884592543], [0.07536472036784628, 0.07564318660980647, 0.08056432388240868, 0.07320730633456361, 0.08333333333333334, 0.07114438308428604, 0.07904109475295083, 0.0803259020568468, 0.07974362503693097, 0.07208633233620701, 0.0758319903456889, 0.07223796828834472, 0.08147583357078647], [0.07548166740590889, 0.07573212752785843, 0.08029863592040665, 0.07326478172808777, 0.08333333333333331, 0.07112868497831341, 0.07902415709103906, 0.08031259018009301, 0.07976660044274149, 0.07209774662868225, 0.07589570355287754, 0.0722685965326102, 0.0813953746780478], [0.07564271804991403, 0.07587267729637416, 0.07999138640170227, 0.07336287661403276, 0.08297141812378661, 0.0711486810912796, 0.07909197963914233, 0.08031335399951209, 0.07981939037117389, 0.07214811082055504, 0.07601013073361729, 0.07233726696578283, 0.08129000989312703], [0.07572974220050353, 0.07594900782917183, 0.07974012624450695, 0.07339400479833728, 0.08309909369176638, 0.07111301694445554, 0.07912417292518407, 0.08028815390938886, 0.07983683558897776, 0.07213953208440596, 0.0760680469384867, 0.07234208281257255, 0.08117618403224261], [0.07579578957342147, 0.07607337049490771, 0.07940226123761218, 0.07338026566782709, 0.08305381196759544, 0.07101113991240823, 0.07928912857296944, 0.08036532191660138, 0.07998445663355314, 0.07208423907808717, 0.07619528575987054, 0.07228567615611903, 0.08107925302902716], [0.07587558909858397, 0.07622286372237133, 0.07898938257660239, 0.0733813924454225, 0.08307659480938881, 0.07092177235024762, 0.0794514248861696, 0.08045288096001513, 0.0801093423479355, 0.07204388263860792, 0.0763472672330793, 0.07224278135412929, 0.08088482557744653], [0.0758993152885665, 0.07632257841658362, 0.07872231602545043, 0.07336324931026925, 0.08297791375248817, 0.07085538257532188, 0.07958933281241597, 0.08056715434695992, 0.08021639333260586, 0.07200917992113247, 0.07646106093429311, 0.0721976249134225, 0.08081849837049022], [0.07582308130125835, 0.07639432433100798, 0.07838380291834109, 0.07323841520090402, 0.08333333333333333, 0.07067710547059457, 0.07979810769872898, 0.08074353832868265, 0.0803852352542396, 0.07187527151077507, 0.07657511216440499, 0.07203648256996528, 0.08073618991776402], [0.07556374361501643, 0.07638408414492588, 0.07832067441817289, 0.07300791783070484, 0.08306101988165146, 0.07048962783634387, 0.08018755371137193, 0.08113963035596043, 0.08077546214436034, 0.07170615651870585, 0.07667600994850768, 0.071798991111203, 0.08088912848307547], [0.07479957762371837, 0.07529981568654041, 0.08179508357757548, 0.07291703439168547, 0.08313227749651117, 0.0712047222504122, 0.07921361723914877, 0.0804997757532332, 0.0797076516258089, 0.07203135048719257, 0.07563558788484911, 0.07206522371139476, 0.08169828227192964], [0.07465156590212907, 0.07522313609334423, 0.08209234171082651, 0.07284070032293069, 0.08313567250075259, 0.0712218854425619, 0.07926147559623026, 0.0805189506612312, 0.07970684372386505, 0.07202003395059192, 0.07560118484322774, 0.07201847323790048, 0.0817077360144084], [0.07450800086860557, 0.0751556341692124, 0.08236868514092803, 0.07276366421773657, 0.08314807503374969, 0.07123323414783704, 0.07931701121176657, 0.08053697980263896, 0.0797321335054726, 0.07200600907215252, 0.07557693550730564, 0.07196819247277345, 0.08168544484982103], [0.07442591370627696, 0.07510971622089338, 0.08250675605906647, 0.07271239704082237, 0.08333333333333334, 0.07122362129363746, 0.07932772481967416, 0.08052500098557624, 0.07972700135636206, 0.07198457114858393, 0.07555173783069263, 0.07192932560191298, 0.08164290060316806], [0.07433448894338737, 0.07508435863232041, 0.082733717378254, 0.07267845696346047, 0.08314085420231433, 0.07126498623487683, 0.0793893574389402, 0.08053986840533695, 0.07975973998098577, 0.07200467009605395, 0.07556243514084594, 0.0719181366329211, 0.08158892995030276], [0.07416236497350101, 0.0750225648128171, 0.08311425148876425, 0.07257846953836476, 0.08302350481747404, 0.07126486050304455, 0.07948455874757752, 0.08056073140717021, 0.07981191169019253, 0.07198034287782122, 0.07555951190423962, 0.071845000545094, 0.08159192669393903], [0.07408947526964421, 0.07500439708450315, 0.08333333333333333, 0.07253806462372457, 0.08284268508099067, 0.07126970751320684, 0.07954098457993028, 0.08057710379737924, 0.07984703648468498, 0.07197508270499157, 0.07557359453379896, 0.07181620028394362, 0.08159233470986847], [0.0750330869860283, 0.07554057498759155, 0.0808312496776866, 0.0728538237260695, 0.08300648620554858, 0.07080263674085414, 0.07944323447898205, 0.08081845077809273, 0.08016688673088943, 0.07177530052030677, 0.07583537369997705, 0.0718608821419555, 0.08203201332601767], [0.0753687695629027, 0.07573325547805876, 0.08029867261908026, 0.07311237020079621, 0.08311294545878768, 0.07094806959610359, 0.07924014571273767, 0.0805677241136935, 0.08001412186051594, 0.07194682212185645, 0.07594204455851043, 0.07209065073315309, 0.08162440798380385], [0.075540692198087, 0.07586725676315495, 0.07985471325654264, 0.07319668155735645, 0.08333333333333333, 0.07092337403960758, 0.07926550625341398, 0.08048810967945491, 0.08001103833786977, 0.0719629832380419, 0.07603694612084394, 0.07213480703614247, 0.08138455818615098], [0.07405296168583919, 0.07502618640203161, 0.08311241122814303, 0.07252763408129834, 0.08267359520652896, 0.07129607796233553, 0.07964735214858117, 0.08064817700323405, 0.07993509284784002, 0.07199551386034633, 0.07562790793230699, 0.07181378093937771, 0.08164330870213701], [0.07400374410825068, 0.07503679031902684, 0.08305748233340311, 0.07250467040014211, 0.08247621704926243, 0.07131048416863733, 0.07974355494335739, 0.08071493175701801, 0.08001074965374139, 0.07200406659075678, 0.0756721839615095, 0.07179878532647843, 0.08166633938841601], [0.07390349877618205, 0.07501758398998701, 0.08333333333333334, 0.07242755832727421, 0.08221728114141309, 0.07127093972762397, 0.07985587724757892, 0.08081172320913177, 0.08009773859352556, 0.07196225748188384, 0.07569838896551562, 0.07172678346215947, 0.08167703574439128], [0.07387256940949206, 0.07506032930925163, 0.08305084219257088, 0.07243449344321762, 0.08194806578763654, 0.07132788131853714, 0.07998536640479986, 0.08091475507542634, 0.08021251054919898, 0.07201041545874891, 0.07578234405215008, 0.07174555008982686, 0.08165487690914329], [0.07379466469082709, 0.0750597904257981, 0.08320486440791199, 0.07237579680519572, 0.08169472603624041, 0.07129984420932789, 0.08010546837224483, 0.08101501525441024, 0.08032145043531555, 0.07198252759615968, 0.0758244623534521, 0.07168989646293655, 0.08163149295017989], [0.07374872612777385, 0.07505314357141842, 0.08333333333333334, 0.07233205472310067, 0.08157586583161601, 0.07126308394090354, 0.08017167611644414, 0.08107513454924849, 0.08038372287755033, 0.07194948495489488, 0.07583896335039063, 0.07164415608942155, 0.08163065453390421], [0.07370434050798184, 0.07506594088671963, 0.08333333333333336, 0.07229617473339801, 0.08139076061890388, 0.07124196514458318, 0.08027962733598372, 0.08116649557182677, 0.08048379201631904, 0.07193181739432877, 0.07588241310769708, 0.07160755194734052, 0.08161578740158443], [0.07368633350181572, 0.07510304787047942, 0.08313272783407348, 0.07229246501597857, 0.08119958084355003, 0.07125777189334684, 0.08039695730623592, 0.08125585937816598, 0.08058908914851297, 0.07194870581766155, 0.07594894617812914, 0.07160564962402814, 0.08158286558802234], [0.07363544523360542, 0.07514320168272529, 0.0831819227661419, 0.07227605517292125, 0.08090549898113902, 0.07128631132972302, 0.08055295747060362, 0.08130359388896789, 0.08067797666644654, 0.07197197341788007, 0.07602261815854798, 0.07159838850696731, 0.08144405672433068], [0.0736010260889112, 0.07519749090971328, 0.08308509527524001, 0.07226625973130617, 0.08062309192740662, 0.07130831079594797, 0.08073005939012108, 0.08137336821269368, 0.08079286181844052, 0.07199408142518386, 0.07611002010216472, 0.07159281925535498, 0.0813255150675158], [0.07358865247740376, 0.07512001519643659, 0.08333333333333333, 0.07219683771926513, 0.08085984337500314, 0.07117251353718554, 0.08062894200364067, 0.08141600108834217, 0.08077432784556833, 0.07187696439168567, 0.07601218512047489, 0.07150198230201735, 0.08151840160964335], [0.0752998587632441, 0.07562536958166767, 0.08059387597838344, 0.07312592422873519, 0.08333333333333336, 0.07105249882449331, 0.07912424150110965, 0.08043052134951027, 0.07983852815540267, 0.07200629900223493, 0.07583416976544863, 0.07214622778886892, 0.0815891517275681], [0.07514849398706794, 0.07555196236672841, 0.0807805375484381, 0.07298785757985042, 0.08333333333333331, 0.07094326886012609, 0.0792418114100154, 0.08057954658281359, 0.07994649633374322, 0.0718968917661411, 0.07580150911379312, 0.07201022425489986, 0.08177806686304928], [0.07533109806133012, 0.07581104504514732, 0.08001232812603376, 0.07299682905366624, 0.08302234161824308, 0.07075425329335291, 0.07950536581729878, 0.08080244836933603, 0.08029264026024958, 0.0718041182709445, 0.07605349664681144, 0.0719298051539348, 0.08168423028365164], [0.07517212160039714, 0.07564104554881632, 0.08043235093731577, 0.07291290289999755, 0.08333333333333334, 0.07076235659385646, 0.07939334238950428, 0.08076527842103107, 0.0801764471431241, 0.07177144042437902, 0.07590111984015589, 0.07188387207429672, 0.08185438879379238], [0.07470063769630689, 0.0753030817430004, 0.08166542098279646, 0.07268883354037543, 0.08304778315259066, 0.07084823370647236, 0.07948669028171355, 0.08087889494596036, 0.08006656356517564, 0.07174612141961374, 0.07567355544581413, 0.07177036397633638, 0.08212381954384405], [0.07492276665055603, 0.07545970182471166, 0.08110081945083773, 0.07279572519306644, 0.08297390240289959, 0.07081053220669822, 0.07946329314208479, 0.08085528799562056, 0.08014363997006911, 0.07175967829231494, 0.07577902516758994, 0.0718261336030112, 0.08210949410053976], [0.07536866612252986, 0.07589768501283259, 0.07972668941884196, 0.07298135832555881, 0.0830793371813508, 0.07067819725425788, 0.07963665566332723, 0.08086123207330935, 0.08041214547120411, 0.07176124825351679, 0.0761460522597741, 0.07188460066772234, 0.08156613229577411], [0.07535180698640415, 0.07601009133645788, 0.07934127260855578, 0.07290776475836173, 0.08306707631163202, 0.07054191420738543, 0.0798968549326706, 0.08101068361741869, 0.08065359962366174, 0.07167091492327475, 0.0762943969679416, 0.071772543273544, 0.08148108045269171], [0.07581072204291862, 0.07654734894475518, 0.07803695703975055, 0.07321287205540462, 0.08300558281221962, 0.07062946822165357, 0.08005349437177235, 0.08091721858689521, 0.08056332917415741, 0.0718606480026715, 0.07677652554355993, 0.07198783244943234, 0.08059800075480904], [0.07591225931348128, 0.07649577070580064, 0.07815028341625305, 0.07330027166120998, 0.08333333333333333, 0.07069977829734371, 0.07981337608930891, 0.08070689213351719, 0.08035186093256537, 0.07191609912130074, 0.07666419129771991, 0.07208235301916834, 0.08057353067899745], [0.0738237673160814, 0.07516884062536244, 0.08163860446017253, 0.07190870401311873, 0.08109070705772402, 0.07025722084716592, 0.08093538622805557, 0.0824729050761382, 0.08145306218877604, 0.0711943015665465, 0.07590217723360783, 0.07098090665627767, 0.0831734167309732], [0.07380458589147969, 0.07510552480583885, 0.08196299677881815, 0.0719468104568034, 0.08139843252858599, 0.07036368099441266, 0.08076279913550378, 0.08219158637832201, 0.08122982810956401, 0.07126513411772377, 0.07582898135828711, 0.07105077085633242, 0.08308886858832813], [0.07385659580297053, 0.07507544908758255, 0.08196841544026526, 0.0719780157913687, 0.08165479692797864, 0.07036651203927917, 0.08057678913103986, 0.0820293435110465, 0.08105694248080289, 0.07126665135601047, 0.07575790033451595, 0.07107925476380612, 0.08333333333333333], [0.0739156385071608, 0.07506303573563254, 0.08219271758980598, 0.07204332525789182, 0.08191367408415036, 0.07043394856885002, 0.08041039697878694, 0.0818443650486862, 0.08088558788557333, 0.07132163664997186, 0.07571306907498859, 0.07115341632841905, 0.08310918829008263], [0.07405370595625213, 0.075104319689619, 0.08211706439200758, 0.07211965418959436, 0.08206093856684749, 0.0704281258943677, 0.08026900094889336, 0.08175711735887686, 0.08078307521695743, 0.07133474191031904, 0.07570054290942647, 0.07120770453598978, 0.08306400843084899], [0.07417535083287508, 0.07516691831836679, 0.08186579109663093, 0.07217655168502443, 0.08203953624285233, 0.07040164890114058, 0.08021145111118443, 0.08173886631792208, 0.0807623800435076, 0.07133388926779621, 0.07572536565721243, 0.07123787398827272, 0.08316437653721453], [0.0742529133136067, 0.07527036362939844, 0.0813681513954334, 0.07217126782831475, 0.08178488146010934, 0.07029707421893606, 0.08034015793146797, 0.0819162645147048, 0.08097519905450556, 0.07127515359851666, 0.07582509403950304, 0.07119014568216989, 0.08333333333333333], [0.07414302258937613, 0.07534103084048976, 0.08087242574295149, 0.07203597270017419, 0.08144232230949136, 0.07013957563703975, 0.08074105955498692, 0.0823681540614805, 0.08142974891614224, 0.07115539419335863, 0.07597097321342854, 0.07102698690774714, 0.08333333333333333], [0.07391487418051115, 0.07526835688198338, 0.08101599378496807, 0.07187342868674802, 0.08117916713670001, 0.07006671483128106, 0.08103272630405103, 0.08272338656602067, 0.08165557432866771, 0.07106985972760728, 0.07598332638803203, 0.07088325785009626, 0.08333333333333334], [0.0738207000132029, 0.07521637147692525, 0.08128439830955062, 0.07183991627699654, 0.08096159079108377, 0.07011032841202293, 0.08109099976349042, 0.08274765967788539, 0.08166864469001606, 0.07108812134245988, 0.07596222169101563, 0.0708757142220173, 0.08333333333333334], [0.07392638787963497, 0.07520607485006517, 0.08140368989045883, 0.07195461806551526, 0.08116620185384527, 0.07023044413901845, 0.08083993458224727, 0.08244671910722472, 0.08140029880251315, 0.07118736008868402, 0.07589997290522815, 0.07100496450223143, 0.08333333333333333], [0.07384547655476774, 0.0751395481855226, 0.08168528052241672, 0.07192825797078593, 0.08127519526753386, 0.07027307890486172, 0.0808062596768806, 0.08233481530864072, 0.0813209627861844, 0.07120356006930752, 0.07585007380009609, 0.07100415761966873, 0.08333333333333333], [0.07399633408355658, 0.07515004495324097, 0.08173272915346284, 0.07203009507301211, 0.08162527630232072, 0.07030739789250955, 0.08053369071387605, 0.08208843053306007, 0.08107617897960397, 0.07124362705795935, 0.07578863204767637, 0.07109422987638822, 0.08333333333333334], [0.07411099851245487, 0.07525186265893068, 0.08136286838522164, 0.07207274939245768, 0.08144660252935154, 0.0702591832367443, 0.08058566734983232, 0.08219383836961827, 0.0811786740708474, 0.07123134150405741, 0.07587036343981012, 0.07110251721734032, 0.08333333333333331], [0.07403985653288503, 0.07521245176170309, 0.08147924747911692, 0.07203644479228197, 0.08142757747066091, 0.0702680886244171, 0.08062431377467459, 0.0822226474829959, 0.08119678405996679, 0.07122639128622803, 0.07585221823893558, 0.07108064516280058, 0.08333333333333331], [0.07406119625185646, 0.07528080437211232, 0.08113606178195458, 0.07201527540337568, 0.08128077121282842, 0.07019583001835598, 0.0807655035842386, 0.08240605607435318, 0.08137477952070092, 0.07118291799357851, 0.07593303120317257, 0.07103443925013941, 0.08333333333333333], [0.07393639322367573, 0.07511771231772224, 0.08183563514732117, 0.07200491001604455, 0.0816294579738191, 0.07032659406552862, 0.08055627853755852, 0.08207748538251176, 0.08107509677037766, 0.07124866528697772, 0.07577478054673284, 0.07108365739839685, 0.08333333333333334], [0.07409918445668644, 0.0751529866074018, 0.08181381177196595, 0.07210610714190113, 0.08187078230375364, 0.0703440896916605, 0.08033178926061925, 0.08187657756327693, 0.0808833579085898, 0.07128087845846062, 0.0757416460312468, 0.07116545547110376, 0.08333333333333333], [0.07418591948076267, 0.0752370525698021, 0.08150181928561188, 0.07213895178118569, 0.08169188481266737, 0.07030955304860542, 0.08039005276096002, 0.08196827868451836, 0.08098330758807468, 0.07127414630366925, 0.07581368676632405, 0.07117201358448533, 0.08333333333333334], [0.07423436009141246, 0.07535752913676502, 0.08096718587825968, 0.0721198981614981, 0.08158723776105797, 0.07020951599915141, 0.08059781686469332, 0.08219971830573856, 0.08129184131842758, 0.07121933117989022, 0.07595134604186564, 0.07111348809699852, 0.08315073116424156], [0.07431738561266417, 0.07534530218065792, 0.08110918111049782, 0.07219723102316665, 0.08182374690758484, 0.07027467787039737, 0.080398262885513, 0.08197330616735596, 0.08108755576305891, 0.07127462948414637, 0.07589545210115774, 0.07119607356382524, 0.0831071953299741], [0.07402621024178249, 0.0751215215074745, 0.08199384816509464, 0.07208707806510778, 0.0818927913399108, 0.07039272916859658, 0.08037926356829472, 0.08188659979298457, 0.08089964680425127, 0.07130768821358167, 0.07573736287081809, 0.0711690541229886, 0.08310620613911424], [0.07424315047923424, 0.07522316532315244, 0.08168069612043835, 0.07221145291690653, 0.08195829095756021, 0.07039455329582922, 0.0802314476370752, 0.08177534550403719, 0.0808079915902972, 0.07134257523871085, 0.07576964000051238, 0.07125749352100076, 0.08310419741524541], [0.07433496388994285, 0.07528603089782716, 0.08141910815507315, 0.07225013419624286, 0.08193612489671911, 0.07036592179735995, 0.08021278607429758, 0.081763861578613, 0.08085189203975712, 0.07133767808847537, 0.0758090905854738, 0.07127253046438149, 0.08315987733583638], [0.0735327073169048, 0.0752254299440085, 0.08157244871055841, 0.07167495858298192, 0.08050943364760575, 0.07010023616500008, 0.08169013418391859, 0.08307710787439825, 0.082146666776122, 0.07106154352084634, 0.07613959528144708, 0.07074203018432093, 0.0825277078118874], [0.07360076615021767, 0.07523822745107264, 0.08131693977979491, 0.07166791804526154, 0.08074068612731261, 0.07000133698731045, 0.08160586301195866, 0.08316068891303557, 0.08215861135858882, 0.07099176784109809, 0.07610857265026592, 0.07070409352443448, 0.08270452815964868], [0.07377164058345177, 0.07531552487706519, 0.08086323580454166, 0.07172588635844421, 0.08114016923738247, 0.0699164841478322, 0.0814396437071005, 0.08313724064679792, 0.08210204792415983, 0.07095099383562622, 0.0761145294255785, 0.07071554613125693, 0.08280705732076256], [0.07395901127213672, 0.07548547547136396, 0.08031707249724752, 0.07181313132502262, 0.08151689296892792, 0.06986994531056863, 0.08139280186735405, 0.08296064917249472, 0.08224494537433141, 0.07095670870923546, 0.07624900841351961, 0.07075352488875333, 0.08248083272904397], [0.0739108994108949, 0.07573616281622166, 0.07968100497669026, 0.0717529232346499, 0.08128925959400263, 0.06976956193235634, 0.08186725522491586, 0.08333333333333333, 0.08292229779314193, 0.07091887087342628, 0.07661355982463199, 0.07065290557792961, 0.08155196540780521], [0.07368676172619062, 0.07577079348278418, 0.07988305072216613, 0.0717123114816272, 0.08061107868785979, 0.06994128412921806, 0.0824973943215011, 0.08284766033819287, 0.08333333333333333, 0.07104426807532159, 0.0768119215863714, 0.0706731204212197, 0.08118702169421403], [0.07343620837904051, 0.07557281539745708, 0.0804379259042955, 0.07159528664762631, 0.08020006501782805, 0.07001389420461812, 0.08285088570605742, 0.0829432278205806, 0.08333333333333333, 0.07104997622236371, 0.07669473137419759, 0.07062147571227148, 0.08125017428033028], [0.073379244270424, 0.07539945699903766, 0.08107158241802861, 0.07159657532980318, 0.08015650820699502, 0.07009784015759156, 0.08247485866850272, 0.08313120918927985, 0.0828216532494531, 0.07108068178529535, 0.07648308969910285, 0.07066395539191694, 0.08164334463456915], [0.07345443645366087, 0.07524724281583496, 0.08145441154108615, 0.07160819866390097, 0.08042195305564631, 0.07004683289556708, 0.08191314208879122, 0.08333333333333334, 0.08233876471727357, 0.07101885757266323, 0.07621255776445156, 0.07067071433158036, 0.08227955476621045], [0.07354695158542618, 0.07525192834941762, 0.08124983267531836, 0.0716187129165075, 0.08069056603490196, 0.06995763055918519, 0.08175543660423702, 0.08333333333333334, 0.08230735392712922, 0.07095665740081082, 0.07615590262890572, 0.0706504023233978, 0.08252529166142931], [0.07366689516192272, 0.07532664627651756, 0.08086323968064808, 0.07164794906229523, 0.08099552132495956, 0.06987146146484827, 0.08168638362856644, 0.08333333333333333, 0.08235078581955312, 0.0709107886779647, 0.07618312721854313, 0.07063924885594294, 0.0825246194949048], [0.07373902430876766, 0.07537122074502511, 0.0806663549676537, 0.07167512576264529, 0.08115501116248333, 0.06984072273010525, 0.08162447128496936, 0.08333333333333333, 0.08232631888893244, 0.07089951030754121, 0.07620430674616346, 0.07064672787327075, 0.082517871889109], [0.07373451982149197, 0.07545622012873597, 0.08044534214556345, 0.07166088724878357, 0.08114163315170643, 0.0698077085794882, 0.08180689666118306, 0.08333333333333331, 0.0825728934354265, 0.07088818060296968, 0.07632315882214297, 0.07061756090926205, 0.0822116651599127], [0.0734943263509749, 0.07535827598318914, 0.08093502617260165, 0.07157311550313937, 0.08060010684301955, 0.06991201332409429, 0.08214885497432581, 0.08333333333333334, 0.08272396329219381, 0.07093636135001516, 0.07633579624970677, 0.07059067257763037, 0.0820581540457759], [0.07346607906358009, 0.07546420175892238, 0.0806079447223052, 0.07155469165655412, 0.08048538432861606, 0.06989384399040792, 0