[[0.3543723012110474, 0.4894350563170441, 0.1561926424719085], [0.36855805771522593, 0.4744127615916515, 0.15702918069312255], [0.3636636365984553, 0.47611741765158055, 0.1602189457499642], [0.37125786025418955, 0.4702444624252263, 0.1584976773205842], [0.3540333946168034, 0.48660800471288346, 0.1593586006703131], [0.35619474653266703, 0.4626726638125825, 0.18113258965475046], [0.3636559593642486, 0.47526688881569085, 0.16107715182006063], [0.3560502577585044, 0.5, 0.1439497422414955], [0.3728735750864302, 0.46438852657755186, 0.162737898336018], [0.3667116445963704, 0.4796089484296369, 0.15367940697399265], [0.35442242603994684, 0.47028410215046584, 0.17529347180958726], [0.36320353815664475, 0.48600909142590565, 0.15078737041744966], [0.36838846860882263, 0.47225385296407535, 0.15935767842710202], [0.3644891495274568, 0.46392002435509017, 0.171590826117453], [0.3294751078807605, 0.5, 0.1705248921192395], [0.32594858068435356, 0.5, 0.1740514193156464], [0.34792819291294913, 0.47319329603528654, 0.17887851105176444], [0.35573107602965043, 0.4877522504590244, 0.1565166735113252], [0.35215935600528975, 0.46579139134798747, 0.18204925264672284], [0.35490734565104887, 0.47484824655118507, 0.17024440779776612], [0.3636050035420945, 0.4714664809503879, 0.16492851550751755], [0.35705327420694355, 0.477337353085145, 0.16560937270791143], [0.3448418549635148, 0.5, 0.1551581450364852], [0.3717378351139633, 0.4745836891160476, 0.15367847576998916], [0.3732531532443811, 0.47111171255857653, 0.15563513419704242], [0.3729402405541747, 0.47387120010270367, 0.1531885593431216], [0.36419091643167384, 0.4856204137050392, 0.15018866986328686], [0.3561949328559455, 0.4861108139159459, 0.15769425322810857], [0.35624913087748683, 0.48629389241201443, 0.15745697671049871], [0.3699388023462879, 0.47687882485335703, 0.15318237280035513], [0.3715739868310071, 0.47658058888130017, 0.15184542428769282], [0.3615089461174358, 0.47221831878581405, 0.16627273509675017], [0.3495976701164765, 0.46357187615040096, 0.18683045373312246], [0.3385752496211265, 0.4795623304668182, 0.18186241991205532], [0.3667116445963704, 0.4796089484296369, 0.15367940697399265], [0.3593892618933057, 0.47905688120691514, 0.16155385689977916], [0.35449853074851934, 0.46832430510430595, 0.17717716414717466], [0.3667116445963704, 0.4796089484296369, 0.15367940697399265], [0.37042533078971784, 0.46128921515061627, 0.16828545405966594], [0.3570354308319647, 0.4936694224719981, 0.14929514669603722], [0.35532493885099825, 0.48544735440040565, 0.1592277067485961], [0.3661225278908251, 0.5, 0.1338774721091749], [0.3653998897190198, 0.4699284129807676, 0.16467169730021264], [0.3666493825984655, 0.47330019356840236, 0.16005042383313212], [0.3652611477592308, 0.4617033340518479, 0.17303551818892135], [0.37074156378892476, 0.4718239738066602, 0.157434462404415], [0.3556552138921926, 0.4745493972648862, 0.16979538884292114], [0.3666963467495442, 0.4732627678134648, 0.16004088543699094], [0.3543306189252178, 0.4746208436730766, 0.17104853740170547], [0.3584109423204618, 0.4912609336328286, 0.15032812404670975], [0.42398933646362885, 0.20743858983410285, 0.36857207370226835], [0.44994294703819054, 0.21706750939198954, 0.3329895435698199], [0.43467935196663354, 0.18414002952249764, 0.3811806185108688], [0.4551913172702391, 0.27379063434856094, 0.27101804838119997], [0.461578588514348, 0.19448992272053095, 0.3439314887651211], [0.44141430705392515, 0.24634517447293522, 0.31224051847313966], [0.4546296277098089, 0.20338067986926134, 0.3419896924209297], [0.4886973820993459, 0.32747302547686236, 0.18382959242379168], [0.4457847396018762, 0.20651387218439748, 0.3477013882137262], [0.44368792314434075, 0.2944216883066631, 0.26189038854899616], [0.4725191161777815, 0.31851089899354534, 0.2089699848286731], [0.4410503619771591, 0.25583765562187577, 0.3031119824009652], [0.5, 0.24124500999805967, 0.25875499000194035], [0.4642737301463181, 0.20289596063236479, 0.33283030922131707], [0.4289293944578939, 0.31301240992955404, 0.25805819561255205], [0.4358591451879873, 0.22536526738176824, 0.3387755874302445], [0.44235460298124535, 0.24657267229041385, 0.31107272472834074], [0.4562228969248479, 0.266567722535666, 0.27720938053948607], [0.5, 0.18921460897554337, 0.3107853910244567], [0.45909373006076815, 0.28098267104377933, 0.25992359889545247], [0.46066200010135294, 0.2024840254697488, 0.33685397442889836], [0.4464024507607904, 0.26252937720096176, 0.29106817203824786], [0.46397789199173206, 0.18033550260148315, 0.35568660540678465], [0.45096713243452563, 0.21531141148943786, 0.33372145607603654], [0.44157397360833534, 0.23564093871920924, 0.3227850876724554], [0.44256384134998716, 0.22202396318235962, 0.3354121954676532], [0.44288141052312335, 0.1865475409880069, 0.37057104848886974], [0.45246097568803373, 0.1648384749819703, 0.382700549329996], [0.4611708102256579, 0.22023294329753762, 0.31859624647680446], [0.44514601469699366, 0.3136578550627827, 0.24119613024022352], [0.45509554454956974, 0.291217715586641, 0.2536867398637893], [0.4526591117145168, 0.3007711920691873, 0.24656969621629593], [0.45366383482502076, 0.2767871814596968, 0.2695489837152826], [0.4661500644720569, 0.17679662749812672, 0.35705330802981633], [0.4450726640732004, 0.2519807927297114, 0.30294654319708814], [0.44319805759101333, 0.2350646521502855, 0.3217372902587011], [0.4462465527808132, 0.19527738446716755, 0.3584760627520192], [0.47826958372487627, 0.20938288287908885, 0.31234753339603494], [0.429087400772388, 0.28220094319395356, 0.28871165603365845], [0.4500547822832816, 0.2776795155113574, 0.2722657022053611], [0.4416469477864694, 0.26021761697650186, 0.2981354352370288], [0.4593199756660307, 0.21327075072627008, 0.3274092736076992], [0.4607275653095621, 0.2658701855881149, 0.2734022491023231], [0.5, 0.3211752837467076, 0.17882471625329235], [0.44388441944386725, 0.26649704235448557, 0.28961853820164724], [0.4318101923942334, 0.27345957284414735, 0.29473023476161925], [0.4358677794974477, 0.26864276336782805, 0.2954894571347243], [0.44357279361954594, 0.2410561491791245, 0.3153710572013297], [0.46976259161974987, 0.34621470901828516, 0.18402269936196494], [0.44276864039091934, 0.2708145666605373, 0.28641679294854333], [0.42430933905259316, 0.16259269787431443, 0.4130979630730924], [0.4611621014947151, 0.18613861169416207, 0.3526992868111229], [0.44401099573306596, 0.09893061030009849, 0.45705839396683556], [0.4577663785567154, 0.1379645911469979, 0.4042690302962867], [0.4494325617685277, 0.12817742839384194, 0.42239000983763036], [0.4135513962962753, 0.12063949980204206, 0.4658091039016827], [0.5, 0.23285285581870385, 0.2671471441812962], [0.4307678721955206, 0.0692321278044794, 0.5], [0.5, 0.07496850840818543, 0.4250314915918146], [0.40818386009505375, 0.15705743281605986, 0.43475870708888636], [0.4510627471848141, 0.16695407717271124, 0.3819831756424747], [0.45628370890141007, 0.15079889773710958, 0.39291739336148035], [0.4478117662056898, 0.13047058448577564, 0.42171764930853467], [0.461376532555005, 0.19542466803518746, 0.3431987994098077], [0.5, 0.1586360150503764, 0.3413639849496236], [0.4435836052811611, 0.16598525174494727, 0.39043114297389164], [0.4509713033744344, 0.13936314668571195, 0.40966554993985366], [0.3929364211007163, 0.1706253615998543, 0.4364382172994294], [0.4109494331721535, 0.14159629770691504, 0.44745426912093156], [0.4590526144074128, 0.19225987353356122, 0.348687512059026], [0.43395027062893377, 0.13496361256929165, 0.4310861168017746], [0.4631269505020605, 0.20348320723224111, 0.33338984226569834], [0.4131043507466227, 0.12484444769333862, 0.46205120156003865], [0.4854267817884024, 0.16030540032757373, 0.3542678178840239], [0.43496651243015905, 0.13949074785086685, 0.4255427397189741], [0.431090914285724, 0.10291903519847224, 0.4659900505158037], [0.5, 0.16147884377430444, 0.33852115622569556], [0.4796800454571444, 0.17350779590365448, 0.3468121586392012], [0.4572278973572793, 0.13366789320977807, 0.40910420943294257], [0.44078467130688426, 0.10408140713552973, 0.45513392155758603], [0.4361881378566192, 0.08428554548517389, 0.47952631665820694], [0.3910173265152021, 0.17305197954560622, 0.43593069393919165], [0.4535471000753606, 0.13781786657474676, 0.40863503334989265], [0.46436590230525643, 0.16592251970806546, 0.36971157798667814], [0.5, 0.12387044081096235, 0.37612955918903757], [0.41574161013002914, 0.1295787664025762, 0.4546796234673948], [0.43455458531243546, 0.16771338710941297, 0.3977320275781516], [0.4444035638338672, 0.15062518243012918, 0.4049712537360037], [0.47678803659036206, 0.18631627125644776, 0.33689569215319015], [0.4376240867088408, 0.14351994491960499, 0.41885596837155425], [0.4362500475129032, 0.1455075414848699, 0.41824241100222687], [0.429185718321802, 0.17231236532546615, 0.3985019163527318], [0.4611621014947151, 0.18613861169416207, 0.3526992868111229], [0.4358931287321271, 0.1277905902462487, 0.43631628102162423], [0.4254770958489323, 0.15621830892133992, 0.41830459522972774], [0.43747445755967634, 0.16362154721616443, 0.3989039952241592], [0.46915654147305486, 0.16552263659996633, 0.3653208219269788], [0.4543685394535564, 0.15512391724030875, 0.39050754330613496], [0.44256579395075196, 0.17322527081789144, 0.3842089352313566], [0.4632207805446467, 0.1815791512510834, 0.35520006820426986]]