[[0.0, 0.84, 0.86, 0.86, 0.88, 0.9, 0.88, 0.9, 0.48, 0.9, 0.9, 0.9, 0.9, 0.9, 0.9, 0.9, 0.9, 0.21999999999999997, 0.07999999999999996, 0.88, 0.9, 0.21999999999999997, 0.9, 0.9, 0.86, 0.9, 0.86, 0.21999999999999997, 0.9, 0.9, 0.9, 0.86, 0.9, 0.9, 0.9, 0.86, 0.09999999999999998, 0.9, 0.21999999999999997, 0.21999999999999997, 0.9, 0.9, 0.86, 0.21999999999999997, 0.9, 0.16000000000000003, 0.8, 0.21999999999999997, 0.21999999999999997, 0.19999999999999996, 0.21999999999999997, 0.5, 0.6799999999999999, 0.8200000000000001, 0.21999999999999997, 0.9, 0.9, 0.9, 0.86, 0.5, 0.54, 0.09999999999999998, 0.21999999999999997, 0.21999999999999997, 0.21999999999999997, 0.86, 0.21999999999999997, 0.21999999999999997, 0.5, 0.21999999999999997, 0.72, 0.5800000000000001, 0.6799999999999999, 1.0, 0.88, 0.88, 0.94, 0.88, 0.84, 0.76, 0.9, 0.88, 0.86, 0.88, 0.84, 0.96, 0.88, 0.96, 0.88, 0.9, 0.5800000000000001, 0.9, 0.9, 0.88, 0.76, 0.64, 0.52, 0.9, 0.9, 0.9, 0.9, 0.84, 0.9, 0.45999999999999996, 0.42000000000000004, 1.0, 1.0, 1.0, 1.0, 1.0, 1.0, 1.0, 1.0, 0.8200000000000001, 0.8200000000000001, 0.8200000000000001, 0.8200000000000001, 0.8200000000000001, 0.84, 0.84, 0.92, 0.88, 0.92, 0.86, 0.86, 0.86, 0.6799999999999999, 0.62, 0.7, 0.9, 1.0, 1.0, 0.8200000000000001, 0.5800000000000001, 0.86, 0.86, 0.9, 0.76, 0.9, 0.88, 0.84, 0.86, 0.9, 0.88, 0.9, 0.9, 0.6799999999999999, 0.86, 0.86, 0.9, 0.86, 0.21999999999999997, 0.54, 0.86, 0.9, 0.9, 0.96, 0.21999999999999997, 0.33999999999999997, 0.30000000000000004, 0.36, 0.96, 0.21999999999999997, 0.98, 0.9, 1.0, 1.0, 1.0, 1.0, 1.0, 1.0, 1.0, 1.0, 1.0, 0.9, 1.0, 0.6, 0.6599999999999999, 0.62, 0.64, 1.0, 1.0, 1.0, 1.0, 1.0, 0.94, 0.94, 0.54, 0.7, 0.76, 1.0, 1.0, 1.0, 1.0, 1.0, 1.0, 1.0, 1.0, 1.0, 1.0, 1.0, 1.0, 1.0, 1.0, 1.0, 1.0, 1.0, 1.0, 1.0, 1.0, 1.0, 1.0, 1.0, 1.0], [0.84, 0.0, 0.06000000000000005, 0.06000000000000005, 0.28, 0.48, 0.30000000000000004, 0.54, 0.38, 0.56, 0.54, 0.62, 0.54, 0.62, 0.62, 0.62, 0.62, 0.9, 0.9, 0.31999999999999995, 0.62, 0.9, 0.62, 0.62, 0.19999999999999996, 0.62, 0.18000000000000005, 0.9, 0.62, 0.52, 0.62, 0.06000000000000005, 0.62, 0.64, 0.62, 0.21999999999999997, 0.84, 0.62, 0.9, 0.9, 0.62, 0.64, 0.18000000000000005, 0.9, 0.62, 0.86, 0.56, 0.9, 0.9, 0.8200000000000001, 0.9, 0.74, 0.8, 0.78, 0.9, 0.7, 0.5800000000000001, 0.62, 0.06000000000000005, 0.74, 0.56, 0.84, 0.9, 0.9, 0.9, 0.19999999999999996, 0.9, 0.9, 0.74, 0.9, 0.28, 0.30000000000000004, 0.5, 0.6599999999999999, 0.26, 0.31999999999999995, 0.09999999999999998, 0.26, 0.0, 0.43999999999999995, 0.21999999999999997, 0.26, 0.06000000000000005, 0.19999999999999996, 0.21999999999999997, 0.16000000000000003, 0.33999999999999997, 0.16000000000000003, 0.33999999999999997, 0.54, 0.6599999999999999, 0.56, 0.5800000000000001, 0.36, 0.5, 0.36, 0.74, 0.7, 0.7, 0.7, 0.7, 0.9, 0.7, 0.98, 0.94, 1.0, 1.0, 1.0, 1.0, 1.0, 1.0, 1.0, 1.0, 0.07999999999999996, 0.18000000000000005, 0.07999999999999996, 0.07999999999999996, 0.12, 0.0, 0.0, 0.18000000000000005, 0.33999999999999997, 0.18000000000000005, 0.020000000000000018, 0.24, 0.26, 0.5, 0.98, 1.0, 1.0, 1.0, 1.0, 0.07999999999999996, 0.28, 0.06000000000000005, 0.24, 0.5800000000000001, 0.5, 0.52, 0.45999999999999996, 0.0, 0.26, 0.54, 0.19999999999999996, 0.6799999999999999, 0.5800000000000001, 0.33999999999999997, 0.09999999999999998, 0.18000000000000005, 0.62, 0.07999999999999996, 0.9, 0.6799999999999999, 0.09999999999999998, 0.6, 0.62, 0.38, 0.9, 0.6599999999999999, 1.0, 0.72, 0.38, 0.9, 0.76, 1.0, 1.0, 1.0, 1.0, 1.0, 1.0, 1.0, 1.0, 1.0, 1.0, 1.0, 1.0, 0.96, 0.98, 0.98, 0.96, 1.0, 1.0, 1.0, 1.0, 1.0, 0.6599999999999999, 0.7, 1.0, 1.0, 1.0, 1.0, 1.0, 1.0, 1.0, 1.0, 1.0, 1.0, 1.0, 1.0, 1.0, 1.0, 1.0, 1.0, 1.0, 1.0, 1.0, 1.0, 1.0, 1.0, 1.0, 1.0, 1.0, 1.0, 1.0], [0.86, 0.06000000000000005, 0.0, 0.07999999999999996, 0.21999999999999997, 0.42000000000000004, 0.24, 0.48, 0.4, 0.5, 0.48, 0.62, 0.48, 0.56, 0.62, 0.62, 0.62, 0.9, 0.9, 0.26, 0.6, 0.9, 0.6, 0.62, 0.21999999999999997, 0.6, 0.19999999999999996, 0.9, 0.62, 0.52, 0.62, 0.0, 0.62, 0.64, 0.62, 0.24, 0.86, 0.62, 0.9, 0.9, 0.62, 0.64, 0.19999999999999996, 0.9, 0.62, 0.86, 0.56, 0.9, 0.9, 0.8200000000000001, 0.9, 0.74, 0.8, 0.78, 0.9, 0.7, 0.52, 0.6, 0.07999999999999996, 0.74, 0.56, 0.86, 0.9, 0.9, 0.9, 0.21999999999999997, 0.9, 0.9, 0.74, 0.9, 0.31999999999999995, 0.31999999999999995, 0.48, 0.6, 0.19999999999999996, 0.26, 0.16000000000000003, 0.19999999999999996, 0.06000000000000005, 0.38, 0.16000000000000003, 0.19999999999999996, 0.07999999999999996, 0.14, 0.26, 0.18000000000000005, 0.28, 0.18000000000000005, 0.28, 0.48, 0.6599999999999999, 0.5, 0.52, 0.30000000000000004, 0.43999999999999995, 0.36, 0.74, 0.7, 0.7, 0.7, 0.7, 0.9, 0.7, 0.98, 0.94, 1.0, 1.0, 1.0, 1.0, 1.0, 1.0, 1.0, 1.0, 0.14, 0.24, 0.14, 0.14, 0.16000000000000003, 0.06000000000000005, 0.06000000000000005, 0.24, 0.28, 0.24, 0.07999999999999996, 0.26, 0.28, 0.48, 0.98, 1.0, 1.0, 1.0, 1.0, 0.14, 0.30000000000000004, 0.07999999999999996, 0.26, 0.52, 0.43999999999999995, 0.45999999999999996, 0.4, 0.06000000000000005, 0.28, 0.48, 0.14, 0.6799999999999999, 0.56, 0.4, 0.12, 0.19999999999999996, 0.62, 0.09999999999999998, 0.9, 0.6799999999999999, 0.12, 0.6, 0.6, 0.4, 0.9, 0.6599999999999999, 1.0, 0.72, 0.4, 0.9, 0.76, 1.0, 1.0, 1.0, 1.0, 1.0, 1.0, 1.0, 1.0, 1.0, 1.0, 1.0, 1.0, 0.96, 0.98, 0.98, 0.96, 1.0, 1.0, 1.0, 1.0, 1.0, 0.6599999999999999, 0.7, 1.0, 1.0, 1.0, 1.0, 1.0, 1.0, 1.0, 1.0, 1.0, 1.0, 1.0, 1.0, 1.0, 1.0, 1.0, 1.0, 1.0, 1.0, 1.0, 1.0, 1.0, 1.0, 1.0, 1.0, 1.0, 1.0, 1.0], [0.86, 0.06000000000000005, 0.07999999999999996, 0.0, 0.24, 0.43999999999999995, 0.26, 0.5, 0.43999999999999995, 0.52, 0.5, 0.6, 0.5, 0.5800000000000001, 0.6, 0.6, 0.6, 0.9, 0.9, 0.28, 0.5800000000000001, 0.9, 0.5800000000000001, 0.6, 0.14, 0.5800000000000001, 0.12, 0.9, 0.6, 0.48, 0.6, 0.07999999999999996, 0.6, 0.62, 0.6, 0.16000000000000003, 0.86, 0.6, 0.9, 0.9, 0.6, 0.62, 0.12, 0.9, 0.6, 0.86, 0.52, 0.9, 0.9, 0.8, 0.9, 0.7, 0.76, 0.74, 0.9, 0.6799999999999999, 0.54, 0.5800000000000001, 0.0, 0.7, 0.52, 0.86, 0.9, 0.9, 0.9, 0.14, 0.9, 0.9, 0.7, 0.9, 0.33999999999999997, 0.31999999999999995, 0.56, 0.62, 0.21999999999999997, 0.28, 0.16000000000000003, 0.21999999999999997, 0.06000000000000005, 0.45999999999999996, 0.21999999999999997, 0.21999999999999997, 0.0, 0.16000000000000003, 0.28, 0.09999999999999998, 0.30000000000000004, 0.09999999999999998, 0.30000000000000004, 0.5, 0.62, 0.52, 0.54, 0.31999999999999995, 0.48, 0.31999999999999995, 0.7, 0.6799999999999999, 0.6799999999999999, 0.6799999999999999, 0.6799999999999999, 0.9, 0.6799999999999999, 0.98, 0.94, 1.0, 1.0, 1.0, 1.0, 1.0, 1.0, 1.0, 1.0, 0.06000000000000005, 0.16000000000000003, 0.06000000000000005, 0.06000000000000005, 0.18000000000000005, 0.06000000000000005, 0.06000000000000005, 0.16000000000000003, 0.30000000000000004, 0.16000000000000003, 0.07999999999999996, 0.18000000000000005, 0.19999999999999996, 0.56, 0.98, 1.0, 1.0, 1.0, 1.0, 0.06000000000000005, 0.33999999999999997, 0.0, 0.18000000000000005, 0.54, 0.48, 0.48, 0.42000000000000004, 0.06000000000000005, 0.19999999999999996, 0.5, 0.16000000000000003, 0.6599999999999999, 0.52, 0.31999999999999995, 0.040000000000000036, 0.12, 0.6, 0.020000000000000018, 0.9, 0.64, 0.040000000000000036, 0.56, 0.5800000000000001, 0.33999999999999997, 0.9, 0.62, 1.0, 0.6799999999999999, 0.33999999999999997, 0.9, 0.78, 1.0, 1.0, 1.0, 1.0, 1.0, 1.0, 1.0, 1.0, 1.0, 1.0, 1.0, 1.0, 0.96, 0.98, 0.98, 0.96, 1.0, 1.0, 1.0, 1.0, 1.0, 0.7, 0.74, 0.96, 1.0, 1.0, 1.0, 1.0, 1.0, 1.0, 1.0, 1.0, 1.0, 1.0, 1.0, 1.0, 1.0, 1.0, 1.0, 1.0, 1.0, 1.0, 1.0, 1.0, 1.0, 1.0, 1.0, 1.0, 1.0, 1.0], [0.88, 0.28, 0.21999999999999997, 0.24, 0.0, 0.19999999999999996, 0.020000000000000018, 0.26, 0.62, 0.28, 0.26, 0.4, 0.26, 0.33999999999999997, 0.4, 0.4, 0.4, 0.9, 0.9, 0.040000000000000036, 0.38, 0.9, 0.38, 0.4, 0.21999999999999997, 0.38, 0.19999999999999996, 0.9, 0.4, 0.30000000000000004, 0.4, 0.21999999999999997, 0.4, 0.42000000000000004, 0.4, 0.24, 0.9, 0.4, 0.9, 0.9, 0.4, 0.42000000000000004, 0.19999999999999996, 0.9, 0.4, 0.9, 0.45999999999999996, 0.9, 0.9, 0.9, 0.9, 0.72, 0.6799999999999999, 0.62, 0.9, 0.54, 0.30000000000000004, 0.38, 0.24, 0.72, 0.54, 0.9, 0.9, 0.9, 0.9, 0.21999999999999997, 0.9, 0.9, 0.72, 0.9, 0.54, 0.52, 0.7, 0.38, 0.14, 0.07999999999999996, 0.38, 0.14, 0.28, 0.6, 0.14, 0.14, 0.24, 0.07999999999999996, 0.48, 0.33999999999999997, 0.06000000000000005, 0.33999999999999997, 0.06000000000000005, 0.26, 0.64, 0.28, 0.30000000000000004, 0.07999999999999996, 0.6, 0.5, 0.72, 0.52, 0.52, 0.52, 0.52, 0.92, 0.54, 0.98, 0.94, 1.0, 1.0, 1.0, 1.0, 1.0, 1.0, 1.0, 1.0, 0.30000000000000004, 0.24, 0.30000000000000004, 0.30000000000000004, 0.38, 0.28, 0.28, 0.4, 0.09999999999999998, 0.4, 0.30000000000000004, 0.21999999999999997, 0.19999999999999996, 0.7, 0.98, 1.0, 1.0, 1.0, 1.0, 0.30000000000000004, 0.52, 0.24, 0.21999999999999997, 0.30000000000000004, 0.6, 0.24, 0.18000000000000005, 0.28, 0.19999999999999996, 0.26, 0.07999999999999996, 0.48, 0.36, 0.4, 0.24, 0.19999999999999996, 0.4, 0.26, 0.9, 0.6599999999999999, 0.24, 0.4, 0.38, 0.31999999999999995, 0.9, 0.74, 0.98, 0.76, 0.31999999999999995, 0.9, 0.86, 1.0, 1.0, 1.0, 1.0, 1.0, 1.0, 1.0, 1.0, 1.0, 1.0, 1.0, 1.0, 0.96, 0.98, 0.98, 0.96, 1.0, 1.0, 1.0, 1.0, 1.0, 0.78, 0.8200000000000001, 0.8200000000000001, 1.0, 1.0, 1.0, 1.0, 1.0, 1.0, 1.0, 1.0, 1.0, 1.0, 1.0, 1.0, 1.0, 1.0, 1.0, 1.0, 1.0, 1.0, 1.0, 1.0, 1.0, 1.0, 1.0, 1.0, 1.0, 1.0], [0.9, 0.48, 0.42000000000000004, 0.43999999999999995, 0.19999999999999996, 0.0, 0.21999999999999997, 0.06000000000000005, 0.76, 0.07999999999999996, 0.06000000000000005, 0.19999999999999996, 0.06000000000000005, 0.14, 0.19999999999999996, 0.19999999999999996, 0.19999999999999996, 0.9, 0.9, 0.19999999999999996, 0.18000000000000005, 0.9, 0.18000000000000005, 0.19999999999999996, 0.42000000000000004, 0.18000000000000005, 0.4, 0.9, 0.19999999999999996, 0.14, 0.19999999999999996, 0.42000000000000004, 0.19999999999999996, 0.21999999999999997, 0.19999999999999996, 0.4, 0.9, 0.19999999999999996, 0.9, 0.9, 0.19999999999999996, 0.21999999999999997, 0.4, 0.9, 0.19999999999999996, 0.9, 0.42000000000000004, 0.9, 0.9, 0.9, 0.9, 0.72, 0.56, 0.42000000000000004, 0.9, 0.36, 0.09999999999999998, 0.18000000000000005, 0.43999999999999995, 0.72, 0.7, 0.9, 0.9, 0.9, 0.9, 0.42000000000000004, 0.9, 0.9, 0.72, 0.9, 0.7, 0.6599999999999999, 0.88, 0.30000000000000004, 0.21999999999999997, 0.16000000000000003, 0.5800000000000001, 0.21999999999999997, 0.48, 0.8, 0.30000000000000004, 0.21999999999999997, 0.43999999999999995, 0.28, 0.64, 0.54, 0.14, 0.54, 0.14, 0.06000000000000005, 0.62, 0.07999999999999996, 0.09999999999999998, 0.16000000000000003, 0.8, 0.64, 0.7, 0.31999999999999995, 0.31999999999999995, 0.31999999999999995, 0.31999999999999995, 0.74, 0.36, 0.98, 0.94, 1.0, 1.0, 1.0, 1.0, 1.0, 1.0, 1.0, 1.0, 0.5, 0.43999999999999995, 0.5, 0.5, 0.56, 0.48, 0.48, 0.6, 0.14, 0.6, 0.5, 0.38, 0.36, 0.88, 0.98, 1.0, 1.0, 1.0, 1.0, 0.5, 0.6599999999999999, 0.43999999999999995, 0.38, 0.09999999999999998, 0.8, 0.040000000000000036, 0.020000000000000018, 0.48, 0.36, 0.06000000000000005, 0.28, 0.28, 0.24, 0.56, 0.43999999999999995, 0.4, 0.19999999999999996, 0.45999999999999996, 0.9, 0.6799999999999999, 0.43999999999999995, 0.24, 0.18000000000000005, 0.52, 0.9, 0.84, 0.98, 0.84, 0.52, 0.9, 0.86, 1.0, 1.0, 1.0, 1.0, 1.0, 1.0, 1.0, 1.0, 1.0, 1.0, 1.0, 1.0, 0.96, 0.98, 0.98, 0.96, 1.0, 1.0, 1.0, 1.0, 1.0, 0.78, 0.8200000000000001, 0.76, 1.0, 1.0, 1.0, 1.0, 1.0, 1.0, 1.0, 1.0, 1.0, 1.0, 1.0, 1.0, 1.0, 1.0, 1.0, 1.0, 1.0, 1.0, 1.0, 1.0, 1.0, 1.0, 1.0, 1.0, 1.0, 1.0], [0.88, 0.30000000000000004, 0.24, 0.26, 0.020000000000000018, 0.21999999999999997, 0.0, 0.24, 0.64, 0.26, 0.24, 0.38, 0.24, 0.31999999999999995, 0.38, 0.38, 0.38, 0.9, 0.9, 0.020000000000000018, 0.36, 0.9, 0.36, 0.38, 0.19999999999999996, 0.36, 0.18000000000000005, 0.9, 0.38, 0.28, 0.38, 0.24, 0.38, 0.4, 0.38, 0.21999999999999997, 0.9, 0.38, 0.9, 0.9, 0.38, 0.4, 0.18000000000000005, 0.9, 0.38, 0.9, 0.43999999999999995, 0.9, 0.9, 0.9, 0.9, 0.7, 0.6599999999999999, 0.6, 0.9, 0.52, 0.28, 0.36, 0.26, 0.7, 0.52, 0.9, 0.9, 0.9, 0.9, 0.19999999999999996, 0.9, 0.9, 0.7, 0.9, 0.56, 0.54, 0.72, 0.36, 0.16000000000000003, 0.09999999999999998, 0.4, 0.16000000000000003, 0.30000000000000004, 0.62, 0.16000000000000003, 0.16000000000000003, 0.26, 0.09999999999999998, 0.5, 0.36, 0.07999999999999996, 0.36, 0.07999999999999996, 0.24, 0.62, 0.26, 0.28, 0.06000000000000005, 0.62, 0.48, 0.7, 0.5, 0.5, 0.5, 0.5, 0.94, 0.52, 0.98, 0.94, 1.0, 1.0, 1.0, 1.0, 1.0, 1.0, 1.0, 1.0, 0.31999999999999995, 0.21999999999999997, 0.31999999999999995, 0.31999999999999995, 0.4, 0.30000000000000004, 0.30000000000000004, 0.42000000000000004, 0.12, 0.42000000000000004, 0.31999999999999995, 0.19999999999999996, 0.18000000000000005, 0.72, 0.98, 1.0, 1.0, 1.0, 1.0, 0.31999999999999995, 0.54, 0.26, 0.19999999999999996, 0.28, 0.62, 0.26, 0.19999999999999996, 0.30000000000000004, 0.18000000000000005, 0.24, 0.09999999999999998, 0.45999999999999996, 0.33999999999999997, 0.38, 0.26, 0.18000000000000005, 0.38, 0.28, 0.9, 0.64, 0.26, 0.38, 0.36, 0.30000000000000004, 0.9, 0.74, 0.98, 0.76, 0.30000000000000004, 0.9, 0.88, 1.0, 1.0, 1.0, 1.0, 1.0, 1.0, 1.0, 1.0, 1.0, 1.0, 1.0, 1.0, 0.96, 0.98, 0.98, 0.96, 1.0, 1.0, 1.0, 1.0, 1.0, 0.8, 0.84, 0.8, 1.0, 1.0, 1.0, 1.0, 1.0, 1.0, 1.0, 1.0, 1.0, 1.0, 1.0, 1.0, 1.0, 1.0, 1.0, 1.0, 1.0, 1.0, 1.0, 1.0, 1.0, 1.0, 1.0, 1.0, 1.0, 1.0], [0.9, 0.54, 0.48, 0.5, 0.26, 0.06000000000000005, 0.24, 0.0, 0.8200000000000001, 0.020000000000000018, 0.040000000000000036, 0.14, 0.040000000000000036, 0.07999999999999996, 0.14, 0.14, 0.14, 0.9, 0.9, 0.21999999999999997, 0.12, 0.9, 0.12, 0.14, 0.4, 0.12, 0.42000000000000004, 0.9, 0.14, 0.07999999999999996, 0.14, 0.48, 0.14, 0.16000000000000003, 0.14, 0.38, 0.9, 0.14, 0.9, 0.9, 0.14, 0.16000000000000003, 0.42000000000000004, 0.9, 0.14, 0.9, 0.36, 0.9, 0.9, 0.9, 0.9, 0.6599999999999999, 0.5, 0.36, 0.9, 0.30000000000000004, 0.040000000000000036, 0.12, 0.5, 0.6599999999999999, 0.6799999999999999, 0.9, 0.9, 0.9, 0.9, 0.4, 0.9, 0.9, 0.6599999999999999, 0.9, 0.76, 0.72, 0.94, 0.24, 0.28, 0.21999999999999997, 0.64, 0.28, 0.54, 0.86, 0.36, 0.28, 0.5, 0.33999999999999997, 0.7, 0.6, 0.19999999999999996, 0.6, 0.19999999999999996, 0.040000000000000036, 0.56, 0.020000000000000018, 0.040000000000000036, 0.18000000000000005, 0.86, 0.6599999999999999, 0.64, 0.26, 0.26, 0.26, 0.26, 0.72, 0.30000000000000004, 0.98, 0.94, 1.0, 1.0, 1.0, 1.0, 1.0, 1.0, 1.0, 1.0, 0.56, 0.45999999999999996, 0.56, 0.56, 0.62, 0.54, 0.54, 0.6599999999999999, 0.19999999999999996, 0.6599999999999999, 0.56, 0.36, 0.33999999999999997, 0.94, 0.98, 1.0, 1.0, 1.0, 1.0, 0.56, 0.72, 0.5, 0.36, 0.040000000000000036, 0.86, 0.06000000000000005, 0.07999999999999996, 0.54, 0.33999999999999997, 0.040000000000000036, 0.33999999999999997, 0.21999999999999997, 0.18000000000000005, 0.54, 0.5, 0.42000000000000004, 0.14, 0.52, 0.9, 0.62, 0.5, 0.18000000000000005, 0.12, 0.5, 0.9, 0.86, 0.98, 0.8200000000000001, 0.5, 0.9, 0.88, 1.0, 1.0, 1.0, 1.0, 1.0, 1.0, 1.0, 1.0, 1.0, 1.0, 1.0, 1.0, 0.96, 0.98, 0.98, 0.96, 1.0, 1.0, 1.0, 1.0, 1.0, 0.8, 0.84, 0.7, 1.0, 1.0, 1.0, 1.0, 1.0, 1.0, 1.0, 1.0, 1.0, 1.0, 1.0, 1.0, 1.0, 1.0, 1.0, 1.0, 1.0, 1.0, 1.0, 1.0, 1.0, 1.0, 1.0, 1.0, 1.0, 1.0], [0.48, 0.38, 0.4, 0.43999999999999995, 0.62, 0.76, 0.64, 0.8200000000000001, 0.0, 0.8200000000000001, 0.8, 0.84, 0.8, 0.84, 0.84, 0.84, 0.84, 0.6799999999999999, 0.54, 0.6599999999999999, 0.84, 0.6799999999999999, 0.84, 0.84, 0.56, 0.84, 0.54, 0.6799999999999999, 0.84, 0.84, 0.84, 0.4, 0.84, 0.84, 0.84, 0.5800000000000001, 0.45999999999999996, 0.84, 0.6799999999999999, 0.6799999999999999, 0.84, 0.84, 0.54, 0.6799999999999999, 0.84, 0.52, 0.74, 0.6799999999999999, 0.6799999999999999, 0.48, 0.6799999999999999, 0.43999999999999995, 0.6799999999999999, 0.8200000000000001, 0.6799999999999999, 0.9, 0.84, 0.84, 0.43999999999999995, 0.43999999999999995, 0.30000000000000004, 0.45999999999999996, 0.6799999999999999, 0.6799999999999999, 0.6799999999999999, 0.56, 0.6799999999999999, 0.6799999999999999, 0.43999999999999995, 0.6799999999999999, 0.28, 0.12, 0.28, 1.0, 0.5800000000000001, 0.64, 0.48, 0.5800000000000001, 0.38, 0.36, 0.54, 0.5800000000000001, 0.43999999999999995, 0.54, 0.4, 0.54, 0.6599999999999999, 0.54, 0.6599999999999999, 0.8, 0.48, 0.8200000000000001, 0.84, 0.6799999999999999, 0.42000000000000004, 0.30000000000000004, 0.43999999999999995, 0.9, 0.9, 0.9, 0.9, 0.74, 0.9, 0.86, 0.8200000000000001, 1.0, 1.0, 1.0, 1.0, 1.0, 1.0, 1.0, 1.0, 0.4, 0.5, 0.4, 0.4, 0.33999999999999997, 0.38, 0.38, 0.5, 0.6599999999999999, 0.5, 0.4, 0.6, 0.62, 0.28, 0.86, 0.88, 0.94, 1.0, 1.0, 0.4, 0.09999999999999998, 0.43999999999999995, 0.6, 0.84, 0.42000000000000004, 0.78, 0.74, 0.38, 0.62, 0.8, 0.54, 0.88, 0.8200000000000001, 0.38, 0.45999999999999996, 0.54, 0.84, 0.43999999999999995, 0.6799999999999999, 0.42000000000000004, 0.45999999999999996, 0.84, 0.84, 0.72, 0.6799999999999999, 0.31999999999999995, 0.7, 0.38, 0.72, 0.6799999999999999, 0.84, 0.92, 1.0, 1.0, 1.0, 1.0, 1.0, 1.0, 1.0, 1.0, 1.0, 0.92, 1.0, 0.84, 0.86, 0.86, 0.84, 1.0, 1.0, 1.0, 1.0, 1.0, 0.74, 0.78, 0.6599999999999999, 0.9, 0.92, 1.0, 1.0, 1.0, 1.0, 1.0, 1.0, 1.0, 1.0, 1.0, 1.0, 1.0, 1.0, 1.0, 1.0, 1.0, 1.0, 1.0, 1.0, 1.0, 1.0, 1.0, 1.0, 1.0, 1.0], [0.9, 0.56, 0.5, 0.52, 0.28, 0.07999999999999996, 0.26, 0.020000000000000018, 0.8200000000000001, 0.0, 0.020000000000000018, 0.12, 0.020000000000000018, 0.06000000000000005, 0.12, 0.12, 0.12, 0.9, 0.9, 0.24, 0.09999999999999998, 0.9, 0.09999999999999998, 0.12, 0.42000000000000004, 0.09999999999999998, 0.43999999999999995, 0.9, 0.12, 0.09999999999999998, 0.12, 0.5, 0.12, 0.14, 0.12, 0.4, 0.9, 0.12, 0.9, 0.9, 0.12, 0.14, 0.43999999999999995, 0.9, 0.12, 0.9, 0.36, 0.9, 0.9, 0.9, 0.9, 0.6599999999999999, 0.5, 0.33999999999999997, 0.9, 0.28, 0.020000000000000018, 0.09999999999999998, 0.52, 0.6599999999999999, 0.6799999999999999, 0.9, 0.9, 0.9, 0.9, 0.42000000000000004, 0.9, 0.9, 0.6599999999999999, 0.9, 0.76, 0.72, 0.94, 0.26, 0.30000000000000004, 0.24, 0.6599999999999999, 0.30000000000000004, 0.56, 0.88, 0.38, 0.30000000000000004, 0.52, 0.36, 0.7, 0.62, 0.21999999999999997, 0.62, 0.21999999999999997, 0.020000000000000018, 0.56, 0.0, 0.020000000000000018, 0.19999999999999996, 0.88, 0.6599999999999999, 0.64, 0.24, 0.24, 0.24, 0.24, 0.7, 0.28, 0.98, 0.94, 1.0, 1.0, 1.0, 1.0, 1.0, 1.0, 1.0, 1.0, 0.5800000000000001, 0.48, 0.5800000000000001, 0.5800000000000001, 0.64, 0.56, 0.56, 0.6799999999999999, 0.21999999999999997, 0.6799999999999999, 0.5800000000000001, 0.38, 0.36, 0.94, 0.98, 1.0, 1.0, 1.0, 1.0, 0.5800000000000001, 0.72, 0.52, 0.38, 0.020000000000000018, 0.88, 0.040000000000000036, 0.09999999999999998, 0.56, 0.36, 0.020000000000000018, 0.36, 0.19999999999999996, 0.16000000000000003, 0.54, 0.52, 0.43999999999999995, 0.12, 0.54, 0.9, 0.62, 0.52, 0.16000000000000003, 0.09999999999999998, 0.52, 0.9, 0.86, 0.98, 0.8200000000000001, 0.52, 0.9, 0.88, 1.0, 1.0, 1.0, 1.0, 1.0, 1.0, 1.0, 1.0, 1.0, 1.0, 1.0, 1.0, 0.96, 0.98, 0.98, 0.96, 1.0, 1.0, 1.0, 1.0, 1.0, 0.8, 0.84, 0.7, 1.0, 1.0, 1.0, 1.0, 1.0, 1.0, 1.0, 1.0, 1.0, 1.0, 1.0, 1.0, 1.0, 1.0, 1.0, 1.0, 1.0, 1.0, 1.0, 1.0, 1.0, 1.0, 1.0, 1.0, 1.0, 1.0], [0.9, 0.54, 0.48, 0.5, 0.26, 0.06000000000000005, 0.24, 0.040000000000000036, 0.8, 0.020000000000000018, 0.0, 0.14, 0.0, 0.07999999999999996, 0.14, 0.14, 0.14, 0.9, 0.9, 0.21999999999999997, 0.12, 0.9, 0.12, 0.14, 0.43999999999999995, 0.12, 0.42000000000000004, 0.9, 0.14, 0.12, 0.14, 0.48, 0.14, 0.16000000000000003, 0.14, 0.42000000000000004, 0.9, 0.14, 0.9, 0.9, 0.14, 0.16000000000000003, 0.42000000000000004, 0.9, 0.14, 0.9, 0.38, 0.9, 0.9, 0.9, 0.9, 0.6799999999999999, 0.52, 0.36, 0.9, 0.30000000000000004, 0.040000000000000036, 0.12, 0.5, 0.6799999999999999, 0.7, 0.9, 0.9, 0.9, 0.9, 0.43999999999999995, 0.9, 0.9, 0.6799999999999999, 0.9, 0.74, 0.7, 0.92, 0.28, 0.28, 0.21999999999999997, 0.64, 0.28, 0.54, 0.86, 0.36, 0.28, 0.5, 0.33999999999999997, 0.6799999999999999, 0.6, 0.19999999999999996, 0.6, 0.19999999999999996, 0.0, 0.5800000000000001, 0.020000000000000018, 0.040000000000000036, 0.18000000000000005, 0.86, 0.64, 0.6599999999999999, 0.26, 0.26, 0.26, 0.26, 0.72, 0.30000000000000004, 0.98, 0.94, 1.0, 1.0, 1.0, 1.0, 1.0, 1.0, 1.0, 1.0, 0.56, 0.45999999999999996, 0.56, 0.56, 0.62, 0.54, 0.54, 0.6599999999999999, 0.19999999999999996, 0.6599999999999999, 0.56, 0.4, 0.38, 0.92, 0.98, 1.0, 1.0, 1.0, 1.0, 0.56, 0.7, 0.5, 0.4, 0.040000000000000036, 0.86, 0.020000000000000018, 0.07999999999999996, 0.54, 0.38, 0.0, 0.33999999999999997, 0.21999999999999997, 0.18000000000000005, 0.56, 0.5, 0.42000000000000004, 0.14, 0.52, 0.9, 0.64, 0.5, 0.18000000000000005, 0.12, 0.54, 0.9, 0.86, 0.98, 0.84, 0.54, 0.9, 0.88, 1.0, 1.0, 1.0, 1.0, 1.0, 1.0, 1.0, 1.0, 1.0, 1.0, 1.0, 1.0, 0.96, 0.98, 0.98, 0.96, 1.0, 1.0, 1.0, 1.0, 1.0, 0.8, 0.84, 0.72, 1.0, 1.0, 1.0, 1.0, 1.0, 1.0, 1.0, 1.0, 1.0, 1.0, 1.0, 1.0, 1.0, 1.0, 1.0, 1.0, 1.0, 1.0, 1.0, 1.0, 1.0, 1.0, 1.0, 1.0, 1.0, 1.0], [0.9, 0.62, 0.62, 0.6, 0.4, 0.19999999999999996, 0.38, 0.14, 0.84, 0.12, 0.14, 0.0, 0.14, 0.06000000000000005, 0.0, 0.0, 0.0, 0.9, 0.9, 0.36, 0.020000000000000018, 0.9, 0.020000000000000018, 0.0, 0.48, 0.020000000000000018, 0.5, 0.9, 0.0, 0.12, 0.0, 0.62, 0.0, 0.020000000000000018, 0.0, 0.45999999999999996, 0.9, 0.0, 0.9, 0.9, 0.0, 0.020000000000000018, 0.5, 0.9, 0.0, 0.9, 0.30000000000000004, 0.9, 0.9, 0.9, 0.9, 0.64, 0.43999999999999995, 0.26, 0.9, 0.16000000000000003, 0.09999999999999998, 0.020000000000000018, 0.6, 0.64, 0.7, 0.9, 0.9, 0.9, 0.9, 0.48, 0.9, 0.9, 0.64, 0.9, 0.76, 0.74, 1.0, 0.33999999999999997, 0.42000000000000004, 0.36, 0.72, 0.42000000000000004, 0.62, 1.0, 0.5, 0.42000000000000004, 0.6, 0.48, 0.7, 0.7, 0.33999999999999997, 0.7, 0.33999999999999997, 0.14, 0.54, 0.12, 0.09999999999999998, 0.31999999999999995, 1.0, 0.6799999999999999, 0.62, 0.12, 0.12, 0.12, 0.12, 0.5800000000000001, 0.16000000000000003, 0.98, 0.94, 1.0, 1.0, 1.0, 1.0, 1.0, 1.0, 1.0, 1.0, 0.6, 0.5, 0.6, 0.6, 0.6599999999999999, 0.62, 0.62, 0.7, 0.33999999999999997, 0.7, 0.64, 0.43999999999999995, 0.42000000000000004, 1.0, 0.98, 1.0, 1.0, 1.0, 1.0, 0.6, 0.74, 0.6, 0.43999999999999995, 0.09999999999999998, 1.0, 0.16000000000000003, 0.21999999999999997, 0.62, 0.42000000000000004, 0.14, 0.48, 0.07999999999999996, 0.09999999999999998, 0.56, 0.5800000000000001, 0.5, 0.0, 0.6, 0.9, 0.6, 0.5800000000000001, 0.06000000000000005, 0.020000000000000018, 0.56, 0.9, 0.86, 0.98, 0.8200000000000001, 0.56, 0.9, 0.88, 1.0, 1.0, 1.0, 1.0, 1.0, 1.0, 1.0, 1.0, 1.0, 1.0, 1.0, 1.0, 0.96, 0.98, 0.98, 0.96, 1.0, 1.0, 1.0, 1.0, 1.0, 0.8, 0.84, 0.6799999999999999, 1.0, 1.0, 1.0, 1.0, 1.0, 1.0, 1.0, 1.0, 1.0, 1.0, 1.0, 1.0, 1.0, 1.0, 1.0, 1.0, 1.0, 1.0, 1.0, 1.0, 1.0, 1.0, 1.0, 1.0, 1.0, 1.0], [0.9, 0.54, 0.48, 0.5, 0.26, 0.06000000000000005, 0.24, 0.040000000000000036, 0.8, 0.020000000000000018, 0.0, 0.14, 0.0, 0.07999999999999996, 0.14, 0.14, 0.14, 0.9, 0.9, 0.21999999999999997, 0.12, 0.9, 0.12, 0.14, 0.43999999999999995, 0.12, 0.42000000000000004, 0.9, 0.14, 0.12, 0.14, 0.48, 0.14, 0.16000000000000003, 0.14, 0.42000000000000004, 0.9, 0.14, 0.9, 0.9, 0.14, 0.16000000000000003, 0.42000000000000004, 0.9, 0.14, 0.9, 0.38, 0.9, 0.9, 0.9, 0.9, 0.6799999999999999, 0.52, 0.36, 0.9, 0.30000000000000004, 0.040000000000000036, 0.12, 0.5, 0.6799999999999999, 0.7, 0.9, 0.9, 0.9, 0.9, 0.43999999999999995, 0.9, 0.9, 0.6799999999999999, 0.9, 0.74, 0.7, 0.92, 0.28, 0.28, 0.21999999999999997, 0.64, 0.28, 0.54, 0.86, 0.36, 0.28, 0.5, 0.33999999999999997, 0.6799999999999999, 0.6, 0.19999999999999996, 0.6, 0.19999999999999996, 0.0, 0.5800000000000001, 0.020000000000000018, 0.040000000000000036, 0.18000000000000005, 0.86, 0.64, 0.6599999999999999, 0.26, 0.26, 0.26, 0.26, 0.72, 0.30000000000000004, 0.98, 0.94, 1.0, 1.0, 1.0, 1.0, 1.0, 1.0, 1.0, 1.0, 0.56, 0.45999999999999996, 0.56, 0.56, 0.62, 0.54, 0.54, 0.6599999999999999, 0.19999999999999996, 0.6599999999999999, 0.56, 0.4, 0.38, 0.92, 0.98, 1.0, 1.0, 1.0, 1.0, 0.56, 0.7, 0.5, 0.4, 0.040000000000000036, 0.86, 0.020000000000000018, 0.07999999999999996, 0.54, 0.38, 0.0, 0.33999999999999997, 0.21999999999999997, 0.18000000000000005, 0.56, 0.5, 0.42000000000000004, 0.14, 0.52, 0.9, 0.64, 0.5, 0.18000000000000005, 0.12, 0.54, 0.9, 0.86, 0.98, 0.84, 0.54, 0.9, 0.88, 1.0, 1.0, 1.0, 1.0, 1.0, 1.0, 1.0, 1.0, 1.0, 1.0, 1.0, 1.0, 0.96, 0.98, 0.98, 0.96, 1.0, 1.0, 1.0, 1.0, 1.0, 0.8, 0.84, 0.72, 1.0, 1.0, 1.0, 1.0, 1.0, 1.0, 1.0, 1.0, 1.0, 1.0, 1.0, 1.0, 1.0, 1.0, 1.0, 1.0, 1.0, 1.0, 1.0, 1.0, 1.0, 1.0, 1.0, 1.0, 1.0, 1.0], [0.9, 0.62, 0.56, 0.5800000000000001, 0.33999999999999997, 0.14, 0.31999999999999995, 0.07999999999999996, 0.84, 0.06000000000000005, 0.07999999999999996, 0.06000000000000005, 0.07999999999999996, 0.0, 0.06000000000000005, 0.06000000000000005, 0.06000000000000005, 0.9, 0.9, 0.30000000000000004, 0.040000000000000036, 0.9, 0.040000000000000036, 0.06000000000000005, 0.45999999999999996, 0.040000000000000036, 0.48, 0.9, 0.06000000000000005, 0.12, 0.06000000000000005, 0.56, 0.06000000000000005, 0.07999999999999996, 0.06000000000000005, 0.43999999999999995, 0.9, 0.06000000000000005, 0.9, 0.9, 0.06000000000000005, 0.07999999999999996, 0.48, 0.9, 0.06000000000000005, 0.9, 0.31999999999999995, 0.9, 0.9, 0.9, 0.9, 0.64, 0.45999999999999996, 0.28, 0.9, 0.21999999999999997, 0.040000000000000036, 0.040000000000000036, 0.5800000000000001, 0.64, 0.7, 0.9, 0.9, 0.9, 0.9, 0.45999999999999996, 0.9, 0.9, 0.64, 0.9, 0.76, 0.74, 0.96, 0.28, 0.36, 0.30000000000000004, 0.72, 0.36, 0.62, 0.94, 0.43999999999999995, 0.36, 0.5800000000000001, 0.42000000000000004, 0.7, 0.6799999999999999, 0.28, 0.6799999999999999, 0.28, 0.07999999999999996, 0.54, 0.06000000000000005, 0.040000000000000036, 0.26, 0.94, 0.6799999999999999, 0.62, 0.18000000000000005, 0.18000000000000005, 0.18000000000000005, 0.18000000000000005, 0.64, 0.21999999999999997, 0.98, 0.94, 1.0, 1.0, 1.0, 1.0, 1.0, 1.0, 1.0, 1.0, 0.6, 0.5, 0.6, 0.6, 0.6599999999999999, 0.62, 0.62, 0.7, 0.28, 0.7, 0.64, 0.42000000000000004, 0.4, 0.96, 0.98, 1.0, 1.0, 1.0, 1.0, 0.6, 0.74, 0.5800000000000001, 0.42000000000000004, 0.040000000000000036, 0.94, 0.09999999999999998, 0.16000000000000003, 0.62, 0.4, 0.07999999999999996, 0.42000000000000004, 0.14, 0.12, 0.56, 0.56, 0.48, 0.06000000000000005, 0.5800000000000001, 0.9, 0.6, 0.56, 0.12, 0.040000000000000036, 0.56, 0.9, 0.86, 0.98, 0.8200000000000001, 0.56, 0.9, 0.88, 1.0, 1.0, 1.0, 1.0, 1.0, 1.0, 1.0, 1.0, 1.0, 1.0, 1.0, 1.0, 0.96, 0.98, 0.98, 0.96, 1.0, 1.0, 1.0, 1.0, 1.0, 0.8, 0.84, 0.6799999999999999, 1.0, 1.0, 1.0, 1.0, 1.0, 1.0, 1.0, 1.0, 1.0, 1.0, 1.0, 1.0, 1.0, 1.0, 1.0, 1.0, 1.0, 1.0, 1.0, 1.0, 1.0, 1.0, 1.0, 1.0, 1.0, 1.0], [0.9, 0.62, 0.62, 0.6, 0.4, 0.19999999999999996, 0.38, 0.14, 0.84, 0.12, 0.14, 0.0, 0.14, 0.06000000000000005, 0.0, 0.0, 0.0, 0.9, 0.9, 0.36, 0.020000000000000018, 0.9, 0.020000000000000018, 0.0, 0.48, 0.020000000000000018, 0.5, 0.9, 0.0, 0.12, 0.0, 0.62, 0.0, 0.020000000000000018, 0.0, 0.45999999999999996, 0.9, 0.0, 0.9, 0.9, 0.0, 0.020000000000000018, 0.5, 0.9, 0.0, 0.9, 0.30000000000000004, 0.9, 0.9, 0.9, 0.9, 0.64, 0.43999999999999995, 0.26, 0.9, 0.16000000000000003, 0.09999999999999998, 0.020000000000000018, 0.6, 0.64, 0.7, 0.9, 0.9, 0.9, 0.9, 0.48, 0.9, 0.9, 0.64, 0.9, 0.76, 0.74, 1.0, 0.33999999999999997, 0.42000000000000004, 0.36, 0.72, 0.42000000000000004, 0.62, 1.0, 0.5, 0.42000000000000004, 0.6, 0.48, 0.7, 0.7, 0.33999999999999997, 0.7, 0.33999999999999997, 0.14, 0.54, 0.12, 0.09999999999999998, 0.31999999999999995, 1.0, 0.6799999999999999, 0.62, 0.12, 0.12, 0.12, 0.12, 0.5800000000000001, 0.16000000000000003, 0.98, 0.94, 1.0, 1.0, 1.0, 1.0, 1.0, 1.0, 1.0, 1.0, 0.6, 0.5, 0.6, 0.6, 0.6599999999999999, 0.62, 0.62, 0.7, 0.33999999999999997, 0.7, 0.64, 0.43999999999999995, 0.42000000000000004, 1.0, 0.98, 1.0, 1.0, 1.0, 1.0, 0.6, 0.74, 0.6, 0.43999999999999995, 0.09999999999999998, 1.0, 0.16000000000000003, 0.21999999999999997, 0.62, 0.42000000000000004, 0.14, 0.48, 0.07999999999999996, 0.09999999999999998, 0.56, 0.5800000000000001, 0.5, 0.0, 0.6, 0.9, 0.6, 0.5800000000000001, 0.06000000000000005, 0.020000000000000018, 0.56, 0.9, 0.86, 0.98, 0.8200000000000001, 0.56, 0.9, 0.88, 1.0, 1.0, 1.0, 1.0, 1.0, 1.0, 1.0, 1.0, 1.0, 1.0, 1.0, 1.0, 0.96, 0.98, 0.98, 0.96, 1.0, 1.0, 1.0, 1.0, 1.0, 0.8, 0.84, 0.6799999999999999, 1.0, 1.0, 1.0, 1.0, 1.0, 1.0, 1.0, 1.0, 1.0, 1.0, 1.0, 1.0, 1.0, 1.0, 1.0, 1.0, 1.0, 1.0, 1.0, 1.0, 1.0, 1.0, 1.0, 1.0, 1.0, 1.0], [0.9, 0.62, 0.62, 0.6, 0.4, 0.19999999999999996, 0.38, 0.14, 0.84, 0.12, 0.14, 0.0, 0.14, 0.06000000000000005, 0.0, 0.0, 0.0, 0.9, 0.9, 0.36, 0.020000000000000018, 0.9, 0.020000000000000018, 0.0, 0.48, 0.020000000000000018, 0.5, 0.9, 0.0, 0.12, 0.0, 0.62, 0.0, 0.020000000000000018, 0.0, 0.45999999999999996, 0.9, 0.0, 0.9, 0.9, 0.0, 0.020000000000000018, 0.5, 0.9, 0.0, 0.9, 0.30000000000000004, 0.9, 0.9, 0.9, 0.9, 0.64, 0.43999999999999995, 0.26, 0.9, 0.16000000000000003, 0.09999999999999998, 0.020000000000000018, 0.6, 0.64, 0.7, 0.9, 0.9, 0.9, 0.9, 0.48, 0.9, 0.9, 0.64, 0.9, 0.76, 0.74, 1.0, 0.33999999999999997, 0.42000000000000004, 0.36, 0.72, 0.42000000000000004, 0.62, 1.0, 0.5, 0.42000000000000004, 0.6, 0.48, 0.7, 0.7, 0.33999999999999997, 0.7, 0.33999999999999997, 0.14, 0.54, 0.12, 0.09999999999999998, 0.31999999999999995, 1.0, 0.6799999999999999, 0.62, 0.12, 0.12, 0.12, 0.12, 0.5800000000000001, 0.16000000000000003, 0.98, 0.94, 1.0, 1.0, 1.0, 1.0, 1.0, 1.0, 1.0, 1.0, 0.6, 0.5, 0.6, 0.6, 0.6599999999999999, 0.62, 0.62, 0.7, 0.33999999999999997, 0.7, 0.64, 0.43999999999999995, 0.42000000000000004, 1.0, 0.98, 1.0, 1.0, 1.0, 1.0, 0.6, 0.74, 0.6, 0.43999999999999995, 0.09999999999999998, 1.0, 0.16000000000000003, 0.21999999999999997, 0.62, 0.42000000000000004, 0.14, 0.48, 0.07999999999999996, 0.09999999999999998, 0.56, 0.5800000000000001, 0.5, 0.0, 0.6, 0.9, 0.6, 0.5800000000000001, 0.06000000000000005, 0.020000000000000018, 0.56, 0.9, 0.86, 0.98, 0.8200000000000001, 0.56, 0.9, 0.88, 1.0, 1.0, 1.0, 1.0, 1.0, 1.0, 1.0, 1.0, 1.0, 1.0, 1.0, 1.0, 0.96, 0.98, 0.98, 0.96, 1.0, 1.0, 1.0, 1.0, 1.0, 0.8, 0.84, 0.6799999999999999, 1.0, 1.0, 1.0, 1.0, 1.0, 1.0, 1.0, 1.0, 1.0, 1.0, 1.0, 1.0, 1.0, 1.0, 1.0, 1.0, 1.0, 1.0, 1.0, 1.0, 1.0, 1.0, 1.0, 1.0, 1.0, 1.0], [0.9, 0.62, 0.62, 0.6, 0.4, 0.19999999999999996, 0.38, 0.14, 0.84, 0.12, 0.14, 0.0, 0.14, 0.06000000000000005, 0.0, 0.0, 0.0, 0.9, 0.9, 0.36, 0.020000000000000018, 0.9, 0.020000000000000018, 0.0, 0.48, 0.020000000000000018, 0.5, 0.9, 0.0, 0.12, 0.0, 0.62, 0.0, 0.020000000000000018, 0.0, 0.45999999999999996, 0.9, 0.0, 0.9, 0.9, 0.0, 0.020000000000000018, 0.5, 0.9, 0.0, 0.9, 0.30000000000000004, 0.9, 0.9, 0.9, 0.9, 0.64, 0.43999999999999995, 0.26, 0.9, 0.16000000000000003, 0.09999999999999998, 0.020000000000000018, 0.6, 0.64, 0.7, 0.9, 0.9, 0.9, 0.9, 0.48, 0.9, 0.9, 0.64, 0.9, 0.76, 0.74, 1.0, 0.33999999999999997, 0.42000000000000004, 0.36, 0.72, 0.42000000000000004, 0.62, 1.0, 0.5, 0.42000000000000004, 0.6, 0.48, 0.7, 0.7, 0.33999999999999997, 0.7, 0.33999999999999997, 0.14, 0.54, 0.12, 0.09999999999999998, 0.31999999999999995, 1.0, 0.6799999999999999, 0.62, 0.12, 0.12, 0.12, 0.12, 0.5800000000000001, 0.16000000000000003, 0.98, 0.94, 1.0, 1.0, 1.0, 1.0, 1.0, 1.0, 1.0, 1.0, 0.6, 0.5, 0.6, 0.6, 0.6599999999999999, 0.62, 0.62, 0.7, 0.33999999999999997, 0.7, 0.64, 0.43999999999999995, 0.42000000000000004, 1.0, 0.98, 1.0, 1.0, 1.0, 1.0, 0.6, 0.74, 0.6, 0.43999999999999995, 0.09999999999999998, 1.0, 0.16000000000000003, 0.21999999999999997, 0.62, 0.42000000000000004, 0.14, 0.48, 0.07999999999999996, 0.09999999999999998, 0.56, 0.5800000000000001, 0.5, 0.0, 0.6, 0.9, 0.6, 0.5800000000000001, 0.06000000000000005, 0.020000000000000018, 0.56, 0.9, 0.86, 0.98, 0.8200000000000001, 0.56, 0.9, 0.88, 1.0, 1.0, 1.0, 1.0, 1.0, 1.0, 1.0, 1.0, 1.0, 1.0, 1.0, 1.0, 0.96, 0.98, 0.98, 0.96, 1.0, 1.0, 1.0, 1.0, 1.0, 0.8, 0.84, 0.6799999999999999, 1.0, 1.0, 1.0, 1.0, 1.0, 1.0, 1.0, 1.0, 1.0, 1.0, 1.0, 1.0, 1.0, 1.0, 1.0, 1.0, 1.0, 1.0, 1.0, 1.0, 1.0, 1.0, 1.0, 1.0, 1.0, 1.0], [0.21999999999999997, 0.9, 0.9, 0.9, 0.9, 0.9, 0.9, 0.9, 0.6799999999999999, 0.9, 0.9, 0.9, 0.9, 0.9, 0.9, 0.9, 0.9, 0.0, 0.19999999999999996, 0.9, 0.9, 0.0, 0.9, 0.9, 0.9, 0.9, 0.9, 0.0, 0.9, 0.9, 0.9, 0.9, 0.9, 0.9, 0.9, 0.9, 0.24, 0.9, 0.0, 0.0, 0.9, 0.9, 0.9, 0.0, 0.9, 0.26, 0.9, 0.0, 0.0, 0.33999999999999997, 0.0, 0.64, 0.76, 0.8200000000000001, 0.0, 0.9, 0.9, 0.9, 0.9, 0.64, 0.7, 0.24, 0.0, 0.0, 0.0, 0.9, 0.020000000000000018, 0.020000000000000018, 0.64, 0.0, 0.84, 0.78, 0.8, 1.0, 0.9, 0.9, 1.0, 0.9, 0.9, 0.8, 0.92, 0.9, 0.9, 0.9, 0.94, 1.0, 0.9, 1.0, 0.9, 0.9, 0.72, 0.9, 0.9, 0.9, 0.8, 0.8200000000000001, 0.6599999999999999, 0.9, 0.9, 0.9, 0.9, 0.84, 0.9, 0.26, 0.21999999999999997, 1.0, 1.0, 1.0, 1.0, 1.0, 1.0, 1.0, 1.0, 0.9, 0.9, 0.9, 0.9, 0.94, 0.9, 0.9, 1.0, 0.9, 1.0, 0.92, 0.9, 0.9, 0.8, 0.54, 0.62, 0.86, 1.0, 1.0, 0.9, 0.78, 0.9, 0.9, 0.9, 0.8, 0.9, 0.9, 0.9, 0.9, 0.9, 0.9, 0.9, 0.9, 0.8200000000000001, 0.9, 0.9, 0.9, 0.9, 0.0, 0.6799999999999999, 0.9, 0.9, 0.9, 1.0, 0.0, 0.52, 0.31999999999999995, 0.5, 1.0, 0.0, 0.98, 0.88, 1.0, 1.0, 1.0, 1.0, 1.0, 1.0, 1.0, 1.0, 1.0, 0.88, 1.0, 0.52, 0.5800000000000001, 0.54, 0.56, 1.0, 1.0, 1.0, 1.0, 1.0, 0.94, 0.94, 0.6799999999999999, 0.62, 0.7, 1.0, 1.0, 1.0, 1.0, 1.0, 1.0, 1.0, 1.0, 1.0, 1.0, 1.0, 1.0, 1.0, 1.0, 1.0, 1.0, 1.0, 1.0, 1.0, 1.0, 1.0, 1.0, 1.0, 1.0], [0.07999999999999996, 0.9, 0.9, 0.9, 0.9, 0.9, 0.9, 0.9, 0.54, 0.9, 0.9, 0.9, 0.9, 0.9, 0.9, 0.9, 0.9, 0.19999999999999996, 0.0, 0.9, 0.9, 0.19999999999999996, 0.9, 0.9, 0.9, 0.9, 0.9, 0.19999999999999996, 0.9, 0.9, 0.9, 0.9, 0.9, 0.9, 0.9, 0.9, 0.07999999999999996, 0.9, 0.19999999999999996, 0.19999999999999996, 0.9, 0.9, 0.9, 0.19999999999999996, 0.9, 0.07999999999999996, 0.78, 0.19999999999999996, 0.19999999999999996, 0.16000000000000003, 0.19999999999999996, 0.48, 0.64, 0.78, 0.19999999999999996, 0.9, 0.9, 0.9, 0.9, 0.48, 0.54, 0.07999999999999996, 0.19999999999999996, 0.19999999999999996, 0.19999999999999996, 0.9, 0.18000000000000005, 0.18000000000000005, 0.48, 0.19999999999999996, 0.78, 0.64, 0.74, 1.0, 0.9, 0.9, 1.0, 0.9, 0.9, 0.8, 0.92, 0.9, 0.9, 0.9, 0.9, 1.0, 0.9, 1.0, 0.9, 0.9, 0.56, 0.9, 0.9, 0.9, 0.8, 0.64, 0.5, 0.9, 0.9, 0.9, 0.9, 0.84, 0.9, 0.43999999999999995, 0.4, 1.0, 1.0, 1.0, 1.0, 1.0, 1.0, 1.0, 1.0, 0.88, 0.88, 0.88, 0.88, 0.88, 0.9, 0.9, 0.98, 0.9, 0.98, 0.92, 0.9, 0.9, 0.74, 0.5800000000000001, 0.6599999999999999, 0.88, 1.0, 1.0, 0.88, 0.64, 0.9, 0.9, 0.9, 0.8, 0.9, 0.9, 0.9, 0.9, 0.9, 0.9, 0.9, 0.9, 0.74, 0.9, 0.9, 0.9, 0.9, 0.19999999999999996, 0.52, 0.9, 0.9, 0.9, 0.96, 0.19999999999999996, 0.33999999999999997, 0.21999999999999997, 0.31999999999999995, 0.96, 0.19999999999999996, 0.98, 0.86, 1.0, 1.0, 1.0, 1.0, 1.0, 1.0, 1.0, 1.0, 1.0, 0.86, 1.0, 0.56, 0.62, 0.5800000000000001, 0.6, 1.0, 1.0, 1.0, 1.0, 1.0, 0.94, 0.94, 0.5, 0.6599999999999999, 0.72, 1.0, 1.0, 1.0, 1.0, 1.0, 1.0, 1.0, 1.0, 1.0, 1.0, 1.0, 1.0, 1.0, 1.0, 1.0, 1.0, 1.0, 1.0, 1.0, 1.0, 1.0, 1.0, 1.0, 1.0], [0.88, 0.31999999999999995, 0.26, 0.28, 0.040000000000000036, 0.19999999999999996, 0.020000000000000018, 0.21999999999999997, 0.6599999999999999, 0.24, 0.21999999999999997, 0.36, 0.21999999999999997, 0.30000000000000004, 0.36, 0.36, 0.36, 0.9, 0.9, 0.0, 0.33999999999999997, 0.9, 0.33999999999999997, 0.36, 0.21999999999999997, 0.33999999999999997, 0.19999999999999996, 0.9, 0.36, 0.26, 0.36, 0.26, 0.36, 0.38, 0.36, 0.19999999999999996, 0.9, 0.36, 0.9, 0.9, 0.36, 0.38, 0.19999999999999996, 0.9, 0.36, 0.9, 0.42000000000000004, 0.9, 0.9, 0.9, 0.9, 0.6799999999999999, 0.64, 0.5800000000000001, 0.9, 0.52, 0.26, 0.33999999999999997, 0.28, 0.6799999999999999, 0.54, 0.9, 0.9, 0.9, 0.9, 0.21999999999999997, 0.9, 0.9, 0.6799999999999999, 0.9, 0.5800000000000001, 0.56, 0.74, 0.33999999999999997, 0.18000000000000005, 0.12, 0.42000000000000004, 0.18000000000000005, 0.31999999999999995, 0.64, 0.18000000000000005, 0.18000000000000005, 0.28, 0.12, 0.52, 0.38, 0.09999999999999998, 0.38, 0.09999999999999998, 0.21999999999999997, 0.6, 0.24, 0.26, 0.07999999999999996, 0.64, 0.5, 0.6799999999999999, 0.48, 0.48, 0.48, 0.48, 0.94, 0.52, 0.98, 0.94, 1.0, 1.0, 1.0, 1.0, 1.0, 1.0, 1.0, 1.0, 0.33999999999999997, 0.24, 0.33999999999999997, 0.33999999999999997, 0.42000000000000004, 0.31999999999999995, 0.31999999999999995, 0.43999999999999995, 0.09999999999999998, 0.43999999999999995, 0.33999999999999997, 0.18000000000000005, 0.16000000000000003, 0.74, 0.98, 1.0, 1.0, 1.0, 1.0, 0.33999999999999997, 0.56, 0.28, 0.18000000000000005, 0.26, 0.64, 0.24, 0.18000000000000005, 0.31999999999999995, 0.16000000000000003, 0.21999999999999997, 0.12, 0.43999999999999995, 0.31999999999999995, 0.4, 0.28, 0.19999999999999996, 0.36, 0.30000000000000004, 0.9, 0.62, 0.28, 0.36, 0.33999999999999997, 0.31999999999999995, 0.9, 0.76, 0.98, 0.78, 0.31999999999999995, 0.9, 0.88, 1.0, 1.0, 1.0, 1.0, 1.0, 1.0, 1.0, 1.0, 1.0, 1.0, 1.0, 1.0, 0.96, 0.98, 0.98, 0.96, 1.0, 1.0, 1.0, 1.0, 1.0, 0.8, 0.84, 0.78, 1.0, 1.0, 1.0, 1.0, 1.0, 1.0, 1.0, 1.0, 1.0, 1.0, 1.0, 1.0, 1.0, 1.0, 1.0, 1.0, 1.0, 1.0, 1.0, 1.0, 1.0, 1.0, 1.0, 1.0, 1.0, 1.0], [0.9, 0.62, 0.6, 0.5800000000000001, 0.38, 0.18000000000000005, 0.36, 0.12, 0.84, 0.09999999999999998, 0.12, 0.020000000000000018, 0.12, 0.040000000000000036, 0.020000000000000018, 0.020000000000000018, 0.020000000000000018, 0.9, 0.9, 0.33999999999999997, 0.0, 0.9, 0.0, 0.020000000000000018, 0.45999999999999996, 0.0, 0.48, 0.9, 0.020000000000000018, 0.09999999999999998, 0.020000000000000018, 0.6, 0.020000000000000018, 0.040000000000000036, 0.020000000000000018, 0.43999999999999995, 0.9, 0.020000000000000018, 0.9, 0.9, 0.020000000000000018, 0.040000000000000036, 0.48, 0.9, 0.020000000000000018, 0.9, 0.30000000000000004, 0.9, 0.9, 0.9, 0.9, 0.64, 0.43999999999999995, 0.26, 0.9, 0.18000000000000005, 0.07999999999999996, 0.0, 0.5800000000000001, 0.64, 0.7, 0.9, 0.9, 0.9, 0.9, 0.45999999999999996, 0.9, 0.9, 0.64, 0.9, 0.76, 0.74, 1.0, 0.31999999999999995, 0.4, 0.33999999999999997, 0.72, 0.4, 0.62, 0.98, 0.48, 0.4, 0.5800000000000001, 0.45999999999999996, 0.7, 0.6799999999999999, 0.31999999999999995, 0.6799999999999999, 0.31999999999999995, 0.12, 0.54, 0.09999999999999998, 0.07999999999999996, 0.30000000000000004, 0.98, 0.6799999999999999, 0.62, 0.14, 0.14, 0.14, 0.14, 0.6, 0.18000000000000005, 0.98, 0.94, 1.0, 1.0, 1.0, 1.0, 1.0, 1.0, 1.0, 1.0, 0.6, 0.5, 0.6, 0.6, 0.6599999999999999, 0.62, 0.62, 0.7, 0.31999999999999995, 0.7, 0.64, 0.42000000000000004, 0.4, 1.0, 0.98, 1.0, 1.0, 1.0, 1.0, 0.6, 0.74, 0.5800000000000001, 0.42000000000000004, 0.07999999999999996, 0.98, 0.14, 0.19999999999999996, 0.62, 0.4, 0.12, 0.45999999999999996, 0.09999999999999998, 0.07999999999999996, 0.56, 0.56, 0.48, 0.020000000000000018, 0.5800000000000001, 0.9, 0.6, 0.56, 0.07999999999999996, 0.0, 0.56, 0.9, 0.86, 0.98, 0.8200000000000001, 0.56, 0.9, 0.88, 1.0, 1.0, 1.0, 1.0, 1.0, 1.0, 1.0, 1.0, 1.0, 1.0, 1.0, 1.0, 0.96, 0.98, 0.98, 0.96, 1.0, 1.0, 1.0, 1.0, 1.0, 0.8, 0.84, 0.6799999999999999, 1.0, 1.0, 1.0, 1.0, 1.0, 1.0, 1.0, 1.0, 1.0, 1.0, 1.0, 1.0, 1.0, 1.0, 1.0, 1.0, 1.0, 1.0, 1.0, 1.0, 1.0, 1.0, 1.0, 1.0, 1.0, 1.0], [0.21999999999999997, 0.9, 0.9, 0.9, 0.9, 0.9, 0.9, 0.9, 0.6799999999999999, 0.9, 0.9, 0.9, 0.9, 0.9, 0.9, 0.9, 0.9, 0.0, 0.19999999999999996, 0.9, 0.9, 0.0, 0.9, 0.9, 0.9, 0.9, 0.9, 0.0, 0.9, 0.9, 0.9, 0.9, 0.9, 0.9, 0.9, 0.9, 0.24, 0.9, 0.0, 0.0, 0.9, 0.9, 0.9, 0.0, 0.9, 0.26, 0.9, 0.0, 0.0, 0.33999999999999997, 0.0, 0.64, 0.76, 0.8200000000000001, 0.0, 0.9, 0.9, 0.9, 0.9, 0.64, 0.7, 0.24, 0.0, 0.0, 0.0, 0.9, 0.020000000000000018, 0.020000000000000018, 0.64, 0.0, 0.84, 0.78, 0.8, 1.0, 0.9, 0.9, 1.0, 0.9, 0.9, 0.8, 0.92, 0.9, 0.9, 0.9, 0.94, 1.0, 0.9, 1.0, 0.9, 0.9, 0.72, 0.9, 0.9, 0.9, 0.8, 0.8200000000000001, 0.6599999999999999, 0.9, 0.9, 0.9, 0.9, 0.84, 0.9, 0.26, 0.21999999999999997, 1.0, 1.0, 1.0, 1.0, 1.0, 1.0, 1.0, 1.0, 0.9, 0.9, 0.9, 0.9, 0.94, 0.9, 0.9, 1.0, 0.9, 1.0, 0.92, 0.9, 0.9, 0.8, 0.54, 0.62, 