Minizinc Results:
 G = [2, 2, 2, 2, 2, 2, 2, 2, 2, 2, 2, 2, 2, 2, 2, 2, 2, 2, 2, 2, 2, 2, 2, 2, 2, 2, 2, 2, 2, 2, 2, 2, 2, 2, 2, 2, 2, 2, 2, 2, 2, 2, 2, 2, 2, 2, 2, 2, 2, 2, 1, 1, 1, 1, 1, 1, 1, 1, 1, 1, 1, 1, 1, 1, 1, 1, 1, 1, 1, 1, 1, 1, 1, 1, 1, 1, 1, 1, 1, 1, 1, 1, 1, 1, 1, 1, 1, 1, 1, 1, 1, 1, 1, 1, 1, 1, 1, 1, 1, 1, 1, 1, 3, 3, 1, 3, 1, 3, 1, 3, 1, 2, 2, 2, 1, 1, 1, 3, 3, 2, 1, 1, 3, 1, 1, 3, 1, 1, 1, 3, 3, 3, 1, 1, 1, 3, 2, 1, 2, 2, 1, 1, 1, 1, 1, 3, 1, 1, 1, 1]
Obj=0.0

 Obtained in 0.24325251579284668

 ARI: 0.5276050499340493