Minizinc Results:
 G = [2, 1, 1, 1, 2, 2, 1, 2, 1, 1, 1, 1, 1, 1, 2, 2, 2, 1, 2, 1, 2, 1, 2, 2, 2, 1, 1, 2, 2, 2, 1, 2, 2, 2, 2, 1, 2, 1, 1, 2, 2, 2, 1, 1, 2, 1, 2, 1, 2, 2, 1, 1, 1, 2, 1, 1, 1, 1, 1, 1, 2, 1, 1, 1, 1, 1, 2, 1, 1, 1, 2, 1, 1, 1, 1, 1, 1, 1, 2, 1, 1, 2, 1, 1, 1, 2, 1, 2, 1, 1, 1, 1, 1, 2, 1, 1, 1, 2, 2, 1, 1, 2, 1, 1, 2, 2, 1, 3, 1, 2, 1, 1, 1, 1, 1, 2, 1, 1, 3, 1, 1, 1, 2, 1, 1, 1, 1, 1, 1, 1, 2, 3, 1, 1, 1, 1, 1, 1, 1, 1, 1, 1, 1, 1, 1, 1, 1, 1, 1, 1]
Obj=488

 Obtained in 0.19765853881835938

 ARI: 0.06351352450114355