Minizinc Results:
 G = [2, 1, 2, 1, 1, 2, 1, 2, 1, 2, 1, 1, 1, 1, 2, 2, 2, 2, 2, 1, 2, 2, 2, 1, 2, 1, 1, 1, 1, 2, 1, 2, 2, 2, 1, 1, 1, 1, 2, 2, 2, 2, 1, 2, 2, 1, 1, 1, 1, 2, 1, 1, 1, 1, 1, 1, 2, 1, 1, 2, 1, 2, 1, 1, 1, 1, 1, 1, 1, 1, 1, 1, 1, 1, 1, 1, 1, 1, 1, 1, 1, 2, 1, 1, 1, 1, 1, 1, 1, 1, 1, 1, 1, 1, 1, 1, 1, 1, 2, 1, 1, 1, 1, 1, 2, 1, 1, 3, 1, 1, 3, 1, 1, 1, 1, 2, 1, 1, 3, 3, 1, 2, 1, 1, 2, 1, 1, 1, 1, 1, 1, 3, 1, 1, 1, 1, 3, 1, 2, 2, 1, 1, 2, 1, 1, 1, 1, 1, 1, 1]
Obj=487

 Obtained in 0.19403433799743652

 ARI: 0.07286062279195023