Results:
G = [1, 2, 2, 1, 1, 1, 1, 1, 1, 1, 1, 1, 1, 1, 1, 1, 1, 1, 1, 1, 1, 1, 1, 1, 1, 1, 1, 1, 1, 1, 1, 1, 1, 1, 1, 1, 1, 1, 1, 1, 2, 2, 2, 2, 2, 1, 2, 2, 2, 2, 2, 1, 1, 1, 1, 1, 1, 1, 2, 2, 2, 2, 2, 2, 1, 1, 2, 2, 1, 1, 3, 3, 3, 3, 2, 2, 2, 1, 3, 1, 1, 1, 3, 2, 3, 3, 2, 1, 2, 1, 1, 2, 2, 2, 2, 2, 1, 1, 2, 2, 2, 3, 3, 1, 1, 1, 1, 3, 3, 1, 3, 1, 2, 1, 1, 1, 1, 1, 1, 1, 1, 1, 1, 1, 1, 1, 1, 1, 1, 1, 2, 2, 3, 3, 3, 2, 1, 2, 1, 2, 1, 1, 1, 1, 1, 3, 3, 3, 3, 1]
Obj=0.0396

 Obtained in 3857.9599239826202

 ARI: 0.1684412829152627