Results:
G = [1, 1, 1, 2, 2, 1, 1, 1, 2, 1, 1, 1, 2, 1, 1, 1, 2, 2, 1, 1, 2, 1, 1, 1, 2, 1, 1, 1, 1, 1, 1, 2, 1, 1, 2, 1, 2, 1, 1, 1, 1, 1, 2, 1, 1, 1, 2, 2, 2, 1, 1, 1, 1, 1, 2, 2, 1, 1, 1, 2, 1, 1, 1, 2, 1, 2, 1, 2, 1, 2, 2, 2, 2, 1, 2, 2, 2, 1, 1, 1, 2, 3, 2, 2, 2, 2, 2, 1, 2, 1, 2, 2, 1, 2, 1, 2, 1, 1, 1, 2, 3, 1, 2, 1, 2, 2, 2, 2, 2, 1, 2, 2, 1, 2, 2, 3, 1, 2, 1, 2, 2, 1, 1, 1, 1, 1, 1, 3, 2, 1, 1, 2, 1, 1, 1, 2, 1, 1, 1, 1, 2, 1, 1, 1, 1, 2, 2, 2, 1, 1]
Obj=0.0396

 Obtained in 966.0622665882111

 ARI: 0.01625117032681831