Minizinc Results:
 G = [1, 1, 7, 7, 1, 1, 2, 1, 1, 1, 1, 7, 1, 1, 7, 1, 1, 1, 1, 7, 2, 1, 7, 7, 1, 1, 7, 1, 1, 7, 7, 1, 1, 1, 7, 7, 7, 7, 1, 1, 7, 1, 7, 1, 1, 1, 1, 2, 2, 1, 2, 7, 7, 1, 1, 1, 1, 1, 2, 7, 1, 1, 1, 1, 1, 1, 1, 7, 1, 1, 1, 1, 1, 1, 1, 2, 1, 1, 1, 1, 1, 2, 1, 1, 1, 7, 1, 1, 1, 1, 2, 1, 1, 1, 1, 1, 1, 1, 1, 1, 1, 2, 1, 1, 1, 6, 1, 7, 3, 1, 1, 1, 1, 1, 1, 1, 1, 2, 1, 1, 1, 1, 1, 1, 1, 7, 1, 1, 1, 1, 1, 2, 1, 7, 1, 1, 1, 1, 1, 1, 1, 1, 1, 1, 1, 1, 1, 7, 7, 1, 1, 2, 1, 7, 1, 1, 7, 1, 7, 7, 1, 1, 1, 2, 1, 1, 1, 1, 1, 1, 1, 4, 4, 2, 1, 2, 1, 1, 1, 1, 2, 2, 2, 2, 1, 5, 2, 1, 1, 2, 1, 2, 2, 2, 1, 2, 1, 2, 1, 2, 1, 1, 1, 1, 2, 1, 1, 1, 2, 1, 2, 1, 1, 1]
Obj=164

 Obtained in 0.22226881980895996

 ARI: 0.07372679006206656