Minizinc Results:
 G = [1, 1, 7, 7, 1, 1, 1, 1, 1, 1, 1, 7, 7, 1, 1, 1, 1, 1, 1, 7, 1, 1, 7, 7, 1, 1, 7, 1, 1, 7, 7, 1, 1, 1, 7, 7, 7, 7, 1, 1, 7, 1, 7, 1, 1, 1, 1, 1, 1, 1, 1, 7, 1, 1, 1, 1, 1, 1, 1, 7, 1, 1, 1, 1, 1, 1, 1, 1, 1, 1, 1, 1, 1, 1, 1, 2, 2, 1, 1, 2, 1, 1, 1, 2, 2, 7, 1, 2, 1, 1, 1, 2, 1, 2, 1, 1, 1, 1, 2, 1, 1, 1, 1, 1, 1, 6, 1, 1, 3, 1, 1, 1, 1, 1, 1, 1, 1, 1, 1, 1, 2, 1, 1, 1, 1, 7, 1, 1, 1, 1, 1, 2, 1, 7, 1, 1, 1, 1, 1, 1, 1, 1, 1, 1, 1, 1, 2, 7, 7, 1, 2, 7, 1, 7, 2, 2, 7, 1, 7, 7, 1, 1, 1, 1, 1, 1, 1, 1, 2, 2, 1, 4, 4, 1, 1, 2, 1, 1, 1, 1, 2, 2, 1, 2, 1, 5, 1, 1, 1, 1, 1, 2, 2, 2, 1, 2, 2, 2, 1, 1, 2, 1, 2, 1, 2, 1, 1, 2, 2, 1, 2, 1, 1, 2]
Obj=164

 Obtained in 0.2465376853942871

 ARI: 0.09540828578126344