Minizinc Results:
 G = [7, 1, 1, 1, 1, 1, 1, 1, 7, 7, 1, 1, 1, 1, 1, 1, 1, 1, 7, 7, 1, 1, 1, 7, 1, 1, 1, 1, 1, 1, 1, 1, 1, 1, 1, 1, 1, 1, 1, 1, 7, 1, 1, 1, 1, 1, 1, 1, 1, 1, 1, 7, 1, 1, 1, 1, 1, 1, 1, 1, 1, 1, 1, 1, 1, 1, 1, 1, 1, 1, 7, 7, 7, 2, 1, 1, 7, 7, 2, 1, 1, 1, 7, 1, 1, 1, 7, 7, 2, 1, 1, 1, 2, 1, 2, 1, 1, 1, 1, 1, 7, 1, 1, 1, 1, 1, 1, 1, 3, 1, 1, 6, 1, 1, 1, 1, 1, 1, 1, 1, 1, 1, 1, 7, 1, 1, 1, 1, 2, 1, 1, 2, 7, 7, 7, 7, 7, 7, 7, 7, 7, 7, 1, 7, 2, 1, 1, 1, 7, 1, 1, 1, 2, 1, 1, 1, 1, 1, 1, 2, 7, 7, 1, 1, 1, 1, 3, 1, 1, 2, 3, 4, 1, 1, 1, 2, 2, 1, 1, 1, 2, 1, 1, 2, 1, 5, 1, 7, 1, 1, 2, 2, 1, 2, 2, 2, 2, 1, 2, 1, 1, 1, 1, 1, 1, 2, 2, 1, 1, 2, 1, 1, 1, 1]
Obj=165

 Obtained in 0.21841049194335938

 ARI: 0.05593304980020492