Minizinc Results:
 G = [7, 1, 1, 1, 1, 1, 2, 1, 7, 7, 1, 1, 1, 1, 1, 1, 1, 3, 7, 7, 1, 3, 1, 7, 1, 1, 1, 1, 1, 1, 1, 1, 1, 1, 1, 1, 1, 1, 3, 3, 7, 1, 1, 1, 1, 1, 1, 1, 1, 1, 2, 7, 1, 1, 1, 1, 1, 1, 1, 1, 1, 1, 3, 1, 1, 1, 1, 1, 1, 1, 7, 7, 1, 1, 1, 2, 7, 7, 1, 1, 1, 1, 7, 1, 1, 1, 7, 7, 1, 1, 2, 1, 1, 1, 1, 1, 1, 1, 1, 1, 7, 2, 1, 1, 3, 1, 1, 1, 2, 1, 1, 6, 1, 1, 1, 2, 1, 2, 1, 1, 1, 1, 1, 7, 1, 1, 1, 3, 1, 1, 2, 1, 7, 7, 7, 7, 7, 7, 7, 7, 7, 7, 1, 7, 3, 7, 1, 2, 7, 2, 1, 3, 1, 1, 2, 1, 1, 1, 2, 1, 7, 7, 1, 2, 2, 1, 2, 1, 1, 1, 2, 4, 1, 2, 1, 2, 1, 3, 1, 1, 1, 1, 1, 2, 1, 5, 1, 7, 1, 1, 1, 1, 1, 1, 1, 1, 1, 2, 1, 2, 1, 1, 1, 1, 1, 1, 1, 1, 2, 1, 1, 1, 1, 1]
Obj=165

 Obtained in 0.2215437889099121

 ARI: 0.026848966409571743