Minizinc Results:
 G = [1, 7, 1, 2, 2, 2, 7, 7, 7, 1, 2, 7, 1, 1, 1, 2, 1, 1, 1, 1, 1, 1, 7, 7, 7, 7, 7, 1, 1, 7, 7, 1, 1, 1, 7, 7, 1, 7, 3, 3, 7, 1, 7, 1, 1, 7, 1, 1, 1, 1, 1, 7, 1, 1, 1, 1, 1, 1, 1, 1, 7, 1, 1, 1, 7, 1, 1, 1, 1, 1, 1, 7, 7, 2, 7, 7, 1, 1, 1, 1, 1, 7, 1, 1, 1, 1, 2, 1, 1, 1, 1, 1, 1, 1, 1, 1, 1, 1, 1, 1, 1, 1, 1, 1, 1, 6, 1, 1, 1, 1, 1, 1, 1, 7, 1, 7, 7, 1, 1, 1, 7, 1, 1, 1, 7, 1, 1, 3, 1, 2, 1, 1, 7, 7, 1, 1, 1, 1, 1, 1, 1, 1, 1, 1, 1, 1, 7, 1, 1, 1, 1, 1, 2, 1, 1, 1, 7, 3, 7, 7, 2, 1, 2, 1, 1, 2, 1, 1, 1, 1, 2, 4, 4, 2, 3, 2, 2, 1, 2, 1, 1, 1, 2, 2, 1, 1, 5, 1, 1, 2, 1, 2, 1, 2, 1, 1, 2, 1, 2, 1, 1, 1, 1, 1, 1, 1, 1, 1, 1, 1, 1, 1, 1, 1]
Obj=164

 Obtained in 0.21897387504577637

 ARI: 0.050429495375032954