Minizinc Results:
 G = [3, 1, 1, 1, 1, 1, 1, 1, 3, 3, 1, 1, 1, 1, 1, 1, 1, 1, 3, 3, 1, 1, 1, 3, 1, 1, 1, 1, 1, 1, 1, 1, 1, 1, 1, 1, 1, 1, 1, 1, 3, 1, 1, 1, 1, 1, 1, 1, 1, 1, 1, 3, 1, 1, 1, 1, 1, 1, 1, 1, 1, 1, 1, 1, 1, 1, 1, 1, 1, 1, 3, 3, 3, 2, 1, 1, 3, 3, 2, 1, 1, 1, 3, 1, 1, 1, 3, 3, 2, 1, 1, 1, 2, 1, 2, 1, 1, 1, 1, 1, 3, 1, 1, 1, 1, 1, 1, 1, 2, 1, 1, 6, 1, 1, 1, 1, 1, 1, 1, 1, 1, 1, 1, 3, 1, 1, 1, 1, 2, 1, 1, 2, 3, 3, 3, 3, 3, 3, 3, 3, 3, 3, 1, 3, 2, 1, 1, 1, 3, 1, 1, 1, 2, 1, 1, 1, 1, 1, 1, 2, 3, 3, 1, 1, 1, 1, 2, 1, 1, 2, 2, 4, 1, 1, 1, 2, 2, 1, 1, 1, 7, 1, 1, 2, 1, 5, 1, 3, 1, 1, 2, 2, 1, 2, 1, 1, 2, 7, 7, 1, 1, 1, 1, 1, 1, 1, 1, 7, 7, 1, 1, 7, 1, 1]
Obj=165

 Obtained in 0.22125983238220215

 ARI: 0.052235715653694066