[[0.16666666666666669, 0.13819631379629635, 0.15313097514497637, 0.12055501605805549, 0.12553663396624848, 0.13629970363320515, 0.1596146907345516], [0.16069803706741811, 0.14376940499604393, 0.1542957145243342, 0.12516426488505886, 0.12381298544559947, 0.1383049396145789, 0.15395465346696652], [0.16157502873536642, 0.14398044822215025, 0.15385891414388048, 0.1250797448400644, 0.12395478976324037, 0.13872656065164451, 0.15282451364365343], [0.16408649491129554, 0.14130179231251958, 0.15409092276999992, 0.1232833202368329, 0.12389200036850807, 0.13813488587271303, 0.15521058352813086], [0.16363260664762147, 0.14248166566162757, 0.15362963778500052, 0.12373781323547095, 0.12418733849753161, 0.13870295251109482, 0.1536279856616531], [0.16280751377024072, 0.14218836681207841, 0.15285491343657504, 0.1255233281570239, 0.12487380744657264, 0.13917404003753917, 0.15257803033997014], [0.16385741975257156, 0.1422750275311964, 0.153801533266019, 0.12313466747806408, 0.1242154864136072, 0.13875138281293795, 0.15396448274560393], [0.16363545649547323, 0.14211781068888515, 0.1534518160581305, 0.12301201442112653, 0.12491150514396172, 0.13913963785848588, 0.15373175933393704], [0.16174553496088526, 0.1421649616662307, 0.15554176487399202, 0.12318483521021573, 0.12326450509515158, 0.13763524948758846, 0.15646314870593628], [0.16517492497198358, 0.1414529294958324, 0.15391747871935138, 0.12216486898147387, 0.12428191149237325, 0.13893168995860944, 0.15407619638037615], [0.16250426683265065, 0.1426647014179735, 0.1526881969766694, 0.12543409214944998, 0.12515391800168482, 0.13975040058021185, 0.1518044240413599], [0.16450028578206355, 0.14083137817063673, 0.1535697837342863, 0.12211489146517973, 0.1252962815958543, 0.13931251718911739, 0.15437486206286222], [0.16269987407347244, 0.14288810743469213, 0.152799042207475, 0.1251689142681782, 0.12490480389251553, 0.13964575484189376, 0.15189350328177292], [0.16394060259522558, 0.14183885240786412, 0.15343495119671752, 0.12265304941839134, 0.1252087183310237, 0.13956623216389977, 0.15335759388687792], [0.1629747538907164, 0.14156141898052904, 0.15294593510724347, 0.12313105843531864, 0.12625288161964876, 0.14012754359352417, 0.15300640837301943], [0.1638697590303055, 0.1417803821995833, 0.15327687242543733, 0.1228115281144876, 0.12536085271826655, 0.13967925154991187, 0.15322135396200778], [0.1633970084376628, 0.14065529948488165, 0.15332805237579236, 0.12203150812965924, 0.12633899388545602, 0.1398633151190663, 0.15438582256748154], [0.1608687000078926, 0.1394524611979018, 0.15495772692522974, 0.11958234496723495, 0.12667479699923764, 0.1375073147143804, 0.1609566551881228], [0.16666666666666666, 0.13988183752444544, 0.15663998006685168, 0.11636303237382226, 0.12340947169365099, 0.13710292390601508, 0.15993608776854787], [0.16395598379164822, 0.14175359240136998, 0.15460305358101267, 0.12245588132234163, 0.1240398796998112, 0.13903960555383607, 0.1541520036499802], [0.16420253133831866, 0.14109782565439324, 0.15417483685088415, 0.12215585734890726, 0.1247206787942604, 0.1392237321557157, 0.15442453785752067], [0.15958766480586145, 0.14123346090736819, 0.15468615926238016, 0.11963273113436913, 0.1275933904337229, 0.1384007350503312, 0.15886585840596693], [0.16428114611253652, 0.14036247753053088, 0.15406565168810826, 0.12141404735838393, 0.12532960888338088, 0.13932799195247364, 0.15521907647458588], [0.16459205472039604, 0.1410584340315346, 0.15380489359314972, 0.12188656012249907, 0.12507704152250954, 0.13950732926748124, 0.1540736867424298], [0.1645446399963195, 0.14181888670174028, 0.1551347345856009, 0.12082290122696447, 0.12367097693044989, 0.13866339541540643, 0.15534446514351855], [0.1654400546180413, 0.14108272630792823, 0.1539948080452383, 0.12154693224050298, 0.12444165593403558, 0.13911521650790956, 0.15437860634634412], [0.16485736434780515, 0.14148481467651264, 0.1550334425016431, 0.12166007104304609, 0.12335172195560604, 0.13855902869957196, 0.15505355677581498], [0.16492989228124083, 0.14160275778719186, 0.15386514795929704, 0.12202577457134246, 0.12456840866426844, 0.1393754347319301, 0.15363258400472912], [0.16307820949690413, 0.141507233315032, 0.1532104915263614, 0.12293521696702096, 0.12604932169323077, 0.1401909133083548, 0.15302861369309595], [0.16666666666666669, 0.14110303068134264, 0.1544604577983211, 0.12093650957368335, 0.1235532875977277, 0.13868543746394899, 0.15459461021830959], [0.16343605379652185, 0.14095654449737527, 0.15353419186507106, 0.12202054400399803, 0.12606318949480355, 0.14006327870620566, 0.15392619763602472], [0.16371999871700002, 0.14165249105501504, 0.15361279510934714, 0.12178903343085333, 0.12565406684343394, 0.13997780894439807, 0.1535938058999526], [0.16449838726895216, 0.14123607445052871, 0.15396777538183115, 0.12167227958614267, 0.12492917346144328, 0.13950068120246675, 0.15419562864863529], [0.16295550420707047, 0.1418960401976405, 0.15292058208177448, 0.12297291021589832, 0.12634414112903677, 0.14057184721956956, 0.15233897494901], [0.1637468554862116, 0.14076249956103867, 0.1539974047161329, 0.12131565512097178, 0.12578495855288424, 0.13994518872836612, 0.15444743783439455], [0.164974129404689, 0.14133536128588234, 0.15545975208318635, 0.12023301451134391, 0.12355120483182841, 0.13875063278994657, 0.15569590509312348], [0.16274623618318865, 0.14059989093315442, 0.15648636733795007, 0.1201887991345438, 0.12353886811994602, 0.13762301895816706, 0.15881681933305003], [0.1641786235094118, 0.1409698389574682, 0.1539890758926025, 0.12161599615343781, 0.125300837683639, 0.13984218245088112, 0.15410344535255968], [0.16004301559147652, 0.13861791679867985, 0.15509531551968425, 0.11660630172264057, 0.1281219222877864, 0.13830687628114552, 0.1632086517985869], [0.16004301559147652, 0.13861791679867985, 0.15509531551968425, 0.11660630172264057, 0.1281219222877864, 0.13830687628114552, 0.1632086517985869], [0.16383386717228418, 0.14073488285515784, 0.15399655251716066, 0.12101694183041777, 0.12579398878599665, 0.13997155460173472, 0.15465221223724826], [0.16347763967901344, 0.14149586523597904, 0.15367049386559015, 0.12168396915107027, 0.1258865408700203, 0.14031929528957182, 0.15346619590875507], [0.16526107138419566, 0.14146236613754906, 0.1554759840558502, 0.12028782290079795, 0.12342986064101968, 0.13896898225817902, 0.15511391262240837], [0.15997741995510256, 0.13717380473278587, 0.1551490819613692, 0.1150565105814454, 0.12778543684611132, 0.13819107925651888, 0.16666666666666666], [0.16330997795139812, 0.14088852813169328, 0.15407791035435195, 0.12124778202305403, 0.12587920954112644, 0.14016175364435507, 0.15443483835402108], [0.16190298362036826, 0.13990294134014244, 0.15684918199680864, 0.119257048264035, 0.12432960760483425, 0.13851332252561688, 0.1592449146481946], [0.16381761901603534, 0.1409913653817455, 0.15599366349370763, 0.11912247381681246, 0.12435227719505659, 0.13949207398448196, 0.15623052711216054], [0.15925625738468413, 0.1380725781678777, 0.15558352592228678, 0.11527886080798314, 0.12884387707446698, 0.13881348018226697, 0.1641514204604343], [0.158061643584769, 0.1375388440253725, 0.1550987379262449, 0.11559907950162128, 0.13067273364533002, 0.14034491334719726, 0.16268404796946517], [0.16189337955078198, 0.1405482617323514, 0.15724217857127942, 0.11914092042176737, 0.12383874165271708, 0.13865775758610094, 0.1586787604850018], [0.15790317961772463, 0.13757579358976593, 0.15493628720298777, 0.11520799886367253, 0.13067547216622197, 0.13974835452605888, 0.16395291403356815], [0.16108130561196363, 0.14029581838499994, 0.15702531627596827, 0.11845436175304645, 0.12524012337029866, 0.13996984727022224, 0.15793322733350065], [0.16058287717422784, 0.1431354169764132, 0.15836526716275917, 0.11710748406329914, 0.12450343826878608, 0.14148023538950985, 0.15482528096500484], [0.16077540986153308, 0.14279696054658061, 0.1576219521804384, 0.11750348755677631, 0.12513423912802626, 0.14199882215818938, 0.15416912856845608], [0.16070930693438998, 0.1434447372885958, 0.1576390093481482, 0.11744738095918308, 0.12500390470926012, 0.14212439993112083, 0.15363126082930204], [0.16666666666666669, 0.14261693814303208, 0.15257741851137532, 0.11878640408367681, 0.12702378912550183, 0.14315758205032644, 0.14917120141942083], [0.1642596964524892, 0.14162511884007473, 0.15377714257972225, 0.12257089739187058, 0.12459430961120022, 0.13917893952118165, 0.1539938956034613], [0.16524309888927582, 0.1413317233512469, 0.15385754015162575, 0.122081987117235, 0.1244089592722022, 0.13918706510475182, 0.15388962611366266], [0.16283435991465983, 0.14240869951922522, 0.1536435060192241, 0.12425696801511919, 0.12425080594756412, 0.13838873266859614, 0.15421692791561148], [0.16403083315099243, 0.1416865416515837, 0.15439047860123875, 0.1225619627385407, 0.1238276539928403, 0.1382860367282809, 0.15521649313652305], [0.16275116601754283, 0.14136772961960858, 0.1566468553710081, 0.11799458780865803, 0.1245231715041856, 0.1386943433701717, 0.1580221463088251], [0.16666666666666669, 0.14080411141805232, 0.1554465528670288, 0.11896796171932388, 0.12342765486891683, 0.13697500454113407, 0.15771204791887752], [0.16093693024483977, 0.13751859479506967, 0.15531089969376685, 0.1164151242259607, 0.12721604388375904, 0.1382101242308128, 0.1643922829257912], [0.159346283357276, 0.13844229437310354, 0.15506238267723424, 0.11707854462561648, 0.12879201503845966, 0.13841144759710639, 0.16286703233120367], [0.1609087281688603, 0.13791037349845342, 0.156125486649761, 0.11511351530671282, 0.12725050264647986, 0.13881742301480116, 0.16387397071493168], [0.16274678084499267, 0.1388784604736719, 0.15750130875826046, 0.11452391413631038, 0.12541315150556, 0.13836403552216042, 0.16257234875904408], [0.15826474426130366, 0.1382345975740978, 0.15559098129990692, 0.11594734012150239, 0.13000440066846194, 0.14079710136235382, 0.16116083471237339], [0.15821011503659496, 0.13842418037235338, 0.1556459541825602, 0.11589938201179753, 0.13004268668691296, 0.14095803547391528, 0.16081964623586575], [0.15852632669655922, 0.13832252800161138, 0.15602183814547202, 0.11560715886858329, 0.1294576784279762, 0.1407289622002912, 0.16133550765950666], [0.1573417363433311, 0.1378258950768545, 0.15575157177773774, 0.11453805578162626, 0.13123448527666645, 0.14110644934513414, 0.1622018063986498], [0.16666666666666666, 0.14374727548550537, 0.15212702204576728, 0.12671903417646727, 0.1227642178844914, 0.13627641766411677, 0.15169936607698525], [0.1615791946483201, 0.1407443332484815, 0.1543970352992773, 0.12399126178488254, 0.12443985972481754, 0.13749129079331182, 0.15735702450090924], [0.16250620316058173, 0.1429901492093803, 0.15280683735902234, 0.12620424084824683, 0.12435612974955065, 0.13889921880323133, 0.1522372208699868], [0.1625849589710626, 0.1430940588721296, 0.15364810403088744, 0.1254128957717406, 0.12369365136849714, 0.13854878016204059, 0.153017550823642], [0.16271678646924376, 0.14284834907367483, 0.15279028189425, 0.1260970359293909, 0.12437445059181684, 0.13901990238449624, 0.1521531936571274], [0.16302475745415765, 0.14269732312057382, 0.15291010977179095, 0.1255843921455658, 0.12439449070863837, 0.13901161039819657, 0.15237731640107682], [0.16200774569776305, 0.14226417701957803, 0.15423731349897932, 0.12530360474151064, 0.12353902653940524, 0.13808368171139473, 0.154564450791369], [0.16359964599513357, 0.14219357652951314, 0.15340337267342793, 0.1248405810933717, 0.12406213572274491, 0.13869490838402018, 0.1532057796017885], [0.16077642694722977, 0.144053443138168, 0.15472183189017313, 0.12383682999454752, 0.12394839750555432, 0.13862009938385328, 0.15404297114047405], [0.16187476224281455, 0.14278470553542835, 0.15287217719373652, 0.1266975963499957, 0.12459356113803116, 0.13926730938695456, 0.15190988815303902], [0.16088498725841743, 0.14293749876356174, 0.1529855705418732, 0.1274023225677241, 0.1246485508699872, 0.13927337718117652, 0.15186769281725981], [0.16250568980384428, 0.14355976463077091, 0.1532955743998818, 0.12530785929998584, 0.12406353859912893, 0.13906928293404763, 0.1521982903323407], [0.16359782579705212, 0.14230231211582214, 0.15409259039569895, 0.12390895480450034, 0.12352446303237782, 0.13836186040267467, 0.15421199345187392], [0.1635907238344381, 0.1424464069032884, 0.1535420431548977, 0.12486322841703731, 0.12379367486563536, 0.1387496038903071, 0.15301431893439596], [0.16666666666666669, 0.14471372009861744, 0.15089200854452822, 0.13133210154623257, 0.12106817264773595, 0.13679700679707182, 0.14853032369914734], [0.1636946024091244, 0.14233209270551447, 0.15479681802584466, 0.122643857959765, 0.12350190725972053, 0.13842955801571488, 0.15460116362431597], [0.16275293142497183, 0.14357369425676833, 0.15384381183519935, 0.12355189202704173, 0.12435709291192175, 0.13931227093058554, 0.15260830661351132], [0.16299652934410352, 0.14263945814166734, 0.1543932980851409, 0.1244165875527151, 0.12323802844722345, 0.13840947921929284, 0.15390661920985674], [0.16416766074618172, 0.1422281290204605, 0.15366063913774275, 0.1239912020812352, 0.12390302547542453, 0.138835862417003, 0.1532134811219524], [0.16132162930217453, 0.1429590530860859, 0.15236559637784575, 0.1263482705894509, 0.1257380924986639, 0.1401493445145045, 0.15111801363127453], [0.1615149700236844, 0.13918227444241335, 0.1545218315987195, 0.12125704777152156, 0.12628539420474072, 0.1390433757981896, 0.15819510616073074], [0.16418207061316456, 0.14236795345263156, 0.15391377215390015, 0.12255627566096243, 0.12445833678625066, 0.13942726527071697, 0.15309432606237366], [0.16219284124038544, 0.14364359543611288, 0.15490880034506052, 0.12087837165216433, 0.12514913549387302, 0.1401721671706903, 0.1530550886617136], [0.16363019677976, 0.143398397872344, 0.15473556185901646, 0.12200327026811014, 0.12378149439974033, 0.13940447390465152, 0.15304660491637737], [0.1627934563649903, 0.14275936022070823, 0.15301118995882654, 0.12435206076245642, 0.12518111998280873, 0.14017895854464843, 0.1517238541655614], [0.16229028365253545, 0.14132892861007473, 0.1562971431124772, 0.12098096053761041, 0.12368127970539129, 0.1386426773808031, 0.15677872700110784], [0.1611763591460702, 0.13919816395213402, 0.15523728382054197, 0.11983578894428602, 0.1263729716085693, 0.1394609178773516, 0.15871851465104686], [0.16666666666666669, 0.1407706595339842, 0.1516724243981667, 0.12112042251933926, 0.12744014251399793, 0.14137489195219105, 0.1509547924156542], [0.1614396066176076, 0.143766695963221, 0.15390875632768208, 0.12324636198917087, 0.12527765041352074, 0.14177587076760975, 0.15058505792118784], [0.16240514045640836, 0.1429023192852502, 0.15597307779016173, 0.11978964658997264, 0.12458121587384598, 0.14117995541734102, 0.15316864458702], [0.16264799868830393, 0.1434477704962581, 0.15466103099835096, 0.12022347042641199, 0.12557526738557176, 0.14211416368917032, 0.15133029831593287], [0.16666666666666666, 0.1410675432568475, 0.15379256462550894, 0.1187888423385257, 0.12631728363560818, 0.14278109440708078, 0.15058600506976222], [0.16666666666666666, 0.14189780443533642, 0.15275691368926064, 0.11597623308378453, 0.1288229872623143, 0.14369769883647654, 0.15018169602616088], [0.14802397724914465, 0.1360308786195029, 0.14951334639843655, 0.1168105899035196, 0.14041166834104993, 0.1425428728216796, 0.16666666666666663], [0.15211898962694667, 0.13905157566114065, 0.15491230324517388, 0.11535361143421761, 0.13563557992310643, 0.1437297154868436, 0.15919822462257122], [0.14237704728438488, 0.13933759619321795, 0.1415869943163743, 0.1244203934098173, 0.1558645321885608, 0.15295322003604334, 0.14346021657160146], [0.14234460150978492, 0.14051522020280763, 0.14200135436780623, 0.1330049607365431, 0.1498583420118777, 0.14678286214139233, 0.145492659029788], [0.13970779917990458, 0.1384241431163438, 0.14106539658970407, 0.12866554114486323, 0.15778157498993772, 0.14711443399500354, 0.14724111098424306], [0.14184764573223024, 0.14815303700520902, 0.14735198079673573, 0.11620312496955419, 0.1456005818927921, 0.1575873320568692, 0.1432562975466095], [0.14761420007861492, 0.1491462050370219, 0.14668271082781859, 0.11821363482358292, 0.1428109944145806, 0.1556535466605382, 0.13987870815784276], [0.1421702347528087, 0.13910523665306002, 0.14118927942503018, 0.12409877858131863, 0.1592111091555006, 0.15037969297118306, 0.14384566846109892], [0.14204392036940125, 0.13895215519593015, 0.14110416098098927, 0.12508275902531793, 0.15896076657757272, 0.14977871402882928, 0.1440775238219594], [0.13897288369439975, 0.13783886740657192, 0.14055208547938547, 0.12006157406904952, 0.16666666666666666, 0.15045423571052655, 0.14545368697340014], [0.16277983680918928, 0.14140699782878458, 0.15420430782615657, 0.12367785653053523, 0.12412052029545795, 0.1379333594481556, 0.1558771212617207], [0.16294859733468964, 0.1400826162459172, 0.1536835471748282, 0.12342351356128826, 0.12510162061447358, 0.138040300789001, 0.1567198042798019], [0.16237787380108523, 0.14104583199462742, 0.15434158393479547, 0.12352760762710491, 0.12434483656637796, 0.13785489006508578, 0.15650737601092324], [0.16245170826693917, 0.14075828079722863, 0.1540817861330451, 0.1239062747752101, 0.12455168339702849, 0.13794909911767383, 0.1563011675128748], [0.15961973674444904, 0.14287320737957665, 0.1540107959805326, 0.1273308705883875, 0.12395172822573317, 0.13797736925595855, 0.1542362918253625], [0.1624444286522457, 0.14215457251890645, 0.15387983865733992, 0.12527141073916143, 0.12380697446131067, 0.1382433786722532, 0.15419939629878254], [0.16176305635866642, 0.1426775123541561, 0.1542992439634213, 0.12533259565981925, 0.12343857995431634, 0.13809200060343765, 0.1543970111061831], [0.16330246231553577, 0.14068248680179032, 0.15454720752399684, 0.12271719335178587, 0.1241708755710432, 0.13806543066869056, 0.1565143437671574], [0.16303535243850367, 0.14253009143839948, 0.1531585340365157, 0.12530502120099846, 0.12436265154177356, 0.13906374609612965, 0.15254460324767946], [0.16392578315128928, 0.14245450886382688, 0.15408442493687763, 0.12371661534320193, 0.123578209274203, 0.13856961040966387, 0.1536708480209375], [0.16175802374707018, 0.14315309148431105, 0.154477422268352, 0.12527275205928243, 0.12327900930710925, 0.13842933497518, 0.15363036615869502], [0.16491557115708652, 0.1407513141621586, 0.1545679095546559, 0.12110295175642585, 0.12419495034485432, 0.13843194815463106, 0.1560353548701878], [0.16354188276637938, 0.14071175699751973, 0.15440441127793014, 0.12255141131952182, 0.12461737235444416, 0.13880503939336297, 0.15536812589084179], [0.16517315360001736, 0.1405216615088923, 0.15433999771026105, 0.12112688796903597, 0.12454137932661898, 0.1388549011995793, 0.1554420186855951], [0.15342762089363973, 0.14367124273072815, 0.1611945269381379, 0.11449089237432632, 0.12829178075438222, 0.1451026305859413, 0.15382130572284447], [0.15494019864291292, 0.1456885774102007, 0.1604341995668062, 0.11558636203695472, 0.12661573369346504, 0.14549850568487713, 0.15123642296478323], [0.14725005292422064, 0.14637741554016867, 0.15530572683636196, 0.11549072977703867, 0.13569827249153768, 0.15166786902117504, 0.14820993340949737], [0.1455312727778347, 0.14529459422141103, 0.15170400294516642, 0.1129994307683308, 0.14111035740634745, 0.15640891637120072, 0.14695142550970877], [0.13886075544635537, 0.14037914414196687, 0.1427564204797789, 0.12062451413493584, 0.15763880095398514, 0.15217662940088317, 0.14756373544209464], [0.16223378521602838, 0.14108262280687653, 0.1536846806285627, 0.12449098989451966, 0.12461882963222068, 0.13778344651599686, 0.15610564530579524], [0.1609756282959804, 0.14110248071593476, 0.15413287023441583, 0.12532474210994898, 0.12445350599412273, 0.13741288104614577, 0.1565978916034515], [0.16334998874962411, 0.14162726116701718, 0.1537252557171186, 0.12384188777039343, 0.1243211792604982, 0.1381178676898225, 0.155016559645526], [0.16238551131552287, 0.14037507050374023, 0.15414262031383474, 0.12326852942313184, 0.12490681534473715, 0.1380788667181315, 0.15684258638090162], [0.1640171948791717, 0.141062974945775, 0.15331470469213282, 0.12276703176860164, 0.12529707622746833, 0.1388634815199942, 0.15467753596685635], [0.16358786763894415, 0.14208471467115574, 0.15317824594196058, 0.12472492322359924, 0.12448838791789574, 0.13896107435493132, 0.15297478625151334], [0.16192961717882967, 0.14310667946885047, 0.15229182479718842, 0.12633694726120137, 0.12528057070563436, 0.1396636315240423, 0.15139072906425347], [0.1626782793282263, 0.14275607953294137, 0.1527941191193071, 0.12571826230726577, 0.12471946691787562, 0.13930376950575662, 0.15203002328862728], [0.16282024900697742, 0.14233368822116682, 0.15432539851502797, 0.124709429186549, 0.12337231417702905, 0.13835083863708886, 0.15408808225616097], [0.1645710473615044, 0.1411974226269623, 0.154238279511428, 0.1217826430190038, 0.12426270343033465, 0.13853900108234005, 0.15540890296842683], [0.163811342677482, 0.1419961125677579, 0.1532589280412232, 0.1241405673361854, 0.12458469574163619, 0.13925504289587984, 0.15295331073983537], [0.16301407905948326, 0.14242511642133585, 0.15391162833729408, 0.12472886952088948, 0.1238924390222499, 0.13903199784168077, 0.15299586979706667], [0.16330515763367992, 0.14185273026119877, 0.15549334584149305, 0.11958704976407518, 0.12493679516412987, 0.14055633909749113, 0.1542685822379321], [0.16322472238756594, 0.140126347429781, 0.154095183875497, 0.12205603140290194, 0.1254612579666225, 0.13905177327757287, 0.15598468366005888], [0.16208616347389873, 0.14201406651927695, 0.1561739235287392, 0.11911409576754797, 0.12469570614674923, 0.13877463077229782, 0.15714141379149005], [0.16446871426394294, 0.1417440403889133, 0.15492570743033224, 0.12202448942451166, 0.12334041011155049, 0.13836612957413455, 0.15513050880661478], [0.16492082160806926, 0.14136952861092505, 0.15489917708641976, 0.1215342714806697, 0.12354084344089662, 0.13846989738708668, 0.15526546038593275], [0.16179404606967576, 0.14082039524071924, 0.1523863078842955, 0.12434432013992514, 0.12728116335725034, 0.14039548077231562, 0.1529782865358186], [0.16273053751923294, 0.14205349697600342, 0.1549658310374803, 0.12331338055678513, 0.12372254431024418, 0.1389259172159066, 0.15428829238434744], [0.16046430418778707, 0.13891982110737217, 0.15519734035155117, 0.11743190295154987, 0.1277102638882805, 0.13793343026391644, 0.16234293724954296], [0.16035730467483397, 0.14162119015773975, 0.1557987759799772, 0.11793206237335778, 0.12677677278666005, 0.13975642187150522, 0.15775747215592606], [0.16402597905052943, 0.14213642787383346, 0.15521150686586016, 0.12184765556376824, 0.12320533035154668, 0.138544733042451, 0.1550283672520112], [0.16384366217974505, 0.14013798462721003, 0.15463231798636995, 0.12094723055941084, 0.12516020619083257, 0.13926625193376355, 0.1560123465226679], [0.16532422602631094, 0.14161892017047545, 0.1547817720481398, 0.12032472833717581, 0.12420125845366554, 0.13944097533818137, 0.15430811962605107], [0.16382544940208466, 0.14162229133451665, 0.15637264751409216, 0.11962282453945661, 0.12344778677239202, 0.13890674127435793, 0.15620225916309988], [0.16022103219918332, 0.138176690398735, 0.15551525498879304, 0.11544407018740277, 0.12784672602207117, 0.13836748229959214, 0.16442874390422257], [0.16153300728478437, 0.14102874425187825, 0.15691259155684226, 0.12059718232329922, 0.1237313751757725, 0.13862498651886782, 0.15757211288855552], [0.1609123828946168, 0.14118166961338594, 0.15696700134103472, 0.12095901779240449, 0.12393333199529033, 0.13883416993367667, 0.1572124264295911], [0.16060591379787664, 0.14085695148285196, 0.15733646270985235, 0.1195937907853039, 0.12452286900174292, 0.13948669177965045, 0.15759732044272184], [0.16164721349257855, 0.14123894780204743, 0.15640889028320554, 0.1175037747178825, 0.12549153323456202, 0.13908653012323985, 0.15862311034648421], [0.1607920755015974, 0.13930616611930768, 0.1550338699571485, 0.11973379645001828, 0.1265511105308572, 0.1376254689353282, 0.1609575125057426], [0.16666666666666669, 0.14254502208611272, 0.14389457149149754, 0.14251260905706356, 0.12562556397098115, 0.13606257106717984, 0.14269299566049856], [0.15721376347612845, 0.14400628889569092, 0.15481903992713572, 0.11540746187935107, 0.13140168219758874, 0.15004280735407577, 0.14710895627002926], [0.15213503468484618, 0.13986469671231547, 0.14806571621669948, 0.11892570189818961, 0.14372257740839342, 0.15167434019172077, 0.14561193288783517], [0.1509785626438614, 0.1402907063517347, 0.14622886430236828, 0.12207497360319014, 0.14532283238522076, 0.15149119073536932, 0.1436128699782553], [0.14552816218454556, 0.14603852309025261, 0.14497885909924865, 0.11804810603558308, 0.14594078967295232, 0.16081587963425678, 0.13864968028316096], [0.1479771067689931, 0.15059743691591734, 0.14664544941830066, 0.12296697740842881, 0.13690062953999713, 0.15703566983213432, 0.13787673011622859], [0.14304020012740412, 0.14709879417142874, 0.1457042289195462, 0.11526097907532874, 0.14346099392443773, 0.16666666666666669, 0.13876813711518785], [0.14078566452774488, 0.14345604054313044, 0.14456872374310892, 0.11669672505225635, 0.15151737938360305, 0.15902921138841306, 0.14394625536174327], [0.14554973131607318, 0.14051084234213454, 0.1396316357319055, 0.16666666666666666, 0.13087802459861989, 0.13908776325465363, 0.13767533608994656], [0.14547842966347874, 0.14078254503375415, 0.13980693481308287, 0.1658715142652673, 0.1309614950542859, 0.13930816342657262, 0.1377909177435585], [0.14048865962947862, 0.14248395181560247, 0.14396866880624334, 0.11692642312460139, 0.15373150833616755, 0.15800003244980962, 0.14440075583809714], [0.15500027980573727, 0.1459193989798179, 0.15407722388508596, 0.12046114912925901, 0.12984742632084256, 0.14861412759288659, 0.1460803942863707], [0.14627348288444308, 0.14670773660448738, 0.147105503112103, 0.11443465218392383, 0.14386535370617065, 0.16175876968775096, 0.13985450182112125], [0.15511207041266142, 0.14532100417936417, 0.16666666666666669, 0.11086252465532091, 0.12527294504480727, 0.14345281678964036, 0.1533119722515392], [0.1544897542987809, 0.14497428746541968, 0.16232809832741188, 0.11100251909866017, 0.12818137832925058, 0.14525183696182384, 0.15377212551865282], [0.15473292175362457, 0.14832344077233064, 0.16264179867453926, 0.11427734544312025, 0.12499931171247086, 0.14321058960763589, 0.1518145920362784], [0.15411384043697346, 0.14847023182095062, 0.1634100904675482, 0.11319653941139032, 0.12522083917860105, 0.14441889679907552, 0.15116956188546096], [0.15236694740956863, 0.15273064227491176, 0.1513433978224178, 0.1267819001967134, 0.12776231596019827, 0.14369736353586748, 0.14531743280032267], [0.14487087790309194, 0.1553448314986493, 0.15418089187270698, 0.11776659669228395, 0.1330417768997905, 0.15097785876886002, 0.14381716636461722], [0.14267786806825353, 0.15263499663730087, 0.14873327861546984, 0.1166454450562865, 0.14014542444418815, 0.1591512203810095, 0.14001176679749155], [0.14444812921261838, 0.1496129882092717, 0.1476349952435315, 0.11718201716562013, 0.14373170858361412, 0.155864321549682, 0.14152584003566224], [0.14518659019533683, 0.16666666666666669, 0.1442998062427636, 0.131636983610815, 0.1306940663965919, 0.14135607935778452, 0.1401598075300416], [0.16666666666666669, 0.14383038569722947, 0.14594801252838574, 0.13873398382486113, 0.12357404945844273, 0.13643807834034102, 0.14480882348407337], [0.16666666666666666, 0.14338996780227162, 0.14619746179714183, 0.13876896596861732, 0.12372125577957475, 0.13575249422638977, 0.14550318775933802], [0.16207987101573465, 0.1410661289612529, 0.1569801292559393, 0.1193890797071865, 0.12388355677240341, 0.1390831313563431, 0.15751810293114019], [0.15075089540234338, 0.1440037799246134, 0.15256527537031198, 0.12759017696680378, 0.13199873629188444, 0.14266420073957434, 0.15042693530446868], [0.15140004426859408, 0.14766696577488836, 0.1502458005109294, 0.1304600865364831, 0.13104890169570688, 0.14122164601139556, 0.1479565552020025], [0.1528117122476052, 0.1533570711502402, 0.156765219252775, 0.11912730129345153, 0.1256275013531282, 0.14493565030385305, 0.14737554439894693], [0.1440977062913772, 0.16515454029866716, 0.1493509335414328, 0.12433330610544147, 0.12944537063025777, 0.1483001119264954, 0.13931803120632827], [0.14533708093459793, 0.1622254805103622, 0.14911847646567392, 0.12389369558750506, 0.13046191866996068, 0.150387912012163, 0.13857543581973727], [0.14485681171308473, 0.16064856973564617, 0.1491018949616651, 0.1268133788731375, 0.13063391066835658, 0.14728898330115567, 0.1406564507469541], [0.14524289156752815, 0.1607951331718414, 0.14895507531804805, 0.12641331269547354, 0.13059074178851565, 0.14759791882711765, 0.14040492663147564], [0.14534907794552698, 0.1625879911379192, 0.14910728337405432, 0.12352672630477503, 0.13039010761774955, 0.15051820676257283, 0.13852060685740208], [0.14561588341207335, 0.1605499296023591, 0.1490949882027277, 0.12221175084238396, 0.1317862884044917, 0.15231767211095149, 0.13842348742501265], [0.14392472346265187, 0.16666666666666666, 0.14929957849337228, 0.12274029345033187, 0.12948915918547227, 0.1490360961314864, 0.13884348261001858], [0.14458895611592115, 0.16362590580871725, 0.1494074935097074, 0.12340828282652386, 0.13018362085129304, 0.15003775993692026, 0.13874798095091706], [0.14413472886991094, 0.16402051554955854, 0.1494823399458403, 0.12496831212297671, 0.1296759634680717, 0.14825595660446875, 0.1394621834391733], [0.14575169262047813, 0.1623835261977424, 0.1490452196563312, 0.12665724225540498, 0.12929649873729526, 0.1468757264594551, 0.13999009407329296], [0.14956832434774076, 0.14643915669809962, 0.14388627763740722, 0.13721844063845254, 0.1356247713010545, 0.14791667168584263, 0.13934635769140283], [0.14544588839954928, 0.1626623448307245, 0.1489395513685231, 0.12642484451464645, 0.12941012561607293, 0.14748776695533813, 0.13962947831514552], [0.1456425963428871, 0.15981391984488852, 0.14877713648874918, 0.12804026695317997, 0.13039781198932177, 0.14653180896942086, 0.14079645941155255], [0.1442468134180153, 0.16464472757448623, 0.14938129590434715, 0.1245914130725336, 0.12951839022864634, 0.1480517924292861, 0.1395655673726853], [0.14464647371735934, 0.1603916669126295, 0.1492397442050857, 0.12646165368255977, 0.1309991309837208, 0.14732048195351474, 0.14094084854513034], [0.14440723170589742, 0.16143995523539778, 0.149325004838743, 0.12576763548644193, 0.1307660343415061, 0.14766136556493648, 0.1406327728270774], [0.1505824544207261, 0.15123901686278277, 0.14531667283689237, 0.14001898054230646, 0.12971121477410855, 0.142286713238334, 0.14084494732484978], [0.144240606694222, 0.16150195934449707, 0.14967048485716863, 0.1224735536651358, 0.13178278916074376, 0.15147708059921358, 0.13885352567901924], [0.1448522062068344, 0.16002641236574877, 0.14919702905049295, 0.1252889187045914, 0.1314315793530552, 0.14997838925214585, 0.1392254650671314], [0.14534589566960007, 0.16040828435716076, 0.14894702500985804, 0.12741958919223212, 0.13040478569554154, 0.1467445542527136, 0.14072986582289382], [0.14580220498553653, 0.16017205898694345, 0.1487294556249489, 0.12680663124107752, 0.13060463482958717, 0.1475654246583333, 0.1403195896735731], [0.14605868857287865, 0.16025487568855706, 0.14866828326375792, 0.1263354258912877, 0.13070304401831329, 0.14775789374011883, 0.14022178882508657], [0.14573870238237022, 0.16013231403327866, 0.1487484506257728, 0.126133701191867, 0.13096218410978988, 0.1481510843624111, 0.1401335632945105]]