[[0.1595839323779025, 0.14152009231057994, 0.14309955928751122, 0.12035389248520847, 0.14341861833022437, 0.1253572385419069, 0.16666666666666669], [0.15346421821181677, 0.13917652578656378, 0.15050053315922293, 0.12237473877219526, 0.14688468243566266, 0.12093263496787182, 0.16666666666666666], [0.15371929952902555, 0.14046471404751026, 0.151503222589338, 0.12269638931878718, 0.14633853283700263, 0.12150696282220486, 0.16377087885613165], [0.15503308604780852, 0.14259137670512279, 0.14804237078774585, 0.12261115030002923, 0.14478190480383876, 0.12322926115845352, 0.1637108501970013], [0.15326679731262377, 0.14226184354563284, 0.15047969004298606, 0.12254303752399949, 0.14451422871259342, 0.12300507376228885, 0.16392932909987554], [0.15234845339525394, 0.14344646731786767, 0.14883763536996963, 0.12385242899227675, 0.1444981919830471, 0.12317653016930735, 0.16384029277227752], [0.15368899547509718, 0.14249428026114924, 0.15033566340648113, 0.1221905375779858, 0.14392504774121317, 0.12329479751078697, 0.1640706780272865], [0.15338544025562947, 0.14315084082332113, 0.1502786193580785, 0.12184320520273675, 0.14294031440651706, 0.12379355287100373, 0.1646080270827134], [0.1562251302696663, 0.13975091039633292, 0.14688242880249838, 0.12217053038228776, 0.14605227474832275, 0.1222520587342252, 0.16666666666666666], [0.153817197613079, 0.14381524141276142, 0.14857883759094673, 0.12124942178364187, 0.1424626209227313, 0.12341001401017304, 0.16666666666666669], [0.15260416306521254, 0.1436971824314251, 0.1495628456976388, 0.12332788109887671, 0.14340271176622543, 0.12303339530812013, 0.16437182063250133], [0.15421973339659395, 0.14516336200430496, 0.14777984649468318, 0.12155262598100917, 0.14164305022532125, 0.12477416683192034, 0.16486721506616708], [0.1529444674354398, 0.14324296058042454, 0.15045125387822095, 0.12327197475886073, 0.14356638254761597, 0.12299579140629067, 0.1635271693931474], [0.15314108323693096, 0.14451507203527608, 0.14936820958043, 0.12167553505655736, 0.14205100816993113, 0.12428796374542209, 0.16496112817545228], [0.15272575538921995, 0.14583430982621434, 0.1487521665683777, 0.12223660987592823, 0.14137552143620882, 0.12542257159795966, 0.16365306530609122], [0.15300285585334644, 0.1447638394412071, 0.14935927925417006, 0.12191405093760638, 0.14192250567255446, 0.12451554640947257, 0.16452192243164296], [0.15426059897094785, 0.14619337004434915, 0.14754620541765345, 0.12157637857677876, 0.1407584440475564, 0.12592778630194526, 0.16373721664076912], [0.16120953200009522, 0.14165421918813517, 0.14304435041084523, 0.1216675479847727, 0.14285297870606906, 0.1284458996571423, 0.16112547205294062], [0.16020862053755958, 0.14213987784578955, 0.14555211772242893, 0.11839991344344515, 0.1418717735240822, 0.12516103026002787, 0.16666666666666666], [0.15452597702077941, 0.14416370139842516, 0.14796481402064166, 0.12217341078591472, 0.14334511732493496, 0.12376752960951294, 0.16405944983979118], [0.15435387808916332, 0.1450451037764061, 0.14734825142485863, 0.1218989474989274, 0.14239790662276652, 0.12447857271673157, 0.16447733987114654], [0.15918852788752258, 0.1412130929367146, 0.14632404472082966, 0.12157822384314243, 0.14260603118555262, 0.1292096016471536, 0.1598804777790844], [0.1552258505868988, 0.14580493248230647, 0.14674525912628383, 0.1214408255990883, 0.14133741516647585, 0.12535407009027344, 0.1640916469486732], [0.1539816515492992, 0.14538713764975975, 0.14795338928195684, 0.12155928684969171, 0.14147396530832837, 0.12477308573083822, 0.16487148363012605], [0.15543463741211005, 0.14320972881709032, 0.14938356250621865, 0.12118801010813254, 0.14304759898829503, 0.12401340316930863, 0.16372305899884462], [0.1543414265521801, 0.14458371190966918, 0.14838584676801142, 0.1214104141575044, 0.14180914044733656, 0.12431389637177033, 0.16515556379352805], [0.15514077522015587, 0.14355303957927876, 0.1481316455444342, 0.1219980860357797, 0.14354988790551693, 0.12367703206891045, 0.16394953364592416], [0.15370737058518158, 0.14462445619580294, 0.1487933398109227, 0.1214755802628408, 0.14200695821469755, 0.12404955205402657, 0.16534274287652773], [0.15298028548467166, 0.1461593048798108, 0.14820707525437707, 0.12218706648386056, 0.14130500608295846, 0.12535444680398566, 0.16380681501033592], [0.1547014049919062, 0.14414124041385626, 0.14839498998247055, 0.12134105885608402, 0.1423561331286539, 0.12393468769938804, 0.1651304849276411], [0.1538351966551917, 0.14640825021830145, 0.1476451350338784, 0.12170165143081854, 0.1407793478411727, 0.12577317220902035, 0.1638572466116171], [0.15349780081516498, 0.14542590743739547, 0.14928830994041645, 0.12139369694114936, 0.14107112827230261, 0.12529277824422116, 0.1640303783493499], [0.1541340779149206, 0.14518819402183886, 0.14808125556174098, 0.1214502100572193, 0.14168944140915538, 0.12472317831280534, 0.1647336427223196], [0.15270144558516358, 0.1463306030804101, 0.14910189801461265, 0.12227635574227648, 0.14086954228183216, 0.1257013299396941, 0.16301882535601092], [0.15447059090355053, 0.146561933099414, 0.14723900969601597, 0.12140158649364874, 0.14072136485935258, 0.12586242146221882, 0.16374309348579918], [0.15591020890033574, 0.14395993012615116, 0.14843142331112033, 0.12114005349609881, 0.1424610536744178, 0.12439342599933628, 0.16370390449254008], [0.15892156739886878, 0.14146060484317688, 0.14437042834947017, 0.12080899804039011, 0.14365737086942557, 0.12411436383200185, 0.16666666666666669], [0.15412008924319662, 0.14613764569195314, 0.1475661458774529, 0.12167567976597604, 0.1410363522330671, 0.1253556395785103, 0.16410844760984394], [0.16341435754592415, 0.14340102080436057, 0.14306110493308802, 0.11958422552448464, 0.1396874364263533, 0.1304148203090095, 0.1604370344567799], [0.16341435754592415, 0.14340102080436057, 0.14306110493308802, 0.11958422552448464, 0.1396874364263533, 0.1304148203090095, 0.1604370344567799], [0.15469971576831648, 0.14633243196034457, 0.14760749362309195, 0.1211974346804888, 0.14037643009658282, 0.1259555938372249, 0.1638309000339506], [0.15361913539325883, 0.14626755844030961, 0.14865219253981854, 0.12150620584635716, 0.14059157346673334, 0.12572538535181876, 0.16363794896170372], [0.15569387232346033, 0.1443037146512682, 0.14835837245020578, 0.12119084251750463, 0.14221928379828983, 0.124271703188928, 0.16396221107034323], [0.16666666666666669, 0.14496314228912588, 0.1414836738432387, 0.11822507867316802, 0.138100815379478, 0.13017252174414798, 0.1603881014041748], [0.15442800337376275, 0.14646970953028185, 0.1472910708222666, 0.12122240256448416, 0.1403373352317123, 0.125856418061626, 0.1643950604158663], [0.1595062963660495, 0.14415380138484443, 0.14417912968284352, 0.12092673588901667, 0.1418413291015583, 0.1258206481568446, 0.16357205941884304], [0.15649299576781817, 0.1452974005593352, 0.1474506295032173, 0.12031820910920228, 0.14075767572486667, 0.1254164830598384, 0.164266606275722], [0.16433837687698236, 0.1447793302788249, 0.14176846869771484, 0.11909847894866511, 0.13855306004758075, 0.13165521744682793, 0.15980706770340403], [0.1629094373955432, 0.14846760318129146, 0.1414722486346595, 0.11848916138930206, 0.13662872703108572, 0.13270974811314032, 0.15932307425497763], [0.15897843789392854, 0.14376650333078972, 0.14526228318684092, 0.12092391488465587, 0.14197494545804296, 0.12544549081901915, 0.16364842442672292], [0.16414947985230421, 0.14651302690132784, 0.14142432042819522, 0.11893531543792216, 0.1371574802770063, 0.13328242997364392, 0.15853794712960032], [0.15808576336504998, 0.145973902226882, 0.14470331142800943, 0.11929642561618464, 0.1393102618513895, 0.12596366884581783, 0.16666666666666669], [0.15860113478913151, 0.14559727622457694, 0.14850695034170225, 0.11851560889334829, 0.13839713099051326, 0.12570142188561143, 0.1646804768751164], [0.15780345842183982, 0.14689027619706202, 0.1477117191672773, 0.11849007744517666, 0.13770486012250008, 0.12596769769991303, 0.1654319109462312], [0.15771553303453678, 0.14630658909852415, 0.14859673304763962, 0.11786459231877076, 0.13749282326563306, 0.1253570625682289, 0.16666666666666666], [0.15321754971938734, 0.149139512255828, 0.14890346053643816, 0.1192276147315385, 0.13545610279253478, 0.12738909329760661, 0.16666666666666669], [0.15382889650349355, 0.14397110280407097, 0.14896146057024878, 0.12199677179562649, 0.14260793949609712, 0.12404652878149443, 0.16458730004896868], [0.153780727171277, 0.14457901403836873, 0.14840869267420514, 0.12170199110568646, 0.14219359604683096, 0.12404879608544477, 0.16528718287818694], [0.15382125609505473, 0.14150678813831796, 0.1502765289680571, 0.12290912264982605, 0.1453219507997546, 0.12290276474229901, 0.16326158860669066], [0.15509231172140306, 0.14239953131729896, 0.14904089464912948, 0.1220836307261197, 0.14428614985022878, 0.12336304887553144, 0.16373443286028846], [0.1580682478197714, 0.1431807476959598, 0.14780737556431375, 0.11825415760355311, 0.1412748805018954, 0.12474792414783988, 0.16666666666666669], [0.15792691392337402, 0.14124916489735748, 0.14433157022329324, 0.12011249175911184, 0.1452480179225804, 0.12446517460761634, 0.16666666666666669], [0.16450519854032564, 0.14522028991772074, 0.14189421364202515, 0.11890994675481477, 0.13907432192743607, 0.1291746365500887, 0.161221392667589], [0.16311525548717545, 0.14371603820357895, 0.14175383605299685, 0.12031804586837035, 0.1400060170883886, 0.1312662967004447, 0.1598245105990452], [0.1640393074894205, 0.14607024825616163, 0.14264401208235994, 0.11816563122190828, 0.1382471148665532, 0.12958406904054934, 0.16124961704304694], [0.16285217171667807, 0.14483352300624663, 0.14361912555583564, 0.11808756980776106, 0.1393603367763558, 0.1282325907590894, 0.16301468237803346], [0.16141025416399488, 0.14896328506900877, 0.14238167343065486, 0.11824497410643418, 0.13660790896699104, 0.1316652363707474, 0.1607266678921687], [0.1610780576103418, 0.14909347456701103, 0.1427338980443004, 0.1181430621838344, 0.13650558512512181, 0.1316612979295721, 0.16078462453981843], [0.16160060045984911, 0.14871475738652942, 0.14246297678130843, 0.11814610169285884, 0.13664777190604604, 0.13130790178031965, 0.1611198899930885], [0.16252293450767505, 0.14908197421063937, 0.1414647190132823, 0.1182873247922467, 0.13591794828144976, 0.13378288964441704, 0.1589422095502897], [0.15158020923414148, 0.13586303577377803, 0.14829135863072782, 0.12521666752244598, 0.15126894526592038, 0.12111311690631957, 0.16666666666666666], [0.15697265329131924, 0.14061054277132312, 0.1451685448099783, 0.12222930394567694, 0.14565586517288212, 0.12269642334215371, 0.16666666666666669], [0.1527620364033992, 0.14184513873615603, 0.15046278529538695, 0.12408064431265864, 0.1456961280023586, 0.12213553847755725, 0.16301772877248324], [0.15328401195387054, 0.1413595827582157, 0.15024957884308895, 0.12377854150583205, 0.14634001427555526, 0.12199118564602046, 0.16299708501741703], [0.15272738363492805, 0.14222559750691732, 0.1501926373088645, 0.12406444306172121, 0.14525098161771402, 0.12225555389028238, 0.16328340297957253], [0.1527542579530275, 0.14243131094026196, 0.15011536861788455, 0.12368804042501963, 0.14489630464321557, 0.12244321331361332, 0.1636715041069775], [0.15418659047899572, 0.1411928124725702, 0.1480614917640182, 0.1240121503780452, 0.146891472011395, 0.1221924777967348, 0.16346300509824094], [0.15297550977072574, 0.1427186527358986, 0.14901454196071423, 0.12349130614016746, 0.14510617153928215, 0.12268774876523454, 0.1640060690879774], [0.15415244068378173, 0.13986410972584726, 0.15148814051025963, 0.12179520004916934, 0.1458574698715959, 0.12191208580533186, 0.16493055335401421], [0.15248449162674618, 0.14283707881154845, 0.1486811988180156, 0.12453072100645443, 0.14535738745022564, 0.12231261804193459, 0.16379650424507514], [0.15242140147551417, 0.142789886646902, 0.14807938462221062, 0.12545232043548282, 0.14620723069655972, 0.12256178698085114, 0.16248798914247933], [0.15356401945870568, 0.14158133707745968, 0.15149106140861385, 0.12330383058508329, 0.14525422640320712, 0.1219992166946052, 0.16280630837232526], [0.15399293894271462, 0.1418636655381448, 0.14971009051143971, 0.12315692627487046, 0.14526501185021187, 0.12276567200846443, 0.16324569487415422], [0.15312272518627865, 0.14248478490763924, 0.1493569458591468, 0.12352765236851994, 0.14508999577548654, 0.1224239277018779, 0.1639939682010509], [0.15100972095258264, 0.1349305558586257, 0.14905773846919879, 0.12840853211180847, 0.1526314165786393, 0.11729536936247857, 0.16666666666666669], [0.15467767754670916, 0.14241035198640775, 0.1492985755813243, 0.12220199061326886, 0.14485957666304394, 0.12306865235705683, 0.16348317525218922], [0.15400223594382015, 0.1422893032760752, 0.15166474979860806, 0.12184332990829755, 0.14406274718175774, 0.12268043947741364, 0.1634571944140276], [0.15415484791696335, 0.14175433328228182, 0.1492670917207758, 0.12359574212602421, 0.14593591683440452, 0.12239428567046562, 0.16289778244908462], [0.15331051577043525, 0.14297858964405927, 0.14923971359487584, 0.12284237494482983, 0.14434006495511884, 0.12275182461729085, 0.16453691647339025], [0.15209261047853828, 0.1437279395031099, 0.1488893867121564, 0.12312848395041992, 0.143025335039308, 0.12246957764980083, 0.16666666666666669], [0.15802852894296096, 0.14527928337757395, 0.1436603496476296, 0.12036415348477945, 0.14050964503830055, 0.12549137284208875, 0.16666666666666666], [0.15363716902821994, 0.14402764051696726, 0.1496134610117775, 0.12159954603264639, 0.14276331213416488, 0.12354286179639826, 0.16481600947982572], [0.15452735058242187, 0.14375649364509147, 0.15087158229166928, 0.11916007381144285, 0.14142672634881892, 0.12359110665388884, 0.16666666666666666], [0.15470020360070455, 0.14297329856701563, 0.15110014817657813, 0.12119496995924557, 0.1432379585871998, 0.12300537568096355, 0.16378804542829273], [0.15313630927751712, 0.14450575911407282, 0.14986632386277965, 0.12276080971073787, 0.14231684130555755, 0.12362104590481193, 0.16379291082452307], [0.15673399368744145, 0.14311002317709665, 0.14623057251246271, 0.12077427713424582, 0.14299765420114857, 0.12348681262093816, 0.16666666666666666], [0.1587447844435802, 0.14609035991722769, 0.143919673900069, 0.11999057177172873, 0.13963654798565894, 0.12650614810135638, 0.165111913880379], [0.15160291418746943, 0.14853762814868254, 0.14747750737256582, 0.12090927953722262, 0.1375477076387012, 0.12725829644869177, 0.16666666666666669], [0.15414502452326256, 0.14572803962921108, 0.14906018808560415, 0.12129004005372232, 0.1396971919228001, 0.12341284911873315, 0.16666666666666669], [0.1559080171534975, 0.1459654181304225, 0.14813665895872088, 0.11950444310905207, 0.13949363130393663, 0.12432516467770371, 0.16666666666666666], [0.1548186224361859, 0.14684014854199542, 0.14911097300016957, 0.11943931414006352, 0.1382428032971363, 0.12488147191778273, 0.16666666666666669], [0.15416844574165708, 0.15054878637500968, 0.14492422503056362, 0.12018671614670837, 0.13600980813299626, 0.12749535190639835, 0.16666666666666669], [0.15320785638613987, 0.15007120990618747, 0.14853428986518444, 0.11761957505132138, 0.13385055404890242, 0.1300498480755977, 0.16666666666666666], [0.16666666666666666, 0.14780163137696967, 0.13971761379231148, 0.12095403091877784, 0.1326284001774494, 0.14259366989393404, 0.14963798717389085], [0.15996697651255098, 0.14882307124107624, 0.1429814410467157, 0.12063543700877236, 0.1349182650399273, 0.13882971418047793, 0.15384509497047943], [0.14857466708033382, 0.15407677739919762, 0.14320289271149006, 0.1272003675891284, 0.12639453763205613, 0.15657535595159444, 0.14397540163619957], [0.146303765037358, 0.14835476221719754, 0.1440643170109989, 0.1337635895015226, 0.1343836733495516, 0.1502371486772531, 0.14289274420611822], [0.14848449523757376, 0.14836592654527334, 0.1415781539047724, 0.13109790405149588, 0.13068985834300953, 0.15835028886669136, 0.14143337305118378], [0.15539345964404574, 0.15821655660502607, 0.14943608590241605, 0.11970039658552654, 0.12611777170888866, 0.14706052342407694, 0.1440752061300201], [0.15154441148693457, 0.1563062039500623, 0.15018449908921166, 0.12108504859319004, 0.12791182894504383, 0.14422472443687748, 0.14874328349868], [0.1466737808760696, 0.15223875388992866, 0.1420195681950261, 0.12729306579937016, 0.12799581537709825, 0.15977057294692987, 0.1440084429155773], [0.14640639179300838, 0.15189488291963382, 0.14183715674355576, 0.1280550063887287, 0.1284911560036119, 0.15951155274755116, 0.14380385340391022], [0.1481343571006092, 0.15197011535624402, 0.14153337063907528, 0.12441920010592393, 0.12571400808996427, 0.16666666666666669, 0.1415622820415167], [0.15566630325112157, 0.1418443195787673, 0.148042343015787, 0.12283789385455728, 0.14549317895521974, 0.12328920687121238, 0.1628267544733347], [0.15652144882084218, 0.14326633913438963, 0.14611508872669274, 0.12256117977727912, 0.14409883035479099, 0.12427275081958702, 0.16316436236641832], [0.1562861517076056, 0.1420059926335634, 0.14705849264678345, 0.12258823020350391, 0.1453951214809054, 0.12342325476541124, 0.1632427565622271], [0.15606099713505653, 0.1425080285365388, 0.14645015483706958, 0.12291550922462187, 0.14523753157560432, 0.12357587207394533, 0.16325190661716377], [0.1533241169077996, 0.13921583658634332, 0.14685193641139696, 0.12444430224245566, 0.14867995201804032, 0.12081718916729751, 0.16666666666666669], [0.1538781023752766, 0.14182899493393925, 0.14841314999925473, 0.12420461393448616, 0.14650402457192652, 0.12270243768119961, 0.16246867650391716], [0.1539618357511148, 0.14067138523512587, 0.14874255998301028, 0.12386657496036667, 0.14712702140059214, 0.1219053830449788, 0.1637252396248115], [0.15638826794151836, 0.14288776873499848, 0.1466169538269813, 0.12217141026456324, 0.14424904272750494, 0.12364314492244213, 0.16404341158199165], [0.1528111112654684, 0.1429061034573452, 0.14934180258855903, 0.12364679177228037, 0.1447895791383186, 0.12266664157787453, 0.16383797020015395], [0.15379451729392005, 0.14232178460367517, 0.14960661404469525, 0.12272700248950727, 0.14494740085056196, 0.12258540740394863, 0.1640172733136918], [0.15407106379325824, 0.14107203020625564, 0.1490585116517358, 0.12389278399330902, 0.146870875181502, 0.12183257491738128, 0.16320216025655804], [0.1560592458026366, 0.1437400773029621, 0.1478429130491119, 0.1212053436019362, 0.14272066461608188, 0.12429039377884009, 0.16414136184843128], [0.15529353555192177, 0.14455802255366484, 0.1463608325828806, 0.12226017266196637, 0.143113528070577, 0.12433977269123744, 0.1640741358877519], [0.1554767036602828, 0.14486861701261156, 0.14720987265315777, 0.12126760918132475, 0.14197151845747957, 0.12467154951347617, 0.16453412952166727], [0.16172053972056025, 0.14775079400238034, 0.14637047424074617, 0.1195063206294698, 0.13554586089252998, 0.13198059016263347, 0.15712542035167987], [0.16091766181383382, 0.14758467766181185, 0.14831314388354294, 0.11954874137397314, 0.13631666513828433, 0.12972254737423183, 0.15759656275432218], [0.16666666666666669, 0.15224136544047226, 0.14845347312899432, 0.11744750106324935, 0.12913245754553979, 0.1368823849511227, 0.14917615120395492], [0.16092116044946916, 0.15720046446989222, 0.14771864095504095, 0.11714070905194547, 0.12622753120713062, 0.143082431927748, 0.14770906193877356], [0.1515687519512343, 0.15343345730046948, 0.14408742407244754, 0.12461808991375962, 0.12659785497614742, 0.1584218543922403, 0.14127256739370148], [0.15578191176625303, 0.14160059637088568, 0.14752320495151816, 0.12319815270979233, 0.14589389230826322, 0.12332991119828136, 0.1626723306950061], [0.15607228442859694, 0.13998372387036878, 0.1448681778864699, 0.12316662336830653, 0.1469926165334271, 0.12224990724616414, 0.16666666666666669], [0.15469425219666819, 0.14200374609801444, 0.14884864495918407, 0.12265711365553669, 0.14521118242677347, 0.12314966504249517, 0.16343539562132808], [0.15665410500573737, 0.14302921344000902, 0.1460044971941605, 0.12243590791055303, 0.14432584976019203, 0.12410562541398934, 0.1634448012753589], [0.15423377396436488, 0.14351989281331706, 0.14833487130957163, 0.12114214416175306, 0.14233681617495011, 0.12376583490937668, 0.16666666666666669], [0.15271187057116326, 0.14328240612768703, 0.14898459311999576, 0.1232747463237701, 0.14437421685219776, 0.12303003257796931, 0.16434213442721668], [0.1524773856529047, 0.14282123916568612, 0.15051890749082442, 0.12366134067097714, 0.14408697304409643, 0.12253488061085072, 0.1638992733646604], [0.1526559291427892, 0.14288395784135813, 0.14979036077615757, 0.1235657518840178, 0.1444620826330935, 0.12251445341129664, 0.1641274643112873], [0.15408489767041528, 0.14197958058453497, 0.14850376551526456, 0.1238917862241244, 0.1461053179329526, 0.12252861414452201, 0.16290603792818603], [0.15531963392502257, 0.14333822382097436, 0.14839573798183744, 0.12142673273677006, 0.1431627662238298, 0.12392645892066805, 0.16443044639089768], [0.15286085270424962, 0.14382180332450445, 0.1488634274188149, 0.12287796878813279, 0.14348099765541697, 0.12333528335193572, 0.1647596667569456], [0.15361399849476384, 0.1432610086692616, 0.14847488660949487, 0.12375028053995178, 0.14486293081047508, 0.12289433252429899, 0.16314256235175384], [0.1554887194176263, 0.14586226866092888, 0.148071590394903, 0.11956755598360617, 0.13942368237767602, 0.12491951649859286, 0.16666666666666663], [0.15574640591633196, 0.1448786413895353, 0.14559630019728853, 0.12106092389240512, 0.1415089527666797, 0.12454210917109278, 0.16666666666666669], [0.15711978736639196, 0.1427547459603239, 0.14897468507861433, 0.11900613095797823, 0.1421898155017838, 0.12460041399588728, 0.1653544211390206], [0.15514140927723144, 0.14283181912499734, 0.14868506824324387, 0.12206667164386041, 0.1441599236453654, 0.12338134892256891, 0.16373375914273247], [0.15529715598772395, 0.14341284749170077, 0.1482033572556566, 0.12165974052231976, 0.14341725303495417, 0.1236607341687919, 0.16434891153885275], [0.15231238899277785, 0.14665548899952116, 0.14597606587034492, 0.12228546830366119, 0.14073874126687505, 0.12536517990015314, 0.16666666666666666], [0.15487841357067766, 0.14349671280457926, 0.14747755649374938, 0.12298948621544073, 0.1443892165847856, 0.12340170684961908, 0.16336690748114815], [0.16259163526048023, 0.14276369415669274, 0.14269676870962653, 0.12026385347935677, 0.14091197848258083, 0.12995101000108933, 0.16082105991017345], [0.1576771928938236, 0.14377252179086022, 0.14848963078613184, 0.11749292300258686, 0.13948373323735935, 0.12641733162257143, 0.16666666666666666], [0.1552747060831684, 0.14265987397267582, 0.14923619924995554, 0.1220949263545288, 0.1440653256583017, 0.12344511072004873, 0.1632238579613209], [0.1560739054501162, 0.14581657679572455, 0.14600018265065884, 0.12121139001888491, 0.1411986068754906, 0.1254000237629097, 0.1642993144462153], [0.15487242666478257, 0.14485637410538277, 0.14897621510451953, 0.12067821154326105, 0.14135632648255717, 0.12452517258380236, 0.1647352735156945], [0.15659823496004346, 0.14383806350180997, 0.14818799332379004, 0.12065376299371026, 0.14225399282093992, 0.12439490340271092, 0.16407304899699549], [0.16457521135291192, 0.14410320354996256, 0.1426115276882171, 0.11879648392905004, 0.13888327633126282, 0.1303874114111759, 0.16064288573741958], [0.1577585513030775, 0.1433713652591332, 0.14526641946996074, 0.12154160706676417, 0.143019089140573, 0.12461154894437079, 0.16443141881612075], [0.15744401575056863, 0.14362842836560746, 0.14494431737538824, 0.12207866390894362, 0.14320767455819253, 0.12498011986099732, 0.16371678018030225], [0.15785386565016007, 0.14508042572666668, 0.14495217587666567, 0.12092534439561996, 0.1414082219489453, 0.12571499344458742, 0.16406497295735478], [0.15866446983612223, 0.1434083177919514, 0.1473719294776179, 0.11775656739306123, 0.140428795505481, 0.12570325332909973, 0.1666666666666667], [0.16120058458942893, 0.142014173280789, 0.14280834967158784, 0.12173200323080924, 0.14268940956282222, 0.12825906437889056, 0.16129641528567212], [0.14783107650058874, 0.13394863373492708, 0.14721844318331717, 0.14075225751536713, 0.15761817841198894, 0.12263448191052655, 0.14999692874328435], [0.1557124372062521, 0.15471237561726314, 0.14712493957152636, 0.1192727789671908, 0.13118996879309727, 0.13406091867299463, 0.15792658117167577], [0.1500456317879931, 0.16666666666666666, 0.14174266110589892, 0.11916426655194254, 0.1263358932188305, 0.14383723048958105, 0.15220765017908724], [0.1480401672950759, 0.16231208372832365, 0.14210040934316154, 0.12280925597970772, 0.12782689119833496, 0.14567429698060783, 0.15123689547478852], [0.15052335670096012, 0.16120301334183243, 0.14770510109654286, 0.12126508924311424, 0.12506441372961438, 0.14731217536155924, 0.1469268505263767], [0.15009780903853634, 0.15749081766208078, 0.15135684688932122, 0.12503216537151754, 0.12885467902473202, 0.13830733202750425, 0.14886034998630787], [0.15337820893986648, 0.16666666666666666, 0.14904313763189544, 0.11846747911580087, 0.12302209488180307, 0.14490847948632093, 0.1445139332776465], [0.1539144410425277, 0.15961512190180455, 0.1465759106247614, 0.12053018961326094, 0.12391363742891769, 0.1526795631694523, 0.1427711362192753], [0.13990341546351348, 0.14104892840553238, 0.14173172419196373, 0.16666666666666669, 0.14186503236509837, 0.12728018193853557, 0.14150405096868987], [0.1397499622242417, 0.1416088454043165, 0.14199783306213087, 0.16578904132839986, 0.14192073802690933, 0.1272581667878485, 0.14167541316615317], [0.15312028251417442, 0.15871513171234608, 0.14564875845173977, 0.12103057827702848, 0.12403778487502116, 0.154798811045787, 0.14264865312390304], [0.15545591285109228, 0.1505556086257316, 0.14960931910170822, 0.12276209631143918, 0.13435486466210872, 0.13168095469232222, 0.15558124375559773], [0.15301195338239731, 0.1621262394748429, 0.1483743356029328, 0.11834542849479843, 0.12476909771297644, 0.14557256020520787, 0.14780038512684426], [0.16666666666666663, 0.14584104147066793, 0.14751703104501177, 0.11660361585566328, 0.1360469405804813, 0.12953150224839913, 0.15779320213310977], [0.1627360581465763, 0.14812509951814262, 0.1474795186866026, 0.11623667327120571, 0.13452618327345017, 0.1318001875868037, 0.1590962795172188], [0.16298224611281337, 0.14519464507537458, 0.149875020669516, 0.11870874797318128, 0.13849123424727813, 0.1285237861254355, 0.15622431979640103], [0.1636571802357086, 0.1461069261779544, 0.14985086982616339, 0.11725353686490957, 0.1367745666412048, 0.12836550378310668, 0.15799141647095255], [0.15502178097951594, 0.14208220835465107, 0.16666666666666666, 0.12156882449176809, 0.14013883368310728, 0.12267738395646326, 0.15184430186782769], [0.16666666666666669, 0.15074283188309323, 0.1551752242424424, 0.11703404701516887, 0.13060953441889744, 0.13253805774039748, 0.14723363803333403], [0.15721347505727448, 0.15943142757446457, 0.1533786827638926, 0.11851044489633417, 0.12603090365413458, 0.14113424700610103, 0.14430081904779865], [0.15484961654630908, 0.156478420651771, 0.15058246738389414, 0.1199951543591358, 0.1273475864714216, 0.14503553076414294, 0.14571122382332552], [0.14658581043576963, 0.14163678043155062, 0.16666666666666669, 0.13049761206125648, 0.14060117314478499, 0.12952402562728163, 0.14448793163269003], [0.14717301923303874, 0.138252246037953, 0.14787407272927638, 0.13530798574677697, 0.15763672836947107, 0.11828865583652998, 0.15546729204695378], [0.14717106161716928, 0.13221024781225857, 0.14689440809418805, 0.13474509020803865, 0.16666666666666666, 0.117526946084771, 0.15478557951690777], [0.15774906091778892, 0.14416665336795267, 0.14650099230729188, 0.1205826152842923, 0.14164802963562748, 0.1249636280501908, 0.16438902043685613], [0.16666666666666666, 0.14164696471204494, 0.14480405769629195, 0.1259340965760296, 0.1391618942468643, 0.130529492761481, 0.15125682734062154], [0.16666666666666666, 0.1383298867115781, 0.1464922754388325, 0.12634530446479494, 0.14549979679796288, 0.12700103690955078, 0.14966503301061412], [0.16666666666666663, 0.14415314292882106, 0.15301281651609244, 0.11741546677141151, 0.13899380176968437, 0.12414973110129802, 0.15560837424602586], [0.15550178233736708, 0.14761208169049211, 0.16509789447278636, 0.12274745440544652, 0.13556927832275978, 0.12805102218230063, 0.14542048658884751], [0.15435137446210725, 0.1501394583823369, 0.16215769714212022, 0.1232408753842025, 0.13399056983009774, 0.12990934562321146, 0.14621067917592406], [0.15406957815378725, 0.14586749928988457, 0.16473759706105845, 0.12388987092192813, 0.13838635219441028, 0.12799066453993677, 0.14505843783899475], [0.1543057598186764, 0.1459588385732055, 0.16666666666666666, 0.12295328069950379, 0.13745534140397725, 0.12748978641341988, 0.14517032642455044], [0.1543098078300868, 0.15027682117640556, 0.16252702349833378, 0.12288187473048741, 0.1339606863364688, 0.12984784919049644, 0.1461959372377213], [0.15424664308204591, 0.15221266475835984, 0.16150277894166648, 0.12188642539869048, 0.13245598046496265, 0.13153103036780592, 0.1461644769864688], [0.15582408369484255, 0.14847444609607172, 0.16666666666666669, 0.12134094854408707, 0.1340824295365601, 0.12830481019621082, 0.14530661526556116], [0.1554056297591835, 0.14965210471651713, 0.1635553849189243, 0.12240504059146404, 0.13409527402566826, 0.12933751128416585, 0.14554905470407697], [0.1562476086178232, 0.1475432252092401, 0.16391807544967588, 0.12335404921229816, 0.13570231662853632, 0.12824394724424576, 0.14499077763818066], [0.1543407057319563, 0.14617691797435367, 0.16223229058835612, 0.1252445289143569, 0.1382170778047475, 0.12797697626058174, 0.14581150272564777], [0.1442364121920591, 0.16666666666666669, 0.14474785305001434, 0.13342605028407645, 0.13192950011861246, 0.13162714562223396, 0.14736637206633713], [0.15409974149545513, 0.1467926304979635, 0.16251720876259124, 0.12496628546745914, 0.1374436402732097, 0.12805976765238614, 0.14612072585093525], [0.1538611616354837, 0.14488230864358076, 0.16431582081292068, 0.12487589103001952, 0.1396704620006364, 0.12742657233579735, 0.14496778354156167], [0.1555536494285138, 0.14734090368132624, 0.16456751116510512, 0.12298458919791608, 0.13598621054684754, 0.1280997240916031, 0.14546741188868803], [0.15389465806612468, 0.14614067151662033, 0.16358747146272998, 0.12400978554228105, 0.13836655288703953, 0.12882397699439516, 0.14517688353080932], [0.15431141984400934, 0.14662320364251621, 0.163754347861063, 0.12353353161153291, 0.13763443481443408, 0.12880496730703547, 0.14533809491940894], [0.146979432848395, 0.1397208613734054, 0.16666666666666669, 0.13406798383247104, 0.1465829571253717, 0.1214582741023835, 0.14452382405130682], [0.15651593702485003, 0.15114521608924925, 0.16235307244656938, 0.12150801545198617, 0.13245780851468725, 0.1310206406161587, 0.1449993098564992], [0.15361568951653073, 0.14895191413961187, 0.16666666666666666, 0.12274382507744346, 0.13441073839930467, 0.12926431311478462, 0.14434685308565798], [0.1538728738035838, 0.14533267913842168, 0.16410687042815397, 0.12463815864694354, 0.1392174428238101, 0.12783491527835172, 0.14499705988073516], [0.1544794966844028, 0.14598909923926184, 0.16507519789995806, 0.12351719137015005, 0.13782870347753975, 0.12762862429459926, 0.14548168703408831], [0.1545601200164393, 0.14636629882095176, 0.16448320256924948, 0.1233672401732223, 0.1374131735210368, 0.12805629402841706, 0.14575367087068322], [0.15452501249926215, 0.14680682618395788, 0.16440172616071716, 0.12319094900394698, 0.1371526984617377, 0.12836998679750278, 0.14555280089287528]]