[[0.15963224430259784, 0.14158979001776642, 0.14298021130752517, 0.12858791071352266, 0.14755192403601028, 0.1327017043009174, 0.14695621532166037], [0.16200500289197714, 0.14042218176935153, 0.14551778689744885, 0.12826247658475373, 0.14951430688646142, 0.12701207202455847, 0.14726617294544875], [0.16246191098744847, 0.14082470504689082, 0.1456760561794046, 0.12820268814239538, 0.14888417926326578, 0.127162210847727, 0.14678824953286804], [0.16509266178140258, 0.14115852484066724, 0.14381092793175915, 0.12788084528347501, 0.14739964780888465, 0.12842502089023308, 0.14623237146357818], [0.16377883426287468, 0.1414638709753561, 0.1447330869890525, 0.12797627252697882, 0.14724200527204723, 0.12838141517987425, 0.14642451479381655], [0.16304796900140506, 0.1417116898723016, 0.14427771558749647, 0.1293209786172369, 0.14732971276917012, 0.12873141056775858, 0.14558052358463117], [0.1638438343241731, 0.14169397231717254, 0.14468603133382266, 0.1277234370059663, 0.1467541404010781, 0.12869032529074578, 0.14660825932704144], [0.1632098085329187, 0.1421826264145527, 0.14462996614613188, 0.12783783881822874, 0.14611344705148588, 0.12952734943125185, 0.14649896360543047], [0.1612126875804706, 0.1408656533910124, 0.1448454405999987, 0.12802317559155157, 0.1487637174077866, 0.1280939803940254, 0.14819534503515466], [0.1646724432277566, 0.1422296467972272, 0.14420402711642388, 0.1274565629155102, 0.14577056988092443, 0.12932186860687092, 0.1463448814552868], [0.16234070271487294, 0.14226865484439263, 0.1447145897570229, 0.12929176342776247, 0.14660408180262657, 0.12903780204442966, 0.14574240540889294], [0.16368433526569626, 0.1428114284268691, 0.14381527610500425, 0.12781357740100868, 0.14511584150073836, 0.13058803103786076, 0.1461715102628225], [0.16246186761597128, 0.14216387268138075, 0.14493559304500206, 0.12903614981118622, 0.14663482422945934, 0.1287966522632794, 0.14597104035372097], [0.1633201117601944, 0.1427201993066795, 0.14447034046184742, 0.12777538436183186, 0.14538837271282362, 0.13003362277468966, 0.14629196862193367], [0.16226435024182242, 0.1432860269937271, 0.14421884166644836, 0.12831233347358875, 0.1448340362117421, 0.13106262114489906, 0.14602179026777215], [0.16300365743810577, 0.14285745260850516, 0.14442384268629777, 0.12797617419742272, 0.14527431319181067, 0.1302252749331737, 0.14623928494468416], [0.1626755032461832, 0.14340511448696097, 0.14372693720539828, 0.1279296054631774, 0.14440891565675082, 0.13166789932892256, 0.1461860246126068], [0.15688400513973008, 0.1425224913693847, 0.14395526682608417, 0.1276804738759327, 0.14603503971296378, 0.133553080558977, 0.14936964251692758], [0.1607584244621396, 0.142613881211683, 0.1446588128266386, 0.12574009884176524, 0.14564246660874872, 0.1314730161707234, 0.14911329987830155], [0.164611010107781, 0.14215086219327383, 0.14430689056740661, 0.12743473516696602, 0.14610288889562878, 0.12884034955170345, 0.14655326351724027], [0.16426954429066623, 0.14257534077704878, 0.14392670334131347, 0.12759196740457152, 0.1454841155381134, 0.12984354692366507, 0.14630878172462158], [0.1563822079659121, 0.14273113308187235, 0.1450217548191564, 0.12683842541712845, 0.14541304302058602, 0.13357949557193868, 0.1500339401234059], [0.16376696373394029, 0.14303955562188353, 0.14357275881424, 0.12755765086243612, 0.1447632133787534, 0.13094162641797957, 0.14635823117076704], [0.16369719901564964, 0.14299987371517345, 0.14401789646117752, 0.12764504053677414, 0.1448728897371283, 0.1304252432199185, 0.14634185731417845], [0.1648593872272544, 0.142082926025913, 0.14463283268875107, 0.12642096717488083, 0.14576530387384862, 0.12892125915118222, 0.14731732385816998], [0.16423356050172597, 0.1426939145154497, 0.14410344330594727, 0.12740760029104944, 0.1451031651023081, 0.12992632410600102, 0.14653199217751867], [0.16581323120636732, 0.1418275189391052, 0.14416988514052698, 0.12689365270090847, 0.14608343004878324, 0.12838859037477962, 0.14682369158952926], [0.16392379449462405, 0.14272471450360347, 0.14438353932504222, 0.1275042680758448, 0.1452966707586304, 0.12973486081590813, 0.14643215202634713], [0.16242260595669825, 0.1433894678018307, 0.14419475518054953, 0.12821844434302704, 0.14474401537008336, 0.13095633187419162, 0.14607437947361945], [0.16513321200813072, 0.14237556543303692, 0.14419190690222072, 0.12696734297621357, 0.14537380846504205, 0.12923902373146162, 0.14671914048389448], [0.16279663198117386, 0.14352266442969644, 0.1439377656969317, 0.12782612634478865, 0.14430533874554768, 0.13134308427591895, 0.14626838852594276], [0.16278574509667906, 0.14334942279903523, 0.14448564081735318, 0.12745844242376592, 0.14449989441672598, 0.13083520465074164, 0.14658564979569896], [0.16380603446817046, 0.14295710316831595, 0.14416023878626022, 0.12739707054025667, 0.14497444171651655, 0.1302395785819985, 0.1464655327384817], [0.16172731292582915, 0.14372639313359342, 0.14454237229237976, 0.12825495331106365, 0.14434396320651485, 0.13121864345834885, 0.1461863616722703], [0.16308187372086866, 0.14356908280438338, 0.14388561016455978, 0.12746603581702867, 0.14419742117890028, 0.13132922448731646, 0.14647075182694266], [0.16518231594394087, 0.14239889300961697, 0.1443706208310312, 0.1263012850529392, 0.14520517991021312, 0.1291858313321183, 0.14735587392014046], [0.16040457589394638, 0.14206400381114107, 0.14438634047375357, 0.1272956029279353, 0.14691205465620305, 0.13013342201381006, 0.14880400022321047], [0.16333723837369726, 0.14340028384816847, 0.1440047572377436, 0.12759168807774035, 0.1444065639947473, 0.1307877582417553, 0.14647171022614788], [0.15770303112114803, 0.14375332758917903, 0.14370303334040394, 0.12622031284273774, 0.14349005420297434, 0.13552437733369355, 0.14960586356986338], [0.15770303112114803, 0.14375332758917903, 0.14370303334040394, 0.12622031284273774, 0.14349005420297434, 0.13552437733369355, 0.14960586356986338], [0.16294448878335016, 0.14367912162048538, 0.14394717657406148, 0.12735703187410233, 0.14393789925545825, 0.13147061573215058, 0.146663666160392], [0.1625289648137458, 0.14373914082633993, 0.14439008369045506, 0.12752264941745306, 0.14406539379537608, 0.13117973422879856, 0.14657403322783147], [0.16518507495158985, 0.1425928422081103, 0.1444638061596679, 0.12635585486941073, 0.14499594671423327, 0.12908680031180583, 0.14731967478518213], [0.15867747129353268, 0.14428570244121602, 0.14308227072431717, 0.12610261998429254, 0.14274617658506997, 0.13610717719516022, 0.1489985817764114], [0.16286530283765527, 0.1437505543623834, 0.1440115232018991, 0.12739755982778897, 0.14391507524930697, 0.13140188585760665, 0.14665809866335974], [0.16135132597659557, 0.14306512785120132, 0.14390146562711148, 0.12692218930191165, 0.14509536014840296, 0.1311746221772326, 0.14848990891754443], [0.16399308198708282, 0.14342966555122239, 0.14436412956141464, 0.12601161526605295, 0.14394031472343405, 0.13048362146519218, 0.1477775714456009], [0.1595263842128615, 0.14418628943568956, 0.1432073303027343, 0.12519143863764215, 0.14215410267836873, 0.13613979756187852, 0.14959465717082518], [0.1586647911311625, 0.1455321578173465, 0.1427454300880624, 0.12566300100071862, 0.14110150659828166, 0.1377660806483865, 0.14852703271604184], [0.1617203360390742, 0.14303354001515572, 0.1443183741843941, 0.12656578387317696, 0.1450203996717295, 0.13052967278501704, 0.14881189343145268], [0.15954594952119752, 0.1449287934452439, 0.14271527283432978, 0.12511123811669744, 0.14097565111785942, 0.13760199058105196, 0.14912110438361995], [0.16212809460351676, 0.14421537811483562, 0.1440614947896499, 0.1261214484033738, 0.1432517255657258, 0.1318280867055065, 0.14839377181739177], [0.1610969998307513, 0.14526903290191714, 0.1462297736064811, 0.12456267712730727, 0.14194737098691815, 0.1308460571619135, 0.1500480883847117], [0.161000409115801, 0.14572872690728342, 0.14589585925737683, 0.12493721267124765, 0.14158061567512148, 0.13141415542409918, 0.14944302094907047], [0.16093782395118375, 0.14571968631472432, 0.1463709648954735, 0.1246576940741696, 0.14155373439425678, 0.1311072350325276, 0.1496528613376646], [0.15792155603185312, 0.14712567618312072, 0.14613246038814692, 0.1268681049296619, 0.14048284758676682, 0.13371510324280442, 0.1477542516376462], [0.16392250012435816, 0.14238900184794792, 0.1443216343180931, 0.1277204744001701, 0.1456906644446501, 0.12950758918747085, 0.14644813567730983], [0.16415506459822862, 0.14260222638941564, 0.14418355890015563, 0.12762296525490172, 0.1454162239582778, 0.12966074161508165, 0.14635921928393897], [0.16346551407828855, 0.14104572963225157, 0.144597982074791, 0.12824178672763167, 0.14792319824432423, 0.12823620364844204, 0.14648958559427103], [0.1649701558865481, 0.14136121430916695, 0.1442388915832381, 0.12734091926719568, 0.14692528897837884, 0.12846946679431248, 0.14669406318115982], [0.16294891751385562, 0.14282834400319186, 0.14485133884408286, 0.12518778383591214, 0.1449114851325083, 0.13075151492180975, 0.14852061574863942], [0.1592464766367019, 0.14183572998479607, 0.14484236415958437, 0.12677656158103057, 0.1483140237320525, 0.13050617286887048, 0.14847867103696402], [0.15868327979773916, 0.1440452207737342, 0.1431107183084256, 0.12671934871961468, 0.1435863510537603, 0.1353055084817701, 0.148549572864956], [0.15908322827445937, 0.14348157539573245, 0.14318851744926242, 0.12597665705656363, 0.14326096291826948, 0.13558825765865315, 0.14942080124705945], [0.15894487473791552, 0.14461007904040793, 0.14346355552678858, 0.1258365954950773, 0.14274197491477733, 0.1354490836518403, 0.148953836633193], [0.15932370592433936, 0.14419859588222303, 0.14422947382777634, 0.12527309273475398, 0.14339932210473147, 0.1339175242277744, 0.14965828529840136], [0.1584251608580011, 0.14578986335194832, 0.14319095559790002, 0.12573604444388656, 0.1412581443528073, 0.13708012714376233, 0.14851970425169442], [0.15855278824821473, 0.14586614464043415, 0.1432820857387591, 0.12559151121563047, 0.14113535822216217, 0.13703467667289537, 0.14853743526190397], [0.15854906132348134, 0.1457979702179465, 0.14333116982538766, 0.12558572326858797, 0.14125054636387052, 0.1367294344908642, 0.14875609450986196], [0.15951941024600083, 0.1460359463626048, 0.14280990942727925, 0.12459148485267801, 0.1399247171799748, 0.13806787132684473, 0.14905066060461772], [0.16666666666666669, 0.1372932814426138, 0.14485979212356292, 0.12805568990813257, 0.15232357678939001, 0.12423320255619215, 0.14656779051344193], [0.16188965949658576, 0.1407937973507136, 0.14359409858697506, 0.1288219040728738, 0.1487729676316877, 0.12921972297075968, 0.14690784989040453], [0.16273746182899865, 0.1411306263556622, 0.1447948178324521, 0.12945582388911347, 0.1483430155233068, 0.12775622802608622, 0.14578202654438052], [0.16341093982629493, 0.1408114649612105, 0.14492268746567474, 0.1287326431608991, 0.14868799059476115, 0.12715174870713125, 0.14628252528402833], [0.16280882151622486, 0.1413352212952286, 0.14471687872863392, 0.129494599285766, 0.1479806634422856, 0.12791627438918715, 0.14574754134267381], [0.16305150707008337, 0.1414478349311039, 0.1446676537520571, 0.12920346433563215, 0.14769008345251775, 0.12811838521561641, 0.14582107124298915], [0.16352907506021488, 0.14053270011564725, 0.14427060023739574, 0.12884763277320366, 0.1491332652360413, 0.12723424537567873, 0.1464524812018185], [0.16395018938713327, 0.14131261331009742, 0.14431948602896794, 0.12875482735338134, 0.1477346179977832, 0.12804923190018846, 0.1458790340224484], [0.16201707469548612, 0.14094043939370526, 0.14595386403379013, 0.12738021491733068, 0.14844752725674154, 0.1274825522592056, 0.14777832744374056], [0.16229073251480067, 0.14149555582480897, 0.14456500591518184, 0.12994807181364532, 0.14809708722805331, 0.12801514678205178, 0.14558839992145806], [0.1616526695844453, 0.14133331419796052, 0.14457703777045341, 0.1303549462711314, 0.1486409696380245, 0.12780825434959098, 0.1456328081883938], [0.16270858670870225, 0.14134166739455906, 0.14537701838901326, 0.1287133673030596, 0.1479254396423212, 0.12757150468489326, 0.14636241587745136], [0.16431090397042156, 0.14110733473086073, 0.14454284948237697, 0.1280563140605463, 0.14767493214062938, 0.12770911674223193, 0.14659854887293314], [0.16403951227222036, 0.14130763568078888, 0.14452133407228776, 0.12869366447869016, 0.1476738597078106, 0.12772211378697393, 0.14604188000122822], [0.16666666666666666, 0.1368553922969301, 0.14511127225056186, 0.13140116916386993, 0.15372928530478305, 0.12115730291830827, 0.1450789113988801], [0.16496450794340486, 0.14129277329516313, 0.14465000785194937, 0.127107727830152, 0.14726552813999205, 0.12787877176789, 0.1468406831714485], [0.16292227625650163, 0.14186363305958302, 0.1456008503518488, 0.12757323485899855, 0.14695227570704414, 0.12830333413813522, 0.14678439562788861], [0.16428953481821662, 0.14093273487615435, 0.14468675797064184, 0.1281893533782478, 0.14814689806390313, 0.12711603496365703, 0.1466386859291792], [0.16421147886440735, 0.14162255255844855, 0.14448558257644456, 0.12826428364132955, 0.1471022954721909, 0.12818493613279952, 0.14612887075437944], [0.16130434271359345, 0.1424676915440876, 0.14481242171668876, 0.12987321301187216, 0.14668773816526517, 0.12931638135464193, 0.1455382114938509], [0.16244408590133966, 0.14309685715222373, 0.14285489794792378, 0.1279205204316643, 0.14477835617467263, 0.13221100009130732, 0.14669428230086853], [0.16370370281941468, 0.1424642264234013, 0.14482769401794784, 0.12747420839989404, 0.1458792009539415, 0.1291642059168979, 0.1464867614685029], [0.1624949060025203, 0.143125328940176, 0.14599303558433074, 0.12598208166364408, 0.1450512142501548, 0.1297768124893016, 0.14757662106987246], [0.1637016891961448, 0.14227669565623766, 0.14566403447383475, 0.12670880440307475, 0.1460788910119162, 0.12829968285511675, 0.14727020240367514], [0.16218744992468861, 0.14291436045276992, 0.14495671521429015, 0.12872191613833808, 0.14562282165840088, 0.12946535790312003, 0.14613137870839227], [0.1638236891526188, 0.14219336754618406, 0.1442792335770341, 0.1267694221943793, 0.14608965190723106, 0.12912760603607848, 0.14771702958647417], [0.1620570519403682, 0.14374926804425175, 0.1431189093003073, 0.12721758180917223, 0.14382170827939458, 0.13272433048001783, 0.14731115014648796], [0.15931766661922325, 0.1454363565469113, 0.1444663211392088, 0.12843443903716711, 0.14233654775620835, 0.13373931055651647, 0.14626935834476468], [0.16065263287912593, 0.1445494552831181, 0.1459242267469394, 0.12808469199679912, 0.14373557484481086, 0.12988963369671494, 0.14716378455249163], [0.16211521685817828, 0.14458750366394676, 0.1456374305701745, 0.1260570581051663, 0.14326899271772262, 0.13020799928476887, 0.1481257988000428], [0.16056921464224883, 0.14540883937778643, 0.14611712926768333, 0.12645563623429887, 0.14246558882064883, 0.1310892809403904, 0.14789431071694334], [0.15840765536112947, 0.14708063368265525, 0.14503076737171733, 0.12740712386390476, 0.1407721845009845, 0.13358040277723185, 0.1477212324423769], [0.15693505101710264, 0.14802076929002395, 0.14595867569193194, 0.12551685838831528, 0.13913441759362893, 0.13594567964866702, 0.14848854837033035], [0.16666666666666669, 0.14559515760571387, 0.13922796891586525, 0.12311867500297088, 0.1342402243697456, 0.14373360569506102, 0.1474177017439768], [0.16666666666666666, 0.1463121523082254, 0.14146012495026267, 0.12113087111493935, 0.135259973073779, 0.13912932328881386, 0.15004088859731302], [0.14892454187211918, 0.15410336812406764, 0.1406104073978594, 0.1279635924115921, 0.12717334611552428, 0.15677050824631067, 0.14445423583252684], [0.14691628053933867, 0.147815605319828, 0.14119079998959652, 0.13475331312703526, 0.13535474487054794, 0.15073134811119338, 0.14323790804246014], [0.14845369330626013, 0.14833492374990284, 0.13952089958434613, 0.13103764796012338, 0.1306289109922935, 0.15833620031303472, 0.1436877240940392], [0.15426260223160718, 0.1576858719987423, 0.14721479788467684, 0.11675081647771599, 0.12357121619671929, 0.1458292165734516, 0.15468547863708673], [0.14974414026307872, 0.1563057076863482, 0.14918997760098981, 0.12108286524446304, 0.12790997259748135, 0.14422364947315156, 0.15154368713448746], [0.14698272978678695, 0.15183466027404213, 0.14069316462780426, 0.12790150378207962, 0.12859339381112525, 0.15987713788534008, 0.14411740983282162], [0.1467645958788411, 0.1512630353757277, 0.1405482789999739, 0.12873766516599558, 0.12916610360346095, 0.1596380560184302, 0.14388226495757067], [0.14799760249720992, 0.15186166578396426, 0.13938594132330648, 0.12410744535600751, 0.12541180805591876, 0.16666666666666666, 0.1445688703169264], [0.16430983122608014, 0.1408558225632801, 0.14386183041467632, 0.12805024607241844, 0.14801124342637748, 0.12844788652987604, 0.14646313976729144], [0.16391544364852909, 0.14142508283748292, 0.1429989522975593, 0.12853658481093075, 0.14715631757933528, 0.13001627245407546, 0.14595134637208731], [0.16396985989019028, 0.14091979461474274, 0.1436238278192504, 0.12811660261157312, 0.14806302517527165, 0.12884689735276716, 0.14645999253620473], [0.16402650062807927, 0.14101161351258099, 0.14335422215278937, 0.12846635165066433, 0.14795631112730948, 0.129042932256616, 0.1461420686719605], [0.16105978994734205, 0.13992278605412353, 0.14450358669369986, 0.12999822480638637, 0.15104592137338763, 0.1268482215621144, 0.1466214695629462], [0.16392837536532698, 0.14069106990741723, 0.14418853969611659, 0.12883619202453, 0.1487032788555665, 0.12749786669635035, 0.14615467745469246], [0.16323794926565943, 0.14043683745961114, 0.14459671131193816, 0.1287244691780638, 0.1493448093998628, 0.1269858763853819, 0.14667334699948278], [0.164695788275595, 0.1413769689475036, 0.143477074664552, 0.1278057973277189, 0.14708776263886003, 0.12909116778888854, 0.14646544035688186], [0.16335836190507244, 0.14154670916482703, 0.14455334608125137, 0.1290256216312815, 0.1475248993110143, 0.12816802086652695, 0.14582304104002647], [0.1645755939619986, 0.1412791079066832, 0.14464328482490743, 0.1278584391518358, 0.14748385712474424, 0.12773338006460233, 0.14642633696522828], [0.16318315607250164, 0.14068944207820241, 0.14497294927927779, 0.12858590790021687, 0.14904285715902435, 0.12675174368772366, 0.14677394382305325], [0.16512257891856508, 0.14204805153535038, 0.14381145646478463, 0.12693843063519775, 0.14574047364493897, 0.1296344278771269, 0.14670458092403635], [0.1643904565208575, 0.14215629855978676, 0.14355291959001767, 0.12785769341177075, 0.1460824447790358, 0.12967515600875754, 0.14628503112977406], [0.16466466617646672, 0.14257011469586559, 0.14369495646824593, 0.12721028460329672, 0.1452040800663208, 0.13016865373485073, 0.14648724425495352], [0.15901939392008696, 0.14817665735773403, 0.14627192871568728, 0.12192872666533046, 0.13714439088823135, 0.1337622514129013, 0.1536966510400286], [0.15774309778816975, 0.14836171936856263, 0.14781330501171155, 0.12249550389903867, 0.1382147590501864, 0.13203303845753464, 0.15333857642479637], [0.16666666666666669, 0.15183279346011352, 0.1455551906506842, 0.11605345239508867, 0.12806936528068152, 0.1360387961224898, 0.1557837354242757], [0.1607380221517011, 0.15689872880185715, 0.14501804651548392, 0.11556206667823352, 0.12493853174367098, 0.1423306832669738, 0.15451392084207946], [0.15116486450438166, 0.1530794529730297, 0.14106427692855625, 0.12349323971897358, 0.12552596588701648, 0.15820129570966318, 0.14747090427837906], [0.16354678030932987, 0.14068154048004963, 0.1435328212808603, 0.12872282670653676, 0.14853402871715837, 0.12883783921894004, 0.14614416328712498], [0.16105836130276044, 0.1403873968197454, 0.14364869177164663, 0.12952837607035722, 0.14986988818892763, 0.1287457269703337, 0.14676155887622894], [0.16425470383394178, 0.14097570962476483, 0.14400433013473707, 0.12812880887988282, 0.14787873668758966, 0.12856012149281684, 0.146197589346267], [0.163916725800497, 0.14137320806630657, 0.14321636777931526, 0.12826955357373213, 0.1472724058067875, 0.12971905011450388, 0.14623268885885757], [0.16372143837225167, 0.14215700293856162, 0.14386361302293826, 0.12796731321266386, 0.14598441824637057, 0.1301976525992071, 0.146108561608007], [0.163622281101314, 0.14166414860573856, 0.14428835365128911, 0.1288169363254775, 0.14722149790127304, 0.1286034784002198, 0.1457833040146881], [0.1617280185143907, 0.1419403098730597, 0.14493162630092207, 0.12973722424885875, 0.14727708000174913, 0.1287699128528105, 0.14561582820820912], [0.16265958651135806, 0.14172128023446648, 0.14470108037553353, 0.12933605198356585, 0.14743480639326134, 0.12842550012173193, 0.14572169438008262], [0.16415038051423855, 0.14090354319905024, 0.1444030143230434, 0.1284919225471851, 0.14831654578870615, 0.1272753499982672, 0.1464592436295094], [0.1647576013554852, 0.14192076368510945, 0.14403815564186784, 0.12717900668730844, 0.14615129566029816, 0.12936089178343216, 0.1465922851864989], [0.16363058641149114, 0.14210187648477132, 0.14434282216967026, 0.12855711445469542, 0.14648804737534354, 0.12895511791428416, 0.14592443518974418], [0.16363895960954866, 0.14164579269177263, 0.14452291739104214, 0.12869551008018287, 0.1473753622702227, 0.12793819244313212, 0.14618326551409888], [0.162926997797717, 0.14420416367331504, 0.14493858610036855, 0.1261644541686217, 0.14323944855678322, 0.13076679673763117, 0.14775955296556328], [0.16371041160555552, 0.1426669270923634, 0.14329734603215077, 0.12789615202121013, 0.14527950233445622, 0.13085558950913714, 0.14629407140512665], [0.16301028571238393, 0.14246587265439808, 0.14507264109683096, 0.12540721979654032, 0.14547719984325092, 0.13025015788665878, 0.14831662300993698], [0.16566605066320256, 0.14148785867010893, 0.14429807113847182, 0.12694880528285823, 0.14662362183977973, 0.12811957155521964, 0.14685602085035912], [0.16666666666666666, 0.1416510297850991, 0.14399876649562965, 0.1266260649092895, 0.1459827277250408, 0.12840625735034775, 0.14666848706792648], [0.1611619371207366, 0.14354081434337088, 0.14352439561196, 0.12941138859552226, 0.14490177283310343, 0.13199661648792355, 0.14546307500738342], [0.16407645407407181, 0.14182239217720963, 0.14441716164381468, 0.12783999610227964, 0.14686320851282206, 0.12820643813442864, 0.14677434935537373], [0.1579563156630592, 0.14317657473203715, 0.143730302659135, 0.12641609726206052, 0.14432662318561681, 0.13481889741853706, 0.14957518907955417], [0.16092646768922422, 0.14373806582924034, 0.14503676280844036, 0.12514284191825265, 0.14371255986574646, 0.13267888761879937, 0.14876441427029646], [0.1648412233428281, 0.14170175863945045, 0.14470267152244576, 0.1268791291165759, 0.1464912887757603, 0.12808438856497217, 0.14729954003796716], [0.16380185607465647, 0.14310592330946237, 0.1434798018093578, 0.1273539806705075, 0.1446402285644409, 0.13097658414529678, 0.14664162542627812], [0.16420714493561817, 0.14307685466917416, 0.14464461336745355, 0.12651350399386777, 0.14456785504124217, 0.12987233942424425, 0.1471176885683999], [0.1646725662570782, 0.1425984058626769, 0.14467410364728406, 0.12587896837360418, 0.1450262854722133, 0.12919526650073127, 0.14795440388641215], [0.1582796891972881, 0.14408975198487775, 0.14358577231207964, 0.1258015952394652, 0.14294897507628304, 0.13569635753984763, 0.14959785865015857], [0.16206145556163876, 0.14254388817966746, 0.1443390985974879, 0.12703551903329044, 0.14589814814463567, 0.12973169984404276, 0.1483901906392371], [0.161456324636689, 0.14266309328049423, 0.14441854051206565, 0.12724703016807323, 0.14592689622742563, 0.12981216724245873, 0.14847594793279356], [0.1619804815695091, 0.14348752018602015, 0.14428645649785982, 0.1265228074521161, 0.14449915164123117, 0.13072633694279204, 0.14849724571047174], [0.16153631584879152, 0.14335975728420733, 0.14490902680530038, 0.1251210033293675, 0.14437945445202469, 0.13187114989314827, 0.14882329238716036], [0.15722478542589033, 0.142611791968517, 0.14383393722931223, 0.12779208846468956, 0.14592308732100498, 0.13343888160006873, 0.14917542799051722], [0.15133496429689589, 0.1364676799358007, 0.143179668813664, 0.14283233825536712, 0.1583444765125855, 0.1261688283398286, 0.1416720438458581], [0.15607498606193151, 0.15256159409034653, 0.14640301826142113, 0.1231740702644622, 0.13411028066005592, 0.136744904458152, 0.15093114620363077], [0.15231869512620805, 0.15378933626242797, 0.1425784569964407, 0.12566061079080454, 0.13185145847666863, 0.1469593438107458, 0.1468420985367045], [0.1501440879357298, 0.15342697309086123, 0.1426522715598813, 0.1277630859908725, 0.13221396381224865, 0.14804544998137503, 0.14575416762903146], [0.1504857222294738, 0.16119027607136552, 0.14605781219091804, 0.12115924574666831, 0.12496742749784083, 0.1472670547479613, 0.14887246151577224], [0.1500132868442109, 0.15749239594467798, 0.1501809388079849, 0.12503932667166578, 0.1288611828372981, 0.13831220994608232, 0.15010065894808003], [0.15298078456214234, 0.16666666666666669, 0.14629133879619358, 0.11702596253704993, 0.12171679541520997, 0.14425774678442768, 0.15106070523830994], [0.15351682689007062, 0.15939525487013234, 0.14329923158002159, 0.11909165513609322, 0.12258059879030057, 0.1522434455483959, 0.14987298718498573], [0.14312696906556857, 0.1382728293492081, 0.13980420488855844, 0.16666666666666666, 0.1434646681749565, 0.12982049967040238, 0.13884416218463935], [0.14331281788086106, 0.13844897157090333, 0.14003755703170456, 0.16584654256044473, 0.14354206927480898, 0.1298401766698184, 0.13897186501145894], [0.15273912187478828, 0.1584913958346999, 0.14262616877847084, 0.11974649534878239, 0.12283831705710668, 0.15446487991068297, 0.1490936211954691], [0.1561164015711746, 0.15052372257264568, 0.14727804908499764, 0.1253487621107901, 0.1362585351110928, 0.13374216025469948, 0.15073236929459957], [0.15286938172570827, 0.16207883194505168, 0.1466575675199622, 0.11784089655509333, 0.12433163661858258, 0.14535231232142037, 0.1508693733141815], [0.1568920787971783, 0.14757972293344337, 0.14855386469738657, 0.12078325980852768, 0.13860330801916648, 0.1326318279953335, 0.1549559377489641], [0.15621172095019095, 0.14893044063830452, 0.1480217458058666, 0.12056441338939664, 0.1372843763651707, 0.1347923168760288, 0.15419498597504183], [0.1556868764996537, 0.14625540178293217, 0.15037458136287887, 0.12107795590818289, 0.13988315157560843, 0.1304081134211982, 0.15631391944954576], [0.15563656910293402, 0.14753998173869867, 0.15053071567269372, 0.12069773211022718, 0.13885810656659106, 0.13103517242427426, 0.15570172238458105], [0.15209786074079057, 0.1442183549189328, 0.15333488961820008, 0.12768656933395664, 0.14373746513824906, 0.12864474723668934, 0.15028011301318137], [0.15587104499499968, 0.14988735780337376, 0.15383027738514715, 0.11436764032372104, 0.12867244185003945, 0.1307045709760521, 0.16666666666666663], [0.15477938889914686, 0.15898620958004178, 0.15096194348422137, 0.1155471680505596, 0.12353039569859554, 0.13956311818379452, 0.15663177610364018], [0.15194535188590616, 0.1561124010624811, 0.14900527734713606, 0.11831844889468537, 0.12593502207483373, 0.14425841766073533, 0.15442508107422215], [0.14667748714923529, 0.14311284579995992, 0.15124838200780769, 0.1340683365826587, 0.14317444186569625, 0.13319086570911043, 0.1485276408855317], [0.15668557907052227, 0.1364221187673752, 0.14419587128107295, 0.13871923640479858, 0.15861902041921944, 0.1235512981555635, 0.14180687590144814], [0.15580399831201427, 0.13432563390066915, 0.1427415281194444, 0.1374813325253551, 0.16666666666666669, 0.1217390871452714, 0.14124175333057906], [0.16323791994438008, 0.14304760475768302, 0.1444222158654038, 0.12618410195041016, 0.1446890287997636, 0.13003260544561424, 0.14838652323674517], [0.16666666666666666, 0.1421170163210249, 0.14324931027051627, 0.1266993499009381, 0.13967863351714035, 0.13120841119020288, 0.15038061213351073], [0.16666666666666666, 0.1386444104573955, 0.14592804315911695, 0.12679285093606985, 0.14573473821363842, 0.12744130508649917, 0.1487919854806134], [0.1533968324134607, 0.14644680626817594, 0.15391586036750934, 0.12243314738571213, 0.14181309547280338, 0.12848132919067518, 0.15351292890166332], [0.14793457155044681, 0.1470712668038439, 0.16666666666666666, 0.12150092167694937, 0.13468665975230576, 0.12695501744534238, 0.15518489610444516], [0.1488189571200431, 0.14992457740825182, 0.16139177520123935, 0.12267626845418413, 0.13356572666259214, 0.12943143980786193, 0.1541912553458275], [0.1477741596567153, 0.1462513005456377, 0.1604716392426332, 0.12467921924662374, 0.13890820097859105, 0.1287043420595629, 0.15321113827023614], [0.1475210060104852, 0.14678221859396345, 0.16054422876387853, 0.12469140255770138, 0.13861683557384416, 0.12904752874789174, 0.15279677975223555], [0.14898700454045885, 0.15007382596692057, 0.16149538383574175, 0.12233958145404232, 0.13355560885526338, 0.12939183247142447, 0.15415676287614877], [0.15018505671662746, 0.15205026670287913, 0.15906641247389416, 0.12138329663532028, 0.13207160602312557, 0.1311362636416625, 0.15410709780649093], [0.148635105693438, 0.14826228084608645, 0.16503280247931365, 0.12081234114957351, 0.13370241859784807, 0.1278574182554431, 0.15569763297829717], [0.1493939494276567, 0.14931996056281147, 0.16249104215389096, 0.12154100187113394, 0.13345944233776139, 0.12860880250168913, 0.15518580114505617], [0.1484936977681807, 0.14699253411101396, 0.16451125413268247, 0.12210679081866153, 0.13481064700064443, 0.1271375015449885, 0.15594757462382827], [0.14694268847907024, 0.14584915121077757, 0.1633626612815615, 0.1245819146365853, 0.13776198048723673, 0.12735807190999196, 0.15414353199477662], [0.14521011046174395, 0.14892935154312503, 0.14708651939265646, 0.13880892774855427, 0.13755472405667601, 0.13730133186551194, 0.14510903493173222], [0.14685254627670408, 0.14663109759142628, 0.16333406166642442, 0.12462735160814448, 0.13720612030740717, 0.1277459771089239, 0.1536028454409698], [0.14744599043657128, 0.1454885790088035, 0.1597726844294431, 0.12603895072548182, 0.14042178085268414, 0.12851864520276637, 0.15231336934424983], [0.14787318681174275, 0.14688440676310613, 0.16554826060649383, 0.12195276790521667, 0.1352615026179079, 0.12718872821299054, 0.15529114708254216], [0.14799360597204306, 0.1462436895381566, 0.16018343605089472, 0.12422387638008053, 0.1385085884721362, 0.1290139058622113, 0.15383289772447772], [0.1480454326773655, 0.14659051656548902, 0.1612792794623927, 0.12346318966980989, 0.13758708876461812, 0.12874322207459443, 0.15429127078573057], [0.14756619285045658, 0.14091879380345537, 0.1507674188528188, 0.1385238223234357, 0.14932815288897422, 0.12763770462499544, 0.1452579146558638], [0.1508798151903396, 0.15073920835516397, 0.16015260257969774, 0.12032676234921919, 0.1315629784268257, 0.13008821730986236, 0.15625041578889146], [0.1500386656119438, 0.1492005188691212, 0.15894912387335755, 0.12336022805207679, 0.13486341061754384, 0.1297892090721838, 0.15379884390377305], [0.14755182497843305, 0.14565884152151726, 0.1604119746211409, 0.1252807069898408, 0.13963709734225666, 0.12842859034991627, 0.15303096419689508], [0.14720878674371796, 0.1469172688204607, 0.15985631410386866, 0.125454074446727, 0.13912317490459966, 0.12938095437726088, 0.15205942660336516], [0.14712733260218644, 0.14722514309624335, 0.15994893312194294, 0.12519910178528434, 0.13865079617454498, 0.1296897766214054, 0.1521589165983923], [0.14761945044748542, 0.1475791730481262, 0.1595946815581318, 0.12488171455835838, 0.13830049321930823, 0.12985934018031367, 0.1521651469882763]]