[[0.1479768430886146, 0.15934253047990848, 0.16666666666666666, 0.11877540723742688, 0.14066301783480348, 0.12394928309026965, 0.14262625160231024], [0.1529219745478518, 0.15325180065788035, 0.16666666666666669, 0.12166211466957917, 0.13873422991219705, 0.12019680849005356, 0.14656640505577143], [0.15359208306102387, 0.15299184221862544, 0.16374242582058995, 0.12226435218553959, 0.1402072624875506, 0.121063238784876, 0.14613879544179453], [0.15206232927073712, 0.1547171865465543, 0.1636305876381935, 0.12141486206309912, 0.14193763368819864, 0.12204975717035386, 0.1441876436228634], [0.15292423634462965, 0.15304911610220545, 0.16388486098312613, 0.12182624807284509, 0.1418653865879813, 0.12229579010129929, 0.14415436180791316], [0.1520452317492653, 0.15198962032273244, 0.16378043769621528, 0.12294573739792136, 0.14295472530137007, 0.12225552483693608, 0.14402872269555955], [0.15291081697637857, 0.15346669628446824, 0.16402621040556167, 0.1214286899897109, 0.14208022277316115, 0.12255186518748389, 0.1435354983832356], [0.1526121013627385, 0.15317921329558454, 0.16457606113543657, 0.12114719973529613, 0.14278569402689353, 0.12312783182596579, 0.14257189861808503], [0.15182552036927835, 0.155873737179771, 0.16666666666666666, 0.12067308458284938, 0.13884510397062155, 0.12075735664015855, 0.14535853059065443], [0.15237367376671518, 0.15348901070036255, 0.16666666666666669, 0.12008942479698932, 0.14323159560810028, 0.12230520047814476, 0.14184442798302135], [0.15239772164884072, 0.1517584693630599, 0.16433813166223865, 0.12269165581993534, 0.14335998409226428, 0.12239284689686404, 0.14306119051679722], [0.15172906452834906, 0.15388710581238696, 0.16481912713753563, 0.1203470137999616, 0.1445887150509461, 0.12365464600586051, 0.14097432766496013], [0.15280189263085994, 0.15201445506478145, 0.16349454975232242, 0.12282110025876768, 0.14299958630334939, 0.12254204733792673, 0.14332636865199222], [0.15249259268560492, 0.15285816423780657, 0.16492545287572052, 0.12073444101867484, 0.14405171997252184, 0.12340151472257921, 0.14153611448709202], [0.15195162199002793, 0.15242590547645335, 0.16358824686724613, 0.12128098019091113, 0.14538623435560732, 0.1245354675871554, 0.1408315435325987], [0.1524191628518042, 0.15272292901654308, 0.16447798363025992, 0.12099721607134044, 0.14431512207926173, 0.1236520076849893, 0.14141557866580148], [0.15140122819910623, 0.15393645865531, 0.16366067725058286, 0.12039827923280208, 0.1456584526964779, 0.12486337863756428, 0.14008152532815657], [0.14886272873186268, 0.16098756116414356, 0.1609000820496273, 0.11983719330210514, 0.1406368292545468, 0.12689125676812105, 0.1418843487295935], [0.15140399702280938, 0.15994897672711436, 0.16666666666666666, 0.11645936308592868, 0.14115378564698416, 0.12349230857917735, 0.14087490227131944], [0.1527811503667124, 0.15413079087335055, 0.16397458349336633, 0.12072513075480142, 0.14343121746139487, 0.12237113902577176, 0.14258598802460284], [0.1521610562937981, 0.15395170807192185, 0.16440583035162873, 0.12043670892671278, 0.14433888322647717, 0.12310059189911007, 0.14160522123035132], [0.15020815335286378, 0.1589900239202557, 0.15970034132313038, 0.12038137058290109, 0.14053743880461866, 0.12821532001797553, 0.1419673519982549], [0.1515684624139261, 0.15484981539463577, 0.16400701154959105, 0.11995434878462569, 0.14511925183065877, 0.12399621326536016, 0.14050489676120254], [0.15211045447809654, 0.15362523906620004, 0.1648210441440276, 0.12029189906198208, 0.1447892440165301, 0.12359599645903988, 0.14076612277412384], [0.15337359526590172, 0.15513463007575048, 0.1636444352812869, 0.11997327585966146, 0.14258319435177552, 0.12287413512798871, 0.14241673403763525], [0.1523571090825911, 0.1540115651627625, 0.16511512202617454, 0.12019921744297059, 0.14399270402090375, 0.12318040578453712, 0.14114387648006055], [0.15298819719681975, 0.15476289453879277, 0.16386045141900946, 0.12053360983776448, 0.14279525063140533, 0.12226760074737317, 0.14279199562883513], [0.15267077737182058, 0.1533696615085993, 0.1653082424624758, 0.12029793604796778, 0.14405005350470437, 0.12293898352222185, 0.1413643455822104], [0.15203685205870673, 0.15262661960808607, 0.16373291439851664, 0.12103768180871198, 0.14562937998685613, 0.12428690950123605, 0.14064964263788632], [0.15277654626564052, 0.15434811498206819, 0.1650851271514014, 0.12000276096803256, 0.14347614772480557, 0.12267297009720696, 0.14163833281084479], [0.15179995865383505, 0.1534741113091001, 0.1637781878278622, 0.1204363086389226, 0.1458381660963744, 0.1246224044804649, 0.14005086299344072], [0.15256843160377312, 0.15320845811861636, 0.16397245454792206, 0.12039897170901011, 0.14495921132085507, 0.12438372255348472, 0.1405087501463386], [0.15247791708668906, 0.15376197443319511, 0.16467624955685325, 0.12010769405602052, 0.14455047945132185, 0.1234778395913853, 0.14094784582453476], [0.15228824189331908, 0.15240300540901325, 0.16294087009866362, 0.12132772398526195, 0.1458960164481279, 0.12482589071553116, 0.14031825145008306], [0.15191961890545072, 0.15408288750447402, 0.16365015545542888, 0.11996264615058992, 0.14592281985569963, 0.12456528746028363, 0.13989658466807314], [0.15321205320054032, 0.155563768487956, 0.16360848083433535, 0.11967374748870381, 0.14322859911163105, 0.12303190353092137, 0.1416814473459119], [0.15111614831755887, 0.15855967700772064, 0.16666666666666666, 0.11866629475635289, 0.14028284956113252, 0.1221261040325288, 0.1425822596580396], [0.1521665621693703, 0.15372894614703778, 0.16402869440793355, 0.12027307303733474, 0.14549764766267878, 0.12406775663678175, 0.14023731993886313], [0.14872105780594416, 0.16328568584050168, 0.16019057036900655, 0.11772149422425868, 0.14248055776726323, 0.12898058182724798, 0.1386200521657779], [0.14872105780594416, 0.16328568584050168, 0.16019057036900655, 0.11772149422425868, 0.14248055776726323, 0.12898058182724798, 0.1386200521657779], [0.15197004068484335, 0.15434603191935806, 0.1637470888053489, 0.11985358919180446, 0.1457314526083237, 0.12475237598700971, 0.1395994208033119], [0.15248159909234016, 0.15328301992197688, 0.16355992662495267, 0.12034283407480481, 0.1457420601118091, 0.12467070322263514, 0.1399198569514812], [0.1533853908833955, 0.15532206695436723, 0.1638705725068437, 0.11964992640682769, 0.1435459618521151, 0.1228351798612774, 0.14139090153517334], [0.14805846975864956, 0.16666666666666669, 0.1600963342757059, 0.11597398109968719, 0.1439545719039267, 0.1284766260379138, 0.13677335025745033], [0.15198138367097808, 0.15403827737494083, 0.16432272375672013, 0.11977528282647981, 0.14582656091962393, 0.12455686315770176, 0.1394989082935555], [0.1512250603154843, 0.15915637420635034, 0.16342082818273146, 0.1186914582860096, 0.1430536138093844, 0.12382453253544469, 0.14062813266459537], [0.1529758640769103, 0.1561117704154336, 0.16417667178920486, 0.11858145083969446, 0.1444966565522837, 0.12387076608729297, 0.1397868202391801], [0.14840162035284102, 0.1642294394001659, 0.15948611650293867, 0.1168728288729364, 0.14375525191414368, 0.13001707989428002, 0.13723766306269422], [0.1482321902382277, 0.16272990642244328, 0.15897217677266207, 0.11618710479923812, 0.14759800078514615, 0.1310871911192825, 0.1351934298630001], [0.15208339844859853, 0.15861741992376385, 0.16350669611463192, 0.1187759617102332, 0.142691174964746, 0.1235098583512276, 0.14081549048679917], [0.14791725054685523, 0.16403391332151387, 0.15816474959364216, 0.11674392199824284, 0.14558775341062416, 0.13174972672107532, 0.13580268440804646], [0.1517845432151999, 0.15766584647011114, 0.16666666666666666, 0.11697830550280747, 0.14496127673911802, 0.12397181835422535, 0.13797154305187145], [0.15512632977153712, 0.15824163097009822, 0.164591946716631, 0.11636937856125865, 0.14465815324500844, 0.12387548378629729, 0.1371370769491694], [0.15463209745031908, 0.1573882120608783, 0.16537406193654705, 0.11623297676502096, 0.1459637410250773, 0.12406092779318167, 0.13634798296897555], [0.15517995041027002, 0.15731897479847265, 0.16666666666666666, 0.11570253493978082, 0.14540458531013584, 0.12352694088677149, 0.13620034698790243], [0.15267815594836748, 0.15487542132847373, 0.16666666666666663, 0.11732501181588226, 0.14843656365704863, 0.12581381675721395, 0.13420436382634712], [0.1525373330404402, 0.1535207212967696, 0.16453738411893418, 0.12092445519303538, 0.1434262877780834, 0.12302341731926839, 0.14203040125346883], [0.1524825301552411, 0.15342700649394497, 0.16524931587282002, 0.12046770504519896, 0.14397270516572877, 0.12287893011999988, 0.14152180714706622], [0.15254527496686426, 0.15362732711600854, 0.16321018166192522, 0.12224850882285285, 0.14112694589592892, 0.1222420549290972, 0.144999706607323], [0.1525955842061928, 0.15481625836872742, 0.16366449782054693, 0.12102030610871771, 0.14182074968284009, 0.12233023893227665, 0.1437523648806984], [0.15281313244559266, 0.15777704723423475, 0.16666666666666666, 0.116614582788985, 0.14238535572007277, 0.12332827216486508, 0.140414942979583], [0.1517959008724635, 0.15747492407689065, 0.16666666666666669, 0.11770487051539026, 0.13993465943477246, 0.12228265909746328, 0.1441403193363532], [0.14854018358220333, 0.1644039607813952, 0.16096634965783524, 0.1166731414839783, 0.14421579529076706, 0.12741860366646704, 0.1377819655373539], [0.14814154674399127, 0.16295522181337158, 0.15951618939462814, 0.11822948453677128, 0.14268183709212615, 0.1296710853961534, 0.13880463502295826], [0.14937172002322463, 0.1639153898784236, 0.16099412557700604, 0.11587811282882315, 0.14509883217166655, 0.12783509351136224, 0.13690672600949386], [0.15065861047193801, 0.1626652044199544, 0.16283568053399505, 0.11570646758162897, 0.14376337246136767, 0.12634874627411138, 0.13802191825700455], [0.1491413458494632, 0.16116070219736842, 0.16044466217530737, 0.11594611940284177, 0.14812280428646193, 0.13000351827677237, 0.13518084781178488], [0.14935634517088142, 0.1608187620365941, 0.16051171450572627, 0.11589170487150939, 0.1482781284080411, 0.1300371483282214, 0.13510619667902624], [0.14940977202746555, 0.16135356838571055, 0.16084941746262424, 0.11578013659991879, 0.14783938442392355, 0.12958373382193475, 0.13518398727842248], [0.14855326019415885, 0.1623152995845903, 0.1585551509765954, 0.11586312348203642, 0.1482008370797913, 0.13213514305975033, 0.13437718562307757], [0.1505641860140927, 0.15134898258757745, 0.16666666666666669, 0.12458137296472312, 0.1353909156418507, 0.12041492817664037, 0.15103294794844901], [0.1501341325957523, 0.1566410630389352, 0.16666666666666666, 0.1207092940437509, 0.13971927551553642, 0.1211923915735945, 0.1449371765657639], [0.1526258422971771, 0.1519365493707347, 0.16298198788432233, 0.12366351957490984, 0.14160201498906197, 0.12169936167256876, 0.1454907242112253], [0.15304846325657487, 0.15289412832338556, 0.16293249654856307, 0.12302366571863647, 0.140914151655425, 0.12120485052931086, 0.14598224396810422], [0.15256643634905373, 0.15192680808925008, 0.16324433876754704, 0.1235725445726946, 0.1419433933407367, 0.12174276940576177, 0.14500370947495606], [0.15257160793613966, 0.15208616858340723, 0.1636321819088327, 0.12312379256755435, 0.1421131354018758, 0.12186262265760031, 0.1446104909445899], [0.15223065428324162, 0.15383517252920484, 0.16337279537810218, 0.12281107095849186, 0.14047551159399024, 0.12094015945858845, 0.1463346357983808], [0.15245704573480132, 0.15265921943646882, 0.1639446045014649, 0.12249387770395997, 0.1421654105673571, 0.1216717567092655, 0.14460808534668237], [0.1537101818812287, 0.15396888091622524, 0.16490508789122346, 0.12113702142961341, 0.13947096746289753, 0.12125562167632943, 0.14555223874248216], [0.15218532506962795, 0.1518175613458644, 0.1637359594691419, 0.12364188232278253, 0.14233440445193185, 0.12137698948115559, 0.14490787785949577], [0.15205073540340067, 0.15193245461581054, 0.1623792587002071, 0.12437991078727723, 0.14216860567066994, 0.12141416478534903, 0.14567487003728558], [0.1534724552713192, 0.15254971434446968, 0.16277933133748398, 0.12300080152648435, 0.14140603526381076, 0.1216870707065157, 0.14510459154991628], [0.1529224630240112, 0.15372099511826595, 0.1631722900975289, 0.12222332524913969, 0.14133146040232294, 0.12182367572730006, 0.14480579038143138], [0.15273727931581677, 0.15281619080812853, 0.16393347813150014, 0.12255130505182193, 0.1419374864644027, 0.12142260024517944, 0.14460165998315053], [0.1509598599678148, 0.14953242655735166, 0.16666666666666666, 0.1282866955608541, 0.1348294892926118, 0.11713814192183948, 0.1525867200328614], [0.15328124197061854, 0.15435786107274918, 0.16339825291312685, 0.12101585758996843, 0.14176329417738942, 0.12190563827232921, 0.14427785400381846], [0.15387398302016267, 0.15320066151885353, 0.16342469202929302, 0.12138940314971257, 0.14204243326712448, 0.12223499014288429, 0.14383383687196952], [0.1531303897805077, 0.1538310197741208, 0.1628002370161477, 0.12248098992384433, 0.14110955774523762, 0.1212484376363773, 0.14539936812376453], [0.15279481492591598, 0.15299235334111258, 0.16448618280763525, 0.12179841825207492, 0.14241430610233755, 0.12170571088749665, 0.14380821368342722], [0.15188560401244733, 0.15100417654031945, 0.16666666666666666, 0.12251007784385821, 0.14340212321796206, 0.12184181259312836, 0.1426895391256179], [0.14962359234505562, 0.15766996576372191, 0.16666666666666669, 0.11844216788275629, 0.14439150774895718, 0.12378221460311718, 0.13942388498972516], [0.153210342927493, 0.15332392472446776, 0.1647715175248738, 0.1205160799453996, 0.14348337195184893, 0.12250611528424786, 0.14218864764166894], [0.15425965842594008, 0.15419855219138978, 0.16666666666666666, 0.11811247424320837, 0.14325128613760466, 0.12264121874657531, 0.14087014358861508], [0.15444954571348915, 0.1542651973386488, 0.16372774781873786, 0.12024248806363837, 0.14247700074232522, 0.12209081580715235, 0.14274720451600817], [0.15291926402773648, 0.15227038258502645, 0.16374681189035398, 0.12205650032586719, 0.1441502681557205, 0.12293053587307312, 0.14192623714222222], [0.15244036677292655, 0.1563121950539703, 0.16666666666666663, 0.11882542134970653, 0.14210967210806924, 0.12165314675193538, 0.14199253129672515], [0.1501648164688265, 0.1584010282179343, 0.16504444810209856, 0.1179651442587805, 0.14519748706873892, 0.12476345262909079, 0.13846362325453054], [0.15078972888102435, 0.15298144474515624, 0.16666666666666666, 0.11928832589542233, 0.14789540767125595, 0.12586225648160337, 0.136516169658871], [0.1537453021150916, 0.15381856535446567, 0.16666666666666666, 0.1198415036511743, 0.14505962582794188, 0.12203207813719263, 0.1388362582474672], [0.1545551630649014, 0.15544186355881925, 0.16666666666666666, 0.11746098588726132, 0.14506846899124978, 0.12249058094746218, 0.13831627088363938], [0.1543824717826769, 0.15460005179277472, 0.16666666666666663, 0.11770077904791856, 0.14611029400493716, 0.1233432737441264, 0.13719646296089943], [0.15153634222438211, 0.15745515797038845, 0.16666666666666666, 0.11671234489407366, 0.1493439765739602, 0.12456730038292385, 0.13371821128760505], [0.15210215591415918, 0.15445889291523177, 0.16666666666666663, 0.11586978925038535, 0.14947915656228544, 0.12874352007253098, 0.1326798186187405], [0.14560890147863786, 0.16666666666666666, 0.14891996138539354, 0.11902652671382212, 0.1470061744042396, 0.14157861570276392, 0.13119315364847628], [0.14836932328741714, 0.16666666666666669, 0.1527078797888581, 0.11655267598414523, 0.1472404253616538, 0.13636070291356914, 0.13210232599768992], [0.14386865727086995, 0.14872389815995435, 0.14382758651330108, 0.12694327677287542, 0.15399476451772756, 0.15650961927576115, 0.12613219748951046], [0.14273431758082947, 0.1464917550138177, 0.1431122246713816, 0.13406735017445262, 0.14852381742107051, 0.15038882571996043, 0.13468170941848776], [0.14342701333137373, 0.14824705550470813, 0.14110385319604735, 0.13063341401373318, 0.14812693843196614, 0.15824168585791784, 0.13022003966425377], [0.15500444389015192, 0.15459282537323532, 0.14329562015820294, 0.1180796848460426, 0.1579249602625195, 0.14638395476183544, 0.12471851070801214], [0.1515639100011573, 0.14999085240379906, 0.1487663937648054, 0.1211438211649881, 0.15631956264737518, 0.14425366089672106, 0.12796179912115396], [0.14348148029396457, 0.14671438976824197, 0.1437294510087543, 0.12680825657049466, 0.15206110223720967, 0.15968566098041234, 0.12751965914092261], [0.14320519365568307, 0.14643781783899698, 0.14354068116435742, 0.12761055027602666, 0.1517248459532195, 0.15942919073318715, 0.12805172037852922], [0.14430168630394, 0.1477718752163286, 0.14107125394757114, 0.12359286266371605, 0.15168265881487553, 0.16666666666666666, 0.12491299638690204], [0.1518000835246462, 0.1553870823851403, 0.16272928645637819, 0.12172539352732262, 0.14121425700830925, 0.12218816216654024, 0.14495573493166325], [0.1504803944996563, 0.15621835227950423, 0.1630597282090991, 0.12124349288939211, 0.14256723553218087, 0.12300619849293484, 0.1434245980972327], [0.15134649753582496, 0.15598347147408698, 0.16314292048337686, 0.12130296916448778, 0.14128692439807566, 0.12216234178912504, 0.1447748751550227], [0.15099748081969339, 0.1557316875711447, 0.16314587718267934, 0.12155702124468483, 0.14175789479310807, 0.1222378885799614, 0.14457214980872837], [0.15118787421522625, 0.15293016591666744, 0.16666666666666669, 0.12319764829598592, 0.1384053257085138, 0.11946344138818478, 0.14814887780875524], [0.152259793661283, 0.15354664219281858, 0.1623598709684718, 0.12310406195496294, 0.1411852401686053, 0.12156295157242987, 0.14598143948142833], [0.1525427544383929, 0.15363724252099042, 0.1636500896829479, 0.12277308382231762, 0.1400072368947078, 0.12076178579981657, 0.14662780684082685], [0.15143486658518032, 0.15605051417526436, 0.1639572099947224, 0.12070927196538667, 0.14210638123013944, 0.12222936862370137, 0.14351238742560546], [0.15253337711620235, 0.1523353540768093, 0.16378126907313953, 0.12278445980439039, 0.14242982375451552, 0.12178466253179, 0.14435105364315304], [0.15309694708520566, 0.15349420912542783, 0.16395546277666276, 0.12170188697141489, 0.141753816758307, 0.12155698846235019, 0.14444068882063169], [0.15310541479939083, 0.1537290961702747, 0.16310809973132687, 0.12273148324966093, 0.1403771419123437, 0.12061533998720597, 0.146333424149797], [0.15212586704773853, 0.15575195278014575, 0.16406820471058847, 0.11988834604427669, 0.14307590256800182, 0.12306276897310102, 0.14202695787614766], [0.1516100777020715, 0.1548856371275931, 0.16398115452588474, 0.12066752954972833, 0.14376509393913006, 0.12282171463096225, 0.14226879252463007], [0.1519358698008197, 0.1551174632622206, 0.16446566696353235, 0.11981012666119663, 0.1441688166620442, 0.12332334643236001, 0.1411787102178265], [0.1531854260603495, 0.16149024999166373, 0.1566811836688865, 0.11731055343184021, 0.14687007839698554, 0.13036562005741087, 0.13409688839286354], [0.1556205333304738, 0.1606344083118722, 0.15714967868271434, 0.11722724092546626, 0.14664450795446599, 0.12790231040551328, 0.134821320389494], [0.1555757425582646, 0.16666666666666669, 0.14833701850495767, 0.1150861406240307, 0.15154929081422178, 0.1354534410896944, 0.12733169974216427], [0.1543598338188775, 0.16066285171712444, 0.14685675847578245, 0.11491410153539199, 0.15677487922167707, 0.14202212260974645, 0.12440945262139999], [0.14752500233711946, 0.1512085521364222, 0.1406667254593785, 0.12361491233294934, 0.15311774485587595, 0.15822515306557475, 0.1256419098126798], [0.15104973944145353, 0.15552171227029296, 0.16257684630275016, 0.12215904015969875, 0.14100139327294411, 0.12229394832795612, 0.14539732022490434], [0.14986597696379786, 0.15570678943482555, 0.16666666666666666, 0.1216659178342682, 0.13906319053562743, 0.12071757597446377, 0.14631388259035047], [0.15194870036786956, 0.15444490395273275, 0.1633680982718374, 0.12174053122454852, 0.14149009398970136, 0.12224334092854854, 0.14476433126476196], [0.15073591611658055, 0.1563296381255054, 0.16334039356757674, 0.1210025667946737, 0.14226321858626345, 0.12272639313134923, 0.14360187367805083], [0.15141481026120743, 0.1539756246150092, 0.16666666666666669, 0.12019689946723423, 0.14303928667016108, 0.12287506700281278, 0.14183164531690873], [0.15227654769043472, 0.15240352623955086, 0.16429077170326295, 0.1223159610728827, 0.14276570891930104, 0.12206584014693618, 0.14388164422763175], [0.15240729431647151, 0.15126243151957977, 0.16388560316567108, 0.12344890561032405, 0.14270344899155799, 0.12231688113217135, 0.14397543526422424], [0.15246207668410383, 0.151862859077859, 0.16409233192665365, 0.12296940795223231, 0.14255490046146455, 0.12190356372177343, 0.14415486017591325], [0.15273078114872377, 0.15372676982053085, 0.16279899527903813, 0.12267424074490632, 0.14127688662622592, 0.12127226729436508, 0.14552005908620988], [0.1523838828005621, 0.1550146817043461, 0.16437034782993076, 0.12021090665877283, 0.14271127044799173, 0.12277781314154007, 0.14253109741685646], [0.15243937278236594, 0.15252921425359067, 0.16471385746984463, 0.12182609195129132, 0.14327303198042185, 0.12229439196613802, 0.14292403959634753], [0.15278780870070255, 0.153234842516313, 0.16304019360981648, 0.12250363853855038, 0.14258111739780532, 0.12162282680897309, 0.14422957242783926], [0.15336208303425417, 0.15508933931043364, 0.16666666666666666, 0.11788473824845411, 0.14511894231303227, 0.12342792050716031, 0.1384503099199988], [0.15074709691876376, 0.15536007712092806, 0.16666666666666666, 0.11944751812561155, 0.1441078409707554, 0.12305185816644643, 0.14061894203082806], [0.15317035098145046, 0.15685091271874615, 0.16531746355919022, 0.11766383790679087, 0.14208129979511813, 0.12341567618692503, 0.14150045885177912], [0.15304339916398066, 0.15480357518102184, 0.16364778829374102, 0.1207593343323921, 0.14213316017921834, 0.12211254808757592, 0.14350019476207002], [0.15277387502272677, 0.15494652593774907, 0.16427743312441231, 0.12027174932297666, 0.14269571128332142, 0.12233445261747804, 0.1427002526913358], [0.15034607460759747, 0.1519018082321162, 0.16666666666666666, 0.12095039938504998, 0.14605351558930152, 0.1241227544292725, 0.1399587810899956], [0.15283059111730368, 0.15445053201043007, 0.16324713518772654, 0.12140412323022914, 0.14265570642910977, 0.1218313063534788, 0.1435806056717219], [0.14864792582877123, 0.16242168640751767, 0.16057726935640548, 0.11832862793399115, 0.1417668226345988, 0.12841978652963112, 0.13983788130908448], [0.15225438669058075, 0.15744927681453222, 0.16666666666666666, 0.11624618852811139, 0.14319207138067208, 0.125396863587496, 0.13879454633194088], [0.1535321622447154, 0.1549467733071366, 0.16312475212191643, 0.12081186937535524, 0.1419688064330669, 0.12220092059824307, 0.14341471591956625], [0.15147580096368005, 0.15567663254093367, 0.16421052882323633, 0.11950662677326906, 0.14503461110326618, 0.12385235182511915, 0.1402434479704955], [0.15330413368465734, 0.15452979136285236, 0.1646791644764242, 0.119342197675136, 0.14422276175090057, 0.12330091705342767, 0.14062103399660186], [0.15355341858099789, 0.15623368843662064, 0.16397914218686685, 0.11898777919848519, 0.14301151095014764, 0.12286437463856488, 0.14137008600831683], [0.14875139089018924, 0.16448516779382763, 0.16038354351267964, 0.11673552589692696, 0.14313177733256602, 0.12882547831958793, 0.1376871162542225], [0.152110487004179, 0.15733885524824615, 0.16432610757281568, 0.11941558952937162, 0.1422738327623258, 0.12263016834105511, 0.14190495954200652], [0.15208551702410766, 0.15698962890274393, 0.16357144348327515, 0.11988187665024823, 0.14249336724529774, 0.12292628319602489, 0.14205188349830242], [0.15224368052757142, 0.1574105568194321, 0.16393410040116896, 0.11862442644070983, 0.1439945767198639, 0.12365500839120525, 0.1401376507000486], [0.15251908027217959, 0.15838498300358514, 0.16666666666666669, 0.11604832039357774, 0.1425959905779763, 0.12427255437404232, 0.13951240471197227], [0.14887713335461616, 0.1609682979633548, 0.1610682010809027, 0.11982245975601233, 0.14096654091230193, 0.12662689489717388, 0.14167047203563832], [0.14721844318331717, 0.14783107650058874, 0.14999692874328435, 0.14075225751536713, 0.13394863373492708, 0.12263448191052655, 0.15761817841198894], [0.15112936546362918, 0.1666666666666667, 0.15696646334189854, 0.11406645499829993, 0.15339917015886614, 0.13047910473995136, 0.1272927746306883], [0.1436948384129569, 0.1555257120612976, 0.1513487807882815, 0.11634261146334163, 0.16666666666666666, 0.14248115596274896, 0.1239402346447067], [0.1434831097630453, 0.15335739966215226, 0.15039964629455635, 0.12042946818582974, 0.1620757956492561, 0.1445352104645333, 0.12571936998062702], [0.1485838423361352, 0.15209020805984635, 0.14655990851507483, 0.12042112261152688, 0.16110144988623476, 0.14695239612568659, 0.12429107246549533], [0.15102760042538954, 0.15332574859553574, 0.14847741492319688, 0.12413679151811204, 0.15729348576123103, 0.13769744825452768, 0.12804151052200696], [0.15128587432630736, 0.15317824997342527, 0.14418058852362112, 0.11774219858105968, 0.16666666666666669, 0.14458107169305665, 0.12236535023586334], [0.1500003006429591, 0.1536165162747335, 0.14221287520902606, 0.11945232292409573, 0.15945037969141854, 0.1523527884805201, 0.12291481677724692], [0.1417317241919637, 0.13990341546351348, 0.14150405096868984, 0.16666666666666666, 0.14104892840553238, 0.12728018193853557, 0.14186503236509834], [0.14199783306213085, 0.1397499622242417, 0.14167541316615317, 0.16578904132839986, 0.1416088454043165, 0.12725816678784846, 0.14192073802690935], [0.1491622372833055, 0.15279350366298491, 0.14206926760043, 0.11992970084960033, 0.1585233171714091, 0.15451252326727596, 0.12300945016499419], [0.15228121931831887, 0.15996024623656052, 0.1550064431120853, 0.12048555932265881, 0.1497202190692043, 0.1298668777808754, 0.13267943516029684], [0.15069639564393694, 0.1535870878192986, 0.1473946588803255, 0.11730626269261157, 0.16202859593664795, 0.14511892377344943, 0.1238680752537302], [0.15597209220349462, 0.16666666666666666, 0.15728461214328035, 0.11373421051725113, 0.14464740346529023, 0.12740306945618163, 0.1342919455478353], [0.15558368023608585, 0.16252006689085302, 0.15868027842772767, 0.11346548973971707, 0.14710622003650056, 0.1298842362625704, 0.13276002840654547], [0.15716147023634988, 0.1628031212364415, 0.15571664591258985, 0.11637718561989929, 0.14415074328490937, 0.12666939988978457, 0.13712143382002545], [0.1584222350039617, 0.1634850397120847, 0.1574951982139448, 0.11442714032413445, 0.14493092337000305, 0.12617470399535657, 0.13506475938051465], [0.16666666666666666, 0.1499117218943369, 0.1523328987567652, 0.12305540680730903, 0.14289259792544381, 0.12412742428204489, 0.14101328366743343], [0.16666666666666666, 0.15634426343554, 0.14708723597576415, 0.11666013115384513, 0.15062286693986665, 0.13228094400567922, 0.13033789182263802], [0.15709343921438187, 0.1553262725545226, 0.1440168193700315, 0.11789896118696112, 0.15933955510865108, 0.14081003845922266, 0.12551491410622917], [0.15471527696721074, 0.15229433160397518, 0.1454729964025461, 0.11946457936322576, 0.1563625977799501, 0.14478962187292496, 0.12690059601016734], [0.16666666666666669, 0.14398245825941844, 0.14488182417895884, 0.1311399715552869, 0.1420813091933066, 0.13018367593789396, 0.14106409420846866], [0.14828934759006382, 0.14392082024032468, 0.15571477351500457, 0.13600094340322774, 0.13888014203838048, 0.11935770313141597, 0.1578362700815828], [0.14689440809418802, 0.14717106161716925, 0.15478557951690777, 0.13474509020803865, 0.13221024781225857, 0.117526946084771, 0.16666666666666666], [0.15280616850957335, 0.1573652609539551, 0.16429099406461628, 0.11859922896379974, 0.14319828758306774, 0.12316879374561561, 0.14057126617937216], [0.14952738160093126, 0.16666666666666669, 0.15075417801149837, 0.12460545202651001, 0.1408308539054191, 0.1293507441817246, 0.1382647236072501], [0.1483608056482832, 0.16666666666666669, 0.14944817470869218, 0.12583099964473052, 0.13796844697541435, 0.12649509605187736, 0.14522981030433582], [0.16666666666666666, 0.15619532471664063, 0.15537837321007314, 0.11639109279332059, 0.143684884938737, 0.12326542285065727, 0.13841823482390472], [0.16515938708591624, 0.1494064353012701, 0.1462532927394854, 0.12446899634702598, 0.14835898186303548, 0.1295646752775693, 0.13678823138569737], [0.16229463143769893, 0.14966382964316097, 0.14683191341185373, 0.12455968672387559, 0.1506413783026151, 0.1310256401195581, 0.13498292036123763], [0.16059975258148135, 0.14895941434395127, 0.14637191497420862, 0.1264900999169337, 0.14713179684054284, 0.13034162281976985, 0.14010539852311252], [0.16075999446215478, 0.14884907873861342, 0.1467533555271817, 0.12617241295090875, 0.14748380022505023, 0.13037484223653537, 0.13960651585955577], [0.1626487512088249, 0.14977227190013553, 0.1467978864696096, 0.12416938243586031, 0.1507587705342863, 0.1309305198874906, 0.13492241756379272], [0.1606766909896451, 0.15092255476932345, 0.14673521838967296, 0.12313302091535341, 0.15261503628353557, 0.13250913869069655, 0.13340833996177281], [0.16666666666666666, 0.14955953375702355, 0.14616534714771778, 0.12316316509696902, 0.14920582260438792, 0.12984706066140364, 0.13539240406583142], [0.16365793954095068, 0.15028312176636333, 0.14624513718342647, 0.12386400017804262, 0.1502129417320039, 0.13056796153946482, 0.13516889805974824], [0.16403258283904681, 0.1497382718900906, 0.14589380368643523, 0.1251584698627259, 0.14833991528943166, 0.1298446528225787, 0.1369923036096912], [0.16238433951648315, 0.14904856576491587, 0.14652659888960545, 0.12666483958145955, 0.14687948452965713, 0.1293035948991284, 0.13919257681875039], [0.14450240864064226, 0.14585155531155386, 0.14715024953836936, 0.13305382560084858, 0.16666666666666666, 0.1312347770069501, 0.1315405172349691], [0.16265681666735998, 0.14891507821342592, 0.14681199102703685, 0.1263692886986912, 0.14746128954040993, 0.12935869112759685, 0.1384268447254793], [0.15973547160924836, 0.14857234239444098, 0.14638121820783445, 0.12759808325874877, 0.1463013110242472, 0.12998261677897402, 0.14142895672650618], [0.1646501767980606, 0.14942788081395872, 0.146302247522876, 0.1247048079144793, 0.14810196041501825, 0.12961850662903404, 0.1371944199065733], [0.16036071808182598, 0.1491537931459893, 0.1463121941027437, 0.12626335914979955, 0.1472250649302718, 0.1308232156737132, 0.1398616549156564], [0.16142293439360622, 0.1492685315311466, 0.14637696056344987, 0.12563444735308113, 0.1475994745982154, 0.1306491235475856, 0.13904852801291523], [0.16666666666666666, 0.1448609237451964, 0.1448429830842561, 0.13453784961571813, 0.1401092485967094, 0.1221098917425685, 0.14687243654888474], [0.1615783342359823, 0.15183381183298303, 0.14577614288171084, 0.12312707457142227, 0.15170170184398926, 0.13229864653520992, 0.1336842880987022], [0.1600492633814368, 0.1508338816778242, 0.14571252504765003, 0.12543131137887295, 0.15003581839141134, 0.13155283337383292, 0.13638436674897175], [0.16035567314124088, 0.14879806448825272, 0.14626103584129563, 0.1270896578513334, 0.14657707861668562, 0.13009994946868855, 0.14081854059250326], [0.16013277626157438, 0.14862096215313558, 0.14697832506116526, 0.1265655372594175, 0.14744989052894103, 0.13038651312574218, 0.1398659956100241], [0.16024233701213553, 0.14863308624838872, 0.1471491683276832, 0.1262565555133403, 0.14772091639852045, 0.13063271480314156, 0.1393652216967904], [0.1601221008579855, 0.14872044450311098, 0.1469511734337666, 0.12607034827769606, 0.14812214455791356, 0.13090637810121275, 0.1391074102683147]]