[[0.16666666666666669, 0.1417203984434288, 0.15227636549786744, 0.11764364197782579, 0.12293978675860076, 0.1400485001394764, 0.1587046405161343], [0.16666666666666666, 0.1497033599603231, 0.15281318820125694, 0.12019064584553357, 0.11867743001542433, 0.13782095096506994, 0.15412775834572537], [0.16366686073162692, 0.15095854420916877, 0.1526384721029742, 0.12111695529843546, 0.11988480401623156, 0.1395235270033868, 0.1522108366381764], [0.16351996038951347, 0.14683959372380803, 0.15307133918336197, 0.11976599765800627, 0.12042402678063324, 0.14103656857913227, 0.15534251368554464], [0.163753861780739, 0.14944208129953368, 0.15240784619864406, 0.11971464872381411, 0.12020630215695007, 0.14069745888989993, 0.1537778009504191], [0.1636673314699733, 0.14774657927225338, 0.1514144527454764, 0.12123239124000862, 0.1205151304652894, 0.14202549611264087, 0.1533986186943581], [0.16374690546345558, 0.14920743941927697, 0.1526144507015937, 0.11911791338604936, 0.12029846088823287, 0.14082433593891888, 0.15419049420247274], [0.1637164086296216, 0.14909744596011168, 0.15212003621253709, 0.11861254084785419, 0.12070346040605806, 0.14145593066139936, 0.1542941772824179], [0.16666666666666666, 0.1456202232007812, 0.15455594420930938, 0.11933174160212283, 0.11941847134433979, 0.13803372429231828, 0.15637322868446188], [0.16666666666666669, 0.1470007689811991, 0.15252003376978512, 0.11728700439285998, 0.11963609700585989, 0.1418215739178829, 0.15506785526574648], [0.16423279234938046, 0.14852664770059298, 0.15108404563443664, 0.12070229451906735, 0.12038996794366429, 0.14230562591309903, 0.15275862593975922], [0.1646973459890657, 0.14599692179078824, 0.15215253930033168, 0.11729383932986621, 0.12081949515171445, 0.14313343993437516, 0.1559064185038585], [0.16334478190422452, 0.14950922776299602, 0.15132266776288006, 0.12075098231959204, 0.12045875423636322, 0.1418821723515664, 0.1527314136623778], [0.16481001689996924, 0.14783556055042846, 0.15194271206310628, 0.11768930588726509, 0.12053319662363943, 0.14255243341059776, 0.15463677456499372], [0.16337119515268828, 0.14707657570991134, 0.15135433672947707, 0.11808094845131414, 0.12156490164994668, 0.1438858040632483, 0.1546662382434144], [0.16433147360834302, 0.14782241928118117, 0.15178953789743574, 0.11794011182355575, 0.12077261467772257, 0.14281891397927426, 0.15452492873248752], [0.1633198422925443, 0.1456099213239083, 0.15182749964724226, 0.11701019126184967, 0.12180225580245123, 0.14412008749744581, 0.1563102021745584], [0.16063588106973092, 0.1409572060588442, 0.1544875512450238, 0.1176916611418052, 0.125068912526449, 0.13944425010977798, 0.16171453784836884], [0.16666666666666669, 0.14341473949365985, 0.15607209728201457, 0.11351397873628494, 0.12095950817868756, 0.13965708626043266, 0.15971592338225388], [0.16384446777876227, 0.14642272408571308, 0.15352489784106543, 0.11850465115206674, 0.12023021548748024, 0.14230818489409752, 0.15516485876081476], [0.16427296009856368, 0.1455448233930724, 0.15292985780353907, 0.11771975584911182, 0.12054019628757766, 0.1430266704774397, 0.15596573609069567], [0.1589522573518625, 0.14354156437049184, 0.15361079526939667, 0.11541099001665624, 0.12408619387427061, 0.13773153245065542, 0.16666666666666666], [0.16382836345483193, 0.14470839014900252, 0.15278547702050127, 0.11681669889241504, 0.12113005398263567, 0.14367191958719477, 0.1570590969134189], [0.1646945614962412, 0.14610912443570406, 0.15243405313101127, 0.11711378255919311, 0.12064431357536733, 0.14328995891917762, 0.15571420588330542], [0.16346640711494756, 0.14787665610328388, 0.1542291207192248, 0.11722274564356022, 0.12029448350802906, 0.1411645285156502, 0.15574605839530425], [0.16501204285978713, 0.14664957825311195, 0.1527492826586006, 0.11711208362475964, 0.12029133162962728, 0.14248632572715203, 0.15569935524696135], [0.16371998484997674, 0.14656577013495375, 0.15414539527067567, 0.11822439559728315, 0.12004518232699507, 0.14160035444116317, 0.15569891737895242], [0.16522180141565884, 0.14716059759673963, 0.15252352887797654, 0.11734733961285745, 0.12015644571538349, 0.14261088324320395, 0.15497940353818013], [0.16353257255472264, 0.14643691222255775, 0.1516678444091002, 0.11792174217872516, 0.12139285509103889, 0.14419277306962844, 0.15485530047422708], [0.16498735729098282, 0.14669259902497092, 0.15344123502906062, 0.1171180252388872, 0.11995330515594135, 0.1420425232227964, 0.1557649550373607], [0.16356182648713158, 0.14564495594611176, 0.15204960279872717, 0.11697342633874343, 0.12147308144772274, 0.14427800846314015, 0.15601909851842308], [0.16376689205823322, 0.14755141389250495, 0.15218162625313633, 0.11686884781806221, 0.1211576264332833, 0.14330297997416566, 0.1551706135706145], [0.16454320816080498, 0.14625028775366758, 0.15264787647190042, 0.11699564749846565, 0.12059105680628301, 0.14307221220377492, 0.15589971110510326], [0.16267280058905348, 0.14743574961014827, 0.15137674092870815, 0.1180656059632465, 0.12181546433121034, 0.14440157682515312, 0.15423206175248005], [0.16342364651046296, 0.14511622847139705, 0.1526397146949253, 0.11645565490409505, 0.12140390720413798, 0.14436517046318856, 0.15659567775179312], [0.16341764814882792, 0.1466695694116596, 0.15461702986070017, 0.11674136029635017, 0.12030906735051555, 0.14176604921445132, 0.15647927571749531], [0.16666666666666666, 0.14249606273427387, 0.1557778112887049, 0.11695390661001798, 0.12053714277138912, 0.13934162069417705, 0.15822678923477038], [0.16383803278680895, 0.14554713818719453, 0.15266757045112092, 0.11691993778662099, 0.12098888527354074, 0.14396763935134968, 0.15607079616336408], [0.1596821323549682, 0.14020060088297043, 0.15446486161966852, 0.11387881105069751, 0.12602184908889194, 0.14058170750146806, 0.16517003750133535], [0.1596821323549682, 0.14020060088297043, 0.15446486161966852, 0.11387881105069751, 0.12602184908889194, 0.14058170750146806, 0.16517003750133535], [0.16351564455768455, 0.14548866317852413, 0.15264366632711435, 0.11614256725244433, 0.1214296964992437, 0.14407185142706339, 0.15670791075792542], [0.16331846267909064, 0.14675192386750716, 0.1522428079603693, 0.11674242488224444, 0.12140666731769398, 0.14411574506886826, 0.1554219682242262], [0.16369659888566113, 0.14656026342181297, 0.1546162033532142, 0.11672453402314521, 0.12010797467952021, 0.14210738628528374, 0.1561870393513625], [0.159738602674176, 0.1388785688275917, 0.15473788494909496, 0.11321394180263814, 0.12639731199660129, 0.14271797783986515, 0.1643157119100326], [0.16413686684081355, 0.14508881664283751, 0.15263922277886155, 0.11605715131988639, 0.1212178747478746, 0.1441740984108845, 0.15668596925884176], [0.1632637555712494, 0.14193878264691762, 0.1562513053732973, 0.1163698420675688, 0.1217513160390727, 0.14191093098776125, 0.1585140673141329], [0.16398115271432834, 0.1451651510773929, 0.1550246105377714, 0.1148057093717795, 0.1205103515878395, 0.14275582571491818, 0.15775719899597015], [0.15896610242917047, 0.1387160278779206, 0.1551495649779897, 0.11326676863392156, 0.1273629238080651, 0.14209601162620078, 0.16444260064673188], [0.1582909232843385, 0.13793114210687432, 0.15421953246727096, 0.11171775360312702, 0.12793706132987737, 0.1459097023627146, 0.16399388484579747], [0.16323597927034253, 0.14310445742976494, 0.1566812912458732, 0.11631248152626049, 0.1212898880629366, 0.14145788452221825, 0.15791801794260385], [0.1575527074267339, 0.13836482728241278, 0.154467162096871, 0.11315004728005533, 0.1292361007467746, 0.14407030932895543, 0.16315884583819695], [0.16666666666666666, 0.1416989521084073, 0.15589790733036105, 0.11281666769097812, 0.12039592068029262, 0.1431433465573376, 0.1593805389659567], [0.1644277046918943, 0.14619585642626537, 0.15757467593298138, 0.112387670843524, 0.12048798538342728, 0.14291588301439015, 0.1560102237075174], [0.16526699878299925, 0.14518012417699913, 0.15661970132670047, 0.11205568284050993, 0.12053200309041658, 0.14424897048834145, 0.15609651929403315], [0.16666666666666669, 0.14625258819798562, 0.15655433597401036, 0.11153368188783291, 0.11999812225720116, 0.14366535244673798, 0.15532925256956537], [0.16666666666666669, 0.14680464403573565, 0.15105787036691878, 0.11362244051641222, 0.12274824082479484, 0.14706858651088447, 0.1520315510785874], [0.16440835695722034, 0.14743781183415333, 0.1524856514332611, 0.1181526353031659, 0.12037878727838401, 0.14201800115668528, 0.15511875603712996], [0.16516106942477016, 0.14673953485458283, 0.1525673670617104, 0.1175912863883734, 0.12015263805796211, 0.14255974409544694, 0.15522836011715413], [0.16307637583319892, 0.14938501846298163, 0.152498726714323, 0.12052901389877972, 0.12052231016491156, 0.14013826418648148, 0.1538502907393237], [0.1635293894979383, 0.14780837098384997, 0.15338958723694224, 0.11896605682285705, 0.12033494130289923, 0.14070259466244622, 0.15526905949306705], [0.16666666666666669, 0.14582278029297527, 0.15565151273252165, 0.11315962695344293, 0.12033674359328869, 0.140709284506843, 0.15765338525426192], [0.16666666666666669, 0.1428382614267947, 0.15498361080786002, 0.1169999124568717, 0.12164361261092126, 0.13954976865461652, 0.1573181673762692], [0.16067721762690487, 0.13941857134472038, 0.15479617514937843, 0.114137365061887, 0.12542785961701317, 0.14307704002031207, 0.1624657711797842], [0.15907561362049968, 0.13902704300864013, 0.15463331655321477, 0.11524503354118124, 0.1273916072246297, 0.14120401477969613, 0.16342337127213835], [0.16060226686516804, 0.1397732483274059, 0.1555644414472695, 0.11236964334954745, 0.1251526113583435, 0.14360892778688378, 0.16292886086538183], [0.16256916280789796, 0.14080746761953591, 0.15708600766148859, 0.11216121946241221, 0.12354387042965252, 0.14217001407260413, 0.16166225794640873], [0.15969117462694707, 0.13814817980607588, 0.1542494119570859, 0.1098038382678173, 0.1255635944815008, 0.1458771341939064, 0.16666666666666669], [0.1597651811291499, 0.13858600131983426, 0.1543073846307319, 0.10973321611589837, 0.12559435863749083, 0.14604778490616438, 0.1659660732607303], [0.16017489407123237, 0.13833943087680398, 0.1548277895537571, 0.10987972669261467, 0.12528388268132953, 0.1456563178535173, 0.1658379582707452], [0.15778041953117797, 0.13767424276300935, 0.15501302284224075, 0.11101087342821098, 0.12883703476302377, 0.14643716437135004, 0.16324724230098717], [0.16666666666666669, 0.14791780358696863, 0.1512735138440367, 0.12437402280520617, 0.12018705034782533, 0.1352368230505067, 0.15434411969878994], [0.16666666666666669, 0.14408214459732827, 0.1532448122023024, 0.11998367706573303, 0.12047440218065572, 0.13929380548936704, 0.1562544917979469], [0.16286765661156713, 0.14979635808748826, 0.15147949106042904, 0.12232918222017529, 0.12030407879554257, 0.14082428816489542, 0.15239894505990226], [0.16283789502434645, 0.1495373897309024, 0.15254521462143872, 0.12191801324954929, 0.12005312016775047, 0.14026173703706982, 0.152846630168943], [0.1631303149224838, 0.14944720999959846, 0.1514357109763412, 0.12213675067870716, 0.12024601174492179, 0.14111967253715826, 0.15248432914078933], [0.16351921308747452, 0.14927380693176096, 0.1515433608863086, 0.12150276377417366, 0.12019464260572603, 0.1411990482640171, 0.1527671644505391], [0.1633180892066165, 0.14721989677894906, 0.1532694497993651, 0.12208269649293586, 0.12018071201039843, 0.1400405165090917, 0.15388863920264337], [0.16384951553933652, 0.14797586448994474, 0.1521699015817133, 0.12095080322517823, 0.12009996333011155, 0.14130951570826505, 0.15364443612545067], [0.16482667904566894, 0.1505799861319092, 0.15340369544982985, 0.11911047173946554, 0.11923435094875601, 0.1382604718504718, 0.15458434483389868], [0.16366537504454093, 0.14785949618457384, 0.15145992904612685, 0.12260565473612377, 0.12028621323192687, 0.14174837568415938, 0.1523749560725484], [0.1623196359804324, 0.14733052862939242, 0.15172755370526467, 0.12379185119143252, 0.12078486212512153, 0.14182792406602343, 0.152217644302333], [0.1626446287498695, 0.1508554763303437, 0.15206053863771885, 0.12148770720178018, 0.12012845343977198, 0.14053071267736023, 0.15229248296315562], [0.16304095313230338, 0.1486952563799669, 0.1531056540336447, 0.120552911808925, 0.12013824136580979, 0.14037923071605815, 0.15408775256329224], [0.16384041745612235, 0.14836247508038364, 0.1523446043730491, 0.12104924791467594, 0.11988211252402625, 0.14109549763650017, 0.1534256450152426], [0.16666666666666666, 0.1495752189563856, 0.15008875109734524, 0.12953283893425063, 0.11874626306228311, 0.13586319740830968, 0.14952706387475903], [0.16326770929364182, 0.1481230635705731, 0.15386623542344843, 0.11919251994098276, 0.12011783932792078, 0.14076862929488698, 0.15466400314854611], [0.163276011458587, 0.15081785304379303, 0.15258309551219015, 0.11931293737416292, 0.12019730392941909, 0.14091313847473602, 0.15289966020711176], [0.16269475780908102, 0.14832980040704283, 0.1534808533470059, 0.12127557030734853, 0.1200093930351536, 0.14041233994286878, 0.15379728515149912], [0.16439706794102396, 0.1480953851105306, 0.1524334936169464, 0.11996468398434121, 0.11986818773391814, 0.14142312890662198, 0.15381805270661772], [0.16666666666666663, 0.14791416883838968, 0.15037635459835033, 0.12074008628301236, 0.1200450340026289, 0.14246957732461013, 0.15178811228634176], [0.1666666666666667, 0.14122042890353798, 0.15296968705989739, 0.11545356904301152, 0.12112455248298801, 0.14301105765045233, 0.1595540381934463], [0.16466817268163067, 0.14825119287216368, 0.15259632838703877, 0.11799943096769633, 0.12009798541230056, 0.1422191580146304, 0.1541677316645396], [0.16666666666666669, 0.1494952957816242, 0.153404607881688, 0.11502064148347463, 0.11983776727622347, 0.14176024206936047, 0.1538147788409627], [0.16358252903996834, 0.1499887915950937, 0.15365241205128657, 0.1179485620075104, 0.11988821990050029, 0.14128173339193514, 0.15365775201370546], [0.1635918296516767, 0.14869077770618394, 0.1515062458362721, 0.11968864850551288, 0.12060907676611277, 0.14295512589163067, 0.15295829564261088], [0.16252552323954628, 0.14492241894645694, 0.1555834550893569, 0.11783661729737269, 0.12072278738092383, 0.14160211726555194, 0.15680708078079147], [0.16492266051142704, 0.1411507803161033, 0.15388840825528757, 0.11430889151600072, 0.12161758092567629, 0.14358569460498943, 0.1605259838705156], [0.16666666666666666, 0.14522771104988894, 0.14983679330567387, 0.11554454209764273, 0.12263793736780465, 0.14641212366115833, 0.1536742258511648], [0.16666666666666666, 0.14761669657346857, 0.15224084094914858, 0.11756977452398819, 0.1198666250279568, 0.14401135731450626, 0.15202803894426484], [0.16666666666666666, 0.14608883566736514, 0.15471903691107947, 0.11429236217548638, 0.11964584045233909, 0.14367764256222956, 0.1549096155648336], [0.16666666666666666, 0.14723158645693374, 0.1531513880482469, 0.114383492792455, 0.12040824891620996, 0.1447176638330125, 0.15344095328647514], [0.16666666666666669, 0.14207048859608723, 0.15252803069459028, 0.11408613505782018, 0.12235404303278481, 0.1484332842154705, 0.15386135173658042], [0.16666666666666663, 0.1459186666385978, 0.1512664023143774, 0.11054445669093457, 0.12476781570669834, 0.1476772897580591, 0.15315870222466596], [0.14743353982916543, 0.13622892472062276, 0.149797806926246, 0.11503630262178423, 0.1394773006042456, 0.1453594586312693, 0.16666666666666669], [0.15126682466452795, 0.13821861513483152, 0.1540018526408947, 0.11137908721129197, 0.13323202384235305, 0.14523492983943415, 0.16666666666666666], [0.1419797201149114, 0.141139269549046, 0.14117674353930643, 0.1237293330885431, 0.15568783195094454, 0.15296950509276533, 0.14331759666448324], [0.1416040115613707, 0.1428390927806434, 0.1420203312646997, 0.13197998522983653, 0.14934654022988564, 0.14736211369271915, 0.14484792524084486], [0.13934813101293533, 0.13950487634198394, 0.14148987481102848, 0.12815855415195984, 0.15766303571382415, 0.14685358046736086, 0.1469819475009073], [0.14191283625607737, 0.14778683933446116, 0.14696993831743088, 0.11520496135900933, 0.14518389692517442, 0.15740774376182137, 0.14553378404602563], [0.14734834234629685, 0.14890172487081893, 0.1464038551133888, 0.11753752220004383, 0.14247811284785264, 0.15549986980735786, 0.14183057281424122], [0.14193229068215807, 0.13976117719750847, 0.14094180692572353, 0.1236852989118857, 0.15913869021263516, 0.15091673749252407, 0.1436239985775649], [0.14175200881182262, 0.13960880911746054, 0.14080110823617226, 0.12458976676916407, 0.15886941034661473, 0.15056917535038158, 0.1438097213683843], [0.13878853293166382, 0.13875642714792277, 0.14037824707799312, 0.11975133532787234, 0.16666666666666666, 0.15034631350951988, 0.1453124773383614], [0.16261254146694676, 0.14700336812252654, 0.15325199643091336, 0.1203928657607694, 0.1208693556859714, 0.14045958229114472, 0.1554102902417278], [0.16293451583954202, 0.1447663456117682, 0.15255560691820136, 0.11966665888228009, 0.12149055558959337, 0.1417306404771712, 0.1568556766814437], [0.16305129975377425, 0.1459620507709976, 0.15336900185575328, 0.12012347017493787, 0.12100518729965379, 0.14062702712318084, 0.15586196302170224], [0.16290171212785978, 0.14530039723654584, 0.15305787882503508, 0.12042728443961925, 0.12112520358013246, 0.14113407352181898, 0.15605345026898879], [0.16666666666666669, 0.14632467807075367, 0.15272059551262965, 0.12332078991008735, 0.11959716148515173, 0.13848538611182407, 0.15288472224288702], [0.16226093337460556, 0.14750985043769832, 0.15290122902447756, 0.12210332275237434, 0.12052680930830434, 0.14059986969768767, 0.15409798540485226], [0.16360013641029503, 0.14798022138628372, 0.15331594025193876, 0.12204622416537289, 0.12000161987585252, 0.1395657677157824, 0.1534900901944746], [0.1626493916021559, 0.14537436963094097, 0.15363626998666732, 0.11941380955246826, 0.12097675520380466, 0.1414140676897315, 0.1565353363342315], [0.1636778944506355, 0.14836138965438964, 0.15182190870890327, 0.1212122998430709, 0.12017668301275428, 0.14156149472687876, 0.15318832960336756], [0.16385364890381762, 0.14855299886914636, 0.15299954366625426, 0.12001332404950325, 0.11986298416495521, 0.14081826420096072, 0.15389923614536277], [0.16305528278415002, 0.14831201532694457, 0.15353707421595406, 0.12207938865543079, 0.1199318371803603, 0.13998694763878258, 0.15309745419837767], [0.16392175100542192, 0.1462059223893308, 0.15354530515892617, 0.11725184087605839, 0.12060517964338656, 0.14174628725388175, 0.15672371367299445], [0.16385151723749614, 0.14461718602222426, 0.15326355682127363, 0.11844702072629054, 0.12070519443165968, 0.1426595700641317, 0.156455954696924], [0.1643286588041604, 0.14533520358316596, 0.15319407905580423, 0.11689339373681418, 0.12062530493879911, 0.1427683671233322, 0.1568549927579239], [0.1557268306733805, 0.14339538646934222, 0.16099551891447153, 0.11259339007352683, 0.12689618221657253, 0.1449780383904912, 0.1554146532622151], [0.15652980960462212, 0.14615454918317325, 0.16024150979907534, 0.11400710748542374, 0.12537747525609858, 0.1453404065850752, 0.15234914208653177], [0.14750203759345296, 0.14671018801786492, 0.1546942860860847, 0.11273646351779228, 0.13403156723192403, 0.150860640374373, 0.15346481717850832], [0.1453889926050983, 0.14539974392040916, 0.1511687522792509, 0.11107962395537986, 0.1401961464206208, 0.15604197183654853, 0.1507247689826924], [0.1385391349956406, 0.14165698412782537, 0.14282573215378774, 0.12009196198327979, 0.15753437904827955, 0.152009028624222, 0.14734277906696489], [0.16248462615121495, 0.14662360242100472, 0.15265797697313152, 0.12115545083407464, 0.12129340100677549, 0.14042267460293978, 0.15536226801085906], [0.16666666666666669, 0.14402053783317165, 0.1529657626691299, 0.12147511257635674, 0.12052274970317269, 0.13894615051920345, 0.15540302003229903], [0.16318502979534924, 0.1478491219705674, 0.1526211755608046, 0.12018834576000234, 0.12070852739920891, 0.14062025041709705, 0.15482754909697047], [0.16323004938892383, 0.14462727023612765, 0.1530515381726282, 0.11948772798132425, 0.12126873970103788, 0.14145367037584478, 0.15688100414411354], [0.16442726423407233, 0.1471160613524217, 0.15189992131582702, 0.11811539526767867, 0.1209135250347979, 0.14198095361512, 0.15554687918008248], [0.16419273242946333, 0.14784813346266695, 0.15181496994766286, 0.12048586713527625, 0.12022542518322395, 0.14177945633795377, 0.153653415503753], [0.1637719505381898, 0.14977597791231295, 0.1506329127048605, 0.12168274237954826, 0.12050445590260654, 0.14172415360664256, 0.15190780695583936], [0.16399559896260366, 0.14891394383521192, 0.15130659257333917, 0.12132744380102602, 0.1202215495063601, 0.14164887896501466, 0.15258599235644443], [0.16227130998885347, 0.14757792611419038, 0.15344355202993407, 0.12171137080701541, 0.12027871211780039, 0.1407211760597279, 0.15399595288247836], [0.1640489940326799, 0.146936921797491, 0.153139532430188, 0.1178146148781691, 0.12051392812610795, 0.1414755976476724, 0.15607041108769154], [0.16461970038566143, 0.14755673894865665, 0.15184755969196723, 0.11966404879051065, 0.12015492846341749, 0.1421450792679457, 0.15401194445184077], [0.16292903744801362, 0.1473726496328159, 0.15282313946622583, 0.12114998372756543, 0.12024217396171545, 0.14184286368140647, 0.15364015208225726], [0.16666666666666666, 0.14583422901367077, 0.1541437877200656, 0.11390058641636233, 0.11989649533979378, 0.14335908147430232, 0.15619915336913856], [0.16666666666666669, 0.14354077020666015, 0.15256098370066618, 0.11661183316806403, 0.12043262719317173, 0.14275309984004206, 0.15743401922472924], [0.16523088322537732, 0.14730911987183185, 0.15516004594218763, 0.11451925482045086, 0.12064019696313352, 0.1405036208979554, 0.15663687827906345], [0.16351014037856776, 0.1473140659922902, 0.15404246092053553, 0.11866615673250841, 0.12008107123518023, 0.1410145374317191, 0.15537156730919893], [0.16415373650637566, 0.14664858687862878, 0.15394372133296608, 0.11786976798962837, 0.12003926261157032, 0.14145467475022902, 0.1558902499306019], [0.16666666666666669, 0.1440235395522669, 0.15027844959257625, 0.11809731259544144, 0.12146764977615085, 0.14476707834216687, 0.15469930347473115], [0.16221153463633042, 0.14619986547845085, 0.15409350249710074, 0.12008127731293165, 0.12052094531678295, 0.14195396060774979, 0.1549389141506535], [0.16020047795107975, 0.14015207371848062, 0.15470947637881682, 0.11533763282942089, 0.12605319834661433, 0.1402261041123528, 0.16332103666323486], [0.16666666666666666, 0.14643023619396767, 0.15445845824472496, 0.11192170982768637, 0.12185722273172758, 0.14117869524733956, 0.1574870110878872], [0.1628107509129333, 0.14791247545165492, 0.15440956523678917, 0.11871001004836675, 0.1201627316054607, 0.1408367236204691, 0.15515774312432604], [0.16404663132273112, 0.14379431244364554, 0.1534247667140033, 0.11635964840520632, 0.12099536266746917, 0.1435911091242892, 0.15778816932265535], [0.16453818648457402, 0.14717101113773032, 0.15366889555299218, 0.11598536685675698, 0.12022488708698725, 0.14263076519369683, 0.15578088768726248], [0.16309085324765243, 0.14640277758990347, 0.15562552862097315, 0.1162084785257951, 0.12031104870829198, 0.14163260314238085, 0.15672871016500292], [0.15984688315843107, 0.13943280108947828, 0.15486795021168256, 0.11247075771766239, 0.1255933491625072, 0.14112159199357185, 0.16666666666666666], [0.16323338167974388, 0.14344221745896055, 0.15629813720901528, 0.11769505222503718, 0.12102668239508768, 0.14138562484763836, 0.156918904184517], [0.1628287159196012, 0.14304179317131793, 0.15637587975532008, 0.11817348066562931, 0.12132905692952434, 0.14161065370416687, 0.15664041985444024], [0.16376619866906558, 0.14245851895305303, 0.15655922993591564, 0.11567248509168841, 0.12101216967352374, 0.142601496807938, 0.15792990086881553], [0.16666666666666666, 0.1452545756015959, 0.1553417617572141, 0.11238930132154587, 0.12120803573916461, 0.14085600756055314, 0.15828365135325967], [0.1608264821926323, 0.14072058656613973, 0.15455453824138285, 0.1177999181429775, 0.12489814101444355, 0.13985691440293288, 0.16134341943949118], [0.16666666666666666, 0.14718291093988942, 0.14779666354891427, 0.14070491143797148, 0.1225540343411765, 0.13388885731824798, 0.14120595574713368], [0.15667018114487286, 0.14431578782350507, 0.1541377507577548, 0.11245983854343387, 0.12937379488265455, 0.1529939288579622, 0.15004871798981675], [0.1501056659781207, 0.1381193257318408, 0.14546805982093203, 0.11225858976300508, 0.14051839381749967, 0.16666666666666666, 0.14686329822193508], [0.14930527850815478, 0.13902501704714676, 0.14404898007829794, 0.11731884931443289, 0.14304631131891615, 0.1617669436752589, 0.14548862005779262], [0.14505574876915495, 0.14590776831462707, 0.14449416959560263, 0.11696155517298389, 0.1454775978541627, 0.1606851234453768, 0.14141803684809184], [0.14764115316819365, 0.15030858497791588, 0.1462855586523435, 0.12218145500766062, 0.13636557106836997, 0.15686254814903616, 0.14035512897648025], [0.14234882719357075, 0.1473206951113268, 0.14509081251801018, 0.11375671262115193, 0.14278193453065535, 0.16666666666666666, 0.14203435135861825], [0.1402896561689988, 0.1444895451254593, 0.14414521756114795, 0.115739053143195, 0.15122704390582245, 0.15888283986704657, 0.14522664422832998], [0.1440888178474822, 0.1424419871749716, 0.14066575717149324, 0.16666666666666669, 0.12840209197147745, 0.14177864058408376, 0.13595603858382507], [0.14399803403910322, 0.14275442235935001, 0.1405754933711138, 0.1658159579612876, 0.12846681936160834, 0.14237736489261688, 0.13601190801492025], [0.14010580436222522, 0.14342353854409728, 0.14363670892768482, 0.11619896842541466, 0.15354233069966708, 0.15787328229061803, 0.14521936675029298], [0.15450425662143152, 0.147952138855376, 0.1535419548620718, 0.11849661561818914, 0.12828197190399834, 0.14899036367593663, 0.14823269846299666], [0.14575919800554027, 0.1463952455259025, 0.14661220050975868, 0.11311744073082439, 0.14329033949554332, 0.161635000038518, 0.14319057569391305], [0.15665371076252932, 0.1450579188844666, 0.16666666666666669, 0.11017473859263514, 0.12476276741662294, 0.14316670608474946, 0.15351749159232989], [0.15795291708021236, 0.14458166632573757, 0.16214241477699295, 0.10862018563212103, 0.12653427162985093, 0.1453247498157629, 0.15484379473932242], [0.1551702106992953, 0.14817997768532087, 0.16261032002458514, 0.11386760651320837, 0.12467342970002143, 0.14302713871173506, 0.15247131666583372], [0.1570600417085135, 0.14804552606843704, 0.16333408180667633, 0.1119485438108514, 0.12425349137112604, 0.14389963267269704, 0.15145868256169853], [0.15189397546102312, 0.16666666666666666, 0.14939865822359286, 0.12171995907093884, 0.12282480346502082, 0.14216459725802072, 0.14533133985473698], [0.1467407001751277, 0.1548837325185748, 0.15367238967871655, 0.11577506686905752, 0.13167235205421224, 0.1503389081735803, 0.1469168505307309], [0.14262909157484469, 0.152385477045559, 0.14811146194400562, 0.11491102491015778, 0.13922583521125584, 0.1588906321541461, 0.143846477160031], [0.14404849596188296, 0.14930625258488509, 0.14729268249079133, 0.11629196257122992, 0.14331918944849253, 0.15567002539928979, 0.14407139154342843], [0.14455604341250958, 0.16666666666666669, 0.14364322795259488, 0.13060868867044048, 0.12963809215923283, 0.14171364821041818, 0.14317363292813748], [0.16666666666666666, 0.14855048574152546, 0.14424403432092292, 0.13643669740264783, 0.12002995435770558, 0.13927498318178816, 0.1447971783287433], [0.16666666666666669, 0.1480673625474289, 0.14832760408689308, 0.13663878156982026, 0.12044207355370734, 0.13425431423946302, 0.14560319733602076], [0.16379311519309966, 0.1443474496364321, 0.15621633399988452, 0.1156611844742237, 0.12051005652242573, 0.1417638208184343, 0.1577080393554999], [0.14977169912397387, 0.1426970417317218, 0.16666666666666666, 0.12200848204506294, 0.12704676101451287, 0.13923568289665822, 0.1525736665214036], [0.14938022316632482, 0.14615431584386235, 0.16666666666666669, 0.12566984461649036, 0.1263365618324314, 0.13785519151169678, 0.14793719636252767], [0.15569292199904675, 0.15311720897619416, 0.156487109116291, 0.11779202384969549, 0.12447480040048531, 0.14432527328785047, 0.1481106623704367], [0.1457302937760692, 0.16512076996847533, 0.1489642211359573, 0.12338787482764964, 0.12861410713011878, 0.14788993151354374, 0.1402928016481859], [0.1461308423204495, 0.16214009926529155, 0.1487811147169505, 0.12307139060014823, 0.12976588694495866, 0.15007495500210208, 0.14003571115009938], [0.1456223872563807, 0.1647879435142016, 0.1483054484012499, 0.1250062950967309, 0.1290000628131657, 0.146410333152752, 0.14086752976551917], [0.14578247368324906, 0.16666666666666669, 0.14798037475960918, 0.12419809861208066, 0.1286054191016485, 0.14654853151899258, 0.14021843565775347], [0.1461041126101867, 0.16250845448771897, 0.1487648647342698, 0.12268547126449587, 0.12968269268189478, 0.15020330198586002, 0.14005110223557385], [0.145762958715955, 0.16140164851117048, 0.14861975192522603, 0.12100944175413494, 0.13084292826065652, 0.15192959519658364, 0.14043367563627354], [0.1454695374012716, 0.16666666666666666, 0.14888300814868152, 0.12168666694431338, 0.12859741228169375, 0.14861320584776988, 0.14008350270960315], [0.14554419199528104, 0.16355466849051617, 0.14900315483675483, 0.12239484855844346, 0.12932891557682236, 0.1496481868085548, 0.14052603373362726], [0.14534027926301787, 0.16396239368248694, 0.1491048916788365, 0.1240524210371567, 0.1288634744456977, 0.14785157121770445, 0.14082496867509983], [0.14618910759242582, 0.16231257967133958, 0.14875333559027137, 0.12599452065989575, 0.12867749414827573, 0.14654790661041323, 0.14152505572737845], [0.1469670034406355, 0.14429430108863947, 0.14042049708696108, 0.13273822351473982, 0.13090209527173213, 0.16666666666666666, 0.13801121293062532], [0.14648705306459756, 0.16259119220125884, 0.14862455898829469, 0.12570978923739437, 0.12874811567552535, 0.1471469778777793, 0.14069231295514983], [0.1457064038713311, 0.1643958425601101, 0.14797041784478074, 0.12629843044387293, 0.12876228769256226, 0.14562383850085764, 0.14124277908648514], [0.1458146467784069, 0.16460189445058954, 0.14901511947978205, 0.12370008328067544, 0.12873143441312612, 0.14765745156233565, 0.14047937003508437], [0.14555677677611245, 0.16364190502548626, 0.14850383633403683, 0.12476386765201689, 0.12949295453128853, 0.1465035270587787, 0.14153713262228024], [0.14567680855199863, 0.16380059765657648, 0.14866816111431227, 0.12421851797783208, 0.1294062393414729, 0.14694150878976356, 0.14128816656804413], [0.1480676726886373, 0.16666666666666666, 0.14575323436780147, 0.13585258972109043, 0.12393319506761359, 0.141196002042264, 0.13853063944592653], [0.14474070833759412, 0.1623015893779593, 0.14909186694244503, 0.12096904358300661, 0.1305952026377124, 0.1509599664194304, 0.1413416227018523], [0.14423933478328965, 0.16666666666666666, 0.14803316304065017, 0.12253224134957201, 0.12908413967633353, 0.14886657919218182, 0.14057787529130608], [0.14560111688442381, 0.1641782267227635, 0.14822019314424728, 0.12580973572606158, 0.1289173803005983, 0.14592738049642734, 0.1413459667254782], [0.1461962191566913, 0.16512887534386667, 0.14790410888366157, 0.12497254732080726, 0.12894530884007238, 0.1466865172401481, 0.14016642321475278], [0.14638389782807626, 0.16454900270367864, 0.14792599936375286, 0.12467209702309877, 0.12921984313964907, 0.1469780638299526, 0.14027109611179175], [0.1461652446155126, 0.1644674246268284, 0.14800504504490267, 0.12445203641706945, 0.12948084737770194, 0.14738289476213895, 0.14004650715584605]]