[[0.16666666666666666, 0.1392185057421943, 0.14093281813195005, 0.12498716104723603, 0.14574442267663856, 0.12948995738737856, 0.15296046834793578], [0.16180741357115086, 0.13930978280689274, 0.1445806446455229, 0.12663467625381405, 0.1487872868173736, 0.1253312720351817, 0.1535489238700642], [0.1622733014742597, 0.13966553191703746, 0.1447428543214104, 0.12647733884311962, 0.14808652381112686, 0.1253901896533394, 0.15336425997970637], [0.16500320657508613, 0.13970882407343496, 0.14270103006044751, 0.1256765359535168, 0.14630464793743436, 0.12625163861878066, 0.15435411678129954], [0.16363301830898944, 0.140191300694104, 0.14376889460774211, 0.12602266998402475, 0.14626119159101975, 0.12644826959360295, 0.1536746552205169], [0.1628435065423943, 0.14030169202448095, 0.14319238159176262, 0.12721088489889823, 0.1462371425935475, 0.12658800527042072, 0.15362638707849557], [0.16370031565322543, 0.14042430856524857, 0.1437367859523039, 0.12574348216444783, 0.14574174612536137, 0.12675952906183688, 0.15389383247757607], [0.16303448451711672, 0.14094085134193685, 0.14372414934238104, 0.12586852860534753, 0.14507103429945134, 0.12764372737043087, 0.1537172245233359], [0.1609545009142342, 0.13964425567424749, 0.14386050675884313, 0.12619382605156632, 0.1479162072300066, 0.1262679826923247, 0.15516272067877773], [0.1645571517603612, 0.14081687638015764, 0.14316674362487525, 0.12518972043938906, 0.1445625098339611, 0.1271628645134014, 0.15454413344785456], [0.16210180559283383, 0.14092129853889207, 0.14370882291772902, 0.1272277710043947, 0.14549614520442694, 0.12695978485241763, 0.1535843718893059], [0.16350796561568892, 0.14140067306352277, 0.14280358752352562, 0.12551587643013098, 0.1438413649316194, 0.12845440620444185, 0.1544761262310704], [0.162239098783671, 0.1408657229390538, 0.14396168644074345, 0.12704249774893953, 0.1455735439887729, 0.12679031170190525, 0.15352713839691404], [0.16313421641691547, 0.1413900144166625, 0.14350969377446549, 0.12561504082148492, 0.14420640024576836, 0.12799872047666383, 0.15414591384803955], [0.16201582302180279, 0.14196610247685118, 0.14330064284351282, 0.12614708797910534, 0.14360150260237725, 0.12905263967127245, 0.15391620140507825], [0.16280050390622716, 0.14153697383671973, 0.14349346976615202, 0.12583036737445252, 0.14408787551381455, 0.12820420510361757, 0.15404660449901633], [0.1624412113453877, 0.14203959954771606, 0.14276727914776371, 0.12565563701226903, 0.1431023265141505, 0.12961337866385098, 0.15438056776886203], [0.16140514625839297, 0.1408305175982802, 0.14255398163789051, 0.12494840227584904, 0.14458921805075906, 0.13123254906549794, 0.15444018511333027], [0.16181034139078362, 0.14125278331622254, 0.14364162112716936, 0.1234241481407893, 0.1444527501617231, 0.12948147952673467, 0.1559368763365774], [0.16448532865494114, 0.14065198247504704, 0.1432075749953826, 0.12503612138720674, 0.1448456334192856, 0.12652767408554172, 0.155245684982595], [0.164119158772419, 0.14106395088496607, 0.14281237480719008, 0.12514058279537682, 0.14415521011335977, 0.12753341707736596, 0.15517530554932213], [0.16666666666666663, 0.14044807156304054, 0.14307561957006612, 0.12303945746692842, 0.14338579219243128, 0.1304235163318784, 0.15296087620898843], [0.16358516338839918, 0.1415582256195577, 0.14250831996108224, 0.12510566431349096, 0.1433899501622548, 0.12870180226620867, 0.15515087428900634], [0.16351861039523402, 0.1415765142448585, 0.1430094451879182, 0.12529821639321953, 0.14356217650064676, 0.12824562499338693, 0.15478941228473606], [0.16476032025559037, 0.14073535537118045, 0.14365737209208176, 0.12421487801998594, 0.14461958469485484, 0.12685222481413477, 0.15516026475217193], [0.16409045855489665, 0.14128396884471556, 0.14309660325879658, 0.12509859753975064, 0.14383491832426798, 0.1277654588616628, 0.15482999461590966], [0.1657613369567071, 0.14031714235706338, 0.1430599224090317, 0.12447520302018746, 0.14483183965964194, 0.12606104231753587, 0.15549351327983255], [0.16376333445159147, 0.14132409266146084, 0.14339237962983425, 0.1252132389031434, 0.14404651025244278, 0.12757432296201726, 0.15468612113950983], [0.1621715894808968, 0.14201272961996245, 0.14323847266639209, 0.125944410598448, 0.14344739238451507, 0.12884423145860557, 0.15434117379117993], [0.16504146498665426, 0.14092222204648053, 0.14314655587572075, 0.12459212132687957, 0.14409985079838133, 0.1269997173776201, 0.15519806758826324], [0.16256221856727704, 0.142120799842813, 0.1429449799502843, 0.12547350049143985, 0.14295088183669766, 0.1292034854836087, 0.15474413382787935], [0.16256968891224172, 0.14205132010595448, 0.14359589278721488, 0.12527566723088485, 0.14326584004400914, 0.1288404184056802, 0.15440117251401486], [0.16363139392728407, 0.1415096430594251, 0.1431167015983791, 0.1249996761770417, 0.1436501393821183, 0.12801571828658317, 0.15507672756916854], [0.16144870883787998, 0.14243244774714658, 0.14366222374108747, 0.12608834186197418, 0.1430848518400509, 0.12921919885613278, 0.15406422711572806], [0.16285887625676157, 0.14213226268501558, 0.14288267904273605, 0.1250275013178145, 0.14279968779794028, 0.1291310054790852, 0.15516798742064683], [0.16509426544648886, 0.14095934808951074, 0.1433395729872848, 0.12390684290627323, 0.1439321016841351, 0.12696249816321376, 0.15580537072309358], [0.16033021836642608, 0.14068813834086916, 0.14335084633473627, 0.12509383771885638, 0.1458073088527336, 0.1280903574020633, 0.15663929298431511], [0.16312965102959973, 0.1419496424193543, 0.14298870482934276, 0.12515539262032804, 0.14301866337446395, 0.12855073534963538, 0.15520721037727567], [0.16215004711683748, 0.14216253060505352, 0.14243128361975235, 0.12341225691233018, 0.14188097902258254, 0.13336227168064485, 0.15460063104279909], [0.16215004711683748, 0.14216253060505352, 0.14243128361975235, 0.12341225691233018, 0.14188097902258254, 0.13336227168064485, 0.15460063104279909], [0.16271900284451865, 0.1422865583581538, 0.1429836906814097, 0.12497569218959823, 0.1425610124921548, 0.12933847298214862, 0.1551355704520164], [0.16228676538152007, 0.14239708334171283, 0.14348086744841848, 0.12523136331473372, 0.14274243345372142, 0.12910251474962872, 0.15475897231026478], [0.16509419095169786, 0.14111610240373235, 0.143416199556348, 0.1238831035859462, 0.14366661847233395, 0.12678157105398835, 0.15604221397595314], [0.16006729055038613, 0.1429545672301142, 0.1421074656650581, 0.12369002371275727, 0.1413234761913927, 0.1342896141956823, 0.1555675624546093], [0.16262738288683332, 0.14231627957109524, 0.14298397616315625, 0.12493978299079572, 0.14249109749957722, 0.12919473197988354, 0.15544674890865884], [0.16101614377706885, 0.14157682895304027, 0.14281523638220997, 0.1244159263699713, 0.14373508648260327, 0.12893651511480264, 0.15750426292030378], [0.16382455593849876, 0.14196495040349086, 0.1433278069189191, 0.12344897521958395, 0.14250778770419636, 0.12820286870650555, 0.15672305510880538], [0.15984731420369017, 0.143139954062112, 0.14251413737968555, 0.12326099958103393, 0.14101318041827882, 0.13471894315802546, 0.15550547119717403], [0.15843347515896522, 0.14437412931213153, 0.14199760049898733, 0.1234162767452364, 0.13970070829676234, 0.13618252350659557, 0.15589528648132173], [0.16141358925860244, 0.14156793125208755, 0.14326200877686446, 0.12407892692464241, 0.14367800604505018, 0.128288636476751, 0.1577109012660019], [0.1592260107771903, 0.1439520957736792, 0.14211881628910425, 0.12324412398404028, 0.13982133602865726, 0.13629609459166758, 0.15534152255566122], [0.161817231924153, 0.14267761081329638, 0.1429705198360105, 0.12334436455203389, 0.14164795432963978, 0.12944187047686326, 0.15810044806800327], [0.16075611529721845, 0.143959417332532, 0.14545167403906947, 0.12198575479840887, 0.14043445723008188, 0.12865370129546383, 0.1587588800072254], [0.16062655826444444, 0.14434727424043423, 0.14506942748308269, 0.12218396826560844, 0.13992547708740755, 0.12908824961728016, 0.1587590450417426], [0.16057924712014632, 0.14440858349563263, 0.14560603518308968, 0.12202828966991804, 0.1399818784157428, 0.1288815170398865, 0.15851444907558407], [0.15745385876752158, 0.14608060446554857, 0.14560718198713862, 0.12473963803815939, 0.13908251075115602, 0.13195282067002181, 0.15508338532045401], [0.16376534250222843, 0.1409986270237718, 0.14328286927481912, 0.12549003726261196, 0.14448937487997715, 0.12737949959555725, 0.1545942494610342], [0.16400525099076682, 0.141166815639127, 0.1431569633371345, 0.12529406218914094, 0.1441486642909603, 0.12745338910526097, 0.15477485444760927], [0.1633113918785157, 0.1398121879415742, 0.14362979761111944, 0.1263917883727548, 0.1470207780988082, 0.1263859364914939, 0.1534481196057337], [0.16487872664390438, 0.13999743968956657, 0.1431928880581614, 0.12522155560427659, 0.14586137636907695, 0.12641092340256466, 0.15443709023244961], [0.16275766174818623, 0.1416020061127427, 0.14399749962114428, 0.12305394554590549, 0.14379231228609757, 0.12890389703158653, 0.15589267765433726], [0.1601316631334652, 0.14034159151306544, 0.14373653538248804, 0.12437627594487319, 0.14720970011277626, 0.12833030710785343, 0.15587392680547854], [0.1609844320952674, 0.1424321522818352, 0.14184322338803762, 0.12387082346525011, 0.14194056191744808, 0.13306923691995443, 0.1558595699322072], [0.1602537557808057, 0.14235328433964956, 0.1423798277352795, 0.12399649776460686, 0.142121935864546, 0.13407584217961696, 0.15481885633549547], [0.16016986465045138, 0.14317582312264335, 0.14241072664312804, 0.12318157141823947, 0.1411862432981156, 0.13341912308241763, 0.15645664778500448], [0.1604043416082136, 0.14278569567378852, 0.14321975310407947, 0.12267006598638079, 0.14193615972213663, 0.13185810085218136, 0.15712588305321964], [0.15811660053684268, 0.14455987182711463, 0.1423700883941048, 0.12332454888677244, 0.13976115908003994, 0.13533698705120453, 0.1565307442239211], [0.1580863897924087, 0.14467049801465626, 0.1425025450133534, 0.12323044686559172, 0.13966777857416734, 0.13533138341869458, 0.15651095832112788], [0.15807234264215436, 0.14457242437881573, 0.14252257681792893, 0.1231731825824558, 0.13975794616430953, 0.13497132514185428, 0.1569302022724812], [0.15914002284428466, 0.14494083588789744, 0.14215241018726105, 0.12235806926414695, 0.13850521322832623, 0.13654980313149986, 0.1563536454565838], [0.16666666666666666, 0.1365524614054218, 0.14395545918579522, 0.1270818904968596, 0.15196183270387578, 0.12316299698673787, 0.15061869255464302], [0.16163734517165798, 0.1394272313559448, 0.1424644172316391, 0.12682300070389615, 0.14782784939515903, 0.12724183179688447, 0.15457832434481864], [0.1625384459744992, 0.1398372153239169, 0.14378995231358027, 0.12757107927080688, 0.14741491499393616, 0.12578539817248177, 0.15306299395077871], [0.16324551032001902, 0.13949771431119923, 0.14388959706157634, 0.12680514522040812, 0.14777446078962242, 0.12514392259361357, 0.15364364970356134], [0.16260756630035247, 0.14001373603395395, 0.14370455941553578, 0.12755541506415208, 0.1470058561428572, 0.12589475246209494, 0.1532181145810536], [0.16286161679838396, 0.1401231877938834, 0.14366075563781902, 0.1272356680380369, 0.14669331734961377, 0.12609359393248584, 0.15333186044977734], [0.16335808309628436, 0.1391084553998392, 0.14313906917524363, 0.1267865771322784, 0.14817773273817272, 0.125085263607237, 0.1543448188509446], [0.16379782990588787, 0.1398905765988103, 0.14323969224733848, 0.1266284601592403, 0.14667277325649447, 0.12588328986475295, 0.1538873779674755], [0.1618263655493345, 0.1398852442567256, 0.14507349680526072, 0.12576882929147737, 0.14770024522812042, 0.12587536413438236, 0.15387045473469907], [0.16204492102555976, 0.14008160670511144, 0.14349446732666182, 0.127885460227087, 0.14705396916046617, 0.12584395605236248, 0.1535956195027513], [0.16136911435007875, 0.13990064389944265, 0.14348086239594515, 0.12830141927098282, 0.14762156722079928, 0.12561070496314455, 0.1537156878996067], [0.16251626672108463, 0.14011114562689564, 0.14443210163966058, 0.12686924638049743, 0.1470148181825378, 0.1256719015570904, 0.15338451989223345], [0.164186652887411, 0.13975924704821244, 0.14350516167285338, 0.12601987034982076, 0.1466732422900895, 0.12565436064253457, 0.15420146510907826], [0.16389271078311116, 0.13989061065973832, 0.14343632051163546, 0.12657178946482486, 0.14661256983850646, 0.12554594996214627, 0.15405004878003745], [0.16666666666666666, 0.13584990938844652, 0.14401764324681995, 0.13021172470878048, 0.15329292972740746, 0.11962235050877994, 0.15033877575309904], [0.16487164811842964, 0.1399085220703992, 0.14360665521896032, 0.12494962348514417, 0.14620711548828896, 0.1257627310707242, 0.15469370454805345], [0.16274187745292756, 0.14066866215708895, 0.14471877914450926, 0.12568977518915164, 0.14600246755331844, 0.1264550494960015, 0.15372338900700275], [0.16415900574719783, 0.1395196764408521, 0.14358346363393223, 0.1260765517841279, 0.14712997163940594, 0.12494429711168703, 0.15458703364279708], [0.16407244530649534, 0.1402043423970845, 0.14342980645713416, 0.1260896149909716, 0.14599439483299045, 0.1260057741534945, 0.15420362186182954], [0.1610105499193492, 0.14114187001944145, 0.14384641309193014, 0.12785736099440054, 0.14559312596320503, 0.1272700214585093, 0.15328065855316442], [0.16217100552011274, 0.14157256361579185, 0.14169874470364174, 0.12541475133618357, 0.1433628076024232, 0.1299827024963654, 0.15579742472548141], [0.16353698121614282, 0.14110239082618645, 0.14386223722481117, 0.12526890660910042, 0.14470952093411993, 0.12705399779247542, 0.15446596539716378], [0.16228608424674834, 0.14194694315224793, 0.14518583230108487, 0.12394557306280259, 0.14396923062529945, 0.12793025302924046, 0.15473608358257646], [0.1635469141814181, 0.1410035129221851, 0.14476317692725635, 0.1246229609921948, 0.145004186967169, 0.12629688501145991, 0.1547623629983169], [0.16193753967134822, 0.14158914106615186, 0.14403216440335065, 0.1266048535437549, 0.14444871624216035, 0.12738977437295435, 0.15399781070027954], [0.16364610030442125, 0.1406646234808775, 0.14315706021994787, 0.12427720913357271, 0.14480429233881534, 0.12678269880172183, 0.15666801572064346], [0.1617562117695971, 0.1422535955152954, 0.1420178133531754, 0.12464299149523875, 0.1423307634628405, 0.1305091305509422, 0.15648949385291047], [0.15890513109568186, 0.1442445948046799, 0.14370892094014, 0.12628827603002754, 0.14097077849811152, 0.1318909360832491, 0.15399136254811005], [0.16029030910916053, 0.14321697334292494, 0.14509253571897698, 0.12576026765717238, 0.14235405955377095, 0.12767395056214031, 0.155611904055854], [0.1618145635053984, 0.1431290289662887, 0.14471967659102453, 0.12337452496016213, 0.14172342165443622, 0.1277996632495542, 0.15743912107313582], [0.16019786464798785, 0.14411418482206143, 0.14533915741781897, 0.12400668446551232, 0.14099168298535247, 0.12892252965930331, 0.15642789600196383], [0.15783550464717977, 0.14572379297367946, 0.14422135104280187, 0.12468738240660972, 0.13897832008908823, 0.13128832097640228, 0.1572653278642386], [0.1564752222007802, 0.14713973152314963, 0.14560956170898642, 0.12357248776026064, 0.13783349059878647, 0.13449408151682174, 0.1548754246912149], [0.16666666666666669, 0.14499829018899094, 0.13914911311096148, 0.12188514316561674, 0.13332171934994405, 0.14308400832545273, 0.1508950591923674], [0.16666666666666666, 0.14551474730018288, 0.1412006762799049, 0.11934696849860942, 0.13402958976342305, 0.13805052498731668, 0.15519082650389643], [0.14576994792838865, 0.15419277987893656, 0.14180787366721473, 0.12823903836841904, 0.12745441617718883, 0.15684093822835912, 0.14569500575149316], [0.14631934625859147, 0.14755917655210596, 0.14153623933046472, 0.13431919953674568, 0.13492881248544464, 0.1505145818493233, 0.14482264398732422], [0.14841977339691081, 0.14830078264368984, 0.14013778268948449, 0.13097129234312346, 0.13056179414204397, 0.1583206856215035, 0.1432878891632439], [0.14774341677495567, 0.15837584733067397, 0.14976089489226957, 0.12058574496414273, 0.12688214789510752, 0.14743011349586152, 0.14922183464698902], [0.1447834391007249, 0.15682753663652166, 0.1510138725387253, 0.12337869010838262, 0.12986195069301637, 0.1453539904119647, 0.1487805205106644], [0.14589591695335033, 0.15184292183443046, 0.14158136761896595, 0.12792309632496665, 0.12861460096506988, 0.1598809197136747, 0.14426117658954193], [0.14601511428857294, 0.15122728320458984, 0.141329375685513, 0.12864963110914712, 0.1290790639617636, 0.15962174245664656, 0.14407778929376697], [0.1473831218120953, 0.1519288436891806, 0.1404609111278976, 0.12430055843704953, 0.12559900257238138, 0.16666666666666669, 0.14366089569472892], [0.16418403124931577, 0.1394781262114011, 0.14276501403536349, 0.12598903096599962, 0.1470154794584128, 0.12640789613836403, 0.1541604219411433], [0.16375606059223588, 0.13996279470240486, 0.14186795202154168, 0.12632764393525037, 0.14602604967797442, 0.1278930524150444, 0.15416644665554832], [0.16382253619073622, 0.13951327024928017, 0.1425205444051179, 0.12601065341998657, 0.1470467279337579, 0.1267808433898277, 0.1543054244112934], [0.16387492721575442, 0.1395387425290495, 0.14219242367254242, 0.12627325015089713, 0.14688213912696463, 0.12688293257266156, 0.1543555847321304], [0.1607849201127327, 0.13861170211046447, 0.14339929112195918, 0.1282006021629671, 0.15028013466357107, 0.12489617410892752, 0.15382717571937807], [0.1637764868400056, 0.13925024617760642, 0.1430228897625128, 0.1267377976707992, 0.1477068792091633, 0.12532523763267545, 0.15418046270723726], [0.1630605609739169, 0.13907980972837514, 0.14350680307891897, 0.12676148978656182, 0.14844864494213766, 0.12493294907182628, 0.15420974241826324], [0.1645793890135642, 0.13988336986760722, 0.142334081828362, 0.1255106904690614, 0.14593144067067956, 0.12687197437765332, 0.15488905377307216], [0.16317405419710873, 0.14014726076906361, 0.14347753949366496, 0.1269286156914518, 0.14645849959214605, 0.12602323745675711, 0.15379079279980765], [0.16446145333252885, 0.13989333498205134, 0.1435952058799477, 0.12574010270793268, 0.14643676873263517, 0.12560821730475816, 0.15426491706014603], [0.16299842106969745, 0.13931183677818298, 0.14388796164556394, 0.1265664367697744, 0.14810824409820328, 0.1246350044934189, 0.15449209514515913], [0.16503331284384395, 0.14062481173531693, 0.14276404301807222, 0.1246416805376188, 0.1445306984153884, 0.12749353750419234, 0.15491191594556727], [0.16424548995608573, 0.14059528984875577, 0.14237949120410687, 0.12538603957724279, 0.14477148324894898, 0.12731925216759968, 0.15530295399726016], [0.16454141203621667, 0.14108659867741785, 0.1426196132602017, 0.12478113312585999, 0.1438827254153518, 0.12792163570125523, 0.1551668817836968], [0.15686421721893515, 0.14719746229052816, 0.14590512617170778, 0.11955949204601105, 0.1355809483646535, 0.13201969733586166, 0.16287305657230278], [0.15341365416285707, 0.1471246676193178, 0.14730013782092843, 0.11951040848860106, 0.13629197383189928, 0.12969249140972974, 0.16666666666666669], [0.15499334587630736, 0.15269068432447314, 0.14776100354736324, 0.11898057827346557, 0.13030157205411844, 0.1378101049350143, 0.1574627109892579], [0.1527130747596018, 0.15736710530104564, 0.14729098549971495, 0.11801255253986494, 0.12693941238228654, 0.1434976033341173, 0.15417926618336875], [0.14915911803375442, 0.15338676584196487, 0.14257454836138975, 0.12446972761385906, 0.12645647798991502, 0.15839276376882938, 0.14556059839028748], [0.16338444729022977, 0.1393294899556287, 0.1424520699447769, 0.12674854386687678, 0.14759055657572254, 0.12686954067685832, 0.15362535168990696], [0.16117433566279288, 0.138978939598133, 0.14247102195541977, 0.12753792146893914, 0.14896965222024958, 0.12671332570208135, 0.15415480339238427], [0.1641294416097167, 0.13964148242280433, 0.14296358383177502, 0.1261273942155498, 0.1469030094227109, 0.1265811065008583, 0.15365398199658503], [0.16375546858130136, 0.13988999333688734, 0.14204072542457985, 0.12601793727220326, 0.14613512150620706, 0.12755243265214064, 0.15460832122668047], [0.16356140907557792, 0.1408252677194085, 0.14286956540680049, 0.12586457967356382, 0.14486064605030416, 0.12821610479095485, 0.15380242728339028], [0.16345126215524686, 0.1402596273333783, 0.14323686354495155, 0.12669072042643273, 0.14612916179700242, 0.12646527146107067, 0.1537670932819175], [0.16147719077129297, 0.14068448923584517, 0.14399737173710228, 0.12786162420408792, 0.14629230722328795, 0.12684518427592675, 0.1528418325524568], [0.1624450089939927, 0.1403854649068769, 0.14370130006235168, 0.12733701270559908, 0.1464049480745257, 0.12637770116081098, 0.15334856409584285], [0.16400806582635516, 0.13944644704499948, 0.14327519047024637, 0.12633285697781477, 0.14727871003904436, 0.12504747820730727, 0.15461125143423254], [0.1646490602390583, 0.14051381971054827, 0.14298559581983533, 0.12493391078925682, 0.14498488125849562, 0.12723984834333546, 0.15469288383947033], [0.16345361900905514, 0.1406700411100429, 0.14326961574598157, 0.126335780400217, 0.14531187364454617, 0.1267569827321952, 0.15420208735796198], [0.16345982540441653, 0.14016543336814943, 0.14341938324026332, 0.12644894764043915, 0.146233992773826, 0.12564682332612853, 0.15462559424677708], [0.16269224162413673, 0.14279408929599852, 0.14397937501393018, 0.12362194445432026, 0.14176881458521162, 0.12851319718325774, 0.15663033784314492], [0.16352236285885927, 0.14114029259882677, 0.1421335965158982, 0.12542994171894103, 0.1439190549559585, 0.1285776303892006, 0.15527712096231555], [0.16283376000055363, 0.14129748718163435, 0.14424391343773763, 0.12341526290814712, 0.14445419765582113, 0.12849201227351217, 0.15526336654259393], [0.16560859193914998, 0.14004200713901346, 0.14321988765287816, 0.12466807258488982, 0.14547268304018557, 0.12590606817992925, 0.15508268946395393], [0.16666666666666663, 0.14015751729828627, 0.14288360114370105, 0.124235514591212, 0.14474783127878824, 0.1261219901404013, 0.1551868788809444], [0.16082383790378119, 0.14212042983643122, 0.14251744469582786, 0.12712317802346582, 0.14356497808218144, 0.1298671900157541, 0.15398294144255828], [0.1639150490670865, 0.1402742604489572, 0.14324982373189146, 0.1254205734450134, 0.14562918729356297, 0.12580984973367396, 0.1557012562798146], [0.16140337755289494, 0.14172334796545624, 0.1425796337255218, 0.12392597483122131, 0.14294454476533688, 0.13284861859391295, 0.15457450256565575], [0.16067415429175644, 0.14273022739032767, 0.14438892329546194, 0.1233176408513034, 0.14270360029909412, 0.131184937315395, 0.15500051655666133], [0.16473888524055064, 0.1403021746163949, 0.14366941141790152, 0.12464855803611678, 0.14536021565005772, 0.12592138680484755, 0.15535936823413102], [0.16361560435403807, 0.14157415398357162, 0.1423724617420417, 0.12479812045785091, 0.14320820998454736, 0.1286562425153275, 0.15577520696262281], [0.16406239563033356, 0.14168853235621173, 0.14368668174700003, 0.12415038504740979, 0.1432672820111226, 0.1277068967532079, 0.15543782645471418], [0.16455338614801746, 0.14115993369059937, 0.1436550704493892, 0.1234412363980583, 0.14373291880999853, 0.1269557375698106, 0.15650171693412646], [0.1610836994101888, 0.14267553976869737, 0.1425137926085957, 0.12324181751775343, 0.14146330488354522, 0.13375638522195787, 0.1552654605892615], [0.16177261251835526, 0.14103088549819842, 0.14322840743342763, 0.12454981728581929, 0.14459552770931114, 0.127415105017592, 0.15740764453729628], [0.1611230923398398, 0.1411279222982359, 0.14328195809316358, 0.12472591045351136, 0.1446004648147026, 0.1274551032682134, 0.15768554873233345], [0.16166362256965167, 0.14192024936356362, 0.14316782293822683, 0.12380845818561916, 0.14300028283970995, 0.12829621165009725, 0.15814335245313146], [0.16127979574122753, 0.14219440015483875, 0.14410427246448482, 0.12304369937756575, 0.14326508269119267, 0.13013135664657563, 0.15598139292411475], [0.16055882608535774, 0.14100916648898773, 0.14249403941659583, 0.12520211905872816, 0.1445410726893282, 0.13122512261590125, 0.15496965364510126], [0.15100858265710054, 0.13582480319767593, 0.14235761736368904, 0.14232495251289154, 0.15816731353331107, 0.12530670940727343, 0.14501002132805846], [0.1513649691020032, 0.1520945445017953, 0.1468030605706566, 0.12173393593372674, 0.1330322680084493, 0.13575412992277838, 0.15921709196059042], [0.15038039520685914, 0.15337084712513163, 0.14289756342133572, 0.12432799072059449, 0.1307200293696366, 0.14631889270158735, 0.1519842814548552], [0.14801944201893108, 0.153100680145361, 0.14308810321740348, 0.12680430519609576, 0.13136487513580405, 0.14758652911540082, 0.15003606517100385], [0.14444469878307103, 0.16140215677789424, 0.1481055627940618, 0.12291992083531181, 0.1265807646225487, 0.14801762273762312, 0.1485292734494894], [0.14312889010550958, 0.1578662620684385, 0.15198327243260082, 0.12673570698548103, 0.13040181643363413, 0.13946769915570997, 0.1504163528186259], [0.1449661154823009, 0.16666666666666666, 0.14892332761878926, 0.12005411110425977, 0.1244587969764883, 0.1456247205174541, 0.1493062616340409], [0.1476136231113673, 0.15974943551793033, 0.14564483934932104, 0.12140896969265946, 0.12472797161365803, 0.1529459811689803, 0.14790917954608343], [0.14280657866089866, 0.13788637098502549, 0.13937144224780168, 0.16666666666666666, 0.14314887407208055, 0.12931899967008298, 0.14080106769744397], [0.14299508817797357, 0.13806506911605848, 0.13960644252360752, 0.16583538475125487, 0.14322745854292937, 0.12933915134279825, 0.14093140554537784], [0.14757589906146287, 0.15883945959440418, 0.1448262252712526, 0.12174413084863822, 0.1247043176410981, 0.15498437337587695, 0.14732559420726715], [0.1501150205753573, 0.1500756535475159, 0.14759908902718707, 0.12420192835438668, 0.13541451671006455, 0.13282829650066758, 0.1597654952848207], [0.1461773008511484, 0.1622751494278927, 0.14880769655949289, 0.11993019420152289, 0.12614318978894454, 0.14626437229030417, 0.15040209688069447], [0.15510079680135294, 0.14689798809419372, 0.1484889174840295, 0.11914442661260784, 0.13760095952567467, 0.13141619412566882, 0.16135071735647247], [0.15481763795728268, 0.14828297386429312, 0.14804470978516324, 0.11888143544604174, 0.13621176617830488, 0.13362873323655255, 0.1601327435323619], [0.15388684397160826, 0.14601609187693074, 0.15051741215736814, 0.12054345546695684, 0.13956913083679884, 0.1299830035116289, 0.15948406217870825], [0.15443525383512854, 0.1470059440041014, 0.15058617585440723, 0.1194142297278319, 0.13808166148506307, 0.13004030255857693, 0.16043643253489082], [0.15210353319980946, 0.14422709531461653, 0.1530520431875862, 0.127701746487513, 0.1437463927714859, 0.12865955131746862, 0.15050963772152043], [0.14885500709914612, 0.15194123966634251, 0.15604005574999846, 0.12076933556229481, 0.13332314885377913, 0.13510653393502015, 0.1539646791334186], [0.14620493438550933, 0.1596942821315615, 0.15364891690227006, 0.12025994925736418, 0.127507191493809, 0.14206183388691665, 0.1506228919425693], [0.14651400599761347, 0.15685879405825412, 0.15118296345189222, 0.12173761347292049, 0.12881554596629277, 0.14584311912010853, 0.14904795793291833], [0.14717823029009072, 0.14370288573780005, 0.1510890903505307, 0.13488494789872962, 0.14376293877835147, 0.13402945829363944, 0.1453524486508581], [0.15641277409338142, 0.13559546905422284, 0.14319383389409768, 0.13795537194611182, 0.15839906062732056, 0.12237286073501287, 0.14607062964985282], [0.15551472849494438, 0.13346440125260947, 0.14166715761780643, 0.13670413524817182, 0.16666666666666666, 0.12054267828096314, 0.14544023243883808], [0.16302155748318736, 0.14155718310230847, 0.1433623195798654, 0.12362955125103371, 0.14330218509119308, 0.12772090490566157, 0.1574062985867504], [0.15477536107905487, 0.14352111871975706, 0.14481287325656936, 0.12898525640272296, 0.14122219774509442, 0.13323642465957594, 0.15344676813722538], [0.15056049162917512, 0.1414220376708457, 0.14781659747070588, 0.13074523060351292, 0.14780955666033752, 0.1313294085628513, 0.15031667740257162], [0.15305546366556286, 0.14592664691311585, 0.1539640268400812, 0.12129523256297008, 0.14117373311775447, 0.12749900487572863, 0.1570858920247868], [0.14433760896620734, 0.14858017552014066, 0.16517759805504328, 0.12497882908226442, 0.13714922298235552, 0.13001294196171115, 0.14976362343227773], [0.1435563592022786, 0.15095643969038353, 0.1623805868012043, 0.12538752103388232, 0.1356058311540995, 0.13172635208369432, 0.15038691003445728], [0.144814911940409, 0.14725175606925867, 0.1606370081322386, 0.12673681514988103, 0.14026850527880502, 0.13056468671943885, 0.14972631670996892], [0.14471058357622377, 0.14765983653559606, 0.16081419849811834, 0.12654401846899563, 0.13985484001514512, 0.13070788312461643, 0.14970863978130475], [0.14326348180814197, 0.15108940570733806, 0.1627322609427115, 0.12505266057703968, 0.13558220093226492, 0.13167327222734818, 0.1506067178051556], [0.14278128421740197, 0.15299566575473714, 0.16083894698502, 0.12431225692640668, 0.13430923892947763, 0.13343439515251285, 0.15132821203444372], [0.1434507481446692, 0.14950938627704685, 0.16666666666666666, 0.12391949065963467, 0.13593611947735143, 0.1304871840589293, 0.15003040471570186], [0.14327885696147874, 0.15053899475796617, 0.16371756157714798, 0.12471219345848757, 0.13579306935263952, 0.1312833066717545, 0.15067601722052562], [0.14447002894082836, 0.14852992826394953, 0.16405989319498024, 0.12558882960184412, 0.13729996937517885, 0.1302264259057747, 0.1498249247174442], [0.14587855058360127, 0.14699576669270778, 0.16240950521518982, 0.12689991595298325, 0.13935403217774203, 0.12952316425333274, 0.14893906512444302], [0.14490622249609394, 0.148678138973992, 0.14726062823329375, 0.13841438020203367, 0.13714241329574225, 0.13688543232561715, 0.1467127844732272], [0.145600895902647, 0.1476278595249411, 0.1626915944615145, 0.12671879152702123, 0.13867177127250738, 0.12968226659646567, 0.14900682071490326], [0.1454536522701316, 0.1463508562823778, 0.15975233396384225, 0.1276931301159571, 0.14149035554887715, 0.13007186249374933, 0.14918780932506476], [0.14456922717938903, 0.1483194878309379, 0.16467380452609462, 0.1251964857561763, 0.1375397537670808, 0.13005260940493166, 0.14964863153538965], [0.1447142194403299, 0.14738000101736362, 0.16041097212017041, 0.12658534549933537, 0.14007527227555622, 0.13110886312807493, 0.1497253265191696], [0.14455916823681103, 0.14779109030967752, 0.1614756312713957, 0.12604680056525921, 0.13932607644628706, 0.13101108178061244, 0.1497901513899571], [0.14755991126556406, 0.14093149967629962, 0.1503814368716642, 0.1385377100493694, 0.14933670897252094, 0.12765696435303503, 0.1455957688115468], [0.14314814241995552, 0.15208037765118942, 0.16170709019453777, 0.12422880721010156, 0.13451887935739185, 0.13316830028444082, 0.1511484028823831], [0.14302968657061121, 0.1503521113746864, 0.1601751161456481, 0.12621554398832976, 0.13696028920481243, 0.13222064411340528, 0.15104660860250677], [0.1452472773763593, 0.14665240539354313, 0.16037933648365765, 0.1272380535528432, 0.14091545925604823, 0.1302370579519452, 0.14933040998560315], [0.14481642621891455, 0.14762780863268857, 0.16019327014372386, 0.1269368126935037, 0.14011412903986606, 0.13072241213790783, 0.1495891411333955], [0.14471431702879606, 0.14794783152399169, 0.16031928184403677, 0.12674055141283663, 0.13969221380442423, 0.1310642970098428, 0.1495215073760717], [0.14426126766425834, 0.14833868900321753, 0.160198521774334, 0.12654439162027292, 0.13942921979539624, 0.1313239511077267, 0.14990395903479425]]