[[0.15224714602085648, 0.1399944520069327, 0.16666666666666669, 0.1175441008267338, 0.14200816142182124, 0.12285099941862458, 0.15868847363836455], [0.15312154186118962, 0.13846300501901557, 0.16666666666666666, 0.12122511896757913, 0.14637123084464704, 0.11974558461614308, 0.15440685202475887], [0.1530747883555246, 0.14036775488506922, 0.1637601631218962, 0.12253367925950584, 0.14626330948022603, 0.12133985134297708, 0.15266045355480093], [0.15334870155280292, 0.1415594559272519, 0.163584157291724, 0.12072283232790176, 0.1438438749599166, 0.12136743680027023, 0.15557354114013247], [0.1529309984677865, 0.14165026210435344, 0.16386073180473992, 0.12143730557209313, 0.1439590917273912, 0.12191092037364987, 0.154250689949986], [0.1518245404870438, 0.14268802563355446, 0.1637479748836686, 0.12245398697002814, 0.14377410279564876, 0.1217560112546937, 0.1537553579753626], [0.153158224594403, 0.14182434795225687, 0.16399873077996627, 0.12095789155987588, 0.1432947688345678, 0.12209275581092631, 0.1546732804680039], [0.15271632734676735, 0.14248936162775025, 0.1645501193883362, 0.12058236123198365, 0.14227291329071418, 0.12258757043967872, 0.15480134667476958], [0.1546197770638835, 0.1381846419979338, 0.16666666666666666, 0.11958123319096572, 0.14485269223280176, 0.11966750580050199, 0.15642748304724652], [0.15306281320820753, 0.14277483294340756, 0.16666666666666669, 0.11918160825752747, 0.14136062864413962, 0.12144057064812178, 0.1555128796319295], [0.15167184264500636, 0.14322455648964946, 0.16432460129762122, 0.12243613123916666, 0.14292402672124838, 0.12213558603398135, 0.1532832555733266], [0.15271475497021084, 0.14404501722026847, 0.16477362911074564, 0.11920633303302687, 0.14034162091646288, 0.12259541991761737, 0.15632322483166783], [0.15196525283705128, 0.14292011208407218, 0.16348389776182112, 0.12267386654402378, 0.14324799177009814, 0.12239387656154783, 0.15331500244138546], [0.15261431668995182, 0.1436523573823609, 0.16489470437743836, 0.1199233131900434, 0.14109232823606327, 0.12263748536722503, 0.15518549475691706], [0.1520612340350702, 0.14493748793235903, 0.16352333136862965, 0.12032391953655218, 0.1402867510710956, 0.12364703521803164, 0.15522024083826164], [0.1524788238985592, 0.14392382624700104, 0.16443966759590548, 0.12019770686473033, 0.14097352216916212, 0.12289897441161408, 0.15508747881302784], [0.15245462798030845, 0.14507294412290395, 0.1635768989447408, 0.11910875802141248, 0.1393405852270389, 0.12369830179765044, 0.15674788390594488], [0.15450275226804824, 0.13947822700929297, 0.1606434082264694, 0.11775278792817943, 0.14078127425586978, 0.1251208316023884, 0.16172071870975172], [0.1563236132718649, 0.14029829602599025, 0.16666666666666666, 0.11477582812653797, 0.14001006122375925, 0.12204460005859018, 0.15988093462659073], [0.153907713952399, 0.14301774076849388, 0.16392667765613986, 0.11990759741736466, 0.14215747040569351, 0.12158289653829257, 0.15549990326161636], [0.15336192709133867, 0.1437702286370412, 0.1643482502989579, 0.11925930241394013, 0.14096694443931043, 0.12199103042263636, 0.1563023166967754], [0.15393369575508062, 0.13844716211698582, 0.15914305170320975, 0.11667865591047086, 0.13999146499828433, 0.1251393028493018, 0.16666666666666663], [0.15326479006311933, 0.14446592085566237, 0.1639263691577302, 0.11853800234963638, 0.13971165568007732, 0.12270241866696464, 0.1573908432268097], [0.1530170026473493, 0.14424743875524806, 0.16477533638360725, 0.11914340485949926, 0.14012468291279, 0.12252932987318915, 0.15616280456831688], [0.15472276642414953, 0.14217670736651392, 0.16359342528951562, 0.11918517290620798, 0.1420074374927563, 0.12213499361677382, 0.15617949690408278], [0.15332571933630937, 0.14348783832384124, 0.16508057483745928, 0.11916455837126119, 0.14057557787871527, 0.12221212680499133, 0.15615360444742232], [0.15450788504849752, 0.14232602211995374, 0.1638052910463895, 0.1196267953633922, 0.14232270313542247, 0.12139487046692489, 0.15601643281941976], [0.15312528015569588, 0.14363439009351434, 0.1652832764238159, 0.11944574015977287, 0.14089932241460904, 0.12213532659051886, 0.15547666416207312], [0.15231899367420002, 0.14516844029525086, 0.16366863410960347, 0.12003792311697577, 0.14007959388517233, 0.123358343356017, 0.1553680715627805], [0.15394512291311852, 0.1429807011119315, 0.1650513388434325, 0.11900582450102964, 0.14110362277413382, 0.12173308048077396, 0.15618030937557983], [0.15268608939799203, 0.14525290198832486, 0.16369702389647367, 0.11913727277387766, 0.13930298032448613, 0.12344099454056237, 0.1564827370782833], [0.15292675190551958, 0.14450483249178558, 0.16391605950169127, 0.11943049978433289, 0.13996121459737354, 0.12349865913496369, 0.15576198258433344], [0.15321459962738998, 0.14402604085086151, 0.16462905102515163, 0.11900364650039759, 0.14033797838777423, 0.1224537079087248, 0.15633497569970026], [0.15216119032801467, 0.1455438869089961, 0.1628777058252978, 0.1205590826176038, 0.13987156079719304, 0.12411655456102597, 0.15487001896186872], [0.1532228897219482, 0.14529236232050124, 0.1635584761135756, 0.11854319382206358, 0.1390829747302592, 0.1232857209457027, 0.1570143823459495], [0.1550724873810408, 0.1427072538052918, 0.1635404559928737, 0.11862845918636898, 0.1411256879263204, 0.12206131246573951, 0.1568643432423648], [0.1558280807601341, 0.13946776945546888, 0.16666666666666666, 0.11718341045450767, 0.14183821565064994, 0.12075010425384114, 0.15826575275873153], [0.15324883271540132, 0.1449101350532945, 0.1639554816641158, 0.1189854922927217, 0.13950381526122793, 0.12288549132803651, 0.15651075168520212], [0.15473563544933858, 0.14116056647050934, 0.15983712820162826, 0.11505024181607618, 0.13708936828444063, 0.12692381014050558, 0.16520324963750144], [0.15473563544933858, 0.14116056647050934, 0.15983712820162826, 0.11505024181607618, 0.13708936828444063, 0.12692381014050558, 0.16520324963750144], [0.15328861798240032, 0.1451110415530566, 0.16366056767512177, 0.11846629261506343, 0.13879728816103468, 0.12351025401783046, 0.1571659379954928], [0.1529748465025117, 0.1452602476674144, 0.1634883904644197, 0.11927617607307363, 0.1393039817743376, 0.12370369924343814, 0.15599265827480477], [0.15508471812848026, 0.14306223635447027, 0.16381207333695377, 0.1186662541415465, 0.14086208841443795, 0.1219181486575355, 0.1565944809665758], [0.15499919923491884, 0.14324260262262686, 0.15989037023411662, 0.1143848879188376, 0.1358362670327689, 0.12727946056007902, 0.16436721239665225], [0.15326206280016982, 0.14517280293636745, 0.16424919383281886, 0.11830429141676407, 0.13864665067359958, 0.12323587080998996, 0.15712912753029032], [0.1564095141564106, 0.1422869692937323, 0.16331544560948086, 0.11713384815340222, 0.1397827401010433, 0.1224335778220052, 0.15863790486392543], [0.15552523858925568, 0.14378403220889946, 0.16409663434423186, 0.11703581801506374, 0.13892280471497295, 0.12249515099318313, 0.15814032113439316], [0.1553937106669469, 0.1426168735292334, 0.1591293431134974, 0.11439876826784577, 0.13577545123710108, 0.12819610559617461, 0.16448974758920065], [0.15461886536210265, 0.14657563385430383, 0.15855963653171348, 0.1134806420053894, 0.13350599159571047, 0.12917959677354438, 0.1640796338772358], [0.1568872787635646, 0.1419779144899592, 0.1634126883618701, 0.11735123401831427, 0.14004642921268268, 0.12222596203026556, 0.15809849312334376], [0.15480756584039762, 0.1447008172798165, 0.15780701495421362, 0.11464332575508422, 0.1345040225333443, 0.13028052879617244, 0.16325672484097123], [0.15627997730615262, 0.1439779417102266, 0.16666666666666669, 0.11472723762410435, 0.13667154704613352, 0.12203758266258526, 0.15963904698413103], [0.15815658402403246, 0.14443598720068884, 0.164571003351873, 0.11586165005982403, 0.1368389890223646, 0.12344352604112158, 0.15669226030009542], [0.15725992565143979, 0.14567749680572473, 0.16535619003581623, 0.11553566700093781, 0.13592878869194014, 0.12347184938586316, 0.15677008242827825], [0.1572621768494967, 0.1452753937803936, 0.16666666666666666, 0.11539286938872888, 0.13601522915400296, 0.12326481757566615, 0.15612284658504505], [0.15234952566056845, 0.1486903620464519, 0.16666666666666666, 0.11801194334473938, 0.13465630203935924, 0.1263825676580773, 0.1532426325841371], [0.15304942823459491, 0.1429979271753549, 0.16449813773831798, 0.12008134668043687, 0.14157631203435714, 0.12221899632918437, 0.1555778518077538], [0.1531187628562148, 0.14350251828258045, 0.1652199503628777, 0.11951052770229259, 0.14100084111280925, 0.12197170996074533, 0.1556756897224798], [0.15292931624825196, 0.14094451071902225, 0.16318549131942006, 0.12193122130992948, 0.14484493531099837, 0.12192472131475951, 0.1542398037776183], [0.15378284513636445, 0.14147163249722547, 0.16362231347536943, 0.12037891585767907, 0.14343038938045627, 0.12170725492726238, 0.1556066487256429], [0.15610887139556606, 0.14178705733432473, 0.16666666666666666, 0.1153812852519118, 0.1397680930652752, 0.12226040183741982, 0.15802762444883567], [0.15491466978087703, 0.1393897534308483, 0.16666666666666669, 0.11670683185505693, 0.14368114162476994, 0.12137793421119217, 0.157263002430589], [0.1550130511538409, 0.1435080267209362, 0.16078664593278277, 0.1150970848032858, 0.13687136909474848, 0.12618130000224925, 0.16254252229215663], [0.1547717112871702, 0.14149685899186265, 0.159162917800704, 0.11583643021532943, 0.13742810252669702, 0.12784330698831303, 0.16346067218992377], [0.15588292859063063, 0.14427038017530755, 0.16077623499595362, 0.11392725036143442, 0.13576360326090844, 0.12634351612051525, 0.16303608649525014], [0.15735302971250922, 0.14285275900854963, 0.16268336412576573, 0.11368033795900105, 0.13688302998090712, 0.12474574365055813, 0.16180173556270908], [0.15473481946439657, 0.14668982551511853, 0.1599638561723013, 0.11202668417355707, 0.13274777809349506, 0.12717036991446487, 0.16666666666666669], [0.15482653441678257, 0.1469138779383847, 0.16005507699282678, 0.11212469715716121, 0.13276471714445698, 0.12731959476884203, 0.16599550158154558], [0.1552922698170391, 0.1464806268023565, 0.16042958885482853, 0.11210767555791436, 0.13291189457727773, 0.1269074730115217, 0.16587047137906202], [0.15544274382372347, 0.14718311488367225, 0.15810809445399968, 0.1130631467305322, 0.1325975893474474, 0.13023197927957847, 0.16337333148104655], [0.15098770660802635, 0.13465325990163923, 0.16666666666666663, 0.12358876823228704, 0.1506642181186139, 0.1193240555589099, 0.1541153249138568], [0.15320345751070955, 0.13920946571091042, 0.16666666666666669, 0.1198398399646301, 0.14452608270362208, 0.12033207707521915, 0.15622241036824208], [0.15191863138486075, 0.14157152588529773, 0.16297750577321313, 0.12361120975505943, 0.14546496540495368, 0.12164466261488396, 0.15281149918173137], [0.15288258002492827, 0.14089255812473636, 0.16292936544012546, 0.12298707098294158, 0.14596490004204019, 0.12116673071377074, 0.15317679467145748], [0.1518935527221526, 0.14188761386863477, 0.16323661747429205, 0.12347531766631344, 0.14495483454240202, 0.12164141424777204, 0.15291064947843294], [0.15202516276983938, 0.14201040172692045, 0.16361948541449117, 0.12294160616731402, 0.14451820637814794, 0.1216751594351304, 0.15320997810815673], [0.1533670380819203, 0.14023446725951025, 0.16334248098339865, 0.12240745596513372, 0.1461475145799514, 0.12051932595706928, 0.15398171717301648], [0.1525211360789125, 0.14192388078316875, 0.16391777081242281, 0.12205842883791343, 0.14439063509171904, 0.12122820349519611, 0.15395994490066725], [0.15386216540044675, 0.13924240768684476, 0.16489028312200618, 0.12075437837119553, 0.14537478756236452, 0.120873975365435, 0.15500200249170726], [0.15177057218045792, 0.14225740636556763, 0.16372668540970955, 0.12350573279293296, 0.14483902338616442, 0.12123367282425937, 0.15266690704090816], [0.15190010806842014, 0.14211482419336768, 0.1623698463987898, 0.12428707714620321, 0.1456287859886688, 0.12131482033505982, 0.1523845378694905], [0.15260863700231153, 0.14151147045315252, 0.16279555666178136, 0.12318305820429272, 0.14519458935861232, 0.12187481075706873, 0.15283187756278083], [0.15347844128854743, 0.1411018626722143, 0.163140622665259, 0.1218205619875566, 0.14460767841340924, 0.12141729068257079, 0.1544335422904425], [0.15272211895805018, 0.1417695269115103, 0.16391491442980913, 0.12225167536932087, 0.14445179538485736, 0.12111530444705623, 0.15377466449939578], [0.1497363993531672, 0.13520849169005875, 0.16666666666666666, 0.1287435859720908, 0.1527543333067217, 0.11772774914108994, 0.14916277387020485], [0.15422017194940874, 0.14148471933922935, 0.16336169168701883, 0.12050519716612856, 0.14402740760878366, 0.12140493113934155, 0.15499588111008936], [0.1532305411670734, 0.14209707184950926, 0.16343188562981814, 0.1214898686323405, 0.14388450051828786, 0.12233357935696651, 0.1535325528460044], [0.15375286608267363, 0.14095394561118244, 0.16277669509789155, 0.12221195215929273, 0.1452698757886955, 0.12097189510701145, 0.1540627701532527], [0.15286584952886317, 0.14218994265575033, 0.16446601071459122, 0.1213833330965526, 0.1435967455551447, 0.1212897680775705, 0.15420835037152753], [0.15095932375260945, 0.14333550037446416, 0.16666666666666666, 0.1223836262969784, 0.14262087564983475, 0.12171344733015466, 0.15232055992929186], [0.15325021308116013, 0.14349554503879494, 0.16666666666666669, 0.11650245769769017, 0.13832811204400558, 0.12205729447856838, 0.1596997109931142], [0.15319428873428112, 0.14325812669272875, 0.16475310455274172, 0.12006768807563066, 0.14195082304400677, 0.12207705828603498, 0.1546989106145761], [0.15417422870297484, 0.1432056061161259, 0.16666666666666666, 0.11801775203487042, 0.14081981830234352, 0.12255533146389354, 0.15456059671312503], [0.15427852152076546, 0.14250299020418591, 0.1637309054034498, 0.12029236636385923, 0.14277290366998727, 0.12213870825756667, 0.1542836045801856], [0.1522070511942566, 0.14405121517616412, 0.16373396701574738, 0.12186025358185905, 0.14181740032008522, 0.12273813414118567, 0.15359197857070198], [0.1555366234413201, 0.14149620805795754, 0.16666666666666669, 0.11763028796135568, 0.141376140924486, 0.12052865343616001, 0.15676541951205408], [0.15424644540776924, 0.1442324060149037, 0.16497152624708758, 0.11577591684306134, 0.1371958420273349, 0.12287982229389299, 0.16069804116595027], [0.15088714162333372, 0.14767620478134746, 0.16666666666666666, 0.11873506150230596, 0.13616408479989048, 0.1253857596927751, 0.15448508093368057], [0.1530674529214245, 0.14530952563518468, 0.16666666666666669, 0.12038306782458537, 0.13915813544256103, 0.12254830685879924, 0.15286684465077863], [0.15536962467681287, 0.14492947059293185, 0.16666666666666666, 0.11714431544469638, 0.13813381771487312, 0.1222062792084373, 0.15554982569558176], [0.15406136276402918, 0.1461954755880759, 0.16666666666666669, 0.11790368409813314, 0.1373185817144552, 0.1235227974011845, 0.15433143176745556], [0.15333470384262768, 0.14947358117553972, 0.16666666666666666, 0.11708609227025273, 0.13396472446824909, 0.12488227868968535, 0.1545919528869788], [0.1526767448507771, 0.14941632003580588, 0.16666666666666666, 0.11568407885292444, 0.13255556470038055, 0.12860487527810296, 0.15439574961534247], [0.15165803353385493, 0.14618940487464155, 0.14818269764189096, 0.11704737918384739, 0.12971945277902105, 0.1405363653200775, 0.16666666666666669], [0.1550849873642328, 0.1463611323380757, 0.15207606101719984, 0.11428435852123864, 0.13053783479542297, 0.1349889592971634, 0.16666666666666666], [0.14835467796605772, 0.15392369102665113, 0.14369948789476727, 0.126720478335517, 0.12590484991378817, 0.15645265096835032, 0.1449441638948684], [0.14606825881565585, 0.14814297671100732, 0.14261778797661578, 0.13338305044443732, 0.13401030584428378, 0.1500471338268889, 0.14573048638111108], [0.1462216598286, 0.14776569555750896, 0.14060576691881405, 0.12993131333568633, 0.12950988447017828, 0.15807752680196668, 0.14788815308724576], [0.1555308471315749, 0.15831953878111704, 0.14435053009031956, 0.12027277832500101, 0.12661194437769127, 0.14729946508059324, 0.14761489621370302], [0.15211712987900106, 0.15669858111058474, 0.14942208775547625, 0.12281134078311547, 0.1293795735427196, 0.14507465805563566, 0.14449662887346726], [0.14624009399674803, 0.1519257827394502, 0.1435169393651393, 0.12643897128461923, 0.1271569649483938, 0.15962098246778914, 0.1451002651978604], [0.14592668262347067, 0.1515451265536384, 0.14326252307981716, 0.12714078545135715, 0.12758726192364256, 0.15934213876982922, 0.14519548159824486], [0.14745378862394853, 0.15143040876965544, 0.14064036495714344, 0.12286773163635563, 0.12421008930620955, 0.16666666666666666, 0.14673095004002074], [0.15346517710779214, 0.14087605499513287, 0.16267696803420773, 0.12112823085178608, 0.1446672482650068, 0.12159714858602137, 0.15558917216005294], [0.15273520407470645, 0.1420480113534909, 0.16298201643043653, 0.12026484696342059, 0.1429238458638428, 0.1220655302007159, 0.1569805451133868], [0.15350767521922876, 0.14089857889189597, 0.16308900224493625, 0.12060884123039653, 0.14443990016726282, 0.1214813634565301, 0.15597463878974938], [0.15314917044665763, 0.14130535342268505, 0.16308191164852362, 0.12073747137437468, 0.14417073768819183, 0.1214307086746799, 0.1561246467448873], [0.15256177516533556, 0.13816445265927843, 0.16666666666666666, 0.12282715932953107, 0.14799104961957243, 0.11906112555952655, 0.15272777100008922], [0.15306474595928862, 0.14090951206805782, 0.16231326821656547, 0.1226326819773556, 0.1457576098460815, 0.12107489562738633, 0.15424728630526463], [0.15344950625163262, 0.13983689593371848, 0.16363081520383482, 0.12249262489476644, 0.14649976814423576, 0.12046847564322863, 0.15362191392858315], [0.15373582860419702, 0.141607009923565, 0.1639021200438392, 0.119774844541974, 0.14304160370009544, 0.1213258485224509, 0.15661274466387828], [0.1522382970406335, 0.14226568274338605, 0.16376172807597963, 0.1224872730036559, 0.14419992392304345, 0.12148070472808933, 0.15356639048521237], [0.1533935143832, 0.14156337446674302, 0.16393473741269965, 0.12135816091372449, 0.14427078589227066, 0.12121215475121137, 0.15426727218015088], [0.1537142923173385, 0.1403470600466384, 0.16310402783068764, 0.12268121028734459, 0.14631015777748854, 0.12056264562176311, 0.15328060611873917], [0.15396947025111865, 0.14255187095987593, 0.16401048397751675, 0.11884923944820983, 0.14147962561648678, 0.12209417717449075, 0.15704513257230138], [0.1535412498025985, 0.14315696225933205, 0.16390984304746703, 0.11944606179915121, 0.14162092784031272, 0.12165744942309399, 0.15666750582804465], [0.1536428590071993, 0.14356443377491104, 0.16440653924444426, 0.11855137122795491, 0.14049400102550327, 0.12215897023571169, 0.15718182548427553], [0.16138856805113594, 0.14648120794132616, 0.15648503576347833, 0.11634103616039207, 0.13345711024798712, 0.1296525474641159, 0.15619449437156444], [0.16071989461949338, 0.14692825250223562, 0.15728454892774893, 0.11792787304513763, 0.1352726175501981, 0.12845166049782866, 0.1534151528573577], [0.16666666666666666, 0.15168731676990882, 0.14850437342353756, 0.11555708554670564, 0.12769083921548735, 0.1357384267467548, 0.15415529163093905], [0.16075281449563553, 0.15692310042610644, 0.1471535954699068, 0.11568957589518031, 0.12504264608582188, 0.14239140308843073, 0.15204686453891844], [0.15108896661442986, 0.15301292903994917, 0.14046558731054665, 0.12328185965019095, 0.12532453818540956, 0.15815984867101765, 0.1486662705284562], [0.1527999070084309, 0.14068856747382835, 0.16252699679193625, 0.12161655095199779, 0.1451380749717857, 0.1217531034727191, 0.15547679932930186], [0.15278189654345603, 0.13857414120458955, 0.16666666666666669, 0.12086864194016653, 0.14595329338810545, 0.11990349835763954, 0.15525186189937631], [0.15293205087871622, 0.14119674773363905, 0.1633296648162037, 0.12121707182439946, 0.14450913496891954, 0.12172574004401526, 0.15508958973410678], [0.15319625379803825, 0.14172166009979673, 0.16326657730115476, 0.11998919439209091, 0.14309002246995808, 0.12175127568268712, 0.15698501625627415], [0.15225930770868415, 0.142581743373318, 0.16666666666666669, 0.11929701422853646, 0.1413507160921188, 0.12202704437452326, 0.15581750755615278], [0.15223970212387633, 0.14249118639834957, 0.16426348255938159, 0.1218065560676827, 0.14361993915848703, 0.12155356229338177, 0.15402557139884102], [0.1512550361162958, 0.1426919445152242, 0.1638842680077777, 0.1234281572402173, 0.14396454145446158, 0.12229558928960631, 0.15248046337641724], [0.15180634390962433, 0.142462851134604, 0.16408250411985115, 0.12280258884756436, 0.14406891887172785, 0.12173267563919993, 0.1530441174774285], [0.15360636233073816, 0.14104063128992692, 0.16276300607381766, 0.12226488527336624, 0.14532328704338218, 0.12084986627030296, 0.1541519617184659], [0.1535677024414815, 0.14227296241967793, 0.16432833245383252, 0.11936091309627833, 0.14208949279159594, 0.1219747858537445, 0.15640581094338926], [0.15234405136060777, 0.14296663780491364, 0.1646882808815201, 0.1212388001044493, 0.14261307455208758, 0.12171323359957233, 0.15443592169684942], [0.15313418123057518, 0.14240061456140976, 0.16301301595795697, 0.12217267029896585, 0.14406142350562146, 0.12128525755673385, 0.1539328368887369], [0.1548317575091669, 0.14463953100492755, 0.16666666666666669, 0.11679939820367563, 0.1378225294511258, 0.12246590969261033, 0.15677420747182716], [0.15293070822692914, 0.1433798991370022, 0.16666666666666666, 0.11792382207686415, 0.13977841829559, 0.1216444691424601, 0.1576760164544877], [0.15565071493865407, 0.14161927385282588, 0.16529210836150973, 0.11674294141372417, 0.14102751732764623, 0.12260287238636018, 0.1570645717192797], [0.15440087922977697, 0.14174283614402822, 0.16359975843755759, 0.1200289562590133, 0.14313162002125393, 0.12140369942148622, 0.15569225048688384], [0.15432788693983412, 0.14221594345970584, 0.16422961369634426, 0.11934317604899397, 0.14222057576194636, 0.12144716341643035, 0.1562156406767452], [0.15082329301230826, 0.1454951530643591, 0.16666666666666669, 0.1197120515781328, 0.13923532632218774, 0.12297033837368523, 0.15509717098266024], [0.15426892899890915, 0.14229876351620369, 0.16319630100555346, 0.12073125784126107, 0.14323741215603011, 0.12116479139726515, 0.15510254508477736], [0.15484945834849012, 0.14053564188306003, 0.1602761771589118, 0.11593853814956674, 0.13851132343679898, 0.126528657309284, 0.16336020371388843], [0.1551511989077672, 0.14262498069810997, 0.16666666666666663, 0.1150281490682465, 0.1381212218484938, 0.12439988278709291, 0.15800790002362278], [0.15479505427342694, 0.14164908206575497, 0.16307890052278268, 0.12021825940617113, 0.14311370946916654, 0.1216252924914228, 0.155519701771275], [0.15383393176565016, 0.144304127024089, 0.16412758850415146, 0.11791409858220006, 0.13935117305368983, 0.12240657265443584, 0.15806250841578362], [0.15429237090582973, 0.14378371611278654, 0.1646402851383303, 0.11841644069279375, 0.14011153168590187, 0.12245260018153323, 0.1563030552828247], [0.1559953322234372, 0.14247107530324707, 0.16391774187108762, 0.1178984872614056, 0.140792149676115, 0.12186364903305115, 0.15706156463165638], [0.15515937793551077, 0.14175255409825543, 0.16001533148010988, 0.11380939403849182, 0.1359888176694569, 0.12660785811150851, 0.16666666666666666], [0.15638642786210097, 0.14160089931852698, 0.16426153776933913, 0.1181120579189856, 0.1412218498666371, 0.12141531841474865, 0.1570019088496615], [0.15645303610889463, 0.14179851403126897, 0.16348247235278832, 0.11853706388208168, 0.14134433998514676, 0.12166898085149845, 0.15671559278832123], [0.15679328453264493, 0.14315876605201538, 0.1638333638550162, 0.1168533406262828, 0.13915965376176678, 0.12206937588388735, 0.15813221528838672], [0.155842181306468, 0.14199651677445801, 0.16666666666666666, 0.11478768390558182, 0.13883613502034692, 0.1232167402519462, 0.15865407607453236], [0.154563931041451, 0.1398777050215631, 0.1608310111807011, 0.11783781367898474, 0.14061145955817858, 0.12493053196975862, 0.16134754754936276], [0.14848202012084666, 0.1350793439816737, 0.15057302216307747, 0.14164783971698947, 0.15793088725999568, 0.12415620060902781, 0.14213068614838925], [0.1553727809403985, 0.1543417105811289, 0.1576555785591052, 0.11780324329802663, 0.13008994776760233, 0.13304991679021366, 0.15168682206352477], [0.14924776001204754, 0.16666666666666666, 0.15151356336394112, 0.11688397386151311, 0.12439986540401783, 0.1427413322546391, 0.1485468384371746], [0.14737525403438997, 0.16215663745349235, 0.1506860963541294, 0.12124367066153542, 0.12644042124304394, 0.14492492885195285, 0.1471729914014561], [0.1509110400833528, 0.16133422358345528, 0.14740090440413375, 0.12235541316918125, 0.1260634964560227, 0.14777697562058872, 0.14415794668326556], [0.1520627905579793, 0.1579139207817488, 0.14968140841190872, 0.12695195365214376, 0.13059820923367024, 0.13961499554196946, 0.14317672182057972], [0.15375138424089102, 0.16666666666666666, 0.14513604105876932, 0.11982104073244783, 0.12424775075163783, 0.14551950735860728, 0.14485760919098004], [0.1538631433614912, 0.159586756038086, 0.14267501297497137, 0.1203445989286393, 0.12374165715489943, 0.1526232980126889, 0.14716553352922374], [0.14243650307930913, 0.14177300631693346, 0.14221526497338677, 0.16666666666666669, 0.14256604333575293, 0.12839342945901017, 0.13594908616894094], [0.1426755315268574, 0.14229723007913003, 0.1423619691014843, 0.16581315131892002, 0.1426005544347801, 0.12834079113455213, 0.13591077240427596], [0.15298699588041648, 0.15863689435281605, 0.14241233322195496, 0.12058155213611427, 0.12361834747453757, 0.1546820399201622, 0.14708183701399835], [0.15543868581020992, 0.15053085151661164, 0.1555642093048526, 0.12269463021229234, 0.13430521262770742, 0.13162719378557183, 0.14983921674275436], [0.15324483287989904, 0.16220367591608206, 0.14812214729593948, 0.1191695414168243, 0.12548365572685424, 0.1459323176611664, 0.14584382910323448], [0.16666666666666669, 0.14486015962161067, 0.15737526412561642, 0.114245658416845, 0.13460475897688579, 0.1277824450942045, 0.15446504709817094], [0.1625139124319656, 0.14707718806546097, 0.15866842488488953, 0.11338652758425007, 0.1327097035566773, 0.1298296431096405, 0.15581460036711595], [0.16289401434297163, 0.14468044903304192, 0.1559742542210417, 0.11756028731772517, 0.1378165098958954, 0.127610368721579, 0.15346411646774535], [0.16360047569666314, 0.14571954094327974, 0.1578279579956487, 0.1163224980273925, 0.13621134172162766, 0.127643835871972, 0.15267434974341632], [0.16666666666666666, 0.14344251848987336, 0.15266445469803944, 0.12406418359256988, 0.14160667485394093, 0.12511140411474359, 0.1464440975841661], [0.16666666666666669, 0.15145211541553633, 0.14809922897813188, 0.11924479588749037, 0.13221560044997985, 0.1340582229911425, 0.14826336961105246], [0.1576436118208087, 0.15976064361652847, 0.14531850425994658, 0.12070163727158939, 0.1278799019933397, 0.14229601678839143, 0.14639968424939565], [0.1551837709542599, 0.15676651685856458, 0.1463037874094443, 0.1213148992535428, 0.12845942435227986, 0.14564720113341384, 0.14632440003849462], [0.16666666666666666, 0.14214937057301968, 0.14494213269544684, 0.13123832261194926, 0.14113497161619384, 0.13028467437518537, 0.14358386146153823], [0.14822726758656124, 0.13878627701165605, 0.15567777717389622, 0.1358973522210935, 0.15780644031976357, 0.11919788979794066, 0.14440699588908876], [0.14747274020371615, 0.13274343278964568, 0.15496942964973923, 0.13523905056689578, 0.16666666666666669, 0.11828734317995303, 0.14462133694338355], [0.15652180903062302, 0.14249175913805787, 0.16421947313582097, 0.11715213234520329, 0.1397856498118113, 0.12185926638513313, 0.15796991015335038], [0.16666666666666669, 0.14021736391294456, 0.15037632450112018, 0.1236066781736601, 0.1375902990015756, 0.12846465071077304, 0.1530780170332599], [0.16666666666666666, 0.13802858442696184, 0.1494842562578957, 0.12591657125765146, 0.1452747314849766, 0.12657927604309016, 0.1480499138627576], [0.15727134577896226, 0.14604646202283453, 0.15653834311411507, 0.12155734337191935, 0.1413210058140445, 0.1277252764873601, 0.14954022341076423], [0.16523215802215072, 0.14924287054597135, 0.14723884336417142, 0.1265062852583137, 0.13823075189508707, 0.13135594657456598, 0.14219314433973976], [0.1625119789279673, 0.15143804530650293, 0.1478179607820722, 0.12665295586148675, 0.13655801808601306, 0.13279746657220814, 0.1422235744637496], [0.16085008670828943, 0.14793784823859615, 0.14720932075783835, 0.12814787281666895, 0.1412013744631492, 0.13184047347184757, 0.14281302354361036], [0.16101113714923804, 0.14829942642831695, 0.14760003912416128, 0.12789416681458834, 0.1407570721713459, 0.1319179152209436, 0.14252024309140593], [0.16285076147218377, 0.15155857787739885, 0.1477968366870396, 0.1263060345554926, 0.1365184352472621, 0.13272723972842262, 0.14224211443220044], [0.16099225889997018, 0.1533553136862762, 0.14778526029662956, 0.12542648959691655, 0.13516047740357132, 0.13430864845608628, 0.14297155166054987], [0.16666666666666666, 0.15006291691606904, 0.1471716882088357, 0.125298606178775, 0.1369275527952737, 0.13165441171229733, 0.14221815752208258], [0.16381029198934657, 0.15104610644727592, 0.14727921900167054, 0.12603139215642387, 0.13676384567904407, 0.1323958860670977, 0.1426732586591413], [0.16415671382659675, 0.1492035619673331, 0.14687272317598882, 0.12711454028336427, 0.13839070557114477, 0.13157988724986458, 0.1426818679257078], [0.16255952906874266, 0.14768897606486403, 0.14735052693914472, 0.1283013101104148, 0.14031653893803592, 0.1308321142262225, 0.1429510046525753], [0.14546583258053422, 0.16666666666666666, 0.14799857856703533, 0.13451489033545733, 0.13306736163639163, 0.13277491115868667, 0.1395117590552281], [0.16283618697029814, 0.14832039257762436, 0.14770013875945462, 0.1281718880216035, 0.13969008036207092, 0.13102756723907488, 0.1422537460698735], [0.15999606697206878, 0.1470669967679954, 0.14714389964405322, 0.12906696295174913, 0.14237783063989773, 0.1313618440566675, 0.14298639896756823], [0.16474623104227182, 0.14898627868299852, 0.1472722939982444, 0.12670363503029608, 0.1385983121015311, 0.1313832727541876, 0.1423099763904705], [0.16060502876927574, 0.14797828881426622, 0.14710078524297654, 0.12782870014519218, 0.14090015860148267, 0.13221189463847852, 0.14337514378832822], [0.1616381688560918, 0.14838210739147353, 0.1472097727208425, 0.12731865760804087, 0.1401821433308697, 0.13212750118580235, 0.14314164890687914], [0.16666666666666666, 0.14125735713120047, 0.14578644668862442, 0.13592681630525577, 0.1477281644841848, 0.12403613372230465, 0.13859841500176312], [0.16184715417986079, 0.1524923107632328, 0.146879802972313, 0.12542729981475598, 0.13542676881834834, 0.13411433160862182, 0.14381233184286735], [0.1603718945548806, 0.15084665458547977, 0.1467341431971953, 0.12744173910866963, 0.13786077880002967, 0.13326480659823406, 0.14347998315551083], [0.1605981309749775, 0.1473488870458395, 0.14704498610618116, 0.12861014044800867, 0.14181158243747483, 0.13150478168773014, 0.14308149129978828], [0.16041205906854245, 0.14827128710094936, 0.14781987809729288, 0.12827960885981007, 0.14101155609195282, 0.13193726198896844, 0.14226834879248387], [0.16051425219123605, 0.1485228112816269, 0.14797526293082933, 0.12796694760132735, 0.14052077841599644, 0.13215788225275413, 0.14234206532622978], [0.16040943702416857, 0.1489363333127058, 0.1478167731397754, 0.12785271105439255, 0.14031738680577335, 0.13247641720210585, 0.14219094146107855]]