[[0.16666666666666666, 0.14151838437583455, 0.13984308066624412, 0.1303359026016472, 0.1259355660834904, 0.14622050225759778, 0.14947989734851924], [0.16191660288358758, 0.14507692617512186, 0.13992450265793663, 0.12626009447566694, 0.12753421069310608, 0.14918904345654535, 0.15009861965803567], [0.16235573744321227, 0.14515422706978515, 0.14017217423071313, 0.12616469079961803, 0.12723144100298794, 0.14843515680940797, 0.15048657264427556], [0.165035799922623, 0.1431706056918689, 0.14023702810846528, 0.12704351878563486, 0.12647968451276176, 0.1467036153405916, 0.1513297476380546], [0.16368942595754243, 0.14419465571340143, 0.14068358357036836, 0.12719609034933446, 0.12677840433763274, 0.14664061093397388, 0.15081722913774673], [0.1628873081391274, 0.14346132433416064, 0.14060375313351572, 0.12704718283741173, 0.12766292619081498, 0.1464712017869406, 0.1518663035780289], [0.16375804002860436, 0.14418299512841046, 0.14093497764082696, 0.12753611099059795, 0.12653983608655753, 0.14614893932759124, 0.15089910079741145], [0.16310017426344134, 0.14413907570923984, 0.14140611498045969, 0.12834947583723927, 0.1266063823883964, 0.14546160160954602, 0.15093717521167727], [0.1612666033466055, 0.14443640094720991, 0.1403266173479835, 0.12728811792826636, 0.12721583386836396, 0.14838968810808617, 0.1510767384534846], [0.164591913217226, 0.1435539850511873, 0.1412428398883195, 0.12781382446179682, 0.1258731946698177, 0.14492675124888404, 0.15199749146276853], [0.1621489950000935, 0.14394615041158923, 0.141187442161224, 0.12737025609932712, 0.12763547193530525, 0.14571499619310394, 0.15199668819935697], [0.16355615189639242, 0.14316762103334002, 0.1417861081649667, 0.12903733782070836, 0.12614363559363143, 0.1441895670497677, 0.1521195784411932], [0.16229374829631008, 0.14424193422838147, 0.14118418423374288, 0.12728250593183832, 0.12753157924408703, 0.14583389660331111, 0.15163215146232892], [0.16318525436673278, 0.14384427298629626, 0.14175521942108585, 0.1285574070985981, 0.12620816759516093, 0.14453091322385042, 0.1519187653082756], [0.1626064652600066, 0.1435084310983898, 0.14218575846823092, 0.12938713188472822, 0.1265074185431568, 0.14380661538603454, 0.15199817935945314], [0.16285669730879024, 0.14383028455197228, 0.14190222564658375, 0.12876324431642427, 0.12642390953692792, 0.14441605080783534, 0.15180758783146622], [0.1625013316231294, 0.14310732245818708, 0.1423899963694975, 0.1301405772250937, 0.12623914678951847, 0.14343760273104378, 0.15218402280352997], [0.16155286296182952, 0.1432309430610286, 0.14155586511643795, 0.13222735867091112, 0.12611963872666962, 0.14520904039806076, 0.15010429106506246], [0.16208999738533167, 0.1442661069507889, 0.14194205925481945, 0.13049001704201096, 0.12459697273958079, 0.14505523652469726, 0.15155961010277094], [0.16451993592256353, 0.14357975714197435, 0.1410647094953858, 0.12716448546043227, 0.1256965964781865, 0.145191827513612, 0.15278268798784536], [0.16415563121821794, 0.14315389459948633, 0.14143050270832325, 0.12809368435967916, 0.1257351080750264, 0.14447750465103296, 0.1529536743882339], [0.16666666666666666, 0.1438020392643737, 0.14125539918026594, 0.13153952182663806, 0.12438283420813857, 0.14410266099649655, 0.14825087785742053], [0.16363363149995885, 0.14288829990511856, 0.141953149334338, 0.12929894110298587, 0.12575936580808053, 0.1437560631890478, 0.15271054916047028], [0.16356564789290318, 0.14336292568642867, 0.14195140525197578, 0.12881970293301997, 0.12591633380140288, 0.14390739822117096, 0.15247658621309865], [0.16480300967585, 0.1441726265286652, 0.14131604345564627, 0.12774380224768506, 0.1251655143973943, 0.14511329199921705, 0.1516857116955421], [0.1641352267069537, 0.14350619291027564, 0.14172505761798632, 0.1284414660437922, 0.12582094820346015, 0.14423167787830032, 0.15213943063923172], [0.16577959483170776, 0.1435360019865456, 0.14084853585479026, 0.12687994001362837, 0.125326082496336, 0.14527218480436604, 0.15235766001262596], [0.16380833879625695, 0.14375315268577665, 0.14171692608552386, 0.12818029058113087, 0.12585580551710093, 0.14439714367646733, 0.15228834265774344], [0.16243124055797645, 0.14347409837849986, 0.14226068306754028, 0.12922462519401026, 0.12635396886762557, 0.14368091691642282, 0.15257446701792463], [0.16507201417114925, 0.14358866728425027, 0.14140614462550263, 0.12774534357717865, 0.12538300350718679, 0.14452404296474622, 0.15228078386998614], [0.16261443267939765, 0.1432467517792624, 0.1424330563536526, 0.12968006764406448, 0.1259975330885617, 0.14325257858572557, 0.1527755798693357], [0.16263270864659493, 0.14395076755792494, 0.14242995350214327, 0.12942226196448664, 0.1259123438118692, 0.14362579168783057, 0.15202617282915057], [0.16367774154556605, 0.1434763018337639, 0.14189378255111915, 0.12860590557964371, 0.12563591744297978, 0.14400159419766745, 0.15270875684926], [0.16322059420694512, 0.143665417162152, 0.14243581188273685, 0.1292243972229399, 0.12609397484676824, 0.1430881254104847, 0.1522716792679731], [0.1629123794232299, 0.14321686724958005, 0.1424769949730682, 0.1296584181023729, 0.12561257217399047, 0.14313504211265984, 0.15298772596509866], [0.16512920760631142, 0.14385795151884592, 0.14153062037218597, 0.12784481075854, 0.12485705877779928, 0.14443731294505363, 0.1523430380212639], [0.16264808065756917, 0.1436975011068498, 0.14107438170217573, 0.12866390195279007, 0.12571193390161356, 0.1461174414505355, 0.15208675922846615], [0.16318012841323593, 0.14332661726344686, 0.14230238349920746, 0.12909469463202514, 0.12574780744691375, 0.14335614826480506, 0.15299222048036573], [0.16227988742830587, 0.1431279838063965, 0.14286695669704602, 0.13431968086035187, 0.12465570147809966, 0.1425934989433244, 0.15015629078647574], [0.16227988742830587, 0.1431279838063965, 0.14286695669704602, 0.13431968086035187, 0.12465570147809966, 0.1425934989433244, 0.15015629078647574], [0.16278144986358448, 0.14335832522971903, 0.1426722206528577, 0.1299289575136918, 0.125635190362527, 0.142942333271646, 0.15268152310597397], [0.16268386716719435, 0.1437559372640164, 0.14268501086782454, 0.1295481653068361, 0.12572294012625415, 0.14302626384301534, 0.15257781542485918], [0.16512702212809863, 0.14390163801484543, 0.14164956379488153, 0.12761431816566463, 0.12477636679706317, 0.14414682852092556, 0.15278426257852099], [0.16023861525616717, 0.1427450407648374, 0.14357015094406508, 0.13513014652645297, 0.12480572928549652, 0.14198140424023029, 0.1515289129827505], [0.1626826697741611, 0.14330812824378594, 0.14264957061503292, 0.12970762157712507, 0.12551091134970083, 0.14282199575814958, 0.15331910268204457], [0.16122056825382527, 0.14341436457594578, 0.14220706491672105, 0.12988426530332606, 0.12547723000736602, 0.14431110880291417, 0.15348539813990164], [0.16388540970601803, 0.1438275262054262, 0.1424938504508775, 0.12902643514808626, 0.12437432950714733, 0.14302506480720914, 0.15336738417523554], [0.16003135057030665, 0.14316595054797487, 0.1437748780860101, 0.13558112809246312, 0.12443240424216187, 0.14170550046271582, 0.15130878799836747], [0.15860996536372265, 0.14252641712314051, 0.14485200165101558, 0.13683599460138846, 0.12434341055063056, 0.14027876208182663, 0.1525534486282755], [0.1615576741104029, 0.14390396708083214, 0.14225635582527893, 0.12934129425480267, 0.1252470513767635, 0.1443085541031601, 0.15338510324875987], [0.15941010913917816, 0.1427261846598448, 0.1445141047358959, 0.1370475300369688, 0.12431849418741521, 0.14048554916670467, 0.15149802807399246], [0.16192779120020506, 0.14351075369375352, 0.1432245225234531, 0.13029053567939727, 0.12433204303685058, 0.14221834054382837, 0.1544960133225121], [0.16091091086278958, 0.14600728832564025, 0.14455411337415863, 0.12964924944416728, 0.12315593446364811, 0.14112147091833196, 0.15460103261126412], [0.16128366401418692, 0.14546284424136027, 0.1447538457906409, 0.1297727805839979, 0.12299426808474857, 0.1404125963912839, 0.1553200008937816], [0.16082458471906524, 0.1460365384874324, 0.14486356407686246, 0.12965388855125823, 0.12294074895740817, 0.14052734589266377, 0.15515332931530973], [0.1629650871317722, 0.14498359458892454, 0.1454710354678823, 0.13092491722240826, 0.12349814675310844, 0.13826572286289368, 0.15389149597301074], [0.16381246549239484, 0.14366266635783914, 0.14141552451992495, 0.12801759747177854, 0.1261588235796585, 0.1448495760307451, 0.15208334654765882], [0.16404748088907897, 0.14353000253952017, 0.14157143342417225, 0.12807560409365928, 0.1259505402041368, 0.1445059677212847, 0.15231897112814782], [0.16337958676435635, 0.14409801459916377, 0.14035799662390186, 0.12720462943598082, 0.12721036237962863, 0.14742007449410033, 0.15032933570286813], [0.16491633925245916, 0.14368670218775426, 0.14055847595587262, 0.12725777704094193, 0.12609342978297133, 0.14629905393648435, 0.15118822184351627], [0.16285884439042575, 0.1445842797012078, 0.14225079234723742, 0.1298813674849735, 0.12418283907514888, 0.1443844035379675, 0.15185747346303935], [0.16666666666666666, 0.14345730512745392, 0.14002101953910537, 0.1278634684611827, 0.12386128732834978, 0.14697276410636176, 0.15115748877087976], [0.16112331731716747, 0.14244995818308276, 0.14302449247224536, 0.13389042556097447, 0.12491683979997634, 0.142544917563395, 0.15205004910315859], [0.16042709222133966, 0.14303628379511177, 0.14301045784867145, 0.13495674908931796, 0.12514984221708825, 0.14278536255904187, 0.15063421226942908], [0.16033285114200888, 0.14301923996306587, 0.14376514232359958, 0.13425321044850594, 0.12427249016440042, 0.14182547546155155, 0.15253159049686765], [0.16092917374382815, 0.14382356924524212, 0.14340068986966192, 0.13275450770050298, 0.123803087506511, 0.14257303157447584, 0.1527159403597779], [0.15828793250718606, 0.14285695955566458, 0.14500286263681442, 0.13596479222337982, 0.12419306736666837, 0.1403003097202702, 0.1533940759900166], [0.1582579197893677, 0.1429856147061445, 0.145110227734021, 0.13595781320866557, 0.12409878885030577, 0.14020751863853487, 0.15338211707296046], [0.15825372866701728, 0.1430321457461082, 0.14503873060249564, 0.13564026571117205, 0.12409112681669374, 0.1403258635283918, 0.15361813892812123], [0.15930875237190947, 0.14270196175545719, 0.1454278775562779, 0.13722495188009864, 0.1233513630728979, 0.13913652631394743, 0.15284856704941135], [0.16666666666666666, 0.1444810535136774, 0.1372493796774829, 0.12416978106218124, 0.12799798154322342, 0.15230213945902307, 0.14713299807774521], [0.16174747632985886, 0.1429943936437639, 0.1400237155064382, 0.12810514958843902, 0.12769548998178482, 0.1482403783550407, 0.1511933965946745], [0.16259923518837321, 0.14412681838379376, 0.14023228656099762, 0.12638738637981015, 0.12814677282039014, 0.14769840246642119, 0.150809098200214], [0.16330561922114945, 0.14428978474264362, 0.13997506632481085, 0.12587346730459922, 0.12750550264601074, 0.1481063923414534, 0.15094416741933264], [0.1626645856387103, 0.14402711467276158, 0.14038813733789493, 0.12646748714754924, 0.1281048219492911, 0.14728203714516752, 0.15106581610862524], [0.16291654007125395, 0.14399283011063826, 0.1405063246208674, 0.1266792382793655, 0.12780482733218182, 0.1469816188837968, 0.1511186207018963], [0.163423682763334, 0.1436055535571801, 0.13965485522475835, 0.12590970286897216, 0.12757728425504364, 0.1485443149580293, 0.15128460637268243], [0.16384159618744584, 0.14359708851766834, 0.14029906616954943, 0.1265054712228559, 0.12723927337909188, 0.1469777952711287, 0.15153970925225982], [0.16193782004484847, 0.145570708816479, 0.14050192281690002, 0.12681463917841107, 0.12671055744469967, 0.1481369727956615, 0.15032737890300013], [0.1620947774537265, 0.14374443415339164, 0.14036838928364467, 0.12628432527588937, 0.12830380701274235, 0.14726553836403217, 0.15193872845657333], [0.16142187906924862, 0.1437117978125226, 0.14016723903436648, 0.12601963085194642, 0.12868354508753718, 0.14781126035902026, 0.15218464778535837], [0.16258459199252326, 0.14479813448244871, 0.14054831149211952, 0.1263467710854245, 0.12752440481806016, 0.1473383334821603, 0.1508594526472637], [0.16423747703578215, 0.14397982184456348, 0.1403106741001153, 0.12649484610428854, 0.1268528652404539, 0.14708297741957238, 0.15104133825522417], [0.16393571856159245, 0.14379648686734497, 0.14030575016940944, 0.1261834909863218, 0.12719342573782894, 0.14692349120504322, 0.1516616364724591], [0.16666666666666666, 0.14440094331897027, 0.13637143586087844, 0.12041850358979, 0.130828668831433, 0.15351925976551611, 0.1477945219667455], [0.16490803931560294, 0.14407416093038408, 0.1404510016547752, 0.12659199447131605, 0.12579537137192645, 0.1466219009297771, 0.15155753132621813], [0.1628085126660969, 0.14509141117237345, 0.14111005721759518, 0.1271377637861525, 0.12638548233415237, 0.14635330507296687, 0.15111346775066278], [0.16420729438883627, 0.14402796412858127, 0.1400424310415241, 0.12574772174382406, 0.12685817321324952, 0.147506178987715, 0.1516102364962697], [0.1641133936386305, 0.14379658728942835, 0.14062203537421292, 0.1266475835831389, 0.12673010103992374, 0.1463206950732207, 0.1517696040014447], [0.16105338327643257, 0.1440192291977085, 0.14133516743144928, 0.12756836936175708, 0.1281512610184418, 0.14575271434058248, 0.15211987537362834], [0.1622518259061133, 0.1421476035088099, 0.14202369083129915, 0.13064218550623294, 0.12615635431994648, 0.14378175085091918, 0.1529965890766791], [0.1635840326268663, 0.14420507697434704, 0.14148672185926764, 0.12764953110804908, 0.1258912768256265, 0.14503962269626497, 0.15214373790957847], [0.1623557269626526, 0.1455273356679219, 0.142339938538916, 0.12854608644852183, 0.1246247551212079, 0.14433007558573147, 0.15227608167504833], [0.1636037902687631, 0.14516249860468727, 0.14147137688922118, 0.1270328649452452, 0.12538945817027394, 0.14539911479984913, 0.15194089632196023], [0.16199080100642835, 0.1442870832944295, 0.14187157427111988, 0.1278321265710304, 0.1270560458367019, 0.14469894375847023, 0.1522634252618198], [0.1637159730210139, 0.1437008920287729, 0.1412661111412908, 0.12770530762702353, 0.12525777575503363, 0.14531001984228806, 0.1530439205845771], [0.1618538130959384, 0.14250773960779278, 0.14273883530964934, 0.13122780602115866, 0.12547826368904608, 0.14281446944939266, 0.1533790728270221], [0.16666666666666663, 0.1427383841907084, 0.14329670362234528, 0.13042079502839185, 0.1245812829975852, 0.13988448700965528, 0.1524116804846472], [0.16173798254855623, 0.14507389351083036, 0.1431967104611905, 0.12764025695327214, 0.12572492043476458, 0.14233305102816754, 0.15429318506321854], [0.1618959186128814, 0.14508766129316045, 0.14352368402232618, 0.1284513454449745, 0.12410040335240577, 0.14214164449750005, 0.15479934277675172], [0.16199562771444642, 0.14533064458326464, 0.14410518304203673, 0.12890746415915563, 0.12398965681515095, 0.1409814348646876, 0.1546899888212581], [0.16666666666666666, 0.1430276572252311, 0.14461000249425737, 0.12940681869619158, 0.12245482694038155, 0.13750578975437236, 0.15632823822289937], [0.16666666666666666, 0.14446973787582898, 0.1460827359812728, 0.13275257529354081, 0.12123979424486092, 0.13627274702392922, 0.15251574291390052], [0.16666666666666666, 0.139566274447911, 0.14532677901640992, 0.14344151733374919, 0.12256402329122522, 0.13382722296511815, 0.14860751627891977], [0.16666666666666666, 0.1417440605054404, 0.14596607941603573, 0.13866112601826386, 0.12035665935104096, 0.13472598807691769, 0.1518794199656347], [0.14543961853716572, 0.1414149129320442, 0.15399559622152212, 0.15668561590555816, 0.12763158534094216, 0.126834560065093, 0.14799811099767457], [0.14610646874982403, 0.1412733200537098, 0.14735927038201527, 0.1503455956875901, 0.13398077422670723, 0.1345967650612029, 0.1463378058389507], [0.1483352470137801, 0.14001489105100473, 0.14821570505121917, 0.15828202393915597, 0.1308059381186283, 0.1303945429698699, 0.14395165185634193], [0.14969041929138271, 0.1496167032076341, 0.1583051337765684, 0.14726604225171522, 0.12019271435787919, 0.1265428201873496, 0.14838616692747086], [0.14916808469630544, 0.15057514210904466, 0.15655175675271782, 0.14475661977420884, 0.12216537621693371, 0.12883035539307125, 0.14795266505771823], [0.14573703907023647, 0.14138948724560504, 0.15172953328412428, 0.15982901474509548, 0.12762674224410184, 0.1283235362837164, 0.14536464712712077], [0.1458581500627852, 0.141136797026553, 0.15110993459914865, 0.15956819679314804, 0.12836067876097593, 0.12879337556169687, 0.14517286719569225], [0.1472890706415208, 0.1403330984252644, 0.1518569632588341, 0.16666666666666666, 0.12409392723403513, 0.12539870423978963, 0.14436156953388918], [0.164236293851955, 0.14326817392954724, 0.14005047923441197, 0.12725539396755012, 0.12684534643466258, 0.14742916170159548, 0.1509151508802776], [0.16381139320953986, 0.1423393925916496, 0.14047045361953328, 0.12863016540938754, 0.1270945164182092, 0.1464184419603882, 0.1512356367912924], [0.16388289957085653, 0.14303301792517625, 0.14008956968538952, 0.12762737386100229, 0.1268735302825478, 0.14746313844294323, 0.1510304702320842], [0.1639284041970844, 0.14266123842358777, 0.14005838969460258, 0.12764500727296643, 0.12704700358270946, 0.1472611203422489, 0.15139883648680033], [0.16090046705685496, 0.14385637884535624, 0.13916284204691065, 0.12571675567007976, 0.1289562682164185, 0.15060204817690548, 0.15080523998747444], [0.16382671850502167, 0.1434338213835174, 0.13972674678744484, 0.12604375652737035, 0.12743176610603976, 0.14803640254316355, 0.1515007881474424], [0.16313570630732505, 0.14398941668463974, 0.13965467462112588, 0.125802611358578, 0.12759304828119913, 0.1488282786614928, 0.1509962640856394], [0.16462243353736447, 0.14283587636711786, 0.14043570379155965, 0.12769263356346508, 0.12635942249775306, 0.14635904929647078, 0.15169488094626904], [0.1632190762540197, 0.1437764624954003, 0.14048911323966365, 0.12654715781691572, 0.12744086513456374, 0.14671899607036268, 0.15180832898907431], [0.1645014658282667, 0.1440138260252659, 0.1403791237278995, 0.12635320238382672, 0.12648269479216, 0.1468038301376846, 0.1514658571048966], [0.163068617180501, 0.14432385844128134, 0.13983530300177813, 0.12543932883244613, 0.12733380092429472, 0.1484633809211117, 0.151535710698587], [0.16506725344330223, 0.14326073232318337, 0.14116595362081943, 0.12830754330492722, 0.1255149470653696, 0.1449906771545565, 0.15169289308784165], [0.1642839643866901, 0.1427654338091331, 0.14100958483753434, 0.12794451399255855, 0.12604202169342457, 0.1451194151910057, 0.1528350660896536], [0.16457927251215745, 0.1430480009337998, 0.14154229633114576, 0.12861186137665112, 0.12552730547253665, 0.14428861130178736, 0.15240265207192197], [0.16666666666666669, 0.1454000623777873, 0.14672383702032177, 0.13117684418716052, 0.11841352080459189, 0.13482472939206958, 0.15679433955140232], [0.16269873440662772, 0.14705794661115262, 0.14688028203899955, 0.1292301049744904, 0.11892068839432822, 0.13591211827477706, 0.15930012529962445], [0.15854258692491596, 0.147554984825362, 0.15253838530154648, 0.1374956493175737, 0.11846093360794863, 0.12990529448002572, 0.15550216554262752], [0.1549487240019534, 0.14710521889626937, 0.1572779446716185, 0.14327546723664455, 0.11754607554496034, 0.12655852269747817, 0.1532880469510757], [0.14909603953918274, 0.14248774611479292, 0.15333891927191404, 0.15836295346528714, 0.12431769494230728, 0.1263116034434348, 0.1460850432230811], [0.16345291194524805, 0.1429571684226155, 0.13989972312959964, 0.12769967912560773, 0.12758120621909014, 0.1479884700442259, 0.15042084111361323], [0.16129077100020528, 0.14298396046074238, 0.13956590892702686, 0.12756032140075324, 0.12836743604961665, 0.14934482222489914, 0.15088677993675648], [0.16417966800809192, 0.14343280530581215, 0.14017646755007074, 0.12737463221055703, 0.12692990152265443, 0.1472942468178198, 0.15061227858499387], [0.16381017485836646, 0.1425034880140962, 0.14039317177652177, 0.12828745447492387, 0.12678179482754345, 0.14652094355101028, 0.1517029724975379], [0.16361439139417783, 0.1432755947179671, 0.14126617710999184, 0.1288721533988034, 0.12656075031615846, 0.14523270327834475, 0.15117822978455656], [0.16349603560049117, 0.1435631158107022, 0.1406273366295041, 0.12702506260417282, 0.12724737226719507, 0.14641513976539527, 0.15162593732253934], [0.1615365043354853, 0.1442564724068246, 0.14098145478303517, 0.12730032735774002, 0.1283051497977112, 0.1465251777291129, 0.15109491359009086], [0.16249767062939202, 0.14398777373139313, 0.14071330083585049, 0.1268802721830466, 0.12782761712165222, 0.1466576960043186, 0.15143566949434703], [0.16405783661624457, 0.14371309458481774, 0.13995602780304023, 0.1258266173141527, 0.1270879329324392, 0.1476416655835801, 0.15171682516572535], [0.16468937067634135, 0.14345872789758077, 0.14103633623437184, 0.12802757000477819, 0.12576770355251624, 0.14541806894015702, 0.15160222269425472], [0.1634958023837543, 0.14357679032632248, 0.1410113449167793, 0.1272809479300173, 0.1268652754680215, 0.1455922358836623, 0.1521776030914428], [0.16350518245973708, 0.1437481891380906, 0.14054026261802005, 0.1262270014988178, 0.12701778069376551, 0.14652298927983143, 0.15243859431173756], [0.16276023569206993, 0.14436750694077455, 0.143202498972898, 0.1291659229406139, 0.12435834927638911, 0.14219476455978672, 0.15395072161746795], [0.1635711368981264, 0.14251415036820278, 0.14153625445468854, 0.12916846265751764, 0.1260696005320795, 0.14427191300487124, 0.1528684820845139], [0.16293025356839355, 0.14480840708403028, 0.14193615721848254, 0.12945306061732353, 0.1245041186060024, 0.14501339738910443, 0.1513546055166632], [0.16563107185644327, 0.14371803928557159, 0.14060767620621487, 0.12677207022966874, 0.12556037716115434, 0.14592297165085574, 0.15178779361009156], [0.16666666666666669, 0.14336316300520982, 0.14069204792916054, 0.12693953321660528, 0.1250910965705669, 0.14518980279379606, 0.15205768981799472], [0.16211457050198375, 0.14252058127227607, 0.14212361797841058, 0.12987196964682915, 0.12712831405539712, 0.1435679786017185, 0.1526729679433848], [0.16396013464886197, 0.14363351148967443, 0.1407067031651839, 0.12647929354054546, 0.1260963955901934, 0.14597388889627494, 0.15315007266926592], [0.16155103836983942, 0.1432553919605295, 0.14242312917395752, 0.1337973790548999, 0.12512505877602678, 0.14361006547375493, 0.150237937190992], [0.16082534788048533, 0.14495100006032194, 0.143334153745279, 0.13208015615839408, 0.12441135486820983, 0.14330819846667245, 0.15108978882063748], [0.16478241427835333, 0.1441886862586693, 0.14089748119812548, 0.12684140958510612, 0.1255973211138177, 0.1458413123652655, 0.1518513752006627], [0.16366773080944164, 0.1427875207148876, 0.1420028517974199, 0.12930563884892396, 0.12551343161283207, 0.1436089904573078, 0.15311383575918705], [0.16411014517067835, 0.1441080218078981, 0.14214650866334502, 0.1284212275887283, 0.12492992484037485, 0.1436963118033618, 0.15258786012561354], [0.1646043098267385, 0.14420958042678497, 0.14177456892895718, 0.12791265104021687, 0.12448283873345704, 0.14428555287699357, 0.15273049816685175], [0.16124162867393996, 0.14319702169489193, 0.1433541934009859, 0.1346873411598375, 0.1244702063188224, 0.1421762498441025, 0.15087335890741985], [0.16189452081347644, 0.14381224204929885, 0.1416694592208504, 0.12839284061602904, 0.1255989256831316, 0.14514530808364598, 0.15348670353356766], [0.16125395912484355, 0.14383399933025054, 0.14173081371296029, 0.12838076799901638, 0.12571600305490083, 0.14512138015259873, 0.15396307662542952], [0.16178160398486552, 0.14372197092997133, 0.14250381754291147, 0.1292010608773816, 0.12481913728259939, 0.1435583817496444, 0.15441402763262635], [0.16142189768439075, 0.14469945287680985, 0.14283996168268537, 0.13109513295007086, 0.1241944431960324, 0.1438824003514893, 0.15186671125852136], [0.16073953084197332, 0.14313077490986012, 0.1416850152853371, 0.13215869466000524, 0.1262943441156485, 0.14512388691341652, 0.15086775327375926], [0.15105178183076667, 0.1424246837328474, 0.13590989298358908, 0.1254208176197074, 0.14239210900128552, 0.15819076244518518, 0.14460995238661878], [0.1579394804985531, 0.14574596839430579, 0.151319052063068, 0.13410904087977302, 0.11934272670966704, 0.131242328180504, 0.160301403274129], [0.1533436413479468, 0.14209383653030536, 0.15292126315919394, 0.14563085441341364, 0.12289635352177995, 0.12950453214453983, 0.1536095188828206], [0.15204247030260631, 0.1420794238503576, 0.1525203339030164, 0.14677029019949858, 0.12509901294520823, 0.12985468182765117, 0.1516337869716616], [0.1472219284122104, 0.14748047328386488, 0.16122486183194779, 0.14738957163596142, 0.12144664467069799, 0.12523077611720218, 0.15000574404811534], [0.14832002580840628, 0.15119959879426556, 0.1573965719558952, 0.13801605156738722, 0.12460453486296368, 0.12846630978763882, 0.15199690722344317], [0.14817202924846637, 0.1483000989100826, 0.16666666666666669, 0.1448856293637618, 0.11841686105034994, 0.12297626000566844, 0.1505824547550042], [0.14811092453937333, 0.14540523752388057, 0.15967059455014904, 0.152789596034524, 0.12089313314588805, 0.12424996426731277, 0.14888054993887223], [0.14261758949005535, 0.13915524430965256, 0.13765841020733752, 0.12902317910911482, 0.16666666666666669, 0.14296259612870327, 0.14191631408846983], [0.14280622417211977, 0.13939054216303795, 0.13783687088712304, 0.12904133326209855, 0.16582875235736477, 0.14304044850714304, 0.142055828651113], [0.14769411191725096, 0.14465283877988908, 0.1587773211079668, 0.1548916302024173, 0.12138750065387138, 0.12437118772237572, 0.1482254096162287], [0.1563561227944118, 0.14584931885024108, 0.14855314971875988, 0.12972305827521355, 0.1203050761125582, 0.13254660758214873, 0.16666666666666663], [0.14932634222418245, 0.14821730007051856, 0.16212997104730956, 0.14558989650057277, 0.11838514154255779, 0.12480353143652761, 0.15154781717833132], [0.16666666666666666, 0.14785551576796394, 0.14620915061457257, 0.13018789519958854, 0.11748851926681432, 0.13658816808506283, 0.1550040843993312], [0.16287616390646512, 0.14771455693643495, 0.14795704525284425, 0.13304299630742877, 0.1180342403679402, 0.13567182441933992, 0.15470317280954682], [0.16304661255159167, 0.15016836895543093, 0.14556975902965888, 0.12919013822864955, 0.11954656775851781, 0.1389834560822633, 0.15349509739388784], [0.163718067068168, 0.15019108089818115, 0.14652288335312816, 0.12914039894910664, 0.11825324529508739, 0.1373793327127138, 0.15479499172361474], [0.1522855248413753, 0.1532221815497661, 0.14450751672500103, 0.12913451622315494, 0.12818868082777882, 0.14403282139488732, 0.14862875843803652], [0.15470484568249535, 0.15581994167546814, 0.1516362248538442, 0.1344528138108191, 0.1198186421908452, 0.13263248862141314, 0.15093504316511483], [0.1497900291344611, 0.15328621036252366, 0.1595000143422523, 0.1413762827033327, 0.11896694392255952, 0.12641611216018422, 0.1506644073746864], [0.14924641864143776, 0.1510208427381926, 0.15675610161542602, 0.14562508804942875, 0.12126718788618703, 0.12841922923139057, 0.14766513183793725], [0.14541785660692272, 0.16666666666666666, 0.14162858717263657, 0.13108136735387566, 0.13201413259862846, 0.14169406475265015, 0.14149732484861977], [0.15649764379261674, 0.1433881144800674, 0.13585263999466346, 0.12273947292258351, 0.13819301037758303, 0.15846749017570333, 0.1448616282567826], [0.15563374964475962, 0.1419339695625998, 0.13381875865176301, 0.12103494518983576, 0.13702391597918842, 0.16666666666666666, 0.14388799430518665], [0.1631154792619029, 0.14396279150540242, 0.14220416711301564, 0.12872440165538954, 0.12473846794657252, 0.14390420647323582, 0.15335048604448115], [0.16666666666666666, 0.14354552094895492, 0.14217885456217777, 0.1312977271732064, 0.1268000237817305, 0.13974661381334194, 0.14976459305392173], [0.16666666666666669, 0.1462435026625586, 0.1393152976693055, 0.1283804083931763, 0.12774747903110747, 0.14623587427544868, 0.14541077130173682], [0.15715620930463636, 0.15388264273828103, 0.14579376840108968, 0.1272480629441312, 0.12100454389806845, 0.14101040332745465, 0.15390436938633856], [0.1491376864624231, 0.1651359181283705, 0.14807392374713924, 0.12898698214625223, 0.12381196141740218, 0.13632301196781488, 0.14853051613059792], [0.14900931982936183, 0.16219785458788782, 0.15028665176360842, 0.13023671091550948, 0.12362763090535843, 0.13428158722985373, 0.15036024476842028], [0.1487152319672227, 0.16051609005305914, 0.1468624116837556, 0.12984070176326432, 0.12593606649723943, 0.13973911958462934, 0.14839037845082959], [0.14863099633386634, 0.16068769840931002, 0.14724900718457684, 0.1299306402280289, 0.125676774356929, 0.13927530701217067, 0.1485495764751184], [0.14897574548277084, 0.16255743765153868, 0.1503972381426695, 0.13011835877550387, 0.12320356365773116, 0.1342009787133793, 0.1505466775764066], [0.14905867434965145, 0.1605372886761371, 0.15228801829722177, 0.13171420417337762, 0.122119879750782, 0.1326343321967908, 0.15164760255603923], [0.14916913557188644, 0.16666666666666669, 0.14890367421336617, 0.12920992166211667, 0.12241036569298752, 0.13485122357698845, 0.14878901261598815], [0.14921039975048106, 0.16359118137650075, 0.14984786360125088, 0.12976699714734233, 0.1229142871170207, 0.13447002005300102, 0.1501992509544034], [0.14927555994515662, 0.16398867425960323, 0.1480344194618681, 0.12923085218981464, 0.12446655340288665, 0.13649764997943714, 0.14850629076123367], [0.14892958968522305, 0.16235542070740538, 0.14674586051581148, 0.12905127986080653, 0.12639470487206667, 0.13900704266149572, 0.14751610169719126], [0.1488083149507563, 0.1465119090152052, 0.14798410982245422, 0.1357364197352269, 0.1373243571195978, 0.13600331548479946, 0.14763157387196005], [0.148774618989424, 0.16262508877885298, 0.14730932723152002, 0.1290634922327428, 0.1260504361941053, 0.13820339748377133, 0.14797363908958366], [0.1483851970066947, 0.15966378387075916, 0.1460906768872133, 0.1296032021826039, 0.1271940059867505, 0.14116792896213537, 0.147895205103843], [0.14920538054771057, 0.16462415005020925, 0.14786234655130975, 0.12914032762369057, 0.1241632080115394, 0.13681402288748615, 0.14819056432805433], [0.1489527079549635, 0.16028831232418234, 0.14700183382006046, 0.13041165630389115, 0.12579944288839834, 0.1395538761321211, 0.1479921705763831], [0.14906725066870508, 0.16136226910125662, 0.14737888423988205, 0.13023243278817004, 0.12515974127527468, 0.13872901085064718, 0.14807041107606442], [0.1476183174328415, 0.15041786040050367, 0.14098905892531619, 0.12774421341461578, 0.1386006232458961, 0.14937546913874553, 0.14525445744208126], [0.14956515024051362, 0.161469950833879, 0.15138294244256775, 0.1315665947292114, 0.12219966481945374, 0.13298175098121762, 0.15083394595315683], [0.1487960712430412, 0.15987400726932288, 0.1495953649863146, 0.13062287434926292, 0.12433922922249216, 0.13558236664097037, 0.1511900862885959], [0.1486014154598673, 0.16028621886985858, 0.14635598700967314, 0.12969752238813526, 0.12665410165884403, 0.1405340746433867, 0.14787067997023487], [0.148413806010347, 0.16005777029366067, 0.14722929103843413, 0.12997003414252042, 0.12610519528256406, 0.13955833659698433, 0.14866556663548938], [0.14846524133787362, 0.1601825435040814, 0.14754458160062445, 0.1302973340697677, 0.12588044431783083, 0.1391111174933202, 0.14851873767650176], [0.14845617007642786, 0.1600257261802836, 0.1478490596209425, 0.1303797753615091, 0.12547253060498953, 0.13870157517844947, 0.14911516297739802]]