[[0.14093281813195008, 0.13921850574219433, 0.15296046834793578, 0.12948995738737856, 0.1457444226766386, 0.12498716104723606, 0.16666666666666669], [0.14452227204219284, 0.13923747949539714, 0.15351425412301245, 0.12522202399621818, 0.14874003222590707, 0.12652887306776972, 0.16223506504950258], [0.14481197985143968, 0.13975066618664195, 0.15340620231612218, 0.12552033391412545, 0.14814510678942838, 0.1266040553349219, 0.16176165560732045], [0.14281186586810063, 0.13983349817683982, 0.15441105962130153, 0.12643854925039094, 0.14639881780357997, 0.12586610630869027, 0.1642401029710968], [0.14374674379149485, 0.14016568898981996, 0.15366208702578227, 0.126409363174191, 0.14624145176970982, 0.12598335184862913, 0.16379131340037284], [0.1431751440387309, 0.1402823317906283, 0.15361681138704292, 0.1265585748511746, 0.14622214085852134, 0.1271819118703924, 0.16296308520350958], [0.14369192199358294, 0.14037296350657733, 0.15386884150998456, 0.1266814478804963, 0.1457008050152396, 0.12566341301436762, 0.1640206070797516], [0.14361358900338925, 0.14081687824766215, 0.15365482096522212, 0.12745567523403864, 0.144966964619498, 0.12567192175917907, 0.16382015017101062], [0.14305113165699748, 0.13868524868940207, 0.15475445346092048, 0.12483426087820439, 0.14725076617910027, 0.12475747246870858, 0.16666666666666666], [0.14306490167156122, 0.14070485077348419, 0.15449159785189015, 0.12699166631979608, 0.14446671673267314, 0.1250099712030288, 0.1652702954475664], [0.1436281607018631, 0.14083084237653726, 0.15353840734242194, 0.1268202750139812, 0.14542176273232477, 0.12708920273334046, 0.16267134909953135], [0.14263667080756143, 0.14122394328558793, 0.15439085622198512, 0.12818712028598753, 0.14368170722845158, 0.1252280361759705, 0.16465166599445594], [0.14387418077933428, 0.1407662853432753, 0.15347649826860704, 0.12663662705734458, 0.145492250473749, 0.1268897850368194, 0.16286437304087048], [0.14337134155094786, 0.1412389980874493, 0.15407110812966543, 0.1277676973477277, 0.1440722105218094, 0.1253697763069418, 0.1641088680554585], [0.14312909680265676, 0.14178475865790516, 0.15382259147592414, 0.1287764892461702, 0.1434321653797984, 0.1258496059019828, 0.16320529253556249], [0.14331669392534213, 0.1413452729420016, 0.15395033284041276, 0.12791079569568753, 0.1439156340743769, 0.12551884923675505, 0.16404242128542396], [0.14259086001680643, 0.1418578088731343, 0.1542898749471865, 0.12933986082313656, 0.1429283806166667, 0.12535290414074376, 0.16364031058232573], [0.14252468365891222, 0.1407991255342532, 0.15442532939738238, 0.1311894950451201, 0.14456239297405477, 0.12489771273913113, 0.1616012606511463], [0.14295058302867245, 0.14049005033505269, 0.15561484900793407, 0.12836546084310818, 0.14378605603530273, 0.12212633408326318, 0.16666666666666666], [0.14325969903952163, 0.1407097848216198, 0.15527106140218333, 0.12661685940653838, 0.14489411784127784, 0.1251286208074777, 0.16411985668138132], [0.1427767394304577, 0.14102570357803998, 0.1551581388698417, 0.1274749568178834, 0.14412158076733694, 0.12507854793591872, 0.16436433260052152], [0.14307561957006615, 0.14044807156304057, 0.15296087620898846, 0.1304235163318784, 0.1433857921924313, 0.12303945746692843, 0.16666666666666666], [0.14237853555691313, 0.141423337081835, 0.15508900870397754, 0.12849784595389876, 0.14326490208593753, 0.12488238868983945, 0.16446398192759865], [0.14283334037945994, 0.14138974267109614, 0.15470099777630283, 0.12795961802546313, 0.14339018623463573, 0.12499026885939085, 0.16473584605365132], [0.14366546920323758, 0.14074448075784954, 0.15516431392521385, 0.12686623575915712, 0.14462734319752463, 0.12422981706343737, 0.1647023400935799], [0.14289029799867908, 0.1410617978651121, 0.15472638998557417, 0.1274249623743934, 0.14363507542613035, 0.12473475841189541, 0.16552671793821558], [0.1431714030148715, 0.14044157548098624, 0.15554627743464827, 0.12625279851879517, 0.14493495255469366, 0.12467444819678804, 0.16497854479921714], [0.14321075096198332, 0.14112632342585782, 0.15459262695338155, 0.12726925280889032, 0.14386998631125422, 0.12488974324243293, 0.16504131629619984], [0.14307518976616287, 0.14184090389822704, 0.15425527121484645, 0.1285806278315214, 0.1432855655511722, 0.12566059665723606, 0.16330184508083392], [0.14291494787603043, 0.1406687105143871, 0.15508513362653964, 0.12660910770488887, 0.1438776301154479, 0.12417780349603925, 0.16666666666666663], [0.14278395900998078, 0.14195418443288046, 0.15466320461439403, 0.12894918836161312, 0.1427899009579341, 0.12519388452521799, 0.1636656780979794], [0.14340337850990956, 0.14184591712820796, 0.1542988229892469, 0.12852477694149764, 0.14307057163866013, 0.12493027966890013, 0.16392625312357767], [0.14297063824964867, 0.14135361229243631, 0.15500484358499902, 0.1277759944935486, 0.14350738456097195, 0.12474124606282345, 0.16464628075557208], [0.14341509577864955, 0.1421721087699225, 0.15392884391092515, 0.1288169149821692, 0.14283152139133962, 0.12565242438461693, 0.1631830907823769], [0.1427207629999271, 0.14196523797628305, 0.15508970699641839, 0.12887547113304493, 0.14263720676938724, 0.12474403123761775, 0.16396758288732155], [0.1433376445038154, 0.14095722282951906, 0.1558044728045628, 0.12695921576405686, 0.143930222185842, 0.12390330789182132, 0.16510791402038252], [0.14292286529249684, 0.14021128110529102, 0.1564552323002645, 0.12738225754498017, 0.14542441819863872, 0.12433073428056304, 0.16327321127776576], [0.1428105792876739, 0.1417637001764052, 0.15512100270987583, 0.12826399525947452, 0.14284076320616607, 0.12484310990673682, 0.16435684945366758], [0.1422069282876449, 0.1419356873332361, 0.15448893157329316, 0.13305396136496866, 0.14165152933028197, 0.1230118358648575, 0.16365112624571782], [0.1422069282876449, 0.1419356873332361, 0.15448893157329316, 0.13305396136496866, 0.14165152933028197, 0.1230118358648575, 0.16365112624571782], [0.1427887718318699, 0.1420859018753659, 0.15504066565586697, 0.12903124940632288, 0.14236261485910287, 0.12463256146201052, 0.16405823490946103], [0.14327846145956147, 0.14218521619985608, 0.1546550212396751, 0.12877458948629086, 0.14253358112840236, 0.12486964390753999, 0.163703486578674], [0.14337765503693364, 0.1410737447936419, 0.15602460080624514, 0.12671544972253762, 0.14362848909626805, 0.12381217718821169, 0.16536788335616184], [0.14109492022890022, 0.14197694674219075, 0.15510996013625117, 0.1329547484273052, 0.1402786078403524, 0.12191814995833353, 0.16666666666666666], [0.14284742719637283, 0.14217588081875823, 0.15538205743380196, 0.12897867739081154, 0.142351706707358, 0.12469919534083311, 0.1635650551120643], [0.14261243029554685, 0.1413634928243038, 0.15742635600964616, 0.1286156997886699, 0.14354010178010676, 0.12405667297526918, 0.16238524632645726], [0.14329241944838553, 0.14192749650617795, 0.15670797813997295, 0.12814454809737394, 0.14247115688218323, 0.1233834465348434, 0.16407295439106312], [0.14181406909379948, 0.1424580252599603, 0.15518196060795475, 0.13379292883592664, 0.14026960644590025, 0.12200287333705673, 0.16448053641940166], [0.14125661060389563, 0.1437045237095771, 0.15557174428400947, 0.1352668649288203, 0.1388907261706557, 0.12211715574597688, 0.16319237455706478], [0.14312418027826476, 0.14142012644181304, 0.15765816134966573, 0.1280626307686054, 0.143542627327138, 0.12382813051244806, 0.16236414332206506], [0.1413359919332838, 0.14322773420826518, 0.15498036675151083, 0.13532758520470145, 0.13896524564435644, 0.12185939075971354, 0.16430368549816876], [0.14299458340591872, 0.14270197183395875, 0.15810914711099835, 0.12947967246601508, 0.14167336097223188, 0.123388358592625, 0.16165290561825219], [0.1453973595923085, 0.14390128242262673, 0.15873863455793158, 0.12855638081932122, 0.14036729774679213, 0.12187136310139067, 0.16116768175962914], [0.14497706664885757, 0.14425182510981335, 0.15872522800967628, 0.12892754509768684, 0.13981111809194902, 0.12199373750981685, 0.16131347953220004], [0.14551917995149546, 0.1443167899057694, 0.1584808288706329, 0.12872568895257508, 0.13987182884456142, 0.12184419848656172, 0.16124148498840413], [0.144374967112723, 0.14487609008944316, 0.15440563409403305, 0.1299216732779481, 0.13746852979509142, 0.12228643896409473, 0.16666666666666669], [0.14319079285394673, 0.14089755613346583, 0.15454671291472627, 0.1272248018076186, 0.14440204921519556, 0.1253278994970651, 0.16441018757798184], [0.1429663548201, 0.1409600716951124, 0.15467843976044135, 0.12713546145729043, 0.14396609614115205, 0.12495862746779289, 0.16533494865811074], [0.1436690023579017, 0.13985788959642356, 0.15347061527513667, 0.12645448729251263, 0.14705421198623264, 0.1264603292148888, 0.16303346427690407], [0.14328952188069408, 0.14010722812157703, 0.15448743537451234, 0.1265766430515135, 0.14594702490329417, 0.12539217148909196, 0.16419997517931703], [0.14394289273907745, 0.14154162881876606, 0.15586672460779594, 0.12881293175245484, 0.1437372111361742, 0.12294888854429305, 0.16314972240143855], [0.14280075237726197, 0.13926726020485194, 0.15543347304545604, 0.1267657930057416, 0.1464156576187001, 0.12265039708132174, 0.16666666666666669], [0.14127257306284835, 0.14187504046784224, 0.1556111324694165, 0.13229688700881254, 0.14137214924570754, 0.1228870170865169, 0.1646852006588559], [0.1419129694968688, 0.1418859158659233, 0.15459110961737127, 0.1334493590481003, 0.14165012025211016, 0.12317626257703956, 0.16333426314258662], [0.14179268342933787, 0.14257727462588335, 0.15619649572013475, 0.13257197311966637, 0.14053700015469794, 0.12207356785320642, 0.1642510050970733], [0.14279655978327474, 0.14235466805083333, 0.15695368145876767, 0.13122984108058453, 0.14148979882559032, 0.12187597138214602, 0.16329947941880327], [0.1417963195764677, 0.1440378152068555, 0.15629138227877828, 0.13459713006277366, 0.13912577984668764, 0.12230101563886067, 0.1618505573895768], [0.141972469677867, 0.14418797989771773, 0.1562881780113116, 0.13464399816966552, 0.1390755184925173, 0.12227760988216421, 0.16155424586875672], [0.14192078587179638, 0.1440217258412528, 0.15668752109640577, 0.1341813194019937, 0.13908724685562643, 0.12208910838037902, 0.162012292552546], [0.14159097942864954, 0.1444432662526186, 0.15611745443335545, 0.13586006026470102, 0.1378602535828737, 0.1213433042651103, 0.16278468177269148], [0.14395545918579522, 0.1365524614054218, 0.15061869255464305, 0.1231629969867379, 0.1519618327038758, 0.12708189049685964, 0.16666666666666669], [0.14220797671157567, 0.13913860963191582, 0.1544502395236105, 0.12682409685928855, 0.14762823835852978, 0.12640082794478313, 0.16335001097029658], [0.14377507743291887, 0.13981977029746884, 0.15305414858054406, 0.12575881638364825, 0.1474023971338871, 0.12754565856624564, 0.16264413160528732], [0.14396082078305622, 0.13958267141626218, 0.1536843725774468, 0.12527376389498446, 0.14783353657210266, 0.12692979189140124, 0.1627350428647464], [0.1436698974825879, 0.1399735027015184, 0.1531978136214971, 0.1258332061353202, 0.14697617760819032, 0.12749637555328633, 0.16285302689759984], [0.1436179507316154, 0.14007380087232044, 0.15330704964664757, 0.12601810348263578, 0.1466561548419862, 0.12716230253663616, 0.16316463788815846], [0.14326555475719185, 0.13925660977007645, 0.1544110617426048, 0.12530880738241904, 0.1482771302039956, 0.1270009745578865, 0.16247986158582578], [0.1432491176828722, 0.13990134949275138, 0.15389251949192695, 0.12589969834678794, 0.14668081745161896, 0.1266445688349731, 0.16373192869906933], [0.14509493045097194, 0.13991182782566255, 0.1538831564118848, 0.12591585408246264, 0.1477190715310733, 0.12580942498735168, 0.16166573471059328], [0.14349832421742076, 0.14008603164857872, 0.15359779510983446, 0.12585075077793054, 0.14705723359085793, 0.1278919151550178, 0.16201794950035978], [0.14352969090008072, 0.1399570122202532, 0.15374296221422196, 0.1256971674025072, 0.14766167554338308, 0.12838221515881357, 0.1610292765607402], [0.14441253902964024, 0.14008778131545727, 0.1533728338773613, 0.12563583318328864, 0.14699752792083912, 0.12683423146512005, 0.1626592532082933], [0.14356577666587655, 0.13982966531562988, 0.15423408725973936, 0.12576169221033126, 0.1467255662336078, 0.12612624535765457, 0.1637569669571606], [0.14346086331544364, 0.13991889949731956, 0.15406337820592927, 0.12558939389861606, 0.1466337569426813, 0.12661414960437298, 0.1637195585356371], [0.14401764324681995, 0.13584990938844652, 0.15033877575309904, 0.11962235050877994, 0.15329292972740746, 0.13021172470878048, 0.16666666666666666], [0.14374711253433037, 0.14007150452003056, 0.15476663122981252, 0.12601187478840636, 0.14633173353710077, 0.12520371979831124, 0.16386742359200812], [0.1446917341689996, 0.140636626481922, 0.15370743983526733, 0.12640549929667202, 0.1459770043847842, 0.12563928199132784, 0.16294241384102692], [0.1437236382374363, 0.1396845287183214, 0.15466038818407085, 0.1251976595502241, 0.147248609788338, 0.12632303851527074, 0.16316213700633872], [0.14339935954409644, 0.1401696692063631, 0.15418729171920545, 0.12595249678954684, 0.14596730826203652, 0.12603644748242887, 0.16428742699632284], [0.14377621165599339, 0.14106334865810952, 0.15323947947564226, 0.1271488264395475, 0.1455282979010273, 0.1277379727949233, 0.16150586307475667], [0.14172633065283072, 0.14160028897686636, 0.15580943366865085, 0.1300232329807666, 0.14338855500234723, 0.12546032874714874, 0.16199182997138958], [0.14375254045371824, 0.14097941829042623, 0.15440727602991844, 0.12686344788720583, 0.1446038998750437, 0.12506976983085416, 0.1643236476328334], [0.1451591918604451, 0.14191628585487717, 0.15472128732350007, 0.12788221229159763, 0.1439410813603666, 0.12389259054178636, 0.16248735076742715], [0.14472877164317388, 0.14096320208105725, 0.15474366410812238, 0.1262334734810272, 0.14497016025376128, 0.12455692011675357, 0.16380380831610436], [0.1438869955221895, 0.14142830358488695, 0.15391655759275205, 0.12713786768450877, 0.14430621896224238, 0.12634791267884501, 0.16297614397457544], [0.14330285854578953, 0.14082587902437385, 0.15673002384365944, 0.12703004516865532, 0.1449398751093372, 0.12454009366784463, 0.16263122464034], [0.1420202194928462, 0.14225597863869005, 0.15649048731491588, 0.1305126601302269, 0.14233313905335493, 0.12464709370764825, 0.16174042166231778], [0.1425875766584455, 0.14314941488737942, 0.15337225211969982, 0.13019235613136787, 0.13971569284623156, 0.12431604069020905, 0.16666666666666666], [0.1449029394459457, 0.1430108943834207, 0.15551475336202825, 0.12733127749379242, 0.14214039719548383, 0.1254007768941778, 0.1616989612251513], [0.14459832631304964, 0.14299888360840735, 0.1573880997158134, 0.12758475807793562, 0.1415855043498128, 0.12313515211622747, 0.1627092758187538], [0.1449777122260483, 0.14373197956639294, 0.15625437576651488, 0.12828286580171616, 0.14055655953553367, 0.12328370996025159, 0.1629127971435425], [0.14296549787278184, 0.14455200395732443, 0.15673930714190543, 0.12930884301629095, 0.13742911051659756, 0.12233857082843304, 0.16666666666666666], [0.1442380837665351, 0.14586791562600546, 0.1541074450322856, 0.13239863720131265, 0.13595554654772213, 0.12076570515947246, 0.16666666666666669], [0.13914911311096145, 0.1449982901889909, 0.15089505919236737, 0.1430840083254527, 0.13332171934994405, 0.12188514316561672, 0.16666666666666666], [0.1412006762799049, 0.14551474730018288, 0.15519082650389643, 0.13805052498731665, 0.13402958976342305, 0.11934696849860942, 0.16666666666666669], [0.1418078736672147, 0.15419277987893654, 0.14569500575149313, 0.1568409382283591, 0.1274544161771888, 0.12823903836841902, 0.14576994792838863], [0.14153623933046472, 0.14755917655210596, 0.14482264398732422, 0.1505145818493233, 0.13492881248544464, 0.13431919953674568, 0.14631934625859147], [0.14013778268948449, 0.14830078264368984, 0.1432878891632439, 0.1583206856215035, 0.13056179414204397, 0.13097129234312346, 0.14841977339691081], [0.14976089489226957, 0.15837584733067397, 0.14922183464698902, 0.14743011349586152, 0.12688214789510752, 0.1205857449641427, 0.14774341677495567], [0.1505435543542197, 0.1565319011266524, 0.14824309698620391, 0.14471361022673157, 0.1287560824974415, 0.12207801992902655, 0.14913373487972437], [0.14158136761896595, 0.15184292183443043, 0.14426117658954193, 0.1598809197136747, 0.1286146009650699, 0.12792309632496665, 0.14589591695335033], [0.141329375685513, 0.15122728320458984, 0.14407778929376697, 0.15962174245664654, 0.1290790639617636, 0.12864963110914712, 0.14601511428857297], [0.14046091112789758, 0.1519288436891806, 0.1436608956947289, 0.16666666666666666, 0.12559900257238135, 0.12430055843704951, 0.1473831218120953], [0.14293520136069007, 0.13967171721747051, 0.15424947035852887, 0.12669455131584645, 0.14715540212577202, 0.12627866859597003, 0.16301498902572212], [0.14195066627921296, 0.14005186346980195, 0.1542081402043368, 0.12802237890498352, 0.1460948949119524, 0.126462191728076, 0.16320986450163627], [0.14269283997666013, 0.13970702433966248, 0.15439362852441318, 0.12706545019515555, 0.14718672675100042, 0.1263007559450665, 0.16265357426804178], [0.1423659168107264, 0.13973104709561698, 0.1544428555923476, 0.12716495170920047, 0.14702238778638893, 0.1265595912072876, 0.16271324979843185], [0.14310616371855872, 0.13825825963058314, 0.15366542104983527, 0.12436994045620284, 0.1500736936076137, 0.12771599840585926, 0.16281052313134717], [0.14318945906951958, 0.13944339358294616, 0.15426842743254737, 0.12561648607461331, 0.14784045002868992, 0.1270190946930629, 0.1626226891186209], [0.143552164967456, 0.1391338425133603, 0.15423414107705194, 0.1250146904965372, 0.14848432753015042, 0.12683964975407752, 0.16274118366136658], [0.14248830485622094, 0.1400531258206161, 0.15496370178656813, 0.12712419821570056, 0.14606286317912623, 0.1257715422982388, 0.16353626384352932], [0.14347700513628023, 0.14014664967058307, 0.15379049609531187, 0.12602230089211724, 0.14645803392635243, 0.1269276999898458, 0.16317781428950937], [0.14365134578652375, 0.13995848267050495, 0.15429509430252897, 0.12570812504500237, 0.14648599424941358, 0.1258396895307334, 0.16406126841529287], [0.14403556001532508, 0.13948908690249395, 0.15457098228590968, 0.1249073555691001, 0.14822849645293132, 0.1268262728120053, 0.1619422459622346], [0.14276142424303986, 0.14062195858578433, 0.15491062809331504, 0.1274892456902853, 0.1445282731953864, 0.12463707627383469, 0.1650513939183544], [0.1424525438597212, 0.14067370914930416, 0.1553371345626132, 0.12743760405768034, 0.14483734110451943, 0.12551020631861443, 0.16375146094754736], [0.14251068154221075, 0.1409707224947815, 0.15511478844391607, 0.12774612302137153, 0.1437795155201035, 0.12459139415657983, 0.16528677482103687], [0.14590512617170778, 0.14719746229052816, 0.16287305657230278, 0.13201969733586166, 0.1355809483646535, 0.11955949204601105, 0.15686421721893515], [0.1470139089723057, 0.14683584539765568, 0.16666666666666669, 0.12914602922763882, 0.13584304912130107, 0.1188134595623801, 0.15568104105205205], [0.14776100354736324, 0.15269068432447314, 0.1574627109892579, 0.1378101049350143, 0.13030157205411844, 0.11898057827346557, 0.15499334587630736], [0.14729098549971498, 0.15736710530104567, 0.15417926618336877, 0.14349760333411732, 0.12693941238228656, 0.11801255253986496, 0.15271307475960183], [0.14257454836138975, 0.1533867658419649, 0.14556059839028748, 0.1583927637688294, 0.12645647798991502, 0.12446972761385906, 0.14915911803375442], [0.1425840496448159, 0.13947848902522603, 0.15369643232191232, 0.127086451691767, 0.147694529370175, 0.12696611436510744, 0.16249393358099629], [0.14213705457033685, 0.13859677173617604, 0.15398210478029542, 0.1261618581563099, 0.148725384059224, 0.12699783564476652, 0.16339899105289132], [0.14304895418013241, 0.13973881783733216, 0.15370084920922097, 0.12672548089550117, 0.14697419131561004, 0.12627340272572612, 0.16353830383647708], [0.1422020061555223, 0.14006535968753284, 0.15468729399557488, 0.12780860041401837, 0.14626958713244667, 0.12628415478341123, 0.16268299783149376], [0.1427774391940945, 0.14072522737457668, 0.1537526256860956, 0.12806725033160943, 0.14477622794947598, 0.12570662170615737, 0.16419460775799047], [0.1431973071753804, 0.1402150445171369, 0.1537453150241376, 0.12639739973215483, 0.14609448847394998, 0.1266232293213978, 0.1637272157558424], [0.14391114944925698, 0.14058566645426995, 0.15278925002485227, 0.12669372392712502, 0.14621481368455863, 0.12771402986771999, 0.16209136659221723], [0.14364730532439168, 0.14032367418405745, 0.1533172514035255, 0.12628297625732265, 0.1463573099851866, 0.12724454327559717, 0.1628269395699189], [0.14342010805825167, 0.13961508490861368, 0.15468593854175913, 0.12530532223372198, 0.14739882455799277, 0.1265827376764971, 0.16299198402316376], [0.14297577091517016, 0.14050296930476516, 0.15468791610488095, 0.12722349077514172, 0.14497588582598397, 0.12491659652375921, 0.16471737055029873], [0.14319849076102747, 0.1405910136459475, 0.15416419612890084, 0.12663566078957156, 0.14524695694467896, 0.1262131780394062, 0.16395050369046743], [0.14346058825742913, 0.14021240590050732, 0.15464693663705367, 0.12571952959971686, 0.14627020899156878, 0.12652023217603195, 0.1631700984376924], [0.14385605956070588, 0.14266433129124603, 0.15657578596200702, 0.12830581622067114, 0.14163348375944657, 0.12338797737222958, 0.16357654583369385], [0.14213908955663027, 0.14114600804380104, 0.15527967112167557, 0.12858615865844825, 0.14392414822626332, 0.12543917476675784, 0.16348574962642395], [0.14428866314835725, 0.1413481171568663, 0.15528612442497577, 0.1285681984902384, 0.1444985276963935, 0.12350158093440936, 0.16250878814875944], [0.14336108051460228, 0.1402023367036385, 0.15515244637557218, 0.12615152217352665, 0.14560030991796682, 0.12492098159568865, 0.16461132271900497], [0.14311553554017206, 0.14041603668695712, 0.1552988307085642, 0.12651738513568273, 0.14496158555079855, 0.12464930665004843, 0.165041319727777], [0.14232905091929893, 0.1419289388533426, 0.15388399271044964, 0.12958010861872504, 0.14338475636067496, 0.12681468994167097, 0.16207846259583802], [0.14338854209051288, 0.1404306056608539, 0.15576621395727397, 0.1260518802498809, 0.14575381060919512, 0.12566490998376845, 0.16294403744851482], [0.1423594305579707, 0.14149531665082055, 0.15446395624622755, 0.13253945468301487, 0.14272767760712485, 0.12353524029166692, 0.16287892396317452], [0.14433796196429882, 0.14267547171833245, 0.15497382971817647, 0.1311037712776334, 0.1426487837164406, 0.12321847802213504, 0.1610417035829832], [0.14374476214286366, 0.14038855812467696, 0.1553964167047002, 0.12605488910080256, 0.14543002643891514, 0.1247862307676059, 0.16419911672043577], [0.14230436874421196, 0.14150382344931564, 0.15574467984126644, 0.1285497050205926, 0.14314245946318221, 0.1246807692280009, 0.1640741942534303], [0.14349584884312389, 0.14148110620164567, 0.15534457869183277, 0.12738336277122647, 0.14307296628209396, 0.12379731669197862, 0.1654248205180987], [0.14372353139803706, 0.14123581782831682, 0.1565319583000481, 0.1270738800859572, 0.14380114815486858, 0.12356983477663054, 0.16406382945614184], [0.1419675879109286, 0.14213299289901668, 0.15500762823756797, 0.13301213630634526, 0.14089334395178005, 0.12225978711658479, 0.16472652357777673], [0.1431529418374682, 0.14094834440653664, 0.1573778326977718, 0.1272887243652275, 0.14452446391407167, 0.12441421109139889, 0.16229348168752528], [0.14319181354900912, 0.14102947426916884, 0.15765092786974527, 0.12730394857252728, 0.14451540291620113, 0.12456423512886733, 0.16174419769448103], [0.14324021903742273, 0.1419964890331628, 0.15816961139201424, 0.12841442475452378, 0.14307319510258318, 0.1239404973254343, 0.16116556335485882], [0.1439772523229402, 0.1420566279517474, 0.15592123773973762, 0.129925672790131, 0.14313333813951537, 0.122798113938804, 0.1621877571171244], [0.1423387473313409, 0.14084433514220027, 0.1548945085843438, 0.13099743568624483, 0.1443989313494275, 0.12493573857821297, 0.16159030332822963], [0.14235761736368907, 0.13582480319767593, 0.14501002132805849, 0.12530670940727343, 0.1581673135333111, 0.14232495251289154, 0.15100858265710057], [0.1459302026689098, 0.15145420800320844, 0.15888973850244076, 0.13439575361237818, 0.13155428609029074, 0.11975947626725228, 0.15801633485551977], [0.14240272235993828, 0.1530940458766296, 0.1516786137564541, 0.14589527915748224, 0.12997166827371576, 0.12344655589627344, 0.15351111467950676], [0.1424154253947865, 0.15271365324720243, 0.1495616072241919, 0.1470421878364745, 0.1303577428602285, 0.1256670634563225, 0.15224231998079377], [0.14774202299291425, 0.16129904551407934, 0.1481740324913673, 0.14765236053295633, 0.12579563778106556, 0.12206309230886542, 0.14727380837875173], [0.1513911919577487, 0.15751140217362478, 0.14976108923404394, 0.1383709515411827, 0.1289395040143026, 0.12512556554321919, 0.14890029553587814], [0.14889378411979629, 0.16666666666666669, 0.14927735573830078, 0.14558968468157266, 0.12438851887650249, 0.11997649899390082, 0.14520749092326038], [0.14564483934932104, 0.1597494355179304, 0.14790917954608346, 0.15294598116898034, 0.12472797161365805, 0.1214089696926595, 0.14761362311136733], [0.13937144224780165, 0.13788637098502549, 0.14080106769744397, 0.12931899967008298, 0.14314887407208055, 0.16666666666666666, 0.14280657866089863], [0.13960644252360752, 0.13806506911605848, 0.14093140554537784, 0.12933915134279825, 0.14322745854292937, 0.16583538475125487, 0.14299508817797357], [0.1448262252712526, 0.15883945959440418, 0.14732559420726712, 0.15498437337587695, 0.12470431764109809, 0.12174413084863822, 0.14757589906146285], [0.1469079572317039, 0.1494742883975882, 0.1595153523952385, 0.13160177607047785, 0.13428173755370784, 0.12266273279481425, 0.15555615555646934], [0.14856420047690155, 0.1622152737890481, 0.15018033946668063, 0.145986199544244, 0.125590677084489, 0.11929297112028664, 0.14817033851835007], [0.14829868843506536, 0.14669111006510793, 0.16129508626752634, 0.1310473000563516, 0.13729678865328837, 0.11864710923633084, 0.15672391728632964], [0.1478874507806597, 0.14812772695616225, 0.16007756575195237, 0.13334973395870364, 0.13595458013907558, 0.11847789794783233, 0.15612504446561415], [0.15029408031192196, 0.14573051021279507, 0.1593847322489903, 0.12947569649102164, 0.13919439262950614, 0.11990560671243976, 0.1560149813933251], [0.15047559676514094, 0.14687074509557765, 0.16039358971222759, 0.12978843773470466, 0.1378850938630571, 0.11908929366068605, 0.1554972431686061], [0.15300341269874124, 0.14414694272530712, 0.15045192593704898, 0.12852379254295257, 0.14366452314610145, 0.12756256650071224, 0.1526468364491364], [0.15604005574999846, 0.15194123966634251, 0.1539646791334186, 0.13510653393502015, 0.13332314885377913, 0.12076933556229484, 0.14885500709914612], [0.15364891690227006, 0.1596942821315615, 0.1506228919425693, 0.14206183388691665, 0.127507191493809, 0.12025994925736418, 0.14620493438550933], [0.15118296345189222, 0.15685879405825412, 0.14904795793291833, 0.14584311912010853, 0.12881554596629277, 0.1217376134729205, 0.14651400599761347], [0.16666666666666669, 0.14133527568007498, 0.14315491170765648, 0.13066449922877946, 0.1414015203048105, 0.13160819146041294, 0.145168934951599], [0.14319383389409765, 0.13559546905422284, 0.14607062964985282, 0.12237286073501287, 0.15839906062732054, 0.13795537194611182, 0.15641277409338142], [0.14166715761780646, 0.13346440125260947, 0.1454402324388381, 0.12054267828096314, 0.16666666666666669, 0.13670413524817185, 0.15551472849494438], [0.14343623176912165, 0.14163682047186976, 0.1574356688186456, 0.12784442548760652, 0.14337628800330854, 0.12376604799165451, 0.16250451745779335], [0.14481287325656939, 0.1435211187197571, 0.1534467681372254, 0.13323642465957597, 0.14122219774509445, 0.12898525640272296, 0.15477536107905487], [0.14770741669795096, 0.1412758192101588, 0.1502219772482204, 0.13112473296687838, 0.1477003351067712, 0.13053717141247922, 0.151432547357541], [0.1539343804092302, 0.14587824220591591, 0.1570635316511324, 0.12740759227230652, 0.14111423568242093, 0.12118934110244453, 0.15341267667654948], [0.1651766661350573, 0.1485688562549004, 0.14975304481710094, 0.1299900025629844, 0.13713074975990625, 0.1249527391299853, 0.14442794134006548], [0.16231463664508355, 0.15071470552902844, 0.15013641248770043, 0.13118872346407287, 0.13512789630090133, 0.12475235645821699, 0.14576526911499643], [0.1606370081322386, 0.14725175606925867, 0.14972631670996892, 0.13056468671943885, 0.14026850527880502, 0.12673681514988103, 0.144814911940409], [0.16079298725593255, 0.14759094962062555, 0.14964717839357922, 0.13057755683416078, 0.13975766526217417, 0.12639860098298014, 0.14523506165054761], [0.16266406535553035, 0.15081940293377366, 0.1503283485368207, 0.13106672698298732, 0.13504340967846432, 0.12433135937443025, 0.14574668713799332], [0.16070190342179605, 0.1526741810608681, 0.15096751581156798, 0.1326529112872768, 0.13354832772645064, 0.12331625856922208, 0.14613890212281833], [0.16666666666666669, 0.14939701477301393, 0.14992144561877843, 0.13025022675663891, 0.13573484994459337, 0.12363951828918976, 0.14439027795111897], [0.1636821851951384, 0.15034553312636992, 0.150484199260088, 0.1308588608748208, 0.13542272101324926, 0.12420892299976516, 0.14499757753056858], [0.16405989319498024, 0.14852992826394953, 0.1498249247174442, 0.1302264259057747, 0.13729996937517885, 0.12558882960184412, 0.14447002894082836], [0.16240950521518982, 0.14699576669270778, 0.14893906512444302, 0.12952316425333274, 0.13935403217774203, 0.12689991595298325, 0.14587855058360127], [0.1466162280425149, 0.14808080888435066, 0.14605019248999593, 0.13589651162668673, 0.13616202595032156, 0.1374762300045962, 0.149718003001534], [0.1626915944615145, 0.14762785952494106, 0.14900682071490323, 0.12968226659646565, 0.13867177127250735, 0.1267187915270212, 0.145600895902647], [0.15975233396384225, 0.1463508562823778, 0.14918780932506476, 0.13007186249374933, 0.14149035554887715, 0.1276931301159571, 0.14545365227013163], [0.16467380452609462, 0.1483194878309379, 0.14964863153538965, 0.13005260940493166, 0.1375397537670808, 0.1251964857561763, 0.14456922717938903], [0.16041097212017041, 0.14738000101736365, 0.14972532651916962, 0.13110886312807496, 0.14007527227555625, 0.1265853454993354, 0.14471421944032992], [0.1614756312713957, 0.14779109030967752, 0.1497901513899571, 0.13101108178061244, 0.13932607644628706, 0.12604680056525921, 0.14455916823681103], [0.1503814368716642, 0.14093149967629962, 0.1455957688115468, 0.12765696435303503, 0.14933670897252094, 0.1385377100493694, 0.14755991126556406], [0.1616473651787329, 0.15190472427697918, 0.15096152633052662, 0.13276490082626982, 0.13413174406147965, 0.1237177551392221, 0.1448719841867896], [0.1600838370908408, 0.15012270898740906, 0.15082697168656273, 0.13173629135818107, 0.13654258159432905, 0.12564675225944816, 0.1450408570232292], [0.16037933648365765, 0.14665240539354313, 0.14933040998560315, 0.1302370579519452, 0.14091545925604823, 0.1272380535528432, 0.1452472773763593], [0.160152074939743, 0.1475066497267738, 0.149480463695618, 0.1304936711837574, 0.13994515480819825, 0.12668398105670328, 0.1457380045892063], [0.16025964356482744, 0.14777195450567499, 0.14936041618254334, 0.13072978695232457, 0.13943876927628054, 0.1263654166327988, 0.14607401288555028], [0.160132283428005, 0.14815099764005388, 0.149732297136056, 0.1309620168789224, 0.13915028921035075, 0.126133511345593, 0.14573860436101907]]