[[0.14093281813195008, 0.13921850574219433, 0.15296046834793578, 0.12948995738737856, 0.1457444226766386, 0.12498716104723606, 0.16666666666666669], [0.14458064464552292, 0.13930978280689277, 0.15354892387006422, 0.1253312720351817, 0.14878728681737363, 0.12663467625381408, 0.1618074135711509], [0.14474285432141043, 0.13966553191703746, 0.1533642599797064, 0.1253901896533394, 0.14808652381112689, 0.12647733884311962, 0.16227330147425972], [0.14270103006044751, 0.13970882407343496, 0.15435411678129954, 0.12625163861878066, 0.14630464793743436, 0.1256765359535168, 0.16500320657508613], [0.14376889460774211, 0.140191300694104, 0.1536746552205169, 0.12644826959360295, 0.14626119159101975, 0.12602266998402475, 0.16363301830898944], [0.14319238159176262, 0.14030169202448095, 0.15362638707849557, 0.12658800527042072, 0.1462371425935475, 0.12721088489889823, 0.1628435065423943], [0.1437367859523039, 0.14042430856524857, 0.15389383247757607, 0.12675952906183688, 0.14574174612536137, 0.12574348216444783, 0.16370031565322543], [0.14372414934238104, 0.14094085134193682, 0.15371722452333586, 0.12764372737043087, 0.1450710342994513, 0.12586852860534753, 0.1630344845171167], [0.1438605067588431, 0.13964425567424746, 0.1551627206787777, 0.12626798269232467, 0.14791620723000656, 0.12619382605156632, 0.16095450091423416], [0.14316674362487522, 0.1408168763801576, 0.15454413344785456, 0.12716286451340136, 0.1445625098339611, 0.12518972043938903, 0.16455715176036118], [0.143708822917729, 0.14092129853889204, 0.15358437188930588, 0.12695978485241763, 0.1454961452044269, 0.12722777100439467, 0.1621018055928338], [0.14280358752352562, 0.1414006730635228, 0.1544761262310704, 0.12845440620444187, 0.14384136493161942, 0.125515876430131, 0.16350796561568892], [0.14396168644074345, 0.1408657229390538, 0.15352713839691404, 0.12679031170190525, 0.1455735439887729, 0.12704249774893953, 0.162239098783671], [0.14350969377446549, 0.1413900144166625, 0.15414591384803955, 0.12799872047666383, 0.14420640024576836, 0.12561504082148492, 0.1631342164169155], [0.14330064284351285, 0.14196610247685118, 0.15391620140507825, 0.12905263967127245, 0.14360150260237725, 0.12614708797910532, 0.1620158230218028], [0.14349346976615204, 0.14153697383671976, 0.15404660449901636, 0.12820420510361757, 0.14408787551381458, 0.12583036737445252, 0.1628005039062272], [0.14276727914776371, 0.14203959954771606, 0.15438056776886203, 0.12961337866385098, 0.1431023265141505, 0.12565563701226903, 0.1624412113453877], [0.14255398163789051, 0.1408305175982802, 0.15444018511333027, 0.13123254906549794, 0.14458921805075906, 0.12494840227584904, 0.16140514625839297], [0.14364162112716933, 0.1412527833162225, 0.15593687633657738, 0.12948147952673464, 0.14445275016172307, 0.12342414814078927, 0.16181034139078362], [0.1432075749953826, 0.14065198247504704, 0.15524568498259503, 0.12652767408554172, 0.1448456334192856, 0.1250361213872067, 0.16448532865494117], [0.1428123748071901, 0.1410639508849661, 0.15517530554932216, 0.12753341707736598, 0.1441552101133598, 0.12514058279537682, 0.16411915877241903], [0.14307561957006615, 0.14044807156304057, 0.15296087620898846, 0.1304235163318784, 0.1433857921924313, 0.12303945746692843, 0.16666666666666666], [0.14250831996108224, 0.1415582256195577, 0.15515087428900634, 0.12870180226620867, 0.14338995016225478, 0.12510566431349093, 0.16358516338839915], [0.1430094451879182, 0.1415765142448585, 0.15478941228473606, 0.12824562499338693, 0.14356217650064676, 0.12529821639321953, 0.16351861039523402], [0.14365737209208176, 0.14073535537118045, 0.1551602647521719, 0.12685222481413477, 0.1446195846948548, 0.12421487801998594, 0.16476032025559037], [0.1430966032587966, 0.14128396884471559, 0.15482999461590968, 0.12776545886166282, 0.143834918324268, 0.12509859753975064, 0.16409045855489668], [0.1430599224090317, 0.14031714235706338, 0.15549351327983255, 0.12606104231753587, 0.14483183965964194, 0.12447520302018746, 0.1657613369567071], [0.14339237962983428, 0.14132409266146084, 0.15468612113950986, 0.1275743229620173, 0.1440465102524428, 0.1252132389031434, 0.1637633344515915], [0.1432384726663921, 0.14201272961996247, 0.15434117379117995, 0.1288442314586056, 0.1434473923845151, 0.125944410598448, 0.16217158948089683], [0.14314655587572075, 0.14092222204648058, 0.15519806758826327, 0.12699971737762014, 0.14409985079838133, 0.12459212132687958, 0.16504146498665428], [0.14294497995028432, 0.14212079984281303, 0.15474413382787935, 0.1292034854836087, 0.14295088183669769, 0.12547350049143988, 0.16256221856727707], [0.14359589278721488, 0.14205132010595448, 0.15440117251401486, 0.1288404184056802, 0.14326584004400914, 0.12527566723088485, 0.16256968891224172], [0.1431167015983791, 0.1415096430594251, 0.15507672756916854, 0.12801571828658317, 0.1436501393821183, 0.12499967617704172, 0.16363139392728407], [0.14366222374108745, 0.14243244774714656, 0.15406422711572804, 0.12921919885613278, 0.14308485184005088, 0.12608834186197415, 0.16144870883787996], [0.14288267904273608, 0.14213226268501558, 0.15516798742064683, 0.12913100547908518, 0.14279968779794028, 0.1250275013178145, 0.16285887625676157], [0.1433395729872848, 0.14095934808951074, 0.15580537072309356, 0.12696249816321373, 0.1439321016841351, 0.12390684290627318, 0.16509426544648884], [0.14335084633473627, 0.14068813834086918, 0.15663929298431514, 0.12809035740206332, 0.14580730885273363, 0.12509383771885638, 0.1603302183664261], [0.14298870482934278, 0.14194964241935432, 0.1552072103772757, 0.1285507353496354, 0.14301866337446398, 0.12515539262032807, 0.16312965102959975], [0.14243128361975238, 0.14216253060505354, 0.15460063104279909, 0.13336227168064488, 0.14188097902258254, 0.1234122569123302, 0.1621500471168375], [0.14243128361975238, 0.14216253060505354, 0.15460063104279909, 0.13336227168064488, 0.14188097902258254, 0.1234122569123302, 0.1621500471168375], [0.14298369068140968, 0.14228655835815376, 0.15513557045201637, 0.1293384729821486, 0.14256101249215478, 0.12497569218959821, 0.16271900284451862], [0.14348086744841845, 0.1423970833417128, 0.15475897231026475, 0.1291025147496287, 0.1427424334537214, 0.1252313633147337, 0.16228676538152004], [0.14341619955634802, 0.14111610240373237, 0.15604221397595316, 0.12678157105398838, 0.14366661847233397, 0.12388310358594622, 0.1650941909516979], [0.14210746566505808, 0.14295456723011418, 0.1555675624546093, 0.13428961419568228, 0.14132347619139268, 0.12369002371275725, 0.1600672905503861], [0.14298397616315622, 0.14231627957109524, 0.15544674890865884, 0.12919473197988354, 0.14249109749957722, 0.12493978299079575, 0.16262738288683332], [0.14281523638220997, 0.14157682895304025, 0.15750426292030376, 0.1289365151148026, 0.14373508648260327, 0.12441592636997129, 0.16101614377706883], [0.14332780691891914, 0.14196495040349089, 0.1567230551088054, 0.12820286870650557, 0.1425077877041964, 0.12344897521958398, 0.1638245559384988], [0.14251413737968555, 0.143139954062112, 0.15550547119717403, 0.13471894315802546, 0.14101318041827882, 0.12326099958103393, 0.15984731420369017], [0.1419976004989873, 0.1443741293121315, 0.15589528648132167, 0.13618252350659552, 0.1397007082967623, 0.12341627674523638, 0.15843347515896516], [0.14326200877686446, 0.14156793125208755, 0.1577109012660019, 0.128288636476751, 0.1436780060450502, 0.12407892692464241, 0.16141358925860244], [0.14211881628910425, 0.1439520957736792, 0.15534152255566122, 0.13629609459166758, 0.13982133602865726, 0.12324412398404028, 0.1592260107771903], [0.14297051983601047, 0.14267761081329638, 0.15810044806800325, 0.12944187047686323, 0.14164795432963978, 0.12334436455203386, 0.16181723192415298], [0.14545167403906947, 0.143959417332532, 0.1587588800072254, 0.12865370129546383, 0.14043445723008188, 0.12198575479840887, 0.16075611529721845], [0.14506942748308266, 0.14434727424043423, 0.15875904504174257, 0.12908824961728013, 0.13992547708740752, 0.12218396826560841, 0.16062655826444444], [0.14560603518308965, 0.14440858349563257, 0.15851444907558407, 0.12888151703988648, 0.13998187841574278, 0.12202828966991801, 0.1605792471201463], [0.14560718198713862, 0.14608060446554857, 0.15508338532045404, 0.13195282067002181, 0.13908251075115602, 0.12473963803815939, 0.15745385876752158], [0.14328286927481915, 0.14099862702377183, 0.15459424946103423, 0.12737949959555725, 0.14448937487997718, 0.125490037262612, 0.16376534250222846], [0.14315696333713454, 0.141166815639127, 0.1547748544476093, 0.12745338910526097, 0.14414866429096032, 0.12529406218914096, 0.16400525099076685], [0.14362979761111944, 0.1398121879415742, 0.1534481196057337, 0.1263859364914939, 0.1470207780988082, 0.1263917883727548, 0.1633113918785157], [0.14319288805816138, 0.13999743968956654, 0.1544370902324496, 0.12641092340256466, 0.14586137636907692, 0.12522155560427656, 0.16487872664390432], [0.14399749962114428, 0.14160200611274268, 0.15589267765433726, 0.12890389703158653, 0.14379231228609757, 0.12305394554590549, 0.16275766174818623], [0.14373653538248807, 0.14034159151306544, 0.15587392680547854, 0.12833030710785343, 0.14720970011277626, 0.12437627594487322, 0.16013166313346522], [0.14184322338803762, 0.14243215228183523, 0.15585956993220723, 0.13306923691995445, 0.1419405619174481, 0.12387082346525012, 0.16098443209526742], [0.14237982773527946, 0.14235328433964953, 0.15481885633549544, 0.13407584217961693, 0.14212193586454597, 0.12399649776460685, 0.1602537557808057], [0.14241072664312804, 0.14317582312264338, 0.15645664778500454, 0.13341912308241763, 0.14118624329811563, 0.12318157141823949, 0.1601698646504514], [0.14321975310407947, 0.1427856956737885, 0.15712588305321962, 0.13185810085218133, 0.14193615972213663, 0.12267006598638079, 0.1604043416082136], [0.1423700883941048, 0.14455987182711463, 0.1565307442239211, 0.13533698705120453, 0.13976115908003994, 0.12332454888677244, 0.15811660053684268], [0.14250254501335344, 0.14467049801465626, 0.15651095832112788, 0.13533138341869458, 0.13966777857416737, 0.1232304468655917, 0.1580863897924087], [0.142522576817929, 0.1445724243788158, 0.15693020227248125, 0.1349713251418543, 0.13975794616430956, 0.12317318258245581, 0.1580723426421544], [0.14215241018726105, 0.1449408358878974, 0.1563536454565838, 0.13654980313149986, 0.13850521322832626, 0.12235806926414694, 0.15914002284428466], [0.14395545918579522, 0.1365524614054218, 0.15061869255464305, 0.1231629969867379, 0.1519618327038758, 0.12708189049685964, 0.16666666666666669], [0.14246441723163908, 0.13942723135594476, 0.1545783243448186, 0.12724183179688447, 0.147827849395159, 0.12682300070389613, 0.16163734517165795], [0.1437899523135803, 0.13983721532391694, 0.15306299395077874, 0.1257853981724818, 0.14741491499393616, 0.1275710792708069, 0.1625384459744992], [0.14388959706157634, 0.13949771431119923, 0.15364364970356134, 0.12514392259361357, 0.14777446078962242, 0.12680514522040812, 0.16324551032001902], [0.14370455941553578, 0.14001373603395398, 0.15321811458105364, 0.12589475246209497, 0.1470058561428572, 0.1275554150641521, 0.16260756630035247], [0.14366075563781897, 0.14012318779388339, 0.15333186044977729, 0.1260935939324858, 0.14669331734961372, 0.12723566803803688, 0.1628616167983839], [0.14313906917524363, 0.13910845539983924, 0.15434481885094462, 0.12508526360723704, 0.14817773273817272, 0.12678657713227842, 0.16335808309628438], [0.1432396922473385, 0.13989057659881032, 0.1538873779674755, 0.12588328986475297, 0.1466727732564945, 0.1266284601592403, 0.1637978299058879], [0.1450734968052607, 0.13988524425672558, 0.15387045473469904, 0.12587536413438233, 0.1477002452281204, 0.12576882929147737, 0.16182636554933447], [0.14349446732666182, 0.14008160670511144, 0.1535956195027513, 0.12584395605236248, 0.14705396916046617, 0.127885460227087, 0.16204492102555976], [0.14348086239594515, 0.13990064389944265, 0.1537156878996067, 0.12561070496314455, 0.14762156722079928, 0.12830141927098282, 0.16136911435007875], [0.14443210163966058, 0.14011114562689564, 0.15338451989223345, 0.1256719015570904, 0.1470148181825378, 0.12686924638049743, 0.16251626672108463], [0.14350516167285338, 0.13975924704821244, 0.15420146510907826, 0.12565436064253457, 0.1466732422900895, 0.12601987034982076, 0.164186652887411], [0.14343632051163543, 0.13989061065973832, 0.15405004878003745, 0.12554594996214624, 0.14661256983850643, 0.12657178946482484, 0.16389271078311116], [0.14401764324681995, 0.13584990938844652, 0.15033877575309904, 0.11962235050877994, 0.15329292972740746, 0.13021172470878048, 0.16666666666666666], [0.14360665521896032, 0.1399085220703992, 0.15469370454805345, 0.1257627310707242, 0.14620711548828896, 0.12494962348514417, 0.16487164811842964], [0.14471877914450926, 0.14066866215708895, 0.15372338900700272, 0.12645504949600148, 0.14600246755331842, 0.12568977518915161, 0.16274187745292756], [0.14358346363393223, 0.1395196764408521, 0.15458703364279708, 0.12494429711168703, 0.14712997163940594, 0.1260765517841279, 0.16415900574719783], [0.14342980645713416, 0.14020434239708446, 0.1542036218618295, 0.12600577415349448, 0.14599439483299043, 0.1260896149909716, 0.1640724453064953], [0.14384641309193014, 0.14114187001944148, 0.15328065855316442, 0.1272700214585093, 0.14559312596320506, 0.1278573609944005, 0.16101054991934924], [0.14169874470364174, 0.14157256361579187, 0.15579742472548144, 0.12998270249636543, 0.14336280760242323, 0.12541475133618357, 0.16217100552011277], [0.14386223722481117, 0.14110239082618645, 0.1544659653971638, 0.1270539977924754, 0.14470952093411993, 0.12526890660910042, 0.16353698121614282], [0.14518583230108487, 0.14194694315224793, 0.15473608358257646, 0.12793025302924046, 0.14396923062529945, 0.12394557306280259, 0.16228608424674834], [0.14476317692725632, 0.14100351292218508, 0.15476236299831686, 0.1262968850114599, 0.14500418696716896, 0.12462296099219478, 0.16354691418141806], [0.1440321644033507, 0.1415891410661519, 0.15399781070027957, 0.12738977437295437, 0.1444487162421604, 0.12660485354375492, 0.16193753967134827], [0.14315706021994787, 0.1406646234808775, 0.15666801572064346, 0.12678269880172183, 0.14480429233881534, 0.12427720913357271, 0.16364610030442125], [0.14201781335317543, 0.1422535955152954, 0.1564894938529105, 0.13050913055094224, 0.14233076346284051, 0.12464299149523879, 0.16175621176959712], [0.14370892094014, 0.14424459480467988, 0.15399136254811002, 0.1318909360832491, 0.1409707784981115, 0.12628827603002754, 0.15890513109568183], [0.14509253571897698, 0.1432169733429249, 0.15561190405585398, 0.12767395056214031, 0.14235405955377092, 0.12576026765717238, 0.1602903091091605], [0.14471967659102453, 0.1431290289662887, 0.15743912107313582, 0.1277996632495542, 0.14172342165443622, 0.12337452496016213, 0.1618145635053984], [0.14533915741781894, 0.1441141848220614, 0.15642789600196383, 0.12892252965930331, 0.14099168298535245, 0.12400668446551229, 0.16019786464798783], [0.14422135104280187, 0.14572379297367946, 0.1572653278642386, 0.13128832097640228, 0.1389783200890882, 0.12468738240660973, 0.1578355046471798], [0.14560956170898642, 0.14713973152314963, 0.15487542469121493, 0.13449408151682174, 0.1378334905987865, 0.12357248776026064, 0.15647522220078022], [0.13914911311096145, 0.1449982901889909, 0.15089505919236737, 0.1430840083254527, 0.13332171934994405, 0.12188514316561672, 0.16666666666666666], [0.1412006762799049, 0.14551474730018288, 0.15519082650389643, 0.13805052498731665, 0.13402958976342305, 0.11934696849860942, 0.16666666666666669], [0.1418078736672147, 0.15419277987893654, 0.14569500575149313, 0.1568409382283591, 0.1274544161771888, 0.12823903836841902, 0.14576994792838863], [0.14153623933046472, 0.14755917655210596, 0.14482264398732422, 0.1505145818493233, 0.13492881248544464, 0.13431919953674568, 0.14631934625859147], [0.14013778268948449, 0.14830078264368984, 0.1432878891632439, 0.1583206856215035, 0.13056179414204397, 0.13097129234312346, 0.14841977339691081], [0.14976089489226957, 0.15837584733067397, 0.14922183464698902, 0.14743011349586152, 0.12688214789510752, 0.1205857449641427, 0.14774341677495567], [0.1510138725387253, 0.15682753663652166, 0.1487805205106644, 0.1453539904119647, 0.12986195069301637, 0.12337869010838262, 0.1447834391007249], [0.14158136761896595, 0.15184292183443043, 0.14426117658954193, 0.1598809197136747, 0.1286146009650699, 0.12792309632496665, 0.14589591695335033], [0.141329375685513, 0.15122728320458984, 0.14407778929376697, 0.15962174245664654, 0.1290790639617636, 0.12864963110914712, 0.14601511428857297], [0.14046091112789758, 0.1519288436891806, 0.1436608956947289, 0.16666666666666666, 0.12559900257238135, 0.12430055843704951, 0.1473831218120953], [0.14276501403536349, 0.1394781262114011, 0.15416042194114332, 0.12640789613836403, 0.1470154794584128, 0.12598903096599962, 0.16418403124931577], [0.1418679520215417, 0.13996279470240489, 0.15416644665554835, 0.12789305241504442, 0.14602604967797445, 0.12632764393525037, 0.16375606059223588], [0.1425205444051179, 0.13951327024928017, 0.1543054244112934, 0.1267808433898277, 0.1470467279337579, 0.12601065341998657, 0.16382253619073622], [0.14219242367254242, 0.1395387425290495, 0.1543555847321304, 0.12688293257266156, 0.14688213912696463, 0.12627325015089713, 0.16387492721575442], [0.14339929112195915, 0.13861170211046445, 0.15382717571937804, 0.1248961741089275, 0.15028013466357104, 0.12820060216296708, 0.16078492011273268], [0.1430228897625128, 0.13925024617760642, 0.15418046270723726, 0.12532523763267545, 0.1477068792091633, 0.1267377976707992, 0.1637764868400056], [0.14350680307891897, 0.13907980972837514, 0.15420974241826324, 0.12493294907182628, 0.14844864494213766, 0.12676148978656182, 0.1630605609739169], [0.142334081828362, 0.13988336986760724, 0.1548890537730722, 0.12687197437765335, 0.1459314406706796, 0.12551069046906144, 0.16457938901356423], [0.14347753949366496, 0.14014726076906364, 0.15379079279980765, 0.12602323745675711, 0.14645849959214605, 0.1269286156914518, 0.16317405419710873], [0.1435952058799477, 0.13989333498205134, 0.15426491706014603, 0.12560821730475816, 0.14643676873263517, 0.12574010270793268, 0.16446145333252885], [0.14388796164556392, 0.13931183677818296, 0.1544920951451591, 0.12463500449341886, 0.14810824409820325, 0.1265664367697744, 0.16299842106969742], [0.14276404301807225, 0.14062481173531696, 0.1549119159455673, 0.12749353750419237, 0.14453069841538843, 0.12464168053761882, 0.16503331284384398], [0.1423794912041069, 0.14059528984875577, 0.15530295399726018, 0.1273192521675997, 0.144771483248949, 0.1253860395772428, 0.16424548995608576], [0.1426196132602017, 0.14108659867741785, 0.1551668817836968, 0.12792163570125523, 0.1438827254153518, 0.12478113312585999, 0.16454141203621667], [0.14590512617170778, 0.14719746229052816, 0.16287305657230278, 0.13201969733586166, 0.1355809483646535, 0.11955949204601105, 0.15686421721893515], [0.14730013782092843, 0.14712466761931778, 0.16666666666666669, 0.12969249140972974, 0.13629197383189928, 0.11951040848860107, 0.15341365416285707], [0.14776100354736324, 0.15269068432447314, 0.1574627109892579, 0.1378101049350143, 0.13030157205411844, 0.11898057827346557, 0.15499334587630736], [0.14729098549971498, 0.15736710530104567, 0.15417926618336877, 0.14349760333411732, 0.12693941238228656, 0.11801255253986496, 0.15271307475960183], [0.14257454836138975, 0.1533867658419649, 0.14556059839028748, 0.1583927637688294, 0.12645647798991502, 0.12446972761385906, 0.14915911803375442], [0.1424520699447769, 0.13932948995562872, 0.15362535168990699, 0.12686954067685832, 0.14759055657572256, 0.12674854386687678, 0.16338444729022977], [0.14247102195541977, 0.138978939598133, 0.15415480339238427, 0.12671332570208135, 0.14896965222024958, 0.12753792146893914, 0.16117433566279288], [0.14296358383177496, 0.1396414824228043, 0.153653981996585, 0.12658110650085824, 0.14690300942271087, 0.12612739421554978, 0.16412944160971668], [0.14204072542457988, 0.13988999333688737, 0.1546083212266805, 0.12755243265214067, 0.14613512150620708, 0.12601793727220328, 0.16375546858130138], [0.14286956540680049, 0.1408252677194085, 0.15380242728339028, 0.12821610479095485, 0.14486064605030416, 0.12586457967356382, 0.16356140907557792], [0.14323686354495152, 0.1402596273333783, 0.1537670932819175, 0.12646527146107067, 0.1461291617970024, 0.12669072042643273, 0.16345126215524683], [0.1439973717371023, 0.14068448923584517, 0.15284183255245684, 0.12684518427592678, 0.14629230722328798, 0.12786162420408795, 0.161477190771293], [0.14370130006235168, 0.1403854649068769, 0.15334856409584285, 0.12637770116081098, 0.1464049480745257, 0.12733701270559908, 0.1624450089939927], [0.14327519047024637, 0.13944644704499948, 0.15461125143423254, 0.12504747820730727, 0.14727871003904436, 0.12633285697781477, 0.16400806582635516], [0.14298559581983533, 0.14051381971054827, 0.15469288383947033, 0.12723984834333546, 0.14498488125849562, 0.12493391078925682, 0.1646490602390583], [0.14326961574598154, 0.14067004111004286, 0.15420208735796195, 0.12675698273219518, 0.14531187364454615, 0.12633578040021698, 0.1634536190090551], [0.14341938324026332, 0.14016543336814943, 0.15462559424677708, 0.12564682332612853, 0.146233992773826, 0.12644894764043915, 0.16345982540441653], [0.14397937501393018, 0.14279408929599852, 0.15663033784314492, 0.12851319718325774, 0.14176881458521162, 0.12362194445432026, 0.16269224162413673], [0.1421335965158982, 0.1411402925988268, 0.15527712096231558, 0.12857763038920061, 0.14391905495595853, 0.12542994171894106, 0.1635223628588593], [0.14424391343773765, 0.14129748718163437, 0.15526336654259393, 0.12849201227351217, 0.14445419765582113, 0.12341526290814714, 0.16283376000055366], [0.1432198876528781, 0.14004200713901344, 0.1550826894639539, 0.1259060681799292, 0.14547268304018554, 0.12466807258488978, 0.16560859193914998], [0.14288360114370108, 0.14015751729828627, 0.15518687888094443, 0.1261219901404013, 0.14474783127878826, 0.12423551459121202, 0.16666666666666666], [0.14251744469582786, 0.14212042983643122, 0.15398294144255828, 0.1298671900157541, 0.14356497808218144, 0.12712317802346582, 0.16082383790378119], [0.1432498237318915, 0.14027426044895716, 0.15570125627981457, 0.12580984973367396, 0.14562918729356297, 0.12542057344501342, 0.1639150490670865], [0.14257963372552185, 0.1417233479654563, 0.1545745025656558, 0.13284861859391298, 0.1429445447653369, 0.12392597483122135, 0.161403377552895], [0.14438892329546196, 0.14273022739032767, 0.15500051655666136, 0.13118493731539502, 0.14270360029909415, 0.12331764085130342, 0.16067415429175647], [0.1436694114179015, 0.14030217461639488, 0.15535936823413102, 0.12592138680484755, 0.1453602156500577, 0.12464855803611675, 0.1647388852405506], [0.1423724617420417, 0.14157415398357162, 0.15577520696262281, 0.1286562425153275, 0.14320820998454736, 0.12479812045785091, 0.16361560435403807], [0.14368668174700008, 0.1416885323562118, 0.15543782645471424, 0.12770689675320793, 0.14326728201112263, 0.12415038504740983, 0.16406239563033362], [0.14365507044938922, 0.1411599336905994, 0.15650171693412648, 0.12695573756981063, 0.14373291880999856, 0.12344123639805833, 0.16455338614801748], [0.14251379260859567, 0.14267553976869737, 0.15526546058926144, 0.13375638522195785, 0.1414633048835452, 0.12324181751775343, 0.16108369941018877], [0.14322840743342763, 0.14103088549819842, 0.1574076445372963, 0.127415105017592, 0.14459552770931114, 0.12454981728581929, 0.16177261251835529], [0.14328195809316358, 0.1411279222982359, 0.15768554873233345, 0.1274551032682134, 0.1446004648147026, 0.12472591045351136, 0.1611230923398398], [0.1431678229382268, 0.14192024936356362, 0.15814335245313146, 0.12829621165009725, 0.14300028283970995, 0.12380845818561916, 0.16166362256965167], [0.14410427246448482, 0.14219440015483875, 0.15598139292411475, 0.13013135664657563, 0.14326508269119267, 0.12304369937756575, 0.16127979574122753], [0.1424940394165958, 0.1410091664889877, 0.15496965364510124, 0.13122512261590122, 0.14454107268932817, 0.12520211905872813, 0.16055882608535774], [0.14235761736368907, 0.13582480319767593, 0.14501002132805849, 0.12530670940727343, 0.1581673135333111, 0.14232495251289154, 0.15100858265710057], [0.14680306057065662, 0.15209454450179533, 0.15921709196059045, 0.1357541299227784, 0.1330322680084493, 0.12173393593372676, 0.15136496910200323], [0.1428975634213357, 0.15337084712513163, 0.1519842814548552, 0.14631889270158732, 0.13072002936963656, 0.12432799072059447, 0.1503803952068591], [0.14308810321740345, 0.153100680145361, 0.15003606517100385, 0.1475865291154008, 0.13136487513580403, 0.12680430519609576, 0.14801944201893105], [0.14810556279406178, 0.1614021567778942, 0.14852927344948938, 0.1480176227376231, 0.12658076462254866, 0.12291992083531181, 0.144444698783071], [0.15198327243260082, 0.1578662620684385, 0.1504163528186259, 0.13946769915570997, 0.13040181643363413, 0.12673570698548103, 0.14312889010550958], [0.1489233276187893, 0.16666666666666669, 0.14930626163404093, 0.14562472051745412, 0.12445879697648833, 0.12005411110425979, 0.14496611548230093], [0.14564483934932104, 0.1597494355179304, 0.14790917954608346, 0.15294598116898034, 0.12472797161365805, 0.1214089696926595, 0.14761362311136733], [0.13937144224780165, 0.13788637098502549, 0.14080106769744397, 0.12931899967008298, 0.14314887407208055, 0.16666666666666666, 0.14280657866089863], [0.13960644252360752, 0.13806506911605848, 0.14093140554537784, 0.12933915134279825, 0.14322745854292937, 0.16583538475125487, 0.14299508817797357], [0.1448262252712526, 0.15883945959440418, 0.14732559420726712, 0.15498437337587695, 0.12470431764109809, 0.12174413084863822, 0.14757589906146285], [0.14759908902718713, 0.15007565354751595, 0.15976549528482076, 0.13282829650066763, 0.1354145167100646, 0.12420192835438673, 0.15011502057535733], [0.14880769655949289, 0.1622751494278927, 0.15040209688069447, 0.14626437229030417, 0.12614318978894454, 0.11993019420152287, 0.1461773008511484], [0.1484889174840295, 0.14689798809419372, 0.16135071735647247, 0.13141619412566882, 0.13760095952567467, 0.11914442661260781, 0.15510079680135294], [0.14804470978516324, 0.14828297386429312, 0.1601327435323619, 0.13362873323655255, 0.13621176617830488, 0.11888143544604174, 0.15481763795728268], [0.15051741215736814, 0.14601609187693074, 0.15948406217870825, 0.1299830035116289, 0.13956913083679884, 0.12054345546695684, 0.15388684397160826], [0.15058617585440726, 0.14700594400410144, 0.16043643253489084, 0.13004030255857693, 0.1380816614850631, 0.11941422972783193, 0.15443525383512857], [0.15305204318758617, 0.1442270953146165, 0.1505096377215204, 0.1286595513174686, 0.14374639277148588, 0.127701746487513, 0.15210353319980943], [0.15604005574999846, 0.15194123966634251, 0.1539646791334186, 0.13510653393502015, 0.13332314885377913, 0.12076933556229484, 0.14885500709914612], [0.15364891690227006, 0.1596942821315615, 0.1506228919425693, 0.14206183388691665, 0.127507191493809, 0.12025994925736418, 0.14620493438550933], [0.15118296345189222, 0.15685879405825412, 0.14904795793291833, 0.14584311912010853, 0.12881554596629277, 0.1217376134729205, 0.14651400599761347], [0.15108909035053067, 0.14370288573780002, 0.14535244865085808, 0.1340294582936394, 0.14376293877835145, 0.1348849478987296, 0.1471782302900907], [0.14319383389409765, 0.13559546905422284, 0.14607062964985282, 0.12237286073501287, 0.15839906062732054, 0.13795537194611182, 0.15641277409338142], [0.14166715761780646, 0.13346440125260947, 0.1454402324388381, 0.12054267828096314, 0.16666666666666669, 0.13670413524817185, 0.15551472849494438], [0.14336231957986537, 0.14155718310230844, 0.15740629858675037, 0.12772090490566154, 0.14330218509119308, 0.12362955125103368, 0.16302155748318733], [0.14481287325656939, 0.1435211187197571, 0.1534467681372254, 0.13323642465957597, 0.14122219774509445, 0.12898525640272296, 0.15477536107905487], [0.14781659747070586, 0.14142203767084568, 0.1503166774025716, 0.13132940856285127, 0.1478095566603375, 0.13074523060351292, 0.1505604916291751], [0.15396402684008126, 0.14592664691311588, 0.15708589202478682, 0.12749900487572866, 0.1411737331177545, 0.1212952325629701, 0.1530554636655629], [0.16517759805504328, 0.14858017552014066, 0.14976362343227773, 0.13001294196171115, 0.13714922298235552, 0.12497882908226442, 0.14433760896620734], [0.16238058680120432, 0.15095643969038355, 0.1503869100344573, 0.13172635208369432, 0.1356058311540995, 0.12538752103388234, 0.14355635920227863], [0.1606370081322386, 0.14725175606925867, 0.14972631670996892, 0.13056468671943885, 0.14026850527880502, 0.12673681514988103, 0.144814911940409], [0.16081419849811834, 0.14765983653559606, 0.14970863978130475, 0.13070788312461643, 0.13985484001514512, 0.12654401846899563, 0.14471058357622377], [0.16273226094271154, 0.1510894057073381, 0.15060671780515564, 0.1316732722273482, 0.13558220093226492, 0.12505266057703973, 0.14326348180814197], [0.16083894698502002, 0.15299566575473716, 0.15132821203444377, 0.13343439515251287, 0.13430923892947763, 0.1243122569264067, 0.14278128421740197], [0.16666666666666669, 0.14950938627704688, 0.15003040471570186, 0.1304871840589293, 0.13593611947735146, 0.12391949065963469, 0.14345074814466924], [0.16371756157714798, 0.15053899475796617, 0.1506760172205256, 0.1312833066717545, 0.13579306935263952, 0.12471219345848757, 0.14327885696147874], [0.16405989319498024, 0.14852992826394953, 0.1498249247174442, 0.1302264259057747, 0.13729996937517885, 0.12558882960184412, 0.14447002894082836], [0.16240950521518982, 0.14699576669270778, 0.14893906512444302, 0.12952316425333274, 0.13935403217774203, 0.12689991595298325, 0.14587855058360127], [0.14726062823329378, 0.14867813897399204, 0.1467127844732272, 0.13688543232561717, 0.13714241329574228, 0.1384143802020337, 0.14490622249609397], [0.1626915944615145, 0.14762785952494106, 0.14900682071490323, 0.12968226659646565, 0.13867177127250735, 0.1267187915270212, 0.145600895902647], [0.15975233396384225, 0.1463508562823778, 0.14918780932506476, 0.13007186249374933, 0.14149035554887715, 0.1276931301159571, 0.14545365227013163], [0.16467380452609462, 0.1483194878309379, 0.14964863153538965, 0.13005260940493166, 0.1375397537670808, 0.1251964857561763, 0.14456922717938903], [0.16041097212017041, 0.14738000101736365, 0.14972532651916962, 0.13110886312807496, 0.14007527227555625, 0.1265853454993354, 0.14471421944032992], [0.1614756312713957, 0.14779109030967752, 0.1497901513899571, 0.13101108178061244, 0.13932607644628706, 0.12604680056525921, 0.14455916823681103], [0.1503814368716642, 0.14093149967629962, 0.1455957688115468, 0.12765696435303503, 0.14933670897252094, 0.1385377100493694, 0.14755991126556406], [0.16170709019453777, 0.15208037765118945, 0.1511484028823831, 0.13316830028444082, 0.13451887935739185, 0.12422880721010156, 0.14314814241995555], [0.1601751161456481, 0.1503521113746864, 0.15104660860250677, 0.13222064411340528, 0.13696028920481243, 0.12621554398832976, 0.14302968657061121], [0.16037933648365765, 0.14665240539354313, 0.14933040998560315, 0.1302370579519452, 0.14091545925604823, 0.1272380535528432, 0.1452472773763593], [0.16019327014372386, 0.14762780863268857, 0.1495891411333955, 0.13072241213790783, 0.14011412903986606, 0.1269368126935037, 0.14481642621891455], [0.1603192818440368, 0.14794783152399169, 0.14952150737607173, 0.1310642970098428, 0.13969221380442426, 0.12674055141283663, 0.14471431702879609], [0.16019852177433402, 0.14833868900321753, 0.14990395903479425, 0.13132395110772674, 0.13942921979539627, 0.12654439162027295, 0.14426126766425837]]