[[0.16666666666666666, 0.14931795843128734, 0.14252894729466412, 0.127014530778344, 0.12221191387603941, 0.14435130638158006, 0.1479086765714184], [0.16666666666666669, 0.15337181884787457, 0.13964841899341665, 0.12171770111121323, 0.12313504989548038, 0.14722425814090898, 0.14823608634443958], [0.16382002377259397, 0.15393903153910982, 0.1409093919234007, 0.12227337597748687, 0.12344261651099554, 0.1466835251169132, 0.1489320351594999], [0.16405338629811184, 0.15248568183502953, 0.1426544823366572, 0.1233431183502544, 0.12272662767069988, 0.14483926867029856, 0.14989743483894863], [0.163582388772077, 0.1532923220853945, 0.14252967939032793, 0.12348424706169286, 0.12302728153690749, 0.14475734528434894, 0.14932673586925138], [0.16264128975780962, 0.15231459131132094, 0.1433915523417889, 0.12307367748619556, 0.12375117478672915, 0.14444576429977585, 0.15038195001638005], [0.1638299590934504, 0.15330017237142615, 0.14277613504252318, 0.1238005220385034, 0.12270913799378041, 0.14419021949226793, 0.14939385396804852], [0.16360615354316166, 0.15305757999948164, 0.1435426340606556, 0.12450785464209657, 0.12259000138980154, 0.14333561518923538, 0.14936016117556752], [0.16666666666666666, 0.1524550267185116, 0.14002519141210398, 0.12270465919829658, 0.122623961648918, 0.14626234264677146, 0.14926215170873158], [0.16515199971067251, 0.15280068927721974, 0.14393173860137207, 0.12363053760409318, 0.12148096013560568, 0.14258601380745697, 0.15041806086357995], [0.16232461163680195, 0.1527101226544006, 0.14387025524849986, 0.12336216774005072, 0.12365443460917752, 0.14357800339096038, 0.1505004047201089], [0.16447036879196403, 0.15210077646978767, 0.14513810967145324, 0.12472497051691535, 0.12149964646043927, 0.1416136638262792, 0.15045246426316128], [0.16255466780834105, 0.15306396485007948, 0.1434469419008689, 0.12337609172118429, 0.12364986997847459, 0.14376754740342038, 0.15014091633763113], [0.16388907164508218, 0.152827908053678, 0.1445867206494502, 0.12442503628513447, 0.12182105741210922, 0.14213062671873644, 0.15031957923580938], [0.16310373564108518, 0.15220182309705352, 0.1457480672850488, 0.12525182780770877, 0.12205267672659192, 0.14127082024227453, 0.1503710492002373], [0.16381635166751185, 0.15272392387551442, 0.14479323246957843, 0.12457211212406498, 0.12197410779192358, 0.14195571169744967, 0.1501645603739571], [0.16336122517081683, 0.15177891496927307, 0.14617822318968945, 0.12589764626581595, 0.1215430192183491, 0.14073927624621294, 0.15050169493984256], [0.164332999347018, 0.1498855834702977, 0.14213227046733787, 0.12917639540637654, 0.12252759521794887, 0.14330811865196474, 0.1486370374390562], [0.16666666666666663, 0.1523740283196293, 0.14277527740685433, 0.12623628977920492, 0.11965032881726499, 0.1425141186893831, 0.14978329032099658], [0.16390223976949939, 0.1530393248465549, 0.1438632359677934, 0.12319472920139071, 0.12157932528966738, 0.1430337219473732, 0.15138742297772106], [0.1641536719381854, 0.1524235502267892, 0.14474292742313855, 0.12388896481253879, 0.12127328754127907, 0.14205873385132484, 0.15145886420674406], [0.16666666666666669, 0.15073537428132108, 0.14137444488837886, 0.12944704455433173, 0.12186404257823485, 0.14275855320601027, 0.14715387382505668], [0.16426081945584087, 0.15191563209696776, 0.14561471533438147, 0.12497738212058256, 0.1210284566932073, 0.14110646322658138, 0.15109653107243876], [0.16456125340308442, 0.15240230852892622, 0.14522788934125055, 0.12445956930403557, 0.12122171951296036, 0.14128543223154338, 0.15084182767819954], [0.16456167131068594, 0.15372022227022988, 0.14321118931325977, 0.12401605888372245, 0.12119084173961489, 0.1430490695791322, 0.15025094690335486], [0.16543000382827458, 0.15265828413983817, 0.14446992576292714, 0.1240956665837398, 0.12117722368794688, 0.14168105785344634, 0.15048783814382694], [0.16484607808199878, 0.15323895175757535, 0.14323286292828777, 0.12308152721020539, 0.12137932393077357, 0.14322966759662895, 0.15099158849453034], [0.16489961909030085, 0.15295743883563967, 0.1445132831930119, 0.12383460661522677, 0.12124765263364302, 0.14188258349101995, 0.15066481614115787], [0.16376616423121082, 0.15220265981737213, 0.14586780716083295, 0.12476722266559839, 0.12155482026276718, 0.14094450792203073, 0.15089681794018778], [0.16666666666666666, 0.1529705339652448, 0.1438000236374887, 0.12328738060972969, 0.12065446329023553, 0.14198787541878785, 0.1506330564118468], [0.16338162887431443, 0.15206754410790188, 0.1462130576848701, 0.12537915795798582, 0.12126840753626071, 0.14052992008564338, 0.15116028375302365], [0.16369132756531754, 0.15285894261550162, 0.14540651942619093, 0.1252550132376293, 0.12135237295480654, 0.1410477653322203, 0.15038805886833376], [0.16446508948089408, 0.15274414993779012, 0.14496546003468033, 0.1242882199919379, 0.12098131071636106, 0.14143042499482475, 0.15112534484351156], [0.16286024637683774, 0.15245431063501705, 0.14613591447593108, 0.12530914567032653, 0.12185138226353004, 0.1406225718627659, 0.15076642871559168], [0.16371235729552436, 0.1521776470109786, 0.146285773551969, 0.1253019324683308, 0.12077982326491318, 0.14036497899721395, 0.15137748741107018], [0.16499046491593383, 0.1535004894482071, 0.14373105786120083, 0.12396733340249577, 0.12068116857209081, 0.1422170735031518, 0.15091241229692007], [0.16666666666666666, 0.15191127246884215, 0.14163189849395177, 0.12440353789467265, 0.12112063448443396, 0.1438137358861612, 0.1504522541052716], [0.16414218091454022, 0.15238005000841864, 0.14580932321803614, 0.12469494861665961, 0.1209561348767484, 0.1406264443152723, 0.15139091805032465], [0.16536318512585396, 0.1498099481016255, 0.14394810447884315, 0.13126727002949018, 0.1206913529627737, 0.14032184376247184, 0.1485982955389416], [0.16536318512585396, 0.1498099481016255, 0.14394810447884315, 0.13126727002949018, 0.1206913529627737, 0.14032184376247184, 0.1485982955389416], [0.16382343895093168, 0.15228250944853272, 0.14617656160561826, 0.12564352655488745, 0.12084889413194211, 0.14017490451378115, 0.15105016479430683], [0.1634355612742223, 0.15271052559654216, 0.14607975304173745, 0.12534845742094705, 0.12109043383074025, 0.14035151183183833, 0.15098375700397235], [0.1652658237594878, 0.1536098790073078, 0.14393676193277352, 0.12357604605529346, 0.12044463167352346, 0.1418181277435143, 0.15134872982809952], [0.16460976871907215, 0.14949955168147158, 0.14571347360481657, 0.13143419239718973, 0.11989979471564269, 0.13908839013495508, 0.1497548287468523], [0.16327643446850432, 0.15230039379556531, 0.14627927298058505, 0.1254716193573394, 0.12079390985636528, 0.14008907669452583, 0.1517892928471149], [0.16356669777512128, 0.1519190137686335, 0.14411479612403727, 0.12574987930601347, 0.120847487960912, 0.14179831730567044, 0.15200380775961214], [0.16386843201465845, 0.15337133318769278, 0.14513705393793686, 0.12510695780332307, 0.11997042839745316, 0.1405632647825118, 0.15198252987642397], [0.1647163936938352, 0.14949021970396245, 0.1451207754832786, 0.1322014004644988, 0.1198405486684821, 0.13899163585186716, 0.14963902613407576], [0.16431913242375457, 0.14904192484609968, 0.14843559217268318, 0.13265002002806595, 0.1184044201861407, 0.13657589218356608, 0.1505730181596899], [0.16354271375205648, 0.15270418749440226, 0.143711777644046, 0.12534698247549514, 0.120814601100815, 0.1419159383941977, 0.15196379913898753], [0.16666666666666666, 0.14864674331761338, 0.14640788107419836, 0.13310825730701673, 0.11868629082185335, 0.13700352457237996, 0.14948063624027144], [0.1614392489665712, 0.15269428865811702, 0.14628812902855934, 0.12658175797842952, 0.1200157591486033, 0.13972567834228466, 0.15325513787743505], [0.1646584880425716, 0.15549645650540783, 0.14536401991633124, 0.12524790132504876, 0.11798253519075594, 0.13808416286997063, 0.15316643614991401], [0.16540306081088793, 0.15490208637448086, 0.14642819974565874, 0.12501676405078058, 0.1173644287873797, 0.13702816591914052, 0.15385729431167167], [0.16666666666666666, 0.15545386901653707, 0.1459116126938996, 0.12455567471257582, 0.11691785388913371, 0.13692686374327595, 0.15356745927791116], [0.16666666666666669, 0.15291015556760046, 0.14873891013566815, 0.1264913617664318, 0.11814334375759002, 0.13474275151107235, 0.15230681059497064], [0.1642238989548211, 0.15284332950224225, 0.14392960052438625, 0.12396859139719232, 0.12191508611988613, 0.14256394446561735, 0.15055554903585464], [0.1652184733971618, 0.1527413617622237, 0.14438682374949716, 0.12367796714332337, 0.12131074201595701, 0.14198064962870527, 0.15068398230313182], [0.16331773274005565, 0.1529846724761642, 0.14192163312884773, 0.12362435946140322, 0.12363061253749856, 0.14567389003673034, 0.14884709961930018], [0.16402260871295304, 0.15302839752017489, 0.14258498681235032, 0.1236939859127775, 0.12242434539565987, 0.14445718733635737, 0.14978848830972702], [0.16666666666666669, 0.15348972231720115, 0.14357122560667906, 0.12544486698491364, 0.11905906608574701, 0.14169704544351064, 0.15007140689528192], [0.16666666666666666, 0.15252138562420678, 0.14123880636967953, 0.12444797601243134, 0.12009351929227856, 0.1452392890684289, 0.14979235696630816], [0.16380129556732534, 0.1498163040363287, 0.14579635650841882, 0.13018170204280266, 0.12019272990949824, 0.13981547406466482, 0.15039613787096145], [0.16379911212412798, 0.1492785235695229, 0.14415390288734933, 0.13194168438429593, 0.12120231028935038, 0.14051466359083542, 0.1491098031545181], [0.16419008877293545, 0.15045641995762254, 0.14645151796735834, 0.13027052194733826, 0.11906345604796302, 0.13877320217412323, 0.1507947931326592], [0.16666666666666669, 0.15145741287714623, 0.14490624741606759, 0.12836061151188907, 0.1182493827928101, 0.1394512919203577, 0.15090838681506274], [0.16666666666666666, 0.14956429237358154, 0.14857033173655787, 0.13088832668264866, 0.11717018139807533, 0.13594070937338434, 0.15119949176908554], [0.16605816818086294, 0.14980826136001707, 0.14875819332974902, 0.13099342590754967, 0.117217273968742, 0.13593013789396072, 0.1512345393591186], [0.16594656607572758, 0.14993266894953614, 0.1484098652747089, 0.1307073746536874, 0.11732203683765384, 0.13613793620694242, 0.1515435520017439], [0.16366884543540144, 0.14926987203429587, 0.148931391663215, 0.1335012968371884, 0.11787303921060331, 0.13565463856727314, 0.1511009162520229], [0.16666666666666666, 0.15111849996551113, 0.13646755628550053, 0.12200710421929764, 0.12603012275376896, 0.15157112517623378, 0.1461389249330213], [0.16666666666666666, 0.1509113271075867, 0.14098607251235973, 0.12333013747996227, 0.12286975036748511, 0.14595868000733808, 0.14927736585860135], [0.16234124560840255, 0.15293159414327953, 0.14214782079936714, 0.12267856603795294, 0.12459995259803705, 0.1459518498067266, 0.14934897100623418], [0.16301465235149626, 0.15334807853929572, 0.14148073498756622, 0.12220505991705614, 0.1239838591945352, 0.14643732375859667, 0.14953029125145373], [0.16255652307557344, 0.15285384849754532, 0.14244734036460016, 0.12265847599633031, 0.12445095392767629, 0.14544527652236616, 0.1495875816159083], [0.16288970351986623, 0.15287496321650082, 0.14264157898647434, 0.12282689982675084, 0.12406092671027757, 0.1450851861904759, 0.14962074154965438], [0.16345800682888714, 0.1526041095433219, 0.14115306882861137, 0.12212309032539508, 0.12394560191248144, 0.146860619267652, 0.14985550329365094], [0.16349339087873901, 0.15274580849999042, 0.14266331621141107, 0.12258612695749621, 0.12339154110737854, 0.14505635183940938, 0.15006346450557528], [0.1649655197058679, 0.1541546603785357, 0.14040392911997376, 0.1228134696090598, 0.12269893800135458, 0.1462765794375592, 0.14868690374764895], [0.16162624114513896, 0.15251612067543316, 0.1428902234943872, 0.12241153632206211, 0.12462469247930733, 0.14540491134750683, 0.15052627453616427], [0.1605618378853466, 0.15233687251089956, 0.14264820592237223, 0.12230007617629489, 0.12520776156153826, 0.14608582790651367, 0.1508594180370347], [0.16237712058768172, 0.15378341732343292, 0.142001379505566, 0.1227471528170652, 0.12402992154165264, 0.14561276797101713, 0.14944824025358427], [0.16355510566697484, 0.1532596767008432, 0.1419530590252641, 0.12292389733693039, 0.12331374146820628, 0.14534214640922158, 0.14965237339255966], [0.1634861048643497, 0.15301832913487926, 0.14243644104484132, 0.12233547863395042, 0.12344140984160455, 0.1450468601904401, 0.1502353762899347], [0.16666666666666669, 0.1512445368250242, 0.13540651986101665, 0.1180358180081954, 0.12898231051070816, 0.15284191098505415, 0.14682223714333484], [0.16366362658707018, 0.15362406119691638, 0.14240110396548689, 0.12305203007317915, 0.12218503790384866, 0.14485126243941868, 0.1502228778340799], [0.1635009773887332, 0.1541750015595825, 0.1426218543625792, 0.123280490738439, 0.12245480084963337, 0.1443711053033279, 0.1495957697977049], [0.16291501195427058, 0.15343587620677981, 0.14168633006867007, 0.12227343532154274, 0.12347817139361625, 0.14587932809229742, 0.15033184696282317], [0.16409343607172766, 0.1530808733928388, 0.14291442628902548, 0.1226328734842387, 0.12272366908338872, 0.14427958939726968, 0.15027513228151082], [0.16204272148385018, 0.1523826664690206, 0.1441844709684716, 0.12334919758990136, 0.12399499019607642, 0.1434958498893249, 0.15055010340335492], [0.1615843461702456, 0.1508345187298865, 0.14597417864217463, 0.12682919506701856, 0.12186856366503808, 0.14135951013025308, 0.15154968759538334], [0.16412508620719798, 0.15351023302264905, 0.14400003910350326, 0.12349028541963655, 0.12154460037279217, 0.14273416925640744, 0.15059558661781353], [0.16666666666666669, 0.15456119849284178, 0.14382037380759463, 0.12371121372470571, 0.11929253587834664, 0.14149710257371934, 0.15045090885612533], [0.16379932523435664, 0.15474709389000535, 0.1430661404433979, 0.12317646136887991, 0.1213731496771669, 0.1433297633998445, 0.15050806598634883], [0.16311545117518692, 0.15312320674283245, 0.14448429892263068, 0.12357936136368458, 0.12271829213362738, 0.1422932614087238, 0.15068612825331426], [0.1623424040018519, 0.15324314192116617, 0.14349539749656406, 0.12419321236226562, 0.12152505253196413, 0.14338486681806506, 0.15181592486812318], [0.16132657798441455, 0.1512328193642561, 0.14658697647133245, 0.1274754366419983, 0.12111711608738553, 0.14028892960884654, 0.1519721438417664], [0.16666666666666669, 0.15101164563142863, 0.14815777922259032, 0.12643259203576923, 0.11995054726111966, 0.1369375922536672, 0.1508431769287584], [0.16666666666666669, 0.15384557404561736, 0.14522730004603238, 0.12237844994198219, 0.12020487467704431, 0.1390522268294521, 0.15262490779320506], [0.16374007966085619, 0.15494323425902126, 0.145760508447153, 0.12390605064472533, 0.11903761154212723, 0.13922466114690002, 0.1533878542992171], [0.16666666666666669, 0.15450469553686608, 0.14631482324457848, 0.12377432744990123, 0.11818797374553502, 0.13748968192784472, 0.15306183142860788], [0.16666666666666666, 0.151757275507259, 0.14959692282141443, 0.12518203612342865, 0.11744177884277775, 0.1341993252544858, 0.15515599478396758], [0.16666666666666666, 0.15241143402930402, 0.14984413420001352, 0.12954881998945234, 0.11694846348596477, 0.13340153103892366, 0.15117895058967507], [0.16666666666666666, 0.1458290689361333, 0.14721173280779648, 0.14184092142917493, 0.11952462365784669, 0.13156404358384732, 0.14736294291853452], [0.16666666666666666, 0.1485909078269345, 0.14747568108402306, 0.13672771428148583, 0.11715956657577924, 0.13252090717377157, 0.15085855639133916], [0.14504160686002368, 0.14384363008102802, 0.1539808535619404, 0.15649846907624712, 0.12689966924544716, 0.12608769957578356, 0.14764807159953003], [0.14579161413751518, 0.1423032906554241, 0.14819706067436025, 0.15009565818716492, 0.13348022924004047, 0.13410565323058674, 0.14602649387490838], [0.14793934486867205, 0.1430387810040904, 0.14781722116829132, 0.15810094150775444, 0.13003145694771312, 0.12961117693215418, 0.14346107757132454], [0.1490679608430641, 0.15510261413143253, 0.15799854618549022, 0.14655469054348522, 0.11848868026825585, 0.1250716218319078, 0.14771588619636442], [0.14997538056961113, 0.15168961725264646, 0.1564056863952409, 0.14444021474350224, 0.12152272893094923, 0.12828395769300666, 0.1476824144150434], [0.14532737738440749, 0.14351309267935203, 0.15208101653611256, 0.1596951793961196, 0.12686260245327677, 0.12757303504520806, 0.14494769650552344], [0.1454220970180839, 0.14317360043585806, 0.15170472529727583, 0.15941944474801234, 0.12755795730924818, 0.1279997214914158, 0.14472245370010603], [0.14678461287994643, 0.14398639580098327, 0.15147142163535302, 0.16666666666666666, 0.12298562934143766, 0.1243243736611367, 0.14378090001447622], [0.1628770180327943, 0.15235788176768936, 0.14216923834147907, 0.12385700775307128, 0.12341160231906531, 0.1457703349955061, 0.14955691679039473], [0.16293068646131575, 0.15118300051201447, 0.14361333218957004, 0.12490139135295344, 0.12321520043681299, 0.14443347876771886, 0.1497229102796145], [0.16328771299221193, 0.15197601101632227, 0.14232979081509592, 0.12399104695625293, 0.12316698638642132, 0.14567441991533953, 0.1495740319183562], [0.16313362116866667, 0.1515944011880203, 0.14270679880296178, 0.12393041063176631, 0.12327548105640428, 0.14541384428281579, 0.14994544286936487], [0.16666666666666666, 0.151598957566672, 0.13915588598599515, 0.12071705726987604, 0.12435209169406991, 0.1486406703519369, 0.14886867046478328], [0.16232381832357579, 0.15258550733665843, 0.14176132972498515, 0.12258266603863914, 0.12408893466705483, 0.14644909553489407, 0.1502086483741925], [0.16373066558365273, 0.1529200187864974, 0.1407193379210525, 0.12198795279060115, 0.1239455269563521, 0.1471630655755717, 0.1495334323862723], [0.16329565913438793, 0.15207090175371266, 0.14313194650825853, 0.1240849394819503, 0.12262831758886912, 0.14447924202063347, 0.150308993512188], [0.16288792914906014, 0.15280436013194337, 0.14289452609864606, 0.12264520252069665, 0.12362583029428609, 0.1447789195050693, 0.15036323230029833], [0.16386438424255012, 0.15341460603317728, 0.14233701154323655, 0.12261297881172324, 0.12275448533411674, 0.1449609855517342, 0.15005554848346192], [0.1631907674030299, 0.15342045091859732, 0.14098786354301934, 0.12168514028170657, 0.1237521242506381, 0.14680577772571257, 0.1501578758772962], [0.16492435681987339, 0.15257448134011584, 0.14380372732455687, 0.12440804105038265, 0.12133155575451125, 0.14278714478561122, 0.15017069292494875], [0.163493233820316, 0.15200190425681767, 0.14436107516443947, 0.12396271785151629, 0.12186459240773745, 0.1429037128901049, 0.15141276360906825], [0.16516627401266828, 0.15228388648495428, 0.14470033082452097, 0.12434733710473832, 0.12091711753421114, 0.14178086597148146, 0.1508041880674256], [0.16666666666666666, 0.15276298394528492, 0.14624974137727625, 0.12922810672636878, 0.11576395238263734, 0.133076296414502, 0.15625225248726402], [0.16666666666666666, 0.15506932833965117, 0.14564539691050934, 0.12596795872000852, 0.11476020043423245, 0.13323222914206725, 0.1586582197868646], [0.1580926348944378, 0.1557273153710784, 0.1517558906572937, 0.13588001297418772, 0.11579105983024687, 0.12786926645170188, 0.1548838198210536], [0.1543671665886664, 0.154405999675813, 0.15681198566893853, 0.14211457015569462, 0.11510823771546733, 0.12456796948128057, 0.15262407071413958], [0.14851334770099164, 0.1472130439713199, 0.15289693336144827, 0.15808757878036453, 0.12291328290848914, 0.12497331507163952, 0.145402498205747], [0.16274969268388362, 0.15170975115715582, 0.14208607407360838, 0.12416925411242728, 0.12404004751211023, 0.14629621778871127, 0.14894896267210342], [0.1644598533846901, 0.15080971553477848, 0.14061374980305774, 0.12329865627263231, 0.124193727296096, 0.14745715156914602, 0.14916714613959944], [0.16331029006038708, 0.1524691869237974, 0.14238043898279815, 0.12381432861440735, 0.12332930028629915, 0.1455388860428257, 0.14915756908948505], [0.16316830602681598, 0.15138827282660824, 0.14326252825802138, 0.12452572657713354, 0.12287249011468378, 0.14454636605612287, 0.15023631014061425], [0.16399144745980984, 0.1521183349854585, 0.14412915045820898, 0.12489504885020272, 0.12234041756010652, 0.142977214163243, 0.14954838652297042], [0.16347872568210936, 0.15257574947203253, 0.14326266166525942, 0.12299318805680963, 0.12323810842626445, 0.14435539425838312, 0.15009617243914147], [0.16172194234422302, 0.15277681818606084, 0.1433244427285646, 0.12346618167385591, 0.12456887035409528, 0.14456346616962812, 0.14957827854357222], [0.16251063787470568, 0.15279614767794036, 0.14312197361945178, 0.12295632584347946, 0.1239971029905673, 0.14468430464257181, 0.1499335073512836], [0.1627245572316212, 0.1530448264743641, 0.1418490455845117, 0.12229523055814663, 0.12366561052234305, 0.14599659810881035, 0.150424131520203], [0.1645649018875881, 0.1528266441489024, 0.14345387942599205, 0.12413835238557444, 0.12165101911388622, 0.14327929169636017, 0.1500859113416966], [0.16371342341481077, 0.15271100256978734, 0.1437196670234957, 0.12314155458485707, 0.12268219542935556, 0.14337733765825467, 0.15065481931943875], [0.16288016090713528, 0.1530039053194244, 0.14295613425941048, 0.12232416848358112, 0.12319126579681676, 0.1445789225120353, 0.15106544272159675], [0.16342760192572758, 0.15385768901911023, 0.14592161163698417, 0.1250385970954992, 0.11970190264418817, 0.1395013909354478, 0.1525512067430428], [0.16319798229221127, 0.15150969178912455, 0.14518847600232285, 0.12514113757290884, 0.12170945616982005, 0.14186670572710994, 0.15138655044650243], [0.16537911518489706, 0.1537870630231251, 0.14320472430239167, 0.12539202345571546, 0.11990301452929959, 0.14265042479542756, 0.14968363470914384], [0.1644593334245168, 0.15336229969609427, 0.1427074532606628, 0.12315549407097696, 0.12183395704727525, 0.14404248758690913, 0.15043897491356484], [0.16491392060229806, 0.15309851148794792, 0.14325584681425463, 0.12337037496002853, 0.12135587138833946, 0.14326028210201022, 0.15074519264512115], [0.16666666666666666, 0.15048350580060751, 0.1462270932348922, 0.12448100495063465, 0.12133536343106864, 0.1401836808095826, 0.15062268510654767], [0.16264298612931039, 0.15311944787562884, 0.14315698499713653, 0.12276733744063224, 0.12234907265060163, 0.14406257505080666, 0.1519015958558837], [0.16372649763720298, 0.14985182076725836, 0.1434304680840234, 0.13097519402586766, 0.12155826094165806, 0.14163040605808483, 0.14882735248590478], [0.16666666666666666, 0.15302147605183014, 0.14444149980791607, 0.1275934367137063, 0.11892980364198436, 0.14027803173603426, 0.14906908538186214], [0.1640279869885014, 0.15383861127155918, 0.1425450470730305, 0.12323837767867749, 0.12188173524578394, 0.1439572211751707, 0.15051102056727683], [0.16383947204190602, 0.1519179795038755, 0.14566428099420403, 0.12509859885318567, 0.12087936997325158, 0.1410125799277375, 0.1515877187058396], [0.16532167021996677, 0.1535566488720033, 0.1446468899354454, 0.12412041066311444, 0.12023650021265143, 0.14111322494738043, 0.15100465514943817], [0.16387925798159378, 0.15397311508200903, 0.14376860682908152, 0.12426629036381945, 0.12051376742899614, 0.14217971656822814, 0.15141924574627186], [0.16666666666666666, 0.14978682962969236, 0.14449200959750513, 0.1310125634000669, 0.1196213669024255, 0.13936203041824707, 0.1490585333853963], [0.1634840222869193, 0.1526817985309468, 0.14323122044942585, 0.12435854485709573, 0.12127013417272321, 0.142876825033556, 0.1520974546693331], [0.1630810443674084, 0.1525467236621179, 0.14325797678768962, 0.12430980614862473, 0.12136169519970663, 0.14283045731921, 0.15261229651524266], [0.16187364385789646, 0.1528309399351579, 0.14491771413277568, 0.12540631014762116, 0.12058055794233749, 0.1412178302169781, 0.15317300376723317], [0.16666666666666666, 0.1532711236752503, 0.14387551576730512, 0.12652609865995182, 0.11873904037418585, 0.14095584410854944, 0.14996571074809076], [0.16666666666666669, 0.14959759074199153, 0.1420073689729046, 0.1282484635383599, 0.12171960086323069, 0.14268279162616956, 0.14907751759067708], [0.15045517735616373, 0.1477530719504385, 0.13484804758750368, 0.12384492011173232, 0.14146464076348736, 0.15786692000651306, 0.14376722222416116], [0.15825356429585102, 0.15167756518225553, 0.15386728477912145, 0.13175590378032281, 0.11592233851754653, 0.1286819963657429, 0.1598413470791597], [0.15169649978404476, 0.1442163033928271, 0.16666666666666666, 0.14303017177085434, 0.11748497732746697, 0.1249101329814078, 0.15199524807673234], [0.1507260164322362, 0.1439482484599585, 0.16216790367959896, 0.14497924054764122, 0.12135713904926547, 0.1265409079483272, 0.15028054388297246], [0.14771331639351415, 0.1487426684728863, 0.16115033062882572, 0.14712555167769864, 0.12082730922098422, 0.12466326830152641, 0.14977755530456438], [0.14942188488077726, 0.15108469503150462, 0.1573277050722554, 0.13780320815663344, 0.12429205823495226, 0.12818252201477706, 0.15188792660909986], [0.14828596936041552, 0.15115145732221566, 0.16666666666666669, 0.14438805956180611, 0.1173146341044501, 0.12197818876198267, 0.1502150242224633], [0.14752476189076258, 0.1499984851862041, 0.1594495936258229, 0.15235122927878372, 0.1194471798953659, 0.12291005091579194, 0.14831869920726887], [0.1413724874761474, 0.14160135109571276, 0.14091498529098784, 0.1270742485192122, 0.16666666666666666, 0.14173535627463776, 0.1406349046766353], [0.14150337291279474, 0.14182801235332593, 0.141436346897249, 0.12698687794259353, 0.1657829997392677, 0.14175038659444977, 0.14071200356031946], [0.14710062826895823, 0.14917774834683262, 0.1585305331742035, 0.1545232933236004, 0.11997111551271088, 0.1230481357938567, 0.14764854557983764], [0.15863832932081207, 0.1512783795133451, 0.14853884654792576, 0.12730148706234887, 0.11726617715393832, 0.13031011373496337, 0.1666666666666667], [0.1497252327771339, 0.15070135783840463, 0.1620300370523863, 0.14512561896919307, 0.1173215996849003, 0.12388137339583645, 0.1512147802821451], [0.16666666666666666, 0.15617175954662665, 0.14505850236373483, 0.12813611948672007, 0.1147224576813811, 0.13489638049498512, 0.15434811375988558], [0.16666666666666666, 0.15564678519272562, 0.14721759445206833, 0.1300936702170641, 0.11376840971387654, 0.13295308800745795, 0.15365378575014071], [0.16666666666666666, 0.1571181551170681, 0.144048138366203, 0.1264871326011401, 0.11614801677671652, 0.13698679638308842, 0.1525450940891171], [0.1666666666666667, 0.15844476938829247, 0.14499033335885372, 0.1262853800839545, 0.11456992585648147, 0.1351511364109159, 0.15389178823483546], [0.15264332226295338, 0.16666666666666666, 0.14340746811319896, 0.12504868803171829, 0.12399988702213618, 0.1415688537831397, 0.14666511412018673], [0.15530085672734725, 0.16666666666666669, 0.15044067623036114, 0.13189046548343733, 0.11609226529038787, 0.12992534832440147, 0.14968372127739832], [0.14972842689818636, 0.15704902426067466, 0.15930556100140994, 0.14069007672734257, 0.11767270359597802, 0.12532399070092495, 0.15023021681548335], [0.14995378786698715, 0.15478680575114598, 0.15642426738788576, 0.14492055546722196, 0.11974708273638383, 0.12713859500003155, 0.14702890579034358], [0.14596093137533234, 0.16666666666666666, 0.1424203435539646, 0.1306867797650408, 0.13162988797714203, 0.1414171560581477, 0.1412182346037058], [0.1557630462499152, 0.14837034942599012, 0.13900261689445284, 0.11956622717598162, 0.13613610892296393, 0.15787519188145835, 0.1432864594492378], [0.15513392872373652, 0.1474741236121468, 0.13322049763424854, 0.11896770503828444, 0.13568101936165244, 0.16666666666666666, 0.14285605896326461], [0.16267136812703073, 0.1534235972395795, 0.14424370826915417, 0.12510644678890595, 0.12074043750328797, 0.14173370996741347, 0.1520807321046283], [0.16666666666666669, 0.14972257823694152, 0.14112509393469944, 0.1297757293844762, 0.1250844806191715, 0.1385881888930009, 0.14903726226504385], [0.16666666666666669, 0.14890268843626306, 0.13881796021495757, 0.12768423884392693, 0.12703980075343785, 0.1458643755662199, 0.14502426951852807], [0.15858017543595349, 0.16666666666666666, 0.14373961974148722, 0.12336878988057284, 0.11651083214389359, 0.1384855129994275, 0.15264840313199865], [0.15102472139053896, 0.16511654961041608, 0.14783867029691578, 0.12851022216386962, 0.12326972204412445, 0.13593907456324847, 0.14830103993088664], [0.15086392324945852, 0.16214223475031952, 0.1500827824237897, 0.12978329551432896, 0.12309195741183471, 0.13387851526662084, 0.1501572913836477], [0.150232848139634, 0.16045332436043305, 0.1466603122938878, 0.12946489842985476, 0.12552041695877947, 0.13946432808953838, 0.1482038717278725], [0.15024774714862252, 0.16062266149211296, 0.14703778935274714, 0.12953103986107606, 0.1252309020730638, 0.13897735433654432, 0.14835250573583328], [0.15079545602639682, 0.1625072441966191, 0.15019851015155966, 0.12967192810985617, 0.12267267007805642, 0.13380441647780722, 0.15034977495970467], [0.1506164842104704, 0.16047323064317798, 0.15213774726930007, 0.13134891653768976, 0.12165432198147982, 0.1322786608046013, 0.15149063855328068], [0.15104558683910918, 0.16666666666666669, 0.14868022725451052, 0.12873874003087396, 0.12185365004449714, 0.13445100587596068, 0.14856412328838192], [0.1509511218026486, 0.1635553020740214, 0.1496516516653805, 0.1293365173111017, 0.12240386202571181, 0.13409440673878179, 0.15000713838235422], [0.15105161497953679, 0.16395681196480866, 0.14781273617719606, 0.12878544728366548, 0.12396446368611663, 0.13613870418824842, 0.148290221720428], [0.15083030047097876, 0.16230039852066508, 0.14649162164231488, 0.12857121427032592, 0.12588073479863582, 0.1386540372863537, 0.14727169301072582], [0.14726553676864643, 0.14463333717645746, 0.16666666666666666, 0.1314440799950702, 0.13325238311900098, 0.13174801415674822, 0.14498998211740996], [0.1507649007685708, 0.1625710212310161, 0.14705036800694102, 0.12856044330260746, 0.12550707910808973, 0.1378226206656926, 0.14772356691708222], [0.1499099483365201, 0.1595918248406735, 0.1458792456365793, 0.12922235174805913, 0.1267883995443455, 0.1409059133769682, 0.14770231651685414], [0.15108244564714482, 0.1645984543504852, 0.14762578046450006, 0.12866823083288761, 0.12362849700745952, 0.13643846434155407, 0.14795812735596875], [0.1504847965830271, 0.16022270623827733, 0.14679956648843087, 0.130038746741858, 0.12537909330448782, 0.13927500105409563, 0.1478000895898233], [0.15063965669075086, 0.16130631672648776, 0.14717543093203786, 0.12984811357317025, 0.12472191379036934, 0.1384343160867075, 0.1478742522004764], [0.14520703828958584, 0.16666666666666666, 0.14053078473462252, 0.12281712505756517, 0.1350478185223226, 0.14718662308971614, 0.14254394363952108], [0.15102456938939215, 0.16141924258676757, 0.1512338077025367, 0.13122409704823315, 0.12176576699041615, 0.13265306203930402, 0.1506794542433502], [0.1501710418467053, 0.15981123876398518, 0.14943761527033975, 0.13028980671873353, 0.12394809670314555, 0.13529512788248868, 0.15104707281460214], [0.1501544566138084, 0.16021953647670403, 0.14614371903581694, 0.1293111559305018, 0.12623592825222077, 0.14026096155933088, 0.14767424213161703], [0.15004388487039944, 0.1599851825570106, 0.14701580378978646, 0.12956698265748168, 0.12565969496953228, 0.13926059666991292, 0.14846785448587665], [0.15014771037864869, 0.1601090627595023, 0.14732788228549337, 0.1298851818678346, 0.12541823810866218, 0.13879884670207013, 0.14831307789778864], [0.15003222486971188, 0.15995522398370873, 0.14764928631568153, 0.12999454294614077, 0.1250352014218254, 0.13840468946152748, 0.14892883100140417]]