[[0.1397486332263931, 0.1379554339630856, 0.16666666666666666, 0.12306921078965907, 0.14478165158198683, 0.12777921062878855, 0.15999919314342018], [0.14440763269829063, 0.1390954813024274, 0.16221212308561317, 0.12632108367447678, 0.14864722780991316, 0.12500746917435143, 0.1543089822549274], [0.14482172146059605, 0.13976266384915462, 0.16176384198963067, 0.12662191302854509, 0.14815336267517115, 0.1255386746707459, 0.15333782232615656], [0.14259791135604366, 0.1395928305846154, 0.16421833903955763, 0.1255001647082236, 0.14621703478428072, 0.12607774190995463, 0.1557959776173243], [0.1436572928905731, 0.1400622621004097, 0.16378009159384502, 0.12582457473656045, 0.14616173710906266, 0.12625224868101861, 0.1542617928885304], [0.1432413209215665, 0.14035665788116916, 0.16297351839170435, 0.12729314254851107, 0.14627973418741974, 0.12667156150320527, 0.1531840645664239], [0.14357644741323022, 0.14024080733328645, 0.16400730757959459, 0.12545732439070856, 0.1455954273881808, 0.1264804760557668, 0.15464220983923258], [0.14349330941059935, 0.14068200679708373, 0.16380529845142822, 0.12545803139295464, 0.14485374627338307, 0.12725109161395579, 0.15445651606059527], [0.1427530145686459, 0.13833201769751832, 0.16666666666666666, 0.12422842042968676, 0.14700566431210013, 0.1243061781984221, 0.1567080381269601], [0.14300960998676385, 0.14064403021445265, 0.16526702417877262, 0.12491238236271314, 0.144414709069919, 0.12689871998235183, 0.15485352420502688], [0.14378431902953176, 0.14100596133265583, 0.1626984299402222, 0.1273574645117143, 0.14556576376585256, 0.12709035962335735, 0.15249770179666583], [0.1425145207948793, 0.14109461205299476, 0.16464142328117756, 0.12501739405727655, 0.14356486937698718, 0.12799151987448676, 0.15517566056219784], [0.14400611502121574, 0.1409162096293419, 0.16288638260706742, 0.1271200334067508, 0.14561481852365388, 0.12686834083154397, 0.15258809998042633], [0.14335623861022279, 0.14122251269523342, 0.16410720977077606, 0.125343002502149, 0.14405756197193187, 0.12774247817499787, 0.15417099627468894], [0.1431238955660156, 0.14177926035487792, 0.16320452765515797, 0.125840586313586, 0.14342703111402114, 0.12876811642857355, 0.1538565825677679], [0.1433025290554645, 0.14132991214260354, 0.16404082933091657, 0.12549388760249108, 0.14390183254150912, 0.12788728509568045, 0.15404372423133444], [0.14244410163978893, 0.14170658205201936, 0.16362186288860256, 0.12510106872667154, 0.14278367965671382, 0.1291123286152022, 0.15523037642100165], [0.1414508048532532, 0.1396484908010712, 0.16129444566854761, 0.12303975457790961, 0.1435791551420441, 0.12961140667197904, 0.16137594228519525], [0.14220311943712136, 0.13966503774205702, 0.16666666666666666, 0.12072254931551442, 0.1430649241797883, 0.12715831562880514, 0.16051938703004712], [0.14331049737135879, 0.14076611703510541, 0.16412538382615374, 0.12521876761636955, 0.1449413691203752, 0.12670377640628058, 0.15493408862435668], [0.14276666591678833, 0.14101489171621992, 0.1643633617899595, 0.12506101173840856, 0.1441120743243604, 0.12745843109886448, 0.1552235634153988], [0.14308923646215232, 0.14046320509139626, 0.16010419578232915, 0.12306463935043115, 0.14339923005104305, 0.13044443609287718, 0.1594350571697709], [0.14223082724632294, 0.1412698197300965, 0.1644505862966174, 0.12462827753236513, 0.14312258421489887, 0.12826572220591562, 0.15603218277378353], [0.14279818091433527, 0.14135245357779158, 0.16473299766315866, 0.12492878688924668, 0.14335584824118433, 0.1279025165067586, 0.15492921620752478], [0.1435236157775409, 0.1405846129562467, 0.16469022566110209, 0.12396809971147935, 0.1444914218595549, 0.1266207777790928, 0.15612124625498322], [0.14281582618176686, 0.14098159886045847, 0.16552314741598062, 0.12460342021480002, 0.14356293638463022, 0.1273020503747443, 0.1552110205676194], [0.1431311455581342, 0.1403966406596756, 0.1649756523229269, 0.1246024975286275, 0.1448977168141778, 0.12618355224121933, 0.1558127948752387], [0.1432281655755173, 0.1411452856020808, 0.1650425230215699, 0.12492076010765496, 0.14388691148199773, 0.12729850303067697, 0.15447785118050233], [0.14312839420558154, 0.14189689194835234, 0.16330943356064695, 0.1257530751814427, 0.14333829554273173, 0.12866652098498726, 0.1539073885762576], [0.14286279909381489, 0.14061162993990808, 0.16666666666666669, 0.12408451582740349, 0.14382759497843375, 0.12652115815745624, 0.15542563533631695], [0.142759781209811, 0.1419291666055161, 0.16366264002947528, 0.12515189930924014, 0.1427657291731304, 0.12891100484965637, 0.15481977882317072], [0.14337402581698128, 0.14181459929237397, 0.16392279537862414, 0.12487761835364555, 0.14304079902324152, 0.12847665102012046, 0.1544935111150131], [0.14296474974559548, 0.14134732195463545, 0.16464577868617813, 0.12473082752327691, 0.1435016294393056, 0.12776633009423688, 0.15504336255677165], [0.14351389675868087, 0.1422761914720026, 0.16319789325370407, 0.12582670281733982, 0.14293280210582268, 0.12897774680632343, 0.15327476678612645], [0.14268025551655664, 0.14192345242808124, 0.16396301705039057, 0.12467311386982402, 0.14259655794022896, 0.12881154261124295, 0.1553520605836755], [0.14323097415240696, 0.14083966816351204, 0.1651007867309755, 0.12370777537116635, 0.14382626135518145, 0.12677765617224251, 0.15651687805451528], [0.1424786076177985, 0.13971628841698747, 0.16320971813374435, 0.12353860910306308, 0.14502696575363816, 0.12664722780086826, 0.1593825831739003], [0.14282740261582516, 0.14178126176437852, 0.16435847833825065, 0.12487260390584269, 0.14285756524859863, 0.12829107684803115, 0.15501161127907312], [0.1412299093715159, 0.14094783397811272, 0.1606598319378336, 0.1212680888626263, 0.14065232557803847, 0.13171133666501708, 0.16353067360685616], [0.1412299093715159, 0.14094783397811272, 0.1606598319378336, 0.1212680888626263, 0.14065232557803847, 0.13171133666501708, 0.16353067360685616], [0.1427078196041104, 0.14200256673700234, 0.16404939165241658, 0.12449005499392622, 0.14228021784918984, 0.1289036556259263, 0.15556629353742846], [0.14331404636318923, 0.14222246446443282, 0.16370799502542868, 0.12493323762983034, 0.1425702993594729, 0.128832241875723, 0.15441971528192303], [0.1433822357280918, 0.1410787786384782, 0.1653681388124827, 0.12382060619259205, 0.14363302045113938, 0.12672330768530235, 0.15599391249191347], [0.1401800506668641, 0.1410936330698504, 0.1606592636084506, 0.12031720119316597, 0.13933453341508123, 0.1317486513799212, 0.16666666666666669], [0.14284995849631932, 0.14217848348476625, 0.16356538472414833, 0.1247036552757548, 0.14235429068813205, 0.12898268253989936, 0.1553655447909799], [0.14223571718658323, 0.1409672201204965, 0.1623181950535648, 0.1233893583721883, 0.14317791692320042, 0.12801978405014774, 0.15989180829381897], [0.14322803125146757, 0.14185934840519293, 0.16406580958527792, 0.12326421580732244, 0.14240450638285443, 0.1280384326048418, 0.15713965596304297], [0.14103846694083216, 0.14170251975030868, 0.16002489352055396, 0.1206090015631077, 0.1394458045604351, 0.13276700219937088, 0.16441231146539134], [0.14069751359177773, 0.14319928808603424, 0.15899478660962632, 0.12113693364864889, 0.13827957264538518, 0.13457597564902662, 0.16311592976950098], [0.14286593227761724, 0.14114318591697755, 0.1623169470305115, 0.12335821556251553, 0.14328896945821934, 0.12763916593472485, 0.15938758381943396], [0.14070423967333814, 0.14264316239140024, 0.15884560910975895, 0.12074188804357304, 0.1382743664822831, 0.13454598203989804, 0.16424475225974855], [0.14289218415169816, 0.14259830681844396, 0.16163121739645345, 0.12320114792671548, 0.1415652464545772, 0.1293188112342043, 0.1587930860179076], [0.14574570610912804, 0.14427413153697466, 0.1612577435670831, 0.1226050159614619, 0.14079802609754477, 0.1291805471489297, 0.15613882957887787], [0.1454125200333748, 0.14470183887730262, 0.1614209533193489, 0.12289061795858845, 0.1403502861499273, 0.1296852182775715, 0.1555385653838863], [0.14597664862496457, 0.14480026903554563, 0.16135884411949664, 0.12281381134581719, 0.14045146268376865, 0.12954643937926927, 0.15505252481113801], [0.14489175356392678, 0.14538125905207774, 0.16666666666666669, 0.1233153017622196, 0.13814542755692918, 0.13077352913070223, 0.15082606226747783], [0.1431570062245281, 0.14086046906292787, 0.16440694003868392, 0.12526840447600116, 0.1443700058337657, 0.127168036820628, 0.1547691375434653], [0.1429612953974158, 0.14095458398125554, 0.16533466436968686, 0.1249497238465662, 0.14396125013818786, 0.12712702253557226, 0.15471145973131553], [0.1434751497604815, 0.13963191225372687, 0.16300283917903532, 0.12612142075691948, 0.1468888940987053, 0.1261155295916371, 0.1547642543594945], [0.1430823832941896, 0.1398718920867896, 0.16417811849011435, 0.12502644929897663, 0.1457634337356371, 0.126221416145037, 0.1558563069492557], [0.14352136937151663, 0.14107556228433, 0.16308448349372337, 0.12213792883684557, 0.14331187239876425, 0.12811074936555733, 0.15875803424926296], [0.1423677620302552, 0.13877016303238168, 0.16666666666666666, 0.12185182638293608, 0.14604825114398529, 0.12604188639471403, 0.15825344434906102], [0.14031379276615508, 0.14093900695181066, 0.1614863918933391, 0.12123407108779569, 0.14041712855089786, 0.13099922039185224, 0.16461038835814948], [0.1410435237433464, 0.14101551988406202, 0.1600209483548804, 0.12164871108057726, 0.1407714422146948, 0.13228263850311248, 0.1632172162193266], [0.1409454901831396, 0.14175680409459557, 0.16151645653989408, 0.12055475312291743, 0.13964703907435388, 0.13141072790097252, 0.16416872908412702], [0.14187490719988777, 0.14141595351381658, 0.16316946840373317, 0.12014655055372907, 0.1405176906821004, 0.12986158403808376, 0.16301384560864912], [0.14133644200456752, 0.14361938512920172, 0.15918136612703784, 0.12148065041450565, 0.13861652132637767, 0.13400413228224914, 0.16176150271606046], [0.14152222487076538, 0.143778130085927, 0.15913775196558433, 0.12146827227469209, 0.13857245410078933, 0.13406013467303712, 0.1614610320292048], [0.14148685518196036, 0.14362463612457943, 0.15943511067228996, 0.1213074198731595, 0.13860362872285167, 0.13361167351769587, 0.16193067590746324], [0.14121816505562332, 0.1441128584351486, 0.15843854060501517, 0.12066945629529036, 0.13743197240632887, 0.1354020410869294, 0.16272696611566453], [0.1437884538142407, 0.13633101857623897, 0.16666666666666666, 0.1267908064469381, 0.151853701673781, 0.12284309561095239, 0.15172625721118213], [0.14117573345205972, 0.13797682822114257, 0.16666666666666666, 0.1247014670760802, 0.1468247493192993, 0.1251425994364514, 0.1575119558283001], [0.14382148423540522, 0.13987419546666333, 0.16265228625930378, 0.12762496633633735, 0.14744145047973053, 0.12584174651614544, 0.15274387070641435], [0.1439832699189072, 0.1396094492025592, 0.16273893003800113, 0.1269690795050271, 0.14785215677670366, 0.12531468881371907, 0.15353242574508272], [0.14374471706260172, 0.14006034843628776, 0.162865434506841, 0.12762381539958229, 0.14704024026454998, 0.1259660570737721, 0.1526993872563652], [0.1436705061695616, 0.1401344376432366, 0.1631726231770862, 0.12725237996930053, 0.14670178259910016, 0.12611078990586388, 0.15295748053585087], [0.14300178983710965, 0.13894765814868573, 0.16365390760437817, 0.12655388391751218, 0.14806985310390783, 0.12484264353127039, 0.1549302638571362], [0.14326402459539478, 0.13991838749455193, 0.16373379686563921, 0.12667004570754245, 0.1466935398465265, 0.12592564938167103, 0.15379455610867412], [0.14499856563650942, 0.1397923091622083, 0.16164339465065244, 0.12562690836122065, 0.14763442922544265, 0.12573381289418703, 0.15457058006977953], [0.14367037673878263, 0.140283424504122, 0.1620524717589682, 0.12817986384091853, 0.14720285697373742, 0.1261538575390523, 0.15245714864441892], [0.143736876480698, 0.14019619020619198, 0.16107975791811574, 0.12872504243210495, 0.14783186027972145, 0.12606403857781878, 0.15236623410534897], [0.14449774473635546, 0.1401895454801547, 0.16267459663138276, 0.1269867402871638, 0.14707283632630225, 0.12579293038436012, 0.15278560615428108], [0.14347899411428638, 0.1397288474054025, 0.16374603615903363, 0.12597394814297513, 0.14665065398663213, 0.1256080254877102, 0.15481349470395994], [0.1435271214392874, 0.13999527077578067, 0.16372797323486435, 0.12672850912882475, 0.14669095569565496, 0.12570667934592578, 0.15362349037966208], [0.14433698184951738, 0.13628440848478587, 0.16666666666666666, 0.13072571906564293, 0.15348149196198416, 0.12028564913796282, 0.1482190828334402], [0.14367314831047182, 0.13998567865643785, 0.1638583900898635, 0.12506991376236926, 0.14626611020352895, 0.12588067676814632, 0.1552660822091823], [0.14474677522469184, 0.14070182444745075, 0.16295174205203328, 0.12574204410743725, 0.14602882619829974, 0.12650634225287594, 0.1533224457172113], [0.14374811486005737, 0.13971331443900808, 0.16316587579131317, 0.1263660788560205, 0.14726932581768482, 0.12524190049429954, 0.15449538974161653], [0.14344520695237603, 0.1402218806055743, 0.16429211520420126, 0.12611650789670958, 0.1460080956179133, 0.12603272262570778, 0.15388347109751785], [0.14399192085161241, 0.1413046226358539, 0.16155449613124417, 0.12810481903007495, 0.14572749623592315, 0.12752122452093198, 0.15179542059435946], [0.14124279434715645, 0.1411143090101956, 0.16190119553631177, 0.12466143171557244, 0.1429372454405597, 0.1293128002687987, 0.1588302236814054], [0.14382648400922204, 0.14106231067123956, 0.16433120852153427, 0.12520400241827123, 0.14467509610594786, 0.12699189230135005, 0.15390900597243493], [0.14525811935991972, 0.14203012968390943, 0.1625065742827469, 0.1240893375997975, 0.14404561177821926, 0.1280606083666545, 0.15400961892875267], [0.1448489861048632, 0.14110405097086187, 0.1638194961008776, 0.12478767154062308, 0.14508905196311503, 0.12645503779009085, 0.15389570552956847], [0.14408855880462432, 0.14165162231823392, 0.16300879913728608, 0.12670466850494647, 0.14450407279461033, 0.1274876336852125, 0.1525546447550864], [0.14318747892337222, 0.14069826710829803, 0.16261129604929542, 0.12433205617407686, 0.14483257971497107, 0.12683430402925386, 0.15750401800073238], [0.1415616098189679, 0.14180175586180452, 0.16164875637689324, 0.12386521295561388, 0.14188035204172822, 0.1298399231215158, 0.15940238982347643], [0.1427760851423691, 0.14333352489641424, 0.16666666666666666, 0.12464759193626164, 0.13992668450801865, 0.13047790334178244, 0.15217154350848724], [0.1454294230264681, 0.14358314818744045, 0.16181913436099815, 0.12639903482952713, 0.14273370908719654, 0.12828283493259635, 0.15175271557577322], [0.1450212091426662, 0.14345241563256733, 0.16278510900842041, 0.12396932132676203, 0.14206612014242198, 0.12833366206554836, 0.1543721626816135], [0.14547531052811014, 0.14425815805925948, 0.1629989202024471, 0.12427902237397985, 0.1411555900241022, 0.1291634852059097, 0.15266951360619163], [0.14365060225645893, 0.14519124890332133, 0.16666666666666666, 0.12361991577150043, 0.1382742493391009, 0.13038870574247477, 0.15220861132047692], [0.14455230726874474, 0.1461593052524782, 0.16666666666666669, 0.12140877569780303, 0.13638580804768066, 0.13287873085147203, 0.1519484062151547], [0.13930891851073332, 0.14512412708646116, 0.1500187514490567, 0.12214520731888494, 0.1335153667476145, 0.14322096222058264, 0.16666666666666666], [0.14248155501663345, 0.14657863852711156, 0.1539259086013086, 0.12172703675008358, 0.13567115709300437, 0.1394898488403307, 0.16012585517152778], [0.14200533917270788, 0.1542918660397191, 0.14474809249225315, 0.1285442877442429, 0.1277658981893927, 0.15691898877703023, 0.14572552758465404], [0.1417646081986412, 0.1477328129106437, 0.14350659062892926, 0.13461315213683514, 0.13521722532223213, 0.15066136141972533, 0.14650424938299328], [0.14044370044593069, 0.14851256878743765, 0.1416355652427793, 0.13138291345911, 0.13097813738546907, 0.15841692728017542, 0.14863018739909795], [0.1505049219575097, 0.15874072827555558, 0.14500053811119235, 0.1226137773660596, 0.12863307409585176, 0.14827671880865095, 0.14623024138517998], [0.1511243317197074, 0.15689696975087958, 0.14976529594158183, 0.12368416620408271, 0.13012167549035922, 0.14550439044561933, 0.14290317044776996], [0.14156482625592384, 0.15183314698803746, 0.14435630308136937, 0.12789754863421157, 0.1285895092556956, 0.15987644516052515, 0.14588222062423697], [0.1413174887738399, 0.1512200398656063, 0.1441453829428538, 0.12863179553453571, 0.1290614298542464, 0.15961843735224962, 0.14600542567666835], [0.14079758887233815, 0.15211818747629957, 0.14181521617385967, 0.12484485588111176, 0.12612661829009084, 0.16666666666666666, 0.14763086663963332], [0.14258940862435696, 0.13927837203979784, 0.16307664737642688, 0.12569017242905337, 0.14687110221137878, 0.12611211500329805, 0.15638218231568804], [0.1414651912191803, 0.13952909186528642, 0.16314196552072188, 0.12567248993254188, 0.14569082135753267, 0.12726332251936598, 0.15723711758537096], [0.14215690122039235, 0.13910433719401036, 0.1634610416272254, 0.12539836951058178, 0.14675124955724372, 0.12618015862377369, 0.15694794226677267], [0.14189183455298224, 0.13920556128074776, 0.1633373143615987, 0.12577714404010068, 0.1466391484156482, 0.12639431449336064, 0.15675468285556163], [0.14244510140396577, 0.13746117446858408, 0.16666666666666669, 0.12662311770750817, 0.14960812675615237, 0.12318317581921791, 0.15401263717790512], [0.14312486084384826, 0.1393684879481556, 0.1626115619957219, 0.1269100032352704, 0.14778864914113188, 0.12550353529804587, 0.15469290153782622], [0.14335156483726452, 0.13889489779451825, 0.16353801789618808, 0.12649400939021557, 0.14832653137060375, 0.1246532121505539, 0.15474176656065594], [0.14215650647309494, 0.13968790960409966, 0.16349330549079255, 0.1252103406647469, 0.14578011827122028, 0.12658155900797838, 0.15709026048806732], [0.14357287163494373, 0.1402562839216298, 0.1631922372711175, 0.12709198162848984, 0.14654157679570617, 0.1261903254677282, 0.15315472328038465], [0.1436488387146674, 0.1399555733329911, 0.16406098460779503, 0.1258352422251369, 0.14648379595740962, 0.12570366340801237, 0.1543119017539874], [0.14389260910243454, 0.13931741788527366, 0.16341937766770415, 0.12657461827477107, 0.1481120305060958, 0.12464358006156329, 0.15404036650215755], [0.1424785188971212, 0.14031373384501827, 0.16503227805717563, 0.12413967927621418, 0.14426627753133547, 0.12702560254301612, 0.15674390985011902], [0.14233740114803314, 0.14055010774374413, 0.16373759859563378, 0.12531449960292051, 0.14473353855261256, 0.12725106248102314, 0.15607579187603265], [0.1423382668568817, 0.14078731626622976, 0.16527692576635636, 0.12429107956238776, 0.14361615720775642, 0.12746832547964987, 0.15622192886073805], [0.1470752492914115, 0.14829474917867058, 0.15538739335941887, 0.12221445852795072, 0.13733294348691405, 0.1339724050287944, 0.15572280112684], [0.14858240156221028, 0.14841854929580078, 0.15655780718533283, 0.12263263862689279, 0.13830309144542904, 0.13214056275351133, 0.1533649491308229], [0.1492658313605423, 0.15380312596761014, 0.1500142384509363, 0.12277623207640119, 0.1331961124601609, 0.14010699113321232, 0.15083746855113697], [0.14844894764265404, 0.15792288137490545, 0.14865069426554145, 0.12092030178344612, 0.12931365956915147, 0.144882271981133, 0.1498612433831685], [0.14319115114247108, 0.1537266456182983, 0.14183518625981245, 0.12554969698987622, 0.12748559937524626, 0.15860452229801136, 0.14960719831628427], [0.1420593778401375, 0.13888615845682856, 0.16293909129061143, 0.12610118509251683, 0.14728119615539503, 0.1262241441277013, 0.15650884703680934], [0.14149830802761013, 0.13786583688603887, 0.1645518784226446, 0.12596486665325768, 0.14825819639263624, 0.12510712046628059, 0.15675379315153198], [0.14276541126789566, 0.13941553501806278, 0.1635007462149288, 0.12578846060023058, 0.14673777291508236, 0.12624596620337328, 0.1555461077804265], [0.14166255020994822, 0.13947878979814488, 0.1633697052694416, 0.12539370359065033, 0.14581982304019325, 0.1269517638818313, 0.15732366420979038], [0.1425272015283831, 0.14045349296118473, 0.16416871314706097, 0.12527756865075323, 0.14454692742930314, 0.1276629246642099, 0.15536317161910493], [0.14321852682633973, 0.14023896055922275, 0.16372987343903833, 0.1266594343044948, 0.14611308865947636, 0.12643380889743505, 0.15360630731399288], [0.14403025070547057, 0.14072217312467106, 0.16211531348743455, 0.12791790604997777, 0.14632185767563968, 0.12690294034041716, 0.15198955861638921], [0.1437492884651757, 0.14044038207490983, 0.16284395079031103, 0.12741919590387898, 0.14644728693766948, 0.12646188893535734, 0.15263800689269746], [0.1434251626843006, 0.13962096688160258, 0.1629927830294564, 0.1265914533438366, 0.14740301407000916, 0.12531431565646953, 0.15465230433432495], [0.14275959719828935, 0.14026423186885753, 0.16469958369279883, 0.12453563719079448, 0.14477796267586074, 0.1268635812965178, 0.1560994060768812], [0.14327463635827928, 0.14067561954718913, 0.1639593166400928, 0.1263444347278181, 0.14531645602276236, 0.12676554667688372, 0.15366399002697456], [0.14360822529523856, 0.14038070786984821, 0.16319234359978832, 0.12677564373511935, 0.14639997122626666, 0.1259800352274551, 0.15366307304628382], [0.14403344826509368, 0.14285098757596262, 0.16360057643175802, 0.12372453792872339, 0.14182815652120112, 0.12860413276824134, 0.15535816050901985], [0.14191407308463205, 0.1409118810225863, 0.1634565678312999, 0.12506095294994188, 0.1437155079174038, 0.12823680733338802, 0.15670420986074812], [0.14391543192532286, 0.1409258420780699, 0.1624394410292455, 0.12278165264737279, 0.144128796696329, 0.12793277371422604, 0.15787606190943382], [0.1432590387733607, 0.14008646464221083, 0.16460232355142768, 0.12473820128000934, 0.14550807247282266, 0.1259741296864311, 0.15583176959373773], [0.14300857158012084, 0.14029681220803977, 0.16503393776620123, 0.12445847321643813, 0.14486300593621798, 0.12633503609594024, 0.15600416319704172], [0.14234462346124954, 0.141944767408947, 0.1620813983805555, 0.12684018942304198, 0.14339965340435804, 0.12960383863348904, 0.15378552928835887], [0.143500643184033, 0.1405569513687648, 0.16296196461462992, 0.12586236325133568, 0.14585452121519785, 0.12624746997428127, 0.15501608639175737], [0.141330389953309, 0.14042969400558727, 0.1610031482063204, 0.12170928242141053, 0.1417142266468156, 0.13109468791899298, 0.16271857084756422], [0.1438239943799896, 0.14212323652705514, 0.16091222680739384, 0.12221837699263494, 0.1420959342142104, 0.13028517585627855, 0.15854105522243747], [0.14369030541013011, 0.1403261278876027, 0.1641932544367067, 0.12468673328901937, 0.14537957347416083, 0.12595840563825075, 0.15576559986412955], [0.14213692094978758, 0.1413308733190938, 0.1640563755817646, 0.12439219029569289, 0.14298077206307147, 0.12828771819249826, 0.15681514959809145], [0.14351118471266422, 0.141497775551538, 0.1654256424481086, 0.12382569025926046, 0.14308858204127117, 0.12740936287308918, 0.1552417621140683], [0.14364780785877707, 0.1411518836206386, 0.16405523882354558, 0.12342759420648193, 0.14372568078877165, 0.1269432045747878, 0.15704859012699737], [0.1410338779690318, 0.14120553583332407, 0.16086744855664092, 0.12058105466933142, 0.13991902390152258, 0.1317398795595223, 0.16465317951062694], [0.14301845950758504, 0.14080125329598941, 0.16226847007795353, 0.12417255611285669, 0.14439782574693547, 0.12706350962510574, 0.158277925633574], [0.14314846377491053, 0.1409821314170801, 0.1617351076304503, 0.12448648678739664, 0.14447449734483214, 0.12723125951548672, 0.1579420535298437], [0.14320288742254025, 0.14195717545113481, 0.16115679697791963, 0.12387241031008756, 0.14303559732386267, 0.12835346724248195, 0.1584216652719732], [0.1434808797103418, 0.14151823815340298, 0.16208977274427905, 0.12183840877415922, 0.1426185033541306, 0.12912189606660354, 0.15933230119708275], [0.14134375527806603, 0.1397882228495816, 0.16122956761726115, 0.1232289776648987, 0.14348819914172453, 0.1295385932393114, 0.16138268420915658], [0.14800253598005716, 0.13515592728247025, 0.1506690015133478, 0.1417970471109157, 0.15798298574094388, 0.1244097247198028, 0.14198277765246245], [0.14711727586448922, 0.15232505570029917, 0.1585115290712256, 0.12244471076090117, 0.1335643185538635, 0.13624312430623245, 0.14979398574298894], [0.142981524593575, 0.1534178128260698, 0.15382493269601039, 0.12447754642014279, 0.13084700604916746, 0.14639076848659002, 0.14806040892844444], [0.1429965230014443, 0.1530479892349078, 0.1525879498495, 0.12664947796584602, 0.13122776136722786, 0.1475124209908225, 0.1459778775902515], [0.14852682562431174, 0.16152164009908268, 0.14807802781226126, 0.12391279701819564, 0.1274905542915323, 0.14844088145547338, 0.14202927369914284], [0.15229344933516006, 0.15805216474162384, 0.14994967957978114, 0.1275792218562725, 0.13116788718932904, 0.1400422591900503, 0.1409153381077831], [0.14970295763650285, 0.16666666666666669, 0.14618449601267816, 0.12210223448288283, 0.12631338151130514, 0.14654928904453757, 0.1424809746454269], [0.14639970571837718, 0.15999782425609016, 0.14406799755449495, 0.12303411449434017, 0.1262339353902464, 0.1534386730689872, 0.14682774951746388], [0.14312664913953102, 0.13801318460854556, 0.14291171254315577, 0.16666666666666666, 0.1432524997098816, 0.12948356340612824, 0.13654572392609116], [0.14340633771649552, 0.13819464214311833, 0.14310232687590427, 0.16583915068474617, 0.14333364453981662, 0.12950825515403044, 0.13661564288588862], [0.14550179880356148, 0.15908157255513547, 0.14375550622525984, 0.1231336850088957, 0.12600230662593306, 0.15534573274591168, 0.14717939803530292], [0.1482817589008348, 0.15066965583998787, 0.15632865736172782, 0.1257222786624459, 0.1365334266033652, 0.13403979993977444, 0.14842442269186407], [0.14937668364457765, 0.1624150632402679, 0.14900049917860406, 0.12141921899273442, 0.12743426843725328, 0.1469143897289685, 0.14343987677759412], [0.14894928723958956, 0.14739864973446146, 0.15707609218434873, 0.12034797507273567, 0.13833707775226234, 0.13230894774791466, 0.1555819702686875], [0.14838903753493035, 0.1486228960118596, 0.15640660776925097, 0.11976500430204322, 0.1367748899907628, 0.13423961840546011, 0.15580194598569305], [0.1508606831089528, 0.1464550435607228, 0.15638360211934854, 0.12152385729228866, 0.14014512008166227, 0.13076275690220124, 0.1538689369348237], [0.15117425613163524, 0.14772495708454106, 0.15597921393352304, 0.12114230050248156, 0.1391270448609825, 0.13137976679570815, 0.15347246069112852], [0.1533794378437903, 0.14476670595896968, 0.15303267489607483, 0.1286387468140866, 0.14429756300425414, 0.12957351904358166, 0.14631135243924281], [0.15671983256977345, 0.15288321486564224, 0.1475179075101445, 0.12370535552378148, 0.13545611021622095, 0.13712541340922244, 0.1465921659052148], [0.1544189578479737, 0.1601067206619061, 0.14572776063988957, 0.12300505292025644, 0.12982359792665019, 0.14351728732898675, 0.14340062267433726], [0.15165388910857566, 0.15715709342402712, 0.14710713519683888, 0.12310409819469177, 0.12996676048033867, 0.14647645228768597, 0.14453457130784192], [0.16666666666666666, 0.14178565548924016, 0.14555115416381836, 0.13223151409521702, 0.1418507223167729, 0.13130460025239837, 0.14060968701588644], [0.14899450867638955, 0.13475379706365462, 0.15613501157257748, 0.1371776261739449, 0.15817510361996068, 0.12117300818110271, 0.14359094471237008], [0.14754128316749462, 0.1324508101159282, 0.1551742846864659, 0.135789445967197, 0.16666666666666669, 0.11913461575170138, 0.1432428936445463], [0.14330596174099697, 0.14149645982937067, 0.16248117724496955, 0.12352547286570406, 0.14324568182667466, 0.12762672080525492, 0.1583185256870293], [0.14555959586573675, 0.14431197930991618, 0.15184351925605388, 0.1302727930999628, 0.14209161020202818, 0.13437870312209213, 0.15154179914421], [0.14795725333541696, 0.14161040860380114, 0.1516332958654845, 0.13101326997241933, 0.14795026506232367, 0.13159308889969462, 0.14824241826085968], [0.15457645940649664, 0.1469265857997235, 0.15408106477516478, 0.12348272620282905, 0.1424028243091887, 0.12938739594707993, 0.1491429435595174], [0.16526128294866682, 0.14959662706294125, 0.14569087382629928, 0.12732166421183164, 0.13880808820554236, 0.13207286252473852, 0.14124860121998006], [0.1625840191086364, 0.15170210188623304, 0.1470590262665425, 0.12734677333633476, 0.13708008679968536, 0.13338474134407505, 0.1408432512584929], [0.16094982789739193, 0.14825900510979323, 0.14594858489097914, 0.12880838300115605, 0.14163804662159904, 0.1324376639078117, 0.14195848857126897], [0.16110189390795984, 0.14859417357543386, 0.14636218570519086, 0.12851636609818734, 0.1411728547800204, 0.13247554365186692, 0.14177698228134067], [0.16291784772501533, 0.15182418852878088, 0.14707310502517892, 0.12701560238599513, 0.1370484620095494, 0.13332391833035168, 0.14079687599512852], [0.16109760664922143, 0.15360244451184063, 0.147500716892049, 0.1261921307019706, 0.13574540296105958, 0.13490938857362278, 0.140952309710236], [0.16666666666666669, 0.15042129117327413, 0.1457115077816255, 0.12619149171198588, 0.13756943989931258, 0.13241011395129879, 0.14102948881583655], [0.16387041997017604, 0.1513749263156477, 0.14636427260229748, 0.1268867830917068, 0.13739331360612186, 0.133117301522592, 0.1409929828914582], [0.16420686035334853, 0.14955245858124347, 0.1457214521301963, 0.1279047550364498, 0.1389556330139532, 0.13228088851752637, 0.14137795236728218], [0.16262271450373028, 0.14798093454133218, 0.14691967140804854, 0.12889153424697314, 0.14072191719547583, 0.1313834037142299, 0.14147982439021012], [0.14736490550964051, 0.14877479933461743, 0.15035086110612883, 0.13856619230388098, 0.13730106024155048, 0.1370454601444835, 0.14059672135969828], [0.16289910816665296, 0.14862175679459966, 0.14670060828954998, 0.1288042207103937, 0.14013321000075904, 0.13161299124618242, 0.14122810479186226], [0.16009250150682217, 0.14735034236427355, 0.14649727850227973, 0.1296105287630135, 0.14272896587648523, 0.13187223357167677, 0.14184814941544902], [0.16478333884243374, 0.1493279096628395, 0.14578377578152618, 0.12747582451323955, 0.13914066555449087, 0.13206503949174841, 0.14142344615372174], [0.16072150001008062, 0.1483373763404341, 0.1458039221208065, 0.12857495160852053, 0.1413952487431839, 0.13287392528394146, 0.1422930758930329], [0.16174101584092151, 0.14875607827924814, 0.14568938379254492, 0.12812343554435027, 0.14072382664710978, 0.13283392468682687, 0.1421323352089985], [0.16666666666666666, 0.1392715091162135, 0.14632747187196787, 0.1367233133342728, 0.1482188780219877, 0.12514072897688083, 0.13765143201201063], [0.16196672499361772, 0.15284397273620084, 0.14625870020274903, 0.1264504374592385, 0.1362018223154881, 0.13492194632136204, 0.14135639597134367], [0.16050403707111363, 0.15117875496435296, 0.14642129148243604, 0.1282651653637466, 0.13846548417099871, 0.13396599255984196, 0.14119927438751], [0.160691951971761, 0.14764754448673623, 0.14631228154235018, 0.12919850334234614, 0.14219584791698986, 0.13204839274402316, 0.14190547799579337], [0.16049434070517998, 0.14851328500625197, 0.14683756152934574, 0.1287846045597793, 0.14134905839774692, 0.1323941399323881, 0.14162700986930793], [0.16059201091859895, 0.14875212663575837, 0.14714226654026205, 0.12845606303980106, 0.14085122933152944, 0.1325940295847621, 0.14161227394928802], [0.16048812509165764, 0.14915930190220508, 0.14687827986456262, 0.12834081766598215, 0.14064874333740857, 0.13290637819299936, 0.14157835394518456]]