[[0.1397486332263931, 0.1379554339630856, 0.16666666666666666, 0.12306921078965907, 0.14478165158198683, 0.12777921062878855, 0.15999919314342018], [0.1445861824523449, 0.13931664221950776, 0.1609109464612052, 0.12664471379834763, 0.14879176985880171, 0.1253416363927904, 0.1544081088170024], [0.14482172146059605, 0.13976266384915462, 0.16176384198963067, 0.12662191302854509, 0.14815336267517115, 0.1255386746707459, 0.15333782232615656], [0.14259791135604366, 0.1395928305846154, 0.16421833903955763, 0.1255001647082236, 0.14621703478428072, 0.12607774190995463, 0.1557959776173243], [0.1436572928905731, 0.1400622621004097, 0.16378009159384502, 0.12582457473656045, 0.14616173710906266, 0.12625224868101861, 0.1542617928885304], [0.1432413209215665, 0.14035665788116916, 0.16297351839170435, 0.12729314254851107, 0.14627973418741974, 0.12667156150320527, 0.1531840645664239], [0.14357644741323022, 0.14024080733328645, 0.16400730757959459, 0.12545732439070856, 0.1455954273881808, 0.1264804760557668, 0.15464220983923258], [0.14349330941059935, 0.14068200679708373, 0.16380529845142822, 0.12545803139295464, 0.14485374627338307, 0.12725109161395579, 0.15445651606059527], [0.1435584268031439, 0.13928632918647102, 0.1610533303236392, 0.1256577413293051, 0.14766784722644355, 0.12573288021498527, 0.157043444916012], [0.14300960998676385, 0.14064403021445265, 0.16526702417877262, 0.12491238236271314, 0.144414709069919, 0.12689871998235183, 0.15485352420502688], [0.14378431902953176, 0.14100596133265583, 0.1626984299402222, 0.1273574645117143, 0.14556576376585256, 0.12709035962335735, 0.15249770179666583], [0.1425145207948793, 0.14109461205299476, 0.16464142328117756, 0.12501739405727655, 0.14356486937698718, 0.12799151987448676, 0.15517566056219784], [0.14400611502121574, 0.1409162096293419, 0.16288638260706742, 0.1271200334067508, 0.14561481852365388, 0.12686834083154397, 0.15258809998042633], [0.14335623861022279, 0.14122251269523342, 0.16410720977077606, 0.125343002502149, 0.14405756197193187, 0.12774247817499787, 0.15417099627468894], [0.1431238955660156, 0.14177926035487792, 0.16320452765515797, 0.125840586313586, 0.14342703111402114, 0.12876811642857355, 0.1538565825677679], [0.1433025290554645, 0.14132991214260354, 0.16404082933091657, 0.12549388760249108, 0.14390183254150912, 0.12788728509568045, 0.15404372423133444], [0.14244410163978893, 0.14170658205201936, 0.16362186288860256, 0.12510106872667154, 0.14278367965671382, 0.1291123286152022, 0.15523037642100165], [0.1415874383730798, 0.13979489025769604, 0.16042046293485213, 0.12327614937583327, 0.1437042560799771, 0.12981219261531216, 0.16140461036324955], [0.142915395260729, 0.14045121185248188, 0.16181403282113127, 0.12206024918868312, 0.14375210786622092, 0.12830863299737086, 0.16069837001338289], [0.14331049737135879, 0.14076611703510541, 0.16412538382615374, 0.12521876761636955, 0.1449413691203752, 0.12670377640628058, 0.15493408862435668], [0.14276666591678833, 0.14101489171621992, 0.1643633617899595, 0.12506101173840856, 0.1441120743243604, 0.12745843109886448, 0.1552235634153988], [0.14335205310688245, 0.14075529399980533, 0.1583195208971641, 0.12355066935553707, 0.1436585912099881, 0.13084820380723233, 0.1595156676233906], [0.14223082724632294, 0.1412698197300965, 0.1644505862966174, 0.12462827753236513, 0.14312258421489887, 0.12826572220591562, 0.15603218277378353], [0.14279818091433527, 0.14135245357779158, 0.16473299766315866, 0.12492878688924668, 0.14335584824118433, 0.1279025165067586, 0.15492921620752478], [0.1435236157775409, 0.1405846129562467, 0.16469022566110209, 0.12396809971147935, 0.1444914218595549, 0.1266207777790928, 0.15612124625498322], [0.14281582618176686, 0.14098159886045847, 0.16552314741598062, 0.12460342021480002, 0.14356293638463022, 0.1273020503747443, 0.1552110205676194], [0.1431311455581342, 0.1403966406596756, 0.1649756523229269, 0.1246024975286275, 0.1448977168141778, 0.12618355224121933, 0.1558127948752387], [0.1432281655755173, 0.1411452856020808, 0.1650425230215699, 0.12492076010765496, 0.14388691148199773, 0.12729850303067697, 0.15447785118050233], [0.14312839420558154, 0.14189689194835234, 0.16330943356064695, 0.1257530751814427, 0.14333829554273173, 0.12866652098498726, 0.1539073885762576], [0.14286279909381489, 0.14061162993990808, 0.16666666666666669, 0.12408451582740349, 0.14382759497843375, 0.12652115815745624, 0.15542563533631695], [0.142759781209811, 0.1419291666055161, 0.16366264002947528, 0.12515189930924014, 0.1427657291731304, 0.12891100484965637, 0.15481977882317072], [0.14337402581698128, 0.14181459929237397, 0.16392279537862414, 0.12487761835364555, 0.14304079902324152, 0.12847665102012046, 0.1544935111150131], [0.14296474974559548, 0.14134732195463545, 0.16464577868617813, 0.12473082752327691, 0.1435016294393056, 0.12776633009423688, 0.15504336255677165], [0.14359109547724222, 0.1423575170947084, 0.16265373943188643, 0.12596287628115382, 0.1430119383792745, 0.1291034136845735, 0.15331941965116108], [0.14268025551655664, 0.14192345242808124, 0.16396301705039057, 0.12467311386982402, 0.14259655794022896, 0.12881154261124295, 0.1553520605836755], [0.14323097415240696, 0.14083966816351204, 0.1651007867309755, 0.12370777537116635, 0.14382626135518145, 0.12677765617224251, 0.15651687805451528], [0.14259054566378176, 0.13984100998615864, 0.16245441251387352, 0.12373819810195594, 0.14512711045028262, 0.12683243066393945, 0.15941629262000806], [0.14282740261582516, 0.14178126176437852, 0.16435847833825065, 0.12487260390584269, 0.14285756524859863, 0.12829107684803115, 0.15501161127907312], [0.1414502256581842, 0.14117059341437413, 0.15926830324655467, 0.12166130117211024, 0.14087764451166931, 0.13201409650251794, 0.16355783549458966], [0.1414502256581842, 0.14117059341437413, 0.15926830324655467, 0.12166130117211024, 0.14087764451166931, 0.13201409650251794, 0.16355783549458966], [0.1427078196041104, 0.14200256673700234, 0.16404939165241658, 0.12449005499392622, 0.14228021784918984, 0.1289036556259263, 0.15556629353742846], [0.14331404636318923, 0.14222246446443282, 0.16370799502542868, 0.12493323762983034, 0.1425702993594729, 0.128832241875723, 0.15441971528192303], [0.1433822357280918, 0.1410787786384782, 0.1653681388124827, 0.12382060619259205, 0.14363302045113938, 0.12672330768530235, 0.15599391249191347], [0.14035526792549882, 0.14126280669481786, 0.15959645227219088, 0.12062381742075473, 0.13951534403509466, 0.13197964498497647, 0.16666666666666669], [0.14284995849631932, 0.14217848348476625, 0.16356538472414833, 0.1247036552757548, 0.14235429068813205, 0.12898268253989936, 0.1553655447909799], [0.14243543392866112, 0.1411773065005445, 0.16099128546609706, 0.12374313926087296, 0.14336993142423618, 0.12833571239726052, 0.15994719102232763], [0.14322803125146757, 0.14185934840519293, 0.16406580958527792, 0.12326421580732244, 0.14240450638285443, 0.1280384326048418, 0.15713965596304297], [0.14126185403624975, 0.14192011865810875, 0.15863004345147072, 0.12101046121065479, 0.1396830740286664, 0.13306248715976574, 0.16443196145508399], [0.14085166165128443, 0.14333858607775088, 0.1580510231469951, 0.12140718967025833, 0.1384480731523442, 0.13476646001847578, 0.16313700628289127], [0.14309323473263658, 0.14138694099361554, 0.16076678307556008, 0.12377182117224778, 0.1435122318114442, 0.1280118874896413, 0.1594571007248546], [0.14089289155555512, 0.1428177253973989, 0.1576913825365593, 0.12107559320641743, 0.1384806746549216, 0.13477938193022782, 0.16426235071892], [0.14289218415169816, 0.14259830681844396, 0.16163121739645345, 0.12320114792671548, 0.1415652464545772, 0.1293188112342043, 0.1587930860179076], [0.14574570610912804, 0.14427413153697466, 0.1612577435670831, 0.1226050159614619, 0.14079802609754477, 0.1291805471489297, 0.15613882957887787], [0.1454125200333748, 0.14470183887730262, 0.1614209533193489, 0.12289061795858845, 0.1403502861499273, 0.1296852182775715, 0.1555385653838863], [0.14597664862496457, 0.14480026903554563, 0.16135884411949664, 0.12281381134581719, 0.14045146268376865, 0.12954643937926927, 0.15505252481113801], [0.14558567134107175, 0.14605957738418082, 0.16135537277943923, 0.12469681279873934, 0.1390543356545674, 0.13191736314263133, 0.15133086689937023], [0.1431570062245281, 0.14086046906292787, 0.16440694003868392, 0.12526840447600116, 0.1443700058337657, 0.127168036820628, 0.1547691375434653], [0.1429612953974158, 0.14095458398125554, 0.16533466436968686, 0.1249497238465662, 0.14396125013818786, 0.12712702253557226, 0.15471145973131553], [0.1434751497604815, 0.13963191225372687, 0.16300283917903532, 0.12612142075691948, 0.1468888940987053, 0.1261155295916371, 0.1547642543594945], [0.1430823832941896, 0.1398718920867896, 0.16417811849011435, 0.12502644929897663, 0.1457634337356371, 0.126221416145037, 0.1558563069492557], [0.14365626701562098, 0.141224714816146, 0.1621339788476719, 0.1223974555023096, 0.14344799105324108, 0.1283354646649064, 0.15880412810010403], [0.1423677620302552, 0.13877016303238168, 0.16666666666666666, 0.12185182638293608, 0.14604825114398529, 0.12604188639471403, 0.15825344434906102], [0.1404478321963006, 0.141069866335883, 0.16066501870924693, 0.121465156291042, 0.14055064238107456, 0.13118063681692496, 0.16462084726952797], [0.14118572002907526, 0.14115787157792284, 0.15913290801716815, 0.12189853937426494, 0.14091514842381225, 0.13247345354511905, 0.16323635903263745], [0.14121110063409895, 0.14201403648967442, 0.15984855231761244, 0.12103092909250417, 0.1399260580171361, 0.13177479934228276, 0.16419452410669105], [0.14227441416141198, 0.1418228562873584, 0.16054007299422848, 0.12089619925304533, 0.1409390685176091, 0.13045467977012712, 0.16307270901621954], [0.1415517038605381, 0.14381524602917448, 0.15782860764322923, 0.12186465118244633, 0.13885489767032022, 0.13428170572923132, 0.16180318788506048], [0.14172020696362417, 0.14395834965140838, 0.1578847344819301, 0.12182415500966054, 0.13879366207375451, 0.1343168717084967, 0.1615020201111256], [0.14174640393988144, 0.14386214903887634, 0.15779168355731168, 0.1217749744524558, 0.13889289723648746, 0.13395239816609594, 0.16197949360889136], [0.14145982784900152, 0.1443270327854443, 0.15693398442773668, 0.12110625271324245, 0.13770958945374845, 0.13569893466703095, 0.1627643781037957], [0.1437884538142407, 0.13633101857623897, 0.16666666666666666, 0.1267908064469381, 0.151853701673781, 0.12284309561095239, 0.15172625721118213], [0.14199936693046258, 0.13890382101637547, 0.16128152657607867, 0.12605739794842896, 0.14746585834678794, 0.12648427695144562, 0.15780775223042068], [0.14382148423540522, 0.13987419546666333, 0.16265228625930378, 0.12762496633633735, 0.14744145047973053, 0.12584174651614544, 0.15274387070641435], [0.1439832699189072, 0.1396094492025592, 0.16273893003800113, 0.1269690795050271, 0.14785215677670366, 0.12531468881371907, 0.15353242574508272], [0.14374471706260172, 0.14006034843628776, 0.162865434506841, 0.12762381539958229, 0.14704024026454998, 0.1259660570737721, 0.1526993872563652], [0.1436705061695616, 0.1401344376432366, 0.1631726231770862, 0.12725237996930053, 0.14670178259910016, 0.12611078990586388, 0.15295748053585087], [0.1432136182774963, 0.1391957758289812, 0.16218901293111623, 0.12691294043280785, 0.14823631642596663, 0.12521701765775647, 0.15503531844587537], [0.14326402459539478, 0.13991838749455193, 0.16373379686563921, 0.12667004570754245, 0.1466935398465265, 0.12592564938167103, 0.15379455610867412], [0.1450789734555159, 0.13989203679736775, 0.1610435546922466, 0.1257792021618311, 0.147705055659265, 0.12588570998442927, 0.15461546724934436], [0.14367037673878263, 0.140283424504122, 0.1620524717589682, 0.12817986384091853, 0.14720285697373742, 0.1261538575390523, 0.15245714864441892], [0.143736876480698, 0.14019619020619198, 0.16107975791811574, 0.12872504243210495, 0.14783186027972145, 0.12606403857781878, 0.15236623410534897], [0.14449774473635546, 0.1401895454801547, 0.16267459663138276, 0.1269867402871638, 0.14707283632630225, 0.12579293038436012, 0.15278560615428108], [0.14347899411428638, 0.1397288474054025, 0.16374603615903363, 0.12597394814297513, 0.14665065398663213, 0.1256080254877102, 0.15481349470395994], [0.1435271214392874, 0.13999527077578067, 0.16372797323486435, 0.12672850912882475, 0.14669095569565496, 0.12570667934592578, 0.15362349037966208], [0.14433698184951738, 0.13628440848478587, 0.16666666666666666, 0.13072571906564293, 0.15348149196198416, 0.12028564913796282, 0.1482190828334402], [0.14367314831047182, 0.13998567865643785, 0.1638583900898635, 0.12506991376236926, 0.14626611020352895, 0.12588067676814632, 0.1552660822091823], [0.14474677522469184, 0.14070182444745075, 0.16295174205203328, 0.12574204410743725, 0.14602882619829974, 0.12650634225287594, 0.1533224457172113], [0.14374811486005737, 0.13971331443900808, 0.16316587579131317, 0.1263660788560205, 0.14726932581768482, 0.12524190049429954, 0.15449538974161653], [0.14344520695237603, 0.1402218806055743, 0.16429211520420126, 0.12611650789670958, 0.1460080956179133, 0.12603272262570778, 0.15388347109751785], [0.14399192085161241, 0.1413046226358539, 0.16155449613124417, 0.12810481903007495, 0.14572749623592315, 0.12752122452093198, 0.15179542059435946], [0.14124279434715645, 0.1411143090101956, 0.16190119553631177, 0.12466143171557244, 0.1429372454405597, 0.1293128002687987, 0.1588302236814054], [0.14382648400922204, 0.14106231067123956, 0.16433120852153427, 0.12520400241827123, 0.14467509610594786, 0.12699189230135005, 0.15390900597243493], [0.14525811935991972, 0.14203012968390943, 0.1625065742827469, 0.1240893375997975, 0.14404561177821926, 0.1280606083666545, 0.15400961892875267], [0.1448489861048632, 0.14110405097086187, 0.1638194961008776, 0.12478767154062308, 0.14508905196311503, 0.12645503779009085, 0.15389570552956847], [0.14408855880462432, 0.14165162231823392, 0.16300879913728608, 0.12670466850494647, 0.14450407279461033, 0.1274876336852125, 0.1525546447550864], [0.14318747892337222, 0.14069826710829803, 0.16261129604929542, 0.12433205617407686, 0.14483257971497107, 0.12683430402925386, 0.15750401800073238], [0.1415616098189679, 0.14180175586180452, 0.16164875637689324, 0.12386521295561388, 0.14188035204172822, 0.1298399231215158, 0.15940238982347643], [0.14358991352323092, 0.14412836419189104, 0.16098919651638907, 0.12607896419140657, 0.14083757721116671, 0.13171066708309737, 0.15266531728281818], [0.1454294230264681, 0.14358314818744045, 0.16181913436099815, 0.12639903482952713, 0.14273370908719654, 0.12828283493259635, 0.15175271557577322], [0.1450212091426662, 0.14345241563256733, 0.16278510900842041, 0.12396932132676203, 0.14206612014242198, 0.12833366206554836, 0.1543721626816135], [0.14559813431849733, 0.14438803639012657, 0.1620541885355642, 0.12452469854041169, 0.14130345064753805, 0.12938085132766575, 0.15275064024019638], [0.14365060225645893, 0.14519124890332133, 0.16666666666666666, 0.12361991577150043, 0.1382742493391009, 0.13038870574247477, 0.15220861132047692], [0.14551337790756963, 0.14705053717017957, 0.15942347969832976, 0.12337564389428357, 0.13770178757091522, 0.13434712486977377, 0.15258804888894859], [0.1412223400075757, 0.14663082851869888, 0.15070794116036698, 0.12525907169475697, 0.13583399361528767, 0.14486077243595744, 0.15548505256735637], [0.1429132657142932, 0.14693721519064842, 0.15352828333190652, 0.12252922113792503, 0.1362244352112117, 0.13997496229168674, 0.15789261712232822], [0.14268787592321752, 0.15463435596489405, 0.1453547197063183, 0.12959937793100526, 0.12884253139639712, 0.15718876940394244, 0.14169236967422527], [0.1424166499096781, 0.14822858166066294, 0.14411301983745356, 0.13545244935740883, 0.13604070533982626, 0.15108044832502207, 0.1426681455699482], [0.14141685510332908, 0.14918628146941745, 0.14256448887122852, 0.13269232096379105, 0.13230256644484198, 0.15872308152064948, 0.14311440562674238], [0.15084112449317685, 0.1589056065503079, 0.14478674194008204, 0.12353018171180681, 0.12942426282534542, 0.14865927324271205, 0.14385280923656898], [0.1513965897909235, 0.15706810741119479, 0.14714182844153711, 0.1244370989334263, 0.13076184113112196, 0.14587509410926744, 0.14331944018252898], [0.14227090314080976, 0.15225039150856665, 0.1444288039701384, 0.12898806541075897, 0.12966056222432748, 0.16006744384310342, 0.14233382990229526], [0.1420237392514742, 0.15165039652656828, 0.14431993738134885, 0.12969148062639146, 0.13010914495461812, 0.15981480724403976, 0.14239049401555942], [0.1417912759584588, 0.15267702594781757, 0.14260573603597962, 0.12645132185667504, 0.12768384900634555, 0.16666666666666666, 0.1421241245280567], [0.14260599131662852, 0.13929723513711742, 0.16296433185215214, 0.12571839410583713, 0.14688473597952326, 0.12614004607623264, 0.15638926553250884], [0.1414651912191803, 0.13952909186528642, 0.16314196552072188, 0.12567248993254188, 0.14569082135753267, 0.12726332251936598, 0.15723711758537096], [0.14228813291818534, 0.13925191311838037, 0.1625858284366801, 0.1256193307724384, 0.14685788191181495, 0.12639693398214358, 0.15699997886035721], [0.14199562929777015, 0.13932061023091002, 0.16265300882198067, 0.12594845166172444, 0.14672305417678763, 0.12656303646478131, 0.1567962093460458], [0.14344463199259783, 0.13866637250147057, 0.1597889760784695, 0.12827556054627462, 0.1503120669124979, 0.12497757179367862, 0.15453482017501083], [0.14312486084384826, 0.1393684879481556, 0.1626115619957219, 0.1269100032352704, 0.14778864914113188, 0.12550353529804587, 0.15469290153782622], [0.1435783629294441, 0.13916504819929632, 0.16194719874690586, 0.12688478967051406, 0.14850493538212803, 0.12506189882067215, 0.15485776625103964], [0.14215650647309494, 0.13968790960409966, 0.16349330549079255, 0.1252103406647469, 0.14578011827122028, 0.12658155900797838, 0.15709026048806732], [0.14357287163494373, 0.1402562839216298, 0.1631922372711175, 0.12709198162848984, 0.14654157679570617, 0.1261903254677282, 0.15315472328038465], [0.1436488387146674, 0.1399555733329911, 0.16406098460779503, 0.1258352422251369, 0.14648379595740962, 0.12570366340801237, 0.1543119017539874], [0.14409668334736744, 0.13956248959806805, 0.16195500593636553, 0.12693387592924538, 0.14827829527265282, 0.12502014140310283, 0.154153508513198], [0.1424785188971212, 0.14031373384501827, 0.16503227805717563, 0.12413967927621418, 0.14426627753133547, 0.12702560254301612, 0.15674390985011902], [0.14233740114803314, 0.14055010774374413, 0.16373759859563378, 0.12531449960292051, 0.14473353855261256, 0.12725106248102314, 0.15607579187603265], [0.1423382668568817, 0.14078731626622976, 0.16527692576635636, 0.12429107956238776, 0.14361615720775642, 0.12746832547964987, 0.15622192886073805], [0.1471102617518834, 0.14832758223115072, 0.15510969548470024, 0.12229390051780453, 0.1373853667395891, 0.13403083400926727, 0.15574235926560476], [0.14858240156221028, 0.14841854929580078, 0.15655780718533283, 0.12263263862689279, 0.13830309144542904, 0.13214056275351133, 0.1533649491308229], [0.14937150186479592, 0.15388124272512452, 0.15011536408402495, 0.12304276665784344, 0.13339936996351792, 0.1402682807642592, 0.14992147394043404], [0.1487201370241289, 0.15805304156246222, 0.1489188804421802, 0.1216012832159214, 0.12986969728592873, 0.1452065549779663, 0.14763040549141226], [0.1441930879798888, 0.154278926728034, 0.1428949957844042, 0.1273045724693818, 0.1291578503896342, 0.15894861524980233, 0.14322195139885463], [0.14213827090992873, 0.13897522513900082, 0.16241669464661204, 0.1262312414913141, 0.14734334762964976, 0.1263538063093293, 0.15654141387416529], [0.14203021091917184, 0.1384745076722188, 0.16107427302134947, 0.12682505008553374, 0.1486472372001202, 0.12598543132925732, 0.15696328977234872], [0.14276541126789566, 0.13941553501806278, 0.1635007462149288, 0.12578846060023058, 0.14673777291508236, 0.12624596620337328, 0.1555461077804265], [0.14177821416497616, 0.13960455538449817, 0.16261399025443926, 0.1255846239198432, 0.1459162562970076, 0.12713547694114274, 0.15736688303809285], [0.1425272015283831, 0.14045349296118473, 0.16416871314706097, 0.12527756865075323, 0.14454692742930314, 0.1276629246642099, 0.15536317161910493], [0.14321852682633973, 0.14023896055922275, 0.16372987343903833, 0.1266594343044948, 0.14611308865947636, 0.12643380889743505, 0.15360630731399288], [0.14403025070547057, 0.14072217312467106, 0.16211531348743455, 0.12791790604997777, 0.14632185767563968, 0.12690294034041716, 0.15198955861638921], [0.1437492884651757, 0.14044038207490983, 0.16284395079031103, 0.12741919590387898, 0.14644728693766948, 0.12646188893535734, 0.15263800689269746], [0.1434251626843006, 0.13962096688160258, 0.1629927830294564, 0.1265914533438366, 0.14740301407000916, 0.12531431565646953, 0.15465230433432495], [0.14275959719828935, 0.14026423186885753, 0.16469958369279883, 0.12453563719079448, 0.14477796267586074, 0.1268635812965178, 0.1560994060768812], [0.14327463635827928, 0.14067561954718913, 0.1639593166400928, 0.1263444347278181, 0.14531645602276236, 0.12676554667688372, 0.15366399002697456], [0.14360822529523856, 0.14038070786984821, 0.16319234359978832, 0.12677564373511935, 0.14639997122626666, 0.1259800352274551, 0.15366307304628382], [0.14403344826509368, 0.14285098757596262, 0.16360057643175802, 0.12372453792872339, 0.14182815652120112, 0.12860413276824134, 0.15535816050901985], [0.14191407308463205, 0.1409118810225863, 0.1634565678312999, 0.12506095294994188, 0.1437155079174038, 0.12823680733338802, 0.15670420986074812], [0.14394519186820434, 0.14095951257895428, 0.1622269607598584, 0.12283905680698942, 0.14415827754563731, 0.1279834399068502, 0.157887560533506], [0.1432590387733607, 0.14008646464221083, 0.16460232355142768, 0.12473820128000934, 0.14550807247282266, 0.1259741296864311, 0.15583176959373773], [0.14300857158012084, 0.14029681220803977, 0.16503393776620123, 0.12445847321643813, 0.14486300593621798, 0.12633503609594024, 0.15600416319704172], [0.14239334472497026, 0.14199428965357255, 0.1617567212764146, 0.1269199687526183, 0.14344626126043214, 0.12967808189519156, 0.1538113324368004], [0.143500643184033, 0.1405569513687648, 0.16296196461462992, 0.12586236325133568, 0.14585452121519785, 0.12624746997428127, 0.15501608639175737], [0.14148944763755097, 0.14059440613595298, 0.15999239243509572, 0.12199151873847203, 0.1418708746567283, 0.1313180039423978, 0.16274335645380214], [0.143861399024099, 0.14216342614489297, 0.1606487346686, 0.12229116061600721, 0.14213616853930852, 0.1303447501783567, 0.15855436082873556], [0.14369030541013011, 0.1403261278876027, 0.1641932544367067, 0.12468673328901937, 0.14537957347416083, 0.12595840563825075, 0.15576559986412955], [0.14213692094978758, 0.1413308733190938, 0.1640563755817646, 0.12439219029569289, 0.14298077206307147, 0.12828771819249826, 0.15681514959809145], [0.14351118471266422, 0.141497775551538, 0.1654256424481086, 0.12382569025926046, 0.14308858204127117, 0.12740936287308918, 0.1552417621140683], [0.14364780785877707, 0.1411518836206386, 0.16405523882354558, 0.12342759420648193, 0.14372568078877165, 0.1269432045747878, 0.15704859012699737], [0.14128763398855146, 0.14145759249750336, 0.15927491471658387, 0.12103728678654348, 0.14018381660276477, 0.13208564304922552, 0.16467311235882764], [0.14321109520651534, 0.14101195011326875, 0.16094664893787589, 0.12451870847154871, 0.14457922527993528, 0.12738611259391544, 0.15834625939694075], [0.14328425617965776, 0.14113043206838452, 0.1608012608013248, 0.12473003209929144, 0.14460263332752776, 0.12745895670790797, 0.15799242881590578], [0.1432273475610622, 0.14198293419918856, 0.1609887968643479, 0.12391702176962846, 0.14306023185624267, 0.12839340736275773, 0.15843026038677246], [0.1436556100070147, 0.1417077591035979, 0.16086824879373995, 0.12217623879112786, 0.1427997326010806, 0.12940483703029917, 0.15938757367313983], [0.14148578586011504, 0.13993897806731023, 0.16032526680521117, 0.12347261000863312, 0.14361820201473752, 0.12974683635157924, 0.16141232089241392], [0.14271732886303504, 0.13628118356914917, 0.15124028208745532, 0.14268514736813967, 0.15829308213170276, 0.1259187305543464, 0.14286424542617163], [0.14711727586448922, 0.15232505570029917, 0.1585115290712256, 0.12244471076090117, 0.1335643185538635, 0.13624312430623245, 0.14979398574298894], [0.14302773562498, 0.15344366207785048, 0.15384998763424895, 0.12455985974360295, 0.1309168922021238, 0.14643032789327093, 0.14777153482392288], [0.14299756941407318, 0.15304859129107842, 0.15258857224314848, 0.12665124705065686, 0.13122932805472173, 0.14751326776407642, 0.1459714241822449], [0.14868323548195167, 0.16156600282922517, 0.14762679819311084, 0.12428144008676828, 0.12782834832981377, 0.148598032362342, 0.14141614271678818], [0.15232265051560945, 0.1580696662946438, 0.14964503605072657, 0.12765863341061615, 0.13124000787333057, 0.14009635035900375, 0.14096765549606968], [0.14987042148577676, 0.16666666666666666, 0.14638669372386873, 0.12254216960207953, 0.1267117446552938, 0.14674788555948062, 0.1410744183068339], [0.14699302890547974, 0.16019305721891194, 0.14472958240760242, 0.12431147447852105, 0.12741761936957585, 0.15382592774127737, 0.1425293098786317], [0.14007173758533603, 0.1386247678038032, 0.14341874099842644, 0.16666666666666666, 0.14375225436492423, 0.13027720381100286, 0.1371886287698406], [0.1403105495969335, 0.13880928272779133, 0.14361102268622322, 0.16585701470795722, 0.14383734677392973, 0.13031041334825216, 0.13726437015891282], [0.14616205465397553, 0.15931819594420987, 0.14447023914110216, 0.12449173297836194, 0.12727086553184722, 0.1556988987992826, 0.14258801295122084], [0.1482817589008348, 0.15066965583998787, 0.15632865736172782, 0.1257222786624459, 0.1365334266033652, 0.13403979993977444, 0.14842442269186407], [0.14951877615985365, 0.1624500037618428, 0.1484656201325804, 0.12179107150650467, 0.12775668807974833, 0.14707671786479837, 0.1429411224946716], [0.14909296177918288, 0.14755489877078226, 0.15580232394347587, 0.12072358461006674, 0.13856680928004828, 0.1325875628482711, 0.15567185876817277], [0.14842929864495788, 0.14866264198932796, 0.15606208257952045, 0.11986831709908748, 0.13684073420398069, 0.13431104719682596, 0.15582587828629957], [0.15096213909172618, 0.1465847786118932, 0.15537980175572488, 0.12181362148655764, 0.14031535748344287, 0.1309932181346364, 0.1539510834360187], [0.1512816603565543, 0.14785627426282716, 0.1548978569337111, 0.12145790724758684, 0.13931796878001468, 0.13162440026458422, 0.15356393215472164], [0.15342543296039313, 0.14484251493763456, 0.15250293646681148, 0.12877038439112393, 0.14437499596977083, 0.12970192080988177, 0.1463818144643843], [0.15674026123075724, 0.15291152311541162, 0.1472149374100906, 0.12379358883019902, 0.135520209996174, 0.13718608479892824, 0.14663339461843944], [0.1545003000206287, 0.16015028801547615, 0.14586682469949866, 0.12329502801489102, 0.13006828820325253, 0.14367103206923304, 0.14244823897701997], [0.15190862448230644, 0.15731845095327915, 0.14543386807625894, 0.12384326369004686, 0.1305894809784001, 0.14681903791420534, 0.1440872739055031], [0.15134058364892614, 0.14407362614646357, 0.14749286274930312, 0.13539805013744863, 0.1441327096563935, 0.13455637204566198, 0.14300579561580304], [0.1434544262628744, 0.13594041749163596, 0.1565266114891804, 0.13827412104530962, 0.15849084652563036, 0.12286460486839912, 0.1444489723169701], [0.14189065403331205, 0.13376123057402553, 0.15561442718112453, 0.13697200124339678, 0.16666666666666666, 0.12095502822163118, 0.1441399920798433], [0.14330596174099697, 0.14149645982937067, 0.16248117724496955, 0.12352547286570406, 0.14324568182667466, 0.12762672080525492, 0.1583185256870293], [0.14559263765908792, 0.14434697416860778, 0.15186672396210596, 0.1303297654226968, 0.1421300809090702, 0.1344292479006278, 0.15130456997780362], [0.14795725333541696, 0.14161040860380114, 0.1516332958654845, 0.13101326997241933, 0.14795026506232367, 0.13159308889969462, 0.14824241826085968], [0.15458270794575407, 0.14693678799622747, 0.15400143160086413, 0.12350504480675976, 0.142415364505419, 0.12940666286133276, 0.1491520002836426], [0.16526211205654248, 0.1496066975540763, 0.14560492331374147, 0.12734487584505727, 0.13882452340861978, 0.13209327118259906, 0.14126359663936355], [0.1625840191086364, 0.15170210188623304, 0.1470590262665425, 0.12734677333633476, 0.13708008679968536, 0.13338474134407505, 0.1408432512584929], [0.16094982789739193, 0.14825900510979323, 0.14594858489097914, 0.12880838300115605, 0.14163804662159904, 0.1324376639078117, 0.14195848857126897], [0.16111281949332174, 0.14862965616826054, 0.14607482580335668, 0.1285912684137922, 0.14122290800412218, 0.13254267272421438, 0.14182584939293233], [0.16291784772501533, 0.15182418852878088, 0.14707310502517892, 0.12701560238599513, 0.1370484620095494, 0.13332391833035168, 0.14079687599512852], [0.16109760664922143, 0.15360244451184063, 0.147500716892049, 0.1261921307019706, 0.13574540296105958, 0.13490938857362278, 0.140952309710236], [0.16666666666666666, 0.1504278052770468, 0.1456530800842815, 0.12620772153012583, 0.1375811073646006, 0.13242385021361994, 0.1410397688636586], [0.16387041997017604, 0.1513749263156477, 0.14636427260229748, 0.1268867830917068, 0.13739331360612186, 0.133117301522592, 0.1409929828914582], [0.16420686035334853, 0.14955245858124347, 0.1457214521301963, 0.1279047550364498, 0.1389556330139532, 0.13228088851752637, 0.14137795236728218], [0.16262271450373028, 0.14798093454133218, 0.14691967140804854, 0.12889153424697314, 0.14072191719547583, 0.1313834037142299, 0.14147982439021012], [0.14753416967674732, 0.14893169962974112, 0.149032379695449, 0.13881261558876304, 0.1375585779298431, 0.13730521928303502, 0.14082533819642137], [0.16289910816665296, 0.14862175679459966, 0.14670060828954998, 0.1288042207103937, 0.14013321000075904, 0.13161299124618242, 0.14122810479186226], [0.16009250150682217, 0.14735034236427355, 0.14649727850227973, 0.1296105287630135, 0.14272896587648523, 0.13187223357167677, 0.14184814941544902], [0.16478333884243374, 0.1493279096628395, 0.14578377578152618, 0.12747582451323955, 0.13914066555449087, 0.13206503949174841, 0.14142344615372174], [0.16072150001008062, 0.1483373763404341, 0.1458039221208065, 0.12857495160852053, 0.1413952487431839, 0.13287392528394146, 0.1422930758930329], [0.16174101584092151, 0.14875607827924814, 0.14568938379254492, 0.12812343554435027, 0.14072382664710978, 0.13283392468682687, 0.1421323352089985], [0.15096426409043182, 0.14185252787119307, 0.14824371722042481, 0.13954440886531894, 0.14995692564562796, 0.12905307092264479, 0.14038508538435862], [0.16196672499361772, 0.15284397273620084, 0.14625870020274903, 0.1264504374592385, 0.1362018223154881, 0.13492194632136204, 0.14135639597134367], [0.16050403707111363, 0.15117875496435296, 0.14642129148243604, 0.1282651653637466, 0.13846548417099871, 0.13396599255984196, 0.14119927438751], [0.160691951971761, 0.14764754448673623, 0.14631228154235018, 0.12919850334234614, 0.14219584791698986, 0.13204839274402316, 0.14190547799579337], [0.1605099475805867, 0.14855918627062986, 0.1464662792052894, 0.12888039026959772, 0.14141307458229624, 0.13248079884475805, 0.14169032324684208], [0.16061596204074238, 0.14882275999412772, 0.14656211475149813, 0.128606719615679, 0.14095301430806847, 0.13272837100695, 0.1417110582829343], [0.1604985921832742, 0.14918896119780567, 0.14662945279216105, 0.12840574563772134, 0.1406928204037928, 0.1329635716306682, 0.14162085615457687]]