[[0.1594672931284877, 0.1426046956441662, 0.14100175875774718, 0.13190525505023637, 0.12769499652980695, 0.14710369970762122, 0.1502223011819344], [0.16191660288358758, 0.14507692617512186, 0.13992450265793663, 0.12626009447566694, 0.12753421069310608, 0.14918904345654535, 0.15009861965803567], [0.16235573744321227, 0.14515422706978515, 0.14017217423071313, 0.12616469079961803, 0.12723144100298794, 0.14843515680940797, 0.15048657264427556], [0.165035799922623, 0.1431706056918689, 0.14023702810846528, 0.12704351878563486, 0.12647968451276176, 0.1467036153405916, 0.1513297476380546], [0.16368942595754243, 0.14419465571340143, 0.14068358357036836, 0.12719609034933446, 0.12677840433763274, 0.14664061093397388, 0.15081722913774673], [0.1628873081391274, 0.14346132433416064, 0.14060375313351572, 0.12704718283741173, 0.12766292619081498, 0.1464712017869406, 0.1518663035780289], [0.16375804002860436, 0.14418299512841046, 0.14093497764082696, 0.12753611099059795, 0.12653983608655753, 0.14614893932759124, 0.15089910079741145], [0.16310017426344134, 0.14413907570923984, 0.14140611498045969, 0.12834947583723927, 0.1266063823883964, 0.14546160160954602, 0.15093717521167727], [0.16110434494701217, 0.14445876792997833, 0.14035311938968936, 0.12732773865669994, 0.12725552732540737, 0.148408077490815, 0.15109242426039782], [0.164591913217226, 0.1435539850511873, 0.1412428398883195, 0.12781382446179682, 0.1258731946698177, 0.14492675124888404, 0.15199749146276853], [0.1621489950000935, 0.14394615041158923, 0.141187442161224, 0.12737025609932712, 0.12763547193530525, 0.14571499619310394, 0.15199668819935697], [0.16355615189639242, 0.14316762103334002, 0.1417861081649667, 0.12903733782070836, 0.12614363559363143, 0.1441895670497677, 0.1521195784411932], [0.16229374829631008, 0.14424193422838147, 0.14118418423374288, 0.12728250593183832, 0.12753157924408703, 0.14583389660331111, 0.15163215146232892], [0.16318525436673278, 0.14384427298629626, 0.14175521942108585, 0.1285574070985981, 0.12620816759516093, 0.14453091322385042, 0.1519187653082756], [0.162072323400903, 0.14358450299983738, 0.1422661751834996, 0.129509590484287, 0.1266393366401316, 0.1438817077894683, 0.15204636350187323], [0.16285669730879024, 0.14383028455197228, 0.14190222564658375, 0.12876324431642427, 0.12642390953692792, 0.14441605080783534, 0.15180758783146622], [0.1625013316231294, 0.14310732245818708, 0.1423899963694975, 0.1301405772250937, 0.12623914678951847, 0.14343760273104378, 0.15218402280352997], [0.15679217059459086, 0.1439215545948919, 0.14229583839257642, 0.13324222741234046, 0.12731449174808443, 0.1458413607155295, 0.1505923565419864], [0.16064745050556017, 0.14446546445615338, 0.14216210000903542, 0.13081197714984272, 0.12497137897492168, 0.14524757104022312, 0.1516940578642634], [0.16451993592256353, 0.14357975714197435, 0.1410647094953858, 0.12716448546043227, 0.1256965964781865, 0.145191827513612, 0.15278268798784536], [0.16415563121821794, 0.14315389459948633, 0.14143050270832325, 0.12809368435967916, 0.1257351080750264, 0.14447750465103296, 0.1529536743882339], [0.1564194336429798, 0.14520783425432016, 0.14281777025642825, 0.1336992580584335, 0.126982587914161, 0.1454899727407967, 0.14938314313288062], [0.16363363149995885, 0.14288829990511856, 0.141953149334338, 0.12929894110298587, 0.12575936580808053, 0.1437560631890478, 0.15271054916047028], [0.16356564789290318, 0.14336292568642867, 0.14195140525197578, 0.12881970293301997, 0.12591633380140288, 0.14390739822117096, 0.15247658621309865], [0.16480300967585, 0.1441726265286652, 0.14131604345564627, 0.12774380224768506, 0.1251655143973943, 0.14511329199921705, 0.1516857116955421], [0.1641352267069537, 0.14350619291027564, 0.14172505761798632, 0.1284414660437922, 0.12582094820346015, 0.14423167787830032, 0.15213943063923172], [0.16577959483170776, 0.1435360019865456, 0.14084853585479026, 0.12687994001362837, 0.125326082496336, 0.14527218480436604, 0.15235766001262596], [0.16380833879625695, 0.14375315268577665, 0.14171692608552386, 0.12818029058113087, 0.12585580551710093, 0.14439714367646733, 0.15228834265774344], [0.16222251616507646, 0.1435039008642724, 0.14229204479384588, 0.12927273827464963, 0.12640577074604112, 0.14371045364005736, 0.1525925755160572], [0.16507201417114925, 0.14358866728425027, 0.14140614462550263, 0.12774534357717865, 0.12538300350718679, 0.14452404296474622, 0.15228078386998614], [0.16261443267939765, 0.1432467517792624, 0.1424330563536526, 0.12968006764406448, 0.1259975330885617, 0.14325257858572557, 0.1527755798693357], [0.16263270864659493, 0.14395076755792494, 0.14242995350214327, 0.12942226196448664, 0.1259123438118692, 0.14362579168783057, 0.15202617282915057], [0.16367774154556605, 0.1434763018337639, 0.14189378255111915, 0.12860590557964371, 0.12563591744297978, 0.14400159419766745, 0.15270875684926], [0.16150429354654597, 0.14390728038968414, 0.14269060468183037, 0.12961811097018697, 0.12652060567790202, 0.14333605898851057, 0.15242304574533988], [0.1629123794232299, 0.14321686724958005, 0.1424769949730682, 0.1296584181023729, 0.12561257217399047, 0.14313504211265984, 0.15298772596509866], [0.16512920760631142, 0.14385795151884592, 0.14153062037218597, 0.12784481075854, 0.12485705877779928, 0.14443731294505363, 0.1523430380212639], [0.1602487792641225, 0.14403633050287573, 0.1414519060155801, 0.12922449932328592, 0.1263160771967214, 0.14642057312289208, 0.15230183457452232], [0.16318012841323593, 0.14332661726344686, 0.14230238349920746, 0.12909469463202514, 0.12574780744691375, 0.14335614826480506, 0.15299222048036573], [0.15762343684962765, 0.1438034015378418, 0.14354986432667677, 0.1352478435745567, 0.12586116190984636, 0.14328425315539828, 0.15063003864605246], [0.15762343684962765, 0.1438034015378418, 0.14354986432667677, 0.1352478435745567, 0.12586116190984636, 0.14328425315539828, 0.15063003864605246], [0.16278144986358448, 0.14335832522971903, 0.1426722206528577, 0.1299289575136918, 0.125635190362527, 0.142942333271646, 0.15268152310597397], [0.16234767124629396, 0.1438032836536993, 0.14273457039082088, 0.1296248729052256, 0.12580755278077876, 0.14307511814637158, 0.1526069308768099], [0.16512702212809863, 0.14390163801484543, 0.14164956379488153, 0.12761431816566463, 0.12477636679706317, 0.14414682852092556, 0.15278426257852099], [0.15851093798102198, 0.14300296142515417, 0.14381917534611188, 0.13547017024106323, 0.12525706986975024, 0.14224755835580954, 0.15169212678108895], [0.1626826697741611, 0.14330812824378594, 0.14264957061503292, 0.12970762157712507, 0.12551091134970083, 0.14282199575814958, 0.15331910268204457], [0.1611601447865334, 0.1434230792500724, 0.14221623207177028, 0.1298980508906724, 0.12549266729682423, 0.14431948738843836, 0.1534903383156889], [0.16388540970601803, 0.1438275262054262, 0.1424938504508775, 0.12902643514808626, 0.12437432950714733, 0.14302506480720914, 0.15336738417523554], [0.15942333545692255, 0.14325523799399462, 0.14386185200318216, 0.1356992329337548, 0.1245928669875253, 0.14180033666978153, 0.15136713795483894], [0.15841730523609546, 0.14255573976719596, 0.1448784994573572, 0.13687222927979673, 0.124394819703304, 0.14031081490431777, 0.15257059165193274], [0.1615576741104029, 0.14390396708083214, 0.14225635582527893, 0.12934129425480267, 0.1252470513767635, 0.1443085541031601, 0.15338510324875987], [0.15941010913917816, 0.1427261846598448, 0.1445141047358959, 0.1370475300369688, 0.12431849418741521, 0.14048554916670467, 0.15149802807399246], [0.16192779120020506, 0.14351075369375352, 0.1432245225234531, 0.13029053567939727, 0.12433204303685058, 0.14221834054382837, 0.1544960133225121], [0.16091091086278958, 0.14600728832564025, 0.14455411337415863, 0.12964924944416728, 0.12315593446364811, 0.14112147091833196, 0.15460103261126412], [0.16075598692741083, 0.14553221748702833, 0.1448255386899409, 0.12989348752878951, 0.12313715251261104, 0.14049849269952816, 0.1553571241546912], [0.16070800346218633, 0.14605149320518845, 0.14487936908023444, 0.1296807190025901, 0.12297244574340413, 0.1405462942075319, 0.15516167529886463], [0.15749920940298215, 0.14571084864589715, 0.14618194067191168, 0.13212370179469762, 0.12494602651516787, 0.1392182955209142, 0.15431997744842935], [0.16381246549239484, 0.14366266635783914, 0.14141552451992495, 0.12801759747177854, 0.1261588235796585, 0.1448495760307451, 0.15208334654765882], [0.16404748088907897, 0.14353000253952017, 0.14157143342417225, 0.12807560409365928, 0.1259505402041368, 0.1445059677212847, 0.15231897112814782], [0.16337958676435635, 0.14409801459916377, 0.14035799662390186, 0.12720462943598082, 0.12721036237962863, 0.14742007449410033, 0.15032933570286813], [0.16491633925245916, 0.14368670218775426, 0.14055847595587262, 0.12725777704094193, 0.12609342978297133, 0.14629905393648435, 0.15118822184351627], [0.16285884439042575, 0.1445842797012078, 0.14225079234723742, 0.1298813674849735, 0.12418283907514888, 0.1443844035379675, 0.15185747346303935], [0.15906725060718546, 0.14451557069632232, 0.14123596769128413, 0.12963275834679464, 0.12581306265140454, 0.1478707370627056, 0.15186465294430332], [0.15846092177517285, 0.14285011414922116, 0.14341515485573134, 0.1344320189172691, 0.12560671234468143, 0.14294350442435963, 0.15229157353356437], [0.1589980574926785, 0.14324677590905235, 0.14322118001212458, 0.13523921118991186, 0.12551966119928556, 0.1429980898014482, 0.1507770243954989], [0.15872925989506043, 0.1432557529808576, 0.1439941950954847, 0.13457739812623118, 0.12469650140025385, 0.14207392808056607, 0.15267296442154618], [0.15914713559141783, 0.1440765207156138, 0.1436583240657546, 0.13313003166363785, 0.12427773440635681, 0.1428398307878545, 0.15287042276936438], [0.15812336896622023, 0.14288171324123922, 0.14502538534113857, 0.1359967113285993, 0.12423722490785082, 0.14032772141864, 0.15340787479631182], [0.1582579197893677, 0.1429856147061445, 0.145110227734021, 0.13595781320866557, 0.12409878885030577, 0.14020751863853487, 0.15338211707296046], [0.15825372866701728, 0.1430321457461082, 0.14503873060249564, 0.13564026571117205, 0.12409112681669374, 0.1403258635283918, 0.15361813892812123], [0.15930875237190947, 0.14270196175545719, 0.1454278775562779, 0.13722495188009864, 0.1233513630728979, 0.13913652631394743, 0.15284856704941135], [0.16666666666666666, 0.1444810535136774, 0.1372493796774829, 0.12416978106218124, 0.12799798154322342, 0.15230213945902307, 0.14713299807774521], [0.16174747632985886, 0.1429943936437639, 0.1400237155064382, 0.12810514958843902, 0.12769548998178482, 0.1482403783550407, 0.1511933965946745], [0.16259923518837321, 0.14412681838379376, 0.14023228656099762, 0.12638738637981015, 0.12814677282039014, 0.14769840246642119, 0.150809098200214], [0.16330561922114945, 0.14428978474264362, 0.13997506632481085, 0.12587346730459922, 0.12750550264601074, 0.1481063923414534, 0.15094416741933264], [0.1626645856387103, 0.14402711467276158, 0.14038813733789493, 0.12646748714754924, 0.1281048219492911, 0.14728203714516752, 0.15106581610862524], [0.16291654007125395, 0.14399283011063826, 0.1405063246208674, 0.1266792382793655, 0.12780482733218182, 0.1469816188837968, 0.1511186207018963], [0.163423682763334, 0.1436055535571801, 0.13965485522475835, 0.12590970286897216, 0.12757728425504364, 0.1485443149580293, 0.15128460637268243], [0.16384159618744584, 0.14359708851766834, 0.14029906616954943, 0.1265054712228559, 0.12723927337909188, 0.1469777952711287, 0.15153970925225982], [0.16193782004484847, 0.145570708816479, 0.14050192281690002, 0.12681463917841107, 0.12671055744469967, 0.1481369727956615, 0.15032737890300013], [0.1620947774537265, 0.14374443415339164, 0.14036838928364467, 0.12628432527588937, 0.12830380701274235, 0.14726553836403217, 0.15193872845657333], [0.16142187906924862, 0.1437117978125226, 0.14016723903436648, 0.12601963085194642, 0.12868354508753718, 0.14781126035902026, 0.15218464778535837], [0.16258459199252326, 0.14479813448244871, 0.14054831149211952, 0.1263467710854245, 0.12752440481806016, 0.1473383334821603, 0.1508594526472637], [0.16423747703578215, 0.14397982184456348, 0.1403106741001153, 0.12649484610428854, 0.1268528652404539, 0.14708297741957238, 0.15104133825522417], [0.16393571856159245, 0.14379648686734497, 0.14030575016940944, 0.1261834909863218, 0.12719342573782894, 0.14692349120504322, 0.1516616364724591], [0.16666666666666666, 0.14440094331897027, 0.13637143586087844, 0.12041850358979, 0.130828668831433, 0.15351925976551611, 0.1477945219667455], [0.16490803931560294, 0.14407416093038408, 0.1404510016547752, 0.12659199447131605, 0.12579537137192645, 0.1466219009297771, 0.15155753132621813], [0.1628085126660969, 0.14509141117237345, 0.14111005721759518, 0.1271377637861525, 0.12638548233415237, 0.14635330507296687, 0.15111346775066278], [0.16420729438883627, 0.14402796412858127, 0.1400424310415241, 0.12574772174382406, 0.12685817321324952, 0.147506178987715, 0.1516102364962697], [0.1641133936386305, 0.14379658728942835, 0.14062203537421292, 0.1266475835831389, 0.12673010103992374, 0.1463206950732207, 0.1517696040014447], [0.16105338327643257, 0.1440192291977085, 0.14133516743144928, 0.12756836936175708, 0.1281512610184418, 0.14575271434058248, 0.15211987537362834], [0.1622518259061133, 0.1421476035088099, 0.14202369083129915, 0.13064218550623294, 0.12615635431994648, 0.14378175085091918, 0.1529965890766791], [0.1635840326268663, 0.14420507697434704, 0.14148672185926764, 0.12764953110804908, 0.1258912768256265, 0.14503962269626497, 0.15214373790957847], [0.1623557269626526, 0.1455273356679219, 0.142339938538916, 0.12854608644852183, 0.1246247551212079, 0.14433007558573147, 0.15227608167504833], [0.1636037902687631, 0.14516249860468727, 0.14147137688922118, 0.1270328649452452, 0.12538945817027394, 0.14539911479984913, 0.15194089632196023], [0.16199080100642835, 0.1442870832944295, 0.14187157427111988, 0.1278321265710304, 0.1270560458367019, 0.14469894375847023, 0.1522634252618198], [0.1637159730210139, 0.1437008920287729, 0.1412661111412908, 0.12770530762702353, 0.12525777575503363, 0.14531001984228806, 0.1530439205845771], [0.1618538130959384, 0.14250773960779278, 0.14273883530964934, 0.13122780602115866, 0.12547826368904608, 0.14281446944939266, 0.1533790728270221], [0.15895149142081355, 0.14384604954651417, 0.14437852378460161, 0.1320986545381598, 0.1265294596593608, 0.1411242622667739, 0.1530715587837762], [0.1603399624616111, 0.1452605356967229, 0.1433995785178953, 0.12797759085493807, 0.12607880999567603, 0.14254338432721445, 0.15440013814594217], [0.1618959186128814, 0.14508766129316045, 0.14352368402232618, 0.1284513454449745, 0.12410040335240577, 0.14214164449750005, 0.15479934277675172], [0.1602644399421948, 0.14555865481453079, 0.14434628933068092, 0.12931098288736598, 0.12444573034413185, 0.1412559235027477, 0.15481797917834794], [0.15785744132618557, 0.1442771053912033, 0.1457758152439818, 0.13137620107773548, 0.12479165929357804, 0.13904709816945096, 0.15687467949786488], [0.15657411054837442, 0.1458138803726806, 0.14732920283473705, 0.13480625451584577, 0.12399063380003439, 0.13811326106182437, 0.15337265686650334], [0.16666666666666666, 0.139566274447911, 0.14532677901640992, 0.14344151733374919, 0.12256402329122522, 0.13382722296511815, 0.14860751627891977], [0.16666666666666666, 0.1417440605054404, 0.14596607941603573, 0.13866112601826386, 0.12035665935104096, 0.13472598807691769, 0.1518794199656347], [0.14543961853716572, 0.1414149129320442, 0.15399559622152212, 0.15668561590555816, 0.12763158534094216, 0.126834560065093, 0.14799811099767457], [0.14610646874982403, 0.1412733200537098, 0.14735927038201527, 0.1503455956875901, 0.13398077422670723, 0.1345967650612029, 0.1463378058389507], [0.1483352470137801, 0.14001489105100473, 0.14821570505121917, 0.15828202393915597, 0.1308059381186283, 0.1303945429698699, 0.14395165185634193], [0.14782043034179906, 0.14982969775605023, 0.15840958918647427, 0.14750840213982777, 0.12077328442824381, 0.12704406235025023, 0.14861453379735462], [0.1448250636046148, 0.15104364601652254, 0.15684625183312506, 0.14539452965934013, 0.12346102899295563, 0.12993195764416637, 0.14849752224927545], [0.14573703907023647, 0.14138948724560504, 0.15172953328412428, 0.15982901474509548, 0.12762674224410184, 0.1283235362837164, 0.14536464712712077], [0.1458581500627852, 0.141136797026553, 0.15110993459914865, 0.15956819679314804, 0.12836067876097593, 0.12879337556169687, 0.14517286719569225], [0.1472890706415208, 0.1403330984252644, 0.1518569632588341, 0.16666666666666666, 0.12409392723403513, 0.12539870423978963, 0.14436156953388918], [0.164236293851955, 0.14326817392954724, 0.14005047923441197, 0.12725539396755012, 0.12684534643466258, 0.14742916170159548, 0.1509151508802776], [0.16381139320953986, 0.1423393925916496, 0.14047045361953328, 0.12863016540938754, 0.1270945164182092, 0.1464184419603882, 0.1512356367912924], [0.16388289957085653, 0.14303301792517625, 0.14008956968538952, 0.12762737386100229, 0.1268735302825478, 0.14746313844294323, 0.1510304702320842], [0.1639284041970844, 0.14266123842358777, 0.14005838969460258, 0.12764500727296643, 0.12704700358270946, 0.1472611203422489, 0.15139883648680033], [0.16090046705685496, 0.14385637884535624, 0.13916284204691065, 0.12571675567007976, 0.1289562682164185, 0.15060204817690548, 0.15080523998747444], [0.16382671850502167, 0.1434338213835174, 0.13972674678744484, 0.12604375652737035, 0.12743176610603976, 0.14803640254316355, 0.1515007881474424], [0.16313570630732505, 0.14398941668463974, 0.13965467462112588, 0.125802611358578, 0.12759304828119913, 0.1488282786614928, 0.1509962640856394], [0.16462243353736447, 0.14283587636711786, 0.14043570379155965, 0.12769263356346508, 0.12635942249775306, 0.14635904929647078, 0.15169488094626904], [0.1632190762540197, 0.1437764624954003, 0.14048911323966365, 0.12654715781691572, 0.12744086513456374, 0.14671899607036268, 0.15180832898907431], [0.1645014658282667, 0.1440138260252659, 0.1403791237278995, 0.12635320238382672, 0.12648269479216, 0.1468038301376846, 0.1514658571048966], [0.163068617180501, 0.14432385844128134, 0.13983530300177813, 0.12543932883244613, 0.12733380092429472, 0.1484633809211117, 0.151535710698587], [0.16506725344330223, 0.14326073232318337, 0.14116595362081943, 0.12830754330492722, 0.1255149470653696, 0.1449906771545565, 0.15169289308784165], [0.1642839643866901, 0.1427654338091331, 0.14100958483753434, 0.12794451399255855, 0.12604202169342457, 0.1451194151910057, 0.1528350660896536], [0.16457927251215745, 0.1430480009337998, 0.14154229633114576, 0.12861186137665112, 0.12552730547253665, 0.14428861130178736, 0.15240265207192197], [0.15719630076817054, 0.14660847752199258, 0.14785703238313533, 0.13319345381448208, 0.12115537048699598, 0.13663405817351393, 0.1573553068517095], [0.15396799358626276, 0.14811018990762417, 0.14794205917319944, 0.1312390260551124, 0.12148283347204421, 0.13756246910286576, 0.15969542870289125], [0.15512082548317782, 0.14796746463460286, 0.15284331036522097, 0.1381252357543629, 0.11950133872464551, 0.13069870051895457, 0.15574312451903538], [0.15277676011484684, 0.14737941772178723, 0.15740954927340323, 0.14360334886823176, 0.118234613967699, 0.1271207308785462, 0.15347557917548582], [0.14909603953918274, 0.14248774611479292, 0.15333891927191404, 0.15836295346528714, 0.12431769494230728, 0.1263116034434348, 0.1460850432230811], [0.16345291194524805, 0.1429571684226155, 0.13989972312959964, 0.12769967912560773, 0.12758120621909014, 0.1479884700442259, 0.15042084111361323], [0.16089716034913568, 0.14304175524559584, 0.13963204505392507, 0.12765575571435725, 0.1284609006973777, 0.14938709409467923, 0.15092528884492926], [0.16417966800809192, 0.14343280530581215, 0.14017646755007074, 0.12737463221055703, 0.12692990152265443, 0.1472942468178198, 0.15061227858499387], [0.16381017485836646, 0.1425034880140962, 0.14039317177652177, 0.12828745447492387, 0.12678179482754345, 0.14652094355101028, 0.1517029724975379], [0.16361439139417783, 0.1432755947179671, 0.14126617710999184, 0.1288721533988034, 0.12656075031615846, 0.14523270327834475, 0.15117822978455656], [0.16349603560049117, 0.1435631158107022, 0.1406273366295041, 0.12702506260417282, 0.12724737226719507, 0.14641513976539527, 0.15162593732253934], [0.1615365043354853, 0.1442564724068246, 0.14098145478303517, 0.12730032735774002, 0.1283051497977112, 0.1465251777291129, 0.15109491359009086], [0.16249767062939202, 0.14398777373139313, 0.14071330083585049, 0.1268802721830466, 0.12782761712165222, 0.1466576960043186, 0.15143566949434703], [0.16405783661624457, 0.14371309458481774, 0.13995602780304023, 0.1258266173141527, 0.1270879329324392, 0.1476416655835801, 0.15171682516572535], [0.16468937067634135, 0.14345872789758077, 0.14103633623437184, 0.12802757000477819, 0.12576770355251624, 0.14541806894015702, 0.15160222269425472], [0.1634958023837543, 0.14357679032632248, 0.1410113449167793, 0.1272809479300173, 0.1268652754680215, 0.1455922358836623, 0.1521776030914428], [0.16350518245973708, 0.1437481891380906, 0.14054026261802005, 0.1262270014988178, 0.12701778069376551, 0.14652298927983143, 0.15243859431173756], [0.16276023569206993, 0.14436750694077455, 0.143202498972898, 0.1291659229406139, 0.12435834927638911, 0.14219476455978672, 0.15395072161746795], [0.1635711368981264, 0.14251415036820278, 0.14153625445468854, 0.12916846265751764, 0.1260696005320795, 0.14427191300487124, 0.1528684820845139], [0.16293025356839355, 0.14480840708403028, 0.14193615721848254, 0.12945306061732353, 0.1245041186060024, 0.14501339738910443, 0.1513546055166632], [0.16563107185644327, 0.14371803928557159, 0.14060767620621487, 0.12677207022966874, 0.12556037716115434, 0.14592297165085574, 0.15178779361009156], [0.16666666666666669, 0.14336316300520982, 0.14069204792916054, 0.12693953321660528, 0.1250910965705669, 0.14518980279379606, 0.15205768981799472], [0.16086946620587975, 0.14270603279933847, 0.14231211834125038, 0.1301545675354174, 0.12743198430875394, 0.14374538570124681, 0.15278044510811342], [0.16396013464886197, 0.14363351148967443, 0.1407067031651839, 0.12647929354054546, 0.1260963955901934, 0.14597388889627494, 0.15315007266926592], [0.15788114712076, 0.1437872166584132, 0.14297386005745413, 0.13454405770325215, 0.12606874310519547, 0.14413383319326453, 0.1506111421616604], [0.16082534788048533, 0.14495100006032194, 0.143334153745279, 0.13208015615839408, 0.12441135486820983, 0.14330819846667245, 0.15108978882063748], [0.16478241427835333, 0.1441886862586693, 0.14089748119812548, 0.12684140958510612, 0.1255973211138177, 0.1458413123652655, 0.1518513752006627], [0.16366773080944164, 0.1427875207148876, 0.1420028517974199, 0.12930563884892396, 0.12551343161283207, 0.1436089904573078, 0.15311383575918705], [0.16411014517067835, 0.1441080218078981, 0.14214650866334502, 0.1284212275887283, 0.12492992484037485, 0.1436963118033618, 0.15258786012561354], [0.1646043098267385, 0.14420958042678497, 0.14177456892895718, 0.12791265104021687, 0.12448283873345704, 0.14428555287699357, 0.15273049816685175], [0.158171344268034, 0.14364391922105565, 0.1437980981402233, 0.13529627586995233, 0.12527369072453007, 0.14264258440970345, 0.15117408736650126], [0.16189452081347644, 0.14381224204929885, 0.1416694592208504, 0.12839284061602904, 0.1255989256831316, 0.14514530808364598, 0.15348670353356766], [0.16125395912484355, 0.14383399933025054, 0.14173081371296029, 0.12838076799901638, 0.12571600305490083, 0.14512138015259873, 0.15396307662542952], [0.16178160398486552, 0.14372197092997133, 0.14250381754291147, 0.1292010608773816, 0.12481913728259939, 0.1435583817496444, 0.15441402763262635], [0.16142189768439075, 0.14469945287680985, 0.14283996168268537, 0.13109513295007086, 0.1241944431960324, 0.1438824003514893, 0.15186671125852136], [0.15708401139883196, 0.14366602538295783, 0.14225314505321607, 0.13294347088743952, 0.1272124867111691, 0.14561381026851658, 0.15122705029786873], [0.15105178183076667, 0.1424246837328474, 0.13590989298358908, 0.1254208176197074, 0.14239210900128552, 0.15819076244518518, 0.14460995238661878], [0.15123479147597485, 0.14663407297467168, 0.15197057366381464, 0.13549114468007392, 0.12135167532551207, 0.13274612680406886, 0.16057161507588402], [0.15017734804983957, 0.14260122494688626, 0.15320508307257877, 0.1460652092439904, 0.12380013830182338, 0.13027186893429152, 0.15387912745059015], [0.14776834705505734, 0.14277060510981207, 0.1529180068006768, 0.14732960474517165, 0.12626753694224244, 0.13088951742244068, 0.1520563819245991], [0.14417216170224997, 0.14787792368069638, 0.16133759120185903, 0.14778890510023163, 0.12238339722647788, 0.12608913873314004, 0.15035088235534505], [0.14279606266166453, 0.1517756471899533, 0.15774182311985643, 0.13908310196113743, 0.12617107764564353, 0.1298890263927769, 0.1525432610289678], [0.1447262662967445, 0.14872721622127094, 0.16666666666666666, 0.14539215068070055, 0.11953891757791285, 0.12399228702090004, 0.1509564955358044], [0.14747871556511766, 0.1454959915742747, 0.15970045716555273, 0.15284883007561384, 0.12108851669889217, 0.1244310192434977, 0.14895646967705117], [0.14261758949005535, 0.13915524430965256, 0.13765841020733752, 0.12902317910911482, 0.16666666666666669, 0.14296259612870327, 0.14191631408846983], [0.14280622417211977, 0.13939054216303795, 0.13783687088712304, 0.12904133326209855, 0.16582875235736477, 0.14304044850714304, 0.142055828651113], [0.14745543734260882, 0.14468841325837653, 0.15879007033791906, 0.15491065873228232, 0.12146067205893263, 0.12443953747115902, 0.14825521079872167], [0.14940006177825188, 0.14677545297929007, 0.14935899426680205, 0.13136662674912591, 0.12236763718747459, 0.13406456037238873, 0.16666666666666663], [0.1459749937448736, 0.1486313613524415, 0.1622317886351414, 0.14606292490663147, 0.11946872943062427, 0.12574307065313817, 0.15188713127714965], [0.15549972043659924, 0.14911589443163292, 0.14757983850509943, 0.1326320340766592, 0.1207835376330652, 0.1386034779431144, 0.15578549697382962], [0.15517755698691335, 0.14861035924175603, 0.14884138595331262, 0.134632273799481, 0.12033293113175862, 0.1371368460730468, 0.15526864681373154], [0.15421829771498008, 0.15106168507027418, 0.14671207127879862, 0.1312193407177804, 0.12209793059754516, 0.14048239000614354, 0.15420828461447816], [0.15481613585932563, 0.15108691685424197, 0.14761817220275944, 0.13118083504591954, 0.12088565449922889, 0.13897178879784416, 0.15544049674068036], [0.1522855248413753, 0.1532221815497661, 0.14450751672500103, 0.12913451622315494, 0.12818868082777882, 0.14403282139488732, 0.14862875843803652], [0.1500093745667951, 0.15614915233251922, 0.15209241615849903, 0.1354305415280264, 0.121240533953727, 0.13366546531489087, 0.1514125161455424], [0.14614641575865966, 0.15361168736420272, 0.15967434176858264, 0.14199146638291688, 0.12012723041703934, 0.12739519908359753, 0.15105365922500125], [0.1466563911683842, 0.1512923609038021, 0.15692808990157625, 0.14599024432715488, 0.12205505199960508, 0.12908297657375903, 0.1479948851257185], [0.14738301694727038, 0.1512527812551831, 0.14394419170210415, 0.13437241370951988, 0.13521891373468212, 0.14400361369862563, 0.1438250689526148], [0.15649764379261674, 0.1433881144800674, 0.13585263999466346, 0.12273947292258351, 0.13819301037758303, 0.15846749017570333, 0.1448616282567826], [0.15563374964475962, 0.1419339695625998, 0.13381875865176301, 0.12103494518983576, 0.13702391597918842, 0.16666666666666666, 0.14388799430518665], [0.1631154792619029, 0.14396279150540242, 0.14220416711301564, 0.12872440165538954, 0.12473846794657252, 0.14390420647323582, 0.15335048604448115], [0.16666666666666666, 0.14354552094895492, 0.14217885456217777, 0.1312977271732064, 0.1268000237817305, 0.13974661381334194, 0.14976459305392173], [0.16666666666666669, 0.1462435026625586, 0.1393152976693055, 0.1283804083931763, 0.12774747903110747, 0.14623587427544868, 0.14541077130173682], [0.15330403088774108, 0.15419600191941613, 0.14630540028984848, 0.12821428308367247, 0.12212380380244708, 0.14163928400821676, 0.15421719600865788], [0.14490478283331817, 0.16517936463204572, 0.14860163267736268, 0.13005642661151942, 0.12502828602103977, 0.13718424140714536, 0.14904526581756897], [0.14346725768666588, 0.16236406187125094, 0.15089586909709463, 0.13159164011631236, 0.125228369778766, 0.13548607647214067, 0.15096672497776953], [0.1478127512652656, 0.16055341492305572, 0.14698259411364048, 0.13006418070497483, 0.1261832407788903, 0.13990252982358814, 0.148501288390585], [0.14653664823289855, 0.1607719475977324, 0.14752261995220034, 0.13044828479145515, 0.12625435982184058, 0.13966127658440208, 0.1488048630194708], [0.14317528064017343, 0.16271743308136646, 0.15103069862884985, 0.13154139025148082, 0.12489582705360505, 0.1354650508007753, 0.151174319543749], [0.14295209962878558, 0.1607883945232467, 0.15287707687456503, 0.1331461223413392, 0.12394485427214559, 0.1340285549367456, 0.15226289742317248], [0.1441676272037279, 0.16666666666666669, 0.14949925154280577, 0.13046581298887144, 0.1238942400803733, 0.135917967070806, 0.14938843444674899], [0.14403258588261275, 0.1636979051062976, 0.15043150007631348, 0.13104746835361492, 0.12443255714352845, 0.13558728965092365, 0.1507706937867093], [0.14564704848942792, 0.1640537694843738, 0.1484873222843624, 0.13014082219249756, 0.12549233146372213, 0.13723098250016527, 0.14894772358545094], [0.14602503023029928, 0.16243950252244255, 0.14713437408103022, 0.12978488912964625, 0.12718012506724793, 0.13954648564655772, 0.14788959332277613], [0.1446918474013621, 0.14706944779162104, 0.1485009232748098, 0.13659203965021727, 0.13813605010271346, 0.13685155229292142, 0.14815813948635498], [0.145692207894269, 0.1627088248664192, 0.14771038541101913, 0.12984257970663787, 0.12689195015866733, 0.13879311834697836, 0.14836093361600913], [0.1480363419533429, 0.15968024771688843, 0.14613905124097012, 0.12969033875108119, 0.12728680659911082, 0.1412278767445406, 0.1479393369940658], [0.1453920764067261, 0.1646763514992654, 0.14834293640337182, 0.13009940392203362, 0.1252494866316588, 0.1375769793554406, 0.1486627657815036], [0.14851732764274603, 0.16030695589195088, 0.14705931301048278, 0.13051762764169297, 0.1259188954642684, 0.13963312528019023, 0.1480467550686687], [0.1477130790525176, 0.1614104558397376, 0.1475541002406091, 0.1305634122967775, 0.12553680263508438, 0.13898280489567824, 0.14823934503959557], [0.1476183174328415, 0.15041786040050367, 0.14098905892531619, 0.12774421341461578, 0.1386006232458961, 0.14937546913874553, 0.14525445744208126], [0.14504767744687694, 0.16162691268196414, 0.1518445727639146, 0.13262675894378387, 0.12354274822315006, 0.13399917175016188, 0.15131215819014862], [0.14511614471192466, 0.16004199885219403, 0.1500175611871243, 0.13151428570524032, 0.12538604355531535, 0.13635112309677025, 0.15157284289143116], [0.14823208302046817, 0.16030207676960984, 0.14640646696533413, 0.12978940512153075, 0.12675354847901887, 0.14059902432054772, 0.14791739532349063], [0.14585892368361514, 0.16017153971307316, 0.1475638974258423, 0.13060175150363962, 0.12680344424720727, 0.14002499529447382, 0.14897544813214866], [0.14537548788577045, 0.16031748648295596, 0.14794253689178755, 0.13105422686116677, 0.12672925829048162, 0.13968458406647713, 0.14889641952136048], [0.14550143880914662, 0.16015790118176157, 0.14822358748249775, 0.13110199534250808, 0.1262924197465955, 0.1392581659228427, 0.14946449151464763]]