[[0.15387958919264652, 0.13956981465769236, 0.15764998764341914, 0.12310529798133579, 0.12781139918318077, 0.13797919928922694, 0.16000471205249855], [0.15429257980613398, 0.14380583522108176, 0.1606965246557929, 0.12515374844843208, 0.1238021266036183, 0.1382977529388116, 0.1539514323261295], [0.15385957872179784, 0.14397297726061764, 0.16157529293395445, 0.12508190273231343, 0.12395700602797127, 0.138728010428054, 0.15282523189529137], [0.1541060029134137, 0.1411323509410822, 0.16408958891197042, 0.12333534317013269, 0.12394329340592622, 0.13816909962179685, 0.15522432103567785], [0.15364146680704452, 0.14235238630056493, 0.16363535957263023, 0.1237767643153658, 0.12422588170502834, 0.138728325116631, 0.15363981618273523], [0.15287042296470937, 0.14202870029916637, 0.16281184729976622, 0.12556952893657203, 0.12492073758752513, 0.1392049121259039, 0.15259385078635687], [0.15381533748785517, 0.14212236715989437, 0.16386043406003242, 0.12318137708884373, 0.12426103631123919, 0.13878133576864674, 0.15397811212348828], [0.1534697638342502, 0.14192479309644854, 0.16363957333970672, 0.1230713040754932, 0.12496821500115589, 0.13917702374841576, 0.15374932690452972], [0.1557160589362589, 0.14249800182506503, 0.15926229293144908, 0.1238660659465031, 0.12394448764173403, 0.13809008528998967, 0.15662300742900023], [0.15393889207772662, 0.1412153471270541, 0.1651774304805417, 0.12223961358058981, 0.1243531003363957, 0.1389782732389119, 0.15409734315878018], [0.1527062818791604, 0.14248012633420012, 0.1625096520140615, 0.1254874375517819, 0.12520762588447815, 0.1397852239949626, 0.15182365234135534], [0.1535986204400005, 0.140521295761822, 0.1645050557176548, 0.12221298552596999, 0.12538737087455754, 0.13937274553219867, 0.1544019261477965], [0.15281448349153812, 0.14272900478069156, 0.16270429100669925, 0.125215121070551, 0.1249513047757777, 0.13967584201193206, 0.15190995286281028], [0.1534580902142485, 0.14159081112403388, 0.1639453698111231, 0.12273001841484715, 0.12528121809082554, 0.1396136241615951, 0.15338086818332664], [0.15297674130544495, 0.1412435810349421, 0.1629830430840605, 0.12322880588924909, 0.12634361986249235, 0.1401871300289809, 0.15303707879483006], [0.15330298365690184, 0.14150389846054728, 0.1638752132367976, 0.1228970493445389, 0.12544140254968333, 0.1397318792923586, 0.1532475734591725], [0.15336167363948136, 0.14030076423780813, 0.1634052499265531, 0.1221440153513426, 0.12644064367388028, 0.1399308755515429, 0.1544167776193916], [0.1554248081704795, 0.14033187185277105, 0.15465767871012, 0.12146058536275779, 0.12827011243313838, 0.13867051024884455, 0.16118443322188875], [0.15713548607913466, 0.14095317890863646, 0.15868254399500292, 0.1188489735652273, 0.12554718687705188, 0.1385639262159667, 0.16026870435898008], [0.15462359959234523, 0.14151216631324623, 0.16396060046168512, 0.12253117844023292, 0.12411247904810534, 0.1390866582822914, 0.1541733178620938], [0.15419987476159108, 0.14081501722586176, 0.16420747031052932, 0.12224507227463295, 0.12480475293826915, 0.13927873720733386, 0.15444907528178167], [0.1550685228678578, 0.14192156234882292, 0.1546179598462126, 0.12113384161016556, 0.12884043267276077, 0.13930285573356196, 0.15911482492061835], [0.15409714000626165, 0.14001172972515166, 0.1642871072220422, 0.12152712784249402, 0.12543290488209372, 0.13939630778963102, 0.1552476825323258], [0.15383437072644424, 0.14073515059009173, 0.16459680940021545, 0.12198918898727536, 0.12517235831258475, 0.13956957413870782, 0.15410254784468067], [0.1551520686359189, 0.14160571377452802, 0.16454782968880305, 0.12089181059369618, 0.12373560525501044, 0.1387054881115415, 0.15536148394050184], [0.15402117873377208, 0.14078912702276286, 0.1654426072510253, 0.12164082836883167, 0.12452952801654797, 0.13917255227312736, 0.15440417833393275], [0.15505261937938133, 0.14125158294690981, 0.1648603469061113, 0.12173426251133075, 0.12342312480894907, 0.13860536295129436, 0.15507270049602345], [0.15389093774471144, 0.1413174865767292, 0.16493339116600111, 0.12211570757493065, 0.1246532193078349, 0.13943041531910727, 0.15365884231068555], [0.15324273930827317, 0.14116811061847828, 0.1630868092500289, 0.1230400195753324, 0.12614666133609964, 0.1402543625657661, 0.15306129734602164], [0.1544842373877955, 0.14082814007612796, 0.16666666666666666, 0.12102559901775234, 0.12363727915204004, 0.1387399492415702, 0.15461812845804723], [0.15356689819404704, 0.14060549329146754, 0.16344409961339346, 0.12213173483416287, 0.12616431214700854, 0.14012953424232177, 0.15395792767759875], [0.15364203565641563, 0.14133519083385992, 0.16372659922494118, 0.12188955889881074, 0.1257459346736227, 0.1400375917296818, 0.15362308898266797], [0.15399490782735828, 0.14093430951605163, 0.1645030200137585, 0.12176841457376542, 0.12501834977104626, 0.13955872403504688, 0.1542222742629729], [0.15300195940299957, 0.1416490200898374, 0.16238446480747748, 0.12323157884493713, 0.1265828519483263, 0.1407263295007852, 0.15242379540563683], [0.15403160443813826, 0.1403825217554997, 0.16375473729740705, 0.12143807677375464, 0.12589531565640402, 0.14001732135303122, 0.1544804227257651], [0.15548099929367504, 0.14106740330794199, 0.16497733828927513, 0.12032104816001275, 0.12363294751721239, 0.13880355885120726, 0.15571670458067538], [0.15678139877709676, 0.14112680825592103, 0.15825826264623843, 0.12153575679302754, 0.12478873868481002, 0.13846472202649798, 0.1590443128164082], [0.15402175603371376, 0.14060644860107702, 0.16418503715715596, 0.12173212723037263, 0.1254074700203695, 0.13991133028385924, 0.15413583067345182], [0.15554845388383262, 0.13935764471041565, 0.15413434371743553, 0.11856668401432499, 0.12963134864539183, 0.1394174560967306, 0.16334406893186879], [0.15554845388383262, 0.13935764471041565, 0.15413434371743553, 0.11856668401432499, 0.12963134864539183, 0.1394174560967306, 0.16334406893186879], [0.1540308239411274, 0.14035420871281543, 0.16384152961883666, 0.12114041988715575, 0.12590454539628262, 0.14004376227821042, 0.15468471016557167], [0.15370382391124318, 0.14113298427708296, 0.16348581827256664, 0.12179933198786388, 0.12599112577169433, 0.14038686588164362, 0.15350004989790533], [0.1554988188390838, 0.14117370970980436, 0.16526393952590834, 0.12038245974118113, 0.12351808609854044, 0.139025499866759, 0.15513748621872292], [0.15556150039263747, 0.13773441017699614, 0.15474446018480761, 0.11690455252381438, 0.12917768497961096, 0.13921072507546683, 0.16666666666666669], [0.15410992525039885, 0.1405302297048718, 0.16331851446109094, 0.1213632883395128, 0.12598293751611433, 0.14022915919372708, 0.15446594553428397], [0.15701776019048128, 0.13997725352983084, 0.15950816543311153, 0.12007112927376289, 0.12505658657980218, 0.13899674980467489, 0.15937235518833637], [0.15601963028502533, 0.14064834165139145, 0.1638245505820247, 0.11923814605208637, 0.12445522562516013, 0.139558188176138, 0.15625591762817398], [0.15602956034231188, 0.13877029847260242, 0.15330011565751261, 0.11734693254966545, 0.1303660327890412, 0.13993441513797614, 0.1642526450508904], [0.15536353888294493, 0.1375561901837208, 0.15509287890518414, 0.11676806543169659, 0.13149666921005584, 0.1409474434645088, 0.16277521392188887], [0.1573716452926247, 0.14054433251617604, 0.1600321315152686, 0.11979379434802603, 0.12442708034840604, 0.13904252348430318, 0.15878849249519553], [0.15532199829196086, 0.13798256130132505, 0.1532608852394595, 0.11690003098052369, 0.13185891238375216, 0.14063346583223776, 0.16404214597074096], [0.15705466864903636, 0.13986869821673983, 0.16109830982763407, 0.11860114052396037, 0.1253662433954488, 0.14005112374819484, 0.15795981563898553], [0.15839130110787702, 0.14268653126886072, 0.16060195649232115, 0.11726290617488105, 0.12463566599419379, 0.1415592223325278, 0.15486241662933845], [0.15765446278240866, 0.14228368672749372, 0.1607965855775148, 0.1176802012109297, 0.125283524572318, 0.14208748902274337, 0.15421405010659173], [0.15766909408059532, 0.14296670667777214, 0.1607291598782173, 0.1176114045800965, 0.12514274616084317, 0.14220618721018277, 0.15367470141229275], [0.15335945206854587, 0.14333389084268822, 0.15803366122810805, 0.12144403149241642, 0.12922419472545224, 0.14446247020799832, 0.15014229943479074], [0.15379706539060062, 0.14140621467889322, 0.1642634168080309, 0.12263905442124366, 0.1246593391349569, 0.13922142617822983, 0.1540134833880447], [0.15388353392877716, 0.14104491649389325, 0.16524598775945143, 0.12217246356176195, 0.12449471355276559, 0.13924282992512205, 0.15391555477822844], [0.15365126303022258, 0.14232387634316573, 0.16283664255912914, 0.12428222858801602, 0.12427607019078546, 0.13840557591049224, 0.15422434337818883], [0.15440321730314577, 0.14153951697187767, 0.16403356829135146, 0.12260772911756992, 0.12387210699482536, 0.13831548661800164, 0.15522837470322817], [0.15672840242409228, 0.14127649799132244, 0.16172373144726981, 0.11839070950009857, 0.12486615978368111, 0.13892199840931754, 0.15809250044421821], [0.156097179989809, 0.1420834666869207, 0.15722242327602962, 0.12173389366212059, 0.12593498004762746, 0.1386967518463995, 0.15823130449109302], [0.1556682436884777, 0.13796703586734577, 0.15634134902589927, 0.11799644294789277, 0.12845747858145215, 0.13910559651145704, 0.1644638533774753], [0.155552747198676, 0.1392633818669342, 0.1529843513591361, 0.11917399969686432, 0.1303924916759974, 0.13960543397230155, 0.1630275942300903], [0.15643146050699827, 0.13822017800983608, 0.15676299729860674, 0.11660992429973313, 0.12839461703627422, 0.13962578986629565, 0.16395503298225586], [0.15784846971209995, 0.13947349187462238, 0.15703985441787696, 0.11649895186916887, 0.12697573201967463, 0.13943606877197845, 0.1627274313345787], [0.15575112950355588, 0.13799728080635873, 0.15662475330363404, 0.1166807131605083, 0.13053451648945974, 0.14117116077948924, 0.1612404459569939], [0.15578602881560183, 0.13813159325670632, 0.15685079734757335, 0.11654464054465616, 0.13050818204972064, 0.1412847953894399, 0.16089396259630184], [0.15618703233796127, 0.13811307617072857, 0.15671551663355301, 0.11639953745343418, 0.13003511457485215, 0.14113148236638098, 0.16141824046308975], [0.15602063696295465, 0.1378381882892326, 0.15416179903497484, 0.11582306470602051, 0.13210791482953357, 0.14173652766124462, 0.16231186851603918], [0.15209575919369359, 0.14405635799244898, 0.16666666666666666, 0.12663313957877953, 0.12266981972018026, 0.13621107316060097, 0.15166718368762996], [0.15453080321100804, 0.14093268615783464, 0.1599118620944007, 0.12445652431986562, 0.12490023148453322, 0.1378093711811962, 0.15745852155116158], [0.15281569245890408, 0.1428987922362714, 0.16250886129720685, 0.12623009245248568, 0.12438316211929594, 0.13891695953573485, 0.15224643990010123], [0.15365390261045564, 0.14303032354978124, 0.16258677699871352, 0.12543127055547937, 0.1237127919184536, 0.13856130411009446, 0.1530236302570223], [0.15280173730313254, 0.14273042309557116, 0.1627200472243641, 0.1261305274847153, 0.12440936419760328, 0.13904272569145443, 0.15216517500315926], [0.15292287900133938, 0.14256486738409874, 0.1630281379784476, 0.12562252588773257, 0.12443372895135016, 0.13903728061236173, 0.1523905801846699], [0.15424419425205513, 0.14218542113740143, 0.16201032482512023, 0.12532650287721625, 0.12356290152617685, 0.13809950493718884, 0.15457115044484127], [0.15341778860327, 0.1420390257350963, 0.16360297955275868, 0.12488604204111962, 0.12410844276602948, 0.13872531100535745, 0.15322041029636843], [0.15471951943624926, 0.14408133108773477, 0.16077528662940982, 0.12382853837513845, 0.1239401274849981, 0.13861466972360448, 0.15404052726286505], [0.15288674748864275, 0.14263389058342665, 0.1618798236451053, 0.12673981329051992, 0.12463800044521794, 0.13929624969073234, 0.15192547485635494], [0.1529984165371764, 0.14280328623987085, 0.16089041602127718, 0.12743919019698982, 0.1246880041793748, 0.13929909837082827, 0.1518815884544827], [0.15330303476033053, 0.1434796658947283, 0.16250801140828736, 0.12533093532134057, 0.12408730888545147, 0.139084680810749, 0.15220636291911283], [0.15410283559430957, 0.14218636598833265, 0.16360032624985169, 0.12394379324835286, 0.12355961475527245, 0.13838492280149908, 0.15422214136238172], [0.15355454664635768, 0.1423107018729213, 0.1635936542061093, 0.1249030534781283, 0.12383451886290262, 0.1387761997584247, 0.15302732517515602], [0.15085830488077726, 0.14502291111401636, 0.16666666666666666, 0.13125660676895212, 0.12097074826629672, 0.1367331881732509, 0.14849157413003994], [0.15480866178626074, 0.14219007343833276, 0.16369756794121101, 0.12268778401265293, 0.1235449771491778, 0.1384577330632513, 0.1546132026091133], [0.15385455690069152, 0.14345338495216992, 0.16275621098650817, 0.12358802057121321, 0.12439254672832345, 0.13933519287562401, 0.15262008698546978], [0.15440123633273303, 0.1425472008833921, 0.1629989031389236, 0.12444391432829145, 0.12326611749877311, 0.1384277555831716, 0.15391487223471512], [0.1536770577664809, 0.1420485822033161, 0.16417081545659054, 0.12404507499575107, 0.12395700970286443, 0.1388709956382301, 0.1532304642367669], [0.15238618982438745, 0.142753192996042, 0.16132932612059483, 0.12640632881289118, 0.1257970293745155, 0.14018752928285688, 0.1511404035887122], [0.15455253869139193, 0.13883036492896605, 0.16152799561236894, 0.12137186179475291, 0.12638749451888917, 0.13911321873536164, 0.15821652571826947], [0.153935210566499, 0.14212862402636509, 0.16418624737439183, 0.12263042798468249, 0.12452929162636013, 0.1394730564066421, 0.15311714201505922], [0.15492598728293563, 0.14343362591584535, 0.16219938080781734, 0.120945302212548, 0.12520982330996797, 0.14021089522767055, 0.15307498524321525], [0.154750410750994, 0.1432199309697326, 0.1636339758273898, 0.12205885623094954, 0.12383486726844736, 0.13943840314774508, 0.15306355580474168], [0.15303595765914632, 0.14250042960060336, 0.16280048142270742, 0.12442880912508099, 0.1252563646344493, 0.14022700077934735, 0.1517509567786653], [0.15631563578169763, 0.1410768872202839, 0.162298088350894, 0.12106243493198661, 0.1237579384388648, 0.13869265444690385, 0.1567963608293692], [0.15527048492038234, 0.13879380859881466, 0.1611923078854378, 0.11997182749228155, 0.12649002036006984, 0.1395399475847248, 0.15874160315828909], [0.15235212983847252, 0.14141817276999144, 0.1596378651062938, 0.1231850836991491, 0.12921832385810422, 0.14252139582751744, 0.1516670289004714], [0.1539791569987326, 0.1434518586560337, 0.16098995482930062, 0.1234859638130818, 0.12550604318639028, 0.14191322309943483, 0.15067379941702622], [0.15600572575103933, 0.1424660327042698, 0.16241815106889756, 0.11993276403493856, 0.12470970446330523, 0.14125776738125467, 0.15320985459629474], [0.15483029215455563, 0.14326684831217057, 0.16086318313448578, 0.12087824867478171, 0.12615459345747154, 0.14246031654242214, 0.15154651772411268], [0.15450687588618106, 0.14174521845331298, 0.15816194968184363, 0.12144531258745951, 0.128556043167583, 0.14410637000129892, 0.1514782302223208], [0.15364449239522712, 0.1427852413904057, 0.15672475765556768, 0.11921078006081964, 0.13123778528563543, 0.14516334432832823, 0.15123359888401625], [0.15125586852566567, 0.13844449686666518, 0.1457808458444902, 0.12187522552963331, 0.14307878554153058, 0.14499349135560036, 0.15457128633641462], [0.15547989242722812, 0.1396336837277649, 0.1481250137678353, 0.1178313921530642, 0.13713399447023764, 0.14483728421618622, 0.15695873923768364], [0.14329847596897313, 0.14016591226597946, 0.13859610704162562, 0.12730335458091613, 0.15660168914619418, 0.1538890501367875, 0.14014541085952406], [0.14326679667878123, 0.14117375321928935, 0.14018960596067429, 0.13473195881495562, 0.1507206852466624, 0.1478029914324616, 0.14211420864717547], [0.14261881006247418, 0.13947038193105593, 0.1383965977636503, 0.13097134316908063, 0.15832069750518543, 0.14830080879451898, 0.14192136077403453], [0.1483497541798603, 0.14801725192274787, 0.13872136981462482, 0.11881001068660133, 0.14668883043152398, 0.1580563595352938, 0.14135642342934795], [0.14759939747766668, 0.14894205970864302, 0.1418507985295547, 0.12043623017924696, 0.14390528107398803, 0.15615873092756746, 0.14110750210333312], [0.14271444160973326, 0.13985264373015696, 0.1389517758271078, 0.12664703569162175, 0.15965742393158275, 0.1513546860561494, 0.140821993153648], [0.14259715564316108, 0.13970392212162616, 0.13905231067385085, 0.12751149402118203, 0.15941083465156017, 0.15076506581504828, 0.1409592170735713], [0.1424260964359446, 0.1389363147045601, 0.13668162264075515, 0.12340600657336723, 0.16666666666666666, 0.15161765751792133, 0.14026563546078488], [0.154213817202747, 0.14129909751776973, 0.16278280264650233, 0.1237106590513091, 0.12415298504258097, 0.13795528433753848, 0.15588535420155242], [0.15370356717038258, 0.13986660857871144, 0.16295433060484432, 0.12349019458763717, 0.12516571399647664, 0.1380844427009636, 0.15673514236098418], [0.15435377524413885, 0.14090631703908102, 0.16238211604445768, 0.12357027846550621, 0.12438669904584002, 0.13788338912581616, 0.15651742503516008], [0.15409588522410375, 0.14060058650581914, 0.16245643036836296, 0.12395418008963652, 0.1245988656473857, 0.1379812719777002, 0.15631278018699174], [0.15400941521991585, 0.1428887949043568, 0.15961896792154093, 0.1273265790371067, 0.12394706800865224, 0.13797423924199356, 0.15423493566643373], [0.1538862919310909, 0.1420828297559052, 0.16244655953706946, 0.12529230215322407, 0.12382860494906575, 0.13825772337589637, 0.1542056882977484], [0.15430323210584787, 0.14263150291031346, 0.1617646376336646, 0.1253459247232953, 0.12345251978404281, 0.13810121512135196, 0.154400967721484], [0.15456477611679179, 0.1404785508591952, 0.1633073391285708, 0.1227809033235868, 0.12423247825813262, 0.1381068915509598, 0.15652906076276293], [0.15317169322988047, 0.14239124315456236, 0.1630388899493799, 0.12534531440106325, 0.12440386276840107, 0.1390906359838118, 0.15255836051290095], [0.1540966187675924, 0.142316451894095, 0.16392843942433766, 0.12375823953595534, 0.12361996760046073, 0.13859684011601825, 0.15368344266154044], [0.1544823619982894, 0.14309507824013237, 0.16176001299017578, 0.12528952707441293, 0.12329659229281106, 0.13844077824337203, 0.15363564916080635], [0.15458942710002668, 0.14050098904525243, 0.1649186854668232, 0.12118398646881542, 0.12427048596181639, 0.1384821633817812, 0.15605426257548463], [0.15442784659092584, 0.14044283223915568, 0.16354785477449907, 0.12263572328205817, 0.12469773590439608, 0.13885828783217136, 0.15538971937679377], [0.1543671911201357, 0.14021166185276537, 0.1651764483841247, 0.12122735159567383, 0.12463431036977232, 0.1389162557098982, 0.15546678096762986], [0.16129596352582745, 0.14332214287709655, 0.15135891023061643, 0.11545807025479658, 0.12900313274337188, 0.1455023612846001, 0.15405941908369103], [0.16057592785023198, 0.14536010226614846, 0.15222233282708147, 0.1167479444049058, 0.1275265046432256, 0.14597987639589077, 0.15158731161251596], [0.1557118386756271, 0.14608351924040675, 0.14415046062480436, 0.1173200814122727, 0.13680527875205864, 0.1522040209055753, 0.14772480038925523], [0.1525017706042674, 0.14514460202487423, 0.14185847741490626, 0.11586081868360655, 0.14247294881342223, 0.1569558311180113, 0.1452055513409119], [0.14456248328171134, 0.14142546490943714, 0.13700324925265625, 0.12410231266358755, 0.15832072168023248, 0.15327113579365706, 0.14131463241871806], [0.15369479052920235, 0.14097275276893534, 0.1622372373835844, 0.12452383478437892, 0.12465157496512139, 0.13780593972196853, 0.15611386984680906], [0.15428697388799487, 0.14135835801409402, 0.15905486054626422, 0.12583304313866098, 0.12497251891442354, 0.13777255780246683, 0.15672168769609543], [0.15373641749050265, 0.1415051097725272, 0.16335284933472122, 0.12387882350167707, 0.12435770161004021, 0.1381424906019462, 0.15502660768858537], [0.15415860427512987, 0.1401959151708296, 0.16239097519033643, 0.1233239168056469, 0.12496011184559755, 0.13811535223367627, 0.15685512447878341], [0.15333578522684085, 0.1408402598912362, 0.16402137795594207, 0.1228363420152083, 0.12536239195326, 0.13890737814062534, 0.1546964648168874], [0.1531956822725025, 0.14190104335035963, 0.163591847567997, 0.12477914084604023, 0.12454291130687971, 0.13899688906410052, 0.15299248559212048], [0.15230701496853094, 0.14295545589358413, 0.16193462290995575, 0.12637956444986523, 0.12532430418768264, 0.13969216614962698, 0.15140687144075438], [0.15280939518837305, 0.14259888045158384, 0.16268267123102825, 0.12576335356761287, 0.1247656580243252, 0.13933390077800117, 0.15204614075907555], [0.15433550794818585, 0.14221709461915555, 0.1628233998259816, 0.12474379874100502, 0.12340777903827588, 0.13837403373886104, 0.1540983860885351], [0.15425701817044168, 0.140984534959144, 0.1645742069907541, 0.12185031603270956, 0.1243266371811899, 0.13858141002307006, 0.1554258766426907], [0.15327824102959386, 0.14179157626620073, 0.16381545558872965, 0.12420182345735255, 0.12464531212429343, 0.13929452758348412, 0.15297306395034582], [0.1539280944413353, 0.14224125285899158, 0.16301879436382077, 0.12478300907839057, 0.12394765836887105, 0.13906767278990642, 0.1530135180986843], [0.15552294588246154, 0.14147693807793293, 0.1633140628469687, 0.11971177173446354, 0.1250473447424881, 0.14062550982818445, 0.1543014268875008], [0.1541214680704398, 0.13983337417486333, 0.1632319187331297, 0.12214930239195498, 0.12554740937874798, 0.13910950992274204, 0.1560070173281222], [0.15620353045112043, 0.1418492227349972, 0.16186321687881894, 0.11924827281325759, 0.12481413380232446, 0.13885333253130624, 0.15716829078817526], [0.15494113458070446, 0.1415577943947458, 0.16447160228540228, 0.12208314745810132, 0.12339733907804194, 0.138403315346826, 0.15514566685617806], [0.15491703719042957, 0.14115496504852784, 0.16492347136391727, 0.1216027711608043, 0.1236062976470014, 0.138512693025752, 0.1552827645635675], [0.1524544466637588, 0.1405022709871293, 0.16146349506404106, 0.1245462613572505, 0.12746909141738874, 0.14052083382325606, 0.1530436006871757], [0.1549819768402291, 0.14185747954488662, 0.16273596892317896, 0.12337320308811758, 0.12378180224281936, 0.13896419624852704, 0.15430537311224132], [0.15569971491242796, 0.13983964711594923, 0.15373124441400585, 0.11958846316456404, 0.12941661570018587, 0.13919199128344004, 0.16253232340942705], [0.15584036659679118, 0.1413777932586338, 0.160082873178542, 0.11811856611278411, 0.1269294284710925, 0.13985940539534733, 0.15779156698680905], [0.15522601070574638, 0.1419564632091992, 0.1640293225316366, 0.12190440272157305, 0.12326035850253868, 0.13858033935695635, 0.15504310297234974], [0.15466378404097464, 0.13977156766575957, 0.16385104345277401, 0.12106677257296422, 0.1252687325919263, 0.13933789544095126, 0.15604020423464993], [0.15480799503679915, 0.14130645031215733, 0.1653271880050931, 0.12042697780275975, 0.12429495469193488, 0.1395010464635775, 0.15433538768767838], [0.15639246492680142, 0.14134964880737502, 0.1638309191388604, 0.11971339045166686, 0.12353098910250243, 0.13896018297580834, 0.15622240459698553], [0.15595107212609194, 0.13886643703547658, 0.15438300000472813, 0.11744594098255082, 0.1293638788176593, 0.13947346510024716, 0.16451620593324617], [0.15701021890191652, 0.140971619181953, 0.16022997506710202, 0.12105828615884927, 0.12416110925830214, 0.13890565226661195, 0.157663139165265], [0.15707002962055425, 0.14114364873021987, 0.1595119159439615, 0.12144451706132811, 0.1243872385788185, 0.13912980222168514, 0.15731284784343272], [0.15737130568920019, 0.1405215313354842, 0.16043794718261678, 0.11976958107346575, 0.12468025199985043, 0.1395881934518589, 0.1576311892675237], [0.156512886564267, 0.1411808805153049, 0.1603242484464049, 0.11800220222670839, 0.125908978554978, 0.13936614546329631, 0.15870465822904056], [0.15549447227194738, 0.14019242064682869, 0.15462257793064796, 0.1215921104222942, 0.12813949193878463, 0.13877535947615072, 0.16118356731334654], [0.14385082299914617, 0.14281887171481342, 0.16666666666666666, 0.14246620561476017, 0.12554671806973394, 0.13600377616789827, 0.1426469387669813], [0.15542301570123004, 0.14400195683754557, 0.15035874833546972, 0.11802058588903801, 0.13319944277541548, 0.1508902689189524, 0.14810598154234883], [0.14898310853077823, 0.14000531069714953, 0.14616354122651576, 0.12128026943833278, 0.14485417179630888, 0.1524137564444155, 0.1462998418664994], [0.14712261161124165, 0.14034480996450305, 0.14548342534369169, 0.12402497316592233, 0.14625620056786862, 0.1521548159399149, 0.1446131634068577], [0.14612461581706065, 0.1458120661267676, 0.14005315783160185, 0.12061660182660537, 0.14703572804900877, 0.16112497397337025, 0.13923285637558544], [0.14750465009396796, 0.15010292119438864, 0.14281086092672804, 0.12484232804627242, 0.13817802436039744, 0.15744897931701368, 0.1391122360612317], [0.1468718292362709, 0.14674214064732516, 0.13832953893758654, 0.11812425756598718, 0.14475354163145993, 0.16666666666666666, 0.13851202531470364], [0.14613205730038714, 0.14385927698885748, 0.13741369684161747, 0.12023188155307983, 0.1525891257113218, 0.1595695282029694, 0.14020443340176664], [0.13962119439772622, 0.14056510973558617, 0.14554157563911577, 0.1666666666666667, 0.1308642024886117, 0.13907711186877145, 0.13766413920352227], [0.13979632099852998, 0.14083817626020922, 0.14547005698055396, 0.1658712000551264, 0.13094738590114402, 0.1392973525189501, 0.13777950728548632], [0.14559841908681745, 0.14301113907850393, 0.1373022023933853, 0.12049784719323484, 0.1546602720997398, 0.15862230978164352, 0.14030781036667508], [0.15460357792191368, 0.14589102671612394, 0.14941564630650409, 0.12239296303885558, 0.1313868078586266, 0.14936888910070933, 0.1469410890572669], [0.14813842227150817, 0.1463919498724539, 0.14067958444908582, 0.11719274212796346, 0.14506936761622233, 0.16201792915992486, 0.14051000450284132], [0.16666666666666666, 0.14510656612859596, 0.1524787237440867, 0.11205055224281978, 0.12615418578184823, 0.14394702193413228, 0.15359628350185037], [0.16238649741799704, 0.1444576947714428, 0.1532188343085332, 0.111751783681347, 0.12869940770301377, 0.14554009024770242, 0.15394569186996362], [0.16272808470006264, 0.14834561567276752, 0.15178679386862787, 0.11540047949797357, 0.1258925858422316, 0.14371344626473687, 0.15213299415359988], [0.16345070044240967, 0.14813170977346848, 0.15275745283492984, 0.11386331960964453, 0.1257376746246318, 0.1446963296978641, 0.15136281301705162], [0.15137206324487343, 0.15305099795770014, 0.15178762734198992, 0.12685651310679324, 0.1278350947947732, 0.1437403324861906, 0.14535737106767954], [0.15438772407127982, 0.15486334540427235, 0.14314006699692097, 0.11857664726183774, 0.13359878757730304, 0.1512377505804647, 0.14419567810792128], [0.14948213270473285, 0.15194105285494186, 0.13922316525292086, 0.11873420799644739, 0.14125288615939438, 0.15946504689653374, 0.13990150813502888], [0.14843896053809974, 0.14935376031025324, 0.14023642305230052, 0.11927242425221753, 0.14470056254925884, 0.15632065091671, 0.1416772183811602], [0.14632223709645165, 0.1515965225981774, 0.14712883727748746, 0.13480439783276618, 0.1339467400081211, 0.1436446845410021, 0.14255658064599414], [0.1459009978410732, 0.14415676503463526, 0.16666666666666666, 0.13867059909239526, 0.12347626386339389, 0.13636948374830932, 0.1447592237535263], [0.14614733905096378, 0.14374108544491804, 0.16666666666666669, 0.1387006531357568, 0.12361609576270421, 0.13567679498802632, 0.14545136495096428], [0.15700202877737984, 0.14074720377831795, 0.1620902409369399, 0.11949596584052555, 0.12398028170027962, 0.13914549277583915, 0.157538786190718], [0.15285839674929666, 0.1442471771065949, 0.148119716033248, 0.12840244820344873, 0.13271936813199428, 0.1431631327785286, 0.15048976099688882], [0.15032414396961222, 0.1479252389948247, 0.15051009299144935, 0.13063282704161688, 0.1312188329814206, 0.14134304343985543, 0.14804582058122068], [0.15680877551677594, 0.15302319581427154, 0.15253192063458706, 0.11933642598624429, 0.1258080317992393, 0.14503124459892347, 0.14746040564995844], [0.1492035866402168, 0.16666666666666666, 0.14379890096545234, 0.12397307362486193, 0.12912863887015597, 0.14814382313944804, 0.13908531009319824], [0.14945966750166192, 0.1616374788180335, 0.1431856311076955, 0.1247253343005365, 0.13116585083249116, 0.150704421298964, 0.1391216161406173], [0.14908734418146674, 0.16078165213868964, 0.1448387442761195, 0.12678036412972912, 0.13060406088031043, 0.14727293069220973, 0.14063490370147483], [0.1490189863555505, 0.1608165696501806, 0.14471854330011105, 0.12655856410539007, 0.13072091923798593, 0.14766672706881148, 0.1404996902819705], [0.1495084610957907, 0.1617488621128028, 0.14296061422174636, 0.12451234081650492, 0.13121891504618594, 0.15088714923884994, 0.1391636574681195], [0.14961970375390782, 0.15942826067367924, 0.14257190751546023, 0.12353923846442723, 0.13282786658626686, 0.1527461536929833, 0.1392668693132754], [0.1495743777272896, 0.1651262641918652, 0.14318780671418163, 0.12343533994218862, 0.13007741845339593, 0.14931506444374748, 0.1392837285273316], [0.14971257071863897, 0.16273458285669742, 0.14297823983663577, 0.12417292820581423, 0.1308285037601935, 0.1503316964080686, 0.1392414782139516], [0.14941722464779764, 0.16464202635580824, 0.1440493502648047, 0.12481030763271583, 0.129535797332807, 0.14818619426275162, 0.13935909950331518], [0.14892363742809364, 0.16350391948511603, 0.14560738613154028, 0.1263811902962458, 0.1290386567857348, 0.1467391754368349, 0.1398060344364345], [0.1445697923815324, 0.1465896612340937, 0.14553701015868178, 0.1381020206621634, 0.13655616861568046, 0.14847925637239934, 0.140166090575449], [0.1488525246050242, 0.1634608942379844, 0.14534171038635, 0.12622728752467438, 0.1292272241043342, 0.1473936130255376, 0.13949674611609508], [0.1487450537954287, 0.16010052664382263, 0.14560489223362108, 0.12797099521022431, 0.1303327682162251, 0.14649569955468902, 0.14075006434598913], [0.1492801552160275, 0.16560810182338476, 0.14411562968925565, 0.124345221066111, 0.12930102710115007, 0.1479428725097055, 0.13940699259436537], [0.14922576414287628, 0.16052033481060463, 0.14462880888480076, 0.12642940079431242, 0.13097051810793597, 0.14730496223875147, 0.14092021102071828], [0.14931181334395693, 0.16156275974795695, 0.14439029934825262, 0.12573652431832424, 0.13073872536680506, 0.14764690856924145, 0.14061296930546263], [0.1452687729424986, 0.15157832997892212, 0.15054636859915022, 0.13995919498164677, 0.12962830316968188, 0.1422320154616577, 0.14078701486644257], [0.15007593907381417, 0.16060257785105972, 0.1418222483290128, 0.12352780715653772, 0.1326149651980594, 0.15183943737964692, 0.13951702501186924], [0.14951578432069854, 0.15942737628218093, 0.14292939329482734, 0.12604390718929456, 0.13207448735287358, 0.15028288763347494, 0.1397261639266502], [0.1489121970059779, 0.16072356727643194, 0.14530398963620533, 0.12734244895469024, 0.13033351286984768, 0.1467053972865688, 0.14067888697027814], [0.14885233289620128, 0.16012494577160302, 0.14489500387732615, 0.12707968887382365, 0.1308516745760478, 0.14769627602034585, 0.14050007798465214], [0.14884884667846035, 0.16019856418827771, 0.14471403421317766, 0.1267400370383317, 0.13106383833884136, 0.14794759036625577, 0.1404870891766555], [0.14896433197787423, 0.15988922815045625, 0.14430463339812152, 0.12662204843421584, 0.13139235706634259, 0.14837416287277538, 0.14045323810021412]]