[[0.13964010882722117, 0.16064425573101268, 0.16666666666666669, 0.12289344060514781, 0.13783967999147564, 0.12762242956931036, 0.14469341860916574], [0.1442552589775293, 0.15672224592620057, 0.16082468463325025, 0.1260448988856158, 0.13890674336772102, 0.1247222920667171, 0.14852387614296586], [0.1444686916482246, 0.15581587032007915, 0.16168460886455316, 0.12597476140010344, 0.1393278760766466, 0.12487401714194149, 0.1478541745484517], [0.1422464716007312, 0.15807083144943485, 0.16418258980154798, 0.12489907232980049, 0.13919751216431278, 0.1254850830208346, 0.14591843963333812], [0.14332950731035246, 0.15645936644180897, 0.1637389701928759, 0.12524274887154518, 0.13968326264253506, 0.12567651534826407, 0.14586962919261837], [0.1428935602035224, 0.15545815694765067, 0.1629186917987516, 0.12670862332013977, 0.13996607292901725, 0.12607781460011827, 0.14597708020080002], [0.14325981456568945, 0.15676279616688743, 0.16397084017185232, 0.12489222662152316, 0.13987843333425243, 0.1259294086178493, 0.1453064805219458], [0.14320082843343807, 0.15640597863725753, 0.16376918388406694, 0.12493791936174771, 0.14035404315220143, 0.12675361057228357, 0.14457843595900477], [0.14321717851831287, 0.15936256599741225, 0.1609704360222752, 0.12505214672249867, 0.13888199318951086, 0.12512839521306496, 0.1473872843369253], [0.14266208078975876, 0.15712836852097667, 0.16524646301444462, 0.12429899951073722, 0.14026174994719204, 0.1263145170206418, 0.1440878211962488], [0.14344787451148597, 0.15473991123241493, 0.162640084025979, 0.1267794921033096, 0.14062866597049614, 0.12650845990920342, 0.14525551224711092], [0.1422037415838546, 0.15717239284494264, 0.16461536333831303, 0.12448146950009593, 0.140765562079576, 0.12749386506277174, 0.14326760559044613], [0.14368035400121057, 0.15478165889584888, 0.1628320384229349, 0.1265515233461801, 0.1405460290935224, 0.12629621251704418, 0.14531218372325885], [0.1430399894874183, 0.15626261133279543, 0.16407248599838453, 0.12478237047465252, 0.1408773156291614, 0.1272143994783493, 0.14375082759923863], [0.142829104391347, 0.15578310016043956, 0.16316117642765354, 0.12532938191318022, 0.1414676323094902, 0.12829356914205572, 0.14313603565583377], [0.14299432749009872, 0.1560757494544745, 0.16400619132326824, 0.12495076826424703, 0.14099568934630136, 0.12737573759912893, 0.14360153652248114], [0.14217300287617898, 0.15696771361364598, 0.16358778546786895, 0.12463586687056186, 0.14142722897479065, 0.12869202074926625, 0.14251638144768738], [0.1416128910339371, 0.16124080241986727, 0.16042680214526842, 0.12332018598286515, 0.13982216215791418, 0.1298495958566768, 0.14372756040347093], [0.14253774273999245, 0.1632535235239709, 0.1617368744504211, 0.12135099343080498, 0.1400343780576242, 0.12769872846391983, 0.14338775933326656], [0.14291172968033694, 0.15757933014492245, 0.1640819956541581, 0.12451111377155374, 0.140323908287507, 0.12602147661327065, 0.1445704458482512], [0.1424026583156457, 0.157587687063384, 0.16432828143612838, 0.12442733917902674, 0.1406242038178185, 0.12686127229860195, 0.14376855788939485], [0.1433876930370927, 0.15927182368203763, 0.15833228077808245, 0.12361657871025032, 0.14079490347096946, 0.13090295777144775, 0.14369376255011973], [0.14191111402511394, 0.15807367399938652, 0.16442159158187158, 0.12407825636986825, 0.14093753289505195, 0.1277632925803226, 0.142814538548385], [0.14247026862956383, 0.15705767939499343, 0.16470643234906576, 0.12435537960814202, 0.14100467946521084, 0.12736996319868307, 0.143035597354341], [0.14317295958787732, 0.1584867460155627, 0.1646602792519002, 0.12332114452547846, 0.14018942592509365, 0.12601401513244423, 0.14415542956164348], [0.14249025731928738, 0.157329682819479, 0.16550753814376634, 0.12402924827699353, 0.14063099241899282, 0.12676471529188982, 0.14324756572959116], [0.14273773394507744, 0.1584173075471303, 0.16494738591328992, 0.12389936745743955, 0.13995752001055997, 0.12550685053258784, 0.14453383459391478], [0.14288446093374402, 0.1567431306151992, 0.16501870640857252, 0.12430859374925315, 0.14077103738960978, 0.1267212041442354, 0.14355286675938592], [0.14281190900073396, 0.1559767592780218, 0.16326429368859233, 0.12520296911891585, 0.14156384850862183, 0.12815558782665173, 0.14302463257846257], [0.1424998872397808, 0.15779524209503806, 0.16666666666666669, 0.12343531177421585, 0.14021439694167803, 0.12590910295761823, 0.14347939232500245], [0.142459965729606, 0.15676136868090718, 0.16362496662821172, 0.12463126394946784, 0.1416189344143221, 0.12843751231134343, 0.14246598828614176], [0.14307958931561104, 0.15644642530755393, 0.16388811078156726, 0.12434937334869825, 0.14150045046671159, 0.127993900495317, 0.14274215028454082], [0.14264164768786028, 0.15715689749350661, 0.16461823015214508, 0.12415916254085368, 0.14100217129006234, 0.12723604476605022, 0.14318584606952175], [0.14329289144833265, 0.1553007560295646, 0.16260188064757686, 0.12543686398073406, 0.14204337161669545, 0.12861798633431396, 0.14270624994278225], [0.14236327379846633, 0.15740504644990266, 0.16392728817477356, 0.12411816680288029, 0.14159646951632593, 0.1283112851035017, 0.14227847015414963], [0.1428624339908866, 0.15897819877220998, 0.16507616234046218, 0.12303222133208064, 0.14043352329733638, 0.12615037782911026, 0.143467082437914], [0.14223493745687021, 0.161770897083256, 0.16239219683776232, 0.12310413766797129, 0.13944479069193605, 0.12624407254607967, 0.1448089677161245], [0.14249972416897821, 0.15714229635051016, 0.16432675153809137, 0.12429813090434044, 0.14143920377088726, 0.12776359187023198, 0.1425303013969606], [0.14171905304960655, 0.16181417840008108, 0.1593471757067228, 0.12214109429604242, 0.1414424019087458, 0.13238352056359678, 0.14115257607520476], [0.14171905304960655, 0.16181417840008108, 0.1593471757067228, 0.12214109429604242, 0.1414424019087458, 0.13238352056359678, 0.14115257607520476], [0.14242146722045215, 0.15742559748703033, 0.1640181103918007, 0.12398596674395396, 0.14170778528165084, 0.12845231803871293, 0.14198875483639917], [0.14301438119640358, 0.1564012577869436, 0.16367002880068326, 0.12439770650696966, 0.14190879191571315, 0.12834674350047093, 0.1422610902928157], [0.14299714289916127, 0.158573839706623, 0.16534666292732442, 0.12311199060821222, 0.14065558976119247, 0.12606269883693927, 0.14325207526054734], [0.1408977835264373, 0.16323016115388247, 0.15974223325664996, 0.12157317645230194, 0.14178660972385337, 0.13269485783236362, 0.14007517805451133], [0.14255171777085324, 0.157311083715145, 0.16352654944221953, 0.12417818051784733, 0.141871834326315, 0.1285107911817808, 0.1420498430458391], [0.1420410127464239, 0.1625507135447128, 0.16089890508301963, 0.12304445634167373, 0.14076240628973416, 0.12771178457391424, 0.14299072142052163], [0.1428759037679625, 0.1595004244392333, 0.1640267359257921, 0.12261216437479139, 0.14148665868170085, 0.12745810603669974, 0.14204000677382023], [0.14157949797771074, 0.1623760196499387, 0.15873052774597227, 0.12158131435034047, 0.14222953212087844, 0.13348265022821343, 0.14002045792694595], [0.1410443623123822, 0.16191924130699878, 0.15811533613864603, 0.12174503702426617, 0.14351272265254322, 0.13500458474115543, 0.13865871582400816], [0.1427068540621966, 0.16207068459575208, 0.1606700809498862, 0.1230687525988244, 0.140972593291447, 0.12737831578332698, 0.14313271871856678], [0.14131461841116608, 0.16157458595162, 0.1578382418281488, 0.12182158326691232, 0.14320795690084684, 0.13530114190787548, 0.13894187173343048], [0.14253391760783754, 0.16118599825399002, 0.16155533633339816, 0.12254614981408497, 0.14223561172744514, 0.1287560024715753, 0.1411869837916689], [0.14540669311568838, 0.1586689759295734, 0.16117009485677503, 0.12189102044197406, 0.14391127246345645, 0.12857310460081184, 0.14037883859172096], [0.14507042987068555, 0.15804199278817865, 0.16133652240977783, 0.12218603283066885, 0.1443483101451664, 0.12908999373554758, 0.1399267182199751], [0.14563755810749734, 0.15759369421789432, 0.16127185375097614, 0.12209510305986063, 0.14444189872997434, 0.12893807272371519, 0.14002181941008215], [0.14532339661048407, 0.15321361777202183, 0.16128929344343876, 0.1241746537665873, 0.14580319865507985, 0.13148503705559833, 0.13871080269678987], [0.1428407664785027, 0.156851011625389, 0.16437654336933688, 0.1247115365470368, 0.1405133374913693, 0.1266367217596723, 0.14407008272869298], [0.14261803852072427, 0.15695170190481175, 0.16531537680219785, 0.12434565705786661, 0.14058226966077586, 0.12655448331668476, 0.14363247273693888], [0.14316676023260222, 0.1568222342461737, 0.16295411938059726, 0.1255822697693219, 0.1392724172201133, 0.12557630026618485, 0.14662589888500668], [0.1427460053384606, 0.15807925454071156, 0.1641426248210831, 0.12443254313812205, 0.13948972353177994, 0.12564455355928256, 0.14546529507056016], [0.1432953071321603, 0.1612952590861532, 0.16206287541219405, 0.12170301257454161, 0.14082561162305743, 0.12773417018861355, 0.14308376398328], [0.14204230391322162, 0.16037308178879747, 0.16666666666666666, 0.12125157901573386, 0.1383965188833763, 0.1254977604478843, 0.1457720892843197], [0.1405639007071141, 0.16389208502752098, 0.1606915874852782, 0.1216652594650313, 0.1411831811554011, 0.13133773039955535, 0.1406662557600989], [0.14142963970874445, 0.16167375773010695, 0.15920502590284275, 0.12232708810221697, 0.14140205784051696, 0.13280077253016667, 0.1411616581854051], [0.14119613568133987, 0.16429105165172453, 0.15984454404849718, 0.1210041005137937, 0.14199954357109174, 0.13175428692682445, 0.13991033760672847], [0.141736833575232, 0.1666666666666667, 0.16040504906328953, 0.11988746442231801, 0.14127532382213095, 0.1296566041869726, 0.14037205826339033], [0.14155675117872524, 0.16177067052959956, 0.15783038381532202, 0.12187365497947841, 0.14381983844652646, 0.13428821408855446, 0.13886048696179382], [0.1417071620884804, 0.16158647192163889, 0.1578801422788586, 0.12180070619276777, 0.1439464751343941, 0.13429995551913837, 0.13877908686472185], [0.14172160768515682, 0.16214066706150404, 0.15778285273781878, 0.12173030614990349, 0.1438394580008977, 0.13391984669006363, 0.13886526167465554], [0.1416325750060221, 0.161648923532715, 0.15700068431022182, 0.12141848670815422, 0.14448013045349292, 0.13591116229704078, 0.13790803769235313], [0.14349835134610406, 0.1536501907798585, 0.16666666666666669, 0.12628516881066662, 0.13594635363582927, 0.12228739984014056, 0.15166586892073436], [0.1417036899460136, 0.15969933018184487, 0.16121697707127483, 0.1255706310041871, 0.13857103897012846, 0.12600262683384011, 0.14723570599271116], [0.14348057844016074, 0.15502318149189706, 0.16259238192064054, 0.12704236902336538, 0.13947438650350516, 0.125232539217776, 0.14715456340265531], [0.14361898518581698, 0.15599808463008893, 0.1626758524264188, 0.12633155483866815, 0.13917492295626188, 0.12465059540732039, 0.14755000455542466], [0.14340192246875247, 0.15498298552526205, 0.16280858760433659, 0.12703993494551982, 0.13966245461795435, 0.12535738507266359, 0.1467467297655114], [0.14332862964847295, 0.15523145019816342, 0.16312067835643232, 0.1266664204471019, 0.1397399915287907, 0.1255078587313998, 0.14640497108963899], [0.14283971794708422, 0.15750696971399872, 0.1621176279161104, 0.1262791664718581, 0.13875782102709425, 0.12455620644026665, 0.14794249048358762], [0.14289868501640443, 0.15619544905950553, 0.1636880117181726, 0.12604565686214023, 0.13950081904131081, 0.12528963973552898, 0.1463817385669373], [0.14475566655377037, 0.15693105730287094, 0.16095934046459215, 0.12516685329528057, 0.13949104802363646, 0.1252749562264343, 0.14742107813341518], [0.14329789260757184, 0.15492658474640672, 0.16197773299080948, 0.1275564709649987, 0.1398560799600126, 0.12549764827407384, 0.14688759045612704], [0.14335233071235057, 0.15492150347715972, 0.1609860622453698, 0.12808873957345263, 0.13975226509277142, 0.12538310915418602, 0.14751598974470997], [0.1441560708163166, 0.15514038268082314, 0.16261306967836658, 0.12637518163602346, 0.13978147233092458, 0.12516297238522467, 0.14677085047232102], [0.14313616640727528, 0.15710239865858683, 0.1637028548928804, 0.12537230986504916, 0.13933057410788385, 0.12500097707538782, 0.14635471899293667], [0.14315917191678404, 0.15606630804850796, 0.16368124410365673, 0.12609343934455236, 0.13957116013375573, 0.1250553611100523, 0.14637331534269107], [0.1439764209909722, 0.15061239918326014, 0.16666666666666669, 0.13014537505138257, 0.1357938214843734, 0.11953672770726236, 0.15326858891608278], [0.1432839053765208, 0.1578944848940591, 0.16381085052688024, 0.12436574827136065, 0.13953401284814645, 0.12519023617848682, 0.145920761904546], [0.1443988354010908, 0.15575617057657662, 0.16289277414069445, 0.12509243751646074, 0.14028967812612894, 0.12586886755418575, 0.14570123668486268], [0.14336729774542376, 0.15706250170584737, 0.16310770627469895, 0.12569643996707194, 0.13926545464788118, 0.1245535821371343, 0.14694701752194236], [0.1430775598854517, 0.15631978679399902, 0.16425452080267877, 0.1254745091972947, 0.13980320115344586, 0.12538939742014235, 0.1456810247469875], [0.14364759707432115, 0.15410048601916634, 0.16147686607164966, 0.1275192441731014, 0.14091949131523204, 0.12692678758155926, 0.14540952776497024], [0.14100104326626708, 0.16034051203442742, 0.1618558815187525, 0.12426201140599806, 0.14087133618508496, 0.12895760899566794, 0.14271160659380197], [0.14346484908279064, 0.1563458898138096, 0.16429423056705966, 0.12454751259242336, 0.14065690982416218, 0.12636371063030255, 0.14432689748945193], [0.14489851465471584, 0.15659655688488316, 0.16243669617406883, 0.12337415559103808, 0.14161630363153938, 0.12741213278280744, 0.14366564028094736], [0.14447521730722754, 0.15653216418768004, 0.16377071990232506, 0.1240702230652863, 0.14066612595376496, 0.12576615373875488, 0.1447193958449614], [0.14375368856035162, 0.1548172794925151, 0.16295454698291753, 0.1261119667529747, 0.1412806083226132, 0.12690654458664705, 0.14417536530198075], [0.14276419660448628, 0.16034349723238725, 0.16253818591032343, 0.12356884867753325, 0.14023010932945995, 0.1261162070061281, 0.14443895523968187], [0.14132299240472354, 0.1609174704829146, 0.16160106236904775, 0.12345839562505022, 0.1415654209768582, 0.1294898939471908, 0.1416447641942149], [0.14335371524393112, 0.1542278978168663, 0.16093108571232856, 0.12566353549457895, 0.14389767713510312, 0.13135288074714596, 0.140573207850046], [0.14507778957753964, 0.15426534535326325, 0.16173887184989677, 0.1257323077107463, 0.14320094523522256, 0.12764729863775467, 0.14233744163557685], [0.14465642430606215, 0.1569737535270643, 0.16271969420374088, 0.12324975491769097, 0.143061192358078, 0.12768764666927143, 0.14165153401809236], [0.14527119319154239, 0.15512102207970616, 0.161982612178307, 0.12387074019515966, 0.14404231698408274, 0.12880225067884427, 0.140909864692358], [0.1433218549641511, 0.15438266540486456, 0.16666666666666666, 0.1230050624869763, 0.14488450725909183, 0.1298705336861354, 0.13786870953211414], [0.14532574265264664, 0.15394154515979036, 0.15935923071800634, 0.12299164109517843, 0.14687653692366504, 0.1340604420029573, 0.13744486144775592], [0.14148485069520944, 0.15388090368917645, 0.1508725883158035, 0.1256862764062423, 0.14683753949674955, 0.1450857451917968, 0.13615209620502203], [0.14303025498962296, 0.15711497088572865, 0.15359299195819634, 0.12274660507286834, 0.14703438587519424, 0.14010642317842062, 0.13637436803996894], [0.14267030589074128, 0.14179619223823392, 0.14533910375619674, 0.12957221753439227, 0.15462553950321106, 0.15718182464327896, 0.12881481643394574], [0.14242958993087504, 0.14259201659872714, 0.14412505466080908, 0.13546910553697666, 0.14823842038420693, 0.15108876526755213, 0.136057047620853], [0.14150724256071306, 0.14260209498207993, 0.1426507681118827, 0.13281393988029916, 0.1492488564937145, 0.15875151739479695, 0.1324255805765137], [0.15079182937343907, 0.1443008976103002, 0.14471858797117362, 0.12339581549751814, 0.1588814315562676, 0.14860318185543014, 0.12930825613587119], [0.15131960194624494, 0.14404202035615676, 0.14704338917205068, 0.12422418819119867, 0.15701971391618416, 0.14577026828738737, 0.13058081813077735], [0.14230730760837224, 0.14212143288966528, 0.14446198831996768, 0.1290442911327277, 0.1522719041298383, 0.16007729150345493, 0.12971578441597384], [0.14206624277052876, 0.14214490237080013, 0.14435848047397667, 0.1297552545237832, 0.1516762962223826, 0.15982662516374635, 0.13017219847478217], [0.14186156481095324, 0.14172253318253644, 0.1426737235190233, 0.12656495586839847, 0.15271655561006375, 0.16666666666666666, 0.12779400034235808], [0.14227767854746753, 0.15852322861072926, 0.16291381274669767, 0.1251596466658247, 0.1389237737223773, 0.12558705216242047, 0.14661480754448303], [0.14117980192619753, 0.15901771927719824, 0.16310205071612588, 0.12520825921164852, 0.13922177758513757, 0.12681710687811165, 0.1454532844055806], [0.14195140426258068, 0.15916854208721232, 0.16252946183214592, 0.12505236417902393, 0.13887324665708745, 0.12584070803810943, 0.14658427294384005], [0.14165672013995598, 0.15895013868688962, 0.16259787269699502, 0.12538910039697307, 0.13894495399815407, 0.12601212782912957, 0.14644908625190262], [0.14308354833657533, 0.1569377103022003, 0.15968203361208216, 0.12767861022941984, 0.13823099081641244, 0.12432934044770547, 0.1500577662556044], [0.1427598195564279, 0.1570915831154909, 0.1625486831902111, 0.12629353295632234, 0.13894520001609828, 0.12486525620500835, 0.14749592496044114], [0.143212800905202, 0.15730966220427353, 0.16187247440744246, 0.1262549147499318, 0.13872960922416464, 0.12440316168151269, 0.14821737682747277], [0.1418045317722182, 0.1593461330327291, 0.1634477348848956, 0.12461501293825565, 0.13930048496582192, 0.1260059224692388, 0.14548017993684073], [0.14321274766907605, 0.15554301356629646, 0.16313805712050417, 0.12647485514475965, 0.1398444411837359, 0.12555913858413664, 0.14622774673149116], [0.143274602065052, 0.1568207904826995, 0.16401861997957262, 0.1251713822156742, 0.1395212895205651, 0.12503766411695527, 0.14615565161948144], [0.1437031846247378, 0.1568411138973345, 0.16187285999710588, 0.126241150454862, 0.13908993900272484, 0.12429405072499579, 0.14795770129823915], [0.14214704140233927, 0.15889194859432004, 0.16500988018500554, 0.12355688395946987, 0.13995258985685086, 0.12648235629070315, 0.14395929971131122], [0.14196399020932468, 0.15847127758888585, 0.1636926426121863, 0.12467981741290222, 0.1401492650312597, 0.1266461030856213, 0.14439690405981995], [0.14199777583715892, 0.1584083514893016, 0.16525747548191527, 0.12369800698148237, 0.14042511873262692, 0.12691972042273852, 0.1432935510547764], [0.14690286539439745, 0.15739401242776335, 0.15498713340147718, 0.12182332578226643, 0.14813309559988455, 0.13368472986353294, 0.13707483753067817], [0.14831129678993477, 0.15566407322400558, 0.15640626328615737, 0.12197251585855563, 0.1481449881819977, 0.13162297514434548, 0.13787788751500346], [0.1492593063776366, 0.1508940297383744, 0.15000799410648188, 0.12275977399663732, 0.15379830238404696, 0.140097031759091, 0.13318356163773196], [0.14864755834395443, 0.14822744682461775, 0.14884710551266186, 0.12141903148717158, 0.15801820666379196, 0.14511976680143376, 0.12972088436636878], [0.14422965925512388, 0.14298888618581884, 0.14293367944626106, 0.12736862644141628, 0.15429908530861214, 0.1589611748419607, 0.12921888852080715], [0.141845841910704, 0.15840770996015635, 0.16236602622634994, 0.12574916793727806, 0.13864508611917517, 0.12587319398037408, 0.14711297386596234], [0.14171618767160388, 0.1589639883512532, 0.16100299078691685, 0.12631721754844344, 0.1381151624232867, 0.12546689677352976, 0.14841755644496604], [0.1424430352224115, 0.1576440870823542, 0.1634580448212773, 0.12523710234735563, 0.13904797641458053, 0.12570077870783583, 0.14646897540418508], [0.14146293454321143, 0.1593603605899484, 0.16256265213744323, 0.12506420864301307, 0.1392617404903774, 0.12663470741584879, 0.14565339618015766], [0.14224586411353524, 0.1571738775653841, 0.16413960033194308, 0.12479519251806022, 0.140147987164639, 0.12720834906025577, 0.14428912924618267], [0.14286295342589686, 0.1559356314050737, 0.16368533917911593, 0.1260527547235048, 0.1398382042778922, 0.1258237078768869, 0.14580140911162945], [0.1437054060446183, 0.15417068997156788, 0.16204999913809315, 0.12736184063650627, 0.14034985578344172, 0.1263323096268441, 0.14602989879892864], [0.143400960539846, 0.1549579965442163, 0.1627858482151112, 0.1268226621317762, 0.14004176111484037, 0.1258508047750157, 0.14613996667919432], [0.14303645724299077, 0.15723880614812644, 0.16293133870289278, 0.12592121042444307, 0.13916863769161283, 0.12462271308802925, 0.1470808367019049], [0.14244467491769341, 0.15815566734413639, 0.1646736717650709, 0.12398065491227028, 0.1399164387196048, 0.12633926448570573, 0.1444896278555185], [0.14293206199285471, 0.15591438655853274, 0.16391966772099048, 0.12575391894800567, 0.14029498279371833, 0.12618119804702885, 0.14500378393886915], [0.14321406712429807, 0.15628977078518938, 0.16313295394706903, 0.12609375147786006, 0.1399313789115775, 0.1252845429358694, 0.14605353481813654], [0.1436972407785267, 0.15766594439267545, 0.16355503087684944, 0.12308664963044158, 0.14249721510463723, 0.12803872891681778, 0.1414591903000518], [0.14161043286033267, 0.15862650140862505, 0.16341718952828838, 0.12455057539280977, 0.14059594690183108, 0.12776538800235596, 0.1434339659057572], [0.14360496984745472, 0.16025170394287544, 0.1621604824291802, 0.12218280019850138, 0.14057458422421407, 0.12740421317557168, 0.14382124618220252], [0.1428785675217103, 0.1583646835948688, 0.16456876939495907, 0.12405668943360808, 0.13965442587350432, 0.12531270681401235, 0.14516415736733707], [0.14262723004675473, 0.15851877253424437, 0.1650076200368914, 0.1237781252360939, 0.1398717602037636, 0.12568493617078852, 0.14451155577146352], [0.14211177204783657, 0.15559555747001838, 0.161699765476486, 0.12645890354836792, 0.14170808790238598, 0.12924901104685416, 0.1431769025080509], [0.14308576594520023, 0.1577922489016974, 0.1628956175974477, 0.12513160439899584, 0.1400893559440419, 0.12552360794711265, 0.14548179926550442], [0.1416313596300761, 0.16182604966317243, 0.1600300121401857, 0.12224333126993198, 0.1407413630511416, 0.13151724751868385, 0.14201063672680836], [0.14366415741252592, 0.15992568951217664, 0.16059668587775747, 0.12190735909852507, 0.1419514988513822, 0.13003060375149322, 0.1419240054961395], [0.143321167285865, 0.1582681293428787, 0.16415351660612038, 0.12401228385419469, 0.13990294090127042, 0.1253043868860931, 0.14503757512357768], [0.14180420271169683, 0.15894216962032967, 0.16402096993750326, 0.12381878486961538, 0.1409872219571706, 0.12776715119341542, 0.14265949971026887], [0.14315908153391801, 0.1576023745177794, 0.1654067713845253, 0.12317424866959266, 0.14111505639307875, 0.12681241475159544, 0.14273005274951034], [0.1432527823556056, 0.15974369325330962, 0.16401042423884638, 0.12268557061192402, 0.1407140256844488, 0.12626151219674608, 0.14333199165911947], [0.14159533777633015, 0.162676561069392, 0.15936453476247797, 0.1215905124827779, 0.14176323565209586, 0.13250491481924562, 0.14050490343768046], [0.14278732975211694, 0.16120705836232188, 0.16084330692738058, 0.12375723273062032, 0.1405484533003183, 0.12667644146635676, 0.1441801774608852], [0.14285770579501444, 0.160874583815263, 0.1606942619472357, 0.12396500885178245, 0.14066459084571456, 0.126743715489592, 0.14420013325539782], [0.14280023056829572, 0.1613172152541361, 0.16088533333520866, 0.1231380273078869, 0.14153314120246108, 0.12769598269169083, 0.1426300696403208], [0.14340575419276563, 0.16111821614603056, 0.16080528912872222, 0.12169315832039816, 0.14143675337517028, 0.1290002452324558, 0.1425405836044575], [0.14148687391995665, 0.16140534630460426, 0.16032554081558362, 0.12347447641349829, 0.1399401329643469, 0.12974843164862362, 0.1436191979333867], [0.14251070713353634, 0.14409679965023894, 0.15110719171611384, 0.1424782479943826, 0.13601903431388626, 0.12556717974730267, 0.1582208394445394], [0.1468784985692062, 0.15162357742322588, 0.15841192178845115, 0.12190458144791382, 0.15214988650391845, 0.13587152954753834, 0.13316000471974596], [0.14295671152354245, 0.1482155202334327, 0.15381147941617065, 0.12443334818007915, 0.1534039330385987, 0.14636952701461733, 0.130809480593559], [0.14292752746203344, 0.14640338503747458, 0.15254691213233396, 0.1265328328132365, 0.1530082924756166, 0.1474565887351715, 0.13112446134413344], [0.1485719034208495, 0.14229162362363323, 0.1475089259262168, 0.12401904107142166, 0.16153442557279515, 0.148486172824652, 0.1275879075604316], [0.15216946121187017, 0.14247314299467456, 0.1494632507184247, 0.1272420406382849, 0.1579778532007817, 0.13981258825134582, 0.13086166298461818], [0.14975302186417724, 0.14206047698531984, 0.14624494411710293, 0.12223375547720444, 0.16666666666666669, 0.14660866055177665, 0.12643247433775223], [0.14694700363588384, 0.14286274846239086, 0.14467826194366853, 0.12421238710266769, 0.1601779126064255, 0.15379588761966764, 0.12732579862929594], [0.1399324606790055, 0.13790708181554556, 0.1432969922561842, 0.16666666666666666, 0.13847791315683985, 0.1300866332028216, 0.14363225222293657], [0.1401685601540958, 0.13800386040281956, 0.14348681402398414, 0.16585265283514392, 0.138659205445393, 0.13011454974138284, 0.1437143573971806], [0.14613642153408168, 0.14276626434310954, 0.14444249105751852, 0.12443900946761823, 0.1593090095118624, 0.15568518782984123, 0.1272216162559683], [0.1480236656663453, 0.1505080523634239, 0.15618352906988767, 0.12514748820557772, 0.15044508466894865, 0.13358177351548903, 0.13611040651032782], [0.14940519706770275, 0.14388789334777058, 0.14834506545906434, 0.12149383789890732, 0.16242207468540942, 0.14694696379392214, 0.12749896774722355], [0.14881556535292717, 0.15812909914903484, 0.15563083307889575, 0.11999838483829003, 0.14725322441425412, 0.1320496329314012, 0.1381232602351969], [0.14820737078009627, 0.15772210061493258, 0.15593303694632357, 0.11929883482586598, 0.14844355364550546, 0.13391731639440596, 0.1364777867928701], [0.15071191916598728, 0.15640398298877264, 0.15519996836141464, 0.12109897880911483, 0.14626481428862506, 0.13042483378815162, 0.1398955025979339], [0.1510156985061248, 0.15621860429016612, 0.15469440856646074, 0.12067637976112651, 0.1475310974855033, 0.13101862176650106, 0.13884518962411735], [0.15323868198418875, 0.1484463461655994, 0.15230317483581893, 0.1282359049108529, 0.14453471267912602, 0.12918057948119333, 0.1440605999432208], [0.15663850585780048, 0.14813653045685024, 0.14701553814336346, 0.12335409781270831, 0.15277051942871267, 0.1368838799754096, 0.13520092832515523], [0.15439236591012143, 0.143711970739725, 0.14568229857869913, 0.12291025584951763, 0.160092477861146, 0.1434670259400381, 0.1297436051207528], [0.15185700357742435, 0.14459126456822674, 0.14535959966973697, 0.123693475338437, 0.15728575262187924, 0.14674961457585411, 0.1304632896484416], [0.15124137306884622, 0.1439315173361808, 0.14736874465554242, 0.13519563849837754, 0.14392737425332272, 0.1343485119582411, 0.1439868402294892], [0.1432020717534476, 0.14601936573493166, 0.1564163727269859, 0.1379654482590117, 0.13560637358194838, 0.12238840577582127, 0.15840196216785352], [0.1416373566150957, 0.14561360643401108, 0.15550143467629235, 0.13666841800755408, 0.13342482204328682, 0.12048769555709336, 0.16666666666666669], [0.14291536118080808, 0.16096567631961478, 0.16241119414651503, 0.12280413442495537, 0.1410756036556379, 0.12697395691085483, 0.14285407336161401], [0.14550829727672085, 0.1519101060753967, 0.1518074931037701, 0.13018434149147565, 0.1442576485157426, 0.13430023051034723, 0.14203188302654693], [0.14787402461448876, 0.1489018738322725, 0.1515664199992631, 0.13085466603593715, 0.14149894597945814, 0.13143706428447885, 0.14786700525410157], [0.15436362141774565, 0.1518561798197005, 0.15377180632316642, 0.1227225090422064, 0.146579078183097, 0.12873112555970617, 0.1419756796543779], [0.16524143849981368, 0.1433428472130258, 0.1452949167516072, 0.12676610071778946, 0.14935559287171024, 0.13158438740713338, 0.13841471653892023], [0.1625198623450055, 0.14305653248141528, 0.14675090200829344, 0.12672888088626902, 0.15146694123819496, 0.1328617325401672, 0.13661514850065462], [0.1608752170267237, 0.14381119893420105, 0.14567819172751137, 0.12831429183988885, 0.14801876540544723, 0.13199093875060264, 0.14131139631562523], [0.16103869776956567, 0.143718659206033, 0.14580000680087782, 0.12808311360450148, 0.14838893396834762, 0.13208725341332758, 0.14088333523734675], [0.16285926933345407, 0.14299694344597702, 0.14676693944509095, 0.1263960217646295, 0.15159226255165753, 0.13280291035472663, 0.13658565310446447], [0.16101489101133065, 0.1430458336035572, 0.14721605058275727, 0.1255909741243496, 0.15340840539829215, 0.13443770690617576, 0.1352861383735374], [0.16666666666666669, 0.14312811198558972, 0.1453419367850547, 0.1256086553200971, 0.1501873602255253, 0.13191682477823088, 0.13715044423883568], [0.16382738566543567, 0.14316286833097266, 0.146051818263336, 0.12627456971495074, 0.15113958605933114, 0.1326009759761843, 0.13694279598978956], [0.16417118738602, 0.14342826464124964, 0.14541769733868937, 0.12734261630231813, 0.14930426237872943, 0.13178221399431683, 0.1385537579586767], [0.16256547208360328, 0.14348248100456454, 0.14664015133627334, 0.12835682465764142, 0.1477164367219707, 0.13088396670805424, 0.14035466748789246], [0.14738599031877925, 0.1419160169620095, 0.14889580383067835, 0.13859688862914515, 0.14879434400749794, 0.1370778176833059, 0.13733313856858395], [0.16284330886082418, 0.1433197591645468, 0.1464049016143714, 0.1282434601538339, 0.1483545032285036, 0.1310938298966764, 0.13974023708124364], [0.16000707775831538, 0.14369130369393138, 0.14623520039803403, 0.1291290266820726, 0.147099348848114, 0.1314201197549602, 0.1424179228645723], [0.16475627959095934, 0.1434553879880682, 0.1454837348705906, 0.12691273887319468, 0.14907879010968314, 0.13156789071122194, 0.13874517785628201], [0.16064869622522296, 0.14403557952370472, 0.14554843949883922, 0.1281084851176476, 0.148112918089457, 0.13246010349971057, 0.14108577804541786], [0.16167859556584535, 0.1439335062166129, 0.1454235493244358, 0.1276349967219302, 0.14852910647522272, 0.1324051795045812, 0.14039506619137188], [0.15080055137960408, 0.14184873547080093, 0.14805164018121733, 0.13926163313549858, 0.14159381651098304, 0.1286609128631799, 0.1497827104587161], [0.16189812772202689, 0.14341954138039267, 0.1459608388854119, 0.12586346770743906, 0.15264222574535996, 0.13445862116658636, 0.1357571773927832], [0.16041255456422285, 0.14329533799020522, 0.14612075456940554, 0.1276951058537452, 0.15094884126159638, 0.13348056022970975, 0.13804684553111518], [0.16061477912692912, 0.14373841061155498, 0.1460493726194879, 0.12871454303595214, 0.1474018825865819, 0.13160124324514288, 0.14187976877435096], [0.16042634623032556, 0.14361431915712355, 0.14619198056603733, 0.12836729495308782, 0.14831330696547232, 0.13201659304459065, 0.14107015908336268], [0.1605348157897934, 0.14361155116906904, 0.14629249177107115, 0.1280962960856207, 0.1485834546209062, 0.13227322311482112, 0.1406081674487183], [0.16041458525730423, 0.14354968058930365, 0.1463565532435041, 0.12788464584084375, 0.14895092122059708, 0.1325045477623165, 0.1403390660861308]]