[[0.16666666666666666, 0.1392185057421943, 0.14093281813195005, 0.12498716104723603, 0.14574442267663856, 0.12948995738737856, 0.15296046834793578], [0.16223506504950258, 0.13923747949539714, 0.14452227204219284, 0.12652887306776972, 0.14874003222590707, 0.12522202399621818, 0.15351425412301245], [0.16176165560732045, 0.13975066618664195, 0.14481197985143965, 0.1266040553349219, 0.14814510678942838, 0.12552033391412548, 0.15340620231612215], [0.16424010297109684, 0.13983349817683982, 0.14281186586810063, 0.12586610630869027, 0.14639881780358, 0.12643854925039097, 0.15441105962130156], [0.16379131340037284, 0.14016568898981996, 0.14374674379149485, 0.12598335184862913, 0.14624145176970982, 0.126409363174191, 0.15366208702578227], [0.16296308520350958, 0.1402823317906283, 0.1431751440387309, 0.1271819118703924, 0.14622214085852134, 0.1265585748511746, 0.15361681138704292], [0.16402060707975163, 0.14037296350657735, 0.14369192199358297, 0.12566341301436765, 0.14570080501523963, 0.12668144788049632, 0.1538688415099846], [0.16382015017101065, 0.14081687824766215, 0.14361358900338925, 0.1256719217591791, 0.14496696461949804, 0.12745567523403867, 0.15365482096522215], [0.16666666666666666, 0.13868524868940207, 0.14305113165699748, 0.12475747246870858, 0.14725076617910027, 0.12483426087820439, 0.15475445346092048], [0.16527029544756638, 0.14070485077348416, 0.1430649016715612, 0.1250099712030288, 0.14446671673267308, 0.12699166631979605, 0.15449159785189012], [0.16267134909953135, 0.14083084237653726, 0.1436281607018631, 0.12708920273334046, 0.14542176273232477, 0.12682027501398122, 0.15353840734242194], [0.16465166599445594, 0.14122394328558793, 0.14263667080756143, 0.1252280361759705, 0.14368170722845158, 0.12818712028598753, 0.15439085622198512], [0.16286437304087048, 0.1407662853432753, 0.14387418077933428, 0.1268897850368194, 0.145492250473749, 0.12663662705734458, 0.15347649826860704], [0.1641088680554585, 0.1412389980874493, 0.14337134155094786, 0.1253697763069418, 0.1440722105218094, 0.1277676973477277, 0.15407110812966543], [0.16320529253556249, 0.14178475865790519, 0.14312909680265679, 0.1258496059019828, 0.14343216537979842, 0.12877648924617022, 0.15382259147592417], [0.16404242128542396, 0.1413452729420016, 0.14331669392534213, 0.12551884923675505, 0.1439156340743769, 0.12791079569568753, 0.15395033284041276], [0.16364031058232573, 0.1418578088731343, 0.14259086001680643, 0.12535290414074376, 0.1429283806166667, 0.12933986082313656, 0.1542898749471865], [0.16160126065114627, 0.14079912553425317, 0.1425246836589122, 0.1248977127391311, 0.14456239297405474, 0.13118949504512006, 0.15442532939738238], [0.16666666666666669, 0.14049005033505269, 0.14295058302867247, 0.12212633408326319, 0.14378605603530273, 0.1283654608431082, 0.1556148490079341], [0.1641198566813813, 0.1407097848216198, 0.1432596990395216, 0.12512862080747766, 0.14489411784127784, 0.12661685940653836, 0.15527106140218333], [0.16436433260052152, 0.14102570357804, 0.1427767394304577, 0.12507854793591874, 0.14412158076733694, 0.1274749568178834, 0.1551581388698417], [0.16666666666666663, 0.14044807156304054, 0.14307561957006612, 0.12303945746692842, 0.14338579219243128, 0.1304235163318784, 0.15296087620898843], [0.16446398192759862, 0.14142333708183497, 0.1423785355569131, 0.12488238868983943, 0.1432649020859375, 0.12849784595389874, 0.15508900870397752], [0.16473584605365132, 0.14138974267109614, 0.14283334037945994, 0.12499026885939085, 0.14339018623463573, 0.12795961802546313, 0.15470099777630283], [0.1647023400935799, 0.14074448075784954, 0.14366546920323758, 0.12422981706343737, 0.14462734319752465, 0.12686623575915712, 0.15516431392521385], [0.16552671793821558, 0.1410617978651121, 0.14289029799867908, 0.12473475841189541, 0.14363507542613038, 0.12742496237439338, 0.15472638998557414], [0.16497854479921714, 0.14044157548098624, 0.1431714030148715, 0.12467444819678804, 0.14493495255469366, 0.12625279851879517, 0.15554627743464827], [0.1650413162961998, 0.1411263234258578, 0.1432107509619833, 0.12488974324243293, 0.1438699863112542, 0.1272692528088903, 0.15459262695338152], [0.16330184508083392, 0.14184090389822704, 0.14307518976616287, 0.12566059665723606, 0.1432855655511722, 0.1285806278315214, 0.15425527121484645], [0.16666666666666663, 0.1406687105143871, 0.14291494787603043, 0.12417780349603925, 0.1438776301154479, 0.12660910770488887, 0.15508513362653964], [0.16366567809797944, 0.14195418443288046, 0.1427839590099808, 0.12519388452521799, 0.14278990095793412, 0.12894918836161312, 0.1546632046143941], [0.16392625312357767, 0.14184591712820796, 0.14340337850990956, 0.12493027966890013, 0.14307057163866013, 0.12852477694149764, 0.1542988229892469], [0.16464628075557208, 0.14135361229243631, 0.14297063824964867, 0.12474124606282345, 0.14350738456097195, 0.1277759944935486, 0.15500484358499902], [0.16318309078237692, 0.1421721087699225, 0.14341509577864958, 0.12565242438461693, 0.14283152139133964, 0.1288169149821692, 0.15392884391092518], [0.16396758288732155, 0.14196523797628305, 0.1427207629999271, 0.12474403123761775, 0.14263720676938724, 0.12887547113304493, 0.15508970699641839], [0.16510791402038255, 0.14095722282951909, 0.14333764450381542, 0.12390330789182136, 0.143930222185842, 0.1269592157640569, 0.15580447280456283], [0.16327321127776576, 0.14021128110529102, 0.14292286529249684, 0.12433073428056304, 0.14542441819863872, 0.12738225754498017, 0.1564552323002645], [0.16435684945366758, 0.1417637001764052, 0.1428105792876739, 0.12484310990673682, 0.14284076320616607, 0.12826399525947452, 0.15512100270987583], [0.1636511262457178, 0.1419356873332361, 0.14220692828764486, 0.12301183586485749, 0.14165152933028197, 0.13305396136496866, 0.15448893157329313], [0.1636511262457178, 0.1419356873332361, 0.14220692828764486, 0.12301183586485749, 0.14165152933028197, 0.13305396136496866, 0.15448893157329313], [0.16405823490946103, 0.1420859018753659, 0.1427887718318699, 0.12463256146201052, 0.14236261485910287, 0.12903124940632288, 0.15504066565586697], [0.16370348657867403, 0.1421852161998561, 0.1432784614595615, 0.12486964390754, 0.1425335811284024, 0.1287745894862909, 0.15465502123967512], [0.16536788335616187, 0.14107374479364193, 0.14337765503693367, 0.1238121771882117, 0.14362848909626807, 0.12671544972253765, 0.15602460080624517], [0.16666666666666666, 0.14197694674219075, 0.14109492022890022, 0.12191814995833353, 0.1402786078403524, 0.13295474842730523, 0.15510996013625117], [0.16356505511206426, 0.14217588081875823, 0.14284742719637283, 0.12469919534083311, 0.142351706707358, 0.12897867739081154, 0.15538205743380193], [0.1623852463264573, 0.14136349282430383, 0.14261243029554685, 0.12405667297526918, 0.14354010178010676, 0.1286156997886699, 0.15742635600964616], [0.1640729543910631, 0.14192749650617792, 0.1432924194483855, 0.12338344653484337, 0.1424711568821832, 0.1281445480973739, 0.15670797813997292], [0.1644805364194017, 0.14245802525996035, 0.1418140690937995, 0.12200287333705673, 0.14026960644590028, 0.13379292883592664, 0.15518196060795478], [0.16319237455706478, 0.1437045237095771, 0.14125661060389563, 0.1221171557459769, 0.1388907261706557, 0.1352668649288203, 0.15557174428400947], [0.16236414332206506, 0.14142012644181304, 0.14312418027826476, 0.12382813051244806, 0.14354262732713796, 0.1280626307686054, 0.15765816134966573], [0.16430368549816876, 0.14322773420826518, 0.1413359919332838, 0.12185939075971354, 0.13896524564435644, 0.13532758520470145, 0.15498036675151083], [0.16165290561825219, 0.14270197183395875, 0.14299458340591872, 0.123388358592625, 0.14167336097223185, 0.12947967246601508, 0.15810914711099835], [0.16116768175962917, 0.1439012824226267, 0.1453973595923085, 0.12187136310139067, 0.14036729774679213, 0.12855638081932122, 0.15873863455793158], [0.16131347953220004, 0.14425182510981335, 0.14497706664885757, 0.12199373750981685, 0.13981111809194902, 0.12892754509768684, 0.15872522800967628], [0.1612414849884041, 0.14431678990576938, 0.14551917995149544, 0.12184419848656171, 0.1398718288445614, 0.12872568895257508, 0.15848082887063286], [0.16666666666666666, 0.14487609008944313, 0.14437496711272296, 0.12228643896409472, 0.1374685297950914, 0.1299216732779481, 0.15440563409403302], [0.16441018757798184, 0.14089755613346583, 0.14319079285394673, 0.1253278994970651, 0.14440204921519556, 0.1272248018076186, 0.15454671291472627], [0.16533494865811074, 0.1409600716951124, 0.1429663548201, 0.12495862746779289, 0.14396609614115205, 0.12713546145729043, 0.15467843976044135], [0.16303346427690407, 0.13985788959642356, 0.1436690023579017, 0.1264603292148888, 0.14705421198623264, 0.12645448729251263, 0.15347061527513667], [0.16419997517931703, 0.14010722812157703, 0.14328952188069408, 0.12539217148909196, 0.14594702490329417, 0.1265766430515135, 0.15448743537451234], [0.16314972240143855, 0.14154162881876609, 0.14394289273907748, 0.12294888854429305, 0.14373721113617416, 0.12881293175245484, 0.15586672460779594], [0.16666666666666669, 0.13926726020485194, 0.14280075237726197, 0.12265039708132171, 0.1464156576187001, 0.1267657930057416, 0.15543347304545602], [0.16468520065885592, 0.14187504046784227, 0.14127257306284835, 0.12288701708651692, 0.14137214924570754, 0.13229688700881256, 0.15561113246941652], [0.16333426314258662, 0.14188591586592333, 0.1419129694968688, 0.12317626257703959, 0.14165012025211016, 0.1334493590481003, 0.15459110961737127], [0.1642510050970733, 0.14257727462588335, 0.14179268342933787, 0.12207356785320642, 0.14053700015469794, 0.13257197311966637, 0.15619649572013475], [0.16329947941880327, 0.14235466805083333, 0.14279655978327474, 0.12187597138214602, 0.14148979882559032, 0.13122984108058453, 0.15695368145876767], [0.1618505573895767, 0.14403781520685544, 0.14179631957646766, 0.12230101563886062, 0.13912577984668756, 0.1345971300627736, 0.1562913822787782], [0.16155424586875672, 0.14418797989771773, 0.141972469677867, 0.12227760988216421, 0.13907551849251734, 0.13464399816966552, 0.1562881780113116], [0.16201229255254598, 0.14402172584125278, 0.14192078587179635, 0.12208910838037901, 0.13908724685562643, 0.13418131940199368, 0.15668752109640574], [0.16278468177269148, 0.1444432662526186, 0.14159097942864954, 0.1213433042651103, 0.1378602535828737, 0.13586006026470102, 0.15611745443335545], [0.16666666666666666, 0.1365524614054218, 0.14395545918579522, 0.1270818904968596, 0.15196183270387578, 0.12316299698673787, 0.15061869255464302], [0.1633500109702966, 0.13913860963191585, 0.14220797671157567, 0.12640082794478316, 0.14762823835852978, 0.12682409685928858, 0.15445023952361053], [0.16264413160528732, 0.13981977029746884, 0.14377507743291887, 0.12754565856624564, 0.1474023971338871, 0.12575881638364825, 0.15305414858054406], [0.1627350428647464, 0.13958267141626218, 0.14396082078305622, 0.12692979189140124, 0.14783353657210266, 0.12527376389498446, 0.1536843725774468], [0.1628530268975998, 0.1399735027015184, 0.14366989748258788, 0.1274963755532863, 0.1469761776081903, 0.12583320613532017, 0.1531978136214971], [0.16316463788815846, 0.14007380087232044, 0.1436179507316154, 0.12716230253663616, 0.1466561548419862, 0.12601810348263578, 0.15330704964664757], [0.16247986158582578, 0.13925660977007645, 0.14326555475719185, 0.1270009745578865, 0.1482771302039956, 0.12530880738241904, 0.1544110617426048], [0.16373192869906933, 0.13990134949275138, 0.1432491176828722, 0.1266445688349731, 0.14668081745161896, 0.12589969834678794, 0.15389251949192698], [0.16166573471059326, 0.13991182782566253, 0.1450949304509719, 0.12580942498735165, 0.14771907153107328, 0.12591585408246259, 0.15388315641188477], [0.16201794950035978, 0.14008603164857872, 0.14349832421742076, 0.1278919151550178, 0.14705723359085793, 0.12585075077793054, 0.15359779510983446], [0.16102927656074023, 0.13995701222025322, 0.14352969090008075, 0.12838221515881357, 0.1476616755433831, 0.1256971674025072, 0.15374296221422198], [0.16265925320829333, 0.1400877813154573, 0.14441253902964027, 0.12683423146512005, 0.14699752792083914, 0.12563583318328866, 0.15337283387736134], [0.1637569669571606, 0.13982966531562988, 0.14356577666587655, 0.12612624535765457, 0.1467255662336078, 0.12576169221033126, 0.15423408725973933], [0.1637195585356371, 0.13991889949731956, 0.14346086331544364, 0.12661414960437298, 0.1466337569426813, 0.1255893938986161, 0.15406337820592925], [0.16666666666666666, 0.13584990938844652, 0.14401764324681995, 0.13021172470878048, 0.15329292972740746, 0.11962235050877994, 0.15033877575309904], [0.16386742359200812, 0.14007150452003056, 0.14374711253433037, 0.12520371979831124, 0.14633173353710077, 0.12601187478840636, 0.15476663122981255], [0.16294241384102692, 0.140636626481922, 0.1446917341689996, 0.12563928199132784, 0.1459770043847842, 0.12640549929667202, 0.15370743983526733], [0.1631621370063387, 0.1396845287183214, 0.14372363823743628, 0.1263230385152707, 0.14724860978833798, 0.12519765955022408, 0.15466038818407085], [0.16428742699632284, 0.1401696692063631, 0.14339935954409644, 0.12603644748242887, 0.14596730826203652, 0.12595249678954684, 0.15418729171920545], [0.16150586307475667, 0.1410633486581095, 0.14377621165599339, 0.12773797279492333, 0.1455282979010273, 0.1271488264395475, 0.15323947947564226], [0.16199182997138956, 0.14160028897686636, 0.14172633065283072, 0.12546032874714874, 0.1433885550023472, 0.1300232329807666, 0.15580943366865085], [0.1643236476328334, 0.14097941829042623, 0.14375254045371824, 0.12506976983085416, 0.1446038998750437, 0.12686344788720583, 0.15440727602991844], [0.16248735076742715, 0.14191628585487717, 0.1451591918604451, 0.12389259054178636, 0.1439410813603666, 0.12788221229159763, 0.15472128732350007], [0.1638038083161044, 0.14096320208105728, 0.1447287716431739, 0.1245569201167536, 0.14497016025376128, 0.1262334734810272, 0.1547436641081224], [0.1629761439745754, 0.14142830358488692, 0.14388699552218948, 0.126347912678845, 0.14430621896224236, 0.12713786768450874, 0.15391655759275205], [0.16263122464034, 0.14082587902437385, 0.14330285854578953, 0.12454009366784463, 0.1449398751093372, 0.12703004516865532, 0.15673002384365944], [0.1617404216623178, 0.1422559786386901, 0.1420202194928462, 0.12464709370764825, 0.14233313905335496, 0.1305126601302269, 0.1564904873149159], [0.16666666666666669, 0.14314941488737945, 0.14258757665844551, 0.12431604069020906, 0.1397156928462316, 0.1301923561313679, 0.15337225211969985], [0.1616989612251513, 0.1430108943834207, 0.1449029394459457, 0.1254007768941778, 0.14214039719548383, 0.12733127749379242, 0.15551475336202825], [0.16270927581875377, 0.14299888360840732, 0.1445983263130496, 0.12313515211622744, 0.14158550434981276, 0.1275847580779356, 0.15738809971581338], [0.1629127971435425, 0.14373197956639291, 0.1449777122260483, 0.12328370996025159, 0.14055655953553367, 0.12828286580171613, 0.15625437576651488], [0.16666666666666666, 0.14455200395732443, 0.14296549787278184, 0.12233857082843301, 0.1374291105165976, 0.12930884301629095, 0.15673930714190543], [0.16666666666666666, 0.14586791562600543, 0.1442380837665351, 0.12076570515947246, 0.13595554654772213, 0.13239863720131265, 0.15410744503228557], [0.16666666666666669, 0.14499829018899094, 0.13914911311096148, 0.12188514316561674, 0.13332171934994405, 0.14308400832545273, 0.1508950591923674], [0.16666666666666666, 0.14551474730018288, 0.1412006762799049, 0.11934696849860942, 0.13402958976342305, 0.13805052498731668, 0.15519082650389643], [0.14576994792838865, 0.15419277987893656, 0.14180787366721473, 0.12823903836841904, 0.12745441617718883, 0.15684093822835912, 0.14569500575149316], [0.14631934625859147, 0.14755917655210596, 0.14153623933046472, 0.13431919953674568, 0.13492881248544464, 0.1505145818493233, 0.14482264398732422], [0.14841977339691081, 0.14830078264368984, 0.14013778268948449, 0.13097129234312346, 0.13056179414204397, 0.1583206856215035, 0.1432878891632439], [0.14774341677495567, 0.15837584733067397, 0.14976089489226957, 0.12058574496414273, 0.12688214789510752, 0.14743011349586152, 0.14922183464698902], [0.14913373487972434, 0.15653190112665238, 0.15054355435421968, 0.12207801992902652, 0.1287560824974415, 0.14471361022673157, 0.1482430969862039], [0.14589591695335033, 0.15184292183443046, 0.14158136761896595, 0.12792309632496665, 0.12861460096506988, 0.1598809197136747, 0.14426117658954193], [0.14601511428857294, 0.15122728320458984, 0.141329375685513, 0.12864963110914712, 0.1290790639617636, 0.15962174245664656, 0.14407778929376697], [0.1473831218120953, 0.1519288436891806, 0.1404609111278976, 0.12430055843704953, 0.12559900257238138, 0.16666666666666669, 0.14366089569472892], [0.16301498902572215, 0.13967171721747054, 0.1429352013606901, 0.12627866859597003, 0.14715540212577205, 0.12669455131584648, 0.15424947035852887], [0.16320986450163633, 0.14005186346980197, 0.14195066627921302, 0.12646219172807605, 0.14609489491195243, 0.12802237890498355, 0.15420814020433682], [0.16265357426804178, 0.13970702433966248, 0.14269283997666013, 0.1263007559450665, 0.14718672675100042, 0.12706545019515553, 0.1543936285244132], [0.16271324979843185, 0.13973104709561698, 0.14236591681072644, 0.1265595912072876, 0.14702238778638896, 0.1271649517092005, 0.15444285559234763], [0.16281052313134717, 0.13825825963058316, 0.14310616371855875, 0.1277159984058593, 0.15007369360761372, 0.12436994045620287, 0.1536654210498353], [0.16262268911862088, 0.13944339358294613, 0.14318945906951955, 0.12701909469306288, 0.1478404500286899, 0.12561648607461331, 0.15426842743254734], [0.1627411836613666, 0.1391338425133603, 0.14355216496745601, 0.12683964975407752, 0.14848432753015045, 0.12501469049653724, 0.15423414107705197], [0.1635362638435293, 0.1400531258206161, 0.1424883048562209, 0.12577154229823878, 0.1460628631791262, 0.12712419821570053, 0.1549637017865681], [0.16317781428950937, 0.1401466496705831, 0.14347700513628023, 0.1269276999898458, 0.14645803392635243, 0.12602230089211724, 0.15379049609531187], [0.16406126841529287, 0.13995848267050495, 0.14365134578652375, 0.1258396895307334, 0.14648599424941358, 0.12570812504500237, 0.15429509430252897], [0.1619422459622346, 0.13948908690249395, 0.14403556001532508, 0.1268262728120053, 0.14822849645293132, 0.1249073555691001, 0.15457098228590968], [0.16505139391835438, 0.14062195858578433, 0.14276142424303986, 0.12463707627383469, 0.1445282731953864, 0.1274892456902853, 0.15491062809331504], [0.16375146094754733, 0.14067370914930413, 0.14245254385972117, 0.12551020631861437, 0.14483734110451937, 0.1274376040576803, 0.15533713456261317], [0.16528677482103685, 0.14097072249478146, 0.14251068154221072, 0.1245913941565798, 0.14377951552010348, 0.1277461230213715, 0.15511478844391605], [0.15686421721893515, 0.14719746229052816, 0.14590512617170778, 0.11955949204601105, 0.1355809483646535, 0.13201969733586166, 0.16287305657230278], [0.15568104105205205, 0.14683584539765568, 0.14701390897230568, 0.1188134595623801, 0.13584304912130107, 0.12914602922763882, 0.16666666666666669], [0.15499334587630736, 0.15269068432447314, 0.14776100354736324, 0.11898057827346557, 0.13030157205411844, 0.1378101049350143, 0.1574627109892579], [0.1527130747596018, 0.15736710530104564, 0.14729098549971495, 0.11801255253986494, 0.12693941238228654, 0.1434976033341173, 0.15417926618336875], [0.14915911803375442, 0.15338676584196487, 0.14257454836138975, 0.12446972761385906, 0.12645647798991502, 0.15839276376882938, 0.14556059839028748], [0.16249393358099629, 0.13947848902522603, 0.1425840496448159, 0.12696611436510744, 0.147694529370175, 0.127086451691767, 0.15369643232191232], [0.16339899105289132, 0.13859677173617602, 0.14213705457033682, 0.12699783564476652, 0.148725384059224, 0.1261618581563099, 0.15398210478029545], [0.1635383038364771, 0.1397388178373322, 0.14304895418013244, 0.12627340272572612, 0.14697419131561004, 0.12672548089550117, 0.15370084920922097], [0.16268299783149376, 0.14006535968753284, 0.1422020061555223, 0.12628415478341123, 0.14626958713244667, 0.12780860041401837, 0.15468729399557488], [0.16419460775799044, 0.14072522737457666, 0.1427774391940945, 0.12570662170615735, 0.14477622794947595, 0.1280672503316094, 0.15375262568609557], [0.1637272157558424, 0.1402150445171369, 0.1431973071753804, 0.1266232293213978, 0.14609448847394998, 0.12639739973215483, 0.1537453150241376], [0.16209136659221723, 0.14058566645426995, 0.14391114944925698, 0.12771402986771999, 0.14621481368455863, 0.126693723927125, 0.1527892500248523], [0.1628269395699189, 0.14032367418405745, 0.14364730532439168, 0.12724454327559717, 0.1463573099851866, 0.12628297625732263, 0.1533172514035255], [0.16299198402316376, 0.13961508490861368, 0.14342010805825167, 0.12658273767649714, 0.14739882455799277, 0.12530532223372198, 0.15468593854175913], [0.16471737055029875, 0.14050296930476516, 0.1429757709151702, 0.12491659652375922, 0.144975885825984, 0.12722349077514175, 0.15468791610488097], [0.16395050369046743, 0.1405910136459475, 0.14319849076102747, 0.1262131780394062, 0.14524695694467896, 0.12663566078957156, 0.15416419612890084], [0.1631700984376924, 0.14021240590050732, 0.1434605882574291, 0.12652023217603192, 0.14627020899156873, 0.12571952959971686, 0.15464693663705364], [0.16357654583369385, 0.14266433129124603, 0.14385605956070588, 0.12338797737222958, 0.14163348375944657, 0.12830581622067114, 0.15657578596200702], [0.1634857496264239, 0.141146008043801, 0.14213908955663024, 0.1254391747667578, 0.1439241482262633, 0.12858615865844822, 0.15527967112167554], [0.16250878814875944, 0.1413481171568663, 0.14428866314835725, 0.12350158093440936, 0.14449852769639351, 0.1285681984902384, 0.15528612442497577], [0.16461132271900497, 0.1402023367036385, 0.14336108051460228, 0.12492098159568865, 0.14560030991796682, 0.12615152217352665, 0.15515244637557218], [0.16504131972777697, 0.14041603668695707, 0.14311553554017206, 0.12464930665004843, 0.14496158555079855, 0.12651738513568273, 0.1552988307085642], [0.16207846259583802, 0.14192893885334257, 0.14232905091929893, 0.12681468994167094, 0.14338475636067496, 0.12958010861872502, 0.1538839927104496], [0.1629440374485148, 0.1404306056608539, 0.14338854209051285, 0.12566490998376842, 0.1457538106091951, 0.12605188024988087, 0.15576621395727394], [0.16287892396317455, 0.14149531665082055, 0.14235943055797073, 0.12353524029166692, 0.14272767760712485, 0.13253945468301487, 0.15446395624622752], [0.1610417035829832, 0.14267547171833245, 0.14433796196429882, 0.12321847802213504, 0.1426487837164406, 0.1311037712776334, 0.15497382971817647], [0.16419911672043574, 0.14038855812467696, 0.14374476214286364, 0.12478623076760588, 0.14543002643891512, 0.12605488910080254, 0.15539641670470017], [0.1640741942534303, 0.14150382344931564, 0.14230436874421196, 0.1246807692280009, 0.14314245946318221, 0.1285497050205926, 0.15574467984126644], [0.1654248205180987, 0.14148110620164567, 0.14349584884312389, 0.12379731669197862, 0.14307296628209393, 0.12738336277122647, 0.15534457869183277], [0.1640638294561418, 0.1412358178283168, 0.14372353139803704, 0.12356983477663053, 0.14380114815486855, 0.12707388008595719, 0.1565319583000481], [0.1647265235777767, 0.14213299289901665, 0.14196758791092856, 0.12225978711658476, 0.14089334395178005, 0.13301213630634523, 0.15500762823756795], [0.16229348168752528, 0.14094834440653664, 0.1431529418374682, 0.12441421109139889, 0.14452446391407167, 0.1272887243652275, 0.1573778326977718], [0.16174419769448103, 0.14102947426916884, 0.14319181354900912, 0.12456423512886733, 0.14451540291620113, 0.12730394857252728, 0.15765092786974527], [0.16116556335485885, 0.14199648903316284, 0.14324021903742276, 0.12394049732543432, 0.1430731951025832, 0.12841442475452378, 0.15816961139201427], [0.16218775711712444, 0.14205662795174742, 0.14397725232294023, 0.12279811393880401, 0.14313333813951537, 0.129925672790131, 0.15592123773973765], [0.16159030332822966, 0.1408443351422003, 0.14233874733134091, 0.12493573857821298, 0.14439893134942752, 0.13099743568624486, 0.15489450858434384], [0.15100858265710054, 0.13582480319767593, 0.14235761736368904, 0.14232495251289154, 0.15816731353331107, 0.12530670940727343, 0.14501002132805846], [0.1580163348555198, 0.15145420800320844, 0.1459302026689098, 0.11975947626725228, 0.13155428609029077, 0.13439575361237818, 0.15888973850244076], [0.15351111467950673, 0.15309404587662956, 0.14240272235993826, 0.12344655589627342, 0.12997166827371573, 0.1458952791574822, 0.15167861375645408], [0.15224231998079374, 0.1527136532472024, 0.14241542539478647, 0.12566706345632248, 0.13035774286022847, 0.14704218783647446, 0.14956160722419187], [0.14727380837875173, 0.16129904551407934, 0.14774202299291425, 0.12206309230886539, 0.12579563778106556, 0.14765236053295633, 0.14817403249136732], [0.14890029553587816, 0.15751140217362475, 0.1513911919577487, 0.12512556554321919, 0.1289395040143026, 0.13837095154118273, 0.14976108923404394], [0.14520749092326038, 0.16666666666666669, 0.14889378411979629, 0.11997649899390082, 0.12438851887650249, 0.14558968468157266, 0.14927735573830078], [0.1476136231113673, 0.15974943551793033, 0.14564483934932104, 0.12140896969265946, 0.12472797161365803, 0.1529459811689803, 0.14790917954608343], [0.14280657866089866, 0.13788637098502549, 0.13937144224780168, 0.16666666666666666, 0.14314887407208055, 0.12931899967008298, 0.14080106769744397], [0.14299508817797357, 0.13806506911605848, 0.13960644252360752, 0.16583538475125487, 0.14322745854292937, 0.12933915134279825, 0.14093140554537784], [0.14757589906146287, 0.15883945959440418, 0.1448262252712526, 0.12174413084863822, 0.1247043176410981, 0.15498437337587695, 0.14732559420726715], [0.15555615555646937, 0.14947428839758822, 0.14690795723170394, 0.12266273279481428, 0.13428173755370784, 0.13160177607047785, 0.15951535239523856], [0.1481703385183501, 0.1622152737890481, 0.14856420047690155, 0.11929297112028663, 0.125590677084489, 0.145986199544244, 0.15018033946668063], [0.15672391728632962, 0.1466911100651079, 0.14829868843506533, 0.11864710923633082, 0.13729678865328834, 0.13104730005635157, 0.1612950862675263], [0.15612504446561415, 0.14812772695616225, 0.1478874507806597, 0.11847789794783233, 0.13595458013907558, 0.13334973395870364, 0.16007756575195234], [0.1560149813933251, 0.14573051021279507, 0.15029408031192196, 0.11990560671243979, 0.13919439262950614, 0.12947569649102164, 0.1593847322489903], [0.15549724316860608, 0.14687074509557763, 0.1504755967651409, 0.11908929366068603, 0.13788509386305708, 0.12978843773470464, 0.16039358971222756], [0.1526468364491364, 0.14414694272530712, 0.15300341269874126, 0.12756256650071227, 0.14366452314610148, 0.12852379254295257, 0.150451925937049], [0.14885500709914612, 0.15194123966634251, 0.15604005574999846, 0.12076933556229481, 0.13332314885377913, 0.13510653393502015, 0.1539646791334186], [0.14620493438550933, 0.1596942821315615, 0.15364891690227006, 0.12025994925736418, 0.127507191493809, 0.14206183388691665, 0.1506228919425693], [0.14651400599761347, 0.15685879405825412, 0.15118296345189222, 0.12173761347292049, 0.12881554596629277, 0.14584311912010853, 0.14904795793291833], [0.145168934951599, 0.14133527568007498, 0.16666666666666669, 0.13160819146041294, 0.1414015203048105, 0.13066449922877946, 0.14315491170765648], [0.15641277409338142, 0.13559546905422284, 0.14319383389409768, 0.13795537194611182, 0.15839906062732056, 0.12237286073501287, 0.14607062964985282], [0.15551472849494438, 0.13346440125260947, 0.14166715761780643, 0.13670413524817182, 0.16666666666666666, 0.12054267828096314, 0.14544023243883808], [0.16250451745779337, 0.1416368204718698, 0.14343623176912168, 0.12376604799165453, 0.14337628800330857, 0.12784442548760655, 0.15743566881864562], [0.15477536107905487, 0.14352111871975706, 0.14481287325656936, 0.12898525640272296, 0.14122219774509442, 0.13323642465957594, 0.15344676813722538], [0.151432547357541, 0.1412758192101588, 0.14770741669795096, 0.13053717141247922, 0.1477003351067712, 0.13112473296687838, 0.1502219772482204], [0.15341267667654945, 0.1458782422059159, 0.15393438040923021, 0.12118934110244453, 0.14111423568242093, 0.12740759227230652, 0.1570635316511324], [0.14442794134006548, 0.1485688562549004, 0.1651766661350573, 0.1249527391299853, 0.13713074975990625, 0.1299900025629844, 0.14975304481710094], [0.14576526911499638, 0.15071470552902838, 0.16231463664508353, 0.12475235645821697, 0.1351278963009013, 0.13118872346407287, 0.1501364124877004], [0.144814911940409, 0.14725175606925867, 0.1606370081322386, 0.12673681514988103, 0.14026850527880502, 0.13056468671943885, 0.14972631670996892], [0.14523506165054761, 0.14759094962062555, 0.16079298725593255, 0.12639860098298014, 0.1397576652621742, 0.13057755683416078, 0.14964717839357922], [0.14574668713799332, 0.15081940293377366, 0.16266406535553038, 0.12433135937443027, 0.1350434096784643, 0.13106672698298732, 0.1503283485368207], [0.14613890212281833, 0.1526741810608681, 0.16070190342179605, 0.1233162585692221, 0.13354832772645064, 0.1326529112872768, 0.15096751581156795], [0.14439027795111897, 0.14939701477301393, 0.16666666666666666, 0.12363951828918976, 0.13573484994459337, 0.13025022675663891, 0.1499214456187784], [0.14499757753056858, 0.15034553312636992, 0.1636821851951384, 0.12420892299976516, 0.13542272101324926, 0.1308588608748208, 0.15048419926008796], [0.14447002894082836, 0.14852992826394953, 0.16405989319498024, 0.12558882960184412, 0.13729996937517885, 0.1302264259057747, 0.1498249247174442], [0.14587855058360127, 0.14699576669270778, 0.16240950521518982, 0.12689991595298325, 0.13935403217774203, 0.12952316425333274, 0.14893906512444302], [0.14971800300153404, 0.14808080888435068, 0.14661622804251492, 0.13747623000459622, 0.13616202595032156, 0.13589651162668676, 0.14605019248999596], [0.145600895902647, 0.1476278595249411, 0.1626915944615145, 0.12671879152702123, 0.13867177127250738, 0.12968226659646567, 0.14900682071490326], [0.1454536522701316, 0.1463508562823778, 0.15975233396384225, 0.1276931301159571, 0.14149035554887715, 0.13007186249374933, 0.14918780932506476], [0.14456922717938903, 0.1483194878309379, 0.16467380452609462, 0.1251964857561763, 0.1375397537670808, 0.13005260940493166, 0.14964863153538965], [0.1447142194403299, 0.14738000101736362, 0.16041097212017041, 0.12658534549933537, 0.14007527227555622, 0.13110886312807493, 0.1497253265191696], [0.14455916823681103, 0.14779109030967752, 0.1614756312713957, 0.12604680056525921, 0.13932607644628706, 0.13101108178061244, 0.1497901513899571], [0.14755991126556406, 0.14093149967629962, 0.1503814368716642, 0.1385377100493694, 0.14933670897252094, 0.12765696435303503, 0.1455957688115468], [0.1448719841867896, 0.15190472427697918, 0.1616473651787329, 0.1237177551392221, 0.13413174406147965, 0.13276490082626982, 0.15096152633052662], [0.14504085702322916, 0.15012270898740904, 0.16008383709084079, 0.12564675225944813, 0.13654258159432903, 0.13173629135818105, 0.1508269716865627], [0.1452472773763593, 0.14665240539354313, 0.16037933648365765, 0.1272380535528432, 0.14091545925604823, 0.1302370579519452, 0.14933040998560315], [0.1457380045892063, 0.14750664972677377, 0.16015207493974298, 0.12668398105670325, 0.13994515480819825, 0.1304936711837574, 0.14948046369561796], [0.14607401288555028, 0.14777195450567499, 0.16025964356482741, 0.1263654166327988, 0.13943876927628052, 0.13072978695232457, 0.1493604161825433], [0.14573860436101907, 0.14815099764005385, 0.16013228342800498, 0.126133511345593, 0.13915028921035072, 0.1309620168789224, 0.14973229713605596]]