[[0.16666666666666666, 0.1419142214753896, 0.14887613131750796, 0.12107976531184812, 0.14378299137541725, 0.12600469255194524, 0.15167553130122513], [0.16666666666666666, 0.13895574435943797, 0.15303097498716034, 0.12201901723939756, 0.14672580748740577, 0.12056533147420422, 0.15203645778572739], [0.16376024890692037, 0.140368531093578, 0.1536717719254517, 0.12253498183813065, 0.14626391168230904, 0.12134118915725706, 0.15205936539635329], [0.16366022843531447, 0.14217905963351746, 0.1522049092885097, 0.12185664883710323, 0.14440710304907386, 0.12248534555594623, 0.1532067052005352], [0.16389675824032596, 0.141971456975905, 0.1529830101220576, 0.12201802206917978, 0.1442506426813942, 0.12248555595511285, 0.15239455395602475], [0.1637764992077133, 0.14292236847542805, 0.15202527964085896, 0.12288607671992889, 0.143997831424302, 0.12219492230912395, 0.1521970222226447], [0.1639063062880105, 0.14223516666777916, 0.15299750641117543, 0.12171377994909362, 0.14368127112354823, 0.12282987689105071, 0.15263609266934244], [0.16389965830066355, 0.14302184761567263, 0.15275108381061941, 0.12159733154681418, 0.1428101663817688, 0.12355837761042715, 0.15236153473403438], [0.16666666666666669, 0.13922060311601864, 0.15202582679391263, 0.12129384593097738, 0.1456461200037281, 0.12137698059403423, 0.15376995689466236], [0.16666666666666666, 0.1432926786817055, 0.15241092818489743, 0.12021082750519294, 0.14190912668304959, 0.122420827808553, 0.15308894446993487], [0.1643336350853105, 0.1433149771282562, 0.15237016723852082, 0.12260673675330644, 0.14301560655983211, 0.12230735080764077, 0.1520515264271332], [0.16482951301455848, 0.1447128254619991, 0.15181303572159202, 0.12060739806283072, 0.14111875622472492, 0.12389643653323137, 0.15302203498106332], [0.16349240042745244, 0.14298355024736573, 0.15279249830383584, 0.12279139190662795, 0.1433105540132665, 0.12251214990846135, 0.15211745519299014], [0.16492754852165104, 0.14407893829646004, 0.1525096519580568, 0.12078972296179843, 0.14156636047967472, 0.12345358669678173, 0.15267419108557723], [0.16358900291179063, 0.14539146072361459, 0.15195523593158697, 0.12129212668907977, 0.14083788850994866, 0.12454581479945623, 0.15238847043452328], [0.16448021332785312, 0.14433789247787235, 0.15243367734496605, 0.12104374133899332, 0.14144130294346305, 0.12369582841188727, 0.15256734415496487], [0.16357129013090008, 0.145814018209273, 0.1515142685444977, 0.12074089595536427, 0.1402783879053811, 0.12517293136527338, 0.1529082078893105], [0.16666666666666669, 0.14098792142146094, 0.14910286942310744, 0.12046883233306414, 0.1422186142713994, 0.12742775012495916, 0.1531273457593423], [0.16666666666666669, 0.14200323513166344, 0.15191216647861497, 0.11813101154150261, 0.14173363715734405, 0.12492979563524458, 0.15462348738896373], [0.16397567801084686, 0.1434406642740256, 0.15278679578676033, 0.12074380915769753, 0.1425957784812944, 0.12238914821278199, 0.15406812607659318], [0.16440688912491458, 0.14434933956092344, 0.15216784942280764, 0.12045835889930682, 0.1416169577672938, 0.12312099434745437, 0.1538796108772994], [0.16666666666666669, 0.14052141890083275, 0.1501980625916236, 0.12035299293646316, 0.14195220877830766, 0.12819174538817768, 0.15211690473792858], [0.16392615129365518, 0.1452767650239081, 0.15167883140168076, 0.12029581927701084, 0.14069614123067725, 0.12430813742998918, 0.15381815434307866], [0.16482406437787053, 0.1448250449083559, 0.15213427471443292, 0.12036778816761458, 0.14080850722612057, 0.12366647863738549, 0.15337384196822004], [0.1636646813200176, 0.14274453041479723, 0.15346264603803392, 0.12028607659468166, 0.14257918522439747, 0.1231675029005352, 0.1540953775075369], [0.16512047206115515, 0.14407088836065093, 0.1524064512875362, 0.12035944646398686, 0.14123188414464133, 0.12333035507431324, 0.15348050260771617], [0.16386571488186488, 0.1428400249272164, 0.15301385314606805, 0.12062013906292965, 0.14283677602987463, 0.12235087762161764, 0.15447261433042878], [0.16530909058990603, 0.14406417410852046, 0.1526795156566544, 0.12032688620375959, 0.14138014299843282, 0.12296628474920293, 0.15327390569352384], [0.16372887039230505, 0.1456003813154509, 0.15201668571344593, 0.12097478491717892, 0.14061377968929248, 0.12422849148036776, 0.15283700649195894], [0.16508892326319094, 0.14353181108415328, 0.15280988621655772, 0.12011476664405828, 0.14169840741050269, 0.12277856656735577, 0.1539776388141814], [0.16378144048086477, 0.1458616206164521, 0.151816699729382, 0.12048836763649196, 0.14008083446928132, 0.12466974960683494, 0.1533012874606929], [0.16397652862995124, 0.14499203648451162, 0.15258975040258377, 0.12046893590494195, 0.14054830512305122, 0.12444766116527892, 0.15297678228968137], [0.16467679855611334, 0.14455657956488951, 0.15248183064479823, 0.12012053600828619, 0.14095493962087657, 0.123489751986024, 0.153719563619012], [0.1629367811030352, 0.14587322102803627, 0.1522724618272395, 0.12127796530009513, 0.1402893345318695, 0.1247799712062846, 0.15257026500343995], [0.16365581999116305, 0.14596177355197193, 0.15194731155207689, 0.12005034898827747, 0.1399468546904494, 0.12464434725826587, 0.15379354396779543], [0.163623701147246, 0.1433452482434258, 0.15327901558879065, 0.11990762697598392, 0.14180579651141467, 0.12324906978082234, 0.15478954175231663], [0.16666666666666669, 0.14082106486355442, 0.15143337030642443, 0.11964547584227139, 0.14307356826399115, 0.12303470691937736, 0.15532514713771473], [0.16402662776022853, 0.14548106336980107, 0.15215520245640038, 0.1202367272366979, 0.14021661458512819, 0.12403438367792749, 0.15384938091381645], [0.1653208456591411, 0.14321016398839637, 0.1492624110232501, 0.11919799060724223, 0.13946611568540737, 0.13011743282148414, 0.15342504021507872], [0.1653208456591411, 0.14321016398839637, 0.1492624110232501, 0.11919799060724223, 0.13946611568540737, 0.13011743282148414, 0.15342504021507872], [0.16347327782063903, 0.14584620282419608, 0.15205059591581974, 0.12011018130167832, 0.13974778194723117, 0.12498211683848724, 0.1537898433519484], [0.16355860100640554, 0.14573313176693065, 0.15247554644924285, 0.12032306810442026, 0.13990844432391714, 0.12465278391580621, 0.15334842443327723], [0.16387611586184467, 0.14359179946248649, 0.15341172147969312, 0.11974313874781164, 0.14144101162840922, 0.12292207732527338, 0.15501413549448137], [0.16454833009929298, 0.14508761111942103, 0.14898677765128007, 0.11850288921169189, 0.1382646393757217, 0.1303818141821922, 0.15422793836040008], [0.1632521681324117, 0.14595983927132014, 0.15207530019595228, 0.12007516644620954, 0.13967265376774837, 0.12482616722314405, 0.15413870496321405], [0.16347621770117612, 0.1434565653527982, 0.15148856792500875, 0.11951014464475468, 0.14107247450924298, 0.12455562411329596, 0.15644040575372348], [0.16351320416525794, 0.14465444685849202, 0.15307330543673514, 0.11892368708091786, 0.13997813179820706, 0.12417535675829584, 0.15568186790209423], [0.16465623861659404, 0.1444562045404302, 0.14896042182019745, 0.11839622329232981, 0.13813801503082962, 0.13113833863704674, 0.15425455806257204], [0.16666666666666666, 0.14770500527299815, 0.14833563594970542, 0.1164703726323513, 0.13537004303594813, 0.1312868465950586, 0.15416542984727166], [0.16344488802933071, 0.1429929516341454, 0.15226695631537854, 0.1193787563313665, 0.14114087617417562, 0.12405306797700975, 0.15672250353859338], [0.16666666666666666, 0.1458235896529119, 0.14812702378274623, 0.11730247036192173, 0.13614799849086912, 0.13214038632524608, 0.15379186471963832], [0.16666666666666669, 0.14506808267735544, 0.15185777383503693, 0.11722280753899753, 0.13811274344544866, 0.12418190733890312, 0.15689001849759182], [0.16459786461427547, 0.14472092997289143, 0.15515924724192975, 0.11651284573271867, 0.13722130667348903, 0.12399754066456095, 0.15779026510013472], [0.16537163036907915, 0.14592479597149072, 0.1546094587686595, 0.11613810405042055, 0.1362909493505526, 0.12398078053224623, 0.1576842809575512], [0.16666666666666669, 0.14539945382967165, 0.155177178157682, 0.11569023504110458, 0.13619299411770944, 0.1235165293632542, 0.15735694282391147], [0.16666666666666666, 0.14863567906145655, 0.15283094323471846, 0.11786393820343946, 0.13455892817272805, 0.12626002552118223, 0.1531838191398085], [0.16454076477793206, 0.14346318649595782, 0.15255976616417397, 0.12099708003982508, 0.14206951621847516, 0.1230927096467521, 0.15327697665688375], [0.1652496508701419, 0.1439780689869916, 0.15248588264057122, 0.12047862438039983, 0.1415277502492494, 0.12288927955116151, 0.15339074332148464], [0.16324180816188114, 0.14136063184472428, 0.15267448432069008, 0.12265493062568501, 0.14519795717413342, 0.12264853578442644, 0.1522216520884595], [0.16369337799329126, 0.14205976168091997, 0.15273094477816176, 0.12145941358255864, 0.1439727951855261, 0.1227567451541005, 0.15332696162544168], [0.16666666666666666, 0.14288129993157975, 0.15309608998939936, 0.11763689337705803, 0.14095113274435003, 0.12421345608003538, 0.1545544612109107], [0.16666666666666666, 0.14045422821805822, 0.15208493213087956, 0.11865650204208884, 0.14457814604995364, 0.12314531578500762, 0.15441420910734543], [0.16372115500048212, 0.14521264206854723, 0.14934502210952352, 0.11889291654989097, 0.13906448240566607, 0.12916126676763562, 0.15460251509825454], [0.16371164553735212, 0.1434672151269402, 0.14874814777212653, 0.11981554954485825, 0.13971697119738288, 0.13088249766926296, 0.15365797315207694], [0.1641183021421161, 0.14586555722681016, 0.14998654618585924, 0.11768361892870599, 0.1379646760854151, 0.1292155353019239, 0.15516576412916963], [0.16666666666666666, 0.14419726699406657, 0.15096187724220125, 0.11667188991651438, 0.1385645825398837, 0.1271125545311818, 0.15582516210948558], [0.16666666666666666, 0.14813764179943786, 0.14915536839609891, 0.11598670246815704, 0.1352060405810278, 0.13003285358614966, 0.15481472650246203], [0.16604370107018765, 0.14833241763459892, 0.14940745113440368, 0.1160416098484897, 0.13519937393332082, 0.13014529113934703, 0.1548301552396522], [0.1659285101274048, 0.1479520905323747, 0.14951307729551536, 0.11608475957749245, 0.13537245262523756, 0.12980572406975693, 0.15534338577221826], [0.1650346527851364, 0.14831137717970627, 0.14866169061976478, 0.11616724351700394, 0.13457047682854273, 0.13234185557443953, 0.15491270349540626], [0.16666666666666666, 0.13571479953785717, 0.15073093929733072, 0.12501719779521067, 0.15119484684972584, 0.12089389967271526, 0.14978165018049366], [0.16666666666666669, 0.14033814366094932, 0.15051381531316496, 0.12176474144508492, 0.145436211487701, 0.12223674425816461, 0.1530436771682686], [0.1629871368808167, 0.1416370405126541, 0.15264546304561327, 0.12372361248034382, 0.14552031562472664, 0.12176219930630904, 0.15172423214953643], [0.16294335177868388, 0.1409890141999247, 0.15308805136508968, 0.12315053589419592, 0.14604237357152536, 0.12133700799945057, 0.15244966519112996], [0.16324594415272994, 0.14195499081994958, 0.15257305064829518, 0.1235927596622822, 0.14501387138565489, 0.12176384282746354, 0.1518555405036248], [0.16363481716979944, 0.14213445861411805, 0.15258384861653862, 0.12316160684103049, 0.1446296453591261, 0.12190153217857358, 0.1519540912208138], [0.16338693774198318, 0.14058796433213674, 0.15229263586121816, 0.12299936665628544, 0.146421932159953, 0.12113648798732858, 0.153174675261095], [0.16394609820039482, 0.14217885533746033, 0.15246484309367583, 0.12251811699153015, 0.1446201897283291, 0.12169644712586047, 0.15257544952274926], [0.16492129510259468, 0.13972117849604995, 0.15382938659149917, 0.12155591191257067, 0.14574649970947362, 0.12167342099078829, 0.15255230719702353], [0.1637298312763907, 0.14228352499421926, 0.1521550441692782, 0.12355191626552492, 0.14486237960844037, 0.12128228746804882, 0.15213501621809772], [0.16236740699826638, 0.14210088556581368, 0.15201033251609128, 0.12426301730976283, 0.14561684231545508, 0.12128907308225832, 0.15235244221235236], [0.16278994419960763, 0.14147499962513624, 0.15350847695057027, 0.12312001424342287, 0.14516345843711176, 0.1218098700561677, 0.15213323648798344], [0.16318656868261858, 0.14143498413288053, 0.1529786240522572, 0.12240492789543284, 0.1448951174404927, 0.12200691140586398, 0.1530928663904542], [0.1639339907400094, 0.14194212441309745, 0.1527398917673155, 0.12255957887174422, 0.14460579826707703, 0.12143108575327506, 0.1527875301874812], [0.16666666666666666, 0.13484015563613302, 0.15096512218669508, 0.12829955392299278, 0.15259143720818735, 0.11715473536078734, 0.14948232901853778], [0.16341373355872113, 0.14188124750664335, 0.15334464123138358, 0.12123207990748998, 0.14438389727136236, 0.12211764619704771, 0.15362675432735176], [0.16344086531846505, 0.14216527656232486, 0.1539378020795459, 0.12161527853668734, 0.14394774336421312, 0.12245664713690708, 0.1524363870018566], [0.16280750828772989, 0.14115762086719252, 0.15315584632681717, 0.12256408623870839, 0.1454393637573341, 0.12133385190946935, 0.15354172261274857], [0.1644875785366526, 0.14242983005278545, 0.15280369430648072, 0.1218271384446197, 0.14382284539280193, 0.12173449042208075, 0.15289442284457883], [0.16666666666666669, 0.14334164930061274, 0.15184718207808798, 0.12239529708709047, 0.14262721291524597, 0.12172529474585511, 0.15139669720644108], [0.16666666666666666, 0.1448765184015344, 0.14999468162119428, 0.11949218937583743, 0.1400170587294935, 0.12471596399442778, 0.15423692121084598], [0.1647744546963852, 0.143519302270616, 0.15323119803058893, 0.12058760581402948, 0.14222658457156492, 0.12257455692326491, 0.15308629769355075], [0.16666666666666669, 0.14340363010382698, 0.15434038027634947, 0.11842837507776154, 0.14103797962423184, 0.12292765489236145, 0.15319531335880218], [0.1637407935822874, 0.1425843778691942, 0.15450377710927055, 0.12044856345679329, 0.14285338221726382, 0.1222886865345946, 0.15358041923059604], [0.16374173848499685, 0.14411114469733613, 0.15289537717323906, 0.12197898775273051, 0.14188324930984572, 0.12285454198390099, 0.15253496059795082], [0.16272726547647282, 0.14282317573713774, 0.15285371200449305, 0.12021544902884108, 0.14270943845279313, 0.12296101485198606, 0.15570994444827607], [0.16507808246036443, 0.14564261949049967, 0.1505069584919342, 0.11897489996527952, 0.13904837261385308, 0.12563225523326235, 0.15511681174480674], [0.16666666666666669, 0.14802820202997966, 0.1509020478135081, 0.11962349661474637, 0.1367294646710132, 0.12615092094917843, 0.1518992012549076], [0.16666666666666666, 0.14503446925204733, 0.1537302580704013, 0.11978698620123904, 0.13880385594921638, 0.12198011112226241, 0.15399765273816682], [0.16666666666666666, 0.1449725623300452, 0.15450138200918237, 0.11724248837062724, 0.13819038112912188, 0.12229441731612184, 0.15613210217823484], [0.16666666666666666, 0.14607144670543054, 0.15435925719099242, 0.11760824363161552, 0.13714077036139666, 0.12326140147764238, 0.15489221396625572], [0.1666666666666667, 0.14954693319796258, 0.15171361258784372, 0.11729762122511893, 0.13410424297402557, 0.12506054624761695, 0.15561037710076578], [0.16666666666666663, 0.1496517942680651, 0.15224844724471528, 0.11638001186696337, 0.1330211950856076, 0.12912443417726155, 0.15290745069072026], [0.16666666666666669, 0.14689128081582623, 0.14548584239272463, 0.1187481233779017, 0.13098585063948312, 0.14143200410407836, 0.14979023200331942], [0.16666666666666666, 0.14702770205737953, 0.14816896176189287, 0.11600391240600497, 0.1317238358594423, 0.13602884330946183, 0.15438007793915173], [0.14538433987375882, 0.15418190951258007, 0.1442053496869632, 0.12752993168149301, 0.1267308308230343, 0.1566596236365387, 0.14530801478563193], [0.1460110267034343, 0.14839119018069938, 0.14255936813535447, 0.13382904375819898, 0.13444789407031446, 0.15026983199991473, 0.1444916451520837], [0.1480275529116257, 0.147906004429246, 0.14315007131970037, 0.1302040133969141, 0.1297857129531308, 0.15814128715145603, 0.1427853578379271], [0.14705564983564193, 0.1580745168788885, 0.15520396587100557, 0.11891093040208468, 0.12543617657072254, 0.14673095952532575, 0.14858780091633098], [0.1489926658733187, 0.15645035735962828, 0.15175481952604572, 0.12171926212578589, 0.12845105601892676, 0.1445369771400817, 0.14809486195621288], [0.14549251112593192, 0.15219388735138506, 0.1436922662334294, 0.1271706255539758, 0.12787556047489962, 0.15974912813648054, 0.14382602112389772], [0.14558568284389625, 0.15181993410475716, 0.14335449996471658, 0.1278590992303374, 0.1282974617734156, 0.15947524925721251, 0.1436080728256646], [0.1468836121579027, 0.15154708375268786, 0.14409932832111633, 0.12320313157747258, 0.12453520984936592, 0.16666666666666669, 0.14306496767478796], [0.16278833420500513, 0.14159595941122421, 0.15202303335865458, 0.12239936476138658, 0.14528132747570954, 0.12285519339358898, 0.15305678739443107], [0.1627380214397922, 0.14313818965787653, 0.15086387321422906, 0.12231964063435755, 0.14397523993045136, 0.12404058491867602, 0.15292445020461723], [0.16320745674521359, 0.1417517460983903, 0.1516270814357379, 0.12213379048577509, 0.14517581617505698, 0.1229774239811351, 0.15312668507869107], [0.16305791349208826, 0.14219337605533106, 0.15127142595296947, 0.1223456753552333, 0.14495842931453234, 0.12301463905398866, 0.15315854077585697], [0.16666666666666666, 0.13853578216584694, 0.15125932547544774, 0.12339830452630372, 0.14823435730300935, 0.11968133499605173, 0.15222422886667378], [0.16237281665032458, 0.1412618341061205, 0.1523030988950323, 0.12323500562185463, 0.14604361665187185, 0.1216985276217493, 0.15308510045304677], [0.16366221325321706, 0.14011438067785043, 0.15259951819522702, 0.12294949136598439, 0.1467083426688611, 0.12094627671514588, 0.15301977712371417], [0.16259276088593413, 0.14268168245337423, 0.1517916569507318, 0.12178578003190163, 0.14405475429690784, 0.12327026987818544, 0.15382309550296483], [0.1637793174360908, 0.14241343033938375, 0.15252381758389782, 0.12275477857748314, 0.14433595971736657, 0.12175430505790634, 0.15243839128787154], [0.1639628113714998, 0.14182134190493534, 0.1531337271929739, 0.12182376196175926, 0.1445009313227353, 0.1216792561935133, 0.15307817005258323], [0.1631166476049834, 0.14044029079788475, 0.15313798967284187, 0.12283701797859774, 0.14638226571754595, 0.12072595780874022, 0.1533598304194062], [0.16410159555632264, 0.14337904942105728, 0.15231271973410987, 0.12048945843845725, 0.14234358391457563, 0.12362308928792734, 0.15375050364754994], [0.16326091886006922, 0.14398760863257312, 0.15175636950122495, 0.12111446321738487, 0.14250584547946274, 0.12324771795297515, 0.15412707635631], [0.164482901906146, 0.14434498622408842, 0.15205121940230984, 0.1201770371050824, 0.14137829382799688, 0.12366274658578141, 0.15390281494859495], [0.1566086636824041, 0.14672630484952323, 0.15308751798852624, 0.11695210260222982, 0.13386034902058913, 0.13010198219332494, 0.16266307966340257], [0.1567922899334296, 0.1458926215097001, 0.1552057210196764, 0.1153706561992065, 0.133625441136969, 0.1264466035343517, 0.16666666666666666], [0.1543541701772344, 0.15192542579656737, 0.15585169551362063, 0.11636951416992863, 0.12831039189311186, 0.136230056433914, 0.1569587460156231], [0.15202746247575175, 0.15691016965686508, 0.15452815494193264, 0.11562192376647443, 0.12498740649574377, 0.14235918718063548, 0.15356569548259674], [0.14858067127609198, 0.15294799992817573, 0.14728518986546632, 0.12307554713261845, 0.12512793944047254, 0.15811939526905722, 0.1448632570881178], [0.16265851068905512, 0.14151387025592835, 0.15136157386554422, 0.12304775596654684, 0.14582202057106106, 0.12317997032632659, 0.1524162983255379], [0.1644067223705056, 0.1399865024021412, 0.15042794517731686, 0.12317115308803527, 0.1469946652195036, 0.12225453242481174, 0.15275847931768582], [0.16334644110637817, 0.1418277819173186, 0.15214610926867392, 0.12234311576883725, 0.14505810255550694, 0.12283918139495549, 0.15243926798832955], [0.1630946017116462, 0.14276944416203136, 0.15106638389896365, 0.12194982372219719, 0.14408033016797636, 0.12363789097364296, 0.15340152536354232], [0.16457477720084507, 0.14360704043012656, 0.15178130450737157, 0.12131354401504706, 0.14242841807598036, 0.1239273565655038, 0.15236755920512546], [0.16429145711869667, 0.14277260404117023, 0.15228069905646371, 0.12232875568652479, 0.14388821741637883, 0.12207870691727947, 0.15235955976348636], [0.16388548120148183, 0.14270239807905133, 0.1524066689683675, 0.12344701028532143, 0.1439744401349726, 0.12231493616197088, 0.15126906516883434], [0.16409222821921055, 0.1425539291155153, 0.15246150445016532, 0.12296764760191685, 0.14415395328456987, 0.12190176043377073, 0.15186897689485143], [0.16238197125294512, 0.14137440195207354, 0.15278430514204286, 0.1228432038372118, 0.1456012775262868, 0.12144661499014649, 0.15356822529929334], [0.1642050137438638, 0.1429770471649752, 0.152542345276852, 0.12072631701839129, 0.14279887309041184, 0.12326474457425765, 0.15348565913124826], [0.16471058159583063, 0.1432337887199506, 0.15241550623032343, 0.1217508710471079, 0.14288421089461353, 0.12221995664400322, 0.15278508486817063], [0.16303562858369608, 0.14255079836335716, 0.15277033791072495, 0.12244804585281982, 0.1442013284785089, 0.12156612535213362, 0.15342773545875946], [0.16399074212265677, 0.14543900821619757, 0.15355970685320877, 0.11860933597028667, 0.13886943045254047, 0.12407018082728283, 0.15546159555782693], [0.16385240962329728, 0.1447172909692788, 0.1511771805538845, 0.1207231922407689, 0.14132264824119725, 0.12423015730906863, 0.1539771210625047], [0.1653421310614652, 0.1425307944559847, 0.15341710433980257, 0.11855975741899526, 0.14196057303702406, 0.1242064347466573, 0.15398320494007078], [0.16366219151184516, 0.1422502107526919, 0.15310839644737304, 0.1209783604866484, 0.14361072314590212, 0.12232511799204349, 0.15406499966349585], [0.16428930160760358, 0.14281478665875655, 0.15284288726501705, 0.12050221540631105, 0.14281930550739208, 0.12255467225192142, 0.15417683130299842], [0.16666666666666666, 0.146040992812094, 0.15033615961995278, 0.12092262611410376, 0.13994255567644748, 0.12409690840832766, 0.15199409070240763], [0.1623568209308321, 0.14275986657551037, 0.15289061235929371, 0.12160047327638136, 0.14368075358206187, 0.12202580326855184, 0.15468567000736871], [0.16435833492780894, 0.1425942954053698, 0.1492467254593125, 0.11993499987721491, 0.14072945674737508, 0.1296908086227647, 0.1534453789601542], [0.16666666666666666, 0.1437894199931804, 0.15262113019954907, 0.11752921821578587, 0.13950379700087776, 0.12644703971651935, 0.15344272820742078], [0.16299659222540255, 0.1420816342521559, 0.1535921649119395, 0.1210213489304346, 0.14352093835614768, 0.1224040545177654, 0.15438326680615433], [0.16348065184755933, 0.14529706394407163, 0.15166010549481249, 0.12007880015763592, 0.1405640300247395, 0.1243718003132377, 0.15454754821794336], [0.1646834700757428, 0.144271382810131, 0.1533330814328333, 0.11944471841822958, 0.1406774576115431, 0.12339486187668508, 0.15419502777483507], [0.1633173660707976, 0.14321840635390454, 0.15366811115752377, 0.11940479368748816, 0.14159133782892197, 0.12324748320919686, 0.15555250169216686], [0.16666666666666666, 0.14376988490923517, 0.149237132422635, 0.11808932190525315, 0.13847284634303375, 0.12985147630290741, 0.15391267145026888], [0.16339390657337008, 0.14256765213760003, 0.15228582077767921, 0.11998474365143706, 0.14220322211152275, 0.12316060184779878, 0.15640405290059203], [0.162984887066864, 0.14263021506596288, 0.15216806258466994, 0.12014673071267556, 0.1421912306090968, 0.12317390252380778, 0.15670497143692322], [0.16393898020713718, 0.1440350644479133, 0.1522694370388516, 0.1187102200822187, 0.14018502611124342, 0.12373181843947591, 0.15712945367315995], [0.16666666666666666, 0.14317626191119634, 0.1528601358698174, 0.11726857590983546, 0.140167011991344, 0.12529454843727839, 0.1545667992138618], [0.16666666666666666, 0.14125889739057082, 0.14907950144257287, 0.12035534459442106, 0.14195482081674146, 0.12708237463984523, 0.15360239444918186], [0.14999692874328435, 0.13394863373492708, 0.14721844318331717, 0.14075225751536713, 0.15761817841198894, 0.12263448191052655, 0.14783107650058874], [0.1574487868717464, 0.15405887032530974, 0.15190192720379633, 0.1166818970579371, 0.1292505639630161, 0.13227846007516528, 0.15837949450302916], [0.15190761465995045, 0.16666666666666663, 0.14453290678768277, 0.11817855585087882, 0.12549899919087196, 0.14336350243616358, 0.14985175440778564], [0.15096317431873693, 0.16223483426939236, 0.1442862429562498, 0.122031233998346, 0.12713788109508914, 0.14530189640335528, 0.14804473695883044], [0.14709959982938467, 0.1612508274803753, 0.14906920865704085, 0.12166241264266567, 0.12542848805266588, 0.14748155256645665, 0.14800791077141115], [0.14890029553587816, 0.15751140217362475, 0.1513911919577487, 0.12512556554321919, 0.1289395040143026, 0.13837095154118273, 0.14976108923404394], [0.14480151998009805, 0.16666666666666666, 0.15171060013793683, 0.11909320078929275, 0.12358868855036319, 0.1451909441913591, 0.14894837968428337], [0.1470187455239652, 0.1595334644702959, 0.15019218898394648, 0.11999592565540985, 0.12341855405737541, 0.15251759143362506, 0.14732352987538214], [0.1415814674200003, 0.1411277451076821, 0.1418084401734495, 0.16666666666666663, 0.14194133820457752, 0.1274013601941606, 0.13947298223346313], [0.14171333434310704, 0.14164686758972422, 0.14203526500624458, 0.16579037301773472, 0.1419582869533294, 0.12731796437652726, 0.13953790871333263], [0.14698356706775148, 0.15859660371421205, 0.1493197694037176, 0.12035031286531045, 0.12340234579936069, 0.1546219051808229, 0.14672549596882492], [0.1550620559757395, 0.14980104431884458, 0.152349830003032, 0.12070581784635694, 0.13284153559198236, 0.13004239256686803, 0.15919732369717646], [0.1478571621758798, 0.16213990364373426, 0.15107966152161798, 0.1184908486351345, 0.12489518616988468, 0.1456360417722774, 0.1499011960814715], [0.1576064919964903, 0.14540284111376936, 0.15633900203649206, 0.11555021906558614, 0.13540265860705555, 0.12875012631617982, 0.16094866086442686], [0.15882739985032832, 0.1474665532245245, 0.15578784570883117, 0.11444553636396695, 0.1333846402720334, 0.13056182459484997, 0.15952619998546574], [0.1559712727086641, 0.14467431831367952, 0.15738249974555943, 0.11754659431078296, 0.13780846521000764, 0.12759947811701822, 0.1590173715942882], [0.1576947070491759, 0.14540374545409498, 0.15860157781767223, 0.1155635174601785, 0.1357522021544, 0.12705553396826855, 0.15992871609620987], [0.15244626796114386, 0.1430806327307356, 0.16666666666666666, 0.12340033870960328, 0.14121618241942419, 0.12446387734130533, 0.14872603417112107], [0.14764200076500691, 0.15093841136970984, 0.16666666666666669, 0.11764364403767069, 0.13105239479202568, 0.1329572316330847, 0.15309965073583556], [0.14571362875797264, 0.15952686855619175, 0.15733817333968897, 0.11914567989319648, 0.1265669352994923, 0.1414710484811071, 0.1502376656723508], [0.14600475129741147, 0.15661095059446345, 0.15500333417081041, 0.12060226306483882, 0.1278590538464121, 0.1453169112095447, 0.14860273581651912], [0.14496134448125683, 0.1421710520987001, 0.16666666666666666, 0.13126965316930364, 0.14115755021131243, 0.13031684827793383, 0.14345688509482643], [0.15566541303793913, 0.13875490742435995, 0.14820652051859382, 0.1358627321635016, 0.15779647124661603, 0.11914448036004366, 0.14456947524894584], [0.15478557951690777, 0.13221024781225857, 0.14689440809418805, 0.13474509020803865, 0.16666666666666666, 0.117526946084771, 0.14717106161716928], [0.16398077665669153, 0.14339013743133308, 0.15291947563056577, 0.11899217176555657, 0.1407845914629837, 0.12352438116347876, 0.15640846588939047], [0.1542928405176581, 0.14258192808951933, 0.1506890311255617, 0.12745623546378404, 0.14018972243462308, 0.13187990589701923, 0.15291033647183452], [0.14944817470869215, 0.13796844697541433, 0.14836080564828316, 0.1258309996447305, 0.1452298103043358, 0.12649509605187734, 0.16666666666666666], [0.155388185912007, 0.14370486257086296, 0.16666666666666666, 0.11643479640741171, 0.1384427906562667, 0.1233031507384699, 0.156059547048315], [0.14623484675700935, 0.14834243862847418, 0.16515802507428445, 0.12443086558578954, 0.13676123256151615, 0.12953114908609148, 0.14954144230683486], [0.14678460236803478, 0.15060315382307343, 0.1622842029968891, 0.12445925062832325, 0.13490734638809324, 0.1309406270040905, 0.15002081679149587], [0.14629095419005853, 0.1470538674131047, 0.16057555016062144, 0.12632982565500592, 0.13999943905489579, 0.1301967132353267, 0.14955365029098697], [0.14666906561303755, 0.1474026021684299, 0.1607349924476978, 0.12600100714375176, 0.13949197449713335, 0.13022122465159822, 0.1494791334783515], [0.1467388724465628, 0.15071152108365715, 0.16263681724241746, 0.12404315748968102, 0.13482813115921327, 0.13082437679422002, 0.15021712378424834], [0.14673777697585239, 0.15261684008157356, 0.16067745991866467, 0.1231386092992385, 0.13341260931008478, 0.1325135234688515, 0.1509031809457346], [0.1461436100707397, 0.14918730927351997, 0.16666666666666669, 0.12311703933606069, 0.13535924468538477, 0.12980802168104438, 0.14971810828658386], [0.14623660404349587, 0.15020606653994922, 0.16365668234375602, 0.1238461150758102, 0.13515573671121922, 0.13055287768874654, 0.1503459175970229], [0.1459049891902717, 0.14834978364258236, 0.16403400120659622, 0.1251808206621818, 0.1370082822786948, 0.1298644802665623, 0.14965764275311086], [0.14655246115916146, 0.14690489365160478, 0.16238983853963995, 0.12671620673902137, 0.13922785685481173, 0.129351573577462, 0.14885716947829888], [0.1474868321881985, 0.16666666666666663, 0.14488465629649297, 0.13363351699808848, 0.13214630734369112, 0.1318458399511229, 0.1433361805557392], [0.1468194650454159, 0.14746851913933284, 0.16265832612000158, 0.1263844580899735, 0.13843747521635416, 0.12937273519962933, 0.14885902118929278], [0.1463112558095844, 0.14623107303444627, 0.15971156663963726, 0.12746333978502195, 0.1413419144943694, 0.12985609731292053, 0.14908475292402018], [0.14629992793019017, 0.14809984581717325, 0.16464994711141362, 0.1247000282829093, 0.13719106289415195, 0.12961428668834046, 0.14944490127582125], [0.1462588761313837, 0.14717413819850222, 0.16034419982594939, 0.12615752381624967, 0.13979143993738288, 0.13072932475674226, 0.14954449733378994], [0.1463342261269191, 0.14755931503626196, 0.16141188997813427, 0.12554802477194307, 0.13899035833872714, 0.13057326294109942, 0.14958292280691504], [0.14484298308425614, 0.14010924859670942, 0.16666666666666669, 0.13453784961571813, 0.14687243654888474, 0.12210989174256853, 0.14486092374519643], [0.14591166637071962, 0.15179878434256808, 0.1616113438709413, 0.12340952978851047, 0.13389825530533384, 0.1325216028404938, 0.15084881748143303], [0.1457238469528595, 0.15004480434231063, 0.16005283888522456, 0.12545359159403688, 0.13640072882838433, 0.13157180601892193, 0.15075238337826213], [0.1462036865626086, 0.14652061756465318, 0.1603379363248896, 0.12697842811638554, 0.14074589538008858, 0.12999718004816913, 0.14921625600320543], [0.14688234066845485, 0.1473562051071625, 0.1601009223088578, 0.12637003666163832, 0.13973533726473794, 0.1302096405086959, 0.14934551748045266], [0.14706914192688672, 0.1476432343012549, 0.1602159957274661, 0.12609086441424447, 0.1392532792572658, 0.13048496700144957, 0.14924251737143254], [0.1468339066433669, 0.14801184264654363, 0.16008317410033973, 0.1258288833595588, 0.13894348915787327, 0.1306936776521649, 0.1496050264401527]]