[[0.16666666666666666, 0.14383393860744892, 0.14526807191929134, 0.12461533340833597, 0.14555777294392974, 0.12915829970987128, 0.14489991674445607], [0.16666666666666666, 0.14061050041730788, 0.15134381095208704, 0.12468514893795, 0.14791657469320915, 0.12331826993073905, 0.1454590284020402], [0.16393133461467213, 0.1419165656532991, 0.152343429842322, 0.12513278475474518, 0.1474649158273188, 0.12400926444439755, 0.1452017048632451], [0.16421207636249763, 0.14411260949485402, 0.1492191744574805, 0.12539486323443294, 0.1461647258371211, 0.12597391784443712, 0.14492263276917688], [0.1637257821786326, 0.14365184961876767, 0.151401638778325, 0.12505615192654543, 0.14577594747769956, 0.1254918723348021, 0.14489675768522772], [0.16290038098230095, 0.1448896425845533, 0.14994574028370666, 0.12651340739067607, 0.14587600075561483, 0.12587951684030757, 0.14399531116284073], [0.16396208935716322, 0.14388892589680172, 0.15127789401791325, 0.12475662428054185, 0.14523714407502059, 0.12579717303191182, 0.14508014934064753], [0.16374788125943043, 0.14461347290366014, 0.1512979194620737, 0.1246311248414398, 0.1444160407618787, 0.12646016522131195, 0.1448333955502053], [0.16666666666666669, 0.14139279831870974, 0.1480892870039308, 0.12488483898368781, 0.14730977317333177, 0.12496139402500998, 0.14669524182866334], [0.1652481723494823, 0.14537527575423423, 0.1498136679880569, 0.12434999257628816, 0.1441149967436515, 0.1263630842406506, 0.14473481034763636], [0.16259189499782847, 0.1452735312137471, 0.15073664599204045, 0.12630213342241312, 0.14499926946877234, 0.1260278575899175, 0.14406866731528115], [0.1646173615948326, 0.14657896292314163, 0.1490231995703693, 0.12452256378591015, 0.14329039955060835, 0.1275320248537263, 0.14443548772141176], [0.16277870019631932, 0.14471201287163213, 0.15146822741870325, 0.1259935368950443, 0.14501515095290984, 0.12573467478896672, 0.14429769687642446], [0.1640544376767515, 0.14590126543512477, 0.15045070533026317, 0.12449097163019697, 0.14359139674731827, 0.12693992082847247, 0.14457130235187296], [0.1633288846449587, 0.14706995698187003, 0.14981474442555326, 0.1248719273159834, 0.14287563646911797, 0.1278689174026878, 0.14416993275982892], [0.16398430403476869, 0.14608210582376113, 0.15040095970760542, 0.12460757850095229, 0.14341178353003242, 0.127052497655541, 0.14446077074733893], [0.1635821823238594, 0.14754780366679987, 0.14881114071704238, 0.12455937654537952, 0.14247243122121994, 0.12862291207113027, 0.14440415345456856], [0.16443916211527201, 0.1432483847463658, 0.1445499161102029, 0.12453556180928871, 0.14437074145974682, 0.13088189599168887, 0.14797433776743493], [0.16666666666666666, 0.14407093434678497, 0.14721451989427992, 0.12220007775661064, 0.14382393856061235, 0.12842887464016006, 0.14759498813488542], [0.1641045496099734, 0.14553206592733278, 0.14910203978091932, 0.12487896502719313, 0.14476325846757954, 0.12637614837464084, 0.145242972812361], [0.16434567456641883, 0.14641798686825153, 0.14857489381797973, 0.12474151928792422, 0.14393887618604137, 0.12715734858298233, 0.14482370069040193], [0.16666666666666663, 0.14189169702696056, 0.14686638846419672, 0.12278030265720141, 0.14324749889553426, 0.13020822438675494, 0.14833922190268528], [0.16444085363523456, 0.14719007338941062, 0.14806796587095916, 0.12444365182471703, 0.1430191824677554, 0.12809707155846167, 0.14474120125346163], [0.16470742736705546, 0.1467163339704141, 0.1491222882471256, 0.12437685688328812, 0.1430475925218932, 0.12738991026650798, 0.14463959074371543], [0.1646783882080827, 0.1445117387590678, 0.15034288522725925, 0.1237123661586415, 0.14435860817179058, 0.1263809318504808, 0.14601508162467733], [0.16550994161761806, 0.1459047213623333, 0.1494794112911612, 0.12411765773132073, 0.14329612565683061, 0.1268474527061346, 0.1448446896346015], [0.16497104301365145, 0.14484135575703053, 0.1491647576335261, 0.12448784044976272, 0.144838379752465, 0.12607320474741437, 0.1456234186461497], [0.1650157102974771, 0.14596871261375532, 0.14988335455185592, 0.12423158370509459, 0.14351084419724053, 0.12664858040049748, 0.14474121423407896], [0.16397077210702235, 0.14733500484726478, 0.14926537525650377, 0.12473710997706161, 0.14275900605783365, 0.12772290238851325, 0.14420982936580065], [0.16666666666666663, 0.145328467239483, 0.14935801836049958, 0.1237299937812932, 0.1436374459543336, 0.126186922625941, 0.14509248537178282], [0.16361833029028278, 0.1476868301385461, 0.14884565080271797, 0.12453955170503711, 0.14241318758988208, 0.12835410448551138, 0.1445423449880227], [0.16386792075489426, 0.14666835785340201, 0.1503048341762491, 0.12404188006220301, 0.14256830579701957, 0.12771288970668887, 0.14483581164954318], [0.16462229183235216, 0.14651502220041848, 0.1492293654656564, 0.12424344725601924, 0.14323240430239342, 0.12731422857862731, 0.14484324036453292], [0.1631062341870373, 0.14746270300389347, 0.15007972113965598, 0.12474754528138014, 0.1423056571139031, 0.12798185263659487, 0.1443162866375352], [0.16393458876522854, 0.1478188817210067, 0.1484536274659232, 0.12423156083473781, 0.14234346600455894, 0.12841350425042355, 0.14480437095812135], [0.1650986405537194, 0.14521123416423037, 0.14943631600476825, 0.12364889640264135, 0.1437949565550603, 0.1267229847474788, 0.14608697157210168], [0.16666666666666666, 0.14329229653593006, 0.1459906669568037, 0.12414141510974372, 0.14532942643538593, 0.12720658427308393, 0.14737294402238596], [0.1643309275104212, 0.14736875074569525, 0.14871158519000813, 0.12437374468658333, 0.14257337680267856, 0.1278330209541809, 0.14480859411043262], [0.16541944757563953, 0.1449287105896868, 0.14461111458038958, 0.12267579516440892, 0.14145897093255277, 0.13279522168310312, 0.1481107394742192], [0.16541944757563953, 0.1449287105896868, 0.14461111458038958, 0.12267579516440892, 0.14145897093255277, 0.13279522168310312, 0.1481107394742192], [0.16402208892524825, 0.14760815951161627, 0.1488032264602163, 0.1240500796321032, 0.1420258248048813, 0.1285097217894414, 0.14498089887649324], [0.16365148842380375, 0.14745552790445332, 0.14970128963454601, 0.12413618593400959, 0.14211009153882231, 0.12810965585449272, 0.1448357607098722], [0.1653629606507568, 0.14551289318444754, 0.14934831314902014, 0.1236497482246734, 0.1435411687863049, 0.12656402486975551, 0.14602089113504169], [0.16473279984514516, 0.1469667661856365, 0.14380851497636316, 0.12269710458012781, 0.14073795491808713, 0.1335415847395178, 0.14751527475512255], [0.16353373459567516, 0.14782656493036783, 0.14859274620206908, 0.12427540182242176, 0.14210617076950788, 0.12859809869325173, 0.14506728298670643], [0.16380803940090882, 0.14587052506575426, 0.14589392194860792, 0.1244146447511805, 0.143734390884281, 0.1289353706219282, 0.14734310732733932], [0.16407200934478955, 0.14670337757520807, 0.14871493621605752, 0.12336767583958273, 0.1424623409944021, 0.12813051215940766, 0.14654914787055232], [0.16482240448652047, 0.14629194333274403, 0.1434891595391925, 0.12238587127537577, 0.14049596473050963, 0.13407482548812316, 0.14843983114753445], [0.16448742769948238, 0.14974258214228314, 0.1432373039052811, 0.12186435185836472, 0.13873310680302725, 0.13508868133520666, 0.14684654625635493], [0.16377206445288578, 0.1453970526877815, 0.1467863292474713, 0.12418091412135306, 0.1437330582517917, 0.12838054245105385, 0.14775003878766285], [0.16666666666666669, 0.1476006217876791, 0.14278652829774768, 0.12151114660884049, 0.13874994896214068, 0.13508401646297463, 0.14760107121395075], [0.16173754696502593, 0.1480147578829781, 0.14686948105199074, 0.1239683883527169, 0.1420083292681515, 0.12997806448466426, 0.14742343199447244], [0.16123974910371905, 0.14732253141609233, 0.14999394850390368, 0.12245843118945157, 0.1407119660267269, 0.12905583792457898, 0.14921753583552747], [0.16239945199320918, 0.14846539972885148, 0.14922141750661833, 0.12232718207156197, 0.1400115714043674, 0.12920923481648794, 0.1483657424789039], [0.16278822475437432, 0.1479920543397494, 0.1500926136465315, 0.12190456710461207, 0.13990791715910278, 0.12877678931551975, 0.14853783368011025], [0.16666666666666669, 0.1500463895914678, 0.14982255148926504, 0.1216821718156937, 0.13707097719522074, 0.12942136506588076, 0.14528987817580538], [0.16437559711578514, 0.14534159361025226, 0.1500306044048585, 0.12469420115250364, 0.14406074607077893, 0.126620181830321, 0.14487707581550038], [0.16531649141369892, 0.14589478961115745, 0.14949633184492964, 0.12438056554440749, 0.1436514724927625, 0.12658756985279393, 0.14467277924025007], [0.1634567250094234, 0.1429486370776784, 0.15121580626345757, 0.12541675671326605, 0.14654516242611362, 0.1254107631613226, 0.14500614934873834], [0.16416440067656068, 0.14387640656686757, 0.15011358271356218, 0.12479691275893025, 0.14564820725349836, 0.1259984667117027, 0.14540202331887822], [0.16666666666666669, 0.14482916460087578, 0.14913106122918487, 0.12165210845438292, 0.1430570653766804, 0.12769009404491902, 0.1469738396272904], [0.16666666666666669, 0.1430207292978326, 0.14588829527437736, 0.12335725277883178, 0.14674086784802515, 0.12740655970743056, 0.1469196284268359], [0.16321731326678876, 0.14729723480897522, 0.1442932678205311, 0.12353488068212105, 0.1417464646448158, 0.1328055006967429, 0.1471053380800252], [0.16394233450207388, 0.14527832145194033, 0.14344968930597415, 0.1234730650860049, 0.1418208469652073, 0.13367605227959903, 0.14835969040920052], [0.1636258842671349, 0.14790871874584582, 0.14478831409919013, 0.12249491413931275, 0.14078389122607357, 0.13289412324791952, 0.14750415427452318], [0.16333723219229904, 0.14676186548417597, 0.1456547257986173, 0.12237816292936875, 0.14177208089634225, 0.1316271574016796, 0.14846877529751717], [0.16666666666666666, 0.14999101719387906, 0.1437914870057183, 0.12105599236925726, 0.13835290614457746, 0.13369716988204236, 0.14644476073785884], [0.16610508558007508, 0.1501390003694226, 0.14415779001429257, 0.12102999816137995, 0.1383000336693304, 0.13374395974934936, 0.14652413245614995], [0.16600336234489768, 0.14984982827306073, 0.14399333788701543, 0.12121398042600044, 0.1385458192366622, 0.133543580669952, 0.14685009116241154], [0.16388396125907506, 0.15020402868728314, 0.14307281982342354, 0.12137434250739958, 0.13787998072537602, 0.13588115717505694, 0.14770370982238584], [0.16666666666666666, 0.1370176172279554, 0.14898010178399, 0.1267702960688338, 0.15184608254002, 0.12282055470506896, 0.14589868100746514], [0.16666666666666663, 0.14256385552627363, 0.14678016424342955, 0.12556057715223334, 0.14723095234679892, 0.12599267866658428, 0.1452051053980135], [0.16255262950984484, 0.14334606005248907, 0.15144261018874455, 0.1266557585001457, 0.14696418565716382, 0.12482827035637263, 0.14421048573523934], [0.1631981929158419, 0.14274651318968087, 0.15114930157609624, 0.12612898402023748, 0.1474539969403708, 0.12443958248194306, 0.1448834288758296], [0.16277131676566067, 0.1437130281325704, 0.15119521111750364, 0.12665712228114231, 0.14655429390748947, 0.12495831819372435, 0.14415070960190898], [0.16308885427167655, 0.14390836769683618, 0.15112411001574205, 0.12630743132627795, 0.14622312900192597, 0.12513847189828536, 0.14420963578925589], [0.16364978614499937, 0.1426779984229961, 0.14914621746591195, 0.12649900956438517, 0.14804441263220428, 0.12478542819846547, 0.14519714757103766], [0.16368813764408638, 0.1441364232374197, 0.15005958318081797, 0.12604737416000286, 0.14638259613458116, 0.12529138899484707, 0.14439449664824497], [0.16502005623066784, 0.14124587779962047, 0.15227064804848306, 0.12410848531267378, 0.14693025870423526, 0.12421934518830183, 0.14620532871601774], [0.16195920635775352, 0.144460870342012, 0.1499067613641085, 0.12740194110925737, 0.14680944055841683, 0.12533498372179833, 0.14412679654665356], [0.16099016216438145, 0.1443333784718966, 0.1492809418615343, 0.12811658280367774, 0.14752981155284434, 0.12541290514590825, 0.14433621799975746], [0.1625648905663246, 0.14308107427004232, 0.15239834148019984, 0.12589629634544533, 0.14653437833156294, 0.12466967935616609, 0.1448553396502588], [0.16371464412069073, 0.14322019495775629, 0.15063748209164637, 0.12553656745519753, 0.1464355143324097, 0.12516671172520966, 0.14528888531708975], [0.16367868975917027, 0.14390359551090434, 0.1503725498417483, 0.12605872466101287, 0.14635595223613868, 0.12501975824088457, 0.1446107297501409], [0.16666666666666669, 0.13634292953058805, 0.1498414005482736, 0.13011115983171118, 0.1532560368361005, 0.11949257370439788, 0.14428923288226211], [0.1638365165288922, 0.14379811220130406, 0.1502922444933025, 0.12474591821350645, 0.14610721103407723, 0.1255629962219391, 0.14565700130697842], [0.16364112282061982, 0.1436863209950051, 0.15252447951370432, 0.12441206528257397, 0.14535813239350998, 0.1252012017841354, 0.14517667721045144], [0.16313460072135896, 0.1431484585787597, 0.15024079367015777, 0.12600604486717318, 0.14709603549170489, 0.12487182341571745, 0.14550224325512803], [0.16425272405845293, 0.14438473624003023, 0.1502741939672867, 0.12544382623894235, 0.14566539309240623, 0.1253586510642582, 0.14462047533862338], [0.16234183313544404, 0.14563878896335908, 0.15037027558465418, 0.12675531609112137, 0.14499471308969436, 0.12615129822175286, 0.14374777491397417], [0.1619885796595069, 0.14762000098681569, 0.14617824960024894, 0.12543167888010276, 0.14337237023956712, 0.1299977556014067, 0.14541136503235189], [0.1642835112233661, 0.14541292407623452, 0.1506569478327349, 0.1243572062281425, 0.1442259600336926, 0.12618161036733117, 0.1448818402384982], [0.16666666666666669, 0.14507184578148002, 0.1517784326221982, 0.12188759133589853, 0.1428758384698027, 0.12606422328358785, 0.14565540184036604], [0.163952623022688, 0.14432790454052152, 0.1519901229089453, 0.12379469456261372, 0.14457743332048767, 0.12550159510116002, 0.14585562654358375], [0.16333676317749618, 0.14586670566003426, 0.15089806719078436, 0.12545715796406806, 0.14381221376001677, 0.1262645652983918, 0.14436452694920854], [0.16266126621504043, 0.14520399911091184, 0.14804715938567453, 0.12485370208579756, 0.14510161873675445, 0.1273251173113938, 0.1468071371544275], [0.16175176509127512, 0.148185756171225, 0.14623612281450463, 0.12474385017028014, 0.1423891707045456, 0.13059591023335973, 0.14609742481480978], [0.16666666666666669, 0.1495004773159922, 0.14849666048591867, 0.12333949457880601, 0.13909424114212923, 0.12935130962265387, 0.1435511501878335], [0.16666666666666666, 0.1469596363190396, 0.1500957899281311, 0.12395906429452466, 0.14128351922886195, 0.12595701108404203, 0.14507831247873398], [0.16378201027035794, 0.14755890515347164, 0.1495630138362016, 0.12313477444320435, 0.1415852867493343, 0.12758441900903994, 0.14679159053839025], [0.16666666666666666, 0.14798353946412895, 0.15012340597724647, 0.12216290513147036, 0.13988200122106445, 0.12729121487189252, 0.1458902666675305], [0.16666666666666669, 0.15145522615002224, 0.14614697973206456, 0.12280066259186924, 0.13773389315218057, 0.12969827419492175, 0.14549829751227505], [0.16666666666666669, 0.15085013934799316, 0.1493853566568032, 0.11992166436682082, 0.1353908211625175, 0.13176850628895662, 0.1460168455102422], [0.16666666666666669, 0.14815452051711464, 0.14022172247541298, 0.12180913097425675, 0.1332651196115214, 0.14304397910361155, 0.14683886065141613], [0.16666666666666666, 0.14852763057139812, 0.14258927911120128, 0.11987328694922031, 0.13439259917415888, 0.13836881111200086, 0.14958172641535383], [0.14880721690703858, 0.1540536075557921, 0.14315971107925368, 0.12712773565806085, 0.12632042268922256, 0.15655678437530354, 0.1439745217353288], [0.14635026056684758, 0.1483965746125447, 0.14411592597292777, 0.1338387185780402, 0.1344573865607192, 0.15027466293490074, 0.14256647077401982], [0.14823083143098517, 0.14811060855860247, 0.1412281380844043, 0.13060167576788326, 0.1301879373164767, 0.1582342650981334, 0.14340654374351477], [0.1541772366176403, 0.15762406555983258, 0.14822794012303206, 0.11640729220626708, 0.12327463037940053, 0.14568581182656204, 0.15460302328726552], [0.149845583107437, 0.1562294251286566, 0.15006235383031494, 0.12074725451881527, 0.12762462644787453, 0.14405841276513157, 0.15143234420177015], [0.1469525400265429, 0.15223543416730534, 0.14201389713701087, 0.1272840063161599, 0.1279869175897416, 0.15976898622273156, 0.14375821854050774], [0.14667642162383768, 0.15190108806195302, 0.14184758680707593, 0.12807122588200773, 0.1285071922847292, 0.15951455837645412, 0.1434819269639424], [0.14777521638396302, 0.15168530843830216, 0.14104630830532483, 0.12360047940826731, 0.12492037969209088, 0.16666666666666666, 0.1443056411053851], [0.1630832588328808, 0.1435024408903089, 0.14928643922672213, 0.1257656356189088, 0.14690755814707018, 0.12618680113466715, 0.1452678661494422], [0.16317037269529214, 0.14509234616119113, 0.14771879814821634, 0.12600288070515867, 0.14585987526445515, 0.12758089204639772, 0.1445748349792888], [0.16348561018294527, 0.1437551431064467, 0.1484492756729577, 0.12571465804890675, 0.14690388532372198, 0.12649045537293044, 0.14520097229209125], [0.16336296940501097, 0.1442621576118686, 0.14791805095816016, 0.12609222708988582, 0.1467934747839893, 0.12670464180289354, 0.14486647834819158], [0.16666666666666669, 0.14073130590685554, 0.14794584197666477, 0.12677525900176487, 0.1496729389021178, 0.12334838681445406, 0.14485960073147644], [0.16258925897330082, 0.14328357694550758, 0.14948214057445808, 0.12669134210865363, 0.14768482029272895, 0.12527713861625014, 0.14499172248910086], [0.16388935090708032, 0.14212174212243397, 0.1497426011499408, 0.12625452401747256, 0.14821719844529316, 0.1244027530448549, 0.1453718303129243], [0.1635182470570269, 0.14468594614183627, 0.14813312756831745, 0.1255361736360045, 0.14594427961351308, 0.12689661465789306, 0.14528561132540882], [0.16312191089255978, 0.1443665116152127, 0.15040664994132244, 0.1262909452669902, 0.14613422222675543, 0.12537103856627746, 0.144308721490882], [0.1640243274669993, 0.14372565226577363, 0.15059039602103483, 0.12526081939041367, 0.14619986019067524, 0.12512738950200872, 0.1450715551630946], [0.16339360910241169, 0.14248639145439537, 0.15003153942428796, 0.12625647148616517, 0.14796479188534653, 0.12431010969556863, 0.1455570869518247], [0.16503188630749363, 0.14521475083307617, 0.1490536858665089, 0.12412948590256358, 0.14426090833990232, 0.12701610090174512, 0.14529318184871023], [0.1637407187872172, 0.14610061050106704, 0.14777763294202953, 0.12535855002459054, 0.14475690283097012, 0.12729304997788343, 0.14497253493624188], [0.16527297288613016, 0.1462624441034658, 0.14845399343586985, 0.12417054945472428, 0.14355059397721182, 0.12735683250441684, 0.14493261363818133], [0.16666666666666666, 0.14765783216041736, 0.14627072883294848, 0.11927455164301921, 0.1353929180450346, 0.1318101258325171, 0.1529271768193966], [0.16666666666666666, 0.14751551863404364, 0.14824662504258357, 0.11937797144517441, 0.13620666734937814, 0.12958865046383286, 0.1523979003983207], [0.16666666666666669, 0.1516176749013718, 0.1476660097465573, 0.1153194673086732, 0.12750963312375535, 0.1355946354318159, 0.15562591282115987], [0.1606624911181048, 0.1567742851046223, 0.146865578934704, 0.11491099319104636, 0.12440691458348813, 0.14202064241781828, 0.15435909465021605], [0.15093654571776427, 0.15287933326362005, 0.14314194662180957, 0.12285735852583114, 0.124920023765948, 0.1580766132240441, 0.14718817888098285], [0.16295361346714682, 0.14336575928895104, 0.14887129535197763, 0.12625922323399796, 0.14735671957117746, 0.12638170323586037, 0.14481168585088885], [0.16459288624568608, 0.14218429231155338, 0.14666592061827508, 0.12675411456833324, 0.14861515472810843, 0.12591300092314822, 0.1452746306048955], [0.16347966510065834, 0.14360601086418243, 0.15000622028791472, 0.12551626231022453, 0.14660507113281537, 0.12597681433479388, 0.14480995596941076], [0.16340428635086077, 0.14484124375771812, 0.14758844437979046, 0.1258266063530979, 0.14603848086172141, 0.12736832450274496, 0.14493261379406647], [0.1641390108245631, 0.1453723053056236, 0.14980194602767433, 0.12478542485083224, 0.14428390907318067, 0.1271991443278313, 0.14441825959029475], [0.16367605305934943, 0.14471132428047473, 0.15006507354945595, 0.12592625213294154, 0.14573641884087754, 0.12569649186035528, 0.14418838627654565], [0.1619706180882244, 0.14449834940686165, 0.15165462092203583, 0.12668601584819916, 0.14567506096642288, 0.1256387826211012, 0.1438765521471549], [0.16274686570990204, 0.1444602492059117, 0.15090890347186872, 0.1264224323519698, 0.14593377764995294, 0.12544081276722943, 0.14408695884316547], [0.16297188753211508, 0.14340611795424954, 0.1495533044178595, 0.12636352246846488, 0.14729345055592774, 0.1250791209617213, 0.14533259610966212], [0.1646910737496434, 0.14484737531992015, 0.1495777114034768, 0.12435337102780879, 0.14468326833445097, 0.12669138622472248, 0.14515581393997748], [0.16390954030429944, 0.14524351514887024, 0.14997138220810752, 0.12560308509174384, 0.14492391895003853, 0.12603193944928182, 0.1443166188476587], [0.16314664225301065, 0.1446248005677615, 0.14953487826894804, 0.12625091605803873, 0.14613338252437272, 0.1254448420929003, 0.14486453823496798], [0.16356730356455085, 0.1474926304767491, 0.14952881604052787, 0.12325853476586043, 0.14155861179603796, 0.1281910824210756, 0.14640302093519825], [0.1634660140516793, 0.14684813615369002, 0.14750092330619494, 0.12518338430204906, 0.14378304530943678, 0.128349893234798, 0.14486860364215193], [0.16544015458262543, 0.144316992706204, 0.1501305621410861, 0.1221199551351407, 0.14378897106738364, 0.12734874471985394, 0.14685461964770616], [0.16459489230844299, 0.14417885964690672, 0.14970130892540917, 0.12458726677112708, 0.1454319055539088, 0.12582764428498255, 0.14567812250922266], [0.16502915585968359, 0.14479500408645757, 0.14930077633643005, 0.12433485463205313, 0.1447991477737717, 0.12621691355456754, 0.14552414775703662], [0.16666666666666666, 0.14788441020610651, 0.14724671163235512, 0.12501099484433623, 0.14233102023698688, 0.12790157599813015, 0.14295862041541843], [0.1629519817259535, 0.14496239376329534, 0.14869141792664464, 0.12575240978873778, 0.14579843969278616, 0.12613855424089607, 0.14570480286168658], [0.16385796739556813, 0.14446947549562866, 0.14440732603107498, 0.1235752848411263, 0.14274990330453324, 0.13257113944150878, 0.14836890349055995], [0.16666666666666669, 0.14533536840008565, 0.1497304685219707, 0.12084972095093646, 0.14133934984017413, 0.12916491346668368, 0.14691351215348272], [0.16418198479587046, 0.14395282557617686, 0.15017496483532466, 0.12449545956369153, 0.14528258281008086, 0.12577292605045634, 0.14613925636839936], [0.16406306238630558, 0.1473252669781866, 0.14749558731001303, 0.12450048517598444, 0.14304144841771593, 0.12838603386634018, 0.1451881158654542], [0.16540984860762023, 0.1460905133839769, 0.1499772324483982, 0.12328047644503538, 0.14278851657757852, 0.12690975651178812, 0.14554365602560265], [0.16406308526254754, 0.14527871480198157, 0.14935413233740447, 0.1235575126897566, 0.14379461053033413, 0.127062559862766, 0.14688938451520972], [0.16666666666666669, 0.14560445665403457, 0.14421202898863789, 0.1219815118680519, 0.14073183569322487, 0.13280124054210418, 0.14800225958728], [0.16372918743575451, 0.14503649743746494, 0.1467960944721466, 0.12476711539887089, 0.14470940177441424, 0.12761761993516205, 0.1473440835461867], [0.16337355041997406, 0.1451675988562632, 0.14639557413295526, 0.12505756087081799, 0.14477495535119608, 0.12776517234036483, 0.14746558802842857], [0.16227924458077161, 0.14675817916319078, 0.14663989731211888, 0.1244805099682046, 0.14337139110582636, 0.1288978917857451, 0.14757288608414273], [0.16666666666666666, 0.14509169817054496, 0.14876843368215642, 0.12129655649012729, 0.1423278261600956, 0.12866808142692066, 0.1471807374034884], [0.16666666666666669, 0.14332790052549255, 0.14407975538940315, 0.12412656392141619, 0.14396715357911824, 0.13030579907381173, 0.1475261608440915], [0.15079136459324863, 0.13550788910059341, 0.14814529434464335, 0.1419872700725566, 0.15804940555488323, 0.12473293998367121, 0.1407858363504037], [0.16666666666666669, 0.15452683161515707, 0.14682163005377138, 0.11853717268466137, 0.13063933066008157, 0.13355484090147257, 0.1492535274181894], [0.156299758239206, 0.16666666666666666, 0.14209668831482636, 0.11983900328673291, 0.1269087622595956, 0.14416150587747786, 0.1440276153554946], [0.15420270703472064, 0.1623673742250117, 0.14241232912708016, 0.12336611711995221, 0.1283200430127116, 0.14594083882009878, 0.14339059066042495], [0.15202054665359013, 0.16107485352030648, 0.14726032345146894, 0.12020011353663002, 0.12408855801650455, 0.14685818093623326, 0.14849742388526677], [0.1532237920822455, 0.15722185224707094, 0.15090808056501906, 0.12381176157956532, 0.1277463219731527, 0.13747605415808714, 0.14961213739485935], [0.1527956292354002, 0.16666666666666663, 0.14827050392617777, 0.11635437697737383, 0.12110867180030403, 0.14395457809927859, 0.1508495732947988], [0.15330434597538567, 0.15927776018914555, 0.1456147238078407, 0.11832291710293823, 0.12186823664852714, 0.15201038877599565, 0.14960162750016703], [0.14194568313721062, 0.1414985484862369, 0.14216936043969008, 0.1666666666666667, 0.1423003289046525, 0.1279714589849951, 0.13744795338054824], [0.14207670053230972, 0.14201120165650624, 0.1423939432957818, 0.16580313345709033, 0.14231808618420536, 0.12789095349941645, 0.13750598137468995], [0.1525329505792798, 0.1583703762146774, 0.14473748289950764, 0.11905192982049716, 0.12218952017624723, 0.15428425524060713, 0.14883348506918365], [0.16666666666666666, 0.15001981346986246, 0.1490420538001954, 0.12130199008768416, 0.1332802917229847, 0.130517457239029, 0.14917172701357762], [0.1535409145612472, 0.16201222271552385, 0.14791498844898354, 0.11713201161795447, 0.12371698855372194, 0.14504285637826458, 0.15064001772430444], [0.16666666666666666, 0.14631769891901633, 0.1479553284006164, 0.11774946025800531, 0.13674776566342633, 0.13038145285247557, 0.1541816272397933], [0.16666666666666669, 0.1483603107008776, 0.14772291945923158, 0.11687640875293966, 0.1349339050723702, 0.13224249031755383, 0.15319729903036053], [0.16666666666666666, 0.14476948996298925, 0.14954253897417585, 0.1177591608919087, 0.13793334876426294, 0.12776854095235013, 0.15556025378764646], [0.16666666666666669, 0.14611947019497137, 0.14986112956858752, 0.11728368506359109, 0.13679280456651316, 0.12838887229008003, 0.1548873716495902], [0.1524673775745912, 0.14311564525531056, 0.16666666666666669, 0.12346456584397353, 0.14125396264595874, 0.12452652569508961, 0.14850525631840975], [0.1558237093965398, 0.14981378551166669, 0.15450477751702826, 0.11413832460795174, 0.1285058484453785, 0.1305468878547683, 0.16666666666666666], [0.15466423267367468, 0.15891180630072974, 0.15242436473335658, 0.11505195555331761, 0.12311251952519593, 0.13930055661156318, 0.15653456460216236], [0.15185654854909392, 0.1560487346021674, 0.14990412137215206, 0.11802679810594673, 0.12568931671444472, 0.1441232444568821, 0.1543512361993131], [0.14519402902066464, 0.14152230433799204, 0.16666666666666666, 0.1303321901316464, 0.14048196062232154, 0.12935415092586683, 0.14644869829484192], [0.15600468887246988, 0.13961569890592587, 0.14877582668144712, 0.13681271758680835, 0.15807002579368418, 0.1206100523722917, 0.14011098978737285], [0.1553500304306966, 0.1338472156135304, 0.1478337555864022, 0.1362616318152616, 0.16666666666666666, 0.11986149340659079, 0.14017920648085166], [0.16296057394050514, 0.14586682850898652, 0.14802477710656367, 0.12406487805090674, 0.14353852028458872, 0.12811484705704185, 0.14742957505140739], [0.16666666666666666, 0.14182404943582058, 0.14495879711235518, 0.12622239401203647, 0.13935656782991923, 0.1307852648514379, 0.1501862600917639], [0.16666666666666666, 0.13851126507961517, 0.14662140790070172, 0.12660339387667585, 0.14563528192786557, 0.12725492910209743, 0.1487070554463775], [0.15923974147876513, 0.14560963990008988, 0.15389614298342105, 0.12060173935646264, 0.14078407877732277, 0.12690033507603227, 0.15296832242790614], [0.15030478105860726, 0.1469720879302881, 0.1650452035106625, 0.12127232273317955, 0.13452479823969174, 0.12675402350470397, 0.15512678302286687], [0.15046020231356763, 0.14965910527543141, 0.162026646726176, 0.12197873156635407, 0.13304085924577164, 0.12884101677656126, 0.15399343809613805], [0.1492245568751804, 0.14543282932549223, 0.1646972825330011, 0.12299590300742697, 0.13779533799360236, 0.12718239677792872, 0.15267169348736817], [0.14912509955112335, 0.14569566011373966, 0.16666666666666666, 0.12239772163628623, 0.13708409090166032, 0.12699188238673043, 0.15203887874379324], [0.15041507202717722, 0.1498038191996863, 0.16240755566059867, 0.1216182695825096, 0.1330168096320839, 0.12878527825552072, 0.1539531956424236], [0.15106291793904106, 0.15172826474314435, 0.1613297204829483, 0.1203856957260941, 0.13130947052108935, 0.13035352237619616, 0.1538304082114867], [0.15032157038442767, 0.14784657950164776, 0.16666666666666666, 0.11977662580695832, 0.13295785247245775, 0.12698083063668325, 0.15544987453115847], [0.15042507031588326, 0.14908210259684934, 0.1634511543665132, 0.12092223893270085, 0.1330041050081938, 0.12808695321774152, 0.1550283755621181], [0.1502535199741212, 0.14684910006137702, 0.16381830960527194, 0.12178192752793607, 0.1345784010353859, 0.12684931459615453, 0.15586942719975325], [0.1501092243763122, 0.1455729928043531, 0.1621015895550172, 0.12402363196927936, 0.13737854029763175, 0.12683661684443476, 0.15397740415297168], [0.14774030789111106, 0.16666666666666669, 0.14517252167904493, 0.13407007451067063, 0.13260251943217433, 0.1323060229385009, 0.14144188688183157], [0.15015537082582167, 0.14629845645978107, 0.16241403121217726, 0.12392939262918355, 0.13671700071000376, 0.12709979520262116, 0.15338595296041146], [0.14887360148633833, 0.14459361333773138, 0.16428466643315734, 0.12432206241862238, 0.13931269715144634, 0.1269065464060728, 0.1517068127666315], [0.15032147875921434, 0.14669602697226258, 0.16449746495307788, 0.12152697252402436, 0.1349624418299214, 0.12681279311633864, 0.15518282184516075], [0.14946884605861865, 0.14555224521219834, 0.16349919903349078, 0.12278692493383285, 0.13755526304484983, 0.1277391265951592, 0.15339839512185038], [0.14969186781498828, 0.1460227782268915, 0.1636671059394859, 0.12224142802087738, 0.1367647402983025, 0.12767077574807814, 0.15394130395137634], [0.14519805826728532, 0.140519847881548, 0.16666666666666669, 0.1350345872605102, 0.14717847144688886, 0.1227987757248275, 0.1426035927522735], [0.15067956372580998, 0.15053717333520478, 0.16218409019221525, 0.11973895459542824, 0.13111769869571782, 0.12962423067738493, 0.15611828877823894], [0.14998000350777685, 0.14826059414515178, 0.16666666666666666, 0.12102973177821394, 0.13315194756285118, 0.1278046825153285, 0.1531063738240111], [0.1491389617125427, 0.14488156523500195, 0.16405274272832354, 0.12374945257253608, 0.1386370203173659, 0.1270138056324304, 0.15252645180179933], [0.14911355357204617, 0.1459159991362648, 0.16506957168056974, 0.1233646477453007, 0.1377267544408965, 0.12749061555985716, 0.15131885786506485], [0.14927095932694642, 0.14630146758657347, 0.16447622946049933, 0.12322895916822889, 0.1373197495946862, 0.12793298798110958, 0.15146964688195597], [0.14921197675987227, 0.14671153496355305, 0.16439085855354058, 0.1229823443982019, 0.1370110849350991, 0.12818623218147943, 0.1515059682082537]]