[[0.1397486332263931, 0.16666666666666669, 0.1599991931434202, 0.12306921078965907, 0.13795543396308563, 0.12777921062878858, 0.14478165158198686], [0.14458618245234492, 0.16091094646120524, 0.15440810881700243, 0.12664471379834766, 0.1393166422195078, 0.12534163639279042, 0.14879176985880171], [0.14482172146059605, 0.16176384198963067, 0.15333782232615656, 0.12662191302854509, 0.13976266384915462, 0.1255386746707459, 0.14815336267517115], [0.14259791135604366, 0.1642183390395576, 0.15579597761732428, 0.12550016470822356, 0.1395928305846154, 0.1260777419099546, 0.1462170347842807], [0.1436572928905731, 0.16378009159384502, 0.1542617928885304, 0.12582457473656045, 0.1400622621004097, 0.12625224868101861, 0.14616173710906266], [0.1432413209215665, 0.16297351839170435, 0.1531840645664239, 0.12729314254851107, 0.14035665788116916, 0.12667156150320527, 0.14627973418741974], [0.14357644741323022, 0.16400730757959459, 0.15464220983923258, 0.12545732439070856, 0.14024080733328645, 0.1264804760557668, 0.1455954273881808], [0.14349330941059935, 0.16380529845142822, 0.15445651606059527, 0.12545803139295467, 0.1406820067970837, 0.12725109161395579, 0.14485374627338307], [0.14355842680314393, 0.1610533303236392, 0.15704344491601202, 0.12565774132930513, 0.13928632918647105, 0.1257328802149853, 0.14766784722644358], [0.14300960998676385, 0.16526702417877262, 0.15485352420502688, 0.12491238236271314, 0.14064403021445265, 0.12689871998235183, 0.144414709069919], [0.1437843190295318, 0.16269842994022224, 0.15249770179666586, 0.1273574645117143, 0.14100596133265586, 0.12709035962335735, 0.1455657637658526], [0.14251452079487928, 0.16464142328117756, 0.15517566056219784, 0.12501739405727655, 0.14109461205299476, 0.12799151987448676, 0.14356486937698718], [0.1440061150212157, 0.1628863826070674, 0.1525880999804263, 0.12712003340675077, 0.1409162096293419, 0.12686834083154397, 0.14561481852365385], [0.1433562386102228, 0.16410720977077606, 0.15417099627468897, 0.12534300250214903, 0.14122251269523345, 0.12774247817499787, 0.1440575619719319], [0.14312389556601557, 0.16320452765515794, 0.15385658256776788, 0.125840586313586, 0.14177926035487792, 0.12876811642857353, 0.1434270311140211], [0.14330252905546453, 0.16404082933091663, 0.1540437242313345, 0.1254938876024911, 0.14132991214260357, 0.12788728509568048, 0.14390183254150915], [0.14244410163978893, 0.16362186288860256, 0.15523037642100165, 0.12510106872667154, 0.14170658205201936, 0.12911232861520222, 0.14278367965671382], [0.1415874383730798, 0.16042046293485213, 0.16140461036324955, 0.12327614937583327, 0.13979489025769604, 0.12981219261531216, 0.1437042560799771], [0.142915395260729, 0.16181403282113127, 0.16069837001338289, 0.12206024918868312, 0.14045121185248188, 0.12830863299737086, 0.14375210786622092], [0.14331049737135879, 0.16412538382615374, 0.15493408862435668, 0.12521876761636955, 0.14076611703510541, 0.12670377640628058, 0.1449413691203752], [0.14276666591678833, 0.1643633617899595, 0.1552235634153988, 0.12506101173840853, 0.14101489171621992, 0.12745843109886448, 0.14411207432436043], [0.14335205310688245, 0.1583195208971641, 0.1595156676233906, 0.12355066935553707, 0.14075529399980533, 0.13084820380723233, 0.1436585912099881], [0.14223082724632297, 0.16445058629661743, 0.15603218277378356, 0.12462827753236518, 0.14126981973009653, 0.12826572220591564, 0.1431225842148989], [0.14279818091433527, 0.16473299766315866, 0.15492921620752478, 0.12492878688924668, 0.1413524535777916, 0.12790251650675863, 0.14335584824118433], [0.1435236157775409, 0.16469022566110209, 0.15612124625498322, 0.12396809971147935, 0.1405846129562467, 0.1266207777790928, 0.14449142185955494], [0.14281582618176686, 0.16552314741598062, 0.1552110205676194, 0.12460342021480002, 0.14098159886045847, 0.1273020503747443, 0.14356293638463022], [0.1431311455581342, 0.16497565232292694, 0.15581279487523872, 0.1246024975286275, 0.1403966406596756, 0.12618355224121933, 0.1448977168141778], [0.1432281655755173, 0.1650425230215699, 0.15447785118050233, 0.12492076010765496, 0.1411452856020808, 0.12729850303067697, 0.14388691148199773], [0.14312839420558152, 0.1633094335606469, 0.15390738857625758, 0.12575307518144266, 0.1418968919483523, 0.12866652098498724, 0.1433382955427317], [0.14286279909381489, 0.16666666666666669, 0.15542563533631695, 0.12408451582740349, 0.14061162993990808, 0.12652115815745624, 0.14382759497843375], [0.142759781209811, 0.16366264002947528, 0.15481977882317072, 0.12515189930924014, 0.1419291666055161, 0.12891100484965637, 0.1427657291731304], [0.14337402581698128, 0.16392279537862414, 0.1544935111150131, 0.12487761835364555, 0.14181459929237397, 0.12847665102012043, 0.14304079902324152], [0.14296474974559548, 0.16464577868617813, 0.15504336255677167, 0.12473082752327694, 0.14134732195463548, 0.1277663300942369, 0.14350162943930564], [0.14359109547724225, 0.16265373943188646, 0.1533194196511611, 0.12596287628115385, 0.14235751709470842, 0.12910341368457354, 0.14301193837927453], [0.14268025551655664, 0.16396301705039057, 0.1553520605836755, 0.12467311386982402, 0.14192345242808124, 0.12881154261124295, 0.14259655794022896], [0.14323097415240693, 0.16510078673097547, 0.15651687805451525, 0.12370777537116633, 0.140839668163512, 0.1267776561722425, 0.14382626135518142], [0.14259054566378176, 0.16245441251387352, 0.15941629262000806, 0.12373819810195594, 0.13984100998615864, 0.12683243066393945, 0.14512711045028262], [0.14282740261582516, 0.16435847833825065, 0.15501161127907312, 0.12487260390584269, 0.14178126176437852, 0.12829107684803115, 0.14285756524859863], [0.1414502256581842, 0.15926830324655467, 0.16355783549458966, 0.12166130117211024, 0.14117059341437413, 0.13201409650251794, 0.14087764451166931], [0.1414502256581842, 0.15926830324655467, 0.16355783549458966, 0.12166130117211024, 0.14117059341437413, 0.13201409650251794, 0.14087764451166931], [0.14270781960411036, 0.16404939165241655, 0.15556629353742843, 0.1244900549939262, 0.14200256673700232, 0.1289036556259263, 0.14228021784918982], [0.14331404636318923, 0.16370799502542868, 0.15441971528192303, 0.12493323762983034, 0.14222246446443282, 0.128832241875723, 0.1425702993594729], [0.1433822357280918, 0.1653681388124827, 0.15599391249191347, 0.12382060619259205, 0.14107877863847823, 0.12672330768530235, 0.14363302045113938], [0.1403552679254988, 0.15959645227219085, 0.16666666666666666, 0.12062381742075472, 0.14126280669481783, 0.13197964498497647, 0.13951534403509464], [0.1428499584963193, 0.1635653847241483, 0.15536554479097986, 0.12470365527575478, 0.14217848348476622, 0.12898268253989933, 0.14235429068813202], [0.14243543392866112, 0.16099128546609706, 0.15994719102232763, 0.12374313926087296, 0.1411773065005445, 0.12833571239726052, 0.14336993142423618], [0.14322803125146755, 0.1640658095852779, 0.15713965596304294, 0.12326421580732243, 0.14185934840519293, 0.1280384326048418, 0.1424045063828544], [0.14126185403624975, 0.1586300434514707, 0.16443196145508396, 0.12101046121065474, 0.14192011865810875, 0.1330624871597657, 0.13968307402866637], [0.14085166165128443, 0.1580510231469951, 0.16313700628289127, 0.12140718967025833, 0.14333858607775088, 0.13476646001847578, 0.1384480731523442], [0.14309323473263655, 0.16076678307556005, 0.15945710072485458, 0.12377182117224776, 0.14138694099361554, 0.12801188748964126, 0.14351223181144418], [0.14089289155555512, 0.1576913825365593, 0.16426235071892, 0.12107559320641743, 0.1428177253973989, 0.13477938193022782, 0.13848067465492161], [0.14289218415169816, 0.16163121739645345, 0.1587930860179076, 0.12320114792671548, 0.14259830681844396, 0.1293188112342043, 0.1415652464545772], [0.14574570610912801, 0.1612577435670831, 0.1561388295788779, 0.1226050159614619, 0.1442741315369747, 0.1291805471489297, 0.14079802609754474], [0.14541252003337482, 0.16142095331934891, 0.15553856538388633, 0.12289061795858848, 0.14470183887730265, 0.1296852182775715, 0.14035028614992734], [0.14597664862496457, 0.16135884411949666, 0.15505252481113804, 0.1228138113458172, 0.1448002690355457, 0.1295464393792693, 0.14045146268376865], [0.14558567134107173, 0.16135537277943923, 0.15133086689937023, 0.12469681279873931, 0.14605957738418082, 0.1319173631426313, 0.13905433565456737], [0.1431570062245281, 0.1644069400386839, 0.1547691375434653, 0.12526840447600116, 0.14086046906292785, 0.12716803682062797, 0.1443700058337657], [0.1429612953974158, 0.16533466436968686, 0.15471145973131553, 0.1249497238465662, 0.14095458398125554, 0.12712702253557226, 0.14396125013818786], [0.14347514976048148, 0.1630028391790353, 0.15476425435949448, 0.12612142075691948, 0.13963191225372684, 0.12611552959163708, 0.14688889409870529], [0.1430823832941896, 0.16417811849011435, 0.1558563069492557, 0.12502644929897663, 0.1398718920867896, 0.12622141614503699, 0.1457634337356371], [0.143656267015621, 0.1621339788476719, 0.158804128100104, 0.1223974555023096, 0.141224714816146, 0.1283354646649064, 0.14344799105324105], [0.1423677620302552, 0.16666666666666666, 0.15825344434906102, 0.12185182638293608, 0.13877016303238168, 0.12604188639471403, 0.14604825114398529], [0.1404478321963006, 0.16066501870924693, 0.16462084726952797, 0.121465156291042, 0.141069866335883, 0.13118063681692496, 0.14055064238107456], [0.14118572002907526, 0.15913290801716812, 0.16323635903263742, 0.12189853937426497, 0.14115787157792284, 0.13247345354511908, 0.14091514842381225], [0.14121110063409895, 0.15984855231761244, 0.16419452410669105, 0.12103092909250417, 0.14201403648967442, 0.13177479934228276, 0.1399260580171361], [0.14227441416141198, 0.16054007299422848, 0.16307270901621954, 0.12089619925304533, 0.1418228562873584, 0.13045467977012712, 0.1409390685176091], [0.14155170386053806, 0.1578286076432292, 0.16180318788506046, 0.12186465118244631, 0.14381524602917445, 0.1342817057292313, 0.1388548976703202], [0.14172020696362417, 0.15788473448193008, 0.16150202011112558, 0.12182415500966054, 0.14395834965140838, 0.1343168717084967, 0.13879366207375451], [0.14174640393988142, 0.15779168355731166, 0.16197949360889133, 0.12177497445245576, 0.1438621490388763, 0.13395239816609592, 0.13889289723648743], [0.1414598278490015, 0.15693398442773668, 0.16276437810379568, 0.12110625271324246, 0.1443270327854443, 0.13569893466703095, 0.13770958945374845], [0.14378845381424074, 0.16666666666666669, 0.15172625721118213, 0.12679080644693813, 0.136331018576239, 0.1228430956109524, 0.15185370167378104], [0.1419993669304626, 0.16128152657607867, 0.15780775223042068, 0.12605739794842896, 0.13890382101637547, 0.12648427695144562, 0.14746585834678796], [0.14382148423540522, 0.16265228625930375, 0.15274387070641435, 0.12762496633633735, 0.13987419546666333, 0.12584174651614544, 0.1474414504797305], [0.14398326991890717, 0.16273893003800108, 0.15353242574508266, 0.12696907950502706, 0.13960944920255916, 0.12531468881371907, 0.14785215677670363], [0.14374471706260172, 0.162865434506841, 0.1526993872563652, 0.12762381539958229, 0.14006034843628776, 0.1259660570737721, 0.14704024026454998], [0.1436705061695616, 0.1631726231770862, 0.15295748053585087, 0.12725237996930053, 0.1401344376432366, 0.12611078990586388, 0.14670178259910016], [0.1432136182774963, 0.16218901293111623, 0.15503531844587537, 0.12691294043280785, 0.1391957758289812, 0.12521701765775647, 0.14823631642596663], [0.14326402459539475, 0.1637337968656392, 0.1537945561086741, 0.12667004570754245, 0.1399183874945519, 0.125925649381671, 0.14669353984652647], [0.1450789734555159, 0.1610435546922466, 0.15461546724934436, 0.1257792021618311, 0.13989203679736775, 0.1258857099844293, 0.147705055659265], [0.1436703767387826, 0.16205247175896817, 0.15245714864441892, 0.1281798638409185, 0.14028342450412198, 0.12615385753905228, 0.14720285697373742], [0.143736876480698, 0.16107975791811574, 0.152366234105349, 0.12872504243210497, 0.140196190206192, 0.12606403857781878, 0.14783186027972145], [0.14449774473635543, 0.16267459663138273, 0.15278560615428105, 0.1269867402871638, 0.1401895454801547, 0.1257929303843601, 0.14707283632630222], [0.14347899411428638, 0.16374603615903363, 0.15481349470395997, 0.12597394814297513, 0.1397288474054025, 0.1256080254877102, 0.14665065398663216], [0.14352712143928742, 0.16372797323486438, 0.1536234903796621, 0.12672850912882477, 0.1399952707757807, 0.12570667934592578, 0.146690955695655], [0.14433698184951738, 0.16666666666666669, 0.14821908283344024, 0.13072571906564293, 0.13628440848478587, 0.12028564913796279, 0.15348149196198416], [0.14367314831047184, 0.1638583900898635, 0.1552660822091823, 0.12506991376236926, 0.13998567865643785, 0.12588067676814632, 0.14626611020352895], [0.14474677522469184, 0.16295174205203328, 0.1533224457172113, 0.12574204410743725, 0.14070182444745075, 0.12650634225287594, 0.14602882619829974], [0.14374811486005734, 0.16316587579131317, 0.15449538974161653, 0.1263660788560205, 0.1397133144390081, 0.12524190049429954, 0.14726932581768482], [0.14344520695237603, 0.16429211520420123, 0.15388347109751782, 0.12611650789670956, 0.14022188060557428, 0.12603272262570775, 0.14600809561791328], [0.14399192085161241, 0.1615544961312442, 0.15179542059435946, 0.12810481903007495, 0.14130462263585392, 0.127521224520932, 0.14572749623592318], [0.14124279434715645, 0.16190119553631177, 0.1588302236814054, 0.12466143171557244, 0.1411143090101956, 0.1293128002687987, 0.1429372454405597], [0.14382648400922207, 0.1643312085215343, 0.15390900597243495, 0.12520400241827123, 0.1410623106712396, 0.12699189230135008, 0.1446750961059479], [0.14525811935991972, 0.16250657428274687, 0.15400961892875265, 0.12408933759979748, 0.14203012968390943, 0.12806060836665448, 0.14404561177821923], [0.1448489861048632, 0.16381949610087757, 0.15389570552956844, 0.12478767154062306, 0.14110405097086187, 0.12645503779009082, 0.145089051963115], [0.14408855880462432, 0.16300879913728608, 0.1525546447550864, 0.12670466850494647, 0.14165162231823392, 0.1274876336852125, 0.1445040727946103], [0.14318747892337222, 0.16261129604929542, 0.15750401800073238, 0.12433205617407686, 0.14069826710829803, 0.12683430402925386, 0.14483257971497107], [0.1415616098189679, 0.16164875637689324, 0.15940238982347646, 0.12386521295561391, 0.14180175586180452, 0.12983992312151582, 0.14188035204172822], [0.14358991352323092, 0.16098919651638907, 0.15266531728281818, 0.12607896419140657, 0.14412836419189104, 0.13171066708309737, 0.14083757721116671], [0.14542942302646814, 0.16181913436099818, 0.15175271557577324, 0.12639903482952713, 0.14358314818744047, 0.12828283493259637, 0.14273370908719657], [0.14502120914266622, 0.16278510900842044, 0.15437216268161352, 0.12396932132676206, 0.14345241563256736, 0.12833366206554836, 0.142066120142422], [0.14559813431849733, 0.1620541885355642, 0.15275064024019636, 0.12452469854041169, 0.14438803639012657, 0.12938085132766577, 0.14130345064753805], [0.14365060225645895, 0.16666666666666669, 0.15220861132047694, 0.12361991577150046, 0.14519124890332136, 0.1303887057424748, 0.13827424933910093], [0.1455133779075696, 0.15942347969832973, 0.15258804888894856, 0.12337564389428357, 0.14705053717017955, 0.13434712486977374, 0.13770178757091522], [0.1412223400075757, 0.15070794116036698, 0.15548505256735637, 0.12525907169475697, 0.14663082851869888, 0.14486077243595744, 0.13583399361528767], [0.14291326571429322, 0.15352828333190657, 0.15789261712232824, 0.12252922113792504, 0.14693721519064845, 0.13997496229168674, 0.13622443521121172], [0.14268787592321752, 0.1453547197063183, 0.14169236967422524, 0.12959937793100526, 0.15463435596489405, 0.1571887694039424, 0.12884253139639712], [0.1424166499096781, 0.14411301983745356, 0.14266814556994817, 0.1354524493574088, 0.14822858166066294, 0.15108044832502204, 0.13604070533982623], [0.1414168551033291, 0.14256448887122855, 0.1431144056267424, 0.13269232096379108, 0.14918628146941745, 0.1587230815206495, 0.13230256644484198], [0.15084112449317683, 0.144786741940082, 0.14385280923656896, 0.12353018171180678, 0.15890560655030786, 0.14865927324271203, 0.1294242628253454], [0.1513965897909235, 0.14714182844153711, 0.14331944018252898, 0.1244370989334263, 0.15706810741119479, 0.14587509410926744, 0.13076184113112196], [0.14227090314080976, 0.1444288039701384, 0.14233382990229526, 0.12898806541075897, 0.15225039150856665, 0.16006744384310342, 0.12966056222432748], [0.1420237392514742, 0.14431993738134882, 0.1423904940155594, 0.12969148062639146, 0.15165039652656828, 0.15981480724403976, 0.13010914495461812], [0.1417912759584588, 0.14260573603597962, 0.14212412452805667, 0.12645132185667504, 0.15267702594781757, 0.16666666666666666, 0.12768384900634555], [0.14260599131662852, 0.16296433185215214, 0.15638926553250884, 0.12571839410583713, 0.13929723513711742, 0.12614004607623264, 0.14688473597952326], [0.14146519121918028, 0.16314196552072183, 0.1572371175853709, 0.12567248993254185, 0.1395290918652864, 0.12726332251936595, 0.14569082135753264], [0.14228813291818532, 0.16258582843668007, 0.1569999788603572, 0.12561933077243836, 0.13925191311838034, 0.12639693398214355, 0.14685788191181492], [0.14199562929777015, 0.16265300882198067, 0.1567962093460458, 0.12594845166172444, 0.13932061023091002, 0.12656303646478131, 0.14672305417678763], [0.14344463199259783, 0.1597889760784695, 0.15453482017501086, 0.12827556054627462, 0.13866637250147057, 0.12497757179367862, 0.1503120669124979], [0.14312486084384826, 0.1626115619957219, 0.15469290153782622, 0.1269100032352704, 0.1393684879481556, 0.12550353529804587, 0.14778864914113188], [0.1435783629294441, 0.16194719874690586, 0.15485776625103964, 0.12688478967051406, 0.13916504819929632, 0.12506189882067215, 0.14850493538212803], [0.14215650647309494, 0.16349330549079255, 0.15709026048806732, 0.12521034066474687, 0.13968790960409963, 0.12658155900797835, 0.14578011827122025], [0.14357287163494373, 0.1631922372711175, 0.15315472328038465, 0.12709198162848984, 0.1402562839216298, 0.1261903254677282, 0.14654157679570617], [0.1436488387146674, 0.16406098460779503, 0.1543119017539874, 0.1258352422251369, 0.1399555733329911, 0.12570366340801237, 0.14648379595740962], [0.14409668334736742, 0.1619550059363655, 0.15415350851319798, 0.12693387592924535, 0.13956248959806802, 0.12502014140310283, 0.1482782952726528], [0.1424785188971212, 0.16503227805717563, 0.15674390985011902, 0.12413967927621418, 0.14031373384501827, 0.12702560254301612, 0.14426627753133547], [0.14233740114803314, 0.16373759859563378, 0.15607579187603265, 0.12531449960292051, 0.14055010774374413, 0.12725106248102314, 0.14473353855261256], [0.1423382668568817, 0.16527692576635636, 0.15622192886073805, 0.12429107956238779, 0.14078731626622976, 0.12746832547964987, 0.14361615720775642], [0.14711026175188338, 0.15510969548470022, 0.15574235926560473, 0.12229390051780452, 0.1483275822311507, 0.13403083400926724, 0.1373853667395891], [0.14858240156221028, 0.15655780718533283, 0.1533649491308229, 0.12263263862689279, 0.14841854929580078, 0.13214056275351133, 0.13830309144542904], [0.14937150186479592, 0.15011536408402495, 0.14992147394043404, 0.12304276665784344, 0.15388124272512452, 0.1402682807642592, 0.13339936996351792], [0.1487201370241289, 0.1489188804421802, 0.14763040549141224, 0.12160128321592138, 0.1580530415624622, 0.14520655497796628, 0.1298696972859287], [0.14419308797988883, 0.1428949957844042, 0.14322195139885466, 0.12730457246938182, 0.15427892672803403, 0.1589486152498024, 0.12915785038963423], [0.14213827090992873, 0.16241669464661207, 0.15654141387416529, 0.12623124149131412, 0.13897522513900082, 0.12635380630932933, 0.1473433476296498], [0.14203021091917184, 0.16107427302134947, 0.15696328977234872, 0.12682505008553374, 0.1384745076722188, 0.12598543132925732, 0.1486472372001202], [0.14276541126789566, 0.1635007462149288, 0.1555461077804265, 0.12578846060023058, 0.13941553501806278, 0.12624596620337328, 0.14673777291508236], [0.14177821416497616, 0.16261399025443926, 0.15736688303809285, 0.1255846239198432, 0.13960455538449817, 0.12713547694114274, 0.1459162562970076], [0.1425272015283831, 0.16416871314706097, 0.15536317161910493, 0.12527756865075323, 0.14045349296118473, 0.1276629246642099, 0.14454692742930314], [0.1432185268263397, 0.1637298734390383, 0.15360630731399286, 0.1266594343044948, 0.14023896055922275, 0.12643380889743505, 0.14611308865947634], [0.14403025070547057, 0.16211531348743452, 0.1519895586163892, 0.12791790604997774, 0.14072217312467106, 0.12690294034041716, 0.14632185767563965], [0.14374928846517576, 0.16284395079031105, 0.15263800689269752, 0.127419195903879, 0.1404403820749099, 0.12646188893535737, 0.14644728693766954], [0.14342516268430067, 0.16299278302945647, 0.154652304334325, 0.12659145334383665, 0.1396209668816026, 0.12531431565646955, 0.1474030140700092], [0.14275959719828935, 0.16469958369279883, 0.1560994060768812, 0.12453563719079448, 0.14026423186885756, 0.1268635812965178, 0.14477796267586074], [0.14327463635827928, 0.16395931664009278, 0.1536639900269746, 0.1263444347278181, 0.14067561954718913, 0.12676554667688372, 0.14531645602276236], [0.14360822529523856, 0.16319234359978832, 0.15366307304628382, 0.12677564373511935, 0.14038070786984824, 0.1259800352274551, 0.14639997122626663], [0.1440334482650937, 0.16360057643175802, 0.15535816050901985, 0.12372453792872339, 0.14285098757596262, 0.12860413276824134, 0.14182815652120112], [0.14191407308463205, 0.1634565678312999, 0.15670420986074812, 0.12506095294994188, 0.1409118810225863, 0.12823680733338802, 0.1437155079174038], [0.14394519186820434, 0.1622269607598584, 0.157887560533506, 0.12283905680698942, 0.14095951257895428, 0.1279834399068502, 0.14415827754563731], [0.1432590387733607, 0.16460232355142768, 0.15583176959373773, 0.12473820128000934, 0.14008646464221083, 0.1259741296864311, 0.14550807247282266], [0.1430085715801208, 0.16503393776620123, 0.15600416319704172, 0.12445847321643812, 0.1402968122080398, 0.12633503609594024, 0.14486300593621798], [0.14239334472497028, 0.1617567212764146, 0.15381133243680042, 0.1269199687526183, 0.14199428965357258, 0.1296780818951916, 0.14344626126043214], [0.14350064318403302, 0.16296196461462994, 0.1550160863917574, 0.1258623632513357, 0.14055695136876484, 0.1262474699742813, 0.14585452121519787], [0.14148944763755097, 0.15999239243509572, 0.16274335645380214, 0.12199151873847203, 0.14059440613595298, 0.1313180039423978, 0.14187087465672832], [0.14386139902409903, 0.16064873466860002, 0.15855436082873559, 0.12229116061600724, 0.14216342614489297, 0.13034475017835673, 0.14213616853930855], [0.1436903054101301, 0.16419325443670668, 0.15576559986412952, 0.12468673328901936, 0.1403261278876027, 0.12595840563825075, 0.1453795734741608], [0.14213692094978755, 0.16405637558176459, 0.15681514959809142, 0.12439219029569286, 0.14133087331909377, 0.12828771819249823, 0.14298077206307144], [0.14351118471266422, 0.1654256424481086, 0.1552417621140683, 0.12382569025926046, 0.141497775551538, 0.12740936287308918, 0.14308858204127117], [0.14364780785877707, 0.16405523882354558, 0.15704859012699737, 0.12342759420648193, 0.14115188362063863, 0.1269432045747878, 0.14372568078877165], [0.14128763398855143, 0.15927491471658384, 0.16467311235882762, 0.12103728678654342, 0.14145759249750334, 0.1320856430492255, 0.14018381660276474], [0.14321109520651532, 0.16094664893787586, 0.15834625939694072, 0.12451870847154871, 0.14101195011326875, 0.12738611259391544, 0.14457922527993525], [0.14328425617965773, 0.16080126080132479, 0.15799242881590575, 0.12473003209929141, 0.1411304320683845, 0.12745895670790794, 0.14460263332752774], [0.1432273475610622, 0.1609887968643479, 0.15843026038677246, 0.12391702176962846, 0.14198293419918856, 0.12839340736275773, 0.14306023185624267], [0.1436556100070147, 0.16086824879373995, 0.15938757367313983, 0.12217623879112786, 0.1417077591035979, 0.12940483703029917, 0.1427997326010806], [0.141485785860115, 0.16032526680521114, 0.1614123208924139, 0.1234726100086331, 0.13993897806731023, 0.12974683635157924, 0.1436182020147375], [0.14271732886303504, 0.15124028208745532, 0.14286424542617163, 0.14268514736813967, 0.13628118356914917, 0.1259187305543464, 0.15829308213170276], [0.14711727586448922, 0.1585115290712256, 0.14979398574298894, 0.12244471076090117, 0.15232505570029917, 0.13624312430623245, 0.1335643185538635], [0.14302773562497997, 0.15384998763424892, 0.14777153482392288, 0.12455985974360292, 0.15344366207785046, 0.1464303278932709, 0.13091689220212377], [0.14299756941407318, 0.1525885722431485, 0.14597142418224493, 0.1266512470506569, 0.15304859129107842, 0.14751326776407644, 0.13122932805472173], [0.14868323548195167, 0.14762679819311084, 0.14141614271678818, 0.12428144008676828, 0.16156600282922517, 0.148598032362342, 0.12782834832981377], [0.15232265051560945, 0.14964503605072657, 0.14096765549606968, 0.12765863341061615, 0.1580696662946438, 0.14009635035900375, 0.13124000787333057], [0.14987042148577678, 0.14638669372386873, 0.14107441830683387, 0.12254216960207953, 0.16666666666666669, 0.14674788555948062, 0.1267117446552938], [0.14699302890547974, 0.14472958240760242, 0.1425293098786317, 0.12431147447852105, 0.16019305721891194, 0.15382592774127737, 0.12741761936957585], [0.14007173758533603, 0.14341874099842644, 0.1371886287698406, 0.16666666666666666, 0.1386247678038032, 0.13027720381100286, 0.14375225436492423], [0.1403105495969335, 0.14361102268622322, 0.13726437015891282, 0.16585701470795722, 0.13880928272779133, 0.13031041334825216, 0.14383734677392973], [0.1461620546539755, 0.14447023914110213, 0.1425880129512208, 0.12449173297836193, 0.15931819594420982, 0.15569889879928256, 0.1272708655318472], [0.1482817589008348, 0.15632865736172782, 0.14842442269186407, 0.1257222786624459, 0.15066965583998787, 0.13403979993977444, 0.1365334266033652], [0.14951877615985365, 0.1484656201325804, 0.1429411224946716, 0.12179107150650467, 0.1624500037618428, 0.14707671786479837, 0.12775668807974833], [0.14909296177918288, 0.15580232394347587, 0.15567185876817277, 0.12072358461006674, 0.14755489877078226, 0.1325875628482711, 0.13856680928004828], [0.1484292986449579, 0.15606208257952048, 0.15582587828629957, 0.11986831709908749, 0.148662641989328, 0.134311047196826, 0.1368407342039807], [0.1509621390917262, 0.1553798017557249, 0.15395108343601874, 0.12181362148655765, 0.14658477861189323, 0.13099321813463644, 0.1403153574834429], [0.15128166035655433, 0.15489785693371114, 0.15356393215472167, 0.12145790724758687, 0.1478562742628272, 0.13162440026458425, 0.1393179687800147], [0.15342543296039315, 0.1525029364668115, 0.1463818144643843, 0.12877038439112393, 0.14484251493763456, 0.1297019208098818, 0.14437499596977085], [0.15674026123075724, 0.1472149374100906, 0.14663339461843944, 0.12379358883019902, 0.15291152311541162, 0.13718608479892824, 0.135520209996174], [0.1545003000206287, 0.14586682469949866, 0.14244823897701997, 0.12329502801489102, 0.16015028801547615, 0.14367103206923304, 0.13006828820325253], [0.15190862448230644, 0.14543386807625894, 0.1440872739055031, 0.12384326369004686, 0.15731845095327915, 0.14681903791420534, 0.1305894809784001], [0.15134058364892614, 0.14749286274930312, 0.14300579561580304, 0.1353980501374486, 0.14407362614646357, 0.13455637204566198, 0.1441327096563935], [0.1434544262628744, 0.15652661148918043, 0.14444897231697013, 0.13827412104530962, 0.13594041749163596, 0.12286460486839913, 0.15849084652563036], [0.14189065403331205, 0.1556144271811245, 0.14413999207984327, 0.13697200124339676, 0.1337612305740255, 0.12095502822163115, 0.16666666666666666], [0.14330596174099697, 0.16248117724496955, 0.15831852568702928, 0.12352547286570406, 0.14149645982937065, 0.12762672080525492, 0.14324568182667466], [0.14559263765908792, 0.15186672396210596, 0.15130456997780362, 0.1303297654226968, 0.14434697416860778, 0.1344292479006278, 0.1421300809090702], [0.14795725333541698, 0.15163329586548452, 0.14824241826085968, 0.13101326997241933, 0.14161040860380117, 0.13159308889969465, 0.14795026506232367], [0.15458270794575413, 0.15400143160086416, 0.1491520002836426, 0.12350504480675979, 0.14693678799622753, 0.1294066628613328, 0.14241536450541903], [0.1652621120565425, 0.1456049233137415, 0.14126359663936355, 0.1273448758450573, 0.1496066975540763, 0.13209327118259906, 0.1388245234086198], [0.1625840191086364, 0.14705902626654252, 0.1408432512584929, 0.12734677333633476, 0.15170210188623304, 0.13338474134407505, 0.13708008679968536], [0.16094982789739193, 0.14594858489097914, 0.14195848857126897, 0.12880838300115605, 0.14825900510979323, 0.1324376639078117, 0.14163804662159904], [0.16111281949332176, 0.1460748258033567, 0.14182584939293236, 0.1285912684137922, 0.14862965616826054, 0.13254267272421438, 0.1412229080041222], [0.16291784772501533, 0.14707310502517892, 0.14079687599512852, 0.12701560238599513, 0.15182418852878088, 0.13332391833035168, 0.1370484620095494], [0.16109760664922146, 0.14750071689204902, 0.14095230971023603, 0.1261921307019706, 0.15360244451184063, 0.13490938857362278, 0.1357454029610596], [0.16666666666666669, 0.14565308008428152, 0.14103976886365863, 0.12620772153012585, 0.1504278052770468, 0.13242385021361994, 0.13758110736460064], [0.163870419970176, 0.14636427260229745, 0.14099298289145817, 0.12688678309170676, 0.15137492631564767, 0.13311730152259196, 0.13739331360612184], [0.16420686035334855, 0.14572145213019633, 0.1413779523672822, 0.12790475503644982, 0.1495524585812435, 0.1322808885175264, 0.13895563301395322], [0.16262271450373028, 0.14691967140804854, 0.14147982439021012, 0.12889153424697314, 0.14798093454133218, 0.1313834037142299, 0.14072191719547583], [0.1475341696767473, 0.149032379695449, 0.14082533819642137, 0.138812615588763, 0.14893169962974112, 0.137305219283035, 0.13755857792984308], [0.16289910816665296, 0.14670060828954998, 0.14122810479186226, 0.1288042207103937, 0.14862175679459966, 0.13161299124618242, 0.14013321000075904], [0.1600925015068222, 0.14649727850227975, 0.14184814941544904, 0.12961052876301352, 0.14735034236427358, 0.1318722335716768, 0.14272896587648526], [0.16478333884243374, 0.14578377578152618, 0.14142344615372174, 0.12747582451323955, 0.1493279096628395, 0.13206503949174841, 0.13914066555449087], [0.16072150001008062, 0.1458039221208065, 0.1422930758930329, 0.12857495160852053, 0.1483373763404341, 0.13287392528394146, 0.1413952487431839], [0.16174101584092151, 0.14568938379254492, 0.1421323352089985, 0.12812343554435027, 0.14875607827924814, 0.13283392468682687, 0.14072382664710978], [0.15096426409043184, 0.14824371722042481, 0.14038508538435862, 0.13954440886531894, 0.14185252787119307, 0.12905307092264479, 0.14995692564562796], [0.16196672499361775, 0.14625870020274906, 0.14135639597134372, 0.12645043745923853, 0.15284397273620084, 0.13492194632136206, 0.13620182231548814], [0.16050403707111363, 0.14642129148243604, 0.14119927438751, 0.1282651653637466, 0.15117875496435296, 0.13396599255984196, 0.13846548417099871], [0.160691951971761, 0.1463122815423502, 0.1419054779957934, 0.12919850334234617, 0.14764754448673623, 0.1320483927440232, 0.14219584791698986], [0.16050994758058668, 0.14646627920528937, 0.14169032324684205, 0.12888039026959772, 0.14855918627062983, 0.13248079884475805, 0.14141307458229624], [0.16061596204074238, 0.14656211475149813, 0.1417110582829343, 0.128606719615679, 0.1488227599941277, 0.13272837100695, 0.14095301430806847], [0.1604985921832742, 0.14662945279216102, 0.14162085615457684, 0.12840574563772134, 0.14918896119780567, 0.13296357163066816, 0.1406928204037928]]