[[0.1397486332263931, 0.16666666666666669, 0.1599991931434202, 0.12306921078965907, 0.13795543396308563, 0.12777921062878858, 0.14478165158198686], [0.14440763269829063, 0.16221212308561317, 0.1543089822549274, 0.12632108367447678, 0.1390954813024274, 0.12500746917435143, 0.14864722780991316], [0.14482172146059605, 0.16176384198963067, 0.15333782232615656, 0.12662191302854509, 0.13976266384915462, 0.1255386746707459, 0.14815336267517115], [0.14259791135604366, 0.1642183390395576, 0.15579597761732428, 0.12550016470822356, 0.1395928305846154, 0.1260777419099546, 0.1462170347842807], [0.1436572928905731, 0.16378009159384502, 0.1542617928885304, 0.12582457473656045, 0.1400622621004097, 0.12625224868101861, 0.14616173710906266], [0.1432413209215665, 0.16297351839170435, 0.1531840645664239, 0.12729314254851107, 0.14035665788116916, 0.12667156150320527, 0.14627973418741974], [0.14357644741323022, 0.16400730757959459, 0.15464220983923258, 0.12545732439070856, 0.14024080733328645, 0.1264804760557668, 0.1455954273881808], [0.14349330941059935, 0.16380529845142822, 0.15445651606059527, 0.12545803139295467, 0.1406820067970837, 0.12725109161395579, 0.14485374627338307], [0.1427530145686459, 0.16666666666666666, 0.1567080381269601, 0.12422842042968676, 0.13833201769751832, 0.1243061781984221, 0.1470056643121001], [0.14300960998676385, 0.16526702417877262, 0.15485352420502688, 0.12491238236271314, 0.14064403021445265, 0.12689871998235183, 0.144414709069919], [0.1437843190295318, 0.16269842994022224, 0.15249770179666586, 0.1273574645117143, 0.14100596133265586, 0.12709035962335735, 0.1455657637658526], [0.14251452079487928, 0.16464142328117756, 0.15517566056219784, 0.12501739405727655, 0.14109461205299476, 0.12799151987448676, 0.14356486937698718], [0.1440061150212157, 0.1628863826070674, 0.1525880999804263, 0.12712003340675077, 0.1409162096293419, 0.12686834083154397, 0.14561481852365385], [0.1433562386102228, 0.16410720977077606, 0.15417099627468897, 0.12534300250214903, 0.14122251269523345, 0.12774247817499787, 0.1440575619719319], [0.14312389556601557, 0.16320452765515794, 0.15385658256776788, 0.125840586313586, 0.14177926035487792, 0.12876811642857353, 0.1434270311140211], [0.14330252905546453, 0.16404082933091663, 0.1540437242313345, 0.1254938876024911, 0.14132991214260357, 0.12788728509568048, 0.14390183254150915], [0.14244410163978893, 0.16362186288860256, 0.15523037642100165, 0.12510106872667154, 0.14170658205201936, 0.12911232861520222, 0.14278367965671382], [0.1414508048532532, 0.16129444566854761, 0.16137594228519525, 0.12303975457790961, 0.1396484908010712, 0.12961140667197904, 0.1435791551420441], [0.14220311943712136, 0.16666666666666666, 0.16051938703004712, 0.12072254931551442, 0.13966503774205702, 0.12715831562880514, 0.1430649241797883], [0.14331049737135879, 0.16412538382615374, 0.15493408862435668, 0.12521876761636955, 0.14076611703510541, 0.12670377640628058, 0.1449413691203752], [0.14276666591678833, 0.1643633617899595, 0.1552235634153988, 0.12506101173840853, 0.14101489171621992, 0.12745843109886448, 0.14411207432436043], [0.14308923646215232, 0.16010419578232915, 0.1594350571697709, 0.12306463935043115, 0.14046320509139626, 0.13044443609287718, 0.14339923005104305], [0.14223082724632297, 0.16445058629661743, 0.15603218277378356, 0.12462827753236518, 0.14126981973009653, 0.12826572220591564, 0.1431225842148989], [0.14279818091433527, 0.16473299766315866, 0.15492921620752478, 0.12492878688924668, 0.1413524535777916, 0.12790251650675863, 0.14335584824118433], [0.1435236157775409, 0.16469022566110209, 0.15612124625498322, 0.12396809971147935, 0.1405846129562467, 0.1266207777790928, 0.14449142185955494], [0.14281582618176686, 0.16552314741598062, 0.1552110205676194, 0.12460342021480002, 0.14098159886045847, 0.1273020503747443, 0.14356293638463022], [0.1431311455581342, 0.16497565232292694, 0.15581279487523872, 0.1246024975286275, 0.1403966406596756, 0.12618355224121933, 0.1448977168141778], [0.1432281655755173, 0.1650425230215699, 0.15447785118050233, 0.12492076010765496, 0.1411452856020808, 0.12729850303067697, 0.14388691148199773], [0.14312839420558152, 0.1633094335606469, 0.15390738857625758, 0.12575307518144266, 0.1418968919483523, 0.12866652098498724, 0.1433382955427317], [0.14286279909381489, 0.16666666666666669, 0.15542563533631695, 0.12408451582740349, 0.14061162993990808, 0.12652115815745624, 0.14382759497843375], [0.142759781209811, 0.16366264002947528, 0.15481977882317072, 0.12515189930924014, 0.1419291666055161, 0.12891100484965637, 0.1427657291731304], [0.14337402581698128, 0.16392279537862414, 0.1544935111150131, 0.12487761835364555, 0.14181459929237397, 0.12847665102012043, 0.14304079902324152], [0.14296474974559548, 0.16464577868617813, 0.15504336255677167, 0.12473082752327694, 0.14134732195463548, 0.1277663300942369, 0.14350162943930564], [0.14351389675868093, 0.1631978932537041, 0.15327476678612648, 0.12582670281733985, 0.14227619147200266, 0.12897774680632343, 0.1429328021058227], [0.14268025551655664, 0.16396301705039057, 0.1553520605836755, 0.12467311386982402, 0.14192345242808124, 0.12881154261124295, 0.14259655794022896], [0.14323097415240693, 0.16510078673097547, 0.15651687805451525, 0.12370777537116633, 0.140839668163512, 0.1267776561722425, 0.14382626135518142], [0.1424786076177985, 0.16320971813374435, 0.1593825831739003, 0.12353860910306308, 0.13971628841698747, 0.12664722780086826, 0.14502696575363816], [0.14282740261582516, 0.16435847833825065, 0.15501161127907312, 0.12487260390584269, 0.14178126176437852, 0.12829107684803115, 0.14285756524859863], [0.14122990937151586, 0.16065983193783356, 0.16353067360685616, 0.12126808886262626, 0.1409478339781127, 0.13171133666501705, 0.14065232557803847], [0.14122990937151586, 0.16065983193783356, 0.16353067360685616, 0.12126808886262626, 0.1409478339781127, 0.13171133666501705, 0.14065232557803847], [0.14270781960411036, 0.16404939165241655, 0.15556629353742843, 0.1244900549939262, 0.14200256673700232, 0.1289036556259263, 0.14228021784918982], [0.14331404636318923, 0.16370799502542868, 0.15441971528192303, 0.12493323762983034, 0.14222246446443282, 0.128832241875723, 0.1425702993594729], [0.1433822357280918, 0.1653681388124827, 0.15599391249191347, 0.12382060619259205, 0.14107877863847823, 0.12672330768530235, 0.14363302045113938], [0.14018005066686406, 0.16065926360845056, 0.16666666666666666, 0.12031720119316595, 0.14109363306985037, 0.1317486513799212, 0.1393345334150812], [0.1428499584963193, 0.1635653847241483, 0.15536554479097986, 0.12470365527575478, 0.14217848348476622, 0.12898268253989933, 0.14235429068813202], [0.14223571718658326, 0.16231819505356482, 0.159891808293819, 0.12338935837218833, 0.14096722012049653, 0.12801978405014777, 0.14317791692320045], [0.14322803125146755, 0.1640658095852779, 0.15713965596304294, 0.12326421580732243, 0.14185934840519293, 0.1280384326048418, 0.1424045063828544], [0.1410384669408322, 0.160024893520554, 0.1644123114653914, 0.1206090015631077, 0.14170251975030873, 0.13276700219937088, 0.13944580456043512], [0.14069751359177773, 0.15899478660962632, 0.16311592976950098, 0.12113693364864889, 0.14319928808603424, 0.13457597564902662, 0.13827957264538518], [0.14286593227761726, 0.16231694703051153, 0.159387583819434, 0.12335821556251554, 0.14114318591697758, 0.12763916593472488, 0.14328896945821937], [0.14070423967333812, 0.15884560910975895, 0.16424475225974852, 0.12074188804357301, 0.14264316239140018, 0.134545982039898, 0.1382743664822831], [0.14289218415169816, 0.16163121739645345, 0.1587930860179076, 0.12320114792671548, 0.14259830681844396, 0.1293188112342043, 0.1415652464545772], [0.14574570610912801, 0.1612577435670831, 0.1561388295788779, 0.1226050159614619, 0.1442741315369747, 0.1291805471489297, 0.14079802609754474], [0.14541252003337482, 0.16142095331934891, 0.15553856538388633, 0.12289061795858848, 0.14470183887730265, 0.1296852182775715, 0.14035028614992734], [0.14597664862496457, 0.16135884411949666, 0.15505252481113804, 0.1228138113458172, 0.1448002690355457, 0.1295464393792693, 0.14045146268376865], [0.14489175356392678, 0.16666666666666669, 0.15082606226747783, 0.1233153017622196, 0.14538125905207777, 0.13077352913070223, 0.13814542755692918], [0.1431570062245281, 0.1644069400386839, 0.1547691375434653, 0.12526840447600116, 0.14086046906292785, 0.12716803682062797, 0.1443700058337657], [0.1429612953974158, 0.16533466436968686, 0.15471145973131553, 0.1249497238465662, 0.14095458398125554, 0.12712702253557226, 0.14396125013818786], [0.14347514976048148, 0.1630028391790353, 0.15476425435949448, 0.12612142075691948, 0.13963191225372684, 0.12611552959163708, 0.14688889409870529], [0.1430823832941896, 0.16417811849011435, 0.1558563069492557, 0.12502644929897663, 0.1398718920867896, 0.12622141614503699, 0.1457634337356371], [0.14352136937151663, 0.16308448349372334, 0.15875803424926294, 0.12213792883684556, 0.14107556228432996, 0.12811074936555733, 0.14331187239876422], [0.1423677620302552, 0.16666666666666666, 0.15825344434906102, 0.12185182638293608, 0.13877016303238168, 0.12604188639471403, 0.14604825114398529], [0.14031379276615505, 0.16148639189333908, 0.16461038835814945, 0.12123407108779566, 0.14093900695181064, 0.13099922039185222, 0.14041712855089786], [0.1410435237433464, 0.1600209483548804, 0.1632172162193266, 0.12164871108057727, 0.14101551988406205, 0.13228263850311248, 0.1407714422146948], [0.1409454901831396, 0.16151645653989408, 0.16416872908412702, 0.12055475312291743, 0.14175680409459557, 0.13141072790097252, 0.13964703907435388], [0.14187490719988777, 0.16316946840373317, 0.16301384560864912, 0.12014655055372907, 0.14141595351381658, 0.12986158403808376, 0.1405176906821004], [0.14133644200456752, 0.15918136612703784, 0.16176150271606046, 0.12148065041450565, 0.14361938512920172, 0.13400413228224914, 0.13861652132637767], [0.14152222487076538, 0.15913775196558433, 0.1614610320292048, 0.12146827227469209, 0.143778130085927, 0.13406013467303712, 0.13857245410078933], [0.14148685518196033, 0.15943511067228996, 0.1619306759074632, 0.12130741987315949, 0.14362463612457943, 0.13361167351769587, 0.13860362872285167], [0.1412181650556233, 0.15843854060501517, 0.1627269661156645, 0.12066945629529036, 0.14411285843514857, 0.13540204108692938, 0.13743197240632882], [0.14378845381424074, 0.16666666666666669, 0.15172625721118213, 0.12679080644693813, 0.136331018576239, 0.1228430956109524, 0.15185370167378104], [0.14117573345205972, 0.16666666666666663, 0.15751195582830008, 0.12470146707608018, 0.13797682822114254, 0.12514259943645137, 0.1468247493192993], [0.14382148423540522, 0.16265228625930375, 0.15274387070641435, 0.12762496633633735, 0.13987419546666333, 0.12584174651614544, 0.1474414504797305], [0.14398326991890717, 0.16273893003800108, 0.15353242574508266, 0.12696907950502706, 0.13960944920255916, 0.12531468881371907, 0.14785215677670363], [0.14374471706260172, 0.162865434506841, 0.1526993872563652, 0.12762381539958229, 0.14006034843628776, 0.1259660570737721, 0.14704024026454998], [0.1436705061695616, 0.1631726231770862, 0.15295748053585087, 0.12725237996930053, 0.1401344376432366, 0.12611078990586388, 0.14670178259910016], [0.14300178983710965, 0.16365390760437817, 0.1549302638571362, 0.12655388391751218, 0.13894765814868573, 0.12484264353127039, 0.14806985310390783], [0.14326402459539475, 0.1637337968656392, 0.1537945561086741, 0.12667004570754245, 0.1399183874945519, 0.125925649381671, 0.14669353984652647], [0.14499856563650945, 0.16164339465065244, 0.15457058006977956, 0.12562690836122065, 0.1397923091622083, 0.12573381289418703, 0.14763442922544268], [0.1436703767387826, 0.16205247175896817, 0.15245714864441892, 0.1281798638409185, 0.14028342450412198, 0.12615385753905228, 0.14720285697373742], [0.143736876480698, 0.16107975791811574, 0.152366234105349, 0.12872504243210497, 0.140196190206192, 0.12606403857781878, 0.14783186027972145], [0.14449774473635543, 0.16267459663138273, 0.15278560615428105, 0.1269867402871638, 0.1401895454801547, 0.1257929303843601, 0.14707283632630222], [0.14347899411428638, 0.16374603615903363, 0.15481349470395997, 0.12597394814297513, 0.1397288474054025, 0.1256080254877102, 0.14665065398663216], [0.14352712143928742, 0.16372797323486438, 0.1536234903796621, 0.12672850912882477, 0.1399952707757807, 0.12570667934592578, 0.146690955695655], [0.14433698184951738, 0.16666666666666669, 0.14821908283344024, 0.13072571906564293, 0.13628440848478587, 0.12028564913796279, 0.15348149196198416], [0.14367314831047184, 0.1638583900898635, 0.1552660822091823, 0.12506991376236926, 0.13998567865643785, 0.12588067676814632, 0.14626611020352895], [0.14474677522469184, 0.16295174205203328, 0.1533224457172113, 0.12574204410743725, 0.14070182444745075, 0.12650634225287594, 0.14602882619829974], [0.14374811486005734, 0.16316587579131317, 0.15449538974161653, 0.1263660788560205, 0.1397133144390081, 0.12524190049429954, 0.14726932581768482], [0.14344520695237603, 0.16429211520420123, 0.15388347109751782, 0.12611650789670956, 0.14022188060557428, 0.12603272262570775, 0.14600809561791328], [0.14399192085161241, 0.1615544961312442, 0.15179542059435946, 0.12810481903007495, 0.14130462263585392, 0.127521224520932, 0.14572749623592318], [0.14124279434715645, 0.16190119553631177, 0.1588302236814054, 0.12466143171557244, 0.1411143090101956, 0.1293128002687987, 0.1429372454405597], [0.14382648400922207, 0.1643312085215343, 0.15390900597243495, 0.12520400241827123, 0.1410623106712396, 0.12699189230135008, 0.1446750961059479], [0.14525811935991972, 0.16250657428274687, 0.15400961892875265, 0.12408933759979748, 0.14203012968390943, 0.12806060836665448, 0.14404561177821923], [0.1448489861048632, 0.16381949610087757, 0.15389570552956844, 0.12478767154062306, 0.14110405097086187, 0.12645503779009082, 0.145089051963115], [0.14408855880462432, 0.16300879913728608, 0.1525546447550864, 0.12670466850494647, 0.14165162231823392, 0.1274876336852125, 0.1445040727946103], [0.14318747892337222, 0.16261129604929542, 0.15750401800073238, 0.12433205617407686, 0.14069826710829803, 0.12683430402925386, 0.14483257971497107], [0.1415616098189679, 0.16164875637689324, 0.15940238982347646, 0.12386521295561391, 0.14180175586180452, 0.12983992312151582, 0.14188035204172822], [0.1427760851423691, 0.16666666666666666, 0.15217154350848724, 0.12464759193626164, 0.14333352489641424, 0.13047790334178244, 0.13992668450801865], [0.14542942302646814, 0.16181913436099818, 0.15175271557577324, 0.12639903482952713, 0.14358314818744047, 0.12828283493259637, 0.14273370908719657], [0.14502120914266622, 0.16278510900842044, 0.15437216268161352, 0.12396932132676206, 0.14345241563256736, 0.12833366206554836, 0.142066120142422], [0.14547531052811016, 0.1629989202024471, 0.15266951360619163, 0.12427902237397988, 0.14425815805925948, 0.12916348520590973, 0.14115559002410222], [0.14365060225645895, 0.16666666666666669, 0.15220861132047694, 0.12361991577150046, 0.14519124890332136, 0.1303887057424748, 0.13827424933910093], [0.1445523072687447, 0.16666666666666666, 0.15194840621515468, 0.12140877569780303, 0.1461593052524782, 0.132878730851472, 0.13638580804768066], [0.13930891851073332, 0.1500187514490567, 0.16666666666666666, 0.12214520731888494, 0.1451241270864612, 0.14322096222058267, 0.1335153667476145], [0.14248155501663345, 0.1539259086013086, 0.16012585517152778, 0.12172703675008359, 0.14657863852711156, 0.13948984884033067, 0.13567115709300437], [0.14200533917270786, 0.14474809249225312, 0.14572552758465404, 0.12854428774424287, 0.1542918660397191, 0.15691898877703023, 0.1277658981893927], [0.1417646081986412, 0.14350659062892926, 0.14650424938299328, 0.1346131521368351, 0.1477328129106437, 0.15066136141972533, 0.13521722532223213], [0.14044370044593069, 0.1416355652427793, 0.14863018739909792, 0.13138291345911, 0.14851256878743763, 0.15841692728017542, 0.13097813738546907], [0.15050492195750972, 0.14500053811119235, 0.14623024138517998, 0.12261377736605963, 0.15874072827555558, 0.14827671880865095, 0.12863307409585176], [0.1511243317197074, 0.14976529594158183, 0.14290317044776996, 0.12368416620408271, 0.15689696975087958, 0.14550439044561933, 0.13012167549035922], [0.14156482625592387, 0.1443563030813694, 0.14588222062423697, 0.1278975486342116, 0.1518331469880375, 0.15987644516052518, 0.12858950925569565], [0.14131748877383987, 0.14414538294285378, 0.14600542567666833, 0.1286317955345357, 0.15122003986560628, 0.1596184373522496, 0.12906142985424637], [0.14079758887233815, 0.14181521617385967, 0.14763086663963332, 0.12484485588111176, 0.15211818747629957, 0.16666666666666666, 0.12612661829009084], [0.14258940862435698, 0.1630766473764269, 0.15638218231568807, 0.1256901724290534, 0.13927837203979787, 0.12611211500329808, 0.14687110221137878], [0.14146519121918028, 0.16314196552072183, 0.1572371175853709, 0.12567248993254185, 0.1395290918652864, 0.12726332251936595, 0.14569082135753264], [0.14215690122039235, 0.1634610416272254, 0.15694794226677267, 0.12539836951058178, 0.13910433719401036, 0.12618015862377369, 0.14675124955724372], [0.14189183455298227, 0.16333731436159873, 0.15675468285556163, 0.1257771440401007, 0.1392055612807478, 0.12639431449336067, 0.14663914841564823], [0.14244510140396577, 0.16666666666666669, 0.15401263717790512, 0.12662311770750817, 0.13746117446858408, 0.12318317581921791, 0.14960812675615237], [0.14312486084384826, 0.1626115619957219, 0.15469290153782622, 0.1269100032352704, 0.1393684879481556, 0.12550353529804587, 0.14778864914113188], [0.1433515648372645, 0.16353801789618805, 0.1547417665606559, 0.12649400939021554, 0.13889489779451825, 0.12465321215055387, 0.14832653137060373], [0.14215650647309494, 0.16349330549079255, 0.15709026048806732, 0.12521034066474687, 0.13968790960409963, 0.12658155900797835, 0.14578011827122025], [0.14357287163494373, 0.1631922372711175, 0.15315472328038465, 0.12709198162848984, 0.1402562839216298, 0.1261903254677282, 0.14654157679570617], [0.1436488387146674, 0.16406098460779503, 0.1543119017539874, 0.1258352422251369, 0.1399555733329911, 0.12570366340801237, 0.14648379595740962], [0.14389260910243454, 0.16341937766770415, 0.15404036650215752, 0.126574618274771, 0.13931741788527363, 0.12464358006156329, 0.14811203050609578], [0.1424785188971212, 0.16503227805717563, 0.15674390985011902, 0.12413967927621418, 0.14031373384501827, 0.12702560254301612, 0.14426627753133547], [0.14233740114803314, 0.16373759859563378, 0.15607579187603265, 0.12531449960292051, 0.14055010774374413, 0.12725106248102314, 0.14473353855261256], [0.1423382668568817, 0.16527692576635636, 0.15622192886073805, 0.12429107956238779, 0.14078731626622976, 0.12746832547964987, 0.14361615720775642], [0.14707524929141147, 0.15538739335941884, 0.15572280112683998, 0.12221445852795071, 0.14829474917867055, 0.13397240502879437, 0.13733294348691402], [0.14858240156221028, 0.15655780718533283, 0.1533649491308229, 0.12263263862689279, 0.14841854929580078, 0.13214056275351133, 0.13830309144542904], [0.1492658313605423, 0.1500142384509363, 0.15083746855113697, 0.12277623207640116, 0.15380312596761014, 0.14010699113321232, 0.1331961124601609], [0.14844894764265404, 0.14865069426554145, 0.1498612433831685, 0.12092030178344612, 0.15792288137490545, 0.144882271981133, 0.12931365956915147], [0.1431911511424711, 0.14183518625981248, 0.14960719831628427, 0.12554969698987622, 0.1537266456182983, 0.15860452229801136, 0.12748559937524628], [0.1420593778401375, 0.16293909129061143, 0.15650884703680934, 0.12610118509251683, 0.13888615845682856, 0.1262241441277013, 0.14728119615539503], [0.14149830802761013, 0.1645518784226446, 0.15675379315153198, 0.12596486665325768, 0.13786583688603887, 0.12510712046628059, 0.14825819639263624], [0.14276541126789566, 0.1635007462149288, 0.1555461077804265, 0.12578846060023058, 0.13941553501806278, 0.12624596620337328, 0.14673777291508236], [0.14166255020994822, 0.1633697052694416, 0.15732366420979038, 0.12539370359065033, 0.13947878979814488, 0.1269517638818313, 0.14581982304019325], [0.1425272015283831, 0.16416871314706097, 0.15536317161910493, 0.12527756865075323, 0.14045349296118473, 0.1276629246642099, 0.14454692742930314], [0.1432185268263397, 0.1637298734390383, 0.15360630731399286, 0.1266594343044948, 0.14023896055922275, 0.12643380889743505, 0.14611308865947634], [0.14403025070547057, 0.16211531348743452, 0.1519895586163892, 0.12791790604997774, 0.14072217312467106, 0.12690294034041716, 0.14632185767563965], [0.14374928846517576, 0.16284395079031105, 0.15263800689269752, 0.127419195903879, 0.1404403820749099, 0.12646188893535737, 0.14644728693766954], [0.14342516268430067, 0.16299278302945647, 0.154652304334325, 0.12659145334383665, 0.1396209668816026, 0.12531431565646955, 0.1474030140700092], [0.14275959719828935, 0.16469958369279883, 0.1560994060768812, 0.12453563719079448, 0.14026423186885756, 0.1268635812965178, 0.14477796267586074], [0.14327463635827928, 0.16395931664009278, 0.1536639900269746, 0.1263444347278181, 0.14067561954718913, 0.12676554667688372, 0.14531645602276236], [0.14360822529523856, 0.16319234359978832, 0.15366307304628382, 0.12677564373511935, 0.14038070786984824, 0.1259800352274551, 0.14639997122626663], [0.1440334482650937, 0.16360057643175802, 0.15535816050901985, 0.12372453792872339, 0.14285098757596262, 0.12860413276824134, 0.14182815652120112], [0.14191407308463205, 0.1634565678312999, 0.15670420986074812, 0.12506095294994188, 0.1409118810225863, 0.12823680733338802, 0.1437155079174038], [0.14391543192532286, 0.1624394410292455, 0.15787606190943382, 0.12278165264737279, 0.1409258420780699, 0.12793277371422604, 0.144128796696329], [0.1432590387733607, 0.16460232355142768, 0.15583176959373773, 0.12473820128000934, 0.14008646464221083, 0.1259741296864311, 0.14550807247282266], [0.1430085715801208, 0.16503393776620123, 0.15600416319704172, 0.12445847321643812, 0.1402968122080398, 0.12633503609594024, 0.14486300593621798], [0.14234462346124957, 0.1620813983805555, 0.15378552928835887, 0.126840189423042, 0.14194476740894701, 0.12960383863348907, 0.14339965340435804], [0.14350064318403302, 0.16296196461462994, 0.1550160863917574, 0.1258623632513357, 0.14055695136876484, 0.1262474699742813, 0.14585452121519787], [0.141330389953309, 0.16100314820632042, 0.16271857084756425, 0.12170928242141056, 0.14042969400558727, 0.131094687918993, 0.14171422664681563], [0.1438239943799896, 0.16091222680739387, 0.1585410552224375, 0.12221837699263496, 0.14212323652705516, 0.13028517585627855, 0.14209593421421043], [0.1436903054101301, 0.16419325443670668, 0.15576559986412952, 0.12468673328901936, 0.1403261278876027, 0.12595840563825075, 0.1453795734741608], [0.14213692094978755, 0.16405637558176459, 0.15681514959809142, 0.12439219029569286, 0.14133087331909377, 0.12828771819249823, 0.14298077206307144], [0.14351118471266422, 0.1654256424481086, 0.1552417621140683, 0.12382569025926046, 0.141497775551538, 0.12740936287308918, 0.14308858204127117], [0.14364780785877707, 0.16405523882354558, 0.15704859012699737, 0.12342759420648193, 0.14115188362063863, 0.1269432045747878, 0.14372568078877165], [0.14103387796903177, 0.1608674485566409, 0.1646531795106269, 0.12058105466933138, 0.14120553583332404, 0.13173987955952227, 0.13991902390152255], [0.14301845950758504, 0.16226847007795353, 0.15827792563357404, 0.1241725561128567, 0.14080125329598941, 0.12706350962510574, 0.14439782574693547], [0.14314846377491047, 0.16173510763045026, 0.15794205352984364, 0.1244864867873966, 0.14098213141708005, 0.12723125951548667, 0.1444744973448321], [0.14320288742254023, 0.1611567969779196, 0.15842166527197318, 0.12387241031008754, 0.1419571754511348, 0.12835346724248192, 0.14303559732386265], [0.1434808797103418, 0.16208977274427905, 0.15933230119708275, 0.12183840877415922, 0.14151823815340298, 0.12912189606660354, 0.1426185033541306], [0.14134375527806603, 0.16122956761726115, 0.16138268420915658, 0.1232289776648987, 0.1397882228495816, 0.1295385932393114, 0.14348819914172453], [0.1480025359800572, 0.15066900151334783, 0.14198277765246245, 0.14179704711091573, 0.13515592728247025, 0.12440972471980281, 0.1579829857409439], [0.14711727586448922, 0.1585115290712256, 0.14979398574298894, 0.12244471076090117, 0.15232505570029917, 0.13624312430623245, 0.1335643185538635], [0.14298152459357502, 0.15382493269601039, 0.14806040892844446, 0.12447754642014282, 0.15341781282606984, 0.14639076848659002, 0.1308470060491675], [0.1429965230014443, 0.1525879498495, 0.1459778775902515, 0.12664947796584602, 0.15304798923490778, 0.1475124209908225, 0.13122776136722783], [0.14852682562431174, 0.14807802781226126, 0.14202927369914284, 0.12391279701819564, 0.16152164009908268, 0.14844088145547338, 0.1274905542915323], [0.15229344933516006, 0.14994967957978117, 0.14091533810778312, 0.12757922185627252, 0.15805216474162387, 0.14004225919005034, 0.13116788718932904], [0.14970295763650285, 0.14618449601267813, 0.14248097464542686, 0.12210223448288282, 0.16666666666666666, 0.14654928904453754, 0.12631338151130514], [0.14639970571837718, 0.14406799755449495, 0.14682774951746388, 0.12303411449434017, 0.15999782425609016, 0.1534386730689872, 0.1262339353902464], [0.14312664913953102, 0.1429117125431558, 0.13654572392609118, 0.16666666666666669, 0.13801318460854556, 0.12948356340612824, 0.1432524997098816], [0.14340633771649552, 0.14310232687590427, 0.13661564288588862, 0.16583915068474617, 0.13819464214311833, 0.12950825515403044, 0.14333364453981662], [0.14550179880356146, 0.14375550622525982, 0.14717939803530292, 0.12313368500889567, 0.15908157255513544, 0.15534573274591165, 0.12600230662593304], [0.1482817589008348, 0.15632865736172782, 0.14842442269186407, 0.1257222786624459, 0.15066965583998787, 0.13403979993977444, 0.1365334266033652], [0.14937668364457765, 0.14900049917860406, 0.14343987677759412, 0.12141921899273442, 0.1624150632402679, 0.1469143897289685, 0.12743426843725328], [0.14894928723958956, 0.15707609218434873, 0.1555819702686875, 0.12034797507273567, 0.14739864973446146, 0.13230894774791466, 0.13833707775226234], [0.14838903753493032, 0.15640660776925097, 0.15580194598569302, 0.1197650043020432, 0.14862289601185957, 0.13423961840546011, 0.1367748899907628], [0.1508606831089528, 0.15638360211934854, 0.1538689369348237, 0.12152385729228866, 0.1464550435607228, 0.13076275690220124, 0.14014512008166227], [0.15117425613163524, 0.15597921393352304, 0.15347246069112852, 0.12114230050248156, 0.14772495708454106, 0.13137976679570815, 0.1391270448609825], [0.1533794378437903, 0.15303267489607486, 0.14631135243924281, 0.12863874681408663, 0.14476670595896968, 0.1295735190435817, 0.14429756300425417], [0.15671983256977345, 0.1475179075101445, 0.1465921659052148, 0.1237053555237815, 0.15288321486564224, 0.13712541340922244, 0.13545611021622095], [0.1544189578479737, 0.14572776063988957, 0.14340062267433726, 0.12300505292025644, 0.1601067206619061, 0.14351728732898675, 0.12982359792665019], [0.15165388910857566, 0.14710713519683888, 0.14453457130784192, 0.12310409819469177, 0.15715709342402712, 0.14647645228768597, 0.12996676048033867], [0.16666666666666663, 0.14555115416381836, 0.14060968701588641, 0.13223151409521702, 0.14178565548924013, 0.13130460025239837, 0.14185072231677287], [0.14899450867638955, 0.1561350115725775, 0.14359094471237008, 0.13717762617394494, 0.13475379706365462, 0.12117300818110273, 0.1581751036199607], [0.14754128316749462, 0.1551742846864659, 0.1432428936445463, 0.135789445967197, 0.1324508101159282, 0.11913461575170138, 0.16666666666666669], [0.14330596174099697, 0.16248117724496955, 0.15831852568702928, 0.12352547286570406, 0.14149645982937065, 0.12762672080525492, 0.14324568182667466], [0.14555959586573677, 0.1518435192560539, 0.15154179914421004, 0.13027279309996284, 0.1443119793099162, 0.13437870312209213, 0.1420916102020282], [0.14795725333541698, 0.15163329586548452, 0.14824241826085968, 0.13101326997241933, 0.14161040860380117, 0.13159308889969465, 0.14795026506232367], [0.15457645940649664, 0.15408106477516478, 0.1491429435595174, 0.12348272620282905, 0.1469265857997235, 0.12938739594707993, 0.1424028243091887], [0.16526128294866685, 0.14569087382629928, 0.1412486012199801, 0.12732166421183164, 0.14959662706294127, 0.13207286252473854, 0.13880808820554236], [0.1625840191086364, 0.14705902626654252, 0.1408432512584929, 0.12734677333633476, 0.15170210188623304, 0.13338474134407505, 0.13708008679968536], [0.16094982789739193, 0.14594858489097914, 0.14195848857126897, 0.12880838300115605, 0.14825900510979323, 0.1324376639078117, 0.14163804662159904], [0.16110189390795987, 0.14636218570519088, 0.1417769822813407, 0.12851636609818737, 0.1485941735754339, 0.13247554365186695, 0.14117285478002042], [0.16291784772501533, 0.14707310502517892, 0.14079687599512852, 0.12701560238599513, 0.15182418852878088, 0.13332391833035168, 0.1370484620095494], [0.16109760664922146, 0.14750071689204902, 0.14095230971023603, 0.1261921307019706, 0.15360244451184063, 0.13490938857362278, 0.1357454029610596], [0.16666666666666666, 0.1457115077816255, 0.14102948881583652, 0.12619149171198588, 0.1504212911732741, 0.13241011395129879, 0.13756943989931256], [0.163870419970176, 0.14636427260229745, 0.14099298289145817, 0.12688678309170676, 0.15137492631564767, 0.13311730152259196, 0.13739331360612184], [0.16420686035334855, 0.14572145213019633, 0.1413779523672822, 0.12790475503644982, 0.1495524585812435, 0.1322808885175264, 0.13895563301395322], [0.16262271450373028, 0.14691967140804854, 0.14147982439021012, 0.12889153424697314, 0.14798093454133218, 0.1313834037142299, 0.14072191719547583], [0.14736490550964051, 0.15035086110612883, 0.14059672135969828, 0.13856619230388098, 0.14877479933461743, 0.1370454601444835, 0.13730106024155048], [0.16289910816665296, 0.14670060828954998, 0.14122810479186226, 0.1288042207103937, 0.14862175679459966, 0.13161299124618242, 0.14013321000075904], [0.1600925015068222, 0.14649727850227975, 0.14184814941544904, 0.12961052876301352, 0.14735034236427358, 0.1318722335716768, 0.14272896587648526], [0.16478333884243374, 0.14578377578152618, 0.14142344615372174, 0.12747582451323955, 0.1493279096628395, 0.13206503949174841, 0.13914066555449087], [0.16072150001008062, 0.1458039221208065, 0.1422930758930329, 0.12857495160852053, 0.1483373763404341, 0.13287392528394146, 0.1413952487431839], [0.16174101584092151, 0.14568938379254492, 0.1421323352089985, 0.12812343554435027, 0.14875607827924814, 0.13283392468682687, 0.14072382664710978], [0.16666666666666666, 0.14632747187196787, 0.13765143201201063, 0.1367233133342728, 0.1392715091162135, 0.12514072897688083, 0.1482188780219877], [0.16196672499361775, 0.14625870020274906, 0.14135639597134372, 0.12645043745923853, 0.15284397273620084, 0.13492194632136206, 0.13620182231548814], [0.16050403707111363, 0.14642129148243604, 0.14119927438751, 0.1282651653637466, 0.15117875496435296, 0.13396599255984196, 0.13846548417099871], [0.160691951971761, 0.1463122815423502, 0.1419054779957934, 0.12919850334234617, 0.14764754448673623, 0.1320483927440232, 0.14219584791698986], [0.16049434070517998, 0.14683756152934577, 0.14162700986930796, 0.1287846045597793, 0.148513285006252, 0.13239413993238813, 0.14134905839774695], [0.16059201091859895, 0.14714226654026205, 0.14161227394928802, 0.12845606303980106, 0.14875212663575837, 0.1325940295847621, 0.14085122933152944], [0.16048812509165764, 0.14687827986456262, 0.14157835394518456, 0.12834081766598215, 0.14915930190220508, 0.13290637819299936, 0.14064874333740857]]