[[0.15224714602085648, 0.16666666666666666, 0.15868847363836452, 0.1175441008267338, 0.1399944520069327, 0.12285099941862455, 0.14200816142182124], [0.15312154186118962, 0.16666666666666666, 0.15440685202475887, 0.12122511896757913, 0.13846300501901557, 0.11974558461614308, 0.14637123084464704], [0.15307478835552463, 0.1637601631218962, 0.15266045355480093, 0.12253367925950584, 0.14036775488506922, 0.12133985134297709, 0.14626330948022606], [0.15334870155280295, 0.16358415729172404, 0.1555735411401325, 0.12072283232790178, 0.14155945592725191, 0.12136743680027025, 0.14384387495991663], [0.1529309984677865, 0.16386073180473992, 0.154250689949986, 0.12143730557209313, 0.14165026210435344, 0.12191092037364987, 0.1439590917273912], [0.1518245404870438, 0.1637479748836686, 0.1537553579753626, 0.12245398697002814, 0.14268802563355446, 0.1217560112546937, 0.14377410279564876], [0.153158224594403, 0.16399873077996627, 0.15467328046800388, 0.12095789155987588, 0.14182434795225685, 0.12209275581092631, 0.1432947688345678], [0.15271632734676738, 0.1645501193883362, 0.15480134667476958, 0.12058236123198364, 0.14248936162775025, 0.12258757043967872, 0.14227291329071418], [0.1546197770638835, 0.16666666666666666, 0.15642748304724652, 0.11958123319096572, 0.1381846419979338, 0.11966750580050199, 0.14485269223280176], [0.15306281320820747, 0.16666666666666666, 0.15551287963192947, 0.11918160825752744, 0.14277483294340754, 0.12144057064812176, 0.1413606286441396], [0.15167184264500636, 0.16432460129762122, 0.1532832555733266, 0.12243613123916666, 0.14322455648964946, 0.12213558603398135, 0.14292402672124838], [0.15271475497021084, 0.16477362911074564, 0.15632322483166783, 0.11920633303302687, 0.14404501722026847, 0.12259541991761737, 0.14034162091646288], [0.1519652528370513, 0.16348389776182118, 0.15331500244138552, 0.1226738665440238, 0.1429201120840722, 0.12239387656154785, 0.14324799177009817], [0.15261431668995185, 0.1648947043774384, 0.1551854947569171, 0.11992331319004342, 0.14365235738236093, 0.12263748536722505, 0.1410923282360633], [0.1520612340350702, 0.16352333136862965, 0.15522024083826164, 0.12032391953655218, 0.14493748793235903, 0.12364703521803164, 0.1402867510710956], [0.1524788238985592, 0.16443966759590548, 0.15508747881302784, 0.12019770686473033, 0.14392382624700104, 0.12289897441161408, 0.14097352216916212], [0.15245462798030848, 0.16357689894474084, 0.1567478839059449, 0.1191087580214125, 0.14507294412290397, 0.12369830179765046, 0.13934058522703893], [0.15450275226804827, 0.16064340822646941, 0.16172071870975174, 0.11775278792817946, 0.139478227009293, 0.12512083160238843, 0.1407812742558698], [0.1563236132718649, 0.16666666666666666, 0.15988093462659073, 0.11477582812653797, 0.14029829602599025, 0.12204460005859018, 0.14001006122375928], [0.15390771395239902, 0.16392667765613989, 0.1554999032616164, 0.11990759741736468, 0.1430177407684939, 0.1215828965382926, 0.14215747040569354], [0.15336192709133864, 0.16434825029895786, 0.15630231669677538, 0.1192593024139401, 0.14377022863704117, 0.12199103042263633, 0.1409669444393104], [0.15393369575508065, 0.15914305170320978, 0.16666666666666666, 0.11667865591047089, 0.13844716211698585, 0.1251393028493018, 0.13999146499828435], [0.15326479006311935, 0.16392636915773023, 0.15739084322680974, 0.1185380023496364, 0.14446592085566237, 0.12270241866696467, 0.13971165568007735], [0.1530170026473493, 0.16477533638360725, 0.15616280456831688, 0.11914340485949926, 0.14424743875524806, 0.12252932987318915, 0.14012468291279], [0.15472276642414953, 0.16359342528951562, 0.15617949690408278, 0.11918517290620798, 0.14217670736651392, 0.12213499361677382, 0.14200743749275632], [0.15332571933630937, 0.16508057483745928, 0.15615360444742232, 0.11916455837126119, 0.14348783832384124, 0.12221212680499133, 0.14057557787871527], [0.15450788504849752, 0.1638052910463895, 0.15601643281941976, 0.1196267953633922, 0.14232602211995374, 0.12139487046692489, 0.14232270313542247], [0.15312528015569588, 0.16528327642381593, 0.15547666416207315, 0.11944574015977284, 0.14363439009351436, 0.12213532659051886, 0.14089932241460906], [0.15231899367420002, 0.16366863410960347, 0.1553680715627805, 0.12003792311697577, 0.14516844029525086, 0.123358343356017, 0.14007959388517233], [0.15394512291311854, 0.16505133884343254, 0.15618030937557986, 0.11900582450102967, 0.1429807011119315, 0.12173308048077397, 0.14110362277413385], [0.15268608939799203, 0.16369702389647367, 0.1564827370782833, 0.11913727277387766, 0.14525290198832486, 0.12344099454056237, 0.13930298032448613], [0.15292675190551958, 0.16391605950169125, 0.15576198258433344, 0.11943049978433287, 0.14450483249178558, 0.12349865913496365, 0.1399612145973735], [0.15321459962738998, 0.16462905102515163, 0.15633497569970026, 0.11900364650039759, 0.14402604085086151, 0.1224537079087248, 0.14033797838777423], [0.15216119032801464, 0.16287770582529779, 0.1548700189618687, 0.12055908261760379, 0.1455438869089961, 0.12411655456102595, 0.139871560797193], [0.1532228897219482, 0.16355847611357557, 0.15701438234594947, 0.11854319382206355, 0.14529236232050124, 0.1232857209457027, 0.1390829747302592], [0.15507248738104076, 0.1635404559928737, 0.1568643432423648, 0.11862845918636901, 0.1427072538052918, 0.12206131246573951, 0.1411256879263204], [0.15582808076013413, 0.16666666666666669, 0.15826575275873156, 0.1171834104545077, 0.1394677694554689, 0.12075010425384115, 0.14183821565064997], [0.15324883271540132, 0.1639554816641158, 0.15651075168520215, 0.1189854922927217, 0.14491013505329448, 0.12288549132803651, 0.13950381526122793], [0.15473563544933858, 0.15983712820162826, 0.16520324963750144, 0.11505024181607618, 0.14116056647050934, 0.12692381014050558, 0.13708936828444063], [0.15473563544933858, 0.15983712820162826, 0.16520324963750144, 0.11505024181607618, 0.14116056647050934, 0.12692381014050558, 0.13708936828444063], [0.1532886179824003, 0.16366056767512174, 0.15716593799549278, 0.11846629261506342, 0.14511104155305657, 0.12351025401783045, 0.13879728816103465], [0.1529748465025117, 0.1634883904644197, 0.15599265827480474, 0.11927617607307363, 0.14526024766741438, 0.12370369924343814, 0.1393039817743376], [0.15508471812848026, 0.16381207333695375, 0.1565944809665758, 0.1186662541415465, 0.14306223635447027, 0.1219181486575355, 0.14086208841443795], [0.15499919923491884, 0.15989037023411662, 0.16436721239665225, 0.1143848879188376, 0.14324260262262686, 0.12727946056007902, 0.1358362670327689], [0.15326206280016982, 0.16424919383281886, 0.15712912753029032, 0.1183042914167641, 0.14517280293636745, 0.12323587080998996, 0.13864665067359955], [0.1564095141564106, 0.16331544560948086, 0.15863790486392543, 0.11713384815340222, 0.1422869692937323, 0.1224335778220052, 0.13978274010104327], [0.1555252385892557, 0.16409663434423188, 0.1581403211343932, 0.11703581801506377, 0.1437840322088995, 0.12249515099318314, 0.13892280471497298], [0.1553937106669469, 0.15912934311349744, 0.16448974758920065, 0.11439876826784576, 0.1426168735292334, 0.12819610559617461, 0.13577545123710108], [0.15461886536210262, 0.15855963653171345, 0.16407963387723576, 0.11348064200538939, 0.1465756338543038, 0.12917959677354435, 0.13350599159571044], [0.1568872787635646, 0.16341268836187012, 0.15809849312334376, 0.11735123401831425, 0.14197791448995922, 0.12222596203026556, 0.14004642921268265], [0.15480756584039762, 0.15780701495421362, 0.1632567248409712, 0.11464332575508422, 0.1447008172798165, 0.13028052879617244, 0.13450402253334431], [0.15627997730615262, 0.16666666666666669, 0.15963904698413103, 0.11472723762410435, 0.1439779417102266, 0.12203758266258526, 0.13667154704613352], [0.15815658402403251, 0.16457100335187305, 0.15669226030009545, 0.11586165005982406, 0.14443598720068887, 0.1234435260411216, 0.13683898902236463], [0.15725992565143976, 0.1653561900358162, 0.15677008242827822, 0.1155356670009378, 0.1456774968057247, 0.12347184938586313, 0.1359287886919401], [0.1572621768494967, 0.16666666666666666, 0.15612284658504505, 0.11539286938872888, 0.1452753937803936, 0.12326481757566615, 0.13601522915400296], [0.15234952566056845, 0.16666666666666669, 0.1532426325841371, 0.11801194334473938, 0.1486903620464519, 0.1263825676580773, 0.13465630203935924], [0.15304942823459494, 0.164498137738318, 0.15557785180775383, 0.12008134668043689, 0.14299792717535492, 0.12221899632918438, 0.14157631203435717], [0.1531187628562148, 0.1652199503628777, 0.1556756897224798, 0.11951052770229259, 0.14350251828258045, 0.12197170996074533, 0.14100084111280925], [0.15292931624825196, 0.16318549131942006, 0.1542398037776183, 0.12193122130992948, 0.14094451071902225, 0.12192472131475951, 0.14484493531099837], [0.15378284513636445, 0.16362231347536943, 0.1556066487256429, 0.12037891585767907, 0.14147163249722547, 0.12170725492726238, 0.14343038938045627], [0.15610887139556606, 0.16666666666666666, 0.15802762444883567, 0.1153812852519118, 0.14178705733432473, 0.12226040183741982, 0.13976809306527518], [0.15491466978087703, 0.16666666666666669, 0.157263002430589, 0.11670683185505693, 0.1393897534308483, 0.12137793421119217, 0.14368114162476994], [0.1550130511538409, 0.16078664593278277, 0.16254252229215663, 0.1150970848032858, 0.1435080267209362, 0.12618130000224925, 0.13687136909474848], [0.15477171128717018, 0.15916291780070393, 0.16346067218992372, 0.11583643021532943, 0.14149685899186262, 0.12784330698831303, 0.137428102526697], [0.15588292859063063, 0.16077623499595362, 0.16303608649525014, 0.11392725036143442, 0.14427038017530755, 0.12634351612051525, 0.13576360326090844], [0.15735302971250922, 0.16268336412576573, 0.16180173556270908, 0.11368033795900105, 0.14285275900854963, 0.12474574365055813, 0.13688302998090712], [0.15473481946439657, 0.1599638561723013, 0.16666666666666669, 0.11202668417355707, 0.14668982551511853, 0.12717036991446487, 0.13274777809349506], [0.1548265344167826, 0.1600550769928268, 0.1659955015815456, 0.11212469715716124, 0.14691387793838473, 0.12731959476884205, 0.13276471714445703], [0.15529226981703914, 0.16042958885482858, 0.16587047137906205, 0.1121076755579144, 0.14648062680235652, 0.12690747301152172, 0.13291189457727776], [0.1554427438237235, 0.15810809445399968, 0.16337333148104657, 0.11306314673053224, 0.14718311488367225, 0.13023197927957847, 0.1325975893474474], [0.15098770660802638, 0.16666666666666669, 0.1541153249138568, 0.12358876823228707, 0.13465325990163926, 0.1193240555589099, 0.15066421811861394], [0.15320345751070952, 0.16666666666666666, 0.15622241036824205, 0.11983983996463007, 0.1392094657109104, 0.12033207707521912, 0.14452608270362208], [0.15191863138486073, 0.1629775057732131, 0.15281149918173134, 0.12361120975505942, 0.14157152588529773, 0.12164466261488394, 0.14546496540495366], [0.15288258002492827, 0.16292936544012546, 0.15317679467145748, 0.12298707098294158, 0.14089255812473636, 0.12116673071377074, 0.14596490004204019], [0.15189355272215263, 0.16323661747429208, 0.15291064947843297, 0.12347531766631345, 0.1418876138686348, 0.12164141424777207, 0.14495483454240204], [0.15202516276983938, 0.16361948541449117, 0.15320997810815673, 0.12294160616731402, 0.14201040172692045, 0.1216751594351304, 0.14451820637814794], [0.15336703808192026, 0.16334248098339862, 0.15398171717301645, 0.1224074559651337, 0.14023446725951022, 0.12051932595706925, 0.14614751457995137], [0.15252113607891252, 0.16391777081242284, 0.15395994490066728, 0.12205842883791344, 0.14192388078316878, 0.12122820349519614, 0.14439063509171907], [0.15386216540044678, 0.1648902831220062, 0.15500200249170726, 0.12075437837119553, 0.13924240768684476, 0.12087397536543498, 0.14537478756236452], [0.1517705721804579, 0.16372668540970955, 0.15266690704090816, 0.12350573279293296, 0.1422574063655676, 0.12123367282425937, 0.14483902338616442], [0.15190010806842016, 0.16236984639878982, 0.15238453786949052, 0.12428707714620321, 0.1421148241933677, 0.12131482033505983, 0.14562878598866882], [0.1526086370023115, 0.16279555666178133, 0.1528318775627808, 0.12318305820429269, 0.1415114704531525, 0.12187481075706871, 0.14519458935861232], [0.15347844128854746, 0.16314062266525903, 0.15443354229044254, 0.12182056198755663, 0.14110186267221433, 0.12141729068257082, 0.14460767841340924], [0.15272211895805018, 0.16391491442980913, 0.15377466449939578, 0.12225167536932087, 0.1417695269115103, 0.12111530444705623, 0.14445179538485736], [0.14973639935316724, 0.16666666666666669, 0.14916277387020485, 0.1287435859720908, 0.13520849169005875, 0.11772774914108995, 0.15275433330672172], [0.15422017194940874, 0.16336169168701883, 0.15499588111008936, 0.12050519716612856, 0.14148471933922935, 0.12140493113934155, 0.14402740760878366], [0.1532305411670734, 0.16343188562981814, 0.1535325528460044, 0.1214898686323405, 0.14209707184950926, 0.12233357935696651, 0.14388450051828786], [0.15375286608267363, 0.16277669509789155, 0.1540627701532527, 0.12221195215929273, 0.14095394561118244, 0.12097189510701145, 0.1452698757886955], [0.15286584952886317, 0.16446601071459122, 0.15420835037152753, 0.1213833330965526, 0.14218994265575033, 0.1212897680775705, 0.1435967455551447], [0.15095932375260948, 0.16666666666666669, 0.1523205599292919, 0.12238362629697842, 0.1433355003744642, 0.12171344733015467, 0.14262087564983478], [0.15325021308116013, 0.16666666666666669, 0.15969971099311422, 0.11650245769769017, 0.14349554503879497, 0.12205729447856838, 0.13832811204400558], [0.1531942887342811, 0.1647531045527417, 0.15469891061457608, 0.12006768807563063, 0.14325812669272872, 0.12207705828603495, 0.14195082304400677], [0.15417422870297484, 0.16666666666666666, 0.15456059671312503, 0.11801775203487042, 0.1432056061161259, 0.12255533146389354, 0.14081981830234352], [0.15427852152076546, 0.1637309054034498, 0.1542836045801856, 0.12029236636385923, 0.14250299020418591, 0.12213870825756667, 0.14277290366998727], [0.1522070511942566, 0.16373396701574738, 0.15359197857070198, 0.12186025358185906, 0.1440512151761641, 0.12273813414118567, 0.14181740032008525], [0.15553662344132008, 0.16666666666666669, 0.15676541951205403, 0.11763028796135568, 0.14149620805795754, 0.12052865343616001, 0.141376140924486], [0.15424644540776927, 0.1649715262470876, 0.1606980411659503, 0.11577591684306136, 0.14423240601490372, 0.12287982229389302, 0.13719584202733492], [0.15088714162333372, 0.16666666666666666, 0.15448508093368057, 0.11873506150230596, 0.14767620478134746, 0.1253857596927751, 0.13616408479989048], [0.15306745292142449, 0.16666666666666666, 0.1528668446507786, 0.12038306782458535, 0.14530952563518465, 0.12254830685879922, 0.139158135442561], [0.15536962467681287, 0.16666666666666666, 0.15554982569558176, 0.11714431544469638, 0.14492947059293185, 0.1222062792084373, 0.13813381771487312], [0.15406136276402915, 0.16666666666666666, 0.15433143176745553, 0.11790368409813311, 0.14619547558807588, 0.12352279740118448, 0.13731858171445518], [0.15333470384262768, 0.16666666666666666, 0.1545919528869788, 0.11708609227025273, 0.14947358117553972, 0.12488227868968535, 0.13396472446824909], [0.15267674485077706, 0.16666666666666663, 0.15439574961534244, 0.11568407885292441, 0.14941632003580585, 0.12860487527810294, 0.13255556470038052], [0.1516580335338549, 0.14818269764189093, 0.16666666666666666, 0.11704737918384739, 0.14618940487464155, 0.1405363653200775, 0.129719452779021], [0.1550849873642328, 0.15207606101719984, 0.16666666666666666, 0.11428435852123864, 0.1463611323380757, 0.1349889592971634, 0.13053783479542297], [0.14835467796605772, 0.14369948789476727, 0.1449441638948684, 0.126720478335517, 0.15392369102665113, 0.15645265096835032, 0.12590484991378817], [0.14606825881565585, 0.14261778797661578, 0.14573048638111108, 0.13338305044443732, 0.14814297671100732, 0.1500471338268889, 0.13401030584428378], [0.1462216598286, 0.14060576691881405, 0.14788815308724573, 0.12993131333568633, 0.14776569555750896, 0.15807752680196668, 0.12950988447017828], [0.1555308471315749, 0.14435053009031956, 0.14761489621370302, 0.12027277832500104, 0.15831953878111701, 0.14729946508059322, 0.12661194437769127], [0.15211712987900106, 0.14942208775547625, 0.14449662887346726, 0.12281134078311547, 0.15669858111058474, 0.14507465805563566, 0.1293795735427196], [0.146240093996748, 0.14351693936513926, 0.14510026519786037, 0.1264389712846192, 0.1519257827394502, 0.1596209824677891, 0.1271569649483938], [0.14592668262347067, 0.14326252307981713, 0.14519548159824483, 0.12714078545135715, 0.1515451265536384, 0.1593421387698292, 0.12758726192364256], [0.14745378862394856, 0.14064036495714344, 0.14673095004002074, 0.12286773163635561, 0.1514304087696554, 0.16666666666666666, 0.12421008930620954], [0.15346517710779214, 0.16267696803420775, 0.15558917216005297, 0.12112823085178608, 0.14087605499513284, 0.12159714858602137, 0.1446672482650068], [0.15273520407470645, 0.16298201643043653, 0.1569805451133868, 0.12026484696342059, 0.1420480113534909, 0.1220655302007159, 0.1429238458638428], [0.15350767521922878, 0.16308900224493628, 0.1559746387897494, 0.12060884123039656, 0.140898578891896, 0.12148136345653014, 0.14443990016726285], [0.15314917044665763, 0.16308191164852362, 0.1561246467448873, 0.12073747137437468, 0.14130535342268505, 0.1214307086746799, 0.14417073768819183], [0.1525617751653356, 0.16666666666666669, 0.15272777100008925, 0.1228271593295311, 0.13816445265927846, 0.11906112555952658, 0.14799104961957246], [0.15306474595928865, 0.16231326821656547, 0.15424728630526466, 0.12263268197735562, 0.14090951206805785, 0.12107489562738634, 0.14575760984608152], [0.15344950625163262, 0.16363081520383482, 0.15362191392858315, 0.12249262489476644, 0.13983689593371848, 0.12046847564322863, 0.14649976814423576], [0.15373582860419702, 0.1639021200438392, 0.15661274466387828, 0.119774844541974, 0.141607009923565, 0.1213258485224509, 0.14304160370009544], [0.15223829704063344, 0.16376172807597958, 0.1535663904852123, 0.12248727300365586, 0.142265682743386, 0.12148070472808929, 0.1441999239230434], [0.1533935143832, 0.16393473741269965, 0.1542672721801509, 0.12135816091372449, 0.14156337446674302, 0.12121215475121139, 0.14427078589227066], [0.15371429231733852, 0.16310402783068764, 0.1532806061187392, 0.1226812102873446, 0.1403470600466384, 0.12056264562176314, 0.14631015777748857], [0.15396947025111862, 0.16401048397751675, 0.15704513257230138, 0.11884923944820983, 0.14255187095987593, 0.12209417717449075, 0.14147962561648678], [0.15354124980259848, 0.163909843047467, 0.15666750582804462, 0.1194460617991512, 0.14315696225933203, 0.12165744942309396, 0.1416209278403127], [0.1536428590071993, 0.16440653924444426, 0.15718182548427556, 0.11855137122795494, 0.14356443377491104, 0.12215897023571169, 0.1404940010255033], [0.16138856805113594, 0.15648503576347833, 0.15619449437156444, 0.11634103616039207, 0.14648120794132616, 0.1296525474641159, 0.13345711024798712], [0.16071989461949335, 0.1572845489277489, 0.15341515285735768, 0.11792787304513763, 0.14692825250223562, 0.12845166049782866, 0.1352726175501981], [0.16666666666666666, 0.14850437342353756, 0.15415529163093905, 0.11555708554670564, 0.15168731676990882, 0.1357384267467548, 0.12769083921548735], [0.1607528144956355, 0.14715359546990678, 0.15204686453891839, 0.11568957589518028, 0.1569231004261064, 0.1423914030884307, 0.12504264608582186], [0.15108896661442986, 0.14046558731054665, 0.1486662705284562, 0.12328185965019095, 0.15301292903994917, 0.15815984867101765, 0.12532453818540956], [0.1527999070084309, 0.16252699679193627, 0.1554767993293019, 0.12161655095199779, 0.14068856747382835, 0.1217531034727191, 0.1451380749717857], [0.152781896543456, 0.16666666666666666, 0.1552518618993763, 0.1208686419401665, 0.13857414120458952, 0.11990349835763951, 0.14595329338810542], [0.15293205087871622, 0.16332966481620367, 0.15508958973410675, 0.12121707182439946, 0.14119674773363905, 0.12172574004401528, 0.1445091349689195], [0.15319625379803825, 0.16326657730115476, 0.15698501625627415, 0.11998919439209091, 0.14172166009979673, 0.12175127568268712, 0.14309002246995808], [0.15225930770868415, 0.16666666666666666, 0.15581750755615276, 0.11929701422853643, 0.14258174337331797, 0.12202704437452323, 0.14135071609211877], [0.1522397021238763, 0.16426348255938156, 0.15402557139884096, 0.12180655606768272, 0.14249118639834954, 0.12155356229338177, 0.143619939158487], [0.15125503611629576, 0.16388426800777767, 0.1524804633764172, 0.12342815724021727, 0.14269194451522418, 0.1222955892896063, 0.14396454145446155], [0.15180634390962428, 0.1640825041198511, 0.15304411747742844, 0.12280258884756431, 0.14246285113460394, 0.12173267563919991, 0.1440689188717278], [0.15360636233073816, 0.16276300607381766, 0.1541519617184659, 0.12226488527336624, 0.14104063128992692, 0.12084986627030296, 0.14532328704338218], [0.1535677024414815, 0.16432833245383252, 0.15640581094338926, 0.11936091309627833, 0.14227296241967793, 0.1219747858537445, 0.14208949279159594], [0.15234405136060775, 0.16468828088152007, 0.1544359216968494, 0.12123880010444929, 0.14296663780491362, 0.12171323359957231, 0.14261307455208755], [0.15313418123057518, 0.16301301595795697, 0.1539328368887369, 0.12217267029896585, 0.14240061456140976, 0.12128525755673385, 0.14406142350562146], [0.1548317575091669, 0.16666666666666669, 0.15677420747182716, 0.11679939820367563, 0.14463953100492755, 0.12246590969261033, 0.1378225294511258], [0.15293070822692914, 0.16666666666666666, 0.1576760164544877, 0.11792382207686415, 0.1433798991370022, 0.1216444691424601, 0.13977841829559], [0.15565071493865407, 0.16529210836150973, 0.1570645717192797, 0.11674294141372417, 0.14161927385282588, 0.12260287238636018, 0.14102751732764623], [0.15440087922977694, 0.16359975843755756, 0.15569225048688382, 0.12002895625901328, 0.14174283614402822, 0.12140369942148621, 0.14313162002125393], [0.1543278869398341, 0.16422961369634423, 0.1562156406767452, 0.11934317604899396, 0.14221594345970587, 0.12144716341643032, 0.14222057576194636], [0.1508232930123083, 0.16666666666666669, 0.15509717098266024, 0.11971205157813283, 0.14549515306435912, 0.12297033837368526, 0.13923532632218774], [0.15426892899890915, 0.16319630100555346, 0.15510254508477736, 0.12073125784126107, 0.14229876351620369, 0.12116479139726515, 0.14323741215603011], [0.15484945834849012, 0.1602761771589118, 0.16336020371388843, 0.11593853814956674, 0.14053564188306003, 0.126528657309284, 0.13851132343679898], [0.15515119890776724, 0.16666666666666666, 0.15800790002362278, 0.11502814906824656, 0.14262498069810997, 0.12439988278709294, 0.1381212218484938], [0.1547950542734269, 0.16307890052278265, 0.15551970177127497, 0.12021825940617112, 0.14164908206575494, 0.12162529249142279, 0.14311370946916652], [0.15383393176565016, 0.1641275885041515, 0.15806250841578362, 0.11791409858220006, 0.144304127024089, 0.12240657265443584, 0.13935117305368983], [0.1542923709058297, 0.16464028513833023, 0.15630305528282468, 0.11841644069279374, 0.14378371611278648, 0.1224526001815332, 0.14011153168590187], [0.1559953322234372, 0.16391774187108762, 0.15706156463165638, 0.1178984872614056, 0.14247107530324707, 0.12186364903305115, 0.140792149676115], [0.15515937793551077, 0.16001533148010985, 0.16666666666666666, 0.1138093940384918, 0.14175255409825543, 0.12660785811150851, 0.13598881766945692], [0.156386427862101, 0.16426153776933913, 0.15700190884966153, 0.11811205791898566, 0.141600899318527, 0.12141531841474866, 0.1412218498666371], [0.15645303610889463, 0.16348247235278832, 0.15671559278832123, 0.11853706388208168, 0.14179851403126897, 0.12166898085149845, 0.14134433998514676], [0.1567932845326449, 0.16383336385501618, 0.1581322152883867, 0.11685334062628278, 0.14315876605201536, 0.12206937588388732, 0.13915965376176676], [0.155842181306468, 0.16666666666666666, 0.15865407607453236, 0.11478768390558182, 0.14199651677445801, 0.1232167402519462, 0.13883613502034692], [0.15456393104145102, 0.16083101118070112, 0.16134754754936279, 0.11783781367898477, 0.13987770502156313, 0.12493053196975863, 0.1406114595581786], [0.14848202012084666, 0.15057302216307747, 0.14213068614838922, 0.14164783971698944, 0.13507934398167368, 0.1241562006090278, 0.15793088725999566], [0.1553727809403985, 0.15765557855910517, 0.15168682206352477, 0.11780324329802663, 0.1543417105811289, 0.13304991679021366, 0.1300899477676023], [0.14924776001204754, 0.15151356336394112, 0.1485468384371746, 0.11688397386151311, 0.16666666666666666, 0.1427413322546391, 0.12439986540401783], [0.14737525403438997, 0.1506860963541294, 0.1471729914014561, 0.12124367066153544, 0.16215663745349235, 0.14492492885195285, 0.12644042124304392], [0.15091104008335282, 0.14740090440413375, 0.1441579466832656, 0.12235541316918128, 0.1613342235834553, 0.14777697562058875, 0.1260634964560227], [0.1520627905579793, 0.14968140841190875, 0.14317672182057972, 0.1269519536521438, 0.15791392078174885, 0.13961499554196946, 0.13059820923367024], [0.15375138424089105, 0.14513604105876932, 0.14485760919098004, 0.11982104073244783, 0.16666666666666666, 0.14551950735860728, 0.12424775075163783], [0.1538631433614912, 0.14267501297497137, 0.14716553352922374, 0.12034459892863933, 0.159586756038086, 0.1526232980126889, 0.12374165715489943], [0.1424365030793091, 0.14221526497338674, 0.1359490861689409, 0.16666666666666666, 0.1417730063169334, 0.12839342945901014, 0.1425660433357529], [0.1426755315268574, 0.1423619691014843, 0.13591077240427596, 0.16581315131892002, 0.14229723007913003, 0.12834079113455213, 0.1426005544347801], [0.1529869958804165, 0.14241233322195498, 0.14708183701399838, 0.1205815521361143, 0.15863689435281608, 0.15468203992016222, 0.12361834747453758], [0.1554386858102099, 0.1555642093048526, 0.14983921674275436, 0.12269463021229231, 0.15053085151661164, 0.13162719378557183, 0.1343052126277074], [0.15324483287989904, 0.14812214729593948, 0.14584382910323448, 0.1191695414168243, 0.16220367591608206, 0.1459323176611664, 0.12548365572685424], [0.1666666666666667, 0.15737526412561645, 0.15446504709817097, 0.11424565841684503, 0.1448601596216107, 0.12778244509420453, 0.1346047589768858], [0.1625139124319656, 0.15866842488488953, 0.15581460036711595, 0.11338652758425007, 0.14707718806546097, 0.1298296431096405, 0.1327097035566773], [0.16289401434297163, 0.1559742542210417, 0.15346411646774535, 0.11756028731772518, 0.14468044903304192, 0.127610368721579, 0.1378165098958954], [0.1636004756966631, 0.15782795799564867, 0.1526743497434163, 0.11632249802739247, 0.1457195409432797, 0.12764383587197198, 0.13621134172162763], [0.16666666666666666, 0.15266445469803944, 0.1464440975841661, 0.12406418359256988, 0.14344251848987336, 0.12511140411474359, 0.14160667485394093], [0.16666666666666666, 0.14809922897813185, 0.14826336961105244, 0.11924479588749036, 0.1514521154155363, 0.13405822299114248, 0.13221560044997982], [0.1576436118208087, 0.14531850425994658, 0.14639968424939565, 0.12070163727158939, 0.15976064361652847, 0.14229601678839143, 0.1278799019933397], [0.15518377095425995, 0.14630378740944433, 0.14632440003849465, 0.12131489925354283, 0.15676651685856463, 0.1456472011334139, 0.1284594243522799], [0.16666666666666669, 0.14494213269544687, 0.14358386146153826, 0.1312383226119493, 0.14214937057301974, 0.1302846743751854, 0.14113497161619387], [0.14822726758656127, 0.15567777717389622, 0.14440699588908879, 0.13589735222109353, 0.13878627701165608, 0.11919788979794067, 0.15780644031976357], [0.1474727402037161, 0.1549694296497392, 0.14462133694338353, 0.13523905056689572, 0.13274343278964565, 0.118287343179953, 0.16666666666666663], [0.15652180903062302, 0.16421947313582097, 0.15796991015335038, 0.11715213234520329, 0.14249175913805787, 0.12185926638513313, 0.1397856498118113], [0.16666666666666666, 0.15037632450112015, 0.15307801703325988, 0.12360667817366008, 0.14021736391294454, 0.12846465071077304, 0.1375902990015756], [0.16666666666666666, 0.1494842562578957, 0.1480499138627576, 0.12591657125765146, 0.13802858442696184, 0.12657927604309016, 0.1452747314849766], [0.15727134577896226, 0.15653834311411507, 0.14954022341076423, 0.12155734337191935, 0.14604646202283453, 0.1277252764873601, 0.1413210058140445], [0.16523215802215072, 0.14723884336417142, 0.14219314433973976, 0.1265062852583137, 0.14924287054597135, 0.13135594657456598, 0.13823075189508707], [0.1625119789279673, 0.1478179607820722, 0.1422235744637496, 0.12665295586148673, 0.1514380453065029, 0.13279746657220814, 0.13655801808601306], [0.16085008670828946, 0.14720932075783838, 0.14281302354361036, 0.12814787281666895, 0.14793784823859615, 0.13184047347184757, 0.1412013744631492], [0.161011137149238, 0.14760003912416125, 0.1425202430914059, 0.12789416681458832, 0.14829942642831692, 0.1319179152209436, 0.14075707217134587], [0.16285076147218375, 0.14779683668703958, 0.14224211443220042, 0.12630603455549258, 0.15155857787739882, 0.1327272397284226, 0.13651843524726207], [0.16099225889997018, 0.14778526029662956, 0.14297155166054987, 0.12542648959691655, 0.15335531368627617, 0.13430864845608628, 0.13516047740357132], [0.16666666666666669, 0.1471716882088357, 0.14221815752208258, 0.12529860617877503, 0.15006291691606904, 0.13165441171229736, 0.13692755279527372], [0.1638102919893466, 0.14727921900167054, 0.1426732586591413, 0.12603139215642387, 0.15104610644727595, 0.13239588606709773, 0.13676384567904407], [0.16415671382659675, 0.14687272317598885, 0.1426818679257078, 0.12711454028336427, 0.1492035619673331, 0.13157988724986458, 0.1383907055711448], [0.16255952906874266, 0.14735052693914472, 0.1429510046525753, 0.1283013101104148, 0.14768897606486403, 0.1308321142262225, 0.14031653893803592], [0.14546583258053422, 0.14799857856703533, 0.1395117590552281, 0.13451489033545733, 0.16666666666666666, 0.13277491115868667, 0.13306736163639163], [0.16283618697029814, 0.14770013875945462, 0.1422537460698735, 0.1281718880216035, 0.14832039257762436, 0.13102756723907488, 0.13969008036207092], [0.15999606697206878, 0.14714389964405322, 0.14298639896756823, 0.12906696295174913, 0.1470669967679954, 0.1313618440566675, 0.14237783063989773], [0.16474623104227182, 0.1472722939982444, 0.1423099763904705, 0.12670363503029608, 0.14898627868299852, 0.1313832727541876, 0.1385983121015311], [0.1606050287692757, 0.1471007852429765, 0.1433751437883282, 0.12782870014519218, 0.1479782888142662, 0.1322118946384785, 0.14090015860148264], [0.1616381688560918, 0.1472097727208425, 0.1431416489068791, 0.12731865760804087, 0.14838210739147353, 0.13212750118580235, 0.1401821433308697], [0.16666666666666669, 0.14578644668862445, 0.13859841500176315, 0.1359268163052558, 0.1412573571312005, 0.12403613372230467, 0.14772816448418483], [0.16184715417986079, 0.146879802972313, 0.14381233184286735, 0.12542729981475598, 0.15249231076323277, 0.13411433160862182, 0.13542676881834834], [0.16037189455488063, 0.14673414319719533, 0.14347998315551086, 0.12744173910866965, 0.1508466545854798, 0.1332648065982341, 0.1378607788000297], [0.16059813097497747, 0.14704498610618114, 0.14308149129978825, 0.12861014044800867, 0.14734888704583948, 0.1315047816877301, 0.1418115824374748], [0.16041205906854247, 0.1478198780972929, 0.1422683487924839, 0.1282796088598101, 0.1482712871009494, 0.13193726198896846, 0.14101155609195284], [0.16051425219123608, 0.14797526293082933, 0.1423420653262298, 0.12796694760132735, 0.14852281128162692, 0.13215788225275416, 0.14052077841599644], [0.16040943702416857, 0.1478167731397754, 0.14219094146107855, 0.12785271105439255, 0.1489363333127058, 0.13247641720210585, 0.14031738680577335]]