[[0.148876131317508, 0.1419142214753896, 0.15167553130122516, 0.12600469255194527, 0.14378299137541725, 0.12107976531184814, 0.16666666666666669], [0.15303097498716037, 0.138955744359438, 0.1520364577857274, 0.12056533147420423, 0.1467258074874058, 0.12201901723939759, 0.16666666666666669], [0.15367177192545167, 0.140368531093578, 0.15205936539635329, 0.12134118915725704, 0.14626391168230904, 0.12253498183813065, 0.16376024890692034], [0.15220490928850966, 0.14217905963351743, 0.15320670520053517, 0.12248534555594622, 0.14440710304907384, 0.12185664883710322, 0.16366022843531444], [0.1529830101220576, 0.141971456975905, 0.15239455395602475, 0.12248555595511285, 0.1442506426813942, 0.12201802206917978, 0.16389675824032596], [0.152025279640859, 0.14292236847542805, 0.15219702222264472, 0.12219492230912396, 0.14399783142430203, 0.1228860767199289, 0.16377649920771334], [0.1529975064111754, 0.14223516666777913, 0.15263609266934242, 0.12282987689105068, 0.1436812711235482, 0.1217137799490936, 0.16390630628801048], [0.15275108381061941, 0.14302184761567263, 0.15236153473403438, 0.12355837761042715, 0.1428101663817688, 0.12159733154681418, 0.16389965830066355], [0.15202582679391263, 0.13922060311601864, 0.15376995689466236, 0.12137698059403423, 0.1456461200037281, 0.12129384593097738, 0.16666666666666669], [0.15241092818489738, 0.14329267868170548, 0.15308894446993485, 0.12242082780855297, 0.14190912668304959, 0.12021082750519292, 0.16666666666666663], [0.15237016723852082, 0.1433149771282562, 0.1520515264271332, 0.12230735080764077, 0.14301560655983211, 0.12260673675330644, 0.1643336350853105], [0.15181303572159202, 0.1447128254619991, 0.15302203498106332, 0.12389643653323137, 0.14111875622472492, 0.12060739806283072, 0.16482951301455848], [0.15279249830383584, 0.14298355024736573, 0.15211745519299014, 0.12251214990846135, 0.1433105540132665, 0.12279139190662795, 0.16349240042745244], [0.1525096519580568, 0.14407893829646004, 0.1526741910855772, 0.12345358669678173, 0.14156636047967472, 0.12078972296179846, 0.16492754852165104], [0.15195523593158697, 0.14539146072361459, 0.15238847043452328, 0.12454581479945623, 0.14083788850994866, 0.12129212668907977, 0.16358900291179063], [0.15243367734496605, 0.14433789247787235, 0.15256734415496487, 0.12369582841188727, 0.14144130294346305, 0.12104374133899332, 0.16448021332785312], [0.1515142685444977, 0.145814018209273, 0.1529082078893105, 0.12517293136527338, 0.1402783879053811, 0.12074089595536427, 0.16357129013090008], [0.1491028694231074, 0.1409879214214609, 0.15312734575934228, 0.12742775012495913, 0.14221861427139937, 0.12046883233306413, 0.16666666666666666], [0.151912166478615, 0.14200323513166346, 0.15462348738896373, 0.12492979563524459, 0.14173363715734408, 0.11813101154150264, 0.16666666666666669], [0.15278679578676033, 0.1434406642740256, 0.15406812607659318, 0.12238914821278199, 0.1425957784812944, 0.12074380915769753, 0.16397567801084686], [0.15216784942280764, 0.14434933956092344, 0.1538796108772994, 0.12312099434745437, 0.1416169577672938, 0.12045835889930684, 0.16440688912491458], [0.1501980625916236, 0.14052141890083275, 0.15211690473792858, 0.12819174538817768, 0.14195220877830766, 0.12035299293646318, 0.16666666666666669], [0.15167883140168076, 0.14527676502390813, 0.1538181543430787, 0.12430813742998921, 0.14069614123067728, 0.12029581927701084, 0.1639261512936552], [0.15213427471443292, 0.1448250449083559, 0.15337384196822004, 0.12366647863738546, 0.14080850722612057, 0.12036778816761458, 0.16482406437787053], [0.15346264603803395, 0.14274453041479723, 0.1540953775075369, 0.1231675029005352, 0.14257918522439747, 0.12028607659468166, 0.16366468132001763], [0.15240645128753622, 0.14407088836065096, 0.1534805026077162, 0.12333035507431325, 0.14123188414464136, 0.12035944646398689, 0.16512047206115518], [0.15301385314606805, 0.14284002492721642, 0.1544726143304288, 0.12235087762161767, 0.14283677602987466, 0.12062013906292968, 0.1638657148818649], [0.1526795156566544, 0.14406417410852043, 0.1532739056935238, 0.12296628474920292, 0.1413801429984328, 0.12032688620375953, 0.165309090589906], [0.15201668571344595, 0.14560038131545092, 0.15283700649195897, 0.12422849148036777, 0.14061377968929248, 0.12097478491717895, 0.16372887039230508], [0.1528098862165577, 0.14353181108415325, 0.15397763881418136, 0.12277856656735575, 0.14169840741050266, 0.12011476664405825, 0.1650889232631909], [0.151816699729382, 0.1458616206164521, 0.1533012874606929, 0.12466974960683494, 0.14008083446928132, 0.12048836763649196, 0.16378144048086477], [0.15258975040258377, 0.1449920364845116, 0.15297678228968134, 0.12444766116527892, 0.14054830512305122, 0.12046893590494194, 0.16397652862995124], [0.15248183064479828, 0.14455657956488957, 0.15371956361901204, 0.12348975198602402, 0.1409549396208766, 0.12012053600828619, 0.16467679855611336], [0.15227246182723947, 0.14587322102803624, 0.15257026500343993, 0.12477997120628458, 0.1402893345318695, 0.1212779653000951, 0.16293678110303517], [0.1519473115520769, 0.14596177355197196, 0.15379354396779546, 0.12464434725826587, 0.13994685469044943, 0.1200503489882775, 0.16365581999116308], [0.15327901558879065, 0.1433452482434258, 0.15478954175231663, 0.12324906978082234, 0.14180579651141467, 0.11990762697598392, 0.163623701147246], [0.15143337030642443, 0.1408210648635544, 0.15532514713771473, 0.12303470691937736, 0.14307356826399112, 0.11964547584227139, 0.16666666666666669], [0.15215520245640038, 0.1454810633698011, 0.15384938091381645, 0.12403438367792749, 0.14021661458512819, 0.1202367272366979, 0.16402662776022855], [0.14926241102325014, 0.14321016398839634, 0.15342504021507872, 0.13011743282148414, 0.13946611568540737, 0.11919799060724222, 0.1653208456591411], [0.14926241102325014, 0.14321016398839634, 0.15342504021507872, 0.13011743282148414, 0.13946611568540737, 0.11919799060724222, 0.1653208456591411], [0.15205059591581974, 0.14584620282419608, 0.1537898433519484, 0.12498211683848724, 0.13974778194723117, 0.12011018130167832, 0.16347327782063903], [0.15247554644924288, 0.14573313176693067, 0.15334842443327726, 0.12465278391580624, 0.13990844432391714, 0.12032306810442028, 0.16355860100640557], [0.15341172147969315, 0.1435917994624865, 0.1550141354944814, 0.1229220773252734, 0.14144101162840922, 0.11974313874781167, 0.1638761158618447], [0.14898677765128007, 0.14508761111942103, 0.1542279383604001, 0.13038181418219216, 0.13826463937572173, 0.11850288921169189, 0.16454833009929298], [0.1520753001959523, 0.14595983927132014, 0.15413870496321405, 0.12482616722314405, 0.13967265376774834, 0.12007516644620955, 0.1632521681324117], [0.15148856792500873, 0.14345656535279816, 0.15644040575372348, 0.12455562411329596, 0.14107247450924298, 0.11951014464475468, 0.1634762177011761], [0.15307330543673514, 0.14465444685849202, 0.15568186790209423, 0.12417535675829584, 0.13997813179820706, 0.11892368708091786, 0.16351320416525794], [0.14896042182019748, 0.14445620454043023, 0.15425455806257207, 0.13113833863704677, 0.13813801503082965, 0.11839622329232982, 0.16465623861659404], [0.14833563594970545, 0.14770500527299818, 0.1541654298472717, 0.13128684659505863, 0.13537004303594813, 0.11647037263235131, 0.16666666666666669], [0.15226695631537854, 0.1429929516341454, 0.15672250353859338, 0.12405306797700975, 0.14114087617417564, 0.1193787563313665, 0.16344488802933074], [0.1481270237827462, 0.1458235896529119, 0.15379186471963832, 0.13214038632524608, 0.1361479984908691, 0.11730247036192172, 0.16666666666666669], [0.15185777383503693, 0.14506808267735544, 0.15689001849759182, 0.12418190733890312, 0.13811274344544866, 0.11722280753899753, 0.16666666666666669], [0.15515924724192973, 0.1447209299728914, 0.1577902651001347, 0.12399754066456092, 0.137221306673489, 0.11651284573271864, 0.16459786461427545], [0.1546094587686595, 0.14592479597149072, 0.1576842809575512, 0.12398078053224623, 0.1362909493505526, 0.11613810405042055, 0.16537163036907915], [0.155177178157682, 0.14539945382967165, 0.1573569428239115, 0.1235165293632542, 0.13619299411770944, 0.11569023504110458, 0.16666666666666669], [0.1528309432347185, 0.14863567906145658, 0.15318381913980852, 0.12626002552118226, 0.13455892817272808, 0.11786393820343949, 0.16666666666666669], [0.15255976616417402, 0.14346318649595785, 0.15327697665688378, 0.1230927096467521, 0.1420695162184752, 0.1209970800398251, 0.16454076477793209], [0.15248588264057125, 0.1439780689869916, 0.15339074332148464, 0.12288927955116151, 0.1415277502492494, 0.12047862438039983, 0.1652496508701419], [0.15267448432069008, 0.14136063184472428, 0.15222165208845947, 0.12264853578442644, 0.14519795717413342, 0.12265493062568501, 0.16324180816188114], [0.15273094477816174, 0.14205976168091997, 0.15332696162544168, 0.12275674515410051, 0.14397279518552614, 0.12145941358255864, 0.16369337799329126], [0.1530960899893994, 0.14288129993157975, 0.15455446121091074, 0.1242134560800354, 0.1409511327443501, 0.11763689337705804, 0.16666666666666669], [0.15208493213087954, 0.1404542282180582, 0.1544142091073454, 0.12314531578500759, 0.14457814604995362, 0.11865650204208883, 0.16666666666666663], [0.14934502210952352, 0.14521264206854723, 0.15460251509825454, 0.12916126676763562, 0.13906448240566607, 0.11889291654989097, 0.1637211550004821], [0.14874814777212655, 0.1434672151269402, 0.15365797315207697, 0.13088249766926296, 0.1397169711973829, 0.11981554954485825, 0.16371164553735218], [0.14998654618585924, 0.14586555722681016, 0.15516576412916963, 0.1292155353019239, 0.1379646760854151, 0.11768361892870599, 0.1641183021421161], [0.15096187724220128, 0.1441972669940666, 0.1558251621094856, 0.1271125545311818, 0.13856458253988374, 0.11667188991651439, 0.16666666666666669], [0.14915536839609891, 0.14813764179943786, 0.154814726502462, 0.13003285358614966, 0.1352060405810278, 0.11598670246815704, 0.16666666666666666], [0.14940745113440368, 0.1483324176345989, 0.1548301552396522, 0.130145291139347, 0.1351993739333208, 0.11604160984848967, 0.16604370107018762], [0.14951307729551533, 0.14795209053237468, 0.15534338577221823, 0.1298057240697569, 0.13537245262523753, 0.11608475957749242, 0.16592851012740478], [0.1486616906197648, 0.14831137717970627, 0.15491270349540628, 0.13234185557443956, 0.13457047682854276, 0.11616724351700397, 0.16503465278513643], [0.15073093929733072, 0.13571479953785717, 0.14978165018049366, 0.12089389967271526, 0.15119484684972584, 0.12501719779521067, 0.16666666666666666], [0.15051381531316496, 0.1403381436609493, 0.1530436771682686, 0.12223674425816461, 0.14543621148770103, 0.12176474144508492, 0.16666666666666669], [0.15264546304561327, 0.1416370405126541, 0.15172423214953643, 0.12176219930630905, 0.14552031562472664, 0.12372361248034384, 0.1629871368808167], [0.15308805136508966, 0.1409890141999247, 0.15244966519112996, 0.12133700799945059, 0.14604237357152533, 0.12315053589419592, 0.16294335177868385], [0.15257305064829518, 0.14195499081994958, 0.1518555405036248, 0.12176384282746354, 0.14501387138565486, 0.1235927596622822, 0.16324594415272994], [0.1525838486165386, 0.14213445861411803, 0.15195409122081377, 0.12190153217857355, 0.1446296453591261, 0.12316160684103047, 0.1636348171697994], [0.15229263586121816, 0.14058796433213672, 0.153174675261095, 0.12113648798732858, 0.14642193215995297, 0.12299936665628544, 0.16338693774198318], [0.15246484309367586, 0.14217885533746036, 0.1525754495227493, 0.1216964471258605, 0.14462018972832913, 0.12251811699153015, 0.16394609820039485], [0.1538293865914992, 0.13972117849604998, 0.15255230719702356, 0.1216734209907883, 0.14574649970947365, 0.12155591191257069, 0.1649212951025947], [0.1521550441692782, 0.14228352499421923, 0.15213501621809772, 0.1212822874680488, 0.14486237960844034, 0.1235519162655249, 0.1637298312763907], [0.15201033251609128, 0.14210088556581368, 0.15235244221235236, 0.12128907308225832, 0.14561684231545508, 0.12426301730976283, 0.16236740699826638], [0.15350847695057027, 0.14147499962513627, 0.15213323648798346, 0.12180987005616772, 0.1451634584371118, 0.12312001424342289, 0.16278994419960766], [0.1529786240522572, 0.14143498413288053, 0.1530928663904542, 0.12200691140586398, 0.1448951174404927, 0.12240492789543284, 0.16318656868261858], [0.1527398917673155, 0.14194212441309745, 0.1527875301874812, 0.12143108575327506, 0.14460579826707703, 0.12255957887174422, 0.1639339907400094], [0.15096512218669506, 0.134840155636133, 0.14948232901853775, 0.11715473536078733, 0.15259143720818732, 0.12829955392299278, 0.16666666666666663], [0.1533446412313836, 0.14188124750664338, 0.1536267543273518, 0.12211764619704774, 0.1443838972713624, 0.12123207990748999, 0.16341373355872116], [0.1539378020795459, 0.14216527656232486, 0.1524363870018566, 0.12245664713690708, 0.14394774336421312, 0.12161527853668734, 0.16344086531846505], [0.15315584632681714, 0.1411576208671925, 0.15354172261274854, 0.12133385190946934, 0.14543936375733404, 0.12256408623870838, 0.16280750828772983], [0.15280369430648072, 0.14242983005278545, 0.15289442284457883, 0.12173449042208073, 0.1438228453928019, 0.1218271384446197, 0.16448757853665258], [0.15184718207808798, 0.14334164930061274, 0.15139669720644108, 0.12172529474585511, 0.14262721291524597, 0.1223952970870905, 0.16666666666666666], [0.14999468162119428, 0.1448765184015344, 0.15423692121084598, 0.12471596399442778, 0.1400170587294935, 0.11949218937583743, 0.16666666666666666], [0.1532311980305889, 0.14351930227061596, 0.15308629769355075, 0.12257455692326485, 0.1422265845715649, 0.12058760581402948, 0.1647744546963852], [0.15434038027634947, 0.14340363010382698, 0.15319531335880218, 0.12292765489236145, 0.14103797962423184, 0.11842837507776154, 0.16666666666666669], [0.15450377710927055, 0.1425843778691942, 0.15358041923059604, 0.1222886865345946, 0.14285338221726382, 0.12044856345679329, 0.1637407935822874], [0.15289537717323906, 0.14411114469733613, 0.15253496059795082, 0.12285454198390099, 0.14188324930984572, 0.12197898775273051, 0.16374173848499685], [0.15285371200449305, 0.14282317573713774, 0.15570994444827607, 0.12296101485198606, 0.14270943845279313, 0.12021544902884108, 0.16272726547647282], [0.1505069584919342, 0.14564261949049967, 0.15511681174480674, 0.12563225523326235, 0.13904837261385308, 0.11897489996527952, 0.16507808246036446], [0.1509020478135081, 0.14802820202997966, 0.1518992012549076, 0.12615092094917843, 0.1367294646710132, 0.11962349661474637, 0.16666666666666669], [0.1537302580704013, 0.14503446925204733, 0.15399765273816682, 0.12198011112226241, 0.13880385594921638, 0.11978698620123904, 0.16666666666666666], [0.15450138200918234, 0.14497256233004518, 0.1561321021782348, 0.12229441731612183, 0.13819038112912185, 0.11724248837062722, 0.16666666666666663], [0.15435925719099242, 0.14607144670543054, 0.15489221396625572, 0.1232614014776424, 0.13714077036139666, 0.11760824363161552, 0.16666666666666666], [0.1517136125878437, 0.14954693319796256, 0.15561037710076575, 0.12506054624761692, 0.13410424297402554, 0.1172976212251189, 0.16666666666666666], [0.1522484472447153, 0.14965179426806513, 0.1529074506907203, 0.12912443417726158, 0.13302119508560764, 0.11638001186696338, 0.16666666666666666], [0.14548584239272463, 0.14689128081582623, 0.14979023200331942, 0.14143200410407836, 0.13098585063948312, 0.1187481233779017, 0.16666666666666669], [0.14816896176189287, 0.14702770205737953, 0.15438007793915173, 0.13602884330946183, 0.1317238358594423, 0.11600391240600497, 0.16666666666666666], [0.14420534968696316, 0.15418190951258004, 0.1453080147856319, 0.15665962363653868, 0.12673083082303427, 0.12752993168149301, 0.1453843398737588], [0.14255936813535447, 0.14839119018069938, 0.1444916451520837, 0.15026983199991473, 0.13444789407031446, 0.13382904375819898, 0.1460110267034343], [0.14315007131970037, 0.14790600442924598, 0.14278535783792706, 0.158141287151456, 0.12978571295313077, 0.13020401339691406, 0.1480275529116257], [0.15520396587100557, 0.1580745168788885, 0.14858780091633098, 0.14673095952532575, 0.12543617657072254, 0.11891093040208468, 0.14705564983564193], [0.15175481952604572, 0.15645035735962828, 0.14809486195621288, 0.1445369771400817, 0.12845105601892676, 0.12171926212578589, 0.1489926658733187], [0.1436922662334294, 0.15219388735138506, 0.14382602112389772, 0.15974912813648054, 0.12787556047489962, 0.1271706255539758, 0.14549251112593192], [0.14335449996471658, 0.15181993410475716, 0.1436080728256646, 0.15947524925721251, 0.1282974617734156, 0.1278590992303374, 0.14558568284389625], [0.1440993283211163, 0.15154708375268786, 0.14306496767478794, 0.16666666666666666, 0.1245352098493659, 0.12320313157747256, 0.1468836121579027], [0.15202303335865455, 0.1415959594112242, 0.15305678739443104, 0.12285519339358897, 0.14528132747570952, 0.12239936476138656, 0.1627883342050051], [0.15086387321422906, 0.14313818965787653, 0.15292445020461723, 0.12404058491867602, 0.14397523993045136, 0.12231964063435755, 0.1627380214397922], [0.15162708143573786, 0.14175174609839028, 0.153126685078691, 0.1229774239811351, 0.14517581617505695, 0.12213379048577508, 0.16320745674521356], [0.15127142595296947, 0.14219337605533106, 0.15315854077585697, 0.12301463905398866, 0.14495842931453234, 0.1223456753552333, 0.16305791349208826], [0.15125932547544774, 0.13853578216584694, 0.15222422886667378, 0.11968133499605173, 0.14823435730300935, 0.12339830452630372, 0.16666666666666666], [0.1523030988950323, 0.1412618341061205, 0.15308510045304677, 0.1216985276217493, 0.14604361665187185, 0.12323500562185463, 0.16237281665032458], [0.152599518195227, 0.1401143806778504, 0.15301977712371415, 0.12094627671514586, 0.14670834266886107, 0.12294949136598436, 0.16366221325321703], [0.1517916569507318, 0.14268168245337423, 0.15382309550296483, 0.12327026987818544, 0.14405475429690784, 0.12178578003190163, 0.16259276088593413], [0.15252381758389782, 0.14241343033938375, 0.1524383912878715, 0.12175430505790634, 0.14433595971736654, 0.12275477857748315, 0.1637793174360908], [0.1531337271929739, 0.14182134190493534, 0.1530781700525832, 0.12167925619351333, 0.1445009313227353, 0.12182376196175926, 0.1639628113714998], [0.15313798967284187, 0.14044029079788475, 0.1533598304194062, 0.12072595780874022, 0.14638226571754595, 0.12283701797859774, 0.1631166476049834], [0.15231271973410987, 0.14337904942105728, 0.15375050364754994, 0.12362308928792734, 0.14234358391457563, 0.12048945843845725, 0.16410159555632264], [0.15175636950122492, 0.14398760863257312, 0.15412707635631, 0.12324771795297512, 0.1425058454794627, 0.12111446321738487, 0.1632609188600692], [0.15205121940230984, 0.14434498622408842, 0.15390281494859495, 0.12366274658578141, 0.14137829382799688, 0.12017703710508242, 0.164482901906146], [0.15308751798852627, 0.14672630484952326, 0.1626630796634026, 0.13010198219332494, 0.13386034902058913, 0.11695210260222982, 0.1566086636824041], [0.1552057210196764, 0.1458926215097001, 0.16666666666666666, 0.1264466035343517, 0.133625441136969, 0.1153706561992065, 0.1567922899334296], [0.15585169551362063, 0.15192542579656734, 0.1569587460156231, 0.136230056433914, 0.12831039189311183, 0.11636951416992865, 0.15435417017723443], [0.15452815494193267, 0.1569101696568651, 0.15356569548259677, 0.1423591871806355, 0.1249874064957438, 0.11562192376647445, 0.15202746247575177], [0.1472851898654663, 0.1529479999281757, 0.14486325708811779, 0.1581193952690572, 0.1251279394404725, 0.12307554713261844, 0.14858067127609195], [0.1513615738655442, 0.14151387025592832, 0.15241629832553788, 0.12317997032632659, 0.14582202057106106, 0.12304775596654684, 0.16265851068905512], [0.15042794517731684, 0.13998650240214117, 0.1527584793176858, 0.12225453242481173, 0.14699466521950358, 0.12317115308803524, 0.16440672237050558], [0.15214610926867392, 0.1418277819173186, 0.15243926798832957, 0.12283918139495549, 0.14505810255550697, 0.12234311576883725, 0.16334644110637817], [0.15106638389896365, 0.14276944416203136, 0.15340152536354232, 0.12363789097364296, 0.14408033016797636, 0.12194982372219719, 0.1630946017116462], [0.1517813045073716, 0.14360704043012656, 0.15236755920512549, 0.12392735656550381, 0.1424284180759804, 0.12131354401504708, 0.1645747772008451], [0.15228069905646371, 0.14277260404117023, 0.15235955976348636, 0.12207870691727947, 0.14388821741637883, 0.12232875568652479, 0.16429145711869667], [0.1524066689683675, 0.14270239807905133, 0.15126906516883434, 0.12231493616197088, 0.1439744401349726, 0.12344701028532143, 0.16388548120148183], [0.1524615044501653, 0.1425539291155153, 0.1518689768948514, 0.12190176043377071, 0.14415395328456984, 0.12296764760191684, 0.16409222821921052], [0.15278430514204286, 0.14137440195207354, 0.15356822529929334, 0.12144661499014649, 0.1456012775262868, 0.1228432038372118, 0.16238197125294512], [0.15254234527685198, 0.14297704716497517, 0.15348565913124823, 0.12326474457425762, 0.14279887309041184, 0.12072631701839127, 0.16420501374386376], [0.15241550623032343, 0.1432337887199506, 0.15278508486817063, 0.12221995664400322, 0.14288421089461353, 0.1217508710471079, 0.16471058159583063], [0.15277033791072495, 0.14255079836335716, 0.15342773545875946, 0.12156612535213362, 0.1442013284785089, 0.12244804585281982, 0.16303562858369608], [0.15355970685320877, 0.14543900821619757, 0.15546159555782693, 0.12407018082728283, 0.13886943045254047, 0.11860933597028667, 0.16399074212265677], [0.15117718055388446, 0.14471729096927877, 0.15397712106250466, 0.12423015730906861, 0.14132264824119722, 0.12072319224076888, 0.16385240962329725], [0.15341710433980263, 0.14253079445598474, 0.15398320494007078, 0.12420643474665732, 0.14196057303702406, 0.11855975741899527, 0.16534213106146523], [0.15310839644737304, 0.1422502107526919, 0.15406499966349585, 0.12232511799204349, 0.14361072314590212, 0.1209783604866484, 0.16366219151184516], [0.15284288726501705, 0.14281478665875655, 0.15417683130299842, 0.12255467225192142, 0.14281930550739208, 0.12050221540631105, 0.1642893016076036], [0.15033615961995278, 0.146040992812094, 0.15199409070240763, 0.12409690840832766, 0.13994255567644748, 0.12092262611410376, 0.16666666666666666], [0.15289061235929374, 0.1427598665755104, 0.15468567000736874, 0.12202580326855185, 0.1436807535820619, 0.12160047327638136, 0.16235682093083212], [0.1492467254593125, 0.1425942954053698, 0.1534453789601542, 0.1296908086227647, 0.14072945674737508, 0.11993499987721491, 0.16435833492780894], [0.15262113019954912, 0.14378941999318046, 0.15344272820742083, 0.12644703971651938, 0.1395037970008778, 0.11752921821578588, 0.16666666666666669], [0.1535921649119395, 0.1420816342521559, 0.15438326680615436, 0.1224040545177654, 0.14352093835614768, 0.1210213489304346, 0.16299659222540255], [0.15166010549481249, 0.14529706394407163, 0.15454754821794336, 0.1243718003132377, 0.1405640300247395, 0.12007880015763592, 0.16348065184755933], [0.1533330814328333, 0.144271382810131, 0.15419502777483507, 0.12339486187668508, 0.1406774576115431, 0.11944471841822958, 0.1646834700757428], [0.15366811115752382, 0.1432184063539046, 0.1555525016921669, 0.1232474832091969, 0.14159133782892203, 0.11940479368748821, 0.1633173660707977], [0.14923713242263498, 0.14376988490923515, 0.15391267145026888, 0.1298514763029074, 0.13847284634303372, 0.11808932190525312, 0.16666666666666663], [0.1522858207776792, 0.1425676521376, 0.15640405290059203, 0.12316060184779878, 0.14220322211152273, 0.11998474365143709, 0.16339390657337005], [0.15216806258466992, 0.14263021506596285, 0.1567049714369232, 0.12317390252380775, 0.14219123060909677, 0.12014673071267554, 0.16298488706686398], [0.15226943703885157, 0.14403506444791328, 0.15712945367315992, 0.1237318184394759, 0.1401850261112434, 0.11871022008221868, 0.16393898020713715], [0.1528601358698174, 0.1431762619111963, 0.1545667992138618, 0.12529454843727839, 0.140167011991344, 0.11726857590983546, 0.16666666666666666], [0.1490795014425729, 0.14125889739057088, 0.1536023944491819, 0.12708237463984523, 0.1419548208167415, 0.1203553445944211, 0.16666666666666669], [0.1472184431833172, 0.1339486337349271, 0.14783107650058877, 0.12263448191052656, 0.15761817841198897, 0.14075225751536716, 0.14999692874328438], [0.15190192720379633, 0.15405887032530974, 0.15837949450302916, 0.13227846007516528, 0.12925056396301607, 0.1166818970579371, 0.15744878687174638], [0.1445329067876828, 0.16666666666666669, 0.14985175440778567, 0.1433635024361636, 0.12549899919087198, 0.11817855585087882, 0.15190761465995048], [0.1442862429562498, 0.16223483426939236, 0.14804473695883044, 0.14530189640335528, 0.12713788109508917, 0.12203123399834599, 0.15096317431873693], [0.14906920865704085, 0.1612508274803753, 0.1480079107714111, 0.14748155256645665, 0.12542848805266585, 0.12166241264266567, 0.14709959982938464], [0.1513911919577487, 0.15751140217362478, 0.14976108923404394, 0.1383709515411827, 0.1289395040143026, 0.12512556554321919, 0.14890029553587814], [0.15171060013793683, 0.16666666666666666, 0.14894837968428337, 0.1451909441913591, 0.12358868855036319, 0.11909320078929275, 0.14480151998009805], [0.15019218898394646, 0.15953346447029587, 0.1473235298753821, 0.15251759143362503, 0.12341855405737538, 0.11999592565540984, 0.14701874552396518], [0.1418084401734495, 0.1411277451076821, 0.13947298223346316, 0.1274013601941606, 0.14194133820457752, 0.16666666666666666, 0.14158146742000027], [0.1420352650062446, 0.14164686758972425, 0.13953790871333263, 0.12731796437652732, 0.1419582869533294, 0.16579037301773475, 0.14171333434310707], [0.1493197694037176, 0.15859660371421205, 0.14672549596882492, 0.1546219051808229, 0.12340234579936066, 0.12035031286531045, 0.14698356706775145], [0.15234983000303204, 0.1498010443188446, 0.1591973236971765, 0.13004239256686806, 0.1328415355919824, 0.12070581784635696, 0.15506205597573952], [0.15107966152161795, 0.16213990364373426, 0.14990119608147148, 0.14563604177227737, 0.12489518616988467, 0.1184908486351345, 0.14785716217587977], [0.15633900203649206, 0.14540284111376936, 0.16094866086442686, 0.12875012631617982, 0.13540265860705555, 0.11555021906558614, 0.1576064919964903], [0.15578784570883117, 0.1474665532245245, 0.15952619998546574, 0.13056182459484997, 0.1333846402720334, 0.11444553636396695, 0.15882739985032832], [0.1573824997455594, 0.14467431831367952, 0.15901737159428816, 0.1275994781170182, 0.1378084652100076, 0.1175465943107829, 0.15597127270866407], [0.15860157781767223, 0.14540374545409498, 0.15992871609620987, 0.12705553396826855, 0.1357522021544, 0.1155635174601785, 0.1576947070491759], [0.16666666666666666, 0.1430806327307356, 0.14872603417112107, 0.12446387734130533, 0.14121618241942419, 0.12340033870960328, 0.15244626796114386], [0.16666666666666666, 0.1509384113697098, 0.15309965073583554, 0.13295723163308468, 0.13105239479202566, 0.11764364403767069, 0.1476420007650069], [0.15733817333968894, 0.15952686855619175, 0.15023766567235078, 0.14147104848110706, 0.12656693529949228, 0.11914567989319645, 0.1457136287579726], [0.1550033341708104, 0.15661095059446342, 0.1486027358165191, 0.14531691120954468, 0.12785905384641208, 0.12060226306483882, 0.14600475129741144], [0.16666666666666666, 0.1421710520987001, 0.14345688509482643, 0.13031684827793383, 0.14115755021131243, 0.13126965316930364, 0.14496134448125683], [0.1482065205185938, 0.13875490742435995, 0.14456947524894584, 0.11914448036004366, 0.15779647124661603, 0.1358627321635016, 0.15566541303793913], [0.14689440809418805, 0.13221024781225857, 0.14717106161716928, 0.117526946084771, 0.16666666666666666, 0.13474509020803865, 0.15478557951690777], [0.1529194756305658, 0.1433901374313331, 0.1564084658893905, 0.12352438116347879, 0.14078459146298372, 0.1189921717655566, 0.16398077665669156], [0.1506890311255617, 0.14258192808951933, 0.15291033647183452, 0.13187990589701923, 0.14018972243462308, 0.12745623546378404, 0.1542928405176581], [0.1483608056482832, 0.13796844697541435, 0.16666666666666669, 0.12649509605187736, 0.14522981030433582, 0.12583099964473052, 0.14944817470869218], [0.16666666666666669, 0.14370486257086298, 0.15605954704831504, 0.12330315073846992, 0.13844279065626672, 0.11643479640741174, 0.15538818591200704], [0.16515802507428443, 0.14834243862847415, 0.14954144230683483, 0.12953114908609148, 0.13676123256151612, 0.12443086558578953, 0.14623484675700932], [0.16228420299688906, 0.1506031538230734, 0.15002081679149584, 0.13094062700409048, 0.1349073463880932, 0.12445925062832323, 0.14678460236803473], [0.16057555016062144, 0.1470538674131047, 0.14955365029098697, 0.1301967132353267, 0.13999943905489579, 0.12632982565500592, 0.14629095419005853], [0.1607349924476978, 0.1474026021684299, 0.1494791334783515, 0.13022122465159822, 0.13949197449713333, 0.12600100714375176, 0.14666906561303755], [0.16263681724241744, 0.15071152108365712, 0.1502171237842483, 0.13082437679422, 0.13482813115921327, 0.12404315748968098, 0.14673887244656278], [0.16067745991866467, 0.15261684008157356, 0.1509031809457346, 0.1325135234688515, 0.13341260931008478, 0.1231386092992385, 0.14673777697585239], [0.16666666666666669, 0.14918730927351997, 0.14971810828658386, 0.12980802168104438, 0.13535924468538477, 0.12311703933606069, 0.1461436100707397], [0.16365668234375608, 0.15020606653994925, 0.1503459175970229, 0.13055287768874657, 0.13515573671121928, 0.12384611507581023, 0.1462366040434959], [0.16403400120659625, 0.14834978364258236, 0.1496576427531109, 0.12986448026656233, 0.13700828227869483, 0.12518082066218184, 0.14590498919027173], [0.1623898385396399, 0.14690489365160472, 0.1488571694782988, 0.12935157357746194, 0.13922785685481168, 0.12671620673902131, 0.14655246115916143], [0.14488465629649297, 0.16666666666666666, 0.14333618055573924, 0.1318458399511229, 0.13214630734369115, 0.1336335169980885, 0.14748683218819852], [0.16265832612000156, 0.14746851913933282, 0.14885902118929276, 0.12937273519962933, 0.13843747521635413, 0.1263844580899735, 0.1468194650454159], [0.15971156663963726, 0.1462310730344463, 0.1490847529240202, 0.12985609731292055, 0.14134191449436942, 0.12746333978502195, 0.14631125580958443], [0.16464994711141362, 0.14809984581717325, 0.14944490127582125, 0.12961428668834046, 0.13719106289415195, 0.1247000282829093, 0.14629992793019017], [0.1603441998259494, 0.14717413819850225, 0.14954449733378994, 0.1307293247567423, 0.13979143993738288, 0.1261575238162497, 0.14625887613138372], [0.16141188997813424, 0.14755931503626193, 0.14958292280691504, 0.1305732629410994, 0.1389903583387271, 0.12554802477194307, 0.14633422612691907], [0.16666666666666669, 0.14010924859670942, 0.14486092374519643, 0.12210989174256853, 0.14687243654888474, 0.13453784961571813, 0.14484298308425614], [0.16161134387094128, 0.15179878434256805, 0.150848817481433, 0.13252160284049377, 0.1338982553053338, 0.12340952978851044, 0.1459116663707196], [0.1600528388852246, 0.15004480434231066, 0.15075238337826216, 0.13157180601892193, 0.13640072882838436, 0.1254535915940369, 0.14572384695285953], [0.16033793632488957, 0.14652061756465318, 0.1492162560032054, 0.1299971800481691, 0.14074589538008855, 0.12697842811638552, 0.14620368656260857], [0.1601009223088578, 0.1473562051071625, 0.14934551748045266, 0.1302096405086959, 0.13973533726473794, 0.12637003666163832, 0.14688234066845485], [0.1602159957274661, 0.1476432343012549, 0.14924251737143254, 0.13048496700144957, 0.1392532792572658, 0.12609086441424447, 0.14706914192688672], [0.16008317410033973, 0.14801184264654363, 0.1496050264401527, 0.13069367765216489, 0.13894348915787327, 0.12582888335955877, 0.1468339066433669]]