Minizinc Results:
 G = [11, 11, 1, 1, 11, 11, 1, 4, 1, 4, 1, 1, 1, 1, 1, 4, 1, 1, 1, 11, 1, 1, 1, 11, 11, 11, 1, 4, 4, 1, 4, 4, 1, 4, 4, 4, 1, 4, 1, 1, 4, 1, 1, 1, 1, 1, 1, 1, 2, 1, 1, 1, 1, 1, 1, 1, 1, 1, 1, 1, 1, 4, 4, 4, 4, 1, 4, 4, 4, 4, 4, 1, 1, 1, 1, 1, 1, 1, 1, 1, 1, 1, 1, 1, 1, 4, 1, 1, 1, 1, 1, 1, 1, 1, 1, 1, 1, 1, 4, 1, 1, 1, 1, 1, 4, 4, 1, 1, 1, 1, 1, 1, 1, 1, 1, 1, 1, 1, 12, 1, 12, 12, 12, 12, 1, 1, 12, 1, 1, 1, 1, 1, 1, 1, 1, 1, 10, 9, 1, 1, 1, 1, 1, 1, 1, 1, 1, 1, 1, 9, 9, 1, 1, 1, 1, 10, 2, 1, 1, 7, 1, 1, 1, 1, 1, 1, 2, 1, 1, 1, 1, 7, 1, 1, 1, 1, 1, 1, 1, 1, 1, 1, 7, 1, 1, 1, 1, 1, 1, 1, 1, 1, 1, 1, 1, 7, 1, 1, 1, 1, 1, 1, 1, 1, 1, 1, 1, 1, 1, 1, 1, 1, 1, 7, 7, 1, 1, 1, 1, 1, 1, 1, 1, 7, 1, 1, 1, 1, 1, 7, 7, 1, 1, 1, 1, 1, 1, 1, 1, 1, 1, 1, 1, 1, 1, 1, 1, 1, 2, 1, 1, 1, 1, 1, 1, 1, 1, 2, 1, 1, 1, 1, 1, 1, 1, 1, 1, 1, 1, 1, 1, 1, 1, 1, 8, 1, 1, 1, 1, 1, 1, 1, 1, 1, 2, 1, 1, 1, 1, 1, 1, 1, 1, 1, 1, 1, 1, 8, 1, 1, 1, 2, 1, 1, 1, 8, 1, 2, 2, 1, 1, 1, 1, 1, 1, 6, 1, 1, 1, 1, 1, 1, 1, 6, 2, 1, 1, 1, 1, 1, 1, 6, 6, 6, 6, 1, 6, 6, 6, 1, 6, 1, 1, 2, 1, 6, 1, 1, 1, 5, 5, 5, 1, 1, 1, 1, 1, 5, 13, 5, 1, 5, 5, 5, 1, 5, 1, 5, 1, 2, 1, 1, 1, 2, 1, 5, 1, 5, 1, 5, 5, 5, 5, 5, 1, 5, 2, 1, 1, 1, 1, 5, 1, 5, 1, 1, 5, 1, 5, 5, 5, 1, 1, 1, 5, 1, 1, 1, 1, 5, 5, 5, 5, 5, 1, 1, 2, 2, 1, 1, 1, 1, 1, 1, 1, 1, 1, 1, 1, 1, 1, 2, 1, 1, 1, 1, 1, 1, 1, 1, 1, 1, 3, 1, 3, 2, 3, 3, 1, 3, 1, 3, 3, 1, 3, 3, 3, 3, 1, 1, 1, 1, 3, 1, 1, 3, 3, 3, 2, 3, 2, 2, 1, 1, 1, 3, 1, 1, 1, 1, 3, 3, 1, 3, 1, 2, 2, 2, 2, 2, 1, 2, 3, 3, 3, 1, 1, 3, 3, 2, 1, 3, 1, 1, 1, 3, 3, 1, 1, 1, 2, 1, 1, 2, 3, 3, 1, 2, 3, 2, 2, 1, 1, 2, 1, 1, 3, 3, 2, 1, 2, 1, 1, 2, 1, 1, 1, 1, 1, 1, 1, 1, 1, 3, 1, 3, 1, 3, 3, 3, 3, 1, 1, 3, 3, 1, 1, 3, 3, 3, 3, 3, 1, 2, 3, 3, 3, 3, 1, 1, 1, 2, 1, 1, 3, 3, 3, 1, 1, 2, 1, 3, 3, 3, 1, 3, 3, 1]
Obj=82

 Obtained in 0.26343655586242676

 ARI: 0.037362800393714334