Minizinc Results:
 G = [13, 13, 1, 1, 1, 1, 2, 2, 1, 2, 1, 2, 1, 1, 2, 2, 1, 1, 1, 13, 1, 1, 1, 1, 2, 1, 2, 2, 2, 1, 2, 2, 1, 1, 1, 2, 2, 2, 1, 2, 1, 1, 1, 1, 1, 1, 1, 1, 1, 1, 2, 2, 2, 2, 1, 1, 1, 1, 1, 1, 1, 1, 1, 1, 1, 1, 1, 2, 1, 2, 2, 1, 1, 1, 1, 1, 1, 1, 1, 1, 1, 1, 1, 2, 1, 2, 1, 2, 2, 2, 1, 1, 1, 1, 1, 1, 2, 1, 1, 2, 2, 1, 1, 2, 2, 2, 1, 1, 12, 1, 1, 1, 1, 1, 1, 1, 1, 1, 12, 12, 1, 1, 12, 1, 1, 1, 1, 1, 1, 1, 1, 1, 1, 1, 1, 1, 1, 1, 1, 1, 1, 2, 1, 6, 6, 1, 1, 1, 1, 9, 1, 1, 1, 1, 1, 1, 1, 1, 1, 7, 1, 2, 7, 1, 1, 1, 1, 1, 1, 1, 1, 1, 1, 1, 1, 1, 1, 1, 7, 1, 1, 1, 1, 1, 1, 1, 7, 7, 1, 1, 1, 1, 1, 1, 1, 1, 1, 7, 7, 1, 2, 1, 2, 1, 1, 1, 1, 1, 1, 1, 1, 1, 1, 7, 1, 1, 1, 1, 1, 1, 1, 1, 1, 2, 1, 1, 1, 2, 1, 1, 7, 1, 1, 1, 1, 11, 2, 1, 1, 1, 11, 11, 11, 1, 2, 1, 1, 11, 1, 1, 1, 1, 11, 1, 11, 1, 1, 1, 1, 1, 1, 1, 8, 1, 2, 1, 1, 1, 3, 1, 1, 3, 3, 1, 3, 1, 1, 1, 3, 3, 1, 1, 3, 1, 1, 1, 1, 1, 1, 2, 1, 1, 1, 1, 1, 1, 1, 1, 1, 3, 1, 1, 1, 1, 1, 2, 1, 1, 1, 3, 3, 3, 1, 1, 2, 3, 3, 1, 1, 3, 1, 2, 1, 1, 3, 1, 1, 1, 1, 1, 1, 1, 1, 1, 3, 3, 3, 3, 1, 3, 3, 3, 3, 3, 1, 3, 1, 2, 1, 1, 1, 1, 1, 1, 1, 1, 1, 1, 1, 1, 1, 1, 1, 1, 1, 1, 2, 1, 1, 1, 1, 1, 1, 1, 1, 1, 1, 1, 1, 1, 1, 1, 1, 1, 1, 1, 1, 1, 1, 1, 1, 1, 1, 1, 1, 1, 1, 1, 1, 1, 1, 1, 1, 1, 1, 1, 1, 1, 1, 1, 1, 1, 1, 1, 1, 2, 1, 1, 1, 1, 1, 1, 1, 1, 1, 1, 1, 2, 1, 1, 1, 1, 1, 1, 1, 1, 1, 1, 1, 1, 1, 1, 10, 1, 1, 4, 4, 1, 1, 10, 1, 10, 4, 4, 1, 2, 10, 10, 4, 1, 4, 4, 1, 1, 1, 1, 1, 1, 2, 1, 5, 5, 5, 2, 4, 1, 5, 1, 4, 1, 1, 1, 4, 1, 5, 5, 5, 5, 5, 5, 1, 1, 1, 1, 1, 4, 1, 4, 4, 4, 4, 4, 4, 4, 1, 4, 4, 1, 1, 1, 1, 1, 1, 1, 4, 4, 4, 4, 1, 5, 5, 1, 1, 1, 5, 4, 1, 1, 1, 1, 1, 1, 1, 5, 1, 1, 1, 1, 1, 1, 1, 5, 4, 1, 4, 4, 1, 1, 4, 4, 4, 5, 4, 1, 1, 4, 4, 4, 4, 4, 4, 1, 1, 4, 4, 4, 2, 4, 1, 1, 1, 1, 2, 1, 4, 4, 4, 5, 1, 1, 2, 4, 4, 4, 1, 4, 4, 1]
Obj=82

 Obtained in 0.2622215747833252

 ARI: 0.021620070951381704