Minizinc Results:
 G = [1, 1, 13, 13, 2, 2, 2, 2, 2, 2, 2, 2, 2, 1, 2, 2, 2, 2, 13, 13, 13, 13, 1, 13, 1, 2, 2, 2, 2, 1, 2, 2, 2, 2, 2, 2, 2, 2, 2, 2, 1, 1, 2, 13, 13, 13, 1, 1, 13, 13, 1, 2, 2, 2, 2, 2, 2, 2, 2, 2, 1, 1, 1, 1, 1, 2, 1, 2, 1, 1, 2, 2, 2, 1, 1, 2, 2, 2, 2, 1, 1, 2, 1, 1, 2, 2, 2, 2, 2, 1, 13, 13, 1, 1, 13, 13, 13, 13, 2, 2, 2, 2, 2, 2, 2, 2, 1, 2, 12, 12, 12, 12, 12, 12, 1, 12, 12, 12, 12, 12, 12, 12, 12, 12, 12, 12, 12, 1, 1, 12, 12, 1, 1, 1, 6, 1, 1, 2, 9, 1, 1, 2, 6, 6, 6, 1, 6, 6, 1, 1, 1, 6, 1, 6, 1, 6, 1, 6, 6, 1, 1, 1, 7, 7, 7, 7, 1, 7, 1, 1, 1, 7, 7, 7, 7, 7, 7, 7, 7, 1, 7, 7, 1, 1, 7, 7, 7, 7, 7, 7, 7, 7, 7, 1, 7, 1, 1, 7, 7, 1, 7, 7, 1, 7, 7, 7, 1, 1, 7, 7, 7, 7, 7, 7, 1, 7, 7, 7, 7, 7, 7, 7, 7, 7, 7, 7, 7, 7, 7, 1, 1, 7, 1, 11, 11, 1, 11, 1, 1, 1, 1, 11, 11, 11, 11, 11, 11, 1, 11, 11, 1, 1, 1, 1, 1, 11, 1, 11, 1, 1, 1, 11, 8, 1, 3, 3, 1, 1, 3, 3, 3, 3, 3, 1, 1, 1, 3, 3, 1, 3, 3, 3, 3, 1, 3, 3, 1, 1, 1, 3, 3, 1, 3, 3, 1, 1, 2, 1, 3, 3, 1, 1, 3, 3, 2, 1, 3, 3, 1, 3, 3, 3, 3, 1, 3, 1, 3, 3, 3, 3, 3, 1, 3, 1, 3, 3, 1, 1, 1, 3, 3, 3, 3, 1, 3, 3, 3, 3, 3, 3, 1, 1, 3, 3, 3, 3, 1, 1, 1, 1, 1, 1, 1, 1, 1, 1, 1, 1, 1, 1, 1, 1, 1, 1, 1, 1, 1, 1, 1, 1, 1, 1, 1, 1, 1, 1, 1, 1, 1, 1, 1, 1, 1, 1, 1, 1, 1, 1, 1, 1, 1, 1, 1, 1, 1, 1, 1, 1, 1, 1, 1, 1, 1, 1, 1, 1, 1, 1, 1, 1, 1, 1, 1, 1, 1, 1, 1, 1, 1, 1, 1, 1, 1, 1, 1, 1, 1, 1, 1, 1, 1, 1, 1, 1, 1, 1, 1, 1, 10, 10, 10, 10, 10, 10, 1, 4, 1, 1, 10, 10, 10, 10, 1, 4, 1, 1, 10, 10, 4, 4, 4, 4, 1, 10, 4, 1, 1, 1, 1, 1, 5, 5, 5, 1, 4, 4, 4, 4, 1, 4, 4, 4, 4, 1, 5, 5, 5, 5, 5, 5, 5, 5, 4, 1, 4, 4, 1, 4, 4, 4, 4, 4, 4, 4, 1, 1, 1, 1, 4, 4, 1, 4, 4, 4, 1, 1, 1, 4, 1, 5, 5, 5, 5, 5, 5, 4, 4, 4, 4, 4, 4, 4, 4, 5, 5, 5, 5, 5, 5, 5, 5, 1, 4, 4, 4, 4, 1, 4, 4, 4, 4, 1, 4, 4, 4, 4, 4, 4, 4, 4, 4, 1, 1, 4, 4, 4, 4, 4, 1, 1, 1, 1, 1, 4, 4, 4, 4, 1, 4, 4, 4, 1, 1, 4, 4, 1, 1, 4]
Obj=82

 Obtained in 0.5195362567901611

 ARI: 0.20330414491399762