[[0.10586626886059851, 0.11822405199176597, 0.09971926952064025, 0.11425818965829086, 0.12251459944843064, 0.12470930402655024, 0.10369284886579098, 0.10161681175749032, 0.10939865587044242], [0.105628357072114, 0.11882537864306168, 0.09912592229915984, 0.11481855326283907, 0.12286472403128797, 0.12487252157489188, 0.10311986987884887, 0.10116048104702495, 0.10958419219077173], [0.105839944861615, 0.11809728676268441, 0.0998115448118678, 0.11427811313807205, 0.12233439139810316, 0.12483828142907143, 0.10365634568375688, 0.10171657333830153, 0.10942751857652774], [0.10579532732885776, 0.11822663459893702, 0.09969081743037363, 0.1143857778201317, 0.12246245567122704, 0.12480639529855603, 0.10354837776486311, 0.10162247557699798, 0.10946173851005567], [0.10559243091389525, 0.11878510104625264, 0.09913712726690993, 0.11487369214301445, 0.12275432588070977, 0.125, 0.10305087284172344, 0.10118764945586056, 0.10961880045163394], [0.105665059677605, 0.11862036900292366, 0.09935680847601866, 0.1148041073747019, 0.12265879897277655, 0.12469147224592232, 0.10318795212939776, 0.10138182985827073, 0.1096336022623834], [0.10578103978387918, 0.11809622883295272, 0.09976995859639474, 0.11434579121136018, 0.12230692679715673, 0.125, 0.10355115437853711, 0.10169723574345074, 0.10945166465626863], [0.10577544577332261, 0.11807794708332559, 0.09983513937378569, 0.11445306033967051, 0.1222272900542235, 0.1248133671281497, 0.10350326637756628, 0.10178078482056971, 0.10953369904938642], [0.10587951392350482, 0.11764001629584836, 0.10023117768147333, 0.1141733454831744, 0.12173451244351742, 0.125, 0.1037681961562665, 0.1021094905309425, 0.10946374748527266], [0.1056458216464317, 0.11820284274940876, 0.09966806463607905, 0.11471342074555631, 0.12222608872151097, 0.125, 0.10322195969366273, 0.10168081735507953, 0.10964098445227095], [0.10554297916484398, 0.11859668715408242, 0.09935047735464025, 0.11517144937195262, 0.12270225879619148, 0.12445219989901896, 0.10288163429566632, 0.10145607412150183, 0.10984623984210212], [0.10587427475088453, 0.11762247305439472, 0.10028429451646999, 0.11425109926869528, 0.12168254552531697, 0.12485240953823327, 0.10373156054730108, 0.10217651014571578, 0.10952483265298818], [0.10561029965483942, 0.11843533947421639, 0.09955670457120337, 0.11507338940251088, 0.12242102383259093, 0.12440793636699417, 0.10302136822195218, 0.10163394988368317, 0.1098399885920095], [0.10563922680676759, 0.1182147831661674, 0.0997499021370202, 0.11495048935560116, 0.12209269596589797, 0.12462083750779011, 0.10312051497162268, 0.10180194448123854, 0.10980960560789453], [0.10527696503528197, 0.11859891883044436, 0.09904103887171525, 0.11542373046145253, 0.12310686916720381, 0.12500000000000003, 0.10242109214648575, 0.10123562528898641, 0.10989576019843009], [0.10573914216635907, 0.11795415167721919, 0.1000170711378057, 0.11469436228156815, 0.12192365425090208, 0.12457303761123109, 0.10336652863044321, 0.10200864608493626, 0.10972340615953527], [0.10535443690981197, 0.11850710204407222, 0.09922193274758632, 0.11536701498018484, 0.12291258745009268, 0.12477672393127148, 0.10255511003566067, 0.10139327766339068, 0.10991181423792912], [0.10550713587586572, 0.11837256070327572, 0.09952682201081615, 0.11524290440140623, 0.12257431130751908, 0.124381833115809, 0.10281926917699512, 0.10165020369840248, 0.1099249597099105], [0.10586358730348232, 0.11738451261805677, 0.10048705756036198, 0.1142375022591107, 0.12135663086941509, 0.125, 0.10372837431446795, 0.10237885288031079, 0.10956348219479442], [0.10552446829289452, 0.11825258107098048, 0.09963236180809093, 0.1151604614398632, 0.1223763455009441, 0.12453367505591896, 0.10288168078200079, 0.10173953726041236, 0.10989888878889448], [0.10571299041175146, 0.11791496887928037, 0.10007205160072041, 0.11481648266867628, 0.12179437762835355, 0.12450506196210656, 0.10328540777801776, 0.1020885468519204, 0.1098101122191732], [0.10552276133276921, 0.11817835154289874, 0.09968330292183154, 0.11512064877201617, 0.12227178441089598, 0.12465495566312056, 0.10289878053648842, 0.10178455214707043, 0.10988486267290896], [0.10590325643992038, 0.11731491428367917, 0.10059638559308123, 0.1142191184500149, 0.12125892380027214, 0.12485605801886919, 0.10378992845837721, 0.10247739855668264, 0.10958401639910315], [0.10555535816585829, 0.1180175920474573, 0.09983191937383405, 0.11500113718398232, 0.1219989659160027, 0.12484192334457805, 0.10299696621359725, 0.10190811539062568, 0.10984802236406417], [0.10569603636254665, 0.1178767882447584, 0.10010598406310758, 0.11486806584177224, 0.12171060904881614, 0.12451590647993693, 0.10324392684486444, 0.10213418474001493, 0.10984849837418269], [0.10576221219864765, 0.1175564796494792, 0.10035745955081309, 0.11456544285564689, 0.12146334142875495, 0.12478479726820867, 0.10346063673954328, 0.10232368450741035, 0.10972594580149597], [0.10585403634349679, 0.11737005560861695, 0.10056389265459431, 0.11437821146558833, 0.12128313659262109, 0.12473832884173623, 0.10366081615571895, 0.10248132708561582, 0.10967019525201134], [0.1053900313927644, 0.11819885098347424, 0.0995554737640182, 0.11536766637264524, 0.1225655093052203, 0.1245872711739894, 0.10262149129538005, 0.10172078416593851, 0.10999292154656985], [0.10549024843396576, 0.11794130452433177, 0.09982845233380472, 0.11505121303473681, 0.12200114301752887, 0.125, 0.1028928728371928, 0.10192521754768166, 0.10986954827075764], [0.10577298884466105, 0.11746213634801314, 0.10044176075879208, 0.11452638453981218, 0.12135294448879151, 0.1248284674271844, 0.10349249561704231, 0.10239959177429325, 0.10972323020141007], [0.10572817847912165, 0.11766187482434241, 0.10030019348163179, 0.11475373962606368, 0.12150312429564294, 0.1245832953278021, 0.10333865098540465, 0.10230398457691384, 0.10982695840307692], [0.10565267957520802, 0.11780124265901175, 0.10013883953696452, 0.11492498696723426, 0.12167167917502629, 0.1245733680580879, 0.10316604141283982, 0.10218477991175778, 0.1098863827038697], [0.10553608820433902, 0.11786269958789662, 0.09995691375248753, 0.11502618504806958, 0.12187634482958973, 0.12484235407876691, 0.10296746038503819, 0.1020412313475625, 0.10989072276624996], [0.10581995678830929, 0.11710527650549511, 0.1006770382346347, 0.11421636974386185, 0.12133806223300578, 0.125, 0.10368632351055299, 0.10257229934537589, 0.10958467363876441], [0.10568747822103097, 0.1174167442657951, 0.10039152746449544, 0.11458103483766374, 0.1214578072783175, 0.125, 0.10335860458604382, 0.10237460221810235, 0.10973220112855109], [0.10580121456801818, 0.11709811259395939, 0.10067973201393912, 0.11426042018116185, 0.1214103153405304, 0.12491133448139076, 0.1036460781984988, 0.1025853033611109, 0.10960748926139058], [0.10545723585212188, 0.11785152667812075, 0.0999202441941379, 0.11520723906743206, 0.12204053924017516, 0.12469744269172077, 0.10279076215676675, 0.1020487993983903, 0.10998621072113463], [0.10558328127276198, 0.11770218823477938, 0.10016303168974376, 0.11500088875185288, 0.12176588775613267, 0.12457262524202461, 0.10304619305014429, 0.1022349713716397, 0.10993093263092092], [0.10566254218040028, 0.11743234150658494, 0.10038447879265958, 0.11467741290793601, 0.12155561011633664, 0.12482624951750937, 0.10328955102939547, 0.10238739711900367, 0.10978441683017405], [0.1051836530702181, 0.11807398718177965, 0.0994295678860834, 0.11560075299292091, 0.12270298871031479, 0.12499999999999997, 0.10225671361632714, 0.1016704934975774, 0.11008184304477842], [0.1055081101124058, 0.11773858303398324, 0.10006356880788007, 0.11511050080402534, 0.12187465341490232, 0.12466980502804148, 0.10290105985528906, 0.10216745527918969, 0.10996626366428303], [0.10528220969497537, 0.11789768754580932, 0.09968780832791749, 0.11541298510117745, 0.12232813150179223, 0.125, 0.10247214775631375, 0.10188186332338768, 0.11003716674862676], [0.10544643239183575, 0.11779924639347221, 0.09997283611981868, 0.11526554463156806, 0.12203004210344891, 0.12458295376714093, 0.10275519135696538, 0.10211314016964218, 0.11003461306610789], [0.10567033689718518, 0.11720628876280263, 0.10055145327862183, 0.11457761852535206, 0.1216862903637256, 0.12467345019935513, 0.10335132081233148, 0.1025334024899941, 0.10974983867063218], [0.10544522729712294, 0.11750564218572425, 0.1001964019385517, 0.11516468398854107, 0.12215429205039924, 0.12439891144269553, 0.10281580032017615, 0.10231669691599014, 0.11000234386079896], [0.1057031770392754, 0.11681027652869445, 0.10081741513770069, 0.11429019371304967, 0.12179174412954023, 0.12470182773595274, 0.10352024677138769, 0.10274144038379578, 0.10962367856060333], [0.10509968779975158, 0.1178068155684248, 0.09960447764974104, 0.11586249005319378, 0.12254459534323986, 0.12485575508488891, 0.10206036476005835, 0.10190054785243943, 0.11026526588826223], [0.10509217423430575, 0.1178293853990557, 0.09958423407068993, 0.11592409401334211, 0.12260177434834614, 0.12475317400245417, 0.10202420442895176, 0.10189127602772517, 0.11029968347512926], [0.10559225753104418, 0.11686202372383256, 0.10066754570016329, 0.11439422099142994, 0.1218857075709068, 0.125, 0.10333257222227189, 0.10263023151534384, 0.10963544074500746], [0.10519093722054494, 0.11772523341713359, 0.09977858413008239, 0.11569178921068347, 0.12238045213076623, 0.12473937689863973, 0.10225755421586546, 0.10203049429513947, 0.11020557848114472], [0.10532536314930922, 0.11754853219509935, 0.10005284012671226, 0.11538189180667814, 0.12235943485879978, 0.12444597402716433, 0.10257102902468287, 0.10222969109580336, 0.1100852437157507], [0.10509650213257285, 0.11772986232210728, 0.09965953357044255, 0.11581576897184477, 0.12242686570478258, 0.125, 0.1020818953161246, 0.10194799581030395, 0.1102415761718214], [0.10553795119306432, 0.11718074035278805, 0.10050021495074986, 0.11484684448422355, 0.12204645772697925, 0.12438538613880691, 0.10307899168869121, 0.10254883926886868, 0.10987457419582818], [0.10557338224211064, 0.11689896519730873, 0.10065319762703293, 0.11449360113038068, 0.12197248434599735, 0.12481318767935483, 0.10326984041113794, 0.1026356799347479, 0.10968966143192883], [0.10529784372369656, 0.11738815645667172, 0.10014381277643089, 0.11534482910412383, 0.12248025096579787, 0.12439892329194076, 0.10256067206847258, 0.10231788586598406, 0.1100676257468817], [0.10527822069437233, 0.1174114929040256, 0.10011974069941727, 0.11543171748228058, 0.12254983226205135, 0.12428425408461038, 0.10250046655624405, 0.10231110573165927, 0.11011316958533922], [0.10513411284610237, 0.11748269444897601, 0.09991033369184121, 0.11569152666981516, 0.12267413961814172, 0.12452723757132587, 0.10220345809272552, 0.10216939097613864, 0.11020710608493355], [0.10526902076906212, 0.11724913518723346, 0.10019107955137126, 0.1152331754264278, 0.12247891247657774, 0.12465647070428348, 0.102573163967859, 0.10235165145366988, 0.10999739046351523], [0.1050628884933858, 0.11752195206723216, 0.09979759624414115, 0.11582528639409571, 0.12267740053403813, 0.12471479857492432, 0.10205322535502004, 0.1020907982402665, 0.11025605409689619], [0.10527263244757544, 0.11715900869114634, 0.10024174339019745, 0.11512597660637938, 0.12241558313943429, 0.12483833239810373, 0.10262340255923427, 0.10238394631014448, 0.10993937445778462], [0.10544737504290341, 0.11682160983390152, 0.10060481362296597, 0.11462866893394208, 0.12223178701051345, 0.12484308311829032, 0.10305715391026714, 0.10263163418623408, 0.10973387434098221], [0.10510204998703314, 0.1174399650414434, 0.09990934603010188, 0.11572914251325743, 0.12274474612787997, 0.12452358794655498, 0.10214978624518789, 0.10217958087093203, 0.11022179523760935], [0.10530967841071127, 0.11708364071234566, 0.10033295347042671, 0.11504018035301744, 0.12234510157514612, 0.1248154900628076, 0.10270927234632388, 0.10245383873049468, 0.1099098443387266], [0.10532408450477035, 0.11703749957415496, 0.10038254947140896, 0.11500550256416037, 0.1223692659089683, 0.12474245963065837, 0.10274406219786905, 0.10249470569266052, 0.1098998704553491], [0.10537554970594297, 0.11698908796537924, 0.10047400456868122, 0.11493558632040199, 0.12236800865558768, 0.12456750180045233, 0.10284122824554115, 0.10256482085071902, 0.10988421188729439], [0.1053866124148901, 0.11682762171475089, 0.10055881575854181, 0.11473893128474494, 0.12233796209338359, 0.1248200272117084, 0.10293598589980292, 0.1026147038802623, 0.10977933974191505], [0.10518978864831273, 0.11718462984029882, 0.10017813786562361, 0.11538216319914454, 0.12271913269347454, 0.1244860468272746, 0.10241670738545107, 0.10237579646297323, 0.11006759707744683], [0.10521100155596934, 0.11703227314737052, 0.10026087151786123, 0.1151112616545361, 0.12250180578518761, 0.125, 0.10255436280211797, 0.1024109426895383, 0.10991748084741897], [0.10536184935594603, 0.11672744351601588, 0.10058087174279726, 0.11465702768288459, 0.1223814336839403, 0.12499999999999997, 0.10293749658492733, 0.10262737029741426, 0.10972650713607422], [0.10515884286762427, 0.11722165315270272, 0.1001439157182549, 0.11554281838400951, 0.12285477646814738, 0.12423772855046289, 0.10231330141727928, 0.10237244858078338, 0.11015451486073546], [0.10518637639319325, 0.11703431419848662, 0.10024993432411854, 0.11519288322621192, 0.12261322347457736, 0.1248542763286276, 0.10249147442970599, 0.10241733692648002, 0.10996018069859873], [0.10522014242569992, 0.11692211695414176, 0.10036472430596471, 0.11508773681430562, 0.1225790711457201, 0.12481430360234252, 0.1025818846983239, 0.10250810103921329, 0.10992191901428802], [0.10528749981518244, 0.11683279893870882, 0.10050534934007256, 0.11498315204524802, 0.12260652644830572, 0.12455414383410893, 0.10271495842315702, 0.10261854483344891, 0.10989702632176776], [0.10512349023388996, 0.11686655282808618, 0.10033386062040155, 0.1152728278501549, 0.12285201646466869, 0.12463157589318416, 0.10238822033076651, 0.10252380909193341, 0.11000764668691462], [0.10526529936583329, 0.11654055190440238, 0.10065521561227032, 0.114763400450565, 0.12274062799353974, 0.12473931025847985, 0.10277872907855254, 0.10273495440730088, 0.10978191092905598], [0.10514279822492097, 0.11649642275207304, 0.10055842464833435, 0.11486407525202412, 0.12288200884106155, 0.12500000000000003, 0.10258091757797057, 0.10267718901612687, 0.10979816368748871], [0.10471371342083738, 0.11688207665123301, 0.0998752882618385, 0.11596055963733891, 0.12347816201548477, 0.12500000000000003, 0.10158284024842411, 0.10224815302057125, 0.11025920674427228], [0.10512756711739998, 0.11651671131618055, 0.10055027730867254, 0.1149533086388833, 0.12295006753820929, 0.12484027886490881, 0.10252738595196084, 0.10268625638771094, 0.10984814687607376], [0.10469555273309694, 0.11672849046737746, 0.09998537721144506, 0.11594369256059606, 0.12367669105031892, 0.12477511845434644, 0.10157502586353323, 0.10235821243921395, 0.11026183922007196], [0.10511891850793732, 0.11634780944797678, 0.10065954554562424, 0.11486483835650936, 0.12309134702181532, 0.12476991457965057, 0.1025545034294438, 0.1027817971691148, 0.10981132594192781], [0.10476725185301194, 0.11660870039699989, 0.10013304240002326, 0.11561199573925134, 0.12353925857911328, 0.125, 0.10180097806838743, 0.10244097504078473, 0.11009779792242815], [0.10490439799833852, 0.11650820913074118, 0.10035079022986375, 0.11531913519873824, 0.12324728056761401, 0.125, 0.10209680254104335, 0.1025867458713965, 0.10998663846226446], [0.10477229346535584, 0.1165599671443394, 0.10018216312298088, 0.11559995371795033, 0.12356795964072212, 0.12491591638923444, 0.10181473375146873, 0.10248704690560602, 0.11009996586234225], [0.10508283153140663, 0.11627330338695417, 0.10069236693765396, 0.11491096397408425, 0.1232360229165143, 0.124646280762775, 0.10249226918734271, 0.10282838137475037, 0.10983757992851864], [0.10483328408919965, 0.11623325850996709, 0.10046908985750994, 0.11522384791982702, 0.12355744812513576, 0.12500000000000003, 0.10204784955116748, 0.10270220248285838, 0.10993301946433486], [0.10481762129613616, 0.11624018042760866, 0.10046874078773567, 0.11532287113982029, 0.12361864122507848, 0.12483034519015834, 0.10199058377950429, 0.10272052161802206, 0.10999049453593604], [0.10488742439795164, 0.11610409699969942, 0.10060529035394358, 0.11502936545289665, 0.12353155992158404, 0.125, 0.10219475672658862, 0.10279666981412378, 0.10985083633321224], [0.11564782546634336, 0.1023713653480908, 0.12486913908922033, 0.1234996020182719, 0.09965735265952881, 0.09126706323861644, 0.11101824524317726, 0.11825004728640072, 0.11341935965035034], [0.1154876742606745, 0.10286101893106818, 0.1243772434448299, 0.12293987328378432, 0.10026882780643635, 0.09153745910398568, 0.11017262599320181, 0.11777119670557847, 0.11458408047044082], [0.11550120632155832, 0.10257200826247956, 0.12461806786077886, 0.1234039423428715, 0.0999314484196361, 0.0913404776472543, 0.11054528196977652, 0.11807020339912502, 0.11401736377651972], [0.11558317847366871, 0.10234063971793876, 0.12494409466184554, 0.12341967583727786, 0.0996839065440409, 0.09129160527989291, 0.11096716184118133, 0.11833600369279716, 0.11343373395135684], [0.11553102848156864, 0.10232214278638321, 0.125, 0.1233725436072543, 0.09970693854482525, 0.0913028437516344, 0.11091037601252725, 0.11838884551672227, 0.11346528129908472], [0.11555251659252093, 0.10235042369406966, 0.12464077338224398, 0.12320498367736235, 0.09978801009366635, 0.09149678781385046, 0.11107619036248928, 0.1185457175354833, 0.11334459684831369], [0.11525170742476454, 0.10252054323677144, 0.12500000000000003, 0.1230534138231575, 0.10009208815441313, 0.09139500297963814, 0.11015988206607791, 0.11822395014834845, 0.11430341216682902], [0.11519448080179683, 0.10289640777905748, 0.12415682145418003, 0.12267064743543346, 0.10056127249653697, 0.09175330940978571, 0.10983920596727949, 0.1179858916122261, 0.11494196304370392], [0.1152354613649619, 0.10224062924913914, 0.12499999999999999, 0.12298373310268043, 0.09991744063958645, 0.09152667129684697, 0.1106897840891601, 0.11883268729856314, 0.11357359295906178], [0.11504443858548787, 0.10226776319465579, 0.12499999999999999, 0.12291664604996463, 0.10007247774012505, 0.09155301720381374, 0.1103462039109362, 0.1188847304871954, 0.1139147228278212], [0.11496675585422421, 0.10226119030194272, 0.12483797107648054, 0.12279223834840494, 0.10016479108202903, 0.09167201674147844, 0.110314763845623, 0.11905544511281972, 0.11393482763699728], [0.11551112566434181, 0.10218976316042351, 0.12363011955012336, 0.12289461472080836, 0.10000029154599432, 0.09198843726386936, 0.11118576212094176, 0.11962923411923927, 0.1129706518542581], [0.11475875923694649, 0.1025097576483555, 0.12472002287640135, 0.12248630388064034, 0.10051797281443976, 0.09177691695091829, 0.10968571200869756, 0.11886739122813757, 0.1146771633554631], [0.1144788338477651, 0.10294779939908207, 0.12433198540213096, 0.12211775143640054, 0.10100251514267371, 0.09199539019527837, 0.10912863574531133, 0.11842575178271045, 0.1155713370486475], [0.1145860885840186, 0.10253736113497897, 0.12500000000000003, 0.12224356299843556, 0.10062202335520973, 0.09179874631240069, 0.10940828602932409, 0.118919721630818, 0.1148842099548145], [0.1149020301091393, 0.10223798650191912, 0.12449539652159956, 0.12251343818161702, 0.10028719930063155, 0.09194390742776945, 0.11045667356935127, 0.11940438251469772, 0.11375898587327492], [0.11527833228281108, 0.10217050439994595, 0.1236219483213154, 0.12264451339146663, 0.10017062899236225, 0.09213547801998061, 0.11097557407122122, 0.11988030932657981, 0.11312271119431717], [0.11484517799308651, 0.1022392966791362, 0.12445782382175259, 0.12247792824349482, 0.10033785903976629, 0.09197313510788686, 0.1103778683616544, 0.11945843619354354, 0.11383247455967876], [0.1144642317469043, 0.10251881193626437, 0.12473929081875922, 0.122151333005184, 0.10072217850351996, 0.09193894675306266, 0.10938399560389751, 0.11920507857187954, 0.11487613306052831], [0.11440247125779325, 0.10269262685503282, 0.12465219935612618, 0.1219313427447088, 0.10090293896528806, 0.09203070385841498, 0.10914503407574902, 0.1190425498012747, 0.11520013308561222], [0.11516788280576444, 0.1020628251664836, 0.12383518707756201, 0.12244818028826161, 0.1002105619371969, 0.09218646828169663, 0.11083423890864079, 0.1201637695440013, 0.11309088599039258], [0.11473464638134599, 0.10221875782846833, 0.12389217955160196, 0.12217746464309213, 0.10050968542072479, 0.09233236751519817, 0.11051037538626315, 0.1200031953448262, 0.11362132792847927], [0.11427108980582028, 0.10234362544678263, 0.125, 0.12203551442342708, 0.10069651750576822, 0.09197037025404646, 0.10937373091726635, 0.11961400083923128, 0.1146951508076577], [0.11431482307502494, 0.10232596556545132, 0.12476619008882565, 0.1220897347203451, 0.10068449284582988, 0.09203152518471866, 0.10953016545631988, 0.11969450351132595, 0.1145625995521586], [0.11462299109492197, 0.10224372133775861, 0.12400820915422853, 0.12206868377751694, 0.10061801199005634, 0.09235214757948643, 0.11030221571288787, 0.11992428364568007, 0.11385973570746338], [0.11415644467599727, 0.10276090264401949, 0.12443182427430598, 0.1216260135482908, 0.10114658529203029, 0.09224312530939932, 0.10890166613173813, 0.11930401947122328, 0.11542941865299529], [0.11516051843892183, 0.10197215701108474, 0.12392888654396984, 0.12229908548059695, 0.10021853726146507, 0.09224060075764014, 0.11078382082474468, 0.12041490917629505, 0.11298148450528171], [0.11440836082142537, 0.1022542604183137, 0.12440088372646174, 0.12207940069632375, 0.10066021374428033, 0.0921909348385235, 0.1098680750455722, 0.11991769508599186, 0.1142201756231077], [0.11387487115046298, 0.10279772631311841, 0.125, 0.12147345817668839, 0.10124508013819716, 0.09215020897409999, 0.10855824428712718, 0.1190876338433017, 0.1158127771170042], [0.11411587034256028, 0.10259434343411816, 0.12450537831440692, 0.1217210621353859, 0.10104480531858295, 0.0922191962186681, 0.10901788375210994, 0.11960968694865716, 0.11517177353551059], [0.11421946415349701, 0.10232481305572964, 0.12462914185906852, 0.12197113579063441, 0.10076735484361152, 0.09214210238526967, 0.1094952456408204, 0.11988535997914268, 0.11456538229222615], [0.11496341325958508, 0.10195685812710771, 0.12409992721913173, 0.12217510490830946, 0.10030184001047124, 0.09227036523702731, 0.11061791547515713, 0.12049011066727117, 0.11312446509593908], [0.11430687101238991, 0.10224768571821027, 0.12451707712551778, 0.12199181637556497, 0.10070128540445814, 0.09219915173034161, 0.10974402153688756, 0.11999891985051898, 0.11429317124611088], [0.11382892374215177, 0.10279824283868412, 0.12488718315132821, 0.1213892146127583, 0.10130076882469231, 0.09222590481885277, 0.10853078992521076, 0.11922360135291914, 0.1158153707334026], [0.1140518645254552, 0.10235735157584681, 0.12499999999999999, 0.1217757601850233, 0.10085703918888518, 0.09210000179789854, 0.10914250168242459, 0.11987074705121778, 0.11484473399324849], [0.11485151625797703, 0.10193091893575207, 0.12421038982727244, 0.12207131156260943, 0.10035263207070859, 0.09230192946283676, 0.1105150197028454, 0.12058460127101024, 0.11318168090898793], [0.11474249743971654, 0.10190317292378404, 0.12432055920515722, 0.12196582224267928, 0.1004025238600719, 0.09233465105729614, 0.11041359851405518, 0.12068341729835966, 0.11323375745888019], [0.1140241834471635, 0.10223083656327768, 0.12482178204065708, 0.1217319756612004, 0.10082328557253648, 0.09223837495274029, 0.10940951604150158, 0.12023335408521078, 0.11448669163571207], [0.11388959365383888, 0.10243039768143039, 0.12476208317751805, 0.12155655110566664, 0.10105104161320226, 0.0922710169318019, 0.1089525185541519, 0.12006008441303315, 0.11502671286935683], [0.11349133454592017, 0.10285374723943325, 0.12500000000000003, 0.12111765032943586, 0.10153394088446997, 0.09235179992845101, 0.10819195905632181, 0.11930497347283227, 0.11615459454313577], [0.11451159517368752, 0.10192906297671887, 0.1244393116442396, 0.1218316187338503, 0.10052685676619047, 0.09238953734780739, 0.11023528425408308, 0.12068799857947476, 0.11344873452394826], [0.1139109029689366, 0.1022321131830327, 0.12499999999999999, 0.12163470045477291, 0.10086926083168654, 0.09222701888989945, 0.10923828531472017, 0.12028210221984482, 0.1146056161371067], [0.11362426914919406, 0.10281873162768781, 0.12456225107767249, 0.12109162524396115, 0.10151700105757158, 0.0924776307633831, 0.1083799236631364, 0.11963161583038008, 0.11589695158701348], [0.11326973065120371, 0.10313616072974487, 0.12431109204196442, 0.12098603871243956, 0.10187969040086481, 0.09256393006687749, 0.1079623261911996, 0.11918839459986998, 0.11670263660583559], [0.1138715392426139, 0.10232817966255861, 0.12475881423271225, 0.12156837780948997, 0.10099244494187884, 0.09230403722969145, 0.10910673941768037, 0.12027426511871774, 0.114795602344657], [0.11419554529529112, 0.10216125454789847, 0.12420443899590695, 0.12157330900016362, 0.1008330948165803, 0.09258744991052126, 0.10997086214542101, 0.1205679338074413, 0.11390611148077595], [0.11320149200371632, 0.10305949588870651, 0.12446415017500609, 0.12087388505480412, 0.10189299259244061, 0.09261557732374254, 0.10791416489446684, 0.11935489914861219, 0.11662334291850478], [0.11330145541550038, 0.10291438476201548, 0.1247529992526284, 0.1209047704606475, 0.101739295371726, 0.09254711434458678, 0.10802909846229362, 0.11948194760100771, 0.11632893432959415], [0.11465373775768058, 0.10172321454665571, 0.12445182171248172, 0.12188744532038805, 0.10041340254681666, 0.09241170003206733, 0.11026525612850738, 0.121136440618273, 0.11305698133712948], [0.11435251709975205, 0.10184914057141367, 0.1246958308077499, 0.12160778752297301, 0.10057618162040995, 0.09244297317179687, 0.11005660302498388, 0.12098497170336132, 0.11343399447755935], [0.11344974847371272, 0.10281871475292434, 0.12439448275164333, 0.12084798991588688, 0.10167290706462784, 0.09266568203647149, 0.10824539472479108, 0.11995591629378669, 0.11594916398615564], [0.11364272583305869, 0.10225426673561641, 0.125, 0.12131900172635775, 0.10106833615873267, 0.09238950414292027, 0.10893410253973711, 0.1205924997123614, 0.1147995631512157], [0.11412225096048183, 0.10194171510399992, 0.1246892246648729, 0.12145764738387324, 0.10072668294178765, 0.09253501526527975, 0.10988160353621709, 0.12098403652566106, 0.1136618236178268], [0.11358827155772132, 0.10240418232979655, 0.12463848259006907, 0.12121506380987326, 0.10125631748388794, 0.09251277756533301, 0.10874569904329522, 0.12055278419914024, 0.11508642142088339], [0.1132693426270033, 0.10286272204960306, 0.12453673171408214, 0.12075827804529529, 0.10178563375716711, 0.09268831964506033, 0.10804388251554875, 0.11986475923105183, 0.11619033041518802], [0.11350574404207604, 0.1023646539384347, 0.12469994305370782, 0.1211294449706649, 0.10127768978630428, 0.09255602838578779, 0.10871130864696651, 0.1207052025066999, 0.11504998466935804], [0.11356264156523423, 0.10225836838676874, 0.12473704531183322, 0.12119698418988384, 0.10116127636316194, 0.09255505359009844, 0.1089601912556665, 0.12082492540232333, 0.11474351393502977], [0.1130456672229414, 0.10298474671249842, 0.1244173728575745, 0.12060343770438905, 0.10201463562415541, 0.0928297134930677, 0.10781470406155907, 0.11975408695040658, 0.11653563537340786], [0.11373645796206117, 0.10225072571908035, 0.12424988434162124, 0.12123611506234809, 0.10114255192622595, 0.0927148523525037, 0.10932372934270768, 0.12090966477674009, 0.11443601851671184], [0.11294512761922655, 0.10305271465454338, 0.12428172510745641, 0.12054417419949476, 0.10211385503281345, 0.09287153803094447, 0.10770510620906969, 0.11976318770006873, 0.11672257144638257], [0.11404560274413054, 0.10177852683006053, 0.12500000000000003, 0.12150116284335781, 0.10065477002096052, 0.09248175957221443, 0.10975444661473471, 0.12126397933765, 0.11351975203689159], [0.1133380103735257, 0.1026516721958879, 0.12424767868865136, 0.1208182081873114, 0.10166068024129944, 0.09279932277201917, 0.108277482269669, 0.1205649519317277, 0.11564199333990836], [0.11330108149316374, 0.10272855225573996, 0.12420038363966358, 0.12073205204765457, 0.10175053761133318, 0.09284766405648161, 0.10816476891181062, 0.12047580363577705, 0.11579915634837569], [0.1133108683826114, 0.10268912406641752, 0.1242368032162821, 0.12076598024227761, 0.10170941922511756, 0.0928248773489741, 0.10821000400382642, 0.12052619302203477, 0.11572673049245853], [0.1135673136726681, 0.10224276593267935, 0.12432465007799665, 0.12105760225870016, 0.10123684177308308, 0.09279547078655923, 0.10915232137088177, 0.12110770687788226, 0.11451532724954928], [0.1133431620197858, 0.10236311633714398, 0.12457062364818722, 0.12093060467546451, 0.10140570354237863, 0.09271731831128556, 0.10860510512175736, 0.12098637320105327, 0.11507799314294366], [0.11335278994828672, 0.10231503669534216, 0.1245714844851703, 0.12094039226325044, 0.1013656781271402, 0.09273371565982774, 0.10870687709585362, 0.12107402967037961, 0.11493999605474921], [0.11405508252975335, 0.10151834806490369, 0.125, 0.12204023954688067, 0.10049120685798911, 0.09238799249777796, 0.10967463399298459, 0.12163740620707883, 0.1131950903026318], [0.11300919154660921, 0.10247286652306722, 0.12461448729675796, 0.12051607078899758, 0.10171466497522423, 0.09291011020140683, 0.10809923281556857, 0.12115208454678912, 0.11551129130557918], [0.11271462056465789, 0.10298274275989676, 0.12400245852017207, 0.12012567971561847, 0.10233512058310738, 0.0932438165952476, 0.10756942673632082, 0.12043100082310366, 0.11659513370187535], [0.11312007126696651, 0.10231197223274413, 0.12454284442100828, 0.12065951745955385, 0.10152884506176818, 0.09290970738784732, 0.1085023366787875, 0.12140512436024535, 0.11501958113107888], [0.11300992909324557, 0.10243586613712756, 0.12447790708793666, 0.12052220527836446, 0.10170283226358663, 0.09296338101987303, 0.1081982318518819, 0.12130968814515931, 0.11537995912282502], [0.11377308123754146, 0.10154661338974671, 0.12470642849203162, 0.12215227270131408, 0.10065248055177697, 0.09251818521086803, 0.10942530656938862, 0.12187085300006031, 0.11335477884727209], [0.1127524337102636, 0.10273800238202721, 0.12444573416056466, 0.12009664462884721, 0.10211392491852964, 0.09314461307310039, 0.10764333748393332, 0.12091682784603212, 0.11614848179670186], [0.1126952019200284, 0.1027582280221533, 0.1244092932652075, 0.12002109531981264, 0.10217390352329243, 0.09319710663666132, 0.10759051632088414, 0.1209475550398971, 0.11620709995206317], [0.11269670605613681, 0.10247118523192443, 0.125, 0.12015659933476815, 0.10189099733359645, 0.09300760312732888, 0.10769983968113468, 0.12132647649999186, 0.11575059273511872], [0.11293228342971766, 0.10214324746129054, 0.125, 0.12053348570852235, 0.1014774021145685, 0.0929267292918356, 0.10845740258012275, 0.12172963696989213, 0.11479981244405048], [0.11291197768772183, 0.10222563886289864, 0.12481234330273167, 0.1204195662551506, 0.10157991255404107, 0.09299773927032304, 0.10837592458620317, 0.1217263055282874, 0.11495059195264268], [0.1125080527315641, 0.10276843996152656, 0.12436851835105753, 0.11980495453682578, 0.10232301276253221, 0.09334927870721359, 0.10742733721875504, 0.12115279618928007, 0.11629760954124514], [0.11300818872454552, 0.10192509258132586, 0.12460431103668862, 0.12143420222578094, 0.10126971485913018, 0.09291953088536788, 0.10877405696998961, 0.12182004554597776, 0.11424485717119374], [0.11269756189059267, 0.10224335572128353, 0.12500000000000003, 0.12019313384393453, 0.10171796219981602, 0.09305358050618165, 0.10805265299689756, 0.12186492262425799, 0.11517683021703615], [0.1125404738285201, 0.10243620509260168, 0.125, 0.11998573784811115, 0.10197620581744613, 0.0931235548962356, 0.10760154248618614, 0.12160245188461494, 0.11573382814628425], [0.11231468098807536, 0.10279969418646794, 0.12427033705166311, 0.1195708406636488, 0.10250073827455493, 0.09352954116188782, 0.10726001062639015, 0.12134120537943659, 0.11641295166787544], [0.1127725854849652, 0.1018918803702733, 0.12471101389746311, 0.12138865263807994, 0.10135731648733007, 0.09295141440531939, 0.10849559312421447, 0.12206027393644898, 0.1143712696559055], [0.11263459299193584, 0.10173448466739353, 0.125, 0.12169101010240437, 0.10126637675294474, 0.09288569136984626, 0.10841496566449861, 0.1221718321813421, 0.11420104626963455], [0.11291832271843487, 0.10159009524511393, 0.12445324225153015, 0.12223960743015916, 0.10107963118377152, 0.0928297312645225, 0.1086615400124248, 0.12241843036720484, 0.11380939952683822], [0.11179352592108395, 0.10281294935150001, 0.125, 0.11918166367842149, 0.10274753029298404, 0.09355641616706263, 0.10669041654002315, 0.12128316714602293, 0.1169343309029018], [0.11254153379981459, 0.10176995342116725, 0.12484749158085275, 0.12162042627255314, 0.1013606103439179, 0.09295856992551477, 0.10829708728639464, 0.12229824210280467, 0.11430608526698029], [0.11215483684971604, 0.10236514081850188, 0.125, 0.11966539295400601, 0.10218597439972611, 0.09338332630968003, 0.10731387033006172, 0.12219876890066397, 0.11573268943764421], [0.1124584693227982, 0.10167115023680973, 0.125, 0.12183968121325614, 0.1013036926490214, 0.0929271487619346, 0.10825892117968261, 0.1223585692926421, 0.1141823673438552], [0.11190272295047471, 0.10278107949538828, 0.12450468039569298, 0.11910570585433178, 0.10276813331662028, 0.09378457563054081, 0.10688661169516848, 0.12169289782132507, 0.11657359284045747], [0.11215235877836251, 0.10210823959262405, 0.125, 0.12032773445760575, 0.10191478390592867, 0.09321945822919506, 0.1075158955412757, 0.12249051765014841, 0.11527101184485984], [0.11227107920518703, 0.10197223381959981, 0.12457873353337906, 0.12100938618709194, 0.10171743364135828, 0.09318000724709265, 0.10786864202778707, 0.1225735816908537, 0.11482890264765049], [0.11235539321875326, 0.10165635869931969, 0.12484582618889137, 0.12194562619011533, 0.10135904639838253, 0.09299766153381338, 0.10817344914493789, 0.12248770415245352, 0.11417893447333316], [0.11238291673187897, 0.10161293915375498, 0.1247571827088182, 0.12207306340535173, 0.10132572275521318, 0.09298631481125993, 0.10818423975275601, 0.12257568347648634, 0.1141019372044805], [0.11219455753631134, 0.10179721747249887, 0.12453216215432285, 0.12155609279885263, 0.10160082290318503, 0.09315935648417915, 0.10791680037139395, 0.12272898200303275, 0.11451400827622343], [0.11235883583849782, 0.10156770852371173, 0.12461035474468975, 0.12222004980760325, 0.10132169716284589, 0.09300520244645642, 0.10814712390718045, 0.12273135393701291, 0.11403767363200176], [0.1119538200686931, 0.10188369562119853, 0.12491074484618876, 0.12094177472323303, 0.10179979609247392, 0.09320120472545797, 0.10750176666194182, 0.12288001938250392, 0.11492717787830899], [0.11225276910437025, 0.10157324962723174, 0.1245245168399443, 0.12223819192889031, 0.10139019676834365, 0.09307367062243861, 0.10805084096309486, 0.12282061181882065, 0.1140759523268655], [0.11175592592232189, 0.10246653767449927, 0.12463103204322347, 0.11946109297226987, 0.10257293660414638, 0.09373372015587661, 0.10685463029658893, 0.12247199978263165, 0.11605212454844194], [0.11188238096453801, 0.10187276538654975, 0.12500000000000003, 0.12088805483655689, 0.10182855909621107, 0.09320937894464786, 0.1074070431337129, 0.12294136315638379, 0.11497045448139984], [0.11158343001087853, 0.10257457616966406, 0.12500000000000003, 0.11904562989046516, 0.10276930426588189, 0.09381840209313358, 0.106601038354818, 0.12220439741804225, 0.11640322179711664], [0.11170194212779516, 0.10218630658993214, 0.125, 0.11994699067048986, 0.10228704941355594, 0.09349644035734303, 0.10693173056286596, 0.12278247623240837, 0.11566706404560953], [0.11152473070773555, 0.10251514816864317, 0.125, 0.11911464480321177, 0.102754834233028, 0.0938336757877402, 0.1065587707376402, 0.12238779984076059, 0.11631039572124052], [0.11175983433086135, 0.10173231515931941, 0.12485148610564394, 0.12135661492266786, 0.10176526650629937, 0.09323465355924579, 0.10741759206075475, 0.12317151571647121, 0.1147107216387363], [0.1116445134162959, 0.10209124560016418, 0.12465550990458299, 0.12032497764651984, 0.10223837707833779, 0.09352623199902954, 0.1069951494536442, 0.12306902276606868, 0.11545497213535687], [0.1115115443993121, 0.1024287073195488, 0.12471751373383852, 0.11943619255461667, 0.10269055340455716, 0.09383431961063568, 0.10660432322585764, 0.12265993582670746, 0.11611690992492585], [0.11160130108127758, 0.10176746859054214, 0.12493691594639798, 0.12110030620906169, 0.1018933116291062, 0.09330094291126922, 0.10718432424213682, 0.12331822366076274, 0.1148972057294456], [0.11161494109496414, 0.10168941522090752, 0.12499999999999999, 0.121331345851492, 0.10179849734157982, 0.09324774609670415, 0.10726366661542953, 0.12331832189535938, 0.11473606588356335], [0.11154703755554485, 0.10173851840333988, 0.12499999999999999, 0.12112604766298923, 0.10189278326051772, 0.09329956534435968, 0.107135857275613, 0.12337873867353304, 0.11488145182410249], [0.11132889074921856, 0.10246941765863248, 0.1246653288581047, 0.11931090353018138, 0.10286116181882296, 0.09398824977397294, 0.10640451138871558, 0.12272150858846906, 0.11625002763388222], [0.11163157055986403, 0.10164155659944679, 0.12463933791250532, 0.12172976970151626, 0.1017701522196525, 0.09332102383383076, 0.10738385475652057, 0.12335924877943859, 0.11452348563722531], [0.11139157240750883, 0.1019780378078429, 0.12445631717777712, 0.12060514981836382, 0.10228724382883175, 0.09362790406484406, 0.10683404689127679, 0.12349895745974636, 0.11532077054380836], [0.11256416238295523, 0.10993012247346534, 0.11011815432627033, 0.12293147803232338, 0.10766647070801251, 0.09651795575152085, 0.10495180936313589, 0.111043839982874, 0.12427600697944267], [0.1125018280002812, 0.109961659902985, 0.11002189827598942, 0.12296476543201564, 0.10774570698156026, 0.096580841997628, 0.10486173261329894, 0.11099289965637622, 0.12436866713986536], [0.11262018932096983, 0.10935634126783932, 0.11113100828020475, 0.12221950833489666, 0.10708206452619395, 0.09602496479867961, 0.10531752468495179, 0.11188451357599667, 0.12436388521026744], [0.11273163241189381, 0.10897898932959241, 0.11188772954489655, 0.12169357035170693, 0.10662486887830355, 0.09566039501755404, 0.10567914270169461, 0.11244210678345382, 0.12430156498090422], [0.11198988663785639, 0.11000706480432088, 0.10965899050194497, 0.12284499495094434, 0.10825200910834189, 0.09701332940958761, 0.10426649518560918, 0.11096722940139474, 0.125], [0.11180256611228095, 0.11066559633485924, 0.10884790946149527, 0.12299252987866888, 0.1091950179454843, 0.0979954160671642, 0.10399834492793049, 0.11039381755291126, 0.12410880171920544], [0.1120981009323324, 0.10937139156499186, 0.11077403813020115, 0.12222520155582799, 0.10754453684978746, 0.0963985859834751, 0.10469060694018104, 0.11189753804320303, 0.125], [0.11202452285292169, 0.10937068918037135, 0.11079151156729293, 0.12217799183021155, 0.10763541329028688, 0.09650131078184845, 0.10463098838130187, 0.11197497916576893, 0.1248925929499962], [0.11218644507317511, 0.10851915403563864, 0.11238714644559107, 0.12115675268853014, 0.10661098189217576, 0.09564405580176892, 0.10529322039959599, 0.11320224366352437, 0.125], [0.11184286113977145, 0.10937087411716914, 0.11071544072560523, 0.12211190677268027, 0.1078167777177658, 0.09667277093816985, 0.10443760302533817, 0.11203176556350011, 0.125], [0.11203675863738057, 0.10856051460250132, 0.11233866949943475, 0.12115501402321241, 0.10682901632142289, 0.09587554894475159, 0.10513700896062449, 0.11330384271064627, 0.12476362630002576], [0.1119857622024095, 0.10881328757104904, 0.11194568098324395, 0.12141719858460867, 0.10717910606239539, 0.09620544310977036, 0.10496857524706932, 0.11304463196080734, 0.12444031427864659], [0.11189238562569508, 0.10899718086205967, 0.11161370808896771, 0.12159419428181373, 0.1074777637451985, 0.09647933343417765, 0.10477911759956948, 0.1128425751412347, 0.12432374122128348], [0.11104417149486068, 0.11055293380432915, 0.10870090394753289, 0.1221586017709531