[[0.11887809554839364, 0.11548325650664643, 0.12275450096692182, 0.10771313863450539, 0.10574950645709585, 0.1247373632483951, 0.10215947402881737, 0.10342360760835104, 0.09910105700087339], [0.11946594155904845, 0.11605252221035428, 0.12308624022181805, 0.1076379954554292, 0.10538974185032213, 0.12488574634560934, 0.10181013137084556, 0.10315150642321523, 0.09852017456335778], [0.11875826144282305, 0.11550344591472468, 0.12258963882508432, 0.10767463085843001, 0.10570012391988634, 0.1248537669167365, 0.1022234849488503, 0.10349801606537899, 0.09919863110808581], [0.1188849980729017, 0.11561514878931686, 0.12270910211663631, 0.10766199984207304, 0.10563345124025635, 0.12482521345707417, 0.10215084141743484, 0.10344027788663619, 0.0990789671776705], [0.11943024209149722, 0.11611409017821123, 0.12298743933265481, 0.10760704442556246, 0.10532931420376011, 0.125, 0.10182183716681786, 0.10317612025845035, 0.09853391234304593], [0.11926997790774987, 0.11603910251055242, 0.12289719286044336, 0.10763384900311103, 0.10540897408752238, 0.12472288822852802, 0.10196793842534904, 0.10331144551732717, 0.0987486314594167], [0.11876080442130599, 0.11557572541803053, 0.1225661692698506, 0.10763110860628329, 0.10561587796995921, 0.125, 0.10219867026777965, 0.10348935753107008, 0.09916228651572066], [0.11874435566799184, 0.11568095041092176, 0.1224942278735233, 0.10762625623768336, 0.10557282695456865, 0.12483133488272757, 0.10225784248731462, 0.10356402782521702, 0.09922817766005186], [0.11831564815218924, 0.11538818885577067, 0.122034277702291, 0.1076347364920977, 0.10571723349398723, 0.12499999999999997, 0.10250490627587287, 0.10377765290831728, 0.09962735611947383], [0.11887325717167316, 0.11595005330429316, 0.12249968399945148, 0.10755475501680228, 0.10536996242064899, 0.12499999999999997, 0.10216659368075659, 0.10351687669287564, 0.09906881771349854], [0.11925899181004644, 0.11640724573312648, 0.12293991776024678, 0.10755544924094348, 0.10516937143123897, 0.12450885971966924, 0.10200344757178445, 0.10340592683570703, 0.09875078989723712], [0.11829940310495511, 0.11546486129688957, 0.12198694083852106, 0.10762916880350466, 0.10568306081293305, 0.12486595180239345, 0.10255210104377349, 0.10383690308190935, 0.09968160921512025], [0.11910098543510243, 0.11630564937288258, 0.12268252784522261, 0.10757638391263984, 0.10524996594020403, 0.1244679706618903, 0.10213661358055573, 0.10352630549054123, 0.09895359776096121], [0.11888792847007502, 0.11618236220708208, 0.12238112271857435, 0.10755996329525556, 0.10529112690038701, 0.12465845332130047, 0.10225490458807265, 0.10363521124631005, 0.09914892725294278], [0.11928034870067239, 0.1166757003271122, 0.12330840323051995, 0.10737658927070533, 0.10482473956806335, 0.125, 0.1018045113296235, 0.10326488130142429, 0.09846482627187902], [0.11863003644479012, 0.11591960007258703, 0.12221875785466178, 0.10758677212143725, 0.10544175550143473, 0.12461399469143981, 0.10241360031267742, 0.10376049620794953, 0.09941498679302234], [0.11918821464379377, 0.11661449706258212, 0.12313155947124706, 0.10741527948583546, 0.10490960527920883, 0.12480014585237041, 0.10192608219229754, 0.10337555847579828, 0.09863905753686633], [0.11904992309670115, 0.11648040468358764, 0.12282223063576642, 0.10749941864250928, 0.10508626737124814, 0.12444501332485579, 0.10213032723181961, 0.1035543547362268, 0.0989320602772852], [0.11806957368073749, 0.11544776414496519, 0.1216843748735946, 0.1075850281726323, 0.105641891042449, 0.125, 0.10269215114858675, 0.10398611377820624, 0.09989310315882846], [0.11893361751885446, 0.11639854159037068, 0.12264115851452488, 0.1074901898634376, 0.10511414651617716, 0.12458074257711675, 0.1021927906753231, 0.10361012602039667, 0.0990386867237985], [0.11859542051363617, 0.11604172402753016, 0.12210224797426289, 0.10756532909206853, 0.10537089329178023, 0.12455259617770156, 0.10246615022081276, 0.1038335032012621, 0.09947213550094572], [0.11886245497999484, 0.11635978954603961, 0.12254538128024248, 0.1074760202849398, 0.10511518325704557, 0.12468955815228343, 0.1022221671855077, 0.10363803972108535, 0.09909140559286125], [0.11799950385229807, 0.11542375890523471, 0.12159217990648617, 0.10760439965658704, 0.10567932751819765, 0.12486888041049965, 0.10277026633771569, 0.10405967181887509, 0.10000201159410581], [0.11870540626414978, 0.11623927062085535, 0.1222945879881849, 0.10747078636525838, 0.10516441325357453, 0.12485749495993848, 0.10231114484722326, 0.10371556548174599, 0.09924133021906931], [0.11856047960173824, 0.11609376906923258, 0.12202632732876159, 0.10754884567776433, 0.10533209152241199, 0.12456237014927732, 0.10249533090851722, 0.10387289707870984, 0.09950788866358691], [0.11824479477376164, 0.11578531540243968, 0.12179038232733203, 0.1075411635117156, 0.10545241869235926, 0.12480469743481042, 0.10263619763349063, 0.10398008653999771, 0.09976494368409307], [0.11805712585069328, 0.11558744787752158, 0.12161783709764137, 0.10757811468659907, 0.10558239218006842, 0.12476189211517973, 0.10276434410325389, 0.10407965785028618, 0.09997118823875645], [0.11889417307092003, 0.11661325419912157, 0.12281440183024046, 0.10739487561446842, 0.10490937990782058, 0.12462946690711527, 0.10215681966211324, 0.10361580782956792, 0.0989718209786325], [0.11863719412529711, 0.11629442721660971, 0.12229678877758147, 0.10741363970066937, 0.10507232936040536, 0.12499999999999997, 0.10231001827208464, 0.10373132253220646, 0.09924428001514575], [0.11815258434878832, 0.11574415677148242, 0.12168700494712394, 0.10753413126192762, 0.1054625250694804, 0.12484417934868315, 0.10269122930445637, 0.10403265995621883, 0.09985152899183895], [0.11835059660605586, 0.11597587902653479, 0.12183132453860479, 0.10753694065433674, 0.10537168292892311, 0.12462240526084556, 0.10261840070024651, 0.10398673546482064, 0.09970603481963201], [0.1184913977795159, 0.11615349569482407, 0.1219907700335217, 0.10750753474349904, 0.10525929412383284, 0.12461426987007213, 0.10252231440387595, 0.10391545398573426, 0.09954546936512397], [0.11855886496220608, 0.11626499528773702, 0.1221810231316596, 0.107434579322602, 0.10511649297473102, 0.12485773070934524, 0.10239959214694033, 0.10381609205774678, 0.09937062940703177], [0.11780110798001313, 0.11541591400980324, 0.12166082104245292, 0.10751046282802044, 0.10556488543224346, 0.125, 0.10282083495678968, 0.10412764978498859, 0.1000983239656885], [0.11811465023753871, 0.1158037816442466, 0.12178380412455048, 0.10746485785207466, 0.10535031627633253, 0.125, 0.10265630667542863, 0.10401692331561571, 0.0998093598742127], [0.11779586063450306, 0.11545655849839759, 0.12172728966686665, 0.10749649497732179, 0.1055316602536835, 0.12491916377440576, 0.10282724671021265, 0.1041421341092064, 0.10010359137540258], [0.11855610794219767, 0.11645033420704326, 0.12233223517429317, 0.10738344650534286, 0.10497979080234854, 0.12472726391383686, 0.10239220222668048, 0.1038403763159053, 0.09933824291235169], [0.11840171139052195, 0.11623445934006296, 0.12207588977805896, 0.10744444798892391, 0.10515054937121501, 0.1246135907463431, 0.10254375004894681, 0.10395893783997598, 0.09957666349595144], [0.11813265179462991, 0.11589609020923296, 0.12187435357888406, 0.10745202840886647, 0.10529863359904625, 0.12484232836812702, 0.10266239642888614, 0.10403728677987173, 0.09980423083245545], [0.11879321618925147, 0.11685970770050141, 0.12294152092118303, 0.1072414736241348, 0.10461848101723986, 0.12499999999999997, 0.10208491909501222, 0.10359829835738868, 0.09886238309528837], [0.11844310820280052, 0.11635000012496563, 0.12217788422244073, 0.10739927365223458, 0.10504516748731173, 0.1247018415671151, 0.10248297861144157, 0.10391876921183994, 0.09948097691985021], [0.11861516122355721, 0.11666853778961643, 0.12259804293278492, 0.10727409552349312, 0.10474790527969635, 0.125, 0.10224483906515472, 0.10373456464375946, 0.0991168535419378], [0.11850788503638778, 0.11650849747909604, 0.1223223208076418, 0.10737073287080864, 0.10494434153069526, 0.12462399600974987, 0.10243580269487261, 0.1038946873641492, 0.09939173620659879], [0.11791299753225527, 0.1157727517547557, 0.12198676693876187, 0.10742308882878444, 0.10531435369401855, 0.12470306068924308, 0.10276836917947116, 0.10413602211847739, 0.09998258926423252], [0.11822557410116806, 0.11637528890219431, 0.12242765983263232, 0.10732372113434457, 0.10494688529955366, 0.1244566539267263, 0.10257911468123151, 0.10403486845608352, 0.09963023366606573], [0.11752339063759157, 0.11545278910728568, 0.12207110063457888, 0.10738343361428633, 0.10539058038358105, 0.1247277908651254, 0.10292309581365132, 0.10426132127304487, 0.10026649767085491], [0.11855185034804856, 0.11710418213418954, 0.12279891412023469, 0.10716086457835246, 0.10443633971916236, 0.12487069526605123, 0.10223482135601414, 0.10379624916144124, 0.09904608331650576], [0.11857549494292646, 0.1171658451324514, 0.12285131210021737, 0.1071636032021302, 0.10441485869048821, 0.12477885649170971, 0.10222876966212259, 0.10379666009909214, 0.09902459967886193], [0.11758241245198968, 0.11556637429713534, 0.12216139050312105, 0.10731026682956679, 0.10525061304833644, 0.125, 0.1028214996084998, 0.10418505938706336, 0.10012238387428747], [0.11846380982908483, 0.11692246635510621, 0.12264640379315356, 0.1072020679345152, 0.10456649895174228, 0.12476583686445189, 0.10233920825806567, 0.10387533060860855, 0.09921837740527162], [0.11827909836295057, 0.11659481079825998, 0.12261832446373096, 0.10725432861278754, 0.10477003837469409, 0.12450029253761917, 0.10249874091627395, 0.10399144217929744, 0.09949292375438612], [0.11847774742384931, 0.11704986088990679, 0.12269156616706219, 0.10714399149069982, 0.10443949978149192, 0.125, 0.1022663284006821, 0.10382558986903526, 0.0991054159772726], [0.11790146478661373, 0.11602841018152119, 0.12231869450879043, 0.10733182615569818, 0.10509951626734357, 0.12444203692764312, 0.10275843305644584, 0.10417529897603396, 0.09994431913990982], [0.11762097398315575, 0.11566364315105591, 0.12224231319560963, 0.10730478928357011, 0.10520655177248206, 0.12482983742103541, 0.10282311858759013, 0.10420041602011391, 0.10010835658538689], [0.11812679379644986, 0.11654110158424986, 0.12272476212960955, 0.10720969966463707, 0.10473813740855831, 0.124457250515578, 0.10255580507544974, 0.10405222975399911, 0.09959422007146847], [0.11815249190336816, 0.11662668353376375, 0.12278908509783042, 0.10720400379583073, 0.10469749049740126, 0.12435414490771692, 0.10254923664795437, 0.10405690239472346, 0.09956996122141108], [0.11823676623560725, 0.11689408894725303, 0.12290745003524509, 0.10712688870408428, 0.10449021216549174, 0.12457466105395842, 0.10242711438813706, 0.10397688702944112, 0.09936593144078217], [0.11799299362589602, 0.11642212882402414, 0.12272086382964685, 0.10716262306487745, 0.10472549040342422, 0.12468943956281985, 0.10257201706939173, 0.10406324625103798, 0.09965119736888174], [0.11828268380586361, 0.11703255491692874, 0.12291367544772829, 0.10709106397929795, 0.10438756981611508, 0.12474381173155405, 0.10236140281495437, 0.10393182367970358, 0.09925541380785433], [0.11790386183624689, 0.11631060831509828, 0.12266108921781364, 0.10714662913845127, 0.10474906222698359, 0.1248536899743323, 0.1025936482165929, 0.10407487798768009, 0.09970653308680102], [0.1175567992493145, 0.11578910589921601, 0.12248063315848953, 0.10720504160319846, 0.10502968736264261, 0.12485718902766728, 0.10279779811590053, 0.10420925728361707, 0.10007448829995397], [0.11819924279161961, 0.11692664972470772, 0.12297124826649262, 0.1071004627988502, 0.1044447040578579, 0.12457143548616022, 0.10242927819988004, 0.10398793609726517, 0.09936904257716654], [0.11782706154955355, 0.11621707338218253, 0.1225944215893078, 0.10715878540913033, 0.1048025820120577, 0.12483281728697677, 0.10264942190195171, 0.10411870960072245, 0.0997991272681173], [0.11778094735635476, 0.11617713956142997, 0.1226148939555536, 0.10716119784296232, 0.1048220686926712, 0.12476650582295652, 0.10268104718193836, 0.1041460126628265, 0.0998501869233068], [0.11772935799526947, 0.11610049372206464, 0.12261122494641433, 0.10718900020233807, 0.10488886958252161, 0.12460746796831476, 0.10274039562285399, 0.10419258464882752, 0.09994060531139574], [0.11756879716817188, 0.11589702367845328, 0.12257938962935823, 0.10716540445425939, 0.10493703199485678, 0.12483634943864279, 0.10277545394879864, 0.10420750582987336, 0.10003304385758567], [0.11794010810074654, 0.11655908134615342, 0.12293961433795647, 0.10710475667992887, 0.10459973727027917, 0.1245357284726667, 0.10257756064959433, 0.10409667739441465, 0.09964673574825982], [0.11778595330083173, 0.11628620577908902, 0.12273811401136309, 0.10708287488446062, 0.10467753188167192, 0.12499999999999997, 0.1026009856427276, 0.1040914911070585, 0.09973684339279737], [0.11747199385228087, 0.11581101097938754, 0.1226171110631071, 0.10712933099163631, 0.10492317590526097, 0.12500000000000003, 0.10277865306836413, 0.10420664301103047, 0.10006208112893275], [0.11798181572244368, 0.11671605569918742, 0.12306442495318616, 0.10709788020916697, 0.10453042793942341, 0.12431222384300976, 0.10257305204660902, 0.10411236779762215, 0.09961175178935146], [0.11779150263614374, 0.11636414900599887, 0.12284010156559849, 0.10706978569114899, 0.10463105107573668, 0.12486812827832855, 0.10260258342778658, 0.10410530106610828, 0.09972739725314983], [0.11767879376383691, 0.11624785417767136, 0.12280584599645217, 0.10707297434225256, 0.10468184923972038, 0.12483169827826861, 0.10267237616379651, 0.104162635194021, 0.09984597284398047], [0.11758565402429134, 0.11613167962721313, 0.12282715757053198, 0.10710460409635711, 0.10476920035471197, 0.12459524299150816, 0.10276327371104166, 0.10423630614602887, 0.09998688147831576], [0.11763652655946276, 0.11642081178540593, 0.12305536086006179, 0.107005151240333, 0.1045288227096823, 0.12466645371045623, 0.10266894425410948, 0.10419358097660404, 0.09982434790388449], [0.11729972956674038, 0.11589186903337795, 0.12294339119260811, 0.10703635389859695, 0.10477293630362003, 0.1247627053814626, 0.10283999366075999, 0.10429853303905916, 0.10015448792377471], [0.11726793985673085, 0.11599130995456515, 0.12307417107572971, 0.10694441304812374, 0.10461496807872257, 0.125, 0.1027759729693295, 0.10426262072735665, 0.10006860428944182], [0.11770122493465719, 0.11710762733517631, 0.12363172480723675, 0.1067607242282129, 0.10394577537223094, 0.125, 0.10241052585988361, 0.1040546740336132, 0.09938772342898916], [0.11729074761853878, 0.11607746335379525, 0.12313710846089237, 0.10694077718729288, 0.10457784300115278, 0.12485485221746373, 0.10278113065470751, 0.10427966646346007, 0.10006041104269665], [0.11755501552288049, 0.11707161315540597, 0.12380892181167742, 0.10672446104034697, 0.10391575073025072, 0.12479758959232552, 0.1024849466560737, 0.10413521910322482, 0.09950648238781437], [0.11712553420741038, 0.11597331941566148, 0.12326291128283982, 0.10690598147513913, 0.10457207554782733, 0.12479059640896474, 0.10284745090568442, 0.1043422054839722, 0.10017992527250064], [0.11742396059886434, 0.11673821258121513, 0.12368117751920665, 0.10673297291160566, 0.10405488868984382, 0.12499999999999997, 0.10254900200483395, 0.10416052619738965, 0.09965925949704062], [0.11730832795639283, 0.11643751737001183, 0.12341242639321533, 0.1067978583675216, 0.10425480192381988, 0.125, 0.10267330347567614, 0.10424058490475646, 0.09987517960860591], [0.11737634187067261, 0.11671940986436806, 0.12370647587358481, 0.10672884845382294, 0.10405736310046625, 0.12492404950149852, 0.1025827052932724, 0.10419425060427057, 0.09971055543804365], [0.11705693738207648, 0.11600882958270256, 0.12339442333657354, 0.10687133994308162, 0.10451340316276853, 0.12467804380339723, 0.10287512731689503, 0.10438242534576472, 0.10021947012674012], [0.11704521404093235, 0.11631860505621665, 0.12369105397798677, 0.10670107915807396, 0.10417362519148536, 0.125, 0.10274108660709488, 0.1043157459364553, 0.10001359003175475], [0.11705597217226495, 0.11641242321245951, 0.12374728555110336, 0.10669718260422871, 0.10413342378287621, 0.12484614494404214, 0.10275330824783065, 0.10434103959402746, 0.10001321989116721], [0.11691039896717352, 0.11611526193705961, 0.12366465558644286, 0.1067103769726768, 0.10426176583397838, 0.125, 0.10281636464093953, 0.10436682136815185, 0.10015435469357742], [0.10145084176776559, 0.12369268034882301, 0.09862642415572703, 0.1152673828405298, 0.11044947319192609, 0.08989482120103275, 0.12486381572102033, 0.11797546197736512, 0.11777909879581024], [0.10244594025996301, 0.12283643446862812, 0.09980514873931869, 0.1153093298502111, 0.10989463096354989, 0.09091007761051614, 0.12436556752521384, 0.11769078936455266, 0.11674208121804655], [0.10191577406480873, 0.12342536526673652, 0.09919795248180818, 0.11522327536272062, 0.11012234261791058, 0.0903556132909783, 0.12460689267693363, 0.11786744028214076, 0.11728534395596266], [0.10140268664474655, 0.12361077739885794, 0.09863598165284101, 0.11519338209017074, 0.11038629179397647, 0.08989629261322726, 0.1249417805372155, 0.118060156725439, 0.11787265054352553], [0.10138202697643357, 0.12355756085745757, 0.09865840883886345, 0.11513849007969994, 0.11032628739506672, 0.08990592035446222, 0.12500000000000003, 0.11811477858027394, 0.11791652691774268], [0.10132168626384364, 0.12341234684454931, 0.09864288855334265, 0.11512341453465294, 0.11044377481740472, 0.08997508127315582, 0.12462445740959056, 0.11825256582850142, 0.1182037844749589], [0.10192062060027865, 0.12304066203190808, 0.09942735589236053, 0.11499154894119276, 0.10976383500984539, 0.09049816643131167, 0.125, 0.11804311367463707, 0.11731469741846583], [0.10251097395458042, 0.12264309442514375, 0.10013511949331208, 0.1150234959805167, 0.1095748379510887, 0.0911735665798736, 0.12414211843539542, 0.11796866085423457, 0.11682813232585487], [0.10122206005359907, 0.12315216231929749, 0.09879489983696536, 0.11479846078303967, 0.1100493470020426, 0.0900286113609004, 0.125, 0.1185566763839508, 0.11839778226020463], [0.10136224383950267, 0.12303190417118753, 0.09907951105252569, 0.11464786724807612, 0.10976248238371743, 0.09022068503814229, 0.125, 0.11864113391756437, 0.11825417234928391], [0.10131767716356271, 0.12291033905075228, 0.09913429097143968, 0.11455044128904614, 0.10970542178085117, 0.09028912157248416, 0.12483124792693277, 0.11880878463620054, 0.11845267560873042], [0.1009168831139599, 0.12320405337708848, 0.0986052323766261, 0.11498161784334876, 0.11041488596226696, 0.09014629244946315, 0.12355367608735043, 0.11884782961330748, 0.11932952917658886], [0.10187308380163551, 0.12248654229932306, 0.09982491374553229, 0.11446884105599268, 0.10925218148053553, 0.090836408273687, 0.1247120970341855, 0.11869378386739139, 0.1178521484417169], [0.10262939478722674, 0.12208450058423052, 0.10065602319886367, 0.11432692212314434, 0.10889947423591902, 0.09151884727947199, 0.12432234015481086, 0.11855074135370174, 0.11701175628263112], [0.10195005541180266, 0.12222325271175567, 0.09998463941786481, 0.11431380758390951, 0.10900062676434939, 0.0909306699290101, 0.12500000000000003, 0.11880084614923685, 0.11779610203207111], [0.101134716193991, 0.12265120586548313, 0.09908937472155126, 0.11441258349880855, 0.10975176140370327, 0.09034168513604905, 0.12447093849045732, 0.11913316403806438, 0.11901457065189203], [0.1008712711775379, 0.12294138921332703, 0.09875758227990919, 0.11472506935065266, 0.11017743992007392, 0.09026514853294194, 0.12354352300020853, 0.11912963028133082, 0.11958894624401813], [0.10114964386753857, 0.1226077561573598, 0.09915717622612485, 0.11435902296548843, 0.10967784399831812, 0.09039199696463111, 0.12443186751501285, 0.11919313768772727, 0.11903155461779899], [0.10186722314445508, 0.1221493077695598, 0.10001851656484462, 0.11415886583441985, 0.10893138547455303, 0.09098071395504322, 0.12473173449300204, 0.11905064137502873, 0.11811161138909365], [0.10216521596619958, 0.1218936070524451, 0.10033321467296574, 0.11415191499475677, 0.10877017677560041, 0.091251214239927, 0.12464397634189987, 0.11899693557828851, 0.11779374437791686], [0.10069718227826517, 0.12279645405061072, 0.09873463824392972, 0.11458249419448624, 0.10999083203612797, 0.09023280282142596, 0.12376583596980016, 0.11932393232650525, 0.1198758280788489], [0.10096788691966634, 0.12231836297082227, 0.09916497287941715, 0.11417099703714184, 0.10971478005514314, 0.090538655353807, 0.12383135142113202, 0.119564162231069, 0.11972883113180123], [0.10154003877765677, 0.12206363337909266, 0.09983451045782572, 0.11389055190528195, 0.10881949124871025, 0.09079886021886116, 0.125, 0.11942296775424452, 0.11862994625832696], [0.10145439639505097, 0.12213497267534006, 0.09974982696361118, 0.11390409463518932, 0.10893551914851848, 0.09076424713029632, 0.12475720264943098, 0.11949056507299714, 0.11880917532956567], [0.10103778638352012, 0.12217590130356011, 0.09932592500028846, 0.1140730770274764, 0.10952332861606673, 0.09062202346740814, 0.12395565068164335, 0.11965530364854061, 0.11963100387149608], [0.10224073585631993, 0.12158637618734819, 0.10058866003518648, 0.11390281669596546, 0.10852513022825566, 0.09147695040534888, 0.12441853478969463, 0.11929828561251056, 0.11796251018937023], [0.10053974480315821, 0.12271044960938934, 0.09867704378445809, 0.1145484683431078, 0.10989952486135338, 0.09020285178472577, 0.12386225954850048, 0.11942995674157611, 0.12012970052373093], [0.10119678895464185, 0.12216041318897035, 0.0995286335068094, 0.11391594525741927, 0.1091645771983263, 0.09066560962175427, 0.12437303023062736, 0.11968141380804341, 0.11931358823340778], [0.10241533915348479, 0.12141985972066514, 0.10083595193532097, 0.11368326435913484, 0.10827506985395415, 0.09158444087025153, 0.125, 0.11924548255986726, 0.11754059154732133], [0.10194174435070283, 0.12170922483402373, 0.1003470735629363, 0.11379885338671553, 0.10855238012432103, 0.09126440507302987, 0.1244909716998225, 0.11950293902367407, 0.11839240794477415], [0.1014083021297731, 0.12201776623404921, 0.0997878928393845, 0.11378372446520824, 0.10886855723426457, 0.09081401533390927, 0.12461415210224848, 0.11967863077011913, 0.1190269588910435], [0.10052943984856572, 0.12253796623022617, 0.09877190085504378, 0.11434169216588763, 0.10972701047411443, 0.09024291259327001, 0.12404417178671215, 0.11959416259815585, 0.12021074344802442], [0.10119945821617762, 0.12206310756730807, 0.09958181331086656, 0.11381422522045978, 0.10904115957755485, 0.09068797573213667, 0.12449482826625345, 0.11976851384928193, 0.11934891825996106], [0.1023927559296493, 0.12133132758165165, 0.10086793245386123, 0.11362489821617765, 0.10823000071114318, 0.09162732757765263, 0.12488512269481018, 0.1193617865607712, 0.11767884827428296], [0.10154789346504416, 0.1217930572003827, 0.09999394600820843, 0.11366047669431337, 0.1085756077224182, 0.09092385093907601, 0.125, 0.11968738001199276, 0.11881778795856436], [0.10049236152460063, 0.12241960669477692, 0.09881565477623766, 0.11421867022226465, 0.10961175547230143, 0.09026292099212278, 0.12416115078031023, 0.11970861669650569, 0.12030926284088003], [0.10045166876673316, 0.12230170987190019, 0.09885671244830309, 0.11409787177065468, 0.10949692617965198, 0.09028181974737669, 0.12427786021732959, 0.11982328636043389, 0.1204121446376167], [0.10120326562643284, 0.12177827790117775, 0.09973219194658484, 0.11352884552536506, 0.10870591846526122, 0.09075984484178869, 0.12481373907518085, 0.12001823565005705, 0.11945968096815174], [0.10164129796430998, 0.12156188382733862, 0.10021371554863079, 0.11350114115117182, 0.10839145137668572, 0.09112671536564157, 0.12475376490523889, 0.11988737042643947, 0.11892265943454326], [0.10250443925228454, 0.1210585422900705, 0.1011638158811758, 0.11330981089006763, 0.10792684951325711, 0.09183684702990344, 0.125, 0.11959969469631469, 0.11760000044692627], [0.10050410487127713, 0.12209970453733765, 0.09901529250759696, 0.11386378717805531, 0.1093233533101662, 0.0903753780168901, 0.12440468117316848, 0.11999202716976695, 0.12042167123574121], [0.10124013067223515, 0.12166911891439171, 0.09981789970098445, 0.1134277579847849, 0.1085515573177975, 0.09079912071255564, 0.125, 0.12007654638046159, 0.11941786831678908], [0.1023601545188978, 0.12101983444088783, 0.10103151187904562, 0.11338908648622029, 0.10803631903122354, 0.09180526100502676, 0.12455320102553805, 0.11974945453817658, 0.11805517707498339], [0.103004458715753, 0.12096197568515703, 0.10174041974026936, 0.11319907059562945, 0.10785969572787527, 0.09236854371760148, 0.12430694224172091, 0.11949877544897294, 0.11706011812702069], [0.10140806297607398, 0.12159019328529679, 0.1000181185895217, 0.1134199000585802, 0.10846172485569168, 0.09097709918599328, 0.12474902591198098, 0.12008247515851812, 0.11929339997834326], [0.10082574720604764, 0.12170997291479678, 0.09941992265395173, 0.11356374927071984, 0.1090920256091247, 0.09069210943731573, 0.12415791815858318, 0.12022978828341913, 0.12030876646604138], [0.10284543423393576, 0.12083155379691286, 0.10166754999470576, 0.11308638033022425, 0.10774746762455553, 0.09229961999333158, 0.12445892217752412, 0.11972197886241456, 0.11734109298639549], [0.10256972344128311, 0.1208414143551942, 0.10137629596727393, 0.11311889152567015, 0.10776425579094503, 0.09204066458934819, 0.1247491446349103, 0.1198367454080616, 0.11770286428731334], [0.1002109470695283, 0.12205630391488953, 0.09881603800624472, 0.11398155233369872, 0.10930795581806184, 0.09029447356730665, 0.12441620716434995, 0.12003109276565144, 0.12088542936026887], [0.10036248058278266, 0.12189260275502546, 0.0990077770578695, 0.1136687763143933, 0.10909699500500883, 0.09035228494989389, 0.12467629822109638, 0.12021564323067731, 0.12072714188325263], [0.10231461968241945, 0.1207645934712691, 0.10114277220422878, 0.11318725580060396, 0.1078646271618023, 0.09193084768796586, 0.12438072167979371, 0.12006518447000483, 0.11834937784191203], [0.10126567307067678, 0.12133167134952749, 0.1000281986089801, 0.1131491066930681, 0.10823583336256114, 0.0909721600968908, 0.125, 0.1204009373295649, 0.1196164194887307], [0.10048498046017326, 0.12168067016054901, 0.09919318719226551, 0.11343503619389407, 0.10892648081190208, 0.09048400114225734, 0.1246695910624966, 0.12039572973207063, 0.1207303232443915], [0.10152884385398933, 0.12121336386681299, 0.10033651191778484, 0.11314619306661353, 0.10811602432948673, 0.09125425635648687, 0.12462447778160383, 0.12038050368433313, 0.11939982514288873], [0.10242551889034879, 0.12067950666780658, 0.10132715849728224, 0.11303766642566115, 0.10770900538433599, 0.09205017575204659, 0.12452758233453155, 0.12010915955588518, 0.11813422649210195], [0.10144376565169734, 0.12112620387802527, 0.10031257984052633, 0.1130381158623423, 0.10804862538016377, 0.09123608950111137, 0.12468773564470938, 0.12053047450851813, 0.11957640973290609], [0.10119365631042228, 0.1212065011314155, 0.10004520090417596, 0.11302717015077715, 0.10820924346252557, 0.09103605412486492, 0.12472473436436979, 0.12062945779386873, 0.1199279817575801], [0.10263454459638384, 0.12053274948275498, 0.10164900170938891, 0.11285550667468006, 0.10754133327971512, 0.09231797273480281, 0.12440810486253857, 0.12018131794002622, 0.11787946871970949], [0.10103629542061586, 0.12125729147833249, 0.09986896370415527, 0.11313517343095968, 0.10848687899671164, 0.09099136609930025, 0.12420984072653095, 0.12069130937055599, 0.12032288077283776], [0.10278584533746436, 0.12048700126390642, 0.10183556959651327, 0.11279854568396239, 0.10749480792286749, 0.0924808700932236, 0.12427299120132491, 0.12014998145694405, 0.11769438744379337], [0.10028463065496669, 0.12156954420931701, 0.0990885797245349, 0.11334087862773871, 0.10877366155761267, 0.09038977881628477, 0.125, 0.12052929474220506, 0.1210236316673402], [0.10194318889554908, 0.12078705751128901, 0.10092078066423736, 0.11296830374618863, 0.10774734754749174, 0.09177850178372907, 0.12422382871248082, 0.12053862022898103, 0.1190923709100533], [0.10207978796404363, 0.12069452214939319, 0.10107328388395521, 0.11296029356299173, 0.10767436088365322, 0.09191107081412468, 0.1241770909221178, 0.12050572149780221, 0.11892386832191831], [0.10201133086606921, 0.12073118159276955, 0.10100186308396145, 0.11295575843749639, 0.10769993236190796, 0.09184741328982382, 0.12421361768147515, 0.12053034884238781, 0.1190085538441088], [0.10101522809561662, 0.12106307731731078, 0.09995504382851049, 0.11295062822642479, 0.10829748878932528, 0.0910583406055651, 0.1242882213283488, 0.1208977544264462, 0.12047421738245194], [0.1013921423701018, 0.12091833935774535, 0.10039366284047685, 0.11284316005903054, 0.10790187156910683, 0.09133260281895458, 0.1245522062164469, 0.12081421491313508, 0.11985179985500191], [0.1012718718289017, 0.12093099424388964, 0.10027885713965153, 0.11281719462221869, 0.10795764011671723, 0.09124995508493913, 0.12455177925912292, 0.12089349447358223, 0.1200482132309769], [0.09998800850392195, 0.12184734687795955, 0.09889392674154726, 0.1133417834721447, 0.10867585358554627, 0.09026261199296386, 0.125, 0.12057220862794471, 0.12141826019797171], [0.1016194029571037, 0.12047899880134484, 0.1008324761656604, 0.11255490746506393, 0.10745892990958571, 0.0916943518002357, 0.1245998817524365, 0.12105876043981441, 0.11970229070875484], [0.10252413224237397, 0.12002593772006845, 0.10186302035892324, 0.11245872110545806, 0.10720635498137877, 0.09258234820493079, 0.12398168013668288, 0.12084452046278074, 0.11851328478740297], [0.10123007563647393, 0.12063166285746639, 0.10040960442531004, 0.11255356744424327, 0.10771563252024485, 0.09137945633621078, 0.12452104459468795, 0.12123369986453496, 0.12032525632082784], [0.10151263513404107, 0.12048695126664474, 0.10074960854717561, 0.11251934499825687, 0.10751077301320973, 0.0916525751162975, 0.1244565452060298, 0.12115869585198502, 0.11995287086635964], [0.09998976429659577, 0.1219632389495504, 0.09903627841417738, 0.11302783200830768, 0.10839144959399766, 0.09036202393920549, 0.12468694104897912, 0.12087933330012667, 0.12166313844905971], [0.10210322694434609, 0.12004203702181304, 0.10146135462470682, 0.1124032083448894, 0.10714843207452725, 0.09223629309544039, 0.12442992990315449, 0.1210644785948344, 0.11911103939628813], [0.10213241976355975, 0.11996451604036187, 0.10153165434904476, 0.11234898650758544, 0.10710067231586996, 0.09230228075076649, 0.1243926727750142, 0.12112001697241963, 0.119106780525378], [0.10165713863576503, 0.12010281445971428, 0.10105598647506334, 0.11225214407364216, 0.10707472305757662, 0.0918516034866339, 0.125, 0.12133200282670853, 0.11967358698489612], [0.10092347502987169, 0.12039977090624265, 0.10022209621022322, 0.11228827820816759, 0.10757459106774128, 0.09121510856491923, 0.125, 0.12155511092302256, 0.12082156908981179], [0.10105069000609779, 0.12037340677010804, 0.10037165012221473, 0.11228834623166062, 0.1075182742536548, 0.09134671514573754, 0.12480266193250139, 0.12155741281802, 0.12069084272000521], [0.10212336187037335, 0.11974104554916631, 0.10166501001261563, 0.11214558237479368, 0.10691744318775646, 0.09243089120584892, 0.12435019507657778, 0.1213756681038558, 0.11925080261901218], [0.10045611572429729, 0.12120719917384527, 0.09975901585392351, 0.11224477533709934, 0.107741093571174, 0.09087724894520821, 0.1245791209928397, 0.12161760575219625, 0.12151782464941656], [0.10113748031168039, 0.12013411517595479, 0.10058655491615275, 0.11209971610908251, 0.10722908454457215, 0.09150112139532225, 0.125, 0.12171257129624259, 0.12059935625099254], [0.1015696157741223, 0.11992350081906498, 0.10109194968095168, 0.11206195094095485, 0.10693333407969399, 0.09189930219621842, 0.12499999999999999, 0.12159658233030902, 0.11992376417868467], [0.10212937541718801, 0.11949519542047961, 0.10182139279363303, 0.11193165890273031, 0.10672436720130234, 0.09257931824990527, 0.12424830551869112, 0.121636716995171, 0.11943366950089918], [0.10042659929487782, 0.1211750092030145, 0.09985813882693254, 0.11199724766531638, 0.10744905210559323, 0.09091922023644952, 0.12469268934860822, 0.121873866516166, 0.12160817680304178], [0.10016130235589389, 0.12148693101837385, 0.099661541624804, 0.11179846109021446, 0.10729350833680908, 0.09071416576378362, 0.125, 0.12198059534335856, 0.1219034944667625], [0.09995219235868666, 0.12204647315622023, 0.09940601304910875, 0.11207301325222578, 0.10751839948905978, 0.09057889869725277, 0.12441498767066912, 0.1217722146659583, 0.12223780766081876], [0.10229010143230756, 0.1190433998989778, 0.10222314074398406, 0.11148230936502056, 0.10625894289510329, 0.09281543384185591, 0.125, 0.12176523477189212, 0.1191214370508587], [0.10021606693066516, 0.12143278046210125, 0.09977934238969124, 0.1117081716171281, 0.1071798088371402, 0.09081527911634017, 0.12483729010444174, 0.12211751818204919, 0.12191374236044296], [0.10140498754505574, 0.11955943018834245, 0.10121822102494514, 0.11160995493338514, 0.10656363834668518, 0.09204217139036633, 0.125, 0.12219560068109335, 0.1204059958901267], [0.10003944731523648, 0.12166033128793588, 0.09964628843374382, 0.11158126995571754, 0.10708799044376174, 0.0906838592041738, 0.12500000000000003, 0.12217381821206677, 0.12212699514736408], [0.1020462614143657, 0.11900319633180831, 0.1020328870831032, 0.11146957337481662, 0.10628757065569897, 0.09275222762656325, 0.12448829932078641, 0.12214236154890494, 0.11977762264395263], [0.10094842582827182, 0.12020335064792745, 0.10074516868619561, 0.11150143150745183, 0.10663006130888235, 0.09160929329961305, 0.125, 0.12236337442835325, 0.1209988942933046], [0.10060494724581716, 0.12086353339164195, 0.10033501816362647, 0.11151529237093023, 0.1068514580090433, 0.09129067727352612, 0.12455372059989334, 0.12242951173849768, 0.12155584120702387], [0.09998643744848768, 0.12178521394297598, 0.09966785648071856, 0.11145084292600167, 0.10696973741508642, 0.09070832781793563, 0.12483479714161566, 0.12230798342379098, 0.12228880340338742], [0.09992048550312052, 0.12191797688987005, 0.0996124840882216, 0.11146985507022436, 0.10696733203588867, 0.09066957741855568, 0.12473961072687491, 0.12230243553457305, 0.12240024273267128], [0.10024501253075958, 0.12142067478390162, 0.10003547968285101, 0.11133790721647421, 0.10677397938202288, 0.0910293014291513, 0.12450086503661158, 0.12257705689002128, 0.12207972304820668], [0.09984572741985423, 0.12208030680001826, 0.09958163729297552, 0.11142986797212867, 0.1069086477552918, 0.09065398396384666, 0.12458172067927917, 0.12235347136368709, 0.12256463675291857], [0.10050877977267841, 0.12082836280644402, 0.10041989005218972, 0.111177856953817, 0.10646100348702611, 0.0913098700696075, 0.12490543611156034, 0.1227539267812911, 0.1216348739653859], [0.09982944210145003, 0.12211674072637967, 0.09963276341107165, 0.11130390864293317, 0.10678920327908288, 0.09069718337801512, 0.1244891234926087, 0.12248324938466708, 0.12265838558379157], [0.10149824469294615, 0.11938516306215986, 0.10160921572675256, 0.11118681036469753, 0.1060748995176391, 0.09239016633822478, 0.1246151769971678, 0.12264840664558488, 0.12059191665482746], [0.10050839669241385, 0.12078188442703268, 0.10046158249500671, 0.11110851979813738, 0.10636916376824454, 0.09133392220025027, 0.125, 0.122819915879657, 0.12161661473925757], [0.10171166790569727, 0.11888581255290985, 0.1019138889476326, 0.11106717358668375, 0.10589306439757405, 0.09261856485834624, 0.12500000000000003, 0.12261256364931977, 0.12029726410183655], [0.1010922871388082, 0.11986726035179095, 0.10119786103500866, 0.11106424030052578, 0.10606527558527565, 0.09198570264340936, 0.125, 0.12278527568594008, 0.1209420972592413], [0.1015859139520196, 0.11905078063348395, 0.10183550555164855, 0.11096783660861027, 0.10579664780457791, 0.0925456613021821, 0.125, 0.12273347252132313, 0.12048418162615449], [0.10019956278261706, 0.12126833985018587, 0.10023468479056932, 0.11088764203771907, 0.10625935574538614, 0.0911421200481887, 0.12484170279346199, 0.12305106481426363, 0.1221155271376082], [0.10090120099857533, 0.12025291299042958, 0.1010559755383606, 0.11095073389283812, 0.10605984870262396, 0.09189125931358824, 0.12463761462441207, 0.12296871399358268, 0.12128173994558945], [0.10141838342261768, 0.11937077963204573, 0.10169195011932282, 0.11090778150371722, 0.10578090597154888, 0.09243929841680024, 0.12470486923760618, 0.12291403538804271, 0.12077199630829866], [0.1003069928795811, 0.12102640529909348, 0.10044074683831039, 0.11075901342934708, 0.10606437044716965, 0.09130823268428069, 0.12493295026885684, 0.12321250149680929, 0.12194878665655164], [0.1001472030585477, 0.12125764850691108, 0.10026350197685897, 0.11072939485779883, 0.10609024306897752, 0.09114703894516496, 0.12500000000000003, 0.12320706323536744, 0.12215790635037362], [0.10026197066796634, 0.12105757678495203, 0.10042602765401469, 0.11069309619549504, 0.10600191147020609, 0.09128734592460169, 0.125, 0.12327582735509034, 0.12199624394767376], [0.1014531171288796, 0.1192542482397204, 0.1018625319285368, 0.11071221980111047, 0.10556571349879318, 0.0925893841030485, 0.1246502326456035, 0.12307903854125132, 0.12083351411305611], [0.09996686699094716, 0.12167119734083187, 0.10010468230722439, 0.1106731175721608, 0.10612086069158315, 0.09104979148826553, 0.12461348015136302, 0.12324161469860158, 0.12255838875902249], [0.10065558083803074, 0.1205536623538651, 0.10098254866638211, 0.11060985972082892, 0.1057905350002662, 0.09182578804272684, 0.12442508625438256, 0.12341273265610997, 0.12174420646740758], [0.1121357779344825, 0.12438197195206563, 0.1102034384752857, 0.11438429483619254, 0.10788610004226397, 0.10068664101966425, 0.11229628909362198, 0.11244498058518197, 0.10558050606124163], [0.1121731251634038, 0.12446150788418565, 0.11028303951674745, 0.11433974847673081, 0.10782316841295574, 0.10076002535477747, 0.11222450517382405, 0.11240807378829529, 0.10552680622907976], [0.11148102700357747, 0.12445028085742245, 0.1095156372962779, 0.11430158672366307, 0.10799075319638232, 0.09996028741334351, 0.11301466282551519, 0.11304069241079603, 0.10624507227302227], [0.11102895745286856, 0.1243909332208225, 0.10897605844027511, 0.11430143115915425, 0.10815134263905883, 0.09941454362907844, 0.1135655098678563, 0.11344164725323165, 0.10672957633765438], [0.11221911146742515, 0.125, 0.1107229954016909, 0.11390938922182219, 0.10732550128018278, 0.10114246226335741, 0.11192239179234763, 0.11237305092337205, 0.1053850976498019], [0.1128493280680355, 0.1242445686483213, 0.11160278053268283, 0.11381308959483037, 0.10719777907960228, 0.10210934841153958, 0.11130855124960433, 0.11194241406446212, 0.10493214035092169], [0.11151303665070253, 0.125, 0.10993652248497156, 0.11386609511105347, 0.10747367697621174, 0.10031794182552548, 0.1127234734529082, 0.11304488425708546, 0.10612436924154156], [0.11150143269513839, 0.1249072357501732, 0.11000272691948823, 0.11379346929599986, 0.10740789517582594, 0.10038653630021718, 0.1127285544050751, 0.11310021134236573, 0.1061719381157164], [0.11049946142653745, 0.12500000000000003, 0.10882057165164824, 0.11372609768446403, 0.10766114989653344, 0.09917141073174521, 0.11390268315821687, 0.11400262143125815, 0.10721600401959676], [0.11149490183268611, 0.125, 0.1101520100681206, 0.11363094115176563, 0.10723207159632989, 0.10052249484993521, 0.11265673930047242, 0.11313662963923275, 0.10617421156145739], [0.11053003937271202, 0.12479194493931821, 0.10900598242399305, 0.11358981363567043, 0.10751668520453389, 0.09936479002408785, 0.11385555420973606, 0.1140803804178402, 0.10726480977210814], [0.11081476738808173, 0.1245095191700096, 0.10938265169861743, 0.11359496693748301, 0.10744545203878225, 0.09976587730597666, 0.11355984174330118, 0.11388830998217225, 0.10703861373557585], [0.111022181716462, 0.12440931518127729, 0.10969503203281468, 0.11355102652379873, 0.10733787326534842, 0.1000883459254197, 0.11330761291432763, 0.11373725112823206, 0.10685136131231968], [0.11266499762393224, 0.12485137589551891, 0.11214369130590218, 0.11308441967113905, 0.10648508105366852, 0.1025824193199455, 0.1110837