[[0.10356408959253188, 0.10324619622308005, 0.10707421688813411, 0.11546257622635589, 0.11869707885946966, 0.12369342447974147, 0.10556619277326061, 0.10137154956737006, 0.12132467539005629], [0.10281380335516403, 0.10264201480790325, 0.10681228302615121, 0.11596736493601398, 0.11918435099824734, 0.12487993275492237, 0.10505666678494453, 0.1006301568219926, 0.1220134265146607], [0.10358010834951245, 0.10337979390185487, 0.10710772793599241, 0.11547799131993049, 0.11857697615636555, 0.12362978259680099, 0.10557717806792027, 0.10149111223704531, 0.12117932943457763], [0.10345983493676121, 0.10328137701736143, 0.10707541443522754, 0.11558555877220153, 0.11867717439088289, 0.12387411047503172, 0.10550087534287607, 0.10136852270131651, 0.12117713192834115], [0.10274367401248005, 0.10265903905385972, 0.10679627228824727, 0.11601194385141261, 0.11914267522959497, 0.125, 0.10500448863781432, 0.10062514753324829, 0.12201675939334279], [0.10290348527973259, 0.10285728332959924, 0.10687015955234999, 0.11592767582350062, 0.11898970756900305, 0.12470933396838542, 0.10511432538508285, 0.10084138016856747, 0.12178664892377876], [0.103522577077562, 0.10340369561412997, 0.10711267118952006, 0.1155547100157402, 0.11857028982568366, 0.1237326704603123, 0.10554285626754684, 0.101492683365042, 0.12106784618446297], [0.10342853440278946, 0.10342514271409657, 0.10709328745966876, 0.11561778184063785, 0.11853150262814634, 0.12387309646468661, 0.1054745197554839, 0.10148402334058788, 0.12107211139390264], [0.10372184921549456, 0.10374484257535967, 0.10717115041601138, 0.11531670449105516, 0.11814340038368557, 0.12352598790172828, 0.10565065973514065, 0.101856194051121, 0.12086921123040371], [0.1031249208364427, 0.10329933236527707, 0.10701373505956226, 0.11584982548666817, 0.11863662902358785, 0.12416768658520584, 0.10526790675897663, 0.10128471781242043, 0.12135524607185924], [0.10265304893091338, 0.10295505228021744, 0.10689174611309332, 0.11626240963960673, 0.11896990405329566, 0.1244841284116493, 0.10496408006475298, 0.10084545902090443, 0.12197417148556679], [0.10367224743350081, 0.10378681887300796, 0.10717378171223955, 0.11536949496551938, 0.11810435220889391, 0.1236444028396163, 0.105617826705356, 0.10187682099214027, 0.12075425426972582], [0.1027815650633442, 0.10310612295860856, 0.10692833577432498, 0.11613957605970711, 0.11881156743993695, 0.1244418681895687, 0.10504195250475348, 0.1010148880131051, 0.1217341239966509], [0.10294431520690399, 0.10331856661135357, 0.10699231044311949, 0.11601697715210038, 0.11861695127696188, 0.1242669867178869, 0.10514702309720679, 0.10124650635817002, 0.12145036313629698], [0.10247961334490005, 0.10301257140963473, 0.10695067533052625, 0.11660266993770521, 0.11904114946091406, 0.12399612223263068, 0.10488312860254853, 0.10083446211413552, 0.12219960756700518], [0.10319050272216515, 0.1035098411154869, 0.10703819495664406, 0.11574858881328494, 0.11836964219173957, 0.12431687377078571, 0.10529479518023065, 0.10149030324438087, 0.12104125800528201], [0.10254323609965171, 0.10308913283229655, 0.10695378011095436, 0.11650545844207665, 0.11893512120740588, 0.12409517715439343, 0.10491402899396295, 0.10092125204270376, 0.12204281311655472], [0.10268325969565134, 0.10320763172145989, 0.10696519801350234, 0.1163174291363574, 0.1187736440292227, 0.12421375387169706, 0.10499004044673423, 0.10106842299619084, 0.12178062008918421], [0.1036756960116629, 0.10396220241457439, 0.1071830257384089, 0.11531405060465422, 0.11786537787868091, 0.12358003872930207, 0.10560411630880386, 0.10203488002578287, 0.12078061228812986], [0.10277313180595193, 0.10331511599898284, 0.10699260555748676, 0.11623368302411498, 0.11866646534234365, 0.1241658570671063, 0.10504529836707796, 0.10118840369013668, 0.12161943914679889], [0.10304403388239515, 0.10350952284830732, 0.10699140121212572, 0.11581558634846505, 0.11830641878381955, 0.12452524458111856, 0.10518367409262784, 0.1014493275582979, 0.12117479069284294], [0.10279460006732724, 0.10335884863153383, 0.10699126889356979, 0.11618721178618131, 0.11859625121989244, 0.12425855588557666, 0.1050523733616135, 0.1012342241688068, 0.12152666598549826], [0.10371412910493538, 0.10402649291312507, 0.1071973871013255, 0.11527371066764876, 0.11778955240578663, 0.12349061793069574, 0.10562674480921255, 0.10210357577186292, 0.12077778929540761], [0.10285960344145417, 0.10343832932352029, 0.1069771816590749, 0.1160400460288074, 0.11843260528323177, 0.12452880241295392, 0.10507478055108795, 0.10132783405683306, 0.12132081724303635], [0.10296864810046125, 0.10351323517029525, 0.10696312657322017, 0.11583762386180159, 0.11825632280615138, 0.12463233892469315, 0.1051238680437841, 0.10143237161756509, 0.121272464902028], [0.10327061379020695, 0.1037681323291876, 0.10704433725329945, 0.11555624697712043, 0.11797640805396946, 0.12417497616562538, 0.10531538746405132, 0.10174767576654355, 0.12114622219999586], [0.10351303024000394, 0.10395342296860105, 0.10712755080470894, 0.11538161693341188, 0.11781279150946636, 0.12376225492478082, 0.10548032524538474, 0.10198182461371044, 0.12098718275993181], [0.10264039230559957, 0.10340363881779636, 0.1070283873556428, 0.11645513806084648, 0.1186436594692358, 0.12394452401825877, 0.10497368168418532, 0.10121959568789414, 0.12169098260054073], [0.10277205827708025, 0.10346180480293289, 0.10695171245666205, 0.11607661254980267, 0.11836072708835484, 0.12458717588004371, 0.10500679461485501, 0.10132412743396689, 0.12145898689630168], [0.10331037175113858, 0.1038417751365369, 0.10705777345255774, 0.11550826003215348, 0.11788670991490093, 0.12407186227396737, 0.10533733365331927, 0.10182501465041359, 0.12116089913501217], [0.10305723770110502, 0.1036572926249005, 0.10697461221863365, 0.11569505983730703, 0.11804469049978732, 0.12450308105147494, 0.10516573962016915, 0.10158873420413865, 0.1213135522424837], [0.10286301046285799, 0.10352515778180274, 0.10692169431253801, 0.11586067624028797, 0.11817073478476713, 0.12478870289055846, 0.10503835933340647, 0.10141489352699547, 0.12141677066678579], [0.10276316417378142, 0.10348534565314967, 0.1069222906446826, 0.11600405450011814, 0.1182587666147091, 0.12473611452191621, 0.10498375002062182, 0.10134661856236786, 0.12149989530865316], [0.10366795709923504, 0.10415388136676579, 0.10718754524125731, 0.11524875667537032, 0.11760129459183584, 0.12342735990787826, 0.10557961747531368, 0.10220522715187705, 0.12092836049046671], [0.1032025953372929, 0.10383740641538444, 0.1070225314961365, 0.11555578009196872, 0.11784800221809408, 0.12418726636668552, 0.1052558252901897, 0.10179100545216219, 0.12129958733208597], [0.10361461619671418, 0.10414998757526903, 0.10717001407626181, 0.11527273334667887, 0.11758774277846913, 0.12348123152830681, 0.1055395266465117, 0.10218670581519054, 0.1209974420365978], [0.10263279404715864, 0.10352586977003067, 0.10693286306931277, 0.11617734629239534, 0.11825584721905942, 0.12451522881390514, 0.1049066020996919, 0.10133876532129954, 0.12171468336714641], [0.1027178012963141, 0.10353710089397083, 0.106866470849562, 0.11589759251762065, 0.11806170834851329, 0.125, 0.10492223329350044, 0.10138660252974052, 0.1216104902707782], [0.10309300177382044, 0.10380595858341599, 0.10698695107280147, 0.11561656003862679, 0.1178466456249632, 0.12432661950009945, 0.10517615907343482, 0.10173209666166134, 0.12141600767117634], [0.10247594004083843, 0.10352403339839576, 0.10706936593678747, 0.11671516070409277, 0.11857210080051257, 0.12359686330054188, 0.10488169813119101, 0.10126857408014064, 0.12189626360749946], [0.10265451062447355, 0.10354950210889281, 0.10689120764197463, 0.11603467752723964, 0.11811991129083155, 0.12476181838911486, 0.10489567808242818, 0.10137308813214012, 0.12171960620290465], [0.10252478893449816, 0.1035623516563767, 0.10699443284445705, 0.11645210159370879, 0.11835781701226318, 0.12405574172010517, 0.1048689196117119, 0.10132768059824843, 0.12185616602863047], [0.10258229892230146, 0.10356491525270416, 0.10692770674719168, 0.1162110758773919, 0.11819774623745141, 0.1244596562367305, 0.10486931019924665, 0.10135787460974184, 0.12182941591724038], [0.10321962155511774, 0.10399474808562018, 0.10703634564711553, 0.11549814695814054, 0.11764770638146183, 0.12399556116325974, 0.10525493229768612, 0.10193616191677633, 0.12141677599482198], [0.10259322059680717, 0.10369581555469431, 0.10687874045224405, 0.11601551008677854, 0.11789511136844773, 0.12461321178458093, 0.10483605467406416, 0.10148540325193879, 0.1219869322304443], [0.10356713598979839, 0.10434719423536654, 0.1071719545667733, 0.11524297384653064, 0.11732902300453803, 0.12331001710974453, 0.10548988477753628, 0.10234916779309364, 0.12119264867661857], [0.10216660487166883, 0.10359850298837905, 0.10697503654500566, 0.11683150017624808, 0.11827255235522185, 0.12391421358675307, 0.10463959599173464, 0.10124876038584381, 0.122353233099145], [0.10213073483672529, 0.10358790352236152, 0.10697963902120712, 0.11689160992182644, 0.11829304481656733, 0.12388616104019899, 0.10462144307007894, 0.1012276439988771, 0.12238181977215742], [0.10339758911150691, 0.10425938925376046, 0.10711257624451201, 0.11534518600708438, 0.11738201270835717, 0.12353852442962045, 0.10536919992428656, 0.10222230670867312, 0.12137321561219908], [0.1022949488212253, 0.10366019806263568, 0.1069680029669992, 0.11662932299180646, 0.11817690944730985, 0.12396394259647542, 0.10470642749943714, 0.10134453251698723, 0.12225571509712373], [0.10246346939851693, 0.10371569603538529, 0.1069123619325747, 0.11625461669876233, 0.11796752335759235, 0.12427233136805406, 0.10477327907202295, 0.10145560261457179, 0.1221851195225196], [0.10217391940864111, 0.1036278001766141, 0.10695549125285829, 0.11676088684555061, 0.11819457055114112, 0.12400090241045486, 0.1046309431565953, 0.10127929977008142, 0.12237618642806318], [0.10290795971042031, 0.1039566582357264, 0.1069486810772672, 0.11568097070192047, 0.11759944329258121, 0.12424179764528033, 0.1050294772833742, 0.10181212074327319, 0.1218228913101567], [0.10328929831160218, 0.1042180409675351, 0.10707710935369516, 0.11540941990547499, 0.11739844363610302, 0.12366405068541947, 0.10529164520570958, 0.10215432719073289, 0.12149766474372779], [0.10246248424367588, 0.10379950609348748, 0.10689663014567279, 0.116177296024139, 0.11781333364110098, 0.1242615399131285, 0.10475527768608417, 0.10153221279269586, 0.12230171946001535], [0.10241784499852577, 0.103804977204625, 0.10690867072053793, 0.11626124682626093, 0.1178387852141872, 0.12414788463389785, 0.10473402863944685, 0.1015206939224307, 0.12236586784008778], [0.10220330219632333, 0.1037411831826619, 0.10690096603208349, 0.11653618148480457, 0.11792781352909605, 0.12419888825285524, 0.10460860836867554, 0.10139595764470631, 0.12248709930879355], [0.10251469534832458, 0.1038656297137109, 0.1068888751998596, 0.11606127016733019, 0.11769228846309024, 0.12428167045602496, 0.10477511457700593, 0.10160952183269854, 0.12231093424195513], [0.10209171144043809, 0.10369919300512295, 0.10689573689168137, 0.11667926183480182, 0.11797485921891301, 0.12424986791784509, 0.10454355575785418, 0.10132397705945538, 0.12254183687388807], [0.10258716313628534, 0.10391637424335105, 0.1068929564695217, 0.11595725409942899, 0.11761393349633961, 0.12427786746422906, 0.1048147226501457, 0.10167818740875184, 0.12226154103194652], [0.10311248503118474, 0.1042358576778887, 0.10703168027582399, 0.11550429128568343, 0.11732902283466148, 0.12373714985549682, 0.10516166281713032, 0.10211836757090324, 0.12176948265122726], [0.10215017331669884, 0.10374698805561273, 0.10688368034664876, 0.11655480447218963, 0.11788503514151165, 0.1242726034050265, 0.10456736208696021, 0.10138646881251989, 0.1225528843628318], [0.10266877034339077, 0.1039769133110115, 0.10690714096658202, 0.11586295524110825, 0.1175407314870388, 0.12421891196093966, 0.10486375099472126, 0.10175722932728157, 0.12220359636792603], [0.10270693573700912, 0.10401690159563683, 0.10691726498308733, 0.1158221145720832, 0.11749731737133845, 0.12416102336447625, 0.10488712476713638, 0.10180415591020911, 0.12218716169902327], [0.10279095367164645, 0.10406998137922313, 0.10693809050462538, 0.11574524719386586, 0.11744717718245652, 0.12407934627716267, 0.10494173671341184, 0.10187647834402903, 0.12211098873357915], [0.10298509469769639, 0.10420905572838905, 0.10699724363117775, 0.11558745864474917, 0.1173285664894333, 0.12382436255345314, 0.1050715573860114, 0.10205699451452378, 0.12193966635456602], [0.10238762293569757, 0.1039048376286837, 0.10687833439328819, 0.11617317616597558, 0.11763368894368581, 0.12419509948923599, 0.10468943448658054, 0.10160436374190188, 0.12253344221495077], [0.10258921127440511, 0.10400116128517976, 0.1069018899429947, 0.1159367906086462, 0.11751293681864063, 0.12413943988101135, 0.10481095387536507, 0.10175329219695663, 0.1223543241168004], [0.10306016773976194, 0.10428748198598536, 0.10702548084728128, 0.11552768945807881, 0.11725844476432905, 0.12368209902506155, 0.10512167854888871, 0.10214829381025572, 0.12188866382035755], [0.10225306522906846, 0.10386738796909228, 0.10685712000282585, 0.11630284641836854, 0.11765549625339695, 0.124280244809474, 0.10460236212584065, 0.10153028237014262, 0.12265119482179063], [0.1025285912660991, 0.10400539144722777, 0.1068989281969304, 0.11600254732878244, 0.11751304767972999, 0.12408698559831663, 0.10477282127178644, 0.10173740011140404, 0.122454287099723], [0.10262370893364242, 0.10409230788348732, 0.10691594528738954, 0.1158852598034807, 0.11740722001805064, 0.12400544730750936, 0.10482843977862324, 0.10184415247440587, 0.12239751851341094], [0.10274220284389976, 0.10418062862559545, 0.10694443620479553, 0.11576742863059629, 0.11731729600407717, 0.12389140777209502, 0.10490356975209336, 0.1019584280965397, 0.12229460207030772], [0.10239411223797529, 0.1040616345878668, 0.10684511423162815, 0.11600037200930813, 0.11733414546318224, 0.12427588044918626, 0.10465906749405755, 0.10175191926962729, 0.12267775425716831], [0.10295907105626043, 0.1044228150376721, 0.10702207902527511, 0.11557527098147914, 0.1170900729562892, 0.12350040669922506, 0.10504486867487349, 0.10223663929068558, 0.12214877627823989], [0.102804585810581, 0.10440143673046723, 0.10697653831026133, 0.11565885698655297, 0.1170581139167682, 0.12363607578448631, 0.10493237136597972, 0.10217287660496333, 0.1223591444899401], [0.10167776605225742, 0.10385706282379663, 0.10670389606456969, 0.11661586342113528, 0.11736090852020312, 0.125, 0.10418124479871198, 0.10135725749978979, 0.12324600081953609], [0.10270468488805168, 0.10436393291182511, 0.10694249726841455, 0.11571306052675223, 0.11705829888143844, 0.12377245887062893, 0.10485987176258435, 0.10211118915278831, 0.12247400573751621], [0.10169001135417712, 0.10397041055113075, 0.10670949824559582, 0.11655673531513484, 0.11721633812922178, 0.1247883818055892, 0.1041790315281323, 0.10146072160791643, 0.12342887146310176], [0.10279665386878323, 0.10450521114617915, 0.10697972410884889, 0.11562077420915254, 0.11691791307504354, 0.12357936047735335, 0.10491778989830611, 0.10226336844867488, 0.12241920476765815], [0.1018676704114186, 0.10401135235497656, 0.10667454754205599, 0.1162265798137711, 0.11709031491432013, 0.125, 0.1042639181695396, 0.10156026921211969, 0.12330534758179831], [0.10221907119803293, 0.10420399704726066, 0.10678270263615464, 0.11597700682606649, 0.11701830986981253, 0.12443094703522956, 0.10450736746718421, 0.10183146495617953, 0.12302913296407968], [0.10188461350524888, 0.10405493154895931, 0.10668171995384254, 0.11620133198229997, 0.11704335707180964, 0.12492073214898378, 0.10427290313967225, 0.10160356663800449, 0.1233368440111791], [0.10273541244675687, 0.10454201767498403, 0.10696341437352772, 0.11563298974066068, 0.11684280861396343, 0.12361634543770365, 0.10486908450935326, 0.10227868587356546, 0.12251924132948473], [0.10229590312019557, 0.10441286747530243, 0.10682075973152783, 0.11586797781519044, 0.11679404771189376, 0.12414781813880704, 0.1045495439052442, 0.10203827831105135, 0.12307280379078726], [0.1021923970535912, 0.10438421947612683, 0.10678947639939038, 0.11592791671856552, 0.11678091313515254, 0.12426109203241006, 0.10447516638984539, 0.10198302474115355, 0.12320579405376468], [0.10252889394169187, 0.10457880558046963, 0.10690535722213365, 0.1157126640051782, 0.11670455293363419, 0.12377961505383984, 0.10471290187690634, 0.10225188521486946, 0.12282532417127683], [0.11102251044820974, 0.11869293452490329, 0.12282170653153429, 0.11404109564458217, 0.10296115461227963, 0.09181509087695575, 0.1153371222250087, 0.12253198867396427, 0.10077639646256216], [0.11028032597562289, 0.11797476598571895, 0.12226790349007158, 0.11472907803100729, 0.10314266949959294, 0.09152406059963854, 0.11526150303483776, 0.12377262650599549, 0.10104706687751458], [0.11069166621490367, 0.11842703161968209, 0.12212515597793171, 0.11430444316643149, 0.1031232369816855, 0.09178435271066472, 0.11534440843175015, 0.12319603522673984, 0.10100366967021082], [0.11095877802130498, 0.11877485916460923, 0.12277818246300458, 0.11408956069758397, 0.10291942063288796, 0.09182441293123893, 0.11526604523935623, 0.12261060320741939, 0.1007781376425947], [0.11090772905126355, 0.11882540575906501, 0.12272500113257988, 0.11413868137209737, 0.10290548318352799, 0.09184156555999982, 0.1152225788553417, 0.12263617065064851, 0.10079738443547602], [0.11087383513457165, 0.11894376860562261, 0.12282756936719176, 0.11404225484158714, 0.1027097294106289, 0.091718536345208, 0.11532662651052049, 0.12293896932433462, 0.10061871046033467], [0.11034149698111896, 0.1185376198163578, 0.12194724306180443, 0.11456773352330389, 0.10305281968012983, 0.09179412618562625, 0.1151065239816803, 0.1235500411783236, 0.1011023955916548], [0.10989550827814526, 0.11813187162986884, 0.12197829141069559, 0.11488254422243713, 0.10309803981203414, 0.09164607788928165, 0.11496222421661814, 0.12417669519904975, 0.10122874734186948], [0.11058097180035341, 0.11923070976733816, 0.12246886919181339, 0.11437917115037174, 0.10269545645951435, 0.09188209547032859, 0.11495234878004147, 0.12300605624414092, 0.10080432113609797], [0.11037024312045, 0.119259055898062, 0.12211761187329541, 0.1146629804334449, 0.1028067359665175, 0.09201092849709284, 0.11481215670292293, 0.1229312020313837, 0.1010290854768307], [0.110276753070838, 0.11941423457465446, 0.12206084520051794, 0.11473418712007132, 0.10272994097559777, 0.09203184464404011, 0.11469133470951592, 0.12303697985342915, 0.1010238798513352], [0.11053287756539278, 0.11953870775248458, 0.1224675569158085, 0.1139671931067037, 0.10210919171528221, 0.09162778920416571, 0.11548320181019787, 0.12400638214913902, 0.10026709978082565], [0.10979360759401784, 0.11910996204008077, 0.12140706844629133, 0.1151247985950229, 0.10286654146225507, 0.0920161474911722, 0.11457765847494801, 0.12379583474233985, 0.10130838115387204], [0.10901735031647698, 0.11865611195354961, 0.12154671313347785, 0.11543543593568922, 0.10285486521074828, 0.09176770021677305, 0.11423751914583846, 0.12499999999999999, 0.10148430408744641], [0.1095548401147679, 0.1191326928811986, 0.1212942483349803, 0.11530875707628765, 0.1028355253577816, 0.09203309150448481, 0.11442027972618846, 0.1240281042533237, 0.10139246075098685], [0.11017035534902225, 0.11974268477846933, 0.12208777495819072, 0.11469275294742429, 0.10245534220857103, 0.09196415515574263, 0.11462846782530642, 0.12341798219822879, 0.10084048457904451], [0.11029312602301262, 0.11979497712242998, 0.12222386991659152, 0.11417598450759316, 0.1020277419095691, 0.09168848790547061, 0.11521818189088473, 0.12424257896165018, 0.10033505176279796], [0.11011466707814872, 0.1197925392522355, 0.12200951551342944, 0.11477673142785925, 0.10247431025130568, 0.09201646944020632, 0.11453953269030023, 0.12337514359380528, 0.10090109075270962], [0.10949005991069731, 0.11942073894655067, 0.12110382652192889, 0.11545217325052155, 0.10278325806332837, 0.09217005540302767, 0.1142869610072901, 0.1238434116646926, 0.10144951523196301], [0.10925175264617878, 0.11918836340049722, 0.12110499080834321, 0.11556808561428497, 0.10280354944847181, 0.09209977601798872, 0.11420315119279614, 0.12425500067083917, 0.10152533020059998], [0.11012673154029033, 0.1200067319726858, 0.12199425608606797, 0.11426809108299078, 0.10191588999827962, 0.09174733554383224, 0.11510329938191859, 0.12449673717459794, 0.10034092721933675], [0.10991407613126722, 0.12015740962832376, 0.12186800546352282, 0.1146947906176349, 0.10208972774995885, 0.09188804802686718, 0.11461927342053897, 0.12412856413592611, 0.10064010482596021], [0.10942097641036722, 0.11986177941470222, 0.12105379221644355, 0.11554782052097097, 0.10261624030314281, 0.09225122987719964, 0.11408501710938256, 0.12376004532265164, 0.10140309882513941], [0.10948555471889058, 0.11994829728321421, 0.12119186648450324, 0.11545716694101305, 0.10254569437921864, 0.09220648090262101, 0.11408002539313793, 0.1237781901927555, 0.10130672370464584], [0.10981662541922481, 0.12022381384562138, 0.12173615909961767, 0.11492835387990641, 0.10221209181536141, 0.0920337526338015, 0.11438099357499597, 0.12382822230290408, 0.10083998742856666], [0.10897176915631532, 0.1194104859575364, 0.12090012122478626, 0.11587855717978367, 0.1027519204939564, 0.09225659096402998, 0.11394534701832869, 0.12420523974692471, 0.10167996825833849], [0.11005196448568105, 0.1201441258778955, 0.12180477633399785, 0.11428376665752, 0.10184044072528055, 0.09184026949042132, 0.1151024699307571, 0.12458836506463834, 0.10034382143380817], [0.10963457609860525, 0.12020637832256441, 0.12146236786008259, 0.11527208215413771, 0.1023961411295704, 0.09219995146930998, 0.11402400019510044, 0.12367361750361132, 0.10113088526701793], [0.10857990318251075, 0.1194001544625141, 0.12098390357183658, 0.11611563663272872, 0.10276198337677385, 0.09224799706102316, 0.11372957008538707, 0.12434252857228562, 0.10183832305494016], [0.10910723254522973, 0.11977706117041216, 0.1207285167877279, 0.11588328176031322, 0.10270769196814182, 0.0923939005435312, 0.11392998651775293, 0.12381174354500775, 0.10166058516188327], [0.10938315244380778, 0.12012893340130294, 0.12112715825486964, 0.11553045506675122, 0.10245419799944898, 0.09222194343643014, 0.11394746030554553, 0.1239144118397398, 0.1012922872521041], [0.10989281494325728, 0.12028372639213324, 0.12170599915990686, 0.11443389535559921, 0.10180087881903595, 0.09183092653688586, 0.11488972235450122, 0.12477759558097393, 0.10038444085770658], [0.10952520619970155, 0.12027911190824694, 0.12134508937567202, 0.11536988582176988, 0.10236868390386296, 0.09221705096733596, 0.11394238904291301, 0.12378681503062698, 0.10116576774987071], [0.10855386922999402, 0.11951595363588856, 0.1208905807021608, 0.11619089238968447, 0.10274146102285485, 0.09231447131104062, 0.11367485577414693, 0.12424940976224622, 0.10186850617198354], [0.10916406628120968, 0.1200883758324051, 0.12080166140992411, 0.11578116368100959, 0.1025210674738774, 0.09231827839299914, 0.11384978269378108, 0.12400011608205123, 0.10147548815274278], [0.10978937049036838, 0.12039120728566308, 0.12160790597679515, 0.11452278924992372, 0.10176601824636629, 0.09185105011180476, 0.11477088299734657, 0.12488899857770011, 0.10041177706403205], [0.10968651007892152, 0.12050002049964331, 0.12150638311100147, 0.11460973323886195, 0.10172990379348451, 0.09187370307367289, 0.1146551358846596, 0.12499999999999999, 0.10043861031975462], [0.10922282950989162, 0.12048871160333174, 0.12102153170743055, 0.11564118155582884, 0.10228746966315816, 0.09227233843722267, 0.11370700212411705, 0.12409716214301032, 0.10126177325600892], [0.10894371865648454, 0.1202395765465179, 0.1205593275458218, 0.11599863380985767, 0.1024718811374817, 0.09239767146173859, 0.11366367672473562, 0.12415552239606199, 0.1015699917213002], [0.10820273281242254, 0.11974639805697586, 0.12072345005110195, 0.11656988698444937, 0.10275814911283745, 0.09253650399009394, 0.11339042859382083, 0.1239455860673944, 0.10212686433090368], [0.10957502265072043, 0.12064342584629253, 0.12142273787673288, 0.11483627270394603, 0.10180284816590847, 0.09198598620433832, 0.11443854360053114, 0.12469803899204066, 0.10059712395948966], [0.10909055848939589, 0.12052141202605744, 0.12086840687040123, 0.11576749069488246, 0.10227734249870854, 0.09229190790179688, 0.11362715359820791, 0.12423497145909738, 0.10132075646145251], [0.10839766292794606, 0.11989825940644719, 0.12059170595777673, 0.11648668818948724, 0.10268693878521709, 0.09255220957443752, 0.11345404463690317, 0.1239210164405445, 0.10201147408124049], [0.10786600891545374, 0.11959549207891444, 0.12076160340842539, 0.11683072182074786, 0.10294331662923561, 0.09274194632107473, 0.11321533138579275, 0.1235728320811444, 0.10247274735921096], [0.10897422971919979, 0.12047789546025342, 0.12070851621163155, 0.11589593834606861, 0.10230948719150612, 0.09232067920390721, 0.11358441283667031, 0.12432139511282676, 0.10140744591793624], [0.1094099526978487, 0.12080769929408472, 0.12126175818390192, 0.11524415032136488, 0.10198990100284047, 0.09221275433986757, 0.11405457784596561, 0.12410062555614175, 0.10091858075798453], [0.10784141185549388, 0.11983162084747585, 0.12060392992910701, 0.11693648478932675, 0.10285264711646575, 0.09279036628859723, 0.11313058236848682, 0.12356017275935977, 0.10245278404568696], [0.10801070097681498, 0.11997126114662911, 0.12054096417923604, 0.11682951698804714, 0.10274570110714362, 0.09271394229668685, 0.1131993781030436, 0.12370612126255207, 0.10228241393984663], [0.1095538613558661, 0.12075991350667609, 0.12164987445649744, 0.11468322518860527, 0.10165024337854679, 0.09211702991540638, 0.11460966354946991, 0.12446162691369284, 0.10051456173523918], [0.10942610184363098, 0.12089260532375226, 0.12118945343350744, 0.11498174056281896, 0.10175656045064843, 0.09214512641893079, 0.11430709248010215, 0.12461546029415273, 0.10068585919245636], [0.10827138188138254, 0.1202065294805494, 0.12035101199449721, 0.11672174952194951, 0.10264492978731937, 0.09274664628457627, 0.11327596219403765, 0.12365405584540215, 0.1021277330102859], [0.10876033873540472, 0.12079503149056298, 0.12052406637043575, 0.11606209409255568, 0.10216386099141739, 0.09237053107869778, 0.11333828668120367, 0.1245704841477244, 0.10141530641199761], [0.10930193036964285, 0.1210389218223032, 0.1210831166882798, 0.11521415951159308, 0.10182062481532322, 0.0922551126112821, 0.11408087423739688, 0.124363010792333, 0.10084224915184574], [0.10860644349037588, 0.1207022786047211, 0.1202938725781857, 0.11626022280997271, 0.10223790207145972, 0.09244649477782341, 0.11328756613910834, 0.1245954401333945, 0.10156977939495863], [0.10804649336599564, 0.12024859836673711, 0.12033320949525686, 0.11691377094808311, 0.10266567170365318, 0.09281433267400936, 0.11313215158292973, 0.12358033255119973, 0.10226543931213515], [0.10852978843238013, 0.12085695612144229, 0.12024851060473328, 0.11630069800130448, 0.1021527457303314, 0.09244324951970441, 0.11318316385122863, 0.1247452729383387, 0.10153961480053669], [0.10869760022581065, 0.12103385749718792, 0.12047757102726228, 0.11610712094488267, 0.10207714717295314, 0.09242623695589297, 0.11321033662252863, 0.1245692035662959, 0.10140092598718581], [0.10775041689110453, 0.12029861027162643, 0.12026502217428363, 0.11718081040983507, 0.10270361169719082, 0.0929422268264746, 0.11292993087067865, 0.12345796688740815, 0.10247140397139821], [0.1089362433105631, 0.12117557666660353, 0.12071580308085945, 0.11588459540145965, 0.10205925150823558, 0.09250122053540408, 0.11334072237690487, 0.12407858223230732, 0.10130800488766233], [0.10760585484693415, 0.12025066189775453, 0.12025822123262718, 0.11728245677164335, 0.10273712313701842, 0.09298454880357371, 0.11284564718827357, 0.12346407303524784, 0.10257141308692723], [0.10920932185549083, 0.12121171920377871, 0.12091022290387293, 0.11524382613234756, 0.10173962300177111, 0.09234526008602895, 0.11404926500068742, 0.12444276456393817, 0.1008479972520844], [0.10826027565634205, 0.12062903430486255, 0.11991517071910689, 0.11676195421352639, 0.10240838859229641, 0.09277825459251123, 0.11309206131458555, 0.12416852285326896, 0.10198633775349986], [0.10818245850277851, 0.12057918728561894, 0.11997804103515869, 0.11685580041717987, 0.10246398176093932, 0.09282865617206028, 0.11306833776214299, 0.1239627629668029, 0.10208077409731874], [0.10821549692496263, 0.12059031017260442, 0.11994345974837102, 0.11682025828520905, 0.10243887387523487, 0.09281331960697406, 0.1130750135483059, 0.12406084769331574, 0.10204242014502231], [0.10877081438159068, 0.12136807813304558, 0.12052608125991006, 0.11605083290635657, 0.10201289628933403, 0.09258519753233439, 0.11316123629850937, 0.1241443987162382, 0.10138046448268125], [0.10834060610921806, 0.12112451654941819, 0.12008284548077906, 0.11644086005939314, 0.10202291030112462, 0.09247700473404748, 0.11297037724906522, 0.125, 0.10154087951695423], [0.10841941809499062, 0.12124429715440659, 0.1201726665196295, 0.11637568869939079, 0.1020057911433801, 0.09251571326768322, 0.1129772164352756, 0.12478079049780635, 0.10150841818743714], [0.10904466932801193, 0.12129535936738993, 0.12123669988515602, 0.11508029971802698, 0.1014522694806347, 0.09222022497794836, 0.11404473367226271, 0.12499999999999999, 0.1006257435705693], [0.10801570586812044, 0.12123017945070128, 0.1195813587050836, 0.11698003966408443, 0.10217277517244486, 0.09288375907691854, 0.11274333636050765, 0.12442404719529508, 0.10196879850684398], [0.10735598022547511, 0.1209232372459232, 0.11971843368128521, 0.11759555460098424, 0.10240180248011642, 0.09305000507999425, 0.11246562471363356, 0.12400097005572412, 0.10248839191686392], [0.10821857279272885, 0.12157081139098906, 0.1199223474291645, 0.11662602162674299, 0.10196137049459947, 0.09271477589405983, 0.11275304004827229, 0.12458686743763361, 0.10164619288580927], [0.10802425826686217, 0.12140472993657461, 0.11964346859157728, 0.11691508723518125, 0.10207396877154068, 0.09283473494190685, 0.11269343570483442, 0.12453999869205376, 0.10187031785946896], [0.10885637875658255, 0.12159539566521964, 0.12097574685955491, 0.11535710036634633, 0.10147835425296317, 0.09242886658307782, 0.11378623396816084, 0.12470677242138958, 0.10081515112670504], [0.10761216385328704, 0.1211792257972671, 0.11953479113491679, 0.11747679184040077, 0.10233207393026823, 0.09313057838870477, 0.11253653362623689, 0.12383003890281379, 0.10236780252610475], [0.1075264088256799, 0.1212354689455205, 0.11948622186092943, 0.11754686802643945, 0.1023033694106764, 0.0931394858964986, 0.11246514517798481, 0.12390849970548241, 0.10238853215078851], [0.1077541809049457, 0.12136824936047985, 0.11929175772483414, 0.11737084119570683, 0.10222432737842356, 0.09317406376923668, 0.11252044993765799, 0.12404967616693728, 0.10224645356177794], [0.10821143901337492, 0.12196541356183857, 0.11986577536087753, 0.11666648662062505, 0.10191242489664232, 0.09291797395997127, 0.11261407697869702, 0.12415635540840851, 0.10169005419956481], [0.10811930076857784, 0.12192335897300706, 0.11977284709739767, 0.11676940107267764, 0.10192053084820019, 0.09291502383126836, 0.11257974793990304, 0.12426086879306471, 0.10173892067590352], [0.1073041068716833, 0.12147602110859682, 0.1192768312178813, 0.11775524157007833, 0.10220331895052283, 0.0932067866292799, 0.11224513242883194, 0.12408899986417822, 0.10244356135894737], [0.10846133024235677, 0.12219343627840379, 0.12003476543776112, 0.11632293590262041, 0.10183150234824036, 0.09301848711608965, 0.1130003069374605, 0.12360017884310638, 0.10153705689396106], [0.1078875889129839, 0.12201447888511734, 0.11948509131629986, 0.11707367952600174, 0.10194300606636299, 0.09306855537776793, 0.11241767661353413, 0.12418438077033944, 0.10192554253159254], [0.10764353002151338, 0.12163974456842158, 0.11909499340869542, 0.11751597414470796, 0.1021679660970001, 0.09330368102947076, 0.11236576296575698, 0.12396009584836429, 0.10230825191606949], [0.10705960372210692, 0.12172150642170938, 0.1190616297361312, 0.11798409770639467, 0.1021035257103404, 0.09328092757829425, 0.11201031576318825, 0.12426725597391919, 0.10251113738791588], [0.10827444843602063, 0.12242542079419236, 0.11980409010386384, 0.11657510797281181, 0.10183953179777737, 0.09318248231478668, 0.11275226566255067, 0.1234518430041318, 0.10169480991386486], [0.10822791360131212, 0.1225860883026198, 0.11971194255355296, 0.11655234733825975, 0.10176793374893928, 0.0932443425148639, 0.11276595843996641, 0.12346794553140386, 0.10167552796908179], [0.1082981128203478, 0.12245326074128313, 0.12032123393802743, 0.11616090875400513, 0.10154189484157684, 0.09300246217097852, 0.11302093974337124, 0.12385101913786953, 0.1013501678525404], [0.10637341957252573, 0.12182387177508565, 0.11881661453265398, 0.11850407335670053, 0.10196000876667329, 0.0932929535035408, 0.11151467067092201, 0.125, 0.102714387821898], [0.10813992209783498, 0.12269751573017208, 0.11960996140047436, 0.11669604790585827, 0.10179141864629636, 0.09333957471432548, 0.11263494745544947, 0.12331676831573807, 0.10177384373385091], [0.10736684475989422, 0.12221180518822052, 0.1187572875752161, 0.1178778103814244, 0.10207131525588095, 0.09363849456836107, 0.11200696290436238, 0.12357298426818525, 0.10249649509845525], [0.10807210161868115, 0.12278752989941377, 0.11983028175798904, 0.11664326774028776, 0.10168233894784777, 0.09329747384181275, 0.11262201189935242, 0.12337024725344174, 0.10169474704117361], [0.10662885318603836, 0.1222163397609474, 0.11863637517617483, 0.11843418291486797, 0.10194711625749553, 0.09349201017591627, 0.11157863974386609, 0.12438830001693144, 0.10267818276776212], [0.10751633408235306, 0.12261768817546938, 0.118969739169896, 0.11758651565380356, 0.10191552705050844, 0.09354212347490355, 0.11200236522885959, 0.12358800992085453, 0.10226169724335203], [0.1077745648184171, 0.12283909344114037, 0.11923183391249995, 0.11721953078893517, 0.1018459371876297, 0.0934974344898456, 0.1120851044848376, 0.1234462149870064, 0.10206028588968813], [0.1079645533214732, 0.12292540690049408, 0.11993006778324872, 0.11670206449456899, 0.1016221561760425, 0.09333448665492632, 0.11252299688595582, 0.1232915525919345, 0.10170671519135596], [0.10795093614387172, 0.12293899242675786, 0.12005920065648022, 0.1166481640145383, 0.10156994486627342, 0.09330560300848413, 0.11254256276964708, 0.12332908160618437, 0.10165551450776286], [0.1077919722323575, 0.12309610467210033, 0.11952995773943889, 0.11706858003648506, 0.10173083485375639, 0.09353910640656095, 0.11221340346183195, 0.12306637224017558, 0.10196366835729334], [0.10789208095824059, 0.12300724447008621, 0.12020723745007013, 0.1166343882557086, 0.10150646067697743, 0.09330909010456606, 0.11251123527517262, 0.12330491543004582, 0.10162734737913255], [0.10753956272516939, 0.12311392982342999, 0.11892525552988428, 0.11752045330533459, 0.10183835942553822, 0.0937216014136718, 0.11186693209764145, 0.12322360966420275, 0.10225029601512756], [0.10779744939957654, 0.12313239887178058, 0.12022356723271346, 0.11672421769835693, 0.10148428913992977, 0.09337141038853428, 0.11240245823451182, 0.12318840681088837, 0.10167580222370826], [0.10687761558979887, 0.122649152735339, 0.11829843666610554, 0.11839216259159968, 0.10196735085835044, 0.09387012118910192, 0.1115764353021097, 0.12363437649416109, 0.10273434857343376], [0.10747490519022111, 0.12315747627187595, 0.11886786117366464, 0.11760221134216893, 0.10183712017338314, 0.09376720975364175, 0.11181507022616408, 0.12318052609026321, 0.1022976197786172], [0.10652112428603748, 0.12270512177065404, 0.11827150200213203, 0.11866787465679451, 0.10189052599927845, 0.09379779586179655, 0.11135881686189394, 0.12397630936864767, 0.10281092919276531], [0.10709035702339398, 0.12276569477356072, 0.11839497035310381, 0.11821741657160098, 0.10198218111296826, 0.09398314061183137, 0.11164979871467655, 0.12322543974346141, 0.10269100109540291], [0.10653873126334956, 0.12283242636595555, 0.11817519691008402, 0.11868936520325842, 0.10188540871394536, 0.09389137033762092, 0.11132720573589389, 0.12381345614612096, 0.10284683932377144], [0.10741762714140396, 0.12348316463849507, 0.11935285184778396, 0.11748949120033908, 0.10168188075464804, 0.09376716791784377, 0.11174771573547518, 0.1228559626052815, 0.10220413815872945], [0.10712532911271723, 0.12310040595505238, 0.1184169910890154, 0.11813945522999586, 0.10192066189877316, 0.09404363475978028, 0.11159265249926549, 0.12299982186433923, 0.10266104759106096], [0.10665646253779491, 0.12293505516320911, 0.11808075862763981, 0.11862954195221598, 0.10190521966751052, 0.09401418789330665, 0.11135431094424617, 0.1235575381468572, 0.10286692506721964], [0.10725568125570757, 0.12354987221596966, 0.11910738045621164, 0.11773881581304492, 0.1017131920615723, 0.09389446957100091, 0.11155005062267201, 0.12281901155875245, 0.1023715264450685], [0.10730384769896872, 0.123618175899154, 0.11934285103561106, 0.11760129354673629, 0.10165486361754049, 0.09383953276005033, 0.1116174441455429, 0.12274576628081228, 0.10227622501558385], [0.10721864049727434, 0.12361350114016968, 0.11914091815569043, 0.11776253393103168, 0.10169408604920042, 0.09391701231258193, 0.11150634204633462, 0.12276023712732438, 0.1023867287403925], [0.10642929000772812, 0.12315751584674468, 0.11791864431323665, 0.11885990335208871, 0.10184973265173743, 0.0941107861923761, 0.11115351523088045, 0.12353057419498296, 0.10299003821022491], [0.10731496933598658, 0.12375889796031408, 0.1197454087917118, 0.1174307371430862, 0.101543046432985, 0.093801094733425, 0.11172266265938108, 0.12251876829432196, 0.10216441464878828], [0.10694706720750573, 0.12352776876799855, 0.11861758377076433, 0.11823096040643052, 0.10178922222469264, 0.09416791577607676, 0.11134520251130647, 0.12265792994441681, 0.10271634939080809], [0.10621772077849652, 0.11108908383841191, 0.1199506468325349, 0.12356232363853396, 0.10865971683380339, 0.09762716542727823, 0.11250537431909255, 0.11094032619131562, 0.1094476421405329], [0.10616081688811387, 0.11106408878985206, 0.11987139726018789, 0.12365590829066313, 0.10867607507173402, 0.0977250718180779, 0.1124387966821385, 0.11086366475460663, 0.10954418044462585], [0.1064277909416963, 0.11178234382766018, 0.1202735284594411, 0.12285462644312724, 0.10822381100627891, 0.09704178648326449, 0.11275861197363987, 0.11181622904256017, 0.10882127182233155], [0.10662143996284111, 0.11218556601758795, 0.12051532478926939, 0.12262582597246593, 0.10789839239405546, 0.09648351741211685, 0.11297225589818387, 0.11243964998012689, 0.10825802757335254], [0.10573529344567835, 0.11116393726714358, 0.11931638599496902, 0.12416742639896751, 0.10860790432564187, 0.09835012847029231, 0.11195131518353414, 0.11057077887237082, 0.11013683004140241], [0.10537498553751588, 0.11061843220023744, 0.11872280207383495, 0.125, 0.10891944822894507, 0.09917047234716529, 0.11149814235038681, 0.10974395007155843, 0.11095176719035615], [0.1059941899828558, 0.11193612031970536, 0.11972189968562157, 0.1233017283266726, 0.10815960615424942, 0.09766779001688694, 0.1122702443494472, 0.11153855387715043, 0.1094098672874107], [0.10592644458753815, 0.11200813656054441, 0.1196320145661569, 0.12333076554289119, 0.10812349241760132, 0.0977605228358502, 0.11219180090956041, 0.11153724140863605, 0.10948958117122137], [0.10638636718255987, 0.11301267787621706, 0.12008482883509101, 0.1222487641949432, 0.1075174920213852, 0.09675386909724282, 0.11265555737494912, 0.11294150396435067, 0.10839893945326107], [0.1057800301718444, 0.1120981467813882, 0.11943379276973272, 0.12342876799074552, 0.10808357918243794, 0.0979900153971423, 0.11202032815472411, 0.11147044410981018, 0.1096948954421746], [0.10620942344334454, 0.11310719850256798, 0.11988099070199977, 0.1224775408143221, 0.1074637454277093, 0.09695344497354978, 0.11246460834421941, 0.11285587047701412, 0.108587177315273], [0.10606534227767044, 0.11288991015542482, 0.11973748869443449, 0.12266839972664342, 0.10761872