[[0.1185862982139685, 0.11567462447254946, 0.1048410506200566, 0.10276094965231196, 0.12299831732558479, 0.1247235277618102, 0.1009957532625061, 0.10286384963000342, 0.106555629061209], [0.11914377481866222, 0.11631077065432446, 0.10438386895658731, 0.10238977288922904, 0.12355721026726346, 0.12487909503756751, 0.10050425426151047, 0.10248602162089304, 0.10634523149396245], [0.11845245934653219, 0.11567360240404477, 0.10480089106817089, 0.10284783816434064, 0.12283527874259992, 0.12484613880048273, 0.10106513353348137, 0.1029606643521571, 0.10651799358819036], [0.11856175896854101, 0.11579921794288375, 0.10471785817321952, 0.10277369341434113, 0.12299997790990734, 0.12481592929290304, 0.10096823565174722, 0.10288493020715514, 0.10647839843930182], [0.11910542428631525, 0.11636399188238848, 0.10432146666017471, 0.1024149661566745, 0.12345920500077365, 0.125, 0.10050847656888778, 0.10251695680613732, 0.1063095126386483], [0.1189438760999791, 0.11626239449453604, 0.10442824694931857, 0.10257949249170734, 0.12333374017253301, 0.1247071174953307, 0.10068893958069478, 0.10268843410223853, 0.10636775861366192], [0.1184360309520781, 0.11574150751248008, 0.10471050065857708, 0.10283500370925482, 0.12283858973303252, 0.125, 0.10102674970574042, 0.10295274286162925, 0.10645887486720777], [0.11841473968462445, 0.11583528815833677, 0.10466610031436754, 0.10291051612637361, 0.1227895081895842, 0.12482244775367438, 0.10107673212069672, 0.10303569464015463, 0.10644897301218768], [0.11800484433705913, 0.11549315602709351, 0.10486385595055983, 0.10317905907404652, 0.12222469160548254, 0.125, 0.10139523600780544, 0.10331532492113152, 0.1065238320768215], [0.11853830762374791, 0.11610781166306144, 0.10442819254597363, 0.10283170534946709, 0.1228717041431343, 0.125, 0.1009278755783176, 0.10296403209326466, 0.10633037100303339], [0.11894036317855296, 0.11663662503674456, 0.10422161507278488, 0.10271971421547442, 0.12311200592611955, 0.1244816012050991, 0.10073897463768135, 0.10284705614797425, 0.10630204457956893], [0.11797345081555105, 0.11556068699633647, 0.10483144707713427, 0.10324176810917798, 0.1221939254628962, 0.12485929813921991, 0.1014383244780448, 0.10338412502162836, 0.10651697390001101], [0.11877614749659321, 0.11650012311706119, 0.10430945435834996, 0.10284701144255928, 0.1229269343717939, 0.12443867368160373, 0.10088371194540363, 0.10298081176278402, 0.1063371318238511], [0.11855140432939364, 0.11633055912343308, 0.10434759799341492, 0.102952822430249, 0.12275406432478024, 0.1246396481253879, 0.10100258388947818, 0.10309592194119763, 0.1063253978426654], [0.1189632619377259, 0.11692551133530166, 0.1038769786139871, 0.10258826961507221, 0.12329680442212146, 0.125, 0.10052009397461283, 0.10272517598950352, 0.10610390411167535], [0.11829294973427391, 0.11603489330665444, 0.10453546088277489, 0.10311418024897673, 0.12254831473804641, 0.12459356800319007, 0.10121836974235862, 0.1032612673365383, 0.10640099600718651], [0.1188694047795052, 0.11684127470112297, 0.10397375013316298, 0.10271052924122456, 0.12314456500477076, 0.12478918270253297, 0.10066034504716637, 0.1028517160640957, 0.1061592323264185], [0.11872906996129787, 0.11667362952229014, 0.10416937822244873, 0.10290625723307084, 0.12288579499561317, 0.12441508611253213, 0.10089709842947432, 0.10305162160760681, 0.106272063915666], [0.11773212590824168, 0.11550463290979267, 0.10480761249547166, 0.10341140811724499, 0.12187857817172118, 0.125, 0.10160596487990657, 0.1035692834996983, 0.10649039401792294], [0.11860997751826045, 0.1165701822525191, 0.10420647339068054, 0.10297159456005071, 0.12270984493311315, 0.12455837529760337, 0.10097603171521334, 0.10312171184491646, 0.1062758084876429], [0.11825456056061807, 0.11614145028045328, 0.10446101819639125, 0.10318671265583514, 0.1224463091885691, 0.1245287847711645, 0.1012668697694726, 0.10334302633099536, 0.1063712682465009], [0.11853712721462561, 0.11651894183666375, 0.10421294383919422, 0.10300553824013191, 0.12260997669326827, 0.12467310281838925, 0.1010148014675636, 0.10315904198835876, 0.10626852590180462], [0.1176623188515386, 0.11547086979738776, 0.10485557331443468, 0.10349553354050843, 0.12177511906765767, 0.12486256492114686, 0.10169955183353571, 0.10365640023623626, 0.10652206843755403], [0.1183703249589647, 0.11636294456475502, 0.10425496993702824, 0.10307465675369379, 0.12248635548320712, 0.12484990896204519, 0.10110334470685071, 0.10323385435294441, 0.10626364028051082], [0.11821735410173997, 0.11618324910993745, 0.10442174836518242, 0.10322741574832642, 0.1223737607538434, 0.12453905133792859, 0.10129618479875496, 0.10338907273438125, 0.10635216304990555], [0.11790172930419852, 0.11584093787228543, 0.10458404093471184, 0.10337547045350175, 0.12206192845368838, 0.12479477892545508, 0.10150044407706531, 0.1035423832615963, 0.10639828671749742], [0.11771655006378123, 0.11562784221147611, 0.10474469671889737, 0.10350395515500305, 0.1218367031894402, 0.1247502119696811, 0.10167359611593857, 0.10367159546869018, 0.1064748491070922], [0.1185707811790025, 0.11678123046126969, 0.10401090537636293, 0.10299384012690467, 0.12275383060981705, 0.12460984181794751, 0.10094694270479244, 0.10315602686708314, 0.10617660085682006], [0.11830471031024385, 0.11641168611103754, 0.10418152681021554, 0.1031131862709026, 0.12236483780111848, 0.125, 0.10112436970179275, 0.10328008305157228, 0.10621959994311694], [0.11780854458416475, 0.11578661352302355, 0.1046038093905358, 0.10343821066038969, 0.1219443414120269, 0.12483635033655169, 0.10157035325280644, 0.10360927517878775, 0.10640250166171343], [0.11800550353670455, 0.11603482483569143, 0.10448586465802569, 0.10336679045292392, 0.12214096472538162, 0.12460280871664667, 0.1014568326103368, 0.10353704551210578, 0.10636936495218356], [0.11814930813857243, 0.11623251200468546, 0.10436323898770113, 0.10328791343121693, 0.12225371998373759, 0.12459399604211674, 0.1013408958543419, 0.1034577810096619, 0.10632063454796578], [0.11822367828925373, 0.11636461983867835, 0.1042303266542001, 0.10320240238064125, 0.12228377516326276, 0.12485032723621231, 0.10122350199028558, 0.10337336122083063, 0.10624800722663509], [0.1174774985293344, 0.11545349321334102, 0.10480099256976924, 0.10362972512267347, 0.1215279564362084, 0.12499999999999997, 0.10182382216701333, 0.10380508150748444, 0.10648143045417556], [0.1177760949004705, 0.1158467704951333, 0.10451173992381145, 0.10344676058090632, 0.12188971077398418, 0.12499999999999997, 0.10155765854776341, 0.10362463435014735, 0.10634663042778335], [0.11747577959396666, 0.11549491912722716, 0.10477864081917564, 0.10365660326715743, 0.12152609079221284, 0.12491557220823965, 0.1018421078081888, 0.10383504521449818, 0.10647524116933384], [0.11822621809663925, 0.11655272478629046, 0.10411305192280576, 0.10325180002844081, 0.12227169685607323, 0.12471330141034746, 0.10123481429265593, 0.10343152735903885, 0.10620486524770828], [0.11806849358867956, 0.11630950939210045, 0.10429496274155492, 0.103377636068474, 0.12209814149441993, 0.12459407683148792, 0.10140969504026406, 0.10355809034388358, 0.10628939449913558], [0.11779879582510511, 0.11594263500569293, 0.10447281592733043, 0.10348238389541982, 0.12188704517503003, 0.12483466316549693, 0.10157645436302971, 0.10366418864070112, 0.1063410180021939], [0.11845787574343647, 0.11700455612659363, 0.10369867595695162, 0.10296357956750461, 0.12289726395232922, 0.125, 0.10084686188521243, 0.10314240116759969, 0.10598878560037232], [0.1181139895986376, 0.11643548431528498, 0.10419674295806278, 0.10334787050889907, 0.12209174491626518, 0.12468687571282232, 0.10135275244963816, 0.10353103966585064, 0.10624349987453927], [0.11828077814508907, 0.1167791899946719, 0.1038586447206297, 0.1031288291378033, 0.12252504547825235, 0.12500000000000003, 0.10105311895586935, 0.10331370868066835, 0.10606068488701614], [0.11817784966438658, 0.11660066682500837, 0.10408589176474119, 0.10331649199449516, 0.12222582960239102, 0.12460488134257412, 0.10128872145967485, 0.10350221769029129, 0.1061974496564374], [0.11758563353914488, 0.11580017473800325, 0.10453287872659033, 0.10362692342606986, 0.12184757917756259, 0.12468934441936408, 0.1017414420023058, 0.10381740809383558, 0.10635861587712381], [0.11790320135106061, 0.11643326707245422, 0.10414918061464452, 0.10351999615318065, 0.12211917363563081, 0.12443079786592982, 0.10151217815140672, 0.1037200735678289, 0.10621213158786375], [0.11719755171738407, 0.11544399754269036, 0.10465248451569259, 0.10379400191478359, 0.12186808576238241, 0.12471592768941582, 0.1019609598676739, 0.10399323007163304, 0.10637376091834425], [0.118240912846432, 0.11718663558403046, 0.10350867212650225, 0.1031630366738009, 0.12278552842305623, 0.12486363871744015, 0.10099245702150389, 0.10336755606623525, 0.10589156254099884], [0.11827364867465966, 0.11725157920734908, 0.10348030447854138, 0.10315734937540601, 0.12284634917006321, 0.12476669702594012, 0.10097670489221174, 0.10336187912824268, 0.10588548804758616], [0.11725227428470215, 0.11555603384043127, 0.10449501725711988, 0.10370295701876237, 0.12197704100313765, 0.125, 0.10183439033273534, 0.10390616548994408, 0.10627612077316728], [0.118129065751991, 0.11699438453753408, 0.10367927761625519, 0.10327973713823185, 0.12254936317522894, 0.12475355141106947, 0.10115030164429446, 0.10348498071145201, 0.10597933801394294], [0.11795016297139621, 0.11665076340724086, 0.10394833195997641, 0.10345700054424488, 0.12234886741145402, 0.12447583577888685, 0.10139748086712067, 0.10366315355916672, 0.10610840350051316], [0.11815927033812214, 0.11711766037181748, 0.10352039342763078, 0.10320123772139038, 0.12266978316907194, 0.125, 0.10103718968722372, 0.10340966053402613, 0.10588480475071742], [0.11756792537263501, 0.1160334965986236, 0.10430645407939072, 0.10366054977670038, 0.12219270780373763, 0.12441581987432422, 0.10171336685879809, 0.1038670376318518, 0.10624264200393876], [0.11728978494271668, 0.11565091421772976, 0.10444589324327554, 0.10371460603332722, 0.1220663885667273, 0.12482220010127032, 0.10182776499239453, 0.10392097804957777, 0.1062614698529811], [0.11779587077897263, 0.1165708581447133, 0.1039301586855698, 0.10353281136200371, 0.12243781863881138, 0.12443111885419611, 0.10147518847683193, 0.10374799106779217, 0.10607818399110898], [0.11781975846941355, 0.11665617474426596, 0.10388246036303674, 0.10353177985495363, 0.12251796661050017, 0.12432276158116075, 0.10145831138293679, 0.10374866381349501, 0.10606212318023743], [0.1179092370645885, 0.11692664143072488, 0.10363591565097573, 0.10341796012829667, 0.12270137901834707, 0.12455309218537167, 0.10128244704009069, 0.10363895064494545, 0.1059343768366595], [0.11766140513282385, 0.11643449797324554, 0.10393003909421666, 0.10355632133870361, 0.12240937526895543, 0.12467474309162026, 0.10151067065901974, 0.10377631314254808, 0.10604663429886685], [0.11797297678066022, 0.11706788547291787, 0.10350811481760032, 0.1033505165929372, 0.1227456560574479, 0.12473048107111706, 0.10118341190352717, 0.10357272956723262, 0.10586822773655966], [0.1175666800411441, 0.11630658443098563, 0.10394671403195103, 0.10355980747057635, 0.1224337663718398, 0.12484673787222302, 0.1015289826560173, 0.10378148862262752, 0.10602923850263543], [0.11721937144927648, 0.11575300186011712, 0.10426095388556306, 0.10371953500029202, 0.12232062773922192, 0.12485071487846323, 0.10179129024533672, 0.10393904842883515, 0.10614545651289425], [0.1178771674386353, 0.11694968575323736, 0.10358728097036315, 0.10342738002430407, 0.12277213382875553, 0.12454963771161769, 0.10128127949916382, 0.10365231395899292, 0.10590312081493015], [0.11748399832776833, 0.11619638517009954, 0.10399238829449339, 0.10359407593231947, 0.12247135430561032, 0.12482482136723579, 0.10158045116087411, 0.1038170174548145, 0.10603950798678434], [0.11743734886703301, 0.11614957294052795, 0.1040158239518573, 0.1036248439072336, 0.12250137229638335, 0.12475539241923753, 0.10161875288238369, 0.10384918491491298, 0.10604770782043063], [0.11738709849394116, 0.11606816942237297, 0.10409229746408645, 0.10367948013957357, 0.12249877532255803, 0.12458898984529168, 0.1016925430275907, 0.10390349421280666, 0.10608915207177883], [0.11722657261839571, 0.1158513925349747, 0.10415562917348797, 0.1037074866423434, 0.12245745706097926, 0.12482881294139617, 0.10175196078914805, 0.10393263426350019, 0.10608805397577453], [0.117603092973626, 0.11655253131124534, 0.10379785584683712, 0.10358717799803521, 0.12264594694232074, 0.1245135657356113, 0.10150718997595436, 0.10381721888011533, 0.10597542033625455], [0.11744129746443417, 0.11625704407806649, 0.10386782555270471, 0.10357055494914709, 0.12257393526355462, 0.125, 0.1015308579668592, 0.10380023560735714, 0.1059582491178766], [0.11713039975671088, 0.11575737039773329, 0.10415241421581853, 0.10371714112906334, 0.12246302401993842, 0.12499999999999997, 0.1017703275225942, 0.10394489778343714, 0.10606442517470403], [0.11764126068760994, 0.1167075035021678, 0.10371619356690355, 0.10359310526508929, 0.12280155717453761, 0.12427884973599881, 0.10148479192982837, 0.10382642744960766, 0.10595031068825693], [0.11744886365325073, 0.11633487006160753, 0.103827827000234, 0.10359258170734631, 0.12262340819253612, 0.12486186006592517, 0.1015379748628708, 0.10382540919896037, 0.10594720525726896], [0.1173293594454728, 0.11619595522154533, 0.10387241788732704, 0.10364201903673284, 0.12270112108038186, 0.12482366539468144, 0.10160669958479841, 0.10387790882499458, 0.10595085352406569], [0.11723777794905708, 0.116069605846525, 0.10397469254157367, 0.10372835215856352, 0.12272520928015786, 0.12457625206769651, 0.1017199416231131, 0.10396514252599932, 0.10600302600731379], [0.117286141526272, 0.11635424026200607, 0.1037248210924207, 0.10368331200428499, 0.12288573899696838, 0.12465058217527974, 0.10160633870906423, 0.10393051757182899, 0.10587830766187471], [0.11695170301391726, 0.11579861167598444, 0.10400639395986443, 0.10381709334773623, 0.12280354048658534, 0.12475198045578514, 0.10183843525010045, 0.10406285420849129, 0.10596938760153525], [0.1169125800302638, 0.115881545150066, 0.1038330566811038, 0.10376964692998657, 0.12296900404821744, 0.12500000000000003, 0.1017545729488067, 0.10402397110862314, 0.10585562310293273], [0.11741570779036625, 0.11701737282585682, 0.10306673470543927, 0.10348818795958116, 0.12348378286730863, 0.125, 0.10124465051256225, 0.10375636205033383, 0.10552720128855185], [0.11693330001708918, 0.11596350062181576, 0.10378973576412492, 0.10378201698366729, 0.1230507335337962, 0.12484812228774343, 0.10175092938986174, 0.10403913033966228, 0.1058425310622392], [0.1172698579349357, 0.11695241776375544, 0.10305360380496782, 0.1035867182487872, 0.12363519648696734, 0.12478732015372902, 0.10134262912176888, 0.1038649087401018, 0.10550734774498674], [0.11676913340781045, 0.11583958482920534, 0.10380377109627843, 0.1038637267846047, 0.12314022353693252, 0.12478111873654227, 0.10184481956301977, 0.10412793137995084, 0.10582969066565584], [0.1171067240763967, 0.11661901151685838, 0.10324465970978247, 0.10365717347059432, 0.12338762382278037, 0.125, 0.10147366571339385, 0.10393380494899172, 0.10557733674120219], [0.11694264194697696, 0.11630009959575731, 0.10343928254187687, 0.10372556195499613, 0.123336336135725, 0.125, 0.1016032150840677, 0.10399912069209093, 0.10565374204850914], [0.11705906267461276, 0.11659197913028335, 0.10325424113718727, 0.10369788306263336, 0.12340142533832858, 0.12492043874024283, 0.10151696509693356, 0.1039774036976996, 0.10558060112207869], [0.11669788445075717, 0.11585858312367806, 0.10374671906010907, 0.10390709991391328, 0.12327861940594975, 0.12466349030914607, 0.10187500925487573, 0.10417855238049348, 0.10579404210107735], [0.11667553887813072, 0.116137504552229, 0.10337193206536464, 0.10381551262425293, 0.12362947351825086, 0.12499999999999997, 0.1016938974206012, 0.10410410077536969, 0.10557204016580078], [0.11669701265710933, 0.11622494954984156, 0.10332644737229543, 0.10383747619953532, 0.12368789396905701, 0.12483885062793743, 0.1016985856655041, 0.10412945387421535, 0.10555933008450448], [0.11653933405072017, 0.11592543070092184, 0.10348039752770749, 0.10388298021483457, 0.12359162226285114, 0.125, 0.10179881522561747, 0.10417208043319645, 0.10560933958415086], [0.10166535366049718, 0.12345336416629453, 0.11047238708373974, 0.12033697451044793, 0.09935213997511017, 0.09022751336203097, 0.12486510634091223, 0.1138991836483016, 0.11572797725266554], [0.10254311536773919, 0.12290625038092969, 0.1099854315040209, 0.11834792769102981, 0.10039002964127319, 0.0909913238818365, 0.125, 0.11459547337949799, 0.11524044815367272], [0.10206630781445157, 0.12336660588341998, 0.11012897926286856, 0.11928170139285875, 0.09984433812692438, 0.09055308291507226, 0.12500000000000003, 0.11428899807870868, 0.1154699865256959], [0.10164063742076876, 0.1233712768657685, 0.1104211674685754, 0.12036302887193366, 0.09937534333933258, 0.09025925275743675, 0.1249423825062433, 0.11396007830932667, 0.11566683246061436], [0.10163746169498793, 0.12332363316759593, 0.11037136232889976, 0.12033605336331994, 0.0994083775216968, 0.09029013291361074, 0.125, 0.11401779213663712, 0.11561518687325177], [0.10158850271612307, 0.12314532203696461, 0.11048503157805306, 0.12073065120374414, 0.09939230306573876, 0.0903832288047145, 0.12462883363048821, 0.11399049131350451, 0.11565563565066912], [0.10228998253976639, 0.12303009323788135, 0.10991510432979325, 0.11896196350263258, 0.10027176587327162, 0.09099240677915077, 0.12461064446674303, 0.11470268147957899, 0.115225357791182], [0.10271751110264772, 0.12250266259122217, 0.10976170182795517, 0.11819394145295158, 0.10081574119918335, 0.09142475162796274, 0.12457996892467187, 0.11504899011654084, 0.11495473115686472], [0.10167798007066504, 0.12293299058350654, 0.11020962403656898, 0.12044912122982034, 0.09970057597711211, 0.09068426247399139, 0.12458157010008389, 0.11439330519202416, 0.1153705703362274], [0.10189887468530501, 0.12288019431435367, 0.1099877059583127, 0.11991561037059421, 0.100048505732544, 0.09096780671960819, 0.12438173896849279, 0.11473849222188025, 0.11518107102890918], [0.10186387902212661, 0.12275056406779884, 0.10993206367573641, 0.1199894123351435, 0.10009147076207955, 0.09104290909965132, 0.12439725095273381, 0.11483267935388225, 0.1150997707308477], [0.10118879884305457, 0.12322537389147833, 0.11045538911602058, 0.12183611517277428, 0.09927264013623359, 0.09056005695888215, 0.12410973198302967, 0.11401254523711254, 0.11533934866141428], [0.10225510170837666, 0.12245784141953886, 0.10945122621563722, 0.11901052882924341, 0.10065336343885915, 0.09140073356833948, 0.12471685270880299, 0.11534920998565863, 0.11470514212554361], [0.10271700713213111, 0.12172723516211774, 0.10897840303476258, 0.11869333687386621, 0.10118734019043242, 0.09164997302560388, 0.125, 0.11580717936739265, 0.1142395252136934], [0.10228472644475935, 0.12221256167164643, 0.10923088186281076, 0.11909133055525388, 0.10075197393074563, 0.09142533566859024, 0.125, 0.11554455399692044, 0.1144586358692733], [0.1015772984157428, 0.12243829003930568, 0.10989246566227666, 0.12047066075911854, 0.0998995471405897, 0.09094489588882013, 0.125, 0.11478810325013979, 0.11498873884400672], [0.10120015503904839, 0.12296958240246254, 0.11024011426185866, 0.12168580950783593, 0.09944648489911276, 0.09074085100343553, 0.1243190244602394, 0.11427400137223327, 0.11512397705377349], [0.1016241404083706, 0.1224062436626784, 0.10984057299026564, 0.12037769301077515, 0.0999915440920635, 0.0910344159935853, 0.12490143024449807, 0.11488735926670512, 0.11493660033105821], [0.10224305438655279, 0.12211639083806154, 0.10914763293120554, 0.11935791078960362, 0.10080182807766688, 0.09153341502545054, 0.12473609292170848, 0.11568839267092561, 0.114375282358825], [0.1024430366019624, 0.12189700849405737, 0.10902713391488801, 0.1192476641582283, 0.10102048776063546, 0.09166182066835689, 0.12464830792300412, 0.11586255192484904, 0.11419198855401841], [0.10110411118540986, 0.12283300032411691, 0.11012745840399335, 0.1217541003357084, 0.0994737630606638, 0.09080942410653425, 0.12458597040015215, 0.11437624208694995, 0.11493593009647134], [0.10134889519282625, 0.12235782348617114, 0.10979612264009557, 0.12097310475000113, 0.09985239688271506, 0.09104575695053965, 0.125, 0.11485288811301439, 0.1147730119846368], [0.10215220786270382, 0.12201046828615691, 0.1091621010338692, 0.1197482534455, 0.10082874385238248, 0.09169131184096552, 0.12425728382498297, 0.11581521308952689, 0.11433441676391222], [0.10208501339482966, 0.12205880794645128, 0.1092781323580966, 0.11983124335000542, 0.10075772243983301, 0.09168117617242627, 0.1241549642814026, 0.11573247639761938, 0.11442046365933582], [0.10157986083011214, 0.12208543794194429, 0.10971687681138692, 0.12061528690829179, 0.10016968858288458, 0.09134305351019027, 0.12463752943242819, 0.11513995694869272, 0.1147123090340691], [0.10251186756789377, 0.12158823139556228, 0.1087889041946372, 0.1195301696822119, 0.10123606550749832, 0.09187631137573841, 0.12435484612747354, 0.11620199045453629, 0.11391161369444829], [0.10100594827506586, 0.12275368635060185, 0.11013312676888196, 0.1219240267360891, 0.09945540233133016, 0.09085997437896412, 0.12467828756427593, 0.11437922439333051, 0.11481032320146056], [0.10184718423297597, 0.12202713128476335, 0.10948785272832405, 0.12008670138827263, 0.10053497205823292, 0.09160375722477888, 0.12434149311342416, 0.1155227181074274, 0.11454818986180067], [0.10273796351564446, 0.12116671151253802, 0.10852666419356455, 0.11942165579110495, 0.10153858619078401, 0.09206178580466118, 0.12433402018904191, 0.11649479402941165, 0.11371781877324914], [0.10231682670209573, 0.12168044917151151, 0.10880754890312434, 0.11978834040545835, 0.1010815465559442, 0.0918131727883029, 0.12437595052478974, 0.11615597825292445, 0.1139801866958489], [0.10200823379763643, 0.12192884835165442, 0.10918720935790581, 0.12001608849134954, 0.10074306570975179, 0.09168335737580449, 0.12431119404309132, 0.11580790124500005, 0.11431410162780624], [0.10105030492415804, 0.12258899959527148, 0.10995442297758781, 0.12169654350743261, 0.09958804016839129, 0.09096336214652835, 0.12488471282716644, 0.11457469063306068, 0.11469892322040319], [0.10188428097790801, 0.12194376903518103, 0.10939360069042225, 0.12017010537663993, 0.10061542913971781, 0.09167524969560796, 0.12422178608128824, 0.11564114346092509, 0.11445463554230968], [0.10269510244340367, 0.12113555249483261, 0.10847249223962416, 0.11954296726734054, 0.10153628986437957, 0.09207364961187156, 0.12433559510635009, 0.11655961798449778, 0.11364873298770015], [0.10214592179744, 0.12174565326922263, 0.10891651126880976, 0.1200127037606748, 0.10094283360258952, 0.09179279218181692, 0.12429132153242375, 0.11607078017922708, 0.11408148240779568], [0.10105954089091637, 0.12247732935848629, 0.10985872967618669, 0.12160234911675741, 0.0996641211994793, 0.09103997956135695, 0.125, 0.11468644272014282, 0.11461150747667415], [0.10110974283312278, 0.12237139823640894, 0.10979416362876447, 0.12152026884808902, 0.09978403567267367, 0.09117848136850074, 0.12488598489858858, 0.1148136348854686, 0.11454228962838332], [0.10186791906540271, 0.12167988664970346, 0.10906026427135529, 0.12038527456744003, 0.10071749153517331, 0.09171618769621186, 0.12450753431963467, 0.11592272171722999, 0.11414272017784871], [0.10215732206969692, 0.12151488790309797, 0.10868403625363257, 0.1202076261770825, 0.10105285537161568, 0.09187502027458964, 0.12435733186187806, 0.11629933735365036, 0.1138515827347563], [0.10272198820800235, 0.12068635644806693, 0.10809195969214347, 0.119659638477267, 0.1017155244038773, 0.09215755960861466, 0.12475071729471426, 0.11691412237984287, 0.11330213348747128], [0.10128298387645299, 0.12218775006567383, 0.10964951651608708, 0.12122352681327932, 0.10005089523803375, 0.09142649269647697, 0.12461360848782817, 0.11508972597539008, 0.1144755003307778], [0.10188370518645529, 0.12158320260247502, 0.10890144590404487, 0.1204180652967729, 0.10077434040668744, 0.09172550687948618, 0.12465585791331471, 0.11605224446133507, 0.11400563134942843], [0.10258256535490895, 0.12092957955466155, 0.10822873947180299, 0.11991977415013548, 0.10157338022742853, 0.09213136171349698, 0.12443840381274364, 0.11682278151156983, 0.11337341420325206], [0.10296391336589021, 0.12067780234171194, 0.10782810025020606, 0.11959053561327102, 0.10202734123436306, 0.09230839271725078, 0.12437438267619196, 0.11715785831690402, 0.11307167348421099], [0.10195372641633856, 0.12151170031073104, 0.10875642471009228, 0.12037504090377667, 0.10087083698620199, 0.09176402283228495, 0.12469170063567331, 0.116188165367755, 0.11388838183714607], [0.10142677181280065, 0.12179177015800198, 0.10935035048378729, 0.12082920972835823, 0.10030252780874337, 0.09154507836296215, 0.125, 0.11548092413361996, 0.11427336751172638], [0.10285604021499047, 0.1205128208684622, 0.10775572687158622, 0.11973381213388905, 0.10198549038734551, 0.09231527453671078, 0.1245965008788785, 0.11726201921890865, 0.1129823148892285], [0.10267357145419798, 0.12044288438951427, 0.1078440540842266, 0.11986065031748806, 0.10178272383792142, 0.09219326018844527, 0.12499999999999999, 0.11714745903222691, 0.11305539669597939], [0.10100414528647404, 0.12214730045194985, 0.10977959921575103, 0.12166614707625441, 0.09984356128002622, 0.09136730263352882, 0.12499999999999999, 0.11486978571122573, 0.1143221583447898], [0.10129536229101976, 0.12200946629674875, 0.109562201089477, 0.12119908177424277, 0.10020945704069727, 0.09165532230693703, 0.12449573417705158, 0.11525944907824488, 0.114313925945581], [0.10251221350451939, 0.12075194259390731, 0.10804528863963483, 0.12023089886916358, 0.10162756209015103, 0.0922188860680796, 0.12441378655093527, 0.11703990006047092, 0.11315952162313807], [0.101833406511294, 0.12125089287529682, 0.10854475316335253, 0.12069763038304629, 0.100874708482509, 0.09178611798507914, 0.125, 0.11635502037725139, 0.11365747022217082], [0.10137198411907752, 0.12180077031824701, 0.10935944860972403, 0.1212090036518561, 0.1003470337899558, 0.0917328607333262, 0.12450944629540031, 0.11548984543692081, 0.1141796070454922], [0.10201347059914156, 0.1211496172307387, 0.10838444179992493, 0.12066964385469789, 0.10109618844069072, 0.09195103029480338, 0.12463223147338201, 0.11658186733573424, 0.11352150897088656], [0.10258245295751155, 0.12049030912406776, 0.10783157757912554, 0.12018163096371144, 0.10176552985173247, 0.09227923749244331, 0.12463841167291836, 0.11723425416687525, 0.11299659619161406], [0.10195699103564228, 0.1210597362198296, 0.1083341725538805, 0.120808400746666, 0.10108936839545316, 0.09197171199802893, 0.12469453902386017, 0.1166307733442025, 0.11345430668243689], [0.10180474636500747, 0.12112112632049633, 0.10854173371440043, 0.12095091476918542, 0.10091706791102055, 0.09190788181119086, 0.12473180021599722, 0.116418359382093, 0.11360636951060861], [0.10270230903771571, 0.12016159616294836, 0.10759423078505757, 0.120195917924326, 0.1019869217494093, 0.09241699505647037, 0.12465739905707103, 0.1175081071386229, 0.1127765230883789], [0.10161350367316223, 0.12113068618444392, 0.10876885802098886, 0.12107546443453274, 0.10069797200596818, 0.09181052425910331, 0.12499999999999999, 0.1161386521562174, 0.11376433926558326], [0.10278790691374552, 0.1201581504286554, 0.10749643248564432, 0.12015043156109359, 0.10210612055520013, 0.09248388801886237, 0.12451264166909727, 0.11761548176526344, 0.11268894660243799], [0.1013120093872833, 0.1217121428196108, 0.10930999952491177, 0.12146380371040821, 0.10036673350709444, 0.09182847085719768, 0.12443137965065285, 0.11551925760949731, 0.11405620293334352], [0.10215563656615065, 0.1207253906059058, 0.1079199461166838, 0.12075194349368422, 0.10138357814550332, 0.09208460785702635, 0.12488849929065438, 0.11704656328858634, 0.11304383463580513], [0.10223088228634977, 0.12063668197781481, 0.10784862281870415, 0.12068697848197973, 0.10147468985364443, 0.09212919922076127, 0.12490146783325293, 0.11714103540693714, 0.11295044212055576], [0.10217476338015534, 0.12066836805911131, 0.10786116445027781, 0.12072340137115874, 0.10141435195449287, 0.09208310377555555, 0.12500000000000003, 0.11709740413335494, 0.11297744287589356], [0.10164510890408794, 0.12095406587494542, 0.10862197547570658, 0.12127982619081505, 0.10082081404015761, 0.09194970617474602, 0.12480051541394224, 0.11632509913241705, 0.11360288879318195], [0.1019312235907199, 0.12085296402716791, 0.10820556029238834, 0.12107957941994203, 0.10117250474147725, 0.09210139183199942, 0.12456243150767017, 0.11680037235377663, 0.1132939722348583], [0.10186012809452576, 0.120858983690947, 0.10828648749288541, 0.121177039445487, 0.10110301238041806, 0.09208666985835987, 0.12456289133072429, 0.11671866711220862, 0.11334612059444402], [0.10107515617401855, 0.12161515266428147, 0.10934693657609992, 0.12172248944264229, 0.10020635014238646, 0.09177247458999108, 0.125, 0.115370117750868, 0.11389132265971223], [0.10203938247641078, 0.12042978765043064, 0.10771371825330406, 0.12132895563733256, 0.1014628421291417, 0.0922926124047654, 0.12460706897135009, 0.11729898229131383, 0.11282665018595094], [0.10246700403412651, 0.11977495090685991, 0.1071611278484793, 0.12083395824098221, 0.10201697213739354, 0.09249995039130181, 0.12499999999999999, 0.11793820895017078, 0.11230782749068584], [0.10188435785901406, 0.1205777098761773, 0.10809723018003384, 0.12151246449424812, 0.10127091494044442, 0.09230488309377778, 0.12425340155802345, 0.11697882421311001, 0.11312021378517104], [0.10198602784751269, 0.12043293601896951, 0.10778426663767088, 0.121452799122764, 0.10142571040212993, 0.0923246993857964, 0.12446749865019159, 0.11725214005350798, 0.11287392188145702], [0.10115195058293462, 0.12134318560675265, 0.10909870644231677, 0.12200644992610421, 0.10040167534381265, 0.09197159616562434, 0.12470148840566969, 0.11564950900730818, 0.11367543851947699], [0.10228518351868825, 0.11999690821507993, 0.10732364417352477, 0.12120241064952593, 0.101841762296753, 0.09249666043439307, 0.12468080113992283, 0.11779926611439244, 0.11237336345771975], [0.10228151422837989, 0.1199143811361904, 0.10724564675883591, 0.12123922443236064, 0.10187309009266551, 0.0925154667941475, 0.12475364468892676, 0.11787440190864026, 0.11230262995985324], [0.10201325443882336, 0.12005815020059182, 0.10734264550508182, 0.12155345717238551, 0.10159544602102548, 0.09235731131997349, 0.125, 0.11764881416414547, 0.11243092117797303], [0.10178523929293883, 0.12037082416787179, 0.10809312165660885, 0.12190672095089419, 0.1012669943478939, 0.09242436164884553, 0.12411610055484336, 0.11699475217390892, 0.11304188520619467], [0.10183287614812404, 0.12034057288266291, 0.10798964012238284, 0.12186618559443911, 0.10133481148393206, 0.09244583378645699, 0.12411841121805713, 0.11710814983981835, 0.11296351892412657], [0.10221494618732159, 0.1196756147462037, 0.10701300831705521, 0.12145330785066222, 0.10192589339089386, 0.09256127835301727, 0.125, 0.11808651947276382, 0.11206943168208232], [0.10148753897474708, 0.12060635170440231, 0.10833664138895249, 0.12218144718393037, 0.10096053767960475, 0.09231121100320504, 0.1243733862869148, 0.11657705947013726, 0.11316582630810577], [0.1018516858560532, 0.1201104017593412, 0.10766967324905381, 0.1219642720697413, 0.10146295419219309, 0.09250374329536588, 0.12436289890836748, 0.11739859009387577, 0.11267578057600826], [0.10199920169777348, 0.1198886243265636, 0.107237295931786, 0.12183151835154556, 0.10168277925771649, 0.09250618912143713, 0.12474432467394302, 0.11780263055295769, 0.11230743608627702], [0.10225131828402056, 0.11943673349523369, 0.10683718035418455, 0.12166919169185049, 0.10209017492446602, 0.09275218064213935, 0.12473877874119216, 0.11834840247686744, 0.11187603939004576], [0.10149486968332044, 0.12033139203995682, 0.10808714745351293, 0.12235317113256637, 0.10107554124376132, 0.0924008014092518, 0.12451081867397891, 0.11681778164914546, 0.11292847671450607], [0.10136272959625225, 0.12028699699714313, 0.10801863892723099, 0.1225934357478056, 0.10099673876959486, 0.0923725431795406, 0.12477731635558911, 0.11676767326831278, 0.11282392715853068], [0.10117249875104421, 0.1205107049630213, 0.10822305135429135, 0.1227399718159269, 0.10075946799561186, 0.09225586342619171, 0.12499999999999999, 0.11639291712644499, 0.11294552456746758], [0.1023735768329055, 0.11881825721933555, 0.10632782991565942, 0.12177712488766924, 0.10243172132829415, 0.09293373553946649, 0.125, 0.11891818976962062, 0.11141956450704901], [0.10139141217798182, 0.12014566958437194, 0.10789711217553113, 0.12264239321094664, 0.10107780907052234, 0.09243644429254742, 0.12478844273044205, 0.11690840937550777, 0.11271230738214887], [0.10184399273766694, 0.11942353473838259, 0.10684889346604066, 0.12242957863729964, 0.10176501490347993, 0.09265537970820246, 0.125, 0.11813399104858398, 0.11189961476034377], [0.10129160901157208, 0.120116930296357, 0.10785403718763868, 0.12282241928935032, 0.10101081960936695, 0.0924053498143085, 0.125, 0.11685520896335945, 0.11264362582804702], [0.10215672863253095, 0.11894007640194597, 0.10638062303774194, 0.1221561142266675, 0.10224475211695509, 0.09290742333434872, 0.125, 0.11880180081504994, 0.11141248143475989], [0.10167816662187326, 0.11949287744040782, 0.10709621033837571, 0.12260986740877694, 0.10157460825757496, 0.0926223895997752, 0.12499999999999999, 0.11784127957681377, 0.11208460075640223], [0.10161440989447074, 0.11963694980906787, 0.10749384091211163, 0.12277696551891788, 0.10144588664585821, 0.09268556264420647, 0.12448964029303465, 0.11747844448303578, 0.11237829979929677], [0.10130097711253806, 0.12001017762023608, 0.10778419729325456, 0.12298923687113983, 0.1010797270096628, 0.09251046068633871, 0.12484347906005543, 0.1169317030829534, 0.11255004126382101], [0.1012853476956433, 0.1200239599572548, 0.10781285354877393, 0.12307072666406356, 0.10107103534967546, 0.09253788694426734, 0.1247537814746488, 0.11688906429096967, 0.11255534407470323], [0.10137382704919058, 0.11969600519802513, 0.10748361232836678, 0.12303278312986483, 0.10124619843866894, 0.09257834756765833, 0.125, 0.11727980622733536, 0.11230942006089005], [0.10128102418989558, 0.11997949513832555, 0.1078027815395934, 0.1232106988293927, 0.10110037604469937, 0.09261375941445497, 0.12460558759715933, 0.11689124687481513, 0.11251503037166397], [0.10161647749103302, 0.11930482567481569, 0.10719494155397409, 0.12305546509024828, 0.10159702871979252, 0.09283361938501872, 0.12455218794959855, 0.11776997751857068, 0.11207547661694843], [0.10129806990141868, 0.11986237922434755, 0.10771478093700178, 0.12332917009002302, 0.1011716001971675, 0.09269865153423645, 0.1245189316297239, 0.11698822330204138, 0.11241819318403974], [0.10195212140888531, 0.11891287316016998, 0.1064450109724955, 0.12280273532472807, 0.10212548125303703, 0.09301994245564041, 0.12462260887612582, 0.11869614486123549, 0.11142308168768243], [0.1016284210151693, 0.11923828010968873, 0.1071183744896517, 0.1231000922514535, 0.10164400362052604, 0.0928735039709471, 0.1245423414742967, 0.11785334236109832, 0.11200164070716845], [0.10206001060296106, 0.11867768296055807, 0.10619826536291471, 0.1226482744943289, 0.1023202382419831, 0.09310292056114368, 0.12482411061122566, 0.11901752020045986, 0.11115097696442483], [0.1018106134441201, 0.11897009641668037, 0.10655589804171701, 0.12304510015126607, 0.10196851450274894, 0.09297764354467068, 0.12464596653688728, 0.11847594604663153, 0.11155022131527802], [0.10197567733939175, 0.11862120503711321, 0.10614511448850664, 0.12278620496515144, 0.10227166815127872, 0.09308591356570686, 0.125, 0.11901646384708559, 0.11109775260576579], [0.10141035256960672, 0.1192097279170254, 0.10706089563998676, 0.12343256911038437, 0.1014842400786621, 0.09279510603772767, 0.12500000000000003, 0.11771278924517702, 0.11189431940143008], [0.10165015845310113, 0.11888552916585293, 0.10656121244243699, 0.12325672849263228, 0.1018414499077372, 0.09292023333613535, 0.12499999999999999, 0.11836498357975431, 0.1115197046223497], [0.10192618775457116, 0.11863802434397415, 0.10621166247658391, 0.12303514730500514, 0.10223438096289325, 0.09314045752780249, 0.12471122455591713, 0.11893636179400045, 0.11116655327925233], [0.10152759549985237, 0.1189794861201926, 0.10689423936248629, 0.12350393738741715, 0.10168506152524698, 0.09297365396191563, 0.12471332770870815, 0.11798374633920337, 0.11173895209497746], [0.10143850816155416, 0.11907445888281872, 0.10696082737034975, 0.12357393929649184, 0.1015777170176548, 0.09290597583524494, 0.12484979996743858, 0.1178361004977011, 0.11178267297074608], [0.10152055317900494, 0.11894004247232315, 0.10686193759818932, 0.12356994002996652, 0.10170165774897232, 0.09300252526449546, 0.12469565279925647, 0.11800875206424981, 0.11169893884354214], [0.10191116853215007, 0.11867092442985386, 0.10597901543659073, 0.123140240452796, 0.10233498121998301, 0.09321985940518145, 0.12465703657920171, 0.11917226857621921, 0.11091450536802397], [0.10139567555772934, 0.11915794815292728, 0.10707796749667103, 0.12372418007006615, 0.10154482628667309, 0.09298755727843111, 0.12459876752010399, 0.11768142834081644, 0.11183164929658156], [0.10165454473748277, 0.11862020469644688, 0.10648620101417303, 0.12364523311815026, 0.10197844235279552, 0.09318707910157686, 0.12457557984631207, 0.11848288652971117, 0.11136982860335141], [0.1111863781221752, 0.125, 0.10712670122125786, 0.11220725387425715, 0.10980551704139244, 0.09889227690382979, 0.11141028777482437, 0.1111131212284975, 0.11325846383376571], [0.11124014597112082, 0.1249089362322364, 0.10709186823837655, 0.11218371476820217, 0.10990731160795136, 0.09899689971010088, 0.11134794382721391, 0.11110328130570694, 0.11321989833909098], [0.1105267706174928, 0.125, 0.10713087292390983, 0.11286578979203153, 0.10913691533592638, 0.0981928228546182, 0.11221918550411251, 0.11169874559921127, 0.11322889737269749], [0.11006019890123996, 0.125, 0.10720020965845353, 0.11328960102865379, 0.10858743573170261, 0.09764043625140534, 0.11282008717599702, 0.11205359118565264, 0.11334844006689512], [0.11130715031813088, 0.125, 0.10664004172725128, 0.11218405596242217, 0.11042138352958829, 0.09944014340828038, 0.11105215568160358, 0.11119107934050726, 0.11276399003221617], [0.11194504484437638, 0.125, 0.106419549382737, 0.11161915831865318, 0.11122948996899605, 0.10026088260331568, 0.11027018913236686, 0.110720833476201, 0.11253485227335384], [0.11059917910018298, 0.12490079745086531, 0.10668610333041346, 0.11292687085538329, 0.10965302906287043, 0.09864552049235108, 0.11195357758036305, 0.11185138831162102, 0.1127835338159494], [0.11055966141450164, 0.125, 0.10658263348882033, 0.11296583463595514, 0.10969992592209302, 0.09866929826258472, 0.11193655274693841, 0.11190343921640614, 0.11268265431270064], [0.10961938369230116, 0.12447676960609091, 0.10675270930373237, 0.11398983924153884, 0.10859732846075991, 0.09760380231454302, 0.11328916199542655, 0.1127873148212489, 0.11288369056435818], [0.11057581464305673, 0.12478702118351571, 0.1064393092890075, 0.11303156243882731, 0.1098938871838856, 0.0988566823442579, 0.11188501946869414, 0.11200461043129314, 0.11252609301746183], [0.10959215219166524, 0.12464229607213238, 0.10654568392309781, 0.1140378191835538, 0.10873921230076122, 0.09770321433365299, 0.11319830323566828, 0.1128684070082849, 0.11267291175118355], [0.10980109762906874, 0.125, 0.10642380492766602, 0.11377422006267042, 0.10903748452823779, 0.09796265928552184, 0.11280986270358201, 0.11264958452346412, 0.11254128633978902], [0.11003382765972153, 0.1246913220246776, 0.10637846909547717, 0.11363012110041973, 0.10938268811735007, 0.09832687400860962, 0.11255081721825508, 0.11255256386483453, 0.11245331691065469], [0.11191190583749422, 0.125, 0.10568093285374987, 0.1118353732898751, 0.11188089085413494, 0.10080107181535895, 0.11006064526595769, 0.11106996162935105, 0.11175921845407814], [0.11199900855331