[[0.1145909996729466, 0.11796180603887448, 0.10044269513563625, 0.10106346457186115, 0.10329912486364919, 0.12354100476090292, 0.12089592715851348, 0.09861515185771516, 0.11958982593990078], [0.11514718463942993, 0.11848169921126474, 0.09965917084461418, 0.10013324771741097, 0.10264709586384445, 0.12486542612560439, 0.12165258610015214, 0.09768577110470605, 0.11972781839297308], [0.11458121951047795, 0.11782136093062523, 0.10056652226588741, 0.10106023661015147, 0.10329224493735636, 0.12346858793870275, 0.12072985938401382, 0.0987254875147405, 0.11975448090804452], [0.11470008668424189, 0.11792850109606717, 0.1004372115714191, 0.10090930652656502, 0.10319202249676543, 0.1237407961196522, 0.12072447366891871, 0.0985703661389946, 0.11979723569737585], [0.11517762206406337, 0.1184284684286014, 0.09964918779317083, 0.10002987206218844, 0.10256635676635423, 0.125, 0.12165300105420472, 0.09765302526116108, 0.1198424665702559], [0.11507043374167067, 0.1182596480862891, 0.09988256315169738, 0.10021946111756985, 0.10269884802030241, 0.1246740272848722, 0.12139632890999943, 0.09790687578301414, 0.11989181390458477], [0.11465049902439504, 0.11780731545356717, 0.10056725869630748, 0.10097398268922007, 0.10323399605145983, 0.12358228421682806, 0.12060124154644072, 0.09870321390787354, 0.11988020841390809], [0.11469476197862986, 0.1177538425644683, 0.10055194698188866, 0.10083515508366826, 0.10312711427049982, 0.12373761710608873, 0.12059989011468729, 0.09865686969807681, 0.12004280220199226], [0.1143474103036703, 0.1173305596642258, 0.10094977643753011, 0.10119935288199161, 0.10335682131054644, 0.12335124573775523, 0.12037951174329559, 0.09911252679165865, 0.11997279512932627], [0.11492069912806943, 0.11785289864582638, 0.10033615779113061, 0.10043072555536194, 0.10283764755404648, 0.1240651765619162, 0.12090634809254326, 0.0983638780348109, 0.12028646863629477], [0.11537850128663209, 0.11821273978759768, 0.09988574608324713, 0.09984707155570081, 0.10244828550038194, 0.12441935340046537, 0.12159423570253651, 0.09781251303706748, 0.1204015536463711], [0.1143860425543103, 0.11727918241798871, 0.10096886557984287, 0.10112005543371871, 0.10329845304107778, 0.12348218489298218, 0.12024618581515571, 0.09910977874099904, 0.12010925152392471], [0.11522883899429302, 0.11803669744060154, 0.10006419035486995, 0.09999953609276015, 0.10254295262081183, 0.12437198303022014, 0.12132519502926165, 0.09801164873903012, 0.12041895769815185], [0.1150678971016322, 0.11781504832554186, 0.10029429179565129, 0.10017345765926569, 0.10265289192829324, 0.12417489819720319, 0.12100442195662228, 0.09826235294114051, 0.12055474009464971], [0.11572719908937454, 0.11827991707743406, 0.0998921720229252, 0.09960267466387343, 0.10231323465041872, 0.12386787866274002, 0.12184186249646427, 0.09774735833761516, 0.12072770299915464], [0.11476530673903977, 0.11754418453263484, 0.10053946223597282, 0.10047529230821371, 0.10284156223065412, 0.12423182681037316, 0.12054840769547093, 0.09856342360811467, 0.12049053383952602], [0.11560672658413021, 0.11815943347197916, 0.09997522982035452, 0.09967105399501604, 0.102345067288983, 0.12397945184345596, 0.12166459391790324, 0.09784162092168074, 0.120756822156497], [0.1153890048927506, 0.11798071694400623, 0.1001231161355536, 0.09984122047975812, 0.1024417700011738, 0.12411362534488232, 0.12137063172024601, 0.09802073415743419, 0.12071918032419511], [0.11431310690646472, 0.11702384508937592, 0.10119621093769984, 0.10116048207178645, 0.10331636065389474, 0.12341255347941547, 0.11996837688940779, 0.09932613089513466, 0.12028293307682039], [0.11528532275349672, 0.11786027989956277, 0.10024603130990908, 0.09994390949247026, 0.10250529648170888, 0.12405968035441009, 0.12118913299145306, 0.09815746388290268, 0.12075288283408644], [0.11481748541939799, 0.11746762308292821, 0.10051427193745072, 0.10029265619777929, 0.10270042208720133, 0.12446575134551399, 0.12054823764580778, 0.09849811173537672, 0.12069544054854398], [0.11522286175470155, 0.11777851346015919, 0.10028581754497418, 0.09995904317425681, 0.10250512672852556, 0.12416387589891334, 0.12108313260007772, 0.0981994123806097, 0.12080221645778197], [0.11426854306511672, 0.11694411412813903, 0.10128273930908419, 0.10121832148791665, 0.10335519491069155, 0.12331364009952629, 0.11991579188924582, 0.09941892780642182, 0.12028272730385792], [0.11504398641900135, 0.11759248399790245, 0.10037075162183978, 0.10002733597213723, 0.1025258853352806, 0.1244685253716696, 0.12082124844025514, 0.09829961794734221, 0.12085016489457165], [0.11483341128511704, 0.11741161438226962, 0.1005158665823518, 0.10020901592885921, 0.10263419725810122, 0.12458628594817636, 0.12052374572970269, 0.0984803064974083, 0.12080555638801374], [0.11455529343847393, 0.11713481995443593, 0.10092563617736304, 0.1006669327983656, 0.10295671745852154, 0.124076119306318, 0.1200385182970545, 0.09896151171946625, 0.12068445085000122], [0.11438886775099069, 0.11697692184216091, 0.1012139376521461, 0.10101410366950773, 0.10321019435040085, 0.12361830563409375, 0.11975235608951977, 0.09930481939987003, 0.12052049361131016], [0.11549288524767534, 0.11782016158879473, 0.10028695209230123, 0.09974358565172155, 0.10237916513707886, 0.12380778146495887, 0.1212622817149276, 0.09813871724026069, 0.12106846986228101], [0.11507410931673641, 0.11751350207211692, 0.10039906613945207, 0.09993559281802296, 0.10245549961877687, 0.12453449617755401, 0.12077771465516055, 0.09830289426790415, 0.12100712493427605], [0.11450641811878183, 0.11704400224041826, 0.10103660929706436, 0.10074081308513112, 0.10300790808049604, 0.12396190629363373, 0.11991677345444722, 0.09907948652257434, 0.12070608290745309], [0.11468491469844241, 0.11719514458752701, 0.10074472776967296, 0.10037707170501875, 0.10274311344833932, 0.12444238562714749, 0.12022016555102195, 0.09872920003716802, 0.12086327657566205], [0.11484724695068635, 0.11731717952405686, 0.10052975324542839, 0.10009622029141033, 0.10254345499649853, 0.12476229393532644, 0.12046781951453787, 0.09846711055620944, 0.12096892098584583], [0.1149936164361499, 0.11740560538594318, 0.1004472195860729, 0.09994890080489137, 0.10245052094343933, 0.1247027175386243, 0.12064141330519594, 0.09835307912849633, 0.12105692687118672], [0.11424271300143767, 0.11675391454339916, 0.10147618300862842, 0.10122478000955702, 0.10335538448094841, 0.12324724409518958, 0.11964322636808306, 0.09959452235224667, 0.12046203214051], [0.11454619487945247, 0.11699871438307093, 0.10102065919968976, 0.10061418980647063, 0.10291123739951157, 0.12409075560019248, 0.11992310327452052, 0.09903497597149528, 0.12086016948559615], [0.11426933567505859, 0.11674245592291534, 0.10147974128671097, 0.1011758471025464, 0.10332027253309847, 0.12330803259748419, 0.11957822163696437, 0.09958509916151326, 0.12054099408370861], [0.11516789123064353, 0.11739921441700892, 0.10047520360893246, 0.09979174300164073, 0.10235436695539013, 0.12445365385957267, 0.12072719129149363, 0.09833334856679307, 0.12129738706852491], [0.11487235393107742, 0.11719672906876276, 0.10054268904302849, 0.09993993591473388, 0.10241918887606585, 0.12499999999999997, 0.12039839454131397, 0.09844277996328628, 0.12118792866173117], [0.1146007671216437, 0.11699198141068018, 0.10096554885030203, 0.10047561048511033, 0.10280765801207259, 0.12424616574572245, 0.11997235884216713, 0.09895210796236352, 0.12098780156993806], [0.1157452186838539, 0.11773245571777557, 0.10038786089905814, 0.09953373208127815, 0.1022537426028108, 0.12341357840550156, 0.12127392012941154, 0.09816865380112695, 0.12149083767918328], [0.11501412069459305, 0.11725646948512856, 0.10053506161938013, 0.09985018200149955, 0.10237261293708935, 0.12473192691985026, 0.12052376239028291, 0.09840794272359557, 0.12130792122858064], [0.1154571171811889, 0.11750581844912003, 0.10048285396663367, 0.0996418741503827, 0.1022866884992889, 0.12393462089293258, 0.12094691144620542, 0.09829121169129494, 0.12145290372295288], [0.11519847200556613, 0.11733718049783702, 0.1005264242083009, 0.09974619398093627, 0.10232253929623898, 0.12439129634506574, 0.12068272874393525, 0.09836686547765959, 0.12142829944446015], [0.11448318813105096, 0.11679363390882605, 0.10124732197336278, 0.10068952378719669, 0.10296126454312915, 0.12387888144324105, 0.11968867992975205, 0.09925697223227534, 0.12100053405116594], [0.11498325764558488, 0.1170214118420054, 0.1007462653885422, 0.09983782307140077, 0.10235646204480853, 0.12456564781867377, 0.12027894607003169, 0.09859377565456506, 0.1216164104643875], [0.11424058007851914, 0.11648438327857744, 0.10177306233215513, 0.10120719560738856, 0.10334165536885596, 0.12312393563848634, 0.11920064197391121, 0.09985511876656948, 0.12077342695553675], [0.11584194219395375, 0.11740928797627906, 0.1005047049027328, 0.09923662938833468, 0.10202695410296982, 0.12377488574903683, 0.12099098771591141, 0.09820100733041114, 0.12201360064037049], [0.11590616656137645, 0.11743042885641133, 0.10048513476785709, 0.0991894011633454, 0.1020004521775022, 0.12374290448972415, 0.12103027064685935, 0.09817015917361196, 0.12204508216331206], [0.11433426438812395, 0.1165311247112437, 0.10163674145839986, 0.10098471659938078, 0.10317654568128429, 0.12337528550924642, 0.11931503674378548, 0.09967816150580792, 0.12096812340272743], [0.11562698776609984, 0.11731161925208296, 0.10061037349072409, 0.09941554131294121, 0.10213283871657398, 0.12383255194497532, 0.12081780175636458, 0.09834459518382534, 0.12190769057641267], [0.11522981604524941, 0.11709492678086537, 0.1007377332526811, 0.09966711464981144, 0.10226352776567206, 0.1241820415328346, 0.12045480280180891, 0.09853419077002556, 0.12183584640105154], [0.11576273833328814, 0.11732713306549315, 0.10055547711878159, 0.09926444865383278, 0.10203465094814014, 0.12387355487015562, 0.12088445008471506, 0.09825579850247224, 0.12204174842312115], [0.11464806797372508, 0.11672984069317896, 0.10116226274375992, 0.10031203396842055, 0.10268284051638743, 0.12415270505878934, 0.1197752555546911, 0.09908742841626744, 0.12144956507478016], [0.11439207281592575, 0.11654260305952661, 0.10156799286444743, 0.10084494368718278, 0.10307272990428168, 0.12351363943054829, 0.1193804838729671, 0.09958218895306613, 0.12110334541205406], [0.1151432572080443, 0.11693494138799393, 0.10086884393045119, 0.09970783024194674, 0.10228086098732825, 0.12417128142788053, 0.12025720732075629, 0.09866385610949806, 0.1219719213861007], [0.11523010805696496, 0.11696092252634495, 0.10086491547766248, 0.09964959521412634, 0.10224970989990079, 0.12404342745616871, 0.12031589429722817, 0.09864246622525846, 0.12204296084634514], [0.11551089193719696, 0.11704639877122237, 0.10074135371530965, 0.09936212345229349, 0.10206720570750752, 0.12409904477169924, 0.12054490942992839, 0.09845415861790935, 0.12217391359693304], [0.11502086898338451, 0.11681119908153298, 0.1009787635241414, 0.09980364646939623, 0.10233660401191216, 0.12419506160037179, 0.12007780587494675, 0.09878933635621064, 0.12198671409810358], [0.11565697341512603, 0.11709042615706555, 0.10066315404829787, 0.0992076627894894, 0.10196818308143737, 0.12415542972295561, 0.12068253123057628, 0.09834327416478164, 0.12223236539027015], [0.11491291316201695, 0.11673158402982138, 0.10106111313454964, 0.0999096954151298, 0.10240336219294698, 0.12419160053752633, 0.11996319827669517, 0.09889213222119997, 0.12193440103011381], [0.11447498413807625, 0.1164639095581115, 0.10157455400985825, 0.1006440668124775, 0.10292434565248998, 0.12359472883106212, 0.11938042255353079, 0.09953783531576976, 0.12140515312862402], [0.11551756929234813, 0.11699286400511437, 0.10072870297680706, 0.09928495103605738, 0.10200523983491243, 0.12418139251928688, 0.12061776577285355, 0.09842548286629232, 0.12224603169632801], [0.11481550856125639, 0.11665743128705282, 0.10115308581757007, 0.10002438509471095, 0.10247928759292455, 0.12412641827742235, 0.11986652461581186, 0.09900490261484755, 0.12187245613840347], [0.11477157250812237, 0.11661215157498986, 0.10120761146774275, 0.10007680209574099, 0.10251420962417855, 0.12406204097931388, 0.11983279606190582, 0.09906751238922622, 0.12185530329877957], [0.1146963230526801, 0.11656434974953657, 0.10129247830187964, 0.10019500301434801, 0.10259718481355797, 0.12397173374839358, 0.11973598935520113, 0.09917363733256075, 0.12177330063184229], [0.11454265050029702, 0.11645067467302779, 0.10150437528470384, 0.10046578651660955, 0.10279101664216875, 0.12368982674707982, 0.11953473926000098, 0.09943147781914957, 0.12158945255696271], [0.11510899658867846, 0.11673074134429758, 0.10097223916806462, 0.0996158432171134, 0.1021998062001345, 0.12409643640287096, 0.12030826687211425, 0.09873657368607701, 0.1222310965206492], [0.11487399713970713, 0.11661609994189956, 0.10114633917752093, 0.09990473789958348, 0.10239261164527964, 0.12403635780053913, 0.12002375585018768, 0.09896868836557711, 0.12203741217970535], [0.11448081451350277, 0.11637937827465984, 0.10161146906899779, 0.1005688632483761, 0.10286446204308543, 0.12353244917454669, 0.11947375274568571, 0.09955344451555465, 0.12153536641559107], [0.11523000532480056, 0.11674173162450402, 0.10088567670446781, 0.09942301092907223, 0.10206459502197136, 0.12419069664430778, 0.12049501172980824, 0.09861030321836017, 0.12235896880270784], [0.11493189496126613, 0.11660866214670175, 0.10112645467060377, 0.09981416006681353, 0.10232948157450447, 0.12397669813006426, 0.12013847337465582, 0.09892739706878924, 0.12214677800660102], [0.11480757607999233, 0.11649923891556414, 0.1012512338238043, 0.09994784456245152, 0.10241622771239453, 0.12388651391916473, 0.12002999871332899, 0.0990750649971865, 0.12208630127611295], [0.11468903400855825, 0.11641055649228532, 0.10138593784192995, 0.10011526002043619, 0.10253171898686589, 0.12376056785218659, 0.11989264177890259, 0.09923898144471659, 0.12197530157411865], [0.11489538830178558, 0.11639292385089091, 0.10113891080719582, 0.09961853777012444, 0.10216158659394384, 0.12418697229578533, 0.12031555819695028, 0.09889749567958561, 0.12239262650373822], [0.11448766311992387, 0.11617727229961644, 0.10171413741497362, 0.10041556157730513, 0.10274205894263337, 0.12332735456585832, 0.11970644360824771, 0.09960976163571884, 0.12181974683572272], [0.11455972059723876, 0.11612362271143047, 0.10163603339930985, 0.10019293674618149, 0.1025710906482835, 0.12347558806522325, 0.11990570591157969, 0.09948689674674557, 0.12204840517400743], [0.11550032409983235, 0.11634450011075212, 0.10066150844032046, 0.09857465951473772, 0.10141123505123698, 0.125, 0.12128364166565624, 0.09821150615445612, 0.12301262496300804], [0.11460761586989235, 0.11611298087940113, 0.10156186605214283, 0.10005082491249061, 0.1024625483803595, 0.12362634197318947, 0.12001780671465921, 0.09938668408566546, 0.12217333113219925], [0.11542815328145985, 0.1161759229259287, 0.10077331263911417, 0.09857424566723846, 0.10139596457262343, 0.12476009553231403, 0.12135913369184718, 0.09831430755239122, 0.12321886413708297], [0.11451420380176462, 0.11596438040395454, 0.10174170541799019, 0.10017708096141474, 0.10254847073390698, 0.12341175201047323, 0.11994680870081409, 0.09958087799589885, 0.12211471997378275], [0.11508221988799973, 0.11605861616452912, 0.10089563472630242, 0.0988504079973308, 0.10155921002145142, 0.12499999999999997, 0.12096669442687488, 0.09850291096241194, 0.12308430581309951], [0.11484205682235389, 0.11601433933938375, 0.10122204482141661, 0.09935359022847379, 0.10192971801972699, 0.12435936916167592, 0.120580423337459, 0.0989172292444688, 0.12278122902504124], [0.11505417576579542, 0.11600598273523746, 0.10094539307060316, 0.09887086650842895, 0.1015705375127859, 0.1249103973337732, 0.12096946546943077, 0.09855317720164258, 0.12312000440230256], [0.1145188826615433, 0.11587259673020493, 0.10175874796236586, 0.10008727457566127, 0.10247472442686245, 0.12345177432053527, 0.12003559287977784, 0.09957622519355587, 0.12222418124949314], [0.11472443911976155, 0.11576647421454703, 0.10146560295124682, 0.09945282928601124, 0.10198867760309879, 0.12404110541799943, 0.12056645285798373, 0.0991629439400224, 0.12283147460932903], [0.11477807627536324, 0.1157391856520358, 0.10139738510991518, 0.09930164930947068, 0.1018737480559496, 0.12416743920333186, 0.1206983887033846, 0.09906574012065532, 0.12297838756989371], [0.11457897681535684, 0.11569194371197755, 0.1017236667161442, 0.09978588937142277, 0.10223649494238567, 0.12363064501755776, 0.12031745101372797, 0.09947506672366087, 0.12255986568776636], [0.12310468897636385, 0.10582422445999427, 0.12106285087101533, 0.1128383282997554, 0.11659242818650632, 0.09612614760601092, 0.10392328858285785, 0.12285260841093688, 0.09767543460655914], [0.1226597670770831, 0.10627765828979883, 0.11932577496893147, 0.11239156335024408, 0.11665829203515365, 0.09632550214620757, 0.10448262717295619, 0.1239486682300765, 0.0979301467295486], [0.12251675914025525, 0.10610322807463228, 0.12017200466807645, 0.11264070717671329, 0.11665966594249012, 0.09630889470921435, 0.10427238225745765, 0.1234417662314504, 0.09788459179971022], [0.12306798791931227, 0.10579952769499958, 0.12109156550337911, 0.11279026178398877, 0.11653570539556397, 0.09615171073524281, 0.10393754554005978, 0.12292226706650944, 0.09770342836094426], [0.1230231273602059, 0.10580084943801063, 0.12107523539934062, 0.11275444450980567, 0.11650385671596473, 0.09618679804127664, 0.10396900556472814, 0.12294593762977366, 0.09774074534089403], [0.12310942353490825, 0.10560170007715412, 0.12138545724177197, 0.11270658338486872, 0.11658166342295964, 0.09603651966635167, 0.10378197282980955, 0.12320637030688149, 0.09759030953529457], [0.12237569989939553, 0.10613312370179588, 0.11988292918060305, 0.1123988294102777, 0.11649508112311391, 0.09645459669539586, 0.10445644316835259, 0.12375354403949146, 0.09804975278157405], [0.12241974329458298, 0.10629777310862895, 0.11908944209008658, 0.11210217584012515, 0.11642867768115725, 0.09651886800641166, 0.10470157205615147, 0.12429697465176717, 0.0981447732710889], [0.12280785788199611, 0.10568265410866687, 0.12118027482128178, 0.11251208000989225, 0.11629800824396572, 0.09631750238086778, 0.10404479431102329, 0.12327310067341754, 0.09788372756888869], [0.12251557611840751, 0.10587090539111066, 0.12073877432844718, 0.11239013769981054, 0.11621876719006682, 0.09656564852801852, 0.1043386907359137, 0.12321683588278703, 0.09814466412543804], [0.12246879164588859, 0.10582096272742932, 0.12080968266071049, 0.11232029846358975, 0.11612214854841604, 0.09660773217138666, 0.10435169810376296, 0.12330944154586049, 0.09818924413295568], [0.12278849278261876, 0.10501013801678157, 0.1223438710374091, 0.11236629230540573, 0.11668926321997579, 0.09585704097530846, 0.10340149392382614, 0.12413230308621154, 0.0974111046524631], [0.12193284203225419, 0.10610545311175144, 0.11979011301249501, 0.112018843267266, 0.11610281747000312, 0.09684285742238014, 0.10477530703648062, 0.12397204691787055, 0.09845971972949906], [0.12205736698827793, 0.10612957098594139, 0.11959421267050585, 0.11138078028516356, 0.11582901807072349, 0.0966819174955905, 0.10496168121544204, 0.12499999999999999, 0.09836545228835512], [0.12183958859144506, 0.10609726045997157, 0.11981763878235628, 0.11182775751839719, 0.1159771966188953, 0.09688451814040822, 0.10486655795779197, 0.12417112891435333, 0.09851835301638108], [0.1224894230928987, 0.10556465540365698, 0.12124171154537375, 0.1122156296760183, 0.11605888837736703, 0.09652039145949852, 0.10417251564291005, 0.1236361708649815, 0.09810061393729515], [0.1225848674843804, 0.10501496838963431, 0.12221703221775845, 0.1122055528819699, 0.11649017291430538, 0.09602019228681923, 0.10354238933551568, 0.12434107115921347, 0.09758375333040321], [0.12242499910287415, 0.10560392168167222, 0.12116464891813163, 0.11218276393008807, 0.11599285991022741, 0.09659904317736605, 0.10424927776412211, 0.12360089335944015, 0.09818159215607826], [0.1216787444594, 0.10606155240095196, 0.12001335194192228, 0.11177870101372572, 0.11586777313395799, 0.09701443005451965, 0.1049246161753605, 0.12401407741763724, 0.09864675340252455], [0.12167907232813231, 0.10607506215602583, 0.11997509941684471, 0.11157287111600471, 0.11579448796947168, 0.09694890721527885, 0.10498523836817339, 0.12436480537888521, 0.09860445605118333], [0.12238832152190732, 0.10494231211848343, 0.12227546261759767, 0.11207667843721815, 0.11640079768986132, 0.09610689713223054, 0.1035738334618366, 0.12456271700864655, 0.09767298001221837], [0.12230052093973587, 0.1052535414785559, 0.12163791942606486, 0.11199737974824545, 0.11605280877561762, 0.09646067148109327, 0.10400410547761871, 0.12424890582022644, 0.09804414685284188], [0.12164031987990453, 0.10594315439245561, 0.12025391388829035, 0.11173649774279837, 0.115707318762688, 0.09711870282208243, 0.1049103229932843, 0.12394434066633149, 0.09874542885216492], [0.12175928683871633, 0.10589143580270213, 0.12024333745745762, 0.1117972415337051, 0.11570712587010626, 0.0970927881044057, 0.1048370745112208, 0.12396024256848928, 0.09871146731319655], [0.12219666934562139, 0.10542734204486531, 0.12133561146016805, 0.1119589172087972, 0.11587927777767294, 0.09668511130837715, 0.10424883414392612, 0.12399355377953583, 0.0982746829310358], [0.12150580599807136, 0.10603868181800166, 0.12023017182188989, 0.11133965754935984, 0.11557847700876356, 0.0970938521041471, 0.1051250916175561, 0.12432265155592993, 0.09876561052628055], [0.12222173963643775, 0.10486266618667421, 0.1224184476583473, 0.11200262049745176, 0.11639405614038016, 0.09616747540354918, 0.10356134944284738, 0.12464208169921209, 0.09772956333510012], [0.1219780416448701, 0.10569106185436596, 0.12079003892260758, 0.11187436417851607, 0.11562395042659948, 0.09698115101128074, 0.10461023988814908, 0.12386696171096148, 0.09858419036264976], [0.12158188678828068, 0.10607314906852382, 0.12023395258115821, 0.11102480023238963, 0.1154076990973765, 0.09712465986351283, 0.10528701865415913, 0.12444042385097158, 0.09882640986362762], [0.12136126478615779, 0.10600992039479583, 0.12039025056011234, 0.1114614772646344, 0.11556982179870624, 0.09722394274255258, 0.10511792475317883, 0.1239877636429816, 0.09887763405688059], [0.12170647572023643, 0.10582670266893203, 0.12035968238272518, 0.11171919226641315, 0.11560074998352118, 0.09712503576441728, 0.10483859587058161, 0.1240767991054278, 0.09874676623774531], [0.12214603149652828, 0.10489995620134002, 0.12222753797168176, 0.11191092309289054, 0.11624031372111251, 0.09626184978435205, 0.10367273449588307, 0.12480730569366962, 0.09783334754254215], [0.12188335163330948, 0.10570161993084262, 0.12070031268516612, 0.11180419419792494, 0.11557085420926234, 0.09704502789264849, 0.10467585841381649, 0.12396548196606444, 0.09865329907096508], [0.12150267394233077, 0.10605684459812893, 0.12033279598390993, 0.11100350134141308, 0.1153617228768151, 0.09718294291538956, 0.10531391536023725, 0.12436120930796506, 0.09888439367381033], [0.12142843272770833, 0.10587695453717545, 0.12047888684428074, 0.11152821791698579, 0.11551440221997157, 0.09719734311814963, 0.10498747008902334, 0.12414938907360207, 0.09883890347310308], [0.12206644224404749, 0.10490673993445636, 0.12214834696787356, 0.1118455119859143, 0.11615363391627677, 0.09633205672338065, 0.10373556227938847, 0.12490400352080983, 0.09790770242785259], [0.12198401387536331, 0.10491128120006006, 0.12207398124173197, 0.11178009793598853, 0.1160694367400821, 0.09640257358927574, 0.10379652725784412, 0.12500000000000003, 0.09798208815965434], [0.1216208079147268, 0.10570865541541989, 0.12056488193623388, 0.11159934283056765, 0.11540806505547273, 0.09720210221883865, 0.10483745953649197, 0.12423315650238498, 0.09882552858986349], [0.12122378757784648, 0.10584277478823052, 0.12066226285023805, 0.11134622803446653, 0.1153599364250963, 0.09727597412606358, 0.10507583553478729, 0.124281882000727, 0.09893131866254425], [0.12136367177869829, 0.10608786965160691, 0.1205328895401241, 0.1107173709076701, 0.11512844170044484, 0.09739645786591251, 0.10555109147862764, 0.12410343730673475, 0.09911876977018086], [0.1219234354986257, 0.10504967726531173, 0.12182329942006606, 0.1117340060325369, 0.11591679594009113, 0.09660684920711105, 0.10401271431317338, 0.12474030348185988, 0.09819291884122416], [0.12149131087058179, 0.10570314794670588, 0.12065292949908911, 0.11148916223539367, 0.11534179279304159, 0.09722317793908256, 0.10489078261328802, 0.12435031179475786, 0.09885738430805954], [0.12124966403366093, 0.10601726536582806, 0.12065971755611758, 0.1108756377750142, 0.11517733135557151, 0.09739519090703706, 0.10544261686256295, 0.12408205967856135, 0.09910051646564635], [0.1213967739718585, 0.10624875435819271, 0.12040541731057836, 0.1104337268096836, 0.11498139419795105, 0.09757617211561889, 0.10584870509306094, 0.12378670896395788, 0.0993223471790981], [0.12135489088953723, 0.10572708670518871, 0.1207103213283611, 0.1113879990852914, 0.11530380567133522, 0.0972427729354511, 0.10496090907841663, 0.12442360521940123, 0.09888860908701737], [0.12180492620667141, 0.10533327753942398, 0.12134210355004452, 0.11167519277181248, 0.1156449520385024, 0.09697675417545361, 0.1044176205522646, 0.12423130502056169, 0.09857386814526532], [0.12126420306083621, 0.1061790959246287, 0.12060789188819378, 0.11041856702989335, 0.11491332409575164, 0.09762813169713588, 0.10583929077780205, 0.12377642937629159, 0.09937306614946684], [0.12121031253034145, 0.10608630631142937, 0.1207261279373307, 0.11056097411762539, 0.11497077602991496, 0.0975604204045269, 0.1056925634389045, 0.12390034612062747, 0.09929217310929914], [0.12169583564272908, 0.10490425590666624, 0.1222080071328887, 0.11170642891680171, 0.11605765658552311, 0.09669958717078839, 0.10392684239245265, 0.12453665436670004, 0.09826473188545011], [0.12172879407684141, 0.10504641176753723, 0.12180054350068001, 0.11163041455948512, 0.11582055505568242, 0.09679536972252616, 0.10412725640842688, 0.12466988762858366, 0.0983807672802371], [0.12104588315975633, 0.10598627927450835, 0.12092299604091551, 0.11077176139440756, 0.11502832115950025, 0.0975674643751419, 0.10554638644549541, 0.1238552303336934, 0.09927567781658143], [0.1212024404661846, 0.10562491435646709, 0.12093423508528524, 0.11122162758313729, 0.1151057401070694, 0.0973158650148511, 0.10498981097582705, 0.12463558172333916, 0.0989697846878391], [0.12165034312409287, 0.1051773636620069, 0.12155233694837154, 0.11157525826249304, 0.11566213573936283, 0.09699708838294371, 0.10434067221434969, 0.12445525686891008, 0.09858954479746931], [0.12100494742547685, 0.10567715346816822, 0.12101039013638709, 0.11108343670513796, 0.11505726261618131, 0.0973651841119356, 0.10510998114587186, 0.12465656732345595, 0.09903507706738517], [0.12103355234325833, 0.10601737285059029, 0.12096163876322717, 0.11059069737678262, 0.11491315348383208, 0.09764441919642804, 0.10567720312797786, 0.12379338131421948, 0.09936858154368423], [0.12096898481906683, 0.10561710315602957, 0.12109956568535138, 0.11102718698511797, 0.11497496533323877, 0.09737986986592909, 0.10509694202752864, 0.12478389751778167, 0.09905148460995605], [0.12116556145712244, 0.10556436686510767, 0.12104830127803697, 0.11117766018827967, 0.11500388067238972, 0.09738163534334662, 0.10499101820803701, 0.12463473999050358, 0.09903283599717633], [0.12097871587577078, 0.1060643015427065, 0.12100724130663428, 0.11035041192196518, 0.11474922815805463, 0.09777423061609901, 0.10586709402123053, 0.12369039444260475, 0.09951838211493437], [0.12136752476977385, 0.10554904986115829, 0.12094536289054103, 0.11137989817460002, 0.11511435796076357, 0.09744500809701132, 0.10491208456928956, 0.12421875037935808, 0.09906796329750428], [0.1209742050552904, 0.10609870124131902, 0.12096778714049332, 0.11023227989745395, 0.11468089096810069, 0.0978187146844516, 0.10595801254311678, 0.12369598998319185, 0.09957341848658252], [0.12150326249631771, 0.1051125022983481, 0.12162450306868693, 0.11149905479475407, 0.11563718025091294, 0.0970803723414892, 0.10435016705980152, 0.12452356668790007, 0.09866939100178947], [0.12067715107388385, 0.10579382458719018, 0.12124333653926496, 0.11076878486867274, 0.11487650968894292, 0.0976068015585598, 0.10543501961764797, 0.12429312275943215, 0.09930544930640542], [0.12073022221499702, 0.10583939141812491, 0.12124132971781074, 0.11070136363400752, 0.11485544351954487, 0.09764722986549337, 0.10551358000058345, 0.12411811871161567, 0.09935332091782245], [0.1207003447750807, 0.1058159217577356, 0.1212503718030274, 0.11072787464294198, 0.11485999759665702, 0.09763116248701903, 0.10547881095316956, 0.12420142411184619, 0.09933409187252239], [0.12120847411584985, 0.10551904744276143, 0.12111142403576211, 0.1112462013895142, 0.11496696596021858, 0.09752932613986286, 0.10498307848485504, 0.12427490090849752, 0.0991605815226782], [0.12083242688719206, 0.10552558631922326, 0.12129167391622363, 0.11088019925273776, 0.11480419831468676, 0.09743487873148253, 0.10511703732451472, 0.12500000000000003, 0.09911399925393945], [0.12090937789247289, 0.10551499456657261, 0.12129099221819455, 0.1109498219519962, 0.11481204334776957, 0.09747322108679636, 0.10509352693489986, 0.12481424460532929, 0.09914177739596847], [0.12129871902245619, 0.10492421446838522, 0.12181196707836334, 0.11139716908627756, 0.11566000958960768, 0.09705336911019528, 0.10421955391126063, 0.12499999999999997, 0.09863499773345394], [0.1204013111799529, 0.10562700631140425, 0.12163293329706332, 0.11058578077239724, 0.1145980230130954, 0.09774361042989228, 0.10545389553314895, 0.12451120076422921, 0.09944623869881648], [0.12052309934999067, 0.10584471933878425, 0.12154434674823861, 0.11004411024482426, 0.11437528197494078, 0.09791770198580509, 0.1059181165626883, 0.124153175869238, 0.09967944792549002], [0.12069899876249, 0.10548523946234507, 0.12155452452260034, 0.11078537263454769, 0.11462627135801667, 0.09765295588940051, 0.10521826978166465, 0.12465005804607444, 0.09932830954286082], [0.1204578410897459, 0.10555949473994158, 0.12166932160386724, 0.1106051405859209, 0.11456444639155752, 0.09772493445019811, 0.10538680559946657, 0.12460993432497547, 0.09942208121432668], [0.12111944715630071, 0.10500779169756219, 0.12171050073106757, 0.11127873907612437, 0.11546886647412534, 0.09731618523122969, 0.10444410260924017, 0.12475077140032444, 0.09890359562402554], [0.12036216966442854, 0.10576377357828719, 0.1217576531949189, 0.1102445101473824, 0.11442337907633963, 0.09795529338863963, 0.10579409321834278, 0.12400715943307573, 0.09969196829858518], [0.1203226700136105, 0.10574648123884378, 0.1218065537746175, 0.11017717798791685, 0.1143667008618643, 0.09797277216467541, 0.10581872466757859, 0.12407408188560871, 0.09971483740528424], [0.12015192275083382, 0.10565635357638824, 0.121911266049087, 0.11035292316485658, 0.1144009714688726, 0.09796985833186385, 0.10567514560394424, 0.12419287880010701, 0.09968868025404667], [0.12065361952810455, 0.10545520158817893, 0.12169242330301946, 0.11078763518302835, 0.11451469058521897, 0.09784094458651207, 0.10526695356180028, 0.12428581224316275, 0.09950271942097462], [0.12057437592482606, 0.10545952429101728, 0.12175225300146589, 0.11070777815067186, 0.11448426274090273, 0.09783491689844614, 0.10530576212530514, 0.12437420677659981, 0.09950692009076507], [0.12014918409957648, 0.10567809859859661, 0.12201316290154085, 0.11000139991900494, 0.11418929062247335, 0.0980528609559626, 0.10588172210492808, 0.12422785888161482, 0.09980642191630226], [0.12079852755351558, 0.10539532608376623, 0.12149451524245182, 0.11100534085203202, 0.11484612325227259, 0.09793794613440238, 0.10514617280658667, 0.12381550207810474, 0.09956054599686796], [0.12032917746302127, 0.10547200179061562, 0.12198089473690707, 0.11050673457141395, 0.11434346822192001, 0.09795583304568078, 0.10545721114285346, 0.12430921563746808, 0.09964546339011994], [0.11998648833136466, 0.10561498042018637, 0.12211212996379305, 0.11026388355068079, 0.11427318813009348, 0.09808896060411872, 0.10573408690719421, 0.12411709300948705, 0.09980918908308169], [0.11997146986102687, 0.10561158096821553, 0.12222381679883267, 0.10980831955908839, 0.11400051431990076, 0.09814072640042729, 0.10595674092197535, 0.12437952245219223, 0.09990730871834101], [0.12060452802385412, 0.10540743758605407, 0.1217210579881289, 0.11085104540790376, 0.11463904799589171, 0.0980840199057571, 0.10528501033119626, 0.12369033897314628, 0.09971751378806755], [0.12052494692510883, 0.10535697515870567, 0.1217319534406797, 0.11081897510925362, 0.1146559531263305, 0.09815016399784572, 0.10527884482756746, 0.12370462731727638, 0.09977756009723213], [0.12058229848601286, 0.10518381611343393, 0.1218598030865178, 0.1108911167219392, 0.11488071460885345, 0.09797014872876178, 0.10502185515174903, 0.1240294008875671, 0.09958084621516486], [0.1199334459061215, 0.10552364965770566, 0.12231512979262756, 0.1092544295086509, 0.11360047315840854, 0.09819714492811071, 0.10616134741642674, 0.12500000000000003, 0.10001437963194845], [0.12043338224611658, 0.10537852186171066, 0.12185624948969125, 0.1107458047553435, 0.11454608192185002, 0.09823298942213589, 0.10536366331628409, 0.12357692750836101, 0.09986637947850703], [0.1197017033573756, 0.10554003370117364, 0.12256988167897916, 0.11003444002375916, 0.1139725875329434, 0.09838295477516709, 0.10590089109442462, 0.1237888673790531, 0.10010864045712427], [0.120381144997311, 0.10533962111082677, 0.12184421237216682, 0.11072717498424087, 0.11456344997896144, 0.09826988866422529, 0.10535008304418847, 0.12362586747352824, 0.09989855737455111], [0.11985962124296509, 0.1054678174684151, 0.1226414681780205, 0.10943454637203406, 0.11362838761201827, 0.09830399895642454, 0.10608723344607554, 0.12448172055794333, 0.10009520616610357], [0.11989297717605372, 0.10544977927931677, 0.12250659842232689, 0.11019309804280315, 0.1139923140468226, 0.09835835083541813, 0.10574295052441392, 0.12380418678983453, 0.10005974488301025], [0.12012163312234775, 0.10541769058076798, 0.12228338003536285, 0.11043176615092934, 0.11407736054167368, 0.0983570306723929, 0.10559897378110017, 0.12368590237739399, 0.10002626273803134], [0.12028174407215464, 0.10532952263124003, 0.1219163953105552, 0.11066611314199666, 0.11450165767070272, 0.09835615002329176, 0.10540067188732939, 0.12356248607317542, 0.09998525918955417], [0.12026985328416132, 0.10531047474915507, 0.12188116756286495, 0.11067276212614213, 0.11453135092905617, 0.09836550740862471, 0.10538238348377803, 0.1235958381352771, 0.0999906623209405], [0.12010989146433614, 0.10538722158987372, 0.12221622058452175, 0.11049594567054954, 0.11422261787448522, 0.09848269562940076, 0.10558346893620625, 0.12337021171396743, 0.1001317265366592], [0.12020974604810601, 0.1052873251289497, 0.12192918136780194, 0.1106452941741319, 0.11452107831959095, 0.09840917455871577, 0.10538875728112791, 0.12357770893746538, 0.10003173418411045], [0.11986254693924062, 0.10541204171684107, 0.12256421313987995, 0.11023358844786654, 0.11389327440453682, 0.09854764379909428, 0.10576041931583895, 0.12349769451000936, 0.10022857772669226], [0.1201207424561876, 0.10529992642467244, 0.12197008007765313, 0.1105887191959365, 0.11444652359755891, 0.09850343580351989, 0.10546036477431554, 0.12348235423005388, 0.10012785344010208], [0.1197905955935247, 0.10539737038914172, 0.12299924064672534, 0.10957639904667418, 0.11357547105363969, 0.09850597925544415, 0.10605014689038947, 0.12383774499371698, 0.10026705213074356], [0.11979720946553757, 0.10541218783710633, 0.12263703040762479, 0.1101798106349287, 0.1138500942143616, 0.09858782529425751, 0.10580161177039661, 0.12346135223918676, 0.10027287813660013], [0.12003148667539368, 0.10533190660519155, 0.12304686686754188, 0.10927293267852291, 0.11339021329660817, 0.09844431703227419, 0.10611524663144288, 0.12412875373346018, 0.10023827647956456], [0.11963944745452017, 0.10542763459462938, 0.12300626039087122, 0.10977118625625497, 0.11364814172559098, 0.09862594133476903, 0.10603035389531236, 0.12349106720557308, 0.10035996714247881], [0.1200413210066251, 0.1053034086095342, 0.12315294972555806, 0.10926863523757117, 0.1133490286091072, 0.09849146434845786, 0.1061226705916163, 0.12398891271026609, 0.10028160916126407], [0.11975681724945601, 0.10539160454673738, 0.12261263255294055, 0.11021484016826166, 0.11385604675987539, 0.09873605837810685, 0.10583077503042311, 0.12319706157860036, 0.1004041637355987], [0.11957773605950428, 0.10541223502931155, 0.12304311995563136, 0.10982951067604965, 0.11362099205042736, 0.09872688921958378, 0.10604061097599533, 0.12330242015394931, 0.10044648587954741], [0.11997888656965033, 0.10529435962494973, 0.12323808411414615, 0.10934836152444533, 0.11335680455361755, 0.0985613302524294, 0.10611493555079007, 0.1237692182335775, 0.10033801957639392], [0.11959351065564493, 0.10539977010352915, 0.12282403317453822, 0.1100648174853341, 0.11367933722008774, 0.09881884416824815, 0.10595388234164246, 0.12316428791086238, 0.10050151694011285], [0.11964748231099269, 0.1053908936419281, 0.12272286695969818, 0.11013584470381226, 0.11375911638322846, 0.09882628628657371, 0.1059128157048974, 0.1231065217169296, 0.10049817229193964], [0.1195584066898977, 0.1053982850549327, 0.12285349485605793, 0.11004477700192342, 0.11365099916989463, 0.09885728508326093, 0.1059808403934701, 0.12311622090996238, 0.10053969084060022], [0.12016684722139984, 0.10520971357599224, 0.12342493010659096, 0.10912460364645309, 0.11316316479528248, 0.0985939814659993, 0.10618451759332248, 0.12374384355382842, 0.10038839804113105], [0.11965781466218625, 0.10537554728124149, 0.12259816433042445, 0.11020442788513861, 0.1138919727735497, 0.09889850990105192, 0.1058953936089896, 0.12292416290746148, 0.1005540066499565], [0.11965955233597891, 0.10534126430619317, 0.12322164424962675, 0.10970978276982779, 0.11343485309362372, 0.0988862781542756, 0.10612650933717191, 0.12301634668838755, 0.10060376906491461], [0.12376305289059845, 0.11094115715402136, 0.11303133445300796, 0.10884011408011175, 0.11424988159136695, 0.10144897731619668, 0.11161907184797205, 0.11290334643949601, 0.10320306422722864], [0.12384214692774273, 0.1109379337747607, 0.11299506202048114, 0.10877119217878602, 0.11417928906799825, 0.10150431204086792, 0.11168575363412266, 0.11282240893189269, 0.10326190142334805], [0.1231652891958477, 0.11065310218321724, 0.11369633845011509, 0.10911715642383753, 0.11453123720676316, 0.10109030080583103, 0.11116404714697789, 0.11372531688591189, 0.10285721170149842], [0.12298047085343912, 0.11045296401497404, 0.11409973631922822, 0.10936675777073858, 0.11476891352559253, 0.10074319865530612, 0.11075887829012658, 0.11431586620780006, 0.10251321436279474], [0.12427675984299547, 0.11076051194218263, 0.11298088701007805, 0.1082651319045964, 0.11366486657316532, 0.10184978571817058, 0.11208865935562887, 0.11246562208931668, 0.103647775563866], [0.125, 0.11089394668788807, 0.11238431585038239, 0.10778470140825225, 0.11315600816877346, 0.10234202785545003, 0.11267672131061483, 0.11161720961526929, 0.10414506910336968], [0.12353553681932897, 0.11047809686610342, 0.11373468180092536, 0.10861080301457118, 0.11402280551341457, 0.10143073496703019, 0.11155622907810185, 0.11339185007020978, 0.10323926187031482], [0.12355868853553348, 0.11042786859264925, 0.1137820901130307, 0.10853081320179896, 0.1139406763024801, 0.10147989438777572, 0.11160742690675313, 0.11337549259875293, 0.10329704936122575], [0.1226477872554029, 0.11005305215960244, 0.11475124857661165, 0.10908597901497234, 0.11444592273253261, 0.10085052180081976, 0.11080665963997181, 0.11469039731033076, 0.10266843150975573], [0.12363917272662894, 0.11034886847978423, 0.11382584262953785, 0.1083537892676124, 0.11375844474754648, 0.10160694061449213, 0.11174441229467653, 0.11328219604518869, 0.10344033319453273], [0.12283719320933278, 0.10996406574696414, 0.11480287491478658, 0.10888858507283854, 0.11425190530307464, 0.1009523246162153, 0.11092731864281702, 0.11458738125548808, 0.10278835123848276