[[0.11836063195325967, 0.11989639856754078, 0.11518083551665913, 0.10241985098037304, 0.10452882546823868, 0.12362368010539193, 0.10011027422069399, 0.09475101486196878, 0.12112848832587403], [0.11888232457331745, 0.12005185524453614, 0.11575275468736149, 0.10166159873390646, 0.10402094168696947, 0.12487369725467622, 0.0993645480122213, 0.09353395620731278, 0.12185832359969874], [0.1182280376050094, 0.12005164451233212, 0.11517145325251042, 0.10241644678687732, 0.10452200973704998, 0.12355534387644825, 0.1002139634299256, 0.09486933392221475, 0.12097176687763199], [0.11833527440618065, 0.12009651392478837, 0.11529256783855597, 0.10229507371118107, 0.10444648117891804, 0.1238132292116282, 0.10009067601908941, 0.09465976925480446, 0.12097041445485363], [0.11883526761386395, 0.12016173466999626, 0.11578565921617424, 0.10157560422380714, 0.1039550722721333, 0.125, 0.09934589197302071, 0.09348057885233156, 0.12186019117867283], [0.11867055110737915, 0.12020321739297335, 0.11567575655357931, 0.1017301238279719, 0.10405836319689223, 0.12469389912170706, 0.0995585175272504, 0.09379355660149552, 0.12161601467075088], [0.11821842918472379, 0.12017284138121186, 0.11524204755321243, 0.10234724263934074, 0.10447807995891992, 0.12366331688572615, 0.10020626465032867, 0.09481911546996023, 0.12085266227657637], [0.11817250647106921, 0.12032921604469052, 0.1152901715107666, 0.10223133622727247, 0.10439087204413644, 0.12381055426743155, 0.10017890643857316, 0.09474232011215761, 0.12085411688390225], [0.11775614197487491, 0.12025175804856146, 0.11493852954299913, 0.10252006651322992, 0.10455781559346489, 0.12344273620093096, 0.10054903978120269, 0.09534800665579053, 0.12063590568894544], [0.11828059299604801, 0.12056853413865007, 0.11552386114067908, 0.10190099152030167, 0.1041638793309639, 0.12412111794054094, 0.09995782756928516, 0.09433187637917724, 0.12115131898435394], [0.11864115975061618, 0.12069181306697858, 0.11598582176558342, 0.10143475441103357, 0.10387177662781438, 0.1244560045066429, 0.09952861965368746, 0.09358083860896702, 0.1218092116086765], [0.11771072848036636, 0.12038261418591109, 0.11497929728326585, 0.10245479698639903, 0.10451143560906986, 0.12356702139195308, 0.10055688235661088, 0.09532532901122358, 0.12051189469520027], [0.11846980988077985, 0.12070389525371382, 0.11583659822211013, 0.10155454707154349, 0.10393976491018629, 0.1244110452366853, 0.09969030488980324, 0.09384026926435644, 0.12155376527082147], [0.11825455925581117, 0.12082666124385308, 0.11567545411553809, 0.1016921229494354, 0.10401988765804046, 0.12422537052845119, 0.09989792248488943, 0.09415918616306793, 0.12124883560091321], [0.1187162448138599, 0.12100509863566651, 0.11632927205161052, 0.10125169560645304, 0.1037862618564621, 0.12394138608015406, 0.09951684296826503, 0.09340628102907096, 0.12204691695845787], [0.11798610415740343, 0.12075781802893039, 0.11537193546064674, 0.10192891594846508, 0.10415493278647721, 0.1242773578202544, 0.10013036715311056, 0.09458030704761895, 0.12081226159709324], [0.1185998425495615, 0.12103000626082815, 0.11621148393333748, 0.10130178117243525, 0.10380363625064408, 0.1240451567336008, 0.09959013058524722, 0.09353862861694472, 0.1218793338974008], [0.11842445172783898, 0.12098979892987283, 0.11599657874357162, 0.10143167145642551, 0.10386782323657241, 0.12416965888318617, 0.09972626997941454, 0.0937936792200365, 0.12160006782308144], [0.1174670026449634, 0.12054501472777158, 0.11490687388732508, 0.1024850128274992, 0.10452111014992835, 0.12350075248351845, 0.10075257875158618, 0.09557371915107075, 0.12024793537633705], [0.11830715844676086, 0.12101871195934406, 0.11589336911852857, 0.10151218236128802, 0.1039132508953966, 0.12411853541752346, 0.09983755124968699, 0.09397158354389619, 0.12142765700757524], [0.11792016699603784, 0.12095405774200385, 0.11542924914874053, 0.1017770691752367, 0.10404017690303895, 0.12449784891303305, 0.10009034063630766, 0.09447539172118788, 0.12081569876441355], [0.11822894441733295, 0.12106404782013347, 0.11583269820789628, 0.10152094072669834, 0.1039082155860998, 0.12421602806690407, 0.09987106464605694, 0.09403061835038659, 0.12132744217849155], [0.11738902456980647, 0.12054325282669798, 0.11486121993772627, 0.10253173596010552, 0.10455059414365826, 0.1234067743792398, 0.10083171918765603, 0.09568909647500519, 0.12019658252010444], [0.1180491678365363, 0.12110600809829984, 0.11565778873793979, 0.1015669360305007, 0.1039114462914871, 0.1245012915342177, 0.09994573426559858, 0.09418275282112894, 0.12107887438429106], [0.11787019034716427, 0.12105903204455767, 0.11544779140026581, 0.10170716718445019, 0.10398579166693639, 0.12461128722381822, 0.10008292590149423, 0.09444156266222367, 0.12079425156908956], [0.11759132374361012, 0.12093493011785383, 0.11516151581285407, 0.10207925105623449, 0.10423613407043972, 0.12412974236834168, 0.10047281451171895, 0.09506780011094441, 0.12032648820800275], [0.11742884755220233, 0.1207728162318203, 0.1149865739407642, 0.10236518651039304, 0.10443757531268631, 0.12369613401804912, 0.10075218318081622, 0.09551273672406532, 0.12004794652920296], [0.11827890973577188, 0.12131967080332845, 0.1161003322438252, 0.10135731741251963, 0.10382449934686355, 0.12388395700156819, 0.09985499036309706, 0.09387922383945788, 0.12150109925356793], [0.11797825122288987, 0.12125499587657956, 0.11569029185096656, 0.10149154889583957, 0.10385502413714356, 0.12456339386887075, 0.09996020551497953, 0.0941664616324872, 0.12103982700024338], [0.11750266256291877, 0.12095362563659552, 0.11511136922551495, 0.10213934622078642, 0.10427574402981024, 0.12402175201110821, 0.10057379451890545, 0.09521188621330763, 0.12020981958105259], [0.11765910119546169, 0.12110918249787204, 0.11529809095016635, 0.10184077214345372, 0.10406616545147995, 0.12447553279763202, 0.1002908575688383, 0.09475599643601844, 0.12050430095907745], [0.11778497656657187, 0.12121436819457215, 0.115465435006066, 0.10161257935922957, 0.10391080509541566, 0.12477676755141448, 0.1000826640173437, 0.09440862606300482, 0.12074377814638176], [0.11787508584201284, 0.12130068504611811, 0.1156122044550644, 0.10149754320140275, 0.10384451483625237, 0.124721095343919, 0.10000037416639838, 0.09423763885465916, 0.12091085825417296], [0.11720878301064373, 0.12071235436861631, 0.11483610372901365, 0.10253626264363506, 0.10454933925343603, 0.12334392917031657, 0.10099593284430014, 0.09587857962822488, 0.11993871535181361], [0.11746464812675352, 0.12110124158602294, 0.11515494462152384, 0.10203423308203671, 0.10419751817293949, 0.1241437030473163, 0.10054698059545376, 0.09513798781615565, 0.12021874295179785], [0.11720013175290156, 0.1207881352693446, 0.11486408462890918, 0.10249630495893494, 0.10452187523357025, 0.12340181018777338, 0.10099372450177048, 0.09585520881233126, 0.11987872465446442], [0.11787723241412915, 0.12153024663261733, 0.11578623849094691, 0.10137710551314388, 0.10377856449830308, 0.12448801389840417, 0.10001043038535273, 0.09415625735463112, 0.12099591081247166], [0.11767695884128297, 0.12142253158244734, 0.11549563065832452, 0.10148218518187563, 0.10380885968013331, 0.125, 0.10007716736946314, 0.09435507962728738, 0.12068158705918575], [0.1174635981160376, 0.12122409220584512, 0.11521320974944627, 0.10191992678569181, 0.10411463290177501, 0.12429056135038077, 0.10048614798578198, 0.09501937889923721, 0.12026845200580423], [0.11820756072203513, 0.12172024399782891, 0.11635023638252597, 0.10119855184131624, 0.10374074568086737, 0.12351728838085803, 0.09992271354332684, 0.0938251523378308, 0.12151750711341071], [0.11773864735777761, 0.12153782136059882, 0.11563592621737934, 0.10141622293292461, 0.10378158592901433, 0.1247486194229989, 0.10006378970221513, 0.09427489617608832, 0.12080249090100292], [0.11798722191709111, 0.12168075841761225, 0.11607012299806528, 0.1012708031591574, 0.10374572266483638, 0.12400305761192107, 0.10000690315537564, 0.09402814052758068, 0.12120726954836021], [0.11782117218234452, 0.12165389178262549, 0.11581754675258771, 0.10134125074978524, 0.10375487140366607, 0.12442974270377669, 0.1000490420756526, 0.09417707024317606, 0.12095541210638544], [0.11726818043533159, 0.1212318097038495, 0.11509133995938452, 0.10209531679183591, 0.10423569042706336, 0.12394371195543125, 0.10074560487103218, 0.0953925301658026, 0.11999581569026926], [0.11751849491107884, 0.12182721531325814, 0.11560732207065004, 0.10140548039178822, 0.10376720278221194, 0.12459270888650646, 0.10023893978390015, 0.09446955805569875, 0.12057307780490743], [0.11695523335152075, 0.1210071249120546, 0.1148354957282703, 0.10252276018130886, 0.10453920024235303, 0.12322766800108115, 0.10124544310246018, 0.09614577127498389, 0.11952130320596724], [0.11791627734163795, 0.12221306449979702, 0.116453615762981, 0.10095738428920512, 0.10356134111742893, 0.12385671205131875, 0.0999909322074653, 0.09379192006845306, 0.12125875266171286], [0.11793856025179003, 0.12224344036552771, 0.11651661888249942, 0.10092201921444033, 0.103544369541701, 0.12382729100035252, 0.09997119706575831, 0.09373975239733086, 0.12129675128059984], [0.11700861395261462, 0.1211954472954631, 0.11493561625981097, 0.10233873812659505, 0.1044069882479107, 0.12346688960815957, 0.10110584877719342, 0.09590629332689724, 0.1196355644053553], [0.11781593091976622, 0.12211052752915133, 0.11624180115605513, 0.10109372836562322, 0.10363278735597388, 0.12390912953587087, 0.10009302987981245, 0.09401093637841812, 0.12109212887932883], [0.11759788251239063, 0.1220371638517445, 0.11585143837332645, 0.10127890489257714, 0.10371012271905466, 0.12423408366929638, 0.10021806264226192, 0.09432835298310213, 0.1207439883562462], [0.11783738864575126, 0.12223847598112447, 0.11637702818765101, 0.10097589612157705, 0.10356187637851828, 0.12394846492897248, 0.10003432251053096, 0.0938684077660442, 0.12115813947983031], [0.11722362949217044, 0.12166155192201969, 0.11526615377991742, 0.10178608551253304, 0.10401533762671822, 0.12420329474344836, 0.10063459783905698, 0.09512213819835957, 0.12008721088577627], [0.11702522754193148, 0.12132570944638456, 0.114997418101554, 0.10222336090379044, 0.10432401767698321, 0.12359845914582804, 0.10103266573531164, 0.09577197781039233, 0.1197011636378243], [0.11744536065964832, 0.12216356161526382, 0.11576706810871962, 0.10130851431475026, 0.10371870377872472, 0.12422372914715167, 0.10033061093788384, 0.09448508352293743, 0.12055736791492032], [0.11747338797168744, 0.12223146262304016, 0.1158529073821292, 0.10126560233941885, 0.10369996804034354, 0.12410440589259794, 0.10032267459845397, 0.09443510011649874, 0.12061449103583019], [0.1175691736251437, 0.12235966680029793, 0.11613459269094197, 0.10104725158250283, 0.10357453400338545, 0.12415826281951392, 0.10019896552380882, 0.09414363293631858, 0.1208139200180868], [0.11732406755379103, 0.12217543761847847, 0.11564586667595421, 0.10138170600099045, 0.10375602321532414, 0.1242454752728239, 0.10043092260964422, 0.09465441583334076, 0.12038608521965283], [0.11761986897645199, 0.12241762243444275, 0.11628236720181112, 0.10093412340575848, 0.10350986286433095, 0.12421196268889383, 0.10012759432691229, 0.09398458283702528, 0.12091201526437334], [0.11724493448290783, 0.12212473091020792, 0.11553917708212898, 0.10146744471961257, 0.10380629043196135, 0.12424179058986917, 0.10051305765621754, 0.09480370342087993, 0.12025887070621472], [0.11695970545650067, 0.12161395015886856, 0.11508630143026606, 0.10205871580876236, 0.104206550773706, 0.12367635023449347, 0.10101673679888924, 0.09567486871462416, 0.11970682062388946], [0.11752803741557769, 0.1224300988347312, 0.116151347060646, 0.10100366924729483, 0.10354214194675325, 0.12423610583470497, 0.10020164540117954, 0.09412724500654789, 0.12077970925256441], [0.11717155011375978, 0.12206519403915378, 0.11544313764880203, 0.10156353140242606, 0.1038671481713291, 0.12418025359190375, 0.10060687551164214, 0.09496524897409275, 0.1201370605468906], [0.11712865642137774, 0.12204894665096, 0.11540141607500531, 0.1016115165842206, 0.10389883403743619, 0.12411979838685752, 0.1006643766684996, 0.0950552274595147, 0.12007122771612835], [0.11707841882124136, 0.12196993589997329, 0.11532422979207624, 0.10170662113452239, 0.10396241381956559, 0.12403439636025325, 0.10074749754342384, 0.09519900244328598, 0.11997748418565812], [0.11696089815565029, 0.12179299392747832, 0.11516674480910827, 0.10192998765157006, 0.10411644811201677, 0.12376801784805884, 0.10095740646657939, 0.09554472197088253, 0.11976278105865555], [0.11727136318933429, 0.12241211996786029, 0.11575564373519209, 0.1012753909765975, 0.10369042142363798, 0.12415550895572323, 0.10045360571784538, 0.0946088763748912, 0.12037706965891823], [0.11714729318285652, 0.1222251179747382, 0.11551556779775685, 0.10149474177789847, 0.1038249870083559, 0.12409741294426782, 0.1006179991514434, 0.0949314811644211, 0.1201453989982616], [0.11689242400559136, 0.12174155983485431, 0.11510685093856249, 0.10202285239342586, 0.10418183144085, 0.12361978866233685, 0.10106786506132931, 0.09571144646287533, 0.11965538120017451], [0.11729651933102962, 0.12253639239494128, 0.11588635029836722, 0.10114126449765264, 0.10360538785497643, 0.12424506537297737, 0.10038315421904141, 0.09444893047229116, 0.12045693555872282], [0.11714975639593787, 0.12233076082786419, 0.11558111131179394, 0.10143820540836442, 0.10379133275505438, 0.12404268316924812, 0.1006086230848708, 0.09488197614276113, 0.12017555090410514], [0.11704437372946984, 0.12227315026479134, 0.11546119345162442, 0.10155438331312751, 0.1038644745671183, 0.12395791929351105, 0.1007375731512095, 0.09509501203688973, 0.12001192019225834], [0.11695474550099019, 0.12216693303854742, 0.11534229103931147, 0.10169184667231816, 0.10395520952625394, 0.12383909277074152, 0.10087108521700827, 0.09531952994097367, 0.11985926629385536], [0.11697564792066181, 0.1225691532671632, 0.11557949988047167, 0.10133693652843692, 0.10370781355610047, 0.12424201663423766, 0.10066471108296965, 0.09491232957172449, 0.12001189155823415], [0.11673283022046867, 0.12202000404593366, 0.11514961396083435, 0.10196361791081729, 0.10414361817422388, 0.12343267929663, 0.10120855834741936, 0.09582809290723039, 0.1195209851364424], [0.11670312535520035, 0.12224110281961142, 0.11524132406213287, 0.10181248921363537, 0.10403538310044551, 0.12357511073282494, 0.10115254369993153, 0.09569392378648633, 0.11954499722973169], [0.1170197447200491, 0.1231676667627367, 0.11624142571426654, 0.1006361890554724, 0.10325147380988013, 0.125, 0.10030136650820172, 0.09410016627708828, 0.12028196715230513], [0.11670387010442555, 0.12236127358557196, 0.11529859534472683, 0.10170967120643931, 0.1039610415354701, 0.12371767515430411, 0.10108968845479602, 0.09557704641093898, 0.11958113820332715], [0.1168792941726885, 0.12336083929686824, 0.11619112959090261, 0.10068065471325856, 0.10327745310539027, 0.12477921842790109, 0.1004414363852384, 0.09428143453340855, 0.12010853977434395], [0.11656734267333803, 0.1223072596191189, 0.11521393882322878, 0.10183355658404704, 0.1040466994821976, 0.12351773850115375, 0.10127713925683512, 0.09584606468979225, 0.11939026037028859], [0.11674377046819084, 0.12323110032956439, 0.11584219282412966, 0.10085418121960885, 0.10335541499716443, 0.125, 0.10053331195208769, 0.09454620632762632, 0.11989382188162782], [0.1166691488778763, 0.12294291690231678, 0.11558229377714355, 0.10122251388147668, 0.10361091223203536, 0.1244060536737481, 0.10081795170952842, 0.09504764859718541, 0.1197005603486894], [0.11669819579054619, 0.12326469586311925, 0.11581964342924937, 0.10088186190618434, 0.10337375617860461, 0.12491729348857553, 0.10058862315127218, 0.09462169809046106, 0.11983423210198745], [0.11649529080438621, 0.12241355448477703, 0.1152339304647946, 0.10178688245261105, 0.10401145455744734, 0.12355739811380935, 0.10131069812603619, 0.09586295229875665, 0.11932783869738156], [0.11645244297326213, 0.12299257673922445, 0.11548782180866071, 0.10135075662065597, 0.1036982139847337, 0.12411234274829312, 0.10108240717499146, 0.09540370536862305, 0.11941973258155543], [0.11644121580793093, 0.1231316389834456, 0.11555296479340513, 0.10124975197772972, 0.10362686885586299, 0.12423055274431387, 0.10103172624477239, 0.09529751358689074, 0.1194377670056486], [0.11636434876803076, 0.12273613864940564, 0.11533178153223618, 0.10160733253269337, 0.10388090870833255, 0.12372956590772369, 0.10131896341480107, 0.09578741654244974, 0.119243543944327], [0.10514916939324748, 0.10318131385527415, 0.12303796733024858, 0.11241019447621155, 0.11629645194607235, 0.09510968596072322, 0.12277701263805865, 0.12092424930767758, 0.10111395509248657], [0.1055824835147346, 0.10372080152845481, 0.12257287245028008, 0.11192340251611456, 0.11634855807944053, 0.09526079625075175, 0.12390963148253778, 0.11911508668160639, 0.1015663674960794], [0.10542162347705793, 0.10352473924171512, 0.12242718890076823, 0.11219490877027694, 0.11635883096065529, 0.09527400952602405, 0.12338556090151712, 0.11999785937869561, 0.10141527884328957], [0.10512652845569256, 0.10319928162632332, 0.12300026861324623, 0.11236229603392889, 0.11623902186926487, 0.09514054411277205, 0.12284944007238606, 0.12095457025652666, 0.10112804895985933], [0.10512946748131122, 0.1032335652050259, 0.12295399739444178, 0.11232622530399587, 0.11620675204542127, 0.0951792188857633, 0.12287410838874278, 0.1209379889035299, 0.10115867639176797], [0.10492928556551757, 0.10304648005805733, 0.12304388938730033, 0.11228044956064256, 0.11628985374372193, 0.09503254176306601, 0.12314419668141162, 0.12126016425149806, 0.10097313898878457], [0.10545443750282418, 0.10371744280183422, 0.12228129761297095, 0.11194553547677442, 0.11618913905968574, 0.09542775097060781, 0.12370870606818914, 0.11969885603095208, 0.10157683447616148], [0.10561390569206681, 0.10395933779929745, 0.12232539338120367, 0.11163055276878085, 0.11611525788977331, 0.09547742421095613, 0.12427126775966994, 0.11883591491360557, 0.10177094558464614], [0.10502159608309891, 0.1033276871589305, 0.12273284068509732, 0.11208473146115529, 0.11600021777517602, 0.09533595991892076, 0.12321400452917458, 0.12104956017761076, 0.10123340221083588], [0.10521428363808884, 0.10362947446686949, 0.12243029624511845, 0.1119572939056737, 0.11591734422158657, 0.09558961625407626, 0.1231556273220836, 0.12059250428651971, 0.10151355965998338], [0.10516852997905722, 0.10364928389162494, 0.12238268496599089, 0.11188896020586764, 0.11582014167810875, 0.09564188362181261, 0.12325193210558763, 0.12066713638899884, 0.1015294471629515], [0.10435185048324966, 0.10269023201992733, 0.12271566548482449, 0.11195025079973554, 0.11641558176978127, 0.09489733216729916, 0.12410372889887043, 0.12225640187003842, 0.10061895650627369], [0.1054465510163662, 0.10407001928065333, 0.12182588223989832, 0.11156615649883957, 0.11579254952620363, 0.09586094447394136, 0.12393619951471349, 0.11960843067456488, 0.10189326677481934], [0.10561801471759738, 0.10441846475895981, 0.12197759549174965, 0.11101157843978483, 0.1155804029868112, 0.09591424588612038, 0.125, 0.11832034487292183, 0.10215935284605494], [0.10548278395672905, 0.10421207467307368, 0.12173685223690639, 0.11139956384399258, 0.11568388989161774, 0.09597056051307719, 0.12414418457619175, 0.11935613053098801, 0.10201395977742365], [0.10491824585235765, 0.1034798042401756, 0.12240592259801543, 0.11179042810350158, 0.11576151160982616, 0.09557317434757194, 0.12359081061037701, 0.12111671280704082, 0.10136338983113383], [0.10436489045837657, 0.10284441099740453, 0.12250630747106257, 0.11178937201839992, 0.11621336320516487, 0.09507753010775817, 0.12431963736285949, 0.12212650717011739, 0.10075798120885647], [0.10496020042435533, 0.10356059829043227, 0.12233953941417389, 0.11175738271730677, 0.11569392898984959, 0.09565646605766069, 0.12355445950456492, 0.12103736045393013, 0.10144006414772644], [0.10546442229308012, 0.10429163841696291, 0.12157402512224968, 0.1113618328597448, 0.11557983360855022, 0.0961320437705858, 0.12398299123410081, 0.1195171159714918, 0.10209609672323389], [0.10553443983595388, 0.10441348341931736, 0.12158420450676569, 0.11118930285126233, 0.11553151721033764, 0.09614758110330655, 0.12434665998825853, 0.11906287683608073, 0.1021899342487172], [0.10430056883815769, 0.10288830587360061, 0.1223047611871575, 0.1116631983381462, 0.11612566725951005, 0.09518246582575689, 0.12454872619260834, 0.12218829137595301, 0.10079801510910974], [0.1046165053593749, 0.10332676158069935, 0.12221343364443717, 0.11157790509989943, 0.11576416542374968, 0.09553997053292212, 0.1242246749374632, 0.12152945609027897, 0.1012071273311752], [0.10534300290024884, 0.1042776448532694, 0.12153451448697977, 0.11131879426576563, 0.11541466715465028, 0.09624064553754616, 0.12391109510526589, 0.119870605032428, 0.102089030663846], [0.10525738285038526, 0.1041680361522156, 0.12165175475381933, 0.11135915273237776, 0.11539877333159365, 0.09616678184299143, 0.12392574174140802, 0.12008417832322385, 0.10198819827198509], [0.10479533538432378, 0.10357877312997986, 0.12210614900600639, 0.11153781695743603, 0.11558476707776326, 0.09577081554504147, 0.12396105534645291, 0.1212172873179236, 0.10144800023507271], [0.10557045813686373, 0.10463430808258321, 0.1214195216816283, 0.11100233417519086, 0.11534582545286749, 0.09640474815215601, 0.1243059253674418, 0.11892419961008296, 0.10239267934118564], [0.10422937202958614, 0.10288713048915882, 0.12213436679595034, 0.11159386904243178, 0.11612340988636025, 0.09526072828745641, 0.1246308256128451, 0.12233726104102545, 0.10080303681518576], [0.10506266487349163, 0.10394666825109684, 0.12187969395260606, 0.11144719879738185, 0.11531881291981301, 0.09606929558042863, 0.12383008770812001, 0.12065302844535195, 0.10179254947170994], [0.10568970331951509, 0.10488764641179733, 0.12151263802706788, 0.1107416717308846, 0.11521336528993859, 0.0965599235153371, 0.1244290872003915, 0.11835588927332151, 0.10261007523174652], [0.10551562227211103, 0.10460040862507959, 0.12126655112394352, 0.11110907924887344, 0.11532436103822552, 0.09650095193664891, 0.12396141585817029, 0.11934000041139521, 0.10238160948555258], [0.10520597891592821, 0.1041858827654257, 0.12159984988972623, 0.11128923425361188, 0.11529645502345734, 0.09622260087716808, 0.12404691104214059, 0.12015047999632385, 0.1020026072362181], [0.10426899715274565, 0.10300325181781576, 0.12205644277375202, 0.11150004480849403, 0.11596533903071506, 0.09535973255017786, 0.1248012568403731, 0.12214050781288338, 0.10090442721304312], [0.10507550634286558, 0.10401646518156192, 0.1217822355870746, 0.11137607156341482, 0.11526493649588741, 0.09613806120294667, 0.12393191822673852, 0.120560814310576, 0.10185399108893457], [0.10568449530352436, 0.10492696294530761, 0.12143393001541104, 0.11072838421905955, 0.11517227156250731, 0.09663616697633949, 0.1243486531493667, 0.11841868746236581, 0.10265044836611814], [0.10533754096412838, 0.10442296637093215, 0.12132768769379257, 0.11114821243497003, 0.11524683708757885, 0.09641309928428984, 0.12412539545396793, 0.11976039500751044, 0.1022178657028298], [0.10427910048811838, 0.10307133955624063, 0.12197480870326115, 0.11143461422481984, 0.11587730601862453, 0.0954365757517965, 0.12490100494432932, 0.12205927182902633, 0.10096597848378332], [0.10428714325392259, 0.1031377549359223, 0.1218903099709901, 0.11136936778417839, 0.11579197238476878, 0.0955140779533639, 0.12500000000000003, 0.12198307254036915, 0.10102630117648496], [0.10510498740222708, 0.10420652991470426, 0.12151506566522365, 0.11118000720295071, 0.11510791260703913, 0.0963322457061981, 0.12420916030613197, 0.12032214809528782, 0.10202194310023707], [0.10536254332614149, 0.10457637851393682, 0.12112912585139063, 0.11100395660415469, 0.11511828024712523, 0.09658099093652237, 0.12426388028842623, 0.11960853687824603, 0.10235630735405657], [0.1058076253343174, 0.10526289305834437, 0.12130978782691462, 0.11050572760967332, 0.11498216266866577, 0.09698742220056787, 0.12409015183358851, 0.11809103970749887, 0.10296318976042926], [0.10443082517337261, 0.10336169599010467, 0.12182800153482568, 0.111322499500658, 0.11563503810044423, 0.09572610351699895, 0.1247322477859367, 0.1217247592698389, 0.10123882912782026], [0.10514070341826813, 0.10430466010692872, 0.12138904325732652, 0.1110953624200494, 0.115060285437175, 0.09641356808445944, 0.12433137536019226, 0.12015686477046542, 0.10210813714513498], [0.1056993035881624, 0.10511502969302663, 0.12118684571408363, 0.11063905398411163, 0.11501280115253214, 0.09693280894045156, 0.12406668413114838, 0.11851084361853026, 0.10283662917795336], [0.10604459220158655, 0.10564018723005114, 0.12135754231702889, 0.11027513031934597, 0.11487231236915921, 0.09727758353381351, 0.1237734987421283, 0.11744786223650597, 0.10331129105038056], [0.10520811985816092, 0.10442131116325985, 0.12125673806991973, 0.11102146512706787, 0.11504271367543698, 0.09649534672169847, 0.12440808448429726, 0.11993440366657084, 0.10221181723358798], [0.10472241557260026, 0.10377831764774863, 0.12170568501051114, 0.11126131506711236, 0.11535437779518626, 0.09610633282815069, 0.12420742882421182, 0.12122848676288862, 0.10163564049159025], [0.1059886286639705, 0.10564538469426828, 0.12122639685309357, 0.1102710031518158, 0.1148112470902616, 0.09735112880960907, 0.1237640468603409, 0.11762263758876786, 0.1033195262878724], [0.10586139829003174, 0.1054629733108884, 0.12116524829674698, 0.11038927562257805, 0.11485151572273189, 0.09723412868930634, 0.1238872698287987, 0.11799440901928225, 0.10315378121963552], [0.1043028192269253, 0.1032961531338576, 0.12159694676202251, 0.11130857147907533, 0.11579002512548224, 0.09585259657177171, 0.12452278709918459, 0.12212444680727663, 0.1012056537944041], [0.10444001306412956, 0.10349292415184062, 0.12162938062762751, 0.1112241067224297, 0.11554158751122942, 0.09593821806483445, 0.12465985536212243, 0.12170331054938353, 0.10137060394640275], [0.10571400507186285, 0.10526781303024454, 0.12098926068036957, 0.1105680147223428, 0.11488552791326863, 0.09717463375184425, 0.12383883736923333, 0.11857328735564308, 0.10298862010519093], [0.10514836647016626, 0.10449764214316268, 0.12110903602905143, 0.11088273595846397, 0.11486238176918968, 0.09663494848865015, 0.12462661852376075, 0.11995804524905405, 0.10228022536850113], [0.10457617048344336, 0.10371410333992424, 0.12154875265802231, 0.11116810438956962, 0.11537893121499351, 0.09614779875481162, 0.1244387355622132, 0.12144777409037007, 0.10157962950665203], [0.1052621719542954, 0.10468281891998305, 0.12092470843632097, 0.110784561666489, 0.11484373029811523, 0.0967716929969524, 0.12464919169110329, 0.11963346533422463, 0.10244765870251604], [0.10579839826113219, 0.10545430450183248, 0.12098779728309696, 0.1104244784914059, 0.11479679640335949, 0.09732885818220685, 0.12377946233297038, 0.11827339224239848, 0.10315651230159738], [0.10519189772731007, 0.10466032574843792, 0.12101400129018884, 0.11072066335264771, 0.11475504468888298, 0.09677396305181947, 0.12477915684618142, 0.11968349265214884, 0.10242145464238285], [0.10509439723025724, 0.10450718452990404, 0.12107284157146987, 0.1108434246144238, 0.11476216626474922, 0.09671380051322981, 0.12462590770229885, 0.12008612803146411, 0.10229414954220307], [0.10590927470176166, 0.1057104526394155, 0.12097455253266147, 0.11023047552954729, 0.11466530493866628, 0.09755133284291162, 0.12367967268270218, 0.11789019561009471, 0.10338873852223929], [0.10499583494168058, 0.104340753377849, 0.12126421159084687, 0.11099252154359573, 0.11483319510621484, 0.09666130177325799, 0.12419653043930938, 0.12055517518219656, 0.10216047604504908], [0.10597547976097163, 0.10583387388401454, 0.12094796006445693, 0.11013600607227271, 0.11461361855962701, 0.09764151425726991, 0.12368748887188143, 0.11766450065589748, 0.10349955787360837], [0.10452049554044049, 0.10373546727033303, 0.12139917236573095, 0.1110971615591369, 0.11535846984462235, 0.09624926686507074, 0.12450938432344745, 0.12152402200140475, 0.10160656022981335], [0.1054267249952009, 0.10506106196281735, 0.12117153309094505, 0.1104967747908757, 0.11468301311386644, 0.09708321829666648, 0.1242796117745004, 0.11901272751731655, 0.10278533445781111], [0.10550825391578061, 0.1051768117596027, 0.12117637161984315, 0.11045425171619282, 0.11468012324821976, 0.09717451377477869, 0.12410287786130803, 0.11883330484444714, 0.10289349125982711], [0.10546772354254062, 0.10512449405043639, 0.12118231464493295, 0.11046883021486943, 0.11467595274997067, 0.09713440782131992, 0.12418692965996579, 0.11891515735322748, 0.10284418996273684], [0.10501603227085987, 0.10446622412738475, 0.12111057361335746, 0.11089106632350418, 0.11470790427792217, 0.09682000940119678, 0.12425617821806, 0.120453683230066, 0.10227832853764879], [0.10508668555730416, 0.10466892897011053, 0.12120809824764159, 0.11056197702496222, 0.11457441244275175, 0.09681363524115416, 0.125, 0.11966922973047954, 0.10241703278559607], [0.10506399611559888, 0.10463277322623993, 0.12120514380670919, 0.11062461760154299, 0.11457623367943555, 0.09683608835965563, 0.12480994512511913, 0.11985608663391462, 0.10239511545178413], [0.10427591116259026, 0.1035484951437714, 0.12157367922937515, 0.11095789560252528, 0.11535839515715544, 0.09615089417773695, 0.125, 0.12170901657220133, 0.10142571295464421], [0.1052083589191654, 0.10503150724381129, 0.12156017150725752, 0.11027429172801959, 0.11437323790194039, 0.09715460407399339, 0.1245006378884717, 0.1191539029409781, 0.10274328779636265], [0.10563081916717011, 0.10570503599163585, 0.12150575870368505, 0.10987710317028154, 0.11425663954682362, 0.09761528364511898, 0.12414371968688805, 0.11791665616510479, 0.10334898392329192], [0.10502607401120921, 0.1047528227646529, 0.12147345546213681, 0.11045091473667124, 0.11438218648786586, 0.09700950357431593, 0.12464182421431225, 0.1197605891178443, 0.1025026296309913], [0.10512708724003005, 0.10495055704303434, 0.12159523863642298, 0.11028496139882905, 0.11433233248373176, 0.0971182659121872, 0.12460125824783229, 0.11932074320139698, 0.10266955583653535], [0.10432442739427379, 0.1037414705494696, 0.12179931637113878, 0.11080972535989878, 0.11514307773068454, 0.09636991003713226, 0.12474225238502605, 0.1214657519116834, 0.10160406826069282], [0.10545286898416906, 0.10548367866396417, 0.12170524891898014, 0.11000602524483082, 0.1142524349439863, 0.09751818460505002, 0.12399111269466061, 0.11843640945429014, 0.10315403649006885], [0.10544111874474171, 0.10551450796058455, 0.1217559054377467, 0.10994208673237074, 0.11419805580608856, 0.09754411796370357, 0.12405939674320686, 0.11836749773477846, 0.10317731287677895], [0.10525552730660788, 0.10527470873015168, 0.1218472633434556, 0.11004941610923492, 0.11418134539753158, 0.09740975758254242, 0.12417615416749489, 0.1188438052430732, 0.10296202211990783], [0.10497078094158746, 0.10477786716073355, 0.12161044453770085, 0.11043537967191153, 0.1142548106796095, 0.09716780348231636, 0.12426811099663848, 0.1199708234948473, 0.10254397903465495], [0.1049855429585964, 0.10482805107835398, 0.12167347439481083, 0.11036110049265123, 0.11422918895295173, 0.09717599014172039, 0.12435902729426454, 0.1198076665184348, 0.10257995816821613], [0.1053691658763437, 0.1055760450645472, 0.12196540716070647, 0.10976159130717401, 0.11401644107686695, 0.09762201034510101, 0.12421551332344688, 0.11825304581265558, 0.10322078003315815], [0.10478798013584986, 0.10453110817719916, 0.12180069199124366, 0.1105717912014586, 0.11453155969846271, 0.09709957316131482, 0.12377880674635618, 0.12055619680974351, 0.10234229207837149], [0.10501126455215669, 0.10499612493866173, 0.12190966294926454, 0.11016478518068683, 0.11409204147708227, 0.09731776176641534, 0.12429291749588943, 0.11949344765208797, 0.1027219939877552], [0.10519509990082489, 0.10531678624045646, 0.12204957855054022, 0.10994469851180909, 0.11404084483425696, 0.09750606610914143, 0.12409796919874244, 0.1188498481756457, 0.10299910847858279], [0.10530391141710889, 0.10565454862034733, 0.12217976230228539, 0.10956724691184734, 0.11382596647172126, 0.09771450388904644, 0.12436967626265544, 0.11810489125296394, 0.10327949287202405], [0.10483042582274765, 0.10470439301774741, 0.12191546804705877, 0.11043435089568843, 0.11433391224799341, 0.09729132945480082, 0.12365176873396715, 0.12033692591332, 0.10250142586667635], [0.10472349186117211, 0.10464284184377343, 0.12215854932484342, 0.11036164012735664, 0.11432235985460598, 0.09728426260097313, 0.12366285182876498, 0.12040114577617221, 0.10244285678233808], [0.10446197128263707, 0.10429411056327671, 0.12235920478052516, 0.11037717193212078, 0.11451209904226552, 0.09698553138119173, 0.12399404483939475, 0.12090364903330177, 0.10211221714528652], [0.10532653709749225, 0.10597068874699136, 0.12228795726640396, 0.10909507471902016, 0.11348510298476322, 0.0979258836655334, 0.125, 0.11737630625138351, 0.10353244926841215], [0.10476623712790031, 0.10475091492420766, 0.12218733912019639, 0.11030100512916119, 0.11421986926841772, 0.09739772962004253, 0.12353252078448448, 0.12030084319967012, 0.10254354082591959], [0.10510668742978273, 0.10547558061320249, 0.12251576633791011, 0.10970117790421621, 0.11372702245835346, 0.09779023035177893, 0.1237618971470708, 0.11877495109458522, 0.10314668666310009], [0.10466013983596437, 0.10467096334363032, 0.1223538180433999, 0.11023389266286421, 0.11420275294695431, 0.09734607075460973, 0.12357837615476068, 0.1204904848348732, 0.10246350142294329], [0.1051995114310428, 0.10582743608642946, 0.12260906993854324, 0.10922072975547989, 0.11347218017061127, 0.09793728631475707, 0.12447460115369217, 0.11783929231596339, 0.10341989283348071], [0.10498533878343885, 0.1052854746863982, 0.12244736447905319, 0.10984134115035331, 0.11373081238934242, 0.09772544438767079, 0.12377577871770883, 0.119217715302334, 0.10299073010370037], [0.10491267929101687, 0.10509863763261304, 0.12221332069135322, 0.1100560636529242, 0.11379567485679126, 0.09766993090214211, 0.1236520129049603, 0.11975356992537532, 0.10284811014282366], [0.10461251551304786, 0.1046862582254176, 0.12249131430983214, 0.11014362969048308, 0.11411898336960624, 0.09738495701504865, 0.12351008735916807, 0.12057858435545754, 0.10247367016193881], [0.10455478594237544, 0.10462945455186443, 0.1225706941888489, 0.11012287922366437, 0.11412956161091724, 0.0973432690524869, 0.12354194605862419, 0.12068862729440936, 0.10241878207680917], [0.1047706574471952, 0.10497307419361548, 0.1223796815678138, 0.11003998376469416, 0.11388381083595231, 0.09764907488003448, 0.12331897628998456, 0.12024454968746172, 0.1027401913332483], [0.10449004478392566, 0.10459557936572411, 0.12269826870868542, 0.11006471721598532, 0.11409725768908352, 0.0973337069917325, 0.12352018428814814, 0.12081589883462085, 0.1023843421220945], [0.10487895333436792, 0.10523681206703246, 0.12249792293961814, 0.10983171897604786, 0.1135910036779676, 0.09782774009213833, 0.123456809105208, 0.11971452679044983, 0.1029645130171699], [0.10448102023300758, 0.10464812779418438, 0.12278868632330028, 0.10998966117540969, 0.11400782944058015, 0.09740200842075528, 0.12341926768811737, 0.12083225325853243, 0.10243114566611305], [0.10505829068075567, 0.10572235869085087, 0.1229646321828852, 0.10930960677352836, 0.11337785338598586, 0.09804769457597123, 0.12381764069666992, 0.11835027786826452, 0.10335164514508838], [0.10487650044141832, 0.10527657433862024, 0.12257240792623161, 0.10977450816528293, 0.11354516664293073, 0.09786550526357135, 0.12341927330739914, 0.11967250644614923, 0.10299755746839646], [0.1051012225635258, 0.10589375026443511, 0.1230239588695035, 0.10908847232537931, 0.11325404389442695, 0.09813284951210234, 0.12411853502003345, 0.11789996936127126, 0.10348719818932227], [0.1049958705543108, 0.1056118857706918, 0.1229622787335114, 0.10943524044617653, 0.1133977210895478, 0.09804413275450538, 0.1234577803285709, 0.11882640892435646, 0.10326868139832918], [0.10505545082972381, 0.10588502639237085, 0.12312969745433154, 0.10907059517050824, 0.11320235607366949, 0.09815775190472192, 0.1239761842663142, 0.11804972852677864, 0.1034732093815813], [0.10479130351620482, 0.1052439189803615, 0.12253954451561769, 0.1097622000374189, 0.11351488031256465, 0.09793200119458824, 0.12314186553795885, 0.12010588732279912, 0.10296839858248624], [0.10492319163309512, 0.10556725610307531, 0.12299426296432488, 0.10945075242403103, 0.11333689487540204, 0.09807093427299074, 0.12326003705335037, 0.11917194667695293, 0.10322472399677761], [0.10499503531546024, 0.10582807560773126, 0.12321132100237336, 0.10911061660522889, 0.1131799469955322, 0.09815973271916517, 0.1237505229313516, 0.11834427257778399, 0.10342047624537326], [0.10480881501511392, 0.10537963396781151, 0.12275842686917744, 0.1096145155169352, 0.11333801452594801, 0.09802947142409726, 0.12310894042740575, 0.11989071359334538, 0.1030714686601655], [0.10477780254300285, 0.10531604282901079, 0.12265167095654617, 0.10967110749760174, 0.11340766305518525, 0.09800794859129604, 0.1230473209221478, 0.12009962239982994, 0.10302082120537942], [0.10479878438773088, 0.1053991566527522, 0.12278784594372798, 0.10958738507521573, 0.11330390027631367, 0.09805773386649373, 0.123058607235623, 0.11992143599788894, 0.10308515056425392], [0.10496384186519322, 0.10595075670933515, 0.1234053616616972, 0.10892736997446724, 0.11301610563404167, 0.09826591683806805, 0.12372823724435751, 0.1182384050563148, 0.1035040050165252], [0.1046573331611443, 0.10519620478239844, 0.12285908770730733, 0.10966294074355569, 0.11348544209904918, 0.0979432496951598, 0.122848191590847, 0.12044304003419701, 0.10290451018634124], [0.10483404568931372, 0.10563955097022552, 0.1231757605693091, 0.10931527709275529, 0.11313645863381583, 0.09821251326509527, 0.12296516608833497, 0.1194548383808373, 0.10326638931031303], [0.11115700112481483, 0.11182450786407076, 0.1237820436125718, 0.10908821514950495, 0.11441492705558047, 0.10181055374947852, 0.11308906511964749, 0.10530676572816434, 0.10952692059616685], [0.11115990621863461, 0.11189592159641462, 0.1238604238631503, 0.10902736705917232, 0.11435009608963767, 0.10187519603424769, 0.11301463456976042, 0.1052240980249016, 0.10959235654408077], [0.11086099699905938, 0.11136453807589598, 0.12319187521253394, 0.10934730797872304, 0.1146829356115883, 0.10143676612358066, 0.11388869354054591, 0.10618344953000816, 0.10904343692806462], [0.11064343306383673, 0.11094534190440578, 0.1230069132019761, 0.10957144886940036, 0.1149028724510821, 0.10106080080362904, 0.11445575702840549, 0.10679424997747378, 0.10861918269979061], [0.11103698001223218, 0.11233934065928304, 0.12429080197776729, 0.10859004925177097, 0.11388494488283116, 0.10229926080026226, 0.11270898443887362, 0.10488446773889698, 0.10996517023808264], [0.11119677083453902, 0.1129412734337697, 0.125, 0.1081542738173478, 0.11341027111815224, 0.1028284418032566, 0.11190450698955222, 0.10400833060805618, 0.11055613139532622], [0.11074543335149455, 0.11180371802190803, 0.12356249640142337, 0.10891251486873169, 0.11422488678103083, 0.1018646260637459, 0.1136055467169585, 0.10586873841039665, 0.10941203938431064], [0.11070648956956286, 0.11186349458102246, 0.12358624659118374, 0.1088457061152936, 0.11415213195618444, 0.10192960175175703, 0.11359775463563253, 0.10586152228450703, 0.10945705251485645], [0.1103015062924742, 0.1110425870085128, 0.12268688667449697, 0.10935050822364807, 0.11462135681738725, 0.10125194406637862, 0.11486176764117456, 0.10724757866257324, 0.10863586461335428], [0.11065041177248788, 0.11201723310430955, 0.12366718068876123, 0.10869639442328635, 0.11398981360675423, 0.10208840650972245, 0.11352336685052303, 0.10578434293432935, 0.10958285010982595], [0.11023856515778399, 0.11118423269126877, 0.12287667789846246, 0.10918271870168747, 0.11444812494676894, 0.10139134440795869, 0.11477747637444505, 0.10715243519879662, 0.108748424622828], [0.1103373215247498, 0.11144420659003848, 0.1230330846790674, 0.1090269068432343, 0.11429883942774273, 0.1016223810625108, 0