[[0.10288770361538507, 0.11768844519226565, 0.11545467906217348, 0.10636341886334653, 0.12057768934862495, 0.12323190926458244, 0.10758674240328665, 0.10194465496370542, 0.10426475728662964], [0.10275523721678816, 0.11788972553996821, 0.11608130414327497, 0.10642015268822677, 0.1202667312106077, 0.12325992378707874, 0.1075711981582489, 0.10176673747871673, 0.10398898977708981], [0.1029295998517442, 0.11754832082560773, 0.11540377058379661, 0.10633465288676604, 0.12074652649131802, 0.12334756658454958, 0.1075159888446313, 0.10197468085407364, 0.10419889307751307], [0.10288018720115392, 0.11759903370515029, 0.11552118111774083, 0.10632956688487054, 0.12069996826796953, 0.12342348582188474, 0.1075012719466793, 0.10191578488045107, 0.10412952017409978], [0.10277289353249512, 0.11781635767333039, 0.11610122344047176, 0.10640885784234531, 0.12033882493689214, 0.12333252074462157, 0.10752764622478773, 0.10177341356474057, 0.10392826204031541], [0.10279502916649741, 0.11770454906686112, 0.11594610213139567, 0.10636033826015863, 0.12051758196292583, 0.12348973220683859, 0.10747167304168993, 0.10179579063327518, 0.1039192035303578], [0.10292233599886395, 0.11749791147423018, 0.11544482636759286, 0.10631353207591099, 0.12081854208502167, 0.12346659812200902, 0.10746472991836718, 0.10195463008702531, 0.10411689387097879], [0.10292820480621816, 0.11740580418710185, 0.11547132927797625, 0.10628490673563366, 0.12093717415390132, 0.12361852615936249, 0.10739349106181197, 0.10194424869780616, 0.10401631492018816], [0.10313138881779922, 0.11716742417939968, 0.11513092115170975, 0.10630984777543431, 0.12115121729005085, 0.12334405244873443, 0.1074097427550742, 0.10216640041538687, 0.10418900516641072], [0.10288436700482775, 0.11735683830805727, 0.11568168887614633, 0.10625937126346327, 0.12097995534617668, 0.12386181059388403, 0.1072986526211531, 0.10186762634619165, 0.1038096896400999], [0.10285115201692938, 0.11756216448206754, 0.11615597663758362, 0.1063485548660933, 0.12066675174041189, 0.12362897642594115, 0.10732477329874146, 0.10180350315892557, 0.10365814737330607], [0.10313698386119714, 0.11709371720456097, 0.11514523923217464, 0.10628543841017095, 0.12126056895072755, 0.12345781561204656, 0.10735171957647409, 0.10215913604234103, 0.1041093811103069], [0.10286772789918902, 0.11740499947106872, 0.11598554454805941, 0.10629564817736026, 0.12086228853712208, 0.1238361449784131, 0.10727029535578596, 0.1018219836375046, 0.10365536739549688], [0.1029011631295546, 0.1172239047202908, 0.1157899392228341, 0.10623685370114896, 0.12110024085420666, 0.12404991907262827, 0.10719958650487242, 0.10185533883345523, 0.10364305396100892], [0.10291536097192971, 0.11761320214806698, 0.11641536416235979, 0.10640154877544064, 0.12059647214484479, 0.12343306366862787, 0.107280560837002, 0.10183472649584947, 0.10350970079587875], [0.10296667389148915, 0.11712018686891344, 0.11550111268091291, 0.10620737013087116, 0.1212866582457771, 0.12402394649263249, 0.10719712676121201, 0.10193984983240337, 0.10375707509578833], [0.10291413209659458, 0.11750851391105363, 0.11629402410245018, 0.10635532135911284, 0.12074622083539707, 0.12361440941202345, 0.10723533672727154, 0.10183420203545016, 0.10349783952064653], [0.10290620442280034, 0.1173483980561501, 0.1160781343874331, 0.10628445564370853, 0.12096169067806872, 0.12389544744568352, 0.10718170440781202, 0.10183340601519503, 0.10351055894314865], [0.1032584687323796, 0.11686333023050377, 0.11503263921236448, 0.1062738207858209, 0.12151776889102205, 0.12344578614430267, 0.1072751635392334, 0.10226752567729129, 0.10406549678708184], [0.10291479819145742, 0.11723727668961394, 0.11595841780773557, 0.10624416187269561, 0.12110368264272312, 0.1240569872290897, 0.1071392666652268, 0.10184276449269344, 0.10350264440876458], [0.10297757823854045, 0.11700183261174725, 0.11553488352927725, 0.10617505218816373, 0.12142150571532996, 0.12421401714135911, 0.1071106964049913, 0.10193044436807765, 0.10363398980251345], [0.10292365326987424, 0.1171707938032867, 0.1158963712256631, 0.10622203961200526, 0.12118825786657356, 0.12414604616013558, 0.10711116248981299, 0.10185057173942187, 0.10349110383322671], [0.10330748284709926, 0.1168061518618312, 0.11498254425013643, 0.10628327112366628, 0.12156379792213914, 0.12337733576857096, 0.10727406029837397, 0.10231749293895193, 0.10408786298923078], [0.10294645479227205, 0.11702428323728482, 0.1157338390978633, 0.1061792483938411, 0.12136214660855138, 0.12430850247222089, 0.10706838525315034, 0.10187675445253551, 0.10350038569228062], [0.10298874586172083, 0.11693080904899754, 0.1155404042447967, 0.10615735737659164, 0.12150262208335012, 0.12431202839825424, 0.10706398691721619, 0.10193131117336532, 0.1035727348957074], [0.10313692926963688, 0.11680726620351542, 0.11524546316773068, 0.10618194240400054, 0.121679373493891, 0.12398225742425069, 0.10710783132670766, 0.10210287883071736, 0.10375605787954979], [0.10326083189349243, 0.11674891901641693, 0.11506860945579397, 0.10623241194691037, 0.12170096021923625, 0.12363791200052734, 0.1071775247634267, 0.102247406688935, 0.10392542401526098], [0.10297363635222244, 0.11720369103124255, 0.11609946236795822, 0.10625672852740084, 0.12116522538257106, 0.12400902019897561, 0.10706356888224618, 0.1018715091980701, 0.103357158059313], [0.10296386705229114, 0.11695714466450068, 0.1157394744021863, 0.10615525716120253, 0.12146658263873164, 0.12441799375025323, 0.1070035093616388, 0.10187989962444707, 0.10341627134474864], [0.10318824161536333, 0.11673940050543016, 0.11518420597848789, 0.10618644365504794, 0.1217582774880035, 0.12391634681747224, 0.10709944033375796, 0.10215432631083812, 0.1037733172955987], [0.10307566181542885, 0.11678680621215994, 0.11537260158846839, 0.10614446241799737, 0.12170661477313592, 0.12425631434245225, 0.10703270278411059, 0.1020202608005379, 0.10360457526570878], [0.10300913710211225, 0.11682006466891874, 0.11553862670246681, 0.10613072390428596, 0.12162973590153428, 0.12445479811991218, 0.10699446263775976, 0.10193689918771638, 0.1034855517752938], [0.1029818665559362, 0.1168714556130888, 0.11566254085700788, 0.10613157470000883, 0.12157305257134979, 0.1245079782490188, 0.10697039284808607, 0.10189654350817878, 0.1034045950973248], [0.10341212981962344, 0.11660459176442171, 0.1149135597563013, 0.10627358458691862, 0.12179994317166255, 0.12336606464012717, 0.10719834316749466, 0.10240634760065045, 0.10402543549280009], [0.10319169171488428, 0.11666083533133806, 0.11520973464712009, 0.10616108752111389, 0.12186875648443518, 0.1240470933442879, 0.10703615549942234, 0.10214288680195131, 0.10368175865544695], [0.1034112344637854, 0.11657031074780716, 0.11492733461149446, 0.10625987145520893, 0.12186204796587198, 0.12342568743558183, 0.1071666673700832, 0.10239800466527098, 0.10397884128489623], [0.10300519273615169, 0.11685565149511737, 0.11577689685085002, 0.10612735636560422, 0.12162807506165584, 0.1245419810891725, 0.10689915054119889, 0.10189484989398476, 0.10327084596626475], [0.10302905196518297, 0.11670599470117936, 0.11554056856884401, 0.10609177758773615, 0.12178839343530523, 0.12464710329318986, 0.10689834919697776, 0.10193649752210851, 0.1033622637294762], [0.10317553886945956, 0.11661668188466645, 0.11525577185943582, 0.1061376000779659, 0.12193051027232926, 0.12419089903955231, 0.10698415050515755, 0.10211364485578879, 0.10359520263564417], [0.10309019122498785, 0.11714445763624562, 0.1162696678070722, 0.10630017846725548, 0.1212242434776373, 0.12381556493536766, 0.10699235007733002, 0.10195228319369927, 0.10321106318040461], [0.10301375842102085, 0.11673981342332247, 0.1156386872626848, 0.10608707045727196, 0.12176621283943646, 0.12470657611648771, 0.10686302126806793, 0.10190719840739851, 0.10327766180430914], [0.10306339086079709, 0.1169452744399176, 0.11600578251343022, 0.10619592722668303, 0.12152374377769762, 0.12423535786808461, 0.10690426699729323, 0.10193113344449176, 0.10319512287160484], [0.10303132421058685, 0.11680171348092598, 0.11578263997552422, 0.10611732597129477, 0.12170973728599675, 0.12457726278062184, 0.10685553142869325, 0.10191006385598153, 0.10321440101037498], [0.10330778029096194, 0.11647430936242224, 0.11511019615117361, 0.10616192091878826, 0.12210305083445139, 0.12394812518564731, 0.10698375166570066, 0.10224920051259218, 0.10366166507826224], [0.10306502471854204, 0.11651952734087563, 0.11553694885612764, 0.10601826711203298, 0.12207056397811016, 0.12499999999999997, 0.10671972504630547, 0.10193515200554967, 0.10313479094245627], [0.10357331443986686, 0.11629276945539528, 0.11483610726824015, 0.10625924897855263, 0.12218809337886105, 0.12333646281420484, 0.10707198094383849, 0.10253832279278544, 0.10390369992825528], [0.10327073343174727, 0.11693301048829366, 0.11632497235986809, 0.10632270348645968, 0.12146397120357935, 0.12367529546840655, 0.10687085142932917, 0.10209104111821075, 0.1030474210141055], [0.10328969344645841, 0.1169606532965471, 0.11638400669682676, 0.10634842694588087, 0.12140326198294923, 0.12357834260968287, 0.10688455137845423, 0.10210668272910178, 0.1030443809140987], [0.10350747589987157, 0.1162801883733466, 0.11492436440853887, 0.10621263609239988, 0.12228661324568484, 0.12356926244660839, 0.10699778488047744, 0.10245421467804401, 0.10376745997502852], [0.10321842468898178, 0.11681555993304643, 0.11611523066939108, 0.10623476283342258, 0.12168566686932275, 0.12401378454677059, 0.10681626990251869, 0.10204844531473815, 0.10305185524180782], [0.10314059254174977, 0.11659674698179467, 0.11574715082670119, 0.10609197331029938, 0.12201869578932602, 0.1246117996038527, 0.10672998991487727, 0.10198940526230944, 0.10307364576908959], [0.10327406093082246, 0.11685975365477481, 0.1162469806143847, 0.10629125804591741, 0.12158534974624767, 0.12378435680390247, 0.10683482632565133, 0.10209308352934547, 0.10303033034895366], [0.1032932576829928, 0.11629930644412659, 0.11523216855236829, 0.10609758239064397, 0.12235509128688124, 0.12431265156854245, 0.1068189634675136, 0.10219227020389575, 0.10339870840303546], [0.1034784821148214, 0.11625421963236122, 0.1149757971289383, 0.10618561985469488, 0.12236003838721304, 0.12370690138780478, 0.10694720751993424, 0.1024125067415911, 0.10367922723264106], [0.1031903247458126, 0.11645901308869379, 0.11564536454716418, 0.10606464376689094, 0.12222388328223321, 0.12466756193442861, 0.10667366534778983, 0.10203270667781011, 0.10304283660917674], [0.10321463099781265, 0.1164866805166386, 0.1157189831894336, 0.10609000946362983, 0.12219226416406445, 0.12454811665737785, 0.10667771426386856, 0.10204979826677969, 0.10302180248039479], [0.10330004582634356, 0.11661039738165767, 0.1159939070464628, 0.10619589058855147, 0.12199019432836213, 0.12410014601916239, 0.10671856026143704, 0.10211418057998306, 0.1029766779680397], [0.10322576984078288, 0.11635103657792516, 0.11552497623274939, 0.1060446841154615, 0.12238184469584713, 0.12468720539423712, 0.1066511892945197, 0.10207116881525725, 0.10306212503321982], [0.10334614072898562, 0.11667993558418248, 0.1161405459794042, 0.10625719566855124, 0.12184979239279539, 0.12386252084901113, 0.1067489088736667, 0.10215097544794531, 0.10296398447545776], [0.10325972243325526, 0.11628445388358269, 0.11542861459715255, 0.10604381954595846, 0.12247414048449867, 0.1246240871158092, 0.10665983561447046, 0.10211251175524456, 0.10311281457002817], [0.10350015784082967, 0.11611390589432861, 0.115026785815952, 0.10615066904415596, 0.12259162102676222, 0.12384833385004856, 0.10684049754416994, 0.10240662225034045, 0.10352140673341258], [0.10333311892744373, 0.11658467275838279, 0.116008570541974, 0.10620579502001788, 0.1220207364358755, 0.12404214583711455, 0.10670635031841588, 0.10214108026962213, 0.10295752989115353], [0.10330659218958418, 0.11622453247082487, 0.11534234502194932, 0.10605537008157168, 0.12255202416493269, 0.12449696715223178, 0.10667966573797419, 0.10216725463055804, 0.10317524855037309], [0.10333803673407246, 0.11618849771221859, 0.1153017954941569, 0.10606352627751035, 0.1226000088419828, 0.12441710489974846, 0.10668700679034761, 0.10220133172973593, 0.1032026915202269], [0.10337902850768974, 0.11614845463104195, 0.115233668534025, 0.10608036069891938, 0.1226338083724629, 0.12429022369950946, 0.10671505659386539, 0.102250837581601, 0.1032685613808852], [0.10348567693412339, 0.11606174727496445, 0.11508842174339627, 0.10612643607520608, 0.12268635011091446, 0.12397952968417175, 0.10677964091653346, 0.10237542413306557, 0.10341677312762454], [0.10330696119592873, 0.11631623112374166, 0.11561006454207194, 0.10607623153805294, 0.12246429279790474, 0.12448400860554074, 0.10661799229303068, 0.10213229457698059, 0.10299192332674796], [0.10333108753070093, 0.11619868204028524, 0.11538881264744405, 0.10605335065890792, 0.12262126203286781, 0.12448680502826734, 0.10663795925895385, 0.10217752308411478, 0.10310451771845792], [0.10354398850908664, 0.11602139220984305, 0.11502514765235737, 0.10614565060050093, 0.12272744912763743, 0.12383458601763482, 0.10679623064877816, 0.10243848120196301, 0.10346707403219861], [0.10334777362222121, 0.11635983260419584, 0.11573829941249317, 0.1061178377459854, 0.1223972709345, 0.12430987380896334, 0.10662044636867604, 0.10215966332294112, 0.10294900218002384], [0.10334215308345486, 0.11619928123885744, 0.11543826870329128, 0.10605612071115096, 0.12263722451831548, 0.12447545916136715, 0.10661555966768753, 0.10217898108186786, 0.1030569518340073], [0.1034036982280322, 0.11610842325867708, 0.11532428932949969, 0.10606424313680647, 0.12276598264533692, 0.12433758094417631, 0.10662732521898728, 0.10224809312885681, 0.10312036410962729], [0.10346783237297333, 0.11603257302049073, 0.11521437717252195, 0.10608302889012523, 0.12284910192791025, 0.1241670127797073, 0.10665703514137247, 0.10232302094563811, 0.10320601774926044], [0.10346187627518375, 0.11607277395447098, 0.11542588920247804, 0.10607560006475483, 0.12286741308848467, 0.12424932525572473, 0.1065643640083486, 0.10228027088025951, 0.10300248727029489], [0.10365406864486844, 0.11583903456383413, 0.1150138750178593, 0.10613960405161631, 0.12304075708291942, 0.12373730910238274, 0.1067004633699729, 0.10252204317559138, 0.10335284499095543], [0.10365695803495367, 0.11581365513034697, 0.11507503516184407, 0.10611777997633284, 0.12317023244969168, 0.12379474903978063, 0.10663011169917953, 0.10250486786039803, 0.10323661064747251], [0.10368400313395984, 0.11624947340973094, 0.11603808195690463, 0.10628733709920934, 0.12240923455556088, 0.12352175205707246, 0.10657618604574476, 0.10243573351317588, 0.10279819822864145], [0.10364662789585988, 0.11581914950529607, 0.11512362680834642, 0.10610642668311632, 0.12320720172581717, 0.12384368391013185, 0.10659643845042467, 0.10248408089973081, 0.10317276412127661], [0.10375531528733355, 0.11612165412764901, 0.11595339174494496, 0.10627683502864091, 0.12261156328210406, 0.12347855873775002, 0.10653013580996666, 0.10249888577532347, 0.10277366020628721], [0.10375687042534192, 0.11569779484172872, 0.11501976177931492, 0.1061333302659018, 0.12335053127571527, 0.12361446562222077, 0.1066027238880049, 0.10259662759086548, 0.10322789431090641], [0.10369309540622712, 0.11597193371786424, 0.11565093470887758, 0.10617013311969382, 0.12299878941454269, 0.12375277090712812, 0.10648252105211195, 0.1024573409935208, 0.10282248068003365], [0.103675653337914, 0.11584120279345057, 0.11537731469037854, 0.10611022921298476, 0.12327434771972706, 0.12384942946028094, 0.10648172611740103, 0.10246484921262382, 0.10292524745523912], [0.10371807428429837, 0.11592843523987989, 0.11561726472326125, 0.10616763038766346, 0.12307545420609167, 0.12372138107729283, 0.10647035941296071, 0.10248072516242722, 0.10282067550612459], [0.10380450693403544, 0.1156381648302149, 0.1150182957241383, 0.10613458054308256, 0.12347613561329271, 0.1235430540792205, 0.1065673416212832, 0.10263350657202501, 0.1031844140827072], [0.10382329075668625, 0.11564137329977779, 0.11523468420385206, 0.10612329934924994, 0.12361706353935133, 0.12357103923232693, 0.10644443120394471, 0.1026058998385654, 0.10293891857624558], [0.10384006127697366, 0.11564654710279994, 0.11529333909696328, 0.10613235190127021, 0.12361070793596857, 0.12354526804091576, 0.10642627066953232, 0.10261233871565978, 0.10289311525991648], [0.1038884418950635, 0.1155370344984211, 0.11506768663624553, 0.10613244842415791, 0.12373970978586794, 0.12342351672906202, 0.10647551749783944, 0.1026875127866151, 0.10304813174672729], [0.12021186132383525, 0.10184478550990736, 0.1148847606863362, 0.12118685136434142, 0.10162926456796853, 0.09159843493998704, 0.11396239337236705, 0.12400342535614868, 0.11067822287910849], [0.11852775159628137, 0.10275594115894904, 0.1156592694153163, 0.12083338434918499, 0.10290624108117015, 0.09272118709069221, 0.11386142771204368, 0.12279410754055994, 0.10994069005580231], [0.11931964713975503, 0.10230313946837555, 0.11533149295907484, 0.12090160523429813, 0.10229272240578201, 0.09217311414012841, 0.11391025989793814, 0.12348795258477999, 0.11028006616986805], [0.12022462104681537, 0.10181325634917593, 0.11493782303410707, 0.12112674636102054, 0.10164477726977819, 0.09162522558331425, 0.11390531811815359, 0.12408263835593256, 0.11063959388170258], [0.12019519653839854, 0.10180758844987872, 0.1149924687961219, 0.12107714244938136, 0.1016796473263015, 0.09166267897690587, 0.1138638486703625, 0.12412600791563948, 0.1105954208770101], [0.12051030558383065, 0.10166170069728621, 0.11490427313672164, 0.12106652319797118, 0.10151772470437039, 0.09156327798965562, 0.1138245200563326, 0.12424891552929723, 0.11070275910453463], [0.11900532185866718, 0.10241820625793172, 0.1156892268132891, 0.12060184613848025, 0.1026408801179398, 0.0925299273915971, 0.11372061786779722, 0.12337752625868507, 0.11001644729561257], [0.11834939059121223, 0.1028096574764267, 0.11604704585149857, 0.12061325020962593, 0.10324134809481904, 0.0930592569748099, 0.11359664611911513, 0.12266243423320704, 0.10962097044928544], [0.12022090488766742, 0.101664676163588, 0.11526190246433231, 0.12076995476431295, 0.10177238167107089, 0.09181416219562702, 0.11358168311029848, 0.12451685033972647, 0.11039748440337648], [0.11974788127730344, 0.10185796057890982, 0.1156025339228809, 0.12057635744917698, 0.10214947685837897, 0.09215112727658663, 0.11347844185277196, 0.12430975721105603, 0.11012646357293528], [0.11979356669557739, 0.10179216766929458, 0.11567438399664781, 0.12048711593588182, 0.10215353071216333, 0.09218253250728665, 0.11338789934689682, 0.12444714971064308, 0.11008165342560852], [0.12137830704486643, 0.10142383644058253, 0.11493688045522787, 0.12061631302347244, 0.1014369907801635, 0.09185405377744692, 0.11355025759484264, 0.12383796529941091, 0.11096539558398677], [0.1188684828212135, 0.10235069722744657, 0.11628325591340531, 0.12011295145867577, 0.103009738067306, 0.09297226454291876, 0.11329198789382033, 0.12347887992749511, 0.10963174214771863], [0.11899274131686513, 0.10271834568090278, 0.11679578355100059, 0.12004381868440993, 0.10374817500396823, 0.09352821276782988, 0.11295828686735887, 0.12232291958516457, 0.1088917165425], [0.11902908948744541, 0.10238060504434505, 0.11649757494041856, 0.11995861192730503, 0.10319594925194796, 0.09313062688700166, 0.11313819198974613, 0.1232622486933874, 0.10940710177840281], [0.12018128306225656, 0.10151180347129345, 0.11560936560272765, 0.1203709411293329, 0.10191817869075907, 0.0920388313281506, 0.11323108599061883, 0.125, 0.11013851072486093], [0.12119855618524164, 0.1014296627949247, 0.11518664071257105, 0.12041262251497692, 0.10162074801197697, 0.09206861117612448, 0.11338282945114482, 0.12391681511505474, 0.11078351403798468], [0.12009396910037176, 0.1015506407188841, 0.11570402226901588, 0.12031709631258257, 0.10201114324757285, 0.09213556145918061, 0.11319697031776778, 0.12490939040788053, 0.11008120616674381], [0.11920349195149953, 0.10226146034995832, 0.11659960492194761, 0.11981625699377012, 0.10316980494017042, 0.09314580090049376, 0.11301943124233342, 0.12341900424594017, 0.10936514445388676], [0.11924505567359839, 0.10239267725005537, 0.11677675054219712, 0.11981187874941363, 0.1034196299230434, 0.09332251991067257, 0.11292132348834437, 0.12299629400616656, 0.10911387045650872], [0.12121418115546202, 0.10144022024882678, 0.1153210139681593, 0.12022424712023445, 0.1017438139306811, 0.09228877652629353, 0.11326933773349926, 0.12374570452794365, 0.11075270478889991], [0.12055071393634022, 0.10148122526821475, 0.1157226270543932, 0.12013496250363336, 0.1020078722492077, 0.09236830700713976, 0.11310154331847681, 0.12434945868750201, 0.1102832899750922], [0.11940175931337861, 0.10204543173530677, 0.1166534789557807, 0.11974999092001903, 0.10303477641149619, 0.09309524134624422, 0.11288246765174864, 0.12374572419518648, 0.1093911294708395], [0.11936219358451017, 0.10197366528984558, 0.11655480715502897, 0.11982050699687116, 0.10290880090725284, 0.09300841297783734, 0.11291512162800567, 0.12394986634766597, 0.10950662511298219], [0.12022370284825805, 0.10153299451704191, 0.1159387590383598, 0.12004848841572009, 0.10218129284707146, 0.09247351580426456, 0.11301353511562286, 0.12452530609155305, 0.11006240532210833], [0.11953478895369787, 0.10233481555856604, 0.11707451279578032, 0.11957595693681197, 0.10359279899970718, 0.0935007989405511, 0.11267626485139641, 0.12285237803766422, 0.10885768492582491], [0.12132195396487547, 0.10145693150773173, 0.11535967282839323, 0.12007332995915813, 0.10181353150532632, 0.09247741911783772, 0.11320738646868984, 0.12347747244726742, 0.11081230220072016], [0.11966342431294898, 0.10172913854608438, 0.11630803987888862, 0.11990975141027717, 0.10256223254281703, 0.09276206704957232, 0.11292386134427022, 0.12439605936992545, 0.10974542554521584], [0.11963951432602436, 0.10247807174472529, 0.11737275353051323, 0.11948921885739597, 0.10396041715340937, 0.09379370718471802, 0.1124685505650104, 0.12231617787030695, 0.1084815887678964], [0.11962751250120363, 0.10218044076081663, 0.1170165786311483, 0.11944741069295327, 0.10340902048908902, 0.09340197643241872, 0.11268058938017396, 0.12321831725367453, 0.10901815385852191], [0.11948141981282939, 0.10191108046715237, 0.11663197100364316, 0.11973223739212738, 0.10291769486885581, 0.09305362203822932, 0.11282615513699826, 0.12397763799861564, 0.10946818128154868], [0.12112054066107411, 0.10146903154618993, 0.11553838347967593, 0.11999315251095097, 0.10193706627843228, 0.0925764034633761, 0.11311609302623109, 0.12359598520530558, 0.11065334382876402], [0.11956743798801203, 0.10176949173932098, 0.11643299421057839, 0.11982702351825415, 0.10267860220312253, 0.09289204481920413, 0.11286964047723297, 0.1242876305861537, 0.1096751344581209], [0.1197301762510093, 0.10242689229122641, 0.1174289121846643, 0.11941611862088147, 0.10395287090275214, 0.09380382971469994, 0.11241778817488608, 0.12236226999803695, 0.1084611418618434], [0.1196623158313996, 0.1020008902437429, 0.11690046721991856, 0.11952185938908066, 0.10317818222165429, 0.09325695255523825, 0.11268519109115525, 0.12359997011128658, 0.10919417133652394], [0.121029226625998, 0.10148221914150143, 0.11564694977072856, 0.11991560168434402, 0.10202366500772614, 0.0926759558650491, 0.11305303456726105, 0.12359459521422608, 0.11057875212316562], [0.12094330680752084, 0.10149711052779721, 0.11575370848172338, 0.11983619244951535, 0.10211115255899123, 0.09278025122747595, 0.11299095794303567, 0.12357805416809634, 0.11050926583584406], [0.11970836156687471, 0.1017964782332699, 0.11674550257044182, 0.11957835079743391, 0.10291850183919107, 0.09314361010489168, 0.11267682172681706, 0.12399414629651449, 0.10943822686456536], [0.1198814258056081, 0.10198802589361694, 0.11712722850544446, 0.11931884443815732, 0.1033314897646973, 0.09341568019348243, 0.1125188417850362, 0.12341273317500535, 0.10900573043895191], [0.11998531787755025, 0.10241706377026097, 0.11778701914469446, 0.11915962457464532, 0.10422915920938729, 0.0940503286835656, 0.11211933540380696, 0.12216217670842718, 0.10808997462766198], [0.12067747816285204, 0.10151936274977526, 0.11596590363169851, 0.11976546163182127, 0.10225607296832738, 0.0928703243031391, 0.11289819237306545, 0.12373877605390053, 0.1103084281254205], [0.11980164765395078, 0.10181987326836953, 0.11688704767052485, 0.11947208594239535, 0.10303453384691345, 0.09324100245378338, 0.11259525637463279, 0.12384201606012189, 0.10930653672930803], [0.12004736456969585, 0.10227811235068303, 0.11766738786400101, 0.11914790000099255, 0.10399306265414845, 0.09388761275992233, 0.11220202005263402, 0.12246343390952832, 0.1083131058383944], [0.11995285416151343, 0.10261120431608615, 0.11805732508112184, 0.11903099977436674, 0.10466222643287307, 0.09439323408111887, 0.1118932852026857, 0.12172693303681623, 0.10767193791341786], [0.11989238139734974, 0.10186590713953733, 0.11702639079435974, 0.11937391973357162, 0.10316612267924534, 0.09333166584155513, 0.11252628350245851, 0.12366081694922085, 0.10915651196270174], [0.12038197808220914, 0.10154949715945538, 0.11632627008910269, 0.11963924729488351, 0.10249372945838754, 0.09297488954459304, 0.11273339750786897, 0.12397971280915646, 0.10992127805434339], [0.12013120445951345, 0.10246803576588914, 0.11813158716914883, 0.1189231584848591, 0.10457178266640645, 0.09433149420778393, 0.1118176090329603, 0.12196125715873249, 0.10766387105470647], [0.12019282732680216, 0.10233337575803633, 0.11800875818322354, 0.11895440566964922, 0.10432929065354458, 0.09414381807484791, 0.1119101582569662, 0.12225469806274598, 0.10787266801418396], [0.1210211234056077, 0.10155394559364594, 0.11585339688294453, 0.11956480057885037, 0.10228028129391728, 0.09315765207553449, 0.1128743029254178, 0.1231165256230621, 0.11057797162101976], [0.12077307080353873, 0.10152799290105523, 0.11611924521332415, 0.11956998818419645, 0.10239220471359793, 0.09309510467912667, 0.11276988437787813, 0.12351059719836407, 0.11024191192891865], [0.12029801882328513, 0.10212844219249548, 0.11784810639576453, 0.11892059616604028, 0.10399819973021716, 0.09391638488449458, 0.11200825414005008, 0.12271399213925435, 0.10816800552839838], [0.12013156785421195, 0.10179410274762178, 0.11720544976413928, 0.11918707991671847, 0.10324283552004188, 0.0934733889789547, 0.11236009510212536, 0.12354949100258707, 0.10905598911359951], [0.12078320679404538, 0.10150945996463721, 0.11632494271821985, 0.11947449536923943, 0.1025046531485184, 0.09313963348233902, 0.11264826217805403, 0.1236035935292962, 0.11001175281565034], [0.12025424609398877, 0.10186274172298976, 0.11740786118549187, 0.11904298150371134, 0.10343603052437969, 0.09360357495149467, 0.11225972568317817, 0.12329703651755095, 0.10883580181721479], [0.12038429877796633, 0.10215883014252401, 0.11804462548665191, 0.11882191699559025, 0.1041859794353566, 0.09405501992630314, 0.11184629183162931, 0.12258580495760797, 0.10791723244637047], [0.12033815975283428, 0.10179387565015978, 0.11744751452132673, 0.11897884824909982, 0.10341465513692291, 0.0936091585539298, 0.11218862760954684, 0.1234218163877357, 0.10880734413844415], [0.1202359416345652, 0.10173621407746317, 0.11724773980365816, 0.11911163116283581, 0.10323585632120252, 0.09353779181832235, 0.1122919405267668, 0.1235277073566191, 0.1090751772985669], [0.12049384079902797, 0.10220355011864296, 0.11831144414903216, 0.1186653134336492, 0.1044477633622938, 0.09426364179922071, 0.11162637266111204, 0.12239565105542129, 0.10759242262159974], [0.12046678729654955, 0.10160629179044005, 0.1169683051735675, 0.11922406037014821, 0.10296407131517528, 0.09336580660151388, 0.11237104502586015, 0.12369080526999025, 0.10934282715675502], [0.12049368137795831, 0.10226555344510907, 0.11842319538775625, 0.11861322889846175, 0.10460307544242954, 0.0943884003129717, 0.11154062487453369, 0.12223067076683704, 0.10744156949394264], [0.12105921972085708, 0.10149032724520667, 0.11636355218575208, 0.11932525802509208, 0.10254931338402101, 0.09328447709586797, 0.1125622311733059, 0.12333934461320786, 0.11002627655668945], [0.12055769852093536, 0.10186619260864806, 0.11785362269356144, 0.11865681422076826, 0.10377030521609447, 0.09381466471825041, 0.1119145241276956, 0.12327751163949292, 0.1082886662545535], [0.12057982612603374, 0.10189939948529256, 0.1179437680943036, 0.11865460784623913, 0.10386801771470276, 0.09386983472941784, 0.11185383141230697, 0.12317131487426206, 0.10815939971744136], [0.12057768965335343, 0.1018793016873012, 0.11790771168562765, 0.11864920987109907, 0.10382293135310193, 0.09384467538717206, 0.11187562055135139, 0.1232291755502974, 0.108213684260696], [0.1206239621896108, 0.10159719183221112, 0.11714150918735679, 0.1190652477073103, 0.1030834234894377, 0.09351264089250141, 0.11224383998851022, 0.12351510972209713, 0.10921707499096439], [0.1205306578691356, 0.10167279791279946, 0.11757969913997447, 0.11880316954198028, 0.10342409903024503, 0.09364739382494787, 0.11201334959044891, 0.12365387244344249, 0.108674960647026], [0.1205034574892316, 0.10164221522268024, 0.11750236289118793, 0.11884591698517798, 0.10335064166627986, 0.09362962393490448, 0.11204632060459745, 0.12369160332221839, 0.10878785788372206], [0.12141693923083832, 0.10149281140562373, 0.11629310106467641, 0.11914947157181609, 0.10256717755418553, 0.09348966556960829, 0.11250850696216906, 0.12290879975318648, 0.11017352688789611], [0.12091962845459077, 0.10159252065530872, 0.11803472225479657, 0.11836676756016201, 0.10369218951756781, 0.0938216900465139, 0.11162915896323107, 0.12380219113520134, 0.10814113141262781], [0.12104102170807741, 0.10188846410781503, 0.1186892671710346, 0.11820809947249696, 0.10444205827132962, 0.09432005622692044, 0.11124102405257152, 0.1228547566889341, 0.10731525230082017], [0.12076380997946659, 0.10150237958995235, 0.11770589915641522, 0.1185866708709714, 0.10340174405442937, 0.09370016312886773, 0.11179977094151078, 0.12397636696221014, 0.10856319531617656], [0.1209319253137596, 0.10152489569805007, 0.1179737165670187, 0.11838852200152104, 0.10360041571759744, 0.09378032522784213, 0.11163008995931795, 0.1239486965505228, 0.10822141296437027], [0.12164476496711642, 0.10145497860954106, 0.11653653764658382, 0.11894580058302556, 0.10271495998016383, 0.09363746702621709, 0.11231633563138704, 0.12281343847317872, 0.10993571708278646], [0.12115560875276232, 0.10168045687003503, 0.1185140304345755, 0.11814160716577964, 0.10411837661210845, 0.09410415366360265, 0.11130786241391802, 0.12340240679627089, 0.10757549729094748], [0.12121781336483464, 0.10166501941751366, 0.1185862598728442, 0.118086708956092, 0.10416003890824274, 0.09414113720466344, 0.11124507880220988, 0.12339631845783773, 0.10750162501576176], [0.12123545543322056, 0.10151263934790124, 0.11837401099604822, 0.11803035454253553, 0.10387890634846848, 0.0939769339308546, 0.11133199628685742, 0.1238798614448741, 0.10777984166923985], [0.12099596484080015, 0.1013743357857716, 0.11769846417399533, 0.11846537524598187, 0.10332793521074116, 0.0937378441165444, 0.11168910648143271, 0.12411360544956451, 0.10859736869516828], [0.12094122279249543, 0.10138209432083296, 0.11780569851883575, 0.1184037960784408, 0.10340087736963256, 0.09376586640122161, 0.11163062073789916, 0.12419633351483153, 0.10847349026581016], [0.12144644197843274, 0.10157271700224114, 0.11878616023812706, 0.11788411633346363, 0.10423239780429716, 0.09422680339006775, 0.11105157905358116, 0.12348268635257509, 0.10731709784721426], [0.12157400413130644, 0.10130288486997654, 0.11732951792340152, 0.11853993039277547, 0.1030807791467033, 0.09371818835244997, 0.11180328286503104, 0.1236335260355574, 0.10901788628279833], [0.12119808873058638, 0.10129420345873189, 0.11807342790889751, 0.1181489433827044, 0.10352286876737306, 0.09382053959615128, 0.11138629661845047, 0.12441945945620465, 0.10813617208090034], [0.12142628965363074, 0.1013915023555115, 0.11848789486481465, 0.11787775329498036, 0.10387261269260119, 0.09400506518869736, 0.1111739211627758, 0.1240961024639351, 0.10766885832305328], [0.12168644560636309, 0.10149015044865854, 0.1190081863521952, 0.11767433927360996, 0.10432873231661303, 0.09433584031678927, 0.11084729726661587, 0.12351475636929587, 0.10711425204985918], [0.1216848206147196, 0.10123134849283723, 0.1175506459798426, 0.11832703326135088, 0.10318677877038697, 0.09380427167473047, 0.1116007410227125, 0.12384640918149137, 0.10876795100192838], [0.12195375830595565, 0.10119303002887159, 0.11752681907494933, 0.11823196090980596, 0.10317564651396392, 0.09387883619149909, 0.11154292054864215, 0.1236954863467648, 0.10880154207954751], [0.12220009589360126, 0.10123647742710488, 0.11721700217240373, 0.1183190822527596, 0.10304657308034318, 0.09391524391658007, 0.1116963775265926, 0.12320917464967814, 0.10915997308093654], [0.12194689636770777, 0.10156712050489186, 0.1195722229449128, 0.1173825906896714, 0.10481823457378646, 0.0947559598375956, 0.11045938693809482, 0.1229391112717658, 0.10655847687157351], [0.12197717253182626, 0.10116221500372419, 0.11765140458888775, 0.11813011073701198, 0.10323787040520646, 0.09392083880379351, 0.11144216022886981, 0.12381486886333044, 0.10866335883734961], [0.12187494978383215, 0.10115827345704595, 0.11878443958673097, 0.11749243693049403, 0.1039249212337125, 0.09413790547148788, 0.1108021006424385, 0.12444312549768266, 0.10738184739657533], [0.12216629629180274, 0.10114441740911119, 0.11762182029012029, 0.11807122861253751, 0.10323034564439115, 0.09397805227402163, 0.1114124908663721, 0.12367446029299543, 0.10870088831864805], [0.12216299642364095, 0.10134053778359071, 0.1194330418410598, 0.11726680424143536, 0.1045177388570034, 0.09456789105940228, 0.11046537291535136, 0.12349758299464755, 0.10674803388386858], [0.12172526632049936, 0.10102222197851018, 0.11848659356129783, 0.11760956883328072, 0.10364396802169584, 0.09397917612984051, 0.11088011072008014, 0.12499999999999999, 0.1076530944347953], [0.12171988752277858, 0.10110222570255077, 0.11814800710802192, 0.11782483849391603, 0.1035015350676222, 0.09403184599013016, 0.11112306637574723, 0.12442693287866546, 0.10812166086056761], [0.12231650314635557, 0.10111488584555432, 0.11768458419068328, 0.11796073864362969, 0.1032707485630893, 0.09405250468026675, 0.11132488937256112, 0.12363961919656873, 0.10863552636129123], [0.12240709525848316, 0.10111442616745954, 0.11764432884156947, 0.11794817363857106, 0.10325762255319863, 0.09407708692117853, 0.11132913704148156, 0.12354138634877913, 0.10868074322927891], [0.12217811325342443, 0.10107046084365273, 0.11800471354045905, 0.11777816809011189, 0.1034325004879127, 0.0941173451808643, 0.11112397973544562, 0.12400105508446473, 0.10829366378366455], [0.1225486440262031, 0.10110264088874749, 0.11764177025759656, 0.11788451458929262, 0.10326918432988294, 0.09413532489371079, 0.11129110854737055, 0.12344188315612582, 0.10868492931107036], [0.12185238288701858, 0.10105294854116799, 0.11842557401122264, 0.11755052519410446, 0.1036719161476433, 0.09422352611359416, 0.11088813795800197, 0.12447129551298647, 0.10786369363426056], [0.12264445751099999, 0.1010782313521745, 0.11772613276974037, 0.11778371989823913, 0.10332071486889009, 0.09419978890425841, 0.11120415100934876, 0.12344794328401525, 0.10859486040233328], [0.12239111322485702, 0.10110352211820094, 0.1192958478618842, 0.11702731321539307, 0.10425044079937312, 0.09448405362231217, 0.11041242717410842, 0.12409470850071437, 0.10694057348315668], [0.12185295420747216, 0.10104920886801246, 0.11850485696367363, 0.11748574212632262, 0.10372465754284604, 0.09427526482269422, 0.1108328910213649, 0.1244807765450563, 0.10779364790255769], [0.12254720363696817, 0.10116571303130224, 0.11960958812563126, 0.11694559377573392, 0.10451165828654371, 0.09466912835114102, 0.11024212537219931, 0.1236711643340152, 0.10663782508646505], [0.12231280536404185, 0.10101519491830913, 0.11908203072026075, 0.11711860438608232, 0.10405600602964522, 0.09439059987878977, 0.11047624237342754, 0.12439983456185795, 0.10714868176758546], [0.12263015413454126, 0.10111685309115863, 0.11961264583335297, 0.11686781435203572, 0.10448103424747332, 0.094682249646585, 0.11020693044966669, 0.12374998426437, 0.1066523339808165], [0.12230098341600107, 0.10101552523029135, 0.11841192915262379, 0.11740998458383599, 0.10368824825973935, 0.09438078654049706, 0.11080206011682357, 0.12408224596614269, 0.10790823673404511], [0.1223077048490794, 0.10098178733974167, 0.11899892740436992, 0.1171102783255274, 0.10399957747532061, 0.09444055808278784, 0.11048030130086463, 0.12441317914872582, 0.10726768607358285], [0.1226598697731958, 0.10105995259424232, 0.11952474793714134, 0.11680576072868706, 0.10438663400434021, 0.09466013121646293, 0.11022169635562426, 0.12392351335273656, 0.10675769403756953], [0.12219928789167382, 0.10101877860674296, 0.11865031655156413, 0.11725581964491574, 0.10384505192634974, 0.09450727600846093, 0.11066350111213076, 0.12416177944431989, 0.10769818881384215], [0.12236998640210836, 0.10100660883476835, 0.11852307580489267, 0.11729609198393437, 0.10376897334910083, 0.0944829679892839, 0.11071022228165635, 0.12402785387643706, 0.107814219477818], [0.1222522998527801, 0.10101517209406317, 0.11867537833016588, 0.11721709654742023, 0.1038671155735496, 0.09454744804500063, 0.1106352490393845, 0.12410938795544081, 0.10768085256219508], [0.12289033313878317, 0.10104328951681153, 0.11975366663291513, 0.1166409335048754, 0.10453482903267236, 0.09482045840854085, 0.11004908406631222, 0.12370457783592796, 0.10656282786316124], [0.12270156979984712, 0.10099170429635443, 0.11837153207979534, 0.11728591958919357, 0.10370042497645125, 0.09452307073465946, 0.11073437550670344, 0.12373246926049324, 0.10795893375650213], [0.12247685710533787, 0.1009763197886548, 0.11910382046572854, 0.1169256051472453, 0.10411100371922129, 0.09469669028026459, 0.11035799323252508, 0.12410060421311843, 0.10725110604790411], [0.1108404702710497, 0.10887132402568861, 0.12313891263009848, 0.11719119875241742, 0.11183404244088983, 0.10031319914624388, 0.11165703340589239, 0.1103961976514243, 0.10575762167629539], [0.1107988456803244, 0.1089190316622995, 0.12321543724189168, 0.11711345157771813, 0.11191063013938121, 0.10038513519420292, 0.11161533921760952, 0.11033720279434636, 0.10570492649222626], [0.11152042572053668, 0.10831980569705452, 0.1226389419281785, 0.11767519015164575, 0.11130011611682551, 0.09980457247924182, 0.11167715055018607, 0.11114012759712956, 0.1059236697592016], [0.11198944436677627, 0.10792939868055436, 0.12217921614693002, 0.11807954106743089, 0.11086590834911302, 0.09940601684175991, 0.11175112271101946, 0.11168396703891578, 0.10611538479750031], [0.11073540385054421, 0.10908411438196267, 0.12371197998769343, 0.11662989041849296, 0.1123627836375388, 0.10080347875322303, 0.11123633384998922, 0.11014245622206552, 0.10529355889849015], [0.11014901040996344, 0.10963354068384608, 0.12424183734874653, 0.11600722753758061, 0.11303657551356232, 0.10146456830464255, 0.11102858422126931, 0.10945836770179264, 0.10498028827859653], [0.11149440340561739, 0.10847794279667794, 0.12309987008690428, 0.11718431194811815, 0.11174517483770736, 0.10021872556868809, 0.11129901473853675, 0.11097125520188876, 0.1055093014158614], [0.11153018399402354, 0.10847705369623774, 0.12315230589709457, 0.11711653823685157, 0.11180121247264797, 0.1002723953953675, 0.11122718267761444, 0.11098292957679712, 0.10544019805336569], [0.11258911771016727, 0.10765713278218617, 0.1221261881638628, 0.11792007874973125, 0.11089307448953925, 0.09945268865326237, 0.11135827560365114, 0.1121808940789161, 0.1058225497686838], [0.11154926087204861, 0.10851476594212373, 0.12329344243641295, 0.11694813048157847, 0.11195213712688802, 0.10041708842513729, 0.11108341523321785, 0.11094999240364398, 0.10529176707894909], [0.11261993361949735, 0.10769898392904151, 0.12225402596785788, 0.11774176863069585, 0.11104508401146355, 0.09960014487224361, 0.11121561907210147, 0.11215293132916579, 0.10567150856793299], [0.11235704