[[0.11420613587719348, 0.11465024271137453, 0.12271056884065965, 0.10413696982801808, 0.10054391515545164, 0.124683783965913, 0.09749988626902305, 0.10390418991909557, 0.1176643074332712], [0.11489715482107121, 0.11436881554211352, 0.12334414771492272, 0.10398079351851357, 0.09986947114573304, 0.12486124051635626, 0.09683622516138238, 0.10356318904532713, 0.11827896253458017], [0.11422539880254527, 0.11452337758048611, 0.12253098097010547, 0.10419696891322534, 0.10058011920131738, 0.12482451032516453, 0.09766662829635614, 0.10391995314158953, 0.1175320627692102], [0.1143584076147792, 0.1144904408653702, 0.12271670156621782, 0.1041631033650467, 0.1004487117448409, 0.1247898581424167, 0.09752897992957506, 0.10385392842093005, 0.11764986835082333], [0.11496691865506561, 0.11426591309187986, 0.1232344210051543, 0.10400790083090858, 0.09984071016331206, 0.125, 0.09689150879884494, 0.10354715292307341, 0.11824547453176122], [0.11486926597876224, 0.11428987993370356, 0.12309521391004973, 0.10411682068297441, 0.10004548534022083, 0.12466519115945325, 0.09717246387532052, 0.10366874140165158, 0.11807693771786391], [0.1143070028688993, 0.11442139442503119, 0.12253707927353119, 0.10419183220953011, 0.10049866016231658, 0.125, 0.09765415121360506, 0.10386950352755919, 0.11752037631952739], [0.11442897768732208, 0.11431728494416198, 0.12248673228450761, 0.1042730573674877, 0.1005089873810576, 0.12479812803358933, 0.0977803583114806, 0.10389373183534933, 0.117512742155044], [0.11415928478078202, 0.11437088045575462, 0.12188018342006897, 0.1045529938940197, 0.10105540286595627, 0.12415813299172485, 0.09845753917979465, 0.10422906982092105, 0.1171365125909779], [0.11480323561401844, 0.11415793669481297, 0.122598158930222, 0.10438837230647022, 0.10040725890907717, 0.12422045723558041, 0.09782311982414889, 0.10389366005439421, 0.1177078004312757], [0.11533595857869716, 0.11392511343564338, 0.12273508815520102, 0.1043348426651214, 0.09998275571214993, 0.12441128683061102, 0.09743481382566087, 0.10372169228505519, 0.11811844851186001], [0.11423389036667747, 0.11428010803170788, 0.12184708289629644, 0.10459016050039176, 0.1010357580994255, 0.12415998935779597, 0.09852549123696283, 0.10422257960651891, 0.11710493990422326], [0.11518627283544519, 0.11394275007997887, 0.12264800167012162, 0.10437942666803744, 0.10012640485332025, 0.12436314675935886, 0.09763191953852128, 0.10378335462101393, 0.11793872297420255], [0.11504622714363384, 0.11394787945801792, 0.12246683937340687, 0.10448080123943372, 0.10033720214860961, 0.12416475430219381, 0.0979336372800626, 0.10389594333870757, 0.11772671571593403], [0.11572360693833805, 0.11360937502735097, 0.12299609393785031, 0.10440438505732223, 0.0997837759707457, 0.12419093337888362, 0.09742533323023948, 0.10366598582806276, 0.11820051063120687], [0.11471908161251941, 0.11403605639953758, 0.12223594698562364, 0.10451545953329813, 0.1005888405580002, 0.12428380169145281, 0.09818836645938833, 0.10399403828754497, 0.11743840847263493], [0.11561948468741769, 0.11363842316152632, 0.12278505579693637, 0.1044384677810126, 0.09989007973950471, 0.12425950023450749, 0.09756511585468626, 0.10371408449317898, 0.11808978825122958], [0.11542943390117298, 0.11375058612272587, 0.12242190244053493, 0.10452408504742546, 0.10013281050855728, 0.12413933249915804, 0.0978291480118354, 0.1038418301131706, 0.11793087135541934], [0.11425719461437683, 0.11414616124527675, 0.12152477974150497, 0.10479307433943003, 0.10125479051147789, 0.12378827983368004, 0.09895436142569616, 0.10437301160213618, 0.11690834668642115], [0.11533149834912966, 0.11376446475948014, 0.12235907146673583, 0.10456488371360075, 0.10024204032980147, 0.12405339954163953, 0.09797817065593528, 0.10389388064740224, 0.11781259053627507], [0.1148346913255988, 0.11387346186402221, 0.12212269127468053, 0.1045520496607533, 0.10052646892665415, 0.12446093667014711, 0.09825927540414522, 0.1039706839453667, 0.11739974092863176], [0.1152778510374657, 0.11374531305365257, 0.1222998067955856, 0.1045705252605737, 0.10027262314327456, 0.12415889055609815, 0.09803961538784546, 0.10389991901171867, 0.11773545575378565], [0.11423153665811424, 0.11413266740870644, 0.12141409946402813, 0.10485510933688842, 0.10134876797993207, 0.12365165606290289, 0.09909110868852387, 0.10443417571889539, 0.11684087868200856], [0.11510508166495642, 0.11373281394351174, 0.12217603093828427, 0.10456014065207206, 0.10034847198495266, 0.12446561008261209, 0.0981531587798101, 0.10390684028187065, 0.11755185167193019], [0.11488202952787498, 0.11378576449795905, 0.12204274674316552, 0.10457237576508684, 0.10050181068225071, 0.12458360619856539, 0.09830853051340582, 0.10396067393193774, 0.11736246213975414], [0.11458951814638488, 0.11390985450801937, 0.1217202182285929, 0.10474289844559802, 0.10092674423737763, 0.1240692300343634, 0.09876734571050222, 0.10419802047670672, 0.11707617021245485], [0.11439325142938414, 0.11400168766635196, 0.12148125577252486, 0.10485307714053022, 0.10121271662134744, 0.12374786848138697, 0.0990524984121646, 0.10435950748632518, 0.11689813698998464], [0.11555295892328935, 0.11345528181555095, 0.12244309543530675, 0.1045567978363261, 0.10002627787724966, 0.12446665504644176, 0.09794913803748574, 0.1037803066726326, 0.11776948835571709], [0.11517897266693408, 0.11362011354566495, 0.12204788716233363, 0.10461031790240063, 0.10034162401265018, 0.1245336204308626, 0.098252669326909, 0.10391537713781725, 0.11749941781442766], [0.11455474902688331, 0.11389176615575007, 0.12159820640403216, 0.1048058424944567, 0.10102450989896641, 0.12395537159912788, 0.0989163195213962, 0.10425931485726112, 0.11699392004212611], [0.11475732333910905, 0.11376706664885737, 0.12179537893178587, 0.10468196139793227, 0.10070982373649337, 0.1244398778822019, 0.09861105303624586, 0.10407747101771016, 0.11716004400966416], [0.11494220917397695, 0.11365828021078414, 0.12191173919784686, 0.10460670822351636, 0.10047669054186578, 0.12476164560557475, 0.09839474361156579, 0.10395175836604674, 0.11729622506882242], [0.11511139309279231, 0.1135873521953125, 0.12195327809308742, 0.10461713855336104, 0.10037741065464392, 0.12470246555955497, 0.09833049297830726, 0.10392130055858885, 0.11739916831435146], [0.11428455715506694, 0.11399008066464947, 0.12116942329421956, 0.10501936355111546, 0.1014939847609054, 0.12337281282751819, 0.09943058380318393, 0.10453849041624107, 0.11670070352709999], [0.11463402756600863, 0.11378026722140411, 0.12154402171575802, 0.1048236117475116, 0.10096974913494694, 0.12408785659515496, 0.09895218994006716, 0.10423507273284086, 0.11697320334630774], [0.11432879932856505, 0.11394447973520262, 0.12116111403740679, 0.10503513692133898, 0.10147514466632863, 0.12336737065271197, 0.09945515118626391, 0.1045325688878495, 0.11670023458433254], [0.11534515459455089, 0.1134229966371664, 0.12190129143174312, 0.10471999318531823, 0.10033766879780348, 0.12445585385247918, 0.09844072819236789, 0.10394649251745376, 0.11742982079111705], [0.11502835335283383, 0.11348874669519926, 0.12174043878126173, 0.10465112883270272, 0.10043766630100882, 0.125, 0.09850179444066531, 0.10393780238596877, 0.11721406921035957], [0.11471815810326817, 0.11368915152177284, 0.12153530120670668, 0.10481748521096956, 0.10088693362162827, 0.12424551851533772, 0.09892974364674723, 0.10419260232329684, 0.11698510585027268], [0.11580833027237111, 0.11304566523816133, 0.12264241739403853, 0.10453896788882604, 0.09975178082097072, 0.12500000000000003, 0.09791955956056181, 0.10362829282761149, 0.11766498599745906], [0.11519878492748598, 0.11342617400213927, 0.12173818145217191, 0.10471329518135429, 0.10040794083551535, 0.12473317270761491, 0.0985315211879929, 0.1039584745275724, 0.1172924551781532], [0.11561052628280954, 0.11319940764458501, 0.12224114515659776, 0.1046962349910178, 0.10010125769867473, 0.1245001632297128, 0.09830618879157206, 0.1038350553522937, 0.11751002085273658], [0.11540108524541287, 0.11333465009286399, 0.12190261489050218, 0.10476310892858778, 0.10033757221133194, 0.12439493689453589, 0.09852615356963752, 0.10395686769397748, 0.11738301047315017], [0.11462496367561817, 0.1136730091775048, 0.12127144969131316, 0.10497212007401596, 0.10113814676886619, 0.12388013986352399, 0.09928586797045728, 0.10435145748230432, 0.11680284529639612], [0.11522985327220087, 0.11324346160874751, 0.12164819228984527, 0.10484148312772942, 0.10050221192632366, 0.12456972765905303, 0.09884180751667833, 0.10402690842367068, 0.11709635417575123], [0.1143622316051882, 0.11371026236563474, 0.12107606104252394, 0.10519521118548836, 0.10159586586483348, 0.12312263467877028, 0.09983768201001673, 0.1046215731364753, 0.1164784781110688], [0.11604733223213566, 0.11266258956384005, 0.12253549424836123, 0.10472338045590437, 0.09975134881469112, 0.12484824227654645, 0.09828178497785202, 0.1036720775869731, 0.11747774984369597], [0.11611928254656893, 0.11262547427131431, 0.12260360871710001, 0.10473688189885437, 0.0997216529583327, 0.12474040118038626, 0.09826901177173315, 0.10366817274681975, 0.11751551390889049], [0.11449211824200534, 0.11362348023717186, 0.121080480791641, 0.10515803601512784, 0.10144392875634609, 0.12337883051083054, 0.09973341180245092, 0.10454011050113504, 0.11654960314329137], [0.11584214437838956, 0.1128168889313678, 0.1222735587863855, 0.10477388996391603, 0.09996583140633883, 0.12472581510931957, 0.098466161990223, 0.1037799258762725, 0.1173557835577872], [0.11550745281504211, 0.11308468794522253, 0.12187302262392428, 0.1049069141741637, 0.10039099111674392, 0.1241916518773786, 0.09884514243266558, 0.10401233207412275, 0.11718780494073652], [0.11597647774361954, 0.11265713005282066, 0.1224089578943199, 0.10473094768490512, 0.09979416822863633, 0.125, 0.0983549901164773, 0.1036837528626541, 0.11739357541656703], [0.11486708512658579, 0.11336048203332892, 0.1214738685581645, 0.10496564504590886, 0.10089732782818654, 0.1241585049731545, 0.09926480548870927, 0.10422582925060053, 0.1167864516953611], [0.11457380144683589, 0.11354896266674981, 0.12111903082469419, 0.10513948378981817, 0.1013491246372682, 0.12351962255744284, 0.09968450463070229, 0.10448882237359652, 0.11657664707289209], [0.11542975248988988, 0.112998203842387, 0.1220080890254276, 0.10492659764569452, 0.1004298644030217, 0.12418117971595084, 0.09897841734615845, 0.10401662436865104, 0.11703127116281895], [0.11552662776549359, 0.11294449385315723, 0.1220805490138845, 0.10494908915017163, 0.1003912535245415, 0.12405558685182523, 0.09897750791526283, 0.10401178130668941, 0.11706311061897409], [0.115809909082636, 0.11269627802599866, 0.12220810311343928, 0.10489151073036518, 0.10009398999348572, 0.12450585033683426, 0.09877530572831628, 0.10385936815332958, 0.11715968483559508], [0.1153044102385479, 0.11299149985249264, 0.12202115706818616, 0.10493719717091558, 0.10050744583994274, 0.12420426234338766, 0.09908893391618973, 0.10404029347176559, 0.11690480009857203], [0.11596105109632464, 0.1125723673175661, 0.12226619593298892, 0.10486565350768905, 0.0999460549817524, 0.12470202820033435, 0.09866911613067579, 0.10378639256967197, 0.11723114026299666], [0.11518995752015136, 0.11302491709059866, 0.12196764181039563, 0.1049496569495079, 0.10059508940750272, 0.12420036614228284, 0.09917522401010875, 0.1040759072819001, 0.11682123978755203], [0.11469317476943794, 0.11332501105537353, 0.12142784926302264, 0.1051314960994269, 0.10120001144886911, 0.12360360103743359, 0.09969859117893466, 0.10440246281931116, 0.11651780232819044], [0.11583985582454133, 0.11262785964521953, 0.12228488875750686, 0.10489967355186633, 0.10006744418184108, 0.12450253236352192, 0.09880043548890823, 0.10384515074682234, 0.11713215943977244], [0.11508711556851174, 0.11306100963176179, 0.12190493439044951, 0.10497478435141154, 0.10069439509912852, 0.1241354900630229, 0.09927485097119303, 0.10412335450494724, 0.11674406541957372], [0.11504409746519, 0.11306707094991958, 0.12188813793850554, 0.10499494779076056, 0.10074573999020976, 0.12407183446639644, 0.0993382805964011, 0.1041501594044269, 0.11669973139819013], [0.11495992435910743, 0.11311360516388012, 0.12180472298926512, 0.10502333710105466, 0.10084331976885938, 0.12398174724701781, 0.09942514052702522, 0.10420170474790327, 0.116646498095887], [0.1147900456058923, 0.11320403598583312, 0.12161840703768098, 0.10510739961965157, 0.10107550522565249, 0.12370094970807739, 0.09964854657272805, 0.10433185447429562, 0.11652325577018846], [0.11544069080135506, 0.11280277230102022, 0.12227324235948533, 0.10496666023740969, 0.10041334520744627, 0.12411018966152616, 0.0991363327029462, 0.10400015792643975, 0.11685660880237131], [0.11517667763771962, 0.11294724334371872, 0.12207536723859533, 0.1049936470191453, 0.10063413344480089, 0.12404870345867587, 0.09930218732864571, 0.10409853063315883, 0.11672350989553977], [0.1147291811414243, 0.11321385335604477, 0.12156503484078304, 0.10515584190250965, 0.10117589418483626, 0.12354501613749373, 0.09977134900946184, 0.1043906308585083, 0.11645319856893792], [0.11558893673548057, 0.11267155001404981, 0.1224050531344171, 0.10495584733119298, 0.10028040279874391, 0.12420481847836083, 0.0990707868133436, 0.10393677148581708, 0.1168858332085939], [0.11525368016282257, 0.1128746963626678, 0.12218766281402926, 0.105003119231489, 0.10058185030057828, 0.12399136137743516, 0.09930100043805443, 0.10407772477604284, 0.11672890453688067], [0.11512719400965712, 0.11289996280568432, 0.12212728824699522, 0.10503817633954193, 0.10070285254382212, 0.12391109746673362, 0.09943975079924759, 0.10413485875138156, 0.11661881903693652], [0.11499284774785778, 0.11294309803483647, 0.12201351997708078, 0.1050685215342591, 0.1008288790703612, 0.1238751538584169, 0.09956448331274946, 0.10419440855282565, 0.1165190879116127], [0.11526604911202841, 0.11264327958424013, 0.12244163754389381, 0.10499919763527585, 0.10049488964124964, 0.12420225485254828, 0.09938814686141448, 0.10400983291402734, 0.11655471185532187], [0.11477372853299904, 0.11293136711723814, 0.121854167550933, 0.10516447227994469, 0.10107021250479435, 0.12373232996024701, 0.09988456685364122, 0.10431639220161808, 0.11627276299858463], [0.1148646217711279, 0.11275929312861997, 0.12208716192147083, 0.10512029612495113, 0.10090571723105306, 0.1239872017295063, 0.09982190373723325, 0.1042136278717335, 0.1162401764843039], [0.11595900226087394, 0.11192627052785749, 0.1230729002379775, 0.10489827023147115, 0.09977467098642866, 0.125, 0.09902397677650927, 0.10363818838002775, 0.11670672059885422], [0.1149269977557455, 0.11267593533167265, 0.12221487515011109, 0.10509005787082687, 0.10080473772725988, 0.12412789034345452, 0.09976312720825692, 0.10415278374953417, 0.11624359486313823], [0.11590262438071318, 0.11184471820058271, 0.1232774498120977, 0.10494670296290548, 0.09983498453987787, 0.12476798654471294, 0.09919206165179971, 0.10366632063191582, 0.11656715127539459], [0.11482806246586372, 0.11263406513050916, 0.12215754239379767, 0.10515267944129457, 0.10092569244386322, 0.12402881938920651, 0.09995814062170277, 0.10421651388143724, 0.11609848423232515], [0.11553734090076234, 0.11201587075404745, 0.12314147230881642, 0.10490245050799342, 0.10002064553860901, 0.125, 0.09929361426846936, 0.10371330658228861, 0.11637529913901343], [0.11524824754631514, 0.11225653132898981, 0.12283540808324087, 0.10499204720547634, 0.10036571836198205, 0.12461068669329346, 0.09955413137214235, 0.10390024856873609, 0.11623698083982384], [0.1155130178786225, 0.11199800019482534, 0.12317727910383018, 0.10492424520222349, 0.1000543832655204, 0.12491312710929528, 0.09935888860010814, 0.10373176323807284, 0.1163292954075018], [0.11484581142931177, 0.1125183726828561, 0.1222704352343405, 0.10515444661991472, 0.10087895940433353, 0.1241232818787568, 0.09999986628843809, 0.10418413811114284, 0.11602468835090587], [0.1151058407729791, 0.11209966424706447, 0.12288169332577459, 0.10501801487105278, 0.10042011431686913, 0.12482660213388559, 0.09976127854917463, 0.10390154466894383, 0.1159852471142559], [0.11516962363968762, 0.11199434756724787, 0.12302790270607869, 0.10498394532745502, 0.10030654072376399, 0.12499999999999997, 0.0997009451632537, 0.10383150097317212, 0.11598519389934077], [0.11494217257050661, 0.11222516270719607, 0.12261217370600094, 0.10513181402265454, 0.10069641952174366, 0.12441054034008701, 0.10002223278274248, 0.10406800818693021, 0.11589147616213868], [0.12088940644780616, 0.10442982576423816, 0.1023906601449844, 0.12363659521058455, 0.11196778123248191, 0.09425982562705539, 0.12415253035780653, 0.11621905214628946, 0.10205432306875359], [0.11905668588179315, 0.10493582852280808, 0.10301214757024849, 0.12312933307200666, 0.1114901031068858, 0.094520040897312, 0.125, 0.11622637311022598, 0.10262948783871982], [0.1199109048622944, 0.10458977846218859, 0.10261229951087916, 0.123546333686341, 0.11165084673878468, 0.09425296204262154, 0.125, 0.1161946437951651, 0.10224223090172552], [0.12091722873623402, 0.10443249340046107, 0.10243794193049675, 0.12356593801742212, 0.1119451001793418, 0.0943276722247979, 0.12412400431182882, 0.11617052080208394, 0.10207910039733357], [0.12089576569115747, 0.1044411603042412, 0.10247958474302692, 0.12352481110876175, 0.1119068379757619, 0.09437416296922643, 0.12413581583875005, 0.11613791213217374, 0.10210394923690062], [0.12124355645135375, 0.10440108149203121, 0.10246872590293987, 0.12336813682799341, 0.11206857719454472, 0.09446529004114443, 0.1238218660872074, 0.11608203429037736, 0.1020807317124081], [0.1196230287593984, 0.10477635431477156, 0.10297909903521558, 0.12324576548830124, 0.11149264429374976, 0.09463539952797187, 0.12465327246604013, 0.11606946448081053, 0.10252497163374091], [0.11879535272861133, 0.10511936199008735, 0.1034225856917532, 0.12276508054724092, 0.11133972699636747, 0.09496248393334927, 0.12462524447785069, 0.11603752033704114, 0.10293264329769862], [0.12099489116920625, 0.10447490304883693, 0.10273464166261154, 0.1231808793234444, 0.11179516092724377, 0.09473539403367322, 0.12392845258844573, 0.11590702197864977, 0.1022486552678884], [0.12050514298145165, 0.10457743941247538, 0.10294161987848074, 0.12312598479688118, 0.11153748741948881, 0.09485340812853647, 0.12421851078158122, 0.1158390422541903, 0.10240136434691428], [0.12057959634268887, 0.10458902216123321, 0.10302538123146518, 0.12301551923912425, 0.11150583429273675, 0.09498822107534569, 0.12408009934039874, 0.11576648978157986, 0.10244983653542745], [0.12220548904563469, 0.10396868372164267, 0.10227623068086336, 0.12267327519421288, 0.11215342793375276, 0.09453093181192827, 0.12417954611666154, 0.11625628111521731, 0.10175613438008653], [0.11965279281362917, 0.10490637932087395, 0.10349182035619492, 0.1227542194259856, 0.1111950413044269, 0.09526465451253072, 0.12417623032700335, 0.11571153352116617, 0.10284732841818923], [0.11929990146713147, 0.10510219452201415, 0.10387072048102584, 0.12201433930563083, 0.11076974683145534, 0.09535582830676573, 0.125, 0.11545209223434186, 0.10313517685163479], [0.1196966615746732, 0.10496598649649835, 0.10366163003032328, 0.1225470419675322, 0.11103943713084499, 0.09540666413381126, 0.1241215233914987, 0.11559930965705918, 0.10296174561775873], [0.12104460745249623, 0.10454536536972987, 0.10308021459665286, 0.1227629036050246, 0.1116510534661169, 0.09521724294369141, 0.12360679682568707, 0.11563299891943363, 0.10245881682116732], [0.12207552622977019, 0.10399878643415243, 0.10245133092789749, 0.12246206487238966, 0.11197573395529295, 0.09472982593340161, 0.12439241346988385, 0.11605747243640027, 0.10185684574081152], [0.12096022694177297, 0.10457012201671208, 0.1031432763682182, 0.12273312612175191, 0.11158414064628008, 0.09527414829573247, 0.12362839129685448, 0.11560410217648479, 0.10250246613619311], [0.1199589277152407, 0.10492633774227796, 0.10372125091128347, 0.12246428796258851, 0.11098618555872694, 0.09553254130842471, 0.1239549789217356, 0.11548658614934891, 0.10296890373037307], [0.11975989792267848, 0.10498641782692014, 0.10383390265819493, 0.12226106938248063, 0.11082787172329248, 0.0955342645908271, 0.1243282662352507, 0.11541404606697889, 0.10305426359337667], [0.12213870120308408, 0.10393549247113121, 0.10249832139058024, 0.12225722519516004, 0.1118896793564249, 0.09483051591594957, 0.12463502802968163, 0.11596915043876503, 0.10184588599922331], [0.12147341761124432, 0.10428737538240732, 0.1029768062571632, 0.1222958812874965, 0.11162066009559737, 0.09523771127862511, 0.12422501993139486, 0.1156150354499669, 0.10226809270610443], [0.12036660483807295, 0.10481542400458362, 0.1037214725555163, 0.12236824465262909, 0.11095160107872856, 0.09565121110548698, 0.12388186972364057, 0.11533504888860095, 0.10290852315274099], [0.12044727875346779, 0.10476361634738016, 0.10364702488699687, 0.12240935229513332, 0.11101799262162253, 0.09562636646156587, 0.12389887434385635, 0.11534435276242437, 0.10284514152755288], [0.12115524103492835, 0.10446392656638519, 0.10322740954088669, 0.12235021460328753, 0.11148407729972505, 0.09546364700891583, 0.12393896856558205, 0.1154303328779026, 0.10248618250238674], [0.11997355248955262, 0.10499310798831099, 0.10402914017194867, 0.12198923083667036, 0.11063468825815967, 0.09574323165269184, 0.12428530089286402, 0.11520044474705077, 0.10315130296275106], [0.12228960237455902, 0.10385761180599999, 0.10249134634025434, 0.12208307665478701, 0.11190003636373558, 0.09489459384762074, 0.12471652269150328, 0.11596453346095655, 0.10180267646058351], [0.12068790164088945, 0.10466671771292378, 0.10352855786304463, 0.12239089696721768, 0.11117929611577818, 0.09566811883078785, 0.1238068537379257, 0.11533155733108053, 0.1027400998003522], [0.11998635810414991, 0.1050899058596403, 0.10426293624841083, 0.12161183471767135, 0.11042835062057829, 0.09586446822023609, 0.1244113540680279, 0.1150279107960573, 0.10331688136522804], [0.1202965051641787, 0.1049247590049495, 0.10398179152696756, 0.12208296309737625, 0.11068783742460185, 0.09581687548195783, 0.12392992082005133, 0.11518708812860474, 0.10309225935131222], [0.12061635895377772, 0.10471025419852567, 0.10366461059236552, 0.12229874288468127, 0.11094585958273866, 0.09567648995283655, 0.12402304172562893, 0.11524084136920588, 0.10282380074023977], [0.12209124259398461, 0.10391182975153264, 0.10262427732047695, 0.12200572922686927, 0.11175207810661854, 0.0950118516754415, 0.12489848741203262, 0.11580968392791971, 0.10189481998512417], [0.1207556470291766, 0.10465313054675411, 0.10357163896029446, 0.12231428447479716, 0.11108726032842978, 0.0956969072200719, 0.12390927615125809, 0.11526000768317805, 0.1027518476060397], [0.1200906282500926, 0.10507393898714523, 0.10429246129726676, 0.1215894909281013, 0.11039782829400263, 0.09592335297495337, 0.12432806430428825, 0.1149821128191736, 0.10332212214497624], [0.12057992491916862, 0.10477073039139773, 0.1038297913161177, 0.1221361880995393, 0.1107489063446812, 0.09576234146038289, 0.12410018319019438, 0.11513803534291434, 0.10293389893560383], [0.12200965526404522, 0.10392949324891619, 0.10270135472847053, 0.12192376705920968, 0.1116738462648428, 0.09509697654921125, 0.125, 0.1157233860666897, 0.10194152081861463], [0.12193811810645819, 0.10397850648285088, 0.10281199143513271, 0.12184397330669729, 0.11162009418869137, 0.095229959061209, 0.12489967593490367, 0.11565476601357894, 0.10202291547047794], [0.12095075233493065, 0.10461365970258163, 0.10369301388778812, 0.12208672565076185, 0.11083870833537167, 0.09578692748489727, 0.12418962971042782, 0.11505583561845767, 0.1027847472747833], [0.12072220754491206, 0.10475587301442409, 0.10394542079781657, 0.12193585311270316, 0.11057156944981046, 0.09586940439880272, 0.124241138953726, 0.11497885385545244, 0.10297967887235264], [0.1203130531757091, 0.10515716197905724, 0.10459396776754366, 0.12121961211895484, 0.11018214360957115, 0.09621207614772069, 0.1240593154779311, 0.11474823203038416, 0.10351443769312804], [0.12167809372398442, 0.10413775609841219, 0.10305397163121029, 0.1217828069821127, 0.11149722508175315, 0.09546163121599276, 0.124660117700876, 0.11550160636367911, 0.10222679120197939], [0.12098171130052919, 0.10461272651321693, 0.10375445625349627, 0.12200351941698645, 0.11072569537342933, 0.09581433002087687, 0.12431359938476869, 0.11498227743081424, 0.10281168430588201], [0.12043849738129823, 0.10504973296935011, 0.10444579516429518, 0.12142866719940178, 0.110262507348137, 0.0961579645597395, 0.12403527311086492, 0.11479898814569688, 0.1033825741212164], [0.12017210756715843, 0.10529657902362609, 0.10487621553243455, 0.12121380463667923, 0.10995761361412826, 0.09635950442361181, 0.12384332872237634, 0.11455092336888988, 0.1037299231110954], [0.12094241413309291, 0.10464029728295961, 0.10383091530365465, 0.12193963228122988, 0.11062042552839375, 0.09583840811802852, 0.12439110262153237, 0.11493522476937483, 0.10286157996173347], [0.12135880455681668, 0.1043958607717567, 0.10343854105721989, 0.12186466309234174, 0.11126077457972565, 0.0957916271247158, 0.12413892696731635, 0.11519904251600728, 0.1025517593340999], [0.12038119501659889, 0.10520766262520571, 0.10485031857410429, 0.12107138142314798, 0.10990228052621127, 0.09638384364201197, 0.12405945770717126, 0.11447826694835901, 0.10366559353718963], [0.1205084281653254, 0.10512289263329307, 0.10470909353720312, 0.12101727584463386, 0.11000643695549708, 0.09632831240760091, 0.12419730872688635, 0.11456092753150084, 0.10354932419805948], [0.12206735500209957, 0.10389189328217115, 0.10287097815513893, 0.12152938186600132, 0.11161127732778955, 0.09541478314920174, 0.125, 0.11560716845200734, 0.1020071627655904], [0.12165834302953768, 0.10415957062803767, 0.10320487425377434, 0.12158340468849511, 0.1114275353286067, 0.09568432730655635, 0.12455666412636758, 0.11541257282614298, 0.10231270781248157], [0.12070567033344029, 0.10497274817425126, 0.10451176495233343, 0.12127616087942066, 0.11010999867792218, 0.0962641372734804, 0.12417006958253447, 0.11462065895745797, 0.10336879116915948], [0.12123562023175377, 0.1045565889552224, 0.10389145578436186, 0.12171970001052278, 0.1104619000902342, 0.09593934817008758, 0.12461548801594623, 0.11473875034613103, 0.10284114839574031], [0.12167621643880505, 0.10425408879225519, 0.10338533295771746, 0.12156617197405645, 0.11126926446653772, 0.09583279421340236, 0.12434009294552335, 0.11522720794963819, 0.10244883026206424], [0.12115194685718732, 0.1046194879995832, 0.10402673699543316, 0.12162166469612586, 0.11032169239308198, 0.09600275276445998, 0.12463776901223583, 0.11467949273638582, 0.102938456545507], [0.12074463387904484, 0.10499732472598877, 0.10464290063260327, 0.12104879195902646, 0.10995565056233782, 0.09633139643414726, 0.12435267572801038, 0.11448310495074833, 0.10344352112809282], [0.12129440250867232, 0.10456509016388146, 0.10402458919356118, 0.12154343503585706, 0.11026880804172054, 0.09602619786325602, 0.12477216848569947, 0.11459949503845311, 0.10290581366889893], [0.12145417824574352, 0.10450644734370163, 0.1039103514399953, 0.12160323409096775, 0.11042528320025788, 0.09602092302840944, 0.12461485817385506, 0.11464244862739073, 0.1028222758496787], [0.12079283740959046, 0.10504748889403927, 0.10484635558240983, 0.12076278021484847, 0.10975694212860969, 0.09646551675799288, 0.12446518242070022, 0.11429532135853612, 0.10356757523327306], [0.12158162814948568, 0.10449494550219372, 0.1038323058819525, 0.12162972772006762, 0.11069730921715716, 0.09609110932658818, 0.12417641215810513, 0.1147106726426809, 0.1027858894017691], [0.12075330440183688, 0.10509329739405762, 0.10495216723139339, 0.12076006370038282, 0.10967238393440899, 0.09652612003330868, 0.12437903198939111, 0.11421939200759747, 0.10364423930762293], [0.12189644261580043, 0.10416834203076743, 0.10338051118767544, 0.12134511854125567, 0.11122960581235827, 0.09588686945366934, 0.12450094798492473, 0.1151926797646163, 0.10239948260893236], [0.12109265385377242, 0.10480463542206185, 0.10443675342333177, 0.12127802011959042, 0.1100579025861932, 0.0963399714413206, 0.12425671596357528, 0.11449731624614531, 0.10323603094400916], [0.12105022256655311, 0.10486518270931748, 0.10453210944871515, 0.12120375182461217, 0.1100234815382888, 0.09640118670075118, 0.12413394040980193, 0.11447455468336286, 0.1033155701185973], [0.12106033584805184, 0.1048436481248356, 0.10449896250785566, 0.12123487348530813, 0.1100410535364466, 0.09638808641932102, 0.12416095126399204, 0.11448430571641387, 0.10328778309777527], [0.12175697984823354, 0.10447432701052368, 0.10392206349943174, 0.12147300191515882, 0.11055458315839524, 0.0961887738598472, 0.12423601544670793, 0.11457916026449896, 0.10281509499720277], [0.12154034896116363, 0.10448831074631047, 0.1040706871661802, 0.12135737570118865, 0.11012812914425546, 0.09610291053781406, 0.12499999999999999, 0.11443000436766033, 0.1028822333754271], [0.12164798588128202, 0.10447736657958057, 0.10404685681333922, 0.12136911107612637, 0.1102016128732438, 0.09614122791600255, 0.12480435264009974, 0.11444449266271571, 0.10286699355760995], [0.12212392428750014, 0.10396631871824003, 0.10324311686208698, 0.12112211615364696, 0.11126414934388709, 0.09584223615888461, 0.125, 0.11521436141776291, 0.10222377705799127], [0.1216386078133543, 0.10464591306808418, 0.10448268078550266, 0.12101615003100062, 0.10985581134592393, 0.09648899983397832, 0.1244864468394996, 0.11422045804391882, 0.10316493223873756], [0.12136202041813726, 0.10483405311431834, 0.10493016130657842, 0.12043724642847659, 0.10942227505036022, 0.0966194594953252, 0.12500000000000003, 0.11391661027198849, 0.10347817391481559], [0.12194482298815636, 0.1044741266011659, 0.10421266892724959, 0.12112595223655123, 0.11004887409958766, 0.0963581784596355, 0.12463192660092562, 0.11426034641528725, 0.10294310367144087], [0.12179658850317987, 0.10457274120772647, 0.10441134118710066, 0.12101134440587283, 0.10987449196426362, 0.0964629527578409, 0.1245901355246111, 0.1141905899986665, 0.10308981445073807], [0.12237741810984397, 0.10402187708937502, 0.1034499610231873, 0.12092807791491585, 0.11106923435886842, 0.09606455826073212, 0.12473848070619592, 0.11499883916980815, 0.10235155336707302], [0.12159224434862591, 0.10478243437840279, 0.10483569807601896, 0.12064371630530536, 0.10957983560443373, 0.09669874664311427, 0.12445559706518272, 0.11400575618984977, 0.1034059713890665], [0.12164604973050516, 0.10477879072318827, 0.1048773473016813, 0.12057501877412495, 0.10952739239238318, 0.09673530824535, 0.12448511157383574, 0.11395205764524212, 0.10342292361368927], [0.12176777933560448, 0.1047298859420884, 0.10477393709500467, 0.12072928563391287, 0.10967381435151097, 0.096790401337128, 0.1241542215763198, 0.11403115283099054, 0.10334952189744027], [0.12229978812297919, 0.10445639520373415, 0.1042827796258006, 0.12095905983123519, 0.11006133448561803, 0.09656379227966859, 0.12424931479375494, 0.11415725003384955, 0.10297028562335983], [0.12226281949824645, 0.10446699910750624, 0.10433001633359028, 0.12093029726575841, 0.1099818290834614, 0.09656607971026103, 0.12434242067562942, 0.11412322251895797, 0.10299631580658881], [0.12187217212868948, 0.1047660268244288, 0.1050068178454557, 0.12038654275792812, 0.10939460656402292, 0.096892594511428, 0.12440969944535005, 0.11379596024576387, 0.10347557967693306], [0.12254358392107818, 0.10428631692384271, 0.10404920516806253, 0.12084407488545526, 0.11039403914798263, 0.09651117182037346, 0.12432834823407757, 0.11427173255492773, 0.10277152734419999], [0.12234298203732473, 0.1044800154848757, 0.10449283008183273, 0.12073982976574305, 0.10977050340852383, 0.09668692012634496, 0.12444491163216312, 0.11396494621227453, 0.10307706125091746], [0.12201075454342439, 0.10468887931330174, 0.10484253857623432, 0.12058127621218469, 0.1095730225996924, 0.09690948498814858, 0.12413636417700245, 0.11389966285694317, 0.10335801673306816], [0.12210110799691187, 0.10475460234031814, 0.10514763792741172, 0.12017918706953072, 0.10924780617763882, 0.09705585883641893, 0.12435209700833888, 0.11362751605495942, 0.10353418658847148], [0.12270057109164724, 0.10431473617318027, 0.1042156596304135, 0.12068786953687952, 0.1102050438688016, 0.0966794914280277, 0.12427095829743881, 0.1140612049014352, 0.10286446507217613], [0.12291064250187542, 0.10421022449485348, 0.10416058389654068, 0.12053108429524528, 0.11018541411052658, 0.09667313463980791, 0.12449667523941545, 0.11405207247581267, 0.10278016834592234], [0.12303006085294026, 0.10400986556728717, 0.1038708949394879, 0.12043920611293327, 0.11037568499799003, 0.09645878227183673, 0.125, 0.11428122781161977, 0.10253427744590486], [0.12220811671130698, 0.10474736473440284, 0.1054497543708617, 0.11964493541859444, 0.10882484030403396, 0.09722192459904816, 0.12500000000000003, 0.11323566238701574, 0.1036674014747363], [0.12295682491226573, 0.10424912474475495, 0.10426828817338246, 0.12046949239000643, 0.11009260039052464, 0.09677941372648118, 0.12438764264589033, 0.11394436247670209, 0.1028522505399922], [0.12251380127972522, 0.10455477629196575, 0.10497317943186829, 0.12019350373004724, 0.10927972483872514, 0.09712135474856852, 0.1244697862146619, 0.1135532420391061, 0.10334063142533172], [0.123114304862701, 0.10417856606808969, 0.10422635859641288, 0.12036410192253408, 0.11008891616969783, 0.09677437646442863, 0.12451277044505914, 0.11394711348315884, 0.10279349198791785], [0.12254755139794878, 0.10469004560456141, 0.10537682231002266, 0.11977417437228158, 0.10894084067253952, 0.09732469900235485, 0.12446108266112899, 0.11328269010551009, 0.103602093873652], [0.12286765444988222, 0.10433768675292518, 0.10468784042537256, 0.12022477346558616, 0.10935082392012838, 0.09692537071201178, 0.125, 0.11352220808198439, 0.10308364219210933], [0.12307084640662133, 0.10432916474677582, 0.10455969518121382, 0.12031794031765447, 0.10964123396485215, 0.09695746918302724, 0.12445409526508738, 0.11364256732252681, 0.10302698761224076], [0.12325804007963961, 0.10416283732013132, 0.10427744136781195, 0.12024903318497175, 0.11002824176098873, 0.09685373329008007, 0.12448254260141625, 0.11387898535030269, 0.10280914504465764], [0.12332649280400536, 0.1041273058045908, 0.10424332763580008, 0.12020625830927896, 0.11004761462044854, 0.09684142921376578, 0.12453139511948648, 0.11390227631631249, 0.10277390017631173], [0.12330647631886164, 0.10430197020917317, 0.10455099609408511, 0.12018996590643015, 0.1098126649430374, 0.09708907822550578, 0.12410849575401689, 0.11362626336583417, 0.10301408918305574], [0.12344648931266336, 0.10410087968136822, 0.10424982007065722, 0.12011851027449376, 0.11003844748774731, 0.0968815525866884, 0.12451061395299697, 0.11389038415938121, 0.10276330247400334], [0.12331563579989345, 0.10431538355041124, 0.10472824925753774, 0.12006681638956472, 0.10940687105428125, 0.09713734776209622, 0.12449636597707604, 0.11343680587721844, 0.10309652433192087], [0.12355051637902376, 0.10411469165636617, 0.10432831162403883, 0.12003298416535595, 0.10997141836860758, 0.09697783253879168, 0.12440434706961473, 0.11381158448878631, 0.10280831370941503], [0.12291769680308187, 0.10459843684354948, 0.10532644135250606, 0.11976467906482054, 0.10899266192557273, 0.09749509182645766, 0.12413953239382754, 0.11323560568348016, 0.10352985410670397], [0.12335472989156153, 0.10431685045766764, 0.104774321818865, 0.12001050221202747, 0.10935107553950678, 0.09717929994448087, 0.12450526429521927, 0.11338966154855418, 0.1031182942921173], [0.12297969542204719, 0.10465548867878494, 0.10551642234771558, 0.11956866627195566, 0.10883126341473702, 0.09759807088104165, 0.12409879014821718, 0.1131026741550085, 0.10364892868049218], [0.12300888535018535, 0.10448753113477319, 0.10516699216878907, 0.11980749407137899, 0.10903971306977585, 0.09742472065346473, 0.12443025246788271, 0.11324088121648072, 0.1033935298672694], [0.12309142318501858, 0.10464730133111103, 0.10553714423704248, 0.11953767363436617, 0.10882941609360015, 0.09767114607391864, 0.1239552326832622, 0.11307565531876909, 0.1036550074429117], [0.12365358578909744, 0.10430174366958823, 0.10480009610119032, 0.1198754526435533, 0.10945341601130294, 0.09733617942667595, 0.12412799363136104, 0.11332383735231569, 0.1031276953749149], [0.12330511166327644, 0.10440775763584388, 0.10510386246599861, 0.11974689252223635, 0.10905155496764934, 0.09743940371654933, 0.12444258831667271, 0.11318263074407114, 0.1033201979677022], [0.12317603341215672, 0.10460037143388978, 0.10548457907206998, 0.11954630982543371, 0.10885233045363597, 0.09768897538420654, 0.12397803441884038, 0.11306844373032454, 0.10360492226944239], [0.12371199464017417, 0.10431662728744592, 0.10492746729520426, 0.11975863079935471, 0.10924643707255859, 0.09742755416401057, 0.12420259415593372, 0.11321578411953762, 0.10319291046578044], [0.12377495078500143, 0.10430348661464386, 0.1048792230159561, 0.11976750969911595, 0.1093631293218093, 0.09742981381335465, 0.12407630680718527, 0.1132399109801521, 0.10316566896278134], [0.12376952685122312, 0.10431675087877622, 0.10495329905624046, 0.11971663401491524, 0.10923046682216656, 0.09746826404784799, 0.12415291574887692, 0.11318658725763109, 0.10320555532232238], [0.1233784405996452, 0.10462558669881812, 0.10564825600427041, 0.11935579214498238, 0.10872949030852277, 0.09786562385373145, 0.12377137599749753, 0.11292972745743372, 0.10369570693509844], [0.12390429742227142, 0.10429111091015299, 0.10485617429561785, 0.11970270411544402, 0.10950916030344786, 0.09750700103796697, 0.12379808163132229, 0.11327814935090265, 0.10315332093287416], [0.12369273126808009, 0.10438997395949039, 0.10522210611961771, 0.11951909742920645, 0.10896988594855693, 0.09766941780412447, 0.12414595496949969, 0.11302206991319357, 0.10336876258823072], [0.12358159506929474, 0.10887875127304769, 0.1096561147813083, 0.12001833123116702, 0.10646948912027908, 0.09843170348190591, 0.1111287900470102, 0.11302295187154472, 0.10881227312444254], [0.12367289861438055, 0.1088824216825666, 0.10973955355476366, 0.11993622663169735, 0.10639895824217391, 0.09850620177658875, 0.1110423585969453, 0.11295771724076505, 0.10886366366011885], [0.12297268072386362, 0.10863358715053498, 0.10921645435479427, 0.12038897752147487, 0.10688143677395759, 0.09814075133481195, 0.11213825658002512, 0.11328558203325366, 0.10834227352728391], [0.12289398818720394, 0.10843240551154909, 0.10878081075810055, 0.12065536281641932, 0.10719532707138847, 0.09778144960803861, 0.11283185823478198, 0.11348572030371913, 0.10794307750879889], [0.12417682075061953, 0.10879286468336553, 0.11030453875217758, 0.11938051710428035, 0.10595266693388354, 0.09906375794208502, 0.11073359111764186, 0.11249082164691711, 0.10910442106902964], [0.12499999999999997, 0.10893139815685118, 0.11096220684265624, 0.11872746684303802, 0.10538956945921969, 0.0996092418229188, 0.10975528728805277, 0.1120066832715319, 0.10961814631573122], [0.12334253958560436, 0.10856429857451774, 0.10978451461440028, 0.11984873800129335, 0.10645091963689171, 0.09871591236416852, 0.11186204662094645, 0.11283924356040899, 0.10859178704176847], [0.12337170376898943, 0.10853739130413255, 0.10986997652562278, 0.11976366521621798, 0.10639422640251764, 0.0988136851700344, 0.11186741758776543, 0.1127685607375155, 0.1086133732872043], [0.12236225293277372, 0.10823864713319288, 0.10908373477492513, 0.12028758011169961, 0.10715418130122227, 0.09828154417631163, 0.11343891806920671, 0.1132429887067234, 0.10791015279394463], [0.12346751916553564, 0.10850078757436428, 0.11007236406450904, 0.1195710717126435, 0.10625405081671703, 0.09903038441610942, 0.11180412251124623, 0.11261052339266754, 0.1086891763462075], [0.1225822110551143, 0.108191417851151, 0.10926823257763135, 0.12009340560999171, 0.1069891443537865, 0.09846936971856236, 0.11335979496808216, 0.11307395503143598, 0.10797246883424462], [0.12275553400931205, 0.10826827656490706, 0.10953135375902992, 0.11993415411469789, 0.10677294976814126, 0.09867786436990227, 0.11295425589763369, 0.11292675035659216, 0.10817886115978367], [0.12290780