[[0.11463507999260637, 0.10994604924434415, 0.09747164241018616, 0.11846179490742813, 0.12260180294718835, 0.10653760060975738, 0.10060627670648772, 0.12471950347144194, 0.10502024971055983], [0.11521375895077028, 0.11018257620117222, 0.09659257060493892, 0.11906505435360458, 0.12294760745934322, 0.1063802918086314, 0.10013025723714307, 0.12487746981063792, 0.10461041357375837], [0.114660151972977, 0.10998239224160325, 0.09751452292903708, 0.11834324202753908, 0.1224293715091317, 0.10652264980301629, 0.1007090517709554, 0.12484404373333892, 0.10499457401240125], [0.11477137659405992, 0.1100262202476683, 0.0973409702799788, 0.11847270080612189, 0.1225546408512037, 0.10649300428626408, 0.10061026207762092, 0.12481342866701568, 0.10491739619006668], [0.11527327290766971, 0.11022573750743477, 0.09655010884972069, 0.11903033890700765, 0.12284293944000754, 0.10635824718227745, 0.10015766768586838, 0.125, 0.1045616875200138], [0.11520157588796441, 0.11023263360641863, 0.09679911365050063, 0.11886906742892316, 0.12275006647879465, 0.10641879750776752, 0.10035646211939402, 0.12470349964481912, 0.10466878367541782], [0.1147336314487612, 0.11001766352024182, 0.09741091350525487, 0.11834754362333348, 0.12240496149603017, 0.10648065870825851, 0.10068839613049352, 0.125, 0.10491623156762643], [0.11484562610724168, 0.11010936748968303, 0.09740395446397263, 0.11833559158532492, 0.12233049259857957, 0.10649099949120304, 0.10077179618094549, 0.12482031375711994, 0.10489185832592969], [0.11456028587211183, 0.11001900706073396, 0.0979052160491262, 0.11790305922869818, 0.12185121968888228, 0.10656287260162776, 0.10111640568302804, 0.125, 0.10508193381579173], [0.11511821451741813, 0.11024538691511727, 0.09706697745877046, 0.11847032203998205, 0.12233524668174779, 0.10640744032094325, 0.10066491785724019, 0.12499999999999997, 0.10469149420878071], [0.11558409858165122, 0.11048246662566007, 0.09654226145990034, 0.11886552862270962, 0.12279872887888484, 0.10635987725842504, 0.10042736606888776, 0.1244751991475651, 0.10446447335631605], [0.1146420551478654, 0.11008769092163283, 0.09790225944840542, 0.11789080631053135, 0.12180320701091238, 0.10656991004573445, 0.10118324694036587, 0.12485777765541844, 0.10506304651913387], [0.11548422897043172, 0.11046742657553524, 0.09678831960217223, 0.11870703566572834, 0.12252776172100618, 0.1064127947294357, 0.1006097440148069, 0.12443244051821244, 0.10457024820267126], [0.11536188706241741, 0.11043145612775342, 0.09701061997057774, 0.11849255018831047, 0.12221171252849186, 0.10643180049276343, 0.10078356762833504, 0.12463635931629653, 0.10464004668505406], [0.11585228897930151, 0.11057170719392147, 0.0960208189721884, 0.1188853808862181, 0.1231915908159138, 0.10615961298059513, 0.10020275783349435, 0.12499999999999997, 0.1041158423383671], [0.11509985419584066, 0.1103244883486418, 0.09739808245129182, 0.11823138192750911, 0.12204469802915704, 0.10649699163932523, 0.10100006471134718, 0.12458983713408203, 0.10481460156280517], [0.11579330875703012, 0.11057952000940345, 0.09623344475612622, 0.11879443582343656, 0.12300496286414178, 0.10622382280325429, 0.10036270371589974, 0.12478660468977175, 0.10422119658093608], [0.11566326660523665, 0.1105744334283076, 0.09661915950329882, 0.11865808880540123, 0.12267881657081944, 0.10634694145524011, 0.10062427576945736, 0.12440846542571594, 0.10442655243652285], [0.11463492235597343, 0.11013349693942574, 0.09804811473858424, 0.11766572500999906, 0.1214911673076698, 0.10657022577817034, 0.10139223182318573, 0.125, 0.10506411604699165], [0.11558106961463722, 0.11054441203012606, 0.09674810907210481, 0.1185410112186775, 0.12248849817185863, 0.10635698374003816, 0.10071674558615282, 0.1245536089260271, 0.10446956164037773], [0.11522784256232992, 0.11042370283023954, 0.09736207801177318, 0.11820116642316701, 0.12192386770874435, 0.10649208293499138, 0.10107900802539202, 0.12452505482429836, 0.10476519667906421], [0.11554217684018772, 0.11052978909475628, 0.0968035939123882, 0.11846941481512276, 0.12238819078417817, 0.10635380808869974, 0.10076350527172034, 0.12466967787203913, 0.10447984332090764], [0.11461561992409393, 0.11015098860761817, 0.09816375650312556, 0.11759755794327388, 0.12139651386848287, 0.10660560039357336, 0.10149390673180604, 0.12486135194659075, 0.10511470408143544], [0.11542223612748116, 0.11048614310757406, 0.09699144034216445, 0.1183116539488951, 0.12212535351681579, 0.10637426310372312, 0.10089186512532428, 0.12484858069290009, 0.10454846403512214], [0.11528261162320143, 0.11046841861677521, 0.09735061932492042, 0.11816823283344677, 0.12184519373136438, 0.10648585364380783, 0.10112451706266223, 0.12453571305619626, 0.10473884010762544], [0.11497573614427536, 0.11032653112975642, 0.0977237333709229, 0.11784916350767638, 0.12160240504744792, 0.10651865400195171, 0.10132641959590026, 0.12479325917371428, 0.10488409802835483], [0.1147821648371508, 0.11025319747365059, 0.09802742921329918, 0.11766022724513071, 0.12142449127127843, 0.10658216951483611, 0.10149321335402825, 0.1247482803622621, 0.10502882672836383], [0.11579905731942698, 0.1106650242823044, 0.09650588866152832, 0.11850344530370319, 0.12267453971118232, 0.10626827785422534, 0.100695025059478, 0.12460575552948462, 0.1042829862786668], [0.11547824570986605, 0.1105189940072491, 0.09692140553467139, 0.11824428554326624, 0.12212986322472862, 0.10632766725009275, 0.10090889293169562, 0.12500000000000003, 0.10447064579843038], [0.11493734510874826, 0.11032265549364069, 0.09781057570530803, 0.117757904771702, 0.12149604655450368, 0.10652741251749626, 0.10140536955357728, 0.12483519797061358, 0.10490749232441021], [0.11516892232381006, 0.11044177630866645, 0.09756811192019217, 0.11795921868401828, 0.12164481914192186, 0.10650908063830142, 0.10130103983238382, 0.12460018037304327, 0.1048068507776627], [0.11534495916084561, 0.11051638675335489, 0.09731757635963084, 0.11810131948292635, 0.12181041866780515, 0.10645916355422388, 0.10117516535226907, 0.1245911520105182, 0.10468385865842586], [0.1154524754680644, 0.11053650777116895, 0.09705785717715125, 0.11816775465508693, 0.12200985284843015, 0.1063679944683016, 0.10102727928522207, 0.12484909201668704, 0.10453118630988766], [0.11462242556891623, 0.11016513521945812, 0.09816696413574157, 0.11740255102121885, 0.12147595189779914, 0.10654217816329282, 0.10159291536254163, 0.12499999999999997, 0.1050318786310315], [0.11499912247431573, 0.11034486062472802, 0.09768906461133818, 0.11772104180577558, 0.12159994682485592, 0.10646244257330151, 0.10137900539187891, 0.125, 0.10480451569380614], [0.1146690673440711, 0.11019318311063685, 0.09813620932789534, 0.1173987839353505, 0.12154690489771756, 0.10653173934928764, 0.10160513213958124, 0.12491470825515463, 0.1050042716403053], [0.11564108590274544, 0.1106513637877264, 0.09689245557829812, 0.11816822413957977, 0.12217165167044126, 0.10632303523568853, 0.10103134787181675, 0.12471084683092129, 0.1044099889827824], [0.11542844318947117, 0.11057527455937108, 0.09725100176263271, 0.11801423714869672, 0.12190417595068369, 0.106413525486452, 0.10122504167788175, 0.12459089946357926, 0.10459740076123163], [0.11509891166949109, 0.11040570967132145, 0.09762302134056709, 0.11774134918599687, 0.12169625374155664, 0.10645214215663598, 0.10138959617373773, 0.12483334421310617, 0.10475967184758712], [0.11604637757645289, 0.11078912283806698, 0.09617005085479857, 0.11840235407918452, 0.12281189155099591, 0.10612315932439548, 0.10064187916515864, 0.125, 0.10401516461094704], [0.11554297351858647, 0.11062369642546374, 0.09707593044441867, 0.11805612840656711, 0.12201132637425215, 0.10636050014395015, 0.10115405133641021, 0.12468424461826011, 0.1044911487320914], [0.11585651445093692, 0.11072940054325203, 0.09651011884381967, 0.1182262657380663, 0.12245174162550221, 0.10619442468629192, 0.10085884019047196, 0.125, 0.104172693921659], [0.11570219197528527, 0.11070589833118552, 0.0968957361564362, 0.11812224237178331, 0.12216326211190325, 0.10632352443583319, 0.10109545101869585, 0.12460166073357026, 0.10439003286530711], [0.11500026501062659, 0.11036826039136895, 0.09780477847303293, 0.11752233789894859, 0.12182066730381345, 0.10645418981907427, 0.10154288622194632, 0.12468669238645462, 0.10479992249473429], [0.11560468866763604, 0.11067329727693906, 0.09711805855345405, 0.11784091890700614, 0.12228160110805465, 0.10632005343162436, 0.10130604591874642, 0.12442580247267936, 0.10442953366385992], [0.11471068747082658, 0.11022739136451425, 0.09816456073303415, 0.1171318255376433, 0.12191770827218987, 0.10646081852993408, 0.1017668838497443, 0.12471353472414791, 0.10490658951796543], [0.11631801345779032, 0.11099982227041416, 0.09613188286739813, 0.11816541040238251, 0.1226670022457134, 0.10609175872703515, 0.10087049594901963, 0.12486294598648136, 0.10389266809376553], [0.11637964492237832, 0.11103754287625896, 0.09608382443184803, 0.11818930318628382, 0.1227221495348334, 0.10609141641881366, 0.10085993869896277, 0.12476556304743999, 0.10387061688318103], [0.1148224488207543, 0.11025581307720245, 0.09793026451910834, 0.11719060948005287, 0.12201145285427677, 0.10637588082008796, 0.10165001328491434, 0.125, 0.10476351714360296], [0.11614430549306594, 0.1109248054923546, 0.09639942316119085, 0.11807889433047015, 0.1225078007791949, 0.10615394973168493, 0.10100471679985142, 0.12475204702393017, 0.10403405718825702], [0.11582919770434737, 0.11077887892073583, 0.09683479991189509, 0.11789507492766485, 0.12248223867188837, 0.10624036440744906, 0.10121304871629405, 0.12447173991377425, 0.10425465682595096], [0.11627245840930418, 0.1109754445006141, 0.09619510609527175, 0.11809137272795298, 0.12255481580209479, 0.10608621125647057, 0.10091959805740898, 0.125, 0.10390499315088264], [0.115282699503888, 0.11052387901057932, 0.09755707869296727, 0.11751640580792676, 0.12217324749430696, 0.10637341871370626, 0.10155194259126747, 0.12441177030441337, 0.1046095578809446], [0.1149248043229094, 0.11031802772100416, 0.09786068362836768, 0.1172314475362201, 0.12209673951959556, 0.10637068869327344, 0.10165243809385423, 0.12482085482297516, 0.10472431566180011], [0.11579560895752868, 0.11076478725229658, 0.09690628631337919, 0.11774353760461885, 0.1225978928089619, 0.10621769643410117, 0.10130429647513263, 0.12442698631363826, 0.10424290784034275], [0.1158838018730483, 0.11081654593799299, 0.09683641182245696, 0.11777003641493959, 0.1226655983451533, 0.10621003981297891, 0.10129528885523487, 0.12431807181057157, 0.10420420512762354], [0.11615013638031782, 0.11093592213835507, 0.09647063566322554, 0.11785305693487748, 0.12278873006907363, 0.10611286504674343, 0.10114645095769624, 0.12455052962286431, 0.10399167318684649], [0.11568636490196896, 0.11069352508704328, 0.09697606031762344, 0.11760878231031098, 0.12259589321314433, 0.10618455601413838, 0.10134223585218972, 0.12467241077366695, 0.10424017152991391], [0.11628649557294483, 0.11099722635306233, 0.09628092710091539, 0.117897870542142, 0.12279415667908032, 0.10606511910477744, 0.10106451098835542, 0.12472913553635068, 0.10388455812237161], [0.11557923669306824, 0.11063072186164671, 0.09706593876967914, 0.11751894387244982, 0.12253421897444933, 0.10617820335524943, 0.10137825371530713, 0.12484575363545847, 0.10426872912269172], [0.11507105983463256, 0.11038505354231437, 0.09768021121516689, 0.11717046046539079, 0.1223498656090966, 0.10628139560502216, 0.10164539447079637, 0.12484977643472106, 0.10456678282285935], [0.11618987852418308, 0.11095623119680766, 0.09643418883178555, 0.11781567789802058, 0.12285682601629927, 0.1060909231444172, 0.10115628223186512, 0.12454726430975817, 0.10395272784686341], [0.11549191187935035, 0.1105942642671068, 0.09719774763436892, 0.1174426902926355, 0.12246551553445728, 0.10620274066894297, 0.1014517370401979, 0.1248238585833738, 0.10432953409956645], [0.11545690547645016, 0.1105818699752015, 0.09726035020048908, 0.11739712704961423, 0.12248808339206586, 0.10621275005434219, 0.10149440016055997, 0.12475409147843253, 0.10435442221284431], [0.11538437937205531, 0.11055825618746042, 0.09739415726895653, 0.11734631112541605, 0.12248537460108518, 0.1062506445912359, 0.10156766950385472, 0.12458678779097188, 0.104426419558964], [0.11518658613427499, 0.11044336437391575, 0.09755557278200543, 0.11718415424299981, 0.12245409757708405, 0.10624227650913147, 0.10162509988133304, 0.12482787880043641, 0.10448096969881907], [0.11584152676876394, 0.11078079299161424, 0.09685026457267999, 0.11755790466381609, 0.12282807063549292, 0.10613595664740127, 0.10136367047869865, 0.12451059406891833, 0.10413121917261471], [0.11556943225846658, 0.11061629263386903, 0.09704897994205922, 0.11740143836304202, 0.12261755352894921, 0.10612787659619524, 0.10140709877571707, 0.125, 0.1042113279017016], [0.11510614739295918, 0.11038972332543996, 0.09759387062954591, 0.11708666019529815, 0.12249513888478802, 0.10621459073949044, 0.10164121604875662, 0.125, 0.10447265278372173], [0.11600406353925644, 0.1108785580668211, 0.09673295718929895, 0.11760101826852962, 0.1229594031953444, 0.10612653472058893, 0.10135619532954829, 0.12427490601277234, 0.10406636367783992], [0.11565315735362541, 0.11066603950145411, 0.0969883440729537, 0.11740816506272238, 0.12272524125797996, 0.10611628255489991, 0.10141152086837588, 0.12486111552889734, 0.10417013379909155], [0.11554730590884295, 0.11062099448233702, 0.09714397297617225, 0.11729663741708925, 0.12269131433989866, 0.1061372096045272, 0.10150690658384495, 0.1248229131725014, 0.10423274551478634], [0.11543989277353993, 0.11058568040020939, 0.09733998646646519, 0.1172052008537315, 0.12271566226209527, 0.10618633562975593, 0.10162223806916267, 0.12457447364952014, 0.10433052989551998], [0.1157399720716509, 0.11072764949029319, 0.0969761124513725, 0.11725715893525403, 0.12295517266268197, 0.10607805303361331, 0.10151844379630205, 0.12464926933891614, 0.10409816821991591], [0.1152233675749935, 0.11046571424044421, 0.09753708032335853, 0.11692066524145277, 0.12284214967950657, 0.10615205023054361, 0.10174911407098981, 0.12475102398335462, 0.10435883465535656], [0.11533251355078271, 0.11050072635614525, 0.09733950843463554, 0.11688942105843642, 0.12297989316833782, 0.10606051161061696, 0.1016880078152774, 0.12499999999999997, 0.10420941800576775], [0.11644605106956131, 0.1110509071751285, 0.0960729846087927, 0.11731807512847774, 0.12355989708680229, 0.10580325192440164, 0.10122468952967813, 0.125, 0.10352414347715773], [0.11542344819773474, 0.11055718483567849, 0.09728310582099449, 0.11691369072522821, 0.12304599507381485, 0.10605750678538757, 0.10169441336570607, 0.12484775308913766, 0.10417690210631793], [0.11643282121749597, 0.11105784320245617, 0.09615139546376797, 0.1171752324066609, 0.12374816260023615, 0.1057921903072084, 0.10133641006112372, 0.12478726424435226, 0.10351868049669848], [0.11533772541139367, 0.11052000011956488, 0.09739704189345176, 0.11675150393775059, 0.12318040108107935, 0.10604653134781095, 0.10179522410965268, 0.12478064992069673, 0.10419092217859939], [0.11610105307740728, 0.11087411108530032, 0.0964504366371343, 0.11704583554665789, 0.12361535423173456, 0.1058212537129937, 0.10142845809798243, 0.125, 0.10366349761078952], [0.1158033311825341, 0.11073754341849305, 0.09682751539712232, 0.11693293265684535, 0.12333494419346816, 0.10590949516485364, 0.10158363963117814, 0.12500000000000003, 0.10387059835550538], [0.11608978776054492, 0.11087640288589007, 0.09649502844517632, 0.11699977512924412, 0.1236425829029164, 0.10582635415473803, 0.10147541434761981, 0.12492029796499922, 0.10367435640887113], [0.11538795389931719, 0.11055442954603104, 0.09737574157266256, 0.11668588456461029, 0.12331942030899096, 0.10602447636985134, 0.10184158437004448, 0.12466300391770119, 0.10414750545079093], [0.11571634232613844, 0.11069205058138011, 0.09690863480701628, 0.11667490171580223, 0.12363011973696812, 0.10584922519755084, 0.10170488651122675, 0.125, 0.10382383912391727], [0.11581661189579966, 0.110756300663123, 0.09685417220787065, 0.11668711877062407, 0.12368912009703141, 0.10584735470804842, 0.10172036021366157, 0.12483900121771332, 0.1037899602261279], [0.11552058450189984, 0.1105971837932899, 0.09712865779483003, 0.11654236770265101, 0.12360390493989057, 0.10587830218146373, 0.10180713423022184, 0.12500000000000003, 0.10392186485575325], [0.12358836381508503, 0.11410445684336153, 0.11162395736956865, 0.10371004901441913, 0.1011565941550092, 0.11620108921757907, 0.12487688066826459, 0.0932626644825448, 0.11147594443416797], [0.12306139667339161, 0.11519849794153401, 0.1107733337066009, 0.10416695996895262, 0.1017276778132185, 0.11604879026280805, 0.12441397880042172, 0.09351135777854196, 0.11109800705453064], [0.12349925339065236, 0.11467320885904568, 0.11116505615901345, 0.10391133042454276, 0.10142845569052063, 0.11606844145501523, 0.12464087552828874, 0.09335050800481312, 0.11126287048810811], [0.12351475650786863, 0.11412962176860167, 0.1115912943135673, 0.10370394683023688, 0.10120705679340769, 0.11614974432558525, 0.1249474582230482, 0.09331968081662623, 0.11143644042105828], [0.12347166299416074, 0.114167797354734, 0.11154823638784933, 0.10370332590955926, 0.10124739932497188, 0.1161077312772472, 0.125, 0.09335515156320855, 0.11139869518826905], [0.12331508824499428, 0.11405952802103221, 0.11171995254180657, 0.10373972683006916, 0.10133448920517564, 0.11613201610050411, 0.1246628079960417, 0.09355184249247096, 0.11148454856790542], [0.12317610107802417, 0.11497758473278279, 0.11084661077798037, 0.10393735327784977, 0.10166195614441045, 0.11586611189856638, 0.125, 0.09351302111994919, 0.1110212609704369], [0.12281766393454, 0.11557677350721741, 0.11047214822389034, 0.10429147042240024, 0.10210371661377016, 0.11581335367075216, 0.12421003845525315, 0.0938516658938163, 0.11086316927836025], [0.12311620777766084, 0.11432434156330379, 0.111416163542289, 0.10373598695549581, 0.10156543868159403, 0.11587702031915091, 0.125, 0.09372596760348044, 0.11123887355702516], [0.12305775436323423, 0.11466554328435735, 0.11111442451380792, 0.10380744760228723, 0.10176085172958621, 0.1157187419024205, 0.125, 0.0938184255019315, 0.11105681110237509], [0.12294511895632966, 0.11470105630865911, 0.1111108843465706, 0.10383578194665756, 0.10188455183363623, 0.11566152671563269, 0.12484919107403379, 0.09397987562551437, 0.11103201319296599], [0.12304108893928584, 0.11380754825790218, 0.1119691586743451, 0.10377669912287367, 0.10173955171569132, 0.11617127821042586, 0.12372542380169499, 0.09428509189534391, 0.11148415938243725], [0.12266393534870995, 0.1154066312548204, 0.11052370433517644, 0.10409904075039633, 0.10224800628857306, 0.1154824611266001, 0.12473980758590053, 0.09412464107331948, 0.11071177223650369], [0.12232728862802679, 0.11625679339011925, 0.10980172701595502, 0.10455097694644985, 0.10274711331737754, 0.11524371430811636, 0.12438054953520765, 0.0943947992318696, 0.11029703762687769], [0.1224436058248112, 0.11561834290634328, 0.11029124034259058, 0.10416754160486245, 0.10239120558087855, 0.11534185708955538, 0.125, 0.09420825997917891, 0.11053794667177964], [0.12269091166661777, 0.11456129126430274, 0.11128863821913122, 0.10386258068303854, 0.10205102710166254, 0.11562275295411936, 0.12453141160764856, 0.0943032213631521, 0.11108816514032704], [0.12281547235909668, 0.1139847534683456, 0.11181550525818955, 0.10382744737943944, 0.10197272101826962, 0.11598392163770363, 0.1237219659955723, 0.09452075362673007, 0.11135745925665312], [0.12265993953022157, 0.11463840550502315, 0.11122567458119437, 0.10388187678715692, 0.10211766090227507, 0.11557802479460681, 0.12449695125085165, 0.09435659710101188, 0.11104486954765855], [0.12236483828225538, 0.11563490866325025, 0.11031170809715708, 0.10420375871845278, 0.1025417815019498, 0.11525387901846341, 0.1247588307600992, 0.09441684583589832, 0.11051344912247366], [0.12216109353174684, 0.11593385045745831, 0.11007538526435233, 0.10436278292344692, 0.10270708920998636, 0.1151959096794293, 0.12467823923774689, 0.09449911955507145, 0.11038653014076148], [0.12264117052422328, 0.11399155413408477, 0.1117321023074675, 0.10379752874411163, 0.10208534936010553, 0.1159114708455424, 0.12392328010377326, 0.09466810567948009, 0.11124943830121155], [0.12239131996169561, 0.11448345691304063, 0.11141882228234506, 0.10394482648190514, 0.102365245534164, 0.1155124224553717, 0.1239761158942833, 0.0948074992920103, 0.11110029118518429], [0.12226790294045697, 0.11550295660065926, 0.11036655687389153, 0.10411967769858098, 0.10260168793403043, 0.1151121380973268, 0.125, 0.09455959070273631, 0.1104694891523177], [0.12231731800945528, 0.115378806219051, 0.11051330664888616, 0.10409907929844543, 0.10258597005246595, 0.11515040590876523, 0.12478447406760368, 0.09460966608062267, 0.11056097371470461], [0.12229201009409398, 0.11470847190694426, 0.11122507875230038, 0.1039774394039501, 0.10247558693585111, 0.11541357764375058, 0.12408377008985945, 0.09483946865706296, 0.11098459651618718], [0.12189047193792826, 0.11617957594234685, 0.10989125390255237, 0.10450403823686505, 0.10301625362985903, 0.11500637967721154, 0.12447635878551365, 0.09481066090985894, 0.1102250069778643], [0.12255263982118754, 0.11391442975267045, 0.11172045339545209, 0.10375970861706835, 0.10214221476518154, 0.11592431473000381, 0.12401203243737545, 0.09478357088102196, 0.11119063560003882], [0.12230800990212774, 0.11506396377521952, 0.11084114220308856, 0.10403467769590773, 0.10256540464066778, 0.1152374188225448, 0.1244477794082163, 0.09475905649776524, 0.11074254705446232], [0.12175901381265868, 0.116556696629262, 0.10943309917326906, 0.10459551709521962, 0.10316859376384603, 0.11477570925278777, 0.125, 0.09481016409100357, 0.10990120618195326], [0.12198330866114537, 0.11595782632184268, 0.1100546615318589, 0.10438632786150655, 0.10296072042233956, 0.11498637332445048, 0.12454493771564228, 0.09484097566622382, 0.1102848684949904], [0.12221302043545663, 0.11539868930886159, 0.11051055856694017, 0.10413565010921394, 0.10270257027804096, 0.115080396141191, 0.12465875853498992, 0.09476612919689344, 0.11053422742841261], [0.12239922890960185, 0.11406665668670453, 0.11158845459126472, 0.10378507510199361, 0.10226136426243197, 0.11575970477008986, 0.12417133798185208, 0.09486709766985035, 0.11110108002621108], [0.12223112908541185, 0.11514494112549818, 0.11074507302270174, 0.1040577208310389, 0.10263434267809707, 0.11515755102207449, 0.12455549551886337, 0.09480858681300326, 0.11066515990331104], [0.12168480954656369, 0.1165672652906587, 0.10944678424965353, 0.10461577731792815, 0.10324089317970277, 0.11474343767550299, 0.12489641883978346, 0.09490893785920831, 0.10989567604099851], [0.12203880303500844, 0.11567323009343464, 0.11020481158276159, 0.10420460460740943, 0.10282669206313359, 0.11494504521997759, 0.125, 0.09478407922023786, 0.11032273417803684], [0.12230734139902885, 0.1141341468272436, 0.11151125605403087, 0.10379011001952333, 0.10233902097648889, 0.11566940624823799, 0.12427402635395947, 0.09493714328127671, 0.11103754884021028], [0.12221423568539451, 0.11419708032630609, 0.11143626313186884, 0.10379415057529376, 0.10241636227652023, 0.11558229712465999, 0.12437618621203275, 0.09500902033865201, 0.1109744043292718], [0.12200358902419478, 0.11536047798029904, 0.11048992521055492, 0.1041232365005094, 0.10283267045802648, 0.11493640995971759, 0.12483659416390491, 0.09496127240812297, 0.11045582429467002], [0.12184563109990858, 0.11586397744762424, 0.11006791517518526, 0.10432513191693234, 0.10306157377586876, 0.11482232020246261, 0.12478205646470297, 0.0950186384378067, 0.11021275547950854], [0.12144977863564091, 0.11691130369645075, 0.10909863913314001, 0.10474832089773213, 0.10354142169601066, 0.1144758809902874, 0.125, 0.09514479703343147, 0.10962985791730667], [0.12209375653789087, 0.11440443496257058, 0.11127946338222454, 0.10383784991251306, 0.10255165602056736, 0.11537935923934221, 0.1244857005103462, 0.09508758229578225, 0.11088019713876295], [0.1219186392707866, 0.11548261653708816, 0.11034968100236406, 0.10415309725564274, 0.10290523219676258, 0.11484651807224192, 0.125, 0.09499215801899667, 0.11035205764611729], [0.1214248551278119, 0.11667308180857432, 0.1094084417233094, 0.10470991708065576, 0.10351917267582846, 0.11459416935241135, 0.12459957375823623, 0.09525050337661548, 0.10982028509655725], [0.12133875527126273, 0.11743174614477529, 0.10871501994994315, 0.10505738956021872, 0.10391132834067399, 0.11430049800105299, 0.12437162806284167, 0.09541416656617162, 0.10945946810305994], [0.12185963977410123, 0.11566170960931718, 0.1102328452561394, 0.10425247043998115, 0.10303010738358907, 0.11481607717929566, 0.12477928508775296, 0.09507913595054503, 0.11028872931927834], [0.12185756050044316, 0.11482637375586115, 0.11102870016367349, 0.104055778349307, 0.10283779236760796, 0.115091798403512, 0.12427043251822575, 0.095276141710062, 0.11075542223130748], [0.12124034206471597, 0.1173673078220312, 0.10875450627510427, 0.10500812108198776, 0.10394521967652706, 0.11424936537107686, 0.12451174117216378, 0.09549176930076923, 0.10943162723562398], [0.12126506133160307, 0.11709179896818958, 0.10897014245041252, 0.10485743715339406, 0.10378572999743596, 0.11433067216068149, 0.1247747299306141, 0.09540226039328888, 0.10952216761438034], [0.12226573161457599, 0.11407755966042099, 0.11136263600869536, 0.10371230820380994, 0.1025144248354465, 0.11553786691042382, 0.12449866572180068, 0.0951964995437345, 0.11083430750109195], [0.12189950708228862, 0.11442863442328753, 0.11116766103009008, 0.1038400413643394, 0.10267655286270422, 0.11526816700096441, 0.1247219883976183, 0.09524277465335818, 0.11075467318534904], [0.1212135896068121, 0.11674612323775703, 0.10936510549511111, 0.1047718581380245, 0.10372694301217716, 0.11446679041305595, 0.12444780076252586, 0.0955128371286462, 0.1097489522058901], [0.1216439523113177, 0.11570003570633586, 0.11013368161564727, 0.10426221098881792, 0.10318097180433165, 0.11464532149047162, 0.12499999999999999, 0.09526828835221227, 0.11016553773086563], [0.12176509692118428, 0.11464589196460305, 0.11101422848991094, 0.10394300063107811, 0.10283342411277592, 0.11506635768039457, 0.1247161976241874, 0.09535273151691999, 0.11066307105894571], [0.12155112031951432, 0.11596662717548521, 0.10996372383392765, 0.10441041737242218, 0.10336446902768523, 0.11460149488214288, 0.12467058095919688, 0.09539724959627659, 0.11007431683334905], [0.12113861307566826, 0.11698025158043528, 0.109114927681106, 0.10484766645933752, 0.10386715555051901, 0.1143211748724679, 0.12457827077757497, 0.09558555432013538, 0.10956638568275558], [0.12147838649140873, 0.11594700679010927, 0.10995755413437715, 0.10440529462624894, 0.10341632337729745, 0.11454198383801707, 0.12472699403899427, 0.09548094450459499, 0.11004551219895213], [0.12153879704947004, 0.11566536096544389, 0.1101890676938017, 0.10430237307186555, 0.10330388704427401, 0.11459062472068164, 0.12476067952699076, 0.09547118659222524, 0.11017802333524711], [0.12100493759750618, 0.1173086123641521, 0.10881798508761183, 0.10499520880709942, 0.10411368954848445, 0.11413735272847075, 0.12447057914004764, 0.09576754667399959, 0.10938408805262817], [0.12156991493254769, 0.11537288446939757, 0.11051327943609728, 0.10426824350400068, 0.10325834802579746, 0.11473536439319064, 0.12431640829587305, 0.09557805839429963, 0.110387498548796], [0.12095692198740095, 0.11748931828030723, 0.10866939880235343, 0.10508571457026186, 0.10423382249380256, 0.1140617830118345, 0.124348259659362, 0.09584763094845765, 0.10930715024621983], [0.12184377342996565, 0.11454746741023356, 0.11094482215645476, 0.10385732034088757, 0.10283416259134803, 0.11502624379837689, 0.125, 0.09539280258357262, 0.11055340768916093], [0.12119927881883794, 0.11649475255593879, 0.10956621095430952, 0.10468818950027275, 0.10378750283750368, 0.11440072271093386, 0.12431623484114958, 0.09573364685042422, 0.10981346093062966], [0.12112047601202156, 0.1166365208632641, 0.1094579665052609, 0.10475546638909147, 0.10386646040402898, 0.11436579464242659, 0.12427315635388655, 0.09577383324370832, 0.10975032558631151], [0.12115200292158974, 0.11657219001936692, 0.1095036463263499, 0.10472324402770823, 0.10383286051918758, 0.11437658610807706, 0.12430638514649293, 0.09575833722012672, 0.10977474771110078], [0.1216008947678314, 0.11545551592765123, 0.11037272529594598, 0.1042834680436814, 0.10336774779682441, 0.11459251326650248, 0.12438521051374297, 0.09568333714831842, 0.11025858723950183], [0.12144839196257694, 0.11598831998881583, 0.10989065338490234, 0.10444001098175178, 0.10357043914317729, 0.11441265659928453, 0.12461001818053025, 0.09567919812263453, 0.10996031163632679], [0.12152752967362745, 0.11585951938692501, 0.10998201329664305, 0.10438853022096176, 0.10352594670362594, 0.11441739006729154, 0.12461065246325755, 0.09568297904529731, 0.11000543914237026], [0.12231618725984215, 0.11429569891076177, 0.1109395308530193, 0.10370761582852243, 0.10277623820498767, 0.11507551137604187, 0.125, 0.09542851183299544, 0.11046070573382936], [0.12159450678120075, 0.11638187509138008, 0.10942314080332344, 0.10453971858662793, 0.10385108161234059, 0.11410934160436198, 0.12464985787451216, 0.09585433987970003, 0.10959613776655307], [0.12096682257669181, 0.11738564300822492, 0.10872131726946693, 0.10505354866343355, 0.10446683778964308, 0.1138701067355492, 0.12409628105051378, 0.09623060515620323, 0.10920883775027362], [0.12182591796585437, 0.11592672176250092, 0.10978951163368407, 0.10437413336093077, 0.10366218621613338, 0.11419986222500854, 0.12458439622419722, 0.09582645954875671, 0.10981081106293393], [0.12173781719960004, 0.11625924320549845, 0.10951211412608493, 0.10449825693132997, 0.10383222329461696, 0.1141058369623534, 0.12452562705016082, 0.09589156911091698, 0.10963731211943845], [0.12242612859611127, 0.11447465871089636, 0.11075719600534226, 0.10380204289633577, 0.10299389566117384, 0.11485273443499727, 0.12473466022898157, 0.0956418468261565, 0.11031683664000515], [0.1213729659359012, 0.11696325626246895, 0.10893189290756512, 0.10478719968349506, 0.1042205680016408, 0.1138798114155875, 0.12449675384361189, 0.09607687342313816, 0.1092706785265914], [0.12139968014756337, 0.11701644499348149, 0.10886947055876099, 0.10480547839057425, 0.1042749382101014, 0.11382780063687785, 0.12446366503835746, 0.09612441320287364, 0.10921810882140943], [0.12174883241237196, 0.1165989065924343, 0.10905587647149899, 0.10453742636601507, 0.10401045068117316, 0.11382510860608552, 0.125, 0.09594180126766506, 0.10928159760275595], [0.12212156077678321, 0.1157256688541135, 0.109754443096863, 0.10421792214105613, 0.10361251462246143, 0.11402765277269634, 0.12500000000000003, 0.0958379741208113, 0.10970226361521518], [0.12211641516862777, 0.11585834251871846, 0.10966963675894459, 0.10428281866063355, 0.1036954200084532, 0.11400387375214652, 0.12482929409947217, 0.09588846379421263, 0.10965573523879112], [0.12158234398735021, 0.1170965225780297, 0.10870950283184024, 0.1048093829905683, 0.10440484772786451, 0.11365486171179534, 0.12442649080405437, 0.0962549370989263, 0.10906111026957102], [0.12249260596121496, 0.1152507610408857, 0.11010467779783695, 0.10408323580961104, 0.1034891540643596, 0.11412975536095384, 0.12464131891893852, 0.09591994366812621, 0.10988854737807323], [0.12224161649603886, 0.11606707028366123, 0.10937556768371524, 0.10430571206515762, 0.10382793315016539, 0.11381248951213942, 0.125, 0.09594877454710442, 0.10942083626201783], [0.12199781119164693, 0.11658036317137785, 0.10896348296312565, 0.10449757876337835, 0.10407960390824052, 0.113678745972264, 0.12499999999999999, 0.09603570974095604, 0.10916670428901057], [0.12175789436153087, 0.11719855941512679, 0.1085360188373682, 0.1048307450859037, 0.10455913990865547, 0.11347522935192242, 0.1243370921044967, 0.09640869536209003, 0.10889662557290583], [0.12262852976819408, 0.11538606807418059, 0.10988196982939127, 0.1040981724193126, 0.10361464704852612, 0.11394002134115339, 0.12473860539995342, 0.09601131459250462, 0.10970067152678388], [0.12286174289981723, 0.11525170218275281, 0.10984382130610582, 0.10399804203288279, 0.10357547745166545, 0.11383765287306165, 0.125, 0.0960101688979886, 0.10962139235572567], [0.12300272400232909, 0.11493401050459298, 0.11013025285077237, 0.10394269785465914, 0.10348353340753419, 0.11413248338238889, 0.12450818923740248, 0.09606271572000424, 0.10980339304031665], [0.12177854217285815, 0.11769003413119257, 0.10786794929775934, 0.10489173855044631, 0.104832448852448, 0.11303089072933849, 0.12499999999999999, 0.09650248518198562, 0.1084059110839714], [0.12290743414907718, 0.11535361910101728, 0.10974677593487504, 0.10404547743319678, 0.10367623199407648, 0.11376191615657714, 0.12486243070586171, 0.0960972224145155, 0.10954889211080265], [0.12253715073479457, 0.1165789307475524, 0.10870691237857576, 0.10443203528097358, 0.10426922938274973, 0.1133277885509826, 0.12499999999999999, 0.09627039210709896, 0.1088775608172723], [0.12306950103852307, 0.11525377808682404, 0.10973402562835584, 0.10398170939997284, 0.10365064591241478, 0.11370062008978643, 0.125, 0.0961037400242183, 0.1095059798199047], [0.12215748230297035, 0.11733637957193228, 0.10815599098486889, 0.10479241094753844, 0.10478063670043723, 0.11308833254216334, 0.12454951839305667, 0.09661030088634145, 0.10852894767069134], [0.12281898223906039, 0.11619509417277987, 0.10896599264019101, 0.1042825531913367, 0.10410747238376133, 0.11337265815781027, 0.125, 0.09623804932559896, 0.10901919788946145], [0.1229047465646568, 0.11582370440097059, 0.10934616467636137, 0.1042245042853835, 0.10399462527889759, 0.11351605330049717, 0.12461993622814166, 0.09629221662673378, 0.10927804863835755], [0.1232176173995598, 0.11526195253598279, 0.10967602465221622, 0.10399268917568068, 0.10372513314887098, 0.11362091901244195, 0.12486125655679797, 0.09620059109010297, 0.10944381642834661], [0.12328956811810089, 0.115202789415584, 0.10970363940785924, 0.10397534962310787, 0.10371714597787209, 0.1136574133349907, 0.12478171054985819, 0.09622013138828353, 0.10945225218434372], [0.12314442064869507, 0.11557146315276086, 0.10945102335410675, 0.10413709110384164, 0.10396050185199487, 0.11348591632584222, 0.12457934104062869, 0.096370311122027, 0.1092999314001029], [0.12341338038635932, 0.11516049452931192, 0.10969652062666525, 0.1039677708515626, 0.1037469573079924, 0.11365361240419995, 0.1246502643241452, 0.09628228306715375, 0.10942871650260962], [0.1231843665238469, 0.11593019842861899, 0.1090443354511136, 0.10418554589305326, 0.10411000082055306, 0.11325291841631148, 0.1249196325990362, 0.09636763065357823, 0.10900537121388842], [0.12351855718005281, 0.11520041008233171, 0.10961873039915068, 0.10398466267944809, 0.10382045221424006, 0.11356489470746152, 0.1245734603032938, 0.09635998076556036, 0.109358851668461], [0.12277724867805549, 0.1168815659055753, 0.10831239601462393, 0.10455532240036654, 0.10465185846669131, 0.1129836120737928, 0.12466523427194962, 0.09663201101014929, 0.10854075117879562], [0.12323962487041801, 0.1159711304205504, 0.10896147559182989, 0.10418023457085633, 0.10414043886632325, 0.11319116267587147, 0.125, 0.09638121853815164, 0.108934714465999], [0.12262953358520821, 0.11718877062482556, 0.10798066668924955, 0.10462374679906195, 0.10480068120279454, 0.1128093975277902, 0.125, 0.09666768668600759, 0.10829951688506238], [0.12307410444245966, 0.11656152204085447, 0.10844679380615672, 0.1043727450881094, 0.10446383283379265, 0.11297641290988898, 0.125, 0.09651570577808069, 0.10858888310065742], [0.12278000020900878, 0.11710918066354342, 0.10798751260647231, 0.10458205023882164, 0.10479970335291684, 0.11276343408925181, 0.12499999999999999, 0.0966986152819973, 0.1082795035579878], [0.12345303150465467, 0.11577165420599866, 0.10903804062831833, 0.10413145762058362, 0.10416101133792245, 0.11312503434403438, 0.12486679944654903, 0.09650999409976828, 0.10894297681217058], [0.12334219469732667, 0.11639221518050288, 0.10855331927025651, 0.10434069641777126, 0.10447338079777023, 0.11295591209345265, 0.12468933599190614, 0.09661669654054413, 0.10863624901046955], [0.12296604296851726, 0.11695182272009497, 0.10810936375734334, 0.10455016065427229, 0.10478739608635575, 0.11277931091669606, 0.12474406433684769, 0.09676355089246681, 0.10834828766740597], [0.12358382673740179, 0.1159345621574021, 0.10881681317275799, 0.1041529883932709, 0.10426590984979815, 0.11297708149186172, 0.1249433934264647, 0.09655580683807372, 0.10876961793296896], [0.12358598017757771, 0.11580226990647402, 0.10891319137547349, 0.10411088821419842, 0.104208639027151, 0.11300536347000566, 0.125, 0.09654612861398477, 0.10882753921513494], [0.12363894798413298, 0.1159253884234225, 0.10878257102018657, 0.10413841921628514, 0.10427676847691718, 0.11293498764689267, 0.125, 0.09657011793511609, 0.10873279929704686], [0.1231086216636349, 0.11707075573988268, 0.10791523548470319, 0.10458273658106951, 0.10493773600319947, 0.11261121063925239, 0.124696720272949, 0.09689708353501703, 0.10817990008029185], [0.12365710960378846, 0.11563151479685689, 0.10906142510857421, 0.10411201915170377, 0.10422701409404517, 0.11304545776750062, 0.12467748267095072, 0.09667149214074325, 0.10891648466583694], [0.12373544479819507, 0.11630069554230775, 0.10846913954396592, 0.10430878080434983, 0.10458668281389595, 0.11276928934753037, 0.12451135961593425, 0.09680401443616236, 0.10851459309765861], [0.12311994613088015, 0.12434197175529954, 0.10079188477968276, 0.11130317589387442, 0.10924577098037493, 0.11369722198119482, 0.11147407570441926, 0.0991130245041871, 0.10691292827008701], [0.12315074854303835, 0.12442635938392696, 0.10069346005229442, 0.11133588836778067, 0.10932243290030523, 0.11364393169052392, 0.111390622058332, 0.09917783179972306, 0.10685872520407556], [0.12247801298176439, 0.1244230253368684, 0.1014825163195667, 0.11081074536731222, 0.10874791004567079, 0.11377115072396082, 0.11242042009608372, 0.0987187981723607, 0.10714742095641223], [0.12224272209683944, 0.12436495523616764, 0.10198775520899502, 0.11043306297740259, 0.10829260348561318, 0.11384511459966018, 0.11307780471081248, 0.09832326987106972, 0.10743271181343979], [0.12304938019103824, 0.12499999999999999, 0.10019606695093314, 0.11142902651203208, 0.10984042401297625, 0.11322379332607321, 0.11111396431322075, 0.09966764448442118, 0.10647970020930497], [0.12318022305591333, 0.12419212641485083, 0.09967063703519288, 0.11200582538196996, 0.11067274220478072, 0.1130364914751238, 0.11035808745124383, 0.10052027365017908, 0.10636359333074556], [0.12249600246994996, 0.125, 0.10097712122743685, 0.11089663440183418, 0.10924806792514473, 0.11335723601249365, 0.11216239247597254, 0.09918988388012906, 0.10667266160703905], [0.12245553768958042, 0.12490315648496922, 0.10096218616499554, 0.11090783940878542, 0.10934322873622639, 0.1133006672645719, 0.11218892323130085, 0.09930417055901576, 0.10663429046055468], [0.1216648815181241, 0.125, 0.10202018455278647, 0.1101277587839078, 0.10840583283054506, 0.11343710570928991, 0.11361821772437855, 0.09850932808993383, 0.10721669079103426], [0.12240014175449304, 0.12499999999999999, 0.10082790863537115, 0.11093067861792906, 0.1095316828029459, 0.11315595853019252, 0.11214105595288096, 0.09949986054739993, 0.10651271315878731], [0.12154466649979956, 0.12478729852504676, 0.10195216405505113, 0.110206887264103, 0.10864879413316458, 0.11333499429799364, 0.11360666955488696, 0.0987922886627, 0.10712623700725438], [0.12177687081061778, 0.12449650031463504, 0.1016962456837842, 0.11043824810223561, 0.10896811969973388, 0.11329224261697082, 0.1132561850931339, 0.09909608681923314, 0.1069795008596556], [0.1219379744411096, 0.12439200241111913, 0.10145230756071437, 0.11061249663977633, 0.10924644865248183, 0.11321546102413176, 0.11296491304495863, 0.09935819385856023, 0.10682020236714827], [0.1224408752518119, 0.12484322058943326, 0.09928805113085991, 0.11198815102293658, 0.11143823956980571, 0.11243058760863957, 0.110320107665810