[[0.11328992369491307, 0.10183900337774186, 0.11694617556242969, 0.10724770030881318, 0.09968597004221028, 0.118994608797032, 0.0948573467508353, 0.12465282781418179, 0.12248644365184284], [0.11395465656709913, 0.10128692757281241, 0.11755583944501706, 0.10733506556796518, 0.09879373491326819, 0.11919932226347117, 0.09386214949991055, 0.12484631124583295, 0.12316599292462349], [0.11329342093359167, 0.10180121749693057, 0.11678146743565963, 0.10722304316510523, 0.09964589480036716, 0.1192085239769286, 0.09495673797396935, 0.12480687202332198, 0.12228282219412571], [0.11342419487172825, 0.10169736670218066, 0.11689983817828074, 0.10724394040543672, 0.0994823733555138, 0.11923531463624808, 0.09476485050325024, 0.12476841461715425, 0.12248370673020727], [0.11401614763684398, 0.10122818888348852, 0.11750288460816488, 0.1073290331434548, 0.09869965912513999, 0.11933372920808263, 0.09385004346307695, 0.12500000000000003, 0.12304031393174837], [0.11391884731940413, 0.10137033264380982, 0.11731953954126544, 0.10733941089093472, 0.09891061700833675, 0.11945748865850829, 0.09416837545880857, 0.12462856233899709, 0.12288682613993518], [0.11336522286059987, 0.10170010975063674, 0.11675132267748385, 0.10720710418758614, 0.09950299782327782, 0.11931562515669814, 0.09487377536280915, 0.12500000000000003, 0.1222838421809084], [0.11347867518383116, 0.10167876401432926, 0.11672140658612362, 0.10724631843537008, 0.0994374436310648, 0.11951439188391705, 0.09492510570287067, 0.12477679198897901, 0.12222110257351422], [0.1131150740130865, 0.10190212557242298, 0.11625504662136849, 0.10716068050843545, 0.09982691602266196, 0.11971905212334828, 0.0954906408703766, 0.12499999999999997, 0.12153046426829957], [0.11376459226721136, 0.10141065550428605, 0.11683555883657326, 0.10725010424513345, 0.09900722569198506, 0.11983647094238209, 0.09458452490839445, 0.12499999999999999, 0.12231086760403417], [0.11436413869306095, 0.101221458269088, 0.1172938458353845, 0.1074688150848358, 0.09857573691972431, 0.11998946273941959, 0.09414679754866434, 0.12434074249827679, 0.12259900241154571], [0.11319605128618275, 0.1018868039362886, 0.1162132348851914, 0.10718871574862592, 0.09977903696582383, 0.11988522288034156, 0.09553590559346638, 0.12482405101431192, 0.12149097768976765], [0.11421808486622118, 0.10132654406653395, 0.11710517394297981, 0.10743831715639778, 0.09875447782924626, 0.1200900773427443, 0.09440899559753146, 0.12428796936583243, 0.12237035983251274], [0.11403094602595895, 0.1013718650459654, 0.11684088166990769, 0.10735434294696787, 0.09886944377045753, 0.12019299132710932, 0.09463714773517495, 0.12454406296570393, 0.12215831851275448], [0.11468223943777495, 0.10085414989942734, 0.11728612231809461, 0.10743372753930282, 0.09800853514545337, 0.12019257315738138, 0.09371903355812668, 0.12500000000000003, 0.12282361894443902], [0.11372110796219483, 0.1016008185712548, 0.11656194137707165, 0.1073076595565349, 0.09925381144900937, 0.12006980445361055, 0.09508061930171618, 0.12448867283240128, 0.12191556449620641], [0.11459457604817523, 0.10097097977444658, 0.11718119987995437, 0.10744204940047587, 0.09818367318831633, 0.1203049222408101, 0.09395784337043135, 0.12473112915606753, 0.12263362694132261], [0.11442095294356958, 0.10120527243696657, 0.11703248712694085, 0.10746642598720774, 0.09853371092610444, 0.12039438379024604, 0.09437612485611682, 0.12425683927276028, 0.12231380266008765], [0.11314489371801316, 0.10189048310922841, 0.11592595167902958, 0.10715141786378522, 0.09978950548419294, 0.12020268840262455, 0.09579220107253537, 0.125, 0.12110285867059079], [0.11430553132281328, 0.10124559799120354, 0.11689331284203576, 0.10742241117557161, 0.09862034083381357, 0.12045642336822249, 0.0945220485163923, 0.12443973384854448, 0.12209460010140305], [0.11384593685251235, 0.10154401037252753, 0.11650661678870507, 0.10733323451825154, 0.09913875777916004, 0.12032328216310696, 0.09511691059375847, 0.12440667890513822, 0.12178457202683998], [0.11424826596520264, 0.1012534552051382, 0.11680679014919752, 0.10739344124809737, 0.09864752193617059, 0.12050173561028425, 0.09459312500562743, 0.1245855810105633, 0.12197008386971869], [0.1131187395968646, 0.1019610539538486, 0.11585111666790444, 0.107171726846416, 0.099883208222146, 0.1202582428432695, 0.0959481677457161, 0.12482864102749566, 0.1209791030963391], [0.11407470869737975, 0.10129977144169, 0.11661390920689775, 0.10732270350139005, 0.09875893923353604, 0.12052706698837885, 0.0947723463519077, 0.12481014498241179, 0.12182040959640808], [0.11389568963512631, 0.10151386869047185, 0.11645755549992833, 0.1073380624323817, 0.09908259621160029, 0.12045431883185681, 0.09514608622742111, 0.12441945541280026, 0.1216923670584133], [0.11351294171069785, 0.10167021341514666, 0.1160975329025022, 0.10721880910003091, 0.09939483338525065, 0.1205204394647852, 0.09552746614277803, 0.12474261704827207, 0.12131514683053655], [0.11328942951913776, 0.10185270669838212, 0.1158992832017444, 0.10719795949962571, 0.09969087033777398, 0.1204809111613844, 0.09585351069485314, 0.12468788827500246, 0.12104744061209606], [0.11454666201815814, 0.10105878200094047, 0.116822766537205, 0.10743644955084744, 0.09830426422108517, 0.1207769308550858, 0.09440725296912819, 0.12450376326721951, 0.12214312858033038], [0.1141303157736816, 0.10123083868364383, 0.11652619644876924, 0.10730815516596816, 0.09865137877204784, 0.12070614392945918, 0.09478212890199973, 0.12500000000000003, 0.12166484232443053], [0.11345563391414909, 0.10169734905458554, 0.11598911196030473, 0.10720031603169289, 0.09944358903853122, 0.12060511987594853, 0.09564267085857321, 0.12479494709905045, 0.12117126216716442], [0.113735122445584, 0.10159032659950828, 0.11621130989972178, 0.10728784988587765, 0.09922368012595534, 0.12062555297279268, 0.09541765575941985, 0.12450092317320588, 0.12140757913793467], [0.11395492082573333, 0.10146816620073656, 0.1163696563886476, 0.1073372536998563, 0.0990022844168054, 0.12064408687767655, 0.09519480624089076, 0.12448852557741936, 0.1215402997722341], [0.1140882741296299, 0.1013048527287069, 0.11643739319685216, 0.10732060207769176, 0.09875529765538255, 0.12075909487326951, 0.09495585329277542, 0.12481087246441946, 0.12156775958127232], [0.11310462444579135, 0.10192503190987548, 0.11562662583284344, 0.10713615171821396, 0.09983113094932018, 0.12058131400177645, 0.09612144312097788, 0.125, 0.12067367802120127], [0.11351868284888994, 0.10160221980868984, 0.11593872326995396, 0.1071785157938928, 0.09930063217751985, 0.12076741315243465, 0.0955951919118123, 0.12499999999999999, 0.12109862103680656], [0.11315325526924781, 0.10191149691379446, 0.11562211888133148, 0.10715176896604066, 0.09979692350537635, 0.12067026139458206, 0.09613694865190205, 0.12489477264732893, 0.12066245377039621], [0.1143044362041945, 0.1012024371518471, 0.11642333892842915, 0.10736934977634642, 0.09855387624914319, 0.12105444275127983, 0.09490957990340629, 0.12463699500984417, 0.12154554402550936], [0.11404846744493378, 0.1014213765927717, 0.11626509405001552, 0.10735141516678462, 0.09890804503216358, 0.12090187808368845, 0.09527210494702665, 0.12448846607224055, 0.12134315261037526], [0.11363154503119553, 0.10157996594604272, 0.11596132645257028, 0.10722112395017461, 0.09923507080556185, 0.12088608342255502, 0.09559966955610079, 0.1247924755865625, 0.12109273924923668], [0.1147946948353505, 0.1007342747231216, 0.11664969756271425, 0.10737856729280208, 0.09781120151522253, 0.12114430112892151, 0.09417117435278546, 0.125, 0.12231608858908204], [0.11418336227001528, 0.10131129716983256, 0.11630324671488738, 0.10736086539804786, 0.09872632577134731, 0.12104889432331561, 0.09513448051475615, 0.12460453665991814, 0.12132699117787969], [0.11454421988323114, 0.10091170283035235, 0.1164540408761177, 0.1073369759274552, 0.0981109997642181, 0.12124713160327005, 0.09454274304872996, 0.125, 0.12185218606662548], [0.11436506948028678, 0.10119289384869558, 0.11636204109270146, 0.1073895819288613, 0.09851931595879794, 0.12120629581308334, 0.09497764053928283, 0.12449971511056641, 0.12148744622772435], [0.11350585845700267, 0.10170969811232945, 0.11573658736707089, 0.10721841858846279, 0.09942864595852088, 0.12106140659150699, 0.09594106136821494, 0.12461187097436494, 0.12078645258252642], [0.11422534685846927, 0.10136989887258185, 0.11607413006751552, 0.10739884044885918, 0.09877525965919527, 0.12137669283032647, 0.0954586175839661, 0.12428409632774881, 0.12103711735133751], [0.11317721994203303, 0.10195543414170251, 0.11534673438279953, 0.10717517549468611, 0.09982585407739931, 0.12112516495708471, 0.09649587335834024, 0.12464854294841393, 0.12025000069754059], [0.11502132404377587, 0.10059605628486651, 0.11636777233537453, 0.10739626270243866, 0.09755279732245915, 0.12172883913062968, 0.09433926550284806, 0.12482584902236754, 0.12217183365523998], [0.11510036901795138, 0.10057868631627123, 0.1164061977584336, 0.10742674482537926, 0.09750574662768163, 0.12172483673209603, 0.0943070674781212, 0.12470192463574024, 0.1222484266083253], [0.11328558422560915, 0.10177466199406471, 0.11538962245295852, 0.10713453911916236, 0.09956535853282045, 0.12125028320095141, 0.09626508304621256, 0.12499999999999997, 0.12033486742822068], [0.11480418410221607, 0.10077560791258892, 0.1162492948272462, 0.107379297114166, 0.09784629005082586, 0.12175485897142226, 0.09462542920122313, 0.12468612726244659, 0.12187891055786494], [0.1144545029669963, 0.10113898317280698, 0.11609570861451268, 0.10739057593614015, 0.09841070642933067, 0.12165148896716414, 0.09518885586461275, 0.12433795477261372, 0.12133122327582262], [0.1149388564240877, 0.10060106098486228, 0.11626838393944913, 0.10735433720492639, 0.09758308879434244, 0.1218151103752258, 0.09441348807437974, 0.125, 0.1220256742027265], [0.1138118381995299, 0.10159507315002422, 0.11572645715704923, 0.10730351751986393, 0.0991791499293143, 0.12149713629638961, 0.09594356543354886, 0.12427107575003242, 0.12067218656424739], [0.11339836074822335, 0.1017466389829762, 0.11543209831084723, 0.10717493144909805, 0.09949362030817559, 0.12135956901601422, 0.0962446845096391, 0.12477936128386197, 0.12037073539116432], [0.11439726386758148, 0.10119887934824412, 0.11593816636310472, 0.10738679147248968, 0.09849695002834481, 0.1217771176043211, 0.0954089249620837, 0.12428442339882043, 0.12111148295500997], [0.11449194701077019, 0.10115000230394142, 0.11595734196650148, 0.10740768174556456, 0.09840497688936209, 0.12187417490437275, 0.09535205030521866, 0.12414709896559559, 0.12121472590867327], [0.11477195204497867, 0.10084597459239066, 0.11601679149776839, 0.10738775716825331, 0.09793407974364747, 0.1220879027075252, 0.094952496601239, 0.12443381747258342, 0.12156922817161403], [0.11426255914342102, 0.10124066369801077, 0.11580057092852557, 0.10733840161481811, 0.09858736728219505, 0.12175247524963556, 0.09555452397633171, 0.12459226828666756, 0.12087116982039463], [0.1149184615896726, 0.10068394956061469, 0.11606881219955148, 0.10737624901555784, 0.09768429934578717, 0.12213477976530321, 0.09472965444740472, 0.12465744752870543, 0.12174634654740286], [0.11412914450321435, 0.10127763158626774, 0.11570485627972149, 0.10729017267431047, 0.09867349718022132, 0.12179100179656031, 0.0956501965903474, 0.12480835030478327, 0.12067514908457339], [0.11354179063589817, 0.10163681732474569, 0.11535880946769311, 0.10718389717716693, 0.0993016783613205, 0.12167991624266176, 0.096241450315359, 0.12481501670578521, 0.12024062376936964], [0.11480586381269528, 0.10081756671879061, 0.1159803365503253, 0.10738737503758308, 0.09788501203336371, 0.12217884663124941, 0.09496491570855446, 0.12442970493316557, 0.12155037857427259], [0.11402154964851767, 0.10135552846998878, 0.11562725337323891, 0.10727614747557732, 0.09880269053470943, 0.12184668039791326, 0.09579491105049098, 0.12478154542655473, 0.1204936936230088], [0.11398004695316259, 0.10140188789248583, 0.11558349841935431, 0.1072787016477344, 0.09887192355541571, 0.12188887781455539, 0.09588725282054306, 0.1246954311880331, 0.12041237970871563], [0.11389696935987928, 0.10149219584352147, 0.11553651119472431, 0.1072840556467092, 0.09900993448619005, 0.1218907634342027, 0.09602683412332394, 0.12448907916451549, 0.12037365674693344], [0.11366149068631987, 0.10156110211797093, 0.11536584757817096, 0.10720199478027773, 0.09916611285840582, 0.12184884864666794, 0.0961870784570472, 0.1247878359011706, 0.12021968897396897], [0.11441085148098307, 0.10115213420803243, 0.11572776118271934, 0.10736088176958558, 0.09842249357392459, 0.12204912579521068, 0.0955510770575768, 0.12439024045425495, 0.12093543447771254], [0.11409012495797792, 0.10123880017693863, 0.11556789249778106, 0.1072466832922193, 0.09863027051207904, 0.12197264136353762, 0.09571409152564855, 0.125, 0.12053949567381789], [0.11356534386602007, 0.10157357309077866, 0.11526400747771748, 0.10715960385860308, 0.09920810040821058, 0.1218613425831696, 0.09626106656714122, 0.125, 0.1201069621483593], [0.11458551469063764, 0.10107563542089787, 0.11575821346631285, 0.10740623299402947, 0.09826982417384915, 0.12223899183855712, 0.09546742328351636, 0.12409431269193222, 0.12110385144026718], [0.11418226655409301, 0.1012140837596396, 0.11557299996727022, 0.10727810943766278, 0.09856820663850456, 0.12203301198416418, 0.09570950628101965, 0.12482754315334202, 0.12061427222430385], [0.11404966245056553, 0.10130696013148695, 0.11545937345775321, 0.10725893904488662, 0.09872183336648466, 0.12214068921858479, 0.09590376725835488, 0.12478067768866762, 0.12037809738321577], [0.11393662514243896, 0.10146569223838298, 0.11538380940400132, 0.10728456690163558, 0.09895290130419031, 0.12218188670918609, 0.0961596142227178, 0.12447504195899736, 0.12015986211844958], [0.11424329506277255, 0.10120956299794402, 0.11540272896263984, 0.10729973299249386, 0.09853028201907264, 0.12236952188597662, 0.0958945518342124, 0.12456526846058348, 0.12048505578430449], [0.11367354766561663, 0.1015742606838194, 0.11509294587123291, 0.10720740734876331, 0.09915791294018031, 0.12229626735585519, 0.09648926337074912, 0.12469470025102485, 0.11981369451275825], [0.11377340750064803, 0.10142954627571162, 0.11504281209200622, 0.10717930583419644, 0.09893937339067396, 0.12249944872308474, 0.09638035541415785, 0.125, 0.11975575076952116], [0.11496669077150123, 0.10052477314121303, 0.11546735525053285, 0.10729345915109272, 0.09743222960432837, 0.1230942771072766, 0.09514206450596188, 0.125, 0.12107915046809331], [0.11386550271330152, 0.10139475454151256, 0.11506045977392862, 0.10720592125758219, 0.09886536315659403, 0.12259817366541338, 0.09635320849445332, 0.12481286094268834, 0.11984375545452605], [0.11492933117649631, 0.10060707805285293, 0.11532657282515386, 0.1073144563824079, 0.09753648593310829, 0.12329209770271075, 0.09539538828488638, 0.12473385443797241, 0.12086473520441114], [0.11376417459954742, 0.10148640978194098, 0.11490432440015301, 0.10720190214160367, 0.09900149199901585, 0.1227188671874263, 0.09659871472470444, 0.12473152836265734, 0.119592586802951], [0.11457027242880514, 0.10082945175216586, 0.11517720669906059, 0.10725406571481683, 0.09792655002425756, 0.12299347722473164, 0.09572263518178888, 0.125, 0.12052634097437348], [0.11423377372492952, 0.1010587844683766, 0.11502892723509764, 0.10720860492150236, 0.0983183654960218, 0.12294119693603527, 0.09604621101280188, 0.125, 0.12016413620523492], [0.11455343307830056, 0.10087231845629126, 0.11513376221633063, 0.10726734553456709, 0.09798192657421798, 0.1230138468444303, 0.09582344353793751, 0.12490114891039086, 0.12045277484753383], [0.11380348805543644, 0.10147632309832985, 0.11483147392030496, 0.10721462235984669, 0.0989687384216091, 0.12289163336021296, 0.09667624684458304, 0.12458783908183134, 0.11954963485784566], [0.11410187661973432, 0.10110962910528766, 0.1147634921320977, 0.10716752904426036, 0.09840417783935718, 0.12331467708141051, 0.0963407151608413, 0.12499999999999999, 0.11979790301701088], [0.11420469268510564, 0.10108355560606425, 0.11478543764422866, 0.10720392945043077, 0.09833660215966256, 0.12338581123673197, 0.09633396211892713, 0.12480174963039826, 0.11986425946845077], [0.11389324874036949, 0.10126694613256433, 0.11464463115632137, 0.10714720326011289, 0.09866124341679083, 0.12327622659648402, 0.09660308332826653, 0.125, 0.11950741736909051], [0.11919136413687537, 0.11693491561370399, 0.10470282246055036, 0.1236546896126533, 0.11236344514094664, 0.10269071959102878, 0.12488266543629524, 0.09475384479754513, 0.10082553321040105], [0.11874592600847354, 0.11639959398440457, 0.10521032843270256, 0.12315492585084431, 0.11176871773953606, 0.10331296554908209, 0.12499999999999999, 0.09503054778799509, 0.10137699464696166], [0.11896827879883798, 0.1166577670292177, 0.10492466604502622, 0.12357018520589126, 0.1119824402833235, 0.1029796332455084, 0.12500000000000003, 0.09484640071889587, 0.10107062867329918], [0.11927076184023026, 0.11688055707347428, 0.10467838780760028, 0.12358308291630912, 0.11231706056119181, 0.1027076821571981, 0.1249498753290185, 0.09477708658175275, 0.10083550573322486], [0.11931804170173325, 0.1168326770310679, 0.10466827968398812, 0.1235411079421894, 0.11226913292339998, 0.10272837420879923, 0.12500000000000003, 0.09479303787144512, 0.1008493486373771], [0.11951905382640939, 0.1168760220225481, 0.1046460752981009, 0.12338754543769007, 0.11238070569650353, 0.1027367022335663, 0.124677308450403, 0.09490422501439294, 0.10087236202038576], [0.11915101372896768, 0.11641109844215182, 0.10504488551335459, 0.12326905835563852, 0.11174502031338461, 0.10327149433436142, 0.12465787634220199, 0.09511779417054081, 0.10133175879939856], [0.1189861888302011, 0.11612403316032627, 0.10531126536812856, 0.122793360797612, 0.11153548935521414, 0.1036308676741062, 0.12462886190957516, 0.09533301986858547, 0.10165691303625099], [0.1197447609963677, 0.11660330223694375, 0.10466359801065528, 0.1231976031863047, 0.11210304544472395, 0.1029393355040751, 0.12463513629287522, 0.09507726453350762, 0.10103595379454657], [0.11976884471694339, 0.11640459279560968, 0.10477747068503401, 0.1231443400684578, 0.11185836502736106, 0.10315767338594273, 0.12445877953287399, 0.09520850643031116, 0.10122142735746617], [0.11991872246055814, 0.11633105401646182, 0.10474129915852315, 0.12303032454506467, 0.11180605039264725, 0.10318932384063836, 0.12447221435076655, 0.09526612427144075, 0.10124488696389944], [0.12034014083648667, 0.11661939193542982, 0.10434380017981133, 0.12346051313152445, 0.11238256055433238, 0.10268153388444876, 0.12422769313774419, 0.09512337426557162, 0.10082099207465078], [0.11972662497620386, 0.11593598669382497, 0.10497446266117028, 0.12276177976610254, 0.11131022456115144, 0.10356422687501736, 0.12475070556132833, 0.09541783366724019, 0.10155815523796105], [0.11944748988800978, 0.11552626660631378, 0.1053816153249814, 0.12211859354256528, 0.11089427128411593, 0.1040348664988766, 0.125, 0.0956379810833497, 0.10195891577178755], [0.1198026311110196, 0.11572763191564749, 0.1050192484645315, 0.12254812053996045, 0.1111292081441856, 0.10367101257059011, 0.12500000000000003, 0.09546713858579595, 0.1016350086682694], [0.1202497482254201, 0.11625023328601429, 0.10452873554288772, 0.12276108482280972, 0.11179612897726943, 0.10306239358726972, 0.125, 0.09523609595730742, 0.1011155796010216], [0.12057324673617811, 0.11641380017185309, 0.10430844978527261, 0.12323475792614437, 0.11216777704159553, 0.10278381154413782, 0.12440796086701086, 0.09521514623564599, 0.10089504969216158], [0.12027890080298194, 0.11619751339230502, 0.1045530637987358, 0.12273123336307898, 0.11174000262104783, 0.10312502678511923, 0.12491378073203162, 0.0952901993188507, 0.10117027918584898], [0.12004078609015957, 0.11566121687385719, 0.10499738093050094, 0.12246540082349676, 0.11106628212708838, 0.10373058962470504, 0.12476803421485129, 0.0955839543595266, 0.10168635495581421], [0.11994312596028471, 0.11549868540267695, 0.105170190725997, 0.12227216253996995, 0.1109582656389593, 0.10391962912740339, 0.12469082776405033, 0.09569243204311335, 0.10185468079754503], [0.12080335840373133, 0.11624367949491396, 0.10420920033145953, 0.12311458546310405, 0.11206003215516246, 0.10279070355510694, 0.12463977040008542, 0.09525222960030465, 0.10088644059613165], [0.12077560607382777, 0.11606308297043388, 0.1043323350920366, 0.12269111763443108, 0.11171399728942194, 0.10302461074423658, 0.125, 0.09532887371346228, 0.10107037648214988], [0.1203871573445574, 0.11563194371890571, 0.10493176763960584, 0.12237416128781053, 0.11108886869055819, 0.10376931031680865, 0.12434763933913183, 0.09574349724565911, 0.10172565441696274], [0.12045920176037477, 0.11570578414795568, 0.10486898244901845, 0.12241613687710222, 0.11118820080994704, 0.10370294565525187, 0.12425762867875943, 0.09572911981979476, 0.10167199980179588], [0.12076450022818605, 0.11598641432447172, 0.10448038761665135, 0.12244639930340755, 0.11160965412876284, 0.10324486174308739, 0.12468242052308087, 0.09551138377239159, 0.10127397835996065], [0.12019694954422329, 0.11526330328282558, 0.105253201936386, 0.12200413069537853, 0.11076505913842057, 0.10413292190727147, 0.12443349127460002, 0.09591413471705262, 0.10203680750384204], [0.12098316395139254, 0.11613355748056904, 0.10412182254319631, 0.12304539326940608, 0.11206374308493582, 0.10277263092940146, 0.12472006523116196, 0.0952934076550688, 0.100866215854868], [0.12068316591234089, 0.11581701849453488, 0.10465788928647222, 0.1223880315400661, 0.11137099606457329, 0.1035049770183981, 0.12442143451893117, 0.0956579936200684, 0.10149849354461495], [0.1201028447596393, 0.11509552102769466, 0.10545645005974669, 0.12163480629713469, 0.1105382744861693, 0.10440353243192364, 0.12441534505597426, 0.09608397362830032, 0.10226925225341713], [0.12042688981547243, 0.1153303699064333, 0.10509604254761919, 0.12208717128844775, 0.1107915004462031, 0.10401211292508078, 0.12445241108730083, 0.09587933032446735, 0.10192417165897513], [0.1206247860861865, 0.11561919715900436, 0.10481627578717453, 0.12230393579421492, 0.11111846508240994, 0.10370562584649679, 0.12439531963973402, 0.09575240238155783, 0.10166399222322114], [0.12108472000193145, 0.1160198337108406, 0.10412138226348205, 0.12289816297645924, 0.11188372230704743, 0.10284662420211398, 0.12489949613955864, 0.09532789150222828, 0.10091816689633831], [0.12075797257967318, 0.11573815710792013, 0.10469779434565225, 0.12231575602231365, 0.11129312252826287, 0.1035833799102105, 0.12431650583718974, 0.09573134807474723, 0.10156596359403043], [0.1202118791733016, 0.1150401480706311, 0.10542919114467808, 0.12160924856242213, 0.11049840032161422, 0.10441242344038004, 0.12441703649868066, 0.09610969426717467, 0.10227197852111773], [0.12062487667380942, 0.11542169169170133, 0.1049511787861768, 0.12214511278053483, 0.11089070242920347, 0.10389576539740503, 0.12437830929917221, 0.09586885908693316, 0.10182350385506372], [0.12117946709515418, 0.11593348959485436, 0.1041060713448942, 0.12279835047590552, 0.11178552401806738, 0.10288822504779654, 0.125, 0.09536154398970077, 0.10094732843362707], [0.12128272086632423, 0.11586086325406274, 0.10412197609370727, 0.12270282881104912, 0.11171141072043435, 0.10296342239563429, 0.12490036063670981, 0.09544291027915011, 0.1010135069429281], [0.120953403506465, 0.11547938363837318, 0.10471576013219436, 0.12208863306435207, 0.11102263999233714, 0.10370696425085198, 0.12456816284641942, 0.09581383061066083, 0.10165122195834617], [0.12080034048443804, 0.11523040389137816, 0.10498247355576416, 0.12194592184971821, 0.11070197256413493, 0.10401460580387115, 0.12443681618727122, 0.0959718729283253, 0.10191559273509883], [0.12032206849850662, 0.1147531622107827, 0.10548540108964513, 0.12122143014627317, 0.11018926966873882, 0.10460378123780782, 0.12478163886192539, 0.09623140711751757, 0.10241184116880266], [0.12135401954714026, 0.11577910052417442, 0.10422065386335615, 0.12253608487240944, 0.1115508794185802, 0.10314117589886966, 0.12466146824989051, 0.09558502108161862, 0.10117159654396093], [0.12098484050931459, 0.11536561049192921, 0.10474313984773395, 0.12200585290122985, 0.11089280152352206, 0.10377100104335948, 0.1246984275300725, 0.09584148825680992, 0.10169683789602829], [0.12055072164640965, 0.11481739827314738, 0.10536673768901628, 0.12143511251021666, 0.11031167537905398, 0.10448289006586706, 0.12450815222919957, 0.09621353948387365, 0.10231377272321586], [0.12026098263242228, 0.11455006586915642, 0.10569505780855311, 0.12121349392391201, 0.10995637916607397, 0.1048745640812656, 0.12445192145635392, 0.09636017845554941, 0.10263735660671329], [0.12094883306477908, 0.11526693660168522, 0.10481294545968524, 0.12194447365537837, 0.11077167197478961, 0.10386440391313365, 0.12472994957038006, 0.09588741998355094, 0.10177336577661794], [0.12134081423883046, 0.11558913579681414, 0.10431835088570741, 0.12218530345766407, 0.11126999418638288, 0.10333201079574952, 0.12499999999999999, 0.09564878238360726, 0.10131560825524415], [0.12039152659520208, 0.11448324981403925, 0.1056216845390488, 0.12107324193211369, 0.10990943048029643, 0.10485986102833232, 0.12464689543635271, 0.09639739563603392, 0.10261671453858079], [0.12050465850600217, 0.11455216628971175, 0.1054712800539257, 0.12101393324792234, 0.109993853248323, 0.10469206390759027, 0.125, 0.0963042490065415, 0.10246779573998323], [0.12161453316382821, 0.11565320015497368, 0.10399533835021611, 0.12250290250084282, 0.1116768918021892, 0.10297942644948911, 0.125, 0.09555977221957017, 0.10101793535889067], [0.12161420839304574, 0.11561760920908991, 0.10418728867028346, 0.12237430643523496, 0.11144558688322809, 0.10323386205462065, 0.12455725376884831, 0.09572331753270177, 0.10124656705294709], [0.1208288470493643, 0.11464407653273566, 0.10533172406695461, 0.12128456249977117, 0.11017106423667714, 0.10455798992794309, 0.12448728578180938, 0.09632897031305485, 0.10236547959168973], [0.12123665104001642, 0.11507851452958154, 0.10473582391235499, 0.12172059826217146, 0.11060634218293466, 0.10389723598272915, 0.125, 0.09594730591130099, 0.10177752817891077], [0.12167309790284717, 0.11550424091545355, 0.10426452880275427, 0.12219242041931569, 0.11127416688322257, 0.10336505302217165, 0.1245694999417771, 0.09580542811739698, 0.10135156399506104], [0.12121291287579451, 0.1149615541717456, 0.10489726789132515, 0.12163267072742932, 0.11046896273433385, 0.10409506425380188, 0.12467837022981264, 0.09609722077372554, 0.10195597634203162], [0.12078852004958457, 0.11450846352883412, 0.10540601514830063, 0.12105831920230224, 0.10999399563187676, 0.10469198613659383, 0.12468395488632364, 0.09640052282732044, 0.10246822258886368], [0.121335951795692, 0.1149074376363486, 0.10485716417175332, 0.12155565440404405, 0.11043171915142161, 0.10409873976506097, 0.12473298407756393, 0.09612862369924022, 0.1019517252988753], [0.12145881103302757, 0.11503552746290875, 0.10471423875366567, 0.12160767212959485, 0.11060617332959058, 0.10393790608386774, 0.12476544180675003, 0.09605878559133608, 0.10181544380925875], [0.12080394611580186, 0.11432358628235595, 0.10552441417587234, 0.1207739682848921, 0.10979719031203926, 0.1048995698117421, 0.12470076031286259, 0.0965408599814643, 0.10263570472296947], [0.12156545038641593, 0.11516713351426634, 0.10453335354399754, 0.12161377759269423, 0.11079534788713177, 0.10373212779859882, 0.125, 0.09595429530974757, 0.10163851396714779], [0.120764460996729, 0.11424771399896265, 0.10560029716121863, 0.12077120253776115, 0.10971265147870375, 0.10500483536912392, 0.12457434867759636, 0.09660092443980575, 0.10272356534009892], [0.12189707275300438, 0.1153970811225416, 0.10421435760929984, 0.12211498435217305, 0.11123240171287384, 0.1033849007453811, 0.12450104931098462, 0.09589278049845099, 0.10136537189529059], [0.12129153500936053, 0.11456251626844136, 0.10505734577637531, 0.12126835489050376, 0.11008946814376361, 0.10438335483029394, 0.12490266219942579, 0.09626554714281543, 0.10217921573902025], [0.12123528221321249, 0.11448227253628646, 0.10512546376411688, 0.12119137977890936, 0.11002903487206242, 0.1044654042003643, 0.12491399398329604, 0.09630798261902689, 0.10224918603272516], [0.12126742387987967, 0.11450682223915389, 0.10507834250126673, 0.12121939130909455, 0.11004138128181194, 0.10441466237244824, 0.125, 0.09627043441317054, 0.10220154200317441], [0.12174629285918406, 0.11503195441386602, 0.10457354149848275, 0.121461379110444, 0.11067558988357394, 0.10385260365458786, 0.12482552846844512, 0.09609382987434827, 0.1017392802370679], [0.12157563135716179, 0.11477513927586007, 0.10485012246736639, 0.1213776896748465, 0.11033056555173683, 0.10418740453110903, 0.12461779717414756, 0.09626406213237042, 0.10202158783540143], [0.12166021311482897, 0.11481902296792111, 0.10478471406847019, 0.1213823555689247, 0.11039886324212578, 0.10412328816661286, 0.1246181363160239, 0.09624649684794971, 0.10196690970714267], [0.12212433014780386, 0.11525330720795793, 0.10400847277076593, 0.12203015344504048, 0.11126608769220474, 0.10324618710643392, 0.12500000000000003, 0.09584635078592173, 0.10122511084387162], [0.12179986214793642, 0.1143881975596603, 0.10498467629778176, 0.12101603574161159, 0.10993113155983705, 0.10448209218103818, 0.12465747255172935, 0.09648818190538792, 0.10225235005501745], [0.1213733039646091, 0.1139509864800588, 0.10538417954932368, 0.12045139825115875, 0.10947059087496555, 0.1049924098575898, 0.12499999999999999, 0.09670748449394738, 0.10266964652834683], [0.12195589241374377, 0.11463068697651395, 0.10482343076177827, 0.12113998857005118, 0.11024635813661521, 0.10428798496084717, 0.12434832893389629, 0.09646195264718657, 0.1021053765993677], [0.12190738737706829, 0.11442792823019281, 0.10493536220648442, 0.12101822388799213, 0.10999053305634843, 0.10444685172613354, 0.12453574086916981, 0.096512172376233, 0.1022258002703776], [0.12237080162969292, 0.11505377633443595, 0.10405455024483634, 0.12202024350653823, 0.11103408859861603, 0.10339559269033183, 0.12473782092233064, 0.09599155738451591, 0.10134156868870217], [0.12169412175499705, 0.11400825781822024, 0.10522629338913947, 0.12064470753335785, 0.10961237517153334, 0.10484028625785621, 0.12472213094414035, 0.09670518630549946, 0.10254664082525589], [0.12172748394938021, 0.113951122844291, 0.1052310433057638, 0.1205746443626259, 0.1095506851166465, 0.10487564466111009, 0.12478562886959281, 0.09673291668139289, 0.10257083020919694], [0.12200149374653771, 0.11406485039264856, 0.10500143803242919, 0.12070057060992533, 0.10963802989813444, 0.10463794301258539, 0.12500000000000003, 0.09660072831457325, 0.10235494599316623], [0.12230042853595686, 0.1145638948350163, 0.10473997671904557, 0.12096001822659226, 0.11024500195510603, 0.10428769315755042, 0.12422860185539414, 0.09657053653430094, 0.1021038481810375], [0.1222662398655363, 0.11450006354362889, 0.1047903285197559, 0.12093538274627481, 0.1101611366570421, 0.10435584544349683, 0.12423095245755804, 0.09660161059717853, 0.10215844016952873], [0.12191805625535465, 0.1137638164057863, 0.10520063453138909, 0.12037330697560449, 0.10936997230994801, 0.10494945838744635, 0.125, 0.096811955745052, 0.1026127993894191], [0.12253302859096363, 0.11464200068168869, 0.10442044272696417, 0.12138199415900207, 0.11041519994317575, 0.10395917866257308, 0.12445154899852226, 0.09638875404734502, 0.10180785218976533], [0.12235573816133735, 0.11426502510671668, 0.1048367294018352, 0.12074092990834519, 0.10990447011989778, 0.10449812583529706, 0.12444505497769338, 0.09669423167110833, 0.10225969481776892], [0.12224501216043987, 0.11396384353300472, 0.10500085635537172, 0.12055567006972892, 0.10955536779595833, 0.10472572773818493, 0.12477769086511636, 0.0967467027542754, 0.10242912872791964], [0.12210826489131814, 0.11360606370894791, 0.1052500908162818, 0.12017009338801479, 0.10923143622106526, 0.10511018966699778, 0.12477321340186989, 0.09700314674747398, 0.10274750115803045], [0.12268208585208391, 0.11442857433866714, 0.104415792694422, 0.12135159675353793, 0.11018886480290987, 0.10404857313797972, 0.12457160799837426, 0.09645182125148671, 0.10186108317053841], [0.12288767746027687, 0.11431265056193951, 0.10425277124604547, 0.12162106220429099, 0.11009488715438238, 0.10393152876445562, 0.1248045430613839, 0.09636178167989665, 0.1017330978673286], [0.1230092515974256, 0.11438180157207709, 0.1040115183593815, 0.12209252059184586, 0.1102220056582103, 0.10364769974756703, 0.125, 0.09615728996772592, 0.10147791250576671], [0.12220836700398034, 0.11323671706130085, 0.10540114267738893, 0.11964541550077967, 0.10882629040905052, 0.10545150705273901, 0.125, 0.09722441490685634, 0.10300614538790431], [0.12293073759327279, 0.11421513947211348, 0.10427883331399994, 0.12156186262542158, 0.10998886116804231, 0.10400358507332139, 0.12481431699857724, 0.09641909245949584, 0.10178757129575541], [0.12276984107403294, 0.11363379308163946, 0.10490929540377059, 0.12016172563805792, 0.10925166673437445, 0.10484077234976022, 0.125, 0.09693703542247728, 0.10249587029588715], [0.12308554206400206, 0.11413667884824463, 0.10415635592492194, 0.12175538775603603, 0.10992582873465251, 0.10390949504083773, 0.125, 0.09634384667631633, 0.10168686495498876], [0.12253746612823006, 0.11323450469988529, 0.10521990545052458, 0.11975268407033828, 0.10887739519260482, 0.10529612539365248, 0.125, 0.09721088912480035, 0.10287102993996412], [0.12292017676989349, 0.11376139864726524, 0.10470602509391286, 0.12044935232624147, 0.10942064771555925, 0.10461591164475512, 0.12500000000000003, 0.09682595371779447, 0.10230053408457822], [0.12305387286734029, 0.11395049382728052, 0.10452738394076767, 0.12104195235342263, 0.10967445670342779, 0.10437985241599836, 0.12455321211542432, 0.0967107386997749, 0.10210803707656353], [0.12322959828993571, 0.11403827709967226, 0.1041338969545362, 0.12185574664474759, 0.1098421297791406, 0.10393909451616828, 0.1248621891680022, 0.09639417610431672, 0.10170489144348041], [0.1232994121945835, 0.11403046566033027, 0.10409635313603376, 0.12197097997423542, 0.10985012407499237, 0.10390744420575705, 0.12478296687468778, 0.09638576863509314, 0.10167648524428695], [0.12327178501690154, 0.11385122899872664, 0.10424422736164358, 0.12151479204586131, 0.10961172020052987, 0.10413210465655497, 0.125, 0.09651733173855208, 0.10185680998123], [0.12342019901965597, 0.1139768320825966, 0.10405815865260883, 0.12210741217775761, 0.10981631654344706, 0.10389866168163135, 0.12465176734308177, 0.09640569990834104, 0.10166495259087996], [0.12329636011515067, 0.11367660672091193, 0.1045133008953615, 0.12100929645143839, 0.10940068750187847, 0.10449626149831573, 0.12460766429743478, 0.09681849053359282, 0.10218133198591593], [0.12352368242177629, 0.11388292431365864, 0.10405736793827965, 0.12213079611569563, 0.10972706731321119, 0.10394562140658072, 0.12457493597216258, 0.09645906459084565, 0.10169853992778968], [0.12309724974196655, 0.1132428889369624, 0.10504138626087922, 0.11972877241621539, 0.10893206309771368, 0.10519150949906013, 0.12467319319041878, 0.09730644836315677, 0.10278648849362708], [0.12333578726935329, 0.1136141655934612, 0.10452780638342729, 0.12096985315348711, 0.10933669800981365, 0.10454145587258336, 0.12459911677535547, 0.09685898961487774, 0.10221612732764089], [0.12296599083412232, 0.11302196951775091, 0.10515918584622444, 0.1195318232179738, 0.10873836551331774, 0.10538425692773848, 0.12484787313481745, 0.09741219190466352, 0.10293834310339134], [0.12330072644723875, 0.11330893908747208, 0.10484290023620178, 0.1201512063487943, 0.10896768270126973, 0.10498015386229151, 0.12469226060299224, 0.0971649457096866, 0.10259118500405288], [0.12308599115272906, 0.11298035767058537, 0.10509356937696823, 0.11948500434696845, 0.10869839252722521, 0.10534947790677543, 0.125, 0.09740763357661733, 0.10289957344213092], [0.12362235795619265, 0.1134811912761732, 0.10426665200105192, 0.12137464711681317, 0.10923301176572946, 0.10433159300716661, 0.125, 0.09669456322909183, 0.10199598364778115], [0.12347989806088101, 0.11324542071796694, 0.10463935091949197, 0.12046834871761102, 0.10892170318691353, 0.10480615368653098, 0.125, 0.09702701053385623, 0.10241211417674832], [0.12329767706265422, 0.11301488085327371, 0.10500914779135319, 0.11969725274647976, 0.10872202760940843, 0.10527616239707774, 0.12474980869382386, 0.09739730486569323, 0.10283573798023597], [0.12368604795051505, 0.11335317390691256, 0.10438481067576252, 0.12117065011478102, 0.10909819141454707, 0.10452310890275605, 0.1247482233420544, 0.09687211105984055, 0.10216368263283077], [0.12374583980291981, 0.11337591875920619, 0.10427866241954863, 0.12137017242623406, 0.10913530907575683, 0.1044010907327144, 0.12486790541105632, 0.09677466038258638, 0.10205044098997741], [0.12374347704786588, 0.11331301555106298, 0.10436977158146621, 0.1211993448970936, 0.10906298183803993, 0.10452889920804753, 0.12473258517043655, 0.09688540183070007, 0.10216452287528725], [0.12339251904707586, 0.11282521946589424, 0.10504319597894077, 0.11959653968076463, 0.10855923461314516, 0.10540951797165389, 0.12470355997509903, 0.09753087327110352, 0.10293933999632288], [0.12387418622643276, 0.1133799349349864, 0.10417098412607788, 0.1217241699659727, 0.10918517333898851, 0.10430259826773122, 0.12464594294095022, 0.09675146108327097, 0.10196554911558937], [0.12381359884902371, 0.1130637390464483, 0.10455583697491953, 0.12074440941966551, 0.10878703176170125, 0.10483948171760829, 0.12462832531147691, 0.09714067861012773, 0.10242689830902875], [0.12428767406779216, 0.11239707201303115, 0.110172972318044, 0.125, 0.10581546620400106, 0.10869080741945437, 0.11041330860692243, 0.09697694156655796, 0.10624575780419687], [0.1243788153584434, 0.11233230993770082, 0.11020339033076988, 0.12490207490400848, 0.10574255475198024, 0.1087701316796124, 0.11031931036861634, 0.09703765938418006, 0.10631375328468855], [0.12500000000000003, 0.11258788464986134, 0.10973860960416561, 0.12417942466369004, 0.10615778330228151, 0.10827306770711435, 0.11152318743498771, 0.09673299855798384, 0.10580704407991572], [0.12500000000000003, 0.11291133654680802, 0.10949973835456969, 0.12358002540861249, 0.10653245778147123, 0.10797172507523113, 0.11236316271263831, 0.09661405337295656, 0.10552750074771274], [0.125, 0.11181593915878231, 0.11024622292963793, 0.12428620556685019, 0.105217504926242, 0.10929182658131666, 0.10997147120820164, 0.09745975564867372, 0.10671107398029554], [0.12500000000000003, 0.11143965711179508, 0.1107980288575348, 0.12347507260424358, 0.10478706013657203, 0.11001960491276742, 0.1089760193441964, 0.0980872892959404, 0.10741726773695044], [0.1248951410712283, 0.11208696935099953, 0.10977806602592786, 0.12428014335388064, 0.10564187258130761, 0.10877796794139985, 0.11120969026341464, 0.09714282784451773, 0.10618732156732386], [0.12500000000000003, 0.1119955029920053, 0.10975407407594505, 0.12421134111427372, 0.10555517854494093, 0.10884637627135853, 0.11120777844274468, 0.09720037980133242, 0.10622936875739955], [0.12446588657269354, 0.11263167500529246, 0.1092994715409857, 0.12319919049336213, 0.10637317119514567, 0.10825615787081334, 0.11304558011906995, 0.09703396971719569, 0.10569489748544154], [0.12477540049874786, 0.11184548382232763, 0.10978879312686309, 0.12408435609193193, 0.10542658915379825, 0.1090696579107497, 0.111169431613493, 0.09743023412617183, 0.10641005365591673], [0.12463492139912721, 0.11241876792480025, 0.10927449328314583, 0.12321583214168283, 0.10616521690555043, 0.10840396859012359, 0.11295499124560521, 0.09714044481199602, 0.10579136369796863], [0.12500000000000003, 0.1121762047956703, 0.10935571948668386, 0.123473338571817, 0.10587946093150229, 0.10856972999471305, 0.11245265133581385, 0.09717037571868531, 0.1059225191651145], [0.12468030069266224, 0.11200533820444766, 0.10949946120811627, 0.12364099000193415, 0.10571358824507247, 0.10882507276022337, 0.11210631975576345, 0.09737451134932901, 0.10615441778245152], [0.125, 0.11070477979147304, 0.11086962653873088, 0.12269795742