[[0.10315930168296762, 0.10238929816241038, 0.1063681073294536, 0.11536045501642067, 0.11844880223818265, 0.12471760079148389, 0.1061602214066921, 0.10044080781939899, 0.12295540555299009], [0.10259523862612734, 0.10196387173915111, 0.10626062892600444, 0.11599295375979934, 0.1190079557628561, 0.12487629097909446, 0.10588831966722752, 0.09989099181692837, 0.12352374872281133], [0.1031435819302988, 0.10250135288491591, 0.10638075495544326, 0.1153564562723591, 0.11831600511976151, 0.12484293225131847, 0.1061328187526957, 0.10053593303200686, 0.12279016480120022], [0.103038077586391, 0.10241540701461067, 0.10636072117759145, 0.11548075099389697, 0.11842506921301334, 0.12481202130315398, 0.10608415417775205, 0.10042628292498705, 0.12295751560860348], [0.10254099572338464, 0.10200202976554792, 0.10626093192319522, 0.11604374494287495, 0.1189704213687117, 0.125, 0.1058496349708694, 0.09990832498875285, 0.12342391631666334], [0.1026865678166864, 0.10219391240055131, 0.10632700988917768, 0.11594146090869806, 0.11880964595627737, 0.12470062594044536, 0.10592635346316193, 0.10011761504432164, 0.12329680858068025], [0.10305234528008268, 0.10249567060613028, 0.10636059150051291, 0.11542149488520977, 0.1182999501634825, 0.125, 0.10607185795920088, 0.10050430910460721, 0.12279378050077377], [0.10302157646440659, 0.10258921282816287, 0.10639948188900264, 0.11551348308021586, 0.11828087708756634, 0.12481883854102849, 0.10605907223208412, 0.10057288370123715, 0.1227445741762959], [0.10342787820594748, 0.10303880032196208, 0.10657892139204879, 0.11523340306230845, 0.11791564158863022, 0.12424154674496125, 0.10628709232022136, 0.10108741569874803, 0.12218930066517217], [0.10288838379460216, 0.10264071311381771, 0.10646784861260954, 0.11583197193000527, 0.11844349954481839, 0.12429910413976167, 0.10602304714011121, 0.10056495463898062, 0.12284047708529344], [0.10251587638063679, 0.10238962790482121, 0.10642729283909746, 0.1163144909375671, 0.11881523989724575, 0.12447089697312036, 0.10587622699091516, 0.1002259263089338, 0.1229644217676624], [0.10338220473637717, 0.10309042899766974, 0.10658857962223478, 0.11528804855148353, 0.11787798072425532, 0.12424223857538362, 0.1062569902258528, 0.10111772938535539, 0.12215579918138765], [0.10261952501999352, 0.10252208626377428, 0.10644625966580548, 0.11616991838245598, 0.11864648604792259, 0.12442697957677391, 0.10590993287202989, 0.10037506595218947, 0.12288374621905485], [0.10276575039826269, 0.10272742000824603, 0.10650132885898958, 0.11602637618404003, 0.11844291676999662, 0.12424700103225504, 0.10597406197610588, 0.10059886481037193, 0.12271627996173236], [0.10227427178670388, 0.1023886754955341, 0.10643852358584727, 0.11663979558261922, 0.11887206636468964, 0.12427084133942458, 0.10577305280887486, 0.10014876208845624, 0.1231940109478502], [0.10297534543509779, 0.10288756484963459, 0.10651808689088187, 0.11572417364557341, 0.11817765132185531, 0.12435381928977207, 0.10604764127981613, 0.10080954856094529, 0.12250616872642374], [0.10235450126083885, 0.10248534211688677, 0.10645648623692137, 0.11654013849984346, 0.11876799329425547, 0.12433217683163288, 0.10580319778912359, 0.10025772173402034, 0.12300244223647723], [0.1025555011906102, 0.10266841356066707, 0.10651895496946392, 0.11636184812987296, 0.11861958256274548, 0.12422318319468409, 0.10590316885238572, 0.10047627345228043, 0.12267307408729014], [0.10349258511975795, 0.10338880556416476, 0.10669741421543734, 0.11526961743513023, 0.11767091979262816, 0.12390247469291031, 0.1063169390054344, 0.10140895293388909, 0.12185229124064778], [0.10263474064935046, 0.10276984828827784, 0.10653980854261821, 0.11626589792396393, 0.11850720823295405, 0.12414488249295601, 0.10593365368169584, 0.10058965967068507, 0.12261430051749857], [0.1028760225499672, 0.10294116917115448, 0.10651513196648672, 0.11581060026805814, 0.118129395190035, 0.12451268883439573, 0.10598957960794522, 0.1008264883729609, 0.12239892403899658], [0.10264986891099467, 0.10281004217467729, 0.10653457840872788, 0.11621252104343696, 0.11843385603958188, 0.1242397533130857, 0.10592844304476025, 0.1006315385257791, 0.12255939853895627], [0.10355590484765304, 0.1034817880872677, 0.10673503385164668, 0.1152364514308589, 0.11760228922729715, 0.1237774837411993, 0.10635338182821699, 0.10150893069317944, 0.12174873629268079], [0.10270079242856639, 0.10288009831526598, 0.10651057143183432, 0.11604928352835424, 0.11826257563064346, 0.12451660312153304, 0.10591961088152997, 0.10071496238931277, 0.1224455022729598], [0.10282897963372321, 0.10297685552821052, 0.10651286745838086, 0.11584317104038604, 0.11808797865624142, 0.12462316090661807, 0.10595927332842564, 0.10084404684290754, 0.12232366660510646], [0.10317285892484937, 0.10328168689408637, 0.10663295327555561, 0.11556085066682313, 0.11781548983927763, 0.12415607396237582, 0.10613891423019317, 0.10121493944987894, 0.12202623275696], [0.10341078889388498, 0.10346732169050563, 0.10671476062112872, 0.1153733717551785, 0.11764679248606344, 0.12386357213399925, 0.10626679944411735, 0.10145018640679408, 0.12180640656832803], [0.1023824371273407, 0.10275128221118775, 0.10648552274335718, 0.11644424509639066, 0.11845165486697368, 0.1245169737630367, 0.10578229005627192, 0.10050126616330693, 0.12268432797213451], [0.10265681535431076, 0.10295224542432692, 0.1065247187321954, 0.11610107546313571, 0.11820365247052826, 0.12457740911917477, 0.10589502641876532, 0.10076399401506535, 0.1223250630024975], [0.10323663610600871, 0.1033834111808249, 0.10666907969456824, 0.1155184921378435, 0.1177326102301413, 0.12405175544164589, 0.10617297805926118, 0.1013229603416541, 0.12191207680805216], [0.10296998917982818, 0.10318120717052874, 0.1065725252302635, 0.11571038945048917, 0.11788954047006014, 0.12449199642761553, 0.10602428179750625, 0.10106650602952362, 0.12209356424418485], [0.10276801594789776, 0.10303866520745579, 0.10651214711380369, 0.11588195475307857, 0.11801602413396473, 0.1247839161510947, 0.10591839222884213, 0.10088059487894412, 0.1222002895849187], [0.10267191853159106, 0.10300247541090289, 0.1065165584514091, 0.11603288376635146, 0.11810746783271059, 0.12473019193340174, 0.10588556358656488, 0.10081574719252794, 0.12223719329454033], [0.10361124044784811, 0.10372266000285693, 0.10681907803780466, 0.1152497284982647, 0.11744824548502598, 0.12351937834530646, 0.10638151855559129, 0.10173369606206115, 0.12151445456524056], [0.10315930027349608, 0.10341301325314213, 0.1066620126080824, 0.11557853816943402, 0.11770457655796046, 0.1241709678636063, 0.10612709917879941, 0.10132557390903689, 0.1218589181864423], [0.10358120708088349, 0.10374360144232589, 0.10682249106848729, 0.11528413845110214, 0.11744327099172505, 0.12351353177703997, 0.10636491543265875, 0.10174205349486568, 0.1215047902609119], [0.10258414728848235, 0.10309135684996566, 0.10656728810348662, 0.11622460927206488, 0.11811938434550746, 0.12450541983252256, 0.1058642451956221, 0.10085999798299601, 0.12218355112935239], [0.1026825729347318, 0.10311629416560021, 0.10651094054408405, 0.11593972504828003, 0.11792567454450949, 0.12500000000000003, 0.10586280950149644, 0.10092363261658542, 0.12203835064471275], [0.10306878637371704, 0.10340207379229299, 0.10664368494623076, 0.11564850286684614, 0.1177103275447631, 0.12431378720741858, 0.10607534411865144, 0.10128869126790188, 0.12184880188217805], [0.10205580937790351, 0.10272967268837693, 0.10640614125080396, 0.11664711693641992, 0.1183343433730237, 0.125, 0.10557856992582706, 0.10039078763666337, 0.12285755881098151], [0.10263650520236337, 0.10314734667993891, 0.10655170274117706, 0.11608698377721723, 0.11799092290836498, 0.12475735294367948, 0.10586528491617532, 0.10093012914231574, 0.12203377168876793], [0.10234390620453394, 0.10300345158600274, 0.10652501042512022, 0.1164562432651304, 0.11818464892592377, 0.12454518390475301, 0.10574139788623949, 0.10071052050832237, 0.12248963729397407], [0.10255301901067893, 0.10315370237940677, 0.10658100601224368, 0.1162633638966666, 0.11806725110073643, 0.12444929022632831, 0.10584719011134443, 0.10090432164145645, 0.12218085562113842], [0.1032428468054777, 0.10364664683841068, 0.10673865007506679, 0.11554007865517396, 0.11752586339719792, 0.1239789154970597, 0.10617273212396815, 0.10155394556274577, 0.1216003210448995], [0.10263865740135396, 0.10336752993674708, 0.10659950193438902, 0.11608190512701373, 0.1177856289913662, 0.12460725159358467, 0.10585596607005436, 0.10112305641139037, 0.1219405025341006], [0.10359164144633941, 0.10401367783551237, 0.10688405443363456, 0.11526936187035706, 0.11720514653661175, 0.12328272604741643, 0.10635933307618682, 0.1019833858215087, 0.1214106729324329], [0.10191869027039947, 0.10299164520023608, 0.10646392325943896, 0.11681582825396539, 0.11812345897422777, 0.12486126914292638, 0.10550286411377105, 0.10057527363255389, 0.12274704715248096], [0.10188561308559187, 0.10298413833921993, 0.10647151191847334, 0.11687951890375647, 0.11815622548103129, 0.12476262421157583, 0.10549428991901354, 0.10055732566317771, 0.12280875247816], [0.1034490933804824, 0.10395150307738935, 0.10684704450233776, 0.1153865811835459, 0.11726892669524192, 0.12351682940189297, 0.10628171869260776, 0.1018841808463336, 0.12141412222016833], [0.10211739888275277, 0.10312081501915504, 0.1065122277227752, 0.11662921842222822, 0.11801276752824341, 0.12474937999389342, 0.10560369011117765, 0.10074661890544596, 0.12250788341432832], [0.10250199949426295, 0.10338406469972823, 0.1066305379377119, 0.116321741871806, 0.11785795014224193, 0.12426099354273784, 0.1058126948203957, 0.10108875670008237, 0.12214126079103307], [0.10194545500295218, 0.10304198241106118, 0.10646088639785482, 0.11674662428208647, 0.11804277440966517, 0.125, 0.10550306836712077, 0.10062910897452108, 0.12263010015473828], [0.10296275534186353, 0.1036462952872994, 0.10668244672026184, 0.115735403835155, 0.11749029434535385, 0.12423061510968537, 0.10600602787479337, 0.10147012855141967, 0.12177603293416779], [0.10335400100500522, 0.10392345712667396, 0.1068230527482676, 0.11545762662302837, 0.11729069173135233, 0.12364511363142613, 0.10622754767094562, 0.10183049024962944, 0.12144801921367145], [0.10250082579624811, 0.10347383973223172, 0.10661853952132583, 0.11623640709864579, 0.1177029373695338, 0.12425019623356688, 0.10578526584238536, 0.10117171794289523, 0.12226027046316751], [0.10245382753889441, 0.10347808814581712, 0.10662964966649889, 0.11632063535213241, 0.11772833839920353, 0.12413474253007895, 0.10577090197248805, 0.1011585745541593, 0.12232524184072735], [0.10216140649367884, 0.10334150202452905, 0.10656069108077561, 0.11657276694689703, 0.1178104995158014, 0.12454686907756898, 0.1056142253581923, 0.10095218454734904, 0.12243985495520775], [0.10255502660090146, 0.10354539554920447, 0.1066144501358487, 0.11611496282248678, 0.11758155987895093, 0.12427078611652302, 0.10579252770434483, 0.10125510246122708, 0.1222701887305126], [0.10201670217801365, 0.10326853685921575, 0.10652970793434687, 0.1167080980859669, 0.1178732174935828, 0.12472665483981543, 0.1055396452696441, 0.1008452991956337, 0.12249213814378097], [0.1026300887612943, 0.1036003534410017, 0.10662155142322069, 0.11600796625783949, 0.11750322432849376, 0.12426704347664788, 0.10582065922428578, 0.10132861860059733, 0.1222204944866192], [0.10317075581327018, 0.10394119868910863, 0.1067766961383687, 0.115546625505112, 0.11722016582822078, 0.12371922905044802, 0.10610803003973972, 0.10179365978530812, 0.12172363915042385], [0.1021191083687692, 0.1033598749359998, 0.10655370052848157, 0.11659363092441291, 0.11777959273235622, 0.12454346826040155, 0.10558595288957726, 0.10095636000032036, 0.12250831135968114], [0.1027142682134295, 0.10366527994051136, 0.10663894349748625, 0.11591090781025998, 0.1174301598558341, 0.1242073335898912, 0.10585827018074423, 0.10141269271990055, 0.12216214419194285], [0.10275341668374413, 0.10370780280235607, 0.10665089099649909, 0.11586820974378226, 0.11738679650820387, 0.12414866452877743, 0.10587603102494808, 0.10146246150077946, 0.1221457262109094], [0.10283992921967645, 0.10376448554457667, 0.10667445776656748, 0.11578976147744136, 0.11733693571767864, 0.12406590835899475, 0.10592073536237026, 0.1015389660046351, 0.12206882054805912], [0.10303923910315915, 0.10391219502398243, 0.106740193693133, 0.1156280835047325, 0.11721903095675117, 0.12380757637212585, 0.10602830566111784, 0.10172940589321602, 0.12189596979178204], [0.10242243862700563, 0.10358511705470054, 0.10660368045949403, 0.11622182777865332, 0.11752204433258456, 0.12418290032960067, 0.10571615568529524, 0.10124977693562486, 0.12249605879704113], [0.10263124691447256, 0.10368968377640288, 0.10663343918194632, 0.11598183223225017, 0.11740188059217707, 0.12412667512169989, 0.10581168973274936, 0.10140847186036125, 0.1223150805879405], [0.10311584668109704, 0.1039950604605915, 0.10677171468011111, 0.11556551476241815, 0.11714914866670324, 0.1236634927593652, 0.10606881334403728, 0.10182567099938665, 0.12184473764628985], [0.102282912593393, 0.10354414066977609, 0.10657960405012076, 0.11635131753852639, 0.11754315372813624, 0.1242692353364772, 0.10564308251763439, 0.1011712863866613, 0.12261526717927461], [0.10256809126269922, 0.10369315114887122, 0.10662972174584763, 0.11604647322572169, 0.11740169870075827, 0.12407340687935797, 0.10577960147768235, 0.10139142932983378, 0.1224164262292279], [0.1026645514070116, 0.10378466525524156, 0.10664985058453454, 0.115924302901665, 0.11729549736706067, 0.12399901308997645, 0.10581946489461404, 0.10150342975128879, 0.12235922474860737], [0.1027717253653876, 0.10386486454270584, 0.10667059035035938, 0.11579721088572945, 0.11720077365872109, 0.12396556766938624, 0.1058667375431378, 0.10160896025288638, 0.12225356973168625], [0.10242888643111427, 0.10375322612492359, 0.1065777046079768, 0.11603427375964011, 0.11722123242683431, 0.1242652146405972, 0.10566642270973489, 0.10140949020683716, 0.12264354909234164], [0.10294647901329095, 0.10407674014141306, 0.10671971953598287, 0.11557554136414817, 0.11695704080509454, 0.12383172435895987, 0.10593813500208206, 0.1018537964620671, 0.12210082331696136], [0.1027694072594063, 0.10403737464599933, 0.10665798895581198, 0.11564859212292782, 0.11691774783568598, 0.12406554156039289, 0.10582145138873056, 0.10176942661591021, 0.12231246961513496], [0.10167013566131643, 0.10351598212831481, 0.10640874086437697, 0.11663835482079632, 0.11732988861126704, 0.125, 0.10524334323432046, 0.1009758496098706, 0.12321770506973741], [0.10266793996739074, 0.10399911039163735, 0.10662326087386875, 0.11570268847299321, 0.11691789851327375, 0.12419504880809108, 0.10575816333089638, 0.10170654064967474, 0.12242934899217416], [0.10168197537197415, 0.10363585500865578, 0.10641851830271762, 0.11657032789917854, 0.1171860817230028, 0.12478501521395882, 0.10523210986300822, 0.10108623992480606, 0.12340387669269799], [0.10274306637824737, 0.10413129870141881, 0.10665095734468386, 0.1155959439134865, 0.11677046130559958, 0.12410213399331378, 0.1057854630962562, 0.10184855522226849, 0.12237212004472524], [0.1018768174265399, 0.10369216844952502, 0.10639586405641083, 0.11624049445231735, 0.11701618548796694, 0.125, 0.10529508332395862, 0.10120381057113705, 0.1232795762321443], [0.10220680016988504, 0.10386686278963463, 0.1064873730462969, 0.11597706011334956, 0.11689189886808926, 0.12463978263597546, 0.10547717169895733, 0.10145586841101496, 0.12299718226679687], [0.10189408717203119, 0.10373830629056421, 0.10640480368753738, 0.11621266937473375, 0.11696874759185978, 0.12491953386195649, 0.10530026557946544, 0.10124988425324259, 0.12331170218860914], [0.10267036346074662, 0.10416193928415422, 0.10662832187358989, 0.11559993538689849, 0.11669126032701901, 0.12418839334824322, 0.1057300755377451, 0.10185655819872855, 0.1224731525828749], [0.10219495275547455, 0.10400529002477117, 0.10646085296003692, 0.11582026777805873, 0.11663617487455578, 0.12483912266396126, 0.10542499965972343, 0.10158368950541932, 0.12303464977799884], [0.10207695783538501, 0.10396482415702649, 0.10641901221310268, 0.1158744202551509, 0.11663151755938429, 0.12499999999999997, 0.10534919326914359, 0.10151478092801096, 0.12316929378279591], [0.10243784546314517, 0.10418388624625786, 0.10655543037006861, 0.11566284669568455, 0.11654412977888938, 0.1244527769292225, 0.10556784947908449, 0.10181196626786974, 0.12278326876977767], [0.11071768983278926, 0.11854856137014434, 0.12350581313640725, 0.1137902386333873, 0.10245666997541755, 0.09131113144886609, 0.11537675601936802, 0.12407123840513862, 0.10022190117848143], [0.1099974536892017, 0.1178386013745627, 0.12292265126511787, 0.11453000479112929, 0.1027190259736333, 0.0911524435303143, 0.11525701344955577, 0.125, 0.10058280592648508], [0.11026766162028126, 0.11823225221102267, 0.12339571067880054, 0.11398749744042376, 0.10247495408763581, 0.09106707867545179, 0.11528226849859587, 0.125, 0.10029257678778829], [0.11068010252511859, 0.1186395663428269, 0.12342697984318159, 0.11385244090236314, 0.10243953688918504, 0.09135557567727803, 0.1153149592407687, 0.12403912181515178, 0.1002517167641262], [0.11062474313534158, 0.11869197237288592, 0.12338035921374961, 0.11390396756478624, 0.10242801922722973, 0.0913752519675891, 0.11527012808507664, 0.12405119410625635, 0.1002743643270848], [0.11082049672222954, 0.11891771874616114, 0.1232106370239028, 0.11389637002637096, 0.10241297018151392, 0.09151822259150717, 0.11522131393327473, 0.1237081581099453, 0.10029411266509433], [0.11002057325618005, 0.1183961366705117, 0.12305458389258876, 0.11433933627066872, 0.10257232239803447, 0.09132617676858568, 0.11509618866179118, 0.12461548508768346, 0.10057919699395595], [0.10977400615471089, 0.11805116487473265, 0.12250891729445101, 0.11476365491489418, 0.10284067185927716, 0.09151962705013446, 0.11501025381041415, 0.12458229053898, 0.1009494135024055], [0.11043426071175974, 0.11914936518994261, 0.12299339943769376, 0.11421923182743526, 0.10235957178960954, 0.09161630196794035, 0.1149698931215342, 0.12381801814125173, 0.1004399578128328], [0.11006842077776008, 0.11914061611725327, 0.12292148706998733, 0.11444972033023905, 0.1023488730643742, 0.09156372856721229, 0.11483937318423246, 0.12413323251463187, 0.10053454837430946], [0.11001417367861589, 0.11931461613467724, 0.12279615245093624, 0.11455110312238746, 0.10233276917025397, 0.09167068447821371, 0.11474580693080633, 0.12397841246233612, 0.1005962815717729], [0.11089438104284148, 0.11979052798013531, 0.12244524116166118, 0.1138699725974956, 0.10190747912671351, 0.09154476667983467, 0.11539934028928198, 0.12409913634620866, 0.10004915477582765], [0.10956683265339609, 0.11902212312517185, 0.12248934363464406, 0.114977528410718, 0.10253646226847625, 0.09175755624213802, 0.11461601691665095, 0.12407907183941873, 0.10095506490938594], [0.10907951494067482, 0.11862285881674896, 0.12165971041316477, 0.11538530078908192, 0.10273878573531872, 0.09183477188013561, 0.11431801696494193, 0.125, 0.10136104045993327], [0.109380168845638, 0.11906633876195147, 0.12225549817331959, 0.11519915758275638, 0.10258486450712535, 0.09188937875524412, 0.11448200031278076, 0.12401711296124286, 0.10112548009994148], [0.11018120985193762, 0.11973098492863402, 0.12251657841058985, 0.11461858580130128, 0.10229311917072385, 0.09193788339567366, 0.11460160466765999, 0.12345339215185605, 0.10066664162162368], [0.11063339643632175, 0.12004392891070406, 0.12220049423717594, 0.11408484370779708, 0.1018343100009625, 0.0916100501075771, 0.11513581664237321, 0.12432979295886257, 0.10012736699822566], [0.11008711875512175, 0.11975647045485928, 0.12248017476539384, 0.11469327929340854, 0.10229043394244827, 0.09195715982996745, 0.1145556516554983, 0.12347533898760059, 0.100704372315702], [0.1093029218732873, 0.11935342134521053, 0.12215971193104522, 0.1153369721891931, 0.10251519787355752, 0.09199306935911473, 0.11434388627084925, 0.12382945663521375, 0.10116536252252838], [0.10912031154896608, 0.11912853265121495, 0.12193106327814653, 0.11547098413603497, 0.10257503717913649, 0.09198402038547113, 0.11425906123694056, 0.12424733090909212, 0.10128365867499704], [0.11050121330363698, 0.12029780814952655, 0.12196674795890508, 0.11416987422764877, 0.10170462761147857, 0.09163537632938587, 0.11501272623034917, 0.12459637518473736, 0.10011525100433191], [0.11010650190176643, 0.12028729603920243, 0.12198985247479836, 0.11462892603422146, 0.10194329932898767, 0.09186947236275735, 0.1145529261774781, 0.12413731437721065, 0.1004844113035774], [0.1092410679357617, 0.11980244261337003, 0.12204780210461445, 0.11543866559338609, 0.10235774990162126, 0.09207770238101672, 0.114158244379144, 0.12374572617400292, 0.10113059891708283], [0.10931742178201695, 0.11989355103875649, 0.1220942630648558, 0.11535374947946476, 0.10230235288159661, 0.09205377897130539, 0.11416997831922873, 0.12376494921201331, 0.10104995525076199], [0.10990943293764541, 0.12026725855612366, 0.12204150688660538, 0.11486617813375137, 0.10207141419645004, 0.09202257585564126, 0.11431543878484278, 0.12381535531303205, 0.10069083933590806], [0.10887425862862875, 0.11935757510683417, 0.12162026931755722, 0.11579221276851946, 0.10254131814029682, 0.09215789478089169, 0.11399953607666871, 0.12419771647374302, 0.10145921870686031], [0.11050155191804951, 0.12049808810331952, 0.12177168098676801, 0.11417277052687701, 0.1016005596602891, 0.09168069620605684, 0.1149999537288885, 0.12468626011844235, 0.10008843875130895], [0.10950466438879934, 0.12016541184713418, 0.12207475628767951, 0.11518894699366068, 0.1022029676813188, 0.09211402352352838, 0.11416004819670622, 0.12366228218772582, 0.1009268988934472], [0.10863048124733539, 0.11936776833587798, 0.12119379840386969, 0.11606425483743316, 0.10263337211103891, 0.09226968777390189, 0.11379754124075261, 0.12433872615438409, 0.1017043698954063], [0.10892647197128355, 0.1197176567008502, 0.12172396996833172, 0.11577959036570863, 0.10245414453495298, 0.09222537440200756, 0.113979435275608, 0.12379822859744365, 0.10139512818381366], [0.10922241336525783, 0.12007879711394961, 0.12196749022748415, 0.11543298815344614, 0.10222214147038969, 0.09208057508550149, 0.11404408478867678, 0.12390323823764515, 0.101048271557649], [0.11028601230040075, 0.12060779490334965, 0.12167437174828712, 0.11433244470120402, 0.10157813201646196, 0.0916932482594305, 0.1147926483316922, 0.12488725364002543, 0.10014809409914852], [0.1093901415804289, 0.12023790780814908, 0.12198667264008911, 0.11528583380002276, 0.10217115687173509, 0.09212242589538737, 0.11407189348306541, 0.12377622630368752, 0.10095774161743477], [0.108586886957945, 0.1194817746894726, 0.12116652426398761, 0.11613599022493334, 0.10260273619077184, 0.09231730703385631, 0.11373970817135882, 0.12424473175957934, 0.10172434070809501], [0.1089846741783621, 0.12003273613325831, 0.12178165888267498, 0.11567673116301357, 0.10226642237070646, 0.09214282853660143, 0.11391716095306434, 0.12398878922997987, 0.10120899855233895], [0.11016753239831586, 0.12071167781380263, 0.12157604689722816, 0.11442438564181526, 0.10154780104239652, 0.0917169060674961, 0.11467480952466039, 0.12499999999999999, 0.100180840614285], [0.11007907361989958, 0.12082609958657156, 0.12148048031066104, 0.11453269645608098, 0.10155737180869866, 0.09180121703062785, 0.11457843573171138, 0.1248881211863099, 0.10025650426943905], [0.10907914095303467, 0.1204476256228203, 0.12172474578041415, 0.11555594731709307, 0.10208061820593922, 0.09215714774779803, 0.11382025430958147, 0.12408893966301446, 0.1010455804003048], [0.10876178098489042, 0.12018563501794109, 0.12155151070815955, 0.11589663711642892, 0.10221660948375612, 0.09221549237338118, 0.11372188036588314, 0.12414595341270361, 0.10130450053685609], [0.10831852620756158, 0.1197235835902376, 0.12074415895921085, 0.11653327809495247, 0.10266156091054023, 0.09259146636144369, 0.1134588840514227, 0.12394100713433957, 0.10202753469029117], [0.10989029038379433, 0.12090384326056376, 0.1213999361187698, 0.11477148828451536, 0.10165498764483764, 0.09194633676670282, 0.11437122402364251, 0.12461966907731592, 0.10044222443985776], [0.10893912138603855, 0.12047878171817057, 0.12162847948310634, 0.11567960926516949, 0.1020610524780763, 0.09216144743546435, 0.11372845785618571, 0.12422768938661588, 0.1010953609911728], [0.10840288519675924, 0.11986291295091461, 0.12097802544216264, 0.1164277053008383, 0.10253234691376431, 0.0925185878175397, 0.11351179309435067, 0.12391354090475327, 0.10185220237891722], [0.10805096121152949, 0.1196607409167632, 0.12073389684139989, 0.1167773189245032, 0.10279913121313089, 0.09272926462644579, 0.11322648211651275, 0.12369671833663534, 0.1023254858130796], [0.10881122736964867, 0.12043189993854189, 0.12155458530693904, 0.11580333852627542, 0.10207869598237868, 0.09216937754670554, 0.11366890267817624, 0.12431449284297713, 0.10116747980835737], [0.10956787369049899, 0.12091014876909542, 0.12147833748251755, 0.11518784028173977, 0.10185708842074982, 0.09219267020386447, 0.11399140168238069, 0.12403282846044071, 0.1007818110087127], [0.10797713553989917, 0.11980142760447683, 0.12057043421920176, 0.11687504510298012, 0.10268389609671552, 0.09273493163011863, 0.11313661653109917, 0.12393952699295996, 0.10228098628254897], [0.1080920576152277, 0.1199349439107746, 0.12050876130286718, 0.11677051027339315, 0.10258498195961291, 0.09266750902053204, 0.11322806591575588, 0.12409482104031694, 0.10211834896151945], [0.10997146918002594, 0.1211811769497025, 0.12160057561316669, 0.1145314084705446, 0.10130663954085625, 0.09179127993436646, 0.11445676433355184, 0.12500000000000003, 0.10016068597778582], [0.10976289759126812, 0.1211938851202675, 0.12116436558053321, 0.11491578240814693, 0.10160353043675037, 0.09208881416708736, 0.11423669258154555, 0.1245022897998593, 0.10053174231454175], [0.10819944387125763, 0.12015465949009788, 0.12079835039591724, 0.1166321708395503, 0.10240302629093405, 0.09257700256689039, 0.11328887264730927, 0.1240635801663156, 0.10188289373172765], [0.10860501116018388, 0.12075481220570172, 0.1213007214111521, 0.11597660565597222, 0.10194544005012951, 0.09222755618778307, 0.11342812509186705, 0.12456637595514784, 0.10119535228206261], [0.10956628541976637, 0.12126397823445513, 0.12114028530803284, 0.11515522977557484, 0.10168104002827105, 0.09221527931870549, 0.11401511992641025, 0.12425824679213616, 0.10070453519664774], [0.10843512479947681, 0.12065736583653343, 0.12118745538022231, 0.11616888892607352, 0.102000029782006, 0.09227580627966608, 0.11335302274580428, 0.12459121233409443, 0.10133109391612304], [0.1080100369637789, 0.12019430777647169, 0.12053780116297326, 0.1168213758650877, 0.1024104746144613, 0.09262382335625911, 0.11312300532615328, 0.12426896038282521, 0.10201021455198953], [0.10836384797006222, 0.12081521417940415, 0.12109645027994362, 0.11621305090645205, 0.10192255536995636, 0.09227945853958545, 0.11325455657502513, 0.12474270651554542, 0.10131215966402549], [0.10855335387419036, 0.12099876440697045, 0.12116696450122064, 0.11602843526811916, 0.10187432194876345, 0.09229894442869845, 0.11331215834271219, 0.12456539180761537, 0.10120166542170994], [0.10776682522416628, 0.12024355487969658, 0.12020957345060079, 0.11708924417679929, 0.10244251094452987, 0.09274008594623567, 0.11289773026488842, 0.12439535722457892, 0.10221511788850415], [0.10888370833749246, 0.12114817389327323, 0.12120237255561653, 0.11581928166805397, 0.10189487636559433, 0.09242542219460297, 0.11340597176997678, 0.12407198008604121, 0.1011482131293485], [0.10766812639692816, 0.12019800137065563, 0.12020564452322041, 0.11719688486971419, 0.1024902729854598, 0.09280284119461961, 0.11280970672223174, 0.12429783346442341, 0.10233068847274693], [0.1095119112398029, 0.12150931036658436, 0.12088921510381795, 0.1151726126379692, 0.10156983792525726, 0.09225534913202109, 0.1139693320150835, 0.12443869712078558, 0.10068373445867818], [0.10811250104318243, 0.12058393295526426, 0.12079343317025672, 0.11667695080491218, 0.10217527942714759, 0.09260854992553869, 0.1131299086717827, 0.1241599433438211, 0.10175950065809433], [0.1080723321132819, 0.1205356432944828, 0.12070917443244135, 0.11677558191950599, 0.10224200715087431, 0.09267531688211693, 0.11310329362359108, 0.12402110966908227, 0.1018655409146234], [0.10809275026688558, 0.12054722079901317, 0.120744490802493, 0.11674032977313122, 0.10221841737369375, 0.09266157500266126, 0.1131147064866598, 0.1240516707475019, 0.10182883874796023], [0.108704157127951, 0.12134155612097909, 0.12102120124114021, 0.1159854818535704, 0.10184503358074032, 0.09249811934960796, 0.11324427368302482, 0.12413815071080103, 0.10122202633218517], [0.10818011658126835, 0.12108718178720305, 0.12088024152182712, 0.11635840493901307, 0.10180155877395583, 0.092317785327131, 0.11304547887774438, 0.12500000000000003, 0.10132923219185731], [0.10826947927375821, 0.12121033419334808, 0.12089504843499355, 0.11629769873029544, 0.10179785365416015, 0.09237331708181622, 0.11306632555495644, 0.12477880817809346, 0.1013111348985785], [0.10947126946640501, 0.1217485228362066, 0.12119972102428957, 0.11498282696661999, 0.10122088526358487, 0.09203640211395446, 0.11393708526343915, 0.125, 0.10040328706550034], [0.10783999031760368, 0.12119117776549579, 0.1204858655288315, 0.11689706702273676, 0.10193661002208895, 0.0926939418757139, 0.11278560881910543, 0.12441808852174857, 0.10175165012667556], [0.10731181678304216, 0.12086914972554912, 0.11981908806274043, 0.11749731780980045, 0.10210198604670924, 0.09277448556410743, 0.11241504110466724, 0.125, 0.10221111490338393], [0.10807221788287348, 0.12154090460275528, 0.12061377270930525, 0.11655299012383138, 0.10176044500102803, 0.09257150480155212, 0.11284047990055249, 0.1245832644080357, 0.10146442057006635], [0.10785766620966429, 0.12136944762340895, 0.12047949957068076, 0.11683574565052889, 0.10184898333256712, 0.09265784077732273, 0.11274927004887007, 0.12453548445253426, 0.10166606233442294], [0.10923677608185985, 0.1220324426780874, 0.12093880099556932, 0.11526857083158343, 0.10126240672328284, 0.09225837911165029, 0.11368328262287523, 0.12470408035758095, 0.10061526059751062], [0.10749553479382909, 0.1211316274781246, 0.12005488953257093, 0.11738306945746071, 0.1020496821630202, 0.09287334479915957, 0.11251969477716665, 0.12438201163190021, 0.10211014536676805], [0.10742758357425415, 0.12119088053536674, 0.11997449849766076, 0.11745859054896406, 0.10203454265398892, 0.09289946812756039, 0.11245272622244551, 0.12441523535871862, 0.10214647448104072], [0.10760592214061279, 0.12133167056796296, 0.12015305765552653, 0.11729400072820778, 0.10199493205755773, 0.09298420906688966, 0.11255117639435096, 0.12404010455760509, 0.1020449268312865], [0.10808353549030389, 0.12194229458834148, 0.12042406107929089, 0.11660299781288086, 0.10173653238285041, 0.09279899126677553, 0.11272172823514208, 0.12414992810856013, 0.10153993103585489], [0.10798321340216792, 0.12189855597349784, 0.12038870190450833, 0.11670304833949757, 0.10173447077261036, 0.09278209833945779, 0.11267574278548316, 0.12425491012879351, 0.10157925835398353], [0.10725141728871525, 0.12144260736466717, 0.11975294693582576, 0.11768654805332651, 0.10198716485695211, 0.09303242333106201, 0.11225723724336646, 0.12432862966501262, 0.10226102526107224], [0.10848178700619222, 0.12222198324340705, 0.1202999698599847, 0.11622665537515532, 0.10157442516758908, 0.09278133690875483, 0.11286715858629998, 0.12424041375712423, 0.10130627009549248], [0.10771437594541794, 0.12198425924105843, 0.12016466610464971, 0.11699344878094785, 0.10170962163432197, 0.0928643839877627, 0.11247510857952624, 0.12436996940208317, 0.10172416632423206], [0.107471849114078, 0.12160361559893974, 0.11997944054325929, 0.11743550700545832, 0.1019224794449028, 0.09308352194894827, 0.11238778314900333, 0.12401873590508491, 0.10209706729032533], [0.10705700202120147, 0.12169793211417147, 0.11950871176148274, 0.11793364922010799, 0.10193888652055749, 0.09316940712692179, 0.11204583890085763, 0.12426198711106955, 0.10238658522362988], [0.10824679109660185, 0.12239621986584248, 0.12011711817008863, 0.1164795526805581, 0.10157684530866223, 0.09293100350218486, 0.11261335161709063, 0.12417446271323905, 0.10146465504573215], [0.10820112244492357, 0.12263079028724554, 0.12005136478104639, 0.11642786978727572, 0.10142560543277541, 0.09287898451868791, 0.11258568782598545, 0.12442925903656166, 0.10136931588549823], [0.10834445993866082, 0.12275644873775322, 0.1205890651275198, 0.11599231698431987, 0.10109446836389303, 0.09249458725379668, 0.11279245800111674, 0.125, 0.10093619559293984], [0.10651367320028135, 0.12180920202139801, 0.11887978383235681, 0.11847407027210129, 0.10185930862794408, 0.09325288965417212, 0.11155472998204234, 0.125, 0.10265634240970398], [0.10808573616877021, 0.1226817685583898, 0.11998212125653225, 0.11657589314104899, 0.10145560003818097, 0.0929803014471497, 0.11245603024067012, 0.12430520586301173, 0.10147734328624623], [0.10708579338622609, 0.12216682582836606, 0.11952270609865812, 0.11776291470467612, 0.1017014280594277, 0.09323059354733655, 0.11195572532505947, 0.12439578924652568, 0.10217822380372421], [0.10803076133834956, 0.12285402515389844, 0.1201982449252149, 0.11650789639060861, 0.10130461436006744, 0.09287843542428115, 0.11242149991650774, 0.12444551887073432, 0.10135900362033783], [0.10664863516410703, 0.12219750093265722, 0.11902826569513927, 0.11838974778628572, 0.10179110249104295, 0.09337446249863858, 0.11161021885489902, 0.12438416024772239, 0.10257590632950794], [0.10717134336255346, 0.12257067998651155, 0.11955972162281489, 0.11744023149847455, 0.10146002023766083, 0.09301538156101774, 0.11192368147575742, 0.125, 0.10185894025520954], [0.10754257444785896, 0.12280724212101532, 0.11967817218205053, 0.11710484826620007, 0.10150465104371519, 0.09312566889093764, 0.11209065982405708, 0.12437950150119559, 0.10176668172296989], [0.10792009499198488, 0.12301275778752557, 0.12030313582440233, 0.11656244086231364, 0.10122879333695291, 0.09289050730975211, 0.11231305496807711, 0.12440968034131915, 0.1013595345776723], [0.1079187872833658, 0.12308822929104707, 0.12042950121510396, 0.11650046090255975, 0.10115558183722152, 0.09283238759657382, 0.11232225166087967, 0.1244646780803917, 0.10128812213285684], [0.10769587718614054, 0.12307043555326298, 0.11992994225270336, 0.1169616452913817, 0.10141711016698807, 0.09319889622357058, 0.11204100918087867, 0.12398423924251958, 0.1017008449025545], [0.10787132938389984, 0.12322146980801704, 0.1205792817715877, 0.11648030084878358, 0.10107372979435597, 0.09280871346176685, 0.11228120291998252, 0.12443972843751575, 0.10124424357409077], [0.10724440590044677, 0.12308204708900827, 0.1193826793127683, 0.11739401665211603, 0.10144682763399603, 0.09327333722465897, 0.11183321467723648, 0.12442652168677036, 0.10191694982299875], [0.1077694857106384, 0.12333814335537446, 0.12060362830121275, 0.11657301767044904, 0.10105465288214532, 0.0928721273436302, 0.11217229888557215, 0.12431707418702344, 0.10129957166395426], [0.10670721377779735, 0.12262039590505772, 0.11901720596975104, 0.11831133196438877, 0.10168560308500461, 0.09356807778154416, 0.1115559439511311, 0.12401667910694096, 0.10251754845838418], [0.10717241707253067, 0.12312567378861584, 0.11931585948247964, 0.11747452340721236, 0.10143732228383714, 0.09330607505377493, 0.1117732589494133, 0.12443638670974323, 0.10195848325239301], [0.10649090327297486, 0.12268726439111743, 0.11878250237431946, 0.1186186018177911, 0.10174379774635858, 0.09363175091663245, 0.11138058368403421, 0.12396834361608688, 0.10269625218068501], [0.10677015084110895, 0.1227257476708992, 0.11906911666129555, 0.11809615088537406, 0.10157064594613265, 0.09350349964262446, 0.11156872757975986, 0.12434923403228547, 0.1023467267405197], [0.1064857927772394, 0.12281481071693783, 0.11874601171874387, 0.11863807932031892, 0.10173733913728276, 0.09371034047522701, 0.111347444860259, 0.12380381322569335, 0.10271636776829784], [0.1072118960911232, 0.12345945862413665, 0.11976121417126664, 0.11737211245643424, 0.10131745117733808, 0.09334758585985331, 0.1116403581272286, 0.12400226699924376, 0.10188765649337565], [0.10678426930607118, 0.12306416052252042, 0.11900009274088443, 0.11800855178077997, 0.10148029381367889, 0.09352129479425259, 0.11150263298772606, 0.124363344759408, 0.10227535929467849], [0.10651756501962219, 0.12291230903199986, 0.11875776957999222, 0.11855936900035971, 0.10167644360278777, 0.09374011848833255, 0.1113432792988601, 0.12383027006765693, 0.10266287591038868], [0.10696588209780425, 0.1235255373260802, 0.11951447227832133, 0.11761696440132619, 0.1013224113915518, 0.09343604577908023, 0.11150984926063948, 0.12408715818294402, 0.10202167928225248], [0.1070792304392697, 0.1235960218553727, 0.11975448408250595, 0.11748267405921237, 0.10128058358205644, 0.09340295199944258, 0.11152224926101685, 0.12394139350552182, 0.1019404112156015], [0.10693258766299692, 0.12359022676842381, 0.11955001279938268, 0.11764104268378468, 0.10130286286043072, 0.09345643937638973, 0.11146517961459977, 0.12402948170522037, 0.10203216652877141], [0.10634456746052465, 0.12314075326614281, 0.1185284670932458, 0.11880404188658729, 0.10173044363131671, 0.09388828111127825, 0.11116047318610567, 0.12359128493023971, 0.1028116874345592], [0.10719330301142724, 0.12374049153090431, 0.12016687439848654, 0.11731847957037674, 0.10119516306304932, 0.09339683894391919, 0.11152575026644689, 0.12361839663857556, 0.10184470257681433], [0.10663563573630296, 0.12350237128029931, 0.11902776677914927, 0.11811418758156678, 0.10138881267609398, 0.09368963219018468, 0.1112778848276873, 0.12402159186220538, 0.10234211706651034], [0.1058711437888049, 0.11083239489292888, 0.11985747445446343, 0.12353579514645739, 0.10985159834809669, 0.09757382016233587, 0.1126362161318223, 0.1106808923192496, 0.10916066475584096], [0.10580505885594525, 0.11080092385753232, 0.1197745490259702, 0.12363052654142656, 0.10990638504871814, 0.09766030020244011, 0.11257322778944212, 0.11059671502652613, 0.10925231365199917], [0.10613092922370375, 0.11157107030027108, 0.1201979796403874, 0.12288870505733125, 0.10921461663245634, 0.09702818690760644, 0.11280034713790414, 0.11160549714288363, 0.10856266795745582], [0.1063518187392107, 0.11199757286886011, 0.12044953271331472, 0.1227942144638179, 0.10870688499946578, 0.09649195251154742, 0.11294022357363145, 0.11225538435024417, 0.10801241577990775], [0.10532354404365182, 0.1108682156302429, 0.11919490868819967, 0.12414963159470192, 0.11009741615801767, 0.0982070981929965, 0.11207765039545643, 0.11026237951241914, 0.10981915578431396], [0.1048824195048684, 0.11025747084614917, 0.11856525138848158, 0.125, 0.1107113803882199, 0.09895260545669146, 0.11167066005307114, 0.10936104018879174, 0.11059917217372661], [0.10565446252556705, 0.11170260443050573, 0.11962755403039817, 0.12327137184532061, 0.10941046278832488, 0.09758733088721971, 0.11231708716473869, 0.11129793151700793, 0.10913119481091722], [0.10557998383580873, 0.11177214643304784, 0.11953450803271494, 0.12330044480759476, 0.10941140264273479, 0.09766769615280353, 0.11223327751226021, 0.11129269772702814, 0.1092078428560069], [0.10614182709652378, 0.11285519218751552, 0.12002025485367979, 0.12221261931946012, 0.10846427950408294, 0.09676586470244057, 0.1125760392090099, 0.11278308321505659, 0.10818083991223079], [0.10541583628455402, 0.11185367313658295, 0.11932832024991194, 0.1233989951503924, 0.1094585129623523, 0.09786916771994364, 0.11205653494232964, 0.11121407630085854, 0.10940488325307456], [0.1059470545947893, 0.11294114182913015, 0.11980951505721525, 0.12244232024990363, 0.10849739446599699, 0.09693433447875469, 0.1123839262193016, 0.11268630456348057, 0.1083580085414278], [0.10577332392684181, 0.11270314319524742, 0.11965632800512054, 0.12263244079479466, 0.10875922852614849, 0.09723427988204894, 0.11226461730826627, 0.11229363133528081, 0.10868300702625107], [0.10560421369218037, 0.1