[[0.11419819880552572, 0.11451839820591538, 0.12268140400997152, 0.10387119780856914, 0.1016494161172777, 0.12467975572201609, 0.09719531799890908, 0.10363545254006216, 0.11757085879175343], [0.11489188693485965, 0.11422414011539615, 0.12332161390066397, 0.1036947517628639, 0.1010174147484924, 0.12485935219548412, 0.0965042890814235, 0.10329905256708508, 0.11818749869373112], [0.11422880123901168, 0.11439162286697194, 0.12249993041946818, 0.1039353485845248, 0.10167174116682062, 0.12482230335512146, 0.09735725783979071, 0.10365484904377245, 0.11743814548451816], [0.114362381752062, 0.11435670084682267, 0.12268764531647681, 0.10389794220017451, 0.10155050617822707, 0.12478718396973537, 0.0972153254610137, 0.1035859804612226, 0.11755633381426522], [0.1149692247986803, 0.11411961483095501, 0.12321035737136019, 0.10372179288079715, 0.10098175955835602, 0.12500000000000003, 0.09655294870851897, 0.10329088688065312, 0.11815341497067937], [0.11487812384596953, 0.11414675919741302, 0.1230697600042128, 0.10383775602436754, 0.10116913048774236, 0.12466071706509398, 0.09683741671748858, 0.10341591272728207, 0.11798442393043004], [0.11431700784599519, 0.11428806738087215, 0.12250603794789228, 0.1039295772756253, 0.10158878456019914, 0.125, 0.09733825645537983, 0.10360616136082224, 0.1174261071732139], [0.11444856984402103, 0.11418256445003694, 0.12245503728312172, 0.10401166839113124, 0.10158936516080402, 0.12479558221158407, 0.09745688740766423, 0.10364200544814306, 0.1174183198034937], [0.11411153171594508, 0.11417046265615594, 0.12182135759056367, 0.10416745453160281, 0.1019374814112512, 0.125, 0.09796476887449804, 0.10383870093842545, 0.11698824228155784], [0.1147713034723874, 0.11394875230524681, 0.12255181833582829, 0.10399069608602488, 0.10133622146782378, 0.125, 0.09730980202460568, 0.10352429997464106, 0.11756710633344208], [0.11536618411976692, 0.11376646888856003, 0.12282520963478892, 0.1040388202628379, 0.10106526844044757, 0.12440285368472034, 0.09705359649266938, 0.10346172619921343, 0.11801987227699541], [0.11420788601393657, 0.11409204856975975, 0.12179177115473754, 0.10423210992991057, 0.10194097843846871, 0.12483913336500224, 0.09806156837506166, 0.10386806758065453, 0.11696643657246847], [0.11522992318570012, 0.11379766616179059, 0.1226171407294954, 0.10410886087673042, 0.1012175119672079, 0.12435479050765691, 0.09727983534183558, 0.10354820038368782, 0.11784607084589525], [0.11506165674416516, 0.11376681009557825, 0.12242533803636732, 0.10414463061740371, 0.10132480997088088, 0.12458690523716946, 0.09749020300673525, 0.10359209041872602, 0.11760755587297396], [0.11571569524241694, 0.11337192177472889, 0.12304161136841686, 0.10397504112144217, 0.10071207588585858, 0.12500000000000003, 0.09685222279519054, 0.10327266589366466, 0.11805876591828146], [0.11474431028424338, 0.1138751400840055, 0.12219537935382827, 0.10421481070680011, 0.10158946284286735, 0.12453505958239942, 0.0977948557446333, 0.10372355338347546, 0.11732742801774725], [0.11563367514607703, 0.11342830969045518, 0.12286993601646987, 0.10405821643329095, 0.1008615862774965, 0.12475797894639572, 0.09705775329241531, 0.10337054882184306, 0.11796199537555636], [0.11546024926146571, 0.11356655090873302, 0.12257769741257542, 0.10418910853832847, 0.10113378602135177, 0.12432984813672555, 0.09738464542578408, 0.10354289061842371, 0.11781522367661212], [0.11419795561271072, 0.11390958770844418, 0.1214490327946041, 0.10435263810483483, 0.10202889587763184, 0.12499999999999997, 0.09838666284680359, 0.10394324848000525, 0.11673197857496534], [0.11535493017845787, 0.11357092833750572, 0.1223796935848485, 0.10421288096481864, 0.10120885504399992, 0.12449471018032315, 0.09751270923780955, 0.10357650783226262, 0.11768878463997404], [0.114892389626139, 0.113732494535324, 0.12208623730131601, 0.10429298499019266, 0.10156500983579507, 0.12446234315028003, 0.09792048462594767, 0.10374460625218733, 0.11730344968281824], [0.11530534722224678, 0.11355455003902454, 0.12226797698550543, 0.10422425279585402, 0.10123842592875304, 0.12462632555882676, 0.0975826462807825, 0.10358815092407679, 0.11761232426493014], [0.11417556834309696, 0.1138982806119854, 0.12133675870603385, 0.10442062402477005, 0.10211732704988953, 0.12484388327300858, 0.09853230532163736, 0.10401035004183297, 0.1166649026277453], [0.11514316386763804, 0.11355459354514853, 0.12213136238585055, 0.10423683012385214, 0.1013252229391492, 0.12482871213723835, 0.0977285048588517, 0.10361757066900736, 0.11743403947326389], [0.11495508392186031, 0.11365372820031121, 0.12200792807263122, 0.10433186111981939, 0.1015552170766711, 0.12447484161857665, 0.09799426541623103, 0.10375453672920978, 0.1172725378446893], [0.11459189243595301, 0.11371048122588588, 0.12166125589514833, 0.1043787260525187, 0.10179986280126677, 0.12476679238676527, 0.09829574771491667, 0.1038615220619582, 0.11693371942558715], [0.11436670220382456, 0.11378222622045364, 0.12141104239137314, 0.10445106338723698, 0.10201909457782014, 0.12471659989383092, 0.09853473931939054, 0.10398206041680409, 0.11673647158926598], [0.11562579204053877, 0.11329152603451331, 0.12243805214679326, 0.10426682172051824, 0.1010601466003414, 0.1245549913015069, 0.09756543572811452, 0.10353030709273632, 0.11766692733493737], [0.11521849331920103, 0.11343061763926242, 0.12199872908854958, 0.10427079243298155, 0.10128917186508286, 0.125, 0.09780727738999606, 0.1036103988513313, 0.11737451941359517], [0.114545908170195, 0.11367837138616169, 0.12153285623488942, 0.10441790255293687, 0.10185719033469673, 0.12481431272704337, 0.09841523887583258, 0.10389810050637359, 0.11684011921187072], [0.11481714765808661, 0.11361726358741663, 0.1217526419162825, 0.10441099883722668, 0.1016995728158244, 0.12454886099649409, 0.09825912848370094, 0.10383889581061828, 0.11705548989434988], [0.11503391093313929, 0.11353538843005187, 0.12187827673568104, 0.10438573927101341, 0.10154199259696728, 0.1245384913434812, 0.09810646569647197, 0.10376698321036765, 0.11721275178282632], [0.11518012393279717, 0.1134297202120148, 0.121911196638813, 0.10433560959267618, 0.10138139671886487, 0.12482979695582899, 0.09796213259802156, 0.10367583805142597, 0.11729418529955724], [0.11420319932874205, 0.1137135922202941, 0.1210732272947662, 0.10451759646993035, 0.10215555418802735, 0.12500000000000003, 0.09878846755400908, 0.10405607689060589, 0.11649228605362512], [0.11462943876344558, 0.11355962677447991, 0.12147605854691587, 0.1044268351567324, 0.10178690831060276, 0.125, 0.09843994953591206, 0.10386582967094835, 0.11681535324096308], [0.11425867235129679, 0.11367398782678591, 0.12107426832847099, 0.10454666294760649, 0.10214861689546213, 0.12490459138790158, 0.09883015347106403, 0.10406587993550165, 0.11649716685591062], [0.11541728144107852, 0.1132485001953082, 0.12190497106934083, 0.10441431917632704, 0.10130552575655188, 0.1246747647227805, 0.09804040884516493, 0.10367851087461813, 0.11731571791882975], [0.11515126112880891, 0.11338615490194288, 0.12171138857953262, 0.10446977349905498, 0.10153544379976102, 0.12453997634094352, 0.0982656343671767, 0.10379568875750457, 0.11714467862527479], [0.11474879242289512, 0.11349793873933882, 0.12147672958868556, 0.10447629464363457, 0.10176714750541245, 0.12481287027610152, 0.09848901930447797, 0.10388159550187066, 0.11684961201758333], [0.11591570183732122, 0.11288587485506577, 0.12261090422034115, 0.10426547076625822, 0.10079776908815348, 0.12499999999999999, 0.09755758258414084, 0.10339975581402568, 0.11756694083469357], [0.11529789107558717, 0.11328635922484977, 0.12170545204876794, 0.10446822660017112, 0.10143352254422904, 0.12464528456098237, 0.09821177519639285, 0.10375214268300585, 0.11719934606601391], [0.11567877814916441, 0.11299670682033577, 0.12219375582783366, 0.10434747369338723, 0.10102872920568376, 0.125, 0.0978476645606406, 0.10352552756278431, 0.1173813641801702], [0.11548918981950732, 0.11316935555246568, 0.1218587258642675, 0.10447635819797371, 0.10131834463811183, 0.12455259560833501, 0.09815102703566139, 0.10370932328780257, 0.11727507999587497], [0.11462160084341268, 0.11344217123598341, 0.12144372793253554, 0.10456396272246503, 0.10191087079238487, 0.12464954686374537, 0.09876182787907485, 0.10397050000963959, 0.1166357917207585], [0.11534382343324703, 0.11310116478610494, 0.1217528148399421, 0.10459749184350538, 0.10149755218829401, 0.12435841161908047, 0.09852519836247191, 0.10382285157773889, 0.11700069134961529], [0.11426368114307059, 0.11338613609642147, 0.12148124516105598, 0.10462661937946935, 0.1021392467549306, 0.12468084029713455, 0.09911527653710071, 0.10407312782940024, 0.11623382680141649], [0.1161881306783158, 0.11249757508521864, 0.12250253116151488, 0.10445217801681984, 0.10076219888276752, 0.1248462124971416, 0.09792442535652887, 0.1034496095579334, 0.11737713876375944], [0.11626256200131402, 0.11245943701605544, 0.12257145473884962, 0.10446499814457832, 0.10073350616842058, 0.12473691797008617, 0.0979103442952504, 0.10344569009239114, 0.11741508957305431], [0.1143870575454971, 0.113278371714163, 0.12160285844591728, 0.10455612690520934, 0.10195690579531896, 0.125, 0.0989669458606591, 0.10395847471265053, 0.11629325902058468], [0.11597616785682574, 0.11265652893692901, 0.12223767204978843, 0.10450766413090562, 0.10096754167569408, 0.12472220615530963, 0.09811691079389738, 0.10356014171315625, 0.11725516668749383], [0.11559812937736681, 0.11289181849359713, 0.12201462459183722, 0.10458167364106856, 0.10129423275960658, 0.12440975152193039, 0.09842178188506422, 0.10372663636131685, 0.11706135136821202], [0.11611868800166573, 0.11249280270260831, 0.12237446193954299, 0.10446109475179403, 0.10079816443221838, 0.125, 0.0980002505875607, 0.10346223064139905, 0.11729230694321079], [0.11491964717205941, 0.1131595868365306, 0.12184397645741092, 0.10461985704225146, 0.10173583170571139, 0.12434325104020161, 0.09882062240648946, 0.10391253945308661, 0.11664468788625854], [0.11449977345911747, 0.11322784831722248, 0.12170517681090241, 0.1045825476312405, 0.10191509284251292, 0.12480030783125894, 0.0989745978692537, 0.10395421903604825, 0.1163404362024434], [0.11553146997938148, 0.11281184722031745, 0.12212187888717664, 0.10461491001102173, 0.1013320598418657, 0.12436097074889899, 0.09857436997019986, 0.1037449557735897, 0.11690753756754843], [0.11563132051199995, 0.11275419452986779, 0.12221310375133299, 0.10463258026870434, 0.10128863808025174, 0.12423957783287652, 0.09856673605933977, 0.10373602422514147, 0.11693782474048546], [0.11593862049047507, 0.11251075939630714, 0.12242007283776768, 0.104588309846734, 0.10102137022666738, 0.12449839942331664, 0.09837988315979251, 0.10360111803703415, 0.11704146658190537], [0.11538935526935469, 0.11278555315007874, 0.12209327324391203, 0.10459311855717729, 0.1013591313011695, 0.12463505599755136, 0.09864455713720478, 0.10373398854677428, 0.11676596679677734], [0.11609758904164039, 0.1123840145618425, 0.12246989328639081, 0.10456049807355063, 0.1008791185489876, 0.12469751215041328, 0.09827004619803803, 0.10352793243600021, 0.1171133957031367], [0.11524945489459995, 0.11279290469311264, 0.12212170935074629, 0.10456118964646238, 0.10138660974864437, 0.12482810101760627, 0.09867487939978041, 0.10372237163915866, 0.116662779609889], [0.11464205784199125, 0.11300402692046346, 0.12199872515630635, 0.10458524508653683, 0.10176934321646408, 0.12483277960798328, 0.09900297160610642, 0.1038802519584398, 0.11628459860570854], [0.11597314902111436, 0.11244069918929939, 0.12250188435975506, 0.10459560439695065, 0.10098982874351638, 0.12449500688555457, 0.09840409966517903, 0.10358658963099088, 0.1170131381076397], [0.11513140842749875, 0.11281621100780696, 0.12216546304311934, 0.1045641847040398, 0.10145108925810585, 0.12480362993924865, 0.09874737914241609, 0.10374584982334882, 0.11657478465441573], [0.11508455829144086, 0.11281917182343563, 0.12220070035263587, 0.10457935536185037, 0.10149069666250507, 0.12472595760721777, 0.09880517444974342, 0.10376708693407263, 0.1165272985170982], [0.11499760364174169, 0.11286903440940975, 0.12219897949391263, 0.10461230351312867, 0.10158630827272927, 0.12453972632609497, 0.09889892019167407, 0.10382250510633065, 0.11647461904497827], [0.11476202992546157, 0.1128946941331017, 0.12215470593503586, 0.10458572849129678, 0.10167360354455625, 0.12480842898880139, 0.09898372040309848, 0.10383613017746071, 0.11630095840118743], [0.1155450470240719, 0.11259951202250026, 0.1223651916587952, 0.10463281534082146, 0.10126918981968351, 0.12445555132961926, 0.09870532851510223, 0.1037064607475889, 0.11672090354181727], [0.11521160769484239, 0.1126763169369956, 0.12228383928615476, 0.1045439366765813, 0.10134095200774981, 0.12499999999999997, 0.09872454221008563, 0.10368133735597232, 0.11653746783161804], [0.11466482994449242, 0.11286491071816522, 0.12216313654133193, 0.10456833242360897, 0.10168809055450448, 0.125, 0.09902442532925328, 0.10382611395892928, 0.11620016052971441], [0.11572662127805915, 0.11249681477640931, 0.12254151323134405, 0.1046717548634555, 0.10119862754838888, 0.12419354810517452, 0.09870328341809394, 0.10369700836542006, 0.11677082841365483], [0.1153069485977506, 0.11261695823067197, 0.12234147938741864, 0.10457806111755025, 0.10131622807238357, 0.12484547289063053, 0.09875473682772602, 0.10368702257082829, 0.11655309230504014], [0.115162080008321, 0.11262531470164193, 0.12243115948965784, 0.1045850804578079, 0.10139136696001814, 0.12480295809681323, 0.09885958117917938, 0.10371387712626905, 0.11642858198029153], [0.11503047095310684, 0.11268077900336984, 0.12246051610182909, 0.10463487729115768, 0.10152820135099226, 0.12452694503209398, 0.0990110890725432, 0.1037925503882196, 0.11633457080668747], [0.11536524683363239, 0.11242239807070445, 0.1226438874649768, 0.10464167497961926, 0.10129114114239784, 0.1246106120693692, 0.09893032434092681, 0.1036909662789441, 0.11640374881942912], [0.1147582194138763, 0.11261182281663112, 0.12255518888992185, 0.1046392819046927, 0.10163266681035397, 0.12472393712084852, 0.09921957906279884, 0.1038176142837125, 0.11604168969716437], [0.11486374045489561, 0.11243745565187571, 0.12274230366425803, 0.104597611136184, 0.1014703960497871, 0.125, 0.09915991133307074, 0.10371872194888605, 0.11600985976104275], [0.11613702093610095, 0.11172537896769615, 0.12331656916824364, 0.1045893860784262, 0.1006478579209731, 0.12500000000000003, 0.09862482794577403, 0.10337967331680997, 0.11657928566597603], [0.11496089229841581, 0.11238698486649586, 0.12283446053893954, 0.10462324864881321, 0.10143643648589559, 0.12483127130905416, 0.09917142257759859, 0.1037169914026399, 0.11603829187214736], [0.1160893654428658, 0.11164768618741738, 0.12348882993799613, 0.10464635656622122, 0.100699991550348, 0.12476451158470268, 0.0988055256485483, 0.103416884016239, 0.1164408490656615], [0.11484684457973808, 0.11232656245922343, 0.12293867427137245, 0.10465913777589861, 0.1015066754759038, 0.12475739795139909, 0.0993354267926184, 0.10375214971187717, 0.11587713098196917], [0.1157180816279929, 0.11183961560771954, 0.12321429845751185, 0.10462963309687205, 0.10090602908771179, 0.125, 0.09894465880962833, 0.10348946155960294, 0.11625822175296063], [0.11536246154651751, 0.11201988917260172, 0.12315703356123475, 0.10462050589153422, 0.10111556064641862, 0.125, 0.0990816096923141, 0.10356868512568743, 0.11607425436369166], [0.11569654478818768, 0.11182416876349768, 0.12323118091664546, 0.10465584055341773, 0.10093836923553366, 0.12491196565419906, 0.09901607740473331, 0.10351248105820317, 0.11621337162558223], [0.11488675018351314, 0.1122271542377009, 0.12309561775680804, 0.10469141475301587, 0.1014872620433894, 0.12462771563584531, 0.09941656894401628, 0.10375223799279523, 0.11581527845291585], [0.11522093360621762, 0.11185548136673289, 0.12348773186531425, 0.10463978760805934, 0.10113512880785398, 0.125, 0.0992835496111238, 0.10356277498431266, 0.11581461215038547], [0.11532572215599139, 0.11179376370651357, 0.12355343529062988, 0.10467524128176042, 0.10110543994269904, 0.12482233677075982, 0.09931076234710333, 0.10356713835385789, 0.11584616015068488], [0.11499507674951642, 0.11191723120766986, 0.12344723085983866, 0.10465290065877822, 0.10127413885768942, 0.125, 0.09942015534428002, 0.10362134688238392, 0.11567191943984347], [0.12076119186921287, 0.1037882161797, 0.10168544642220323, 0.12359406890183926, 0.11179403235338357, 0.09339093000478765, 0.12487737825147774, 0.11657149676785918, 0.10353723924953652], [0.11893852526882365, 0.10453692737888105, 0.10257500121228913, 0.12309214184393472, 0.11131848493060306, 0.0940107501307481, 0.125, 0.11610694018999976, 0.10442122904472054], [0.11979848377878846, 0.10413890474932036, 0.10211774213317448, 0.12351422134856473, 0.11147292474485995, 0.09366616973023803, 0.125, 0.11633124674303445, 0.10396030677201955], [0.1207871230727493, 0.10377706870985745, 0.10171895687229254, 0.12352023876716596, 0.11175453749838143, 0.09343661768610666, 0.12494765216272657, 0.11652043756605412, 0.10353736766466594], [0.12076413384893658, 0.10378179299247592, 0.10175730537864762, 0.12347749854891127, 0.11171405228785095, 0.0934759791325991, 0.125, 0.11647657223498045, 0.10355266557559813], [0.12112343477891296, 0.10374237958167243, 0.10174823209231534, 0.12331595392390407, 0.11182042052430989, 0.09356800001919333, 0.12466298123953977, 0.11651532480045916, 0.10350327303969303], [0.1195122837545011, 0.10435982470353984, 0.10252555285167395, 0.12320963497896875, 0.11128997571194833, 0.09409193545455699, 0.1246461312073783, 0.11611624070728008, 0.10424842063015266], [0.11880686463195192, 0.10472417234962274, 0.10299366733418437, 0.12272756162390655, 0.11113399477747958, 0.09444838826371281, 0.12461779504388451, 0.11585936312126616, 0.10468819285399134], [0.12087497975193429, 0.10386038954395153, 0.10206802540145607, 0.12312641555036603, 0.11159366610127282, 0.09389543332825234, 0.12462072560120474, 0.11627166546367516, 0.103688699257887], [0.12039347811176525, 0.10407008566189821, 0.10239362777737535, 0.12307942899708975, 0.11139867002015526, 0.09416639858911008, 0.12443984761557045, 0.11610392504878933, 0.10395453817824635], [0.12046403636098876, 0.104055430116618, 0.10245091185273351, 0.12296364013979545, 0.11135936224383898, 0.09425946816759424, 0.12445434588820303, 0.11603756226086594, 0.10395524296936208], [0.12213553745748838, 0.10344223240386195, 0.10170741424804144, 0.12339332014519604, 0.11183185534629657, 0.09381936853118025, 0.12419398476029744, 0.11625360896277998, 0.10322267814485792], [0.11957847113717629, 0.10441140017410969, 0.10296199546407865, 0.12269889766142675, 0.11092561455758859, 0.09458673186067935, 0.12474370171123787, 0.11568133604556897, 0.10441185138813372], [0.11929702919045272, 0.10472177604214665, 0.10346675792323543, 0.12204051382424205, 0.11051203735039296, 0.09484233555389035, 0.125, 0.11526954946287164, 0.10485000065276821], [0.11965995419336738, 0.10442506842198244, 0.1030854943501068, 0.12248081213617272, 0.11074843051041419, 0.09465640959463997, 0.125, 0.11547308910256812, 0.10447074169074837], [0.12090689194658878, 0.10383319323449197, 0.10231703008337113, 0.12268501427846656, 0.11134750740090564, 0.09422482210228517, 0.125, 0.11595294666989345, 0.10373259428399728], [0.12200379744727785, 0.10348368812987833, 0.101898278069011, 0.12316439567875855, 0.11165628682748728, 0.09402792705479984, 0.12438436228834879, 0.11607155571407592, 0.10330970879036235], [0.12082395616441441, 0.10388097554387911, 0.10240599913088726, 0.12265665928534544, 0.11130414815316558, 0.09431364185833988, 0.12491094671539589, 0.11590817675016303, 0.10379549639840939], [0.11990845510236835, 0.10439973978672264, 0.10316303957829252, 0.12239776792465851, 0.11069447669920238, 0.09479902060847561, 0.12476184447146846, 0.11541202205824373, 0.1044636337705678], [0.11980972358210511, 0.10454164838669217, 0.10336352043550678, 0.12220020108678811, 0.1105878390191113, 0.09491928657154283, 0.12468267167568052, 0.1152480368887609, 0.10464707235381217], [0.12206914608041554, 0.10342343675478934, 0.10195132957776666, 0.12304332846031261, 0.11157098144148826, 0.0941279479545824, 0.1246261559502632, 0.11591274476280945, 0.10327492901757249], [0.12136807837231305, 0.10366868797545971, 0.10231897206757974, 0.12261697848367319, 0.11128737834485455, 0.09437612179430074, 0.125, 0.11577611493393, 0.10358766802788905], [0.12026848535672947, 0.10434269265660757, 0.10322312039968898, 0.12230660782393434, 0.11073098490202726, 0.09499083178574916, 0.12433085642625388, 0.11539093704601396, 0.10441548360299538], [0.12034202143708428, 0.10429575826399672, 0.10315335160117685, 0.1223494574299871, 0.11083177204810732, 0.09497375236642906, 0.12423847096532802, 0.11546593662318129, 0.1043494792647094], [0.12104580156926031, 0.10387937577297751, 0.10260766180437038, 0.12237160528517786, 0.11121745585965549, 0.09464767312936173, 0.12467311873787311, 0.11572240973979654, 0.10383489810152692], [0.12007660960670391, 0.10459332927115308, 0.1036100994016552, 0.12192906949661457, 0.11040840415225152, 0.0951853913396774, 0.12441929745647409, 0.11501935134324506, 0.10475844793222502], [0.12222440059233075, 0.10334900695117302, 0.10194987437304233, 0.12297304257879614, 0.11158490142995588, 0.09419380411938945, 0.12470970331357814, 0.11580536192619313, 0.10320990471554115], [0.1205717187088251, 0.10411886834635885, 0.10295004251033923, 0.1223205986541548, 0.11101913765527026, 0.09490047445435994, 0.12440649776120397, 0.11557994252915392, 0.10413271938033382], [0.11998424654779649, 0.10474598616288992, 0.10390473178053326, 0.12155330878764692, 0.11018804364766822, 0.09538369175995798, 0.12440118601312118, 0.1148556565680858, 0.10498314873230022], [0.12031330116806432, 0.10445580294048379, 0.10349080781573523, 0.12201482134275954, 0.11043858433858884, 0.0951560200724525, 0.12443880986593958, 0.11509019196211409, 0.10460166049386199], [0.12051406359080545, 0.1042367786357476, 0.1031667341967857, 0.1222357071401531, 0.11076716838787753, 0.09501224040182218, 0.12438001713802431, 0.11538179941807256, 0.1043054910907117], [0.12202165562913508, 0.10340733193442818, 0.10208897704952175, 0.12282627998893503, 0.11143514460325464, 0.09431310311422605, 0.12489605889981772, 0.11571271133451022, 0.10329873744617134], [0.12065015504911972, 0.10414741588038746, 0.10303904418059728, 0.12224753190954853, 0.11094474154573548, 0.09498744110279121, 0.12429913380125505, 0.11550275338935548, 0.10418178314120989], [0.12009745794490247, 0.10471596141894748, 0.10392044425168091, 0.12152822012585458, 0.11015185709327692, 0.09541930561776059, 0.12440310548015644, 0.11480213851872563, 0.10496150954869499], [0.12051691434851329, 0.10433614211149538, 0.10337498870805964, 0.1220746644206391, 0.11054253565527059, 0.09515000718790738, 0.12436296820620814, 0.11518533345439705, 0.10445644590750947], [0.12193852950991686, 0.10342832839507225, 0.10217097843375474, 0.12272693487630411, 0.11135688189526785, 0.0944001520496704, 0.12500000000000003, 0.11563939633896143, 0.10333879850105246], [0.12186583796548713, 0.1034822637903922, 0.10228821147147106, 0.12263244242395671, 0.1113042422022837, 0.09453726738739561, 0.12489730764056049, 0.11558083587961888, 0.10341159123883412], [0.12085471979422671, 0.10413017432051808, 0.10318769433701079, 0.12201763401679283, 0.11068177631219246, 0.09510207208817006, 0.12455763170167447, 0.11524720586456678, 0.10422109156484782], [0.12070035473965494, 0.10434200525898778, 0.10351498428443806, 0.12187321017455738, 0.11036156427227065, 0.09528076954383313, 0.12442340787339319, 0.11499780876324196, 0.10450589508962291], [0.12021664866091379, 0.10471975005121191, 0.10414414088849279, 0.12113627793312387, 0.10985550146677726, 0.09558309057237843, 0.12477671796992323, 0.11452224391383148, 0.10504562854334723], [0.12160013289218592, 0.10364814629229158, 0.1025389268093087, 0.12246819967257058, 0.11118033246746874, 0.09477458662315508, 0.12465214110414158, 0.11552504850890785, 0.10361248562996994], [0.12088840670560426, 0.1041393343712938, 0.10326113509081118, 0.1219339411890619, 0.11055398290076512, 0.09514117580236035, 0.12469118453500921, 0.11513421723623275, 0.10425662216886139], [0.120449818078907, 0.1046341096075318, 0.10401758998287115, 0.1213542657218438, 0.10997856420076726, 0.09556070180301546, 0.1244969977922779, 0.11458647074759287, 0.10492148206519261], [0.12015803844458248, 0.10486691571113614, 0.1044373855493298, 0.12113124084009337, 0.10962959130926772, 0.09573804459528103, 0.12444001571806011, 0.11432306522774943, 0.10527570260449982], [0.1208526429241484, 0.10418985330306353, 0.10336256432162395, 0.12187192381640861, 0.11043383724826045, 0.09519617639604093, 0.1247235375441126, 0.11503583658728896, 0.10433362785905269], [0.12125149632814858, 0.1037886443456369, 0.10280311184097692, 0.12211659887943993, 0.11093485530222563, 0.0949323417313492, 0.125, 0.11535942383814307, 0.10381352773407977], [0.12029362183163317, 0.1047967564510845, 0.10443199362603522, 0.12098981987746356, 0.10958883871135869, 0.09578974729530709, 0.12463939390259471, 0.11425982659987947, 0.10521000170464359], [0.12040772796704206, 0.10467725161344484, 0.10425417521921529, 0.12092798391590258, 0.10967028408360072, 0.09568549854823384, 0.12499999999999999, 0.11432688548426997, 0.1050501931682906], [0.12200017787507558, 0.10340837687727586, 0.1023640759857824, 0.12243312275144153, 0.11130458629485387, 0.09473708439199095, 0.12499999999999997, 0.11539200997272805, 0.10336056585085156], [0.12158117994371982, 0.10367833875584846, 0.10270159723484851, 0.12231009824563634, 0.11111412995353206, 0.09500739134698673, 0.12454642694033513, 0.11538817408578565, 0.10367266349330727], [0.12073841786166735, 0.10458472862840394, 0.10411481405125236, 0.12120401306917951, 0.10984957791590262, 0.09570739206941106, 0.1244761703106626, 0.11441956360835254, 0.10490532248516803], [0.12115090367925734, 0.10409651441131218, 0.10341641256230137, 0.12164587756874716, 0.11027838477515603, 0.09528534448610866, 0.12499999999999999, 0.11485245492072144, 0.10427410759639572], [0.12159455304035155, 0.10374437401027635, 0.1028542733581329, 0.12212613624693229, 0.11095011356175039, 0.0951161731988047, 0.12455933626190613, 0.11528005545107649, 0.10377498487076921], [0.12112835909299875, 0.10423233365719707, 0.10362832257649911, 0.1215574888215009, 0.11014453022764414, 0.09545191232511016, 0.12467118924536809, 0.11473742714737793, 0.10444843690630395], [0.12069985684106899, 0.10462545982911699, 0.10426444672315541, 0.12097533600623274, 0.10967807806609439, 0.09579842536090664, 0.12467730126950861, 0.1142875878991876, 0.1049935080047285], [0.1212555018612484, 0.10419023559114197, 0.10363981976130336, 0.12148002838551353, 0.11011184965902633, 0.09549470727642646, 0.12472712132351226, 0.11468583957451937, 0.1044148965673083], [0.12138010645767223, 0.10407833950456316, 0.10346979122944348, 0.12153227606149558, 0.11028626382281234, 0.09541555361147122, 0.12476022864157642, 0.11481406241628571, 0.10426337825467986], [0.12071955396068317, 0.10469994139693536, 0.10449530459751585, 0.12068897320764083, 0.1094914273478747, 0.0959684821652418, 0.12469474192444541, 0.11410885940147295, 0.10513271599818995], [0.12148792083264875, 0.10393284350667928, 0.10325203904552606, 0.12153733894957303, 0.11047470021461803, 0.09529863422551631, 0.125, 0.11494517202392245, 0.10407135120151609], [0.1206807705909426, 0.10475328974129038, 0.104609749067137, 0.12068764533870574, 0.10941058734940233, 0.09603978448671939, 0.12456593819386146, 0.1140352585882432, 0.10521697664369792], [0.12182578756660693, 0.10369409211804093, 0.10288832565459978, 0.1220487053640292, 0.11091611140632761, 0.09522408497241563, 0.12448958665329452, 0.11517646819557016, 0.10373683806911524], [0.12121359639221455, 0.10432665593216267, 0.1039500669824183, 0.12118992911049833, 0.10977610230730041, 0.09566165212808878, 0.12490061650839408, 0.11434315784101255, 0.10463822279791034], [0.12115687078887533, 0.10437882888199206, 0.10403771028118448, 0.1211120539560434, 0.10971722007853307, 0.09571038617824078, 0.1249122026526696, 0.11426320963757088, 0.10471151754489026], [0.12118940660367145, 0.1043377304357124, 0.10398439332505462, 0.12114037006934443, 0.10972872036059468, 0.09566993696004485, 0.125, 0.11428749673276781, 0.10466194551280979], [0.12167534724702958, 0.1039576592134764, 0.1033914942448385, 0.12138422108289969, 0.1103632526016737, 0.09546354391256624, 0.12482172419563448, 0.11481460568963058, 0.10412815181225085], [0.12150343108902308, 0.10417263720126368, 0.10374858642177386, 0.12130131595342936, 0.110021271427454, 0.0956581862365027, 0.12460973871158465, 0.11455955568572643, 0.10442527727324236], [0.1215896790050678, 0.10412038400013603, 0.10368238569752215, 0.12130595328993159, 0.11009049680494662, 0.09563924170950057, 0.12461007160533265, 0.11460400740670516, 0.10435778048085742], [0.12205978234860354, 0.10349722776431226, 0.1027578971362129, 0.12196349173874663, 0.11095781384317412, 0.09519196276777404, 0.125, 0.11503453120043845, 0.10353729320073808], [0.12173740354717308, 0.10424805742902347, 0.10408163449071177, 0.12093827883094924, 0.10963702534274003, 0.09593170329548681, 0.12465078728186565, 0.1141810820031935, 0.10459402777885633], [0.12130752012485403, 0.10453194860964142, 0.10462949659136353, 0.12036889216693349, 0.10918890634684321, 0.09619429279324905, 0.125, 0.1137505708599587, 0.10502837250715658], [0.12189520943794965, 0.10414080337751566, 0.10387509984701512, 0.12106304090196408, 0.10995225062999714, 0.09589305894430267, 0.12433533815140599, 0.11442397918009872, 0.10442121952975107], [0.12184730526026279, 0.1042118047336715, 0.10404755287888873, 0.12094086743678932, 0.10969893476841219, 0.09595872155793948, 0.12452672141709886, 0.11422253798951415, 0.104545553957423], [0.12231943330518619, 0.10355805463882513, 0.10297349361329294, 0.12172551498064707, 0.11076122768519062, 0.09542480095010765, 0.1247326985625678, 0.11485945062259946, 0.10364532564158317], [0.12163378864106238, 0.10441814295147105, 0.1044723663842389, 0.12056522234451097, 0.10933154712731738, 0.09618879880061423, 0.1247170597636057, 0.1138076557439011, 0.1048654182432784], [0.12166868627453857, 0.10441373219335559, 0.10451406803831866, 0.12049513348542921, 0.1092731054870934, 0.096225038722055, 0.12478177723866841, 0.11375260638896494, 0.10487585217157634], [0.12194681362900972, 0.10422146885601277, 0.10426662490447823, 0.12062216713683564, 0.1093578923030698, 0.09608284528142134, 0.125, 0.11386543934755716, 0.10463674854161535], [0.12224853773221801, 0.10406647477474422, 0.10388956394939433, 0.12088236223411172, 0.1099613833445552, 0.09602406916762869, 0.12421377414282589, 0.11436329340915034, 0.10435054124537159], [0.12221421892803294, 0.10410242119569868, 0.10396300619602432, 0.12085803682354172, 0.10987876675455757, 0.09606121540240795, 0.1242163181911357, 0.11430025942354538, 0.10440575708505576], [0.12186551789281494, 0.10436205534676965, 0.10460765376294959, 0.12029443503775744, 0.10910352485687136, 0.09633142987856726, 0.12500000000000003, 0.1135722714795489, 0.10486311174472107], [0.12248961150736096, 0.10383119554510449, 0.1035888739660008, 0.12108672789131829, 0.11015851699943521, 0.09588521482797975, 0.1244418966195381, 0.11445970666696598, 0.10405825597629643], [0.12230780372008067, 0.10411343005022551, 0.10412647357740379, 0.12066372267336888, 0.1096308225636322, 0.09618111259592896, 0.1244349950890759, 0.11407042447530782, 0.10447121525497627], [0.12219697847802703, 0.1042149980404789, 0.1043722423467098, 0.12047818242011277, 0.10928608800182646, 0.09625410170263725, 0.12477381486746981, 0.11377142626452089, 0.10465216787821718], [0.12206198739633399, 0.10439180701273948, 0.10479188575487337, 0.12009279862531715, 0.10897908612544417, 0.09655510286127031, 0.12476958405296239, 0.11342372237762205, 0.10493402579343697], [0.12264731668663129, 0.10383566877792651, 0.10373429763830705, 0.1208502205490513, 0.10996669487885459, 0.09602359298808393, 0.12456518203458414, 0.11427000088666085, 0.10410702555990034], [0.12286218109039589, 0.10372801794751693, 0.10367722596488474, 0.12081330648814338, 0.10991497794871749, 0.09601610975087516, 0.12480218383720813, 0.11418365103218218, 0.1040023459400761], [0.12298892681290007, 0.1035715733329849, 0.1034297008777983, 0.12100522642085923, 0.11007112795295737, 0.09586281686113937, 0.125, 0.11427339380200541, 0.10379723393935536], [0.12216888920235933, 0.10446280397417608, 0.1051750625746638, 0.11956969379061053, 0.1085975703374587, 0.09683162723033197, 0.12500000000000003, 0.11307036691752187, 0.10512398597287792], [0.12290773750366811, 0.10375058367574576, 0.10377020750693829, 0.12069201551311284, 0.1098220106337261, 0.09610141238553485, 0.12481225311066386, 0.11409526450714594, 0.10404851516346403], [0.12273498277335969, 0.10409792287740437, 0.10452567533555637, 0.12008610142110888, 0.10900551381240838, 0.09649839975143355, 0.125, 0.1134561345956629, 0.1045952694330659], [0.12306814477735127, 0.1036688764855109, 0.10371783893104014, 0.12066795220796846, 0.10978884495788978, 0.0960834391195312, 0.125, 0.11403796040241042, 0.10396694311829782], [0.12250279504454377, 0.10431939584015787, 0.10501870598705974, 0.1196788048308235, 0.10865039803860568, 0.09681963416592775, 0.12499999999999999, 0.11306885318262604, 0.10494141291025556], [0.1228911164354925, 0.10397479145410549, 0.10433109492788809, 0.12014090544754695, 0.10920296518341757, 0.09643229179761874, 0.12500000000000003, 0.1136043672665295, 0.10442246748740129], [0.12303338402527846, 0.10392775621425128, 0.10416276333684707, 0.12025555709168013, 0.10951310926068071, 0.09641290912990796, 0.12454850832899196, 0.11383416453766995, 0.10431184807469246], [0.12321720961887497, 0.10367442714300694, 0.10379171743852691, 0.12057590488184043, 0.10973606014134024, 0.09619400224510131, 0.12486122481451307, 0.113961570678469, 0.1039878830383271], [0.12328906621522583, 0.10366050545605253, 0.10377912201848047, 0.1205871079204081, 0.1097579557652517, 0.09621168632890886, 0.12478164649580034, 0.11396372957326696, 0.10396918022660503], [0.12325999788410687, 0.10373391672524535, 0.10398977707812075, 0.12030861984856388, 0.10950676584053905, 0.09632306829538839, 0.125, 0.11377518982213439, 0.10410266450590133], [0.12341331717579264, 0.10365462045358224, 0.10380674116922456, 0.12054801116563028, 0.10975017420012781, 0.0962811389598039, 0.12465025039075493, 0.1139288135527751, 0.10396693293230849], [0.12328402701752225, 0.10392721599155118, 0.10434782953746709, 0.11997424025482527, 0.10928775997201375, 0.09661447716747279, 0.1246048240759972, 0.11359463369595661, 0.10436499228719388], [0.12351942791796983, 0.10366674448011377, 0.10388494615947275, 0.12044740141227536, 0.10968305323980965, 0.0963768143215746, 0.12457371100773007, 0.11385088673480567, 0.10399701472624832], [0.12307145313734015, 0.10418001998490398, 0.1049229551811506, 0.11965730755985786, 0.10871422146890294, 0.0969309920470901, 0.124668762495418, 0.11308349148353349, 0.10477079664180276], [0.12332444991830736, 0.10393619246616732, 0.10440208324768391, 0.11991867421442597, 0.10922999268907485, 0.09666728064183107, 0.12459638578203802, 0.11353660026828329, 0.10438834077218823], [0.12293996617841385, 0.10425541432578754, 0.10513327823576124, 0.11946185921756874, 0.1085303018300892, 0.0970592125673639, 0.12484592670834267, 0.1128687135125196, 0.10490532742415326], [0.12328272281199369, 0.10407491698621452, 0.10476804557228721, 0.1197030453369677, 0.10879782188497532, 0.09687003606217565, 0.12468900013451426, 0.11318507345326916, 0.10462933775760251], [0.12306193619246564, 0.10419279899529496, 0.10510251325518469, 0.11941569275445636, 0.10849351650455347, 0.09706085708243632, 0.125, 0.11282929670813122, 0.10484338850747736], [0.12361835803247298, 0.10376019179747141, 0.10427158318694511, 0.11989605381249084, 0.10918723300156533, 0.09661237962527067, 0.125, 0.1134477469163383, 0.10420645362744538], [0.12346902865964893, 0.10395018607018787, 0.10466175875330207, 0.11963016542808834, 0.1088067362529911, 0.0968269912862361, 0.125, 0.11316137027684661, 0.10449376327269899], [0.12327926397978023, 0.10415950385194832, 0.10506282058724346, 0.11942844713042793, 0.10854595781203154, 0.0970987418246254, 0.12474710251325498, 0.11288524446803684, 0.10479291783265132], [0.12368311948790583, 0.10385293703030402, 0.10447747115672504, 0.1197005577611333, 0.10906275035573544, 0.09680942119907295, 0.12474766219636499, 0.11332721611435609, 0.10433886469840235], [0.12374403325732156, 0.10378115247685224, 0.10437141918919686, 0.11978123016976411, 0.10911245690135075, 0.09673400340498195, 0.1248677151364018, 0.11335917493904016, 0.10424881452509062], [0.12374155996772424, 0.10384665039821973, 0.1044976663994949, 0.11966729136782928, 0.10903866669044668, 0.09684250731950206, 0.12473217717497695, 0.1132951846903017, 0.10433829599150445], [0.12337792670182776, 0.1041869962164261, 0.10523168004653614, 0.11923429191774837, 0.10840998909690339, 0.09728151480737632, 0.12470086896020344, 0.11271469958660713, 0.10486203266637134], [0.12387529184111268, 0.10374290250450367, 0.10432292432140794, 0.11984989752638045, 0.10920070441964094, 0.09677920279335311, 0.12464629064559837, 0.11339134651549748, 0.10419143943250536], [0.12381138320185563, 0.10395201647501455, 0.10480183121870022, 0.11940262973053185, 0.10875675345563778, 0.09708865031725963, 0.12462763119551926, 0.1130414476463115, 0.1045176567591696], [0.125, 0.10851171176436329, 0.10896977846699227, 0.12021655581796517, 0.10614362037001294, 0.09745627994752222, 0.11066281602784116, 0.1126126468801011, 0.11042659072520185], [0.12490394389690587, 0.10854804381903821, 0.1090798940373579, 0.12012728237869752, 0.10611010127339524, 0.09757134705103307, 0.11059950518867134, 0.11257408476072621, 0.11048579759417466], [0.125, 0.1081282518773721, 0.10844197408918907, 0.12079807718898831, 0.1063480495505662, 0.09701843505417283, 0.11165927453167687, 0.1127132205728493, 0.1098927171351853], [0.125, 0.1078599565626985, 0.10797322496928084, 0.12123839953619549, 0.10653408444986887, 0.09661655367980676, 0.11236427579761833, 0.11291240134723333, 0.10950110365729787], [0.125, 0.1085585730290774, 0.10971777446946926, 0.11956445015677002, 0.1057539334322473, 0.09820654578193654, 0.11037898963381905, 0.11217344239756835, 0.11064629109911206], [0.12499999999999997, 0.10886271014122485, 0.11047836441472646, 0.11878678399776102, 0.10540606104882284, 0.09891146393800213, 0.10946673760244334, 0.11185492894632024, 0.11123294991069893], [0.12489720000121832, 0.10816817908582875, 0.10909649139663394, 0.1202284070934198, 0.1060219740143457, 0.09768981004107376, 0.11148046627286759, 0.11234051977705006, 0.11007695231756208], [0.125, 0.10813708634940036, 0.10917715819278619, 0.12014448689794938, 0.10595335517148435, 0.09776963979764954, 0.11149020532256458, 0.11226179943296286, 0.11006626883520275], [0.12446714626002507, 0.10766862199749404, 0.10829564762099095, 0.12098043550696834, 0.10641710190175585, 0.09709992659500223, 0.11307377418892404, 0.1126608452554888, 0.10933650067335084], [0.12478046571587094, 0.1081585498775305, 0.10942892247312616, 0.11995672684612525, 0.10586801300034705, 0.09805199352192054, 0.11148134161962835, 0.11214214735104333, 0.11013183959440774], [0.12463700742098632, 0.10764605826619729, 0.10849879661951926, 0.12076685107321447, 0.10627283693354571, 0.09729963146650826, 0.11302381519610419, 0.11249065580061801, 0.10936434722330649], [0.125, 0.10772892933900378, 0.1087509225809161, 0.12051565361996272, 0.1060903217342951, 0.09747728008452763, 0.11259102316742242, 0.11231762527246482, 0.10952824420140746], [0.12468527908099412, 0.10787644813983803, 0.1090769502813556, 0.12028707548534945, 0.10601391810203904, 0.09780469811296938, 0.11230710138340524, 0.11220769232650929, 0.10974083708753986], [0.125, 0.10869420152375255, 0.11135938746350664, 0.11810301077474429, 0.10491297224693377, 0.09983912973853444, 0.10946678450445488, 0.11123287841116881, 0.111391635