[[0.11866305241180997, 0.11567570640425962, 0.10387357922070876, 0.10288944796176216, 0.1230222719079981, 0.12472683636666519, 0.10124399089830224, 0.10312875787201856, 0.10677635695647542], [0.11921865392635635, 0.11630966839444908, 0.1033830569212383, 0.1025241879918231, 0.1235756581247881, 0.12488064095757953, 0.10077389950287152, 0.10277389077883538, 0.10656034340205867], [0.11852981340318479, 0.11566493489442092, 0.10384272717397344, 0.10297783693802473, 0.12286085322615707, 0.12484795654985976, 0.10131849200425315, 0.10322104181424835, 0.10673634399587754], [0.1186387405922224, 0.11579010650349325, 0.10375179373097547, 0.10290422213235972, 0.12302389204222108, 0.12481813021421607, 0.10122487688586998, 0.1031493586391075, 0.10669887925953465], [0.1191808900805126, 0.116356372338536, 0.10332495062097914, 0.10255178360218603, 0.12347893115647336, 0.125, 0.10078417599584306, 0.10280479783032824, 0.10651809837514158], [0.11901990232563528, 0.11624913564387016, 0.10344444712466158, 0.10271559592059316, 0.12335465775079528, 0.12471079422846203, 0.10096274924582219, 0.1029685248288633, 0.10657419293129682], [0.11851373276001465, 0.11572712211848428, 0.103752642550745, 0.10296687892008646, 0.12286417569850705, 0.125, 0.10128590812718817, 0.10321373003679514, 0.10667580978817928], [0.11849272055455794, 0.11581257816452259, 0.10371452188324601, 0.10304487215448413, 0.12281568423519239, 0.1248245502793095, 0.10134303258417561, 0.10329578999818421, 0.1066562501463276], [0.11812435402829072, 0.11552113699044722, 0.1040634149626796, 0.10343899743444429, 0.12227210674036773, 0.12426389155306324, 0.10179190487310875, 0.10368579971082954, 0.10683839370676892], [0.11865140799000358, 0.11612269263909031, 0.10358954926804657, 0.10309172364799277, 0.12290895615497513, 0.12432132974159531, 0.10133979669439819, 0.1033497322931395, 0.10662481157075866], [0.11902148308436232, 0.11660412659699522, 0.10326565442177946, 0.10287826204297186, 0.12303230219233327, 0.12448854097107076, 0.10105206731214439, 0.10314361595372298, 0.10651394742461977], [0.1180857375698901, 0.11557135646175186, 0.1040128187209314, 0.10347927786024333, 0.12223876753173166, 0.12426434327873061, 0.1018144005143417, 0.10372955438955936, 0.10680374367281985], [0.11885294814872022, 0.11645685836790712, 0.10334679498682975, 0.10298721030219059, 0.12295251543947845, 0.12444560029615401, 0.10117527126437763, 0.10325252257453607, 0.10653027861980617], [0.11864860489203956, 0.11630786839115113, 0.10346321310922692, 0.10316050527025539, 0.1227879176197376, 0.12427062173953336, 0.10136430021767405, 0.10342608509924162, 0.10657088366114019], [0.11907741155576933, 0.1169199434882134, 0.10303580402254511, 0.10287180105510144, 0.1232545290913341, 0.12429527522422068, 0.10098151950738586, 0.10314637409791125, 0.10641734195751884], [0.11838408837610113, 0.11600485033898807, 0.10364178818431191, 0.10329496225755785, 0.12258162942276024, 0.12437337203452657, 0.1015415260325677, 0.10355666374650957, 0.10662111960667713], [0.11897314589562077, 0.11681863027238079, 0.10309997269482676, 0.1029520251355585, 0.12306820021635656, 0.12435416102817044, 0.10107221744778316, 0.10322650637611534, 0.10643514093318766], [0.11882372808894487, 0.11663823130954093, 0.1032736272481579, 0.10311081305299936, 0.12274752556629583, 0.12424803794392918, 0.10126092572772906, 0.103382926914904, 0.10651418414749907], [0.11787443136973004, 0.11553980761528265, 0.10408979620188805, 0.10373467422279316, 0.12193969582017862, 0.12393295042790506, 0.1020640216543924, 0.10398889836411375, 0.10683572432371628], [0.11871101297232736, 0.11654005601514145, 0.1033367723818496, 0.10319558949294616, 0.12268918615663492, 0.1241717241054564, 0.10135588523702463, 0.10346763907510571, 0.10653213456351397], [0.11833466703331243, 0.11608515033661294, 0.10353701670658201, 0.10333279823016306, 0.12247663592489132, 0.12452724814379862, 0.10154871609925563, 0.10360021695370408, 0.1065575505716799], [0.1186377520325402, 0.11648539531458446, 0.10334389910567396, 0.10322640030907203, 0.12263518561601623, 0.1242633609668405, 0.10138824317299737, 0.10349909856938495, 0.10652066491289029], [0.11780459898974502, 0.11550346121974653, 0.10414234975331076, 0.1038160850028932, 0.12183765060799984, 0.12381091664787892, 0.10215135546445406, 0.10407025990971736, 0.10686332240425431], [0.11846702291593429, 0.11632089320940074, 0.10337746235496317, 0.10327850588419638, 0.12252301856063055, 0.12453127181005592, 0.10145189237034125, 0.10355132720073039, 0.10649860569374728], [0.11829266990171876, 0.1161143395786688, 0.10348554788584156, 0.10335861627553355, 0.12240292301776325, 0.12463432054567773, 0.10155939650569205, 0.10362904461256979, 0.10652314167653444], [0.11801790735179644, 0.1158267907358846, 0.10378782021002975, 0.10362865977861334, 0.12211001614019425, 0.1241798508665021, 0.1018850634644549, 0.10389358204304694, 0.10667030940947768], [0.11784790114755243, 0.11563665799010374, 0.10400124922564159, 0.10379613461622422, 0.12189375066941131, 0.12389465319441773, 0.10209426879955517, 0.10405623586229912, 0.10677914849479465], [0.11865593217160225, 0.11671114406326968, 0.10308799779756134, 0.10316367957136716, 0.12275656595450204, 0.12453204189028828, 0.10126551044385534, 0.1034453366644905, 0.1063817914430634], [0.11840712395113538, 0.11636749464542075, 0.10332573359923902, 0.1033355436425305, 0.12240514622205807, 0.12459006079595257, 0.10148958022153484, 0.1036123189782647, 0.10646699794386418], [0.11793376555068796, 0.11578093241057913, 0.10383902796593436, 0.10371656805037745, 0.1219975479605801, 0.12407800206445443, 0.10197832115934746, 0.10398174042842923, 0.10669409440960967], [0.11809233903061689, 0.11597533992797111, 0.1035983106637729, 0.10353295308719833, 0.12217645916611614, 0.12450648527925771, 0.10174911706273031, 0.10380350447216888, 0.10656549131016756], [0.11821978487412758, 0.11614797795876956, 0.10341664441005728, 0.10340460574359453, 0.12228197243683016, 0.12479022049776407, 0.10158428972755543, 0.10367939735174282, 0.10647510699955855], [0.1183108297441033, 0.11629745560333316, 0.1033307012858735, 0.10337382216873359, 0.12231870900441215, 0.12473815253232257, 0.10152929567618565, 0.10365150519237806, 0.10644952879265819], [0.117646046797141, 0.11550511504356309, 0.10417147114596452, 0.10402119130129937, 0.12160575062883279, 0.12355815991659083, 0.10234310483426966, 0.10427997231503636, 0.1068691880173025], [0.11790471632688412, 0.11583700283686194, 0.1037584694144132, 0.10373588902856543, 0.12194508938587033, 0.12419371120421245, 0.10197504877569669, 0.1040052221322564, 0.10664485089523963], [0.11764031009184227, 0.11553747618682907, 0.10413969471194166, 0.10403713149169581, 0.12159592664822401, 0.1235522909227873, 0.10234849642075704, 0.10429785469647208, 0.10685081882945076], [0.11832074385766612, 0.11648141890723539, 0.1032401416635881, 0.1034486228237919, 0.12226597380765489, 0.12451989359857016, 0.10156644916029427, 0.1037325078629377, 0.10642424831826149], [0.11812817687208867, 0.11619907511321191, 0.10332140853181172, 0.1034620684631299, 0.12212312775762511, 0.125, 0.10161281782095137, 0.10374271450707392, 0.10641061093410736], [0.11791010188370367, 0.11590478175582947, 0.10366981388644265, 0.10372110210137102, 0.1219351608406531, 0.12433259295045465, 0.1019385024983047, 0.10399396752375037, 0.10659397655949018], [0.11854002575322813, 0.11690486211686224, 0.10276379900339944, 0.10312276353940744, 0.12292366818742641, 0.12499999999999997, 0.10115015489140057, 0.10341686889210107, 0.10617785761617457], [0.11819222639463368, 0.11634296915380225, 0.10327879368186786, 0.10349149539158715, 0.12211896294751905, 0.12476432186380003, 0.1016214254220316, 0.10377496358870418, 0.10641484155605435], [0.11838682011979455, 0.11670968604165885, 0.1030159786306339, 0.1033650428312776, 0.12256410492151222, 0.1245586756107515, 0.10143104583621201, 0.10365595919794504, 0.10631268681021451], [0.1182677575489066, 0.11651604171602636, 0.10320222245013862, 0.10349850882845134, 0.12226238989195912, 0.12446521765458166, 0.10160120810801171, 0.10378553307242942, 0.10640112072949517], [0.11772218664649006, 0.11578856253968955, 0.10381434224869647, 0.10393494448050476, 0.12168962045893017, 0.12400573633778983, 0.10216980339821495, 0.10420753566059178, 0.10666726822909242], [0.11798377443112343, 0.11632684398977665, 0.10325282016862336, 0.10367170612746243, 0.12202453279399315, 0.124618038577732, 0.10177884573547165, 0.10396167394300744, 0.1063817642328099], [0.11739645537625339, 0.11550818061124787, 0.10411706610669635, 0.10426080249876057, 0.12149876567203549, 0.12332487304719758, 0.10254828184831002, 0.10452874447024658, 0.10681683036925214], [0.11832577082328143, 0.11705661136173824, 0.10259775586929212, 0.10333169252142693, 0.12281333033972641, 0.12486535068568315, 0.10129386333274011, 0.103639143839084, 0.10607648122702758], [0.1183584053976766, 0.11711941549687299, 0.10256846211966064, 0.10332611293650651, 0.12287348667419276, 0.12476963680630472, 0.10127941518356004, 0.10363453455889575, 0.10607053082633021], [0.11746042665302768, 0.11562470714936687, 0.10398291288331175, 0.10420042563000827, 0.12150294500277473, 0.12355356778164053, 0.10245676349011565, 0.10447287780936268, 0.10674537360039166], [0.11821385504964949, 0.11687012349108197, 0.10277594367292413, 0.10344688247216412, 0.12257960473593787, 0.12475659265728287, 0.10144461375673149, 0.10375048221513963, 0.10616190194908823], [0.11805523328802481, 0.11656145933353533, 0.10312345641517422, 0.10368510793094365, 0.12222022706477101, 0.12428140694246846, 0.10174925129081445, 0.10398115654310776, 0.10634270119116011], [0.11824468666502082, 0.11698615334203483, 0.10261454286220156, 0.1033711838432022, 0.12269887927027948, 0.125, 0.10133639976279411, 0.10367924690636242, 0.10606890734810458], [0.11768506291327, 0.11597568650538614, 0.10353430405232827, 0.10391557564367855, 0.1218596483882612, 0.12425056955266282, 0.10208038940264963, 0.10420011599317804, 0.10649864754858535], [0.11748209227536757, 0.11569453704247246, 0.1038914105674487, 0.10417093537315363, 0.12153620495370726, 0.12367875166728967, 0.10240572431943863, 0.10444672868766751, 0.10669361511345456], [0.11789902670987648, 0.11647190557770276, 0.1031054318482024, 0.10375344706676029, 0.12233389347900289, 0.12427034523507498, 0.10181204026801402, 0.10405229859722685, 0.10630161121813915], [0.1179242397318198, 0.11655446074089824, 0.10306123001070953, 0.10375700629929584, 0.12239730084410154, 0.12415805289581366, 0.10180087163462301, 0.10405789664683737, 0.10628894119590102], [0.11800831072993039, 0.11680463301403841, 0.10278978532478304, 0.1036287906340839, 0.12251029453592267, 0.12455933647751179, 0.10161383379298074, 0.1039374118224565, 0.10614760366829258], [0.1177766420149597, 0.1163486119458636, 0.10314526029988787, 0.10381081833151742, 0.12234197436262163, 0.12428996219662543, 0.1018795201630064, 0.10410958559390249, 0.10629762509161546], [0.1180717681441233, 0.11693910871632737, 0.1026570119854216, 0.10356181284379033, 0.12256200664370634, 0.12473427017805924, 0.10151824404192313, 0.10387397081765566, 0.10608180662899282], [0.11769754951864096, 0.11624105028533638, 0.10320994301404458, 0.10385779615535824, 0.1222925425191428, 0.12428604256665818, 0.10194220848150701, 0.1041550572988837, 0.10631781016042817], [0.11741002220500082, 0.11577732237991875, 0.10370346912278681, 0.10417095465265565, 0.12180359432507024, 0.12375048454080913, 0.10235997926901487, 0.1044551103777047, 0.10656906312703907], [0.11797699382671903, 0.11682345541957329, 0.10274465660733495, 0.10364059378629172, 0.12257643245675755, 0.12455594953211761, 0.10161369699980946, 0.10395150144838845, 0.10611671992300795], [0.11762354354998926, 0.11614310323191937, 0.10328359293598123, 0.10391468083914704, 0.1222346417651003, 0.12422758352327158, 0.10201526827369402, 0.10421030954487495, 0.10634727633602226], [0.1175794908351492, 0.11609934032884069, 0.10331648982418729, 0.10395149885745665, 0.12221796943510528, 0.12417021229323809, 0.10205820942002841, 0.10424671991032616, 0.10636006909566843], [0.11752883740525946, 0.1160204081548519, 0.10339487105795185, 0.10400307100626106, 0.12214222438009109, 0.1240893002758129, 0.1021264871124102, 0.10429627425344128, 0.10639852635392028], [0.11740876261036741, 0.11585660892416509, 0.10357473172065566, 0.10413743388980386, 0.12197165866562365, 0.12383665250717665, 0.10229683756862455, 0.104426401427709, 0.10649091268587413], [0.11771621112670833, 0.11644975498687575, 0.10300867006590396, 0.10383569201489712, 0.12256107419131144, 0.12420411650559009, 0.10186645679804075, 0.10414115928775936, 0.10621686502291319], [0.11759450733430785, 0.11621045989441903, 0.10319833724316055, 0.103930079193859, 0.1223831483888619, 0.12414881556423565, 0.10200656185651823, 0.10422994072257587, 0.10629814980206197], [0.11733745051858122, 0.11579179990861847, 0.10364073582009448, 0.10421080621949846, 0.12192041628534962, 0.12369554874638822, 0.1023815048677899, 0.10449886174862259, 0.10652287588505709], [0.11773799378310379, 0.116577299100269, 0.10287648773194813, 0.1037947838789046, 0.12267757790111773, 0.12428832949800582, 0.10179390722407174, 0.10410476115984175, 0.10614885972273744], [0.11759407848497823, 0.11627316567723257, 0.10313604001763405, 0.10392998636381577, 0.1224818391873304, 0.12409686709468618, 0.10198916973948582, 0.10423261475039972, 0.10626623868443728], [0.11748629098056979, 0.11614905265216834, 0.10321766445653979, 0.10400878323175893, 0.12242462067053549, 0.12402380144020975, 0.10208529671355783, 0.10431003990570276, 0.10629444994895734], [0.11739023791005289, 0.11602077146384364, 0.10331171013153742, 0.10407927389722758, 0.1223202879331913, 0.12399069682175302, 0.10217719172093645, 0.10437829400878239, 0.10633153611267518], [0.11741199508752027, 0.11625414480945694, 0.10298240929171483, 0.10396404552771897, 0.12270133753256596, 0.12428323415446933, 0.10198801223783423, 0.10427427153183155, 0.10614054982688793], [0.11714232698534828, 0.11579265323793493, 0.1034545274275315, 0.10426121033415832, 0.1221676118409938, 0.12385863800178287, 0.10238701707614604, 0.10455875065566629, 0.10637726444043778], [0.1171029616997787, 0.11586289011220202, 0.1032788462002917, 0.1042138016341039, 0.12237405738514358, 0.12408695572254905, 0.10230178123366815, 0.10451775669352877, 0.10626094931873417], [0.11752342474128703, 0.1168493400811878, 0.10225880659830347, 0.10372378169449527, 0.12326267683688331, 0.125, 0.10158203912367011, 0.10405807773363734, 0.10574185319053567], [0.11710353181191405, 0.11591623325587912, 0.10318087264660729, 0.10417429043464461, 0.12248839284692152, 0.12421353728478789, 0.10224155517566734, 0.10448146815697647, 0.1062001183866019], [0.1173768851408912, 0.11677616704306239, 0.10225136433148391, 0.10381994786737607, 0.1234428514773846, 0.12479026479944419, 0.10167017579349089, 0.104157533344685, 0.10571481020218175], [0.11695292677826748, 0.11580445080585808, 0.1032365474911309, 0.10428629049456985, 0.12243038544403373, 0.12412204149376871, 0.10236186945179966, 0.10459399990349243, 0.10621148813707916], [0.11720593813982237, 0.11644868308246528, 0.10242638996558609, 0.10386713579992027, 0.12332046583094117, 0.12499999999999997, 0.10176937857642776, 0.1041985952378601, 0.1057634133669768], [0.11707890124671544, 0.11618516200965719, 0.10273249447430836, 0.10403138591326257, 0.12304337454708178, 0.12464809056193728, 0.10199888194010137, 0.10435426999655989, 0.10592743931037592], [0.11715738635377448, 0.11641906696821559, 0.1024368008818331, 0.10390555831342228, 0.12335135707587944, 0.12492142385767388, 0.10180772905777874, 0.10423770281973974, 0.1057629746716827], [0.11687234435060226, 0.11580480418638901, 0.10315702456565866, 0.10430442122045133, 0.12252822371463293, 0.12420608183095558, 0.10236095570375174, 0.1046160923839761, 0.1061500520435824], [0.11681879552218076, 0.11602070341824149, 0.10269289148977974, 0.10413632445511586, 0.12307756238377056, 0.12484263535377184, 0.10209497491889584, 0.10446370079674092, 0.105852411661503], [0.11681440149156797, 0.11607384971192955, 0.10257791557992536, 0.10409334234992981, 0.12320930184328374, 0.125, 0.10202802442736206, 0.10442452467018838, 0.10577863992581311], [0.1167229622341824, 0.11586031732936213, 0.10291501048425122, 0.10430189894874783, 0.12283015022352038, 0.12446435010179743, 0.10230236795300694, 0.10462412440447212, 0.10597881832065956], [0.10200937616707015, 0.12347616620616803, 0.11043430716928197, 0.12040572145838921, 0.09973026617276579, 0.09064269327683383, 0.12405281036853714, 0.11406284289604655, 0.11518581628490736], [0.10259203489568053, 0.12291081135386381, 0.10991194622773301, 0.11836241840256506, 0.10044363939847296, 0.09095952836973531, 0.12500000000000003, 0.11461813834567933, 0.11520148300627013], [0.10217481256087892, 0.12337433385905516, 0.11007135629192848, 0.11930875602215016, 0.09996335553984972, 0.09061492959423367, 0.12499999999999999, 0.11433967437356994, 0.11515278175833381], [0.10200403828251146, 0.12339661485983887, 0.11040367666597788, 0.120435166084501, 0.09977398530915356, 0.09070611649539376, 0.12402057338781547, 0.11413182602043628, 0.11512800289437171], [0.10200727988822371, 0.12335016928045602, 0.11035678986477285, 0.1204098814849053, 0.09981348108807034, 0.09074849021354456, 0.12403350846454872, 0.11419163541585381, 0.1150887642996247], [0.1019623313915256, 0.12317493705038356, 0.1105375983397915, 0.12079882305050743, 0.09980120008368544, 0.0908502203008442, 0.12368238428882457, 0.11416628827339992, 0.1150262172210378], [0.10236731378966303, 0.12303680108618491, 0.10988364818148202, 0.11898252398481102, 0.10035596947444037, 0.09101836854333221, 0.12461197028474795, 0.11473774549981422, 0.11500565915552427], [0.10277428685964367, 0.12250145449939492, 0.10972839206436391, 0.11806346655865774, 0.100877362663784, 0.09141932642134773, 0.1245810391633859, 0.11507434527868678, 0.11498032649073536], [0.10200698527879615, 0.12296215001589463, 0.11020742387169057, 0.12051332076405878, 0.1000574765496812, 0.09109640713654445, 0.12379961076593411, 0.11454293450558513, 0.11481369111181512], [0.10209921853554105, 0.12289857826868614, 0.10990384899349269, 0.11995970459460187, 0.10026489685473339, 0.09119520312412006, 0.12412367924036068, 0.11482748485533381, 0.1147273855331302], [0.10210122096825085, 0.12277363991108048, 0.10986109185021302, 0.12004081345933111, 0.10034699496209884, 0.09133022193380193, 0.12396797683571233, 0.11493698083429578, 0.11464105924521571], [0.10141400696706103, 0.12239064762601976, 0.11059295313515574, 0.12186603943244584, 0.09951597143280987, 0.09082985009152587, 0.1240798854755381, 0.11411646540722266, 0.1151941804322212], [0.10244782801943193, 0.12247943735255212, 0.1095059380955357, 0.11899853625145623, 0.10086019095005914, 0.09162639172682031, 0.12407543813857819, 0.11543119457004947, 0.11457504489551691], [0.10265136948653085, 0.12164659362707779, 0.10901699772727297, 0.11859781679731542, 0.10126821402451644, 0.0917045373027239, 0.125, 0.11583840051851778, 0.11427607051604485], [0.10249646268420322, 0.12224467428315978, 0.10931856665062915, 0.1190429373209826, 0.1010313226909342, 0.09175879559294063, 0.12401323660698303, 0.11565348521921648, 0.11444051895095092], [0.10204340654388948, 0.12248926767014551, 0.11001824431553471, 0.1205607939074112, 0.10039904225885551, 0.09157429193421117, 0.12343638376081606, 0.11499131841137052, 0.11448725119776583], [0.10141830170044006, 0.12215022085292779, 0.11037540168921713, 0.12171618699946528, 0.09968070550076902, 0.09101043506007134, 0.1243177574143917, 0.11437231465093645, 0.11495867613178111], [0.102063768944546, 0.12245502429884293, 0.10993827274954328, 0.1204646244901272, 0.10046187677949758, 0.09162735805045105, 0.1234601212910448, 0.115077547157979, 0.11445140623796819], [0.10242647293219784, 0.12214850416542002, 0.10924098126431601, 0.1193311399678957, 0.10107131113614631, 0.0918628241397391, 0.12382483767566876, 0.11579209143091675, 0.11430183728769949], [0.10248645092591907, 0.12191893993115499, 0.10905758136237116, 0.11910533835218882, 0.10118997103614608, 0.09185359600288828, 0.12424435760941677, 0.11592713391526346, 0.11421663086465153], [0.10132368287890323, 0.1219171457731852, 0.11026411744062194, 0.12178392587146175, 0.09970831550258262, 0.09108977107226873, 0.12458977478596514, 0.11447386040675096, 0.11484940626826041], [0.10170739279532949, 0.12195905390224449, 0.10995411784818779, 0.12103414343315891, 0.10023357803681976, 0.09153049463803047, 0.12412848773814325, 0.11500669552765631, 0.11444603608042965], [0.10226841499188302, 0.12203615421929528, 0.1091788911305673, 0.1197819356709073, 0.10103642228790581, 0.09194780758375104, 0.1237407774414986, 0.11589412839970079, 0.11411546827449075], [0.10221294670837264, 0.12208281734898879, 0.10925564800883943, 0.11987343670452587, 0.1009556158754777, 0.09192400360168218, 0.12376008433927496, 0.1158081286163947, 0.11412731879644386], [0.10190126278252296, 0.1220195521184112, 0.10979744690655652, 0.12067545970821471, 0.1005104427735638, 0.09177785272295826, 0.12380656414857841, 0.11527526942760488, 0.11423614941158942], [0.10245249999438535, 0.1216069033767255, 0.1088104855871386, 0.1193352608089343, 0.10136612114393008, 0.09202801294225076, 0.12419454365461931, 0.1162501403402856, 0.11395603215173047], [0.10122552780789092, 0.12171993947320672, 0.11026917970050358, 0.12195217624497635, 0.09968917155407722, 0.09114667487729651, 0.12468123168839264, 0.11447641952205188, 0.11483967913160432], [0.10211406111067842, 0.12206334807528087, 0.10944423384104841, 0.12014655734681495, 0.10083301575839068, 0.09198577089179054, 0.12365706519713197, 0.11563817451194995, 0.11411777326691423], [0.10254523465676864, 0.1211787997674732, 0.10856597587273659, 0.11934557408454959, 0.10161257163492492, 0.09214071140735251, 0.12433612035284719, 0.11652161515137646, 0.11375339707197092], [0.10236499212542569, 0.12171101565965801, 0.10886291289473458, 0.11969676888695467, 0.10130178813724686, 0.09209577466923426, 0.12379347646832595, 0.11623741417599559, 0.1139358569824244], [0.10213239618515536, 0.12195554206940089, 0.10916024931190736, 0.12005940746166381, 0.10095390119802457, 0.09195087179601708, 0.1238989169711368, 0.11588779677532848, 0.11400091823136566], [0.1012679902141885, 0.12163033528029903, 0.11009117631776304, 0.12172656952164326, 0.09981901638035008, 0.09125221528887686, 0.12488576070362482, 0.11466944910434865, 0.11465748718890575], [0.10208192488655009, 0.121974894330482, 0.10932912672096323, 0.12021929403356904, 0.10086376670894935, 0.09199391604541651, 0.12377144289194278, 0.11573645601315403, 0.11402917836897311], [0.10251436340464672, 0.12115139853549596, 0.1085221258094017, 0.11946000145193293, 0.10163250204074506, 0.09218835107476724, 0.12424175170097727, 0.11659422749503015, 0.11369527848700295], [0.10217643533799625, 0.12176891962218023, 0.10892128021230552, 0.12001307405704023, 0.10111482588579303, 0.09201276896518439, 0.12398478652270156, 0.11613461799282618, 0.11387329140397262], [0.10127594897991561, 0.12153635728370796, 0.10999559811972268, 0.12163306194191162, 0.09989314308620897, 0.09133109671342853, 0.12499999999999999, 0.11477967139264021, 0.11455512248246431], [0.1013241805658831, 0.1214454705342924, 0.10993065044233853, 0.12155150273785499, 0.10001037288545235, 0.09147097822816014, 0.12488700829233759, 0.11490506718044018, 0.11447476913324074], [0.10199052775444148, 0.12171187156181332, 0.10901655997276823, 0.12042973135906082, 0.10095142146981995, 0.09202805057517528, 0.12408535850895723, 0.1160101693183925, 0.11377630947957122], [0.1021261884073441, 0.1215378245926737, 0.1086973359128844, 0.12016652811356669, 0.10121045954826616, 0.09208537958498283, 0.12414256393422915, 0.11635659932763392, 0.11367712057841894], [0.10257379470756046, 0.12072743805014735, 0.10825298583524616, 0.1197028529101856, 0.10193727744155312, 0.09246413544408608, 0.12393684642362791, 0.11699112939325584, 0.11341353979433745], [0.10149466258199347, 0.12137521218805519, 0.10978652238800488, 0.12125723252699597, 0.10027357055995854, 0.09171933621709989, 0.12461705710272569, 0.11517817698314557, 0.11429822945202092], [0.10197055518739834, 0.12161517837275886, 0.10887575901951839, 0.1204609448926284, 0.10100105391527642, 0.092031894846618, 0.1242246425154372, 0.11613598117217068, 0.11368399007819359], [0.10244349214666965, 0.12096211939219714, 0.10833724715416419, 0.11984259686932214, 0.10176065778551972, 0.09239013077294762, 0.12390924419118486, 0.11688815199716948, 0.11346635969082522], [0.10273112416243298, 0.12072082865489894, 0.10799904188570338, 0.11954349895518174, 0.10225602786300278, 0.09263041094834532, 0.12369272604502705, 0.11723592472450263, 0.11319041676090519], [0.1019879069919018, 0.1215409383642731, 0.10874710526197802, 0.12041380615152793, 0.10107308158184042, 0.09203933873796366, 0.12431177761775684, 0.11626202395667548, 0.11362402133608275], [0.10176828517206629, 0.12146482427043752, 0.10950865802328764, 0.12089445532124668, 0.10068888173953697, 0.09206678295512517, 0.12402911726038476, 0.11562983542097836, 0.1139491598369366], [0.10259838658643497, 0.12055346127435829, 0.1079119083474706, 0.11977228577345454, 0.10219393292657537, 0.0926113002737029, 0.12393546353601018, 0.11733210215309535, 0.11309115912889793], [0.10249668547056431, 0.12049106956567021, 0.10802545441433259, 0.11991499181130687, 0.10202821432737852, 0.09254014595392471, 0.12409125538964665, 0.11723048876027095, 0.11318169430690518], [0.1012120944541895, 0.12108876639384218, 0.1099114999008138, 0.12169503839723696, 0.10006156812149765, 0.09165876511773201, 0.125, 0.11495757460873654, 0.11441469300595138], [0.10150486838114828, 0.12114819085060911, 0.1096986432882417, 0.1212326750114039, 0.10042856056766655, 0.09195002890131046, 0.1245001909741665, 0.11534553791724626, 0.11419130410820724], [0.10231324315247463, 0.12078165624505358, 0.10813269127524532, 0.12013540780252745, 0.10179104398319108, 0.09244817830461148, 0.1240598595481184, 0.11709557812931089, 0.11324234155946716], [0.10185409460626339, 0.12128606434350832, 0.108540051883754, 0.12073799216818167, 0.1011010348838299, 0.09209770710659854, 0.12456465787503987, 0.11643612145435508, 0.11338227567846922], [0.10159255505778254, 0.12112563942583969, 0.10950772141087337, 0.12124980171131391, 0.1006123448292928, 0.09209087604148063, 0.12425543217215368, 0.11559219210668414, 0.11397343724457926], [0.10190845715482433, 0.12117227602460703, 0.10836917301229312, 0.12064007596983066, 0.10123685797181206, 0.09214551739829055, 0.12458958477718148, 0.11663140649696221, 0.11330665119419865], [0.10232072634118247, 0.12052007282942861, 0.10794253577375619, 0.12017521474235036, 0.10191887604390691, 0.09249519267900701, 0.1242660559595485, 0.11728550765125882, 0.11307581797956114], [0.1018306743334909, 0.12108090860278124, 0.10829761243507074, 0.12079855278275708, 0.1012178483849134, 0.09214918426913266, 0.12474168212170955, 0.11667574405724394, 0.11320779301290058], [0.10178306327541306, 0.12115183855621055, 0.10848845203203986, 0.12098297470985656, 0.10110775230760571, 0.09216989934980467, 0.12456367675446205, 0.11648630729461835, 0.11326603571998907], [0.10235316427345881, 0.12019059932346514, 0.1076985673256732, 0.12022471534766417, 0.10212487054925451, 0.09261230949369456, 0.124392962329516, 0.11755301628191707, 0.11284979507535657], [0.10180515056977937, 0.12118762495460615, 0.10882112277777484, 0.12113321581868185, 0.10105558776224634, 0.092298922983295, 0.12406837623926553, 0.11626905105179833, 0.11336094784255273], [0.10240150025111519, 0.12018673678414304, 0.10759977382161412, 0.12017906348889587, 0.10224128637699142, 0.0926758636518251, 0.12429506429519768, 0.11765908007625034, 0.11276163125396724], [0.10148166280757653, 0.12087374491881349, 0.10945362465839885, 0.12149617379637066, 0.10059222465311977, 0.09213212064412211, 0.1244365847603473, 0.1156060436420124, 0.11392782011923898], [0.10208431073196944, 0.1207766677560007, 0.10804519534539654, 0.1205663325708216, 0.10166687486258139, 0.09247945270663536, 0.12415659526962917, 0.11714197073530767, 0.11308260002165811], [0.1021513394900176, 0.1206920798178181, 0.10800489242028162, 0.12051785733319867, 0.10177337341530296, 0.09254653560401113, 0.1240172097778604, 0.11724081490063995, 0.11305589724086967], [0.10212766872687767, 0.12072753931551682, 0.10802540156421513, 0.12052948350245707, 0.10173653824525715, 0.09253275742414574, 0.12404789315233603, 0.11720535571665554, 0.11306736235253885], [0.10175511073747315, 0.121005749484886, 0.10864087184832862, 0.12132734847024972, 0.10112968402597637, 0.09237189755050475, 0.12413480369931547, 0.11643591413307089, 0.11319862005019493], [0.10170915912862442, 0.12086383247871403, 0.10811312280150258, 0.12107159698943211, 0.10123495126457936, 0.09218761170835235, 0.125, 0.11682186173953385, 0.11299786388926131], [0.1017059648769777, 0.12087879136230383, 0.10820322044286192, 0.12119532576474354, 0.101217318541481, 0.0922441037774872, 0.12477793217956579, 0.11675827910791103, 0.11301906394666798], [0.10124368877515653, 0.12062015729373798, 0.1094861610883321, 0.12175164091263421, 0.1004268746310697, 0.09206801329015551, 0.12499999999999997, 0.11545576971704745, 0.1139476942918663], [0.10184465383137771, 0.12046786719421007, 0.10777157153248697, 0.12117599158583542, 0.10165895648117415, 0.09256513418331264, 0.12441576837874606, 0.11736314807149069, 0.1127369087413663], [0.10200992575846035, 0.1197982584725712, 0.1072407023515079, 0.12085254185432696, 0.1021194933620946, 0.09264492453955797, 0.12499999999999999, 0.11796970973724459, 0.1123644439242363], [0.10166875412535302, 0.12059646699836493, 0.10800542989293031, 0.12152725685924079, 0.1013715617400438, 0.0924435592741227, 0.12458162019189842, 0.11701284599144442, 0.11279250492660159], [0.10175686842288548, 0.12046151308245244, 0.10778945907424933, 0.12135500212371154, 0.10157321960567983, 0.09252915549673645, 0.12453363620507649, 0.11730062001491588, 0.11270052597429257], [0.1012783889311545, 0.12039555791447451, 0.10924738925222006, 0.12203444069521732, 0.10063167852031703, 0.0922804236123287, 0.12470427959636575, 0.11573693945878218, 0.11369090201913995], [0.10195757760745511, 0.12003504374197847, 0.1074252856147253, 0.12111610286820772, 0.10201828346302802, 0.09274441363053328, 0.12437953151182551, 0.11785415293090289, 0.11246960863134371], [0.10194230386006321, 0.11995431400098545, 0.1073570054676199, 0.12117558153304152, 0.10205468525171867, 0.09277053908862701, 0.12441288670158417, 0.11793035292518048, 0.1124023311711796], [0.10190328580823514, 0.12013374868901248, 0.1075366286266694, 0.12131705689089985, 0.10195347974823064, 0.09285666642430948, 0.12403628058206816, 0.11776126973439702, 0.1125015834961778], [0.10164614040732753, 0.12040628092004196, 0.10801780527883847, 0.1219304136410435, 0.10144877515082214, 0.09267387179442826, 0.12414662508947161, 0.11705606764312498, 0.11267402007490142], [0.1016435451274707, 0.12037068016727787, 0.10791670890598866, 0.12188643500275964, 0.1014877261123139, 0.09265618530026148, 0.1242519981908546, 0.11715914370085055, 0.11262757749222271], [0.10189467259122505, 0.11973185819020711, 0.1071800828956165, 0.12142830963460143, 0.10216963368411788, 0.092903940526682, 0.12432593132023942, 0.11815954911588085, 0.11220602204142992], [0.10148572145919507, 0.1202821726402381, 0.10841923883996471, 0.12221146395455061, 0.10121655098621758, 0.09265933713218001, 0.12423753749401992, 0.11666676134564985, 0.11282121614798413], [0.10161805774016455, 0.12014565645207737, 0.10764641916830903, 0.12197240314480604, 0.10163265961113144, 0.09273804588809645, 0.1243674924970678, 0.11745339733107853, 0.11242586816726881], [0.10183072864896683, 0.11995947997925072, 0.10740216130722591, 0.12159011237309025, 0.10200601061461513, 0.09295662953614918, 0.12401483462975005, 0.11790240297087068, 0.11233763994008134], [0.10184612050394953, 0.11948662241456601, 0.10698482422068105, 0.12168464916126415, 0.10229562012723169, 0.09304136485742179, 0.12425901836821276, 0.11840805106856772, 0.11199372927810518], [0.10148819512837796, 0.12009863780908549, 0.10818338482152075, 0.12238636527617021, 0.10137558025624532, 0.09280963119522918, 0.12417133828229597, 0.11692039566181475, 0.11256647156926049], [0.10135965260201134, 0.11991833282535563, 0.1081541251180036, 0.1226241620751494, 0.10130320557645939, 0.09278912126082275, 0.12442766230490163, 0.1168727812726922, 0.11255095696460404], [0.10115550525597769, 0.11981900288836424, 0.10838698576142061, 0.12276217709378248, 0.10099763659559555, 0.09257758182593832, 0.125, 0.11647748362348256, 0.11282362695543857], [0.10176550605271661, 0.11885497506462193, 0.10643873745041849, 0.12179626787597378, 0.10256577067231408, 0.09312420029659894, 0.125, 0.11895431404315053, 0.11150022854420562], [0.10139041449623865, 0.11984535444997443, 0.10803890696708394, 0.12267535025199364, 0.1014122179431372, 0.09289165100770837, 0.12430328224073081, 0.11702152191216357, 0.11242130073096948], [0.10160914067133119, 0.11950101012736508, 0.10701483387238021, 0.12215560341331894, 0.1020878250392742, 0.09310475254942599, 0.12439339592248677, 0.11822938242812497, 0.11190405597629277], [0.10130622579628898, 0.11972457455917315, 0.10803191535399831, 0.12285417109377259, 0.10136061135774538, 0.09288061989401027, 0.12444555657896114, 0.11697397003191168, 0.11242235533413865], [0.10169747207090489, 0.11900417424522437, 0.10657460122953394, 0.12218619495980733, 0.10248544200173136, 0.09324687727567822, 0.12438167579818223, 0.1188673612455631, 0.11155620117337456], [0.10136777155518485, 0.11953840221142777, 0.1071014762640374, 0.12256115994559312, 0.10176825486405341, 0.09289003995323886, 0.12500000000000003, 0.1179004573242735, 0.11187243788219121], [0.10141483193345278, 0.11965782765171526, 0.1074758373913682, 0.1227988595444433, 0.10167786431574738, 0.09300381821888545, 0.12437712943074085, 0.11755252211425599, 0.11204130939939067], [0.10127802813431472, 0.11959128371494698, 0.10795547080079208, 0.12301687375307273, 0.10140849858446865, 0.09295701232097867, 0.12441090300827021, 0.11704259758171144, 0.11233933210144442], [0.1012398939180032, 0.11954311886932766, 0.10797918517508967, 0.1230949891694114, 0.10137196556105761, 0.0929461298702161, 0.12446657093869597, 0.11699106726657238, 0.11236707923162603], [0.10140662840393741, 0.11951711477342548, 0.10768818611365458, 0.12306957792989855, 0.10169048924958995, 0.09318476175417797, 0.12398378777267635, 0.11742420463627502, 0.11203524936636469], [0.10120849948335421, 0.11944292565640459, 0.10796781018061592, 0.12323148774891578, 0.10137805280879056, 0.09299003757279303, 0.12444288428352022, 0.11698545807800506, 0.11235284418760062], [0.10135702289845563, 0.11936126130627119, 0.10717670646668497, 0.12307473422043694, 0.1018289375932915, 0.09315236818847807, 0.12442433509944116, 0.11784162253957955, 0.1117830116873609], [0.10121452171267376, 0.11934325577846958, 0.10788452359901335, 0.12334923858306002, 0.10145780531755126, 0.0930866260269719, 0.12432163367620189, 0.1170844534951429, 0.11225794181091535], [0.10159331325116625, 0.11899352313253447, 0.10663480194544143, 0.12261097626330918, 0.102428551872943, 0.09344365479563814, 0.12401278663988895, 0.11877966632482723, 0.1115027257742515], [0.10134743383049513, 0.11929417524922512, 0.10710440723614956, 0.12311852348565668, 0.10187058295820549, 0.09318516698347526, 0.12443423660067862, 0.11792267294876135, 0.11172280070735292], [0.10165075501323645, 0.1187576275918436, 0.10641685262066619, 0.12267801166620163, 0.10260701999937945, 0.0935062537440442, 0.12396421619542915, 0.11909316764723668, 0.11132609552196264], [0.10147902136419795, 0.11904592290592515, 0.10669885983137496, 0.12271685380987389, 0.10225813715810611, 0.09338032707580868, 0.12434668909828551, 0.11855798651379522, 0.11151620224263252], [0.10164476691067152, 0.11872112438432357, 0.1064121167091117, 0.12280611490012248, 0.10262769152163592, 0.09358582533617174, 0.12379905307921683, 0.11911019174238359, 0.11129311541636275], [0.10134752448736836, 0.11914403663155017, 0.10723448433395583, 0.12346141488225555, 0.1019170057275736, 0.09338777971190747, 0.12400353397156516, 0.11784689737103027, 0.11165732288279362], [0.101389488056986, 0.11897692807571238, 0.1067139413352933, 0.12305668656144303, 0.102187623156375, 0.0933997606380316, 0.12436088673716841, 0.11846416358799365, 0.11145052185099664], [0.10158444431232722, 0.11873314722996328, 0.10644466143342719, 0.12290407417773982, 0.10257476758195987, 0.09361681452602182, 0.12382565609189897, 0.11902702400286984, 0.11128941064379201], [0.10133122062759889, 0.11900209951522686, 0.10697259168314795, 0.12352608589924584, 0.10203022835599962, 0.09344778913385803, 0.12408749780532591, 0.11808761871452515, 0.11151486826507187], [0.10133489309743343, 0.11901699020354424, 0.10712026299643206, 0.1235992364948601, 0.10199320994680158, 0.09347529865140138, 0.12394381735966212, 0.11796318245596141, 0.1115531087939037], [0.10132868635740867, 0.11895335749288986, 0.10695227627623048, 0.1235917630415428, 0.10205719528117899, 0.09349081336163698, 0.12403053930876563, 0.1181154399569479, 0.11147992892339857], [0.10158689802939923, 0.11876582016363073, 0.10622948553758285, 0.12312928391591985, 0.10267481182626328, 0.09369635865500917, 0.12358259482676649, 0.11925964734798214, 0.11107509969744614], [0.1013464682284189, 0.11894946991288673, 0.107306483590638, 0.12374849705254284, 0.10199187922478196, 0.09359771078868152, 0.12362717820366793, 0.11782091948264241, 0.1116113935157397], [0.1013576291250686, 0.11871269444039664, 0.10661138172136463, 0.12350039334581608, 0.10231219255492643, 0.09364828024803849, 0.12402029966797262, 0.1185773670149742, 0.11125976188144229], [0.11090413237713165, 0.12363753033075245, 0.10720024586580651, 0.1118167816835477, 0.11026120590367061, 0.09947943292788773, 0.11167580573953854, 0.11152959449746094, 0.11349527067420404], [0.11094890466745085, 0.12372511640293453, 0.10713085806227766, 0.11178165746536461, 0.11034001013958221, 0.09954865984996103, 0.11159155338748279, 0.11150169208696148, 0.1134315479379847], [0.11027271245720376, 0.12303022536834517, 0.10739572492364938, 0.11247121280015646, 0.1096644639670455, 0.09890314033474527, 0.112503332008068, 0.11214109705227987, 0.11361809108850673], [0.10978411187639608, 0.12294005100055391, 0.10758475191738637, 0.11285723438665658, 0.1091355578123184, 0.09837677533163797, 0.11309800054202908, 0.11248595583140941, 0.11373756130161218], [0.11105402750573541, 0.12420421756951501, 0.10658659488438492, 0.11177534861033232, 0.11079362893599319, 0.09992696061273762, 0.11120840170201157, 0.11154367159734718, 0.11290714858194259], [0.11162094409932494, 0.12499999999999999, 0.10616303454472295, 0.11119592885627043, 0.11151587866858291, 0.10061069178617121, 0.11035656184939902, 0.11101780083054937, 0.11251915936497904], [0.1103727322724168, 0.12337807200581956, 0.10684857240273916, 0.11252339069251487, 0.11011070220585246, 0.09927938720720993, 0.11214369635217228, 0.11224350259019254, 0.1130999442710824], [0.110354819642187, 0.12340330135223924, 0.10675527709401812, 0.11257269196227795, 0.11016357922960181, 0.09932183856810047, 0.11212225934085253, 0.11230031727682491, 0.11300591553389781], [0.10940532912798087, 0.12237124945243376, 0.1072150477356003, 0.11354635450046546, 0.10913802011364884, 0.0983726723652462, 0.11347834925734983, 0.11318988929941937, 0.1132830881478554], [0.1103652126166833, 0.12349239873141431, 0.10655838811554305, 0.11262063771300401, 0.11031471169673868, 0.09945199671117527, 0.11201835533943227, 0.11236663463640523, 0.11281166443960404], [0.10939918527814738, 0.12258208557934253, 0.106988209646058, 0.11360010246907931, 0.109267416147536, 0.09846799286086871, 0.11335919087742605, 0.11326248103497119, 0.11307333610657082], [0.10965315261927179, 0.12276275592291751, 0.106831598098124, 0.11337998644651501, 0.10958112650105818, 0.09876255987886541, 0.11299301492698932, 0.11307020