[[0.1121791848047354, 0.11618224407433285, 0.09964210738719734, 0.0972848518249852, 0.11742049410720813, 0.12461989740123404, 0.09199821788226904, 0.12224802464279351, 0.11842497787524461], [0.11282537689931676, 0.11679474593900536, 0.09886249498587199, 0.09611439746117882, 0.1183090391634746, 0.1248305980553557, 0.09067860507851609, 0.12297848341771014, 0.11860625899957052], [0.11217245288195182, 0.115994498639419, 0.09957980901582242, 0.09721810255248, 0.11753782442222292, 0.12478837897847041, 0.09207993368236705, 0.12202263777186782, 0.11860636205539857], [0.11229854108679375, 0.11611216270239257, 0.099431373358308, 0.09700098975440617, 0.11767254956833915, 0.12474589480450647, 0.09182472581283421, 0.12223901748295743, 0.11867474542946213], [0.11288043958666018, 0.11672769808688342, 0.09877023184256617, 0.0959802572371148, 0.11842663742010597, 0.12500000000000003, 0.0906292011545507, 0.12283768636812488, 0.118747848303994], [0.11278827694480081, 0.1165359296309749, 0.09895948219849283, 0.09624881057427286, 0.11829086706869946, 0.12459066588294726, 0.09102273508078161, 0.12267122656907475, 0.11889200604995566], [0.11222982367269721, 0.11594636170392636, 0.09942635098840302, 0.0970148302186429, 0.117680677838602, 0.125, 0.09193385734136242, 0.12201878137698731, 0.11874931685937877], [0.11233552417319069, 0.11590000083819496, 0.09936482053024391, 0.09690111533427959, 0.11788734620457361, 0.12475464519011234, 0.09194106121499887, 0.12194537912571288, 0.11897010738869328], [0.11197082121684948, 0.11541310302260485, 0.09967831640188304, 0.09740331054436996, 0.11754282082986414, 0.12499999999999999, 0.09264954899177222, 0.12119642550634062, 0.11914565348631562], [0.11260530730777221, 0.11599314046884775, 0.09897667420807521, 0.09632525517288766, 0.11831631881488332, 0.125, 0.09144621398577489, 0.12203339919214148, 0.11930369084961748], [0.11322521098871578, 0.11646864210070348, 0.09867516331800635, 0.09574612825705808, 0.11897697670155527, 0.12427014674572404, 0.09084292153660402, 0.12234189463318718, 0.11945291571844578], [0.11204655133752325, 0.1153575563073497, 0.09963597937471685, 0.09732295244565031, 0.11769672409506957, 0.12480691663369754, 0.09266661364475068, 0.12114925975594304, 0.11931744640529907], [0.11307749636546688, 0.11627000248184656, 0.09882219569467267, 0.09597803779861855, 0.1188039147861794, 0.1242126456461185, 0.0911728592140547, 0.12209217758947498, 0.11957067042356778], [0.11286828311724285, 0.11597605738581956, 0.0988674051191379, 0.0960997401493333, 0.11873334727399641, 0.12449573600152444, 0.09141884265483881, 0.12185711499315974, 0.11968347330494684], [0.11352008516708498, 0.11641725975460117, 0.09813445092554765, 0.09496831668295745, 0.11953466402866575, 0.12499999999999999, 0.09019566155094645, 0.12257847945674541, 0.11965108243345106], [0.1125544879775418, 0.11568915992050781, 0.09918054957782908, 0.0965907823153361, 0.1184069111253404, 0.12443578426050812, 0.09198594055720254, 0.12159652924983312, 0.11955985501590102], [0.1134361118104082, 0.11631071153048804, 0.09829576339414689, 0.0951981383611495, 0.11940386589532638, 0.12470119503144983, 0.09050183538027044, 0.12237017217250347, 0.11978220642425723], [0.1132686146476632, 0.11616461404179636, 0.09861339665975509, 0.09565083137299382, 0.11917236486134988, 0.12417588939500249, 0.09104037411135557, 0.12202120465493356, 0.11989271025515001], [0.11197335904984826, 0.11502924422354495, 0.09960677518134436, 0.09729817663193914, 0.1177601726929862, 0.125, 0.09290585419293747, 0.12071773886942304, 0.11970867915797659], [0.11314078836766141, 0.11601040719783101, 0.09865848747372534, 0.0957473115042999, 0.11912187006585533, 0.1243787148234189, 0.09120267096248744, 0.12177817072412986, 0.11996157888059081], [0.11266896683193456, 0.1156104001113569, 0.09906894848436376, 0.09640989508703116, 0.11865897273303637, 0.12434407202081317, 0.09196366501066228, 0.12144528200510568, 0.11982979771569602], [0.11307545005722754, 0.11591306204735831, 0.09866314508355957, 0.09577295255156747, 0.1191080852209039, 0.12454037554121247, 0.09127629568397627, 0.12163957589529117, 0.12001105791890329], [0.11194810814841062, 0.11494969963104183, 0.09969108310347129, 0.09740851232778892, 0.11773109425144551, 0.1248117574481967, 0.0930857619639945, 0.12058293398576439, 0.11979104913988635], [0.11288704690735457, 0.1157022777156385, 0.09872337735809997, 0.0959063374731982, 0.11898949302857033, 0.12478950630617074, 0.09148637179566456, 0.12147476407303691, 0.12004082534226636], [0.1127120259531144, 0.11554697384486917, 0.09901036511856252, 0.09631993121140282, 0.118779760477912, 0.12435757227723601, 0.091963809045193, 0.12133979000880497, 0.1199697720629051], [0.1123326492746592, 0.11518280658070361, 0.09927308353672147, 0.0967639087640147, 0.11835127733012873, 0.12471617101279119, 0.09249917048113178, 0.12093652906658901, 0.11994440395326038], [0.11210977820851473, 0.11498253260311081, 0.09952098981701814, 0.0971413832717455, 0.11802969808728501, 0.12465644804704297, 0.09291747146729665, 0.12064928393220792, 0.1199924145657783], [0.11336803084820748, 0.11590076992139142, 0.09835937002083504, 0.09529427579935315, 0.11955008717066025, 0.12444781175374643, 0.09095787007462743, 0.12182101159629974, 0.12030077281487903], [0.11293029101536758, 0.11559067947818928, 0.09860669786500591, 0.09574246282171851, 0.11915509020906441, 0.125, 0.09144604362977618, 0.12129663735175304, 0.1202320976291251], [0.11226878986737908, 0.11506272771828636, 0.09930166856915626, 0.09681620577808508, 0.11830904591461844, 0.12477386618278745, 0.09262452581176342, 0.12077764031995761, 0.12006552983796619], [0.11255760274193238, 0.11529262652190657, 0.09914330917282337, 0.09652927671209709, 0.11867307589659509, 0.1244487545815503, 0.09232540792492545, 0.12103206273054742, 0.11999788371762221], [0.11276035391553013, 0.11543625222384771, 0.09892310975075708, 0.09619053356499493, 0.11894618193648418, 0.12443320769232412, 0.09197126228479315, 0.12116612016282574, 0.12017297846844299], [0.112886212435632, 0.1154941160506787, 0.0986945389060509, 0.0958641187773916, 0.11914329504734282, 0.12479003772493806, 0.09164611858035246, 0.12118965580731782, 0.12029190667029561], [0.11191748441452115, 0.11469117762852268, 0.0996221858824226, 0.09731931685352321, 0.11782817349771402, 0.12500000000000003, 0.09323940793342371, 0.12024191779759245, 0.12014033599228029], [0.112319915302065, 0.11499263282285496, 0.0991592510106043, 0.09661735396875369, 0.11847114165899299, 0.12500000000000003, 0.0925250276446988, 0.12069127696405012, 0.12022340062798025], [0.11196305671061337, 0.11467995790427328, 0.0995918805365718, 0.09726486377092554, 0.1179169102666261, 0.12488420084500479, 0.09323718480174291, 0.12022667656848827, 0.12023526859575392], [0.1130950318991898, 0.11545353022824713, 0.09851152010374686, 0.09556347232789156, 0.11951017342287508, 0.12459594810420983, 0.09150709600456848, 0.12115493030876107, 0.12060829760051031], [0.11284181274179152, 0.11530267027114648, 0.09882345190187618, 0.09603319806277281, 0.1191795396186501, 0.12443210457062932, 0.09199664517006638, 0.12094023620765472, 0.1204503414554126], [0.11243283377361327, 0.11500827172660741, 0.09911051354019912, 0.09651836824915182, 0.11865376925851925, 0.124770593822392, 0.09249964345963929, 0.12068075033244004, 0.12032525583743794], [0.11358863776312288, 0.1156628636418029, 0.09786656531994894, 0.09459804500800467, 0.12006850437942147, 0.125, 0.09052784153711534, 0.1219989054881217, 0.12068863686246212], [0.1129712907260095, 0.11532872140995802, 0.09865683065892579, 0.09578219713507534, 0.11939131821871307, 0.12456022253262866, 0.09178786327392291, 0.12091540769091193, 0.12060614835385476], [0.11332185593874985, 0.1154549502116831, 0.09809558910040646, 0.09496746154666745, 0.1198855230294503, 0.125, 0.09098204721070963, 0.12148418155494665, 0.12080839140738656], [0.11315054597030784, 0.11537557445319689, 0.09847408999081166, 0.09549518587456757, 0.11965361804434416, 0.12444258189669372, 0.09154904631175201, 0.1210863078160924, 0.1207730496422339], [0.11229946661705248, 0.11476432637927528, 0.09926521541284675, 0.09674475062482261, 0.11852354315343033, 0.12457113407482161, 0.09289111924666896, 0.12034421083679289, 0.1205962336542891], [0.11300054639928633, 0.1150594886263191, 0.09868376519094675, 0.09579418234844966, 0.11960732153586989, 0.12420271652507803, 0.09210052352072491, 0.12058663969567533, 0.12096481615764998], [0.1119762669218617, 0.11436615972602236, 0.09961457684499507, 0.09726867493444402, 0.1180619846941011, 0.12461284208909885, 0.09360043617606946, 0.11976749776843837, 0.12073156084496905], [0.11378478156459203, 0.11529807969838321, 0.09757195637464232, 0.09415158135007579, 0.12070464565021018, 0.12480426849579479, 0.09053983351256911, 0.12182137154595457, 0.1213234818077779], [0.11386953331853293, 0.11533771766944412, 0.09754234842012775, 0.09408734561446494, 0.12078327021942321, 0.1246648644867192, 0.09049096997546933, 0.12190631943623129, 0.12131763085958723], [0.1120656333651745, 0.11438878821731138, 0.09935595229228274, 0.09691656978054086, 0.11829163612663066, 0.125, 0.09327260033624023, 0.11984903590195495, 0.12085978397986472], [0.11356138472051068, 0.11518264443975262, 0.09782282220026876, 0.09453644076812395, 0.12046809014449618, 0.12464786834839045, 0.09092297927600516, 0.12149847135929372, 0.12135929874315844], [0.11321566853983514, 0.11504967515745577, 0.09833590532639663, 0.09528712371282613, 0.12000630587338162, 0.12426018087372047, 0.09168678559211633, 0.1209002329775698, 0.1212581219466981], [0.11368985972007958, 0.11518443561906117, 0.0975721613194046, 0.09417953615923905, 0.12068137227984063, 0.12500000000000003, 0.09061645920842987, 0.1216564395238442, 0.12141973617010103], [0.11259694568621208, 0.11471946798646361, 0.09905359485252656, 0.09637533300229593, 0.1190804677284757, 0.12419192381874518, 0.0927884050552812, 0.12020224089882885, 0.12099162097117078], [0.11217533869895674, 0.11442346888554797, 0.09929531528412723, 0.09680478780070989, 0.11847310246150997, 0.12475610198326637, 0.09321335556421072, 0.11988272739801555, 0.1209758019236556], [0.11315031890781534, 0.11487244072034196, 0.09839972570876536, 0.09538003339778385, 0.1200161181575754, 0.12420026732580079, 0.09192883817960013, 0.12065417017558601, 0.12139808742673106], [0.11324387441146289, 0.11488331866950413, 0.09831726738639751, 0.09524620716709746, 0.12016481046190752, 0.12404579738174823, 0.09183067544370783, 0.12076513768532735, 0.12150291139284707], [0.11351139376809374, 0.11490965376432515, 0.09786910581141249, 0.09459833376839495, 0.12062278761881841, 0.12436403816823313, 0.0912492846808803, 0.1211464018568183, 0.1217290005630235], [0.11300813652896219, 0.11472582956123815, 0.09846493257549788, 0.0955016595953109, 0.11987842117664797, 0.12454463422854625, 0.09211449841428516, 0.12038881112638761, 0.12137307679312384], [0.11365429274397457, 0.11494889092237423, 0.09763485207521469, 0.0942590624067407, 0.12084063344267366, 0.12461449335399497, 0.09093392147108585, 0.12133835650044161, 0.12177549708349973], [0.11288533111281737, 0.11464133149748468, 0.09856338343039305, 0.09566129112714233, 0.11971376127770791, 0.12478642227370546, 0.09229207279804429, 0.12018031153644584, 0.12127609494625895], [0.11230156564134659, 0.11431525675404985, 0.09910801005780012, 0.09652011801436362, 0.11878537381879993, 0.12479499430108221, 0.09312865397933737, 0.11972547369904579, 0.12132055373417452], [0.11354048693727281, 0.11486074452765592, 0.09781585168347484, 0.09451928509780747, 0.12071714605379759, 0.12435891539529002, 0.09123672330309196, 0.12112218425737564, 0.12182866274423378], [0.11278575905547421, 0.11457220901438118, 0.09869398566943073, 0.09585378722287878, 0.119559834981747, 0.12475695506104523, 0.09250743667684883, 0.11998644070007643, 0.12128359161811761], [0.1127434733946135, 0.1145268517331868, 0.09875389099632813, 0.09594003370708333, 0.1194992397663058, 0.1246612548409982, 0.09262044639897009, 0.11989759258351153, 0.12135721657900261], [0.11266189075517821, 0.11448381189774236, 0.09887723539729378, 0.09611885232211011, 0.11935424408117082, 0.12443224536723471, 0.0928039179264225, 0.1198590317085031, 0.12140877054434442], [0.11241620684912806, 0.11430774955452062, 0.09898685890075508, 0.0963288331755775, 0.1190120565347633, 0.12476453437926897, 0.09302261789992404, 0.11969467780250183, 0.1214664649035606], [0.11314553454051636, 0.11461980421805044, 0.09830250861950071, 0.09524669817773361, 0.12018963208907905, 0.12431737915842396, 0.09203217079135262, 0.12044975202630949, 0.12169652037903386], [0.11284380292455988, 0.11449038763578182, 0.09852436882315466, 0.09561784601138763, 0.1197427803901469, 0.12499999999999999, 0.09236852864251191, 0.12002993669166047, 0.1213823488807966], [0.11231384230067845, 0.11419842144355748, 0.09900959481248761, 0.09638522560252774, 0.1188880205594693, 0.12500000000000003, 0.09311564446121617, 0.11957142837638982, 0.12151782244367354], [0.11331873458985987, 0.1146340761778396, 0.09816556276033975, 0.09501846284191474, 0.12047073638662886, 0.12398414818304807, 0.09187518810358832, 0.12062993810527918, 0.1219031528515016], [0.1129261856669478, 0.11447840148936918, 0.09845222658113262, 0.0954991283865434, 0.11989663189794396, 0.12480751864913073, 0.09230849538354942, 0.12010503164606072, 0.12152638029932222], [0.112799611443351, 0.114370249970486, 0.0986022482248537, 0.09572201271988975, 0.11971100040834463, 0.12475564064529357, 0.09258224635722793, 0.11985047766416364, 0.1216065125663898], [0.11268998621538825, 0.11430024153422802, 0.09881380847284531, 0.09601787220240257, 0.1195033621935456, 0.12441588884004336, 0.09290983302629127, 0.11961446757355537, 0.12173453994170037], [0.11298415014067098, 0.11427930360485186, 0.09842473175821707, 0.09543182285526333, 0.12009525067232914, 0.12451438019939867, 0.09248756266073341, 0.11995655108737914, 0.1218262470211564], [0.11241311258840563, 0.11399046486773111, 0.09896738761606436, 0.09628214283698047, 0.11913770756721977, 0.12466072575474732, 0.09331651947321438, 0.119236549863731, 0.12199538943190583], [0.11249803824586473, 0.1139116504040151, 0.09875188321784385, 0.0959788204054435, 0.11938035943118966, 0.125, 0.09312909152534068, 0.11915999081534452, 0.12219016595495796], [0.11363951642415183, 0.11420640721377223, 0.09728726769881382, 0.09378565230370751, 0.12148589789495635, 0.125, 0.09119255142408217, 0.12056051291790369, 0.1228421941226124], [0.11259104816289169, 0.11392278000770953, 0.09869289816546861, 0.09587399264468265, 0.11954367031763607, 0.12479144100634015, 0.09307429676194967, 0.11925357170803078, 0.12225630122529085], [0.11359761047296225, 0.11404738238918144, 0.09738141749881991, 0.09390477776003049, 0.121505458574776, 0.1246986599974325, 0.09148054657654917, 0.12031789786526355, 0.12306624886498457], [0.11248674481762481, 0.11375652117072987, 0.09881308945575802, 0.09604565500241456, 0.11938996110422517, 0.12470100513424108, 0.09336969982259666, 0.11897780413991729, 0.1224595193524924], [0.1132433966476442, 0.11392754543558106, 0.09775446107110447, 0.09448225056005115, 0.12089898800608358, 0.12500000000000003, 0.09199795243736247, 0.11995719956835345, 0.12273820627381972], [0.11294852146580303, 0.11383859893717957, 0.09820072626282844, 0.09513316112196633, 0.12031066745082691, 0.125, 0.09258976102231302, 0.11958683969406632, 0.12239172404501635], [0.11322790469419741, 0.11388186976931063, 0.09781084122951403, 0.09455369761841952, 0.12087812429654674, 0.12488860604094307, 0.09212133220981136, 0.1198757933325845, 0.12276183080867265], [0.11252230979899966, 0.1136679245419076, 0.09878458985970302, 0.09599007091453371, 0.11948282192231964, 0.12454067692908902, 0.09343525743081989, 0.11892596836739373, 0.12265038023523386], [0.11280138612269824, 0.11354195327255898, 0.09825875292824775, 0.09523045583475874, 0.120163457735117, 0.125, 0.09292075685382975, 0.11917712846207347, 0.12290610879071608], [0.11290903826041554, 0.11355948431779873, 0.09821310031489307, 0.09513645709835045, 0.12034744114799051, 0.124777955590907, 0.09289345989554883, 0.1192478671092836, 0.12291519626481229], [0.11258650493049444, 0.11342628982327703, 0.09847467857333432, 0.09556240683349455, 0.11977343348528234, 0.125, 0.09326209781297909, 0.11886119794944294, 0.1230533905916953], [0.12386463169176723, 0.10787029347159394, 0.11819351035898629, 0.11433543957799183, 0.10617218881675318, 0.09947390105231729, 0.12490097605255736, 0.10459807363453957, 0.10059098534349331], [0.12343488155482418, 0.10821304322207209, 0.11770454572399214, 0.11377631886574534, 0.10660356988588923, 0.09957785505786404, 0.125, 0.10496134658032782, 0.10072843910928517], [0.1237905460878609, 0.10801864598870899, 0.11794345928993023, 0.11398868679306642, 0.10637337868674208, 0.09949362759018134, 0.125, 0.10475858699647352, 0.10063306856703653], [0.12380458164687648, 0.10785515189316913, 0.11814982421820704, 0.11429971361682485, 0.10619251564563482, 0.09950166576372596, 0.12495771103875787, 0.10461300610110098, 0.10062583007570305], [0.12376936874209883, 0.10784941616219525, 0.1181105506503163, 0.11426102662580766, 0.10621303168648308, 0.09951927193474233, 0.125, 0.10462800173844299, 0.10064933245991357], [0.12364069240928544, 0.1078415355106259, 0.11815144427032495, 0.11436186920415883, 0.10623192407673239, 0.09962910500388407, 0.12472796934370772, 0.10466027557097833, 0.10075518461030238], [0.1235346475802602, 0.10810672379138608, 0.11772894743638652, 0.11377881491807953, 0.10660543513515211, 0.09970280828819396, 0.12471037051916938, 0.10496332537999531, 0.10086892695137695], [0.12312689334489348, 0.10828720896933464, 0.1174656316538265, 0.11357064423164069, 0.10686080264949191, 0.099817170899108, 0.12468495926910664, 0.10518521038907902, 0.10100147859351914], [0.12348069790146232, 0.10785774920131394, 0.11792213543917487, 0.11412871462505338, 0.10640430919033975, 0.09977709989121439, 0.12469244386602171, 0.10479988345920671, 0.10093696642621293], [0.12343440429234497, 0.10793851984661502, 0.11774816878028026, 0.11391257662300557, 0.10657191831816526, 0.09986531143743839, 0.12454337945987586, 0.10493833318781882, 0.10104738805445587], [0.12333910220554929, 0.10791716969831952, 0.11769004788164779, 0.11387440986887587, 0.10660849096342541, 0.09992737775947114, 0.1245549530667308, 0.10496887520239621, 0.101119573353584], [0.12370717119979098, 0.10765335640254148, 0.11796214102828342, 0.11440413885023544, 0.1062574200134318, 0.09991023600559587, 0.12435143288678255, 0.10469497600370682, 0.10105912760963184], [0.1231077723857508, 0.10807008659432572, 0.1173371364380882, 0.11342644225713562, 0.10687785043420743, 0.0999907577563587, 0.1247892424463915, 0.10518188500135542, 0.10121882668638663], [0.1225550460291143, 0.10835325188510411, 0.11696127223903449, 0.11303089465314742, 0.10721049783814397, 0.10008550570564127, 0.125, 0.10544899558272174, 0.1013545360670927], [0.12292715005281614, 0.10810801960699909, 0.1171610225921916, 0.11327345689936184, 0.1069682039076161, 0.10003254494344775, 0.125, 0.10524694042375644, 0.10128266157381101], [0.12311644267938908, 0.107777909398629, 0.11763898547132642, 0.11389183110702872, 0.10654430343036303, 0.09996018611123585, 0.12499999999999997, 0.10490648535979764, 0.10116385644223014], [0.12351868185714422, 0.10763650680501874, 0.11779481620566713, 0.1142317291985136, 0.10635709344787406, 0.10000578254002578, 0.12450318524469457, 0.10477212261565544, 0.10118008208540628], [0.12309091042228776, 0.10779460207024409, 0.11759300839177189, 0.11384216543707479, 0.10659295773410273, 0.10000021821844869, 0.12492744943301008, 0.10494810444329036, 0.1012105838497696], [0.12285873347380573, 0.108101494292749, 0.11711045916499296, 0.11322859095698816, 0.1070312904341188, 0.10014889358172713, 0.12480403190549186, 0.10530429102973145, 0.10141221516039496], [0.12269209115903569, 0.10822283024238451, 0.11696133630348225, 0.11311987761398341, 0.10716478253541711, 0.10020409621689311, 0.12473842234107264, 0.10541771637900396, 0.1014788472087271], [0.12341964658773426, 0.10757316332459936, 0.11766045704098171, 0.11415372617638474, 0.10638418011855733, 0.1000654354581061, 0.1246980557504551, 0.10478802796942707, 0.10125730757375451], [0.12306287509256572, 0.10766007438544588, 0.11750203265796083, 0.11385320137799305, 0.10656290917514402, 0.10010627712420636, 0.125, 0.10492332981826467, 0.10132930036841949], [0.1227842202628294, 0.1080656839589679, 0.11709488793505725, 0.1132612733472577, 0.10708475951405716, 0.10031228186917389, 0.12444951396787289, 0.10536024714716773, 0.10158713199761608], [0.12282101669174542, 0.10802342301608671, 0.1171621462741388, 0.11335244807459557, 0.10704009898165467, 0.10031573605220334, 0.12437395495017708, 0.10532739327544587, 0.10158378268395253], [0.12285459053815821, 0.10776043289802252, 0.11742722951195757, 0.1137500912856811, 0.10672240494673337, 0.10022511786758447, 0.12473318537405702, 0.1050665658549015, 0.10146038172290425], [0.12246526883306484, 0.10829272094019426, 0.11676202092863476, 0.11295616744506715, 0.10734487962378196, 0.10039116638491714, 0.12452069093254603, 0.10557140889872792, 0.10169567601306594], [0.12336305126428697, 0.10751489383671453, 0.11757451043973201, 0.11416611251229103, 0.10638496960598962, 0.10012125174837529, 0.12476555955796166, 0.10478838053405208, 0.1013212705005968], [0.1228018306146145, 0.10788057237653986, 0.11727182520711392, 0.11353016042739215, 0.10691030933906812, 0.10030647819086463, 0.12451309330589755, 0.10522170145118279, 0.10156402908732648], [0.12214716360311134, 0.10843199366310068, 0.11660349727257821, 0.11274010040713514, 0.1075393847981127, 0.10048649505187802, 0.12450435991172894, 0.10573005294027131, 0.10181695235208386], [0.12253987624367377, 0.10818946858107063, 0.11683320096587706, 0.11299975187163716, 0.10727400073910082, 0.10040519599220459, 0.12453751606213943, 0.10551056237068983, 0.10171042717360673], [0.12272834187171297, 0.10799353514327105, 0.11709589408965858, 0.11330365331768455, 0.10705772027654482, 0.1003564686181294, 0.12449050654933727, 0.10533747429525608, 0.10163640583840527], [0.12324030028122872, 0.10752000638118389, 0.1174816263503949, 0.1140187917002561, 0.1064527536032725, 0.10015792119270964, 0.12491585617106689, 0.10483821082919997, 0.10137453349068738], [0.12274085303940938, 0.10791300396738197, 0.11720493204304583, 0.11346384649201909, 0.10697507656376475, 0.10036655140621276, 0.12442474910129996, 0.10527715343277107, 0.10163383395409521], [0.12212693775943444, 0.10841720029477697, 0.11656078673807645, 0.11271245865974493, 0.10755566946527687, 0.10052057470226525, 0.12450604152085386, 0.1057420209013067, 0.10185830995826453], [0.12259224434536022, 0.1080912190445519, 0.116921843415058, 0.11310049630771585, 0.10720110417855247, 0.10043136948412099, 0.1244756783069576, 0.10545339960639093, 0.10173264531129203], [0.12315732344834646, 0.10751276963779191, 0.11741175948031227, 0.11394010841970344, 0.10649348987022629, 0.10019401370667458, 0.12500000000000003, 0.10486905117506891, 0.1014214842618763], [0.12307751617828559, 0.10752735217023815, 0.1173515310382575, 0.11387888807492853, 0.10655776803482597, 0.10026391281650816, 0.12491661262998043, 0.10492589970495607, 0.10150051935201941], [0.12255092865963944, 0.10793669206963585, 0.11699116113179368, 0.11324210325757157, 0.10708808276140398, 0.10044829883477722, 0.12463673421457548, 0.10535877153302645, 0.1017472275375763], [0.12242502273232499, 0.10812267302516959, 0.11676298488244428, 0.11294493991041145, 0.10730663710971328, 0.1005255878681926, 0.12452516424140445, 0.10553690147405417, 0.10185008875628523], [0.1217970385096868, 0.1084581571260019, 0.11631411404132744, 0.11244546197878146, 0.1077108388167359, 0.1006138701413161, 0.12481490290154515, 0.10585280789448803, 0.10199280859011742], [0.12293676581712898, 0.10759978326089642, 0.11727859970406335, 0.11373797031301389, 0.1066958495940893, 0.10036847381095386, 0.12471652015485771, 0.10504656248780064, 0.10161947485719572], [0.1224810855570134, 0.10795831970711735, 0.11689478603399064, 0.11313190373743659, 0.10714047930243838, 0.1004695430975702, 0.12474629327649951, 0.10539552845781582, 0.10178206083011812], [0.12198343179110152, 0.1083865514426438, 0.1163835954876194, 0.11257090280674763, 0.10763864939828939, 0.10064121675970884, 0.1245838038778878, 0.10580316638908799, 0.10200868204691364], [0.12178553373645679, 0.10861151833719764, 0.1161287714730014, 0.11222906799025902, 0.10791497927115197, 0.10068688962896177, 0.12453472146804466, 0.106015754020489, 0.10209276407443775], [0.12242781751101821, 0.10800627049604178, 0.11680657850279634, 0.11302240528596484, 0.10720777567684105, 0.10049264510214373, 0.12477266797668653, 0.10544751211766534, 0.10181632733084219], [0.12264126314085676, 0.10766862258861336, 0.11711362506097224, 0.11349415192660423, 0.10684206217940365, 0.10040345901904432, 0.125, 0.10515230169417104, 0.10168451439033444], [0.12166836341731722, 0.1085585733614538, 0.11607712035100169, 0.11219648814717416, 0.10791220833616538, 0.10073227547723976, 0.12470041034832768, 0.10600902286449325, 0.10214553769682705], [0.12162299956928023, 0.10845524554125334, 0.11614858301824933, 0.11228677485959221, 0.10779509270752897, 0.1006889260787651, 0.125, 0.10591069010535727, 0.10209168811997352], [0.12291294977114274, 0.1074445045025088, 0.11718803400258536, 0.11386467347682022, 0.10659541504339608, 0.10039413893630757, 0.12499999999999997, 0.1049560195328417, 0.10164426473439739], [0.12280283397454855, 0.10758403690178005, 0.11714886666139167, 0.11365774117941688, 0.10678621472031657, 0.10050143210986853, 0.12462951237340211, 0.10512325712358066, 0.10176610495569498], [0.12185905998661398, 0.10837292045186739, 0.11624535552222566, 0.11246398030054784, 0.10771882452997544, 0.10076221256227336, 0.12456656393675103, 0.10586532990263305, 0.10214575280711227], [0.12224317401177932, 0.10796493942053872, 0.11665951256563202, 0.11289998508632977, 0.1072599812657835, 0.10057688002428622, 0.125, 0.10547805089305945, 0.10191747673259097], [0.12265000411962983, 0.10764402824899265, 0.11705187454589164, 0.11351122457899711, 0.10689115043444938, 0.1005636049908277, 0.12463966351291231, 0.10520582299032855, 0.10184262657797084], [0.12216573567286554, 0.10807963021090004, 0.1165506899955844, 0.11276929809216509, 0.10740441939280446, 0.10067267425156384, 0.12472928581959239, 0.10560395971981662, 0.10202430684470744], [0.12166484154468252, 0.10842102072555512, 0.11612283861455287, 0.11230303012407568, 0.10781686224140623, 0.10080123987568097, 0.12473258602427799, 0.10593527817118649, 0.10220230267858213], [0.12210259463459833, 0.1080557187200695, 0.11651007251495656, 0.11274506973257582, 0.10741772729790151, 0.10071321510287187, 0.12477538451216329, 0.10561164510881303, 0.10206857237605026], [0.12215033200087673, 0.10795928728886985, 0.11662951235792536, 0.11290870788008643, 0.10730714208053156, 0.10068841936664415, 0.12480296333291725, 0.10552420332745129, 0.10202943236469741], [0.12144529959542204, 0.10850119547579418, 0.115955442134699, 0.11212089138034431, 0.10797185658376124, 0.1008907489441923, 0.1247464981465231, 0.10605401606763358, 0.10231405167163027], [0.12215982312147372, 0.10783370403553609, 0.11675273308033042, 0.11308592004723715, 0.10716168000319498, 0.10063806243093339, 0.125, 0.10540567201511332, 0.1019624052661809], [0.12141562181374192, 0.10855658498754342, 0.1158862366337777, 0.11204226460246494, 0.10805186460843016, 0.10092861141806436, 0.12463921296098968, 0.10611823345157821, 0.10236136952340961], [0.12258732977332022, 0.10761745977834515, 0.11696930648112212, 0.11348648377167161, 0.10692380465678655, 0.10065832201786626, 0.12458273936126638, 0.10523492053159841, 0.10193963362802326], [0.12187537558497946, 0.10819700888514916, 0.116205736987857, 0.11243690125253031, 0.10762912741102326, 0.10078934325214327, 0.12491798653379599, 0.10577199600056672, 0.10217652409195484], [0.12182527084142648, 0.10824010635734127, 0.11613056065499296, 0.11237521317256352, 0.10768348818245578, 0.10080445883158705, 0.12492747243631352, 0.10581458516314919, 0.10219884436017022], [0.12185379935049608, 0.1082079695779417, 0.11615526606180245, 0.11239133123818856, 0.10764855142137796, 0.10078375497233427, 0.12499999999999997, 0.105783105006044, 0.10217622237181483], [0.12226627429398866, 0.1078379346168296, 0.11662496768204104, 0.11296480246562608, 0.10723221128925388, 0.10071338263866772, 0.12485341111226776, 0.10545662230673063, 0.10205039359459464], [0.12211734886650091, 0.10803772947144741, 0.1163926596606483, 0.11265119464327651, 0.10747985010465148, 0.10080993972727614, 0.12467825969570351, 0.10565665447240256, 0.10217636335809314], [0.12218907702955299, 0.10798585702237658, 0.11643120708446088, 0.11271099111455876, 0.10742916962743095, 0.10079968864187577, 0.12467860542071296, 0.10561425928940456, 0.10216114476962657], [0.12259799155217088, 0.10746605892573233, 0.11685871827150088, 0.113528247302146, 0.10682933193706699, 0.10064834793403596, 0.12500000000000003, 0.10514115404951357, 0.10193015002783355], [0.1222947071498869, 0.10807969387337672, 0.11602912605775664, 0.11226126687818136, 0.10765482554567951, 0.10089703281521412, 0.12471043839371593, 0.10576987379985701, 0.10230303548633199], [0.12191660399748258, 0.10832274285644773, 0.11560619258225872, 0.11179698614101574, 0.10798966252944714, 0.1009458668823556, 0.12500000000000003, 0.1060148625753589, 0.1024070824356338], [0.12242972675011474, 0.10796403963460513, 0.11624473523725531, 0.11254285453278547, 0.10751193931295087, 0.10090407775136995, 0.12444976560076493, 0.10566906755906985, 0.10228379362108374], [0.12238531182821437, 0.10803610005312116, 0.11606170918309867, 0.11231005771903953, 0.1076230827339472, 0.10091460845260339, 0.12460748628876953, 0.10574526689395781, 0.1023163768472484], [0.12280127173893139, 0.10748388070007359, 0.11668223922874604, 0.1133206819095142, 0.10693281212559988, 0.10074101547126608, 0.12478074665113033, 0.10521508680205613, 0.10204226537268238], [0.1221934188354469, 0.10821277784161391, 0.11566837485027243, 0.1119364160413157, 0.1078850705687643, 0.10097864008163038, 0.12476409837247736, 0.10593784154451645, 0.10242336186396238], [0.12221976177305978, 0.108204846589635, 0.11561318259164814, 0.11187469361361853, 0.10790290982832199, 0.10098507558378167, 0.12481787627553496, 0.10594480384928498, 0.10243684989511495], [0.12245721248633228, 0.1080408578925818, 0.11572679543370798, 0.11197277162078405, 0.10773260754403846, 0.10091690417334381, 0.125, 0.10579658479670666, 0.10235626605250499], [0.12271615951362659, 0.10785999758101908, 0.11617104332546782, 0.11251725510506781, 0.10747736518072074, 0.1009486420220216, 0.12434739630447655, 0.10562982988122785, 0.10233231108637196], [0.12268623246970786, 0.10789517756903232, 0.11611318811895391, 0.11244085856087233, 0.10752744492795814, 0.10096450746190615, 0.1243491026478436, 0.10566763107314914, 0.10235585717057676], [0.12237629771250252, 0.10814452021999153, 0.11543447803026896, 0.11169393642395715, 0.1079306904171042, 0.10100311935599651, 0.125, 0.1059414595724863, 0.10247549826769282], [0.12292168960913906, 0.10766266582449993, 0.11627386011328542, 0.11271297413675056, 0.10727407198249461, 0.100896336073831, 0.12453795515786112, 0.10546167798952288, 0.10225876911261522], [0.12275722304792737, 0.10789816919233722, 0.11589494318614418, 0.11219646216596314, 0.10761097665193985, 0.10099196725130175, 0.1245293136679966, 0.10571241221270275, 0.10240853262368713], [0.12265896200825556, 0.10800582151320691, 0.11562207781788351, 0.11187599624252635, 0.107772032261508, 0.1009918932147263, 0.12481109385558757, 0.10582050802694289, 0.10244161505936289], [0.12253132339655447, 0.10813948654023026, 0.11527298736373856, 0.11153836433561191, 0.1080200528158218, 0.1010990637119201, 0.12480639209756872, 0.10600302372287146, 0.10258930601568272], [0.12304571828681993, 0.10764502593689027, 0.11608701076320738, 0.11251242331682818, 0.10733541547762349, 0.10093043567943426, 0.12463881377763604, 0.10549109710846437, 0.10231405965309608], [0.12322325955252998, 0.10754885804281784, 0.11601053666485192, 0.11246284415902469, 0.1072786509604463, 0.10091150031496911, 0.12483559506559855, 0.10542948208474734, 0.10229927315501425], [0.12333328696029454, 0.10742782664609972, 0.11611013237277347, 0.11262742904211182, 0.10712322701732968, 0.1008520359232397, 0.125, 0.10530661740226309, 0.10221944463588799], [0.12260374157466201, 0.10817689787544936, 0.11490273223891428, 0.11111694734532016, 0.10822012922389007, 0.10115822714051731, 0.125, 0.1061211002681808, 0.10270022433306603], [0.12325797999353888, 0.10755577117388462, 0.11592070549129353, 0.11236278971675004, 0.10732405191950371, 0.10093900484708453, 0.12484368173785663, 0.10545848845951751, 0.10233752666057057], [0.12309695521239108, 0.10785614974965702, 0.11530095990962125, 0.11156159290455894, 0.10779767748597789, 0.10105324094068742, 0.12500000000000003, 0.10579671980573474, 0.1025367039913718], [0.12339115447045174, 0.10748370833376189, 0.11587083328266588, 0.11233217763844092, 0.10727625481790691, 0.10091834048585376, 0.12499999999999997, 0.10540843186383739, 0.10231909910708135], [0.12288813218477943, 0.10803660082001917, 0.1149099171226496, 0.1111732621911974, 0.10810196700507557, 0.10116807242990354, 0.125, 0.10602220635845302, 0.10269984188792228], [0.12323025876112025, 0.10773166499334949, 0.11543696791469826, 0.11174338193087771, 0.10765498660797343, 0.10102643780011421, 0.125, 0.10568480996386895, 0.10249149202799769], [0.12335225736069036, 0.10766629047357777, 0.11564462842197655, 0.11202420271699508, 0.10754137880674719, 0.10104811047711573, 0.12462171461679578, 0.10561788319302101, 0.10248353393308055], [0.12351263544431594, 0.10746979659551548, 0.11579074651900004, 0.11226544445929923, 0.10730613755669838, 0.10096743817704819, 0.12488422122180652, 0.10542912035680214, 0.10237445966951407], [0.12357249100769167, 0.10745304136881016, 0.11579194331428351, 0.11228287710495082, 0.10729446725941195, 0.10098061537822743, 0.12481781785272997, 0.10542175361956002, 0.10238499309433448], [0.12354327960087369, 0.10750486328517216, 0.11560264938009887, 0.11202914781402845, 0.10741035453868797, 0.10099182724153317, 0.125, 0.10549249813772857, 0.10242538000187712], [0.12367489851927506, 0.10743445514732428, 0.11575401502381034, 0.11226426829615264, 0.10730067268039141, 0.10101574510765379, 0.1247079102905616, 0.10542708780451748, 0.10242094713031319], [0.12355591364313417, 0.10763449750306814, 0.11540175221701654, 0.11177727930922671, 0.10762005409808456, 0.10111200952839695, 0.12466743756093976, 0.10565780952064076, 0.10257324661949258], [0.1237613746709787, 0.10742920431846964, 0.11567281204744773, 0.11218606243444224, 0.10733544936585361, 0.10105425415697193, 0.12464337275454736, 0.10545015579686821, 0.10246731445442059], [0.1233669767515565, 0.10787064731428632, 0.11490953457007234, 0.1112097958441085, 0.10799948962401455, 0.10123218629770385, 0.12471952014430555, 0.10593539571663745, 0.10275645373731476], [0.12358850487679975, 0.10763659391682764, 0.11534315178435746, 0.11171523539916099, 0.10764817067442789, 0.10113231879010287, 0.12465999255615677, 0.10567595291609529, 0.10260007908607133], [0.12325039162181671, 0.10793338336140439, 0.11469677087131742, 0.11101211222734227, 0.10812698438174877, 0.10126959554113575, 0.12486914393389409, 0.106023064993782, 0.10281855306755877], [0.12354731185145229, 0.10776794228428875, 0.11500545521115112, 0.11129416829575398, 0.10788527872823077, 0.10120415299466401, 0.12473691735851009, 0.10584297851001487, 0.10271579476593413], [0.12335309381692403, 0.1078715401588721, 0.11465771589880616, 0.11097330509769068, 0.10809173628839484, 0.10125818766033425, 0.125, 0.10598371948558781, 0.10281070159339015], [0.12383597686684104, 0.10748159105836232, 0.11526731226646371, 0.1116778608220942, 0.10753646223026647, 0.10108363990950252, 0.125, 0.10556301540017868, 0.10255414144629105], [0.1237044635184965, 0.10764724029878132, 0.11498193088719774, 0.11129695841723146, 0.10778940120546368, 0.10115947495527476, 0.12499999999999997, 0.10574903440948308, 0.10267149630807129], [0.12353752755100485, 0.10782577885447261, 0.11470353617079217, 0.11101552876690832, 0.10805517217097244, 0.10128641413075375, 0.12478505964747721, 0.10595859378670243, 0.10283238892091638], [0.12388681152138854, 0.10753468134614876, 0.11513273534274052, 0.1115278872898367, 0.10765184847790363, 0.10116987476207939, 0.12478669322452203, 0.10565292763384115, 0.10265654040153945], [0.12393963439542355, 0.10748055256235886, 0.11517208809429949, 0.11158674336622405, 0.10758406308087919, 0.1011360794438601, 0.1248883168521911, 0.10559663903297234, 0.10261588317179134], [0.12393555181685684, 0.10752335214359607, 0.1150995128326428, 0.11149914830572266, 0.10765815518297922, 0.10118305905969827, 0.12477346276962878, 0.10565520244152798, 0.10267255544734752], [0.1236165986675143, 0.10782513442870507, 0.11452235945131127, 0.11085104433002078, 0.1081403918704286, 0.10136001443759124, 0.12474488311994981, 0.10601455175000074, 0.10292502194447817], [0.12405061892805203, 0.10743521807754437, 0.11520098164852585, 0.11166360508227906, 0.10754620621592045, 0.10117845083494505, 0.12470142924332295, 0.1055754093742499, 0.10264808059516033], [0.12398989105363892, 0.10759371886523825, 0.11483739693327051, 0.11119618309448107, 0.10783521567425805, 0.10128040924243757, 0.12468355397522651, 0.10578112791242207, 0.10280250324902707], [0.125, 0.11271414203869753, 0.11455705847013051, 0.10910345874255789, 0.11148600192795498, 0.10177974824492071, 0.11291328765111858, 0.1094600036681724, 0.1029862992564474], [0.12491887021882556, 0.11274118429568175, 0.11450496895271352, 0.10904543489969915, 0.1115537464937847, 0.1018335322797939, 0.11283722267286166, 0.10951866611276609, 0.10304637407387354], [0.12499999999999999, 0.1123621202048192, 0.11472159038394125, 0.10939685614978363, 0.11114851241094544, 0.10159223982030435, 0.11383992003341345, 0.10910641078296278, 0.10283235021382975], [0.125, 0.11212326809007364, 0.1149574289778541, 0.10965822089826793, 0.11085388194660484, 0.10141857711262077, 0.1145020374713036, 0.10882336000361215, 0.102663225499663], [0.12499999999999999, 0.11272676316817358, 0.11403256431639289, 0.10854351933021902, 0.11193282868221013, 0.10209007397101047, 0.11249820522460037, 0.1097859758644112, 0.10339006944298217], [0.125, 0.11307172062543439, 0.11361062617556236, 0.10802308945331295, 0.11241791995284516, 0.10239593125597905, 0.11154140921441964, 0.11023220893086269, 0.10370709439158379], [0.12491292979855197, 0.11236038148514285, 0.11427759235114059, 0.10892586998793741, 0.111529944414045, 0.10186864037462368, 0.11354913872514127, 0.10937878662220374, 0.10319671624121338], [0.125, 0.11232789374290233, 0.11419092426879723, 0.10883785643087632, 0.11157343362769831, 0.10189351615511602, 0.11353618350465611, 0.1093982297432175, 0.10324196252673619], [0.12455354729834878, 0.11187630194352494, 0.11466161151080861, 0.10943027713221905, 0.11100422087814694, 0.10162386089564762, 0.11500758494421416, 0.10886332428161666, 0.10297927111547323], [0.12481282676191525, 0.11232352106861676, 0.11403749396286954, 0.10868821538773694, 0.11172421935035691, 0.10202433744031525, 0.11347409609093988, 0.10950779973399186, 0.10340749020325762], [0.12469456690269917, 0.11184368184913912, 0.11447425384177028, 0.10924239020371579, 0.11111538100479774, 0.10169205970946482, 0.11492287052137527, 0.10892961606999618, 0.1030851798970415], [0.125, 0.11193009573233319, 0.11428645037232033, 0.10902587994003721, 0.11127344633214462, 0.10174993587258183, 0.11451740569249173, 0.10906185263886266, 0.10315493341922842], [0.12473282154689, 0.11204592133378817, 0.114140127746492, 0.10888199930230157, 0.11148232279551262, 0.10191288296631888, 0.11422451984260842, 0.10925040846421974, 0.10332899600186858], [0.125, 0.11299023049745593, 0.11285012298768368, 0.10727262575056119, 0.11296177083047576, 0.10279481518869861, 