[[0.10369739601367212, 0.1188278089482343, 0.10725015988242674, 0.11602577554973924, 0.12307369155853057, 0.1247339384443578, 0.10189964362854956, 0.10560014463926726, 0.09889144133522246], [0.10342213871092745, 0.11938727298602421, 0.10712088505971977, 0.11667206335669571, 0.12361720055877916, 0.12488412219001908, 0.10152277199448553, 0.10524107474559337, 0.09813247039775569], [0.10380212241155336, 0.1187024433269987, 0.10722363342677382, 0.11602968266651942, 0.12291792742936122, 0.12485201319472178, 0.10197896263480444, 0.10557208958680565, 0.09892112532246157], [0.10374546197712263, 0.11881228094302158, 0.10719910277001195, 0.11615723468634695, 0.12307780188085944, 0.12482309177047428, 0.10190334898865987, 0.10550706786454855, 0.09877460911895491], [0.10346627585779321, 0.11935431554975225, 0.10709869565021268, 0.11672863678235208, 0.12352426318861989, 0.125, 0.10154260124661726, 0.10519459248618193, 0.09809061923847068], [0.10361883817488723, 0.1191964196626705, 0.1071447329124565, 0.11662675725530028, 0.12340322408669081, 0.1247193308503413, 0.10170272363010566, 0.1052860999080747, 0.09830187351947302], [0.10381171585190342, 0.11869176671484322, 0.10718124706971834, 0.1161022233569737, 0.12292279943896435, 0.12499999999999997, 0.1019607604247433, 0.10550099046014681, 0.09882849668270677], [0.10390959601861861, 0.11867674970373808, 0.10718706910905809, 0.11619992770329121, 0.12287745778819692, 0.12482951208602047, 0.10202857541528625, 0.10547513218101191, 0.09881597999477847], [0.10414356700199041, 0.11827202299023856, 0.10722952583111271, 0.115856268142257, 0.12233069398694964, 0.125, 0.102296815523107, 0.10563295218037767, 0.09923815434396696], [0.10388919782620193, 0.11880959756157101, 0.10711420319355706, 0.11648114438776765, 0.12296105925585991, 0.125, 0.10193852801383581, 0.10529188645774555, 0.09851438330346111], [0.10383564578189274, 0.1192107784419603, 0.10713645309103265, 0.11700984612413029, 0.12319625889867279, 0.12450473509097443, 0.10182163879020337, 0.10514886411407807, 0.09813577966705557], [0.10422346812216447, 0.11824629128971395, 0.10723466867061723, 0.11592721494171704, 0.12230288516518283, 0.12486476158385014, 0.10235322289442679, 0.10561459075096392, 0.09923289658136362], [0.10395020867780239, 0.1190501532115784, 0.10715876642002459, 0.11687433102788826, 0.12301820128876484, 0.12446338612765351, 0.10194543388492122, 0.10522035765319358, 0.09831916170817323], [0.10405058370543498, 0.11883245828214288, 0.10713930695101005, 0.11670840582850583, 0.12285195061373122, 0.12465535360979313, 0.10204848116667502, 0.1052477070271034, 0.09846575281560352], [0.10377960071245813, 0.11924902338104251, 0.10699838977237379, 0.11730773390501816, 0.1233774286966161, 0.125, 0.10167890080139676, 0.10487688038481212, 0.09773204234628245], [0.10417263998650277, 0.11857413549927454, 0.10718073895807713, 0.11641074562384408, 0.12265109896786588, 0.12461060722123914, 0.10221538864515836, 0.10539341435845818, 0.09879123073957977], [0.10388898590548419, 0.119156518740586, 0.10704160136922874, 0.11722337201038582, 0.12323146052989487, 0.12479905590197986, 0.10180024329415649, 0.10495847179049253, 0.09790029045779153], [0.1040537059467116, 0.11901537816462206, 0.10712711439449185, 0.11705378177354664, 0.12298232202310819, 0.1244417911854937, 0.10199755057946909, 0.10512042979828332, 0.09820792613427379], [0.10441265312221444, 0.11801814080789166, 0.10721880827368556, 0.1158783070311599, 0.12200141645148621, 0.125, 0.10252659758801434, 0.1056022497735652, 0.09934182695198271], [0.10411292612482861, 0.11889948287114557, 0.10712412376145676, 0.11695210224868746, 0.12281360233814505, 0.1245783834768665, 0.10206445784139105, 0.10514854163472191, 0.09830637970275706], [0.10427392928550477, 0.11854450640437056, 0.10717200530668003, 0.1165222260172958, 0.12255607698704347, 0.12454903947782096, 0.10228701419911537, 0.10534386540929427, 0.09875133691287473], [0.10414660241200763, 0.11882935237171399, 0.10711548794834679, 0.1169024212329572, 0.1227180439505776, 0.12468788379635681, 0.10209931583782932, 0.10515285105286298, 0.09834804139734751], [0.104492827356255, 0.11794987275896536, 0.10724619385462258, 0.11584430366139724, 0.12190149783696076, 0.12486795081801835, 0.10261266522446938, 0.10564500644584308, 0.09943968204346806], [0.10420646461592618, 0.11866656895593608, 0.10710086594506289, 0.11674888743651918, 0.12259867653876577, 0.12485661571142855, 0.10217115581892963, 0.10518195211716636, 0.0984688128602654], [0.10432929508207735, 0.11851244533830155, 0.10716347081200078, 0.11656683775095306, 0.1224880200264458, 0.12455910574040255, 0.10232746200884145, 0.10531704229800458, 0.09873632094297287], [0.10443988394421763, 0.11819862633953009, 0.10717633446494797, 0.11622403095349808, 0.12218481820656972, 0.12480336263988795, 0.10248335227881283, 0.10543797254421211, 0.09905161862832362], [0.10453490347136521, 0.1180113616427622, 0.10722469005244432, 0.1160071982392225, 0.12196474368339198, 0.12476032261838103, 0.10261777696721501, 0.10556456889421718, 0.09931443443100037], [0.10418927609965152, 0.1188748918539419, 0.10706697288761653, 0.11716998928581487, 0.12286007743517721, 0.12462829682335029, 0.10208468458169238, 0.10500371770863492, 0.09812209332412034], [0.10426718476280773, 0.11860899010678579, 0.10707310988414723, 0.11680199788601123, 0.12248459761060923, 0.125, 0.1022094417847176, 0.10512766074616657, 0.09842701721875466], [0.10450182629202641, 0.11810861583424434, 0.1071785023809051, 0.11617105203202482, 0.12207184206930562, 0.12484317879563911, 0.10254798058716671, 0.1054548624888512, 0.09912213951983667], [0.10446139924838668, 0.11830673834307276, 0.10717173804231188, 0.11642093165822674, 0.12226409595317891, 0.124619914714192, 0.10247077571648262, 0.10536935521663546, 0.09891505110751277], [0.10441095409449574, 0.11845242895902885, 0.10714713568039971, 0.1166204448161793, 0.1223752339371559, 0.12461196039598225, 0.10238773421825588, 0.10527634850366577, 0.09871775939483661], [0.10435230003322321, 0.11853041131400362, 0.10709682399021066, 0.1167555039185394, 0.12240672621187546, 0.12485710223620773, 0.10229975507622067, 0.10517047456930298, 0.09853090265041611], [0.10465175075219826, 0.11777799841758717, 0.10722118811335601, 0.11583484564428198, 0.1216666534782757, 0.125, 0.10274963638932975, 0.10560787835095126, 0.09949004885401988], [0.10453459352368069, 0.1180836198720537, 0.10714071297297074, 0.11623642769641102, 0.12202211722072838, 0.12499999999999997, 0.10255560983444514, 0.10538393460396155, 0.09904298427574865], [0.10468845994100433, 0.11777917171386787, 0.10722219773745724, 0.115878183635735, 0.12166616599230262, 0.124918976511322, 0.10277588189046898, 0.10559400782041806, 0.09947695475742394], [0.10444043393641801, 0.11854307470627481, 0.10708404363877815, 0.11694786224761715, 0.12239931845602668, 0.12472671228545396, 0.1023464763269551, 0.10509007888467038, 0.09842199951780578], [0.10452799397282814, 0.11838203344264842, 0.10713575027929163, 0.1167026151608073, 0.12222940420097847, 0.12461243836553627, 0.10247677921118488, 0.10523153467458092, 0.09870145069214396], [0.10458697094480977, 0.11811025076201662, 0.10714802637465747, 0.11633436963428755, 0.12202168170595905, 0.1248418140491698, 0.10258953200274445, 0.10536062478055151, 0.09900672974580378], [0.10423369980133355, 0.1187845086603295, 0.10693797093674061, 0.11740374988259807, 0.12300224863035908, 0.12499999999999997, 0.10205277141018645, 0.10476220109542393, 0.09782284958302863], [0.10452244626254095, 0.11843197593940741, 0.10710964884802383, 0.1168309816852148, 0.12222604407328053, 0.12470133535497822, 0.10244474930696648, 0.10515740830668774, 0.09857541022289981], [0.1043708737127325, 0.1186083272996723, 0.10698394010727792, 0.11717993868631789, 0.1226456947556144, 0.125, 0.10222048339334179, 0.1048892451678289, 0.09810149687721431], [0.1045193538221141, 0.1185006297308656, 0.1070870648292647, 0.11699806899107476, 0.12235708541783237, 0.1246235758040323, 0.10241058592865254, 0.10507541221129106, 0.09842822326487258], [0.10472566138555697, 0.11790354188454147, 0.10715790892713616, 0.11619463881560456, 0.1219827466113475, 0.12470266450573282, 0.10273870720741751, 0.10541045453747236, 0.09918367612519062], [0.10472163773071091, 0.11823722032526258, 0.10709640417961908, 0.1168364701906868, 0.1222547630351165, 0.1244575880177068, 0.10261765944631117, 0.10513054836183401, 0.09864770871275214], [0.10486490845705418, 0.11752131522526817, 0.10714665889668792, 0.11584052498700818, 0.12199804491151545, 0.12472771530330778, 0.10291696754389829, 0.1054968070605281, 0.09948705761473191], [0.10450043116070896, 0.11859488124321137, 0.10689225728255888, 0.1175958157015429, 0.12290149866223128, 0.12487077985698664, 0.10224971429687786, 0.10463415707723647, 0.0977604647186456], [0.10450267038663598, 0.11862827109489235, 0.10689323120019184, 0.11766008652455084, 0.12295989258055548, 0.12477899707708329, 0.10224324579098902, 0.10461485219087105, 0.09771875315423018], [0.10480549627835117, 0.11758259679067323, 0.10707440906252876, 0.1159586751680631, 0.12210592416549841, 0.125, 0.10282205077901695, 0.10536924248571153, 0.09928160527015685], [0.10458377982430729, 0.1184799730114708, 0.10695074716007948, 0.11740324139469248, 0.12267452028212598, 0.12476613785067474, 0.1023683357554265, 0.10476815374164924, 0.09800511097957346], [0.10470565995689829, 0.11829461407037489, 0.1070314363520965, 0.11705870244304271, 0.12247840026873252, 0.12450144614991746, 0.10255068676691659, 0.10497690470035316, 0.09840214929166768], [0.10453723445291367, 0.11851653328737083, 0.10688311214887124, 0.11752932229119395, 0.12279148073330194, 0.12500000000000003, 0.10228866792240937, 0.10464218422657302, 0.09781146493736616], [0.10482362579804658, 0.11790433985702972, 0.10709169791836916, 0.11643936733725839, 0.12231978049933107, 0.1244422629155511, 0.1027674414038305, 0.10524315196392862, 0.09896833230665487], [0.10483393400337103, 0.11762372295739919, 0.10707305649600904, 0.11605583355163065, 0.12219344655027235, 0.12482990081321563, 0.10283138033862108, 0.10533611453450001, 0.0992226107549812], [0.1047895093947385, 0.11814893070085222, 0.10700550423717284, 0.11698395347846344, 0.12256338600767287, 0.12445899857799535, 0.102628092299595, 0.10496274934299102, 0.09845887596051875], [0.10480224756079677, 0.11817573541655398, 0.10700101187178121, 0.11706983902413132, 0.12264101911018713, 0.12435633722952824, 0.10262544460662214, 0.10492941083943239, 0.09839895434096685], [0.10474206039602839, 0.11827541241518373, 0.10691894807529001, 0.1173435591773078, 0.12282008251351523, 0.12457617103135701, 0.10250724941318719, 0.10473918213272236, 0.09807733484540808], [0.10480973763850703, 0.11801873624841161, 0.10696951223840552, 0.11685156969476529, 0.12253551805813623, 0.12469058051227472, 0.10265441389730127, 0.10495597836080967, 0.09851395335138888], [0.10470141586993735, 0.11834312681359807, 0.10687599815547356, 0.11748571139462331, 0.12286440413306153, 0.12474467804148266, 0.10243795605304895, 0.10464020471681501, 0.09790650482195956], [0.1048045304720733, 0.11792507452334795, 0.1069439060107602, 0.1167257339077585, 0.12255749627684448, 0.12485412734304226, 0.10266062815955475, 0.1049617896058498, 0.09856671370076892], [0.10488527918517071, 0.11756894112628942, 0.10699255731381874, 0.11616845289110067, 0.12244100712627165, 0.12485742199105426, 0.10283401592230916, 0.10519272200744645, 0.0990596024365391], [0.10476387158827839, 0.11824804786382513, 0.10689748065856526, 0.11736885943800794, 0.12288813711055932, 0.1245730877303519, 0.10251629507316794, 0.10470222481745826, 0.09804199571978583], [0.10482728157274253, 0.11784245336513363, 0.10694377652868359, 0.11661624937721654, 0.12259195111045337, 0.12483317603053838, 0.10269738215960207, 0.10499428858233843, 0.09865344127329147], [0.10485379318033626, 0.11779655496883702, 0.10694789201171208, 0.1165699450226772, 0.12262005056164979, 0.12476701063803576, 0.10272930082182567, 0.10501251729990349, 0.09870293549502292], [0.10489321332797076, 0.1177442493045262, 0.10697633347837383, 0.11648719632404364, 0.12261611749758719, 0.12460827192976316, 0.10278598645960502, 0.10507315908461701, 0.09881547259351338], [0.1049000247212685, 0.11758351992577026, 0.10695646991113601, 0.11627148661195746, 0.12257420785974729, 0.12483667366442427, 0.10281948539453512, 0.10511277994819618, 0.09894535196296468], [0.1048773844524247, 0.11797329677861995, 0.10692757124944256, 0.11697531410951408, 0.1227637636724761, 0.12453791102140632, 0.10268296893733526, 0.10485899050914184, 0.09840279926963934], [0.10483160233305819, 0.11780902769672676, 0.10688462867074211, 0.11668238813638453, 0.12269196310562039, 0.125, 0.10267262972080064, 0.10489590403334169, 0.09853185630332571], [0.10490689404344815, 0.11748995754579018, 0.10692958137179737, 0.11617966115740735, 0.12257893708364405, 0.12499999999999997, 0.10283167872453544, 0.10510492916199934, 0.09897836091137796], [0.10490784204659284, 0.11801709939356701, 0.10692325051882746, 0.11713103272648089, 0.12291383998162814, 0.12431568161310672, 0.10268580272749635, 0.10480323822605962, 0.09830221276624115], [0.10486783228563631, 0.1178206053757922, 0.10688517252625372, 0.11676145358247461, 0.12274040758066991, 0.12486866068171154, 0.10269300812386369, 0.10487013105878372, 0.09849272878481428], [0.10490626724170804, 0.11770281526054692, 0.10687828774198609, 0.11662459239927701, 0.12281304520126586, 0.12483225049044844, 0.1027456349855293, 0.10490104363798576, 0.09859606304125243], [0.10497279288324596, 0.11760961815916206, 0.1069130539290145, 0.1164974059811456, 0.1228341804811438, 0.1245965512190407, 0.10283514571561467, 0.10498188541644292, 0.09875936621518967], [0.10499064382253057, 0.11767426989582615, 0.10684042944510284, 0.11678925791783853, 0.12299211956885903, 0.12466816338591044, 0.1027834077006301, 0.10479529711029101, 0.0984664111530113], [0.10505076416943138, 0.11733145834639337, 0.10686733862783311, 0.11623277511307813, 0.12290717945694511, 0.12476368314824753, 0.10293130343544135, 0.10499696797265623, 0.09891852972997378], [0.1050408967650315, 0.11730466114838023, 0.10678374959166877, 0.11632361122137613, 0.12306746748484428, 0.125, 0.10288151986926242, 0.10485923793972973, 0.09873885597970695], [0.10494680371282673, 0.11784071302949999, 0.10661840943879292, 0.11746469978495694, 0.12356874797772982, 0.125, 0.10257584236416176, 0.10429582140250215, 0.0976889622895297], [0.10506769399964588, 0.11732913829063717, 0.10678260066268763, 0.11640692758951701, 0.12314638532130556, 0.12485557502697228, 0.10289177657537854, 0.10483053737995442, 0.09868936515390149], [0.10505492005542769, 0.11770510358461773, 0.10660488153199202, 0.11740553688230487, 0.12371204174889376, 0.12479929509249284, 0.10267465739123618, 0.10428929564474079, 0.09775426806829428], [0.1051485125039564, 0.11717159792779229, 0.10676706089972963, 0.11628750146753923, 0.12323116098964156, 0.12479182136932626, 0.10297703796010885, 0.10484020267922464, 0.09878510420268095], [0.10507797635041398, 0.11753543275176281, 0.1066322427546689, 0.11707420939738883, 0.12347519705116083, 0.125, 0.10275145502493573, 0.10442626075961632, 0.0980272259100526], [0.10509748105567342, 0.11736404728867136, 0.10666556458250928, 0.11675511034226146, 0.12342334689465813, 0.125, 0.1028268829510244, 0.10456692282394281, 0.09830064406125918], [0.10511930456714501, 0.11749039680221901, 0.10663541985825822, 0.11704868420150207, 0.12348825637336285, 0.12492476033165735, 0.10279251154169376, 0.10443542259523005, 0.09806524372893169], [0.10520945262792723, 0.11710893430331017, 0.10674495709565499, 0.11631118800936653, 0.12336384747043223, 0.12468015139486426, 0.10301996128302952, 0.10479900000522388, 0.09876250781019118], [0.1052039508308913, 0.11711369465829852, 0.10659462562491943, 0.11660397962494574, 0.12370161081231235, 0.125, 0.10292060788375897, 0.10451031962471384, 0.0983512109401599], [0.10524154382595938, 0.11713943849195987, 0.1065952288836013, 0.11669252933298926, 0.12375780972132533, 0.12484743749463086, 0.10294020476768959, 0.10448132563712856, 0.09830448184471602], [0.10524477821596322, 0.11697508268972433, 0.1066080143854314, 0.11639279712873343, 0.12366415776843016, 0.12499999999999997, 0.1029937429948177, 0.10458871897018333, 0.09853270784671628], [0.11861398799078879, 0.10268529090575627, 0.11613324936184195, 0.1235209662832796, 0.10047318579341735, 0.09174738873174244, 0.12487100242628894, 0.11084755200516004, 0.11110737650172449], [0.118184715443309, 0.10343449834502665, 0.1156278348515263, 0.12298935775756288, 0.10136687522820753, 0.09234123307308129, 0.12500000000000003, 0.11058140601196337, 0.11047407928932308], [0.11839545218951625, 0.10301813139315709, 0.1158655133975504, 0.12343439710608492, 0.10088838074836608, 0.09198274315599105, 0.12500000000000003, 0.11066920652430927, 0.11074617548502506], [0.11870458693995951, 0.10267016499760016, 0.11607817730482378, 0.12344306030489391, 0.10050471022978229, 0.09179039716279601, 0.12494492190767299, 0.11080027431330312, 0.1110637068391682], [0.1187597805365817, 0.10267065680868219, 0.11603022495425558, 0.12339776954770097, 0.10054015262895982, 0.09182515725910069, 0.125, 0.11075795266431088, 0.11101830560040815], [0.1189781147769257, 0.10263725559201445, 0.11607423036359621, 0.12322840509756515, 0.10053943797467328, 0.09193393860789019, 0.12464546058060334, 0.11082790580831829, 0.11113525119841339], [0.1186201073374705, 0.10323358055671841, 0.11563149279397565, 0.12311194258553465, 0.10129922050757846, 0.0924054174728103, 0.12462682213414084, 0.1105295369981076, 0.11054187961366345], [0.11847869936789429, 0.10364978563926572, 0.11537501402558185, 0.12260714840904405, 0.1018275836720258, 0.09282950265295237, 0.12459754255739845, 0.11039925526431649, 0.11023546841152099], [0.1192468943334671, 0.10273698409512405, 0.11580782254671683, 0.12302684914709983, 0.10084936977532996, 0.09224246816339704, 0.12460057012449463, 0.11060781781707794, 0.11088122399729251], [0.11929127697361455, 0.10293129576443284, 0.11561989247618147, 0.12297493134745066, 0.10116362234641181, 0.09248875226806069, 0.1244093699047626, 0.11046223288205062, 0.11065862603703475], [0.11945922325480021, 0.10290930772052574, 0.11554712246317145, 0.12285220707359841, 0.10121698749520608, 0.09257729411498397, 0.12442448676951347, 0.11040044770346744, 0.11061292340473337], [0.11988493387950376, 0.10232596111364321, 0.11580071674356779, 0.12331012551075661, 0.10050131326221733, 0.09220482084834086, 0.12415224891415537, 0.1106698770713586, 0.11115000265645636], [0.11928062043116976, 0.10328076922393797, 0.11516938255272721, 0.12257247853252805, 0.10175126037881321, 0.09291587229016599, 0.12472962106568797, 0.11015238882243181, 0.11014760670253806], [0.11903216074540594, 0.10391415525340897, 0.11481762898327544, 0.12190306362018381, 0.1024666692788853, 0.09344169473792979, 0.125, 0.10983915925456383, 0.10958546812634691], [0.11937782059268033, 0.10338610800482947, 0.11496974853729082, 0.12234771448709526, 0.1019276731234421, 0.09305324985990432, 0.125, 0.10999546943833041, 0.1099422159564273], [0.11981781824235464, 0.10266732833125183, 0.11545463617496794, 0.1225575051726228, 0.10106765511528935, 0.09252972939418785, 0.12500000000000003, 0.11030979764614554, 0.11059552992318014], [0.1201521344128305, 0.10234008465053623, 0.11559700412679047, 0.12306683232770013, 0.10067040919731282, 0.092381744818905, 0.12435164081483102, 0.11049308831278613, 0.11094706133830767], [0.1198541382734479, 0.10271343027704327, 0.11540554391196968, 0.12252710991313544, 0.10115691118989704, 0.09261717560919261, 0.12490602348889215, 0.11027268138230968, 0.11054698595411232], [0.11963927446266227, 0.10337791375630487, 0.11490512325095828, 0.12226019268791063, 0.10200855953466452, 0.0932023502233942, 0.12474925362550549, 0.10993816992181733, 0.10991916253678238], [0.119550604079432, 0.10363097223408843, 0.11476117961411583, 0.12206042384882158, 0.10228334023450265, 0.09341753620681062, 0.12466682936768742, 0.10986832589781834, 0.10976078851672315], [0.12040977855764938, 0.10225934601444081, 0.11542247253749825, 0.12293776284287078, 0.10070781625681077, 0.09246235044893676, 0.12460598645470049, 0.11034802287584917, 0.11084646401124358], [0.12039543841906887, 0.10247238125375369, 0.11525881924709701, 0.12248333341511516, 0.10104697032012318, 0.09265866759832643, 0.12499999999999999, 0.11016604527259168, 0.11051834447392389], [0.12001598955296794, 0.10331699730324427, 0.11487815239735756, 0.12216287579019583, 0.10206100400934463, 0.09338940188015867, 0.12429514778806437, 0.10991090791859463, 0.10996952336007208], [0.1200890816496437, 0.1032281047768774, 0.11494821333798264, 0.12220552639526769, 0.1019670244148987, 0.09334325265684687, 0.12419711805020443, 0.10995927658421371, 0.11006240213406497], [0.1203940334275941, 0.10268559702319303, 0.11519802229827067, 0.12222304330505489, 0.1013420033082674, 0.09293210059536809, 0.12465464277332611, 0.11013211760386078, 0.11043843966506509], [0.11984170651721314, 0.10379269004244168, 0.1145431581070178, 0.1217825503288803, 0.10258955190631663, 0.09376288710442413, 0.12439159117875641, 0.10971221500789595, 0.10958364980705411], [0.12060873917009679, 0.10217568709392211, 0.11530708217487162, 0.12286319683699864, 0.10070073212588324, 0.0925243416022861, 0.12469397143163144, 0.11026834488243457, 0.11085790468187535], [0.12032130159940853, 0.10295268501698489, 0.11504724295401887, 0.12216907983773938, 0.10170312835691278, 0.09319836122208372, 0.12437293550413422, 0.11000673868083442, 0.1102285268278832], [0.11976579991379754, 0.10411137267226166, 0.11441384903150173, 0.1214031981211345, 0.10298598838938369, 0.09409383911704736, 0.12437510640193782, 0.10954295173098225, 0.10930789462195359], [0.12007952346659242, 0.10358416884470925, 0.11459587981870549, 0.12186591734231103, 0.1024179056110766, 0.09366736947201396, 0.12441081708374173, 0.10971224488184682, 0.10966617347900269], [0.1202713832719888, 0.10318595894362953, 0.11486147372222, 0.12208616434432673, 0.10198559754601369, 0.09338996170768687, 0.12434647728705879, 0.10987578292923093, 0.10999720024784465], [0.12072620868851225, 0.10220958523471554, 0.11519754482916737, 0.1227057035987712, 0.10081810111873625, 0.09261089895132496, 0.12489029328024123, 0.11015896310496506, 0.11068270119356613], [0.12040757726275425, 0.10302081372305631, 0.11497312047475906, 0.12209403503231198, 0.10181434764329596, 0.09331373084813603, 0.12426004859869041, 0.10995540441451589, 0.11016092200248023], [0.11988362968860829, 0.104087514910033, 0.11435735070987794, 0.12137679569575635, 0.10300104272519481, 0.09412912019382352, 0.12437707145272021, 0.10950424357537752, 0.10928323104860833], [0.12028436407766702, 0.10339079393479515, 0.11467621907629254, 0.1219229190304811, 0.10225323850653782, 0.09360160404488248, 0.12432992357407295, 0.10974835146757556, 0.10979258628769552], [0.12083369699215246, 0.10221510585837183, 0.1151129422223459, 0.1225990943507314, 0.10088704068603464, 0.09267917159748952, 0.125, 0.11008337542486538, 0.11058957286800891], [0.12095077624779235, 0.102257615782831, 0.11504475901444355, 0.1224976966198422, 0.10099560586005014, 0.0928035290221935, 0.12489146306694206, 0.1100337846307056, 0.11052476975519958], [0.12063125600580532, 0.10310094205319033, 0.1147214521839923, 0.12185686061475877, 0.1020118364418392, 0.09349033442377232, 0.12453378450898442, 0.10974362433777753, 0.10990990942987985], [0.12048356449482948, 0.10347257216366537, 0.11449349332424369, 0.12171555588199812, 0.10243169914461198, 0.09378231121611065, 0.12439433581262474, 0.10960298087348756, 0.1096234870884284], [0.12002335985654501, 0.10423929918817934, 0.1140988518602697, 0.12098015011273625, 0.10330138362773991, 0.09439439276441525, 0.1247676954429184, 0.10924353261758742, 0.10895133452960874], [0.12103659351599, 0.10241156424827655, 0.11497631138087254, 0.12232157170917271, 0.10123810486770421, 0.09302409676094489, 0.12463199502828522, 0.10997978922938595, 0.11037997325936794], [0.1206707141281382, 0.1031583424845434, 0.11461186312073886, 0.12177160552076381, 0.1021101483091861, 0.09356026934243641, 0.124674833979465, 0.10965309959359522, 0.10978912352113299], [0.120254017164942, 0.10405747437695623, 0.1141383615113949, 0.12119738449904534, 0.10311468651004563, 0.09429388619137195, 0.12447535287923789, 0.10933217007640877, 0.1091366667905974], [0.1199854788458673, 0.10457276087219745, 0.11394255671715492, 0.12099336458467118, 0.10370456756687951, 0.09469519631479219, 0.12442005879319148, 0.1090818150567294, 0.10860420124851657], [0.12063779851235212, 0.10326305339792499, 0.11451966573720462, 0.12170988093574354, 0.10224168611989712, 0.09365225701934812, 0.12470921603462287, 0.10958717196616309, 0.10967927027674323], [0.12103450400347772, 0.10258709119539379, 0.11480135288086034, 0.12194968536757457, 0.10151818463168676, 0.09319179359900558, 0.12500000000000003, 0.10979673215414525, 0.11012065616785612], [0.1201225071420044, 0.10449047613850349, 0.11386933493682673, 0.12084401758481408, 0.10368418121040339, 0.0947277197346796, 0.12462628297138001, 0.10902851907991697, 0.10860696120147123], [0.12022868349654806, 0.10427238589228284, 0.11391075984465708, 0.12076922329406051, 0.1034453326275352, 0.09454257858344087, 0.125, 0.10907260588653891, 0.10875843037493654], [0.12131735124914934, 0.10215151418405674, 0.11483272250492349, 0.12228370312543897, 0.10104642384549146, 0.09297546001574321, 0.125, 0.10988545788964109, 0.11050736718555572], [0.12132591927726087, 0.10241515416147143, 0.11481872922501057, 0.12215073718940382, 0.10138054637818135, 0.0932305034787369, 0.12451955537086254, 0.10986738211787803, 0.1102914728011945], [0.12055729164532447, 0.10405125636870083, 0.11396987277788896, 0.12104267562976187, 0.10322714966142693, 0.0944623945381987, 0.12445390644561016, 0.10920565306850694, 0.10902979986458117], [0.12095419558847373, 0.10321491073958312, 0.11433386456798629, 0.12147446512158375, 0.10231338319557676, 0.09376677683610439, 0.12499999999999999, 0.10941636741076297, 0.1095260365399289], [0.12139679770963643, 0.1025424418489428, 0.11471561534333702, 0.12195925011314364, 0.10156826434143651, 0.0933808103750319, 0.12453374678590094, 0.10976884105831232, 0.11013423242425857], [0.12093760378368666, 0.1034358637186162, 0.11423179134440366, 0.12138787668534504, 0.10257534244859894, 0.09399608138949546, 0.12465498877670077, 0.1093678489399141, 0.10941260291323918], [0.12052698433560184, 0.10418921561979981, 0.11385693211610791, 0.12081353819565963, 0.10343084493020786, 0.09462447621901307, 0.1246643282739619, 0.10906211275159425, 0.10883156755805375], [0.12107125144645162, 0.10340199344770017, 0.11417832474442545, 0.1213068259412847, 0.10258877849401452, 0.09404288056385349, 0.12471369415451149, 0.10931698246458128, 0.10937926874317734], [0.12119529652066799, 0.10320469138623421, 0.11429402986252034, 0.12135523498690888, 0.10237058859266751, 0.09390515016743683, 0.12474798736179082, 0.10939195194714807, 0.10953506917462535], [0.12056070850036553, 0.10439544987135603, 0.11370469398836724, 0.12052899290909622, 0.10373438441537514, 0.09489113537198149, 0.12468341393220306, 0.10891591107242844, 0.10858530993882685], [0.12130102250395, 0.10295761506517787, 0.11441009566187688, 0.12135307044868296, 0.10209470250460112, 0.09371805037224631, 0.125, 0.10946371961245825, 0.1097017238310066], [0.12052771055539982, 0.10451592792150922, 0.11364670230857866, 0.12053482892280834, 0.10388718209119312, 0.09501352466210936, 0.12455055639558606, 0.10885814712722101, 0.1084654200155945], [0.12164198167063174, 0.10250557374387467, 0.1146076269151446, 0.12187780774257684, 0.10160792738263424, 0.09349988129828533, 0.12446003066595042, 0.10969860060921242, 0.11010056997168972], [0.12104318072545986, 0.10372179491603589, 0.11386352253264521, 0.1210184482441475, 0.10300266709008855, 0.09434121336033756, 0.12489614352935095, 0.10909091632486256, 0.10902211327707192], [0.12098881041677027, 0.10382430045601829, 0.11379368886832361, 0.12094203373997044, 0.103121027542514, 0.09442954883781265, 0.12490836326709302, 0.10904890279350224, 0.1089433240779955], [0.12102047174287128, 0.10376029948386056, 0.11381257982087296, 0.12096926127413589, 0.1030527094063023, 0.09436964863180465, 0.12500000000000003, 0.10905169942663485, 0.10896333021351758], [0.12150212083907852, 0.10304065318983589, 0.1142839098843697, 0.12119582595104875, 0.10226561310437596, 0.09392458794579384, 0.12481243538278408, 0.10937422846825358, 0.1096006252344596], [0.12133400656646055, 0.10342833922809369, 0.1140536691042456, 0.12112209804162656, 0.1027188596550666, 0.09423644311787227, 0.12459082879327678, 0.10922027097347216, 0.10929548451988581], [0.12142185888754904, 0.10334198762420312, 0.11409242603318537, 0.1211241711779472, 0.10263335701582989, 0.09419441410703344, 0.12459088343239695, 0.10924409379313378, 0.10935680792872111], [0.12188712875837905, 0.10227697378762646, 0.11444934528207715, 0.1217851838325946, 0.1014518105232876, 0.09344159417065838, 0.12500000000000003, 0.10957472612342352, 0.11013323752195336], [0.12159070464703198, 0.10367649668837842, 0.113694621788516, 0.12075564820629345, 0.10314106422487235, 0.0946246807393161, 0.12463508533330835, 0.10894624684233344, 0.10893545152994992], [0.12117292651683678, 0.10430039199185798, 0.11334052089156645, 0.1202000848792987, 0.10388697675548011, 0.09514430357312038, 0.125, 0.10861258035091804, 0.10834221504092155], [0.12174673885948227, 0.10343714560286014, 0.11391823558882191, 0.12087477615978393, 0.10286491056593595, 0.09450116976866016, 0.1243035541301737, 0.10912079961574973, 0.10923266970853207], [0.12170327948650268, 0.10361112558382095, 0.1137301870220495, 0.1207554325131849, 0.10309037412930983, 0.09463201759707679, 0.12450510044845661, 0.10897255293505136, 0.10899993028454741], [0.12216132604930248, 0.10238576773928162, 0.11426133290431405, 0.1217828379809836, 0.1016743091952202, 0.09368037370901744, 0.12471693238265966, 0.10941573462402586, 0.10992138541519496], [0.121500140519544, 0.10406601834160573, 0.11336328798866699, 0.12038914911564669, 0.1036573612109363, 0.0950449125414337, 0.12470582623514775, 0.10870946518704544, 0.10856383885997353], [0.12153821333449041, 0.10408767761057064, 0.11331209533739557, 0.1203186976324538, 0.10371172398040604, 0.09509804976000975, 0.1247732304107192, 0.10865715204228787, 0.10850315989166674], [0.12181737155245977, 0.10377343355399231, 0.11339338147843463, 0.1204365657002575, 0.10338761825367128, 0.09485688128844201, 0.12500000000000003, 0.10869473366947088, 0.10864001450327174], [0.12211626882524998, 0.10335787586487988, 0.11385196328080895, 0.12068441823431142, 0.10287473836565725, 0.09463113176686654, 0.1241759785183043, 0.1090691815287674, 0.1092384436151543], [0.12208247838202872, 0.10343184824725803, 0.11379426500789291, 0.12066216195889892, 0.10296815951625048, 0.0946926903155125, 0.12417925760858228, 0.1090254605352542, 0.10916367842832195], [0.12174604711104212, 0.1040955942729145, 0.11313670362063658, 0.12011508243483998, 0.10383039951047283, 0.09523872736261906, 0.125, 0.10849763072577136, 0.10833981496170357], [0.12235661334808953, 0.10294878092283252, 0.11390129126011367, 0.12112326745595979, 0.10245453146929158, 0.0943427392920953, 0.12441232879666834, 0.10908821908204368, 0.10937222837290547], [0.12218549663854142, 0.10353858795419625, 0.11357389140494498, 0.1204667246206931, 0.10317818458479869, 0.09487186406977563, 0.12440932678909869, 0.10884332655645801, 0.10893259738149311], [0.12207933877794266, 0.10379819196350919, 0.11330017549592636, 0.12028840675846902, 0.10350651826834543, 0.09504766827790331, 0.1247643221286714, 0.10862659256801484, 0.10858878576121776], [0.12195411030945215, 0.10419724922544367, 0.11299866800403656, 0.11991261744148464, 0.10404989013054573, 0.09551067145340271, 0.12476112370765736, 0.10839083489881045, 0.10822483482916663], [0.12252188525680173, 0.10299313333202476, 0.11369793956280641, 0.12109944057577862, 0.10260053371929599, 0.09447873901552631, 0.12454200006240465, 0.10890112223957858, 0.10916520623578295], [0.12274144938699375, 0.10281651933394265, 0.11357280591821574, 0.12138715116356762, 0.10247303845444898, 0.09437926650597846, 0.12479101231927132, 0.10877569416145995, 0.10906306275612167], [0.1228654788131754, 0.10249572036162666, 0.11361495029658222, 0.12188254106398597, 0.10210562659886142, 0.09407425590812368, 0.12500000000000003, 0.10880669498876919, 0.10915473196887557], [0.12207942468651851, 0.10449589399807324, 0.11269338455117595, 0.11939809340100545, 0.10454858464599727, 0.09594149257577837, 0.12499999999999999, 0.10807924536423809, 0.107763880777213], [0.12279028266771375, 0.10287234667657916, 0.11348309757269827, 0.12132849283750186, 0.10257841546411844, 0.09447911170695274, 0.12480171342927757, 0.10869658665441866, 0.10896995299073968], [0.12264270063376756, 0.10376393262362754, 0.11298581031461706, 0.11988589761282636, 0.10369150309857883, 0.09533717738994218, 0.12500000000000003, 0.10835386075224274, 0.10833911757439782], [0.12295521817641694, 0.10273745573587746, 0.11339717435563498, 0.12153451558465593, 0.10247379016285146, 0.09439312149497062, 0.125, 0.10860904763035348, 0.10889967685923913], [0.12241684377661914, 0.10425101663766556, 0.11265819518096397, 0.1194956546770222, 0.10433097006396912, 0.09584969448647675, 0.125, 0.1080876612814266, 0.10790996389585666], [0.1227959509770854, 0.1034938859633162, 0.11309012805903068, 0.12017754662329527, 0.10339839012660634, 0.09514314568615258, 0.125, 0.10841084421449064, 0.10849010835002289], [0.12293142625723459, 0.10323928595663318, 0.11325527995790582, 0.12079291953905667, 0.1030824720295025, 0.09493083229465082, 0.12452510107325009, 0.10853248016394018, 0.10871020272782617], [0.12311075510628415, 0.10273320122416754, 0.11330244068448159, 0.12164467981351883, 0.10252532212538572, 0.09447392988934024, 0.12485293822912026, 0.10853211772967766, 0.10882461519802404], [0.12318484606262751, 0.10268810478957961, 0.11329146405473765, 0.12176691929188561, 0.10248646933888167, 0.09445806940314007, 0.12476834566807073, 0.10852628246629015, 0.1088294989247869], [0.12316110180517091, 0.10291492770851549, 0.11313720800403672, 0.12129158254143871, 0.10279562412533676, 0.09469316447194129, 0.125, 0.10838021070140219, 0.10862618064215794], [0.12331421250791764, 0.1026532014830645, 0.11323730404684552, 0.12191335273799864, 0.10248300409615044, 0.0944873505972437, 0.12462840492905661, 0.10848550392944369, 0.10879766567227937], [0.12319413518146795, 0.1032840202968185, 0.11299715965154468, 0.12076983891746831, 0.10326595847053256, 0.09512749177152938, 0.1245841226490308, 0.1083126041982913, 0.1084646688633166], [0.12342623092312997, 0.10267494798330705, 0.11314908783959719, 0.12194140040397908, 0.10255582508005825, 0.09457508178835364, 0.12454687756037883, 0.10841164507013368, 0.10871890335106231], [0.12299988513243651, 0.10402009477753, 0.11264127213359017, 0.1194590412661224, 0.1041778998911463, 0.09588935653503236, 0.12465647033502969, 0.1081098593450987, 0.10804612058401374], [0.12323726018014446, 0.10331578245786989, 0.11294008523003653, 0.120731254667513, 0.10333024004349763, 0.09519294549108065, 0.12457538311648514, 0.10826767188701981, 0.108409376926353], [0.12286932926319838, 0.10421629714312133, 0.11245274138328003, 0.11927196079124158, 0.10445206420608602, 0.09610114527145269, 0.12484064365816858, 0.10796556902761673, 0.10783024925583463], [0.12320945513910093, 0.10376022295877524, 0.11268098932548617, 0.11989076815229747, 0.10390484874573895, 0.0956698704682483, 0.12467573131770748, 0.10810155833006264, 0.10810655556258277], [0.12299472181963705, 0.10414433309219501, 0.11240720214887796, 0.1192220222944167, 0.10441244459634132, 0.0960918941611578, 0.12500000000000003, 0.10792105189764069, 0.10780632998973357], [0.12354000220570127, 0.10302720780556753, 0.1127925943060955, 0.12115792270800681, 0.10309603099959909, 0.09500245786780946, 0.125, 0.10809332643590096, 0.10829045767131938], [0.12339704866074568, 0.10352964405097508, 0.11260476641887163, 0.12022136226183025, 0.10370553799067458, 0.09550241186213472, 0.125, 0.10799383340740254, 0.10804539534736551], [0.12321460424945795, 0.10403360061711822, 0.11243001088402843, 0.11943848038175703, 0.1043136454499374, 0.09605030219874865, 0.12473759943834985, 0.10792766777911325, 0.10785408900148923], [0.1236106164281246, 0.10320133132755971, 0.11268455146854994, 0.12095081432113777, 0.10334756899633887, 0.09525734171934833, 0.12473376931641574, 0.10802870800953916, 0.10818529841298576], [0.12367248684316816, 0.10306671880574432, 0.11269605284941989, 0.12115787211839163, 0.10319630767076704, 0.09512382486272815, 0.1248601795008506, 0.10801913773860793, 0.1082074196103222], [0.12367176648910862, 0.10319239141131469, 0.11264603196465314, 0.12098243910909333, 0.10336060055208283, 0.09528088395020129, 0.124717323637159, 0.10799511674395665, 0.10815344614243032], [0.12331812577268346, 0.10411960680991614, 0.11226177777329226, 0.11934647071076153, 0.10450288196930307, 0.09625961821931256, 0.12468984090485237, 0.1077983656470647, 0.10770331219281391], [0.12380743767414452, 0.10293604928355266, 0.11269099104497948, 0.12152994875688158, 0.10307546671703124, 0.09507662895630646, 0.1246249511955356, 0.10801100081154354, 0.10824752556002494], [0.1237507934091945, 0.10347356842715716, 0.11243185992319611, 0.12051912791356524, 0.10377222869204529, 0.0956658680607659, 0.12460864967961592, 0.10784915063350514, 0.10792875326095487], [0.11320369812916858, 0.11226233976671836, 0.11417302792670393, 0.12500000000000003, 0.11098903581848965, 0.1009258426787065, 0.11246880879443771, 0.10851887657667701, 0.10245837030909838], [0.11318668812394587, 0.11231696087655442, 0.11414178232342444, 0.12491606267574858, 0.11108843110162571, 0.1010318432437227, 0.11241632271741281, 0.10849331793173174, 0.10240859100583374], [0.11382204147379123, 0.11166735164421901, 0.11415653390532754, 0.125, 0.11038702565443359, 0.10030539613208353, 0.11322639364922321, 0.10853907193523632, 0.10289618560568554], [0.11420731638801569, 0.11123099461603088, 0.1142615443545714, 0.125, 0.10987364829819038, 0.09978453842409504, 0.11377459718898864, 0.10859513574336566, 0.1032722249867423], [0.11324241993215067, 0.11243793075098125, 0.11377446199161065, 0.12500000000000003, 0.1116253121949705, 0.10155092285681609, 0.1122039940353518, 0.10815624047660757, 0.10200871776151156], [0.11273500777992823, 0.11303371811503318, 0.11357434057362137, 0.125, 0.11237783448763712, 0.10232391656462417, 0.11149853125857588, 0.10796900242203444, 0.10148764879854559], [0.11393500960325548, 0.1118016863687105, 0.11380364159204347, 0.12490908113047085, 0.11093454240368375, 0.10084619039767641, 0.113042988933857, 0.10821536294786482, 0.10251149662243769], [0.11398308039095276, 0.11178030054338671, 0.11372383724763682, 0.125, 0.11099323833189265, 0.10089502757228164, 0.11304080350815163, 0.1081394500469265, 0.10244426235877134], [0.11491522155567967, 0.11091209418254469, 0.1139020424949405, 0.12452074608957439, 0.109975940679061, 0.09990639874060742, 0.11427343485128584, 0.10828635812701007, 0.10330776327929658], [0.11406332667522674, 0.11181928176350786, 0.11360143230439672, 0.12480538146862698, 0.11119614128973856, 0.1011104218186176, 0.11301562384408682, 0.10803937252036858, 0.10234901831543013], [0.11498261697741718, 0.11092010881464465, 0.11373534686124559, 0.12467312551086947, 0.11014068127869242, 0.10005584318633846, 0.11421545641471975, 0.10813620659451341, 0.10314061436155907], [0.11475106342267472, 0.11112367360537365, 0.11362541695531103, 0.12500000000000003, 0.11042650848333109, 0.100315390845962, 0.11387062237836851, 0.10804026569135977, 0.10284705861761934], [0.11462660488255456, 0.11134549932741826, 0.11355293866815463, 0.12471837531161473, 0.11075142723489483, 0.10066457150776602, 0.11364189381215785, 0.10801050525951798, 0.102688183995921], [0.1130258902458293, 0.11309550172400763, 0.11295662232185222, 0.12499999999999999, 0