[[0.1186160016972029, 0.10664104963129888, 0.12300758762684662, 0.11571781265698257, 0.10493441183872666, 0.1247248081750202, 0.10684362989621164, 0.10286394434729296, 0.09665075413041756], [0.11917603106481292, 0.10644798246172454, 0.12356515719200112, 0.11635863116377468, 0.1044974231620729, 0.12487976098535952, 0.10678626347192761, 0.1025143106296036, 0.0957744398687231], [0.11848880353693098, 0.1066205837965653, 0.12284729471099219, 0.11572537151673944, 0.10491301259589532, 0.12484699285561977, 0.10686211021232747, 0.10297080072847133, 0.09672503004645802], [0.11859830759106628, 0.10658354191260415, 0.12301133164022837, 0.11585144896509923, 0.10483299588583522, 0.12481697422594588, 0.10685183485405196, 0.10289986776624262, 0.09655369715892628], [0.11914174455970833, 0.10642467675626889, 0.12346869883007246, 0.1164172038845905, 0.10444888040812722, 0.125, 0.10679337989933765, 0.10255412708082333, 0.09575128858107163], [0.11898329783193307, 0.10648904332278608, 0.12334458652398957, 0.11631927106242707, 0.1045621567153629, 0.12470902398466013, 0.10685082480088418, 0.10272543653972473, 0.09601635921823232], [0.11847650881937104, 0.10657321196982175, 0.12285191844883131, 0.11579860163152704, 0.10483561941763685, 0.12499999999999997, 0.10685177425161577, 0.1029716880494544, 0.09664067741174172], [0.11846104335781552, 0.10657941291127516, 0.1228050510664758, 0.11589972901590102, 0.10480907632452545, 0.12482369619652924, 0.10689823537460406, 0.10306583637086807, 0.09665791938200571], [0.11805626139286043, 0.10665963894129675, 0.12224509117819582, 0.11556303494767835, 0.10501186427118922, 0.12500000000000003, 0.10694456755464296, 0.10333945129278878, 0.09718009042134783], [0.11859201081943124, 0.10648553449287146, 0.1228893924331701, 0.11618171473713329, 0.10459916506167613, 0.125, 0.10688762032507614, 0.10301594628763969, 0.09634861584300194], [0.11899496152462309, 0.10647051630005809, 0.12312901706999854, 0.11671198045061061, 0.10440883181274185, 0.12448627206535696, 0.10696699318321816, 0.10292046333454695, 0.09591096425884575], [0.11802993077845696, 0.10666554193833439, 0.12221648091388736, 0.11563656094730576, 0.10499356351452722, 0.12486042911200172, 0.1069813918593286, 0.10341666251293616, 0.09719943842322183], [0.11883377222652428, 0.10650992556178128, 0.12294612824679164, 0.11657882085444468, 0.10450102173628412, 0.12444387082878597, 0.10699317892216803, 0.10305211912820735, 0.09614116249501266], [0.11861434760241635, 0.10650767637929892, 0.1227759863911677, 0.11641517956048968, 0.10454918138373356, 0.12464316543792953, 0.10698496502481582, 0.10316801990703889, 0.09634147831310978], [0.11902772801627198, 0.10630569474581993, 0.12331499277794711, 0.11701173846907956, 0.10410255049432281, 0.125, 0.10691002185041479, 0.10282760356603116, 0.0954996700801127], [0.11835659332803794, 0.10657748304808179, 0.12257157892344345, 0.11611996373043791, 0.10472965009599729, 0.12459742466027075, 0.10700284525869048, 0.10332185607758121, 0.09672260487745923], [0.11893583760623595, 0.10636339609997007, 0.12316467101195522, 0.11692968490676046, 0.10420159639669242, 0.12479146717712161, 0.10695591177611338, 0.10295206411599296, 0.09570537090915793], [0.118796595712247, 0.10647372745520757, 0.12290856088196503, 0.11676328837922494, 0.10439368360770829, 0.12442138450037062, 0.10703167816024353, 0.10314416398093865, 0.09606691732209423], [0.11780121906526339, 0.10666635841911976, 0.12190825244590223, 0.11559490206980558, 0.10499957451667345, 0.12499999999999997, 0.1070228047893697, 0.10361664336898453, 0.09739024532488123], [0.11868026321300831, 0.10648176125428792, 0.12273503500723519, 0.11666290424194445, 0.10443518736910092, 0.12456323285469562, 0.10703183542089723, 0.10321389132582251, 0.09619588931300786], [0.11832630130031101, 0.10656939306958282, 0.12247346882277906, 0.11623566488503138, 0.10467945937585366, 0.12453379635408283, 0.10704489369258184, 0.10341870663981026, 0.09671831585996715], [0.11860966683489484, 0.10647876894128402, 0.12263680243916525, 0.1166141336745786, 0.10444625883865269, 0.12467677192935717, 0.10702899651398422, 0.10325240522282995, 0.09625619560525324], [0.1177337237586175, 0.10670188205435356, 0.12180650123303872, 0.11556360027216492, 0.10505160403402271, 0.12486390233808231, 0.10705954603373269, 0.10370479916520012, 0.09751444111078744], [0.11844625493710892, 0.10647822868419533, 0.12251514437135641, 0.11646186516438763, 0.10449256373605047, 0.1248516279617188, 0.10701464023174387, 0.10332576873477761, 0.09641390617866112], [0.11829373563293115, 0.10656216226864945, 0.12240333566869298, 0.11628253734394162, 0.1046534865972354, 0.12454424222731568, 0.1070631922201613, 0.103472603739573, 0.0967247043014996], [0.1179804045155391, 0.10660446281115686, 0.1220944932021667, 0.1159424543090995, 0.10481032561206742, 0.12479705353741387, 0.1070545541219154, 0.10361515058196141, 0.09710110130867973], [0.11779461734369247, 0.1066734099749253, 0.12187060882203393, 0.11572829719803553, 0.1049618021352564, 0.12475288930971255, 0.10708235706156255, 0.10373435939538285, 0.0974016587593984], [0.11865255753916272, 0.10641602482272167, 0.1227824007304097, 0.11688576898711331, 0.10427787587607185, 0.1246148044295654, 0.10705354533219158, 0.10327374717403279, 0.09604327510873095], [0.11838736176409079, 0.10645143865965573, 0.12239736813168703, 0.11651770641216097, 0.10443852496201199, 0.125, 0.10702411651245299, 0.10338337278390064, 0.0964001107740399], [0.11789049058518479, 0.1066144185171588, 0.12197916037248595, 0.11589159925038799, 0.10483622218597742, 0.12483821511005197, 0.10706730963650676, 0.10368390535069215, 0.0971986789915542], [0.1180880921343164, 0.1065893490538686, 0.12217472322609611, 0.11614068252652739, 0.10472808848042715, 0.12460749861408933, 0.10708709194260677, 0.10362222791689459, 0.0969622461051739], [0.11823285347443079, 0.10654843254149367, 0.12228721132898575, 0.11633943299077254, 0.10461490774826943, 0.12459894732845503, 0.10708613376909029, 0.10355269596723898, 0.09673938485126354], [0.11830923274186525, 0.10648476051928885, 0.1223180688610824, 0.11647364583454019, 0.10449255417377046, 0.12485221692975454, 0.10705762373981144, 0.10347760795856013, 0.09653428924132679], [0.11756166400969241, 0.10668862540221843, 0.121566803383, 0.11556030426981914, 0.10502698909097288, 0.12500000000000003, 0.107092134231824, 0.10386882636545104, 0.09763465324702227], [0.11786439543444636, 0.10657463764423787, 0.12192772901975192, 0.11595865389362034, 0.10476217570335693, 0.12500000000000003, 0.10706373795895106, 0.10371021400718941, 0.09713845633844627], [0.11756287599581888, 0.10668967399456553, 0.12156630293061814, 0.11560494492374279, 0.10501271259407999, 0.1249165494997704, 0.10711019769761067, 0.10390366315621186, 0.0976330792075816], [0.11832048428552548, 0.10646642455799889, 0.12230966482480524, 0.11667027986146562, 0.1044037215990357, 0.12471729120272507, 0.10710602147312892, 0.10355445517082704, 0.09645165702448807], [0.11816152600879616, 0.10654052214849467, 0.12213708929358363, 0.1164261503248612, 0.10457285900399099, 0.12459952499996778, 0.10712734867704281, 0.10366784439056494, 0.09676713515269779], [0.11789097952188878, 0.1065798744346742, 0.12192689457753507, 0.11605857969605528, 0.10473558749530991, 0.12483677966716093, 0.10709858941931485, 0.1037578341326742, 0.09711488105538679], [0.11855598626701841, 0.10627389180220038, 0.12292879813396519, 0.11712446170373136, 0.10401812633314333, 0.125, 0.1070244144224255, 0.10329405399166965, 0.09578026734584619], [0.11821026635573569, 0.10650574388832, 0.12213240668584667, 0.11655522909465343, 0.10448760370446528, 0.12469125366016497, 0.10712902741116809, 0.10365059976577887, 0.09663786943386703], [0.11838172064668297, 0.10634520917974845, 0.12256222658436118, 0.11690269077273588, 0.10417625014207081, 0.125, 0.10705923059176414, 0.1034573985387384, 0.09611527354389818], [0.11827755312945054, 0.10647224269515235, 0.12226637318289167, 0.11672342029430703, 0.10439154452189216, 0.12461065587073879, 0.10713973846581776, 0.10363338927417043, 0.09648508256557906], [0.11768496420851096, 0.10660835551065988, 0.12188981233019529, 0.11592342529570766, 0.10480707785969479, 0.12469350628901667, 0.1071273766589025, 0.103913259691442, 0.0973522221558701], [0.11801444551330818, 0.10650663630545756, 0.12216433133719992, 0.11656755283634102, 0.10447602262460438, 0.12443972025723418, 0.10718310623812317, 0.10385670079300746, 0.0967914840947239], [0.11730407792899104, 0.10662806349286762, 0.12191084554068876, 0.11557446489127275, 0.10493028754131303, 0.12471980610628869, 0.10711397995148632, 0.10408352573570992, 0.09773494881138184], [0.11836259704919855, 0.10623557274910597, 0.12282539567173453, 0.1173272999959962, 0.10389558163650918, 0.12486609363680715, 0.10710853247396054, 0.10355616867710526, 0.09582275810958257], [0.11839580139524922, 0.1062326137811072, 0.12288546016729668, 0.11739229304079535, 0.10387110912537896, 0.12477093388358027, 0.107120127599616, 0.10355401899161082, 0.09577764201536552], [0.11736304134103631, 0.10654381081038912, 0.12202025939803257, 0.11569105156951136, 0.10478817123056619, 0.12499999999999997, 0.10706803050381992, 0.10400743485475443, 0.09751820029188996], [0.11824974688169455, 0.10631341703337933, 0.12259240617488976, 0.11713499521478843, 0.10405375491009798, 0.12475788003554068, 0.10713926000468628, 0.10366123196338985, 0.09609730778153312], [0.1180686339939493, 0.10642587279035255, 0.12239341913476544, 0.11679107056507564, 0.10430210079591265, 0.12448464424793503, 0.10717242004413147, 0.10381902610086814, 0.0965428123270098], [0.11828398890265637, 0.10623330846744337, 0.1227122671309549, 0.11726136932279045, 0.1039120045321296, 0.125, 0.1071036574033344, 0.10359866759720639, 0.09589473664348451], [0.11768319088451294, 0.10653355357026416, 0.12223624665233875, 0.1161725598691281, 0.10462739436628268, 0.12442488003916256, 0.10715295685687919, 0.1039915075208713, 0.09717771024056032], [0.11740381965710932, 0.10653861425395794, 0.12210977692093619, 0.11578918796484222, 0.10474989017153047, 0.12482482977638572, 0.10708978489433388, 0.10402941875952111, 0.09746467760138317], [0.11792233525391718, 0.10641034592951192, 0.12248279630517661, 0.11671882703397898, 0.10430002801151374, 0.12444110524577831, 0.10717120759410079, 0.10390965589884457, 0.09664369872717789], [0.11794838585276685, 0.10640137772080081, 0.12256242994212026, 0.11680564665342533, 0.10426076154619213, 0.12433489368080536, 0.10718555408475597, 0.10391636315493694, 0.09658458736419619], [0.11804396054675276, 0.1062966209513752, 0.12274505248841579, 0.11708003408947272, 0.10404183019965958, 0.12456158336996512, 0.10715946147932749, 0.10382801580075517, 0.09624344107427615], [0.11779184970579813, 0.10638353308399645, 0.12245542399393536, 0.11658675099639412, 0.1043045606617218, 0.12468052457966919, 0.10713562359473429, 0.103937485792744, 0.09672424759100666], [0.11810991591519818, 0.1062410582017732, 0.12278958759130057, 0.11722246257683365, 0.10392693798988856, 0.12473573332199353, 0.10714315291807955, 0.10377241096106704, 0.09605874052386575], [0.11769823682654432, 0.10636498785998882, 0.12247918422665774, 0.11646044270867825, 0.10431932043654538, 0.1248494503443035, 0.10709962724198553, 0.10393926144580486, 0.09678948890949159], [0.11734670235245676, 0.10645401333907017, 0.12236447598203379, 0.11590433007443578, 0.10460035081932403, 0.12485315794707046, 0.10707309236993766, 0.10406779231791671, 0.0973360847977546], [0.11801581098242354, 0.10627483515507559, 0.12281549849560769, 0.1171063824165612, 0.1040040723553683, 0.12455840386231855, 0.10715717792523535, 0.10384728382752566, 0.09622053497988414], [0.11761628603876947, 0.10637322798809172, 0.12251586051588428, 0.11635133591454734, 0.10436213925881122, 0.12482790465291818, 0.1070904026163565, 0.10397083751650583, 0.09689200549811548], [0.11757079480915832, 0.10638212844103968, 0.12254546156112227, 0.11630574219339934, 0.10438609795937573, 0.12475970861583206, 0.10709435804480666, 0.10400201691081701, 0.09695369146444893], [0.11751980176187961, 0.10641879397211929, 0.12254237508386856, 0.11622386342490018, 0.1044567472667527, 0.12459615431348324, 0.10711176577973347, 0.10405112591186857, 0.09707937248539435], [0.11735984367323182, 0.1064122886887168, 0.12250104753437217, 0.11600824028144376, 0.10451299422638834, 0.12483174784755205, 0.10707064262747383, 0.10407253484772087, 0.09723066027310051], [0.11774414473999663, 0.1063382004221015, 0.12269083642663248, 0.11671361625873228, 0.10420215995299731, 0.12452284156021888, 0.10715006375548392, 0.10399549952426067, 0.09664263735957632], [0.1175807399349254, 0.10630953014434753, 0.12261869115371299, 0.11641833358078392, 0.10425767058204903, 0.125, 0.10706578708543968, 0.10396588400794878, 0.0967833635107927], [0.1172661729634813, 0.10639111822601419, 0.12250679414213825, 0.11591683230447511, 0.10451209494772776, 0.125, 0.10704342435597554, 0.10408433157188324, 0.09727923148830458], [0.11778650727271157, 0.10632631290851755, 0.12284494997585645, 0.11687118055976507, 0.10413629272671023, 0.12429308377918812, 0.10718075210701421, 0.10401563393826035, 0.09654528673197643], [0.11759176854281148, 0.10630777847479611, 0.12266838507736257, 0.11649885722592467, 0.10422850934860599, 0.12486447435748559, 0.10708925023106165, 0.10399771606149016, 0.09675326068046174], [0.11747477125723998, 0.10631196689940813, 0.12274470077185075, 0.11636285290016994, 0.10427293202580407, 0.12482700815781242, 0.1070768350153033, 0.10404690083056484, 0.09688203214184661], [0.11738350690366507, 0.10635967763908882, 0.12276791649355356, 0.11623726621435293, 0.10436942436657413, 0.12458420756584986, 0.1071000422416911, 0.10412770880958137, 0.09707024976564316], [0.11744390431313953, 0.10626938191909117, 0.12292897957613376, 0.11653106216708749, 0.10415993816476474, 0.124657728421221, 0.10710505386046824, 0.10411927801486753, 0.09678467356322652], [0.11710627884809462, 0.10633489011610264, 0.12284572575411587, 0.11597533381710746, 0.10440959778940205, 0.12475674392661701, 0.10705891226540395, 0.10422393289052853, 0.09728858459262786], [0.11707664870494591, 0.10624400314958184, 0.12301020665860994, 0.11606653032555779, 0.10426246832911995, 0.125, 0.10701860149791571, 0.10420034496523953, 0.09712119636902936], [0.11759922557535811, 0.1059983863099541, 0.12352047090649108, 0.1172105291569847, 0.10359745585294249, 0.125, 0.10706157535926769, 0.10400871116566283, 0.09600364567333901], [0.11710049788395625, 0.1062396064397482, 0.12309113582913322, 0.11615079944576842, 0.10422935927106561, 0.12485127024534289, 0.10703844756821301, 0.10422180047717375, 0.09707708283959846], [0.11746364922690075, 0.10599602004007902, 0.12366941151611464, 0.11715416714243827, 0.10360379039103759, 0.12479265194476687, 0.10707857325986038, 0.10412353988813756, 0.09611819659066487], [0.11694388081128172, 0.1062366905535045, 0.12317970797083967, 0.11603406723854658, 0.10425378275942743, 0.12478576574813324, 0.10703762323510498, 0.10431246554401494, 0.09721601613914695], [0.11729734046356949, 0.10604637873789642, 0.12342656143558398, 0.11682140577762608, 0.10377003401672072, 0.12500000000000003, 0.1070510202326274, 0.1041725858956085, 0.0964146734403676], [0.1171291244956279, 0.10610149917508974, 0.12337484060275587, 0.11650145338811904, 0.1039382919585957, 0.125, 0.10702901275638843, 0.1042179456124731, 0.09670783201095025], [0.11725267727130985, 0.1060540816354972, 0.12344040151654627, 0.11679698207930632, 0.10378444256802283, 0.12492237858948095, 0.10706220154530577, 0.10421726769074732, 0.09646956710378349], [0.11688071612370692, 0.10621700145311652, 0.12331652816449772, 0.1160598981416052, 0.10421476517279721, 0.12467090102625521, 0.10704723268954083, 0.10437161407144659, 0.09722134315703397], [0.11687868244710524, 0.1060461447403593, 0.1236629187631503, 0.1163537778855924, 0.10389972633888495, 0.125, 0.10699839212164872, 0.1043324821084516, 0.09682787559480752], [0.11690394204259823, 0.10604383592715767, 0.12372059464454482, 0.11644364382484129, 0.1038666017458237, 0.12484286683790569, 0.1070238908193936, 0.10436489456892187, 0.09678972958881316], [0.11674273798304761, 0.10607551288571529, 0.12362548124885246, 0.11614359356075764, 0.10399775299254062, 0.125, 0.10698864927656584, 0.10439065713874202, 0.09703561491377853], [0.1034726709232839, 0.11644611484637057, 0.10133862048576821, 0.11475896513937506, 0.11159758115047785, 0.09292071532688922, 0.12492083763348388, 0.11883932000056352, 0.11570517449378775], [0.1040727569827873, 0.1159052160808729, 0.1020663278198607, 0.11553734671409177, 0.11100814276515666, 0.09330781110234364, 0.125, 0.11838642251725974, 0.11471597601762729], [0.10378535904611069, 0.11618433209500872, 0.10172994255451678, 0.11509186753802329, 0.11124367315111666, 0.0931351361999341, 0.12499999999999999, 0.11862596906713417, 0.1152037203481555], [0.10343257439887667, 0.11638279583418566, 0.10134105493209643, 0.11480696973651493, 0.11153953484791175, 0.09292427537609324, 0.12500000000000003, 0.11891953174816693, 0.11565326312615448], [0.1034356475693404, 0.11633752441113548, 0.10137813326661832, 0.11486307918512813, 0.11149731060034891, 0.09296170874499235, 0.12494683689851016, 0.1189735669517527, 0.11560619237217351], [0.10335647251154768, 0.11636129551200729, 0.10132612362241629, 0.11482189814682968, 0.11158116077647118, 0.09299738906735339, 0.124657579234264, 0.11917178696943062, 0.11572629415967974], [0.10389955814035534, 0.11591813689764238, 0.10202438285675602, 0.11543250534127283, 0.11098424837826044, 0.09340269961044788, 0.12463824009353557, 0.11881531011348637, 0.11488491856824316], [0.10416729885879256, 0.11560831648312919, 0.1023892657036667, 0.11587714624951066, 0.11075316639082722, 0.09360929143514225, 0.1246072978246442, 0.11863677081526254, 0.11435144623902467], [0.10337577205585782, 0.11607157173124667, 0.10154231865061122, 0.11516544934973139, 0.1112863310218467, 0.09318237302848732, 0.12456955719757977, 0.11941196696568876, 0.11539465999895035], [0.10342172098180685, 0.11582834337670812, 0.10169332996165684, 0.1154149397500227, 0.11097732945378969, 0.09321123853485021, 0.125, 0.11941813996027921, 0.1150349579808864], [0.10338924092266996, 0.11575249175302128, 0.10173368734343435, 0.11550300968103726, 0.11092549105324823, 0.09328169635194035, 0.12484579677215708, 0.11957959986826472, 0.11498898625422664], [0.10300676629904039, 0.11607693218865486, 0.10123690488090065, 0.11485142921660552, 0.11156585931333524, 0.09318952093350803, 0.12417770328238954, 0.1200385176126859, 0.11585636627287983], [0.10375681448408763, 0.11538485145622432, 0.1022608296363634, 0.115986395277693, 0.1104778209244479, 0.09361909686933186, 0.1247355472705085, 0.11940597862469007, 0.11437266545665328], [0.10421986792716814, 0.11496525787394316, 0.10279336829740886, 0.11642718269488439, 0.11005896838321987, 0.09389924215881437, 0.12500000000000003, 0.11911868533652445, 0.1135174273280369], [0.10379280413923837, 0.115158481991587, 0.10236181178549388, 0.11617230550402502, 0.11027780103226152, 0.09365437342394395, 0.125, 0.11948360989857772, 0.11409881222487253], [0.10315476368855957, 0.11566297433959505, 0.10159000511680823, 0.11547585109316921, 0.11090992347729076, 0.09323842910505904, 0.12500000000000003, 0.11993092511349565, 0.11503712806602258], [0.10294372102711302, 0.1158474900739061, 0.10131852397661528, 0.11505978323031198, 0.11132141688391214, 0.093250660923141, 0.12436891242345001, 0.12028127646707208, 0.11560821499447826], [0.10318330369208602, 0.11560782626872539, 0.10165960109254413, 0.11556186956956492, 0.1108517025234104, 0.093299910928014, 0.12490800481956604, 0.11996262978438249, 0.11496515132170661], [0.1037428616940033, 0.11507550942042225, 0.10239662008941267, 0.1163020785738353, 0.11019239071083115, 0.09373904620077765, 0.12475348584302721, 0.11972975535832463, 0.1140682521093657], [0.1039404251113303, 0.11490945179863836, 0.10261230867437579, 0.11646911893084362, 0.11008745332559378, 0.09387489366819125, 0.12467165413612849, 0.1196295188183393, 0.1138051755365591], [0.1028175273540589, 0.11565755799777758, 0.10130408071220562, 0.11513800151432554, 0.11119387001300385, 0.09326100420911314, 0.12461565772487075, 0.1205224479626481, 0.11548985251199641], [0.1029178787801311, 0.11545145709214827, 0.10152065622504856, 0.11552603434187035, 0.11080472812536027, 0.09329823735254626, 0.12499999999999999, 0.1204864964584233, 0.11499451162447177], [0.10362885581816991, 0.11502373114425944, 0.10239092700587692, 0.1164088239177085, 0.11018570108181604, 0.09384404528556857, 0.12430528541370278, 0.12008767271042185, 0.11412495762247597], [0.1035507573617868, 0.11509717762961734, 0.10230836581097501, 0.11632526822607969, 0.11028377259880348, 0.09381239561640164, 0.12420901650616445, 0.12016185990269805, 0.11425138634747352], [0.10305727974268022, 0.11536129019893186, 0.101736065769053, 0.11576196068560761, 0.1106809861652287, 0.09346624368095026, 0.12466039526033361, 0.12047075330144769, 0.11480502519576706], [0.10400082990452271, 0.11464578713605375, 0.10280950000839692, 0.11678451569935364, 0.10986225749165032, 0.09406946480724954, 0.12439756242774536, 0.11989233276336267, 0.11353774976166522], [0.10270868144933155, 0.11553343161678037, 0.101268169694356, 0.11513292565100992, 0.11118815151161522, 0.09328271460065038, 0.12470111782417372, 0.1207112840854728, 0.11547352356661003], [0.10327646419917738, 0.11519340567448577, 0.10204525809262226, 0.11610777390709345, 0.11044545553358413, 0.0936653890031912, 0.12438214435472712, 0.1203900113331351, 0.11449409790198349], [0.10421869990589804, 0.11446824141834837, 0.10309909792646989, 0.11706050903019796, 0.1096223711301064, 0.09425263714134278, 0.1243783171491135, 0.11979269360129251, 0.11310743269723043], [0.10380575366165756, 0.11470352892413425, 0.10265155749295758, 0.11673650119110561, 0.10987042386611517, 0.09399156119493654, 0.12441691322765047, 0.12013043453719471, 0.11369332590424808], [0.10346996587849275, 0.11499347181302497, 0.10228523253257003, 0.11639230113504419, 0.1101925285302553, 0.09380150719176797, 0.12435498579687987, 0.12033294728663399, 0.1141770598353308], [0.10269450711827685, 0.11540611606729183, 0.10133263023434733, 0.11529041233562129, 0.11098733678603905, 0.09330005639093879, 0.12489262755935517, 0.12081714406437348, 0.1152791694437562], [0.10331532306505357, 0.11510747529818408, 0.10212502298556346, 0.11622052918464729, 0.11035975771194778, 0.09373830990946613, 0.12426996355175388, 0.12046911327147981, 0.11439450502190389], [0.10417782447909193, 0.11440331048304221, 0.10309604417254484, 0.11712069388149558, 0.10957116126014474, 0.09426243461531725, 0.12437976153992969, 0.11990572448967948, 0.11308304507875415], [0.10362135417629166, 0.11478636904736249, 0.10249593593870499, 0.11664724009700124, 0.10995484236353033, 0.09393661041819257, 0.12433707297984549, 0.12033467773351265, 0.11388589724555857], [0.10266705474073179, 0.11530905657269853, 0.10136533235351389, 0.11537896018994959, 0.11087541033541823, 0.09332027013332932, 0.125, 0.12091633753356842, 0.11516757814079023], [0.10267529862541966, 0.11522759531312692, 0.10143646656679273, 0.11548115900612207, 0.11079061942417179, 0.09339484404839822, 0.12489345643818638, 0.12102514361714771, 0.11507541696063453], [0.10331386127669555, 0.11482138800886024, 0.10223534477477766, 0.11649012505071384, 0.11005662671674292, 0.09379669525188167, 0.12453831740901025, 0.12067373224296567, 0.11407390926835208], [0.10363465169835114, 0.11457259658386793, 0.1026016153895577, 0.11686204487662978, 0.1097392565187916, 0.09401734851413464, 0.12439889584508251, 0.1205175686392485, 0.1136560219343363], [0.1042092800764591, 0.11408308925250171, 0.1032700083290466, 0.11745393985305724, 0.10922074941971004, 0.09435013832660996, 0.12476735954017046, 0.12001616384144843, 0.11262927136099658], [0.10277155225144143, 0.11513605717690763, 0.10161679409054852, 0.11571173172955648, 0.11061297010299292, 0.09353369121374111, 0.12463785986002382, 0.12109975764127921, 0.11487958593350876], [0.10334097630795686, 0.11469872581213758, 0.10230154683874833, 0.11661631867192665, 0.10991631261046099, 0.09382315956553493, 0.12467755292666637, 0.12070691440418725, 0.11391849286238119], [0.10407001380700502, 0.11414486496558636, 0.10312779043850882, 0.11736535880355851, 0.10934155125902636, 0.09431227161312596, 0.12447566701402704, 0.120256858843202, 0.11290562325595989], [0.10452050198386226, 0.11391426852362195, 0.10365008758460635, 0.11771181277747216, 0.10904109165577221, 0.09461766770987906, 0.12441857513293869, 0.11997265022524904, 0.11215334440659805], [0.10342275179677868, 0.11459666333175457, 0.10240888836563089, 0.11674985308165017, 0.10979182960031635, 0.09388256463583776, 0.12471135238498218, 0.12066984701510682, 0.11376624978794261], [0.10284774687765864, 0.11491996021318801, 0.10179127138981373, 0.11605472630187635, 0.1102936986565412, 0.09356171388973415, 0.125, 0.12108062158123181, 0.11445026108995611], [0.10439109646168947, 0.11381540087652513, 0.10358089460089252, 0.11779842895999264, 0.10895112866252855, 0.09458103425092544, 0.12462447211132423, 0.12009887306511585, 0.11215867101100617], [0.10416841715574746, 0.11385513673810477, 0.10333721543076044, 0.1176732187652642, 0.10899271482750662, 0.0943898055915109, 0.12499999999999999, 0.12020475079759405, 0.11237874069351146], [0.1025091076478901, 0.1149867664645204, 0.10142131268220861, 0.11550512841519248, 0.1107341861883522, 0.09347666461515913, 0.12499999999999999, 0.12137498706508508, 0.11499184692159192], [0.10271615736408847, 0.11495442176557044, 0.10169533848413867, 0.11584327267126954, 0.11048750308735512, 0.09365391660569823, 0.12452595857472254, 0.12137488618507705, 0.11474854526207992], [0.10399933249463882, 0.1139425333370686, 0.10317318314396658, 0.11756630206031654, 0.10916650496037232, 0.09438670356560096, 0.12445255288983406, 0.120546279880936, 0.11276660766726614], [0.10329922928775341, 0.1143751475319193, 0.10240119107962892, 0.11690201525758329, 0.1095859280610421, 0.0938876641090633, 0.125, 0.12096985475562623, 0.11357896991738346], [0.10278441377402445, 0.11482642580353548, 0.10182073267068092, 0.11605834109037376, 0.11029440559953982, 0.09372149550792179, 0.12453877049270964, 0.12143562088839846, 0.11451979417281555], [0.10348590155870871, 0.11425677810463188, 0.10262737705893735, 0.1171211013775703, 0.10944877221177764, 0.09406802348360163, 0.12465578934743525, 0.12094703024666258, 0.11338922661067455], [0.10407244094701935, 0.11379440549134744, 0.10330981484410394, 0.11775040644700635, 0.10897268116005775, 0.09445403132922628, 0.12466244473342572, 0.12050188509229562, 0.11248188995551757], [0.10342477559495124, 0.11418973973305317, 0.1026124184418583, 0.11716387306558601, 0.10939574590271522, 0.09407553495034772, 0.1247139961574725, 0.1210753955940998, 0.11334852055991604], [0.1032505518750405, 0.1143165567756442, 0.10241820415466434, 0.11695326982048436, 0.10956760963090313, 0.09397057823904391, 0.12474851763291374, 0.1212033021683244, 0.1135714097029812], [0.1041952617810871, 0.11359495193016388, 0.10352777359661423, 0.11800973046900973, 0.10875964252853774, 0.09459860599995362, 0.12468033806983662, 0.12051757757627786, 0.11211611804851922], [0.10302641929572955, 0.1144431515322718, 0.10216620027466494, 0.11667401823373949, 0.10974947665465463, 0.0938156954537862, 0.125, 0.12131256868197005, 0.11381246987318332], [0.10430546644018594, 0.11353005402493248, 0.10367026062582385, 0.1181200018008936, 0.10869229932831218, 0.09470543172067206, 0.12454593863372729, 0.12048176047976003, 0.11194878694569262], [0.10271785464422938, 0.11470570020184041, 0.10182867941159629, 0.11608192486734654, 0.11024117655507926, 0.09379714931851142, 0.12446512638055503, 0.12167367143885471, 0.11448871718198683], [0.10364818298712877, 0.11382499590014178, 0.10292656733919693, 0.11756620453542918, 0.1090358788660238, 0.09423514931905254, 0.12489578423799608, 0.12102949211319268, 0.11283774470183823], [0.10372627319651645, 0.11374181223647578, 0.10301974466842197, 0.1176571829522038, 0.10897506143860614, 0.09428803107860285, 0.12490793905925149, 0.12097024168323825, 0.11271371368668327], [0.10367137013325263, 0.11376573876439235, 0.10296081741853073, 0.11761556210639154, 0.10898492484983648, 0.0942414011899918, 0.125, 0.12100380969703106, 0.11275637584057341], [0.10305404079650123, 0.11429044299305909, 0.10227947321743702, 0.11684843038862663, 0.10961001352701837, 0.09394353319936358, 0.12481254973232926, 0.12150425333558557, 0.11365726281007939], [0.10338807715308151, 0.11403323850317629, 0.10267727338345725, 0.1173182002842443, 0.10926617308267306, 0.09417902497803005, 0.12459006510234022, 0.1213271642327072, 0.11322078328029013], [0.10330588886342347, 0.11407424569897548, 0.10259607713619368, 0.1172360781960841, 0.10933073444429361, 0.09414306851462488, 0.12459020153228313, 0.12141589497646559, 0.11330781063765616], [0.10247472267724834, 0.11454116316917341, 0.10165674045991242, 0.11593345102585041, 0.11026261666999594, 0.093716233633407, 0.12500000000000003, 0.1219142187606443, 0.11450085360376824], [0.10351117342257313, 0.1136069700541939, 0.1029715896973259, 0.11779262267917516, 0.10882178047948157, 0.09438917783406328, 0.12463225611319587, 0.12156427203726751, 0.1127101576827237], [0.10396502935694135, 0.11315162100350955, 0.10354491621483831, 0.11840768676985765, 0.10834708120567631, 0.0946605994847603, 0.12499999999999999, 0.1211109225674466, 0.11181214339696985], [0.10331656677537875, 0.11385626669850181, 0.10274113181749209, 0.11747580367886074, 0.10914449927598908, 0.09433062123546888, 0.12429965962600271, 0.12172854672190207, 0.11310690417040374], [0.10344566365159454, 0.11364300501354926, 0.10292088372226998, 0.11774353952631429, 0.10887615554075475, 0.09439709429309948, 0.12450127196106343, 0.12167777642656787, 0.1127946098647863], [0.10254573627479738, 0.11433729607780954, 0.10183931044553528, 0.11619599313813103, 0.11002804850527596, 0.09390192245287517, 0.12471893474611273, 0.12218140625850281, 0.1142513521009601], [0.1037722428468844, 0.11319998504497265, 0.10335785085637356, 0.11827067289433543, 0.10848085316272794, 0.09462454002075596, 0.12470169796921565, 0.12145102549846945, 0.11214113170626505], [0.10377021849027508, 0.11313466731848916, 0.10338855770303432, 0.11834133039823223, 0.10840905974344296, 0.09464412376166599, 0.12476978793919534, 0.12148566174653098, 0.11205659289913385], [0.10349732296487212, 0.11324240509297756, 0.10310648906250189, 0.11812342086734721, 0.10848263828872545, 0.09446478611438086, 0.12500000000000003, 0.12177597260940244, 0.11230696499979258], [0.10318780584145175, 0.11376435880843032, 0.10270087170908448, 0.11747840535281144, 0.10911458478101682, 0.09439248448346454, 0.12416950312098092, 0.12209360763795674, 0.11309837826480322], [0.10324693451146627, 0.11369819306146757, 0.10277927036260753, 0.11758984695477312, 0.10902790632246007, 0.09443285173871634, 0.12417222100463683, 0.12205746512044668, 0.11299531092342559], [0.10370730565771272, 0.11291634897468254, 0.10343718503856832, 0.11853933377037344, 0.10819110768002238, 0.09468592698695287, 0.125, 0.12168560660497461, 0.11183718528671312], [0.10288789541238766, 0.11387064667105298, 0.10239228128915834, 0.11707871342214972, 0.1093290786110124, 0.09425809168324836, 0.12441070618065499, 0.12234931470645699, 0.11342327202387842], [0.10328288281168656, 0.11343775335771888, 0.10291818536346806, 0.11786856447941914, 0.10874115995568172, 0.0945128979740151, 0.12440228912646739, 0.12215196282531424, 0.1126843041062289], [0.10347119314526598, 0.11311972726340298, 0.10317502092085101, 0.11826324353391951, 0.10837406293131316, 0.09458570875728618, 0.12476068723181365, 0.12203429296079077, 0.11221606325535675], [0.10373563720408359, 0.11273235903453017, 0.10358500821808334, 0.1187824096943184, 0.10802227833825977, 0.09485630469650266, 0.12475582305442365, 0.12188652216631998, 0.11164365759347832], [0.10289588689581422, 0.11364799673741761, 0.10250155241942806, 0.1173054806574677, 0.1090952336547276, 0.09434386820887436, 0.12453997620038068, 0.12251093468255904, 0.11315907054333073], [0.10276730943506893, 0.11354745682743778, 0.10242306660754738, 0.11725685666201148, 0.10902770964441057, 0.09431134014124953, 0.12479054871922633, 0.12273643921528352, 0.11313927274776449], [0.10257333983263597, 0.11365421845133296, 0.10218459154157641, 0.11689893557781195, 0.10920938385475418, 0.09418092183725157, 0.12499999999999999, 0.12287284098641717, 0.11342576791821968], [0.10386990851608127, 0.11231766650705845, 0.10392420779696077, 0.11932039233038656, 0.10756265874761896, 0.09505434325192054, 0.125, 0.12199026021647863, 0.11096056263349482], [0.10279523301718996, 0.11344296179878599, 0.10250027747055923, 0.11738955393301531, 0.10891408915524851, 0.09437274808358583, 0.12480102241144331, 0.12278258192388798, 0.11300153220628374], [0.1033078893604207, 0.11272780631737017, 0.10323390441569985, 0.11856805237884296, 0.10799638591814095, 0.09470017006748155, 0.125, 0.12259207777237428, 0.11187371376966954], [0.10269767030943662, 0.11337643892842132, 0.10243353353926729, 0.11733824787820626, 0.10887090394746449, 0.09433842389621916, 0.125, 0.12295156394373515, 0.11299321755724968], [0.1036439994812937, 0.11229713232140491, 0.10372629196684799, 0.11920535076261694, 0.10759288620848582, 0.09499689436363744, 0.12499999999999999, 0.12234127283813992, 0.11119617205757316], [0.10311341857512561, 0.1128794290055738, 0.10301623330946948, 0.11828183531287362, 0.10819802976508365, 0.09461494429370206, 0.12499999999999999, 0.12275695886657384, 0.11213915087159787], [0.10300751332302543, 0.11313018733963434, 0.10284902917602949, 0.11792651120837659, 0.10853670064479783, 0.09461056660044737, 0.12452004294074895, 0.12290939394785277, 0.1125100548190871], [0.10270087762628195, 0.113285459922794, 0.10249269675981158, 0.11740829712030453, 0.10880113420108112, 0.09442961672042817, 0.12485272474690425, 0.12310801258398148, 0.11292118031841293], [0.10268121377841492, 0.11328784788268415, 0.10247951605276773, 0.117366481370945, 0.10882450467833688, 0.09444863655206448, 0.1247682741218138, 0.12318428545377157, 0.1129592401092015], [0.10277955804970373, 0.11306449544580492, 0.10265952319948923, 0.11773914916615152, 0.10852581790344189, 0.09450739981013946, 0.12500000000000003, 0.12314983034461431, 0.11257422608065502], [0.10267000670237166, 0.11324614981886903, 0.10249993730714331, 0.11736609521477043, 0.10880985013715737, 0.09451029669238421, 0.12462868437564739, 0.12331548025231012, 0.11295349949934659], [0.10300768483871904, 0.11284442372014668, 0.10298939317601268, 0.11820012915189464, 0.1082542570667071, 0.0947473646320347, 0.12457883061708638, 0.1231711555835536, 0.11220676121384517], [0.10268336923154804, 0.11315355813033204, 0.10256429126273159, 0.11745648512066402, 0.10872504475473804, 0.09458655839269843, 0.12454704848300624, 0.12342682456564692, 0.11285682005863468], [0.10340942174654351, 0.11228154020318876, 0.10357182017581186, 0.1190947329649498, 0.10761822922198121, 0.09504201787023803, 0.12464647103810647, 0.12294166674700799, 0.11139410003217251], [0.10302179496386303, 0.11277658086958314, 0.10303644856068461, 0.11827941398341968, 0.10818444671192595, 0.09478883124338978, 0.12456962630034661, 0.12321336153306536, 0.11212949583372185], [0.10353162470933946, 0.11203940011519328, 0.10377515858892568, 0.11940129987497286, 0.10740440793941868, 0.09514913737676925, 0.12483539402122219, 0.12279913909886628, 0.1110644382752923], [0.10325090629352601, 0.11238558709862968, 0.10339900011706009, 0.11888115505186037, 0.10770146125444861, 0.09496655217373676, 0.12466795555605098, 0.12316651898512145, 0.11158086346956604], [0.10344608712377484, 0.11198559633931328, 0.10372317497845861, 0.11939859235675541, 0.10734925015617411, 0.09512405321673416, 0.12500000000000003, 0.12292758527534965, 0.11104566055344003], [0.10281327344217074, 0.11267373897160991, 0.10288276672155476, 0.11814617342783089, 0.10812776804730138, 0.09471039188808639, 0.12500000000000003, 0.12352578718487371, 0.11212010031657232], [0.1030810871032768, 0.11234580619695642, 0.10326065580500157, 0.11877159169617542, 0.10769118111214404, 0.09488615062589832, 0.125, 0.1233635599304353, 0.11159996753011212], [0.10338212499726242, 0.11203943159087644, 0.10367087148541673, 0.11931897202747278, 0.10739719003647008, 0.095150766614441, 0.12472944603225328, 0.12315912778055972, 0.11115206943524755], [0.1029219410456151, 0.112526706203356, 0.10307005302076247, 0.11840053713027088, 0.10796978689309418, 0.0948761345085924, 0.12473035707749112, 0.12359280890631176, 0.11191167521450598], [0.10283664912468915, 0.11256699029960883, 0.10296759731523093, 0.11826120691365406, 0.10803127343410127, 0.09481043800445997, 0.12485871285035909, 0.12365856186195429, 0.1120085701959424], [0.10291457911692926, 0.1124886518378636, 0.10308493111380855, 0.11842383769361739, 0.10793883390007342, 0.09490228508717945, 0.12471372255597626, 0.12365484580761163, 0.11187831288694043], [0.10341711170555526, 0.11183321597988825, 0.10381328168548706, 0.11955237583137858, 0.1072196378515708, 0.09529268348227975, 0.12467940598421028, 0.12326154118636437, 0.11093074629326563], [0.10278319471858907, 0.11260571673335995, 0.10292357800770323, 0.11811163164665889, 0.10813146782288192, 0.09486932592513544, 0.12462235293366568, 0.12379917584479887, 0.11215355636720706], [0.10305708576754055, 0.11218869781860348, 0.10336152436224712, 0.11887441965411753, 0.10759846729503478, 0.09509832590932961, 0.12460107802884213, 0.12372662438324196, 0.11149377678104286], [0.11126371163423181, 0.11332419708147624, 0.10989058109928154, 0.125, 0.10722676223196324, 0.09903843711703712, 0.12009445494539861, 0.11227887216491995, 0.10188298372569146], [0.11132540237097477, 0.11329288814373678, 0.11000082628286892, 0.12490950046562002, 0.10720282747085833, 0.09915801557013143, 0.1200229230391184, 0.11226312479217998, 0.10182449186451152], [0.11065863961625308, 0.11333614665872367, 0.10928144763321929, 0.125, 0.10729368274568273, 0.09843706935388419, 0.12040796472970472, 0.11297634743667202, 0.10260870182586028], [0.1102086931981972, 0.11346425085910608, 0.10875056857237267, 0.125, 0.10737713084604375, 0.09791237689887766, 0.1207189900799309, 0.11340599665205223, 0.10316199289341954], [0.11148771968715883, 0.11292534786865163, 0.11061363361912578, 0.125, 0.1068821568572435, 0.09977720452298193, 0.11949871368815602, 0.11235306146398898, 0.10146216229269331], [0.11212365780436283, 0.11270539571112011, 0.11141789288021564, 0.125, 0.10667376008228135, 0.10059935385296762, 0.11893108188050996, 0.11180222993485753, 0.10074662785368498], [0.1108391578479717, 0.11298711195067149, 0.10990877468275304, 0.12490245058603615, 0.10699129051526036, 0.09908469788611686, 0.1198908067327101, 0.11312806038715877, 0.1022676494113214], [0.11082462197503373, 0.1129086608428281, 0.10998066145885778, 0.125, 0.10692056709927096, 0.09915243080481989, 0.11980197205473152, 0.11318664519254383, 0.1022244405719142], [0.10994695321445394, 0.11314173833128036, 0.10894666526044644, 0.12448791313419669, 0.10714133198141838, 0.09818727434226247, 0.12045750114804196, 0.1142243287461414, 0.10346629384175833], [0.11088296252283705, 0.11279171176732206, 0.11021555599279052, 0.12479155634375545, 0.10683453970639778, 0.09941337683962635, 0.1196231481910174, 0.11328641774817258, 0.10216073088808067], [0.10997156705598962, 0.11297646358876785, 0.10913963062235037, 0.12465110445270235, 0.10700011739866275, 0.09837539167853088, 0.12025337203119574, 0.11430776047573876, 0.10332459269606167], [0.11017832768730873, 0.11285050612191129, 0.1094336671270935, 0.12500000000000003, 0.10688485790228187, 0.09863371416589815, 0.12002314097349222, 0.11405283897318118, 0.1029429470488332], [0.1104159916187105, 0.11277369876732352, 0.10978147904412408, 0.12469920417346084, 0.10685397330664782, 0.09900797717886031, 0.11981773346310796, 0.11392045304600308, 0.10272948940176169], [0.112247386309519, 0.1120986126842731, 0