[[0.11226504083870839, 0.11634510642396416, 0.10011046305585429, 0.09614589935569558, 0.1173061777155126, 0.12462691782716301, 0.09255445303828719, 0.12229885312756676, 0.11834708861724799], [0.11291113983912991, 0.11695774253525243, 0.0993491456776411, 0.09492931756278225, 0.11820505357572915, 0.12483396320897182, 0.09129979678037788, 0.12301864065351549, 0.11849520016659987], [0.11225018844566581, 0.11616303326246, 0.10005553847647203, 0.09610344293429099, 0.11735853078131665, 0.12479233938752071, 0.09265584804676072, 0.12207835800338887, 0.1185427206621242], [0.11237332527684525, 0.11627877500406694, 0.09990934083584302, 0.09586891513878722, 0.11754020272311345, 0.124750658286338, 0.09240453663455052, 0.12229077514195183, 0.11858347095850377], [0.11295659137158513, 0.116892071088798, 0.09924864857486991, 0.09479954633210047, 0.11832642038253761, 0.125, 0.09125941385049859, 0.12288065215763366, 0.1186366562419766], [0.11285962685362133, 0.11670360615089143, 0.09943724822673734, 0.09509524492288658, 0.11822327264316271, 0.12459877495071701, 0.09165230065366338, 0.1227173604748136, 0.11871256512350661], [0.11230176253586881, 0.11611773467508603, 0.0999069359458044, 0.09590396381540453, 0.11749080680980122, 0.12499999999999999, 0.09252602873726551, 0.12207521176181102, 0.1186775557189584], [0.11239904208570682, 0.11607497664775512, 0.09984073072558163, 0.09580601949731989, 0.11766807152529646, 0.12475936290005121, 0.09255341638548836, 0.12200411372017538, 0.11889426651262516], [0.11217085211523886, 0.11569417092689029, 0.10041921085621186, 0.09666342151216159, 0.11725147338689512, 0.1240037155178362, 0.09358905079581487, 0.12130793840923788, 0.11890016647971326], [0.11274730940863126, 0.11623750812866404, 0.09963808684004814, 0.09544873883768659, 0.11818650193543694, 0.1240632816515497, 0.092343571800953, 0.1221138868798331, 0.11922111451719723], [0.1132649175531415, 0.11664370571740186, 0.09916166958741786, 0.09462146461169223, 0.11890740612413636, 0.12428512334755705, 0.0915274890372661, 0.12224970888731981, 0.11933851513406721], [0.11222015077702005, 0.11562821380546778, 0.10033628126456198, 0.09655338291517608, 0.11736472231670014, 0.12400287014356243, 0.09357358490973673, 0.12125734767987392, 0.11906344618790077], [0.11310587395094475, 0.11644181231005896, 0.0992856663687151, 0.09485348471513178, 0.11873571108638509, 0.12422814109339685, 0.09183019679768312, 0.12214940469266551, 0.11936970898501889], [0.1129493788185286, 0.11619453548747886, 0.09945019131063562, 0.09514177051546534, 0.11855809566785445, 0.12398880257336008, 0.09223187392309655, 0.12193320718250379, 0.11955214452107682], [0.11361374344874049, 0.11665400497197458, 0.09881368415340053, 0.09404848747324591, 0.11947518894779591, 0.12400691572102904, 0.09115363018050761, 0.12254031676141884, 0.11969402834188711], [0.11262647814978324, 0.11589930349994793, 0.09971843307788639, 0.09562013301141188, 0.11809755391277382, 0.12413802492288158, 0.09273106049954147, 0.12167334482392242, 0.11949566810185126], [0.11350029894726572, 0.11652867761802349, 0.09890530724534174, 0.0942174079108026, 0.11935895363447226, 0.12409221128594486, 0.09136720312536253, 0.12228466983582945, 0.11974527039695734], [0.11331919200766463, 0.11637217866552482, 0.09917660383249882, 0.09464977173145878, 0.11910288603590634, 0.12394956142418681, 0.09183816800546286, 0.12185345022784905, 0.11973818806944786], [0.11222741058652952, 0.11537948080221175, 0.10047567472506617, 0.09676828580180569, 0.11737798790353211, 0.12355933309662863, 0.0940332054263558, 0.12086815921076494, 0.11931046244710525], [0.11321413987301931, 0.11623858011575415, 0.09927173521859149, 0.0948201582583252, 0.11897985469086618, 0.12384609828893517, 0.09206051128453598, 0.1217807199685794, 0.11978820230139298], [0.1127008631901354, 0.11580434946903581, 0.09955636189138613, 0.09538916214619675, 0.1182917972404224, 0.12434778039158444, 0.09264605574373243, 0.12151870742046054, 0.11974492250704623], [0.11314681098344681, 0.11614310875082019, 0.0992749006230528, 0.09485252201999723, 0.11891857140247149, 0.12397452412418315, 0.09213005159678839, 0.12170793972027422, 0.11985157077896576], [0.11220756332051465, 0.11530734102843997, 0.1005687514063282, 0.09690342963497041, 0.1173288496042397, 0.12339822972973394, 0.0942214347567547, 0.1207401159210039, 0.11932428459801478], [0.1129496299628884, 0.11592939017731266, 0.09931202853335773, 0.09497852589551108, 0.11869688424099914, 0.12434920167801493, 0.09230499837627573, 0.1215608738733588, 0.11991846726228167], [0.11272563100068683, 0.11573470730111811, 0.0994766549410549, 0.09528061938611962, 0.11837649584394841, 0.1244948620198175, 0.09261989506542255, 0.12141248036858684, 0.11987865407324522], [0.11247508349311115, 0.11546679030814137, 0.09997300697788696, 0.09603731386159396, 0.11790499999613654, 0.12388018477236286, 0.09343932784764002, 0.12105407382431344, 0.1197692189188137], [0.1123227851630948, 0.11531663122083637, 0.1003304270207476, 0.09656937399148574, 0.11758196357503761, 0.1235034489919472, 0.09398747529273913, 0.12079438729683849, 0.11959350744727305], [0.1133704915724824, 0.11609908643143843, 0.09887810634291408, 0.0942568170779953, 0.1193738027524174, 0.12434344102224024, 0.09169981377129666, 0.12185239611620151, 0.12012604491301397], [0.11299780777803935, 0.11583360364299591, 0.0992326654903563, 0.09486521282909816, 0.11882493868439464, 0.12443004157840637, 0.09231231944728083, 0.12139224853602677, 0.12011116201340169], [0.11244202726767565, 0.11537456026068185, 0.10006417422208451, 0.096175077390883, 0.11784440130610513, 0.1237440785283832, 0.09364047124841558, 0.12091013836535773, 0.11980507141041337], [0.11259746863134477, 0.11550684666535603, 0.09966557516110479, 0.09558779818671923, 0.11818600940864242, 0.12432176594397501, 0.09304646350368431, 0.12111962628138628, 0.11996844621778706], [0.11275302461529958, 0.11561941696905323, 0.09937038593850137, 0.09513893284516467, 0.11848697328514182, 0.12470976525045557, 0.09260382814387526, 0.12123954656845258, 0.12007812638405582], [0.11291387753780886, 0.11571005820847305, 0.09923704418800144, 0.09490560622373354, 0.11874046151880631, 0.12463634537021423, 0.09240380815062006, 0.1212762141906616, 0.1201765846116809], [0.11223307742620903, 0.11511179686926763, 0.100621118755511, 0.09699374016373223, 0.1173793851436866, 0.12306128659871819, 0.09453529951436858, 0.12043605645390648, 0.11962823907460028], [0.11249017748787972, 0.11531313249982207, 0.09994055128514111, 0.0959999061682061, 0.11797461222272751, 0.12389921064590187, 0.09356508323226238, 0.12082926973644649, 0.11998805672161286], [0.11226638234668318, 0.11509614356721491, 0.10057683993092041, 0.09692850904112175, 0.11744728631231988, 0.12305183329242421, 0.09451811255160673, 0.12041917469575862, 0.11969571826195027], [0.1131249102439931, 0.11568896975566223, 0.09910499282641082, 0.09466627798585349, 0.1190980410141527, 0.12433072109693767, 0.09233311375531615, 0.12118870724175554, 0.1204642660799183], [0.11279637823403714, 0.11547132757359198, 0.09922340538764991, 0.09493982631373755, 0.11864254254730693, 0.125, 0.09257064409068748, 0.12101084418211036, 0.12034503167087866], [0.11254706508490168, 0.11529269695056468, 0.0997989541540301, 0.09579526710980112, 0.11811488811894136, 0.12408620372521652, 0.0934248008433023, 0.12080370239042329, 0.12013642162281894], [0.11353896583012593, 0.1158540179738037, 0.09835175507502993, 0.09351815705806793, 0.1198593600055955, 0.12500000000000003, 0.09123357209205292, 0.1220603453337748, 0.12058382663154942], [0.11296380061477923, 0.11553489332088714, 0.09916034705068674, 0.09480018036468206, 0.11889110631081186, 0.12467232771969547, 0.09249587821022143, 0.1209943845625663, 0.12048708184566992], [0.11336169948287166, 0.1157161326812937, 0.09876594326182334, 0.09413788204435511, 0.11953880087013606, 0.12438044977627843, 0.0919128849871116, 0.12158038536367959, 0.12060582153245064], [0.11316168267294362, 0.11560598605143131, 0.09904755806640747, 0.09458389008733055, 0.11919585503431272, 0.12425377719997409, 0.09234987205083572, 0.12118000276616568, 0.12062137607059895], [0.1124678717466343, 0.11509856054028184, 0.10005838293127563, 0.09617698717325933, 0.11794063094102596, 0.12364730778598164, 0.09393959785365773, 0.12049624028228412, 0.12017442074559948], [0.11296752339142953, 0.11526622259089432, 0.09917047657190753, 0.09482961769453098, 0.11896277767641253, 0.12447009579057512, 0.09278473773761294, 0.12067648531079125, 0.12087206323584579], [0.11225140158918735, 0.11478757043968754, 0.10057792474087894, 0.09695183273706637, 0.11756408151549246, 0.12275011302535814, 0.09484477615663123, 0.11997485771017578, 0.1202974420855221], [0.11370415923308774, 0.11550895865034867, 0.09808994126517423, 0.09314304397709208, 0.12032272895094814, 0.12480852287566913, 0.09128885263120827, 0.12189046156280052, 0.12124333085367123], [0.1137779626647329, 0.11554229764766717, 0.09804423171664246, 0.0930572481037744, 0.12043304348655082, 0.12467196032739773, 0.09122163136264404, 0.1219718220867141, 0.12127980260387622], [0.11235731853349584, 0.11483280568001902, 0.10038344342548187, 0.0966582359609051, 0.11776975998881564, 0.12304947087083551, 0.09460020737919798, 0.12006457377417452, 0.12028418438707439], [0.1135149508012964, 0.11541323585434358, 0.09838748224682214, 0.09360415037900785, 0.11998038057627987, 0.12465613926566227, 0.0917233850844298, 0.12158071575163912, 0.12113956004051894], [0.11321994078593843, 0.11530522381434638, 0.09895472826053787, 0.09446071731900381, 0.11939517387553666, 0.12399685631637997, 0.09254235034335387, 0.12100552501302846, 0.12111948427187445], [0.1136204047904404, 0.11540751158004785, 0.09811800681397884, 0.09321283814360204, 0.12022774988741203, 0.125, 0.09139788563553372, 0.12173242781523412, 0.12128317533375098], [0.11265483812791355, 0.11499324630358773, 0.09969035278954363, 0.09563516340282717, 0.11837134561505562, 0.12397478736861597, 0.09364622411019363, 0.12033000884030855, 0.12070403344195414], [0.11242487537020954, 0.11484052410675159, 0.1002612983878465, 0.0964744828833386, 0.11791390065044413, 0.12321450447693257, 0.09446677087429997, 0.12008451239102366, 0.12031913085915336], [0.11314837929636386, 0.11513167093446357, 0.09901456871392787, 0.09457279031449578, 0.11931097821148194, 0.1239859878314806, 0.09277534464016188, 0.12076540827005777, 0.12129487178756672], [0.11323769059030747, 0.11514541534533149, 0.09894065005386388, 0.09444533761961849, 0.11946349212347308, 0.12382739964350276, 0.09269000563526346, 0.12087485185927453, 0.12137515712936496], [0.11346611042208142, 0.11516012679575702, 0.09846775831496729, 0.09374207536958004, 0.11995889411843892, 0.1243798246719028, 0.09208707991421783, 0.12124205986361992, 0.12149607052943473], [0.11303845220884269, 0.11501286947134609, 0.0991417966833862, 0.09478328659512554, 0.11912944096250208, 0.12401829035231719, 0.09303325399414254, 0.1205176385823522, 0.12132497114998543], [0.11359359755615606, 0.1151963445490876, 0.09823019012336148, 0.09338400319224383, 0.12022059687814421, 0.12462398434816677, 0.09177261246675396, 0.1214285044589106, 0.12155016642717537], [0.11294269623823273, 0.114947668781383, 0.09928266571120845, 0.09500447032752794, 0.11895012475528946, 0.12401718791325374, 0.09325934552991691, 0.12032284436031243, 0.12127299638287534], [0.11252095201439602, 0.11473013033576805, 0.10006141327584527, 0.09618402684216357, 0.11822272792736005, 0.12330930191682667, 0.09436617360647337, 0.11993027615128751, 0.12067499792987951], [0.11349186812930334, 0.11511542340705781, 0.09842260228146607, 0.09367656941496658, 0.12002520428875225, 0.12437501822544107, 0.09208479281840878, 0.12121958763877305, 0.12158893379583105], [0.1128615536531155, 0.1148905086969881, 0.09943629621670264, 0.09523749413635531, 0.11878397452653576, 0.12394139717265222, 0.09349924525904112, 0.1201394754450284, 0.121210054893581], [0.11282528768744376, 0.11484990240807866, 0.09950348573359122, 0.09534034464071131, 0.11874718979272056, 0.12386498001456485, 0.09361921356783141, 0.12005497946637396, 0.12119461668868414], [0.11274804491577833, 0.11480617937694601, 0.09961973511243229, 0.09552148093681807, 0.118638856676404, 0.12375742101552395, 0.09379086963528978, 0.12001662502774392, 0.12110078730306365], [0.11260161352517038, 0.1147063251261789, 0.09990178251005802, 0.09594745764990009, 0.11841964248562142, 0.1234225073934912, 0.09421464042274681, 0.11989244457185329, 0.1208935863149799], [0.11315481399017509, 0.11490931441987919, 0.09897855531511321, 0.09453404337852826, 0.11937632970751379, 0.12389741311284481, 0.09295166432389741, 0.12057666130980534, 0.12162120444224293], [0.11293409822779871, 0.11483405889208437, 0.09932690621623502, 0.0950716171568914, 0.11896602957871331, 0.12383153069801252, 0.09343559927916163, 0.1201924610400271, 0.12140769891107606], [0.1125528163372074, 0.11464214941313833, 0.1000235491044371, 0.0961276165253808, 0.11836010264805077, 0.12323670813278018, 0.09442545119647157, 0.11979443365767178, 0.12083717298486209], [0.11327778860682704, 0.11489317405112745, 0.09876411035330883, 0.09420981872051967, 0.11963546050313055, 0.12400953955673202, 0.09270314791331329, 0.12073916847996492, 0.12176779181507637], [0.11299922935360948, 0.11481569235305927, 0.09923812982151388, 0.09493361401560015, 0.119099715247809, 0.12375805011771528, 0.09335648688562684, 0.12026194963738758, 0.12153713256767854], [0.11288891459318415, 0.11471870828283987, 0.09940448967249296, 0.09519440792500072, 0.11898900491904402, 0.12366423065610858, 0.09364494639187594, 0.12001928632453587, 0.12147601123491777], [0.11277506446891096, 0.11463954970274645, 0.0995834771252295, 0.09547207960529071, 0.11883958565506329, 0.12362586565920348, 0.09392746868770653, 0.11978525228331859, 0.12135165681253052], [0.11297824938378348, 0.11456979040413397, 0.09907645086723224, 0.09473537991446038, 0.11932330921685842, 0.12401475841327575, 0.09336851605325908, 0.12009320781917814, 0.12184033792781869], [0.11257750952541255, 0.1143984802897723, 0.09987433013248036, 0.09593099296480218, 0.11863918457758546, 0.12346008204998589, 0.09449071516118494, 0.11945014439896898, 0.12117856089980722], [0.11264226780945408, 0.11431943627569333, 0.0996558624479935, 0.09562263617022734, 0.11887025462383201, 0.1237651284927724, 0.09430117814481571, 0.11937476337598205, 0.12144847265922967], [0.11356603588159789, 0.11451165990383819, 0.09798415566350555, 0.09309804458109035, 0.12044254473852628, 0.125, 0.09214865703473973, 0.120686065678802, 0.12256283651790001], [0.1126818941374293, 0.11429193870546944, 0.09950628814665297, 0.09541201869896597, 0.11899690375854255, 0.12393351169665184, 0.0941382506276877, 0.11944507679563493, 0.1215941174329653], [0.11350383036352561, 0.11434357956471951, 0.09804106071363067, 0.09319947875728751, 0.12055044473580966, 0.12470680928747521, 0.0923870301024415, 0.12044451832049793, 0.12282324815461254], [0.1125991590366714, 0.11414795917719224, 0.0996623782190058, 0.0956504627752552, 0.11893097090007831, 0.12381601157491368, 0.09447089828912612, 0.11918746490219488, 0.12153469512556225], [0.11314313336966099, 0.11419310874852011, 0.09832742496503409, 0.09370046027711833, 0.1200970132270028, 0.12500000000000003, 0.09278947820371507, 0.12007814680560128, 0.12267123440334747], [0.11290827735153147, 0.11413426096988064, 0.0988372827376207, 0.09445462852693527, 0.11965374417098565, 0.12451726948049478, 0.09344829814346263, 0.11973023262210296, 0.12231600599698589], [0.11312062685800144, 0.11414275014535698, 0.09836842029058034, 0.09376369264168706, 0.12010681733620146, 0.1248912198345689, 0.09289281078031152, 0.11999602982330707, 0.12271763228998525], [0.11260054871418589, 0.11404009524806379, 0.09958139922591328, 0.09554538964418317, 0.11903889281768412, 0.12392942468420111, 0.09447191418227324, 0.11912545315288442, 0.12166688233061089], [0.11275836129261581, 0.11384641480579284, 0.09889574378979941, 0.09458831234695089, 0.11964158536511574, 0.12478546190930433, 0.09377316178685154, 0.1193318529485791, 0.12237910575499035], [0.11279830347330702, 0.11381060864248244, 0.09872515643513553, 0.09434989208558552, 0.1197915119043118, 0.12499999999999999, 0.09359821249810892, 0.11937412894291051, 0.12255218601815818], [0.11264642254714341, 0.113812409488927, 0.0992901750981482, 0.09514900425319832, 0.11937192481594014, 0.12427599318887535, 0.09432093097829632, 0.11906599936221891, 0.12206714026725246], [0.1238788295634695, 0.1080845018247992, 0.11777915171288421, 0.11428319856437984, 0.10640763210478238, 0.09972139236395533, 0.12430309918517171, 0.10464597265222914, 0.10089622202832868], [0.12344017663771606, 0.1082698365771791, 0.11768426250026655, 0.11373500542475956, 0.1066658083846233, 0.09958481166348986, 0.125, 0.10480954455847032, 0.10081055425349524], [0.12379684909712392, 0.10810714347551481, 0.11771210169180694, 0.11395135310769121, 0.10647045040274371, 0.09955170685900402, 0.125, 0.10465033974071158, 0.1007600556254038], [0.1238202224131261, 0.10807947383111162, 0.1177361426576937, 0.11425996338065521, 0.10643859139456568, 0.09976641506011898, 0.12427933374452564, 0.10467511758695108, 0.10094473993125197], [0.1237857060888255, 0.10807710015195605, 0.11770521937759318, 0.11422243312806685, 0.10646243963326693, 0.0997905046926741, 0.12428865139144421, 0.10469534378168038, 0.10097260175449262], [0.12365879808940557, 0.10807008250875903, 0.11767046842312522, 0.11437187304003281, 0.1064819107474892, 0.0999040164403576, 0.12403171081872594, 0.10473301967793747, 0.10107812025416717], [0.12354078479511646, 0.10817747650883595, 0.11757136196417978, 0.11376425090665662, 0.10668247557623792, 0.09974198209902362, 0.12471158355047066, 0.1048400914622369, 0.10096999313724213], [0.12312628712437575, 0.1083324608773656, 0.11748603186961612, 0.1135474935663339, 0.1069099167255762, 0.09981713243116083, 0.12468581228008213, 0.10502840762560019, 0.1010664574998893], [0.12349879911735785, 0.10806198480589947, 0.11749616212524029, 0.11410291311255785, 0.10662586131904199, 0.10002460734188832, 0.12411572226034832, 0.10485029253891569, 0.10122365737875], [0.12344681287117601, 0.10807374551210613, 0.11740738194929687, 0.1138422456622113, 0.10671797537691677, 0.10001445111291438, 0.12435230034775453, 0.10490785580171641, 0.1012372313659076], [0.12335415231395655, 0.10807196456215895, 0.11734210191065853, 0.11380848741784468, 0.1067751443274665, 0.10010945035547134, 0.12423707178127216, 0.10496566317314333, 0.10133596415802792], [0.12309685893657864, 0.1077974664096113, 0.11784808825897518, 0.11449216565591831, 0.10641312698459288, 0.10007787139730626, 0.1243289109772925, 0.10468749115608092, 0.1012580202236439], [0.12312187702087553, 0.1081959136311261, 0.11723215191342498, 0.11345505636123929, 0.10701293265443111, 0.1001326392709892, 0.12431108997456718, 0.10514224799198035, 0.10139609118136632], [0.12249471681571711, 0.10830364948631169, 0.11698830167959147, 0.11305932166422025, 0.10727031330963648, 0.10012542366414282, 0.125, 0.10532423173966673, 0.10143404164071344], [0.12294655377250441, 0.10822891427173177, 0.1171303944604606, 0.11331318564038334, 0.1071369975616517, 0.10022651301445222, 0.12426460035035525, 0.10524816396603036, 0.10150467696243035], [0.12314673730430754, 0.10805490483135116, 0.11724015839812939, 0.1139414221516766, 0.10684113984679025, 0.10032727121133467, 0.12384583807998903, 0.10505529766817145, 0.10154723050825012], [0.12291856205587026, 0.10777626472277609, 0.11766596061309549, 0.11431840248989361, 0.10650714930192438, 0.10017450773576106, 0.12450169976987685, 0.10476564585703212, 0.10137180745377034], [0.12312007537962245, 0.10805744709459819, 0.11720795659676102, 0.11387419165901214, 0.10687416015048504, 0.1003482710190603, 0.12386252120362332, 0.10508136468040616, 0.10157401221643136], [0.12287835665927918, 0.10820426325047101, 0.1170400775616621, 0.1132745691747491, 0.10719596088322751, 0.10034442532174581, 0.12412562547367333, 0.10530834123543867, 0.10162838043975331], [0.12270501708972409, 0.1082303787592035, 0.11696781389267157, 0.1131250032442446, 0.10726467243603505, 0.10031030586528354, 0.12443714619841258, 0.1053490801239204, 0.10161058239050468], [0.12274905128629492, 0.10771271631806295, 0.11758853509677329, 0.11424058244342875, 0.10653325441348668, 0.10024041664948087, 0.12470047370069286, 0.10478753255567547, 0.10144743753610419], [0.12276435347705751, 0.10787571215227336, 0.11724092371862066, 0.11393854970263086, 0.1067921911905715, 0.10039384754556487, 0.1243592805346468, 0.10501147460292565, 0.10162366707570883], [0.1228011425643233, 0.10813558855011328, 0.11692483843987174, 0.11326242475074695, 0.10722158137218392, 0.10047879868344377, 0.12406579117444015, 0.10534389425607991, 0.10176594020879676], [0.12283708770746354, 0.10810479542374236, 0.11693857271163677, 0.11332652715526827, 0.1071725616079027, 0.10047617418709998, 0.12408067846784944, 0.10530711455747002, 0.10175648818156692], [0.12280094287762804, 0.1079571109397111, 0.11705813245492024, 0.11378313462050767, 0.10693092535682192, 0.10048777818214236, 0.12411944992382697, 0.10513359158507508, 0.10172893405936662], [0.12247562655736323, 0.10822526101331655, 0.11678358230464961, 0.11295543281830475, 0.1074170241066749, 0.10046972051764853, 0.12440076194897155, 0.10548168577976685, 0.10179090495330423], [0.12277321261291792, 0.10763000125100386, 0.11757671172056518, 0.11423743382791622, 0.1065075155027981, 0.10026623471263048, 0.12476710291908488, 0.10476463586712854, 0.10147715158595479], [0.12282449318277382, 0.10804582315212481, 0.11693831647354887, 0.1134761026524407, 0.10709680945607895, 0.10054266479938834, 0.12400513785984049, 0.105265004427708, 0.1018056479960962], [0.12215608911749382, 0.10828814308652156, 0.11662976695489784, 0.1127690523356876, 0.1075940128771296, 0.10054462400986308, 0.12450591059396965, 0.10562291712955688, 0.10188948389488], [0.12255787198913183, 0.10819311342450112, 0.11678468159667084, 0.11301793248140225, 0.10740366599267531, 0.10056804106041259, 0.12410413531729786, 0.10548976830537743, 0.10188078983253096], [0.12274587846148738, 0.10806878943041552, 0.11685626220374104, 0.11327222316595661, 0.10719622985032701, 0.1005303724302069, 0.12418475635806771, 0.10532872159824269, 0.10181676650155513], [0.12260656665313115, 0.10764787232075478, 0.1174378674860638, 0.11409911910468712, 0.1065884264838631, 0.10032464066531796, 0.1249164716821466, 0.10483168211473197, 0.1015473534893035], [0.12276074379910158, 0.10803548787483325, 0.11687913314441611, 0.11340004152014703, 0.1071337778022386, 0.10056810034525124, 0.12409059238819471, 0.1052925607256079, 0.10183956240020976], [0.12213767116719058, 0.10827670803418765, 0.11659231460259757, 0.11274487438250935, 0.10762083934221811, 0.10059692017037246, 0.12443606632467955, 0.10564984150548229, 0.10194476447076246], [0.12260754332023369, 0.108100268843038, 0.1167612175521485, 0.11309449593943026, 0.10731419906815345, 0.10057457196732061, 0.12424828417088457, 0.10541893213348466, 0.1018804870053063], [0.1225362114691424, 0.10763970295849425, 0.11735686282612287, 0.11402038807153034, 0.10662782176479893, 0.10036246395601746, 0.125, 0.10486391698950075, 0.10159263196439303], [0.12247319847757107, 0.10765212582663668, 0.11728789604388407, 0.11395830487606985, 0.10668946557356562, 0.10043243424066375, 0.12491720810624463, 0.10492103572390088, 0.10166833113146363], [0.12257131906267883, 0.10800471904576045, 0.1167099457257242, 0.11319429446364303, 0.10723721325249447, 0.10064622351596787, 0.12432442652544204, 0.10537103365103227, 0.10194082475725666], [0.12243959417849384, 0.10808397655475802, 0.1166263149677857, 0.11294358138343259, 0.10740676144406695, 0.10065842979967372, 0.12436589455007872, 0.10549435616601315, 0.10198109095569732], [0.12182354662673682, 0.10832714743829065, 0.11638599953928674, 0.112549364933713, 0.10785392611570244, 0.10081108058029874, 0.12420959419580085, 0.10585612153499181, 0.10218321903517898], [0.1223374136328003, 0.10773416425662868, 0.11713901893179773, 0.11382494639992104, 0.10683721162391112, 0.10055370237460505, 0.12471870945539529, 0.10505479185202189, 0.10180004147291907], [0.12250149595027975, 0.10800082915329486, 0.116647094077642, 0.11309790121164079, 0.10728519237199129, 0.1006646129963231, 0.12442767033879419, 0.10540501152356233, 0.10197019237647172], [0.122002907956351, 0.1082575707936773, 0.11643922642533347, 0.11263217419478924, 0.10775074118931062, 0.10079552515347553, 0.12419039321027804, 0.10577433792834498, 0.1021571231484398], [0.12181142432395213, 0.10840660139494387, 0.11620022386961677, 0.11233193014698634, 0.10805258881120433, 0.10088017025494136, 0.12402589973651566, 0.10601389341461671, 0.1022772680472228], [0.12244679586591059, 0.10801430353380219, 0.11660315749970064, 0.11300340600831252, 0.10733905218967633, 0.10067106184886818, 0.12449200898493189, 0.10544283045812002, 0.10198738361067786], [0.12239307483261898, 0.10786836448895434, 0.11685083980383616, 0.11357630500857854, 0.10707238596079037, 0.10071423914258106, 0.12428404728870662, 0.1052604845522797, 0.10198025892165422], [0.12169458512782085, 0.10834735606574093, 0.11614734804877369, 0.11229725843616052, 0.10804669813270691, 0.10092327507495251, 0.124208657592532, 0.10600940733455122, 0.10232541418676137], [0.12165349406427341, 0.10829815091558996, 0.11622851178828351, 0.11240157596440238, 0.10795045394305483, 0.10090845638004235, 0.12432553423103344, 0.10593527130852981, 0.10229855140479051], [0.12257047017017711, 0.10751313235704814, 0.11721857250069916, 0.11390820363915542, 0.10666736215417055, 0.10049032804439259, 0.12499999999999997, 0.10489636427734517, 0.10173556685701171], [0.12222730361310809, 0.10770792492117422, 0.11704495706186596, 0.11373842405482339, 0.1069157780279123, 0.10067570206191111, 0.12463214782789925, 0.1051263837423341, 0.1019313786889716], [0.12187654852294404, 0.108201704673328, 0.1162941007759885, 0.11251068584950753, 0.10781504491742178, 0.10089716688306857, 0.1243038777174984, 0.10582786698854078, 0.10227300367170239], [0.1222653103821247, 0.10795692951332167, 0.11644549797735601, 0.11288001371386573, 0.10740242755231455, 0.1007729893293645, 0.12467944366853224, 0.1054945663587754, 0.1021028215043452], [0.12223837831558508, 0.10776290943756371, 0.11688011073926427, 0.1135915865777544, 0.10704108898597606, 0.10076593466720753, 0.12445170508314149, 0.10523392004558253, 0.1020343661479249], [0.1221802696296655, 0.10798938871323986, 0.11638598003131936, 0.11274873835143737, 0.10749464859477637, 0.10079742348476016, 0.12469766360488148, 0.1055637626121009, 0.10214212497781897], [0.12168415280781875, 0.10821378830077963, 0.11617423923065971, 0.112374807065645, 0.10791635619325533, 0.10094135574441473, 0.12445676655153327, 0.10590422800445386, 0.10233430610143972], [0.12211664808302229, 0.10795387557865607, 0.116324243510682, 0.11271172796898282, 0.10750300758541187, 0.100831014663476, 0.12480995050279077, 0.1055697341360388, 0.10217979797093937], [0.12216999514682136, 0.10792586094261644, 0.11637063859078756, 0.11285712045469574, 0.10742922551184886, 0.10085617299909724, 0.12467912029667574, 0.10552393325552176, 0.10218793280193532], [0.12146497606561289, 0.10823511326339533, 0.11600550682453803, 0.11219218160680414, 0.10806611312248482, 0.10102420181102516, 0.12455062517724766, 0.10602165605288766, 0.10243962607600454], [0.12219361558435439, 0.10792569246489422, 0.11643220323325457, 0.11309032470350627, 0.10737392057557031, 0.10092792109333863, 0.12431420849936335, 0.10550560696608205, 0.10223650687963623], [0.12143520839371898, 0.10826313384359018, 0.11593603814628237, 0.11211307122707231, 0.1081444764903408, 0.10106014781102261, 0.12447791160159943, 0.10608493577489393, 0.10248507671147937], [0.12241578604082923, 0.10765427229061983, 0.11683381819090383, 0.11353391754115555, 0.10699827557132323, 0.10075860567746765, 0.12458445840561043, 0.10518622778491922, 0.10203463849717105], [0.12188312531775694, 0.10808792025369121, 0.1162048022450909, 0.11248713141254839, 0.10777984709780715, 0.10099940884229588, 0.12437755622832848, 0.10580565489960364, 0.10237455370287739], [0.12181848016587037, 0.10812562361380965, 0.11617894523992578, 0.11244863656674002, 0.10784648507073578, 0.10103220665760744, 0.1242741818668186, 0.10586197370648624, 0.10241346711200613], [0.1218451167069492, 0.10811054421898655, 0.11618866575116112, 0.11246556587266007, 0.10782172447013573, 0.10102544090200775, 0.12429694239251785, 0.10584198865749808, 0.10240401102808365], [0.12229479267860219, 0.10787824365892286, 0.11630732137688529, 0.11295016818527424, 0.10741756588831666, 0.10096674203509493, 0.12436271237603169, 0.10553264858544072, 0.10228980521543125], [0.12211245195674943, 0.10788021320549836, 0.11617790497864922, 0.11258740661791602, 0.10753164968331548, 0.10088145937393833, 0.12499999999999997, 0.10558507110856044, 0.10224384307537256], [0.12220183073514786, 0.10786826963222679, 0.11618855256570138, 0.1126467131220467, 0.10750889191081793, 0.10090949017312027, 0.12483667896081783, 0.10557480379116055, 0.1022647691089607], [0.12260159667818689, 0.10745969296396475, 0.11683960701044964, 0.11354546502431424, 0.10685660392614828, 0.10068489683729887, 0.125, 0.1050473624594416, 0.10196477510019572], [0.1221784902984437, 0.10791503919927016, 0.11595179005643881, 0.11228816132213534, 0.10777802410453033, 0.10106823033352186, 0.12456893003132054, 0.10578708814497992, 0.10246424650935952], [0.12192973825258582, 0.1079810107697767, 0.11564620711912484, 0.1118532266472674, 0.10806212098484781, 0.10104832959567475, 0.12499999999999997, 0.10597604578050446, 0.10250332085021807], [0.12244019476894008, 0.1078022278595561, 0.11600169275974963, 0.11247307598160546, 0.10758316339330842, 0.10100221384165678, 0.12469160667001877, 0.10562951421856105, 0.10237631050660374], [0.12231132362583745, 0.10785506306067494, 0.11592748299178199, 0.11230491036095147, 0.10771959734773837, 0.1010483831738393, 0.12465599395123587, 0.10573487960049296, 0.10244236588744765], [0.12280575666713145, 0.10744817196918953, 0.11663229924107758, 0.11334450518226181, 0.10696966526558452, 0.1007904985318806, 0.1247811938803513, 0.10513881509645974, 0.10208909416606364], [0.12212656638686822, 0.10795246532439312, 0.11572960829738087, 0.11199765381465311, 0.10799737749379361, 0.10113626650236984, 0.12454095720115355, 0.10594759685418917, 0.10257150812519851], [0.12216948304806627, 0.10793460813441456, 0.1156762517012994, 0.11194212060258883, 0.10801778350784999, 0.10114642951615128, 0.12456546749310271, 0.10595940649889105, 0.10258844949763589], [0.12227426633714802, 0.10790620041938523, 0.1157499644747061, 0.11207541827036184, 0.10794334878357767, 0.10121082819686937, 0.12428675453810016, 0.10592059570826667, 0.10263262327158491], [0.12273110285597941, 0.10773790044151565, 0.11588920219895084, 0.11244754224307164, 0.10759201711573552, 0.10110601189021484, 0.12436922449123247, 0.10564637126087127, 0.10248062750242835], [0.12269931442344303, 0.10774137238427353, 0.11585772931159576, 0.1123767589708416, 0.10762623409069613, 0.10110040322380494, 0.12444728406984769, 0.10566701723142864, 0.10248388629406871], [0.12235276772980389, 0.10787500816909977, 0.11551747832224955, 0.11179239945658632, 0.10807880127647711, 0.10121134093620701, 0.12450040004064249, 0.10600086009253694, 0.10267094397639694], [0.12293528794437551, 0.10758935384330372, 0.11598247918181391, 0.11272312894630765, 0.10739005230603951, 0.10105404577106172, 0.12443545089523671, 0.10548263666883965, 0.1024075644430218], [0.12276088189319821, 0.10770743008720779, 0.11570055637834337, 0.11216582196489357, 0.10771822918472272, 0.1011400447061359, 0.12453221678108368, 0.10572694605971614, 0.10254787294469841], [0.12247353798354234, 0.10783336859683108, 0.11561817419505775, 0.11196136767728754, 0.10796323892595447, 0.10125835006487643, 0.12427006894062323, 0.10592991161793318, 0.10269198199789398], [0.12253899803744633, 0.10781275628064779, 0.11534537841422157, 0.11162724245330283, 0.1081464221606324, 0.10127694092357, 0.12444996552740707, 0.10604620376043963, 0.10275609244233237], [0.12306208740389889, 0.10756687424514237, 0.11578100273912632, 0.11253110751053745, 0.10748337452070712, 0.10113204300848294, 0.12438557826539268, 0.1055538545968128, 0.10250407770989942], [0.12323693990506498, 0.10745698804121269, 0.11576182311669454, 0.11249902530889874, 0.10741509987317417, 0.10109697432058415, 0.12457528005572246, 0.10548380764014546, 0.10247406173850285], [0.12333945530730674, 0.10730653145647547, 0.11596469538352545, 0.11267254882105987, 0.1071893872600282, 0.10094140524988174, 0.12499999999999997, 0.10528222320925404, 0.10230375331246837], [0.12261603045678049, 0.10771068748006578, 0.11495451468938897, 0.11118814467350224, 0.10830618248582141, 0.10128049639706639, 0.125, 0.10612935814851053, 0.10281458566886421], [0.12327355694079999, 0.10746591553909818, 0.11565820213758825, 0.11240353837465787, 0.10748210826215117, 0.10115415556358409, 0.12448256999113812, 0.10553978123890809, 0.10254017195207422], [0.1228879736930536, 0.10763177839702191, 0.11527597683744917, 0.1116456231264654, 0.10798721194751681, 0.10131708531868984, 0.1245495832839879, 0.1059205637595605, 0.10278420363625489], [0.12340532099208187, 0.10739190262030825, 0.1156528866959085, 0.11239011842415318, 0.10743231940886797, 0.10113038902881834, 0.12458796375515166, 0.10549028565871096, 0.10251881341599942], [0.12290615407071476, 0.10765981382880373, 0.11499602209635255, 0.11128904786937341, 0.10824616846549427, 0.10137144513968774, 0.12453988439338852, 0.10610132108313333, 0.10289014305305169], [0.12319156454810905, 0.10747635811558656, 0.11526572132606719, 0.11172798373877028, 0.10777332232705251, 0.10118999655084511, 0.12500000000000003, 0.10572999789369293, 0.1026450554998765], [0.12336514915909305, 0.10748261179826671, 0.11537520473899007, 0.11198429629759077, 0.10767797357551925, 0.10123550802557144, 0.12453737596737237, 0.10568217958721286, 0.10265970085038346], [0.12352456065915617, 0.10735093172345721, 0.11558050513534805, 0.11231892688847275, 0.10744800130501966, 0.10116012359623756, 0.12456171379481384, 0.10549937285856396, 0.10255586403893098], [0.12358221282043651, 0.10731675471487193, 0.1155980623216152, 0.1123324116288483, 0.10741504784754066, 0.10114419540525159, 0.12460300021806713, 0.10546930620304264, 0.10253900884032605], [0.12356211917587726, 0.10742640450510464, 0.11534316556241087, 0.11210524211078343, 0.10763783913020797, 0.10130232180977865, 0.12424307119280349, 0.10566250189386296, 0.10271733461917097], [0.12368255107068907, 0.1072765791624346, 0.11557853182885261, 0.11231191133812525, 0.10740288750263428, 0.10115425581521796, 0.1245849779928137, 0.10545696258886128, 0.1025513427003714], [0.12356746709287178, 0.10740796513397353, 0.11516563277030695, 0.1117382182912565, 0.10775910279864606, 0.10130312600556252, 0.12457166489827892, 0.10573415057706981, 0.10275267243203376], [0.1237689669492713, 0.10726230053682365, 0.1154977820512982, 0.11223636443621354, 0.10744372600220665, 0.10120103200989033, 0.12449411746814096, 0.1054902797337585, 0.1026054308123969], [0.12321943884317184, 0.10755478311289293, 0.11494035854883754, 0.11131225056863658, 0.10817729406737948, 0.1014807684162329, 0.12426422088842433, 0.1060617916625363, 0.1029890938918883], [0.1235995602559651, 0.10739468127310056, 0.11511737992095811, 0.11167977029821889, 0.10778407695511813, 0.10131925975875089, 0.1245788852297173, 0.10575086232334881, 0.10277552398482222], [0.12326787517418428, 0.10758225232360777, 0.1147997293666429, 0.11113760006929838, 0.1082955936864591, 0.10150672961881516, 0.12422734028592633, 0.10614267081082175, 0.10304020866424432], [0.12329886864262296, 0.10747493984984473, 0.11495346365432654, 0.11136414805532856, 0.10805544508151878, 0.10144074770421248, 0.1245132297415605, 0.10596179757932235, 0.10293735969126291], [0.12336220937542763, 0.10756472875879411, 0.11476746454751438, 0.11112367576307351, 0.10829850680058346, 0.10154852537812067, 0.1241034627986773, 0.10614937290031976, 0.10308205367748922], [0.12385142839883426, 0.10734315322710108, 0.11503953707623708, 0.11173783690043967, 0.10776827756526916, 0.10140111160965441, 0.12425612657461259, 0.10575043530380307, 0.10285209334404853], [0.12355102126232861, 0.10739546482199624, 0.11489720064971735, 0.11136549839296815, 0.10799057252096973, 0.1014381421790511, 0.12452346260236104, 0.1059061477599506, 0.1029324898106572], [0.12343478926656173, 0.10751356097505196, 0.11476110633583426, 0.11114310927489716, 0.1082531217909644, 0.10156343643861239, 0.12412301491293934, 0.10611650986675343, 0.10309135113838533], [0.12389926808233874, 0.10732394893708289, 0.1149291858956319, 0.111536974090337, 0.10784597401096532, 0.10143653347547871, 0.12431853539490545, 0.10580301676262022, 0.10290656335063977], [0.12395322452349063, 0.1073153205636199, 0.11495128306942487, 0.1116386651614665, 0.10780727365289079, 0.10144193030807216, 0.12421072609147525, 0.10577880843146181, 0.1029027681980981], [0.1239477370949194, 0.10731231959150106, 0.1148975316742524, 0.11151437879000729, 0.1078566760734837, 0.10145570365861203, 0.12427559952379227, 0.10581190456754351, 0.10292814902588834], [0.1236037291870469, 0.1075248570852382, 0.1146066901700384, 0.1109900057999053, 0.10833685752426644, 0.10163549208716305, 0.1239420727761114, 0.10617803286809464, 0.10318226250213546], [0.1240628366553953, 0.1072875183859462, 0.11497420560784145, 0.11175055855864542, 0.107770821704748, 0.10148501392240507, 0.12397198942374775, 0.10576132494435726, 0.10293573079691369], [0.12387828017785299, 0.10731528515896492, 0.11472217320081617, 0.1112451413058947, 0.10802930754462237, 0.1015486199957476, 0.12426717497609586, 0.10594051481067224, 0.10305350282933294], [0.12378058445894044, 0.11238414481289959, 0.11470322345354897, 0.10906915228413011, 0.11180872317145493, 0.10215899531064586, 0.11307479541010541, 0.10950838331500193, 0.10351199778327279], [0.12385726833569288, 0.11240541364587239, 0.11463071098513399, 0.10898313826200641, 0.1118596359303065, 0.10218689584253311, 0.11298144666025689, 0.1095496922231926, 0.10354579811500508], [0.12326727631064001, 0.1120450560204541, 0.11498783775354378, 0.10951429723552905, 0.11151000670517827, 0.10204374590208794, 0.1140072334572124, 0.1092136680042871, 0.10341087861106735], [0.12321040000660476, 0.11178105463153389, 0.11521565086044908, 0.10987034006084505, 0.11121761721191721, 0.10187082413036819, 0.11466002645837234, 0.10893652176541337, 0.10323756487449613], [0.12428273413539065, 0.11243001901559879, 0.11410030028851088, 0.10840336952073108, 0.1121953128973004, 0.10240081385872184, 0.11256916174748584, 0.10979413389438807, 0.10382415464187228], [0.125, 0.11271972201999274, 0.11354416981586164, 0.10771005265185232, 0.11262328526801413, 0.10261370556865826, 0.11155917933167839, 0.11017524712377495, 0.10405463822016757], [0.12356674812387024, 0.11207429738654706, 0.11448425746351468, 0.10896009702554468, 0.11184274883084469, 0.1022714222377669, 0.11363924823453492, 0.10945814409119045, 0.10370303660618624], [0.12358918983251402, 0.1120598190945768, 0.11440227303493135, 0.10887933714679222, 0.11189084298948157, 0.10231130336881276, 0.1136214925517396, 0.10948941080672517, 0.10375633117442651], [0.12273836423597977, 0.11158318287182617, 0.11491939843313906, 0.10969878241592816, 0.11135320455478195, 0.10209127762815007, 0.11508739060301754, 0.10900004295956474, 0.10352835629761259], [0.12366641736659399, 0.1120544694378712, 0.11421853345963483, 0.10868705714595424, 0.11200979771252013, 0.10240093868709876, 0.11351679404022955, 0.10957402051667137, 0.10387197163342593], [0.1229184690144473, 0.11156959114600395, 0.1147325892776243, 0.10949403361562539, 0.11145615391019296, 0.10215916059841777, 0.11497867555670005, 0.10906828729040537, 0.1036230395905829], [0.12306045597712009, 0.11169528889929692, 0.11456696190552157, 0.1092491860074486, 0.11163284697420549, 0.10225385858257437, 0.1145907306807868, 0.1092237709010826