[[0.11506015294906982, 0.12265466864191552, 0.10489365147804797, 0.10694458450165707, 0.11860592266126815, 0.12472568671807441, 0.10114401030405926, 0.10293461315419707, 0.10303670959171075], [0.11562608262955013, 0.12299502983418097, 0.10445511083346871, 0.10681051690628159, 0.11920218660852641, 0.12488030098082284, 0.10070489500260735, 0.1026152942436648, 0.10271058296089723], [0.11508273346803408, 0.12248285599225876, 0.10484510872031201, 0.10690708945594703, 0.1184817424995924, 0.12484728855861897, 0.10121444911456676, 0.10301337455938883, 0.10312535763128114], [0.11519339656347205, 0.1226061498950399, 0.10476312470411941, 0.10688283563433582, 0.11861019183294094, 0.12481735860547648, 0.10112400750451052, 0.10294628111156108, 0.10305665414854397], [0.11568911568903403, 0.12289118729333678, 0.10438855070112765, 0.10677521487082134, 0.11916386475147486, 0.125, 0.10071332626499165, 0.10263888047172609, 0.10273985995748756], [0.11561752771857162, 0.12279826409985009, 0.10448729378892847, 0.10681684027126893, 0.1190004030270607, 0.12470985121548872, 0.10088437100605238, 0.10278876205322496, 0.10289668681955412], [0.11515506568964136, 0.12245753336742807, 0.1047506528072905, 0.10685583480960506, 0.11848231313853695, 0.12499999999999997, 0.10118091541687388, 0.10300041212900743, 0.10311727264161663], [0.1152635238423484, 0.12238198725817047, 0.10470262896882775, 0.10684803715293074, 0.11846414767867222, 0.12482377989544396, 0.10123915697848321, 0.10307624945132632, 0.1032004887737971], [0.11497546667677788, 0.12190693236116529, 0.10488924953862738, 0.1068890883217143, 0.1180286283368406, 0.125, 0.10153898799479608, 0.10331812467494268, 0.1034535220951358], [0.11553341576817235, 0.12238457553163189, 0.10446624323135256, 0.10675161836514979, 0.11859119683228456, 0.125, 0.1011153991853671, 0.10301315372094683, 0.10314439736509494], [0.11599318836145989, 0.12284064897970015, 0.1042137968053786, 0.10671485208049104, 0.11898235096963364, 0.12448519323890214, 0.10089531719122317, 0.10287409640244434, 0.10300055597076706], [0.11505442716282681, 0.12185724557489391, 0.10485157514137163, 0.10688145214388665, 0.1180109800657156, 0.12486018178083212, 0.10158584515002106, 0.10337841505186889, 0.1035198779285835], [0.11589380358335179, 0.12257275068183987, 0.10431441954698092, 0.10675103844042032, 0.11882155291447734, 0.12444276877480238, 0.10105358969123905, 0.10300862608594652, 0.10314145028094182], [0.11577203285155276, 0.1222592530917724, 0.10437397319243256, 0.10674839003838925, 0.11860350281881528, 0.12464255942410883, 0.10119646007481245, 0.10313094255222066, 0.10327288595589598], [0.11626105839338376, 0.12322414305451132, 0.10381978908241232, 0.10649874904500015, 0.11899544698302641, 0.125, 0.10064912016712291, 0.10270775841022295, 0.10284393486432021], [0.11551021278429176, 0.12209336633126255, 0.10455997752435338, 0.10680170161808292, 0.11834284842143726, 0.12459659175018147, 0.10139529880676779, 0.10327700498262307, 0.1034229977809998], [0.11620215770466981, 0.12303968286304919, 0.10392170264281346, 0.10655058807495738, 0.11890243240032107, 0.12479031844767871, 0.1007914711231278, 0.10283061027119474, 0.10297103647218785], [0.11607148692922781, 0.12271770353971756, 0.10413046154655312, 0.10665943761489982, 0.11876433534338637, 0.1244183754510518, 0.10103264419829652, 0.10303050423879921, 0.10317505113806781], [0.11504154993173629, 0.12154337604645876, 0.10481867654909603, 0.10684444668086261, 0.11777485339562893, 0.125, 0.10174349730381912, 0.10353832642591863, 0.10369527366647964], [0.11598997160961644, 0.12252911335027183, 0.10416956684279623, 0.10665847244415705, 0.11864546385286746, 0.12456082781510308, 0.10110944635961848, 0.10309392705082594, 0.1032432106747435], [0.11563562982210364, 0.12197088784313595, 0.10448107179974277, 0.10677498518538522, 0.11830508980428998, 0.12453231458554258, 0.1014446516814285, 0.10335011326470639, 0.10350525601366492], [0.11595139183146469, 0.12242935856521216, 0.10417528558258078, 0.10664771253664794, 0.11857235100942294, 0.12467488446559588, 0.10114552502337792, 0.10312541192996541, 0.10327807905573229], [0.11501982303181174, 0.12144843448776502, 0.10486436132876845, 0.10687063502504757, 0.11770421559693431, 0.12486334964896353, 0.1018325929025989, 0.10361831990010824, 0.10377826807800226], [0.11583146145101507, 0.12216865191838222, 0.10424107299110609, 0.10665480703854224, 0.1184123949251613, 0.1248508613955889, 0.10125498584675162, 0.10321378852765135, 0.10337197590580101], [0.11568928012410064, 0.12189127382169367, 0.10443884592672814, 0.10675627707517502, 0.11826801976847136, 0.12454249457698943, 0.10147324985850642, 0.1033900547116636, 0.10355050413667172], [0.11538092805403702, 0.12164952793711445, 0.10459457114597934, 0.1067749807391048, 0.11794834192174784, 0.1247961265623473, 0.10165475994634635, 0.1035174734805251, 0.10368329021279765], [0.11518485533069445, 0.12147317563293693, 0.10475186459479768, 0.10683294790424444, 0.11776016607297324, 0.1247517077933803, 0.10181328330472032, 0.10363268147258071, 0.10379931789367207], [0.11620754096368462, 0.12270867237022447, 0.10393748560303805, 0.10654321847064802, 0.11859880048455218, 0.1246115421740281, 0.10105176880894645, 0.10308974560696796, 0.10325122551791015], [0.11588741169552047, 0.12217040433951142, 0.1041406421008439, 0.1065914167660737, 0.11833971102876577, 0.125, 0.10124918345210433, 0.1032276031583221, 0.10339362745885827], [0.11534093739654049, 0.12154267841074845, 0.10461139911207915, 0.10677325226889486, 0.11785428514571383, 0.12483739121452014, 0.10171937527090218, 0.10357535235082208, 0.10374532882977885], [0.11557337451523385, 0.12168999152990394, 0.10449619752778715, 0.10675803263787575, 0.11805401205545063, 0.12460556333392545, 0.10162011015042233, 0.1035168219750441, 0.10368589627435663], [0.11575061644747772, 0.1218537264892963, 0.10436028131028312, 0.10671090920716736, 0.11819498908819462, 0.12459670330829099, 0.10149865661288206, 0.10343269132413682, 0.10360142621227104], [0.11586013618421409, 0.12205036625334495, 0.10419491146512506, 0.10662043889535404, 0.11826032452141956, 0.12485113666396455, 0.10135208488574825, 0.10332028341656513, 0.10349031771426437], [0.11501325325057654, 0.1215205305300749, 0.10474834872801154, 0.10677566659148875, 0.11749865750854158, 0.125, 0.1018890111559131, 0.10368983454286355, 0.10386469769253], [0.115400045772504, 0.12164260547144791, 0.10448764839691253, 0.10669502338019157, 0.11781236699663884, 0.125, 0.10167536536310094, 0.10355498198777381, 0.10373196263143042], [0.11505442034276717, 0.12158938535875537, 0.10471131025337643, 0.10675893848622728, 0.11749229516319389, 0.12491575752618145, 0.10189293909050269, 0.1037034517547434, 0.10388150202425235], [0.11604827479194828, 0.12220677998207757, 0.10403831381424004, 0.10655500462637649, 0.11825307534017135, 0.12471443813632306, 0.10132904044124379, 0.10333802906730775, 0.1035170438003117], [0.1158332987719949, 0.12194206600571722, 0.10424212658259271, 0.10664100693597212, 0.11809973649706748, 0.12459590647999631, 0.10151602542401679, 0.10347509620128723, 0.10365473710135524], [0.11549364527679239, 0.12173618211281188, 0.1044277204142232, 0.10667630760277667, 0.11782907568853108, 0.12483535837933152, 0.10167494646874065, 0.10357286188508312, 0.1037539021717095], [0.11645679315890593, 0.12283963377463962, 0.10360967075885831, 0.10636249185654104, 0.11848600320943699, 0.125, 0.10095070683594806, 0.10305832381909324, 0.10323637658657683], [0.11594884213461172, 0.12204700395536244, 0.10411972926485083, 0.10658301098027581, 0.11813902154680828, 0.12468801397873694, 0.10143871466005577, 0.103426580088411, 0.10360908339088719], [0.11626616928346849, 0.12248204026091751, 0.103769829055715, 0.10641802182067488, 0.11830680502201663, 0.125, 0.10114587709649826, 0.10321354702397878, 0.10339771043673048], [0.11610865224059834, 0.12219623507986241, 0.10399996690157087, 0.10654061140497167, 0.11820218633941516, 0.12460629085041115, 0.10137330676664705, 0.10339384363024776, 0.10357890678627553], [0.11537186180269722, 0.1218558530600675, 0.1044590848647755, 0.10665943677462014, 0.11760509337664782, 0.12469015976982599, 0.10180248669999878, 0.10368301946600293, 0.10387300418536428], [0.11597702628516857, 0.1223088770797588, 0.10402089417364233, 0.10650748497286854, 0.11791275196060938, 0.12443156387714217, 0.10154378719468435, 0.10354890314913688, 0.10374871130698902], [0.11505314308086012, 0.12194849697510761, 0.1045697305334752, 0.10664600455417354, 0.11721041994317621, 0.1247163961970562, 0.10199895711670627, 0.1038289760103013, 0.10402787558914374], [0.11671040968448299, 0.12268914373373138, 0.10341080911279148, 0.10627120879157882, 0.11823027458127235, 0.12486424670774973, 0.10109949879475477, 0.10326040054310417, 0.1034640080505343], [0.11677332524878833, 0.12274365495803544, 0.10338346763317487, 0.10626993432342714, 0.11825360368340578, 0.12476777639109714, 0.10108784752894992, 0.1032584033637484, 0.10346198686937297], [0.1151644548983602, 0.12204045161299776, 0.10440919088682545, 0.10655659616843445, 0.11726638631086847, 0.125, 0.10187658512663955, 0.10374174832847835, 0.10394458666739573], [0.1165275635780865, 0.12253133875982448, 0.10356752492539531, 0.106331944316731, 0.11814426183794091, 0.12475438885611562, 0.10123134415229214, 0.10335354371433328, 0.10355808985928093], [0.11619790674366977, 0.12250585862216874, 0.10381475306218427, 0.10641635474260361, 0.11796172857552276, 0.12447669569605291, 0.1014362019597604, 0.10349234289363428, 0.10369815770440326], [0.11665564166216631, 0.12257709911305109, 0.10341997743026565, 0.10625857530016715, 0.11815433202971688, 0.125, 0.1011390461811533, 0.10329389569717544, 0.10350143258630418], [0.11563007111360733, 0.12219964440153289, 0.10421593372495251, 0.106547358291777, 0.11758628944337303, 0.12441726333737989, 0.1017709062942447, 0.10371327787659979, 0.10391925551653289], [0.1152627360710073, 0.12212389696727517, 0.10435661280149196, 0.10654494951159615, 0.11730411551021185, 0.12482253056850506, 0.10187083399570038, 0.10375416806533733, 0.10396015650887479], [0.11614461653184824, 0.12261811729692208, 0.1037884244250847, 0.10637583362038083, 0.11780463322803499, 0.12443181078960006, 0.10150380192286391, 0.10355892210227242, 0.10377384008299276], [0.11623152626818987, 0.12268474662087438, 0.10373936546155864, 0.10636416724760536, 0.11782934126331164, 0.12432366542766228, 0.10148973026335595, 0.10356043147177353, 0.10377702597566836], [0.1165006270508493, 0.12280587740854164, 0.10349466459980891, 0.10625932573437434, 0.11790847805609929, 0.12455401505041425, 0.10133142380846578, 0.1034625270602076, 0.10368306123123906], [0.11602387004672174, 0.12261504666756907, 0.10378417276916636, 0.10633445815277665, 0.11766766794381811, 0.12467502066826519, 0.10153071662595309, 0.10357462153225677, 0.10379442559347303], [0.11664020460289412, 0.12281093610221323, 0.10337252755710444, 0.10620915307831441, 0.11795189506609068, 0.12473119594989145, 0.10124658361981134, 0.10340794022632877, 0.10362956379735157], [0.1159110644855965, 0.12255354459275071, 0.1038179110575764, 0.106325719640732, 0.11757757683041085, 0.12484696254506342, 0.10156338972194343, 0.10359123747239592, 0.10381259365353078], [0.11538841131583552, 0.1223710350417491, 0.10416093390454748, 0.106430920940963, 0.11723300329734938, 0.12485097642958128, 0.10183195246218471, 0.10375681888602248, 0.10397594772176719], [0.11653381317168231, 0.12287253239132809, 0.10344451561947925, 0.10622949941251364, 0.11786832861985638, 0.12455058220956189, 0.10133102230252476, 0.1034726220344451, 0.10369708423860861], [0.11581766374320648, 0.12248502625374916, 0.10388409051396788, 0.1063474438838377, 0.11750086723169618, 0.12482521453792085, 0.10163301396442695, 0.10364211935917476, 0.10386456051202002], [0.11577801675002505, 0.12250699808248766, 0.10390927258444882, 0.10635421773502733, 0.11745437655691018, 0.12475594316552391, 0.10167139693773686, 0.10367297114761859, 0.10389680704022147], [0.11570203799150706, 0.1225042728212752, 0.10398843815266776, 0.10639155203895699, 0.1174038310636463, 0.12458989321387694, 0.10174377101840734, 0.10372634099603285, 0.10394986270362953], [0.11549678937326037, 0.12247296165727359, 0.10405491522601062, 0.1063812634541614, 0.11724206641582394, 0.12482915414708035, 0.10179829818865722, 0.10374992633753918, 0.10397462520019314], [0.11616306589642338, 0.12284294896443108, 0.1036426353776031, 0.10626518066669517, 0.11760888511659252, 0.12451394663762792, 0.10152558600470793, 0.10360394529359672, 0.10383380604232212], [0.11588620270486517, 0.12263428308237155, 0.10374463749409961, 0.10626039676003227, 0.1174547955084734, 0.12500000000000003, 0.10157276826974986, 0.1036088228385992, 0.10383809334180912], [0.11540966947105302, 0.12251303516988522, 0.10404629349233455, 0.10634880538227114, 0.11714319801464304, 0.12500000000000003, 0.10180810572362775, 0.10375175324517377, 0.10397913950101165], [0.11632273293940738, 0.12297252359659452, 0.1035585299784977, 0.10624788521809102, 0.11764859141425725, 0.1242795681410452, 0.10150821762206981, 0.10361443066975544, 0.10384752042028167], [0.11596536105107472, 0.12274036136858754, 0.10369044991308297, 0.10624180087522922, 0.11745862728618629, 0.12486203868110944, 0.10156831130375134, 0.10362026153786581, 0.10385278798311266], [0.11584913334580693, 0.12270588709182545, 0.10375621681339385, 0.10625627421770983, 0.11734526213628031, 0.12482403096971877, 0.10165519832761206, 0.10368629817680164, 0.10392169892085114], [0.115733878429832, 0.12272969161487987, 0.10386171889434788, 0.10630188051186382, 0.1172530729285536, 0.12457708703684503, 0.10176581354138789, 0.10377026662782969, 0.10400659041446025], [0.11602436148406035, 0.1229654977222272, 0.10358283525694877, 0.10617359666488932, 0.11729625529003364, 0.12465104030260286, 0.1016370105141825, 0.10371126065635106, 0.1039581421087043], [0.11549269193696343, 0.12285325731824866, 0.10388645579681773, 0.10624907096227838, 0.11696225400732875, 0.12475230559942505, 0.10186879912925383, 0.10384486328576295, 0.10409030196392124], [0.11559109785303678, 0.12298861590210522, 0.10370936066812335, 0.10614229150082949, 0.11692444218687267, 0.125, 0.10178866798741651, 0.10380078637543654, 0.10405473752617946], [0.116716616995068, 0.1235639366057408, 0.10290268986651065, 0.10585709920621642, 0.11733962308919524, 0.125, 0.10129137977523886, 0.10353050394891308, 0.10379815051311699], [0.11567849720416014, 0.12305381032561806, 0.10366467787018753, 0.10613326931406346, 0.1169460327845005, 0.12484836201694982, 0.10178762655341503, 0.1038155082060081, 0.1040722157250974], [0.11668134078651489, 0.12375029135945523, 0.10287788513790695, 0.10582485333674349, 0.11718853848471428, 0.12478762600315667, 0.1013766501795673, 0.10361751213961562, 0.10389530257232556], [0.11557454654408499, 0.12318617168299986, 0.10366962840593176, 0.10610663960654175, 0.1167776628822978, 0.12478134555860668, 0.10186881479105263, 0.10388562986141071, 0.1041495606670738], [0.11634277734531911, 0.12361805451054494, 0.10305238951963175, 0.10585865530941288, 0.11706134742862785, 0.12500000000000003, 0.10147442634241322, 0.1036578635047074, 0.10393448603934301], [0.11604024576628787, 0.12333876809339137, 0.10329229157893095, 0.10595333764730197, 0.116951459157923, 0.125, 0.10163741669874861, 0.10375666110537865, 0.10402981995203756], [0.11632440513551351, 0.12364477155801647, 0.10305834727254795, 0.10585726911658433, 0.11701267443116288, 0.12492042647396363, 0.10151334462304903, 0.10369459882963812, 0.10397416255952426], [0.1156110000901185, 0.12332338189039131, 0.1036069391490456, 0.10606920681725429, 0.116705483185994, 0.12466379830871922, 0.10189617502653765, 0.10392640575977637, 0.10419760977216305], [0.11592048410035664, 0.12363102689192194, 0.1032185463937166, 0.10586190712362908, 0.11668041471891168, 0.12499999999999997, 0.10172031287962681, 0.10383952341526125, 0.10412778447657589], [0.11601603119322121, 0.12368946178751873, 0.10317024819959691, 0.10585234698589858, 0.11668928558425214, 0.12483904318322994, 0.10172642822297798, 0.10386276302447857, 0.10415439181882576], [0.11571616929031707, 0.12360467338634376, 0.10333022719958614, 0.10588882725335033, 0.116547022999935, 0.125, 0.10181990017714768, 0.10390217110284147, 0.10419100859047857], [0.12373308111746201, 0.09944146027555271, 0.11089913557298116, 0.11556815489253526, 0.10217859346378483, 0.09097969451828944, 0.12486802429353154, 0.1181925448730385, 0.1141393109928245], [0.12287429895126249, 0.10024608292605917, 0.11015898948436784, 0.1154789259203469, 0.10284065804917612, 0.09150668411750953, 0.1243766707051619, 0.11776454848587765, 0.1147531413602385], [0.12346296420591743, 0.09981405067581217, 0.11047758953533653, 0.11545672282025499, 0.1024669764412335, 0.09118284779896667, 0.124616279246415, 0.11803775068706891, 0.11448481858899481], [0.12365414529265535, 0.09945899730692907, 0.11084249351783577, 0.11549951903588106, 0.10213933300988183, 0.09099213848601523, 0.1249435979964743, 0.11827680046982848, 0.11419297488449894], [0.12360250756480486, 0.0994792183649383, 0.11078352336898097, 0.11544577680488477, 0.10211796798795922, 0.0909994592643055, 0.12499999999999999, 0.11832932352920562, 0.11424222311492066], [0.12346565727912194, 0.0995279112426347, 0.11093254573538311, 0.11545505187083277, 0.10211675991761199, 0.09115115277957264, 0.12463706743000122, 0.11847913209500474, 0.114234721649837], [0.12308301466807196, 0.09998012877242361, 0.11009317673795431, 0.11520788950783345, 0.10241949959641035, 0.09124395078700619, 0.125, 0.11819349226177712, 0.114778847668523], [0.12267945580802798, 0.10051872478073648, 0.1098128110923531, 0.11517740943651963, 0.10285792552338958, 0.09169542706945769, 0.12415535348408496, 0.11797368008074458, 0.11512921272468597], [0.12321233004290971, 0.09964816808682674, 0.1105361574869667, 0.11513063465222512, 0.10199629717069256, 0.09116732006239964, 0.12499999999999997, 0.1187664784236664, 0.11454261407431292], [0.12308909310348544, 0.0998327086691481, 0.11020525419929093, 0.11494867954106595, 0.10204910980250462, 0.09123130243776448, 0.12499999999999999, 0.11882590986015623, 0.11481794238658415], [0.12297270973598978, 0.09990631190471405, 0.1101619232646399, 0.11486233214266349, 0.10202452996849079, 0.09132514671019813, 0.12483628471648288, 0.11899357554442522, 0.11491718601239562], [0.12327269361207731, 0.09961402797724773, 0.11097232215893195, 0.1153645156960287, 0.10183732851096271, 0.09147838475442431, 0.12360895390684001, 0.11954625190367378, 0.1143055214798135], [0.12253901118781226, 0.1003504482683675, 0.10958092006787021, 0.114688680922065, 0.1023558624005291, 0.09154957948965604, 0.12471810706117144, 0.11882542728075043, 0.11539196332177801], [0.12211817492460543, 0.10093719882059297, 0.10908543708738183, 0.11445019735185104, 0.1028877777490799, 0.09190555829260312, 0.12433016720089493, 0.11840785800273508, 0.1158776305702557], [0.12227622377084338, 0.10046184890290029, 0.10930584133991413, 0.11451766442471452, 0.10238977132758624, 0.09158059889586624, 0.125, 0.11887977142199371, 0.1155882799161815], [0.1227312009701794, 0.09997183740801452, 0.11027108509623927, 0.11477316916233238, 0.10194751875025257, 0.09152207616538366, 0.12448895723898222, 0.11933297642268928, 0.11496117878592674], [0.12302063603976614, 0.09976779185224292, 0.11074803872079987, 0.11512060582171071, 0.10180011367538576, 0.09160227683491041, 0.12359959050979423, 0.11979724634650908, 0.114543700198881], [0.12268794674730955, 0.10002345551064268, 0.11019145916880214, 0.11471571997556308, 0.10194913349091365, 0.09155209449771794, 0.12445091192776404, 0.11938778996617737, 0.11504148871510955], [0.12220718651214817, 0.10052572559771708, 0.10925763297119222, 0.11437897771006718, 0.1023368971494841, 0.09167142110294589, 0.12473718119470456, 0.11915818683764308, 0.11572679092409784], [0.12194586861781885, 0.10074820557582102, 0.109043225286129, 0.11433442181641557, 0.10254938550905066, 0.09181899957908478, 0.12464996603927446, 0.11900429549048958, 0.11590563208591595], [0.12288327140394725, 0.09976946540182084, 0.1105821771990315, 0.1149929327799187, 0.10165468730048008, 0.09160259320079618, 0.12381446071244043, 0.12007771497136369, 0.1146226970302012], [0.12241877906750664, 0.10013238664681258, 0.11028714764521007, 0.11457649792957515, 0.10186778909298343, 0.0918290886519058, 0.12387511242510416, 0.11992621437082633, 0.11508698417007585], [0.12213381645659566, 0.10043599921279353, 0.1092062269824717, 0.11415608252775099, 0.10210076313168025, 0.09161631306240556, 0.12500000000000003, 0.1195562662611658, 0.11579453236513661], [0.12220935431750268, 0.10040537021765684, 0.10935258409444014, 0.11419216576638305, 0.10206568573486707, 0.09165307338937045, 0.12476350613753127, 0.11963360064327996, 0.11572465969896849], [0.12227828729789976, 0.10025672309913326, 0.11008442599935211, 0.11446922602716433, 0.1019065219807552, 0.0918683762648907, 0.12399351293607967, 0.1198490723900784, 0.11529385400464656], [0.12163997762936703, 0.10097197205066882, 0.10878382211268803, 0.11407706701178498, 0.1025981066283621, 0.0920033364097125, 0.12442766507922468, 0.11926232340233596, 0.11623572967585592], [0.12280282178683165, 0.09973904652190375, 0.11050875529134985, 0.11497013660632384, 0.10152659665083662, 0.09160674678638614, 0.12390816181966262, 0.12032619332391739, 0.11461154121278815], [0.12224967978973454, 0.1003293634914798, 0.10966238707674894, 0.11426438887101516, 0.10194507801171113, 0.09174496183823587, 0.12439273995032193, 0.11984861141171702, 0.11556278955903561], [0.12146031780081638, 0.10110902251834306, 0.10846407322018484, 0.11381115135849382, 0.1026705615602689, 0.09196205997567397, 0.12500000000000003, 0.11905377043851374, 0.11646904312770541], [0.12177205168492235, 0.10081774252552295, 0.10886639494133143, 0.11401270353832793, 0.10238196816320713, 0.0919084786075474, 0.12450068997090011, 0.11955859408328148, 0.11618137648495923], [0.1220980664517156, 0.10046675903556948, 0.10930291566053915, 0.11408573612409734, 0.10204353686412825, 0.09173451393504807, 0.12462454151924501, 0.11982191501306526, 0.11582201539659198], [0.12263702485668497, 0.09982717455105154, 0.11034151112919405, 0.11477052354398828, 0.10151399989280172, 0.09164134562066754, 0.12408262902929804, 0.120403436652164, 0.11478235472414988], [0.12215384390818393, 0.10036711726895443, 0.10953421365350108, 0.11415981372825086, 0.10193478445703266, 0.09174805797943092, 0.1245104357274338, 0.11993014248279091, 0.11566159079442141], [0.12137417969674627, 0.10114980829831838, 0.10842588354223731, 0.11375776567210412, 0.10265682099581058, 0.09201713877815816, 0.12488646452502623, 0.1191868065651955, 0.11654513192640346], [0.12186774668010159, 0.10057633530517111, 0.10895813070164234, 0.11392457342097237, 0.10209409143141142, 0.09171748213339805, 0.125, 0.11981111057023522, 0.1160505297570679], [0.12252377008572643, 0.09987264488033491, 0.11023293664166844, 0.11465388289558877, 0.10148166758216749, 0.09166516146988923, 0.12419501281949681, 0.12049861501737105, 0.11487630860775701], [0.12241106062391278, 0.09991619383026733, 0.11012520286610145, 0.11453969079819426, 0.10144651303979968, 0.09168880674243596, 0.12430712561302254, 0.12059807180266731, 0.11496733468359867], [0.1218732747296001, 0.10047724740221722, 0.10918637147156524, 0.11386708801183883, 0.10190494448728935, 0.0917694620728677, 0.12481923123017565, 0.12016512970195715, 0.11593725089248891], [0.12163773315404768, 0.10076053330953293, 0.10875785761993906, 0.11375482097401829, 0.10215662139529041, 0.09187400420171148, 0.12475919717256544, 0.12000016170264793, 0.11629907047024664], [0.1210944541219673, 0.10138099467646766, 0.10808240823171907, 0.11341632379393565, 0.10270940321624158, 0.09213900670337388, 0.125, 0.11926785464058545, 0.1169095546157094], [0.12221580696112998, 0.10005549257005308, 0.10995090891650254, 0.11430958358643506, 0.10148470592865927, 0.09176144457006874, 0.12442851252401331, 0.1206049474133899, 0.11518859752974814], [0.12176273381278602, 0.10052564630023532, 0.10901384319677783, 0.11375299753330247, 0.10190790526274571, 0.09176034140978337, 0.12499999999999997, 0.12021492076204299, 0.11606161172232607], [0.12106834631469085, 0.10132364954359849, 0.10824307926221641, 0.11353060501421937, 0.10263609814752012, 0.09220985196113948, 0.12455864679284157, 0.11958741426952618, 0.1168423086942474], [0.12096949560915703, 0.1017837355457692, 0.10789161574009254, 0.11322104720729177, 0.10304542052922913, 0.09242931256199682, 0.12430823290796346, 0.11916427503729875, 0.1171868648612013], [0.12167825594115361, 0.10066330789477494, 0.10888884713984309, 0.11371897107381743, 0.10201735517500583, 0.09185578447707314, 0.12475550764147224, 0.12020947657942434, 0.11621249407743538], [0.12183630709796889, 0.1004021754115436, 0.1097028780120222, 0.11400289136803966, 0.10175401752158876, 0.09200950264361746, 0.1241902533700706, 0.12048890576010608, 0.11561306881504263], [0.12084832443505152, 0.10176142192128532, 0.1078168786144898, 0.11313431162036669, 0.10293456725556538, 0.09243118130259885, 0.12446109906068957, 0.11932275609803639, 0.11728945969191637], [0.12087549402620527, 0.10156989257204835, 0.10790550297026168, 0.11321625738575714, 0.10275353989021521, 0.09231076683166733, 0.12475120039834621, 0.1194417607906726, 0.11717558513482618], [0.12218003159933673, 0.09991658673596147, 0.10996751449352928, 0.11444467317788153, 0.10125286581047431, 0.09175319562926049, 0.12444074479787713, 0.12105837054815961, 0.11498601720751947], [0.12201983971290725, 0.10007206691687953, 0.10974816697216369, 0.11413274996088038, 0.10137130011027312, 0.09177098668417019, 0.12468955266729735, 0.12090210035343686, 0.11529323662199153], [0.12081823123527882, 0.10144490338000971, 0.10808163185268123, 0.11333685399888228, 0.10260191042244429, 0.09234963992802171, 0.12438856430462092, 0.119906614408047, 0.11707165047001405], [0.12143084413694433, 0.10070330800803795, 0.10868905042476222, 0.11346949405053036, 0.10190732750879274, 0.09189209831794705, 0.125, 0.12052527239002167, 0.11638260516296368], [0.12181477815947493, 0.10023583742339566, 0.1095758852393842, 0.1139022853763206, 0.10147543949049954, 0.09187852104887391, 0.12468294028766526, 0.1209028272838966, 0.1155314856904894], [0.12130198134968177, 0.10091370395729851, 0.10851115482846065, 0.1134236040709725, 0.10207813211526445, 0.09204399763450788, 0.1246332660127898, 0.12048861233835147, 0.11660554769267298], [0.12072398258182088, 0.10157085086808235, 0.10788700190709816, 0.11316080877968308, 0.10265790454715988, 0.09238936700576697, 0.12453244548460557, 0.11981724719316277, 0.11726039163262046], [0.12122089435762899, 0.1009160353610217, 0.10846298218732492, 0.1133305103276921, 0.10201957063932832, 0.09206140936250025, 0.12469536858682471, 0.12063972690566642, 0.11665350227201261], [0.12131658256052419, 0.10076935030892151, 0.10869648506704223, 0.11337460302631915, 0.10188447932790194, 0.09202163493815245, 0.12473272214441254, 0.12075628412193623, 0.11644785850478977], [0.12056485317134309, 0.10181681257525564, 0.10766679917812118, 0.11294278251252954, 0.10279527290401656, 0.09255284060749064, 0.12441235848948352, 0.11970893811148613, 0.11753934245027396], [0.12138463721986241, 0.10072404777869161, 0.10904873830981678, 0.1135388744215153, 0.10185166100727545, 0.09214851063177754, 0.12423672591356172, 0.12083791266601782, 0.11622889205148139], [0.12050605781302438, 0.10193338351838362, 0.10756872519431918, 0.11285006743858295, 0.10287964663327563, 0.09261818508766068, 0.12427606106234003, 0.1197218921717957, 0.11764598108061787], [0.1217121382265204, 0.10016564170520786, 0.10944814300386423, 0.11382551421407917, 0.10131197629549228, 0.09182842451703621, 0.12499999999999999, 0.12118891767276672, 0.11551924436503301], [0.1208610305114543, 0.10134357591973328, 0.1080502784481961, 0.11317956242616271, 0.10234803218410823, 0.09236182185031633, 0.12423745712514815, 0.12050469426683673, 0.11711354726804413], [0.1207622145531442, 0.10144946905641745, 0.10794676134627378, 0.1131495865282459, 0.10244014848639026, 0.09243130787766522, 0.12419002901992793, 0.12041721762467877, 0.11721326550725664], [0.12080197049414192, 0.10139981904863608, 0.10798681567830624, 0.11315548551575041, 0.10239254704271605, 0.09239717553477919, 0.12422665809103972, 0.12046672299664943, 0.1171728055979811], [0.12119644751888414, 0.10080348590426544, 0.10886331582391348, 0.11335882195330195, 0.10182775455889825, 0.09220817419896399, 0.12431233408660315, 0.12103672523261774, 0.11639294072255198], [0.12102155734621341, 0.10101591364665118, 0.10833425303780007, 0.11315058506929351, 0.10198914339252206, 0.09218399182910594, 0.1245635301303236, 0.12092006602489903, 0.11682095952319102], [0.12104305715011662, 0.10095969252800718, 0.10842699712723969, 0.11315271653063123, 0.10192535898560733, 0.09217945195596053, 0.12456412353235932, 0.12100659014641005, 0.11674201204366806], [0.12198344592671363, 0.10002091775503377, 0.10938056187812607, 0.1138450650315772, 0.10106776835008548, 0.09176221416324613, 0.125, 0.12157288278443158, 0.11536714411078616], [0.12057100247856638, 0.1013242922401087, 0.10781589574078235, 0.11280816868448522, 0.10209520484457532, 0.09237213133887792, 0.12460802427407755, 0.12108757522028106, 0.11731770517824551], [0.12006799243635757, 0.10205863896195484, 0.10735679674324138, 0.11256475514687739, 0.10271416127472287, 0.09285643306199043, 0.12399028983043688, 0.12037526506222725, 0.11801566748219142], [0.12075307296770069, 0.10109305044607593, 0.10819602057010823, 0.11289949375425833, 0.10189071812881671, 0.09231387915642163, 0.12453435630270379, 0.1213383774339858, 0.11698103123992881], [0.12058790365638068, 0.10129206556765945, 0.10790198954182847, 0.112798524777235, 0.10203802401236044, 0.0923985236828768, 0.12446870174663158, 0.12124462198670158, 0.11726964502832615], [0.12209535390714465, 0.10016583583384726, 0.10911400823333021, 0.11354868381069085, 0.10107784010318194, 0.09186895670816503, 0.124700560747517, 0.12180830934495063, 0.11562045131117242], [0.12010599316977479, 0.10176499567508665, 0.10737871163179978, 0.11256570295698753, 0.10239858804563635, 0.09265893451002576, 0.12443728362637164, 0.12085457435060054, 0.11783521603371706], [0.12002680533403932, 0.10182195944902984, 0.10732208826867257, 0.11250548044164672, 0.10241529335276335, 0.09270675385667315, 0.12440018545585653, 0.1208850724340149, 0.11791636140730374], [0.12019042275215237, 0.1014843333534445, 0.10739539763514518, 0.11248019708098035, 0.10207473119130886, 0.09244461234686756, 0.12499999999999999, 0.12126183114470497, 0.11766847449539604], [0.1205466937749074, 0.10101345695119876, 0.10813112662625465, 0.11269426725637795, 0.10169243501947088, 0.09229413594942601, 0.125, 0.12166513435340089, 0.11696275006896346], [0.12051161817788382, 0.10110737914326004, 0.10804051033659848, 0.11266808472933736, 0.10176613389429826, 0.09235204836715318, 0.12480855706327289, 0.12166025410904559, 0.11708541417915053], [0.119804496177244, 0.10194655262431315, 0.10713561385223244, 0.1123006742052169, 0.10239937434988831, 0.092823845818451, 0.1243580351388762, 0.12108892884820985, 0.11814247898556819], [0.12136175907254787, 0.10078760768660533, 0.10844440886549739, 0.11276456172246183, 0.10145630013716217, 0.09226778042529907, 0.12459627217469563, 0.12175544122953208, 0.11656586868619861], [0.12026426440214838, 0.10123954838009198, 0.1077044083508091, 0.11244476372668823, 0.10177573801501058, 0.09239712557265245, 0.12499999999999999, 0.1218005011008788, 0.1173736504517204], [0.12001835829963714, 0.1015386861695882, 0.10727092074137907, 0.11230370627145286, 0.10200742678074098, 0.09251780890466792, 0.125, 0.12153788850104587, 0.11780520433148797], [0.11956162659614472, 0.10210110883164225, 0.1069449148620418, 0.11208936572965636, 0.10240537476599026, 0.09297056629030535, 0.12425737685763023, 0.12127621826680193, 0.11839344779978707], [0.12132670917382125, 0.10085527053480166, 0.10814512653414107, 0.11251293966413989, 0.101401185736374, 0.0922708714088593, 0.12470487735619283, 0.12199784965322594, 0.11678516993844407], [0.12163638970863794, 0.10073953150256455, 0.10804680668278328, 0.11236010241443732, 0.10121803060039168, 0.09217280944722875, 0.12500000000000003, 0.12210905176357666, 0.1167172778803799], [0.12217787366992665, 0.10054467310233471, 0.10829614467610142, 0.112648126596095, 0.10106655324496736, 0.09211027140275141, 0.12444101449374016, 0.12236069582521406, 0.11635464698886924], [0.11908106051575376, 0.10236714748495251, 0.10637743326840912, 0.11156777499273869, 0.10243368481418202, 0.093018920829672, 0.125, 0.12121963175707086, 0.11893434633722104], [0.12158071697268198, 0.10082527074979951, 0.10791883172892107, 0.11225939833286827, 0.10124388384459235, 0.09223295702177237, 0.12484403786244488, 0.12223705786763055, 0.11685784561928902], [0.11966685393696998, 0.10168779092938011, 0.10692766328311892, 0.11187434062921157, 0.10187086975492876, 0.0926929218849716, 0.125, 0.12213759920379594, 0.11814196037762315], [0.12180602642060744, 0.10075235993030224, 0.10786941304393857, 0.1121666704318256, 0.10112836701012273, 0.09218092227152623, 0.12500000000000003, 0.12229711215707978, 0.11679912873459754], [0.11907733066148526, 0.10231681359044242, 0.10651889945731123, 0.11163684066646092, 0.10233002258411211, 0.09315088449791621, 0.12449462512182105, 0.12162576173819818, 0.11884882168225275], [0.12032969587254076, 0.10138404843023538, 0.10711393116463054, 0.11185698796842439, 0.10158195171644578, 0.09248881482149265, 0.125, 0.12243282395981149, 0.11781174606641899], [0.12100425003282966, 0.1011740853500889, 0.10746884528983548, 0.1119740227184996, 0.10143483183336098, 0.09243741992127238, 0.12456890238284, 0.12251695604993976, 0.11742068642133321], [0.12192787444349934, 0.10079200477851721, 0.10776985482237435, 0.11205210518593434, 0.10109644828285548, 0.09223006737711646, 0.12484212824298506, 0.12242744531810276, 0.11686207154861501], [0.12205644600971928, 0.10075309428413763, 0.10777750365767742, 0.11207773735822574, 0.1010472578129113, 0.09221197448341914, 0.12475130949491764, 0.12251704461499509, 0.11680763228399667], [0.1215628034997028, 0.10102677692438446, 0.10749770263939792, 0.11188040491792532, 0.10122798959103166, 0.0923782181861504, 0.1245206848090756, 0.12267326770404058, 0.11723215172829128], [0.12221303130535185, 0.1007371147303653, 0.10773105121107593, 0.11204674410853979, 0.10098919974949719, 0.09221529800485825, 0.12460073497706028, 0.12267534440613313, 0.11679148150711838], [0.12096420410833854, 0.10122029382200438, 0.1070646900746399, 0.11162794832544115, 0.10130628902055937, 0.09240692403149325, 0.12490851540180581, 0.12282706581424706, 0.11767406940147052], [0.12224861892829213, 0.10079304253665812, 0.10762215200101032, 0.11193035799416703, 0.10098072528543704, 0.09226616949661666, 0.12451249061599248, 0.12276548934015757, 0.11688095380166864], [0.11948682385205364, 0.10203272323583588, 0.10641755250741519, 0.11143690841470746, 0.10192376141495532, 0.09298059157854112, 0.12462214450323614, 0.12241110641070822, 0.11868838808254698], [0.12091602687067929, 0.10124194121927581, 0.106961652488877, 0.11155028984163463, 0.10128726665452625, 0.09240455430265096, 0.125, 0.12288924584613116, 0.11774902277622488], [0.11897670768909997, 0.10225709321252703, 0.10617711318227152, 0.11127430268851632, 0.10205787844236636, 0.09309995588253425, 0.12500000000000003, 0.1221399847446652, 0.11901696415801948], [0.11997882614947887, 0.1017152269647679, 0.10647684285307318, 0.11136714951740012, 0.10161194783447257, 0.09270330506865199, 0.12500000000000003, 0.12272664773640546, 0.11842005387575001], [0.11914551263051117, 0.1022043638310337, 0.10610243110000117, 0.11119127682467628, 0.10195874658656254, 0.09306244579568147, 0.125, 0.12232315933024208, 0.11901206390129161], [0.12140569325683485, 0.10114623629156028, 0.10694915364439794, 0.11140708388508712, 0.10111240703998102, 0.09238834691949831, 0.1248475293317072, 0.12312280041620806, 0.11762074921472523], [0.12036886106445346, 0.10164081072573145, 0.10652246378851228, 0.11129388861978758, 0.10148981656952875, 0.09269994360949564, 0.12464646592338112, 0.12301832835703566, 0.11831942134207407], [0.11947369821452933, 0.10211808931753799, 0.10613228711933403, 0.11116542839918132, 0.10184952421870952, 0.09303460310067649, 0.12471026508955856, 0.12259988939324715, 0.11891621514722561], [0.12115943915426546, 0.10126297768321744, 0.10669832533918394, 0.1112357941499662, 0.10113370173649332, 0.09243621528717309, 0.12493519505849784, 0.12327234600408611, 0.11786600558711656], [0.12139366305407455, 0.10116254194764758, 0.10677751203093738, 0.11124805535768761, 0.10105046987567581, 0.09237741379812009, 0.12500000000000003, 0.12327222693861246, 0.11771811699724463], [0.12119051995356282, 0.10125469103458717, 0.10664254946083548, 0.11117554189475959, 0.10109616624393448, 0.0924241764500399, 0.125, 0.12333396849371071, 0.11788238646856986], [0.11935527380715556, 0.10226935003319129, 0.10590741984173936, 0.11096343690240607, 0.1018671338324603, 0.09315924876106374, 0.1246563824841142, 0.12266060033033152, 0.11916115400753798], [0.121807086845814, 0.10112096736345208, 0.10689155128450346, 0.11125797439919256, 0.10098877799050203, 0.09243571835178582, 0.12462925879500007, 0.12331339609649153, 0.11755526887325857], [0.12067612119254181, 0.10164402546647312, 0.10631959261187457, 0.11100618586770043, 0.10132606282480146, 0.09273945582813095, 0.12444092024523766, 0.12345644839051247, 0.11839118757272751], [0.12434459521912467, 0.10930858082213916, 0.10685109577273927, 0.11374228452903344, 0.11135778315860992, 0.09921623214656816, 0.1115280016162276, 0.11236599146930476, 0.11128543526625286], [0.12442877254647682, 0.10938838450264718, 0.10677897599814341, 0.11369170382867214, 0.11139336986672714, 0.0992864592007683, 0.1114478733063364, 0.11232643148207837, 0.11125802926815012], [0.12441788847057443, 0.10860321597428847, 0.10698847756182418, 0.11367117909426554, 0.11068441693641788, 0.09848481385994627, 0.11230842276911272, 0.11299795888310261, 0.11184362645046791], [0.12435605282736749, 0.10805838995890149, 0.10718644384958367, 0.11368873924534159, 0.11022885559592865, 0.09794930071080873, 0.11291067278200348, 0.11342180072602172, 0.11219974430404304], [0.125, 0.10982587226350417, 0.10621489004179475, 0.11321248928898159, 0.11141599966969438, 0.09964332783524074, 0.11110063504117203, 0.11228593447789378, 0.11130085138171852], [0.12419612969172605, 0.11074373843596258, 0.10605628421769883, 0.11309577455839895, 0.11207021575159862, 0.10064157867142191, 0.11043064289926564, 0.11182506840567687, 0.11094056736825054], [0.12499999999999999, 0.10901453931727732, 0.10640095158439014, 0.11318462744277594, 0.1106875464424186, 0.09880723872538065, 0.11197206987940549, 0.11300095484978881, 0.1119320717585629], [0.12490153577236698, 0.10908120678783652, 0.10632693341253915, 0.11310487453652131, 0.11067200180772928, 0.09887414120097063, 0.1119745250492393, 0.1130594559081406, 0.11200532552465628], [0.125, 0.10787712331727398, 0.10665009382595558, 0.11306869841593088, 0.10965391183911603, 0.09766530439722478, 0.11325558087097998, 0.11401455609550087, 0.1128147312380179], [0.125, 0.10922896430000806, 0.10612750382679488, 0.11292416793159031, 0.11065533878284065, 0.09900081699007823, 0.1118894034788777, 0.11309754742709922, 0.11207625726271096], [0.12477966473631445, 0.10806195452082315, 0.10648475330072116, 0.11291634092894699, 0.10967596712194612, 0.09785170218322012, 0.11319776652497349, 0.11409745077079986, 0.1129343999122547], [0.12448011769368274, 0.10844648239638288, 0.1063931588710336, 0.11291130146252186, 0.10996444510160505, 0.09825323824721446, 0.1128740707170074, 0.11389486711567857, 0.1127823183948734], [0.1243733880121553, 0.10876413935513908, 0.10626361133388165, 0.11285466664909995, 0.11017201014355026, 0.09857314665048265, 0.11259644791575084, 0.11373509905145852, 0.11266749088848156], [0.12484149054564067, 0.11128858701425857, 0.105