[[0.11888541799750905, 0.11595695764918294, 0.10614689915055793, 0.10420462130778238, 0.1214344986693927, 0.12373246658447072, 0.10207759711079752, 0.10366531454195543, 0.10389622698835134], [0.119372513055795, 0.11649370493900926, 0.10570192213150557, 0.10353162528846695, 0.12211005542260361, 0.12488381746321049, 0.1014186294126021, 0.10312233742362584, 0.10336539486318118], [0.11876499735898587, 0.1159507744796014, 0.10614574241188875, 0.1042071329233217, 0.12129117193929427, 0.1236698929763158, 0.10217928800239567, 0.10377831762690633, 0.10401268228129022], [0.11886527455237739, 0.11606453367455849, 0.10608096227295326, 0.10410064155985878, 0.12129085989525114, 0.12390760499386935, 0.10207154457334572, 0.10369108582431068, 0.10392749265347538], [0.11933127224804264, 0.11652703052694802, 0.10564831392889237, 0.10346029412274849, 0.12211281523893468, 0.125, 0.10140998099912649, 0.10313190865323238, 0.10337838428207496], [0.11917827714740756, 0.11642371443769008, 0.10573822735349374, 0.103596751125421, 0.1218874660245547, 0.12471845345328025, 0.10159934341390865, 0.10330576830849685, 0.10355199873574716], [0.11875805002983868, 0.11601850402463423, 0.10611104319672941, 0.10414976013921053, 0.12118267282254744, 0.12376967897961604, 0.10217914332215593, 0.1037967972365508, 0.10403435024871711], [0.11871915544142478, 0.11606759703647045, 0.10604095908255844, 0.10405432830408555, 0.12118606047740785, 0.12390578823319766, 0.10216622802019872, 0.10380884839548121, 0.10405103500917537], [0.11833081580984521, 0.11573673179833187, 0.10617954650913539, 0.10430345728951396, 0.12098212048294157, 0.12356627793192121, 0.10248879716309857, 0.10408643085671496, 0.10432582215849741], [0.11882421822017461, 0.11629051630953896, 0.10584959962770608, 0.103769787926665, 0.12146269171091921, 0.12419222279492366, 0.10198383322607264, 0.10368807229869821, 0.10393905788530161], [0.11915755872787806, 0.11671785972196391, 0.10558759154261972, 0.10334847896516852, 0.12206833430987947, 0.12450018217196983, 0.10159714068023139, 0.10338176981432493, 0.1036410840659642], [0.1182914217762901, 0.11577758760245328, 0.10614363876584193, 0.10425084041954248, 0.12086943559004512, 0.12368117835107492, 0.102504121461199, 0.1041194723421875, 0.10436230369136563], [0.11899939698291394, 0.1165797342265214, 0.10564771347950129, 0.10345593267409393, 0.12183324893518338, 0.12445880844735722, 0.10174287730264242, 0.1035116482712512, 0.10377063968053543], [0.11880436759218692, 0.11643548051775829, 0.10572993761639884, 0.10359190468225417, 0.12155458603827501, 0.12428850913676627, 0.10194394616244494, 0.10369610077504378, 0.10395516747887178], [0.11922768445720829, 0.1170349892347491, 0.10551286423813153, 0.1031845882748298, 0.12228727064710504, 0.12402754747721229, 0.10159093662048882, 0.10343325635296322, 0.10370086269731196], [0.11855729462197581, 0.11615601591758296, 0.10585249201645956, 0.1038077552573628, 0.12115329834721675, 0.12433620761381159, 0.10215567483636531, 0.10386320565584578, 0.10411805573337941], [0.11912201478377386, 0.11692851614785371, 0.10553299255193642, 0.1032352573357748, 0.12213394094474982, 0.12412305991732703, 0.1016632558772565, 0.1034966305710396, 0.10376433187028829], [0.11896083933481848, 0.1167310153840583, 0.10559163960218129, 0.10335421218227127, 0.12187741070139181, 0.1242373923506006, 0.10178792552570287, 0.1035967459485527, 0.10386281897042268], [0.11805152919259224, 0.11569005485545322, 0.10611017944321968, 0.10423207407039875, 0.12089070144956127, 0.12361708731460187, 0.1026340690486405, 0.10426319946660317, 0.10451110515892932], [0.1188534621185067, 0.11663669851729104, 0.10563445830325051, 0.10342937716042598, 0.12171924976051479, 0.12419048502728046, 0.10189143793340194, 0.10368947183775089, 0.10395535934157786], [0.11849453698582195, 0.11620570137093104, 0.10574059743150915, 0.10366109024368726, 0.12128229540129494, 0.12453858723476038, 0.10211120197389044, 0.10385249237526735, 0.1041134969828375], [0.11878344974383807, 0.11658344048306149, 0.10563549527834522, 0.10344372267250057, 0.12162820073069387, 0.1242802302592247, 0.10192896069092683, 0.10372502338348064, 0.10399147675792841], [0.11797526053694533, 0.11564216025082147, 0.10612571120054028, 0.10426235572365193, 0.12088653412006138, 0.12352949270506061, 0.10269328287368518, 0.10431852811954699, 0.10456667446968664], [0.11862042071805311, 0.1164255766772376, 0.10564460525572354, 0.1034927781455941, 0.12142603511695553, 0.12454227779908716, 0.10200481455389784, 0.10378853820379963, 0.10405495352965145], [0.11844481297167361, 0.11621764577825147, 0.1056794188648979, 0.1035844387213425, 0.12137665193343687, 0.1246426152909765, 0.10209110216576274, 0.1038495100454339, 0.10411380422822447], [0.11816377814121043, 0.1159217168722262, 0.10584051870694049, 0.10385029396256129, 0.12124903037680092, 0.1241969855290694, 0.1023679837305676, 0.10407515260332978, 0.10433454007729391], [0.117998895091303, 0.11574050525074518, 0.1059857622857746, 0.10406940787123833, 0.12109108953578451, 0.12379430475222111, 0.10257785085844436, 0.10424378716173632, 0.10449839719275261], [0.11883017459562953, 0.11683028436550687, 0.10556131717567561, 0.10329649388402365, 0.12178807963231744, 0.12397549502039235, 0.1019173879308521, 0.10376342306501173, 0.1040373443305907], [0.11854898575045685, 0.11644699392774063, 0.10557370821323056, 0.1034023385239878, 0.12155939343151409, 0.12459888163721632, 0.10199546421326411, 0.10380170723144268, 0.1040725270711469], [0.11807362707529274, 0.11586444420654422, 0.1058540129557636, 0.1038803138839252, 0.12126177985596641, 0.1240962511103746, 0.10243398777000291, 0.10413782965196297, 0.10439775349016747], [0.11823292887102023, 0.11605647545685709, 0.10570253368639936, 0.10365109622535452, 0.12141332219829787, 0.12451652965696149, 0.1022223362806212, 0.10396986635100473, 0.1042349112734835], [0.11835978347784851, 0.1162250352908187, 0.10559094031552471, 0.10347580976246899, 0.12151596213191503, 0.12479455204725877, 0.10206777980602898, 0.10385050974318338, 0.1041196274249531], [0.11844763721752721, 0.11636659884257786, 0.10554454965233497, 0.103386178442421, 0.12159795850350166, 0.12474350785878381, 0.10200932049767845, 0.10381612257905797, 0.10408812640611687], [0.11778567138998076, 0.11558867340529519, 0.1060635761885097, 0.1041995546627214, 0.1210298263300364, 0.12346655032415024, 0.10277327615509055, 0.10441950191628685, 0.10467336962792889], [0.11803503050244829, 0.11590015813909811, 0.10577214523806608, 0.10377260826539453, 0.12139635495615228, 0.12420851975374059, 0.1023979321549151, 0.10412643227081057, 0.10439081871937447], [0.11777205879508504, 0.1156073028364945, 0.10602343820310957, 0.10414639331110977, 0.12109697117030699, 0.12351899780469174, 0.1027539898940291, 0.10441239604450755, 0.10466845194066576], [0.11844438572176798, 0.11651988805239274, 0.10546833005537477, 0.10325808823266994, 0.12180652717599848, 0.12452878100297195, 0.10200023517577327, 0.10384756731570013, 0.10412619726735077], [0.11825149450969208, 0.11624130435784026, 0.1054714293290193, 0.10332729613553575, 0.12170320502998688, 0.125, 0.10203251023777257, 0.10384857533132955, 0.10412418506882365], [0.11803401523220347, 0.11595395483671674, 0.10569540991627933, 0.10366681727886182, 0.12150988408212943, 0.12434425752460865, 0.10234155869600739, 0.10409300300146196, 0.10436109943173137], [0.11875877252009552, 0.11705217151382001, 0.10546595091555933, 0.10313005810866709, 0.12198639878098919, 0.12363761159673772, 0.10195775509358415, 0.10386356753659659, 0.10414771393395038], [0.11830914301482987, 0.11637162432880818, 0.10544863250745029, 0.10326910669392277, 0.12180983099503422, 0.12476836939721342, 0.10202292877439134, 0.10386088218528247, 0.10413948210306748], [0.11854548068950636, 0.11678099422683963, 0.1054376893338829, 0.10315978811521262, 0.12194498975492626, 0.12408242014516507, 0.1019965020558941, 0.10388409942617757, 0.10416803625239547], [0.11838634920423072, 0.11654046582960166, 0.10542746459222735, 0.10320386422686333, 0.1219173252463107, 0.12447463810015266, 0.10201338896501641, 0.10387726783015017, 0.104159236005447], [0.11783331808506214, 0.11581558821692553, 0.10575340472603006, 0.10376947624781135, 0.12150723597186991, 0.12402091863853514, 0.10251841808067538, 0.10425660564571637, 0.10452503438737391], [0.11808388914577268, 0.11631714795280503, 0.10537181321696765, 0.10318857152095262, 0.12206698981698269, 0.12462348879571915, 0.10211018902114535, 0.10397604013640256, 0.10426187039325224], [0.11751058301855168, 0.11553717600185617, 0.10595165865526963, 0.104074418320634, 0.12128276272076664, 0.12335001635852592, 0.10288527752401042, 0.10457209359141524, 0.10483601380897047], [0.11846253703462428, 0.11711266827740238, 0.10521457851590435, 0.10281142523775404, 0.12242797840935225, 0.123944876446505, 0.10191950089275925, 0.103903548965643, 0.10420288622005545], [0.11848332926763241, 0.11717108643404489, 0.10519960744017755, 0.10277956361950967, 0.12245610071989284, 0.12391776200207273, 0.10190209456377304, 0.10389506529025071, 0.10419539066264613], [0.1175644967684879, 0.11563569731463069, 0.10583944330541699, 0.10391506118078551, 0.12146009293490484, 0.12357353315117045, 0.10276793192345572, 0.10448752597462883, 0.10475621744651904], [0.11836585738898975, 0.11691222418696111, 0.10526840578826425, 0.10292370680894906, 0.12233171100832811, 0.12399263354119416, 0.10199960983948135, 0.10395470245335482, 0.10425114898447742], [0.11815602176596321, 0.11654126413820005, 0.10531543582495033, 0.10306753825854892, 0.12226056954059142, 0.12429183578817771, 0.10208668632218648, 0.10399444813172487, 0.10428620022965701], [0.11838458380833881, 0.1170357891100969, 0.10519966418528938, 0.10281124258637946, 0.1224494454878815, 0.12402879804711887, 0.10194160147309186, 0.10392434550916158, 0.10422452979264184], [0.11778553586806427, 0.11596950378716407, 0.10553165112691144, 0.10346348071210962, 0.12190278210243856, 0.12426086321487263, 0.10239519744161792, 0.10420517682412601, 0.10448580892269546], [0.1175813469885609, 0.1156949465062173, 0.10576585390597332, 0.10381168608759511, 0.12158193549423435, 0.12369619536693639, 0.10270402385098745, 0.10444592981460561, 0.10471808198488956], [0.11800145946987055, 0.11644670643535414, 0.10528522508774688, 0.10305245024715058, 0.12237235252373187, 0.12428087063044835, 0.10214653057193926, 0.10405993224398784, 0.10435447278977056], [0.11802691839067629, 0.1165256129753302, 0.1052664385280947, 0.10301110363961738, 0.12243506945815937, 0.12417027066411127, 0.10213752173255082, 0.10406527029081265, 0.10436179432064732], [0.11811749481363075, 0.11678877170507866, 0.10515552061059572, 0.10281472653310243, 0.12255449716841973, 0.12422037466386539, 0.10202903556093257, 0.10400821853318665, 0.1043113604111881], [0.117879815862741, 0.11632311908964611, 0.10529411702427723, 0.10309170371686606, 0.12237993990898907, 0.12430010392466881, 0.10220975838078168, 0.10411347111552756, 0.10440797097650249], [0.11816561264813523, 0.1169270160456446, 0.10509900895238487, 0.10271373948749349, 0.12260858330082883, 0.12427023623095075, 0.10196685137428929, 0.10397137880504485, 0.10427757315522793], [0.11780083321568438, 0.116217347944706, 0.10532549826660055, 0.10315430573071935, 0.1223308359959592, 0.12429614056916231, 0.10226833105635576, 0.1041568252254347, 0.10444988199537776], [0.11751148099683109, 0.1157666417281735, 0.10563352793481612, 0.10363309090310871, 0.12184632217839694, 0.12376718739980117, 0.10266261904114855, 0.10444938626774047, 0.10472974354998324], [0.11807512595731597, 0.11679923529325466, 0.10511326173469922, 0.10276065309862416, 0.12261826405438174, 0.1242920372904921, 0.10201735251985035, 0.10400926438048048, 0.10431480567090115], [0.11772682590849243, 0.11612101058844226, 0.10536611172920504, 0.10322589162895289, 0.12227336126714605, 0.12423839860718132, 0.10233709181028543, 0.10420990951805036, 0.1045013989422444], [0.11768287923042722, 0.11607725420767884, 0.10538457117458178, 0.10325830418136032, 0.12225673088251124, 0.12418177355103287, 0.10237785256852062, 0.1042447632019633, 0.10453587100192382], [0.1176319741497115, 0.116000366794877, 0.10543250768915265, 0.10333434844023177, 0.12218167495690216, 0.12410187216185271, 0.10244224782883048, 0.10429292614894385, 0.10458208182949791], [0.11751136105541093, 0.11584005910108593, 0.10554641140295838, 0.1035096648519225, 0.12201258784436234, 0.12385237558863, 0.10260367939736394, 0.10441939936297522, 0.10470446139529076], [0.11782128726719518, 0.1164134174433998, 0.10520668498153199, 0.10296349381535433, 0.1225962582027331, 0.12421559794297447, 0.10220018193446818, 0.10414100890941946, 0.10444206950292349], [0.1176988813960945, 0.11618177132907813, 0.10531235790521057, 0.10314579327979856, 0.12242003066585243, 0.124160812278148, 0.10233063462815076, 0.10422704163988884, 0.10452267687777825], [0.11744007832700722, 0.1157751179815904, 0.1055880667919889, 0.10357492346734845, 0.12196166246956876, 0.12371301982095435, 0.10268444406458622, 0.10448924479947898, 0.10477344227747655], [0.11784412717864076, 0.11653420109613655, 0.10512624031254188, 0.10283728105907411, 0.12271151983615092, 0.12429873048151151, 0.1021330616326324, 0.10410469570255342, 0.10441014270075842], [0.11769907682216967, 0.11624019760386235, 0.10527540824600773, 0.10308694087450536, 0.12251754071313978, 0.12410967136936399, 0.10231540853500205, 0.10422870899973798, 0.10452704683621093], [0.1175919517054723, 0.11611774017788114, 0.10531921211319394, 0.10316812218106347, 0.1224608366653453, 0.12402964468943671, 0.10240753226379148, 0.10430396995972281, 0.10460099024409282], [0.11750061794837549, 0.11599756890866351, 0.1053831036074205, 0.10327331046598433, 0.12235915731138365, 0.12391786060468644, 0.1025082378722741, 0.10438273023681682, 0.10467741304439517], [0.11751947624305842, 0.11621794828421651, 0.10515083274561943, 0.1029406353670808, 0.12273389719759538, 0.12429338686552006, 0.10231396814646038, 0.10426201168886495, 0.10456784346158408], [0.11726934879680907, 0.1157888793001312, 0.10549714502599877, 0.10345862131006077, 0.1222133983065347, 0.12353439447786684, 0.1027525632178809, 0.10459645953910075, 0.10488919002561685], [0.11723702155619099, 0.11586928582279316, 0.10538443678596937, 0.10330458406251068, 0.12241863529859814, 0.12366680103780671, 0.1026871054315442, 0.10456666743801059, 0.10486546256657617], [0.11755067780306966, 0.11682414101412315, 0.10469842151470901, 0.10225713385048496, 0.12328957343121451, 0.125, 0.10194458732836022, 0.10405317223323565, 0.10438229282480285], [0.11723761018971118, 0.11592274523308116, 0.10531460465785675, 0.10320807856421665, 0.12253103877478791, 0.12380017484766966, 0.10262798304323428, 0.1045279013513846, 0.10482986333805785], [0.11740349795119147, 0.11675975542848213, 0.10467967618833536, 0.1022505050392184, 0.1234666495863218, 0.12479347021053908, 0.10202672861416849, 0.10414364543419609, 0.10447607154754716], [0.1170939684592951, 0.11582508569650996, 0.1053552488428711, 0.10328031838156282, 0.12247542327910495, 0.12361030684545914, 0.10275864973450143, 0.10464934129931133, 0.1049516574613842], [0.11727555563297146, 0.11643204876009734, 0.10474954644154769, 0.10240941756198793, 0.12334503546170902, 0.12500000000000003, 0.10210921553919929, 0.10417628501523704, 0.1045028955872504], [0.11719952671049852, 0.11618186548254669, 0.1049726336030983, 0.10273629096954119, 0.12307387966456992, 0.1244438668528091, 0.10235748496641331, 0.10435830082450685, 0.10467615092601613], [0.11722752474087904, 0.11640498950399092, 0.10475266089049667, 0.10241965157203116, 0.12337534009106159, 0.12492256691466143, 0.10214510992902605, 0.10421242179964246, 0.10453973455821083], [0.11701741648272405, 0.11583349425509955, 0.10529999462089469, 0.1032119946424573, 0.12257234293809842, 0.12364596310422515, 0.10276504448001528, 0.10467382069658025, 0.10497992877990528], [0.11696981742004404, 0.11606358373853615, 0.10498758821419357, 0.10278221992320241, 0.12311408391323361, 0.12416607168839815, 0.1025301133812776, 0.10453268235754498, 0.10485383936356965], [0.11695702771815915, 0.1161223088925848, 0.10491496250977601, 0.10268110724102905, 0.12324423942333493, 0.12427692499180472, 0.10247622125634341, 0.1045012436048189, 0.10482596436214897], [0.11687673329010262, 0.11590543201508018, 0.10513398102533549, 0.10299530437387303, 0.12287046175776219, 0.12380494537219129, 0.10272404524209323, 0.10468642889101036, 0.1050026680325516], [0.10287717110177821, 0.12281340570047143, 0.11530029986055118, 0.11096924637652611, 0.10068408748601286, 0.0916886330197135, 0.12252258381397858, 0.11866890016692118, 0.11447567247404708], [0.10311743005503275, 0.12226474864010516, 0.1152502576426227, 0.1102633286393528, 0.1010194075653407, 0.09148540473008579, 0.12377120921373944, 0.11796665369568325, 0.11486155981803753], [0.1030392264060176, 0.12211411607677965, 0.11530732928044318, 0.11063671972409386, 0.10091151958734734, 0.09165679884688593, 0.12318910768819316, 0.11840179027766934, 0.11474339211256994], [0.10283521461558408, 0.12276970938796176, 0.11522892404115836, 0.11090523072251142, 0.10068576567504398, 0.09169789523383919, 0.1226014910557717, 0.11875111910289304, 0.11452465016523641], [0.10282117181117374, 0.12271631987115156, 0.11518526879322816, 0.11085395377692084, 0.10070502868270002, 0.09171503493088598, 0.12262715041734311, 0.11880184387181002, 0.11457422784478657], [0.10262461247019275, 0.12281927379051703, 0.11528968806458195, 0.11081989339669003, 0.10052560881936608, 0.09159144877360698, 0.12293109913610364, 0.11892064246703242, 0.11447773308190898], [0.10296806930146467, 0.12193545465424073, 0.1150683197191442, 0.11028489227548442, 0.10101011353112224, 0.09166589967367074, 0.1235444420736826, 0.11851266494016598, 0.11501014383102431], [0.10303894101329758, 0.12197013783237534, 0.11493513894727725, 0.10985475131810027, 0.10116460456814046, 0.09155607787499162, 0.1241744736479049, 0.1181133391271723, 0.1151925356707404], [0.10261003869817757, 0.12245917594133762, 0.11491387016816836, 0.1105257525080496, 0.10071166105906809, 0.09175526672532627, 0.12299842021197788, 0.11920861562067779, 0.11481719906721684], [0.10272140300598341, 0.1221065291090887, 0.11477298450956347, 0.11031399179732139, 0.10093691746135151, 0.09188408572478286, 0.12292324751621449, 0.11923698200412103, 0.11510385887157314], [0.10264425787959607, 0.12204953692861029, 0.11465167256238079, 0.11022010601037417, 0.10093163275840224, 0.09190500108169172, 0.1230294272176913, 0.11939274358198766, 0.11517562197926579], [0.10202278659129073, 0.12245799779251458, 0.11544727908884335, 0.11047826903028934, 0.10017374137759559, 0.09150182030102269, 0.12400263157499868, 0.11951809320589753, 0.11439738103754735], [0.10278049784758693, 0.12139310095821852, 0.11453714171898817, 0.10973449288465413, 0.10121628020546472, 0.09188792307063258, 0.1237911535610753, 0.11908706457217084, 0.11557234518120894], [0.10276836000767671, 0.12153322361153564, 0.11419547783063748, 0.10895491753520685, 0.10139244508231304, 0.09163788538978546, 0.12499999999999999, 0.118631330920201, 0.11588635962264372], [0.10274909342707338, 0.12127979749523325, 0.11437902336147064, 0.10949461062543749, 0.10130040148815751, 0.09190453472176184, 0.12402431427737398, 0.11910981290364345, 0.11575841169984843], [0.10236877099380476, 0.12207659204905655, 0.11458864126649779, 0.11011340969192404, 0.10074771233040335, 0.09183729790887485, 0.12341190726889747, 0.1197224967512503, 0.11513317173929079], [0.10194085695880785, 0.12221337012485778, 0.1151811854066288, 0.11023750214762727, 0.10024176477269528, 0.09156249815397458, 0.12423971426766309, 0.11977529084889744, 0.11460781731884802], [0.10238776505475372, 0.12199802587335346, 0.11449934287993513, 0.11005747664012727, 0.10080850114232418, 0.09188974452447136, 0.12336890078754222, 0.11977253184207493, 0.11521771125541774], [0.10269664011520857, 0.12108863624096187, 0.11424519334134156, 0.10942959023472836, 0.10135769732843564, 0.09204205902777238, 0.12383890239376937, 0.11939898669566472, 0.11590229462211755], [0.10271676289302104, 0.12108976159723993, 0.11416093627579739, 0.10919017811023882, 0.10143354589808257, 0.09197113846369465, 0.12425208777603013, 0.11916564031146858, 0.11601994867442704], [0.10182894183900679, 0.12198293470956513, 0.11506602266206442, 0.11007071017690027, 0.10024804683592609, 0.09162208670533833, 0.12449484159463856, 0.11998792442655563, 0.11469849105000461], [0.10200216314708796, 0.12185603476955692, 0.11457959758471645, 0.10985641671464882, 0.10054699966668444, 0.09176149191731235, 0.12412523344938811, 0.12013890092191755, 0.11513316182868728], [0.10252893742836848, 0.12103840091093335, 0.1140424456469755, 0.10936021389486617, 0.10131106436192899, 0.09212350058525921, 0.12375520915529689, 0.11984173892845701, 0.11599848908791442], [0.10245819867195931, 0.12117702766735593, 0.11403747449365266, 0.10942510095178097, 0.10121440020991111, 0.09207869729642072, 0.12377342927451439, 0.11992861275991903, 0.11590705867448578], [0.10212465735987727, 0.12172363613570192, 0.11434024972799475, 0.1097583686420724, 0.10074728837402609, 0.09190726511838478, 0.12382372633319666, 0.12020548819535479, 0.11536932011339132], [0.10266476352329183, 0.12088405992771827, 0.11390204035604494, 0.10890897847610995, 0.10158861190904765, 0.09212831848370058, 0.1242021262693752, 0.11938858900632786, 0.11633251204838384], [0.1017539954991639, 0.121792849862124, 0.11506552647191651, 0.10999616954180035, 0.10025178993588353, 0.09171649768769119, 0.12458682859865285, 0.12012600087251436, 0.11471034153025328], [0.10230873778505721, 0.12144868874084641, 0.11398155880941388, 0.1095751619319117, 0.10103858950149441, 0.09207312206561344, 0.12366848872153244, 0.12018784261282828, 0.11571780983130225], [0.10267485858805847, 0.12096816918514677, 0.113685414446794, 0.10851557201979295, 0.10174757952127338, 0.09211968025182159, 0.12433995271040926, 0.11937821521462352, 0.11657055806208019], [0.10262053734950086, 0.12071181687985541, 0.11388670688955038, 0.10904509774587695, 0.10156933674576538, 0.0922664228431766, 0.12380709790499439, 0.11975664142557338, 0.1163363422157065], [0.1023662755447403, 0.12111205523245676, 0.11390435842694842, 0.10932225101426812, 0.10119983366361467, 0.092094117990541, 0.12391017834315134, 0.12010993757527745, 0.1159809922090018], [0.10171378458865608, 0.12169363280922482, 0.11485176631109797, 0.10983609949074251, 0.10029202903045911, 0.09170640307312407, 0.12477676062944462, 0.12026602053953071, 0.11486350352772014], [0.10228099236714697, 0.12133092737431755, 0.11389954315215194, 0.10946524466485547, 0.1010734151688904, 0.09209002401200803, 0.12378211419688699, 0.12026081947091491, 0.11581691959282776], [0.10265418171138418, 0.1208744670081206, 0.11363044806206155, 0.10848938130599162, 0.10177780386413349, 0.09218630609579642, 0.12424646657719643, 0.11949444980802167, 0.11664649556729403], [0.10243308899082444, 0.12078522987074543, 0.11380614275655665, 0.10910208729601154, 0.1013834174610194, 0.09219036803572564, 0.123996202716938, 0.1200691526222687, 0.11623431024991021], [0.10167870253698312, 0.12159515813619377, 0.11473244091639287, 0.10973220736956193, 0.10031937197604969, 0.09172647292544531, 0.12488858142286056, 0.12037388696538741, 0.11495317775112548], [0.10164239183412052, 0.12149324464966851, 0.11461623190591996, 0.1096289205659345, 0.1003462421869998, 0.09174912485428055, 0.12499999999999999, 0.12048309740574291, 0.11504074659733311], [0.10219900117631885, 0.12100603501619615, 0.11366301431566321, 0.10916137522104025, 0.10116930953800199, 0.09214485961151246, 0.12409364546310347, 0.1204711395031637, 0.11609162015499978], [0.10238347884837036, 0.12054190196259673, 0.11361919201059881, 0.10888071241818988, 0.10147805034002576, 0.09226973710154054, 0.12415220859282139, 0.12022089623268453, 0.11645382249317202], [0.10267114172401028, 0.12070672071296681, 0.11334501337641922, 0.10813702396630008, 0.1020373874335468, 0.09240951078101468, 0.12394146132959787, 0.11972584661144557, 0.11702589406469857], [0.1017151703189544, 0.12140921696506227, 0.11439862465856673, 0.10951672114832166, 0.1005048888589902, 0.09186120374528396, 0.12469689767558803, 0.1206269593833136, 0.11527031724591917], [0.10218854705295494, 0.12085226145899436, 0.11358271086673262, 0.10902838768254616, 0.10122822287531744, 0.09216409144294102, 0.1242319818857915, 0.12050391063056834, 0.11621988610415367], [0.10259930495173313, 0.1205743925240741, 0.11340869826690206, 0.1083324577806822, 0.1019211873817592, 0.09242477191647991, 0.12391677876716248, 0.11987822248361754, 0.11694418592758939], [0.10285843755015112, 0.12074529310494775, 0.11316998133009872, 0.10780007346360672, 0.10238605742372461, 0.09261781007432808, 0.1235673400179627, 0.11957469431673347, 0.11728031271844684], [0.10222052082655944, 0.12069168989677032, 0.11353965389701014, 0.10891139488865248, 0.10131494277381588, 0.09219254810327089, 0.12431873439684575, 0.12046016491329727, 0.11635035030377781], [0.10190211601109835, 0.12124749655351968, 0.1140128203640215, 0.10935047567544008, 0.10082670861134317, 0.09208766891151383, 0.12409719438541376, 0.12079170540014733, 0.11568381408750243], [0.10276680050651907, 0.12058689007271159, 0.11308457464598087, 0.107774902479343, 0.10236538750382518, 0.09266551670154774, 0.12355459176337492, 0.11981158740007036, 0.11738974892662728], [0.1026586687358302, 0.12052352573001233, 0.11315322809348324, 0.10794425902831507, 0.10219356973968331, 0.09258767760617423, 0.12370106114651543, 0.11995159469614995, 0.11728641522383637], [0.10156412673628284, 0.12163751880039161, 0.11457134276944557, 0.10949689418410749, 0.10042425656581462, 0.09199575366326981, 0.1244596413305782, 0.12074427557015992, 0.11510619037994979], [0.10166935592074436, 0.12117515705876897, 0.11426697492471193, 0.1093676718309551, 0.10059463761508865, 0.09202186179625688, 0.12461401758150228, 0.12087719523691412, 0.11541312803505782], [0.10255706237706916, 0.12033273897936277, 0.11322988044032878, 0.10820562944414286, 0.10203783273943827, 0.09261987331379622, 0.1236487655633283, 0.12018768857167962, 0.11718052857085404], [0.10207424154227987, 0.12050650076067541, 0.11329252078692369, 0.10869660688055106, 0.10132274929248457, 0.09224247812590754, 0.12456879853116452, 0.12077852927180723, 0.11651757480820624], [0.10173319798316911, 0.12106834317962685, 0.11403969001358968, 0.10924272115939529, 0.10075113213027827, 0.09213160704865021, 0.12436060822763491, 0.12102398162161913, 0.11564871863603654], [0.10214821748310438, 0.12027533003865801, 0.11324141816044876, 0.10854185149310647, 0.10147746234682732, 0.0923182312177359, 0.12459384613335042, 0.12068534521943247, 0.11671829790733627], [0.10257794371183959, 0.12031487860328809, 0.11308553533842206, 0.10797990094058374, 0.10217613922988299, 0.09268790917372655, 0.12357475617689943, 0.12022993512698998, 0.1173730016983676], [0.10206269209829806, 0.12022978236401949, 0.11313658718158687, 0.10846487024332709, 0.10144714448129498, 0.0923149254071722, 0.12474426891847666, 0.12084062610013933, 0.1167591032056853], [0.1019874853629172, 0.12045988172957695, 0.1131642218319258, 0.10863383404964086, 0.10130861916538113, 0.09229882600158229, 0.12456751852350065, 0.12101834409148987, 0.11656126924398526], [0.10261632541549756, 0.12024648560223014, 0.1128826787579252, 0.10768288792857095, 0.1023832086389345, 0.09281672650858992, 0.12345193010984495, 0.12028020519083002, 0.11763955184757659], [0.10197080027458867, 0.12069928476617497, 0.11329576841694297, 0.10887430727143628, 0.10121665711860436, 0.09237591698932779, 0.12407502957846579, 0.12116083107266842, 0.11633140451179061], [0.10265029051266805, 0.12023972671832907, 0.11279824116979636, 0.10753801189558208, 0.1024839341382667, 0.09285967789563776, 0.12345808240923933, 0.1202321378995362, 0.11773989736094459], [0.10165272353373955, 0.12089494372529178, 0.11400835366696023, 0.1091503287647632, 0.10075776672010074, 0.09222326380336125, 0.12444068276350279, 0.12119756639851804, 0.11567437062376257], [0.10231927216490429, 0.11989511275107466, 0.11304508843894168, 0.10819424298597986, 0.10189555647528087, 0.09265115047482642, 0.12416524295120986, 0.12061179229233081, 0.11722254146545158], [0.10237507761927263, 0.11995822950738484, 0.11302126759301812, 0.10811611363759895, 0.10199035820907583, 0.09270174086346643, 0.12395867108743168, 0.1205617472677918, 0.11731679421495973], [0.10234987650336001, 0.11992351310250389, 0.11302797279121005, 0.10814928672545206, 0.10195185887337295, 0.09268635209885792, 0.12405714299849585, 0.1205729151718739, 0.11728108173487337], [0.10192427501248419, 0.12050883313695121, 0.11311559477843118, 0.10870824664057209, 0.10128940501636084, 0.09246023001925936, 0.12414110015025981, 0.12135407612751588, 0.11649823911816545], [0.10193226897932622, 0.12006344801178058, 0.1129229221134858, 0.10827488719083413, 0.10144833665288057, 0.0923487061845626, 0.12500000000000003, 0.12110922832331246, 0.11690020254381774], [0.10191554520229092, 0.12015372056434122, 0.11293003031880273, 0.10835434387447039, 0.10141622019438735, 0.09238822138287657, 0.12477993016084307, 0.12122955705441597, 0.11683243124757178], [0.10136543258988386, 0.12122282197532235, 0.1140043339715584, 0.10898583090596878, 0.1005358587028554, 0.09209934310612272, 0.12499999999999999, 0.12128169777594185, 0.11550468097234654], [0.10208269624861348, 0.11955997610688512, 0.1126949701189365, 0.10794868383854861, 0.10187791466701153, 0.09275702459904332, 0.12442177441753882, 0.12121530329380165, 0.11744165670962098], [0.102312141921971, 0.11969747855052304, 0.112415893354166, 0.10728597585191742, 0.10239907491077486, 0.092923240351314, 0.1239970063067424, 0.12090706229110056, 0.1180621264614906], [0.10187126132820618, 0.11990248760893146, 0.11270513948405499, 0.10815293692596939, 0.10155485099020405, 0.09258850125474913, 0.12458525158497208, 0.12155739907725353, 0.11708217174565919], [0.10198363903117594, 0.11962236358275316, 0.11264494720953025, 0.10795737297267528, 0.10177918572405253, 0.09270800214578931, 0.12453818626327792, 0.12139056438789617, 0.11737573868284942], [0.10139186848389478, 0.12096095024916804, 0.1137450025343638, 0.10879702094149592, 0.10072622685341633, 0.09230910712605313, 0.12470569426500035, 0.12158287741596815, 0.11578125213063963], [0.10224222646441199, 0.11951312902231802, 0.1124871329503205, 0.1075432447554525, 0.10227809667548866, 0.09300425952030583, 0.12382540159989469, 0.12116408162930623, 0.11794242738250157], [0.10221328165266816, 0.119464336501834, 0.11241539167103012, 0.1074570524228847, 0.1022987824218235, 0.0930130247342006, 0.12390416730847699, 0.12122052672044811, 0.11801343656663381], [0.10213450328821112, 0.11926924520994168, 0.11247123232510993, 0.10768616578917196, 0.10215671673416024, 0.09304854669606014, 0.12404592822170071, 0.12135392624025886, 0.11783373549538546], [0.10182339725668926, 0.11984597735694841, 0.11256631581320908, 0.10814670090397381, 0.10160016907941877, 0.09279426295738787, 0.12415310224359531, 0.12195371194018217, 0.11711636244859534], [0.10183105649315377, 0.11975258250068563, 0.11253159717719347, 0.10805385776958468, 0.10164874225557165, 0.09279063697771918, 0.12425800333339576, 0.12191143146853159, 0.11722209202416425], [0.10211255946678101, 0.11925404580263137, 0.11219435200191619, 0.10723365494400178, 0.10235375834237347, 0.09308020962336587, 0.12408537293700242, 0.12146199123713408, 0.11822405564479367], [0.1017447384687232, 0.12001617109384603, 0.112955369197484, 0.10839939445472846, 0.10144919034346785, 0.09289871931015144, 0.12359493664242387, 0.12218292595700711, 0.11675855453216792], [0.10185327157022044, 0.1194636280868161, 0.11236870802497326, 0.10782098987621887, 0.10183574006989048, 0.09294428279902124, 0.1241812064978897, 0.1220028596673764, 0.11752931340759354], [0.10207816071139772, 0.1190717672083416, 0.11231606864007963, 0.1075752617066652, 0.10221899831758031, 0.09317900969447634, 0.1239560055866853, 0.12162652765414941, 0.11797820048062459], [0.10201208215232177, 0.11903791317178637, 0.1119584377784328, 0.1069879536659821, 0.10242132174263245, 0.09315424847466469, 0.12426432955302075, 0.12170841282861083, 0.11845530063254826], [0.10175286253826306, 0.11978464638367349, 0.11270643316657146, 0.10821185940904753, 0.10160759908764279, 0.09306341733417907, 0.12344604961432325, 0.12241578640893812, 0.11701134605736115], [0.10168197506853188, 0.11969237673297106, 0.1127206924676166, 0.10816585685616814, 0.10158922738714858, 0.09312684653394711, 0.12346227692754361, 0.12257715682567392, 0.11698359120039911], [0.1014562561663287, 0.12030415313270929, 0.11297720770089946, 0.10823713911925174, 0.10126382923817781, 0.09288564852672318, 0.12384682454507297, 0.12244396334173417, 0.11658497822910266], [0.1018670455021315, 0.1187916654042822, 0.11146025918156177, 0.10629826382675082, 0.10262446837534059, 0.09316501983718486, 0.12499999999999999, 0.12181105652505358, 0.11898222134769453], [0.10170551101554809, 0.11959000992482534, 0.11258917764505084, 0.10807751374444481, 0.10168787104875633, 0.09322238219474302, 0.12331053775628285, 0.12268899297880519, 0.11712800369154353], [0.10198194052928068, 0.1187329538324639, 0.11195631677480504, 0.10729811171016754, 0.10240877769902441, 0.09351624917988782, 0.12356742184093271, 0.12220093696129025, 0.11833729147214764], [0.10159656876591369, 0.11981126579951991, 0.1125764815055022, 0.1080098351280293, 0.10160902250037052, 0.09318086131235381, 0.1233642524759524, 0.12277939169195692, 0.11707232082040137], [0.10185474290757532, 0.11861087600873105, 0.11152486009437872, 0.10655523964631652, 0.10258873881545316, 0.09336575705280109, 0.12438584892329764, 0.12220518558066379, 0.11890875097078271], [0.10182682064175616, 0.11894656676378353, 0.11195241938407706, 0.10744914982309912, 0.10217432105836927, 0.0934212406953998, 0.12358258408464899, 0.12260853369631168, 0.11803836385255442], [0.10175871333843607, 0.1192101046093959, 0.11203645268200307, 0.10770967474824895, 0.10197386951514874, 0.09337876093153592, 0.12344036171146029, 0.12283095307332073, 0.11766110939045031], [0.10153656741002193, 0.11991150622361527, 0.11247731725406986, 0.1079021847441654, 0.10162143600485997, 0.09321855585168279, 0.12328529778475175, 0.12291781159509643, 0.11712932313173671], [0.1014845074181334, 0.12004118408395092, 0.11249713685659432, 0.10788876691291045, 0.10157038908841516, 0.09319002972520177, 0.12332298861994072, 0.12293147698444881, 0.11707352031040434], [0.10164493927649329, 0.11950976567691016, 0.11216620313969003, 0.10772845068057979, 0.10187863225943429, 0.09342297195999025, 0.12305923446485798, 0.12308907665080217, 0.11750072589124204], [0.10142130523117981, 0.12018986544724289, 0.11246596809286424, 0.10783007103914581, 0.10154263010320247, 0.09319422220310715, 0.1232987713714502, 0.12300002146365953, 0.11705714504814788], [0.10175152108257418, 0.11890247990904608, 0.11181769319113961, 0.10747409951087335, 0.1021650021176328, 0.09360433146921027, 0.12321694956632573, 0.12310685851048389, 0.11796106464271414], [0.10139932454834186, 0.12020630950821878, 0.11235694206885197, 0.10773529488106198, 0.10159152958785342, 0.09325713316277527, 0.12318186134533335, 0.12312565104399632, 0.11714595385356706], [0.10185986395277712, 0.118361325670011, 0.1115137912952364, 0.10679304351083899, 0.10263044103081034, 0.09372484678650594, 0.12362800351275029, 0.12263818199131385, 0.11885050224975595], [0.10175026181454483, 0.11884486629916668, 0.11176562812871652, 0.10740918793118173, 0.10221248824477887, 0.09365009008099973, 0.123173703254807, 0.12315056700202939, 0.11804320724377523], [0.10172468844015885, 0.11862243423651823, 0.11126092538608379, 0.10638851669645831, 0.10265169660522615, 0.0935738834796597, 0.12396896318865276, 0.12268865332987432, 0.1191202386373679], [0.10189375309688063, 0.11836959567834678, 0.1115985109788652, 0.10702155318906754, 0.10260529616724631, 0.09386398252155244, 0.12321862237976229, 0.12275711119839759, 0.11867157478988133], [0.10169794238448686, 0.1186381840455534, 0.11121631523722954, 0.10638900478779233, 0.10266717048747312, 0.09363906993805435, 0.12380383291643562, 0.12281484668790817, 0.11913363351506659], [0.10159603051913485, 0.11933206076280217, 0.11169892484830171, 0.10735289418267308, 0.102120210716417, 0.09365217811262903, 0.12284806891053926, 0.1234775801112161, 0.11792205183628673], [0.1018332310079755, 0.11839205283772364, 0.11154186177337544, 0.107057614935147, 0.10257642148523273, 0.09392636352015724, 0.1229922446385372, 0.12309320976949563, 0.11858700003235574], [0.10171248190541368, 0.11857637721932028, 0.11124043068502693, 0.10650337632920122, 0.10268221322889726, 0.09375559543231685, 0.12354550006442115, 0.12291782214167929, 0.11906620299372331], [0.10162711322077786, 0.11908559860182812, 0.11150033337270776, 0.10719009002516047, 0.10228788111344099, 0.09377948910615129, 0.1228109496140967, 0.12354451187122069, 0.11817403307461613], [0.10156919457278876, 0.11932209114199306, 0.1115683345255516, 0.10723890858537463, 0.10219283616472537, 0.0937251839972618, 0.12273749397748512, 0.12361310505489785, 0.11803285197992183], [0.101608157745138, 0.11911931587193933, 0.1114565912772378, 0.10715308108307504, 0.10230335419208068, 0.09380241013809473, 0.12275197917933929, 0.12360838915460838, 0.11819672135848686], [0.1015822772240484, 0.11878896671233788, 0.110993546559668, 0.10621474228312724, 0.10273575675181468, 0.09375392258619768, 0.12351359789396553, 0.12313622959636122, 0.11928096039247937], [0.10145832545198102, 0.11972643044822534, 0.11167470805004087, 0.10725109517847248, 0.10208193790315175, 0.09368841164979767, 0.12250980667091241, 0.12375441539261715, 0.1178548692548014], [0.10170280786707135, 0.11859382186136774, 0.11129436532847456, 0.10687985564718898, 0.1026333867528693, 0.09405312708704065, 0.12264921035383194, 0.12352228761103712, 0.11867113749111825], [0.1097758994796649, 0.12366052936659337, 0.1133588653026769, 0.1075007128725464, 0.11051000267421546, 0.09949696674022701, 0.11190072349606928, 0.11203931970945973, 0.11175698035854681], [0.10978409394262144, 0.12374714118867593, 0.11329141334010565, 0.10743956391076943, 0.11059327493676797, 0.09957641181507446, 0.11182319662490853, 0.11201001648014167, 0.11173488776093511], [0.10933179748571192, 0.12299631803322783, 0.11356709669134166, 0.10765439589574788, 0.10988979889257305, 0.09888829182349629, 0.11268695361381126, 0.11265530635414507, 0.11233004120994504], [0.10901379163091685, 0.1227806740989992, 0.11375672814789602, 0.1078201244556915, 0.10934997072270569, 0.09834341641397673, 0.11325885979651915, 0.11302134767122761, 0.11265508706206724], [0.10963949573664318, 0.12421982212632988, 0.1127724982371803, 0.10694766471361734, 0.11107220272187833, 0.1000272647633253, 0.11147884217790566, 0.11203467178217068, 0.11180753774094933], [0.10991957591354738, 0.12500000000000003, 0.11233788851215995, 0.10659556058705993, 0.11182549507934274, 0.10077693623308119, 0.1106927979785422, 0.1115128918126506, 0.11133885388361615], [0.10918193904069025, 0.12340482561748754, 0.11304303196695294, 0.10714797918707182, 0.11035630034129552, 0.09932705151520951, 0.11235576036272873, 0.11272919166613596, 0.11245392030242773], [0.10912771611150542, 0.12343009206434864, 0.11295394301390642, 0.10706140193452882, 0.11041251679722025, 0.0993813871197811, 0.11233833257615101, 0.11278120747170112, 0.1125134029108574], [0.10850024706758257, 0.12240342111682224, 0.11334948317192872, 0.10743270684971634, 0.10933214514917682, 0.09834168634372667, 0.11361935566864168, 0.11368652863732935, 0.11333442599507564], [0.10905319225434253, 0.12351882765003151, 0.11276429519278372, 0.10688167774776923, 0.11057215131126055, 0.09953816996395727, 0.11224592932560551, 0.11283765342215307, 0.11258810313209662], [0.10840953612735789, 0.12261358573932149, 0.11314068525651651, 0.10722286405434032, 0.10947237745799475, 0.09846609243152601, 0.1135108452728475, 0.1137486183110379, 0.1134153953490576], [0.10856167807454065, 0.12279489