[[0.11412194871289558, 0.12243329704493693, 0.11800239723327248, 0.10524036639652574, 0.10299584950376851, 0.12469979478212982, 0.0988922864620142, 0.119773881778381, 0.09384017808607557], [0.1147548797929306, 0.12280868984132959, 0.11866334342555092, 0.10512000389644376, 0.10254568865567788, 0.12486917626946402, 0.09844693138363834, 0.11986566478100581, 0.09292562195395909], [0.11414509096533307, 0.12224486892198391, 0.11786546428863257, 0.10519646870485702, 0.1029395349777651, 0.12483285023152288, 0.09896560933714889, 0.1199385952879324, 0.09387151728482415], [0.1142664181720232, 0.12237986896770066, 0.11800618922034378, 0.1051702936731975, 0.10285021507836141, 0.1248000942562853, 0.09886710691084796, 0.11997753272383177, 0.09368228099740836], [0.11482374257371052, 0.12269518981762446, 0.11862144210151052, 0.10508136511857337, 0.10247287937546305, 0.125, 0.09845607187228513, 0.1199791245853024, 0.09287018455553056], [0.11474137940908712, 0.12259266293962434, 0.11844015231831799, 0.10511887152917651, 0.10257178875670406, 0.12468275671849226, 0.09863242003391634, 0.12009830769398364, 0.09312166060069771], [0.11422242184081159, 0.12221667692380221, 0.11786487066829657, 0.10513697681385713, 0.10283236381655259, 0.12499999999999997, 0.09892445315710699, 0.12005631632968598, 0.09374592044988678], [0.11434201304968575, 0.12213420490263843, 0.11784556058865817, 0.10513004088808697, 0.10278158010422346, 0.12480710150732865, 0.0989903070935191, 0.12023731420136964, 0.09373187766448983], [0.11402231568003204, 0.12161283782250701, 0.11736577754517, 0.10516706965395799, 0.10297708253498648, 0.125, 0.09930827198474261, 0.1202837477127618, 0.09426289706584204], [0.11463825634166093, 0.12213726120897293, 0.11798518093175005, 0.10502605289834778, 0.1025245728798282, 0.125, 0.09885687329639886, 0.12047895118606783, 0.09335285125697346], [0.1151600772774885, 0.12264091356372911, 0.11842573112369441, 0.10502351445568553, 0.10229111684158097, 0.1244375746990696, 0.09866568486076831, 0.12051462275813729, 0.09284076441984626], [0.11410897357369884, 0.12155848666984033, 0.11734658455129551, 0.10515905300400785, 0.10293621029414382, 0.12484689027522433, 0.0993600310011799, 0.12043059911983485, 0.09425317151077456], [0.11504543120749394, 0.12234661770857323, 0.11824594224310264, 0.10505088678907501, 0.10238726201248685, 0.1243908547201529, 0.09882263923976743, 0.12062662466677349, 0.09308374141257472], [0.11490477708266171, 0.12200167430665168, 0.11800235210037006, 0.10503308115441477, 0.1024355136757909, 0.12460896671658281, 0.0989593739443508, 0.12076067051955483, 0.09329359049962246], [0.11546103646775409, 0.12306156907734948, 0.11844574951582423, 0.1048050191768007, 0.10188080906786429, 0.125, 0.09841987563710727, 0.12064433220738363, 0.09228160884991629], [0.11461270720743383, 0.12181846871045429, 0.11771324203175357, 0.10508058038366165, 0.1026268431193345, 0.1245584390344532, 0.09916286192705324, 0.1207260155694099, 0.09370084201644582], [0.1153913996687001, 0.1228590314239258, 0.11834051599339339, 0.10485039745150375, 0.10197924921011561, 0.12477099541393563, 0.09856055373826544, 0.12075648586241859, 0.0924913712377417], [0.11524161456790807, 0.12250557250090816, 0.11818475331086163, 0.10495474998171722, 0.10219071491475291, 0.12436431559427484, 0.09880496686881382, 0.12086564966540236, 0.09288766259536098], [0.11409307296080123, 0.12121415531485469, 0.11708670562977179, 0.1051152494564207, 0.10289653802302405, 0.12499999999999997, 0.09952846814962243, 0.12067235313346913, 0.0943934573320358], [0.11514722916595846, 0.12229800186393998, 0.11805109976333106, 0.10494291916473245, 0.10222121669552119, 0.12451975035960008, 0.09887487143011817, 0.12093843363486755, 0.09300647792193109], [0.11475039608450187, 0.12168453945821575, 0.11767220577014047, 0.10505213595199307, 0.10254137407771437, 0.12448810329320827, 0.09921791473741277, 0.1209425956951716, 0.09365073493164201], [0.11510228334194061, 0.12218813323805182, 0.11796918959233804, 0.10492556004677601, 0.10222112407239049, 0.12464437608737937, 0.09890705510197915, 0.12098786201166713, 0.09305441650747737], [0.114071285198597, 0.12111088593865275, 0.11701080830051618, 0.10514758055159344, 0.10295062621800996, 0.12485036210091771, 0.09963071189393356, 0.12070290354641161, 0.09452483625136777], [0.11496496463052737, 0.12190106793023536, 0.11778981600252501, 0.10492104638656827, 0.1022791960623196, 0.12483676666000552, 0.09901090090820887, 0.12106033676278537, 0.09323590465682463], [0.1148089261640847, 0.12159733528223, 0.11763149267555387, 0.10503128331138704, 0.1024947327268716, 0.12449923619136034, 0.09924873146149378, 0.1210575040216084, 0.09363075816541029], [0.11446452090731737, 0.12133032910373828, 0.11727653180374101, 0.10503868663572231, 0.1026505498371927, 0.12477670357888894, 0.09943066338617533, 0.12101218064863875, 0.09401983409858511], [0.11425014670476386, 0.12113731169316788, 0.11707070754231505, 0.10510287658346841, 0.10282360908151524, 0.12472806261288648, 0.09960518298299373, 0.120922705922125, 0.09435939687676453], [0.11538861095816863, 0.12249525801813699, 0.1180025924916752, 0.10482415306048105, 0.10197572212366982, 0.12457536119573158, 0.09882122954565449, 0.12118387281926388, 0.09273319978721833], [0.11502432566166175, 0.12190240315099789, 0.11770889109040537, 0.10484787359683853, 0.10216497724290534, 0.125, 0.09899965813939463, 0.12121008853769058, 0.09314178258010589], [0.11441940019390334, 0.12121282751353667, 0.11717253761513016, 0.10503430235140704, 0.10266619438577264, 0.12482187728201476, 0.09949825271799378, 0.12106649175000649, 0.09410811619023511], [0.11467944258127835, 0.12137610165723808, 0.11739532030551986, 0.10502813712123198, 0.10255181097853391, 0.12456815869402577, 0.09940298269769013, 0.12114357572880319, 0.09385447023567872], [0.11487468151505628, 0.12155576815949752, 0.11755054108370744, 0.1049788961041643, 0.102405659092163, 0.1245585103132236, 0.0992730328710712, 0.12122363358915247, 0.09357927727196422], [0.11499365801287445, 0.12177073481611182, 0.11762138921540145, 0.1048780181310016, 0.10222254563653119, 0.12483702410892136, 0.09911021316236414, 0.12128076878799121, 0.09328564812880279], [0.11409318502069407, 0.12083182091592956, 0.11680756689805256, 0.10509667836832937, 0.10288258589197172, 0.12500000000000003, 0.09975982062669092, 0.12093238981160034, 0.0945959524667316], [0.11449715182922854, 0.12113375101548662, 0.11713635644998081, 0.10497340553388075, 0.10255842273751109, 0.125, 0.09948163913861012, 0.12121605930051348, 0.09400321399478857], [0.11414559057458848, 0.12081327460532212, 0.11680623905771326, 0.10509206533471227, 0.10285732427824387, 0.1249080594260616, 0.0997814095936375, 0.12101596804558938, 0.09458006908413155], [0.11520216600800764, 0.12194276741045426, 0.11761536226402239, 0.10481160073018342, 0.10205703463109156, 0.12468744709318892, 0.09909168324567746, 0.121494191166033, 0.09309774745134138], [0.11497112563730029, 0.12155384460861131, 0.11745073292789182, 0.10491425374459591, 0.10228974694800794, 0.12455789950582039, 0.09930724262727772, 0.12144534693017092, 0.09350980707032391], [0.1146107494825711, 0.12111294404476874, 0.11716308129850281, 0.10497450797261787, 0.10251708488118491, 0.12482006740832587, 0.09950864905376404, 0.12133361363503506, 0.09395930222322958], [0.1156649419761606, 0.12263939414770164, 0.11788223507424504, 0.10463502193320559, 0.10162704786045955, 0.12500000000000003, 0.09872163037902068, 0.12146285174007879, 0.0923668768891283], [0.11509389680008479, 0.12171750235261175, 0.11749095401709732, 0.10484339721233371, 0.10214744126433553, 0.12465854471112682, 0.0992131860286447, 0.12153577048205709, 0.09329930713170825], [0.11544416824102541, 0.122245057704519, 0.11767686228237051, 0.1046691437018045, 0.10177171125221608, 0.125, 0.09890080107777839, 0.1216028117525069, 0.09268944398777924], [0.11526820482049922, 0.12193121147967734, 0.11755962852838904, 0.10479575270175714, 0.1020149558416999, 0.12456907581305178, 0.09914001279246314, 0.1216221558237199, 0.09309900219874256], [0.11450708169106712, 0.12086459336005728, 0.1169408976573728, 0.10501212407632027, 0.10261414095977421, 0.1246623305401923, 0.09971893246240636, 0.12143655515517936, 0.09424334409763029], [0.11515835739937255, 0.12152018174167382, 0.11726971457192337, 0.10482962940647772, 0.10211742623339666, 0.1243799887554524, 0.099415567362817, 0.12185669446471734, 0.09345244006416933], [0.11421115164307324, 0.12043758355278547, 0.11655103982289111, 0.10509235729251158, 0.10284032876341535, 0.12469238942026792, 0.10005194196153337, 0.12133722608040219, 0.09478598146311974], [0.11594519509023023, 0.12247582789146846, 0.11760535917624958, 0.10454234839921786, 0.1014179043592144, 0.12485171528020099, 0.09889323628525847, 0.12193691159867528, 0.09233150191948473], [0.11601863562942143, 0.12253666486393579, 0.11763471021523765, 0.10455169620612612, 0.10140043401663995, 0.12474647291766336, 0.09889422084594993, 0.12191981669264602, 0.09229734861237986], [0.1143285894655355, 0.12049115878328585, 0.11660915173090736, 0.10498919918462495, 0.10265929849207397, 0.125, 0.09991146138598543, 0.12149896920139719, 0.09451217175618976], [0.11573847129686345, 0.12223502304681345, 0.11750574302276572, 0.10459326869716432, 0.10157138121812197, 0.12473151351681883, 0.09901761696326739, 0.12200860951945987, 0.092598372718725], [0.11539835090033322, 0.1217706136235277, 0.11732239303560646, 0.1047282719510064, 0.10189034854971486, 0.12442916029715638, 0.0992957369742609, 0.12202475468538064, 0.0931403699830134], [0.11587934503027006, 0.12235169055294305, 0.11751746233006417, 0.10451501344886789, 0.10141233368357112, 0.12500000000000003, 0.09891920166663644, 0.12202715294420026, 0.09237780034344717], [0.11481412356455124, 0.12089791619026917, 0.11694069233890877, 0.10494047440204973, 0.10240602586522778, 0.12436651774929962, 0.09974808175567963, 0.12184916105034128, 0.09403700708367259], [0.11444019242530293, 0.12050817864863093, 0.11665401493459718, 0.10498598134342406, 0.10261278752472304, 0.12480753905197149, 0.09991702554745323, 0.1216281742032187, 0.09444610632067829], [0.11536011238768938, 0.12157032318039533, 0.11716719103576281, 0.10472590668510323, 0.10190927723710488, 0.12438147454026337, 0.09942225855099475, 0.12217988488286666, 0.09328357149981975], [0.11545563189335507, 0.12165718405106406, 0.11719483245963319, 0.10471514163092481, 0.10185807947629628, 0.12426381873070756, 0.09940938120861281, 0.12223464846300959, 0.09321128208639663], [0.11574350654077771, 0.12195518086358906, 0.11727676831192498, 0.10458991447968952, 0.10157897851274528, 0.12451428690169843, 0.09922303715617833, 0.12232334069619981, 0.09279498653719671], [0.11524023968704343, 0.12135711187110546, 0.11702754374370355, 0.10470492679043397, 0.10193199745415776, 0.12464664945796178, 0.09948181102102922, 0.12221437757155644, 0.09339534240300856], [0.11589168799828566, 0.12210174617291265, 0.11732082416980052, 0.10452666442070842, 0.10143605405862341, 0.1247071278614593, 0.09911975805385251, 0.12232137775407169, 0.09257475951028583], [0.11512414081619754, 0.12118809092648976, 0.11693494046587853, 0.10470889298370359, 0.10198395733112611, 0.12483371250105073, 0.09953423863719271, 0.12217874860222407, 0.09351327773613677], [0.11460008463157012, 0.12042463905259151, 0.11659596701141377, 0.10490791563918701, 0.10245174800219178, 0.1248387537616118, 0.09993174733517178, 0.1219350841284168, 0.0943140604378454], [0.11578628241282989, 0.12193460920133775, 0.11723863028850687, 0.10457213856840011, 0.10154125173892017, 0.12451090039899704, 0.09924114533450486, 0.1223967964474221, 0.09277824560908124], [0.11502614582037621, 0.1210290483833149, 0.11685444154810125, 0.10473959245478365, 0.10206389788023688, 0.12481014802085846, 0.09961877840035713, 0.12218947904666377, 0.09366846844530788], [0.11499017370580566, 0.12094857501940748, 0.11680974656975929, 0.10476129032849266, 0.10210747112358463, 0.12473509315157097, 0.09967841157268428, 0.12220993680554425, 0.09375930172315099], [0.1149172517583519, 0.12082623074710598, 0.11676268316472757, 0.10482092250026114, 0.10221497591870585, 0.12455527851448593, 0.09978084964669305, 0.12218617844391773, 0.0939356293057509], [0.11471472361109664, 0.12052749348014333, 0.11660362805224053, 0.10484903640383422, 0.10233124158236184, 0.12481509440480758, 0.09988891647301605, 0.12209909253906401, 0.0941707734534358], [0.115406127106438, 0.12140243403100873, 0.116975789804246, 0.10466042597343485, 0.10181324324396582, 0.12447231312088218, 0.09951485532402748, 0.12244783175239414, 0.09330697964360278], [0.1151086849221401, 0.12106373103432665, 0.11681109777453426, 0.10466168062794703, 0.10193129649128546, 0.125, 0.09957414040033108, 0.12231867900905825, 0.09353068974037715], [0.11463519538729257, 0.12038508197981937, 0.11650871628322301, 0.10484261466037645, 0.10235416175611049, 0.125, 0.09993522751404485, 0.12208335181269742, 0.09425565060643587], [0.11558310169642227, 0.12154390577484311, 0.117021973444337, 0.1046494960169874, 0.10173090602585318, 0.12421816010697134, 0.0995058295338855, 0.12255346794406959, 0.09319315945663062], [0.11520070086118693, 0.12112454478596175, 0.11682035191912857, 0.10465417261628188, 0.1018868842467623, 0.12485036211839383, 0.09958513525995424, 0.12239294898522059, 0.0934848992071099], [0.11508315532854654, 0.12091645050073886, 0.11670451835177621, 0.10468732097499021, 0.10197799497503607, 0.12480930139119821, 0.0997011096522887, 0.12243825123876188, 0.0936818975866633], [0.11497503385355366, 0.12072270071646356, 0.11661864205621135, 0.10477060699546002, 0.10213060951407457, 0.12454245278281567, 0.09986306099871459, 0.12242788641040145, 0.09394900667230495], [0.11528986007486897, 0.12099787983283801, 0.11666583648077876, 0.1046329798324392, 0.10183020922853654, 0.12462248396212258, 0.09972515224696485, 0.12268145677236633, 0.09355414156908477], [0.11475917301172653, 0.12029087353112161, 0.11634211644969623, 0.1048023774057271, 0.1022574789982145, 0.12473319519201084, 0.10008415372914153, 0.12243176953332947, 0.0942988621490322], [0.11486524219748942, 0.1203550257982808, 0.1163014482159714, 0.10468750175480111, 0.10206688094754833, 0.125, 0.09999801522570624, 0.12264290961739904, 0.09408297624280365], [0.11605661464227732, 0.12154519768131584, 0.11672926053788206, 0.10433183355622622, 0.10114202315947027, 0.125, 0.09940232730471495, 0.1231587404057634, 0.09263400271234995], [0.11495818118523456, 0.12043021102856365, 0.11632366515469998, 0.10467534899418754, 0.10201599797000016, 0.12483664424239556, 0.09999389813890225, 0.12274734546053499, 0.09401870782548136], [0.11602434094360216, 0.12157752789588326, 0.11657159663666479, 0.10431041837525769, 0.10113070141318709, 0.12477085290559563, 0.09951090033661947, 0.12336459168704302, 0.09273906980614688], [0.1148775315218496, 0.12020248029194383, 0.11616961866291593, 0.104709470114767, 0.10209224122764189, 0.12476517599912156, 0.10015825692260046, 0.1227866045280976, 0.09423862073106214], [0.11566799134109293, 0.12113546361937182, 0.11644257026864806, 0.10436668588521268, 0.10134168610248531, 0.125, 0.09964072880698618, 0.12331284781832635, 0.09309202615787666], [0.11534833592559222, 0.12069917023839358, 0.11632991704118498, 0.10448247441037822, 0.10161593119183732, 0.125, 0.09983325992518603, 0.12316726641800053, 0.09352364484942717], [0.11565016889276963, 0.12112509216150523, 0.11639192801950762, 0.10436956445214401, 0.10135312040042804, 0.12491424230376494, 0.09968804566391967, 0.12336042983818361, 0.09314740826777723], [0.11493095722971446, 0.12015911257426154, 0.1161047134560966, 0.1046980543122721, 0.10205744522706044, 0.12463944730626891, 0.10022277089702096, 0.12292766605592464, 0.09425983294138018], [0.11524105441492831, 0.12060986752396607, 0.11605785143768582, 0.10442978358682223, 0.1015886174046093, 0.125, 0.09997826950728282, 0.12341423348131103, 0.09368032264339442], [0.11533846610221106, 0.12075257979058893, 0.1160624969020367, 0.10440824343476636, 0.10152386250041588, 0.12482690392467405, 0.09997115055913183, 0.12351151763133696, 0.09360477915483807], [0.11504493496798693, 0.12032083454253345, 0.11593586059664031, 0.10450706195746313, 0.10176347143727314, 0.12500000000000003, 0.10014394559733082, 0.12329071135898749, 0.09399317954178486], [0.12394061233201431, 0.10362814883494352, 0.10591691821490458, 0.11741452026238325, 0.11320896737129989, 0.0965524864415705, 0.12488964294570598, 0.09779741895492751, 0.11665128464225048], [0.12323672600691281, 0.10446656787442431, 0.10661877400915819, 0.11702710747094325, 0.11268934705616779, 0.09721721611657248, 0.12448294689162892, 0.09847464062237682, 0.11578667395181552], [0.12372111485213245, 0.10404412073573475, 0.10625147815242883, 0.11721555329671923, 0.11291668019313766, 0.09686255918074319, 0.12468072651620887, 0.09811953734048169, 0.11618822973241331], [0.1238758061429762, 0.1036655735027825, 0.10590446074341643, 0.11736845868323906, 0.1131742198982049, 0.09659319739649481, 0.12495288734694661, 0.09784558954918723, 0.11661980673675229], [0.12383382891226397, 0.10370357153305232, 0.10590553945834681, 0.1173286586671422, 0.11313672002864587, 0.09662743312608936, 0.125, 0.09788574559423678, 0.11657850268022268], [0.1237175826176319, 0.10371020017680617, 0.10587398307611279, 0.11736315268810892, 0.11324229578624449, 0.09670883046014843, 0.12469665770882817, 0.09796452558109023, 0.1167227719050289], [0.12341410544443743, 0.1043014182738779, 0.10631947487782063, 0.11697339110687392, 0.11266779825684181, 0.09707410313862622, 0.12499999999999999, 0.09836139660136158, 0.11588831230016039], [0.12308509792392995, 0.10479816764343881, 0.10672846501676507, 0.11681440675422447, 0.11246760364679491, 0.09751722416321408, 0.12430300169569426, 0.09880969463016927, 0.11547633852576927], [0.12351549883175511, 0.10394755464061683, 0.10589746734925928, 0.11711617763603675, 0.11298906306908206, 0.09690496338934278, 0.125, 0.09819690415046523, 0.11643237093344196], [0.12342059942203122, 0.10419875921408955, 0.10603065653855832, 0.11694730491949884, 0.11277186365742803, 0.09708953479401426, 0.125, 0.0984021553267078, 0.11613912612767195], [0.12332641778918126, 0.10428449085676028, 0.10603313639267836, 0.11689502642157776, 0.11275077170353494, 0.09720051000182811, 0.12486484866474354, 0.09852236733196536, 0.11612243083773019], [0.12356176011201082, 0.10386239649561588, 0.10571362539914705, 0.11726894232514129, 0.11331986846806645, 0.09708826153072093, 0.12384174690072199, 0.09836637486764012, 0.11697702390093549], [0.12298262347720695, 0.10479372083509726, 0.10643764354155756, 0.11659825561299428, 0.11236032861909047, 0.09757927680088346, 0.12476892044615662, 0.09892576054763884, 0.11555347011937454], [0.12264888467638803, 0.10536854455012813, 0.10695990970543769, 0.11634956494185773, 0.11201622348562557, 0.09800014852081518, 0.12445352194632486, 0.09937539743724703, 0.11482780473617576], [0.12277548326192794, 0.10495961369640817, 0.10653415409275573, 0.11643064664324757, 0.11218253054138394, 0.09770626847510597, 0.125, 0.09907286141005493, 0.11533844187911574], [0.12312634618190475, 0.10433086545612236, 0.10596245240656127, 0.1168724730190845, 0.1128363454483614, 0.09735275624232391, 0.12457796296286909, 0.09868176640161325, 0.11625903188115927], [0.12335808684107993, 0.10406949130188407, 0.10575533383090757, 0.11710233472018984, 0.11317777668237783, 0.09729606972522091, 0.12383833856933835, 0.09859767929867623, 0.11680488903032528], [0.12309311073416787, 0.10440034273479136, 0.10598856509331835, 0.11682661034867448, 0.11278650642203496, 0.09741350220084723, 0.12454713406807356, 0.09874910381194785, 0.11619512458614432], [0.12272312854686943, 0.1050470826408446, 0.10652365987053725, 0.11637380295878309, 0.11216586472798576, 0.0978285149745244, 0.12478573412162108, 0.09920979445477697, 0.11534241770405744], [0.12251501869761978, 0.10526762828709285, 0.10673315085184301, 0.11624756682929778, 0.11201683659006689, 0.09800241694862574, 0.1247151963230279, 0.09939035570144936, 0.11511182977097648], [0.12325013692121155, 0.10414235153539336, 0.10570083201415621, 0.1169767895141942, 0.11308103417557813, 0.09739093892614038, 0.12401993508680226, 0.09871065196856706, 0.11672732985795684], [0.12287112604006686, 0.1044903203182426, 0.10592160155075943, 0.11678533962573301, 0.1128655066444865, 0.09764213670854012, 0.12407224374484874, 0.09898622264074096, 0.11636550272658176], [0.12266852961368477, 0.10501864167541339, 0.10637282842525438, 0.11630464564411744, 0.11215270200916201, 0.097844349881176, 0.125, 0.09924664165469908, 0.11539166109649293], [0.12272614625566866, 0.10495998152980202, 0.10631282781883773, 0.11637238783503163, 0.11225028567076017, 0.09782849828944712, 0.12480730178035192, 0.09922431593653193, 0.11551825488356886], [0.1227611933801999, 0.10464685542362322, 0.10600393497675305, 0.11666970808523625, 0.11273085572735118, 0.09774683015380332, 0.12417209119841738, 0.09910566025737223, 0.11616287079724345], [0.12227770410000292, 0.10553245045533524, 0.10684994748523267, 0.11607622652221856, 0.11186162480283239, 0.09826604644346447, 0.1245362932634409, 0.09968320827886362, 0.1149164986486092], [0.1231875198461153, 0.10416191933232781, 0.10563649208812301, 0.11690685050107145, 0.11304598858567759, 0.09745348221615381, 0.12409932884767619, 0.09878218000933398, 0.11672623857352087], [0.1227514655340501, 0.10483042982439672, 0.10615136320964975, 0.11649121320365685, 0.11246067779504129, 0.09781222048468746, 0.12450353229911228, 0.09919679481825376, 0.11580230283115177], [0.1221424012156631, 0.10571272380781846, 0.10697336016351475, 0.1159261628670219, 0.11165048396865063, 0.09832834646220966, 0.125, 0.09977593611668836, 0.11449058539843315], [0.12238554002618053, 0.10541370614631547, 0.10668064257793214, 0.11610019149472996, 0.11193267037075051, 0.09819769410518689, 0.12459558643503964, 0.09962007605937123, 0.1150738927844936], [0.12263856467295131, 0.10503618589589896, 0.10631928173710697, 0.11631775022762984, 0.11222656846750347, 0.09793036085830986, 0.12469447235591627, 0.09933630540984338, 0.11550051037483995], [0.12305514970071582, 0.10428146758262827, 0.10566981175544957, 0.1167998544594096, 0.11293530835561559, 0.09754410858408546, 0.12424495642200395, 0.09888872935466045, 0.11658061378543133], [0.12267774105323813, 0.10490133693960331, 0.10618044076793083, 0.11641453870218833, 0.11238102916592045, 0.09786880362025345, 0.12460055071636764, 0.0992645843021307, 0.11571097473236716], [0.12207576669085315, 0.10576475964873135, 0.10698016922745739, 0.11588887088234605, 0.11163293286432979, 0.0983992384207992, 0.12490843335027106, 0.09985289904265296, 0.11449692987255906], [0.12246277595793026, 0.10521606079383798, 0.10644549115600946, 0.11613559823186705, 0.11200557959186606, 0.09804011014201866, 0.125, 0.0994680388559415, 0.11522634527052898], [0.12296538190454981, 0.10435386729536737, 0.10567593625442002, 0.11672517708149892, 0.1128665005408697, 0.09761010971100803, 0.12433857455052282, 0.09896543916424529, 0.11649901349751804], [0.12287638861290759, 0.10442467988795852, 0.1056799442364659, 0.11665068429560728, 0.11279875308552899, 0.09767605801325796, 0.12443166072114296, 0.09904203659289708, 0.11641979455423372], [0.12246255730246249, 0.10509896165427905, 0.10625758584717096, 0.11620305537684839, 0.11216670869330463, 0.09803230104777928, 0.12485330006467917, 0.09945905017533475, 0.11546647983814132], [0.12228543260293277, 0.1054299691205498, 0.10655711796823676, 0.11599891242650662, 0.11188670703917643, 0.09825532079713623, 0.12480558488233545, 0.09970268350252717, 0.11507827166059859], [0.12186484336732936, 0.10603996636842589, 0.10710633941189564, 0.11567713181040952, 0.1114194912318231, 0.09862100860995177, 0.12500000000000003, 0.10011263543549265, 0.11415858376467215], [0.12272052578252955, 0.10457743563027468, 0.10574756103347926, 0.11653983142538306, 0.11267900980920512, 0.0977869335672066, 0.12453211183673973, 0.09916904746131086, 0.11624754345387117], [0.12237930206074242, 0.1051870205919538, 0.10630601514015586, 0.11610893148079669, 0.11205855936211775, 0.09809115169056414, 0.125, 0.09953092677135679, 0.11533809290231253], [0.12184130043649734, 0.10597836588929108, 0.10703279009959658, 0.11573724890876139, 0.11153745155178299, 0.09865632006589321, 0.12464541582387811, 0.10013521445449051, 0.11443589276980856], [0.12177154755415706, 0.10640366601984486, 0.1074142814604306, 0.11557958898056316, 0.11129610598271376, 0.09891073043837716, 0.12444589139629446, 0.10041930901257351, 0.1137588791550453], [0.12231555591474419, 0.10533247353823769, 0.10642673731900437, 0.11604501635804933, 0.11197988519406865, 0.09821473546885352, 0.12480241522100652, 0.09966145131389835, 0.11522172967213738], [0.12241545114358554, 0.10490504091924877, 0.1060094154864917, 0.11637132914661827, 0.11250316153787306, 0.09804872664466217, 0.12433848518450516, 0.09945242294170231, 0.11595596699531302], [0.12167933800227121, 0.10641293511498194, 0.10735125967055327, 0.11551329331856898, 0.11125631090517717, 0.09895026733965871, 0.12456896731410884, 0.10046730710021316, 0.11380032123446673], [0.12169855156916223, 0.10624544081307213, 0.10719288775727719, 0.11554960328725843, 0.11131676114585283, 0.09883400139687805, 0.12480084910539786, 0.10034379358992106, 0.11401811133517999], [0.12269608030696075, 0.10450680235492445, 0.10559854496964392, 0.11650615707501805, 0.11271842997051358, 0.0978372958709915, 0.12454308740718426, 0.09921732468159306, 0.11637627736317041], [0.12256936015707938, 0.10466860117695195, 0.10572826497382383, 0.1163944645795964, 0.11256049693179539, 0.09789818133064647, 0.12474679695610214, 0.09929724001429509, 0.11613659387970937], [0.12165117411537602, 0.1061367099153552, 0.1070632592657365, 0.11560888351749236, 0.11145150596194753, 0.09885308057352031, 0.12451035272424847, 0.10034559780092975, 0.11437943612539388], [0.12212628223117891, 0.10543743725971726, 0.10640685758376102, 0.11589666456044036, 0.11186718444944119, 0.0983430623366942, 0.12500000000000003, 0.09980627436367716, 0.1151162372150901], [0.12240670083694913, 0.10483786207086385, 0.10584710386439829, 0.1162809603784208, 0.11244221096609347, 0.09803361965243759, 0.12474186077836912, 0.09944506281247403, 0.11596461863999373], [0.12202926479929267, 0.10565071751259195, 0.1065861394356984, 0.11580490448937505, 0.11175398979778273, 0.09852540223307518, 0.12470539100309641, 0.09999633782222199, 0.11494785290686561], [0.12158323690101445, 0.10627887602743832, 0.10714748916299241, 0.1155057527694904, 0.11132581332614509, 0.09894238690994336, 0.12462639932003734, 0.10045107381147511, 0.11413897177146332], [0.12196765183000641, 0.10567506626954822, 0.10656054116714778, 0.11576091421240847, 0.11173072402655695, 0.09857012888924564, 0.12475556425364043, 0.10004508402187681, 0.1149343253295693], [0.1220361043997647, 0.10550258565848293, 0.10639988444347243, 0.11586352548474195, 0.11188122729172927, 0.09846365631486159, 0.12478493242396964, 0.0999273859809515, 0.11514069800202581], [0.12146398339095851, 0.10651670306499371, 0.10729680169700101, 0.11537463161308138, 0.11118073124479283, 0.09913080131038789, 0.12453149011258825, 0.10065800350204163, 0.11384685406415476], [0.12207750678563253, 0.10537643524216889, 0.10628794598379405, 0.11601009883515981, 0.11210573270647382, 0.09844436489528698, 0.12438300428643746, 0.09988795964166829, 0.11542695162337811], [0.12142241847929398, 0.1066369019812913, 0.10739021239177561, 0.11532789124275845, 0.11112313998878547, 0.09922116755906189, 0.12442367959850528, 0.10075555478397707, 0.11369903397455093], [0.12233107201251674, 0.10484066287737778, 0.10577120214022287, 0.11618899582647682, 0.11237575079064326, 0.0980729111212908, 0.125, 0.09949031511592679, 0.11592909011554496], [0.12169408060039728, 0.10610490267961328, 0.10690719210446632, 0.11553067931929849, 0.11146174767631323, 0.09893090560069807, 0.12439093407429604, 0.10042456802541326, 0.114554989919504], [0.12161783280467814, 0.10620437332454045, 0.10699503238719313, 0.1154740388947042, 0.111389847935454, 0.09900699882708193, 0.1243535639516637, 0.10050497171504855, 0.1144533401596359], [0.12164884402640903, 0.10616071188574805, 0.1069531756697376, 0.11549433834869177, 0.11141890577712968, 0.09897418245629255, 0.1243826652827894, 0.1004707027645831, 0.11449647378861878], [0.12193608224059652, 0.10550091504259827, 0.10632633565636386, 0.11588731228549955, 0.11199603693179347, 0.09857426798451781, 0.12444583521351124, 0.10002904007967757, 0.11530417456544172], [0.12181615856348171, 0.10580617603570437, 0.10658502581734108, 0.11565549922319004, 0.11166284766018213, 0.09873822480608767, 0.12465070481648269, 0.10022167337163872, 0.11486368970589139], [0.12183025900302868, 0.10574231772743016, 0.10651587263488742, 0.1156908822957227, 0.11172406232749615, 0.09870883517275864, 0.12465083763867439, 0.100187918103968, 0.11494901509603384], [0.12255781070756208, 0.10477704171332089, 0.10562456748342328, 0.11611891448163829, 0.11235456961539585, 0.09809083056269202, 0.125, 0.09950725313778727, 0.11596901229818031], [0.12200578064169113, 0.10610796737320846, 0.10672311713868501, 0.11530989090983274, 0.11128794283069754, 0.0989645899696045, 0.12468722294268295, 0.1004833181728894, 0.11443017002070807], [0.12174112897033038, 0.10673023286527843, 0.10725226989638678, 0.11507565259957843, 0.11094951648784096, 0.09940189002462034, 0.12419589907325522, 0.10095689748415393, 0.11369651259855551], [0.12206796855007608, 0.10585659384600309, 0.10649532345022053, 0.11548992020013325, 0.11154427230440922, 0.09882670317282118, 0.1246271374396686, 0.10032536807647478, 0.11476671296019324], [0.12207553174926461, 0.10606391608980789, 0.10665973061522287, 0.1153364991579303, 0.11134341757367033, 0.09896043535977343, 0.12457563960977558, 0.10047593651536625, 0.11450889332918877], [0.12265782285197145, 0.10497483688514568, 0.10571023647953838, 0.11593992660236378, 0.11219024428442934, 0.09828460335345053, 0.1247585455329262, 0.0997176149954442, 0.11576616901473064], [0.12201161679920562, 0.10648719371131476, 0.10699201706567922, 0.1150415475746848, 0.11095999839054174, 0.09923181540174691, 0.1245516480619165, 0.10078159683405372, 0.11394256616085673], [0.12205157453167466, 0.10653300851222315, 0.10700574442471586, 0.11499673371680787, 0.11091520949554859, 0.09927051262896605, 0.12452210066866592, 0.10082593742071826, 0.11387917860067964], [0.12222443877213308, 0.10626764007400577, 0.10673794546507254, 0.11501436709295054, 0.11097633854871922, 0.09906668293887926, 0.125, 0.10061662602952884, 0.11409596107871077], [0.12232472345305247, 0.10575765477201557, 0.10630234061379532, 0.11536868136884568, 0.11146755039255293, 0.09876289172807161, 0.125, 0.10027230650153754, 0.11474385117012889], [0.12232402555594608, 0.10585601572644389, 0.1063838435721048, 0.11532797441829552, 0.11141119342451257, 0.0988407989491564, 0.12484660617217495, 0.10035508440444559, 0.11465445777692014], [0.12224084541824848, 0.10663534554118648, 0.10699606879381383, 0.11483832113320036, 0.11076901435277024, 0.09936808717897663, 0.12448860304243811, 0.10094078691707963, 0.11372292762228627], [0.12272873598405509, 0.10551490528795057, 0.10605304028773431, 0.11546512540756391, 0.11167677042836908, 0.0986585137770211, 0.1246750971646204, 0.10014743725482908, 0.11508037440785644], [0.12244285752416162, 0.10600988248532965, 0.10643842249543287, 0.11511777045191286, 0.1111768066046062, 0.09894273364010375, 0.125, 0.10048021160053568, 0.11439131519791738], [0.12243044738056591, 0.10630846947861558, 0.10668191316140788, 0.11489150355040278, 0.11087531676725625, 0.09912157432237102, 0.12499999999999997, 0.10068423477474268, 0.11400654056463773], [0.12242704913500327, 0.10675906033768451, 0.10700143436832794, 0.11467484592884175, 0.1106175691574727, 0.09948579656450787, 0.12440843668664077, 0.10107662735239374, 0.11354918046912746], [0.12285334563012404, 0.10564198287251446, 0.10607966993947555, 0.11528309131590823, 0.11148661896568413, 0.09875944788496416, 0.1247633856613816, 0.1002678697452412, 0.11486458798470658], [0.12306120304608585, 0.1055739922237481, 0.10595713928442015, 0.11519842646618124, 0.11142512343702814, 0.0987143881199966, 0.12500000000000003, 0.10022873972877301, 0.1148409876937671], [0.12318370910248243, 0.10543326888011005, 0.10585082569586775, 0.11536704103121574, 0.11163522891532196, 0.09868489577908865, 0.12455275514628487, 0.10017502151687506, 0.1151172539327535], [0.12238097902674953, 0.10705647862696174, 0.10710922999749008, 0.11434363878374666, 0.11023586790719513, 0.09964512362089215, 0.125, 0.101284982721322, 0.1129436993156427], [0.12310359803216298, 0.10567519089528271, 0.10600982207405961, 0.11511607679072479, 0.11134564578954213, 0.09880666215837497, 0.12487532689592411, 0.10032912430537737, 0.1147385530585513], [0.12289719083504277, 0.1064365438925392, 0.10658232912172888, 0.11458030281347219, 0.11060904166624509, 0.09927395127026073, 0.125, 0.10086763844254773, 0.1137530019581634], [0.12324817498183814, 0.10562659791144613, 0.10592702039893633, 0.11507182352142563, 0.11131298764915844, 0.09877818265276031, 0.125, 0.10030342789974278, 0.11473178498469226], [0.12278538465169929, 0.10694122370819094, 0.10695173979078242, 0.1143275291946073, 0.11028663238484769, 0.09964394809620852, 0.12459765565102932, 0.10127367887513637, 0.11319220764749817], [0.12296058939656773, 0.10623906530461996, 0.1063962832180132, 0.1146974467762243, 0.11079098672411518, 0.09917253248502224, 0.125, 0.10075088117441815, 0.11399221492101924], [0.12302471968207628, 0.10604630396761261, 0.10625372977510292, 0.11488223937936565, 0.11105383330060513, 0.09909622027480992, 0.12465705857189549, 0.10064861942812758, 0.1143372756204046], [0.1233814919846538, 0.10568117220428913, 0.10592412878041298, 0.11499435306021288, 0.11124974085891037, 0.09884844637375315, 0.12487401281024413, 0.10037952734150758, 0.11466712658601595], [0.12344595590152561, 0.10566307460601333, 0.10589767023962472, 0.11500018504787841, 0.11126504632086597, 0.09885152519418267, 0.12480166913670045, 0.1003803876486433, 0.11469448590456555], [0.12331875768522044, 0.10593722343737134, 0.10609722161924985, 0.114846547698959, 0.11108270640683238, 0.09906015303696201, 0.12461886316417091, 0.10060904805662353, 0.11442947889461076], [0.12355743450197874, 0.10567658697026146, 0.10587735216735823, 0.11496706039226263, 0.1112466880451598, 0.09888965365541806, 0.12468201791086042, 0.10041942023188369, 0.11468378612481697], [0.12327842669889937, 0.10615980339741872, 0.10622793571308009, 0.11462431841774887, 0.11079020436195762, 0.09917714270591996, 0.12492751854025508, 0.10075673630635422, 0.11405791385836606], [0.12365279116166165, 0.10573953743958732, 0.10588886874491829, 0.11488542779229427, 0.11117317392026865, 0.09895506156343409, 0.12461210919411306, 0.1004919971300045, 0.11460103305371816], [0.1232656829575374, 0.10676572012518004, 0.10667921268426714, 0.1142076907720721, 0.11024694277783831, 0.09957901254126775, 0.12470001132694228, 0.10120930062545783, 0.1133464261894372], [0.12332919248779427, 0.1061938576486978, 0.10622973585723841, 0.1145607122861778, 0.11072140366317856, 0.09919845630292691, 0.125, 0.10078514086940064, 0.11398150088458556], [0.12319942926288795, 0.10692966967424149, 0.10677138398384081, 0.11405168240170896, 0.11004431356733742, 0.09965388483558367, 0.125, 0.1013083048399946, 0.11304133143440509], [0.12336425486557004, 0.10656828122350227, 0.10648652771522438, 0.11426223838151384, 0.11033747256765451, 0.09943464029113684, 0.125, 0.1010586911444138, 0.11348789381098427], [0.1233289375809942, 0.10691557244429263, 0.10672071728731664, 0.11399749855875076, 0.11000802025361878, 0.09966302843959336, 0.12499999999999997, 0.10131985230822674, 0.11304637312720671], [0.12351655011663508, 0.10614965329386031, 0.10612291985552862, 0.11451247644810927, 0.11073538682191408, 0.0992287642846775, 0.12487951063006385, 0.1008133131700816, 0.11404142537912973], [0.12347209775179001, 0.10654607214970202, 0.10642678567825539, 0.11427733986260073, 0.11040261324592825, 0.0994827227010177, 0.12472070553194528, 0.10110108756793694, 0.11357057551082371], [0.12348093669746561, 0.10687413632404832, 0.10666139297245336, 0.11400545169779852, 0.11005397576723905, 0.09967866933905517, 0.12477048702087404, 0.10132945885149076, 0.11314549132957517], [0.12363690703351482, 0.10627184711647505, 0.10616985034273901, 0.11436165586861323, 0.11056025450462832, 0.09930766460809064, 0.12494886987778572, 0.10091050604695367, 0.11383244460119951], [0.12363682609188326, 0.10619278418040767, 0.10610436184777922, 0.11440008423079447, 0.11062286871144532, 0.09926151656168464, 0.12499999999999997, 0.10085756209216289, 0.11392399628384235], [0.12368636419469599, 0.10627725199240244, 0.10615225805306601, 0.11432279068546296, 0.11052548122210808, 0.09931455045060679, 0.125, 0.100920902182127, 0.11380040121953072], [0.12361693320715227, 0.10701009597756125, 0.10669176672353699, 0.11384010642216431, 0.1098894032907388, 0.0998000140943074, 0.12472804798189928, 0.10146829629404641, 0.11295533600859327], [0.12378113854827781, 0.10614560069134003, 0.10604122664654951, 0.1144233034698601, 0.11070193658432387, 0.0992879044247641, 0.12470727027239187, 0.10087416821445493, 0.11403745114803782], [0.12378434361639828, 0.10660551330943352, 0.10635509517458196, 0.1141142303464659, 0.11028785409566273, 0.09959253307764811, 0.12455968503505693, 0.10122293865759273, 0.11347780668715984], [0.12444068477898228, 0.11160911570735679, 0.11335788241028256, 0.1154561805891966, 0.10951192503426302, 0.10299641651018919, 0.1135031449671357, 0.10413974803806707, 0.10498490196452666], [0.12451239259772418, 0.1116737159934411, 0.11338519834421089, 0.11540779372770803, 0.1094462899576126, 0.10305057730489804, 0.1134317232099873, 0.10419970273576036, 0.1048926061286575], [0.12450730999407338, 0.11112202093509956, 0.11288351656357108, 0.1155010030225221, 0.10975533184238905, 0.10255796517313485, 0.11425804945441564, 0.10374691278824223, 0.10566789022655197], [0.12445762409019887, 0.11073062892415146, 0.11255874204368295, 0.11558190768111469, 0.10999621687229717, 0.1022160694832264, 0.1148175500609172, 0.10341862551657593, 0.10622263532783519], [0.12500000000000003, 0.11206205354211622, 0.11341784700845313, 0.11499859999575753, 0.10898321464895983, 0.10338009060456696, 0.11314895704328437, 0.10460688567509391, 0.10440235148176817], [0.12430886830841585, 0.11274310474089384, 0.11388355053366356, 0.11478795661036562, 0.10871304152081056, 0.1040577201771678, 0.11247391921970022, 0.10527249020773936, 0.10375934868124306], [0.12500000000000003, 0.1114983518863269, 0.11291140803426382, 0.11509795289127939, 0.10929086205640946, 0.10287705635299084, 0.11399634288751506, 0.1041472345021077, 0.10518079138910695], [0.1249168849802151, 0.11156272593015179, 0.11290553806335517, 0.1150357097502518, 0.10923780558512981, 0.10294680034385587, 0.11400501599143979, 0.10423377923941496, 0.10515574011618575], [0.12500000000000003, 0.11071876701909018, 0.11220068686868132, 0.11516490710154949, 0.1096953704038682, 0.10220166046869321, 0.1152046374032353, 0.1035235683448332, 0.10629040239004921], [0.125, 0.11169926506331404, 0.1129022189642185, 0.11488880196187012, 0.10908360275327068, 0.10307320658176336, 0.11394298557770852, 0.10439321660628895, 0.10501670249156585], [0.12481639004009681, 0.11088517426012749, 0.11223016454456239, 0.11504235612901025, 0.10957085966545822, 0.10237675853515116, 0.11516495326771405, 0.10372895413889144, 0.10618438941898835], [0.12456543362869804, 0.1111630180718303, 0.11243187361194855, 0.11499608568656221, 0.10944665776743578, 0.1026425489812821, 0.1148640114827093, 0.10399360606475597, 0.10589676470477778], [0.12447509815245202, 0.11139950493393447, 0.1125788535456451, 0.11491776500240072, 0.10930485656514383, 0.1028626894838794, 0.11460976245032543, 0.10422054347440388, 0.10563092639181516], [0.12486419550373327, 0.11325261533351204, 0.11372895624851986, 0.11412769036228501, 0.10808208