[[0.11873013908019359, 0.10693390506511516, 0.1230432093051936, 0.11577441888115224, 0.10409723598372111, 0.12472972823815834, 0.10716824160034524, 0.10312352331929435, 0.0963995985268262], [0.11928688925863368, 0.10676990572512594, 0.12359246916496691, 0.11641223752924078, 0.10363819461322392, 0.12488204971322504, 0.10713295864779472, 0.10278946263220011, 0.09549583271558894], [0.11860439343194248, 0.10691727534750496, 0.12288551057189556, 0.1157725375753655, 0.10408660113219526, 0.12484970911212584, 0.10718410276595083, 0.10323168024376135, 0.09646818981925821], [0.11871329072998701, 0.10688851246787537, 0.12304705084003868, 0.11589804092102739, 0.10400080994035538, 0.1248202616188195, 0.10717780068634047, 0.10316317137156782, 0.09629106142398836], [0.1192535970156066, 0.10674680482007354, 0.12349793616844426, 0.11646437024269216, 0.10359576977204595, 0.125, 0.1071410013358936, 0.1028322630973656, 0.09546825754787829], [0.11909632919341787, 0.10680526565555493, 0.12337568556027009, 0.11636097347488021, 0.10371993148617051, 0.12471449033719922, 0.10719178001609654, 0.10300039514912263, 0.09573514912728816], [0.11859286510936667, 0.10687597943414893, 0.1228902327184427, 0.11584025106998588, 0.1040118599480975, 0.125, 0.10717547519021065, 0.1032356826202891, 0.0963776539094586], [0.11857803656205794, 0.10688132657235361, 0.12284432248589842, 0.11593303313449783, 0.10399359273395645, 0.12482685057543355, 0.10722210714220454, 0.10333272268674355, 0.09638800810685424], [0.11821502419762349, 0.107054437393769, 0.12230807987580697, 0.11564613617127976, 0.1043395088334802, 0.12427359872498653, 0.10735738999200942, 0.10372332559235804, 0.09708249921868657], [0.1187434054881649, 0.10689108657489678, 0.12293925748824477, 0.11625133377185279, 0.10389980828276109, 0.12433116435779862, 0.1073155420402342, 0.10340919665779365, 0.0962192053382532], [0.11911487984920004, 0.10680273769309666, 0.12306304169044084, 0.11673528745593278, 0.10360518972652391, 0.1244965310159804, 0.10732710544118622, 0.10322384921566517, 0.09563137791197401], [0.1181819988337007, 0.10703965523890448, 0.12227720977047471, 0.11570262326745755, 0.10430500499736595, 0.12427458518760175, 0.10737450914569387, 0.1037788921621634, 0.09706552139663761], [0.11895004503258598, 0.10682202048814787, 0.12298485685702294, 0.11659180312695082, 0.10368882215421855, 0.12445435741826098, 0.107332722593256, 0.10333491735535376, 0.09584045497420308], [0.11875128384345697, 0.10686881542401414, 0.12282367894388663, 0.11644838853578206, 0.1038113845986802, 0.12428241313240034, 0.10737128595463204, 0.10351357044416115, 0.09612917912298628], [0.1191814305079, 0.10674371084767266, 0.12328518495348012, 0.11706185424554981, 0.10342156316679109, 0.12430765236867489, 0.10737558583053212, 0.10326044059817648, 0.09536257748122283], [0.11848767929344278, 0.1069088932632628, 0.1226194958938998, 0.11614569499622981, 0.10397621174988259, 0.12438318367795008, 0.10735796041576218, 0.10363481636965827, 0.09648606433991169], [0.11907958262272975, 0.10676300399475987, 0.12310231659661727, 0.11696311663325744, 0.1034867362018886, 0.12436556681055881, 0.10738362917398933, 0.10334140145748517, 0.09551464650871375], [0.11893135738845725, 0.10683632271907956, 0.12278677776389339, 0.11678394563685672, 0.10365223659598156, 0.1242611418277154, 0.10742201885988022, 0.10349225964277545, 0.09583393956536045], [0.11798284704810351, 0.10710197810746024, 0.12198625841341153, 0.11568374464377126, 0.10440794539773886, 0.12394918560985604, 0.10747637626665611, 0.10405822660711447, 0.09735343790588782], [0.11882144037535688, 0.1068564091105398, 0.12272976139879788, 0.11668860293373302, 0.1037171538258856, 0.12418626768069736, 0.10743322784804876, 0.10357844994667088, 0.09598868688026999], [0.1184472880544104, 0.10686916403443496, 0.12251927203026836, 0.11623578039171198, 0.10389966672067642, 0.12453523601132716, 0.1073703998518193, 0.10369889882856531, 0.09642429407678627], [0.11875066876023004, 0.10684863484719531, 0.12267715617472427, 0.11663651191732723, 0.10372825005521485, 0.12427643478438714, 0.10742552452375534, 0.10361283661895845, 0.09604398231820757], [0.11791532390525085, 0.10713244694295906, 0.12188631375668747, 0.1156495967099774, 0.10446331331849956, 0.12382921460702054, 0.1075079172437877, 0.10414206922459177, 0.0974738042912258], [0.11858381502093066, 0.10682936099237902, 0.12256730034405308, 0.11647605235637441, 0.10376401532375987, 0.12453965141268891, 0.1073921446316776, 0.10366682792923122, 0.0961808319889054], [0.11841046324566608, 0.106847630093784, 0.12244853257890663, 0.1162703885040791, 0.10386338216872115, 0.1246407425653348, 0.10737539595052827, 0.10373867971645545, 0.0964047851765247], [0.11813674516644916, 0.10698228756313315, 0.12215920474074501, 0.11598292217057417, 0.10414885940232822, 0.12419381010990162, 0.10745423565565358, 0.10399240794067227, 0.09694952725054283], [0.11796543334943563, 0.10707857623506709, 0.12194479642967752, 0.11579052809538505, 0.10434632686875361, 0.12391281763070207, 0.10750712564708616, 0.10414458295822905, 0.09730981278566378], [0.11877957761705504, 0.10674465904675623, 0.12280029032968258, 0.11687269329513689, 0.10351506121276563, 0.1245411623616473, 0.10741267581409207, 0.10358926795400748, 0.09574461236885677], [0.11853102494259837, 0.10681529166461998, 0.12245391173098097, 0.1165297267220311, 0.1037330616115334, 0.12459776485006259, 0.10741465240239165, 0.10374268729308637, 0.0961818787826956], [0.11805574815862176, 0.10701010460153342, 0.12204937852643408, 0.1159400788294168, 0.10420432444366164, 0.12409391828029674, 0.10748414752527752, 0.10408397852247815, 0.09707832111227988], [0.11821634490865374, 0.10689642640475201, 0.12222714718653732, 0.11613735003547004, 0.10398251239130024, 0.12451534482325403, 0.10741947197420652, 0.10391832810966667, 0.09668707416615942], [0.1183455124513329, 0.10681861968635309, 0.12233237364297929, 0.11631212367744523, 0.1038168710925308, 0.12479411050244293, 0.10738436254754372, 0.10380505566269682, 0.09639097073667507], [0.11843831492955623, 0.10680307193353171, 0.12236981024219637, 0.11646331256972497, 0.10374368443019853, 0.12474314293796335, 0.10740377853651638, 0.10378598349607115, 0.09624890092424132], [0.11776885437843713, 0.10717045485495716, 0.12166243300688041, 0.11566367518448592, 0.10451929784270321, 0.12358223797207675, 0.1075909470465146, 0.1043715276012041, 0.09767057211274072], [0.11803342824947541, 0.10697782229420924, 0.12200050696134782, 0.11600322409536282, 0.10414380118780121, 0.1242083376780577, 0.10748862373226495, 0.10412163042121735, 0.09702262538026353], [0.11776619778792766, 0.10716126106708691, 0.12165415341550746, 0.1156993329140633, 0.10449651080135879, 0.12357705402593519, 0.10759928281472697, 0.10439570192778529, 0.09765050524560843], [0.11845736497304216, 0.1068042067836394, 0.12232189705717635, 0.11665566256933095, 0.10368522956753934, 0.12452971395440991, 0.10747271573478905, 0.10388944634140507, 0.0961837630186678], [0.11826457686092638, 0.10677959488696681, 0.12218023128523973, 0.11637376617175264, 0.10375171058983006, 0.125, 0.10739667659304075, 0.1038895785381905, 0.0963638650740531], [0.11804351291584028, 0.1069403237910653, 0.12199283210036295, 0.11607592701540287, 0.10407118525996559, 0.12434515158837507, 0.10748268775196122, 0.10412150838152055, 0.09692687119550615], [0.11868213719150839, 0.1065919214535061, 0.1229693449175433, 0.11708294513139199, 0.10325296790482266, 0.12499999999999997, 0.10737631260775271, 0.10360403566530883, 0.09544033512816587], [0.11833152364859154, 0.10679512176008063, 0.12217791328476954, 0.11652010498325364, 0.10372324212686065, 0.12476914419178763, 0.10744818363589767, 0.10393159164072362, 0.09630317472803505], [0.11853063665087243, 0.1067190789856588, 0.12261707822431112, 0.11688997513353792, 0.10349406417340706, 0.124568273072773, 0.10746291069496498, 0.10383553729028026, 0.09588244577419441], [0.11841040337916985, 0.10679520228475409, 0.1223203956262498, 0.11669580370204033, 0.1036640837243101, 0.12447654886735757, 0.10749269628765831, 0.10395409225141097, 0.09619077387704904], [0.11786212791613399, 0.10701977874776694, 0.12175327401714585, 0.11596568445678566, 0.1042217101901303, 0.12402485451415572, 0.10756023581452584, 0.10433999342464897, 0.09725234091870674], [0.1181390787022703, 0.10679387919511821, 0.12209039481071624, 0.11651882444415172, 0.1037341943604957, 0.12462649330024758, 0.10750098741579807, 0.10414380827158025, 0.09645233949962194], [0.11754155678751978, 0.10716382689590861, 0.1215655810939606, 0.11568931670723291, 0.1045155832890428, 0.12335684014898099, 0.10766590233135861, 0.1046565767034077, 0.09784481604258802], [0.11849338704439735, 0.1065517254272127, 0.12286824624021159, 0.11725610118313139, 0.10316036458503773, 0.1248687322610897, 0.10746108376083814, 0.10387586919282524, 0.09546449030525615], [0.11852653570521025, 0.10654972560773177, 0.12292731882759117, 0.11731891052410519, 0.1031363108951573, 0.12477546839298222, 0.10747407104080418, 0.10387478197092188, 0.09541687703549603], [0.11760986627572417, 0.10710719307691655, 0.1215722590813418, 0.11581053201793587, 0.10439948626543263, 0.12358223708095237, 0.1076475880734454, 0.1046126877571944, 0.09765815037105682], [0.11838011913205637, 0.10662344515360873, 0.12263890567934324, 0.11706930969587512, 0.10332044461707048, 0.12476255626383477, 0.10748421667897776, 0.10397494506661076, 0.09574605771262276], [0.11821758216769085, 0.1067788557352697, 0.12228521024426103, 0.11675872839670694, 0.10363486773959447, 0.12429820560290801, 0.10755551703747156, 0.10418338944148683, 0.09628764363461079], [0.11841556545447775, 0.10654777813248437, 0.12275708718828275, 0.11718886731663548, 0.10318079340121653, 0.125, 0.10745427312075251, 0.10391829479705277, 0.09553734058909785], [0.1178429155790977, 0.10689789743566527, 0.12192741559769471, 0.11617042665495954, 0.10399752298217166, 0.12426674188505095, 0.10754255476360088, 0.10437056692420857, 0.0969839581775509], [0.11763554649651113, 0.10706728184861741, 0.12160690733401025, 0.11588447852923066, 0.10432227541302243, 0.1237057207577946, 0.10763614863928196, 0.10459609460715018, 0.0975455463743814], [0.11807006814558121, 0.10675200007779909, 0.12239811209643209, 0.11667732213881615, 0.10363280721180597, 0.12428792045940873, 0.10754334998166709, 0.10426521366114135, 0.0963732062273485], [0.11809760641477161, 0.10674739005177462, 0.12246107085640803, 0.11676138905271151, 0.10359876260606758, 0.12417868185597362, 0.10756252899798477, 0.1042774913375495, 0.0963150788267587], [0.11818900347087002, 0.10663482371410313, 0.12257463831423707, 0.11701643351982445, 0.10336378459899316, 0.12457072495555119, 0.10753146107654904, 0.10418110671226734, 0.09593802363760463], [0.11795142466126411, 0.10675016400570976, 0.12240629026054724, 0.11655794844855942, 0.10367407657162608, 0.12430714288827978, 0.10753110745022365, 0.10432353018280767, 0.09649831553098233], [0.11825506704857777, 0.10658232165090592, 0.12262650816740997, 0.11715237417452222, 0.10324813614386577, 0.12474130054110943, 0.10751933723754876, 0.10412899885906342, 0.09574595617699669], [0.1178728126111843, 0.1067661936688304, 0.12235752308590406, 0.11645127021333758, 0.10373291715591697, 0.124303177963609, 0.10752760217699013, 0.10436522144204148, 0.09662328168218608], [0.11757771205798817, 0.10697626867863927, 0.12187421439962039, 0.11598108443246126, 0.10417398593171522, 0.1237780908223183, 0.10761420416820136, 0.10463114302823487, 0.09739329648082112], [0.11816192848071405, 0.10661396750917916, 0.12264025151286892, 0.11703876584441798, 0.10333069969605119, 0.12456764257603754, 0.1075304708755616, 0.10420304443779466, 0.0959132290673749], [0.11779911173649597, 0.1067912327111854, 0.12230046048627527, 0.11635390760854479, 0.1038004685159443, 0.12424596792789269, 0.10753385622992521, 0.10441653579783537, 0.09675845898590087], [0.11775611425904717, 0.10680373789849662, 0.12228418750085311, 0.11631119438779358, 0.10383260209145863, 0.12418996295220511, 0.10754100928565999, 0.10445249659994667, 0.09682869502453909], [0.11770452412595388, 0.10683594581354544, 0.12220942586590748, 0.11623156606025727, 0.10390292240951529, 0.12411071566412107, 0.10755351301812109, 0.10449682034617773, 0.09695456669640092], [0.11758319530152775, 0.10691621751371866, 0.12204124438684333, 0.11606670725594266, 0.1040670450304597, 0.12386338409565326, 0.10759478781406157, 0.10461681733736695, 0.09725060126442614], [0.11790265714091665, 0.10669766433103924, 0.12262350433637609, 0.11666861897798443, 0.10357159080464023, 0.12422448904904079, 0.1075400158905526, 0.10437744314688958, 0.09639401632256035], [0.11777726786484842, 0.1067596937152847, 0.12244772980300779, 0.11642737740219615, 0.10373638158834857, 0.12416982198826315, 0.10754084439681347, 0.10445006484218976, 0.09669081839904786], [0.11751345319159873, 0.10694728074427426, 0.12199115187627455, 0.11600330494799124, 0.10413134114648963, 0.12372551095518222, 0.10761756521799576, 0.10468831748179047, 0.09738207443840315], [0.11792991466395693, 0.10664705916501835, 0.12273895505801044, 0.11679989491299055, 0.10346116968280776, 0.12430713758292623, 0.10753500655085946, 0.1043551970257803, 0.09622566535764994], [0.11778092267570595, 0.1067388732465498, 0.12254536993339775, 0.11649333521229244, 0.1036876464451018, 0.1241196522587567, 0.1075465648224876, 0.10446156229781521, 0.09662607310789294], [0.11767513877081597, 0.10676459083188795, 0.1224893496471511, 0.116371510275148, 0.10376513654031967, 0.12404833698455693, 0.10755405904744328, 0.10453637152284254, 0.09679550637983474], [0.11757939713190997, 0.10679558637606752, 0.1223868987211985, 0.11624397211883127, 0.1038508255449284, 0.1240157855172416, 0.1075604151149412, 0.10459930963862257, 0.09696780983625901], [0.11761575841452056, 0.10664698918176362, 0.12276306431284842, 0.11648900029145022, 0.10357365528944376, 0.12430248171625269, 0.1075120523972151, 0.10452893130722726, 0.09656806708927818], [0.11733891667724254, 0.10684318327404871, 0.12223847484515112, 0.1160230101718189, 0.10399356968684158, 0.12388719353001, 0.10758765854650632, 0.10478007034055783, 0.09730792292782299], [0.1173098875218638, 0.10675196801712478, 0.12244286486886977, 0.11610230948730643, 0.10384800484379425, 0.12411088019024555, 0.10754791793952967, 0.1047584616726359, 0.09712770545862989], [0.11775704503369713, 0.10634361184783811, 0.12331696291457714, 0.11710402347400849, 0.10296939989381904, 0.125, 0.10744410728063386, 0.10438859896308635, 0.09567625059233989], [0.11731483327791839, 0.10670318411814159, 0.12255560090257774, 0.11615930562496311, 0.10376473032663489, 0.12423458222801106, 0.10752579428451044, 0.10473156526396386, 0.09701040397327892], [0.11762147519666825, 0.10633358162770776, 0.12349281308114353, 0.11704003132935671, 0.10298126151522705, 0.12479699421981243, 0.10745388309349707, 0.10449951655133591, 0.09578044338525127], [0.11717136604335839, 0.10672150570625005, 0.12250013809816096, 0.11605406565994576, 0.10382732036480617, 0.12414587383698183, 0.10754483711207104, 0.10484856790363492, 0.09718632527479089], [0.11744722440543187, 0.10635893393571524, 0.12337246035380818, 0.11671341222653552, 0.10312521711941681, 0.125, 0.10740028451299946, 0.10452136076964016, 0.09606110667645278], [0.11731323748107995, 0.10649167821092508, 0.1231012589713239, 0.11644593845059395, 0.10339125199723624, 0.12465850138184015, 0.1074493843035059, 0.10465171728621643, 0.09649703191727856], [0.11740186402063359, 0.10636265014745216, 0.12340275019477503, 0.11668656025319903, 0.1031401631187248, 0.1249238733104728, 0.10740762175499576, 0.10456313499893348, 0.09611138220081328], [0.11709984133486347, 0.10667767113801135, 0.12259740991972655, 0.11606218213244444, 0.10376841993634865, 0.1242283039817207, 0.10753174634711046, 0.1048837004078313, 0.09715072480194323], [0.11707043035037441, 0.10644134696008202, 0.12313669209512107, 0.1162968857039644, 0.10337900628286247, 0.12484747552441232, 0.10742341805416103, 0.10477804260620949, 0.09662670242281281], [0.1170716535164347, 0.10638271717131735, 0.12326557881878723, 0.11635437534893771, 0.10328258324874094, 0.125, 0.10739626954745947, 0.10475038410541491, 0.0964964382429077], [0.1169721603084652, 0.10655149202098389, 0.12289547823108544, 0.11613548718910167, 0.10357992672766975, 0.12448047699730021, 0.10748908222375811, 0.10492505992362997, 0.09697083637800571], [0.10374341908402399, 0.11592604046849235, 0.10163620849407251, 0.11488776613195098, 0.11153290878475684, 0.09323405594719267, 0.1244917588527684, 0.1189168025704082, 0.11563103966633417], [0.1042512681884714, 0.11592702972772764, 0.10226195404106306, 0.11538687974713202, 0.1110291650838771, 0.09348010904577139, 0.125, 0.11833108421118346, 0.11433250995477391], [0.10393596773969466, 0.11591257746426152, 0.10189514322697243, 0.11516220815275247, 0.11122322670917215, 0.09326802696662444, 0.125, 0.11867122010266898, 0.11493162963785337], [0.1037013288435027, 0.11585663723945208, 0.1016358720678899, 0.11493398638830189, 0.111481005030165, 0.09323728633674182, 0.12456986317163285, 0.11899530123954295, 0.11558871968277082], [0.10368649324441696, 0.11581260555388001, 0.1016529128189539, 0.11498099613872924, 0.11142621853250251, 0.09324995991454535, 0.124612232637443, 0.1190436689717949, 0.11553491218773412], [0.10354648057447989, 0.11571204876540007, 0.1015339560746356, 0.11491125148437964, 0.11153208272807497, 0.09319847639081098, 0.1246529974115981, 0.11922295272643976, 0.11568975384418088], [0.1040329862487409, 0.11574120146528671, 0.10216966858843907, 0.11549300515084053, 0.1109961493963991, 0.09351927661521871, 0.12464052767311945, 0.11882623133352503, 0.1145809535284304], [0.10433006810261032, 0.11568169521658557, 0.10256592700642495, 0.11576913276838686, 0.11079739178671984, 0.09376994535311964, 0.12461036606988495, 0.11852594450642709, 0.11394952918984078], [0.10348298708666043, 0.11546758580621375, 0.10165862412218361, 0.1152142100108575, 0.11115701092554565, 0.09327279700826523, 0.125, 0.1194396729783819, 0.11530711206189194], [0.10366953732255406, 0.1154317841805782, 0.10196099605676272, 0.11552501963892339, 0.11093900011154052, 0.09351321605777202, 0.1245318701603517, 0.11948224498591357, 0.1149463314856038], [0.10360598789295526, 0.11532178512152377, 0.10196703883099553, 0.11559826056376185, 0.1108559277857165, 0.0935427926706917, 0.12456571625513352, 0.1196339642384418, 0.11490852664078009], [0.10317974394451714, 0.11525113886739459, 0.10142380255583247, 0.1149312481237719, 0.1116715193566276, 0.09338795723309713, 0.12414876874185077, 0.12007753986621629, 0.11592828131069212], [0.10398155290032822, 0.11528402374862913, 0.10250188762530095, 0.11608194851876076, 0.11055965603762571, 0.0938960592966653, 0.12413831560918336, 0.11940668293820862, 0.11414987332529805], [0.10422310917645966, 0.11503026552552303, 0.10293722859380217, 0.11648271961984251, 0.11014105403225002, 0.09404614835510197, 0.12500000000000003, 0.11904807102814136, 0.11309140366887938], [0.10403487956908003, 0.11516240030291021, 0.10266990143359908, 0.11629244415050478, 0.11039060174916487, 0.09403127522206826, 0.12408069504446742, 0.11945018199905533, 0.11388762052914991], [0.10340541243407991, 0.11511096855452914, 0.10185860765177081, 0.11558512965356618, 0.11090710613759239, 0.09355742638124613, 0.12452072048760855, 0.11998908686753378, 0.11506554183207311], [0.10311291544545807, 0.11500702797586079, 0.10150018533328627, 0.11513603494968126, 0.11142634573056646, 0.09345297262469875, 0.12436678431857487, 0.12031747394555277, 0.11568025967632077], [0.10342292603227599, 0.11507649568455539, 0.10191595892639009, 0.11566553269384552, 0.110830801835792, 0.0936049568430486, 0.12448532019376608, 0.12001795742989002, 0.11498005036043642], [0.10395312866388225, 0.11502535786887273, 0.10268961694613209, 0.1164148255898984, 0.11030676935344765, 0.09410390322795388, 0.12390431432514014, 0.11971452700502705, 0.11388755701964595], [0.10403474995576825, 0.11495822340147581, 0.10282743142162822, 0.11655109194652391, 0.1101539714174828, 0.09413313642465147, 0.12429632455502819, 0.11951682139924777, 0.11352824947819372], [0.10297854809800827, 0.1148494648059997, 0.10147608744081452, 0.11520958894997067, 0.11129408757472706, 0.09345993946194574, 0.12461844763382549, 0.1205549501445119, 0.1155588858901968], [0.10321710232291294, 0.11479781570620769, 0.1018388128168262, 0.1156544112102062, 0.11092931617767894, 0.09369981946648243, 0.124184974775149, 0.12054765663894318, 0.11513009088559341], [0.10377445916146834, 0.1148366052096414, 0.10262409012905359, 0.11649742310298375, 0.11022709295022376, 0.09413762680061293, 0.1237870794995373, 0.12012765003075265, 0.11398797311572634], [0.10370578128783807, 0.11483961425055315, 0.10253082121702246, 0.11641031018308662, 0.11028709831454069, 0.0940908915508066, 0.12378524008783037, 0.12020929017637928, 0.11414095293194276], [0.10331683732506858, 0.1147842218577899, 0.10201125181959803, 0.11587123625045706, 0.11072911459635965, 0.09381382661587301, 0.12405338507911397, 0.1205243291712273, 0.11489579728451253], [0.10399228951203432, 0.11471023487583659, 0.10298010047267606, 0.1168476763057617, 0.10991608241971619, 0.09427970027055488, 0.12424954900941393, 0.11977967406851901, 0.11324469306548719], [0.10285901696171475, 0.11477822060198362, 0.10142822020283894, 0.11519947046641, 0.11128130038994383, 0.09347265877136429, 0.12470313352391543, 0.12074020773586211, 0.11553777134596704], [0.1034659164822293, 0.11476057829819135, 0.10226054152515959, 0.11619117057362552, 0.11036310136674911, 0.09393589682603261, 0.12411737558859584, 0.12043324659093783, 0.11447217274847873], [0.10410944858856844, 0.11453684293375305, 0.10324175549494008, 0.11711222509526416, 0.10971078095542021, 0.09442971136883031, 0.12438236665189513, 0.11973946516548858, 0.1127374037458399], [0.10385562283168402, 0.11466448722685905, 0.10286243624842846, 0.11681447514137554, 0.10992562237917414, 0.09426268571761863, 0.12408438289802913, 0.12004601370203465, 0.11348427385479624], [0.10361337531824649, 0.11471325393187906, 0.10251120343424994, 0.11647793218879336, 0.11018608220775292, 0.09409123899991183, 0.1239358518151492, 0.12037937603002039, 0.1140916860739967], [0.10285105962600165, 0.11461527759773947, 0.10149874116082226, 0.11535855968864742, 0.11108568554603647, 0.09350339781302092, 0.12489338115959761, 0.12084650170240668, 0.11534739570572752], [0.10345161977920263, 0.11468484767286682, 0.10230626461957101, 0.11629009015667767, 0.1102656938186557, 0.09396651908451391, 0.12417873246829035, 0.12050501211910106, 0.11435122028112092], [0.10407605371880516, 0.11448042299542015, 0.10325544009163515, 0.11717803189159962, 0.10966656023144944, 0.09446721180885435, 0.12429441416482565, 0.1198447698366873, 0.11273709526072309], [0.10368681682332767, 0.11460961699136411, 0.1026954608694279, 0.11672129711338955, 0.10998531210367764, 0.09419574536458446, 0.12402236265604864, 0.12034309089378374, 0.1137402971843963], [0.10282473215252558, 0.1145097659567254, 0.10153220032277815, 0.11544688766831854, 0.110975134250697, 0.09352911217066762, 0.125, 0.12094516943732636, 0.11523699804096132], [0.10283320709989784, 0.11442293722639986, 0.10160313762569387, 0.1155484882677737, 0.11089112610385188, 0.09360801866530566, 0.12489421004877353, 0.12105325881999654, 0.115145616142307], [0.10341234982534475, 0.11446985389156937, 0.10243745293386888, 0.11656567704757394, 0.11000422312110766, 0.09406548302528163, 0.12430401528365585, 0.1207121415227663, 0.11402880334883174], [0.10363167927805432, 0.11442236111387986, 0.10277622115399591, 0.11692548399958409, 0.10977033207060777, 0.09425172865833144, 0.12424273731332912, 0.12048465383430125, 0.11349480257791625], [0.10413366839825486, 0.11421944584074217, 0.10354142462943397, 0.1175481931670298, 0.10941783858017723, 0.09472719504168443, 0.12401079497048749, 0.12007130045953207, 0.11233013891265799], [0.10292545696564197, 0.11434527318807956, 0.10177869408749363, 0.11577604158554601, 0.11071258262427826, 0.09374516490348964, 0.12464036723594923, 0.12112676203188363, 0.11494965737763807], [0.10344212071175095, 0.11440707525066159, 0.10253456989737908, 0.11670238581719748, 0.10990608681622872, 0.09413853386209271, 0.12424645525914092, 0.12075098736058619, 0.11387178502496226], [0.1039663601469504, 0.11424503571052645, 0.10332962629944599, 0.11743581096224409, 0.10946220733286331, 0.0945917360330405, 0.12415810671552135, 0.12019079102434502, 0.112620325775063], [0.10436191538070222, 0.11405525451824029, 0.10392161126739738, 0.11780450240528087, 0.1092440536859033, 0.09500089619194126, 0.1237884601494871, 0.12003658699927229, 0.11178671940177515], [0.10352542557941861, 0.1143840903415753, 0.1026717228613178, 0.11684583876131581, 0.1098330181231797, 0.09424155603864084, 0.12407236910871043, 0.12072022583640836, 0.113705753349433], [0.10309587983608881, 0.11433032726905962, 0.10207815976391266, 0.11616530086501715, 0.11039392297678571, 0.09394877761379325, 0.12427789295327717, 0.12112906990948472, 0.11458066881258089], [0.1042198464435666, 0.1139531375525488, 0.10384466770071522, 0.11788711523709998, 0.10914876812797125, 0.09495563929345763, 0.12401251616212894, 0.12015922971494554, 0.11181907976756617], [0.10406417582884912, 0.1140049099359165, 0.10362833650081739, 0.11777168165614106, 0.10920783297047798, 0.09480116879933712, 0.12415455488328388, 0.12026919302451704, 0.11209814640066006], [0.10265119440393707, 0.11426033478811164, 0.10157027160924365, 0.11556511249592377, 0.11082431081191685, 0.0936758140483826, 0.125, 0.12139788817191921, 0.11505507367056524], [0.10287036026632876, 0.1141589438154149, 0.1018566053939885, 0.1159066366947992, 0.11058792872665113, 0.09387082968986611, 0.12452923891396898, 0.12139997176301556, 0.11481948473596693], [0.10382299134581247, 0.1140247849782326, 0.10333554325433554, 0.1176215980764923, 0.10925516942603695, 0.09461442244099312, 0.12437213129072709, 0.12046564669661966, 0.11248771249075037], [0.1033900805105377, 0.11415323972131218, 0.10268699459984579, 0.11700442917480343, 0.10963235083951149, 0.09428113684256581, 0.1242697650340748, 0.12102082335763908, 0.11356117991970957], [0.10294605580028825, 0.11412172920394004, 0.10202252477259754, 0.11613618462702917, 0.11040353941344694, 0.09399379726261448, 0.12429848570107681, 0.12146665135811692, 0.11461103186089], [0.10345749737448796, 0.11409107117532288, 0.10283095079592723, 0.11719279332178971, 0.10948481175774004, 0.09434948078382586, 0.12437422086087582, 0.12093255091283002, 0.11328662301720048], [0.10388689904784139, 0.11389927153061362, 0.10351279950560427, 0.11781825078686758, 0.10912048068142159, 0.09473989164191021, 0.1243167402601863, 0.1205084020877521, 0.11219726445780302], [0.10341000644375455, 0.11401160627072542, 0.10283895364440555, 0.11724316517660137, 0.10943612709790751, 0.09438845307129326, 0.12430900454121019, 0.12108494353038946, 0.11327774022371274], [0.1032604702545595, 0.11401272512720896, 0.10262813261905557, 0.11702807510707568, 0.10953916240325529, 0.0942590388604152, 0.12448344018551911, 0.12123859763158255, 0.11355035781132825], [0.10393546581690226, 0.11369871225908862, 0.10372312264387114, 0.11807332622602601, 0.10890739331597642, 0.09487519042308798, 0.12443537517052097, 0.12055835755565342, 0.11179305658887331], [0.10304256974721138, 0.11398187820858438, 0.10233299527396442, 0.11673483737639537, 0.10968424771438316, 0.09404348873031079, 0.12499999999999999, 0.12133950441371445, 0.11384047853543594], [0.10401546551290804, 0.11363568494056574, 0.10386669397478736, 0.11818336221348023, 0.10884248289130088, 0.09498442544854278, 0.12434541019213734, 0.12052337059532733, 0.11160310423095014], [0.10282946026603591, 0.11394666819297551, 0.10199099435822337, 0.1161443959243435, 0.1103445620151613, 0.09401572508002898, 0.12446887316670222, 0.12169697234830469, 0.11456234864822454], [0.10346605025489479, 0.11380117943543805, 0.10307378437416706, 0.1176157836536246, 0.10906751343588605, 0.09444033308761927, 0.125, 0.12089608274484145, 0.11263927301352873], [0.10354994853572924, 0.1137870180063312, 0.10319511846808326, 0.11771576906535233, 0.10904519459394522, 0.09453307257623673, 0.12480540292282719, 0.1208618528819878, 0.11250662294950692], [0.10350794606665872, 0.11378746163546431, 0.10314041914928497, 0.11767573937573611, 0.1090497682233466, 0.09449205919699508, 0.12489630452926374, 0.12088690155255186, 0.11256340027069861], [0.10303920536399169, 0.11385055211181497, 0.10244832848710346, 0.11690901153175352, 0.10954458312511041, 0.09417433982311374, 0.12481394283231322, 0.12153023315776812, 0.11368980356703087], [0.10334010517755728, 0.1138383160041792, 0.10289910381930169, 0.11739453759770462, 0.10929562994230539, 0.09448530612547765, 0.1242283530530377, 0.12134668423956982, 0.11317196404086668], [0.10326510575249945, 0.11382098456836827, 0.1028091660078241, 0.11730992264496388, 0.10932748017057131, 0.09443655589860522, 0.12429775250717967, 0.12144998422502765, 0.11328304822496042], [0.1025878164376887, 0.11379549126949673, 0.1018172174856754, 0.115995780488058, 0.11036393120322412, 0.09393129896190379, 0.12500000000000003, 0.121935432464523, 0.11457303168943035], [0.10335060793160436, 0.11353446332888606, 0.10317698777877474, 0.11785982596137456, 0.10889205672420788, 0.0946746003433622, 0.12447541754181805, 0.12142469359653633, 0.11261134679343568], [0.10359793057899605, 0.11323722596694093, 0.10369992996510662, 0.11845531646951206, 0.10846739914155902, 0.0948798027422191, 0.12499999999999999, 0.1211390212914572, 0.11152337384420889], [0.10320635542825571, 0.11359701662867201, 0.1029287489408158, 0.11753922415727505, 0.10912542465357432, 0.09458912946557055, 0.12417092020177307, 0.12175612137880254, 0.11308705914526117], [0.10330192604967534, 0.11351811787604964, 0.10313048505415383, 0.11781242651259195, 0.10893350790563366, 0.09468761361076582, 0.1242898194893019, 0.12159729872430977, 0.11272880477751801], [0.10262230475332978, 0.11357471026077597, 0.10201223284697532, 0.11626172563738452, 0.1101398321290158, 0.09413410700148162, 0.12472103323625264, 0.12220245045052988, 0.11433160368425448], [0.10350604959090505, 0.11331166245908297, 0.10356267595713502, 0.1183343604280146, 0.10860632258988018, 0.09491201870920021, 0.12442122756505222, 0.1213858822582836, 0.11195980044244615], [0.1034949132413115, 0.11325060580741302, 0.1035997273373489, 0.11840639356271267, 0.10854501135762903, 0.09494073697222656, 0.12445242046980817, 0.12143310197019108, 0.11187708928135896], [0.10335775427040662, 0.11328864578049071, 0.10340478734941949, 0.1182171140068797, 0.1086363488160786, 0.09488082728834998, 0.12429805189921882, 0.1216671980551559, 0.11224927253400016], [0.10306183588396832, 0.11342121280147766, 0.10287643477838933, 0.11753762355296257, 0.10904725465763515, 0.09463346024259625, 0.12417604169859822, 0.12211648992990229, 0.11312964645447034], [0.1030966109155426, 0.1133972980666737, 0.10295048580647262, 0.11764694375867878, 0.10897950486418764, 0.09466837811173151, 0.12417859921770301, 0.12208013797699607, 0.11300204128201406], [0.1034444439005417, 0.1130641678543601, 0.10370096219860177, 0.11861836687403005, 0.10837533954678545, 0.09505675798015717, 0.12437114393644345, 0.12166787790195932, 0.11170093980712098], [0.102840375639274, 0.11335273410044529, 0.1025867120382484, 0.1171468380172399, 0.10937445408823843, 0.0945224780346062, 0.12428146284852683, 0.12237211111213672, 0.11352283412128411], [0.10307395454386278, 0.1132088073320789, 0.10308764721673858, 0.11792329305583774, 0.10872695484771565, 0.09474686428951996, 0.12440687612232873, 0.12216091907455133, 0.11266468351736633], [0.10324319931788058, 0.11310957669686943, 0.10340779555105518, 0.11833509450749803, 0.10847498015479447, 0.09491009282066924, 0.12446861114073522, 0.1219061521790095, 0.11214449763148848], [0.10339480440129056, 0.11286367429249868, 0.10381423853042704, 0.11884896401207447, 0.1081897977821077, 0.09517896877968242, 0.12430858009809785, 0.12190640165241202, 0.11149457045140941], [0.10281232796065655, 0.11318139730555145, 0.10270605530897052, 0.11737542110262743, 0.10913045938288267, 0.09462252154755597, 0.12437155760817054, 0.12253355940134701, 0.11326670038223785], [0.10271246474811056, 0.11305604038713579, 0.10265924788751735, 0.11733785904939366, 0.10911812550972251, 0.09463237962167895, 0.12446041416647814, 0.12276011872366187, 0.11326334990630117], [0.10250997531593428, 0.11301276716106581, 0.10236107427580113, 0.116961599281684, 0.1093306765644069, 0.0944193149035146, 0.125, 0.12288929507881408, 0.1135152974187792], [0.10335546587214496, 0.1124240315000556, 0.1041009675779059, 0.1193680264215687, 0.10770890333906033, 0.09530549337126389, 0.125, 0.12201550249158326, 0.11072160942641733], [0.10269659485953285, 0.11297176540347569, 0.10271719204915991, 0.11746292446900408, 0.10897726510370061, 0.09466801827789391, 0.12458507366613694, 0.12280395953451995, 0.11311720663657605], [0.10297626230887262, 0.1126694724232592, 0.10342696909173539, 0.11862510357936475, 0.10806600986477781, 0.09496892873516254, 0.125, 0.122444640033824, 0.11182261396300365], [0.10264102192476471, 0.11289693203988214, 0.10269234365872562, 0.11742611892285351, 0.10898781767240498, 0.09469007514777901, 0.12455971274924259, 0.12297505703164713, 0.11313092085270028], [0.10324836312194556, 0.11245094818776057, 0.1039838900080549, 0.11927551672948576, 0.10780089676931065, 0.0953601945099968, 0.12442282813470805, 0.122373466704293, 0.1110838958344446], [0.10282752336604838, 0.11268332131700749, 0.10320326900632566, 0.11833899278873022, 0.10820705978936455, 0.0948734573205206, 0.12499999999999999, 0.12271180596673073, 0.11215457044527224], [0.10278518711557395, 0.11279424059614722, 0.1030329366816882, 0.11798523855221674, 0.10849403352952225, 0.0948628735958972, 0.12452402776409108, 0.12292675111686449, 0.11259471104799872], [0.10259879518682768, 0.11279054394222639, 0.10272200144019118, 0.11748564148198963, 0.10890445820872648, 0.09474106815875454, 0.1245859639254999, 0.12312728817489002, 0.11304423948089419], [0.10258534873090124, 0.11277379452050042, 0.10270994160146273, 0.11744458616312864, 0.10894301661366114, 0.09476123261804449, 0.1244967772305111, 0.12320286351903732, 0.11308243900275293], [0.10257388622705008, 0.1126381921242504, 0.10284370334896377, 0.11779900932955949, 0.10854467032189209, 0.09475878798376641, 0.125, 0.12316508357876525, 0.11267666708575251], [0.10255027270336473, 0.11270668307038773, 0.10271026370164668, 0.11743745553457828, 0.10892837742864621, 0.09479530875895967, 0.12447430403143803, 0.12333122682910137, 0.11306610794187728], [0.10275511634124188, 0.11256457927988192, 0.10319912503940182, 0.11826492289407464, 0.10823066129271043, 0.09503563208594429, 0.124458376215298, 0.12318858204300462, 0.1123030048084425], [0.10254326467240896, 0.11262608915565638, 0.10277295757403068, 0.11752664459021918, 0.10884065609698557, 0.09486942267607913, 0.12440974981174092, 0.12344145609428536, 0.11296975932859395], [0.10299842143381852, 0.11231296990071017, 0.10378352051066442, 0.11915307422486877, 0.10773726853284837, 0.09533798863865665, 0.12447035809188313, 0.12286098299306307, 0.11134541567348691], [0.10275017626201029, 0.1125102201647601, 0.10324229943362817, 0.11834240190693594, 0.10816572578936995, 0.09507198196600293, 0.12446778984478492, 0.12323010659768156, 0.11221929803482604], [0.10315646347072673, 0.11220787622327297, 0.10405106238252541, 0.11947407792658724, 0.10761521266150319, 0.09553717166548137, 0.1241165402842588, 0.12282774830541099, 0.11101384708023332], [0.10290479847887692, 0.11233355302378374, 0.10363668641352634, 0.11894848367563964, 0.10780822467664716, 0.0952970247917925, 0.12446442687533446, 0.12300741173792076, 0.11159939032647845], [0.1031041463078437, 0.11214960633145095, 0.10402565171049928, 0.119478223386152, 0.10757360260856771, 0.09554877724113506, 0.12414526861809479, 0.12294320240861696, 0.11103152138763954], [0.10261424229137596, 0.11237189530243163, 0.10315322473556168, 0.11822998464868839, 0.10818592364437962, 0.09508078483696304, 0.12454252944443528, 0.12354381442477223, 0.11227760067139216], [0.10283176191162746, 0.11227820649102095, 0.10358114205859954, 0.11886341227849226, 0.10783096515841925, 0.09533009569989646, 0.12439992766738461, 0.12317539598081388, 0.11170909275374546], [0.10300240926449057, 0.11211967644828204, 0.10393276198692028, 0.11938872674172486, 0.10756830847020354, 0.09551727154198623, 0.12421642563296857, 0.12311122226373969, 0.11114319764968411], [0.10267925585960026, 0.11228290249281324, 0.10333845219635719, 0.11848130752133841, 0.10799932741676706, 0.09524481851276599, 0.12429743640818569, 0.12361003142535425, 0.11206646816681799], [0.10261554732970647, 0.11228079695541945, 0.10323823889063663, 0.11834398488405139, 0.10808783778744493, 0.09518128047389836, 0.12440911957199785, 0.12367503981654619, 0.11216815429029872], [0.10266838274886816, 0.11224510785292824, 0.10335566114394634, 0.11850507698283178, 0.10797370122593367, 0.09527410026639438, 0.12426785837582471, 0.12367146330659996, 0.11203864809667284], [0.10306870887606571, 0.11195640403435048, 0.1040877688121105, 0.11962295319417596, 0.10741746788878288, 0.09567756026355344, 0.123980210361467, 0.12326207324201166, 0.11092685332748234], [0.10254585367190794, 0.11223593411992268, 0.1031585382001232, 0.11818494481100794, 0.10820365811114745, 0.09519000782643465, 0.12437882544624396, 0.12381195626160131, 0.11229028155161086], [0.10276812336498888, 0.11207949890459797, 0.10366573792848405, 0.11896053868918674, 0.10770843921611908, 0.09551871110946389, 0.12407874819170497, 0.12358985926947755, 0.11163034332597685], [0.11114680248473197, 0.11369333254439883, 0.11051494443505783, 0.12366098618817709, 0.10750668094072141, 0.099918787136022, 0.12029716575077223, 0.11204373990229416, 0.10121756061782469], [0.11119840044373994, 0.11363696110040128, 0.11060031764330701, 0.12374775364687889, 0.10744814830434474, 0.10000058204663291, 0.12022184830624003, 0.11201636661464313, 0.10112962189381211], [0.11057043852649846, 0.11384818715958853, 0.10997448635578147, 0.12307004622855276, 0.10775161202139458, 0.09943071307524444, 0.12061042982848899, 0.1127244941023107, 0.10201959270214007], [0.11011052405770308, 0.11397916383920408, 0.10947588281586958, 0.12298424115500485, 0.10795834490574634, 0.09894789840817698, 0.12084155189544246, 0.11311772175214939, 0.10258467117070323], [0.11138846559942668, 0.11319714701534049, 0.11113431164269373, 0.1242233012124201, 0.1070281663924145, 0.1005282366800159, 0.1196978187858644, 0.11209248871671867, 0.10071006395510552], [0.11194959919634342, 0.11282574989873773, 0.11184711468682561, 0.125, 0.10662576261426675, 0.10120981256993483, 0.11912287185657496, 0.11153502440790526, 0.09988406476941146], [0.11076620978147433, 0.11342005903024761, 0.11051122839548452, 0.12342170231319523, 0.1073368507777456, 0.09997127873757795, 0.12009476978993276, 0.1128590149008922, 0.10161888627344977], [0.11077034972887978, 0.11334622564522677, 0.11058453541165696, 0.12344860474293272, 0.10727293758747622, 0.10005040922310204, 0.12001096619075631, 0.11292529399653817, 0.10159067747343103], [0.10990909421372505, 0.11366158738982679, 0.1096504202613081, 0.12245616773996049, 0.10778956694642294, 0.09923283274305374, 0.12045536193228872, 0.11391634927332785, 0.10292861950008633], [0.11081905504459018, 0.11318963944245099, 0.11077012021915167, 0.12353915126714503, 0.10713028476787839, 0.10024427114175505, 0.11982483380477826, 0.11300453668530297, 0.10147810762694745], [0.10994777815442769, 0.11349272977070811, 0.1098206426027451, 0.12266711002519858, 0.10762158297004128, 0.09940097427045864, 0.12026569724496426, 0.11400097272408134, 0.10278251223737515], [0.11018657991993464, 0.11338389087631773, 0.11011705729295038, 0.12284051828279222, 0.10746309728120998, 0.09967452352279235, 0.12012596688170393, 0.11378387607346764, 0.10242448986883128], [0.11038565166703768, 0.1132633427879522, 0.11039095673055153, 0.122