[[0.10251926060939803, 0.11848556237423385, 0.11487304810489157, 0.10676468448786694, 0.12207231136134825, 0.12472052312314105, 0.10640305707896704, 0.09995009028496468, 0.10421146257518879], [0.10201444246730677, 0.1190465613118091, 0.11537446730948392, 0.10660473657244957, 0.12315392339376731, 0.12487708801170527, 0.10610560444308703, 0.09924410351083615, 0.1035790729795549], [0.10260153989907625, 0.1183596480758364, 0.11489697171462386, 0.10676206490437037, 0.12196924629871396, 0.12484442809852896, 0.10636809214654884, 0.10003186190651267, 0.10416614695578864], [0.10250746138598331, 0.11848304892881, 0.11499826706850405, 0.10673729175777848, 0.12218661409541302, 0.12481372444984812, 0.10631930222707348, 0.09989939308897819, 0.10405489699761136], [0.10202431636896198, 0.11900346673481542, 0.11543321905312214, 0.10658877308118679, 0.123158694820446, 0.125, 0.106057445363816, 0.09923682634989603, 0.10349725822775561], [0.10222655327623853, 0.11884854178976044, 0.11538003945794016, 0.10666530249596601, 0.12290030896938738, 0.12470250699659938, 0.10614395732153412, 0.09948353668245873, 0.10364925301011527], [0.102574421941843, 0.11835610756312913, 0.11496443278169399, 0.10673101267235177, 0.12203599528012717, 0.125, 0.10630335716173434, 0.09997898927218007, 0.10405568332694055], [0.10263964069630477, 0.11833398699568669, 0.11506962313525672, 0.10675501765858093, 0.12207425582297883, 0.1248202704940626, 0.10628542403684937, 0.10002609205582144, 0.10399568910445867], [0.1030846773703122, 0.11795356804339537, 0.11486753319549917, 0.10692968696986466, 0.12143895515116343, 0.12424785759761398, 0.10650319093335983, 0.10058999608500564, 0.10438453465378594], [0.1026391071656415, 0.11848216842875231, 0.1153723675133439, 0.10679298956081466, 0.12241053872579329, 0.12430323787861437, 0.10623638971560843, 0.0999539195658674, 0.10380928144556413], [0.10230596428928966, 0.11882783435770088, 0.11576191830704478, 0.1066951883535397, 0.1230726351710331, 0.1244719744226961, 0.10603021213603334, 0.09947614890528693, 0.10335812405737553], [0.10311528105408464, 0.11792592391648724, 0.1149333898592629, 0.10692890947673196, 0.12145545221759083, 0.12424805026387925, 0.10646995760468785, 0.10060492433544183, 0.10431811127183363], [0.10245747993988655, 0.1186667091419541, 0.11566558477901899, 0.10673119028627048, 0.12281735387952374, 0.12442880348807532, 0.10608249090950181, 0.0996708586532707, 0.1034795289224983], [0.10267189331281093, 0.1184692351589986, 0.11557833034238388, 0.106796636281025, 0.1225073971477899, 0.12425002336994025, 0.10615899069630949, 0.09993605295672099, 0.10363144073402093], [0.10231174780623715, 0.11888877907987544, 0.11610581543453212, 0.10672776259091732, 0.1232248323042163, 0.12427282997405163, 0.10595132840950676, 0.09940006013827364, 0.10311684426238965], [0.10286259847691206, 0.11821585088166646, 0.11532917745482377, 0.10683427420504035, 0.1220644991156674, 0.12435743737202698, 0.10625463756970159, 0.1002121820403983, 0.10386934288376327], [0.10239098060884454, 0.11878151470173773, 0.1160276922599724, 0.10673262497352766, 0.12307849840160262, 0.12433362578854386, 0.1059684236173098, 0.09950625837095431, 0.1031803812775071], [0.10254798304756818, 0.11862737997713986, 0.11587538790130021, 0.10677168409831751, 0.12283205318734268, 0.1242241325310871, 0.10604485319433976, 0.09972149681903444, 0.10335502924387029], [0.1033763093395734, 0.11772030978339773, 0.11496637224072327, 0.10701785398124382, 0.12121242340905374, 0.12390987081401321, 0.10652074511064683, 0.1008917287921765, 0.1043843865291715], [0.10266033847493257, 0.11851968803330862, 0.11581163542916047, 0.10680249706262886, 0.122664553756905, 0.1241465261150142, 0.10608644041545028, 0.09986425973733262, 0.10344406097526739], [0.10288361265204295, 0.11816083132634914, 0.1154338511948707, 0.10681545994811847, 0.1220687197693814, 0.12451491850422147, 0.10618188178857403, 0.10020312503978776, 0.10373759977665405], [0.10270257621255803, 0.11844810457499995, 0.11577648226451737, 0.10680071383356526, 0.12256607461715467, 0.12424140304874644, 0.10608525180858941, 0.09991807573389334, 0.10346131790597551], [0.10344092235486099, 0.11764368460789554, 0.1149370204228952, 0.10703300824159567, 0.12123726483990459, 0.1237843245771519, 0.1065351324690376, 0.10097105628105942, 0.10441758620559909], [0.10278485050516135, 0.11828269480280032, 0.1156509465965019, 0.10678831725727236, 0.12232499873088028, 0.12451804663235927, 0.10608908116285308, 0.10003575412273213, 0.10352531018943949], [0.10290254581680555, 0.11811614986787283, 0.11547923522595446, 0.10680528321615693, 0.1220449283688819, 0.12462469678350888, 0.10614431941384884, 0.10020913938754407, 0.10367370191942636], [0.103227724307419, 0.11785323150280581, 0.11525118921070944, 0.10693637341866961, 0.12156310232430059, 0.12416050727402021, 0.10633692099825026, 0.10064140027530026, 0.10402955068852485], [0.10340128343822905, 0.11768176206839039, 0.11507856191907893, 0.10700204352762678, 0.12138391796608063, 0.12386897663370137, 0.10644894168917005, 0.10088468233953146, 0.10424983041819134], [0.10263735363172374, 0.11846663171823944, 0.1160259986666697, 0.10676165367800648, 0.12267714272777792, 0.12451807850201452, 0.10595088822532606, 0.09977588642990161, 0.10318636642034072], [0.10283351007232595, 0.11821915591242343, 0.11572246853044596, 0.10679099177144567, 0.12227582825806192, 0.12457837310948543, 0.10605394271186303, 0.10006927209554793, 0.10345645753840062], [0.10331821524004889, 0.11776852277976375, 0.11522501000808114, 0.10696495713651263, 0.12147299185577029, 0.12405644128908692, 0.10636417980805359, 0.10075002891937214, 0.10407965296331068], [0.10310375067243337, 0.11792045694154522, 0.11539212253921372, 0.10686529787001728, 0.12174767293560143, 0.12449420524096913, 0.1062115235677929, 0.10045775697218033, 0.10380721326024663], [0.10294051398766874, 0.11803969515720189, 0.11553954064616802, 0.10679353723791128, 0.12198928872895218, 0.12478464853131861, 0.10609342209952866, 0.10023095958136147, 0.10358839402988933], [0.10288343252331651, 0.11812451862923032, 0.11567596598730537, 0.1067850562656244, 0.12214846236847941, 0.12473085938657155, 0.10604741146618542, 0.10013301449139737, 0.10347127888188981], [0.10357157711755645, 0.11745702998335081, 0.1149578333637551, 0.10703606664714166, 0.12150122175925493, 0.12352110066273878, 0.10649187374636657, 0.10110353099733944, 0.1043597657224964], [0.10330642925014903, 0.1177290606613861, 0.11528878007419793, 0.10693130025258703, 0.1216036924893799, 0.12417375017072418, 0.10629188267698714, 0.1007131677551861, 0.10396193666940265], [0.10357468231448887, 0.11744689987479792, 0.11499428446014806, 0.1070281911642434, 0.12156876309954136, 0.1235142456069744, 0.10646569207939406, 0.10109520718815268, 0.1043120342122591], [0.10294179216099325, 0.11812966179840942, 0.11588453143204638, 0.10682209356255258, 0.12220508368688053, 0.12450615857809894, 0.10601368025991521, 0.1001481303340351, 0.10334886818706862], [0.10298679814392536, 0.11794320221959635, 0.11562534976353897, 0.10677786865815628, 0.12191767557299986, 0.125, 0.1060246149085059, 0.10025380200518302, 0.10347068872809423], [0.10327323649559624, 0.11772880140186333, 0.11536071360755755, 0.10690062716213654, 0.12169054266715104, 0.12431552624262877, 0.10622788136389999, 0.10065229694484785, 0.10385037411431869], [0.10260478169835661, 0.11835135661751278, 0.11628020208552324, 0.10669554051418705, 0.12279497824917569, 0.125, 0.10576347240014594, 0.09966180534498179, 0.1028478630901169], [0.10299601791768756, 0.118002090184595, 0.11576819918629602, 0.10680538608075801, 0.12202409814096814, 0.1247577395433229, 0.10601399336923091, 0.10023208215247145, 0.10340039342467], [0.10286311794464004, 0.11819914682926028, 0.11612568802842145, 0.1067988018971192, 0.12244153957390114, 0.12454615140880572, 0.10591134569280063, 0.09999716959947945, 0.10311703902557208], [0.10300454566618177, 0.11807970388705863, 0.11594844866152104, 0.10684235448510715, 0.12215178999851882, 0.12445027942574063, 0.10600456150321627, 0.10020201561513134, 0.10331630075752418], [0.10343686485470811, 0.11751970180993272, 0.11526068233186783, 0.1069301925515906, 0.12181954649842201, 0.12397807372742067, 0.10625966796018448, 0.10085708516293705, 0.1039381851029365], [0.10313259421611175, 0.11777520726115293, 0.11580191428105749, 0.10679771119007722, 0.12225664951678827, 0.12460668423741066, 0.10594969299557262, 0.10036480587812369, 0.10331474042370538], [0.10373796289612257, 0.11717693294984696, 0.11501038206821652, 0.10701575361990852, 0.12192685957887622, 0.12327651034908577, 0.10638736143909142, 0.10125831889123972, 0.1042099182076123], [0.10284350940670715, 0.11810045441009095, 0.11655144370473924, 0.1067605074463801, 0.12264482941704836, 0.12486164342407893, 0.10570010705851492, 0.09985763757788489, 0.10267986755455538], [0.10283970261855617, 0.1181236812488956, 0.11661489553884499, 0.1067726191980824, 0.12270020215342833, 0.12476330421733153, 0.10569649439661746, 0.09983991188047793, 0.10264918874776553], [0.10365503001181424, 0.11723483875130361, 0.11512433297639468, 0.1069685573642592, 0.12202837879260912, 0.12351028978776617, 0.106299013985519, 0.10113005772814923, 0.10404950060218476], [0.10294827051079233, 0.11801590609550856, 0.11636893939474709, 0.10678331631181198, 0.12248511954333655, 0.1247497904306831, 0.10577419320334377, 0.1000200466371746, 0.10285441787260195], [0.10314245025717828, 0.11784722798940013, 0.11605471180613855, 0.10683362708284706, 0.12246528322624962, 0.124259884093722, 0.10591244751366082, 0.10031689262148931, 0.10316747540931424], [0.10288520792915144, 0.11802544014177713, 0.116498532070454, 0.10675218903980462, 0.12253148015067002, 0.125, 0.1056952045301444, 0.09991324649062044, 0.10269869964737796], [0.10338774603741502, 0.11747291365828542, 0.11548677943320038, 0.10685444788147194, 0.12215681935298593, 0.12422883442231512, 0.10607432457423699, 0.10072776147424277, 0.10361037316584644], [0.10361552162903186, 0.11725389356729105, 0.11519919245702823, 0.10694055482028823, 0.12210512804181435, 0.12363864647132072, 0.10624074668205495, 0.10106213126775825, 0.10394418506341235], [0.10321904972719341, 0.11769057616401903, 0.11600424578062425, 0.1068168125489545, 0.12258036098003744, 0.12424892606789582, 0.10588125195502139, 0.10040614115374899, 0.10315263562250514], [0.10322118809224047, 0.11771587822882426, 0.11609278062794016, 0.10682963476035769, 0.12264811181734389, 0.12413325989019702, 0.10586896972225503, 0.10038807481118382, 0.10310210204965763], [0.10308348073865811, 0.11778367161689736, 0.11635104329694933, 0.10677208112326918, 0.12276726219590056, 0.12454616598868448, 0.10572432061757964, 0.1001633993058963, 0.10280857511616505], [0.10328440672766316, 0.11756834875008232, 0.11590228499260848, 0.10680839814984003, 0.12258274157823876, 0.12426948749600038, 0.10588470102239782, 0.10049901612414176, 0.10320061515902731], [0.10302326919478275, 0.11782633030646186, 0.11649127156210845, 0.10675721201451084, 0.12277193706847078, 0.12472640710008631, 0.1056667568277512, 0.10006057422916881, 0.10267624169665876], [0.10333802010572286, 0.11748978630786602, 0.11580356288134211, 0.1068124432579176, 0.12252460854401327, 0.12426572964716813, 0.10590998791687498, 0.1005817902064841, 0.10327407113261075], [0.10362150039925602, 0.11718352773929225, 0.11532718575695221, 0.10689945611750082, 0.12235428860636337, 0.12371319743089025, 0.10612787525472508, 0.10102388837858925, 0.10374908031643092], [0.10309792352036606, 0.11774419707567503, 0.11638645348721158, 0.10676607951135833, 0.122835502384562, 0.12454275979019679, 0.10569761015742334, 0.10016774601753727, 0.10276172805566963], [0.10340213714514335, 0.1174166051967444, 0.11571448883451849, 0.10682704624463628, 0.12245676741205948, 0.12420591423059743, 0.10594510535484987, 0.10067546651265544, 0.10335646906879525], [0.10343547263235892, 0.11737034823881456, 0.11567532043237207, 0.10683101782537725, 0.12247923592874149, 0.12414682522483837, 0.10595487319213108, 0.10072138836492778, 0.10338551816043831], [0.1034788716250134, 0.11731546736709149, 0.11559387790444468, 0.10684041746806239, 0.12247524086043386, 0.12406329146761938, 0.10598504023523983, 0.10079033823932819, 0.10345745483276697], [0.10359809886876858, 0.11718663755295575, 0.11542889085970366, 0.10687603300357701, 0.12245490648056426, 0.12380261212411789, 0.10606207145916405, 0.10096657265706874, 0.10362417699408007], [0.10331003728866762, 0.11750735668719783, 0.11604167689701618, 0.10679806350146541, 0.12281331852203907, 0.12418129544308645, 0.10581008717948959, 0.10048620236179451, 0.10305196211924332], [0.1034178235054425, 0.11738742525504885, 0.11580482666871894, 0.10682193463227671, 0.12261315987113842, 0.12412501363089397, 0.10589973040770582, 0.10066640146868616, 0.10326368456008846], [0.10366057470829877, 0.11710948362315429, 0.11536851632011935, 0.10688944702378828, 0.12250236333342332, 0.12365674029193807, 0.1060844043419657, 0.1010506371690468, 0.10367783318826539], [0.10326375483115663, 0.11752804464129657, 0.11618044503225704, 0.10677705614745676, 0.122939277486705, 0.12426775465867347, 0.10574050134058241, 0.10039651578555066, 0.10290665007632145], [0.10341640953685763, 0.1173867216395956, 0.11587921737670812, 0.10681898214708063, 0.12271881611641408, 0.1240715804656249, 0.10586882698406234, 0.10064441827551353, 0.10319502745814299], [0.10349873072280766, 0.11727789797288911, 0.11576860276625753, 0.10683003434547556, 0.12268569815792132, 0.12399672653573286, 0.10589990899064675, 0.10076159342881957, 0.10328080707944962], [0.10355416679993806, 0.11717421609236633, 0.11563955754310994, 0.10682682697704145, 0.12270658189217706, 0.12396204526805338, 0.10592261833352626, 0.10085243063619066, 0.10336155645759688], [0.10345660473615681, 0.11720410308851574, 0.11591699488763062, 0.10676474828149059, 0.12294116100405332, 0.12426359659674972, 0.10575510769371253, 0.10066216771533329, 0.10303551599635741], [0.10370412217760087, 0.1169087804092417, 0.1154294416214252, 0.10682297447894963, 0.1228389754467557, 0.1238247143215426, 0.10594062099350533, 0.10106203351078773, 0.10346833704019127], [0.10366700775418038, 0.11687348100457377, 0.11553172253944985, 0.10677439057171989, 0.12297592296942393, 0.12406042349267037, 0.10583809710320254, 0.10098374155436578, 0.10329521301041353], [0.10320504141700451, 0.11722349713734094, 0.11659104670691878, 0.10662395471863984, 0.12354216688990002, 0.125, 0.10536311056891315, 0.10018932717207252, 0.10226185538921029], [0.10363426590407508, 0.11687712768297502, 0.11559874779876385, 0.10674982318849939, 0.12303715984846648, 0.12419098816513846, 0.10578548394497975, 0.10092573295699916, 0.10320067051010262], [0.1033094787319996, 0.11707600756105721, 0.11656150323715872, 0.10662781037102385, 0.12373228821531279, 0.1247845665702991, 0.10534712263350707, 0.1003047103727754, 0.10225651230686623], [0.10372369506091532, 0.11671460239259239, 0.11550225885968125, 0.10674319396866908, 0.12317226068661599, 0.12409603962751496, 0.1057781711261433, 0.1010412815573149, 0.103228496720553], [0.10335951424104839, 0.1169503702005684, 0.11622175497228132, 0.10659023041696558, 0.12359873580647389, 0.12499999999999997, 0.10539412637482538, 0.1004361165923919, 0.10244915139544496], [0.10353014355210544, 0.11686563763109001, 0.11594470797832442, 0.10666482336823939, 0.12332105439081516, 0.12463874888719945, 0.10555884399776469, 0.10070382617244501, 0.10277221402201628], [0.10340209298326523, 0.1169030149412013, 0.11620529626737564, 0.1065978476146052, 0.12362616537269841, 0.12491933399410857, 0.10539844133728679, 0.10048582506468091, 0.10246198242477798], [0.10373843416246752, 0.11663149801020195, 0.11552725237769344, 0.10671432498613737, 0.12330842684377957, 0.12418255570068631, 0.10571698611994272, 0.10104168939552624, 0.10313883240356504], [0.10360337259528511, 0.11658756818598401, 0.11581915674527082, 0.10659230666194672, 0.1236157491584218, 0.12483827639398958, 0.1054601218057445, 0.10079222188559059, 0.1026912265677669], [0.10357331956548922, 0.11657548253941936, 0.11589300891694652, 0.10656591843628903, 0.12367151588882833, 0.125, 0.105400787804115, 0.10073454015897194, 0.10258542668994058], [0.1037421657349887, 0.11648291584933959, 0.11564576096749739, 0.10664492041885427, 0.12359409126677208, 0.12444881545942382, 0.10555978359081394, 0.10099408797790421, 0.10288745873440597], [0.11986856026342903, 0.10175387276382925, 0.11462428670570479, 0.12311976340337419, 0.0986701166916982, 0.09094637600322342, 0.11558570166188581, 0.12486826981784357, 0.11056305268901162], [0.11801082439751068, 0.10252984235880656, 0.11552745643891396, 0.1227988816037698, 0.0995905939866594, 0.09173897466813098, 0.11539898849278173, 0.12438291911339881, 0.11002151894002797], [0.11888434033882472, 0.10219250881525169, 0.1151566901228087, 0.12285761880018094, 0.09920942785857072, 0.09142416212622129, 0.1155216676317259, 0.12462013792962703, 0.11013344637678889], [0.11988312375066723, 0.10172422799926018, 0.11467220777109877, 0.12304575463817413, 0.0987106170103486, 0.09097884057788116, 0.1155217435472343, 0.12494372993789628, 0.1105197547674395], [0.11985080816349893, 0.10171702446051967, 0.11472578074578024, 0.12299328202747309, 0.0987548917092743, 0.09101321132076255, 0.11547503810405721, 0.12500000000000003, 0.11046996346863414], [0.1202143011865567, 0.10166624338514342, 0.11464295359334298, 0.12290486089792207, 0.09876331344591933, 0.09107836287994364, 0.11545854773476484, 0.12463720035506942, 0.11063421652133759], [0.11851533611627578, 0.102228718571803, 0.1155076353329166, 0.12250229599647149, 0.0995028818645217, 0.09164900525943113, 0.11526625403077513, 0.12500000000000003, 0.10982787282780529], [0.11826570207234505, 0.10247666861397654, 0.11590191677739593, 0.12265637781129524, 0.09985908667621853, 0.09190818624259388, 0.1150424903109856, 0.12416302297998241, 0.10972654851520681], [0.11991444817769421, 0.1017296665046945, 0.1150317398548434, 0.12263529194003447, 0.09913353134064146, 0.09140285092097679, 0.11522014038414957, 0.12459120161810502, 0.11034112925886057], [0.11940147952205873, 0.10192493788041967, 0.11541548896924383, 0.12249258314206234, 0.09949086532652096, 0.0917110966118659, 0.11511134847796793, 0.12439645424653055, 0.11005574582333022], [0.11946137072880378, 0.10189864788988896, 0.11548740893074574, 0.12238504861717145, 0.09958218375377433, 0.09180662060557854, 0.11502539241392684, 0.12432512632509653, 0.1100282007350138], [0.12115310310450052, 0.10141861668813854, 0.11454154791342286, 0.12287967363918079, 0.09897869790948059, 0.09144104164257053, 0.1153695742799786, 0.1233670970229923, 0.11085064779973529], [0.11904278050332602, 0.10216187610847431, 0.11609624935636298, 0.12196339549474026, 0.10003302858004536, 0.09210268621748993, 0.11477261646661047, 0.12439962613772254, 0.10942774113522827], [0.11885162222760173, 0.10242190559638327, 0.11671514941417495, 0.12214551007535271, 0.10050884906532855, 0.09238707658763183, 0.1143223489292694, 0.12350535308043813, 0.10914218502381931], [0.11915850235996081, 0.10216871289910842, 0.11632700884941247, 0.12185798568670993, 0.10020336450160414, 0.09221450371861101, 0.1145893303485274, 0.12419655445864815, 0.10928403717741768], [0.11991617509218476, 0.10176865407040987, 0.1154172274005737, 0.12218634877424249, 0.09962629971798491, 0.09191296549364414, 0.11490718171383832, 0.12409510635227064, 0.11017004138485112], [0.12096680502020707, 0.10145958269247339, 0.11479690882961995, 0.1226681022539232, 0.09925575580195264, 0.0917014548339009, 0.11516281976705943, 0.1233158458998038, 0.11067272490105952], [0.11982009574359827, 0.10179630630311477, 0.11551147786573966, 0.12213950098470619, 0.09971398164021612, 0.09198904615179268, 0.1148640140150158, 0.12406406761884084, 0.11010150967697559], [0.11940620084147119, 0.10211622345405194, 0.11642660107555079, 0.12164469453404878, 0.10032146305884268, 0.09234194532717091, 0.1144873058608617, 0.12406169599316644, 0.10919386985483556], [0.11932437384446902, 0.10216486703813389, 0.11663028307972233, 0.1217722847094179, 0.10043230168768354, 0.09237001793449987, 0.11433760228952845, 0.1238839260882541, 0.10908434332829103], [0.12097928221896967, 0.10143507850631507, 0.11488974603609609, 0.12262424192285835, 0.09942169375272067, 0.09188420225130473, 0.11508720909063025, 0.1230692041999967, 0.1106093420211086], [0.1202989932319465, 0.10165811825338064, 0.11542133872686387, 0.12201997373185185, 0.09980929362701738, 0.0921703889803811, 0.1146798138767236, 0.12370030360738618, 0.11024177596444901], [0.11972277229603459, 0.10191507615940587, 0.11642467349522662, 0.1215692918802345, 0.10031755125194355, 0.09234567613809903, 0.11434032752134222, 0.12425393659183027, 0.1091106946658833], [0.11973614856689996, 0.10183416325075655, 0.11629410473789718, 0.1216339578328296, 0.10020884537699995, 0.09226144673552546, 0.11437036910288774, 0.1244335379524937, 0.10922742644370985], [0.12004806283003958, 0.1017018064867629, 0.11566068534194181, 0.12175852146245794, 0.0999481719331619, 0.09224175707944213, 0.114596392724156, 0.12403487122653654, 0.11000973091550133], [0.11961165865582028, 0.10215288164910709, 0.11693949606622525, 0.12154614713229285, 0.10068365128937624, 0.0925642234615577, 0.11406583953827368, 0.12357744713457698, 0.10885865507276991], [0.12108565711425572, 0.10138328065104299, 0.11486854676600176, 0.12265097837376912, 0.09949770476454999, 0.09199564239937816, 0.11509447780795094, 0.12278511559384436, 0.11063859652920696], [0.1199191232601372, 0.10167357106292028, 0.11600219553798077, 0.12168234627139406, 0.10003712779483012, 0.092175463167112, 0.1144113371688677, 0.12456522199023326, 0.10953361374652458], [0.11956251000452207, 0.10230036116694163, 0.1172952437125168, 0.12152946651842007, 0.1009615533590167, 0.09274459355191517, 0.11379441325765667, 0.12314143364047601, 0.108670424788535], [0.11982915340309086, 0.10201376800560476, 0.11683228136663376, 0.12132673691139599, 0.10062067585884063, 0.09254925911395796, 0.11408926192210614, 0.12389044295195945, 0.10884842046641047], [0.11990722641450403, 0.10173170537827363, 0.1163363951230509, 0.12151953554556309, 0.10022626093452515, 0.09226071954913076, 0.11424943484359376, 0.1246146407084134, 0.10915408150294516], [0.1209729057202108, 0.1014089172781553, 0.11505907600780557, 0.12245535738164888, 0.09964318219199031, 0.0921026626091494, 0.1149181194757468, 0.12297289927112084, 0.11046688006417206], [0.12000106792335707, 0.10163556271978315, 0.11610081142565135, 0.12158455024220316, 0.10008880189173609, 0.0921926452865864, 0.11431146394416584, 0.12468201876092325, 0.10940307780559382], [0.11968021115602655, 0.10226587916244645, 0.11734369480841914, 0.12144146647872228, 0.10100010060516039, 0.09278000908928342, 0.11374498362212894, 0.12312316361127568, 0.10862049146653718], [0.11998823549110268, 0.10183361517489185, 0.11665398474307191, 0.12130998047954976, 0.10048391886086863, 0.0924573161639832, 0.11410075430362997, 0.1243058702131297, 0.10886632456977231], [0.12104294637388681, 0.10138961639735795, 0.11515095251249914, 0.12234593814999876, 0.09971662328641326, 0.09215510087745453, 0.11481074775466094, 0.12302526261780412, 0.1103628120299245], [0.12111872521669581, 0.10136920189355393, 0.11523925525686889, 0.12223971302078376, 0.09979016187557611, 0.0922093068896498, 0.11470654087029306, 0.12306460864698579, 0.11026248632959286], [0.12023606136968298, 0.10152668679438503, 0.11637029544330013, 0.12130215222435636, 0.10023599193140281, 0.09224825829799765, 0.11403041731858048, 0.125, 0.10905013662029454], [0.12019180230359329, 0.10179267845953525, 0.1168687427177227, 0.12107786092539735, 0.10062952429529026, 0.09254570354463956, 0.11388963767685471, 0.1243704902908525, 0.10863355978611453], [0.11985707471895994, 0.1023096954107603, 0.11774175539779401, 0.12118919012562528, 0.10131595835646746, 0.09300711926218576, 0.11339973324976303, 0.12283373922571302, 0.10834573425273103], [0.12101488117910086, 0.10140404115505157, 0.11547397727616937, 0.12199306184067704, 0.09993909054485973, 0.09229975501415495, 0.11448486962327281, 0.1233384760911951, 0.11005184727551855], [0.12030107352545859, 0.10156169536075431, 0.1165308410916517, 0.12120006041142618, 0.100369443596188, 0.0923538442096171, 0.11394649444221516, 0.12482158280289882, 0.10891496455979023], [0.12004713825958548, 0.10212743189813725, 0.1175501897686031, 0.12112660400289152, 0.1011277749233612, 0.09286081995139706, 0.1134975761568123, 0.12328435917676565, 0.10837810586244659], [0.11962926938186275, 0.10259615415618614, 0.11812708506306834, 0.12108311978266967, 0.10172318363286476, 0.09334417207824014, 0.11313393484488565, 0.1221541568607071, 0.10820892419951561], [0.12029490103788336, 0.10161726816230401, 0.11670100468393867, 0.12111160096392562, 0.100495807254425, 0.09244359131089493, 0.11387764610062795, 0.12469803422935298, 0.10876014625664734], [0.12067636333068665, 0.10150064671736982, 0.1159045696070986, 0.12151314033117423, 0.1002065586942323, 0.09246055019648876, 0.1141537864988448, 0.12389050379106627, 0.10969388083303859], [0.119869991416785, 0.10245697985122557, 0.11816843052062577, 0.12095993152546278, 0.10170045464240433, 0.09330670999844337, 0.11306296359771568, 0.12236594727529751, 0.10810859117203984], [0.12005187352216456, 0.10227815960633643, 0.11797720283403698, 0.12097230602616707, 0.1014902016604954, 0.09313019784910927, 0.11317634478642742, 0.12277213781881964, 0.10815157589644334], [0.12168567566231407, 0.10122426386679333, 0.11520340739379496, 0.12214812391600502, 0.09988636693246998, 0.09233960759921163, 0.11463084956723352, 0.12266209144315228, 0.1102196136190252], [0.12131783018766432, 0.10132307351497011, 0.11556516405748993, 0.12186038831765801, 0.10006110378979637, 0.09241186525074437, 0.11434234353386669, 0.1232057687281071, 0.10991246261970324], [0.12034628775578143, 0.10201852739978799, 0.1177126809019175, 0.12087023510829596, 0.10123430553257846, 0.09293149697802414, 0.11329587690693699, 0.12340764574388313, 0.1081829436727945], [0.12060290755089208, 0.10147002187133342, 0.11681565476209758, 0.12087049451274477, 0.10056131651176536, 0.09246651032627498, 0.11363749850414095, 0.125, 0.10857559596075084], [0.12119621782734614, 0.1013614424612991, 0.11581028311196691, 0.12161100882265655, 0.10022438786912362, 0.0925178821232001, 0.11411651031340239, 0.12345352894446542, 0.10970873852653977], [0.12062829447548631, 0.10160871299781947, 0.11707530776992854, 0.12074044887823243, 0.10076912937465225, 0.09262741383525563, 0.11354743006732504, 0.12463975826106465, 0.10836350434023566], [0.12034877875723472, 0.10210374243840466, 0.11795871834275577, 0.1208005984030162, 0.1014358032046074, 0.09307848537907518, 0.11311998739382993, 0.12309572854963681, 0.10805815753143931], [0.12075175597836088, 0.10154757408926672, 0.11709498612036023, 0.12066324541863421, 0.10079204144335015, 0.09264733830755029, 0.11346924225132933, 0.12470078753035252, 0.10833302886079557], [0.12082836154396667, 0.10143826897141654, 0.116830329002579, 0.12076606256242069, 0.10064739667203858, 0.09258175621034313, 0.11356383799027639, 0.12473726172702129, 0.10860672531993767], [0.12034415320452613, 0.10222129049250676, 0.11829081793379005, 0.12066253704114684, 0.10172390136730233, 0.09329966532564368, 0.11287706118915693, 0.12269257550717186, 0.10788799793875528], [0.12090289029805, 0.10144401826636197, 0.11654325726970398, 0.12085535979683916, 0.1005922638924559, 0.09266138117402908, 0.1137178031033892, 0.12428257701685325, 0.10900044918231742], [0.12026574350135859, 0.10230016777609072, 0.1184398615204224, 0.12061463730786046, 0.10185840040466641, 0.09340057190056777, 0.11276857783253337, 0.12253260237004963, 0.10781943738645076], [0.12153413803546359, 0.10126047508487904, 0.11578292384197801, 0.12158386791662651, 0.10026088341975654, 0.09256806350670146, 0.11407467589109908, 0.12327514841648929, 0.10965982388700647], [0.12080697889787186, 0.10176054484664258, 0.1176192209829775, 0.12050164253319906, 0.10117137667707411, 0.09290535310791717, 0.11320768001912941, 0.12397368988933707, 0.10805351304585123], [0.12077056753513446, 0.10181787745371429, 0.11774186451248933, 0.1205334124111559, 0.10125535307806907, 0.09295633846636152, 0.11314389470463886, 0.12376933267101793, 0.10801135916741865], [0.12079719062337313, 0.10178863450213736, 0.11769037549579779, 0.12051229785689384, 0.10122014156739338, 0.09293522258359625, 0.11316733634945234, 0.12386368316302873, 0.10802511785832704], [0.1211011724068427, 0.10139115700649004, 0.1166892300521475, 0.12067140691045013, 0.10070785593572573, 0.09274140508367244, 0.11354812021642864, 0.1243235162850452, 0.10882613610319773], [0.12100587363636287, 0.10150090812368766, 0.1172177828563579, 0.12047266154941814, 0.10092861157592066, 0.0927739125208232, 0.1133027211022451, 0.12457137638042487, 0.10822615225475961], [0.12107685611901484, 0.10144651252990966, 0.11710686374893693, 0.12049806314277578, 0.10087631018675579, 0.09275694532986588, 0.11332819122068509, 0.12457179298905353, 0.10833846473300264], [0.12207946510522043, 0.1011037098230772, 0.11559409675209084, 0.12161345273689354, 0.10022713454818055, 0.09259072919743372, 0.11412312300367303, 0.12293588294810147, 0.10973240588532933], [0.12132583913389407, 0.10158507145333075, 0.1177435855055975, 0.12004186317504766, 0.10132262067038451, 0.09305234579715972, 0.11293457436985704, 0.12419704219607552, 0.1077970576986532], [0.12097207093366731, 0.10192530902658778, 0.11859725372642432, 0.12013695710614153, 0.1018742211252172, 0.09336101512631324, 0.11244846547995359, 0.12323153754726297, 0.10745316992843207], [0.12140377450157915, 0.10138254892767273, 0.11729797253505461, 0.12021807772902783, 0.10105300828509788, 0.09289765763594358, 0.11307982682137521, 0.12454267276126761, 0.1081244608029815], [0.12140751184507548, 0.10149602371431787, 0.11764224811850228, 0.12004986860947714, 0.10125949412448962, 0.09301236344218058, 0.11292871627553425, 0.12441046635448291, 0.10779330751593999], [0.12219279589954604, 0.10104580431175973, 0.11582240366763692, 0.12132395241492473, 0.10040358063384712, 0.09270805449409218, 0.11383870709718268, 0.12321143233767155, 0.10945326914333896], [0.12131318802401536, 0.10169375957135944, 0.11831380063076165, 0.12001162648883128, 0.10165425695098496, 0.0932094145252296, 0.11254602304234368, 0.12377598331052679, 0.10748194745594712], [0.1213600601305769, 0.10168220687910944, 0.1183875996538616, 0.11995555170013283, 0.10170186029645038, 0.09323599988951442, 0.11247218428784057, 0.12378762340503921, 0.10741691375747466], [0.12159257338405659, 0.10152868921949108, 0.11808660549512942, 0.1198198194052531, 0.1015357721436029, 0.09316288039097832, 0.11259348956164696, 0.12418638108194255, 0.10749378931789909], [0.12172298968208661, 0.10117695019884726, 0.11719768109761859, 0.12002661955253824, 0.10100630395431279, 0.09286153767264871, 0.11290775478122829, 0.125, 0.10810016306071953], [0.12171956027629503, 0.1012400230748864, 0.11733892290481267, 0.11998787511608242, 0.10110464823772876, 0.09293180052288877, 0.1128689864507622, 0.1248119566473116, 0.10799622676923216], [0.12158828963873364, 0.10160055192846536, 0.11856838517325427, 0.11973227167660361, 0.10182222059152365, 0.09330599375296751, 0.1122486873920133, 0.12392266150149259, 0.10721093834494608], [0.12183060587586121, 0.10115301307184782, 0.11676169771985255, 0.12043846600248885, 0.10096763087841282, 0.09302606710831225, 0.11304801240277738, 0.1241672490060896, 0.10860725793435763], [0.12186021105148061, 0.10121776530402368, 0.11763091457021581, 0.11974141577445968, 0.10127043450232455, 0.09300556960808214, 0.11262288270204233, 0.12499999999999999, 0.1076508064873711], [0.12184248385583214, 0.10141990364213045, 0.11816297731568014, 0.11959467943944219, 0.10159685486671055, 0.09320008812243821, 0.11241864388930914, 0.12443841239533811, 0.10732595647311892], [0.12181350018373976, 0.10153413298472032, 0.11877470867608741, 0.11950283468456002, 0.1019703798015296, 0.09340164899172106, 0.11201298476570032, 0.12399079492895988, 0.10699901498298164], [0.12207317257721606, 0.10110329365069096, 0.11697293097610768, 0.12015982888820137, 0.10110169363066504, 0.0930920340357684, 0.11282623573125679, 0.12433989522927762, 0.10833091528081619], [0.12219310158881748, 0.10102197459162936, 0.11689689490869579, 0.1201681272878652, 0.10111156664669928, 0.09312720897411952, 0.1127275877847195, 0.12442259757810249, 0.10833094063935138], [0.1224374106569431, 0.10092714598050809, 0.11650571595555462, 0.12047610422914046, 0.10093569838914168, 0.09306625443004167, 0.11300714997004764, 0.12400714229414454, 0.10863737809447821], [0.12176592760728773, 0.10162039978538602, 0.11941906057173624, 0.11920186349657083, 0.10242098152440911, 0.09369077928133741, 0.11151620320309356, 0.12376483179218356, 0.10659995273799566], [0.12231377900534096, 0.10099280324754381, 0.11701701684585751, 0.120012906182556, 0.10117168632892688, 0.09314282943178197, 0.11261317825593145, 0.12456420984582464, 0.10817159085623677], [0.12240874395347871, 0.10118277536864353, 0.11836757453164742, 0.11908211511180428, 0.10176332718109432, 0.09329822675544854, 0.1119825885564154, 0.125, 0.1069146485414678], [0.12238035963428473, 0.10095736302390994, 0.1169555070196654, 0.12002679356982841, 0.1011920969055687, 0.09319173203643961, 0.11256193001075665, 0.12453794755607898, 0.10819627024346753], [0.1222526588965057, 0.10136279879583043, 0.1191448100201543, 0.11903652372037062, 0.10222093081716262, 0.09354454943109061, 0.11154038064057686, 0.1243332076004463, 0.10656414007786255], [0.12250782227314995, 0.10120525295319399, 0.11803736691770976, 0.11919456582244213, 0.10174154624914956, 0.093438607128234, 0.11217350423865215, 0.12443078961194633, 0.10727054480552228], [0.12258314785546726, 0.10106567043914746, 0.1175800415439995, 0.1194316118214094, 0.10149136926607046, 0.09330545770529662, 0.11232126303013479, 0.12458039437823448, 0.10764104396023992], [0.12250766740966983, 0.1009234754852941, 0.11699481463617832, 0.11992990055328014, 0.10125836340201078, 0.09325195917751962, 0.11245587005464013, 0.12456558829425396, 0.10811236098715314], [0.12259637255031741, 0.10090037673814269, 0.11693520544046468, 0.11995734447963331, 0.10124637083546108, 0.09325951902780923, 0.11249059069471962, 0.12446862336461272, 0.10814559686883927], [0.12273357575154736, 0.10086712462842261, 0.11732233489277587, 0.11955914529811718, 0.10136418863187766, 0.09322376280286529, 0.11222046000928818, 0.12500000000000003, 0.10770940798510593], [0.12275207194813703, 0.10086864557319973, 0.11690652748075049, 0.11992751649651165, 0.1012709361717631, 0.09329738930735228, 0.11247427904667057, 0.12437128492499182, 0.1081313490506235], [0.1228918749253361, 0.1009652862653951, 0.11781044599274536, 0.11909255130905602, 0.10164601319079691, 0.09337903275665664, 0.11201074903533073, 0.12491124398674233, 0.10729280253794082], [0.12284060847235853, 0.10085988838892665, 0.11698133159208106, 0.11981287920253574, 0.10135396720762302, 0.09336660593006861, 0.11236972943387392, 0.12438031002179877, 0.1080346797507337], [0.12285714533616637, 0.10115674998207422, 0.11885707787438149, 0.1187042191289071, 0.10216307065096576, 0.09359081690285877, 0.11151872852992434, 0.12462934566666874, 0.1065228459280532], [0.12295351589255821, 0.10094758443284782, 0.11788176087398794, 0.11899785081843564, 0.10168840112765047, 0.09339704829084895, 0.11193584983697309, 0.125, 0.10719798872669788], [0.1227687146941698, 0.10114027400585077, 0.11920754601473506, 0.11863707797066798, 0.10229500991365781, 0.09359084002611835, 0.11125361966886321, 0.12482680113518509, 0.10628011657075197], [0.12299321711614869, 0.10112363973832234, 0.11859003007458524, 0.11863161009469456, 0.10210275389353515, 0.09363562348230504, 0.11163569770564524, 0.12465324104575437, 0.10663418684900938], [0.12292832532889393, 0.10106963423631665, 0.1191680019943915, 0.11853187717598772, 0.1022863034859632, 0.09358886799964122, 0.11120217123593107, 0.125, 0.10622481854287473], [0.12318949707495479, 0.10091737888119247, 0.11772638123642885, 0.11909395524704564, 0.10175423470581914, 0.09354703474121792, 0.11189003843894328, 0.12455749679550197, 0.10732398287889595], [0.12311990007130916, 0.10099678047136294, 0.11842482953346495, 0.11857351752722532, 0.10203426480289272, 0.09360071952482114, 0.1115846183623307, 0.12500000000000003, 0.10666536970659317], [0.12312198315171877, 0.10108289459322423, 0.11904340632262318, 0.11845854345718282, 0.10231842749082158, 0.09369525745055167, 0.11126612263091781, 0.12471625327201398, 0.10629711163094581], [0.12333549184310605, 0.10092245804267722, 0.11796646327845785, 0.11883049225966691, 0.10190190129276176, 0.09362642322939949, 0.1117233902170651, 0.12461872526521522, 0.10707465457165043], [0.1233386404311782, 0.10090878577555566, 0.11782050999576603, 0.1189605195319902, 0.10185604855554321, 0.0936313862871081, 0.11177666336395756, 0.12449865547119737, 0.10720879058770355], [0.12339746101253851, 0.10091970433796803, 0.11798171899510851, 0.11879916926252691, 0.10193881924526677, 0.09366564222200681, 0.11168782644764251, 0.1245572443264112, 0.10705241415053075], [0.12328828893387273, 0.10105743301511093, 0.11925613402976015, 0.11827627081753847, 0.10248748690529648, 0.0938119945008512, 0.11104897852283695, 0.12466342675476999, 0.10610998651996309], [0.12337858753137936, 0.10087914530178314, 0.11762472591324068, 0.11908352784069345, 0.1018418385058967, 0.09369440881391648, 0.11178913786046427, 0.12434766045821614, 0.1073609677744099], [0.12350976310520523, 0.10098420368953197, 0.11845259413793095, 0.11833100646191182, 0.10224406782256602, 0.09385374426382989, 0.11141731738424258, 0.12458447390956157, 0.10662282922521998], [0.11191010466127972, 0.10873864831201353, 0.12432094552846701, 0.12042014006260611, 0.10770708658065521, 0.09807927896205668, 0.11326109996929125, 0.10936648699834095, 0.10619620892528969], [0.11187597358546407, 0.10878583360275725, 0.12440846935272058, 0.12034030600369675, 0.1077944595737318, 0.09816827943305734, 0.1132122835912399, 0.1092830505135591, 0.10613134434377325], [0.11258542060792244, 0.10805898477897177, 0.12439787993336207, 0.12080469156682455, 0.10697437237692314, 0.09738166917299644, 0.11323214771285078, 0.11019545451733777, 0.10636937933281103], [0.11302056292055584, 0.10757727596937956, 0.12433373709896543, 0.12118117548210366, 0.10639718460133726, 0.09682415110524663, 0.11326662906462023, 0.11083016148025888, 0.10656912227753232], [0.11191114873196915, 0.10892264465195164, 0.12500000000000003, 0.1197746264140973, 0.10828982761044781, 0.09872207492211546, 0.11277701435579265, 0.10894152151512312, 0.10566114179850303], [0.1114597947098301, 0.10966581974494294, 0.12417384246568755, 0.11924189083936362, 0.1092722136738529, 0.09979604631137491, 0.11265512820050418, 0.1082716530516052, 0.10546361100283876], [0.11266940394128581, 0.10818658305513816, 0.12500000000000003, 0.12021974497328763, 0.10745625379256284, 0.0979234086452197, 0.11279716113678355, 0.1098604113808713, 0.1058870330748512], [0.11274659918493589, 0.10820031040915724, 0.12489895589029687, 0.1201396632048294, 0.1075377363766128, 0.09803695220989597, 0.11273165590922124, 0.10987045037269602, 0.10583767644235474], [0.11373927771278099, 0.10715602185418432, 0.125, 0.12081820038350223, 0.10630026177315759, 0.09683839754674078, 0.11274759621193446, 0.11120997120865406, 0.10619027330904557], [0.1128476419447716, 0.10827727573766094, 0.12468574840129712, 0.11995098992844133, 0.10775406330893324, 0.09831603829493143, 0.11260627108768138, 0.10983071691723857, 0.1057312543790442], [0.11385694496302556, 0.10724263487188623, 0.12477480422988978, 0.12061638878916278, 0.10652358226698858, 0.09712473888036696, 0.112623992910073, 0.11116059860984732, 0.10607631447875979], [0.11365393790516792, 0.10755514406465308, 0.12446883869009727, 0.12042147883765962, 0.10692415647892659, 0.09754643310631518, 0.11261251282041768, 0.11082802026133633, 0.10598947783542634], [0.11