[[0.11420798276917513, 0.11766556261229023, 0.09940905778763551, 0.10054809973165978, 0.10390779953304306, 0.12468383807228778, 0.12271096057544549, 0.0975045916960107, 0.11936210722245233], [0.11489026133400954, 0.11827437656063042, 0.09885317430655234, 0.09985232380036228, 0.103548562039138, 0.12486114583642322, 0.12334301787514977, 0.09681700813746288, 0.11956013011027167], [0.11419041056439527, 0.11750781222280651, 0.09949931644915658, 0.10050082080415904, 0.10385150014865005, 0.12482394045956824, 0.12252296335309747, 0.09757786895379827, 0.11952536704436836], [0.11432355335328524, 0.1176257945655061, 0.09938576313493754, 0.10036829924736097, 0.1037846689828961, 0.12478916986767459, 0.1227092231101937, 0.09743900447455103, 0.11957452326359493], [0.1149372705545678, 0.11822551467665662, 0.09886625882199823, 0.09976636359640133, 0.10348375902201408, 0.125, 0.12322920365849116, 0.09680844724045394, 0.11968318242941682], [0.11482462849199188, 0.11804643369906515, 0.09908803506550748, 0.09993553212107092, 0.10357475277540965, 0.1246637159430317, 0.12308682114564469, 0.09704985170595423, 0.1197302290523244], [0.11425065085462835, 0.11748095875911699, 0.09945866167154516, 0.10036953828607714, 0.10375814597044324, 0.125, 0.1225240996998696, 0.09751003879664946, 0.11964790596167006], [0.11434149180218225, 0.11745077753511783, 0.09952942573922778, 0.10030629951856308, 0.10371905615141211, 0.12479645733920007, 0.12246593245605396, 0.0975550882878375, 0.11983547117040542], [0.11404863220598113, 0.11705624896342866, 0.10008957890147575, 0.10081099728275687, 0.10401705826459404, 0.1241495399468729, 0.12184833905090188, 0.09818661686775933, 0.11979298851622922], [0.1146810671107562, 0.1176204318236392, 0.09953394095704672, 0.10011261069946231, 0.10364078278245843, 0.12421111745198309, 0.12256938222052652, 0.09749751077320468, 0.12013315618092289], [0.11520949952720098, 0.1180283998007593, 0.09920365034924085, 0.09965539194726412, 0.10344325446657228, 0.12440358320996635, 0.12270545059559948, 0.09707410890460798, 0.12027666119878878], [0.11409826026321097, 0.11700547892396812, 0.10011696027496945, 0.10073385957533736, 0.10396082826144505, 0.12414940700872139, 0.12180736284071823, 0.09819196868470852, 0.1199358741669209], [0.11504727984920939, 0.11783871326698359, 0.09935520268357859, 0.09977411716385358, 0.10348286074649678, 0.12435412693108909, 0.12261469003775097, 0.09724430215655229, 0.12028870716448573], [0.11487927848328065, 0.11760472528224475, 0.09957108863830492, 0.09992354783669534, 0.10354197765770781, 0.12415074522721023, 0.1224243521899869, 0.09747966941662708, 0.1204246152679423], [0.11555288234102712, 0.11807537146594178, 0.09912794097310171, 0.09931969152925205, 0.10327335035495168, 0.12417604315461546, 0.1229592136490101, 0.09691784353581213, 0.120597662996288], [0.11454617695839107, 0.1173112375022583, 0.09977522529120356, 0.1001782932779702, 0.1036407596788024, 0.1242717566565484, 0.12218946109667571, 0.09773744796658129, 0.12034964157156904], [0.11543919248555862, 0.11795697494087475, 0.09923457797652802, 0.09940747055851465, 0.10330497215260606, 0.12424526793183029, 0.12274248487689003, 0.09703782119064235, 0.12063123788655511], [0.11524521919341964, 0.11779480443378847, 0.09946422777206385, 0.09965416567213796, 0.10343457666107064, 0.12412276633050061, 0.12237227909709085, 0.0973061621710059, 0.12060579866892208], [0.11407123838901578, 0.11676828147504376, 0.10043351482212429, 0.10084376477207443, 0.10401596176595777, 0.12376730515339548, 0.12146462424036997, 0.09850351563053006, 0.12013179375148848], [0.11513612621632319, 0.11766735401804425, 0.09957714217091818, 0.0997417543951895, 0.10346738772201564, 0.12403427151569055, 0.12230570602721222, 0.09743213853824856, 0.12063811939635781], [0.11462514062453832, 0.11724306692416625, 0.09978430036290639, 0.10002196426692254, 0.10353717935999504, 0.12444982425808913, 0.1220633775755229, 0.09770803414178807, 0.12056711248607134], [0.11507135023606684, 0.11758115507248343, 0.09961039550061547, 0.09974740766292318, 0.10345174817516273, 0.12414102518755674, 0.12224245403717876, 0.09746697028130721, 0.12068749384670552], [0.11403742864230527, 0.11669380562251086, 0.10054580830291472, 0.10092244032545647, 0.10406346439101694, 0.12362735135405553, 0.1213494614543301, 0.09862408537009748, 0.12013615453731262], [0.11488083278475328, 0.11738305402594647, 0.09967441795267523, 0.09978979354360638, 0.10342880526565586, 0.1244534991852294, 0.12211203122869847, 0.09754472787853648, 0.12073283813489868], [0.11465209722509462, 0.11718889801712533, 0.09979726614832203, 0.09994508588261844, 0.103482552286386, 0.1245741435908328, 0.12197554274675912, 0.09770196311329807, 0.12068245098956357], [0.11435571569554964, 0.11689821391318078, 0.10020141373276394, 0.10038609815816374, 0.10373084192885867, 0.1240483264583148, 0.12164655967684264, 0.09817820306071526, 0.12055462737561055], [0.11416775840431166, 0.11672589630880997, 0.10046972092264131, 0.1007070134408112, 0.10392070316614094, 0.12372124892667226, 0.12140644940985611, 0.09850087030604326, 0.12038033911471323], [0.11530944082150073, 0.11758310613759411, 0.09947100577334789, 0.09938252568473287, 0.10323332276543269, 0.12445290691624583, 0.12237718563974298, 0.09725184303227008, 0.12093866322913294], [0.11492740216776993, 0.11730728667168121, 0.09972143402414073, 0.09970998744904656, 0.10337528403775342, 0.12452167388626713, 0.12197226732390183, 0.09756752315018644, 0.12089714128925275], [0.11430953484284226, 0.11680596818062558, 0.10031965293938455, 0.10046165791415138, 0.10377240360957359, 0.12393084775555485, 0.12151834541811059, 0.09830397536214039, 0.12057761397761696], [0.11450276198343963, 0.1169651974972375, 0.10003011757143272, 0.10010613971875051, 0.10355748317487402, 0.12442595716104982, 0.12171573444914333, 0.09795520824721415, 0.12074140019685832], [0.11468169677703634, 0.11709668533812735, 0.09982746595984904, 0.0998414987548855, 0.10340657623069556, 0.12475547185671808, 0.12183174844859954, 0.09770562616690408, 0.12085323046718455], [0.11484529911687204, 0.11719463641794645, 0.09976515406161504, 0.09971483778084682, 0.10335409073882085, 0.12469445916158871, 0.12187129340572539, 0.09761283929606171, 0.120947390020523], [0.11403846148464299, 0.11651009815883831, 0.10078064182850202, 0.10095413506332654, 0.10406856220218853, 0.12333544211648813, 0.12108144855008986, 0.09884334511297149, 0.12038786548295215], [0.11436279627586117, 0.11676317785897447, 0.10031477131458794, 0.10034098458958476, 0.10369174715018531, 0.12406398986831665, 0.12145359416979207, 0.09827063486425926, 0.12073830390843841], [0.11407224203898651, 0.11650069140407156, 0.10079111474378047, 0.10090955947043877, 0.10404049036618652, 0.12332811893464168, 0.12106881943927404, 0.09884100125354933, 0.12044796234907108], [0.11504710395583234, 0.11719612499862431, 0.0998199125760939, 0.09957632842844304, 0.10329655861494956, 0.12443905574748483, 0.1218056325134294, 0.0976208281739071, 0.12119845499123552], [0.11472812185633753, 0.11697964637777207, 0.09986230014922728, 0.09969813084966136, 0.1033036508428073, 0.125, 0.12164229822561928, 0.09770397275774334, 0.1210818789408318], [0.1144287047691822, 0.11675947139126372, 0.10026771696577899, 0.1002081051074031, 0.10360683464745957, 0.12422427843175786, 0.12143776336986822, 0.09819581652573943, 0.1208713087915471], [0.11550188336789244, 0.11742043931530077, 0.09933119157565705, 0.09891001443463558, 0.10291576793273666, 0.125, 0.12256381645285391, 0.09701670758801544, 0.12134017933290814], [0.11488861914468299, 0.1170485449429966, 0.09987814406719796, 0.09962970923616192, 0.10329260186063884, 0.12472472878557017, 0.12163495909700846, 0.09769390907667898, 0.12120878378906409], [0.1152956510396378, 0.11725884500663693, 0.0996748826205151, 0.09926628038546847, 0.1031252906420031, 0.1244834012439689, 0.1221486271821237, 0.09741101398746713, 0.12133600789217888], [0.11508174123645554, 0.11712960266259244, 0.0998634604151303, 0.09951708377466875, 0.10325678873677932, 0.12437480719417798, 0.12179956872294673, 0.09764540147757908, 0.12133154577966984], [0.11431432004445442, 0.11655741059884674, 0.1005635922735192, 0.10042368828387796, 0.10373321017931782, 0.12384660962726131, 0.12115981148874175, 0.0985159495724745, 0.12088540793150632], [0.11487520008086155, 0.11680945436831948, 0.10010194584053511, 0.09961295007968601, 0.10326559192894161, 0.12455410891113518, 0.12136195252234983, 0.09789227352273311, 0.12152652274543814], [0.11404150990375038, 0.11622155984610727, 0.10105619311606226, 0.10089024665581114, 0.10400717700622267, 0.12306603335246781, 0.12068046853146004, 0.09907905471730342, 0.120957756870815], [0.1156575525458475, 0.11715024742965245, 0.09951528141731622, 0.09865207744738601, 0.10274350622446057, 0.12484163507527714, 0.1224281950272087, 0.09711853199678037, 0.12189297283607105], [0.11572846345871214, 0.1171861396164932, 0.09950059245971042, 0.09860921349776469, 0.10272941016225114, 0.12472897685859896, 0.12249814928094048, 0.09709264505455473, 0.12192640961097422], [0.114162291671725, 0.11628435792289905, 0.10095598089941141, 0.10070453918511664, 0.10389790540812562, 0.1233279444440884, 0.1207691957949799, 0.09894033168223139, 0.12095745299142262], [0.11545638206321193, 0.11703378125131839, 0.09969891223972217, 0.09891130082251433, 0.10288605887722382, 0.1247142654406432, 0.12215871112791425, 0.09734845985512432, 0.12179212832232747], [0.11512736542523345, 0.11687499987683789, 0.10006273315306012, 0.09940563136345903, 0.10317197302563064, 0.12415928512459906, 0.12165230953870407, 0.09779788595346275, 0.12174781653901309], [0.1155760911391977, 0.11705606746521266, 0.09956552378299867, 0.0986757493775687, 0.10273792045177889, 0.12499999999999999, 0.1222939896456547, 0.09717271287163465, 0.12192194526595394], [0.11451771657071438, 0.11650326018081471, 0.10050917173054708, 0.10006630182288555, 0.10350956526093787, 0.12412949141624864, 0.12103470805361981, 0.09837749242491658, 0.12135229253931537], [0.11423817240368668, 0.11630549149604233, 0.10091105315987975, 0.10058778092918907, 0.10382854846019361, 0.12347196782863525, 0.1207933116563872, 0.09886957525406316, 0.12099409881192294], [0.11504651865446877, 0.11671216901708265, 0.10020229516632427, 0.09944597059132045, 0.1031763598389418, 0.12414839063315594, 0.12144361468832789, 0.09793640135716505, 0.1218882800532132], [0.11513554337446426, 0.11673545606540979, 0.10018801540928331, 0.09937534320336831, 0.10314533538613682, 0.12401659912582957, 0.12154044597104682, 0.09790323465563557, 0.12196002680882577], [0.11539073351737517, 0.11680207482167748, 0.09994173888675958, 0.09895798482044148, 0.1028951082364276, 0.12448331133626903, 0.12186913525985531, 0.09757915313918841, 0.12208075998200596], [0.11492633334839554, 0.11658912997646538, 0.10032734037441246, 0.09955236534081324, 0.1032229754067824, 0.12417323276953077, 0.1212250859569547, 0.09807853892975499, 0.12190499789689055], [0.11552978482140591, 0.11686047247464562, 0.09981367279825432, 0.09875068130997008, 0.10277424906144322, 0.12468781137164756, 0.12203475031237743, 0.09741281716022532, 0.12213576069003076], [0.11482016964015687, 0.11651294281471455, 0.10042809862107516, 0.09967515046044997, 0.1032871771716148, 0.12417022408024546, 0.12105113614790242, 0.09820176347879594, 0.12185333758504481], [0.11434552304288557, 0.11623169573381267, 0.10093729361104818, 0.10039723203555444, 0.10370770287108191, 0.1235565001601574, 0.12067152430318777, 0.09884516849405507, 0.12130735974821716], [0.11541549015489284, 0.11676766283752751, 0.09996259732613767, 0.09891238367808093, 0.10286510156880951, 0.12447948598099354, 0.12185149597677046, 0.09758667776574542, 0.12215910471104198], [0.11472582835683523, 0.11644316777419504, 0.100540621745729, 0.09980854756570492, 0.10336247959591388, 0.12410398193975607, 0.12088597567378033, 0.09833726641376012, 0.12179213093432545], [0.11468512220568, 0.11640045254678319, 0.1006071207011266, 0.09987121563133872, 0.10339838658299069, 0.1240383680416169, 0.12081039114639695, 0.09841300814117457, 0.12177593500289238], [0.1146020094708389, 0.11634870724175397, 0.10068643735891711, 0.09998216734181466, 0.10346027412650327, 0.12394544793679863, 0.12077070880454759, 0.09851343196046114, 0.12169081575836477], [0.11443625423029337, 0.11622952292027523, 0.10089659649642786, 0.10024648292153616, 0.10361566992004945, 0.12365593552172445, 0.12064823074702805, 0.0987700778513944, 0.12150122939127103], [0.11504248492876702, 0.11651738489714004, 0.10035229512015201, 0.09938915505706616, 0.10312538128062326, 0.12407312341595267, 0.12128157281479175, 0.0980589468803587, 0.12215965560514838], [0.11480161840889663, 0.1164075094751668, 0.10055286284672446, 0.09970383280080625, 0.1033005023599449, 0.12401238249373013, 0.12093655594471535, 0.09832103233367537, 0.12196370333634014], [0.11437677288913463, 0.1161599441170329, 0.10101612423813831, 0.10035845094021352, 0.10368349038023165, 0.12349509330980535, 0.12055723487389895, 0.09890571356932568, 0.12144717568221901], [0.11517566286660212, 0.11652951076039063, 0.10026598716489411, 0.0991948757668521, 0.10301180884403512, 0.1241698991780999, 0.12142901463576981, 0.09793214116306694, 0.12229109962028907], [0.11486929986997155, 0.11640270488927776, 0.10054050163105392, 0.0996188349584651, 0.10325258150021706, 0.12395158217712167, 0.12100027624567296, 0.09828747029102206, 0.12207674843719794], [0.1147511044258712, 0.11629955064828223, 0.1006933602498145, 0.09977728952932377, 0.1033400328127879, 0.12386961737475975, 0.12078511647554407, 0.09846607183778736, 0.12201785664582922], [0.11462740232099108, 0.11620937836985008, 0.1008328597893457, 0.09994618783279283, 0.10343462114717293, 0.12383407625032092, 0.12057539752049326, 0.09863561833506737, 0.12190445843396586], [0.11486283757407263, 0.11620488087091625, 0.10061760598317371, 0.09947980919249394, 0.10314035271527859, 0.12416920968399314, 0.12086242046477287, 0.0983272215688215, 0.12233566194647741], [0.11440926741976007, 0.11596172700435153, 0.10114524780431847, 0.10021736237088019, 0.10357923489572005, 0.12368715059693759, 0.12026849816067835, 0.09898946067994555, 0.12174205106740818], [0.11449051699610235, 0.11591684451468212, 0.10109176193297632, 0.10001637832024633, 0.1034463865421015, 0.12394981854946376, 0.12021608594672033, 0.0988925604186857, 0.12197964677902162], [0.11549004405251241, 0.11627654667760969, 0.10017551942665702, 0.09846622855110533, 0.1025301472994172, 0.12500000000000003, 0.12141197707723077, 0.09767659569504651, 0.12297294122042118], [0.1145423341342424, 0.1159092089045513, 0.10102444908740603, 0.09988077911160902, 0.10335667892331551, 0.12409458658250025, 0.12028405329282744, 0.09879939200319211, 0.12210851796035593], [0.11542319791460003, 0.11612274499467191, 0.100335446561876, 0.09850880268957024, 0.10254204799146904, 0.12475575956897687, 0.12129332973671492, 0.09783199813483197, 0.12318667240728903], [0.11444536385684519, 0.11576358267684336, 0.10122483851817143, 0.10001994523651958, 0.10343457718536163, 0.1239922806798791, 0.120052819949222, 0.09901599123087623, 0.12205060066628143], [0.11507826890978434, 0.11595687990248384, 0.1004804321040549, 0.09880879569115335, 0.10268060270633535, 0.125, 0.12089721991338856, 0.09804649318391363, 0.12305130758888602], [0.11481611537475281, 0.11584866268704931, 0.10077471680765819, 0.0992740924547747, 0.10296524930078679, 0.12459343494234466, 0.120561699144233, 0.098426541380531, 0.12273948790786952], [0.11504737546408604, 0.1159037177295292, 0.10053353963682181, 0.09882999630455311, 0.10268787035495659, 0.12490886319248085, 0.12090045625671482, 0.09810036519710306, 0.1230878158637545], [0.11445239382898131, 0.1156769455897169, 0.10126055835321596, 0.09994440497464589, 0.10337764073559046, 0.12408931399082318, 0.12000281059634757, 0.09903125195315435, 0.12216467997752437], [0.11464508357274192, 0.11556544264121668, 0.10094002885798506, 0.09927546331119501, 0.10291901902076969, 0.1248185272370212, 0.12046744214127528, 0.09858594648038298, 0.1227830467374122], [0.11469121899795316, 0.11554647976217886, 0.10085497126489343, 0.09910480997559787, 0.10280131577763149, 0.12500000000000003, 0.12059953298192952, 0.09846974252952155, 0.1229319287102943], [0.1144982876649831, 0.11548948713701665, 0.10121739058625424, 0.09962382282030902, 0.10314421074921347, 0.12438452555237219, 0.12021560237846916, 0.09891988200976062, 0.12250679110162155], [0.12370266426518967, 0.10542663315069462, 0.12108860116383453, 0.11259930781949516, 0.11664456695138285, 0.09574945972177484, 0.10348628319183259, 0.1241935977785028, 0.09710888595729293], [0.12322368302658854, 0.10594779577324052, 0.11935644604151341, 0.11217149546978956, 0.1166688844339583, 0.09605734436591042, 0.10412113861887183, 0.12499999999999999, 0.09745321227012732], [0.12361849596814092, 0.10560297395579744, 0.12016353554788092, 0.11231351969912962, 0.11663175552419909, 0.09577929335864982, 0.10372366016935217, 0.125, 0.09716676577685002], [0.12363494568485583, 0.10542221049261259, 0.121113693411402, 0.11257330746476553, 0.11659539906502173, 0.09580363757374653, 0.1035236376806079, 0.12416615759380484, 0.09716701103318291], [0.12359552594831702, 0.10542667142024985, 0.12109250678131261, 0.11253447343133924, 0.1165627262867678, 0.09584224693104276, 0.10355912619095484, 0.12417724147899989, 0.09720948153101622], [0.12344509693666549, 0.10537254468459241, 0.12142071364730225, 0.1126784345168156, 0.1165026134307856, 0.095905333935152, 0.10353132069199804, 0.12387742792322044, 0.09726651423346827], [0.12333137637084565, 0.1057633170861865, 0.11988543794714039, 0.11215183588708673, 0.11650529619104845, 0.09611726539435568, 0.10405377220658805, 0.12467019360741935, 0.09752150530932921], [0.12287522860464792, 0.10609917969855119, 0.11910114891423913, 0.11201297387027243, 0.11647923635647348, 0.096442883613968, 0.10448602905969438, 0.12464371431250909, 0.0978596055696444], [0.12326499619432421, 0.10542399177741202, 0.12118008901051572, 0.11240575799075195, 0.11632748493528176, 0.09613484157176534, 0.10376420077680142, 0.12397800137122905, 0.09752063637191842], [0.12321280797388243, 0.10552361721816153, 0.12071338983338074, 0.11216120600550349, 0.11626346968388335, 0.09625010057675383, 0.10396358524912674, 0.12425471719902245, 0.09765710626028547], [0.12310616205779516, 0.10552131064677048, 0.12078150197718088, 0.11212219159860376, 0.11618823808417096, 0.09635903418106584, 0.10402909032437622, 0.12412211657247647, 0.09777035455756045], [0.12277614855189604, 0.10489855824598254, 0.12232904500903992, 0.1127214237705988, 0.11664287420008836, 0.09587808526221508, 0.10328093499452468, 0.12421582150496413, 0.09725710846069047], [0.12285825496810976, 0.10583721412494085, 0.11990050160803283, 0.11183455452246503, 0.11614182072589523, 0.09664214117522281, 0.10448818445126191, 0.12421439136798273, 0.09808293705608888], [0.12215585938706043, 0.10604534893230118, 0.11957008568801421, 0.11144425970928314, 0.11590466230937638, 0.09676095970694516, 0.10487224666372753, 0.125, 0.09824657760329196], [0.12265989569052194, 0.10588769529883853, 0.11994065330940763, 0.11168172349447725, 0.11603180906790606, 0.09676817056155265, 0.10464334861732555, 0.12416193963772736, 0.09822476432224293], [0.12286159437544682, 0.10544773312415479, 0.12121910182775524, 0.1122399497786373, 0.1160462294602646, 0.09653112608515374, 0.10404721830458627, 0.12366825877025793, 0.09793878827374336], [0.12257213700374668, 0.10490962466367537, 0.12220236282913198, 0.11254060604650813, 0.11644531649826607, 0.09604266586370967, 0.1034292834519903, 0.12441876494893708, 0.09743923869403473], [0.12283282119238463, 0.10546860964238251, 0.12113789252089699, 0.11217415805249822, 0.11601732529673046, 0.09658146446965415, 0.10410451537987159, 0.12368871341175142, 0.09799450003383026], [0.1225786127968049, 0.1058313766725157, 0.12018620894620265, 0.11161801085635548, 0.11591550688059167, 0.09686110791219872, 0.10468062225393127, 0.12400209462721103, 0.09832645905418846], [0.12238588188376837, 0.10589843262377989, 0.1199986882896524, 0.11147369267526265, 0.11585087600343527, 0.09687701205408068, 0.10479843733272538, 0.1243588770038629, 0.09835810213343237], [0.12237371900387785, 0.10483016479584156, 0.12226022907848394, 0.11244651369170715, 0.11635271749628993, 0.09611190369222666, 0.10345403464823814, 0.12465052947545201, 0.09752018811788271], [0.12241069832625738, 0.10516683463564258, 0.12162315650582428, 0.11218874765081298, 0.1160135215939103, 0.0965014197992363, 0.10391191235214259, 0.12425792563045478, 0.09792578350571882], [0.12248334181592911, 0.10569817605895176, 0.12056924169796138, 0.11156599362337016, 0.11575773576846868, 0.09693475075951449, 0.10465206747214038, 0.12393077002249904, 0.098407922781165], [0.12252205455541709, 0.10564397000308415, 0.12064533809359433, 0.11162625897597389, 0.11576440727857241, 0.09690422253065271, 0.10457595418699336, 0.12394677717142749, 0.09837101720428444], [0.12246241614567747, 0.10533349853879612, 0.12131804210045383, 0.1120563905805197, 0.11583554735775818, 0.0967143235226763, 0.10414934013736751, 0.12398389649205248, 0.09814654512469843], [0.122123446702311, 0.10588498716750315, 0.12019762446821132, 0.11127507370321864, 0.11563729517291113, 0.09704745734272743, 0.10496399168409103, 0.12431716117644377, 0.09855296258258255], [0.12220460222749435, 0.10473845114581098, 0.12240252362229659, 0.11244581024769963, 0.11634097127432495, 0.0961488526303409, 0.10342910736553489, 0.12472833299235371, 0.097561348494144], [0.12250195552685614, 0.10553222015385905, 0.12087144956014179, 0.111767585442526, 0.1157431023345801, 0.09691665383810992, 0.10444250698928811, 0.12385764096389536, 0.09836688519074357], [0.12176331618735012, 0.10598006618846333, 0.12021051300201972, 0.11107983444137982, 0.11547375289716721, 0.09716708860799886, 0.10519006955867077, 0.12443767183692796, 0.09869768728002211], [0.1222103358410667, 0.10580134665575602, 0.12050188379399088, 0.11131277960950625, 0.11561557002663218, 0.0970911598888435, 0.10489955395851594, 0.12397664594752349, 0.09859072427816493], [0.12241468382903802, 0.1055811125391259, 0.120804509678023, 0.11154907884049049, 0.11565971525624345, 0.09693508745080974, 0.10458034911355697, 0.12406497385577876, 0.09841048943693363], [0.12212965898534751, 0.10478464722318313, 0.12221163304298278, 0.11230039583904224, 0.11619006156823608, 0.09625302999919974, 0.10355038525043893, 0.12490268891265247, 0.09767749917891712], [0.1224280663317677, 0.10551513717709242, 0.12093546144292477, 0.11167668141213125, 0.11567264796554864, 0.0969383493163, 0.10447946359326585, 0.12395548528390349, 0.09839870747706589], [0.12174054182966049, 0.10595646104384196, 0.12030806354003888, 0.11104455614442435, 0.11542580344086119, 0.09721115302323359, 0.10520959487591403, 0.12435782422882953, 0.098746001873196], [0.1222591608821614, 0.10563938017031038, 0.12076972402294392, 0.11136085178771846, 0.11556151051452306, 0.09701781366070208, 0.10473884524879006, 0.12413882154382862, 0.09851389216902202], [0.12205005915022987, 0.10479452473634492, 0.12213242128886968, 0.11222094001647429, 0.11610422945331689, 0.09632461939424732, 0.10361680638394079, 0.125, 0.0977563995765763], [0.12197223764298994, 0.10483284270237, 0.12206255629632363, 0.11216386802374405, 0.11603456642442828, 0.09643984570460225, 0.10371373608712436, 0.1249037532133535, 0.09787659390506379], [0.12220832878213654, 0.10546460695994661, 0.1211197721857088, 0.11142981552415371, 0.1154709154848686, 0.09700631181642827, 0.10458238986848813, 0.1242234554175092, 0.09849440396076017], [0.12206560927506285, 0.10561314269652079, 0.12090335745474329, 0.11118256423756932, 0.11540321519124638, 0.09710298569613997, 0.10483701036511164, 0.12427327412894786, 0.098618840954658], [0.12138363151025011, 0.10601808162967945, 0.12051640536848489, 0.11082504477789969, 0.1151930246799712, 0.09746109553289559, 0.10547932268107015, 0.12410012888321267, 0.09902326493653626], [0.12191270108709003, 0.104980068786631, 0.12181221562470425, 0.11204239935415902, 0.11588510382039137, 0.0966542422761176, 0.10394004209602901, 0.12467384044203479, 0.09809938651284292], [0.1221283018254029, 0.10546171352189194, 0.12114904485325599, 0.1113201200861642, 0.11539944534310338, 0.09702970855924863, 0.10463918420128741, 0.12434218315814356, 0.09853029845150203], [0.12158185820606691, 0.10590549233435566, 0.12063416135804875, 0.11089466667383208, 0.11523655679645435, 0.09739513305958492, 0.10532746021927283, 0.1240766547158721, 0.09894801663651251], [0.12137924336400713, 0.10615752479571067, 0.12038306350131414, 0.11061489434606347, 0.11500749831384634, 0.09761095784413534, 0.105755529189513, 0.12389386975519272, 0.09919741889021719], [0.12206738583301775, 0.10549020310293487, 0.12111179606814677, 0.11122069382317377, 0.11535537388275514, 0.09705574449099466, 0.10471460837800955, 0.12441652074442541, 0.09856767367654205], [0.12199075054910803, 0.10522445546210778, 0.12150523509571619, 0.11181329701740997, 0.11559318765556552, 0.09696624075017027, 0.10430563432417476, 0.12417355498720026, 0.09842764415854723], [0.12124027578853551, 0.10605855058876316, 0.12057976103191956, 0.11055134321820911, 0.11493060442825705, 0.09761407444028537, 0.10571656903609603, 0.1240998923511969, 0.09920892911673744], [0.12118707719338004, 0.10597034264699583, 0.12069992396713494, 0.1106456796266314, 0.11500599189339543, 0.09755071472172018, 0.10557418565763611, 0.12423153104695786, 0.09913455324614831], [0.12166515725596803, 0.10471767166239596, 0.12218208413761673, 0.11213506270889143, 0.11597462903599588, 0.09657219782292122, 0.10373669614961799, 0.125, 0.09801650122659276], [0.12171771670678105, 0.10497884241052488, 0.12178970909756767, 0.11196109138571159, 0.11578947046150358, 0.09683677493581111, 0.10406167673135025, 0.12457409239355674, 0.0982906258771931], [0.12143212974883694, 0.10581156739378067, 0.12088553356633149, 0.11073364986064306, 0.11505538613961389, 0.09746770699709936, 0.10536989194258395, 0.1242048302971397, 0.09903930405397093], [0.12185328793615201, 0.10538913258934691, 0.12138892196822113, 0.11105395405352002, 0.1151566325703244, 0.09712282291564299, 0.1047510865022432, 0.12463114699789729, 0.09865301446665203], [0.12170051131125295, 0.10506571708002312, 0.12180625058064967, 0.11180644276925107, 0.11560954229972381, 0.0969738831274778, 0.10423094899388619, 0.1243659100440035, 0.09844079379373187], [0.12175969169740865, 0.10545216465923851, 0.12130916489160509, 0.11092139686308115, 0.11510115267868946, 0.0971874791818726, 0.10488363139437455, 0.12465256850740597, 0.09873275012632411], [0.12121393311924629, 0.10583333866602836, 0.12092248735855983, 0.11058443074680913, 0.11492265969763418, 0.09752960376862625, 0.1054937277653132, 0.12437973071479072, 0.09912008816299217], [0.12168308239167665, 0.10539067312113216, 0.12144411093214004, 0.11086395727987611, 0.11501968185170136, 0.09719675733441016, 0.10487200872327793, 0.12478137301935481, 0.09874835534643056], [0.1217389682345677, 0.1053253659544091, 0.12159586863361874, 0.11100768621418486, 0.11505633448323241, 0.09717892163661396, 0.10475308993383863, 0.12463024837068828, 0.09871351653884634], [0.12093879323330764, 0.10587631106604624, 0.12096760185992211, 0.11039013482630575, 0.1147399909520092, 0.09765083184200112, 0.1056835327803743, 0.1244873986051869, 0.09926540483484664], [0.121762423289336, 0.10530227786393395, 0.12171621751230241, 0.11126043988965492, 0.11511578773062137, 0.09722932054105497, 0.10466572792853844, 0.12420883875407292, 0.09873896649048503], [0.12093637058763769, 0.10592106661603365, 0.12092989235720278, 0.11030974357535596, 0.11466767596837937, 0.09771013337460563, 0.10578580498957342, 0.12440485335303876, 0.09933445917817259], [0.12148515391793542, 0.10496649898975871, 0.12201535422271556, 0.1117572131667586, 0.11556844346554153, 0.09700232784771054, 0.10420885358225954, 0.12452006897084525, 0.09847608583647484], [0.12142815055691049, 0.10561923921180351, 0.1212502612575044, 0.11066060966449338, 0.1149209543515794, 0.09749600741125346, 0.1052661961662989, 0.12428669719964505, 0.09907188418051154], [0.12135722172242668, 0.10567916751993876, 0.1212098991501419, 0.11062893319786077, 0.11490006401325047, 0.09755734318786044, 0.10535955932192133, 0.12416895236652034, 0.09913885952007943], [0.12138675888774172, 0.10565675642390784, 0.12121926210798945, 0.11064449822674689, 0.1149085093791325, 0.09754229252411983, 0.10532597544291923, 0.12419479853431153, 0.09912114847313078], [0.1216097047071287, 0.10526988083199633, 0.12188267594970476, 0.11111447255042618, 0.11498306121716356, 0.09730546713800976, 0.10473902248247616, 0.12426562669654266, 0.0988300884265517], [0.12150143306574733, 0.1052995006067353, 0.12167717015656117, 0.11071627723359713, 0.11484802324341659, 0.09724572357859265, 0.10489839307311326, 0.125, 0.09881347904223656], [0.12151150407819986, 0.10528220513136685, 0.12177944221700703, 0.11078196297841211, 0.11485844924736417, 0.09727298580762407, 0.1048685787177486, 0.12481202536584488, 0.09883284645643223], [0.12126686498959127, 0.1047514378713115, 0.12223127887262097, 0.11177686413163068, 0.11557962759124117, 0.09693060098412548, 0.1040552307965853, 0.125, 0.09840809476289365], [0.12116975201936851, 0.10543068866166432, 0.12176821021494343, 0.11043971322666397, 0.11463607587366488, 0.09758827474391148, 0.10527374999037976, 0.12450624748139104, 0.09918728778801242], [0.12061727754374801, 0.10562973446143117, 0.12150556302046955, 0.11003692038504982, 0.11435392405245978, 0.09773926144802118, 0.10572205054334208, 0.12500000000000003, 0.0993952685454785], [0.12127337496749316, 0.1052552166899289, 0.12206108447126106, 0.11061782315377619, 0.11466903240924081, 0.09744811224684129, 0.10500370850726001, 0.12464593323919958, 0.099025714314999], [0.12116375112208927, 0.10535326771856833, 0.12191899100582743, 0.11045243833151233, 0.11460361805878934, 0.09755335466345913, 0.10519803480025565, 0.124605796465325, 0.09915074783417353], [0.1210766897809019, 0.10478751010628674, 0.12247313378913582, 0.11157766183692022, 0.11536384889787878, 0.09712060744343992, 0.1042364671098699, 0.12474802530686155, 0.09861605572870512], [0.120811429883596, 0.10556079513549797, 0.12172344032535445, 0.11017350009689089, 0.11442902613717795, 0.09778832317284625, 0.105612008221642, 0.12447655616028051, 0.09942492086671387], [0.12074452064005191, 0.10555337767141683, 0.121774525039187, 0.11012008097711908, 0.11437525646760881, 0.0978180061705409, 0.10564815897424173, 0.12450483471943209, 0.09946123934040164], [0.1208895324459522, 0.10549046622890118, 0.12188905952736584, 0.11024888732066004, 0.11444272865646324, 0.09784888895000388, 0.1055328644834458, 0.12418595708576119, 0.09947161530144664], [0.12110761098609597, 0.10521160960682732, 0.1223990520506663, 0.11061050272903669, 0.11455584614318783, 0.09760915086462575, 0.10504437640366963, 0.12427691113264325, 0.09918494008324728], [0.12108031983476691, 0.10522391275562791, 0.12236372093442703, 0.11053544804038198, 0.11452417615287092, 0.09761424711889222, 0.10509197961530799, 0.12436666120276643, 0.09919953434495862], [0.12055914618300691, 0.10552304111757244, 0.12198919365404833, 0.10997845165359865, 0.11421513734762671, 0.09794417778246453, 0.10575482341633818, 0.12443178437910198, 0.09960424446624239], [0.12099313216120242, 0.1050292381952623, 0.12263168625178289, 0.11091789958200537, 0.11465651482957771, 0.09753295806546787, 0.10480063073910016, 0.1243524378362046, 0.0990855023393967], [0.12089482671066469, 0.10522659008983129, 0.12243965180500327, 0.1103245952204876, 0.1143664324276351, 0.09771702940377498, 0.10523893845579999, 0.12446510730427132, 0.09932682858253178], [0.12074311596156162, 0.10543279245187903, 0.12212023835792585, 0.11013804957942668, 0.11430622272977015, 0.09793832546962944, 0.10558082380553359, 0.12416799561898856, 0.0995724360252851], [0.12035516995989173, 0.10549365686245908, 0.12220693151690858, 0.10982283711917676, 0.11404266649205337, 0.09807595457577889, 0.10587234475765317, 0.1243757485880186, 0.0997546901280598], [0.12083954272711737, 0.10504231155206965, 0.12278145030465756, 0.11072543586877465, 0.11444596180156778, 0.09767562591908877, 0.10494671988886478, 0.12429660132512306, 0.09924635061273637], [0.12068554464689715, 0.1049287871725678, 0.1229828575346055, 0.11069745468082201, 0.11443046867904515, 0.09765220380866131, 0.10488086231578565, 0.1245140717903131, 0.09922774937130233], [0.12059630572106579, 0.10473288484324683, 0.12309791672972645, 0.11087942934884469, 0.1146504431175847, 0.09744190368265832, 0.10459870115204452, 0.125, 0.0990024154048287], [0.11991682934743025, 0.10546459928565542, 0.12230632433973934, 0.10939381970216623, 0.11364948616744677, 0.09819904958080944, 0.1061374562050624, 0.12499999999999999, 0.09993243537169001], [0.120624644012627, 0.10495975857297031, 0.12302679542273584, 0.11060311873362634, 0.11432297349526896, 0.09774585504576785, 0.10497826573141743, 0.12440861341678236, 0.09932997556880391], [0.12036024679565425, 0.10526404539083307, 0.12260005046687604, 0.10982507985937978, 0.11395034367124356, 0.09808849807150288, 0.10566793362875951, 0.12448817996075656, 0.09975562215499431], [0.12052095156337952, 0.10488303246910523, 0.12317810492907154, 0.11059341348700677, 0.11432107366336618, 0.09772935408477637, 0.10492920799878494, 0.12452925522954421, 0.09931560657496524], [0.11995571212090911, 0.10539558452957239, 0.12263274597380293, 0.10949871302359813, 0.11368973278350034, 0.09828609959120199, 0.10605850358921821, 0.12447980388287741, 0.10000310450531961], [0.12038866389013234, 0.105046837463528, 0.12294083862553742, 0.10988791888160182, 0.11391613707713039, 0.09788891932689432, 0.10538497352097424, 0.125, 0.09954571121420144], [0.12047675839075851, 0.10503033099562702, 0.12313628437136523, 0.11016221186612819, 0.11402781776690844, 0.09790868745265006, 0.10525304170928541, 0.12447261265785456, 0.09953225478942263], [0.12040729938923994, 0.10485697364510617, 0.12331606898098044, 0.11052698726689582, 0.11424945326656995, 0.09779135356189668, 0.1049677599545608, 0.12449978035986267, 0.09938432357488776], [0.12036518002670687, 0.10481927558996822, 0.12338197277244632, 0.11054331483073783, 0.11427018710941306, 0.09777493976113784, 0.10493145107528226, 0.1245469302686895, 0.09936674856561789], [0.12034843256697815, 0.10498386717644427, 0.12336226948728587, 0.11031301197224413, 0.11400097132575869, 0.09800860405014265, 0.10522468889905624, 0.12413786637758774, 0.09962028814450208], [0.12027845110545213, 0.1047856343071119, 0.12349738971483715, 0.11052865913947595, 0.11425438803710984, 0.09780284671971608, 0.104929694700546, 0.12452664856853825, 0.09939628770721276], [0.12022920685894915, 0.10499627946662647, 0.1233710816771746, 0.10992016545575266, 0.11381744294031286, 0.09805453016042351, 0.1053955544661557, 0.12451294459482859, 0.09970279437977646], [0.1201935900655592, 0.10479000735078298, 0.12359738468577508, 0.1104573598195796, 0.11417335614501768, 0.09788391489902164, 0.10499672002676348, 0.12442360720050176, 0.09948405980699859], [0.11993764276432149, 0.10527246043882336, 0.12298649160456225, 0.10952150981222492, 0.11362427586981014, 0.09840379460342832, 0.1059764132507242, 0.12416796038559863, 0.1001094512705067], [0.12017375068590369, 0.1049935703884548, 0.12340856052657337, 0.10986308359012421, 0.11376953345429064, 0.09808954923593856, 0.10543607401046656, 0.12452145126477204, 0.0997444268434761], [0.12001770867982212, 0.10530539319846507, 0.12304145070824198, 0.10932549827720647, 0.11346634346038349, 0.0984356742768351, 0.10611198300086931, 0.12412633771353271, 0.10016961068464372], [0.11997695463684693, 0.10515696793866493, 0.12307386657873037, 0.1095605866682668, 0.11362464715644358, 0.09832465654092196, 0.10581425435167498, 0.12444884652252486, 0.1000192196059256], [0.1200282234238402, 0.10528509660664785, 0.12314807102824579, 0.10930936989730963, 0.11342957788703421, 0.09848228483481723, 0.10611481488323256, 0.12398624207974175, 0.10021631935913079], [0.12003783843423081, 0.10495762651856444, 0.12369625073509347, 0.10994605353765208, 0.11369382962124032, 0.09821278589833024, 0.10544018724252624, 0.12415562562181755, 0.09985980239054468], [0.11991501582283454, 0.1050668029281084, 0.12335935578878149, 0.1095619776516697, 0.1135608402385664, 0.09832146798674399, 0.10574062924176535, 0.12446042802248296, 0.1000134823190472], [0.11995765353839502, 0.10523274420908768, 0.12323063341310295, 0.10933570705624884, 0.11342561199643007, 0.0985065243348309, 0.1060687685019823, 0.12400862671261938, 0.10023373023730288], [0.11992293369550229, 0.10496499566385308, 0.12375237016091538, 0.1097402691066201, 0.11358518774745799, 0.09829187654453819, 0.10555668747225444, 0.12422759069492376, 0.09995808891393473], [0.1199307880263413, 0.10494931525275655, 0.12381317808693448, 0.10985107329123102, 0.11360688111344742, 0.09829013339791004, 0.10550708596830097, 0.12410513038271427, 0.09994641448036398], [0.11988107334837028, 0.10496049573930262, 0.12380782406269596, 0.10972127732667834, 0.11355426758162687, 0.09832516101875867, 0.1055772320092992, 0.12417928037514513, 0.09999338853812291], [0.12015163440239114, 0.1052250340686532, 0.12341997242072585, 0.10914621503488774, 0.11323887456578069, 0.0985605968870938, 0.10614389814297548, 0.12380284385013134, 0.10031093062736077], [0.11986497845025465, 0.10492549518374424, 0.12393786254886169, 0.10998369783395373, 0.11363722982484359, 0.09834920585637635, 0.10547324874038314, 0.12383490051175193, 0.09999338104983088], [0.11968680450306596, 0.10502060862499976, 0.12373273165322587, 0.10946038244735025, 0.11338857590008271, 0.09850569101054331, 0.10582727883833333, 0.12417208741596439, 0.10020583960643444], [0.1237434655662494, 0.11200011938503868, 0.11284180805182836, 0.10858421880007035, 0.11438979055818076, 0.10146371730780614, 0.11140718196374563, 0.112711793320509, 0.1028579050465717], [0.12382336086500442, 0.11203170336814525, 0.11280028297341887, 0.1085078812205982, 0.1143230303858177, 0.10150997869330802, 0.11146973117537093, 0.11262482860388047, 0.102909202714456], [0.12319860254921722, 0.11153160731679736, 0.11354217890691522, 0.10890054591231338, 0.11459102154697737, 0.1011339110987883, 0.11097535216861677, 0.11357155255115003, 0.10255522794922449], [0.12312780886628827, 0.11117099217299994, 0.11396400924190152, 0.10917209694976587, 0.11476409713018947, 0.10080339843931785, 0.1105815517699485, 0.11418283032024251, 0.10223321510934606], [0.12426336937470293, 0.11209065437324932, 0.11275835850438401, 0.1079552933005846, 0.11380602993926403, 0.10179068049959093, 0.11184961165364721, 0.11223355368388545, 0.10325244867069167], [0.125, 0.11250436070038565, 0.11210740913568076, 0.10740683591010622, 0.11334326697720706, 0.10222111332297004, 0.1124062327207167, 0.11132346537793528, 0.10368731585499827], [0.12351301898794659, 0.11158974415191082, 0.11356146437967257, 0.10835879997408424, 0.11409004778586415, 0.10141938299450681, 0.11134951540256666, 0.11321336121079, 0.10290466511265817], [0.12353613862051836, 0.11157322472752668, 0.11360658126512738, 0.1082731459509491, 0.11400376282225137, 0.10145813199067402, 0.11139789455199717, 0.11319362236428025, 0.10295749770667569], [0.12262141680316312, 0.1108894096548156, 0.11463635071690542, 0.10890756831156441, 0.1143981383375716, 0.10090668534626333, 0.11064753933720715, 0.11457481725237742, 0.10241807424013197], [0.12361689632479823, 0.11157375219997646, 0.11364292447043352, 0.10808129496470596, 0.11381817622507692, 0.10156174879980803, 0.11152742164200208, 0.11309037852758103, 0.10308740684561775], [0.12281135159004912, 0.11087845043513313, 0.11468103776068798, 0.10869608287963962, 0.11420421924640561, 0.10098375081361446, 0.11075917561889924, 0.11446296934292022, 0.10252296231265058], [0.12296774552403322, 0.11105932200203365, 0.11444468116073411, 0.10849629507818337, 0.11406826134631706, 0.1011665901050809, 0.11099389534491316, 0.11409316627208892, 0.10271004316661589], [0.1