[[0.11377918101170942, 0.10160663040238188, 0.11741288327784828, 0.10827642092428262, 0.09919660651293466, 0.11916787569256389, 0.09655734501529002, 0.1234272148171485, 0.12057584234584072], [0.11430223654147639, 0.10073017738497327, 0.11792270915088343, 0.10820564449373694, 0.09800074910919188, 0.11927569180195317, 0.09534338419217885, 0.12485388547097488, 0.12136552185463118], [0.11378197133171598, 0.10162699402663057, 0.11727067131700324, 0.10828120728552762, 0.09922376330038442, 0.11935208529321005, 0.09670991032959667, 0.12335110986128699, 0.12040228725464447], [0.11389505625821071, 0.10148753383923004, 0.11737580015570075, 0.10828727872654967, 0.09902640318206452, 0.11939059309421209, 0.09650465366601468, 0.12364237806455018, 0.12039030301346747], [0.11433634691597885, 0.10064494153915031, 0.11786562445823821, 0.10818402383429772, 0.09789120989549299, 0.11940072988203662, 0.09531078895411489, 0.125, 0.12136633452069039], [0.11424267475331333, 0.10083975583826145, 0.11769775175203728, 0.10820907886023942, 0.0981536796662337, 0.11946597990089554, 0.09564831015085679, 0.12464685320315644, 0.12109591587500618], [0.11385542874880399, 0.1015618861788512, 0.11725475840776839, 0.10829304550241343, 0.09912825387102259, 0.11948689533370085, 0.09668303989033318, 0.12347337233005273, 0.12026331973705365], [0.11390397393592717, 0.10144866526636986, 0.11719779770226553, 0.10826795287897319, 0.09898082912108762, 0.11966240412328244, 0.09663538970829681, 0.12364074624335394, 0.12026224102044342], [0.11357950506075506, 0.10179664572294175, 0.11677769847159997, 0.10822686724899822, 0.09948365348609813, 0.11961040278272819, 0.09724639592872282, 0.12323239322598592, 0.12004643807216996], [0.11412690273653615, 0.10109224917542686, 0.1172900279331696, 0.10823814236396134, 0.09849576978367168, 0.11991525398208124, 0.09626614747104832, 0.12399155444453919, 0.12058395210956573], [0.11457145585369877, 0.1005566614682085, 0.11764342854828537, 0.1082641014302804, 0.09773725928729962, 0.12001583877607455, 0.0955320432433249, 0.1243706491184961, 0.12130856227433177], [0.11362329473041798, 0.10173892090589508, 0.11672434348637604, 0.10822476262823119, 0.09940397772700087, 0.11975778904855497, 0.0972492370885155, 0.12337311057495583, 0.11990456381005232], [0.11443006854591353, 0.10070713947702306, 0.11746746310863994, 0.10824421298982641, 0.09795580436495245, 0.12004446778734638, 0.09580541168847324, 0.12432064405461138, 0.12102478798321362], [0.11428188423279978, 0.10088437274305233, 0.11724644120015745, 0.10823144315508501, 0.09820871947963639, 0.12020294838179056, 0.09614637258072595, 0.12410960078317806, 0.12068821744357447], [0.11493796051565551, 0.10038228945927546, 0.11770794872480804, 0.10839432322113828, 0.09744102480017437, 0.1203640737544474, 0.09542779640125901, 0.12377152009340288, 0.12157306302983892], [0.11398759320207964, 0.10115778758575657, 0.11697763227061787, 0.10817925160590555, 0.09861170962179887, 0.12014786867233024, 0.09655456190541226, 0.12417345489114999, 0.12021014024494892], [0.11481970441901061, 0.10044690746721734, 0.11758629168836708, 0.1083517263139638, 0.0975488500473101, 0.12040130445084402, 0.09556613660891215, 0.12389394448258058, 0.12138513452179435], [0.11460478883636917, 0.10060111500434821, 0.11740797349596885, 0.1082927337882793, 0.09778837177485634, 0.12036988376470488, 0.09581934156207592, 0.12404130096756698, 0.12107449080583044], [0.11357116967084929, 0.1018109746363006, 0.11647010077159954, 0.1082217548764983, 0.09950542424765953, 0.11995545084577665, 0.09754372329504936, 0.12330234505187143, 0.11961905660439531], [0.11450689941269991, 0.10070282772040806, 0.11728818423113108, 0.10827860394344345, 0.09793620041626816, 0.12041256734555737, 0.09600660944795468, 0.12398433387182876, 0.12088377361070851], [0.11404465927240418, 0.10100794261746726, 0.1168959354330411, 0.10814304151930741, 0.09841743361282985, 0.1203687357774345, 0.09648668793298638, 0.12442520327402196, 0.12021036056050739], [0.11444647887855051, 0.10071885410242676, 0.11720506974388734, 0.10824931253801721, 0.09797059117591334, 0.12046887891276628, 0.09607123164137492, 0.12409748096635388, 0.12077210204070966], [0.11353291653560464, 0.10187147346015334, 0.11639189429424125, 0.10822553099799556, 0.09958812031989546, 0.11995936478530322, 0.09766538069039227, 0.12319804246086258, 0.11956727645555165], [0.1142701755560211, 0.10077913058028366, 0.11701674991482901, 0.10817186371340061, 0.09808638656049752, 0.12052762741930285, 0.0962243851737046, 0.12442721758944789, 0.12049646349251286], [0.11406397335934607, 0.1009414862266481, 0.11683730259948752, 0.10812320883442648, 0.09833275990075854, 0.12048810831540256, 0.09647321655475682, 0.12455497482791521, 0.12018496938125858], [0.11380620652216156, 0.1013757889329445, 0.11657073484281814, 0.10816395092901435, 0.09892178254765041, 0.12037494273831571, 0.0970940498835015, 0.12400985924091604, 0.11968268436267761], [0.11365439833785797, 0.10170197209926163, 0.11642158944521937, 0.10821965010994358, 0.099353874884501, 0.1202104361781147, 0.09752627929945064, 0.12352266906805709, 0.11938913057759384], [0.11472943183776256, 0.10056263573135683, 0.11724359632578293, 0.10834033290648648, 0.09771541031580812, 0.12075275471967348, 0.09598166555299245, 0.12371204229175538, 0.12096213031838175], [0.11430672450117305, 0.10071255202655889, 0.11693471020195347, 0.10816106164299567, 0.0979978276243182, 0.12069843004797788, 0.0962389028124226, 0.12449850741076919, 0.12045128373183105], [0.11376514342082092, 0.10145436978635675, 0.11648198443725354, 0.10817391311643285, 0.09902712545619266, 0.12040275730025085, 0.09724844150701484, 0.12388857455549586, 0.11955769042018172], [0.11392985290295202, 0.10111391463607303, 0.11662383102404199, 0.10811921792774032, 0.09857467919878977, 0.12056046940297138, 0.09680618371602234, 0.12440156838742057, 0.1198702828039886], [0.1140833721912481, 0.1008538652045432, 0.11673913802000738, 0.10809342988601492, 0.09822250499058481, 0.12066562989846716, 0.0964708239881591, 0.12474440936135053, 0.12012682645962483], [0.11422910049083475, 0.10072767710207677, 0.11682537220375362, 0.10812167065484414, 0.09803492612461605, 0.12075566495560194, 0.09631717916825364, 0.1246800043195543, 0.12030840498046469], [0.11352596548141615, 0.10191322490138408, 0.11620448592801555, 0.10823744191362973, 0.09964066033622362, 0.12015967177681779, 0.09790178020439629, 0.12313045968215461, 0.11928630977596218], [0.11380819665491465, 0.10135185616048722, 0.11643385455344704, 0.10815232716855949, 0.0988926458883266, 0.1205679134568787, 0.09720194566222976, 0.1240265664609278, 0.11956469399422878], [0.1135547606019083, 0.10187657879975415, 0.11619257056780179, 0.10823746768251993, 0.09958935205583508, 0.12024406051255909, 0.09789267322442032, 0.12319536131322728, 0.11921717524197407], [0.11441416187224827, 0.10061835295619949, 0.11681653827141714, 0.10817763169707782, 0.09785927827618397, 0.12101354479880506, 0.0962890833387736, 0.12441177096999667, 0.12039963781929797], [0.1141155761856756, 0.10073186141463794, 0.11661363782111121, 0.1080556361792939, 0.09806734887239357, 0.12090307562351743, 0.09645831951050679, 0.12499999999999999, 0.12005454439286348], [0.11386278389230149, 0.10123277490304984, 0.11642369108693154, 0.10813058522023777, 0.0987352332492555, 0.12070307526475633, 0.09710361512559858, 0.1241926697769459, 0.11961557148092306], [0.11500342278086391, 0.10043056818418312, 0.11714994226994867, 0.10843422108640628, 0.09749254141871802, 0.12120956877140615, 0.09601804840029415, 0.1232864223983509, 0.12097526468982878], [0.11426164814396243, 0.10066755651325339, 0.11667296612210912, 0.10811074643699854, 0.0979550511754159, 0.1210297095813845, 0.09640413388980994, 0.12471172663220342, 0.12018646150486276], [0.11471424144664842, 0.10051854691300885, 0.1169224260162364, 0.10830504725627994, 0.09766784421364594, 0.12117677628826377, 0.09621203801702499, 0.12385168533752929, 0.12063139451136237], [0.11445153991180274, 0.10059438801061125, 0.11675323013641054, 0.10818710859905015, 0.09782171055181936, 0.12115611557927501, 0.09633726938370868, 0.12434490966987388, 0.1203537281574483], [0.11376407547463645, 0.10145431226558582, 0.11623250361640751, 0.10817035450131816, 0.0990272356959067, 0.12072706081435763, 0.09749672993519112, 0.12380222222811457, 0.11932550546848202], [0.11425052666647656, 0.10070007305631955, 0.11643777311934898, 0.10811591782321017, 0.09799719406398066, 0.12136889876990561, 0.09666214379915881, 0.12453387468447108, 0.11993359801712866], [0.11355353679723532, 0.10195866072126822, 0.11594061815953409, 0.10827178616682842, 0.09968790492813845, 0.12050353892865007, 0.09824949115502718, 0.12300413945762897, 0.11883032368568928], [0.11512214176970546, 0.10022133018868963, 0.11681267700802182, 0.1084041231811557, 0.09721169293465787, 0.12177887712458126, 0.09609467357476904, 0.12367859483492906, 0.12067588938349004], [0.11518763236792907, 0.10018318098424463, 0.11683233172464505, 0.10842480132884949, 0.09715001942816634, 0.12181160422259345, 0.09605024372006608, 0.12364357716922078, 0.12071660905428515], [0.11364189009855218, 0.10175985964763663, 0.115981361270174, 0.10823456735831213, 0.09942574632405776, 0.12070639108568319, 0.0980343752189487, 0.12326981593994267, 0.11894599305669273], [0.11490617021812957, 0.10037427373084357, 0.11672035577986307, 0.10834766443948235, 0.09744800661686427, 0.12166988112512296, 0.09629470097049465, 0.12374277109081598, 0.1204961760283836], [0.11450535564082474, 0.10057761540758771, 0.11650876457881633, 0.10820744920798572, 0.09778867792323194, 0.12160122400227454, 0.09657174759116907, 0.12412138980665734, 0.12011777584145263], [0.1150447216756119, 0.10024954365514145, 0.11673071753999575, 0.10837170125499451, 0.09726401224445606, 0.12181180214830138, 0.09617695924638886, 0.12378599576483104, 0.12056454647027903], [0.11393494861802717, 0.1011454658165182, 0.11616012958404202, 0.10813108435557763, 0.09861134018630857, 0.1212049842699706, 0.0973023745436797, 0.12409433697628758, 0.11941533564958856], [0.11369805983962582, 0.10163816029259459, 0.11598928636338453, 0.10821297673372726, 0.09926462340090489, 0.12084841070131688, 0.09791925420722852, 0.12341639578390934, 0.1190128326773082], [0.11442814762809, 0.10063258078978322, 0.11634981902068965, 0.10818690813645343, 0.09787287590930702, 0.12175223339470649, 0.0967531611474135, 0.12411115765245928, 0.11991311632109743], [0.11451771403666985, 0.10059082045447108, 0.11637473480243632, 0.10821971152482693, 0.09780111245845048, 0.12182734157203534, 0.09672054635548567, 0.12397367678091281, 0.11997434201471151], [0.11480337666696956, 0.10035731874621083, 0.11645337208363321, 0.10828009709987185, 0.09745054345619118, 0.12196319839884293, 0.09647488005826403, 0.12403186884983226, 0.12018534464018404], [0.11431113696639085, 0.10072474645439837, 0.11622879825094497, 0.10816053730686724, 0.09801164085464019, 0.12177240430726399, 0.09692519135764556, 0.12413781307312298, 0.11972773142872573], [0.11495345803187362, 0.10023392305774285, 0.11649484753776847, 0.10831151961633317, 0.09726553987751949, 0.12202396680492106, 0.09633606413258722, 0.12409183489351347, 0.12028884604774065], [0.1142077850895377, 0.10082376603031647, 0.11615358838953854, 0.1081451318249705, 0.0981557818825103, 0.12172010329208992, 0.09706708691534544, 0.1241350901531187, 0.11959166642257232], [0.11378872165939245, 0.10148494703591446, 0.11590733095891796, 0.10819751839494589, 0.09905598720298316, 0.1211707583726632, 0.09787762610771822, 0.12350310095246603, 0.11901400931499864], [0.11482155736336604, 0.10031742076484337, 0.11640513894376221, 0.1082728377313312, 0.09739746233352249, 0.12204388998282754, 0.09647490906277652, 0.12412130659941081, 0.12014547721815995], [0.1141170589655167, 0.10093482338760809, 0.11608530024054597, 0.1081423135471368, 0.09831156435752736, 0.1216579700485551, 0.0972221660521947, 0.12406650828538693, 0.11946229511552835], [0.11407947617856852, 0.10099273107837264, 0.11604459618952974, 0.10814646034610685, 0.09839039880413246, 0.12164252053757771, 0.09731281651775728, 0.12399857491906129, 0.11939242542889354], [0.11400764939664718, 0.10109983307021844, 0.11600053062664445, 0.1081527144050056, 0.09853709506077638, 0.12155763559671458, 0.0974474636868659, 0.12390300683833133, 0.11929407131879614], [0.1138659342679073, 0.10135382841932658, 0.11589743054315463, 0.10818403408910761, 0.09887812795039289, 0.12136874913530657, 0.0977768870455994, 0.1236050427865247, 0.11906996576268027], [0.11442888517689236, 0.10063205100388478, 0.11616214208850145, 0.10818722978597246, 0.09787041315418901, 0.12204070503293772, 0.0969306845152921, 0.12403430682024655, 0.11971358242208344], [0.11419394546539732, 0.10087432328268335, 0.11605304605475181, 0.10815984980848109, 0.09821936655966883, 0.12183844790571904, 0.0972204529260152, 0.12397164060657617, 0.1194689273907072], [0.11381552802617882, 0.10146449867983025, 0.11583416656092382, 0.10820437293425067, 0.0990237146081432, 0.12131624546652188, 0.09794407565952756, 0.12343963383871213, 0.11895776422591167], [0.11455950494864257, 0.1004905718851788, 0.11617497880259724, 0.10819963719093713, 0.09766769975816866, 0.12217771871300982, 0.09679921711166037, 0.12413515534439337, 0.11979551624541213], [0.11426154505995315, 0.1008200436285575, 0.11604995398064653, 0.10817473899096458, 0.098137248150545, 0.12195680610281766, 0.09719144310976029, 0.12390856511944452, 0.11949965585731069], [0.11414947039393718, 0.10095803591506625, 0.11595036072433411, 0.10817194355103983, 0.09833027389714352, 0.12189816921717478, 0.09740114059315241, 0.12381461821242293, 0.11932598749572902], [0.1140393707981643, 0.10111605962118266, 0.11586936127843718, 0.10817907514390492, 0.09854734678336798, 0.12178472434871973, 0.09761585650845608, 0.1236824749296726, 0.1191657305880946], [0.11426675134475882, 0.10074074320721191, 0.11585745288764453, 0.1081383812765688, 0.09803948400164586, 0.12223041429910575, 0.09727358380876504, 0.1241363915038439, 0.11931679767045518], [0.1138747021951423, 0.10144422685354623, 0.1156628303261507, 0.10823089241635586, 0.0989820744009789, 0.12163431033926593, 0.09812928929491223, 0.12322982474885956, 0.1188118494247883], [0.11396507822296666, 0.10129361718280222, 0.11561805481787256, 0.10820883593682083, 0.09878001182119651, 0.12188029249354092, 0.09803375821392511, 0.12338876280918418, 0.118831588501691], [0.11493240526338887, 0.10000102863118382, 0.11582704862318594, 0.10816398968820459, 0.09699487418535101, 0.12289381378140075, 0.09661001043873738, 0.12500000000000003, 0.11957682938854772], [0.11401850834788478, 0.10118497991197047, 0.11560920717871562, 0.10818830618770854, 0.09863654436551245, 0.12201309726561019, 0.0979347557427767, 0.12354847415516729, 0.11886612684465397], [0.1148936813641315, 0.10007796456253963, 0.11568320490284367, 0.10816803682993836, 0.09709868677036206, 0.12311940923275072, 0.09682423425440556, 0.12474669976819558, 0.11938808231483307], [0.11395102873000942, 0.10134263558639821, 0.11547909196060181, 0.1082151844311866, 0.0988438823233293, 0.12195975627287921, 0.09821565826551508, 0.12332644979225758, 0.11866631263782279], [0.1145340530884302, 0.10026361134142264, 0.11556441587923723, 0.10805158452369606, 0.0974050907997042, 0.12297842325273538, 0.09703838721499898, 0.12500000000000003, 0.1191644338997754], [0.11428899821450508, 0.10067363518764663, 0.11552510673701023, 0.1081001583337522, 0.09795724773703576, 0.12266042598794152, 0.09749712867581842, 0.12432448942338714, 0.118972809702903], [0.11451614040193347, 0.10030308304369871, 0.115519436900757, 0.10805687012981938, 0.09745736899283976, 0.12301830301570585, 0.09712249377187003, 0.12490555013338127, 0.11910075360999464], [0.11397617478713358, 0.10130837507382764, 0.11539998360438336, 0.10820898076972567, 0.09879730406734646, 0.12208045051495524, 0.09825979276186737, 0.12337160784205058, 0.11859733057871011], [0.11421871693339544, 0.10085615195224926, 0.11531203684587088, 0.10813236805409812, 0.09819549927945236, 0.12272474842527521, 0.09789134693113852, 0.12399391244525995, 0.11867521913326029], [0.1142819965330504, 0.10075140891371795, 0.11528974946770267, 0.10811847936196367, 0.09805448375317755, 0.12288027678366603, 0.09780712566562753, 0.12412703423098057, 0.11868944529011362], [0.11408043391578408, 0.10114748634747286, 0.11524664527160411, 0.10818508378343646, 0.09857964353546272, 0.12244312939289269, 0.09825395109791892, 0.12356513492402901, 0.11849849173139912], [0.11859809582347945, 0.1164638773280486, 0.10553102893791691, 0.12307570987698326, 0.11265237766239798, 0.10360102795800172, 0.12281977502713207, 0.0956846695437871, 0.10157343784225291], [0.11782501462321751, 0.1164422572387781, 0.10579278429324057, 0.1225991593759859, 0.11206502817834367, 0.10395126519294788, 0.12392144068317654, 0.09558288572627043, 0.1018201646880394], [0.11814735483413372, 0.11649208769257058, 0.10572354448563619, 0.12246686459711881, 0.11239237795545091, 0.10385591237959123, 0.12341045740303913, 0.09573241837388607, 0.10177898227857325], [0.11867791479249601, 0.11640392451568235, 0.10550059491291404, 0.12303790835995933, 0.11260016796986433, 0.10360962349682859, 0.1228899187744272, 0.09570257077496817, 0.10157737640285999], [0.11871818623688898, 0.11636815108500329, 0.10549418878577861, 0.12299155153339307, 0.11255885095885969, 0.10363308557442522, 0.12291312888106652, 0.09572657584149621, 0.1015962811030884], [0.11890984234572241, 0.11645867792167851, 0.10531830565378081, 0.12308180364918121, 0.1125269859084512, 0.10347199357395044, 0.12318016673983445, 0.09561338522463846, 0.10143883898276251], [0.11817390713472418, 0.11630138835856188, 0.10570344559650649, 0.1223159335513729, 0.11211184777018843, 0.10398857999716261, 0.12372515699613712, 0.09580449783362449, 0.10187524276172191], [0.11806656115482413, 0.11617277846125441, 0.10573941290539325, 0.12234270901054797, 0.11171710770032364, 0.10409555682502829, 0.12427598563379626, 0.0956685558622648, 0.10192133244656736], [0.1191091235900451, 0.11614448518666887, 0.10534185190116747, 0.12276918347624852, 0.11229176451087672, 0.10367509650690562, 0.1232426342156578, 0.09581147745590217, 0.10161438315652774], [0.11901074353288278, 0.11603647756684786, 0.10547380449147047, 0.12246400195984754, 0.11212836955206887, 0.1039097825902715, 0.12317981917657962, 0.09597537978916446, 0.10182162134086704], [0.11916785818799491, 0.11593420058331014, 0.105414934191389, 0.12241520486737481, 0.11205186368351766, 0.10391456459849376, 0.12327365169027651, 0.09600665554916206, 0.10182106664848116], [0.11976917196163021, 0.11659022638095821, 0.1047719241501153, 0.12276213883951223, 0.11221573977218728, 0.10314411027350681, 0.12412196297295304, 0.09550975208651094, 0.10111497356262597], [0.11871437171788964, 0.11586137413595574, 0.10559271074857833, 0.1218496083969673, 0.11166657289956523, 0.10422646842574816, 0.12394415129826772, 0.096078755488058, 0.10206598688896988], [0.11860360911049088, 0.11555785204708048, 0.10557161337140884, 0.1219703597191564, 0.11097808952820072, 0.10436919163611424, 0.125, 0.09584461328006233, 0.10210467130748611], [0.11882656729739774, 0.11572522391754107, 0.1055693785873741, 0.12175133027899286, 0.11145990670964155, 0.10430430722876047, 0.12414798168641283, 0.09609935929178773, 0.10211594500209162], [0.11959523196388125, 0.11587756646947046, 0.10517051495316586, 0.12243850967028085, 0.11195636813044799, 0.1037501431953104, 0.12360851299521725, 0.09594283721628351, 0.10166031540594243], [0.11998698135287848, 0.11636729568636704, 0.10472639551267537, 0.12254999429769463, 0.11202080809467452, 0.10323255322602946, 0.12433155658875875, 0.0956017397845389, 0.10118267545638289], [0.11961619748742902, 0.11580319643779836, 0.10519549819445047, 0.12237077727365984, 0.11191287121433885, 0.10381232952134568, 0.12357143235171712, 0.09600100383995143, 0.10171669367930927], [0.11903176349803725, 0.1156180883892256, 0.10554375520605534, 0.1215879378189157, 0.11141721671084515, 0.10437573394113801, 0.12398712125109496, 0.09624927496250031, 0.10218910822218767], [0.11899335218184817, 0.1155370461628504, 0.10554580640440757, 0.12158619909993283, 0.11119736736280021, 0.10442550455037987, 0.12434704149456528, 0.09616442896135327, 0.1022032537818624], [0.1202356206409937, 0.116267486493084, 0.10463136300022409, 0.12234783334975423, 0.11187633154436258, 0.10324166917490206, 0.1245559379241681, 0.09565897487351456, 0.10118478299899669], [0.12013331894007315, 0.11587026720499587, 0.10485067207939756, 0.1222454458736997, 0.1117320988725573, 0.1035757449489782, 0.12423358191489992, 0.09587840898980614, 0.1014804611755922], [0.11934657576338815, 0.11545657063017785, 0.10542893590958766, 0.12154966428821558, 0.11137860335940085, 0.10436823520790546, 0.12391585538853873, 0.09636637063497885, 0.10218918881780686], [0.11948002758272334, 0.11544707768177888, 0.10535670914746208, 0.1216685999775041, 0.1114277806573289, 0.1042728430182029, 0.12393114639946937, 0.09631184350176951, 0.10210397203376084], [0.12008232839792245, 0.11567292201692597, 0.10498451190228239, 0.12213324416769049, 0.11166386353928019, 0.10377934033496715, 0.12397078299774772, 0.09604448875086488, 0.10166851789231876], [0.11926297291914084, 0.11531832409764897, 0.10551511019075997, 0.12140932215544353, 0.11096245973764068, 0.10457629337351022, 0.12430394819239438, 0.09632329031494878, 0.10232827901851262], [0.12045346216439065, 0.11626009522933857, 0.10454920660250945, 0.12217849298093028, 0.11180030209662134, 0.1032276334429541, 0.124636510310131, 0.09571866568255011, 0.10117563149057447], [0.11987617577228772, 0.11538114750153539, 0.10519103605726031, 0.12189978477108722, 0.11153446166991333, 0.10408222503949069, 0.12383762046136218, 0.0962555726706233, 0.10194197605643984], [0.11928158654174634, 0.11513682105480337, 0.1055386716387145, 0.12148536231250756, 0.11063015302562994, 0.1047303416009214, 0.12442462191841566, 0.09633748506062828, 0.10243495684663308], [0.11942699041087963, 0.11531730821582403, 0.10550141960743313, 0.12126382971691584, 0.11109895379902583, 0.10458553883760624, 0.1239606588074442, 0.09648017824662217, 0.10236512235824903], [0.11965743823751586, 0.1153362738646476, 0.10528720438393695, 0.12161380252637516, 0.11134549686744756, 0.10427129423419125, 0.12405082207650434, 0.09634068995577914, 0.10209697785360224], [0.12052527982642891, 0.11608481648751484, 0.10454315104800742, 0.12209536938456036, 0.11167857284830378, 0.10329414436371288, 0.12480388508811248, 0.0957517056176576, 0.10122307533570173], [0.11991392294716972, 0.11531717178095106, 0.10518241490134493, 0.12179950109759803, 0.11144917327305147, 0.10412905622140685, 0.12393764921718083, 0.09629292527752793, 0.10197818528376904], [0.1193838949955774, 0.11509216767244147, 0.1055270584070316, 0.12140486367726083, 0.11061205907344228, 0.10476335155090011, 0.12434334414873144, 0.09640497892746086, 0.10246828154715402], [0.11951615638441158, 0.1152667276288587, 0.10537764046381154, 0.1213351769852332, 0.1111764616865037, 0.10446493104849278, 0.12412717911717366, 0.09647139923619823, 0.10226432744931656], [0.12061141039886429, 0.11598551899218137, 0.10452489083859284, 0.12201069338233364, 0.11159552620270434, 0.1033314563109605, 0.12490217921909544, 0.09578725572121696, 0.10125106893405042], [0.12070129527634893, 0.11588872876414072, 0.10450479041018061, 0.12192298606197816, 0.1115125961363145, 0.10336747966805097, 0.125, 0.09582391097938102, 0.10127821270360507], [0.12002915995529802, 0.11513200014480142, 0.10515343237124045, 0.12152355158776491, 0.11121365931146424, 0.10425716265539804, 0.12421108602516714, 0.0964020525716937, 0.1020778953771721], [0.11970656498005293, 0.1151101814420128, 0.10534644896822778, 0.12112595338180757, 0.11099248580447174, 0.10455963983542312, 0.12426327698351247, 0.09655769944256687, 0.10233774916192485], [0.11961097214157139, 0.11485322455518253, 0.10556060309779972, 0.12126229164782791, 0.1103191739577713, 0.10500885965267967, 0.12407844131142158, 0.09662687642448868, 0.10267955721125711], [0.12072932472312553, 0.11571162240966276, 0.10459903472533749, 0.12185394134257964, 0.11143435066874742, 0.10353864861233979, 0.1247344373963778, 0.09596549809909455, 0.10143314202273505], [0.12000710319445257, 0.11507267413690425, 0.10516545572484896, 0.12139354389550258, 0.11111269293580348, 0.10433045444439278, 0.12433220872314671, 0.09644919775159863, 0.10213666919335017], [0.11972577645834512, 0.11491041578856827, 0.10550143941653001, 0.1211477545539519, 0.11049183045255304, 0.10491117574424835, 0.12405711609446612, 0.09664507364890841, 0.10260941784242888], [0.11951956973346414, 0.11469366623638061, 0.10571023055637588, 0.1212932916210565, 0.11001539274449156, 0.10529869213178836, 0.12375186402011143, 0.09678857728939892, 0.10292871566693262], [0.11990141631685064, 0.11504545237656201, 0.10521356351445887, 0.12125776763513711, 0.11102530985222041, 0.10442697122730062, 0.12440824728765915, 0.09650318678207816, 0.10221808500773305], [0.1206657727452415, 0.11539915049645896, 0.10481653933266696, 0.12172097644301708, 0.11132508679933643, 0.1038768236875132, 0.12421110775251083, 0.09624045041035421, 0.10174409233290081], [0.119722499276038, 0.11462935207145558, 0.1056492275834526, 0.1211590284890304, 0.11000805329107931, 0.10529985584042255, 0.12374198196961549, 0.0968575265022713, 0.10293247497663474], [0.1198218879165109, 0.11469433759022786, 0.10556498262900058, 0.12110585626392054, 0.11016298701538989, 0.10516038690628077, 0.12387003603845996, 0.09680409523005008, 0.10281543041015917], [0.12110522030952961, 0.11583435423409334, 0.10440243812783803, 0.12204474786266489, 0.11137447055374322, 0.10340061728257854, 0.12452508400257456, 0.0959928877701632, 0.10132017985681459], [0.12100204014656023, 0.11559608812182189, 0.10455848239956071, 0.12164880257756754, 0.1113034852223604, 0.1036168507375309, 0.12466181532004093, 0.09610567585569023, 0.10150675961886699], [0.12000058143977829, 0.1147637776734339, 0.10548185509034948, 0.1209409824835549, 0.1103942935776524, 0.10503029213192865, 0.12382486018608717, 0.09683969338272241, 0.10272366403449278], [0.12018802685915657, 0.11484294609267055, 0.10511030724176787, 0.12110157633631442, 0.11085567056982933, 0.10445833535668558, 0.1246259026828773, 0.09658056747399058, 0.10223666738670781], [0.12102384818833051, 0.11541251454160298, 0.10464746195350741, 0.12156079959057063, 0.11121638603875987, 0.10378840394370172, 0.12444069471325449, 0.09624851032017627, 0.10166138071009612], [0.12006660150330854, 0.11480743291973784, 0.10519163115201736, 0.1209045643284041, 0.11073375727086568, 0.10461020757439357, 0.12464793794122271, 0.09667080816715583, 0.10236705914289437], [0.12005486657485213, 0.11464311225706426, 0.10550917716083869, 0.12092736411193945, 0.11020493699557672, 0.10515990054351379, 0.12376107817670005, 0.09691206596915311, 0.1028274982103619], [0.1201590979753895, 0.11472578828497226, 0.10513533195194104, 0.12086879200201527, 0.11067988601122988, 0.10460224196893425, 0.1247785261868654, 0.09669335827486565, 0.10235697734378675], [0.12044239956660022, 0.11473179265872896, 0.10503534128622073, 0.12106119047750097, 0.11080142488533296, 0.10444638644317682, 0.12462479784523733, 0.09662988101412098, 0.10222678582308098], [0.12012682140917676, 0.11447180228672586, 0.10555182767978842, 0.12086988424150692, 0.10995393692478242, 0.105349282953532, 0.12365495140783046, 0.09703739509674641, 0.1029840979999107], [0.1207433628797533, 0.11481732463361523, 0.10496460826262527, 0.12125837999201076, 0.11097065574550534, 0.10430850411066321, 0.12419527621619987, 0.09661706481401518, 0.10212482334561185], [0.1201020868727211, 0.1143984500075098, 0.10558135997073893, 0.12086401633765878, 0.1098280774572426, 0.10543682052816121, 0.12366029835122741, 0.09707474460807325, 0.10305414586666693], [0.12127507232243741, 0.1153782211316305, 0.10456244910630057, 0.12140654888988481, 0.11112564240687042, 0.10377902901647389, 0.12451038938082758, 0.09630816456830782, 0.101654483177267], [0.12031666917920524, 0.11462030060702533, 0.10530774751115549, 0.1205677467952608, 0.11040861594952174, 0.10493986177114682, 0.1242752328456505, 0.09691352423939228, 0.10265030110164194], [0.1203200820595346, 0.11459652573039986, 0.10535035846510718, 0.12062124540301285, 0.11033642197068257, 0.10501623141818649, 0.12409561060552778, 0.09694910976691014, 0.10271441458063868], [0.12032669799022351, 0.11460237059571535, 0.10532851195773835, 0.12059110345179323, 0.11036526281046448, 0.10498283618029453, 0.12418113469741553, 0.0969358025406146, 0.1026862797757403], [0.12088536964538728, 0.1146710190803154, 0.10494441297984651, 0.12109663454159578, 0.11084050219927416, 0.10439263441338219, 0.12425351248173655, 0.09671901689686509, 0.10219689776159728], [0.12039233564687493, 0.11455241308422809, 0.10504466584940628, 0.1207295087068421, 0.11053151090091341, 0.1046260277409663, 0.12500000000000003, 0.09675415831091845, 0.10236937975985053], [0.12055699354429383, 0.11454932096954089, 0.10501252413584614, 0.12080389079577535, 0.11058750237042436, 0.1045801878891685, 0.1248094544299563, 0.09676337307036717, 0.10233675279462748], [0.12157425623550815, 0.11536001884200545, 0.10427940118210714, 0.12168852028662021, 0.11096026034911509, 0.10355210766305763, 0.12499999999999997, 0.0961557524826378, 0.1014296829589484], [0.12071611415100857, 0.11434641121627698, 0.10515839599262772, 0.12029007421428017, 0.11023711747462628, 0.10498109786479261, 0.12449937727585285, 0.09708430987931893, 0.10268710193121591], [0.12067931952649821, 0.11410038690837916, 0.10534911163042418, 0.12040726776751748, 0.10965715406395993, 0.10542440787270246, 0.12413126585005042, 0.09721699726143548, 0.10303408911903268], [0.12081741809281075, 0.11436624048647205, 0.10499607685112601, 0.12059118862604801, 0.11042906468876613, 0.10472241523149681, 0.1246412863002143, 0.09696746700110738, 0.10246884272195854], [0.12075259172871024, 0.11431521759680534, 0.10509520373276224, 0.12034936224585786, 0.11026135303070239, 0.10491839031599463, 0.12460061851848275, 0.09707353329134973, 0.1026337295393348], [0.12179939519028607, 0.11514332046451836, 0.10432493654519008, 0.12146276072976732, 0.11081007480566615, 0.10374199405611945, 0.12474225873224733, 0.09637061507378666, 0.10160464440241859], [0.12086850129463932, 0.114161502899223, 0.10528748635254394, 0.12024733740494215, 0.10987916555368114, 0.10531855670414404, 0.12398257679046908, 0.09728566889989762, 0.10296920410045973], [0.12092154350487655, 0.11410374406819848, 0.10527035021925638, 0.12020700170783259, 0.10981061614302362, 0.10534438019609227, 0.12405118433938207, 0.0973044007513514, 0.10298677906998678], [0.12101071645761444, 0.11414806501505334, 0.10519478929183498, 0.12003624139179911, 0.11000342507167611, 0.10521402972133984, 0.1241736198501129, 0.0973248843839738, 0.10289422881659548], [0.12125700647172062, 0.1142351347704299, 0.10493410470598276, 0.12053773778478745, 0.11040870986291458, 0.10474083767364874, 0.12426677080791491, 0.09711683892928503, 0.102502858993316], [0.12115294429266464, 0.11421683247704918, 0.10496258199910558, 0.12046182596423091, 0.11034430647331395, 0.10480490944123225, 0.12435829195838705, 0.09714406991715939, 0.10255423747685703], [0.12113823162193706, 0.1139258090700168, 0.10520717995673234, 0.12003095869368577, 0.10963584995405716, 0.10541576623060211, 0.12420904004804126, 0.09739609794609527, 0.10304106647883213], [0.12179781846636992, 0.11452215725158564, 0.10476982629080926, 0.12066447685945052, 0.11055883220634072, 0.10451272361727879, 0.12377770990629565, 0.09707451381401551, 0.102321941587854], [0.12111826199604743, 0.11409797080159088, 0.10502212998575161, 0.12022157445413217, 0.11017284927468149, 0.10500699860181503, 0.12429330185026816, 0.09733280921761958, 0.10273410381809364], [0.12121811023036341, 0.11402304354871104, 0.10516293020557538, 0.11986957542258837, 0.10992024373252016, 0.10528481420399051, 0.12409650400296582, 0.09746140688490652, 0.10296337176837889], [0.12136143388107104, 0.11373608136939976, 0.10514547400656006, 0.11985058156679165, 0.10944310422094523, 0.10549893177238329, 0.12436460587213946, 0.09749501648518116, 0.10310477082552832], [0.12191205517539232, 0.1143221107853287, 0.10480810925437223, 0.12047007236508116, 0.11041823477438054, 0.10468193700073089, 0.1236502769872912, 0.09726067127454474, 0.10247653238287824], [0.12215892349066126, 0.1143237658997619, 0.10472616189740291, 0.12038529120105254, 0.11036356772509447, 0.10464552250010051, 0.12366302790612696, 0.09728791224431961, 0.10244582713547987], [0.12235920478052513, 0.11451209904226549, 0.10446197128263704, 0.12090364903330174, 0.11037717193212075, 0.10429411056327668, 0.12399404483939472, 0.0969855313811917, 0.1021122171452865], [0.1215227015834352, 0.11333355890925369, 0.10506762060490996, 0.11965062361208931, 0.10888575480981344, 0.1057202497393646, 0.12499999999999999, 0.09756956941237811, 0.10324992132875559], [0.12218733912019641, 0.11421986926841773, 0.10476623712790033, 0.12030084319967015, 0.11030100512916122, 0.10475091492420768, 0.12353252078448451, 0.09739772962004255, 0.10254354082591961], [0.12169301934767479, 0.11372831737703408, 0.10510897256003968, 0.11958433985521096, 0.10970293526871464, 0.10547782336896942, 0.12376203936703946, 0.09779335591810623, 0.10314919693721078], [0.1223538180433999, 0.11420275294695431, 0.10466013983596437, 0.1204904848348732, 0.11023389266286421, 0.10467096334363032, 0.12357837615476068, 0.09734607075460973, 0.10246350142294329], [0.12181089996998136, 0.11338668799418178, 0.10505266780517246, 0.11949364601227537, 0.10910370813511817, 0.10568524925136756, 0.12447070471086698, 0.09773658485279102, 0.10325985126824529], [0.12163918722165994, 0.11375431709998533, 0.10502708436766059, 0.11978255834282234, 0.10987295832652479, 0.10532659426209152, 0.12377833213752908, 0.09778233229829318, 0.10303663594343324], [0.12196374650080408, 0.11379634727322477, 0.10491388481159729, 0.11999612446427912, 0.11005696049840598, 0.10509983199308848, 0.12365209380306556, 0.09767157108906595, 0.10284943956646879], [0.12249131430983214, 0.11411898336960624, 0.10461251551304786, 0.12057858435545754, 0.11014362969048308, 0.1046862582254176, 0.12351008735916807, 0.09738495701504865, 0.10247367016193881], [0.1225706941888489, 0.11412956161091724, 0.10455478594237544, 0.12068862729440936, 0.11012287922366437, 0.10462945455186443, 0.12354194605862419, 0.0973432690524869, 0.10241878207680917], [0.1223796815678138, 0.11388381083595231, 0.1047706574471952, 0.12024454968746172, 0.11003998376469416, 0.10497307419361548, 0.12331897628998456, 0.09764907488003448, 0.1027401913332483], [0.1226982687086854, 0.11409725768908349, 0.10449004478392564, 0.12081589883462084, 0.1100647172159853, 0.1045955793657241, 0.12352018428814811, 0.09733370699173248, 0.10238434212209448], [0.12209278323744535, 0.11362797527138621, 0.10494415689263731, 0.11973983193814453, 0.1098808727756502, 0.10530085596084128, 0.12346180991550884, 0.09791579356478594, 0.10303592044360034], [0.12278868632330026, 0.11400782944058013, 0.10448102023300755, 0.1208322532585324, 0.10998966117540966, 0.10464812779418435, 0.12341926768811734, 0.09740200842075526, 0.10243114566611303], [0.1221483492241031, 0.11337488273030834, 0.10505319351979428, 0.11919629126836681, 0.10930559626176417, 0.10571743126767286, 0.12381733848207102, 0.09804080548553132, 0.10334611176038809], [0.12209390297616132, 0.11358988465538004, 0.10495505967276926, 0.11969330421034521, 0.1098339462829917, 0.10535357173934842, 0.12342544423575011, 0.09797143440593471, 0.10308345182131924], [0.12222312997782217, 0.11320526013118944, 0.10501857818460493, 0.11918225803515722, 0.10902238794775614, 0.10581439744248693, 0.12411487408528295, 0.09802126381431085, 0.10339785038138948], [0.12215318642361656, 0.11343330033210597, 0.10505721469016606, 0.1192773601243621, 0.10948297092738625, 0.10567134085052865, 0.1234625096587474, 0.09812679490618231, 0.10333532208690471], [0.12232524808914341, 0.11317751715511058, 0.1050134593070411, 0.11909878362156757, 0.1090370571868462, 0.10584478146926071, 0.12397402871086712, 0.09810123787373906, 0.10342788658642449], [0.12249704637226742, 0.11351886348603572, 0.10479831212786145, 0.12010758465816095, 0.10976748468418099, 0.10525077061969582, 0.12314250996066373, 0.09794138869229752, 0.10297603939883641], [0.12220468872422749, 0.11340219943792902, 0.10503560656662546, 0.11930547880975319, 0.10953781644340876, 0.10567606476297595, 0.12326977952911734, 0.09822171666222378, 0.10334664906373905], [0.12240109509222115, 0.11319422424125383, 0.10501919898006867, 0.11901371292215696, 0.10912980912754724, 0.10585123305680544, 0.12375203215395203, 0.09819215263226183, 0.10344654179373283], [0.1224065178968388, 0.11337144569176097, 0.10486669665582526, 0.11990536027605878, 0.10965862075819198, 0.10543587925396733, 0.12311436148767668, 0.09810678726494533, 0.10313433071473485], [0.12256016083077553, 0.1134163120707553, 0.1047928902773828, 0.12010327856013348, 0.1096825443485625, 0.1053307289835681, 0.12304877781145562, 0.09802808729792721, 0.10303721981943942], [0.12245442886450435, 0.11333565976666231, 0.10485363859788858, 0.1199352262876625, 0.109629236359534, 0.10545238061713506, 0.12306387887712912, 0.09813089266826973, 0.10314465796121437], [0.12260228868975259, 0.1130327257353187, 0.10499162940797638, 0.1188797083099203, 0.10894966061978295, 0.10597717552971801, 0.1237300010137261, 0.0983029935308468, 0.1035338171629582], [0.12285908770730734, 0.1134854420990492, 0.10465733316114433, 0.12044304003419704, 0.1096629407435557, 0.10519620478239845, 0.12284819159084703, 0.09794324969515981, 0.10290451018634125], [0.1224149968576819, 0.11320973077535622, 0.10495859556973658, 0.11948908665919555, 0.10941214978880856, 0.10575912585244736, 0.12297773372170721, 0.09837795935399636, 0.10340062142107026], [0.12431273422311498, 0.11235830135817552, 0.10846737703196785, 0.125, 0.10599663649086573, 0.10926457692689244, 0.1107748312089625, 0.09730496259126581, 0.10652058016875514], [0.12440100917216945, 0.1122809795553523, 0.10847098365932217, 0.12490557359215068, 0.10592412413866291, 0.10934999578153018, 0.11068605789997175, 0.09738239359768396, 0.1065988826031566], [0.12369088782776176, 0.11285152963277872, 0.1083511498511232, 0.1242123423903328, 0.10656876238929838, 0.10894407566997329, 0.1119162998134033, 0.09725400194021144, 0.10621095048511695], [0.12313609044933016, 0.11326758877692626, 0.1083183104570465, 0.12363818021535318, 0.10707271270334567, 0.10866911504501242, 0.11274806062621148, 0.09718371977949308, 0.10596622194728106], [0.125, 0.1117362847962177, 0.10833777758632962, 0.12431347341361555, 0.10541782870726381, 0.10989189859904631, 0.11033299850972204, 0.09791096296989378, 0.10705877541791116], [0.125, 0.11123362523590156, 0.10860441149369021, 0.12354194583285867, 0.10499050865055239, 0.11067654595022329, 0.10944506628754595, 0.09866444182154792, 0.10784345472768006], [0.12411735141329337, 0.11226510215233529, 0.10815280346086126, 0.12430790458241545, 0.10598651256751002, 0.10940356963821699, 0.11153311611296428, 0.09765674914421854, 0.10657689092818497], [0.12413108407547074, 0.11218651788958627, 0.10811653133540529, 0.12424243158268528, 0.10591857728523354, 0.10948318356201019, 0.11153168840137538, 0.09774928732171374, 0.10664069854651959], [0.12292934266515478, 0.11301303445496252, 0.10802375999097531, 0.12326625085805713, 0.10692539088011567, 0.10887968198896139, 0.11329070044758674, 0.09757183591060897, 0.1061000028035775], [0.12417827920741993, 0.11200327677262054, 0.10806135609709158, 0.12411913781361948, 0.10575478091643441, 0.10967478914140971, 0.11145267034557906, 0.09795453240700469, 0.10680117729882077], [0.12301226318711624, 0.11281375858290509, 0.10795218548907304, 0.12328467423583452, 0.10673280033255185, 0.10904432625128055, 0.11319412282987339, 0.09773463008931602, 0.10623123900204917], [0.12332468338444827, 0.1125598072124147, 0.107954507991