[[0.1179974767891949, 0.11977851899867899, 0.11481849160454158, 0.1029903220249589, 0.10486231042283928, 0.12469814573086582, 0.0987920002293713, 0.0932481849510618, 0.12281454924848761], [0.11860183827517075, 0.12001439094471372, 0.11550666719665582, 0.10247604703173407, 0.10461891454904511, 0.12486790646209395, 0.09823741182210655, 0.09225312957406577, 0.12342369414441424], [0.11784694607166382, 0.11995935071214012, 0.11481110183322962, 0.10293288760762621, 0.10480878690726261, 0.12483190979394032, 0.09885164909028009, 0.09332228157714624, 0.12263508640671097], [0.11796593737714914, 0.11999403113886725, 0.11494773931999061, 0.10284086444760103, 0.10476433242917597, 0.12479889462441279, 0.09874423626931253, 0.09312907684269152, 0.12281488755079914], [0.11855801746557944, 0.12013119172254141, 0.11556199866402415, 0.10240112993996704, 0.10457379818498076, 0.125, 0.09823404196534599, 0.09222370482644231, 0.1233161172311189], [0.11838005792662243, 0.12022279891695993, 0.11544893346617352, 0.10251304038828048, 0.1046331183590348, 0.12467985047082514, 0.09842560780210799, 0.0925179793719736, 0.1231786132980223], [0.11782708355239402, 0.12005695953258112, 0.1148825858929373, 0.10282821910382742, 0.1047387921162988, 0.125, 0.09880272209042336, 0.09322556464031652, 0.12263807307122147], [0.11780205582080559, 0.12023045775598586, 0.11498261555421414, 0.10277426132406822, 0.10472301012714229, 0.12480592852875405, 0.09885094308617028, 0.09324688083219233, 0.12258384697066727], [0.11734506048065609, 0.12037729535535813, 0.11459646945128268, 0.10296461261500249, 0.10478115787323136, 0.125, 0.09916883205531554, 0.09380364795863326, 0.12196292421052043], [0.11792965252161773, 0.12052842087764408, 0.11527021750270323, 0.10249044391328574, 0.10457179688928522, 0.125, 0.09866041676176728, 0.09287782089760906, 0.12267123063608766], [0.11837351139107112, 0.12069146069847585, 0.11585426890105621, 0.10227789055858787, 0.10455293489451095, 0.12443310732796146, 0.09846946476473019, 0.09241196889684626, 0.12293539256676006], [0.11730868545049739, 0.12052288479731951, 0.11466765569604702, 0.10292334751155431, 0.10476833808033316, 0.12484598666563737, 0.09920920952866198, 0.09382544294833649, 0.12192844932161279], [0.11819110026248701, 0.12076543284795112, 0.11570112772668449, 0.1023645261176551, 0.10458280692605385, 0.12438590854781738, 0.09861676111141025, 0.09266027195552225, 0.12273206450441855], [0.11794146844907817, 0.12084141067570839, 0.11551056616326126, 0.10239420509332466, 0.10455907374852291, 0.12460556449709241, 0.09873280518597151, 0.09287327210648265, 0.12254163408055804], [0.11839732821173612, 0.12088509658866407, 0.11616854202367419, 0.10189673198512396, 0.10433242788686276, 0.125, 0.09822514523144868, 0.09195759528255402, 0.1231371327899362], [0.1176621612553061, 0.12071264179168988, 0.11519173785219514, 0.10261080026579734, 0.10465178629887475, 0.1245553436555388, 0.09898174145074576, 0.09331605018206218, 0.12231773724778988], [0.11829203180480753, 0.12097196094041887, 0.116072894580412, 0.1019935201561833, 0.10438482875122936, 0.12476932815239904, 0.09836806208314805, 0.09217755143233985, 0.12296982209906197], [0.11813652031598472, 0.12103256953686216, 0.11588685820721197, 0.10220106132690658, 0.10450243296527573, 0.12435981671637897, 0.09861957887679429, 0.09257514148122511, 0.12268602057336049], [0.11703741138362896, 0.12079030027576915, 0.11459699893721503, 0.10287748207371436, 0.10472111569000181, 0.125, 0.09936979846011969, 0.09402668246083888, 0.12158021071871211], [0.11800360671037742, 0.12107871274195846, 0.11577024838492254, 0.10223330544567544, 0.10449900673667101, 0.12451646803853839, 0.09869631625270424, 0.09270981130257168, 0.12249252438658081], [0.1176166481624177, 0.12093449955384579, 0.11530370223646652, 0.1025186582869034, 0.10460955960541127, 0.12448422221309895, 0.0990224410471914, 0.09330546080390001, 0.12220480809076494], [0.11792227794999488, 0.1211141645780346, 0.11571209130003884, 0.10223535482905109, 0.10448649591959785, 0.12464200325966389, 0.09873295527169472, 0.0927720564942128, 0.1223826003977113], [0.11696102856230609, 0.12083349694560963, 0.11456013432923165, 0.10293029330690731, 0.10475606175129137, 0.12484942972431154, 0.09947263876613796, 0.09417001176790954, 0.12146690484629469], [0.11773758110037827, 0.1211264057304199, 0.11553861399815936, 0.10227504025913467, 0.10447542042487798, 0.12483558409967908, 0.0988226202695432, 0.09294228377637968, 0.12224645034142784], [0.11757400991599419, 0.12104841643637251, 0.11534696700006851, 0.10246987018362058, 0.10458338761056613, 0.12449532966262382, 0.09904784220230221, 0.09330951898517766, 0.12212465800327438], [0.11722002445974805, 0.1210852569278414, 0.11496131841415755, 0.10262332982698504, 0.10461181243337897, 0.1247750698714198, 0.09924359000631608, 0.09369983658660642, 0.12177976147354666], [0.11701666169071263, 0.1210357611550655, 0.11472724368684926, 0.10279830436588266, 0.10469471224436552, 0.12472620909471346, 0.09943209256927835, 0.09403628260521536, 0.1215327325879171], [0.1179570869659365, 0.1213627418906661, 0.11599671659654183, 0.10200741377549345, 0.1043798334040351, 0.12457259968555595, 0.09865098382089135, 0.09253319895021525, 0.12253942491066443], [0.11766246141555547, 0.12128191349927288, 0.1155878479564522, 0.10218450472232958, 0.10441808100409437, 0.12499999999999997, 0.0988340883428737, 0.0929190444639805, 0.12211205859544112], [0.11711526003415776, 0.1211543760385723, 0.11489840687661008, 0.1026375364998769, 0.10460962977123016, 0.12482057386618205, 0.09931164327510382, 0.09380280971669812, 0.12164976392156882], [0.11733602631128659, 0.12118536476577706, 0.11517672438115784, 0.10252235713712503, 0.1045861363916947, 0.12456479160994928, 0.09920340172159539, 0.09355788510712983, 0.12186731257428426], [0.11749660018064687, 0.12121287874422906, 0.11539717897536333, 0.10239704660728238, 0.10454093539842586, 0.1245553135236763, 0.09908674607419941, 0.0933212356645851, 0.12199206483159172], [0.11757400374190333, 0.12132203763105577, 0.11553670951549987, 0.10223905045665037, 0.10445017457686079, 0.12483597747697492, 0.09894394882834781, 0.09307473854254725, 0.12202335923015992], [0.11675052807714464, 0.121111130802184, 0.11453092398785225, 0.10284897147378132, 0.10469180596169346, 0.125, 0.09958408894197138, 0.09429013072144174, 0.1211924200339312], [0.11707598330442655, 0.12129863540814718, 0.11495967659933637, 0.1025261008180266, 0.1045388214708726, 0.125, 0.0992857218510587, 0.0937267863966093, 0.12158827415152273], [0.11674786281880711, 0.12119001387643005, 0.11457536767296733, 0.10282236285681753, 0.10468309766728891, 0.12490740439780935, 0.09960174039547473, 0.09428900681573146, 0.12118314349867354], [0.11757312837456185, 0.12158338519704444, 0.11573828630859229, 0.10209925057676425, 0.10439274470605177, 0.12468565955460022, 0.09894350956065293, 0.09297538641685449, 0.12200864930487795], [0.11740454021064174, 0.12143646761562583, 0.11547706688198503, 0.10231167388421625, 0.10449714776512942, 0.12455519436597981, 0.09915003289216615, 0.09334769737634827, 0.12182017900790748], [0.11710076758045407, 0.12140469555302151, 0.11506468509140207, 0.10248307172373915, 0.10453236265309122, 0.12481863670970407, 0.09930595958918632, 0.09370452134630072, 0.12158529975310087], [0.1178280563280305, 0.12168840077025524, 0.11623482360718942, 0.10164796781842826, 0.10415854950736043, 0.125, 0.09852160563340502, 0.09222576571143774, 0.12269483062389336], [0.11745105012061138, 0.12157036393426078, 0.11561094946467702, 0.1021939431420912, 0.10443774825959667, 0.12465673018015541, 0.0990761520621784, 0.09319130545936326, 0.12181175737706587], [0.11762874101262857, 0.12176298885861617, 0.11598143788912728, 0.10180707551063053, 0.10422280291441695, 0.125, 0.09872929992078645, 0.0925827794181037, 0.12228487447569034], [0.11751851728280163, 0.12171420845906102, 0.11578890629884654, 0.10206463041558934, 0.10438026157232617, 0.12456669477197785, 0.09899712526473244, 0.09301193833291833, 0.12195771760174665], [0.11687703487805759, 0.12154629906337396, 0.11492093793506054, 0.10257681480565804, 0.10457703954150249, 0.12465965474464136, 0.09951859759031187, 0.09401842594466361, 0.1213051954967307], [0.11723442477247915, 0.1218476950021292, 0.11562596921600998, 0.10218427498057502, 0.10444163097525515, 0.1243771583201888, 0.09929877096440973, 0.09343781403522859, 0.1215522617337244], [0.11648240308760259, 0.12158102404861039, 0.11456812348162679, 0.10278749326025798, 0.10466653661198048, 0.12468989048720511, 0.09984927166605864, 0.09456643793708537, 0.1208088194195726], [0.1175839219183613, 0.12218969594323091, 0.11642716771176125, 0.10141969071166311, 0.10403420077380467, 0.12485038424630429, 0.09865889664807183, 0.0922657627695953, 0.12257027927720754], [0.1176221970304898, 0.1221882632850569, 0.11650113944871265, 0.10139610751180335, 0.10403423472515073, 0.12474410147618518, 0.09865003262378778, 0.09222615725830773, 0.12263776664050598], [0.11653948874859578, 0.12169893081591826, 0.11468719532841128, 0.1026085726856017, 0.10455353652288378, 0.125, 0.09970316988009223, 0.0943160629428877, 0.12089304307560929], [0.11745713853204318, 0.12220277980581971, 0.11621149377661248, 0.10159426658260423, 0.10411925609952759, 0.12472945053784862, 0.09881797521905077, 0.09255793066604305, 0.12230970878045033], [0.11727800304762537, 0.12209609772736157, 0.11585471348311299, 0.10194118093965923, 0.10430720242146922, 0.12442585984590043, 0.09914712140536461, 0.09313146484000046, 0.12181835628950612], [0.11749028603442212, 0.1222608037357426, 0.11634681256049799, 0.10141981054293563, 0.10401544779378409, 0.12500000000000003, 0.0986937636545996, 0.09233117441060872, 0.12244190126740935], [0.11688212818013628, 0.12193366396964699, 0.11520610947355991, 0.10239695015124885, 0.1045118004694596, 0.12436191445622911, 0.09956458493293012, 0.09393132870560914, 0.12121151966118002], [0.1165839637330357, 0.12179783507565307, 0.11479506480403283, 0.10256429533878667, 0.10454607645373756, 0.1248059236500079, 0.09970649407808592, 0.09427230120974321, 0.12092804565691714], [0.11712539326291424, 0.12219936025723117, 0.11578637053764194, 0.10196922011342281, 0.1043171589167772, 0.12437817393804194, 0.0992857695044795, 0.09331762041628215, 0.12162093305320905], [0.11714964333300057, 0.12228632424355454, 0.11587746506219829, 0.10191160981514805, 0.10429469546149182, 0.12425955650463352, 0.09926122068455105, 0.09324565933541355, 0.12171382556000843], [0.1172357082814533, 0.12248304039854495, 0.1161597790461679, 0.10160660993797056, 0.10412339456495089, 0.12451064184832018, 0.09902959290725048, 0.09281648905818471, 0.12203474395715702], [0.11699025633083163, 0.12217245052844021, 0.11565114277681264, 0.10200309268609853, 0.10431326041540968, 0.12464499682706283, 0.09936246169911216, 0.0934572217594312, 0.12140511697680113], [0.1172992578080173, 0.12252951983054884, 0.11630739046909262, 0.10144757077878234, 0.10403396057223761, 0.12470464082408683, 0.09889998594016126, 0.09258307289982441, 0.12219460087724875], [0.11689439547584748, 0.12220167098664089, 0.11552033425756283, 0.10204261205821155, 0.10431348427475418, 0.12483287653388167, 0.09940621614260103, 0.09355979156392662, 0.12122861870657373], [0.11652597603533109, 0.12208184697417648, 0.11492892626504711, 0.10241272795219487, 0.10446517401376672, 0.12483741086093185, 0.09972297239639166, 0.09420816965107616, 0.12081679585108385], [0.11720468614248741, 0.12256179639381301, 0.11618963900042932, 0.10156566205358468, 0.10410014510883063, 0.12450711808016234, 0.09904194623280446, 0.09281036897031505, 0.12201863801757314], [0.11681271321643477, 0.12224551052849238, 0.11541009801651077, 0.10211611184092573, 0.10434606823688981, 0.12480917544096719, 0.09948875465315012, 0.09370791928919325, 0.12106364877743578], [0.11676685540090331, 0.12227984765904254, 0.11536490716506127, 0.10215539793391469, 0.10436742562161436, 0.12473370587284216, 0.09954580608810587, 0.09379715550460131, 0.12098889875391447], [0.11671334464025232, 0.12227741297286429, 0.1152776882546628, 0.10224193264009122, 0.10441551204661598, 0.12455261479493544, 0.09962979613110852, 0.09394273222415182, 0.1209489662953176], [0.11654131673832606, 0.12223332265876993, 0.11504490953177672, 0.10231812211591618, 0.10442089718888167, 0.12481372217991589, 0.09970256162617057, 0.09412221015015251, 0.12080293781009045], [0.1169334268919553, 0.12243282685286169, 0.11578775446104778, 0.10187835669030568, 0.10425306318434938, 0.12446952725754715, 0.0993803093784096, 0.09340078688703309, 0.12146394839649034], [0.11676821170630211, 0.12235789955971203, 0.11547850317275365, 0.1019860521144843, 0.10426262327887184, 0.12500000000000003, 0.09944098272917684, 0.09359859308803774, 0.12110713435066166], [0.11644175002831689, 0.12224101937350149, 0.11494857018317661, 0.10232809228787938, 0.10440741871220363, 0.125, 0.09973755493597022, 0.0941967318267269, 0.12069886265222488], [0.11697307379523214, 0.12260193457380998, 0.11595452976173228, 0.10178358529328849, 0.10422056430621775, 0.1242133679824831, 0.09934956833554098, 0.09328736419442205, 0.12161601175727324], [0.11677743114035093, 0.12241208622241839, 0.1155643833822559, 0.10194523811983297, 0.10425306741305122, 0.12484957692881726, 0.09945177673689964, 0.09357182973603134, 0.12117461032034232], [0.11665967021847122, 0.12250041627148026, 0.115427313554626, 0.10202786344198832, 0.10428775797320203, 0.12480827041108261, 0.09956433543532382, 0.09376479832744593, 0.1209595743663798], [0.11657248734347199, 0.12253023973591512, 0.11530419263166375, 0.10217263902650697, 0.10437481848517215, 0.12453993314810786, 0.09972463615079225, 0.09402289153772368, 0.12075816194064623], [0.11661982560562786, 0.1227031110979066, 0.11560742757687455, 0.10188709092548112, 0.10422659366194256, 0.1246203997885584, 0.09958561600415651, 0.0936923080994903, 0.12105762723996205], [0.11628163170991407, 0.12262067142833749, 0.11503253827144004, 0.10225854432169029, 0.10438496952055872, 0.12473133127003842, 0.09991008942469705, 0.09434425698531036, 0.12043596706801335], [0.1162488922527683, 0.12280233195818314, 0.11513324630368584, 0.1020960080771905, 0.10428455482628868, 0.125, 0.0998469552073921, 0.0941970426083415, 0.12039096876614998], [0.11675450005341304, 0.12335159723003015, 0.11632143776654412, 0.10115456619866822, 0.1038295392243467, 0.125, 0.09917363050951314, 0.09280616606938143, 0.12160856294810322], [0.116270996182434, 0.12289069204743049, 0.11522157291870178, 0.10204830006337619, 0.10426963692130843, 0.12483565260479512, 0.09984210066809392, 0.09414931421762501, 0.12047173437623526], [0.11661540786767037, 0.12351964935427687, 0.11627109254469688, 0.10119557579653284, 0.10385705885351505, 0.12476931423113065, 0.0993397464021159, 0.0930164594621534, 0.12141569548790804], [0.1161121687010779, 0.12299178139114354, 0.11510842615972332, 0.10211194750156936, 0.10429957029391272, 0.12476364824744536, 0.09999663794632896, 0.09437629128778346, 0.12023952847101535], [0.1164476930250774, 0.12325300215523957, 0.1159192600189254, 0.10142824724402813, 0.10395568581821972, 0.12500000000000003, 0.09950938814744327, 0.09338175671617908, 0.12110496687488763], [0.11628089101116733, 0.12319969939799885, 0.11558557664715903, 0.10166850049883651, 0.10406483359743067, 0.125, 0.09968163679361979, 0.09374753678877959, 0.12077132526500825], [0.11640277033418947, 0.12326930840262433, 0.11589708387185176, 0.10145702572122757, 0.10397565170402208, 0.12491386326391889, 0.09957616953272432, 0.09347048240910648, 0.12103764476033513], [0.116044805095901, 0.12314320836268536, 0.11513948079359736, 0.10207484652081796, 0.10428322060990128, 0.12463701904040711, 0.10005590014379404, 0.0944215348691509, 0.12019998456374481], [0.1160183586170824, 0.12352127637036785, 0.11543784880435065, 0.10166448949062377, 0.10403828662565469, 0.125, 0.0998539812563091, 0.09403014447799182, 0.12043561435761975], [0.1160429440847579, 0.12358453269883087, 0.11553369416389167, 0.10161911132087727, 0.1040278895689326, 0.12482615607170512, 0.09986301466218539, 0.09400614113228581, 0.12049651629653318], [0.11588435369133639, 0.12348259304908052, 0.11522292516573177, 0.10181446283112511, 0.10410821640968693, 0.125, 0.10000270125152207, 0.09431977002711087, 0.12016497757440635], [0.10441419364905123, 0.10237347838459368, 0.12363555910362355, 0.11218375149618627, 0.11682022894278475, 0.09432374007921492, 0.12488099692176391, 0.12088628263994929, 0.10048176878283244], [0.105148061487114, 0.10324472867160082, 0.12314912044213595, 0.11172708634965789, 0.11637253335272145, 0.09493625080869163, 0.12499999999999999, 0.11911955252817034, 0.10130266635990781], [0.10475850325729574, 0.10279737149409843, 0.123558350682358, 0.11187469442879264, 0.11658871867916624, 0.09459682050628805, 0.12499999999999999, 0.11995297478950215, 0.10087256616249861], [0.1043989922626104, 0.10240119199126989, 0.12356360216266343, 0.11214268675939745, 0.11676892537024164, 0.09436156111626674, 0.12494918618045914, 0.12091057856294936, 0.10050327559414193], [0.10440080913770942, 0.10243538356047738, 0.1235219157317124, 0.11210165413072261, 0.11672523317967798, 0.09439565523306695, 0.125, 0.12088771024422891, 0.10053163878240436], [0.10435386141607057, 0.10241707617803118, 0.1233643960149546, 0.11219953508538479, 0.11675938903028305, 0.09447215093678592, 0.12467267568538165, 0.12123494534152093, 0.10052597031158732], [0.10495775612498097, 0.10317662184389353, 0.12326150059961138, 0.11168714551272775, 0.11637359699158198, 0.09498732043565357, 0.12465638253844195, 0.11967125905039887, 0.10122841690270998], [0.10533186876167101, 0.10365322952981726, 0.12279566994833924, 0.11154957937251886, 0.11613332146865522, 0.09536406505652122, 0.12462925028923892, 0.11886167502469663, 0.10168134054854176], [0.10445204437188614, 0.10270984486702811, 0.12317885337969472, 0.11196888220057495, 0.11651595384727532, 0.0947659870728644, 0.1246313407225016, 0.12099043070360486, 0.10078666283456988], [0.10465043671413138, 0.10302046416545799, 0.1231326831759852, 0.11177581184873904, 0.11635059812997255, 0.09502136209894024, 0.12445537969183523, 0.1205212091565171, 0.1010720550184214], [0.10462821906984164, 0.10306758093058686, 0.12301933020357846, 0.11173240435762588, 0.11628266566282233, 0.0951001556177477, 0.12446926835494543, 0.1205880852137041, 0.10111229058914761], [0.1040223910973676, 0.1023342600500458, 0.12343655881920473, 0.11218623404363229, 0.11648899023657902, 0.0946584959749176, 0.12421567609481647, 0.12221262534884114, 0.10044476833459524], [0.10500480438092703, 0.10359670531541688, 0.12276517100849181, 0.11133096664276806, 0.1159497200457423, 0.09546265512623425, 0.12475108328013146, 0.11954522101979637, 0.10159367318049196], [0.10556445945572802, 0.10423026238261013, 0.12214544836612821, 0.11102573724058112, 0.11561456218089793, 0.09591163627539093, 0.125, 0.11833423449923919, 0.10217365959942447], [0.10510525084148069, 0.1037628181072133, 0.12255867407000068, 0.11118891165772209, 0.11576754261138814, 0.09559425574028456, 0.12499999999999999, 0.11928696927407484, 0.10173557769783562], [0.10439826169295374, 0.10292257398926678, 0.12274681507003232, 0.111711973946691, 0.11619446654275377, 0.0950463953573444, 0.125, 0.12101616144026732, 0.10096335196069069], [0.10404943358791013, 0.10250570997156304, 0.12321266067945916, 0.11200714366420714, 0.11630631838309383, 0.09484230034053519, 0.12440054973911928, 0.1220825789780429, 0.10059330465606932], [0.10444156255203964, 0.10300573816598844, 0.12271886132327851, 0.11166769319412989, 0.1161495116662213, 0.09512818581313841, 0.12491331056105963, 0.12093480578839218, 0.10104033093575199], [0.10509899533335902, 0.10383863939693334, 0.12247827672644278, 0.1111370661787333, 0.11570865840476308, 0.09573338948608764, 0.12476921261377293, 0.11943097230753516, 0.10180478955237275], [0.10532427470969345, 0.10408343037616814, 0.12229335871270716, 0.11106737442253158, 0.11557251366714888, 0.09592016125426477, 0.12469323013157213, 0.11901112936820472, 0.10203452735770917], [0.10397837924842009, 0.1025441342099792, 0.12309365344354142, 0.11191637162069247, 0.11614646614022599, 0.09492196752808353, 0.12463577110290973, 0.12214452673136154, 0.10061872997478605], [0.10421503029537262, 0.1028998836122776, 0.12267801296210258, 0.11163858906825222, 0.11601235913493411, 0.09516046739125156, 0.12500000000000003, 0.12146109995886759, 0.1009345575769418], [0.10503403434229984, 0.10387750084354905, 0.12238754242981047, 0.11115975911599334, 0.11567968286250911, 0.0958925869121187, 0.12435096373624645, 0.11977367044609842, 0.10184425931137464], [0.10494675265528375, 0.10378522049829149, 0.12242611886472504, 0.11124155859323767, 0.11574168958999592, 0.09584219917027552, 0.12426049660983304, 0.11999384341752221, 0.10176212060083532], [0.10441553458842809, 0.10317610378757545, 0.12243832854968408, 0.11156733342296767, 0.1159579265384801, 0.09541818386077795, 0.12468141680086649, 0.12114618109989794, 0.10119899135132222], [0.10547136146462893, 0.10436345811358971, 0.12203722858963298, 0.11092232453268468, 0.11537087278121311, 0.09623547079534867, 0.12443974997415627, 0.11886903249537635, 0.10229050125336919], [0.10389553036849178, 0.10253171527977865, 0.12302420788535263, 0.11192353095598427, 0.11603745682409335, 0.09497142699374413, 0.12471703110388974, 0.12229446343286496, 0.10060463715580047], [0.10467761587472384, 0.10352582163348198, 0.12239056447418786, 0.11138421267482088, 0.11582592361247625, 0.09568644778033154, 0.12442199557786857, 0.12056613444218607, 0.10152128392992289], [0.1057453369394499, 0.10470798322345537, 0.12168454957874882, 0.11075204336498543, 0.11524192605821075, 0.09651140163690028, 0.12442398724958796, 0.11832752061575746, 0.10260525133290402], [0.10529211923635476, 0.10421886755722123, 0.12211586597441569, 0.1109314703768601, 0.11542562679464664, 0.09616620214367222, 0.12445780546281875, 0.11924054755935416, 0.10215149489465646], [0.10491048789187482, 0.10380502216137522, 0.12231652028459716, 0.11118326029102787, 0.11566298418116687, 0.0958889221684914, 0.12439814212228535, 0.12006174257368231, 0.10177291832549895], [0.10394699146492277, 0.10266158585594895, 0.12288060716689356, 0.11177416725077574, 0.11594482594978453, 0.09508005216912849, 0.1248986566707441, 0.12209609255929818, 0.10071702091250369], [0.10474458919169613, 0.10363274338612757, 0.12232194297489499, 0.11132471570744511, 0.11575950486291761, 0.09579880981186449, 0.12431808123272386, 0.12047963579047673, 0.1016199770418535], [0.10572793332787196, 0.10472668625974327, 0.1216610073065097, 0.11071976263626104, 0.11519218204795229, 0.09655069561114397, 0.12442593525142989, 0.11837688300653307, 0.10261891455255481], [0.10511009511160722, 0.10406304742253246, 0.12216774195067888, 0.111002539314796, 0.11549761383914134, 0.09609976612232081, 0.12438323711017295, 0.11966874753524005, 0.10200721159351003], [0.10396213053034976, 0.10273589434205989, 0.12278318304468325, 0.11169448788656644, 0.11587102930247303, 0.09515736106314907, 0.125, 0.1220142871755547, 0.1007816266551639], [0.10400840412382897, 0.10284354814225012, 0.12269033269272644, 0.11163912364632438, 0.11581114831131327, 0.0952821260536634, 0.12489981861995492, 0.12194247284202898, 0.10088302556790953], [0.10483572007510786, 0.10383289016030531, 0.1221058507374656, 0.11110530137474674, 0.1155356880699262, 0.09598643610323174, 0.12457071670895649, 0.12023809134912564, 0.10178930542113455], [0.10519480134236131, 0.10423719985478673, 0.12197831674403996, 0.11085363308655859, 0.11533403091659879, 0.09627977700365443, 0.12444278993096711, 0.11951899990588578, 0.10216045121514718], [0.10586019307083258, 0.10499550536566364, 0.12129400031223146, 0.11047372045295357, 0.11494996013901938, 0.09678392874360539, 0.12478583264545791, 0.11801119617977313, 0.10284566309046303], [0.10416443550452185, 0.10308203702082545, 0.12252941876925731, 0.11151449292778881, 0.11575415345259198, 0.095505439085676, 0.12466055235488209, 0.12168234190011609, 0.10110712898434039], [0.10489638774386258, 0.10393160339745422, 0.12202850432598854, 0.11099952578732891, 0.11543849690727183, 0.09606207923415276, 0.12470070899650902, 0.12006956182682664, 0.10187313178060538], [0.10571313807311786, 0.10484488465694741, 0.1214980097697846, 0.1105708295231749, 0.11499705548413272, 0.09672143474966108, 0.12451683016840426, 0.11842377933694537, 0.1027140382378317], [0.10616029112840757, 0.10535957062897434, 0.12130474562386312, 0.1103189181259834, 0.11480190073609048, 0.09705037473404782, 0.12446512970105482, 0.11736279129653586, 0.1031762780250426], [0.10499721372455481, 0.10405733050428805, 0.12197236462563665, 0.1109015487387308, 0.11535578040505885, 0.09615316081239719, 0.12473241460181855, 0.11984480713755218, 0.1019853794499627], [0.10435006902356103, 0.1033652416210475, 0.1221896201798197, 0.11129105102835525, 0.11560356864433366, 0.0956937964906247, 0.12500000000000003, 0.12115472150260696, 0.10135193150965136], [0.10608415993534692, 0.10534051781045511, 0.12116695642433939, 0.11026957618713318, 0.11473423851426046, 0.0970800143504954, 0.12465532249356193, 0.11751830889548778, 0.10315090538891984], [0.10589676828900557, 0.10513452956381017, 0.12110078095283776, 0.11032080447269162, 0.11477980181001592, 0.0969294668640464, 0.12500000000000003, 0.11787912469691475, 0.102958723350678], [0.1039165378256833, 0.10289681465715342, 0.12249353445692837, 0.11162690918728688, 0.11561813495169779, 0.09544932505169176, 0.125, 0.12207077898030011, 0.10092796488925836], [0.10417919702603295, 0.10322539973358177, 0.12237328560820765, 0.11144031714747729, 0.1156139614878826, 0.09571193523389372, 0.12455708163630205, 0.12166149002274475, 0.10123733210387721], [0.105715487897793, 0.1049568507188937, 0.12135705744204178, 0.11046040374031038, 0.11484613943215784, 0.09688839424142555, 0.1244972897685934, 0.11847125651233399, 0.10280712024645036], [0.10496462544333629, 0.10413550595700324, 0.12175762577984958, 0.11076886006329269, 0.11519053739473147, 0.0962753380433687, 0.125, 0.11986777567844105, 0.10203973163997697], [0.10431165312980156, 0.10341422153671061, 0.1221988010458813, 0.1113053608041438, 0.1155258213875058, 0.09587177696186328, 0.12457047831479523, 0.12139657836760784, 0.10140530845169057], [0.10517265150642274, 0.10438143710839941, 0.12167879914934188, 0.11066802073061535, 0.11509906898750304, 0.09649315460931916, 0.12468277617664406, 0.119552439564814, 0.10227165216694035], [0.10583213365703976, 0.10513363293015955, 0.12114404056812718, 0.11032033742768167, 0.1147366273203912, 0.09702248750963384, 0.12469082805038667, 0.11816168204670274, 0.10295823048987737], [0.1051433079173827, 0.10439565748523687, 0.12160458385759629, 0.11063867225797215, 0.11505080988156562, 0.09653876275943105, 0.12473677723443816, 0.11961228567328629, 0.10227914293309077], [0.10495655814890664, 0.1041894990015941, 0.12164819448554855, 0.11077811183027697, 0.11515455602337352, 0.09640449692491071, 0.12476824367348045, 0.12000794974767506, 0.10209239016423402], [0.10600833697822917, 0.10539901853657734, 0.1209082082506007, 0.1101749446109, 0.1145888702174334, 0.09724800311517037, 0.12470819571990419, 0.1177730173655224, 0.10319140520566245], [0.10471882610892994, 0.10392486122057532, 0.12164446417130224, 0.11092407309216279, 0.11525624078309357, 0.09621751289943681, 0.12499999999999999, 0.12046380161660873, 0.10185022010789051], [0.10611693016903469, 0.10553732610523851, 0.12088381953867695, 0.11011976848011992, 0.11453405786225676, 0.09735721952060096, 0.12458568418746482, 0.11754838561451737, 0.10331680852209013], [0.10428596251320049, 0.10345936306296734, 0.12212492300426431, 0.11127983000658553, 0.11543016242310769, 0.09599305258126889, 0.12450276815688154, 0.1214771469207311, 0.1014467913309931], [0.10544254324013205, 0.1047815706014492, 0.1213631649585542, 0.11037746887776231, 0.11476411893458174, 0.09682056044440059, 0.12490454230392385, 0.11892602561908529, 0.10262000502011082], [0.10552772770089847, 0.10488102785308966, 0.1213114807307432, 0.11033204970965702, 0.11469515309889854, 0.09688871384862095, 0.12491573475945582, 0.11873844598688257, 0.10270966631175367], [0.10547271108680284, 0.10482216915161444, 0.12134131385439567, 0.1103375016877491, 0.11471454489835466, 0.09683916410568058, 0.125, 0.11881973556292202, 0.10265285965248068], [0.10475916145493099, 0.10404477494009667, 0.12177586004909752, 0.11080575911392586, 0.11512253635137784, 0.09635650693309589, 0.12482711393163674, 0.12035763144420282, 0.1019506557816357], [0.10514211636698279, 0.10448900194291752, 0.12162525422718305, 0.11054314180004297, 0.11492330875982049, 0.09668047749487149, 0.12462333571369372, 0.1196187933799588, 0.10235457031452905], [0.10504938942123415, 0.10439662345792504, 0.1217039403851225, 0.11059003348009494, 0.11495232079495031, 0.09662296164868242, 0.12462313599327836, 0.11979311671826776, 0.10226847810044438], [0.1040703957303303, 0.10331035873441835, 0.12213281309361494, 0.111306601395053, 0.11528205900181536, 0.09593235120988913, 0.125, 0.12167017638501543, 0.10129524444986347], [0.10530428911317674, 0.10480973046366593, 0.12185096324846154, 0.11017175736927341, 0.11455765112957665, 0.09694347019294326, 0.12466294216909453, 0.11908360254858598, 0.10261559376522184], [0.10581443464348081, 0.10543125806188619, 0.12145285222760989, 0.10981121427137648, 0.11419333649362665, 0.09732805496427807, 0.125, 0.11780940691430795, 0.10315944242343399], [0.10506341529806379, 0.10453433820683379, 0.12199209969650159, 0.1104218411862508, 0.1147540218580867, 0.09680139043661438, 0.12435608005237252, 0.11969912299774438, 0.10237769026753207], [0.10522733836484821, 0.10474593658064432, 0.12195239038994315, 0.11020894748986051, 0.11458177067345347, 0.09692672092454548, 0.12454249666505808, 0.11925719353865558, 0.10255720537299122], [0.10415713980836988, 0.10350140978866142, 0.12238367928648262, 0.11110249279961262, 0.11510249234467133, 0.09613363900613288, 0.12473910505981445, 0.12142259563218276, 0.10145744627407205], [0.10560364920632205, 0.1052250085258176, 0.1217572101992225, 0.10990602824608922, 0.1142180211132308, 0.0972451565171467, 0.12472743371851178, 0.1183423581005512, 0.10297513437310825], [0.10560837716279448, 0.10525976208003757, 0.1217899470890731, 0.1098455691443462, 0.11416201487554509, 0.09727245590648145, 0.12478972061235513, 0.11827321306702707, 0.10299894006233994], [0.10532615890812762, 0.10496856603371545, 0.12205018112605981, 0.10988746545215179, 0.11424240672705653, 0.09706185328875107, 0.12500000000000003, 0.1187407299449159, 0.10272263851922193], [0.10491943742355596, 0.10447116013221454, 0.12232434099598195, 0.11037569984757466, 0.11465633652470641, 0.0968223610989451, 0.12423543480186064, 0.11988856979894211, 0.10230665937621863], [0.10499130944548563, 0.10456114721189666, 0.12229342653421046, 0.11030870602720033, 0.11460448319988939, 0.0968840265977054, 0.12423860047336874, 0.11973270583974584, 0.10238559467049757], [0.10555793376304015, 0.10531129034229918, 0.12197367299386576, 0.10965203169681038, 0.11396658450819178, 0.09732063702425794, 0.125, 0.11820105099286274, 0.10301679867867207], [0.10456063206862255, 0.10410251016636157, 0.12254983376772882, 0.11051455259158595, 0.11471256007643499, 0.09658365579770407, 0.12445528508398848, 0.12055513177199491, 0.10196583867557865], [0.10503474385083951, 0.10469946555826089, 0.12238170627243604, 0.11005271655725445, 0.11437044848672935, 0.09697220994313524, 0.12445050484418628, 0.11955518731804127, 0.10248301716911697], [0.10527818240268978, 0.10500686896545591, 0.1222832152906104, 0.10976953690627314, 0.11411688076824641, 0.09713848829210084, 0.12478077360279533, 0.11888393711674339, 0.10274211665508481], [0.10556286534220424, 0.10542517977352045, 0.12215406059950584, 0.10948115914457623, 0.1137865067169979, 0.09744652612820542, 0.12477680496626929, 0.11826698873878032, 0.10309990858994031], [0.10454880189026325, 0.10418395520041594, 0.12269706354310046, 0.11028457007602609, 0.11449688383464313, 0.09663629132807028, 0.12457437614362246, 0.12056745782321025, 0.10201060016064811], [0.10438594250804856, 0.10406676200144292, 0.12290123592929982, 0.11019055933843593, 0.11438124997967444, 0.09654560322639988, 0.12480579765049031, 0.12084040708490233, 0.1018824422813058], [0.10415554670154413, 0.10379422470632178, 0.1230229126233633, 0.11032341604424878, 0.1144546663720428, 0.09635521603882324, 0.125, 0.12125469041277907, 0.10163932710087693], [0.10571436503342295, 0.10576392450223956, 0.12225298194503544, 0.10908477320427158, 0.11342471389887686, 0.09766831498020709, 0.125, 0.11773328264961656, 0.10335764378632996], [0.10440742961358979, 0.10413388957331116, 0.12294357950958078, 0.11008202083108982, 0.11428207070125204, 0.09659646659119044, 0.1248154693539075, 0.12080744536978319, 0.1019316284562953], [0.10506110351689299, 0.10499309823245535, 0.1227866924600504, 0.10937066329551677, 0.11371967769645575, 0.09714908302293496, 0.125, 0.11925376719631821, 0.10266591457937557], [0.10428517200215687, 0.10403983674624956, 0.12309737363051981, 0.11001898881755237, 0.11420381540130953, 0.0965209449440906, 0.125, 0.1210029256924709, 0.10183094276565033], [0.10544877145317924, 0.1055241094918419, 0.12256595892851595, 0.1090639421327835, 0.11337063761228641, 0.09753242362037247, 0.12500000000000003, 0.11836708310459004, 0.10312707365643056], [0.10481221700356178, 0.10472257508939385, 0.12293105982269902, 0.10950216950603321, 0.1138202066700874, 0.09697337953216004, 0.125, 0.11981907921322685, 0.10241931316283785], [0.10464049757724295, 0.10449378118167907, 0.12306462545100529, 0.10975913215126597, 0.11401154366189063, 0.09686704023005367, 0.12455568067157811, 0.12037318118333133, 0.102234517891953], [0.10425878146998685, 0.10406514493250955, 0.12324019421957493, 0.10993285027801245, 0.11410388347810953, 0.0965653831787041, 0.1248630139717013, 0.12112643481103098, 0.1018443136603703], [0.10422182868001031, 0.10403405368827279, 0.12330962008707962, 0.10994106222254328, 0.1140963110268061, 0.09655752748030078, 0.12478426963059616, 0.12123884097661365, 0.10181648620777735], [0.10435860328234677, 0.10424709843609914, 0.12328130844844558, 0.10969651823242052, 0.11391266496500926, 0.09667428717756407, 0.125, 0.12084517755058509, 0.10198434190752959], [0.10418200234189122, 0.10402344858755777, 0.1234295414828373, 0.109906108235828, 0.1140420197497088, 0.09657479791443592, 0.1246538266852497, 0.12138530602854326, 0.10180294897394802], [0.10461580286353866, 0.10459884872042886, 0.12330488400864711, 0.10947873620192042, 0.11373326153346235, 0.09695949227192831, 0.12460962728725043, 0.12040384552004846, 0.1022955015927754], [0.10417631906006132, 0.10406520723250377, 0.12353206769214337, 0.10981381536238835, 0.11394606769601501, 0.09662117297691726, 0.12457735027437596, 0.12143711085401328, 0.10183088885158167], [0.10513273046798945, 0.10528216664000734, 0.12310595802280812, 0.10900560091829685, 0.11329669748308677, 0.09743319291312393, 0.1246746888809156, 0.1191808120253991, 0.10288815264837277], [0.10462758997018297, 0.1046411729303187, 0.12334389881413929, 0.10941304256195548, 0.11366966132667715, 0.09699615180686108, 0.12460107072160932, 0.12038023359131222, 0.10232717827694378], [0.10528600268318979, 0.10550963517441066, 0.12297899164178959, 0.1088423052525595, 0.11309852967939853, 0.09758852532194881, 0.12484884548644125, 0.11876780982519072, 0.10307935493507114], [0.10493173981999651, 0.10506838852002251, 0.12330821575656152, 0.10903834288615617, 0.11336046579507182, 0.09728762479879327, 0.1246936169211267, 0.11962165679605405, 0.10268994870621743], [0.10518721176958187, 0.10544191647297362, 0.1230949948948532, 0.10877507737123902, 0.11303689960356175, 0.09753743159308184, 0.12499999999999999, 0.11892293162281281, 0.1030035366718958], [0.10436393640710903, 0.10442857269894366, 0.12362882208769703, 0.10930699316447694, 0.1135352394918902, 0.09682737716751529, 0.125, 0.12080513656522505, 0.1021039224171428], [0.10472662276149654, 0.10489271056190196, 0.12348641367321425, 0.10899061958410823, 0.11329580436643882, 0.09714691114740898, 0.125, 0.11995198528271935, 0.10250893262271188], [0.10508925357121139, 0.10535519821688612, 0.12330449847802177, 0.1087872554275749, 0.11306290668558547, 0.09750791222734265, 0.12475081124086315, 0.11921761127456716, 0.10292455287794737], [0.10447442517513755, 0.10461212221791774, 0.12369175971737129, 0.10916731678580269, 0.11340380281326042, 0.09699438336334469, 0.12474931781850093, 0.1206439197036169, 0.10226295240504779], [0.10437019907317832, 0.10449208655841476, 0.12375138006435855, 0.1092053914588287, 0.11342726821935425, 0.0968993460176767, 0.12486848893982648, 0.12083401884101197, 0.10215182082735029], [0.10445743811744483, 0.10461588954367017, 0.12374881654350095, 0.1091307049454987, 0.11336267847392979, 0.09700487260833428, 0.12473372152875994, 0.12068431779635334, 0.10226156044250799], [0.10511677005853527, 0.10548174154425236, 0.12339844529315476, 0.10861984623111218, 0.11287010382067955, 0.09763214277869654, 0.12470465285058972, 0.11915562713182068, 0.10302067029115893], [0.10426159507439729, 0.1043926366646512, 0.12387908377196595, 0.10925397142575052, 0.11343048485637718, 0.09687434864144348, 0.12464748316954642, 0.12119464218891529, 0.10206575420695264], [0.1046326343746656, 0.10491521362112136, 0.12381805550119086, 0.10884793490561277, 0.11310857696927248, 0.09724533065378477, 0.1246297214874708, 0.12029083953441629, 0.10251169295246529], [0.1125118326225837, 0.11126346890926547, 0.12500000000000003, 0.10884169273564552, 0.11438509608784729, 0.1013973837743739, 0.11271425753651526, 0.10468215949965748, 0.1092041088341115], [0.11255489485162207, 0.11134941231087694, 0.12491763734101778, 0.10880298349701573, 0.11434548262496821, 0.10148148616893637, 0.11265239266308377, 0.1046123044379159, 0.10928340610456322], [0.11202419161894998, 0.11077813275161845, 0.125, 0.10897963835519531, 0.1144467524773595, 0.10096633172305317, 0.11354150684208573, 0.10558201956126421, 0.1086814266704736], [0.11167430659427544, 0.11036066189935866, 0.125, 0.10912331280653313, 0.1146072836351304, 0.10059638472975331, 0.11413601440017916, 0.1062426923710876, 0.10825934356368232], [0.11262290078222972, 0.11182224761796444, 0.12500000000000003, 0.10840425620264943, 0.11393975228535383, 0.1018961984993828, 0.11239240866483823, 0.10426500891024697, 0.1096572270373347], [0.11311041070048322, 0.1124587306687924, 0.125, 0.10807815506022263, 0.11364756827879363, 0.10246924888114971, 0.11158506294445013, 0.10337071433716769, 0.11028010912894061], [0.11210591241478161, 0.11125875644119258, 0.12491117684428421, 0.10860225508482724, 0.11406172182441289, 0.10140294470721553, 0.11331860249336945, 0.10527434005678714, 0.10906429013312936], [0.11208126378697356, 0.11131212004608114, 0.12500000000000003, 0.10852330187496458, 0.11398055341038338, 0.10144380787641993, 0.1133130698012464, 0.10525130179136805, 0.10909458141256323], [0.11139764255293493, 0.11049375415783153, 0.12453726387143817, 0.10886240411140763, 0.11428454045106433, 0.10077126519816308, 0.11464313254058964, 0.10673522427314422, 0.10827477284342663], [0.11210399469985066, 0.11149431450577611, 0.12480958536803062, 0.10840573419848813, 0.11384764951505921, 0.10162645378515954, 0.11327449493626601, 0.10519826120129372, 0.10923951179007597], [0.11139156862342661, 0.11063823992248824, 0.12468407077899066, 0.10870088431180706, 0.11411253949326794, 0.10089108880342311, 0.11457657276069019, 0.10662767352420836, 0.10837736178169767], [0.11154427645453564, 0.11086824297989951, 0.125, 0.10855432916669046, 0.11397018990894225, 0.10106360162202588, 0.11420796295424822, 0.1062000331458973, 0.10859136376776073], [0.11172002551275761, 0.11114224808819491, 0.12472609993097415, 0.10847650623667364, 0.11386691750317497, 0.10133206242671966, 0.11395343271681758, 0.1059285238305922, 0.10885418375409528], [0.11312133864584213, 0.1130931896671096, 0.125, 0.10746615179726014, 0.11298276066052722, 0.10303722455921703, 0.111441147692556