[[0.11332797554610428, 0.10218789042204163, 0.11706749482382246, 0.10751511312656861, 0.09855423256172174, 0.11890237979049736, 0.09526254950952476, 0.12465805746296368, 0.12252430675675546], [0.11399325817549166, 0.10164524799301194, 0.11767763458070059, 0.10762408446675159, 0.09762105494903736, 0.11907746872462896, 0.09431642592140393, 0.12484882577282744, 0.12319599941614665], [0.11332205396517758, 0.10215259756600567, 0.11690594933637026, 0.10749230161949888, 0.09853275124362115, 0.11908557849516976, 0.09537499264656786, 0.12480979723380564, 0.1223239778937833], [0.113450451972455, 0.10204971582678177, 0.11702274477184055, 0.10751335931926155, 0.09835396127041399, 0.11913083713964698, 0.09518511382660502, 0.12477192854331402, 0.12252188732968101], [0.11404643565416088, 0.10157896584510363, 0.11762578197082818, 0.10761870658568903, 0.09753247625058704, 0.11921249436444831, 0.09431270100867321, 0.125, 0.12307243832050972], [0.11394723245112827, 0.10172730896713342, 0.11744684561154212, 0.10763214076179674, 0.09777428770203245, 0.11927583029527561, 0.09463978250745404, 0.12463471903614165, 0.12292185266749582], [0.11338437504634595, 0.1020462930926535, 0.1168750091857645, 0.10747390346572398, 0.09838460200379216, 0.11921658779288083, 0.09529465923840542, 0.12499999999999999, 0.12232457017443356], [0.11348664353714989, 0.10201225276114582, 0.11684530446077435, 0.10751202098930833, 0.09832578154906838, 0.11942125855943304, 0.09535391390905235, 0.12478013253208675, 0.122262691701981], [0.11322883972341967, 0.10244632680709465, 0.1164615992807947, 0.10758203883063536, 0.09900026797832376, 0.1194032044316021, 0.09617943289427823, 0.12408587659710824, 0.12161241345674331], [0.11383981063668794, 0.10189946127585024, 0.11701880861600474, 0.10764849825850224, 0.09808365309343328, 0.11973638415856142, 0.09525535575937073, 0.12414680338405358, 0.12237122481753585], [0.11436404814812401, 0.10158173775552336, 0.11742637245606971, 0.10777030771576215, 0.09746677718851066, 0.11986878079324398, 0.09466258937053022, 0.12435208008210892, 0.12250730649012698], [0.11328498718056441, 0.10239129968442326, 0.1164090852329826, 0.10758571580150776, 0.09892359815802418, 0.11955808884764017, 0.0961920814379145, 0.12408595251422816, 0.12156919114271494], [0.1142085849293902, 0.10166965640561901, 0.11723524660547274, 0.1077276579004275, 0.09764838475481469, 0.11989169636672783, 0.09490538752571272, 0.12429970055784274, 0.12241368495399271], [0.11405297870531347, 0.10179005126908428, 0.11700094284961951, 0.10770050592321517, 0.09787619708008052, 0.1200510609337016, 0.09523278978328692, 0.12408140836925653, 0.122214065086442], [0.11472218060795472, 0.10136288769686722, 0.11746647665465919, 0.10784443581680034, 0.09706157667109508, 0.12021055773195599, 0.09444852994352786, 0.12410359117464166, 0.12277976370249782], [0.11372504383774079, 0.10196302134423751, 0.11670729600462817, 0.10761242913336327, 0.0982285830696185, 0.11998436244705343, 0.09559601278645724, 0.12421455416452028, 0.12196869721238093], [0.11461237427819285, 0.10142878711212301, 0.1173478944479329, 0.1078163798533381, 0.09719422975403212, 0.12025342753386369, 0.09461965321453021, 0.12417999873624164, 0.12254725506974545], [0.11442641983505691, 0.10162441248179721, 0.11719001283226808, 0.10781308229731068, 0.0975266803604412, 0.12023695704123773, 0.0949815895235421, 0.12404913285990168, 0.1221517127684444], [0.11328645333012298, 0.1025091158608591, 0.11617716878200966, 0.10764555994215608, 0.09910912610387237, 0.11978221200897883, 0.09660082566559876, 0.12367878638683945, 0.12121075191956275], [0.1143226293912045, 0.10169154264240404, 0.11706261349146618, 0.10778950283032644, 0.09765864758966805, 0.12027838486402005, 0.09515855229147814, 0.12395462562066578, 0.12208350127876681], [0.11381240225928152, 0.10185584016015829, 0.11663540981004955, 0.10760113201529999, 0.09806525264372294, 0.12021985209235854, 0.09557005550385975, 0.12440672498156861, 0.12183333053370071], [0.11425962773257176, 0.10169005838520373, 0.11697462311488721, 0.1077541009925359, 0.09768286737205155, 0.12033492241208746, 0.09521599151345422, 0.1240707992049938, 0.12201700927221434], [0.11326095644714738, 0.10258054243476461, 0.11610548297709701, 0.10766740614155412, 0.09921704156411427, 0.11979165135096202, 0.09675589553910473, 0.12353012749365631, 0.12109089605159953], [0.1140703239107276, 0.10170103020436635, 0.11677296406759073, 0.10765798009228117, 0.09777054674055531, 0.12039105382745513, 0.0953456593959338, 0.12440972643687846, 0.12188071532421156], [0.11384415678352308, 0.10180251947341938, 0.1165790251450581, 0.10758920708876483, 0.09798885583138287, 0.12034534669607733, 0.09557059519691566, 0.12454089370215943, 0.12173940008269934], [0.1135676497780172, 0.10215614718273389, 0.11629838575155496, 0.10761997911421875, 0.09856377017591225, 0.12022550739386145, 0.09619241017786367, 0.12397786784772451, 0.12139828257811329], [0.11339284742891621, 0.10241274395697063, 0.11613398800384611, 0.10765706887367499, 0.09896915505355529, 0.12004986034067641, 0.09660519005769577, 0.12362977033170491, 0.12114937595295965], [0.11450342598405776, 0.10142287359632599, 0.11696620401763154, 0.10774453313868104, 0.09725178544409412, 0.12060086046286589, 0.094943882695233, 0.12440740230347315, 0.12215903235763763], [0.11412551755125878, 0.10165372944425395, 0.11669486586624898, 0.10766030790874268, 0.09769663673716836, 0.12057051062865597, 0.09538360977003778, 0.12448359410201816, 0.12173122799161533], [0.11353011068053644, 0.10222473460816477, 0.11620855485081857, 0.10763379318544639, 0.09867260791085657, 0.12025518511505423, 0.09635761228678558, 0.12385289763081717, 0.12126450373152033], [0.11371001850297309, 0.10193816051198916, 0.1163584152854926, 0.10758431644069293, 0.09822617420682513, 0.1204197939586716, 0.09591280601638226, 0.12438260587975392, 0.12146770919721944], [0.11388135773796108, 0.1017316826308052, 0.1164836648515889, 0.10757058190180095, 0.09789007997255347, 0.1205315863488208, 0.0955885384584207, 0.12473650503484902, 0.1215860030632], [0.11404620256414802, 0.10165072481300373, 0.11658041457104401, 0.10761590137659259, 0.09772509074674521, 0.12062848090627074, 0.09545768121122065, 0.12467041545675676, 0.12162508835421829], [0.11328502573415772, 0.10262985051734291, 0.1159265490925936, 0.10770774776386517, 0.09930135482000141, 0.12007085277289116, 0.09704548080064142, 0.12322102958065358, 0.12081210891785282], [0.11358813511467901, 0.10213996001481793, 0.11616332602105789, 0.10762025866310393, 0.09854517602872281, 0.12042794316622542, 0.09632405176115229, 0.12399582433212009, 0.12119532489812082], [0.1133217733478409, 0.10260108661858713, 0.11591699756491577, 0.10771298986498393, 0.09925513763589218, 0.12013534911677533, 0.09704452025342405, 0.12321330175079237, 0.12079884384678834], [0.11426212044455718, 0.1015848112451802, 0.11658063447476597, 0.10769269504276895, 0.09757116702705954, 0.12089862767102562, 0.09546143674246067, 0.1243948141531775, 0.12155369319900435], [0.11393757017200404, 0.10163384079149852, 0.11636237814538805, 0.10754797442225181, 0.09775083017165175, 0.12078032968572708, 0.09560319624830889, 0.125, 0.12138388036316985], [0.11365513559723228, 0.10204136013881966, 0.11615645929547945, 0.10760494604631823, 0.09839392385672477, 0.12056918609327556, 0.09623438327066114, 0.12416751393146658, 0.1211770917700223], [0.11470515701911384, 0.10106328598688946, 0.1167846463530147, 0.10766334632267038, 0.09672151962621094, 0.12103318420216615, 0.09466939735233797, 0.125, 0.12235946313759656], [0.11410464447154246, 0.10160954287942282, 0.11643203771529903, 0.10762208492645163, 0.09766265194758188, 0.12091483605508961, 0.09557676167488774, 0.12470338593799617, 0.12137405439172877], [0.1145133027637876, 0.10136178839977597, 0.11663476612335646, 0.10771050385407188, 0.09719167123302826, 0.12104062301680074, 0.09518683638137301, 0.12444175392195501, 0.12191875430585108], [0.11430383314686074, 0.10155142690476121, 0.11651231227896196, 0.10769594347126889, 0.09751840969782227, 0.12104382186740491, 0.09549992776233145, 0.12432577212130884, 0.12154855274927977], [0.11356114586650053, 0.10223423238777375, 0.11596233940464391, 0.10765176085593943, 0.09869144069168592, 0.1205953932097763, 0.0966492360837097, 0.12376531355162909, 0.12088913794834115], [0.1141134086670925, 0.10163029191470746, 0.11619319652755923, 0.10763363075795745, 0.09770282476316844, 0.12126517781323404, 0.09585268425261356, 0.12452056000096547, 0.12108822530270182], [0.11331873351168087, 0.10262257778410999, 0.11564257047378486, 0.10772143896792523, 0.09930006768199769, 0.12069114733983773, 0.09736941706230651, 0.12293847696252641, 0.12039557021583072], [0.11489116663221073, 0.10091774660416573, 0.11650631126357057, 0.10767878570718317, 0.09649068699836176, 0.12163809510050898, 0.0948313407191153, 0.12482864397758917, 0.12221722299729462], [0.11496404166855616, 0.10089323941797479, 0.11654190064749491, 0.10770424033090449, 0.0964333398254962, 0.12167299751936217, 0.09479173299635205, 0.12470663147992296, 0.12229187611393628], [0.11343688176620775, 0.10248546026931607, 0.11570098615239502, 0.10771335675299279, 0.09907834964389767, 0.12068686962133039, 0.09719605688172914, 0.12321602727247852, 0.12048601163965265], [0.11469282202226298, 0.10111677998308856, 0.11639642481540069, 0.1076755628156935, 0.09682401187777578, 0.12153547485549906, 0.09513613207071711, 0.12469140456196094, 0.12193138699760152], [0.11437338633974813, 0.10150495337738513, 0.1162544886935224, 0.10770458472394016, 0.09745097391999649, 0.12149944531721048, 0.09572044401871352, 0.12409507922007496, 0.12139664438940874], [0.11481149365012659, 0.10093171345471524, 0.11641154607189651, 0.10764365257297188, 0.09653996302554789, 0.1216722110043394, 0.09491497946394996, 0.12499999999999999, 0.12207444075645241], [0.11377443119150134, 0.10198570588027565, 0.11590076717237979, 0.10763614919954118, 0.09829828501340082, 0.12109363824500403, 0.09648972429004021, 0.12406776476030133, 0.12075353424755565], [0.11351302092045436, 0.10240197761533722, 0.11571963972679632, 0.10771062314170046, 0.0989428412839698, 0.12072417391652587, 0.09710885979078092, 0.12336900624654566, 0.12050985735788942], [0.11430295401820019, 0.1015460471377783, 0.11609303508631628, 0.10768780506704614, 0.09753698297956467, 0.1216558221995155, 0.09591464292085541, 0.12408477202705039, 0.12117793856367311], [0.1143945651942963, 0.10150370116050285, 0.11611465687118776, 0.10771373488382929, 0.09745052237629462, 0.12173167628852193, 0.09586783497418432, 0.12394273002003087, 0.1212805782311522], [0.11464647008957486, 0.10118302516069452, 0.11616712355821725, 0.10768249426061453, 0.09694096099043198, 0.12185465702333657, 0.09545533510222207, 0.12444329241529631, 0.1216266413996119], [0.11418902644720155, 0.10162908203355933, 0.11597352567587936, 0.10767045018683713, 0.09768981446413785, 0.1216784700109922, 0.09610811646851986, 0.12411272042523863, 0.12094879428763408], [0.11478404062010913, 0.10102405388959972, 0.11621951497380141, 0.10767362806808567, 0.09668364515166537, 0.12191021250382225, 0.09524042917907605, 0.1246632276789949, 0.12180124793484537], [0.11408664338589222, 0.10172262009788939, 0.11590139242076984, 0.10766462854352205, 0.09785032221028174, 0.12162659908223218, 0.09627076764080639, 0.1241104330620476, 0.1207665935565586], [0.1136306527416118, 0.10227907986831723, 0.11564337963555092, 0.10770975872443919, 0.09874649045361622, 0.12105959921901303, 0.09709029001868007, 0.12345964743152972, 0.12038110190724177], [0.11467523031223428, 0.10115551216937858, 0.1161318380837228, 0.10768321087490106, 0.09689750601966216, 0.1219396880967759, 0.09546940918009754, 0.12443928406852872, 0.121608321194699], [0.11399713794990045, 0.1018278494480126, 0.115836278793433, 0.10767141429211513, 0.09802185659312057, 0.12156461444968357, 0.09644622557253799, 0.12404043231379916, 0.12059419058739751], [0.11396010678480967, 0.10188004548818534, 0.11579600481212154, 0.10767862609480636, 0.09810495561951021, 0.12154932089389359, 0.0965442531761068, 0.1239707765477639, 0.12051591058280271], [0.11387981345147874, 0.10196422503506375, 0.11574782871865835, 0.10767964860105426, 0.09824454514374774, 0.12146097522524099, 0.09667379823978973, 0.12387220365944367, 0.12047696192552276], [0.11372349420720151, 0.10217282039168438, 0.11563775882616024, 0.10770432000818767, 0.09857630666123215, 0.12126515935756933, 0.0970002851733132, 0.12356524842555067, 0.12035460694910084], [0.11431498649375402, 0.101527216400027, 0.11589764300691922, 0.10768405782677205, 0.09751802059409438, 0.12195213936365937, 0.0960906270895342, 0.12400540559082052, 0.12100990363441926], [0.11407870133222865, 0.10176232326172434, 0.11579842674218409, 0.10768059983228344, 0.0979107020889197, 0.12174847401898407, 0.09642988116017112, 0.12394237476219735, 0.12064851680130725], [0.11367119604049816, 0.10226768372143762, 0.11557280249739317, 0.107725445036572, 0.0987218007632309, 0.12121120307617965, 0.0971725750234745, 0.12339513994263376, 0.12026215389858025], [0.11444903211310488, 0.10138551124341777, 0.11590301373620525, 0.1076818920564415, 0.09728626894574866, 0.1220907430672381, 0.09593013956283929, 0.12410850299660636, 0.12116489627839819], [0.11414902271582134, 0.1017063735870337, 0.11579145046695155, 0.10768877622828539, 0.09781427327067557, 0.12186890975976249, 0.09638825062880885, 0.12387704128694327, 0.12071590205571797], [0.11403834127235941, 0.10183368255234712, 0.11569447474795264, 0.10769611644634809, 0.09802316699727502, 0.12181046240652126, 0.09662076019662921, 0.12379100450581071, 0.12049199087475643], [0.113920758357379, 0.101965457369598, 0.11561050816360328, 0.10770220283232125, 0.09823937092141723, 0.1216935714575843, 0.09683951751881845, 0.12375464648689627, 0.12027396689238225], [0.11415472460382016, 0.10161338697111083, 0.11559051388452064, 0.10764606511590005, 0.09769714286489388, 0.122149549476975, 0.09646404333745758, 0.12411117634353684, 0.12057339740178515], [0.11372150971366961, 0.1021881794461367, 0.11537478536878376, 0.10771357752889693, 0.09860798833773007, 0.12153048123808212, 0.09730034722897296, 0.12360189471052449, 0.11996123642720334], [0.11380523363843371, 0.10204095750293349, 0.1153245665418364, 0.10768357068554536, 0.09838729150930856, 0.12178270104954571, 0.0971901937228379, 0.12388134021705503, 0.11990414513250387], [0.11478557709287791, 0.10086565285771618, 0.11563034130363407, 0.10759619981571258, 0.09650069207507384, 0.12282278322354553, 0.095652565755911, 0.12500000000000003, 0.12114618787552896], [0.11385576646554701, 0.10193574956056918, 0.11531237942758016, 0.10765691577562639, 0.09823164964561056, 0.12191868610796013, 0.09707926720845456, 0.12403514429516406, 0.11997444151348793], [0.11473799315972985, 0.10093521771935225, 0.11548759170596407, 0.10760884082220909, 0.09661340021623484, 0.1230569317404586, 0.09588817138636913, 0.12473828455976438, 0.12093356868991781], [0.11377243892847987, 0.10205964484227753, 0.11517470255049547, 0.10767856333490114, 0.09842730847156786, 0.12186255777134468, 0.09735934603700604, 0.12392803218830561, 0.11973740587562183], [0.11438476181371465, 0.1011205261166342, 0.11532478577483482, 0.10752068321355897, 0.09697808834002296, 0.12291509829205302, 0.0961625025706876, 0.12500000000000003, 0.12059355387849395], [0.11412939370312424, 0.10147939774306501, 0.11523156794487141, 0.10757017694204388, 0.09753933809691194, 0.12258705662061829, 0.0966346347952115, 0.12456601936898609, 0.12026241478516764], [0.11436459674489997, 0.1011571939744317, 0.11527968655709067, 0.10752961631797317, 0.09703465864866202, 0.12295663452252312, 0.09625497274498959, 0.12490261094489691, 0.12052002954453286], [0.11378555169413197, 0.10201062911432081, 0.11508752222620985, 0.1076624665979348, 0.0983603368737212, 0.12198542500477387, 0.09738945237264818, 0.12403173848101644, 0.11968687763524269], [0.11399700358907261, 0.10153704342560683, 0.11497496488874423, 0.10753592438371533, 0.09766544961052476, 0.12264429496241655, 0.09693277820095862, 0.12480716945677313, 0.11990537148218783], [0.1140497784008601, 0.10142005282719645, 0.11495825583300863, 0.1075050176980383, 0.09749354030677937, 0.12280324764871811, 0.09681895722430292, 0.125, 0.11995115006109615], [0.1138633856995558, 0.10182287541754374, 0.11491451011267027, 0.10761247825174301, 0.09808965541479973, 0.1223560591848347, 0.09734315645850292, 0.12434731581704493, 0.11965056364330506], [0.11927723449778978, 0.11646367626952919, 0.10500288016806152, 0.12367457763648981, 0.1123308394288161, 0.10302052266452157, 0.12417613959927426, 0.09511620108099239, 0.10093792865452539], [0.11867006795035397, 0.11638821254749503, 0.10530593478124989, 0.12316383963203568, 0.11173930838290375, 0.10341773829215777, 0.125, 0.09508227809877226, 0.10123262031503166], [0.11900540479952854, 0.11639242944119964, 0.10504823224402961, 0.12357898589532353, 0.11195069501753276, 0.10311517136540299, 0.12500000000000003, 0.09494360108374392, 0.10096548015323915], [0.11935939738254032, 0.11641104691892916, 0.10499277814485947, 0.12360500366922933, 0.11230073206761979, 0.10305256076518121, 0.12414786753598124, 0.09516322500531912, 0.10096738851034034], [0.11940724455704825, 0.11637340586818155, 0.10498747377349907, 0.12356401154871405, 0.11225476474959106, 0.1030780234861775, 0.12415877994831052, 0.09518798843432111, 0.10098830763415675], [0.11960544043330404, 0.1163269869857342, 0.10496687875726607, 0.12341295975010952, 0.11242376883512001, 0.10308759981427856, 0.12385422627862622, 0.09530399695591651, 0.10101814218964508], [0.11915448238806794, 0.1162334794476678, 0.10514777443506208, 0.12327798312123914, 0.11174071547534126, 0.10338352689221765, 0.12465964033780648, 0.09519306473509781, 0.10120933316749986], [0.11885344687443579, 0.11616362605267172, 0.10539909061182069, 0.12279652676832768, 0.11153193256531863, 0.10372618864262456, 0.12463051743969658, 0.09538512393944099, 0.10151354710566349], [0.11981887483280067, 0.11611767511306886, 0.10495039919507929, 0.12322302211445339, 0.11210107178875083, 0.10325045370039747, 0.12395327666922461, 0.09543652122146545, 0.10114870536475944], [0.11981791533563745, 0.11601386264222417, 0.10496716721884902, 0.1231617470036374, 0.11179439523835875, 0.10336256435603891, 0.12423342409656413, 0.09542870156783632, 0.10122022254085397], [0.1199732342450599, 0.11593369457792266, 0.10495863385948856, 0.12305145516095886, 0.11175019306589301, 0.10342330808365773, 0.12409675733923185, 0.0955316886477291, 0.10128103502005814], [0.12038616634841945, 0.11649705638464394, 0.10454782183324539, 0.12273734607748087, 0.11250718322840689, 0.10290197377168091, 0.12420213890668784, 0.0953699567392883, 0.1008503567101464], [0.11972005484633633, 0.11582837229593648, 0.10515913514727417, 0.12278246889550448, 0.11136869262388001, 0.10376236979111492, 0.12418659245077324, 0.09563869271808861, 0.1015536212310919], [0.11937121550511559, 0.11557154628467849, 0.10535113633371716, 0.12205169296170153, 0.1109477817915764, 0.10413506928719203, 0.12499999999999999, 0.09572670708613229, 0.10184485074988642], [0.11976188385179702, 0.11571492257509856, 0.10521237167425493, 0.12257720928776256, 0.11121112892707433, 0.10392405663181754, 0.12413232719849938, 0.09577061314066035, 0.10169548671303537], [0.120340289444096, 0.115804066445381, 0.10491892396231048, 0.12280375921529972, 0.11189484240538505, 0.10348053092265684, 0.12363224059558972, 0.0957611590297143, 0.10136418797956691], [0.12061564138841176, 0.11627370926060702, 0.1045066110613251, 0.12252343399069923, 0.11229067018636424, 0.1029965741553366, 0.12440710535433919, 0.09546178077075543, 0.10092447383216144], [0.12036436682539664, 0.11576649282585737, 0.10492321452736132, 0.12277230482803934, 0.11181600886720618, 0.10352102925680745, 0.1236520970067475, 0.09578790445316195, 0.10139658140942218], [0.12001884771481348, 0.11559966601047096, 0.10516494051683908, 0.12249442834852542, 0.11115275880106525, 0.10397417778165584, 0.12396740041839863, 0.09588280212843878, 0.10174497827979266], [0.11982230000253641, 0.1155282009925922, 0.10522475080871696, 0.12229368610723099, 0.11099664138988109, 0.10408596043819893, 0.12433626561835673, 0.09588515912435795, 0.10182703551812876], [0.12084339012788492, 0.11617152126783879, 0.10440752357116699, 0.12231868758664985, 0.11218346638499546, 0.10300255782203248, 0.12464320662680267, 0.09550657894472861, 0.10092306766790042], [0.12083807311478949, 0.11577388315170671, 0.10463795239311029, 0.12234165056455905, 0.11184711565472918, 0.10334956565250986, 0.12423813706168722, 0.09574146077460913, 0.10123216163229906], [0.12041917097007894, 0.1154446983094248, 0.10504441916885941, 0.12239810206693602, 0.11111098096461365, 0.10396287866128752, 0.12389455497530871, 0.09598417478704864, 0.10174102009644229], [0.12049886082425555, 0.11545375069222069, 0.10499289341433281, 0.12243870418514861, 0.11117640796385239, 0.10388895287119919, 0.12391135003443034, 0.09595916804603093, 0.1016799119685295], [0.12082189010776424, 0.11556756608476725, 0.1047584228302307, 0.12238821368338659, 0.11167790153543022, 0.10353963799902766, 0.12395418421984375, 0.09588721121322269, 0.1014049723263269], [0.12003042044912511, 0.11531131444394799, 0.10521946091922833, 0.1220232939197338, 0.11079721377258776, 0.10426639919164864, 0.12429338681833059, 0.09607423535185282, 0.10198427513354497], [0.12102113945166433, 0.11616180180713986, 0.10431920655989275, 0.12214676087538229, 0.11218604352788375, 0.10298277031521837, 0.12472271175762244, 0.09555187520184794, 0.10090769050334823], [0.12073594696480079, 0.11543928294887983, 0.1048932707857681, 0.12241996754722038, 0.11133328615484983, 0.10376779229287489, 0.1238201477525471, 0.09599493413376596, 0.101595371419293], [0.12004197759512865, 0.11513853746964901, 0.10531078108855173, 0.12164942177160731, 0.11059000311551916, 0.10449298557267787, 0.12441788428853089, 0.0961876870461213, 0.10217072205221395], [0.1203484739479791, 0.11529551071931601, 0.1051465697851096, 0.122115193357092, 0.11084597211137398, 0.10421402112860075, 0.12394174409518892, 0.09613931901418998, 0.10195319584114976], [0.12066481398639364, 0.11534871524500297, 0.1049345290157867, 0.12232860151139059, 0.11110120848679507, 0.10390044354007268, 0.12403384063561035, 0.0960006204235496, 0.10168722715539828], [0.12112148417785196, 0.11598644665342397, 0.10431743086685678, 0.12206331978834781, 0.11200688313865176, 0.10305464268494748, 0.12490043986302357, 0.09558863127574044, 0.10096072155115625], [0.12080227617296707, 0.11536701280395407, 0.10487666452423972, 0.12234379017714234, 0.11124010792219127, 0.1038070543781409, 0.12392125901873598, 0.09601883570625885, 0.10162299929636981], [0.12014416423766072, 0.11509135642729545, 0.10529122979521771, 0.12162668203534992, 0.11055706286061177, 0.10451827400631176, 0.12433539166568697, 0.0962404295975751, 0.1021954093742906], [0.12062793975297646, 0.11524516487926141, 0.10499047892520051, 0.12216729740197034, 0.11090371455063397, 0.10405976117704654, 0.12410995781026082, 0.09607994722273704, 0.10181573827991287], [0.12121511108532289, 0.1158869489569075, 0.10430100304843318, 0.12197800641361164, 0.11190880960772615, 0.10309451875305671, 0.125, 0.0956242190298214, 0.10099138310512054], [0.12131712720225571, 0.115804453448352, 0.10431521859131739, 0.1218945250147104, 0.11183440704391898, 0.10316738821702427, 0.12490128287722016, 0.09570680116785842, 0.10105879643734264], [0.12099339133136654, 0.11516054869720567, 0.10482832997300773, 0.12211740273076994, 0.11098782820028502, 0.10391737865380024, 0.12419816299333537, 0.09609454415789025, 0.10170241326233911], [0.12076700667005781, 0.11508380017646895, 0.10496787936765778, 0.12196794235062439, 0.11072267099871946, 0.10416591460121473, 0.12424908611603859, 0.0961744741775754, 0.1019012255416428], [0.12036122643893173, 0.11485360150339333, 0.10536111015574928, 0.12125846761002491, 0.11033444414189032, 0.10480370455332684, 0.1240689839987806, 0.09650796348874646, 0.10245049810915655], [0.12138759515511363, 0.11562647152572335, 0.10441200957380167, 0.12182509995741854, 0.11167473153629369, 0.10334247245497251, 0.12466458576779142, 0.09584994037077804, 0.10121709365810716], [0.12102345382196127, 0.11508634287516618, 0.10482451224194665, 0.12203464725878978, 0.110873978762545, 0.10397515780868606, 0.12432072980633246, 0.0961175146712913, 0.10174366275328121], [0.12048515772403584, 0.11490333593395433, 0.10525380745426657, 0.12146519893607617, 0.11041325952690578, 0.10465604742599523, 0.12404514145712228, 0.09645299437148945, 0.10232505717015442], [0.12022083615228733, 0.1146563873425016, 0.10549544837287808, 0.12125201922941149, 0.11010943849749964, 0.10507932766846162, 0.12385500316533501, 0.09664857690114555, 0.10268296267047967], [0.12098429149137971, 0.11503910087014858, 0.10485042483004317, 0.12197121759319914, 0.11076883362421999, 0.10404939628557608, 0.1243973869034957, 0.09613937782551259, 0.10179997057642513], [0.12139606588439308, 0.11529933833727582, 0.10460670844340539, 0.12189674783412549, 0.11140137175090718, 0.10365918523774466, 0.12414773855813557, 0.09609052422229308, 0.10150231973171994], [0.12042644311932016, 0.11458134305995876, 0.10540155817131501, 0.12110986811777072, 0.11005018526868515, 0.10504771483963975, 0.12406867172560948, 0.09666418169201141, 0.10265003400568959], [0.12055249504359744, 0.11466334542721189, 0.1053179072301803, 0.12105635041073358, 0.11015353902618995, 0.10490816792319485, 0.12420518394294083, 0.09660961076227366, 0.10253340023367755], [0.12163291309665519, 0.11570394457564359, 0.1041093741062458, 0.12200270026103312, 0.11174922387500878, 0.10309897766125861, 0.125, 0.09571960524561952, 0.1009832611785354], [0.12164494231688096, 0.11551223665308923, 0.10437621237235005, 0.12161892109531589, 0.11156862466839663, 0.1034314403179804, 0.12456127271937045, 0.09598907143416738, 0.10129727842244916], [0.12074738602997152, 0.1147214852737272, 0.10516729559477729, 0.12131233475398247, 0.11025464215542191, 0.10471079042593985, 0.12417813163834415, 0.0965432813127463, 0.10236465281508934], [0.12127254292679789, 0.11483939720300165, 0.10475710693644073, 0.12175187463785084, 0.11060449617844431, 0.10409849768472315, 0.12461925947887027, 0.09622438784497647, 0.10183243710889468], [0.1217088263767766, 0.11532308968703281, 0.1044576287837113, 0.12159986156811978, 0.11140397794165005, 0.10359739639041309, 0.12434656735269137, 0.09611895627961164, 0.10144369561999353], [0.12118929557854116, 0.11477966228595117, 0.10481729869384923, 0.12165445439502591, 0.11046415820641951, 0.10423030085662921, 0.12464128478078829, 0.09628419641059352, 0.10193934879220198], [0.12078504015209343, 0.11458296675368244, 0.10518725751575358, 0.12108631013876407, 0.11009850221691647, 0.1048361988100422, 0.12435882231106378, 0.09660361541382537, 0.10246128668785871], [0.1213296040863036, 0.11469829534897394, 0.10475921299202666, 0.12157627091190878, 0.11040874801052024, 0.10422384654776082, 0.1247743327868024, 0.09630143648471363, 0.10192825283099004], [0.12148786069682505, 0.11474083702410401, 0.10470111958970611, 0.12163550063155992, 0.11056373127228665, 0.10411068611702648, 0.1246185167110342, 0.0962962009216966, 0.10184554703576087], [0.12083133597381301, 0.1143932768687652, 0.105230068723962, 0.12080155382402526, 0.10989642707358131, 0.10503077592682389, 0.12447007638628427, 0.0967266278066018, 0.10261985741614316], [0.12161405998525143, 0.11480829273481405, 0.10468948740369588, 0.12166170321069547, 0.11083300613333895, 0.10403313458321646, 0.1241842259556658, 0.09636538270452656, 0.10181070728879542], [0.12079174009919143, 0.11431696438511216, 0.10527346759439406, 0.12079843822114789, 0.10981111005655406, 0.10513361476279685, 0.12438465220350134, 0.09678382944704267, 0.10270618323025943], [0.1219258361036978, 0.11528556393363858, 0.10436563662229588, 0.121379733565444, 0.11136002386647807, 0.10358526724792667, 0.12450567445766209, 0.09616259706055191, 0.101429667142305], [0.1211284804717454, 0.11459361578666687, 0.10498980755283344, 0.1213121471066267, 0.1101949072936662, 0.10462529867932296, 0.12426353116556194, 0.09660275642525608, 0.1022894555183203], [0.12108627319568815, 0.11457062311556822, 0.10504895833796471, 0.12123840115293041, 0.11016017605383929, 0.10471892512222443, 0.12414184515725192, 0.0966622153863736, 0.10237258247815924], [0.12109629654651649, 0.11458029148999596, 0.10502763246054898, 0.1212692410288484, 0.11017759668895329, 0.10468609308524328, 0.12416860998245864, 0.09664925192914306, 0.10234498678829189], [0.12178661198076321, 0.11467437758960393, 0.10466187424545322, 0.12150522881162908, 0.11068657386035355, 0.10411465687801322, 0.12424299612844111, 0.09645202787350537, 0.10187565263223733], [0.12157171898709286, 0.1145258467035885, 0.10467429835503678, 0.12139040481812022, 0.11026297828630009, 0.10426046153327903, 0.12499999999999999, 0.09636493189069971, 0.1019493594258827], [0.12167820204885073, 0.11453964350849977, 0.10466236440728056, 0.12140184111372809, 0.11033501044536968, 0.10423573539892866, 0.12480611627032376, 0.09640137046380623, 0.10193971634321243], [0.1221384350865484, 0.11526373335689809, 0.10407244093226874, 0.12165544476236347, 0.11133345147239555, 0.1033528878801998, 0.125, 0.09598934718588438, 0.10119425932344159], [0.1216667178763181, 0.11431060331298627, 0.10481612666812166, 0.12104946547509303, 0.10998245651940086, 0.1046542594359378, 0.1244907414920945, 0.09672742664207645, 0.10230220257797121], [0.12139146093183235, 0.11400630310278458, 0.10499724694817669, 0.12047417071735371, 0.10954833849145396, 0.10509257738056023, 0.125, 0.09684913029819826, 0.10264077212964023], [0.12197056477275674, 0.11435083473992066, 0.10464706997227627, 0.12115859352138406, 0.11017484672276773, 0.10438781524342598, 0.12463502785041768, 0.09659950378965598, 0.10207574338739503], [0.12182310052701986, 0.11428005066768641, 0.1047418009656202, 0.12104435525455898, 0.10999967345594319, 0.10458173672130626, 0.1245935276385351, 0.09669913061933579, 0.10223662414999424], [0.12239009202810308, 0.11504717089029082, 0.10412325619825868, 0.12142825579851238, 0.11113655633103829, 0.10355410397998022, 0.12473974452722869, 0.09620439199662831, 0.10137642824995954], [0.12161932264649837, 0.11409311732698227, 0.10494308476539192, 0.12067833168257114, 0.10970236545911304, 0.10499592522542377, 0.12445992293427069, 0.09692363065680602, 0.1025842993029428], [0.12167226162467146, 0.11403839986038831, 0.1049368241330153, 0.12060960102200007, 0.10964831438600259, 0.10503461046913821, 0.12448913554552571, 0.09695620332410373, 0.10261464963515449], [0.12179277514535376, 0.11411597848043516, 0.10488664130231777, 0.1207623124519653, 0.10979233671134611, 0.10493035179339444, 0.12416076225493164, 0.09700855530447575, 0.10255028655577998], [0.12232128251398777, 0.1142435611523822, 0.10461992765760368, 0.12099122676923324, 0.11018025016051201, 0.10444769410496565, 0.12425529044384548, 0.09679015191194185, 0.10215061528552813], [0.12228448337928094, 0.1142093086258979, 0.104629511038426, 0.1209625076208387, 0.11010069295374068, 0.10449361243799293, 0.12434762519913263, 0.0967911248127328, 0.10218113393195744], [0.12189512204140403, 0.11387816800942263, 0.10491449021095563, 0.1204203932271272, 0.10950910852255993, 0.10515351446822747, 0.12441403067672271, 0.09709882788779493, 0.10271634495578545], [0.12256291682543818, 0.11435616799330638, 0.104449341281683, 0.12087678355539772, 0.11050899346971217, 0.10421409568324337, 0.1243336343822449, 0.09673538944997269, 0.10196267735900161], [0.12236296358461182, 0.11404793302387033, 0.10463433173214218, 0.12077186748403577, 0.10988503364903264, 0.10464704995960578, 0.12444908605801429, 0.09689984271561095, 0.10230189179307625], [0.1220326243205037, 0.11398087462170135, 0.10483747857960558, 0.12061360427142855, 0.10968588872649715, 0.1049900136478625, 0.12414268266880951, 0.09711499949349008, 0.10260183367010146], [0.12212092666943251, 0.1137052656002384, 0.10489301277638816, 0.12021214521790274, 0.10935549820980643, 0.10528336132181848, 0.12435652648594728, 0.09724690278769461, 0.10282636093077137], [0.12271770249201626, 0.11414270204088028, 0.10446884728097255, 0.12071999613715786, 0.11031527050638314, 0.10437050888667176, 0.12427638986579341, 0.09689048728410225, 0.10209809550602247], [0.12292398701123876, 0.11412199575198091, 0.10434300663201232, 0.12066377305652477, 0.1102800333321262, 0.10429368308304583, 0.12449988992239167, 0.09685405538715344, 0.1020195758235261], [0.12303380601469395, 0.11430160587035644, 0.10404977108863263, 0.12113436351476004, 0.11040348810312717, 0.10391106466568502, 0.125, 0.09651304358097353, 0.10165285716177123], [0.12222503158464632, 0.11330693767328974, 0.10487503812603101, 0.11967737955387954, 0.10892283894839327, 0.10556820127367805, 0.12499999999999999, 0.09739022054068781, 0.10303435229939414], [0.12296940858585884, 0.11401245283997641, 0.104376926929967, 0.12060472638288015, 0.11018441330070243, 0.10439597233330525, 0.12439141408237304, 0.09695322097795166, 0.1021114645669852], [0.12252961634547985, 0.11362605650415769, 0.10468483128502547, 0.1202240785404752, 0.10937972375809099, 0.10510057290269509, 0.12447315898040696, 0.09729869479954896, 0.10268326688411976], [0.12312102463981936, 0.11398650104503906, 0.10425276437965098, 0.12079567324028341, 0.11014205262741612, 0.10430038659670174, 0.12451450671406143, 0.09687496000809581, 0.10201213074893208], [0.12256193513001674, 0.11335141270623596, 0.10480916448929233, 0.11980482409745832, 0.10903502843443981, 0.10549191321548682, 0.12446424343791454, 0.09748701600835326, 0.10299446248080221], [0.12288130069418508, 0.11359566182055034, 0.10446991812340647, 0.12025533319727998, 0.10945097301646625, 0.10481783093833547, 0.125, 0.09710503823820374, 0.10242394397157265], [0.12308345520874212, 0.1137167986443469, 0.10446426776411667, 0.12034854190596504, 0.10974161769915998, 0.1046932914690539, 0.12445766325718659, 0.09714075304557244, 0.10235361100585616], [0.12326080191548033, 0.11389661745336414, 0.10419587414378928, 0.12088939026849821, 0.1100519791260221, 0.10431029648949004, 0.12448336301776036, 0.09689835852357329, 0.10201331906202225], [0.1233269531726026, 0.11390532921234865, 0.10413304771772447, 0.12100022196391848, 0.11005172790343859, 0.10424903763224537, 0.12453152402898385, 0.09684917541394049, 0.10195298295479746], [0.12331227452405473, 0.11366520422007291, 0.10437283513132133, 0.12056539008629832, 0.10986466261273475, 0.10462100841334662, 0.12411154804351616, 0.09718463830144639, 0.1023024386672088], [0.12344385007705812, 0.1138715102025257, 0.10406537448471055, 0.12113203061634761, 0.1100130295344482, 0.10421456790655458, 0.12450978254250815, 0.0968337825853727, 0.10191607205047439], [0.12332567109245057, 0.11350569836253108, 0.10443862066118008, 0.12009620786010632, 0.1094997735339477, 0.10484902655103097, 0.12449936658392903, 0.0973033509736387, 0.10248228438118555], [0.1235464187373503, 0.11377995521268047, 0.10405564958883708, 0.12115461204450606, 0.10992893307143373, 0.10426987345300719, 0.12440266317872066, 0.09689861480945132, 0.10196327990401319], [0.12292892069223829, 0.1132990173220908, 0.1047084039625666, 0.11979289813587685, 0.10907894359123134, 0.10543248443110198, 0.12414417042783174, 0.09764334691296647, 0.10297181452409604], [0.12336431684845321, 0.11345731476468021, 0.1044373707673904, 0.12003957591850223, 0.10944226151768417, 0.10489217645187214, 0.1245081471105395, 0.09734141062208986, 0.10251742599878831], [0.12298958197358725, 0.11316089484432386, 0.10478381616253511, 0.11959524501726938, 0.10891038665651565, 0.10561176707778556, 0.12410320030386662, 0.09773216481296063, 0.10311294315115585], [0.1230196123770825, 0.11330423285898376, 0.10459804099680689, 0.11983546842773517, 0.10912569828775551, 0.10527384146974553, 0.12443332195315929, 0.0975732810406199, 0.10283650258811147], [0.12310035277534406, 0.1131314453252636, 0.10477710695887744, 0.11956323002606403, 0.10890507282822794, 0.10562820440667396, 0.1239601207988731, 0.09779900860882368, 0.10313545827185229], [0.1236551684288319, 0.11333756207298654, 0.10432607339118256, 0.12042674757883713, 0.10947169021054706, 0.10482384003547372, 0.12412901862940143, 0.09736869680601651, 0.1024612028467232], [0.12331394004725951, 0.11324418540298323, 0.10451501911067039, 0.11977425506224161, 0.10913462769499531, 0.10520749804960862, 0.12444549177896602, 0.09758296215725643, 0.10278202069601886], [0.12318457012094082, 0.1131242869798085, 0.10471812791335589, 0.11957183472546713, 0.10892790637338032, 0.1055759170748444, 0.12398281752320857, 0.09781679914221525, 0.10309774014677917], [0.12371411840682307, 0.11323521488081476, 0.10435073169300506, 0.12021606124662604, 0.1092724128119385, 0.10496056449871538, 0.1242039089827117, 0.09747301782644689, 0.10257396965291858], [0.12377499869602834, 0.11324037091101417, 0.1043042960443367, 0.12042317388377853, 0.10936374087155173, 0.10488000992890278, 0.12407634293233755, 0.0974308920687555, 0.10250617466329469], [0.12377067553559325, 0.11319761544023589, 0.10433605932529746, 0.1202476026311467, 0.1092451881643621, 0.10497201326554245, 0.12415370652796902, 0.09749396576657474, 0.10258317334327838], [0.12338457855458666, 0.1129754160637106, 0.10478205920779496, 0.11937715669905713, 0.10879107772575766, 0.10572150656336705, 0.12377602660651359, 0.09796833336786573, 0.10322384521134664], [0.12390037257988808, 0.11323616129942433, 0.10421693099375644, 0.12078038769355402, 0.10945367161022936, 0.10478401845470457, 0.12379377632051022, 0.09740852021866056, 0.10242616082927242], [0.12369599837209055, 0.11305200495445042, 0.10444148218965674, 0.11979991152693664, 0.10900994813977065, 0.10527153469909617, 0.12414808938446438, 0.09773772193511192, 0.1028433087984225], [0.12429990049975534, 0.11248796567515036, 0.1096699583674331, 0.125, 0.10564177536089016, 0.10897073999588375, 0.11050919615604914, 0.09724496099356914, 0.10617550295126905], [0.12438955303275703, 0.11241411356989801, 0.1097131241823902, 0.12490376761776464, 0.10555928400567992, 0.10905067795928416, 0.11041229324679168, 0.09731023866416207, 0.10624694772127227], [0.12367084547595042, 0.11290098345983723, 0.10934483205254825, 0.12420028344591642, 0.1062865823314345, 0.10869826137620744, 0.11171598991812075, 0.09725892957047058, 0.10592329236951441], [0.1231124194400919, 0.11325919120647351, 0.10913781971497018, 0.12362088557319008, 0.10684504233003597, 0.10846171843153407, 0.11259246521655245, 0.097245958564633, 0.10572449952251883], [0.12500000000000003, 0.11186007386222602, 0.10984649797148492, 0.12429855305103832, 0.1049922470888211, 0.10956355246471343, 0.11001423885132557, 0.09775598002418442, 0.10666885668620638], [0.125, 0.11140283681265015, 0.1104242825708631, 0.1235046149897767, 0.10447820177022522, 0.11030981978354573, 0.10904681030868305, 0.09842924138623571, 0.10740419237802035], [0.12410156764745811, 0.1123118722740102, 0.10940405276768352, 0.12429552834098558, 0.10564650813328165, 0.1091246699623964, 0.11129229757543463, 0.09757605949587167, 0.10624744380287822], [0.12411529406217617, 0.11222791590761512, 0.10940485594321332, 0.12422866498566101, 0.10557182806607425, 0.10920121066805258, 0.11128694110972805, 0.09765621748179698, 0.10630707177568252], [0.12290293684083325, 0.11294040707078624, 0.10894923637262023, 0.12324414141749963, 0.10669489646413088, 0.1086741094501143, 0.11314137892455832, 0.09759391074029804, 0.10585898271915913], [0.12416268780446732, 0.11203920849311509, 0.10943770873530206, 0.12410242425663323, 0.10538962042840473, 0.10938400723594106, 0.11119562211523015, 0.09783284970266197, 0.10645587122824436], [0.12298529237357332, 0.11274009168329811, 0.10896328094219704, 0.12326139965991945, 0.10648493993524513, 0.10882783003365279, 0.11303393355843536, 0.09772665869597968, 0.10597657311769927], [0.12329935263728577, 0.1125143712037352, 0.10907772668511215, 0.12351359698231666, 0.10615037873252953, 0.10900299996687766, 0.11254281623596993, 