[[0.1153997221885322, 0.10737023140475635, 0.10771305159642304, 0.1222245721548148, 0.11882435982311297, 0.12473505792389283, 0.10529261552346439, 0.10125286513578823, 0.0971875242492152], [0.11591360069424887, 0.1071638938653154, 0.10763506922563455, 0.12325732354431007, 0.11938001792705882, 0.12488397240537034, 0.10477887534485303, 0.10068671080316194, 0.096300536190047], [0.11542064733874818, 0.1073338497093487, 0.1077074014682368, 0.12212634096293315, 0.11870384095940231, 0.12485249193941882, 0.10524603911165185, 0.10132604865230802, 0.09728333985795214], [0.11552442909742922, 0.1073020393096633, 0.10769803962899346, 0.12233461813089826, 0.11882588673716872, 0.12482352386381752, 0.1051567578418536, 0.10121986288656365, 0.09711484250361228], [0.1159711962581225, 0.10712265869475016, 0.10762410779339666, 0.12326223855365676, 0.1193406750626332, 0.125, 0.10470644081306943, 0.10068558954717037, 0.09628709327720092], [0.11591154018031943, 0.10718574956808248, 0.10767829053530292, 0.12301631644100482, 0.11918840851459092, 0.12471894342017086, 0.10482887712591556, 0.10089331571705482, 0.09657855849755823], [0.11548872589487492, 0.10728013514213838, 0.10768544843391029, 0.12219084524807221, 0.11870320772932723, 0.125, 0.10514988764574926, 0.10128617433945686, 0.09721557556647085], [0.11559051852849811, 0.10726709236006092, 0.10771205356777765, 0.12222772498979605, 0.11868365101272535, 0.12482969815959306, 0.10509746489129133, 0.10133609204641025, 0.09725570444384724], [0.11537361814747034, 0.10742704855941715, 0.10783224245594808, 0.12161681817761716, 0.11830551522932074, 0.12428542475267414, 0.10541421251909788, 0.10180919925608825, 0.0979359209023661], [0.1158895067334456, 0.10724425938680865, 0.10777096199505057, 0.12254962920163798, 0.11883226761878485, 0.12434066380036088, 0.10494752095375309, 0.10129924620980231, 0.09712594410035605], [0.11628449581879972, 0.10710329038647036, 0.10773065039439225, 0.12318166186618926, 0.11917697989144861, 0.12450184364246505, 0.10458235632287176, 0.10091997577744483, 0.09651874589991818], [0.11543810381628844, 0.10739900630036966, 0.10783494750524926, 0.12163316673241903, 0.11828059990795739, 0.12428575109082056, 0.10535504801149273, 0.10182803072363614, 0.09794534591176678], [0.11618478205876775, 0.10713471743113032, 0.10774733495983249, 0.12293875665640668, 0.11901897838512684, 0.1244605744847765, 0.10467653695972771, 0.10107971191019831, 0.09675860715403337], [0.11609165550163092, 0.1071855140677136, 0.10778841851490126, 0.12264320277487596, 0.11882505382212717, 0.12429088469145197, 0.10479567377197525, 0.10130162350577439, 0.09707797334954946], [0.11662139491057588, 0.10705554477084553, 0.10778697049470862, 0.1233277355016646, 0.11924303528591582, 0.12431498267936301, 0.10438537044220228, 0.10088404143903346, 0.0963809244756908], [0.1158394399788668, 0.10724370089943426, 0.10779275411219504, 0.1222193852262927, 0.1185738035828389, 0.1243913409647021, 0.1049842617424696, 0.10152006402236012, 0.0974352494708405], [0.11654244803591364, 0.10706029587048185, 0.10778065376150732, 0.12318873804951869, 0.11913827923965094, 0.12437185675255269, 0.10443220801948692, 0.10096887547395003, 0.09651664479693774], [0.11638796295484619, 0.10710965850154483, 0.1077956596819688, 0.1229538375921549, 0.11898536188520488, 0.12426771688350897, 0.10457093540232554, 0.10114151664907105, 0.09678735044937481], [0.115461597170944, 0.10743281678927274, 0.10790539009689493, 0.12139936500166193, 0.11807960994541661, 0.12396367579492477, 0.1054019014288158, 0.10208162911667265, 0.09827401465539641], [0.1163216727151075, 0.10713631392925445, 0.10781262296018472, 0.1227941921331492, 0.11887940392203933, 0.12419390163005486, 0.10464061043207781, 0.1012595205201412, 0.09696176175799093], [0.11594249360063169, 0.10718246134403964, 0.10778235147239484, 0.12222457908736127, 0.11852447726981445, 0.12454071080831679, 0.10486814443178803, 0.10152160151261387, 0.09741318047303939], [0.11628586575343527, 0.10712984896794428, 0.10780579846061714, 0.12270049203129485, 0.11880994345755262, 0.12428329777620226, 0.10465082600325396, 0.10130326503561649, 0.09703066251408311], [0.11543021479051939, 0.10744010982643151, 0.10791358432450417, 0.1214216793836887, 0.11800422328235609, 0.12384390576449446, 0.10542634613378224, 0.10214873329126652, 0.09837120320295695], [0.11615996052349337, 0.10711869567513213, 0.10777986150778769, 0.12247064052389774, 0.11864842187159078, 0.12454428682649459, 0.10469451050519636, 0.10139494507821593, 0.09718867748819124], [0.11598689306372008, 0.10714972541464188, 0.10777544588695658, 0.12220249609692677, 0.11848320446448518, 0.12464470837122398, 0.10481084401127203, 0.10153101583271959, 0.09741566685805392], [0.11574999099241785, 0.10729182485877693, 0.1078606060576681, 0.12173895256093371, 0.11821889875565414, 0.1242034602532605, 0.10510251206872524, 0.1018877177190596, 0.09794603673350394], [0.11557261061500691, 0.10737271161967778, 0.10789827115632541, 0.12156398466595371, 0.11804618160889582, 0.12392529716048657, 0.10528310746316837, 0.10208553055779065, 0.09825230515269492], [0.11653339172729539, 0.10702793142674107, 0.10779285592740856, 0.1228084778610113, 0.11883603056336386, 0.1245453265059719, 0.10441971661656174, 0.10120206631449415, 0.09683420305715221], [0.11622900718219464, 0.10708836769292401, 0.10778517503108122, 0.12242456375799761, 0.1185893793531211, 0.12460139327571855, 0.10463270113166688, 0.10143045069583366, 0.09721896187946229], [0.11572098558200015, 0.10730974718180984, 0.1078800415245547, 0.12165194957235083, 0.11813544244592752, 0.12410431674200895, 0.10514113549543451, 0.10198045404862315, 0.09807592740729035], [0.11589414810448977, 0.10719324877609743, 0.10781286242057228, 0.12191761175295533, 0.11829037335860224, 0.12452063375245383, 0.10491456717751121, 0.10174012484994212, 0.09771642980737566], [0.11604549700983725, 0.10710456786382785, 0.1077672400307524, 0.12215030506756581, 0.11841194035128595, 0.12479616577820161, 0.10473351160735325, 0.10155563665602328, 0.09743513563515258], [0.1161818308718951, 0.10707566264998437, 0.10777328736789765, 0.12230316930679692, 0.11849754006881193, 0.1247454613051365, 0.10463929521569448, 0.10148214457149762, 0.0973016086422854], [0.1154469981013501, 0.10739342448239572, 0.10791110916167328, 0.12167165101043464, 0.11782445616562146, 0.12359313944007093, 0.10536517373353393, 0.10226755370404735, 0.09852649420087276], [0.11578505267122824, 0.1072479238376627, 0.10785466524865564, 0.12177725403586807, 0.11810062756811804, 0.1242159740263987, 0.10503704509093308, 0.10195429805641114, 0.09802715946472444], [0.11548332092494323, 0.10737156956379955, 0.10790657610573082, 0.12173646724393682, 0.11781606301648039, 0.12358686290985747, 0.10532317325697249, 0.10226357094202963, 0.09851239603624959], [0.11638520028847864, 0.10705650750694719, 0.10782051855415041, 0.1223585950005208, 0.1185070164395944, 0.12453328291275256, 0.10453806074743285, 0.101513124033822, 0.09728769451630101], [0.1161291037147194, 0.10704427163957334, 0.10775704872683561, 0.12208330661733281, 0.11832240460847412, 0.12499999999999997, 0.10462758262235757, 0.1015835577509599, 0.09745272431974708], [0.11585772764026513, 0.10719579600051747, 0.10783385415813879, 0.12186118255356035, 0.11810371377511858, 0.12435081859193593, 0.10494087608964545, 0.10190769590177637, 0.09794833528904213], [0.11678422066739698, 0.10687537515937806, 0.10775356821190325, 0.12292243211298669, 0.11873565907978222, 0.125, 0.10412829283634478, 0.1011263944401098, 0.09667405749209823], [0.11626936012230812, 0.10704467471149769, 0.10779310558707689, 0.12218564904433456, 0.11838198129186528, 0.12477089098361904, 0.10457295761525744, 0.10157664245462963, 0.09740473818941155], [0.11662466474485958, 0.10698464513031573, 0.10782220225691069, 0.12258539435234934, 0.11858153899611014, 0.12457166999329086, 0.10434745418879082, 0.10140300593415724, 0.09707942440321556], [0.11644615143904984, 0.10704903246147467, 0.1078407590975549, 0.12230839984093295, 0.11846021883614706, 0.12448050600751018, 0.10450858669133982, 0.10156554162784887, 0.09734080399814171], [0.11575353907125198, 0.10720801970913107, 0.10784461250212399, 0.12198049288049553, 0.1178982412005967, 0.1240297881562705, 0.10500401515072771, 0.1020788338204183, 0.09820245750898418], [0.11629906750983199, 0.10697935524550058, 0.10778153836123554, 0.12240492662488045, 0.11816570471324205, 0.12462794281308326, 0.10448682091355836, 0.10169632927042638, 0.0975583145482414], [0.11549495669940393, 0.10729022003965719, 0.10788813028299282, 0.12207593093438975, 0.11755641291159015, 0.12336011308220832, 0.10521839984181466, 0.10240997618640442, 0.09870586002153876], [0.11704280169547818, 0.10682256588885071, 0.10782129465073022, 0.12278180333839582, 0.11850172377962466, 0.1248696900780603, 0.10397797992407021, 0.10131988748785949, 0.09686225315693038], [0.11710477355844615, 0.10682425173585544, 0.10783750673181855, 0.12283456188857304, 0.11852541236954442, 0.12477713255564249, 0.10395497703024273, 0.10130982489087399, 0.09683155923900319], [0.11561147384659895, 0.1072214847997938, 0.10785800135175062, 0.12217496110825683, 0.11761787388188515, 0.12358377330309786, 0.10508293403847531, 0.10230749965913385, 0.09854199801100759], [0.1168612861517066, 0.10687090240968429, 0.10782246150457983, 0.1226285773747212, 0.11841430394502481, 0.12476406328492982, 0.10411768157101337, 0.10144499307072204, 0.09707573068761802], [0.11654724541023441, 0.10696342103354327, 0.10783387983405243, 0.12260484644219992, 0.11824106444288347, 0.1243006353749404, 0.10436958894552666, 0.10167596116952844, 0.097463357347091], [0.11699013816470193, 0.10681152410928531, 0.10780738740661128, 0.12267422484038237, 0.1184287512122198, 0.125, 0.10398829519180153, 0.10136391371801126, 0.09693576535698653], [0.11598018725028451, 0.10705591394590126, 0.10779557577793164, 0.1223042823017075, 0.11786330965665326, 0.12426883130051469, 0.10471975657710841, 0.1019866529445546, 0.09802549024534411], [0.11568745284109637, 0.10717530234899283, 0.10784024717735602, 0.12224934588181728, 0.11763979206445921, 0.12370646690283629, 0.10499315171669378, 0.10225467718091201, 0.09845356388583601], [0.11649593087802738, 0.10692623420614536, 0.10781065943215527, 0.12271261230863069, 0.11809009072201064, 0.12428997786304916, 0.10434675711804504, 0.10175037906726292, 0.09757735840467352], [0.1165828081155884, 0.10692145650983007, 0.10782927090449067, 0.12277750010444409, 0.11811661158254064, 0.12418094328730556, 0.10430680707253415, 0.10174209107177949, 0.09754251135148694], [0.11684064157163329, 0.10681547411655198, 0.10780392322163217, 0.12289365253571151, 0.11819217197679321, 0.12457185652646398, 0.10406478250729141, 0.10156934423848665, 0.09724815330543578], [0.11639401784990099, 0.10691788579204825, 0.10779165695155445, 0.12271339475758995, 0.11797003061201737, 0.12430897180613623, 0.104378875171169, 0.1018232979683153, 0.09770186909126828], [0.11697968906155791, 0.10677652244729866, 0.10780438339339514, 0.12289983219799303, 0.11823811284708112, 0.12474211186267435, 0.1039576686793647, 0.1014921455928111, 0.097109533917824], [0.11629526647136501, 0.10693066879075484, 0.10778487277909417, 0.12265695967629593, 0.11789133301411918, 0.12430498869541436, 0.10443568590611953, 0.10188735248701608, 0.09781287217982074], [0.11581515518485752, 0.1070799270241394, 0.1078125835508604, 0.12248775816782868, 0.11757784932983004, 0.12377811342097313, 0.10482113637580437, 0.10223342359526139, 0.09839405335044488], [0.11687511666702285, 0.10679267212573408, 0.10780052514338417, 0.12295829852734518, 0.11815583283149528, 0.1245686999130635, 0.10402334830299634, 0.10157652789094274, 0.09724897859801587], [0.11620548647245545, 0.10695268674645776, 0.10778799251988191, 0.12259124802073561, 0.11781759862290962, 0.1242479037592456, 0.1045009319178996, 0.10196169494675647, 0.0979344569936578], [0.11616588850794735, 0.10695683053977642, 0.10778688151548295, 0.12261185242997868, 0.11777174150435778, 0.12419171044631383, 0.1045226483624671, 0.10199867748795621, 0.0979937692057197], [0.11608410656480579, 0.10697606269461273, 0.10778685934144139, 0.12260682636167977, 0.117715970156643, 0.12411211088164703, 0.10458021009267283, 0.10205209839214803, 0.09808575551434945], [0.11591707588171757, 0.10702802147875806, 0.10780046601310948, 0.12258472179429651, 0.11758516675811899, 0.12386368621887307, 0.1047144745209127, 0.10219242423649344, 0.09831396309772021], [0.11653089463078933, 0.10685805626404152, 0.10779207879001088, 0.12293273410292781, 0.11791653304077664, 0.12422600523791733, 0.10425055355531405, 0.10182491100055104, 0.09766823337767142], [0.11629441142114881, 0.10691669881306204, 0.10778980150243506, 0.12274024399358811, 0.11779274665439453, 0.12417160111429043, 0.10442100571434926, 0.10196201150054414, 0.09791147928618782], [0.11585537554608236, 0.10704056359704883, 0.10780491239722592, 0.12262861568401043, 0.11750833917058198, 0.12372464035837336, 0.10475564154831069, 0.10226124693984898, 0.09842066475851746], [0.11666884649782658, 0.10680703671632387, 0.10778619011364046, 0.12305339434399615, 0.11794181993508498, 0.12430830428948458, 0.10413011594523783, 0.10175898563719321, 0.09754530652121231], [0.11636791225697707, 0.10689388225536689, 0.10779312775604519, 0.12284104278608755, 0.11779464388820735, 0.12412132552500527, 0.10436334588932654, 0.10194939928277195, 0.09787532036021222], [0.11625656218500369, 0.10690951447841146, 0.10779047464014857, 0.12280802908498145, 0.11768607804804335, 0.1240497582409094, 0.1044288548218227, 0.10204280346477976, 0.0980279250358998], [0.11612772213850978, 0.10691753949728466, 0.10777459196750447, 0.12282618793941724, 0.11758234537178351, 0.12401617655021205, 0.1044900417920892, 0.10211177157895741, 0.09815362316424148], [0.11640522572197443, 0.10678956156787808, 0.10774493182766887, 0.12305182797696976, 0.11762314912079959, 0.12430317984519386, 0.10421615370583381, 0.10197037794041412, 0.0978955922932673], [0.11591607860766896, 0.10690973882263446, 0.10774722702185685, 0.1229488576954387, 0.117320197022665, 0.12388447441681777, 0.10456316381592407, 0.102279214307176, 0.09843104828981838], [0.11601934829788035, 0.10682495426618219, 0.10771302768468499, 0.12308016496077544, 0.11729200486015948, 0.1241088126224671, 0.10441303124730693, 0.1022206028829453, 0.09832805317759825], [0.11707558916516067, 0.10649463150208231, 0.10768282302757916, 0.12362617045303737, 0.11767159640514141, 0.125, 0.10357207749433685, 0.10161897292983536, 0.0972581390228269], [0.11608699096106367, 0.10678336761834085, 0.10769762501832439, 0.12313909768208273, 0.11729897966419307, 0.12423300325931273, 0.10433279348035585, 0.10217600217853748, 0.09825214013778923], [0.11704451696014095, 0.10647203975214642, 0.10767942180863248, 0.12380485116177105, 0.11752957141210597, 0.12479689783093226, 0.1035583338247265, 0.10171825168448101, 0.09739611556506338], [0.11598952850670025, 0.10676432284706813, 0.10767983640808206, 0.12326603055009379, 0.11713967428157399, 0.12414241617590813, 0.10434545627560077, 0.10227045343156577, 0.09840228152340712], [0.11671078863692286, 0.1064863643104426, 0.10761583371876099, 0.12367679985703608, 0.11739881290721346, 0.125, 0.10370545309345391, 0.10180456391673953, 0.09760138355943054], [0.1164329303002032, 0.10660702734742354, 0.10765337707647854, 0.12341157590261868, 0.11730420739485317, 0.12465822599038404, 0.10397064045093976, 0.10201377116046591, 0.09794824437663296], [0.11669359665638063, 0.10648676096818029, 0.10761957369447125, 0.12370244355139944, 0.1173525765266942, 0.12492381273986893, 0.10371334041067098, 0.101846903450147, 0.09766099200218711], [0.11601462002768885, 0.106709086567908, 0.10765511289851669, 0.12339545735138023, 0.1170620528303415, 0.12422461275984624, 0.10426357744084874, 0.10227433128600229, 0.09840114883746745], [0.11630905403220654, 0.10650278564923067, 0.10757455619773, 0.12368961391277085, 0.11703646241147848, 0.12484690609756034, 0.10388164092035752, 0.10208396867746419, 0.09807501210120141], [0.11638318049149127, 0.10645568910074309, 0.1075581081401073, 0.12374301976344422, 0.11702892088703307, 0.125, 0.1037918610206588, 0.1020405959735496, 0.09799862462297262], [0.11613354298695935, 0.10657350453443126, 0.10760205629643524, 0.12366740316298194, 0.11692704395986801, 0.12447755728517408, 0.10404052955037399, 0.10224588966957336, 0.09833247255420276], [0.11827122611405022, 0.1152861719845554, 0.12305994092475017, 0.097832392926396, 0.10101426321034374, 0.08986291012596409, 0.11010372008509473, 0.12486407862934086, 0.11970529599950479], [0.11782520172638886, 0.11521140128121901, 0.12275587554529796, 0.09909413800200363, 0.10209081421972797, 0.09108911157911882, 0.10972886524480298, 0.12437086241679564, 0.11783372998464502], [0.11813053714358972, 0.1152768958304063, 0.12280229319172811, 0.09854340301845736, 0.10160352011091399, 0.09055708783531663, 0.109749527247518, 0.1246103282374148, 0.11872640738465506], [0.11836142672988034, 0.11521681034605674, 0.12298288291730039, 0.0978648384906423, 0.10097540296994867, 0.08988431637904172, 0.11005389825104274, 0.12494191962497074, 0.1197185042911164], [0.11841881113721824, 0.1151684289571824, 0.12292868564459021, 0.09791005995555534, 0.10096754395394596, 0.08991917436861546, 0.11000224064164421, 0.12499999999999999, 0.11968505534124807], [0.11862383716517576, 0.1151272285443257, 0.12283210889205741, 0.09785226578700304, 0.10085599761367878, 0.08990046154620876, 0.11013537634272906, 0.1246246024316812, 0.12004812167714042], [0.11830126005458678, 0.11503083726983364, 0.12244188745610476, 0.09888621804529174, 0.10167798082569147, 0.09084239050075296, 0.10946092540111435, 0.125, 0.11835850044662431], [0.1180451238088584, 0.11491681235766911, 0.12262679796159161, 0.09954177254550509, 0.10219239209516104, 0.09149052042509034, 0.10953377580570041, 0.12415245913800445, 0.11750034586241953], [0.11891327573471494, 0.1148901368907926, 0.12255549918725371, 0.09826071461793894, 0.10094445161954556, 0.0902691765127119, 0.10984649244982046, 0.12457740746364852, 0.1197428455235734], [0.1189859743744507, 0.11480543385375312, 0.12241501387145583, 0.09870171654012724, 0.10121108939042922, 0.09068127345065788, 0.10959343143289582, 0.12437778299778061, 0.11922828408844956], [0.11915784762526638, 0.11470837789272881, 0.12230193982783512, 0.09877435078614487, 0.10116443714375002, 0.0907516634872294, 0.10955236469489835, 0.12430367738556959, 0.11928534115657748], [0.11954606021102818, 0.11494880483146853, 0.1227870330250023, 0.09784178358726332, 0.10038830650874446, 0.08997479447851506, 0.11023243887573074, 0.1232957527537896, 0.12098502572845793], [0.11897576739717243, 0.11458517889686709, 0.12190774355141774, 0.09957545813384763, 0.10174332111581662, 0.09149977614509973, 0.10914234787237681, 0.12438862306764939, 0.11818178381975254], [0.11854940876332534, 0.11433117122113363, 0.12214786856628598, 0.10052908460966362, 0.10244056049878146, 0.09241402265722926, 0.10915528736918739, 0.12350658801603129, 0.11692600829836217], [0.11904644324543354, 0.11445083748243688, 0.12181618755247718, 0.09987349550810581, 0.10186498888393994, 0.091778359119059, 0.10907496813502772, 0.12418586624362504, 0.11790885382989486], [0.11953871816695766, 0.1145467722818145, 0.12208587471323827, 0.09872021772505706, 0.10093907446694939, 0.09073144424004752, 0.10964047106961508, 0.12406279305816653, 0.119734634278154], [0.11984035397001461, 0.1147306367113759, 0.12256565351662488, 0.09812471765277668, 0.10042536666276551, 0.09023852880642896, 0.11004327567015651, 0.1232418548934352, 0.12078961211642175], [0.1195771513211924, 0.11450725631504169, 0.12203881960541205, 0.09882398615631319, 0.10097960268824516, 0.09082715504556142, 0.1095771254534178, 0.12403112547743218, 0.1196377779373841], [0.11933420944613991, 0.11433885152269034, 0.12159731280242814, 0.09997296667721606, 0.10179307166660077, 0.09188076669605585, 0.10897066459853358, 0.1240484457931231, 0.11806371079721227], [0.11915208558864529, 0.11425474842136372, 0.12174720323108432, 0.10024139445533745, 0.10198742298217936, 0.09211646143570061, 0.10896066817046628, 0.12387525345727027, 0.11766476225795286], [0.12012039338177889, 0.11463590412001856, 0.12251607950533258, 0.0982571764281079, 0.1003622256337581, 0.0903765214915269, 0.10995417078471063, 0.12298129981971224, 0.1207962288350543], [0.12013921699386633, 0.11425797349296536, 0.12189816435656062, 0.09877961672811413, 0.10070401255838501, 0.09082846979930026, 0.10963852958726349, 0.12364717816773997, 0.12010683831580471], [0.11974307526764726, 0.11413009451646901, 0.1215016305071196, 0.09983075718033182, 0.10145978891526262, 0.09170165854362457, 0.10879732139738676, 0.1242392225232283, 0.11859645114893005], [0.11980834521247541, 0.11412445274799334, 0.1215560844966636, 0.0996353023784215, 0.10129822195734808, 0.0915040407859451, 0.10886252818582956, 0.12442043286133324, 0.11879059137399021], [0.12011755488618693, 0.11419550005884872, 0.12163361430900656, 0.09898282463983862, 0.10080403375786982, 0.09097945074981953, 0.10943209579648724, 0.12399768094857815, 0.1198572448533644], [0.11939691125388972, 0.114006047765475, 0.12152726026972403, 0.10055068108078201, 0.102027945700497, 0.0923868534121494, 0.10877038861354497, 0.12356966812328285, 0.11776424378065488], [0.12032867208662294, 0.11462363183612055, 0.1225393207196839, 0.09828548669555418, 0.10026069095231609, 0.09042682366091974, 0.10995594610018854, 0.1226798339761276, 0.12089959397246648], [0.12002304264676796, 0.11407911860619933, 0.12157825511552987, 0.09925391940899954, 0.10094170597124151, 0.09114559559829921, 0.10904835694944383, 0.12455158086030137, 0.11937842484321741], [0.11921754268601834, 0.11382613739804964, 0.12153929194692638, 0.10102960861338244, 0.10236462612207232, 0.09283591184395289, 0.10871665545440531, 0.12314669542832121, 0.11732353050687162], [0.11970987571291662, 0.11396413178259784, 0.12128460997924473, 0.10034108082052857, 0.10175014968797173, 0.09217709678128815, 0.10866318557341892, 0.12387771796239207, 0.1182321516996415], [0.11998592720065981, 0.113986286617144, 0.12143434206642208, 0.09961985881493755, 0.10116215295259771, 0.09145933995089128, 0.1087662111641953, 0.12460520803090747, 0.1189806732022448], [0.12045821449465528, 0.11444502799051166, 0.12233595021819238, 0.09845331542370535, 0.10030190749596894, 0.0905589575266423, 0.10978491450437382, 0.122877777721898, 0.12078393462405226], [0.1201034743289206, 0.11398620434504889, 0.1214806157264545, 0.09933073677712252, 0.1009245666148293, 0.09119429462505232, 0.10892845259649962, 0.12467234237027361, 0.11937931261579862], [0.11934103516587913, 0.1137690795952856, 0.12144908497747225, 0.10105148222133623, 0.1023145508610962, 0.09284898917869659, 0.10865555851439306, 0.12312718174840882, 0.11744303773743213], [0.11998927636245932, 0.11389914399032108, 0.12124172383020368, 0.10003042923991147, 0.10140509174924053, 0.09185535334317296, 0.10856788966437375, 0.12429303045084646, 0.11871806136947063], [0.12056901945873508, 0.11433132444471185, 0.12222105959303506, 0.09852699328620769, 0.10027870384132383, 0.09060968715394234, 0.10967410505359357, 0.12293234754324744, 0.12085675962520316], [0.12068267251857469, 0.1142203211964118, 0.12210932868467853, 0.0985993552558577, 0.10025298247653501, 0.09066041259575389, 0.10956634822865403, 0.12297318890745629, 0.12093539013607793], [0.12033325106409404, 0.11372353336884332, 0.12119870160423038, 0.09954319651446443, 0.10086999972805222, 0.09133199884253938, 0.10860392483504377, 0.12500000000000003, 0.11939539404273254], [0.12015589150493429, 0.11370725454872099, 0.1210134767070797, 0.10022946861178908, 0.10141171663533467, 0.0920129471918988, 0.10836489504991564, 0.12436015651895507, 0.11874419323137178], [0.11948988893172349, 0.11348210185892654, 0.12121624908175942, 0.10148412876250645, 0.10247080970845295, 0.0932342872356682, 0.10846398918046482, 0.12284912093122942, 0.11730942430926883], [0.12076206415334616, 0.1140033332263408, 0.12185536025114256, 0.09879143572646809, 0.10032347319276552, 0.09080225973020409, 0.10936730230595094, 0.12326238723563197, 0.12083238417814986], [0.12038957525904609, 0.1136619738686553, 0.12110224881802878, 0.09973544563070318, 0.10095838631600224, 0.09151352229351128, 0.10850093088646784, 0.1248169902903256, 0.1193209266372597], [0.11970191465526221, 0.11351404037076372, 0.12113214826219584, 0.10116194488845, 0.1021601709851316, 0.09290682298030278, 0.10840189792793554, 0.12328681489200989, 0.11773424503794842], [0.11929836589122972, 0.11331640728289433, 0.12114335227535374, 0.1020811268411709, 0.10294067311158134, 0.09383096496388152, 0.10846713182757521, 0.1221979192982994, 0.11672405850801383], [0.1203684068698112, 0.11362807131161974, 0.12102434907661938, 0.09994595703480211, 0.10109258243321946, 0.09171305720786599, 0.10839573975527265, 0.12469125841155589, 0.11914057789923345], [0.12077315159226025, 0.11369819031451879, 0.12136667447373668, 0.09916510793779867, 0.1005135542460152, 0.09109372764878874, 0.10905094590569606, 0.1238438993019272, 0.12049474857925828], [0.11952829233090023, 0.11322470790717207, 0.12101467359573456, 0.10201615853636166, 0.10276243298918589, 0.09373614735064252, 0.10833746617623274, 0.12240163813060455, 0.1169784829831658], [0.11968982099343337, 0.11327988117588177, 0.1210075753979768, 0.10169607028512158, 0.10247712830709976, 0.0934092726519283, 0.10829911275946652, 0.12279164657497622, 0.1173494918541157], [0.1210535113056196, 0.11410429736811606, 0.12200330379468699, 0.09861108032096999, 0.10001691653127626, 0.09068109164323415, 0.1094690559910719, 0.12254337092695128, 0.1215173721180736], [0.12105230150753299, 0.11383630846350652, 0.12171131674421913, 0.09887698267099908, 0.10019887184851209, 0.0908645514380738, 0.10919609283765397, 0.12312057702101839, 0.12114299746848403], [0.11999535352912673, 0.11330606374786989, 0.12087382950470715, 0.10125499032436293, 0.10203852963352399, 0.09295940823089152, 0.10819758062392726, 0.12340903167082416, 0.11796521273476639], [0.12068524714283106, 0.11336647977766781, 0.12077199742400709, 0.099978404300218, 0.10090878412727713, 0.09169052055480492, 0.10818384058299184, 0.125, 0.11941472609020215], [0.12112848099472776, 0.11361672264124592, 0.12145538079706389, 0.09908665118082678, 0.10027592118222327, 0.09102625006879117, 0.1090065387545707, 0.12338251246067579, 0.12102154191987485], [0.12062585952333145, 0.11333904837772116, 0.12066294553488453, 0.10032824407195028, 0.10118310407893245, 0.09203838846876472, 0.10806080013541099, 0.1246332035940627, 0.11912840621494175], [0.11997446750969261, 0.11318298518594361, 0.12082286715285499, 0.10156076034230194, 0.1022251576019961, 0.09324776002622483, 0.10814799739148313, 0.12310582659422101, 0.11773217819528178], [0.1207806211655012, 0.11324172541116212, 0.12057767561303782, 0.10031438695109937, 0.10108482723829927, 0.09200897823445675, 0.10800416785344442, 0.12469488367935537, 0.1192927338536438], [0.12092802612440773, 0.11326012570977577, 0.12065362109879235, 0.10000066005825387, 0.10081253570031136, 0.09172081888339637, 0.10817136607671242, 0.12473028413786216, 0.119722562210488], [0.11998709767569471, 0.1130058186924946, 0.12070860515302266, 0.10197111636971633, 0.10246322273444924, 0.09363635397938724, 0.10806974418831518, 0.12271708261897639, 0.11744095858794365], [0.12104563408481211, 0.11333294662638678, 0.12071397850012468, 0.09975967114336318, 0.10064048042480339, 0.09155825143550922, 0.1084546750908225, 0.12425810440000881, 0.12023625829416945], [0.11992059687916043, 0.11293582381090796, 0.12067460043103062, 0.10217482636172064, 0.10261055324045028, 0.09383264571800366, 0.1080543552859385, 0.12256634025637307, 0.11723025801641483], [0.12137564450030154, 0.11354694447946083, 0.12141885677473895, 0.09906589746003217, 0.10011377290284755, 0.09100148740724953, 0.10891883966409506, 0.12319183204509752, 0.12136672476617688], [0.12059166527638268, 0.11311946635545284, 0.12046799210704737, 0.10099312420706869, 0.1015866997097865, 0.09266526579758726, 0.10792674310549191, 0.12396601247089213, 0.11868303097029065], [0.12049152828480257, 0.113094784598387, 0.12051491100739752, 0.10115699850848665, 0.10172185296059194, 0.09282360789562073, 0.10794098918203321, 0.12376423502707996, 0.11849109253560053], [0.12054695996055936, 0.11310009894661335, 0.12048679713738311, 0.10108501595509617, 0.10165673926886498, 0.09275301911531894, 0.10792866054132631, 0.12385722620665976, 0.11858548286817787], [0.12124708228730807, 0.11316379524585883, 0.12052613936982011, 0.09989261182480055, 0.10059884447263996, 0.09165880696212854, 0.10828334139319247, 0.12430081349836261, 0.12032856494588887], [0.12106138629327144, 0.11305895161242732, 0.120378312513717, 0.10042696755027725, 0.10101119066991562, 0.0921023258234136, 0.10787658785239906, 0.12456244393023874, 0.11952183375434008], [0.12116463119234137, 0.11304688424780626, 0.12038956014608156, 0.10029489540483631, 0.10087884042473497, 0.09197984245942682, 0.10793689834872644, 0.12456147259910431, 0.11974697517694181], [0.12163610667418433, 0.11355459744242276, 0.12143644065115346, 0.09893227691215793, 0.0998546700675277, 0.09089672283154739, 0.10893438109237492, 0.12282799321966074, 0.12192681110897075], [0.12118852496831523, 0.11279072101662065, 0.11998274842601699, 0.10104032060764113, 0.10130590053218116, 0.0926714411091698, 0.10759195089086697, 0.1241874687109667, 0.11924092373822137], [0.12060648463239622, 0.11256717464629862, 0.12018295050773782, 0.10209293875905875, 0.10214354348427485, 0.09366024846008288, 0.10761912330779512, 0.12324826320763078, 0.1178792729947251], [0.12149334374546822, 0.11279315878709135, 0.12010307736477337, 0.10047710750420717, 0.1008145732638762, 0.09212562897130025, 0.10771862125882418, 0.12453167450657888, 0.11994281459788025], [0.12135287680093733, 0.11273922160185898, 0.11997216158560894, 0.10088681632845312, 0.10112705895315506, 0.09251022241977376, 0.10752319733944825, 0.12440121187183402, 0.11948723309893056], [0.12191913650369827, 0.11325119191204827, 0.1211304503004015, 0.09910885877649837, 0.09978488822998842, 0.09100825067141274, 0.10863491050540908, 0.1231172845834277, 0.12204502851711566], [0.12093052862201073, 0.11256431753311413, 0.12001895424874845, 0.1016885510951119, 0.1017279956874102, 0.0932561138707104, 0.10750768091054344, 0.1237777813515947, 0.11852807668075603], [0.1209785011463805, 0.11250138311587478, 0.1199673088956264, 0.10175616173178045, 0.10173655412104829, 0.09331003287325351, 0.10745789500458924, 0.12379044911516476, 0.11850171399628204], [0.12132768255346774, 0.11251030027794412, 0.11978508477819826, 0.1013784376281714, 0.10137130721098037, 0.09294940318571612, 0.10737640505145032, 0.12418092552896198, 0.11912045378510956], [0.12185805382133931, 0.11255042781157884, 0.11987965569826191, 0.10029728800701905, 0.10047297686393347, 0.0919118431250391, 0.10760077130907784, 0.12500000000000003, 0.12042898336375055], [0.12183094712014393, 0.11254667559816221, 0.11985470716287587, 0.10046976878858675, 0.10060874042159397, 0.09207977536663431, 0.10754445077993159, 0.12480696049319104, 0.12025797426888048], [0.12120787664739097, 0.11229172367727558, 0.1197500505097151, 0.10190044669710473, 0.10167952617630523, 0.0934129625283309, 0.10727097727234684, 0.12392629757005832, 0.11856013892147231], [0.12212510142770087, 0.11253652185897414, 0.12024325315726248, 0.09993915511646198, 0.10013247082205637, 0.09165772864667449, 0.10790572335817299, 0.12413161106258744, 0.1213284345501091], [0.12193191206890555, 0.11235247489728095, 0.11962652939321679, 0.10075200524616593, 0.10069818536293997, 0.09230657456112583, 0.1072717717558424, 0.12499999999999999, 0.12006054671452249], [0.12158965233165077, 0.1123206112400566, 0.11955256173051253, 0.10141449993628229, 0.10123616992572862, 0.09295230643818037, 0.10718824212065158, 0.12443403656174849, 0.11931191971518874], [0.12143455369139156, 0.11207693159466417, 0.11952990220422258, 0.1020837754630704, 0.10164967668413415, 0.09355723626955298, 0.10708765012271906, 0.12399576415883316, 0.11858450981141182], [0.12230578282129466, 0.11233983313917416, 0.11996643991475565, 0.10014683711235092, 0.10014850106115604, 0.0918171516731343, 0.10766490221895059, 0.12431352075179986, 0.12129703130738383], [0.12254480635416407, 0.11218314849213802, 0.11995377160007606, 0.10005180744633953, 0.09995824083156385, 0.09171324084020027, 0.10759145350942832, 0.12439698235587902, 0.12160654857021101], [0.1226819493251624, 0.11238709409283498, 0.12024220918721022, 0.09969152276720321, 0.09968252818083667, 0.09141521180275843, 0.10779139570882441, 0.12395580943713276, 0.12215227949803704], [0.12140993807756767, 0.11172421741062247, 0.11929131120837422, 0.10276930749710977, 0.10198107631323917, 0.09417378587319251, 0.1068838098227137, 0.1237838867022941, 0.11798266709488642], [0.12259666564885, 0.11209294002380309, 0.11980345157630984, 0.10017091308499323, 0.0999845170337831, 0.09180484956580401, 0.10746480892271323, 0.12454590695069373, 0.1215359471930499], [0.12214803497772656, 0.11186829558458965, 0.11903015603731963, 0.10155930901639813, 0.10097365995460317, 0.0930198849444081, 0.10675585901763145, 0.125, 0.11964480046732331], [0.1227782565422373, 0.11199594048313474, 0.11980048974933108, 0.10010872755343139, 0.09986331219796585, 0.09174430919875372, 0.10743162306947585, 0.12451692203968476, 0.1217604191659853], [0.12187477926416038, 0.11164403791806406, 0.11908245055522372, 0.10239636046581257, 0.10154483722194137, 0.09378679895398101, 0.10670612113963206, 0.12433834280397182, 0.11862627167721289], [0.12255476388041839, 0.11191634423747768, 0.11907817195402344, 0.10127523463098267, 0.10072818912435445, 0.09280582885589954, 0.1069150847637879, 0.12441937744241974, 0.1203070051106362], [0.12275273782093055, 0.11193240548123999, 0.11926082905467421, 0.10077035828944111, 0.10033160325646241, 0.0923333843781699, 0.1071086438392312, 0.12456752505111067, 0.12094251282873998], [0.12294402733514333, 0.1118742662457367, 0.11969482732280692, 0.10015759146046217, 0.09980717659299113, 0.09177997335243604, 0.10732937203406986, 0.12454544696091362, 0.12186731869544022], [0.12302321734834391, 0.11189113037380903, 0.11971569662698814, 0.10010807902533102, 0.09974550463013045, 0.09173849126022199, 0.10733792116943618, 0.12444315939580332, 0.12199680016993598], [0.12299799806292884, 0.11173032911308581, 0.1193504733902802, 0.10045768953905057, 0.09994156174881913, 0.09200505574246327, 0.10704626569936726, 0.125, 0.12147062670400494], [0.12316213939962327, 0.11185691356665216, 0.11967750484251705, 0.1001013823444592, 0.0996792637192765, 0.09173483673724248, 0.10729993001858314, 0.12434029692952843, 0.12214773244211778], [0.12303515184987487, 0.11164867394334167, 0.11892788130352512, 0.10099502130949034, 0.10029531913564618, 0.09249759897309531, 0.10679921478854848, 0.1249087699147768, 0.12089236878170112], [0.1232834955009714, 0.11175047769835106, 0.11955855895346591, 0.10019462174718759, 0.09967631865203087, 0.09181564674232008, 0.10720288410921867, 0.12434992713392014, 0.12216806946253417], [0.12248234770701709, 0.11149166787047556, 0.11869158174655821, 0.10211723058540949, 0.10110888995119215, 0.0935277699410612, 0.1064857571434357, 0.12462860166038495, 0.11946615339446581], [0.1230812009317535, 0.11158737255519917, 0.11883774758894945, 0.10106658015135526, 0.10030600267725384, 0.09255406114126724, 0.10672313223613288, 0.125, 0.12084390271808865], [0.12238591361857369, 0.11132585445871522, 0.1186705139970663, 0.10241432060839858, 0.10126565263292177, 0.09375588958938426, 0.10637848623701987, 0.12482771126449194, 0.11897565759342836], [0.12271403349229806, 0.11151027339538594, 0.11857184259664325, 0.10188786266790388, 0.10089955950193107, 0.09334126802664415, 0.10646182323465242, 0.12464998670432265, 0.11996335038021858], [0.12254489842157654, 0.11125162466511748, 0.1185550598708534, 0.10236771268456434, 0.10115540415482595, 0.09370145007458985, 0.1062921115295126, 0.125, 0.11913173859895985], [0.1234187552792834, 0.1114583250807376, 0.11889946814636755, 0.1009887475339099, 0.10012433389862903, 0.09251128301958578, 0.10674190850167421, 0.1245429250865354, 0.12131425345327715], [0.12303922426710757, 0.11137743849599373, 0.11847427042299177, 0.10167959446424898, 0.10062608778829857, 0.09311580609428119, 0.10638221963631414, 0.125, 0.12030535883076406], [0.1227444322706262, 0.1112625157322865, 0.11845682548854099, 0.10231247067828854, 0.10107661329534756, 0.09368703595344484, 0.10629219973165858, 0.124716178752222, 0.11945172809758478], [0.12349329522634962, 0.1113507451234116, 0.11865732781277268, 0.10125358871171114, 0.10024665465428773, 0.0927458362689427, 0.10657152974271221, 0.12460802372607424, 0.12107299873373809], [0.12356173220267072, 0.11135505946130779, 0.11876796083025151, 0.10111814249444183, 0.100140677830023, 0.09263125066883901, 0.1066415477255171, 0.12448267094204767, 0.12130095784490137], [0.12356005208338315, 0.1113121129913744, 0.11862416136175499, 0.10128795664248391, 0.10024007895030639, 0.09278128326932275, 0.10654587406640013, 0.12454474830059302, 0.12110373233438122], [0.12290639550501463, 0.1110849096883177, 0.11829358793129234, 0.10254546838247487, 0.10111909762782594, 0.09389231990128435, 0.10615863816897646, 0.12466429360663389, 0.11933528918817982], [0.12370514999078584, 0.11128934674756719, 0.11885969686178442, 0.10096572283808194, 0.09996660918670457, 0.09251006095731676, 0.10669365087613782, 0.12432298125846888, 0.12168678128315256], [0.12348321943988852, 0.111171137102066, 0.11821013382154431, 0.1018316263363656, 0.10054892770763224, 0.09328923177076913, 0.10628975090667825, 0.12457694267783882, 0.12059903023721714], [0.12437318265218424, 0.11416412969505704, 0.12077245157837772, 0.10903736580800287, 0.10998957334902461, 0.10015018946242014, 0.10764271432640332, 0.11056911475066128, 0.10330127837786877], [0.12445411343707106, 0.11412185526691812, 0.1206998604355641, 0.1091220850182021, 0.1100369619798113, 0.10023868664265619, 0.10758730020052217, 0.11049581230602197, 0.10324332471323297], [0.12444350253356654, 0.11412379715273707, 0.1211225698273017, 0.10834017306693242, 0.10934260445436748, 0.09947430839140203, 0.10778102030835028, 0.11131719401281072, 0.10405483025253161], [0.12398368087490057, 0.11417595130064777, 0.12147712982197198, 0.10783888058008727, 0.10892751627631839, 0.09900774574825714, 0.10799749329169746, 0.11192830704455428, 0.10466329506156515], [0.125, 0.1137378320909325, 0.12018537970794951, 0.10960337165414344, 0.110186444561581, 0.10078771560864223, 0.10718132013121331, 0.11020383756267106, 0.1031140986828669], [0.12423928716353104, 0.11363303661540122, 0.11969802383884215, 0.11051810223761022, 0.11088052850421745, 0.10179259668476871, 0.10701120092579011, 0.1095968017865496, 0.10263042224328948], [0.12500000000000003, 0.11374193118292625, 0.12058984260489485, 0.10881452837929678, 0.10948831397864449, 0.10001973661860245, 0.10736680010662181, 0.11103255091320513, 0.10394629621580842], [0.12490679054785091, 0.11368290655598251, 0.12051651915911898, 0.10889170798376299, 0.10950290801079197, 0.10012758615847182, 0.10732346560369396, 0.11104355032503575, 0.10400456565529109], [0.12383385571281177, 0.11377557193533422, 0.12116905304557898, 0.10786916835374616, 0.10865313023063544, 0.09920115379887995, 0.10776840791320542, 0.1123669535500535, 0.10536270545975457], [0.1247102038081946, 0.11357076477611036, 0.12034390947519635, 0.10909616117207487, 0.10957865663105233, 0.10039261370083999, 0.10723076946984816, 0.11101120730030428, 0.10406571366637907], [0.12390872172168949, 0.11364167113474555, 0.12097685284209068, 0.10804289684560932, 0.10870282180351379, 0.09941691971400606, 0.10763240785730933, 0.11229861164869931, 0.10537909643233646], [0.12420420355856668, 0.11358549976881027, 0.12078110313186187, 0.10834394077998968, 0.10892536684636933, 0.09970279959833515, 0.10748267735846972, 0.11194117187301526, 0.10503323708458218], [0.1244006950247