[[0.11286572300207226, 0.11679523562243795, 0.09970223636005342, 0.09709601862526124, 0.11709092582373276, 0.1232991784212122, 0.09424190163827431, 0.12021568305182603, 0.11869309745512985], [0.11333615863953891, 0.11728358356903407, 0.09853845390901268, 0.0955625404354253, 0.11797732082735526, 0.1248406903748045, 0.09266519811251209, 0.12103730474318271, 0.11875874938913453], [0.11286809501276429, 0.11664100182215202, 0.09972291290031216, 0.09712390306575416, 0.11710233210628258, 0.12321678308294819, 0.0944052591493144, 0.12002773474425535, 0.11889197811621673], [0.11297250976454071, 0.11674241749326285, 0.09953422874210235, 0.09686863892593296, 0.11728327651105969, 0.12352959321976385, 0.09413739432120555, 0.12000735106965857, 0.1189245899524736], [0.11336322206690277, 0.11721456819565854, 0.09842239056133696, 0.09541736373121627, 0.11805649071189564, 0.125, 0.09260146328583085, 0.12103473988391018, 0.11888976156324876], [0.11327931942121161, 0.11704381040279974, 0.09867612319684262, 0.09574949970069717, 0.1178995726132226, 0.1246152276975635, 0.0930197657614346, 0.12074629176561663, 0.11897038944061152], [0.11293668852386314, 0.11661625335968011, 0.0996296864128063, 0.09699542943817609, 0.11722054704032511, 0.12334751964202423, 0.09434863601651841, 0.1198728355638931, 0.11903240400271363], [0.11297602799388569, 0.11654530987289646, 0.09947909838093383, 0.09680488037214346, 0.11732225817233209, 0.12352707365459098, 0.09426329497223658, 0.11986602852111584, 0.11921602805986506], [0.11267331205063355, 0.11612527559397641, 0.09995550682580095, 0.09745898336648023, 0.11681444870935799, 0.12309213722904569, 0.09504420397917372, 0.11965338302349793, 0.11918274922203365], [0.11317466177224064, 0.11661480623159613, 0.09899846309518764, 0.09617458998296183, 0.11771739106014892, 0.12390323709163566, 0.0937497024529361, 0.12019720474589662, 0.11946994356739649], [0.11359117821342041, 0.11695191471835316, 0.0982590005598095, 0.09517457606340538, 0.11844086976803288, 0.12431149046812527, 0.09276207087632835, 0.12096156907833173, 0.11954733025419334], [0.11271232735700983, 0.11606168651330663, 0.09987633559469324, 0.09735442641779417, 0.11689064834936001, 0.12324284059333644, 0.09502714914648724, 0.11949655674541156, 0.1193380292826008], [0.11345554968331305, 0.11677298374368375, 0.09846740396795209, 0.09546240325968586, 0.11822403431450933, 0.12425800928861722, 0.09311375024118551, 0.12065828427313546, 0.11958758122791766], [0.11331539400561413, 0.11654727551014975, 0.0987097817447336, 0.09579285540808377, 0.11799105336602354, 0.12402931035153468, 0.09354453942970478, 0.12029940883270952, 0.11977038135144623], [0.11395430777458734, 0.11699508666180258, 0.09797569202046758, 0.09474689290588822, 0.11899082041423718, 0.12365142539199057, 0.09253685374747715, 0.12123804983997702, 0.11991087124357248], [0.11303566318313438, 0.11628416600073227, 0.09909682869351204, 0.09633066368691766, 0.11753043876420624, 0.12410200701281016, 0.09409569283880628, 0.11979609712330978, 0.11972844269657118], [0.1138358279814862, 0.11686979255880196, 0.09807396956780386, 0.09489582888436505, 0.11882339775388492, 0.12378704955467544, 0.09272149576077392, 0.12103577521876306, 0.11995686271944556], [0.1136248695039617, 0.1166923003435582, 0.09830111948525048, 0.09522322902360614, 0.11850110201937962, 0.12395092784276422, 0.09306858538352483, 0.12070444711086747, 0.1199334192870872], [0.11265127897749783, 0.11578354101968705, 0.09994452216429656, 0.09745340122429696, 0.11693237374666669, 0.12316570316094033, 0.09533380568427288, 0.11918595193764367, 0.11954942208469789], [0.11353109773501312, 0.11657102701885946, 0.09844332193599138, 0.09541941323609501, 0.1183479292593061, 0.12388988240787932, 0.09331038073012882, 0.12050098678969293, 0.11998596088703374], [0.1130812411964504, 0.11618325999129624, 0.0988980692382278, 0.0960797495919093, 0.117653194017429, 0.12437465536596726, 0.09397921318311614, 0.11978915730192823, 0.11996146011367549], [0.11346990903029366, 0.1164837660415701, 0.09847199879301713, 0.09546942541615928, 0.11826616032773768, 0.12401396638713488, 0.09339430868825538, 0.12038087359467396, 0.12004959172115781], [0.11260838276477157, 0.11569786564671414, 0.10000673567202346, 0.0975392871516752, 0.11695121600627714, 0.12305275960810298, 0.09546152661162276, 0.11912926304089065, 0.11955296349792208], [0.11329346891203368, 0.11629005644099727, 0.09857437092098992, 0.09563651375993906, 0.11801845333217734, 0.12437507876938923, 0.09360501946717274, 0.1200865188516412, 0.12012051954565955], [0.11309533145076804, 0.11611430410570327, 0.09881054000049873, 0.095970749712322, 0.11770005742929221, 0.12451555740089003, 0.09394650014577591, 0.11975848537553561, 0.12008847437921417], [0.11286283941198565, 0.11586035086727133, 0.0993848370926558, 0.09672401709081324, 0.11727956611479856, 0.1239264142293198, 0.09474225059667042, 0.11923456275880805, 0.11998516183767724], [0.1127160490447218, 0.11571210345055678, 0.09977508548159787, 0.09723278654644389, 0.1171700641301147, 0.12340048494093915, 0.09525403784704675, 0.11892507802990375, 0.11981431052867532], [0.11374763883941523, 0.11650213950475709, 0.09822659815699639, 0.09510719831705895, 0.11869689532893314, 0.12358892272912286, 0.09320771993151027, 0.12057613880174611, 0.12034674839045985], [0.1133250588189844, 0.11619429925747561, 0.09848291208264418, 0.0955189701434035, 0.11809047965674335, 0.12445246931282869, 0.09359857225194708, 0.12003370179830988, 0.12030353667766332], [0.11281526788958417, 0.11576181017417113, 0.09946365296234877, 0.09683119194950543, 0.11731971328426541, 0.12379460665950288, 0.09490212527410229, 0.11909755844903885, 0.12001407335748107], [0.1129717823393519, 0.11589891193658507, 0.09904668327354485, 0.09628768863115039, 0.11747644138176781, 0.12434977687035094, 0.09436613795868716, 0.11942632925919765, 0.1201762483493641], [0.11310777748545668, 0.11600088318947323, 0.09869597893375838, 0.09582945991996347, 0.11775349889039073, 0.12472156779541232, 0.0939212350889727, 0.11969132179740839, 0.12027827689916401], [0.11324661884460516, 0.11607971286789813, 0.09851364551276748, 0.09557527174298838, 0.11798412985685162, 0.12465081549622128, 0.09370083825770079, 0.11988045502193863, 0.12036851239902839], [0.11257868413906887, 0.11547833974436504, 0.10000721082495212, 0.09754702628981778, 0.11717338411444118, 0.12297611286900945, 0.09566458647958868, 0.1188145949544304, 0.11976006058432649], [0.11284396369896754, 0.1156958358901161, 0.09931444369585085, 0.0966433594730045, 0.11747022124718398, 0.12394270002136872, 0.09480699649476987, 0.11909641368096513, 0.12018606579777344], [0.11260157767310758, 0.11545906984410455, 0.0999508130226558, 0.09747310136087965, 0.11725170520635873, 0.1230450673150806, 0.09563511964872026, 0.11873556977721506, 0.11984797615187776], [0.11342690708149591, 0.11605333353514768, 0.09834447557776865, 0.09532808450362198, 0.11826647717688947, 0.12435691164559345, 0.09361145028991952, 0.11997059955635804, 0.12064176063320539], [0.11313071331227617, 0.11585480879223797, 0.09853599058978264, 0.09563038311010023, 0.11783290929452207, 0.125, 0.09387576282785197, 0.11960706130119042, 0.12053237077203852], [0.11288863776289867, 0.11567354149376224, 0.09915391155776239, 0.09643791580273316, 0.1175885134891831, 0.12412205449891477, 0.09466358387479572, 0.1191446081674538, 0.12032723335249611], [0.11401863764026915, 0.11637661555662451, 0.09801017860136113, 0.09478272025968, 0.11911631829998523, 0.12311761404301406, 0.09316297164200213, 0.12057877902864703, 0.12083616492841677], [0.11327463781404443, 0.11590759089830933, 0.09843105193643027, 0.09546922800442713, 0.11804769252882075, 0.1246852301273701, 0.09377575891922812, 0.1197440274812945, 0.12066478229007538], [0.11372689704798192, 0.11614704835339164, 0.09816853787368705, 0.09504419222150931, 0.11870140073873221, 0.12374145700152313, 0.09344864114498262, 0.12021204593956601, 0.12080977967862609], [0.1134631011882742, 0.11598047026349594, 0.0983074710805547, 0.09527498112352041, 0.11832473310838872, 0.12428352472417642, 0.0936514410612496, 0.11991835133743672, 0.12079592611290314], [0.11277903473036642, 0.11546386716432176, 0.0993900885590363, 0.09675023294254173, 0.11765352664842564, 0.12369721441098079, 0.0950855494797384, 0.11882802897653291, 0.12035245708805592], [0.11324625855781568, 0.11563784821804796, 0.0984298556312275, 0.09547446053048449, 0.11821663298753712, 0.12449032698920257, 0.0940146833732075, 0.11946027008940717, 0.12102966362307001], [0.11257171674808104, 0.11516354994498156, 0.0999822905130662, 0.09751676070765554, 0.11755879548431451, 0.12283294457750718, 0.09595496703488415, 0.11830111987881212, 0.12011785511069772], [0.11412535380407739, 0.11598648322807016, 0.09772088127594494, 0.09440753747685222, 0.11934332911954858, 0.12354525006164395, 0.09317779819029998, 0.12023953756267099, 0.1214538292808919], [0.11419038793295747, 0.11600224035019735, 0.09766101349265256, 0.09431958755069021, 0.11944416319873048, 0.12350572204901086, 0.09310804012288439, 0.12028128213385254, 0.12148756316902413], [0.11264704177086673, 0.11519142546780758, 0.09972427318427833, 0.09718571662527217, 0.11771475193730144, 0.12311827041576029, 0.09567247636859492, 0.11841572712903366, 0.12033031710108487], [0.11391347595849591, 0.11590608057741202, 0.09795241625603167, 0.09473836059905362, 0.11900329335913892, 0.12361912684991208, 0.09347163121565898, 0.12005324006654933, 0.12134237511774747], [0.11350791808556338, 0.11570173607839368, 0.09825645017818088, 0.09520244501825967, 0.11849175898592669, 0.12403788447067048, 0.09386985454814982, 0.1196537569035758, 0.12127819573127947], [0.11404743835406357, 0.11590233110921845, 0.09777013358651794, 0.09448552257355351, 0.11922798137773691, 0.12366438126681573, 0.09328957258744773, 0.12012021898042301, 0.12149242016422303], [0.11291627646451162, 0.1153463123207898, 0.0989493666870205, 0.09618194406397355, 0.11808586185818594, 0.12401095971296755, 0.09475247226154257, 0.11890119957700208, 0.12085560705400641], [0.1126935162503873, 0.11518839249121007, 0.09956170386317789, 0.09697720131120911, 0.11783120603841, 0.12327564123729244, 0.09551225247195959, 0.11848067886421373, 0.12047940747213987], [0.1134088754593022, 0.11551582244024027, 0.0982832259792533, 0.09525744754044675, 0.11861761607782478, 0.12402546100863406, 0.09402977685430941, 0.1194226706756831, 0.12143910396430602], [0.11350167490752266, 0.11553869512839446, 0.0982248592876611, 0.095164747250693, 0.118709356802479, 0.12387419613772174, 0.09397944278759539, 0.11948720922892153, 0.1215198184690111], [0.11379206177907814, 0.11560570597194195, 0.0979132243028287, 0.09471815110961701, 0.1190194635237257, 0.1239358482934561, 0.09364572009679735, 0.11970782061223693, 0.12166200431031815], [0.11327720647756144, 0.11538036255825189, 0.09837660851999482, 0.0954010650360404, 0.11862287337180796, 0.12405441399241954, 0.0942095236077539, 0.11921774648420944, 0.12146019995196061], [0.1139453867467395, 0.1156414394695929, 0.09774889178129785, 0.09448266065928997, 0.11917951112235256, 0.12400070949246358, 0.09345992120116489, 0.11981612826741524, 0.1217253512596834], [0.11316750199098254, 0.11530086514805603, 0.0984933706671741, 0.09556821421144018, 0.11856945655922646, 0.12405171976965716, 0.09437457776718096, 0.11907034637301585, 0.12140394751326662], [0.1127591758899203, 0.11507233974203332, 0.09932553019132505, 0.09667351592657623, 0.11813343238679025, 0.12336563883308099, 0.09538694445211249, 0.11846430827301124, 0.12081911430515024], [0.11380337850754482, 0.11554537030246873, 0.09784835146008389, 0.09463630119892379, 0.11910368071717521, 0.12403340837439067, 0.09362146227435279, 0.1196598653590547, 0.12174818180600555], [0.11307304437396992, 0.11523010157700102, 0.09862621990883529, 0.09575130825138727, 0.11851654537923983, 0.12397695721936017, 0.0945574025593868, 0.11893105593259522, 0.12133736479822438], [0.11303305209283572, 0.11518647341099154, 0.09869231171726521, 0.0958406193193375, 0.11850924721818211, 0.12390261658025939, 0.09465978117479469, 0.11885509762395503, 0.1213208008623789], [0.11296191643495124, 0.11514438601289638, 0.09882614355190157, 0.09601960513021218, 0.11844158367703404, 0.12379864682023271, 0.09482631408559862, 0.11875125041412075, 0.12123015387305246], [0.11282411183969461, 0.11504569666240602, 0.0991412393717244, 0.09643388585383865, 0.11830689089636445, 0.12347451565058308, 0.09522960105644696, 0.11851508825277825, 0.12102897041616359], [0.11338227115547536, 0.11528713257774995, 0.09821945427030666, 0.0951843950318611, 0.11889851932610222, 0.12393869646701235, 0.09415162671018196, 0.11919019024891185, 0.12174771421239855], [0.11314148917467928, 0.11518165697076294, 0.09852460163842702, 0.09561106525566958, 0.11869408447938197, 0.12387148348546763, 0.09451486237234057, 0.11893022826204486, 0.1215305283612263], [0.1127735460246961, 0.11498024752974734, 0.09927185437539728, 0.0966036788740427, 0.11828504633064436, 0.12329426502205361, 0.09542345722870339, 0.1183948497727259, 0.12097305484198911], [0.11351202291837471, 0.11528957527761682, 0.09803157110062509, 0.09492548368427839, 0.11905517374179, 0.12404838654355922, 0.09396986724178226, 0.1192733567900477, 0.12189456270192593], [0.11320571754032026, 0.11516996659494047, 0.09844261936193573, 0.09549604577887492, 0.11881070729305519, 0.12380125294192817, 0.09445724719331645, 0.11895885042992604, 0.12165759286570275], [0.1130867033803039, 0.11506398388775244, 0.09860321939457613, 0.09571807834597768, 0.11876696311049181, 0.12369851469414908, 0.09469794006226667, 0.11877024012270564, 0.12159435700177684], [0.11297514987999381, 0.11498282305651492, 0.09879705142453485, 0.09597892973578326, 0.11868270888212125, 0.12355454999815302, 0.09495699652941378, 0.11859925293101337, 0.12147253756247176], [0.11318096131761042, 0.1149325803913307, 0.09828664380658175, 0.09531212154708335, 0.1190778069540628, 0.12404902769418981, 0.0944687418493543, 0.11874187719577925, 0.12195023924400766], [0.11280591249891536, 0.11476582326041845, 0.09918126112739767, 0.09648257359792708, 0.11862846241017108, 0.1230597668230296, 0.09554786278070666, 0.11821736362409366, 0.12131097387734044], [0.11287997003704583, 0.11469549046058142, 0.09896247333119354, 0.09620169505715906, 0.118849445452367, 0.12323032338382703, 0.09538205933496333, 0.11822502382038318, 0.12157351912247971], [0.11384067712660165, 0.11483233544914137, 0.09729014473606379, 0.09395800345048376, 0.11989327299957497, 0.125, 0.09353140514939116, 0.11898874175669366, 0.12266541933204965], [0.11292516962499177, 0.11467424153329728, 0.09881391007250089, 0.09601174731356504, 0.11895974491993597, 0.12340395741156716, 0.09524008724705554, 0.11825542647219939, 0.12171571540488686], [0.11378111044393893, 0.11465754999644678, 0.09733438078107061, 0.0940271242308329, 0.12007589532988604, 0.12471881479027853, 0.09372245815252708, 0.11877028500920768, 0.12291238126581144], [0.1128528275031176, 0.11453277101953921, 0.09899123598645458, 0.09624412169210529, 0.1189711222833769, 0.12316010897676469, 0.09555345594499748, 0.11803678224427529, 0.12165757434936907], [0.11339556964797025, 0.1145380150802154, 0.09757279233550552, 0.09440332254777445, 0.11980541250840478, 0.125, 0.0939967290264709, 0.1185296422820699, 0.12275851657158879], [0.11315767070862269, 0.11452434064823633, 0.09810421300086158, 0.09510091271977474, 0.11951801494160294, 0.12425314000984566, 0.09459219453026288, 0.11833620013987152, 0.12241331330092153], [0.11337251894436186, 0.1144852590496767, 0.09760904427840479, 0.09445290832421593, 0.11984414695879161, 0.12489524716307535, 0.0940815035708991, 0.1184572401508525, 0.12280213155972203], [0.11286621669502007, 0.11443338483517389, 0.0989229317005573, 0.09615902798585589, 0.11910424004003117, 0.12320764959543938, 0.09556739617215043, 0.11795266372323476, 0.1217864892525371], [0.11306974438513188, 0.11427958053766368, 0.09828311695771877, 0.09533891576267065, 0.1196561469684773, 0.12388669264828359, 0.09500234958229771, 0.118001180658918, 0.12248227249883842], [0.11312489740236706, 0.1142414457902234, 0.09813356840333244, 0.09514548736022471, 0.11979078371102536, 0.12403279019238107, 0.09487142487488698, 0.11800816753241782, 0.12265143473314118], [0.11294129171539125, 0.1142291636353533, 0.09865916358102923, 0.09582344033415782, 0.11947108117933002, 0.12341544808232648, 0.09546377127180185, 0.1178202466090337, 0.12217639359157637], [0.1233563241470086, 0.10837013881920973, 0.1177086781009597, 0.11445299960987378, 0.10672158490886534, 0.09995964864289791, 0.12313771161680453, 0.10498967303489302, 0.10130324111948738], [0.12293878108949796, 0.1085098274175855, 0.11765283124826913, 0.11389480282075884, 0.10692880868789256, 0.09974421599379993, 0.124074013144522, 0.10509917259420073, 0.10115754700347339], [0.12282835757852988, 0.10847440548067014, 0.11770621567881978, 0.11419155808463166, 0.10687329521053864, 0.0999090704899484, 0.12363729426766219, 0.10509275497227549, 0.10128704823692361], [0.12332471074558404, 0.10835085724679921, 0.11766042798657085, 0.1144126732244685, 0.10673629244812852, 0.09998502752822976, 0.12319835305802858, 0.105001102485863, 0.10133055527632755], [0.12328528663161424, 0.10834690891684182, 0.11763055688282797, 0.11437836597074201, 0.10675799159607793, 0.10000780698256408, 0.12321833327305692, 0.10501906928173572, 0.10135568046453933], [0.12336576746958533, 0.10823192245645735, 0.1177231086707136, 0.11437345211191295, 0.10665893267318077, 0.0999636882563347, 0.12344956919429878, 0.10492675996267438, 0.10130679920484215], [0.12269786549018864, 0.10844926824167961, 0.1175391660636999, 0.11394578037323637, 0.10697842117008151, 0.09995890122136719, 0.12390656206544905, 0.10516580338520293, 0.10135823198909479], [0.1227206062091318, 0.1084784888797684, 0.11742811041549349, 0.11360608704397221, 0.10706840795241106, 0.09983982299637485, 0.12437894876497342, 0.10520338317044688, 0.10127614456742809], [0.12309921702030763, 0.10825013602835618, 0.11745459603944167, 0.11417185816831481, 0.10682996531911489, 0.10012971315055191, 0.12350262406773194, 0.10507411995006764, 0.10148777025611333], [0.12283504966853519, 0.10833072708688056, 0.1173479511594661, 0.11401164742104235, 0.106995540828923, 0.10022203875902423, 0.12344613402116314, 0.10521290325686149, 0.10159800779810393], [0.12279523883327988, 0.10829446229704548, 0.11726711539073063, 0.11395558577480566, 0.10701468713328484, 0.10026945206151588, 0.12352747103030733, 0.1052289893328916, 0.1016469981461387], [0.12310590672089318, 0.10787924952941284, 0.11788208939326468, 0.1141795872758367, 0.10650149143710612, 0.10003988122303399, 0.1242568421754216, 0.10478405950954604, 0.10137089273548486], [0.12230228270534055, 0.10838131049942511, 0.11717448744495067, 0.113582429926712, 0.1072113811676409, 0.10023439897826218, 0.12409586436795196, 0.10536133547778169, 0.10165650943193516], [0.12240658609881057, 0.10836903285883122, 0.1169173910140347, 0.11299705107938679, 0.10733974325533512, 0.10004258651030803, 0.125, 0.10540128259486524, 0.10152632658842833], [0.12221951399199901, 0.1083696326175558, 0.11706186305801973, 0.11341124424024286, 0.10728687767050703, 0.1002643900388444, 0.12427077074527748, 0.10541389239522816, 0.10170181524232569], [0.12282245636040352, 0.10814279443524527, 0.1172449454984965, 0.11391150308660544, 0.10693532491982466, 0.10029827098299503, 0.12381708564670707, 0.10515874541929258, 0.10166887365042991], [0.12292792577622697, 0.10785374877224725, 0.1176989540992082, 0.11402294432738569, 0.10659034269379261, 0.10013663859683673, 0.12443466892294143, 0.10485667371319664, 0.10147810309816446], [0.12276425606083885, 0.10815935944251559, 0.1171795526800159, 0.11387143771790975, 0.10698319017136519, 0.10034087574359474, 0.12378522597977995, 0.10520117867207936, 0.10171492353190065], [0.12208082400523065, 0.10835428848111137, 0.1169733434780145, 0.1133793047091379, 0.10735499261340145, 0.10040243351162734, 0.1241334356842008, 0.10548423382603475, 0.1018371436912411], [0.12207976696409371, 0.10835849673493028, 0.11690520149785044, 0.11319295413249314, 0.10740016829689678, 0.10033348029915211, 0.12444144633665982, 0.10549921088951979, 0.1017892748484039], [0.12275978677468573, 0.10779516485727053, 0.11762388272372858, 0.11391479325545616, 0.106621328180629, 0.10021643199663192, 0.12462491281041975, 0.10488393222408067, 0.10155976717709762], [0.12266783189757544, 0.10794038973021122, 0.11727022936130647, 0.1137666118083855, 0.1068609611729393, 0.10034394223828591, 0.12435110521368029, 0.10508697026270011, 0.10171195831491577], [0.12205219609878476, 0.1082794070212913, 0.11684654460397871, 0.11336252193662864, 0.10737319442993061, 0.10053677920097023, 0.1240737580391868, 0.10551152009264139, 0.10196407857658736], [0.12215759016471045, 0.10823999437483474, 0.11684927652947384, 0.1134199407198741, 0.10731522048843868, 0.1005227539063882, 0.12408803507050567, 0.1054647011344064, 0.10194248761136793], [0.12256910061676568, 0.10802763105127157, 0.11709099433551434, 0.11369146596591184, 0.10700569162180924, 0.10044683309144894, 0.12412726331702491, 0.10521579486251063, 0.101825225137743], [0.12193045191958118, 0.1083430319565434, 0.11672346532665075, 0.11299978537995262, 0.10754046946444386, 0.10048525850072483, 0.12440496903860451, 0.10561871862884664, 0.1019538497846522], [0.12261935738640485, 0.1077446715833623, 0.11762571753492913, 0.11386277329704231, 0.1066295960725247, 0.10029391499368626, 0.12469330608095033, 0.1048982222861054, 0.10163244076499471], [0.122363333004631, 0.1081528982397158, 0.11681937090060728, 0.1135478465628121, 0.10720987809473059, 0.10055347701884261, 0.12401142096941012, 0.10538964193730056, 0.10195213327194995], [0.12199489156394144, 0.10836004810864866, 0.11656672041614839, 0.11271339972787942, 0.10766890448825897, 0.1004927895556673, 0.12450803648039013, 0.10570628964643346, 0.10198892001263225], [0.12180666672998199, 0.10833441444903695, 0.11672412939588633, 0.11311866966486749, 0.10755160416148132, 0.1006238905725503, 0.12411166714640509, 0.10565379724167076, 0.10207516063811996], [0.1221136961630748, 0.10819734213189343, 0.11676289922820013, 0.11336126803301737, 0.1073314075884944, 0.10057157336848568, 0.12419094621508368, 0.1054780786669341, 0.10199278860481643], [0.12254964848287515, 0.10774256609475222, 0.11747913544354142, 0.11376202052752712, 0.10668890184997971, 0.1003260872029199, 0.12483455711396829, 0.1049417443601833, 0.1016753389242529], [0.12227792175494959, 0.10814480994634966, 0.1167645914435864, 0.1134747935366604, 0.10724891063991886, 0.10058414923297357, 0.12409645275855147, 0.10541955866518107, 0.10198881202182898], [0.12192681113743425, 0.10835417023093351, 0.11653060211691148, 0.11270092262396829, 0.10770133951915116, 0.10055644838023688, 0.1244386784623734, 0.10573947133359449, 0.10205155619539652], [0.12187003396203533, 0.1082413956457021, 0.11668723514418589, 0.11319391679450584, 0.10746189020683981, 0.1006349621409932, 0.12425456162290376, 0.1055824503264715, 0.1020735541563626], [0.12247897083231063, 0.10773233428030604, 0.11739764518701867, 0.11369534853975888, 0.10672585229678924, 0.1003634572111722, 0.12491750292846873, 0.10497135938987642, 0.10171752933429917], [0.12240583155028807, 0.10772090177065505, 0.11731847081198817, 0.11362904157197633, 0.10676205800063042, 0.10040222724114962, 0.125, 0.10500063912136616, 0.10176082993194616], [0.12204297054328837, 0.1081187240154873, 0.11660638594608459, 0.11327348757059433, 0.1073563666793114, 0.10067489491592264, 0.12432895829715697, 0.10550270547925382, 0.10209550655290059], [0.1216933852516488, 0.10822510591536118, 0.11655874383421432, 0.11304416735483587, 0.10755354076938387, 0.10072364512636466, 0.12437118485349977, 0.1056570905729117, 0.10217313632178], [0.12180458580255092, 0.10838101344503225, 0.11632539319290243, 0.11244917592664595, 0.10790932098757726, 0.10074345739242095, 0.12421214780828078, 0.10591797083658192, 0.10225693460800755], [0.12234540159625913, 0.10778596308903601, 0.1171626024783437, 0.11355350297569491, 0.10689122475468442, 0.10050111082075215, 0.12477592214881117, 0.10511462900728866, 0.10186964312912981], [0.12193074175626434, 0.10811990032227749, 0.11655139398326242, 0.11318126979642981, 0.10740927623888048, 0.10070196818508502, 0.12443167923795861, 0.105542265169939, 0.10213150530990282], [0.12170926093490159, 0.10834356522089278, 0.11638108166258727, 0.11260655286338705, 0.10783933885414389, 0.10077811041940529, 0.12419455160756282, 0.10587308702725505, 0.10227445140986446], [0.12182502757834134, 0.10847739294745479, 0.11617213383880293, 0.11216496958436595, 0.1081248906691691, 0.10083557163797097, 0.12393091203582741, 0.1060948928526045, 0.10237420885546301], [0.12181150773922046, 0.10814137299572392, 0.11651843205811832, 0.11309315215127762, 0.10747117318570093, 0.10071987531951335, 0.12449580924976494, 0.10558913702937803, 0.10215954027130239], [0.12222654875124135, 0.10792850197038789, 0.11687944594419444, 0.113433536864266, 0.10713367525315388, 0.10067470701658197, 0.12433274215603744, 0.10532977652052052, 0.1020610655236165], [0.12171309345948629, 0.10844060083801924, 0.11612533107617538, 0.11217066045612374, 0.10814162640825413, 0.10091711369330947, 0.12392345265244853, 0.1061157432110349, 0.10245237820514831], [0.12167140589620185, 0.10838754586047876, 0.1161910372452153, 0.11231777836524559, 0.10804170990055012, 0.10089900919707723, 0.12403414161500027, 0.10603731332567898, 0.10242005859455186], [0.12251254977283041, 0.10766293108775132, 0.1172852309775776, 0.11353132499653308, 0.10681969356576747, 0.10058457128104614, 0.1246002608742726, 0.10506857917456186, 0.10193485826965949], [0.12217479283662074, 0.10776689950627089, 0.11707208771880355, 0.11345323423678501, 0.10697306250370468, 0.10064081095101406, 0.12471489540605105, 0.10519416266810347, 0.10201005417264655], [0.12153448295664401, 0.10833575463396228, 0.11626049523349577, 0.1125299073404271, 0.10795021820249445, 0.10095723050395307, 0.12399668650432241, 0.10598086011227642, 0.10245436451242453], [0.12168297428599037, 0.10807658992085153, 0.1163577353577466, 0.11296510885557678, 0.10752185095602985, 0.10081894719538664, 0.12468169431352545, 0.10563151516388539, 0.10226358395100738], [0.12209802115077606, 0.10782663761698419, 0.11691013122084196, 0.11336946050840248, 0.10710176907839089, 0.10073964730122474, 0.12452806120052076, 0.1053069982884108, 0.10211927363444813], [0.12151460502295067, 0.10811921352045369, 0.116313845684074, 0.11284223985205002, 0.10762372157241068, 0.1008577275020273, 0.12469997103308311, 0.10571209977231866, 0.10231657604063187], [0.12152202731507264, 0.1083551166113101, 0.11615536628835649, 0.11236522821693544, 0.10805683938547189, 0.10101330685571105, 0.12394197851744373, 0.10606500121777697, 0.10252513559192167], [0.12159202737452883, 0.10806435219316513, 0.1162407078397885, 0.11279136875175531, 0.10760986565557425, 0.1008671368838718, 0.1248111822211874, 0.1056956624666436, 0.10232769661348516], [0.12165332158902208, 0.10803667848920118, 0.11627543801440958, 0.11293593228322554, 0.10753626270443244, 0.10089483213530055, 0.12468120292592878, 0.105650340210888, 0.10233599164759187], [0.1214954769473231, 0.1083797640031724, 0.11600269538263874, 0.11214176761621016, 0.10820667107213147, 0.10110340524928733, 0.12385053337347149, 0.10618540493677958, 0.10263428141898567], [0.12182815883187822, 0.10801562419584038, 0.11636795589617459, 0.11310706283023307, 0.1074594324512684, 0.10093925569597884, 0.12431782061754698, 0.10560828547914504, 0.1023564040019345], [0.12146435744214511, 0.1083999900124712, 0.11593727287320646, 0.11203029329755954, 0.10827643057747645, 0.10112811619599726, 0.12385475704187197, 0.10623960291507388, 0.10266917964419815], [0.1219718232396883, 0.10777741514841307, 0.11689179252222505, 0.11330817341315592, 0.10711723237790129, 0.10082158582306333, 0.12458740846803054, 0.10532689207846224, 0.1021976769290602], [0.12170410705022774, 0.10814954246053662, 0.11611819818515966, 0.1125143030222738, 0.10783474642362308, 0.1009666921036387, 0.12437982421425468, 0.10587559295109, 0.10245699358919566], [0.12170202218813321, 0.1081878677243053, 0.11609884090064862, 0.11245391802562468, 0.10790199034075391, 0.1009998025301243, 0.12422620908368211, 0.10593256768851081, 0.102496781518217], [0.12170995635152229, 0.10816727647188568, 0.11610283773479126, 0.11247718095912067, 0.1078714846751707, 0.10098570703663295, 0.12429930398678751, 0.10590634106521443, 0.10247991171887451], [0.12169177114559472, 0.10800223938056987, 0.11624585358987333, 0.11299936626805136, 0.10753458914533776, 0.10103094936158313, 0.12436732761159848, 0.10567363110143489, 0.10245427239595649], [0.12175658848440124, 0.10796710263207424, 0.11608245072039886, 0.11265040524834496, 0.10760977361510318, 0.10089073082264119, 0.125, 0.1056836092538445, 0.1023593392231918], [0.12175792580110854, 0.10796799653781673, 0.1160946233211884, 0.11271862384254931, 0.10759958821551092, 0.10093861621674845, 0.12483762968216973, 0.10568788137683334, 0.1023971150060746], [0.12221791864904857, 0.10759195388729395, 0.1169011396340981, 0.11320476003608826, 0.10698093104821685, 0.10076701352689908, 0.125, 0.10519781331862811, 0.10213846989972712], [0.12203993580140127, 0.10796876477461045, 0.11585538767416476, 0.11232813512450848, 0.10781657918925863, 0.10103829384218382, 0.12457028557918214, 0.10584750530106313, 0.10253511271362732], [0.12195665898367823, 0.10813023701503645, 0.1156429731813993, 0.11182857641914362, 0.10819487682861656, 0.10114903395737453, 0.12425421492754073, 0.10614285200029612, 0.1027005766869145], [0.12198144892601291, 0.10790328816271359, 0.11591166663675052, 0.11254668869891508, 0.10766939834935521, 0.10104149270198198, 0.12469341890029866, 0.10574334216961155, 0.10250925545436049], [0.12207429541422012, 0.10792324607044894, 0.11583329477777805, 0.11235539695206605, 0.10777155402753395, 0.10104128202556074, 0.12465736201504785, 0.10581149428255016, 0.10253207443479416], [0.12213940868283431, 0.10761451582584432, 0.11671160241184297, 0.1130678131683726, 0.1071243244684958, 0.10092579487659575, 0.12478326757055257, 0.1053270454100652, 0.10230622758539647], [0.12214301810659489, 0.10805007024598653, 0.11568044959750949, 0.11199825469897659, 0.10807678628466494, 0.10116965681153357, 0.1241251622071101, 0.106056680563394, 0.10269992148422988], [0.12218499516584047, 0.1080281318168292, 0.11562680678979301, 0.11193376600856879, 0.10809181399174991, 0.1011756511177021, 0.12418380840506085, 0.10606375490375686, 0.10271127180069882], [0.12227610488043908, 0.1079412099179947, 0.11565292040465615, 0.1120830243908552, 0.10795778224599703, 0.10116263746215105, 0.12428821532309933, 0.10595967188760709, 0.10267843348720014], [0.12209997080750844, 0.10786344017135356, 0.11580665206556494, 0.112538830799847, 0.1076983873783449, 0.10118738407139215, 0.12437381184670976, 0.10578712177126322, 0.10264440108801602], [0.12215036856838406, 0.10785483635450102, 0.11577330363674758, 0.1124597483646797, 0.10771992267415448, 0.10116486915896242, 0.12445091780859215, 0.10579411870381124, 0.10263191473016756], [0.12236304769723251, 0.10794150945809478, 0.11545568136195798, 0.11175836956683309, 0.10812128005026915, 0.10120950925250403, 0.12431830922374788, 0.10607463923976918, 0.10275765414959141], [0.12193094471632758, 0.10783608909217594, 0.11611027112148467, 0.11274766242848928, 0.10761795515788176, 0.10130714575939828, 0.12396297092781135, 0.10575922729365063, 0.1027277335027805], [0.12234408904893017, 0.1078211937719446, 0.11562543469556566, 0.11225025495496996, 0.1078081824192617, 0.10120921004160237, 0.12439231606936525, 0.10585373887555759, 0.10269558012280271], [0.12244925557854386, 0.10787795851853062, 0.11552542005210482, 0.11198415567329373, 0.10798316069296555, 0.10123051496292756, 0.12422016224674934, 0.10597944572440922, 0.10274992655047532], [0.12254498542534258, 0.10785457123918128, 0.11527301308968925, 0.11156580124816909, 0.10815980063352101, 0.10124799828630338, 0.12445130370990096, 0.10609231657624366, 0.10281020979164879], [0.12212291661866893, 0.10780865123116676, 0.11590885940712978, 0.11258510459387519, 0.10770122834320531, 0.10138277263183612, 0.12385084763259123, 0.10582354980187751, 0.10281606973964912], [0.12213082308131852, 0.1077544337374893, 0.11591845847451317, 0.11254978897600551, 0.10768583932223799, 0.10142722393043688, 0.1238627293599103, 0.1058147090519887, 0.10285599406609948], [0.12224863964556275, 0.10763756566104109, 0.11613374052407352, 0.11263815672514857, 0.10749565960189136, 0.1013171344909222, 0.12414958584076866, 0.10565113100930862, 0.10272838650128321], [0.12262293008608341, 0.10775646759219863, 0.1149073436720985, 0.11105954142972584, 0.10832105807119664, 0.10126989184672466, 0.125, 0.10618397312203388, 0.10287879417993846], [0.12223670632182158, 0.10775311405333952, 0.11581121557107604, 0.1124708481229919, 0.10774005368976756, 0.10147233428002458, 0.12374914780710464, 0.10585852875763138, 0.10290805139624275], [0.12284684577742984, 0.10775791419498058, 0.11522939767496936, 0.11174008653108142, 0.10807764414940418, 0.10141653790169565, 0.12392690191488749, 0.10605912716402424, 0.10294554469152722], [0.1222252378403926, 0.10771338828250643, 0.11582354470883345, 0.11245045629334093, 0.10772258705638853, 0.10149724563134589, 0.12379177834936964, 0.10584649072158964, 0.10292927111623307], [0.12291128514907858, 0.10770230685698846, 0.11492930455618595, 0.11121524040885139, 0.10825086140239693, 0.10135803200945133, 0.12454101193061602, 0.10614763327885834, 0.10294432440757299], [0.12279565851217014, 0.10771623671985865, 0.11526843527778817, 0.11190966245359567, 0.10797542061722729, 0.1014469177032843, 0.12394281743684357, 0.1059937821709608, 0.10295106910827141], [0.12260382707916649, 0.10772758053443283, 0.11536577319066965, 0.11215020580430135, 0.10788747993195347, 0.10149978191118185, 0.12384091069799645, 0.10595232614088324, 0.10297211470941485], [0.12228586212277714, 0.10768637096306302, 0.1157595326140433, 0.11238354971948804, 0.10774899536221166, 0.10154852365987044, 0.1237347240029874, 0.10587000293589523, 0.10298243861966377], [0.12225486657660245, 0.10766967689146678, 0.11578570617635804, 0.11238945411616177, 0.10773296950972266, 0.10155685667583272, 0.12376408504002481, 0.10585909975360921, 0.10298728526022147], [0.12254415020755888, 0.10769760976035263, 0.1154921950680288, 0.11220452539576808, 0.10787073914053202, 0.10160643796971036, 0.12356220101286709, 0.1059609286507128, 0.10306121279446918], [0.12229579134461288, 0.1076407247083264, 0.11577210538904327, 0.11235903210536956, 0.10773004737329232, 0.1015837228033429, 0.12374750929232418, 0.10585849399138712, 0.10301257299230156], [0.12284541606352871, 0.1076734017839787, 0.11517550634393352, 0.11193831810555752, 0.10798156042910347, 0.10160147417435388, 0.12367113033188508, 0.10602484250493782, 0.10308835026272138], [0.12232884561655577, 0.10763256480912176, 0.11569613538462073, 0.11229512433417606, 0.10777400603922194, 0.10164083031447961, 0.12366205501966958, 0.10589753392092727, 0.10307290456122728], [0.12322716800734691, 0.10763051033229964, 0.11487695827389248, 0.11133346225910778, 0.10820892225553772, 0.10152418942183677, 0.12397014958076427, 0.10614399974669037, 0.10308464012252425], [0.12290834258939491, 0.10766122738089334, 0.11513030758443384, 0.11188143977305155, 0.10800593831520326, 0.10162042663108034, 0.12363801717906116, 0.10604229599777808, 0.10311200454910353], [0.12327211277122678, 0.10760013778557061, 0.11472911685322515, 0.1110866633619409, 0.10829313879233918, 0.10150686239010516, 0.12422923057724393, 0.10618880476214601, 0.10309393270620229], [0.12323126753753928, 0.10763650985258322, 0.11492927654781643, 0.1114898620110677, 0.1081712081592169, 0.10160243418225419, 0.12366136058843677, 0.10613731779956065, 0.10314076332152489], [0.12336602621842539, 0.10757561563767773, 0.11469308954606201, 0.1110834120619908, 0.10830036721454937, 0.10154950011815878, 0.1241055521632687, 0.10619330396389369, 0.10313313307597356], [0.12288554849752321, 0.10763317141298115, 0.11512998660883313, 0.11190503070271605, 0.10802213738058555, 0.10173846525310695, 0.12340316753137553, 0.10606661428547383, 0.1032158783274046], [0.1232629917931279, 0.1076130842274777, 0.11489951875111112, 0.11153404201560611, 0.10817085688172484, 0.10167889292602696, 0.12349315744575336, 0.10614217743814525, 0.10320527852102662], [0.12344062261868353, 0.10755959314974987, 0.11469523132681389, 0.11114757309626352, 0.10828584095118117, 0.10160054947715168, 0.1239107009799359, 0.10618688636295455, 0.10317300203726586], [0.12306931151971019, 0.10760913832446989, 0.11495541983330385, 0.1117483343520314, 0.10810079017430266, 0.10177002453642257, 0.12337121221603432, 0.10611274521212852, 0.10326302383159659], [0.12298069651279807, 0.10761114473815726, 0.1150318711797492, 0.11181884628931267, 0.10807397190861624, 0.10178981840800062, 0.12332091176392644, 0.10610033493409605, 0.10327240426534344], [0.12309467677951576, 0.10760073927539701, 0.11492617610448264, 0.11172515007654499, 0.10811783853176958, 0.10179468790562246, 0.12332788285989395, 0.10612479038927823, 0.1032880580774954], [0.1236076021870684, 0.10750493413061363, 0.11453596693070665, 0.11096578649963403, 0.10836668317898751, 0.10165647562128494, 0.12388952896905189, 0.10623024156459537, 0.10324278091805743], [0.12287030835009284, 0.10759912881695041, 0.1151505864323794, 0.11188086500347964, 0.10806007308448047, 0.1018559830224823, 0.1231593691114896, 0.10609978524352179, 0.10332390093512353], [0.12342172545197941, 0.10755305093748138, 0.1147360373465086, 0.11143007132683003, 0.10824994875789401, 0.10182430945858516, 0.12323952573428709, 0.1061967639713117, 0.10334856701512261], [0.1237990401287801, 0.11135017943331765, 0.11456264118206555, 0.10931026325558328, 0.11200837115174853, 0.10213416123093422, 0.11325528157849575, 0.10974284659121411, 0.10383721544786083], [0.12387499543081097, 0.11133687716111382, 0.11448627461285459, 0.10923160641983466, 0.11206348123452389, 0.10217088899826332, 0.1131678894139583, 0.10978937147959003, 0.10387861524905044], [0.1232343272964277, 0.11119295978488636, 0.11492516495659272, 0.10971480993403976, 0.11168467846528993, 0.10198999584990495, 0.11414957050946745, 0.10941807332422573, 0.10369041987916543], [0.12306851384058307, 0.11108715367467428, 0.11521494591708775, 0.11004830145974794, 0.11137973137251607, 0.10180069329586675, 0.11478164955918804, 0.10912546712633818, 0.10349354375399793], [0.12429543590219444, 0.11112821486818221, 0.11395757103773033, 0.10869727243801387, 0.11242206584568216, 0.10244758821601199, 0.11278929436002116, 0.1100634083361992, 0.10419914899596464], [0.125, 0.11113192980226547, 0.11335582806171512, 0.10807514057526454, 0.11288462724836726, 0.10272429032512372, 0.11184299056649279, 0.11048828094242681, 0.1044969124783443], [0.12358767953242498, 0.11099515420063592, 0.11441365228257049, 0.10919434598619683, 0.11203489914598827, 0.10226992672051266, 0.11380516222401015, 0.1096851195036379, 0.10401406040402296], [0.12361014661877937, 0.11094812668364207, 0.11433551920319955, 0.10911880046627792, 0.11208557209472883, 0.10231961542128169, 0.11379051383759888, 0.10971981182740413, 0.1040718938470876], [0.12276221833441245, 0.11078019530309788, 0.1149593603254717, 0.10986016859322388, 0.1114971410838287, 0.10202535211929227, 0.11519194163817632, 0.10916879893532053, 0.10375482366717613], [0.12368713909373787, 0.11086529078172616, 0.11415468648716018, 0.10894053401515415, 0.1122116445427067, 0.10243149792330196, 0.11369522457364727, 0.10981371540304231, 0.10420026717952342], [0.12294185655314684, 0.1106916902222901, 0.11477203106533146, 0.10966825460556259, 0.11160832902877836, 0.10211604859169102, 0.11509127254173887, 0.10924729185489725, 0.10386322553656367], [0.12308465503634498, 0.11072176083414338, 0.1145794120930339, 0.10944570378490028, 0.11179962458993557, 0.10223531652957193, 0.1147206037446472, 0.10