[[0.1145892902902179, 0.11506834582039888, 0.12089525318108893, 0.10497978164817169, 0.10105953367562137, 0.12354076516236467, 0.09861081889563462, 0.10329556111112831, 0.11796065021537364], [0.11515369597919385, 0.11469631361978229, 0.12165479827488951, 0.1046282989534986, 0.10014968118003173, 0.1248655150602071, 0.09770382200875917, 0.10266186802268579, 0.11848600690095197], [0.11461353584245103, 0.11496046518710451, 0.12074310424331924, 0.10506487716686155, 0.10113449149457307, 0.12347333797836528, 0.09880698418018599, 0.10335957671574447, 0.11784362719139482], [0.11473233575241928, 0.11492050095941951, 0.1207378603582935, 0.10501576688896143, 0.10098473458041832, 0.12374473869184109, 0.09865311742419067, 0.10326030335814286, 0.11795064198631335], [0.11520569748955624, 0.11458657159328997, 0.12166256782308088, 0.1046349960946819, 0.10010124449064088, 0.125, 0.09773119146050134, 0.10263047912890715, 0.11844725191934165], [0.11511266296861428, 0.11461688336237445, 0.12141165488097648, 0.10475442989705844, 0.10032484970887648, 0.12467541360683294, 0.0980220995159955, 0.10279369208333129, 0.11828831397594013], [0.11470241177756266, 0.11487824544098325, 0.1206233055727529, 0.10509046034419382, 0.10109449639410262, 0.12358939543211149, 0.0988351177135469, 0.10334317360437659, 0.11784339372036975], [0.11477597922594368, 0.11474276474076935, 0.12063456809223835, 0.10509858676609829, 0.1010256021341682, 0.12374756614981648, 0.09886448416795267, 0.10329949802001397, 0.11781095070299902], [0.11445136352760425, 0.11473433955238657, 0.12042460074645124, 0.10525217225372975, 0.10143161133464595, 0.12336733509498396, 0.09936514952248982, 0.103568026122248, 0.11740540184546064], [0.11503631457647617, 0.11449555933862347, 0.12095330466293594, 0.10503021989942772, 0.10071254943561293, 0.12407589953093445, 0.09866940985928473, 0.10309186263784485, 0.11793488005885994], [0.11549953270714361, 0.11421426703727947, 0.12163707772778949, 0.10487438811662851, 0.10016347700877315, 0.12442665751023564, 0.09815451174904466, 0.1027319695835141, 0.1182981185595916], [0.11451362575348828, 0.11464270678743445, 0.12030332819820214, 0.1052805202940377, 0.10140710008596539, 0.12350042952116207, 0.09942098756886093, 0.10355931264997463, 0.1173719891408744], [0.11536157513160986, 0.1142442911245463, 0.121375115342408, 0.10494176805193262, 0.10033915438461288, 0.12438051431393239, 0.09837827144607988, 0.10284801992273365, 0.11813129028214442], [0.11522714950933202, 0.11425716399180731, 0.12106848748534983, 0.10505501419687362, 0.10057152911332537, 0.12418812796838433, 0.09869106725410351, 0.10301120786621333, 0.11793025261461064], [0.11588991040397356, 0.11393993704542764, 0.12189727883828348, 0.10500208079880519, 0.10004832557696544, 0.12388774417617512, 0.09822556478180852, 0.10271132293567463, 0.11839783544288632], [0.11492954062106525, 0.1143629014977374, 0.1206198414225721, 0.10512612225507051, 0.10086883492322554, 0.12424415351736706, 0.0989876455615819, 0.10319713383028, 0.11766382637110026], [0.11577886097737972, 0.11395903759075611, 0.12172571617813815, 0.10501869744545114, 0.1001352140975902, 0.12399815367719712, 0.09833930590297683, 0.10276022534131124, 0.1182847887891995], [0.11556590732150802, 0.11403550716154276, 0.12143743479905098, 0.10504269152974179, 0.10030429939635711, 0.12412994018299531, 0.09851732140988656, 0.10285698253959773, 0.11810991565931975], [0.11446331768245609, 0.11445146618031657, 0.12034923431860624, 0.1053614699334285, 0.10149556098161695, 0.12343486600482532, 0.09968699272534005, 0.10362113738030045, 0.11713595479310983], [0.11547277486567538, 0.11405437368957155, 0.12126266657901937, 0.10509216813504227, 0.10042738588282246, 0.12407782453966877, 0.09867541110479243, 0.10293934895513038, 0.11799804624827735], [0.11500577570052833, 0.11417674826705004, 0.12077503844185819, 0.10510941846962195, 0.10074953280460157, 0.12447563042091826, 0.0989881722162462, 0.10311277541712312, 0.11760690826205253], [0.11542091135730102, 0.11403864890857685, 0.12116247422464381, 0.10510298764419321, 0.10046628275946304, 0.12418081276139697, 0.09874229574732542, 0.10296079183217523, 0.11792479476492448], [0.11442241428002932, 0.114424017114758, 0.12035036513581623, 0.10539518740331663, 0.1015593111398828, 0.1233378196911922, 0.09978571776617075, 0.10366554535759243, 0.11705962211124162], [0.11525647875340422, 0.11403344544349041, 0.12093873529895745, 0.10510551778033755, 0.10056033039127572, 0.12447986869533333, 0.09886948724951414, 0.1030055529301359, 0.1177505834575513], [0.11503102330088393, 0.11407450771984325, 0.1208870854515404, 0.10509834456928711, 0.10069088811554176, 0.12459432747223372, 0.09899578029472, 0.1030689302337355, 0.11755911284221429], [0.11472619844582674, 0.11417206340237444, 0.12075506546754623, 0.10522184547160944, 0.10106509075565379, 0.12409123661342632, 0.09938757520002711, 0.10331740804783007, 0.11726351659570586], [0.11454021363711005, 0.11426398120563867, 0.1205843845183184, 0.10533355155717136, 0.10135621294204501, 0.12363801265057861, 0.09967130808229001, 0.1035209809250112, 0.11709135448183669], [0.11572434352068, 0.11381528566007447, 0.12135327944050248, 0.10519428688159425, 0.10035847315435881, 0.12383680697378606, 0.09879267654129247, 0.10292988736013975, 0.11799496046757169], [0.11529815927018619, 0.11389786979714514, 0.12109725321607495, 0.1051079820654859, 0.10050135355845073, 0.12454500365875422, 0.09890550873217643, 0.10296438032501702, 0.11768248937670937], [0.11467654545735517, 0.11414021976184563, 0.12077569809655425, 0.10525751747039458, 0.10113411548201495, 0.12397873640192783, 0.09949972319888616, 0.10336445516901899, 0.11717298896200241], [0.11487721578593528, 0.11402583274977661, 0.12094039628819, 0.1051500154193557, 0.1008361096819193, 0.12445278106714303, 0.09921895879867794, 0.10315804200811025, 0.11734064820089185], [0.11505772602979278, 0.11392361823559083, 0.12105249022017896, 0.1050838065701378, 0.10061250632672249, 0.12476722187490573, 0.09901717004342799, 0.10300900684133227, 0.11747645385791115], [0.11521722827966742, 0.11385183898532851, 0.1211450424072175, 0.10508950900477794, 0.10050871569080037, 0.12470936088572464, 0.09894855571223123, 0.10295443232661013, 0.11757531670764224], [0.11440471649043721, 0.11422541588694139, 0.12053037340781127, 0.10544644638224346, 0.1015828320528555, 0.12327364039492407, 0.09997712588594304, 0.10368134986911819, 0.11687809962972588], [0.1147302371866237, 0.1140128250581861, 0.12093305241677606, 0.10524181931971187, 0.10104350915177152, 0.12410676311469974, 0.09949209783983481, 0.10330011654779038, 0.11713957936460585], [0.11443171059043893, 0.11416715931630961, 0.12060846713909582, 0.1054372679147912, 0.10153635086015073, 0.12333363521214907, 0.09996967389501386, 0.10364832714428639, 0.11686740792776461], [0.1154124282729411, 0.11366528951349544, 0.12138947575837522, 0.10514442954670658, 0.10041870439440609, 0.12446724218252402, 0.09899658208286043, 0.10291759263317601, 0.11758825561551514], [0.11509983316354351, 0.11372224240877749, 0.12127355241440126, 0.10506388790140796, 0.10050281539382229, 0.125, 0.09903928738359614, 0.10292638132216606, 0.11737200001228534], [0.11479701176010765, 0.11391211920315701, 0.12106351604229995, 0.1052153376387228, 0.1009384119253892, 0.12426039140375154, 0.0994436595234708, 0.10322645122317121, 0.11714310127992981], [0.11601679752179561, 0.1135031946016929, 0.12159381301622055, 0.10532207486930888, 0.10028103222936621, 0.12346013148097704, 0.09895601177017897, 0.10292122484149689, 0.11794571966896296], [0.11525335088697457, 0.11365070400520567, 0.12139637179840639, 0.10510685336133556, 0.10045269236780084, 0.12473834910587667, 0.09904500459701615, 0.10291469380894808, 0.11744198006843612], [0.1157208048545371, 0.11351904203817224, 0.12155091661718992, 0.10524618887644335, 0.10034256652319232, 0.1239640593072263, 0.0990292253901732, 0.10291429971252206, 0.11771289668054348], [0.11545082564058241, 0.11356660925292476, 0.12152025772064852, 0.10516550853876099, 0.10039638747633062, 0.12440696824643233, 0.09905257165657441, 0.10290640128640853, 0.11753447018133767], [0.11467531864429942, 0.1138674448208662, 0.12107359986759818, 0.10531591250570402, 0.10113364928171763, 0.12389936303846272, 0.09972726885821251, 0.10336388784831328, 0.11694355513482584], [0.1152365515792642, 0.11343209330611698, 0.1217019714854368, 0.10516492316828562, 0.10047410047064624, 0.12457663130698941, 0.09926151135160283, 0.10292905047707052, 0.11722316685458739], [0.1144139110377457, 0.11389983400794894, 0.12084151575264516, 0.10552776331936825, 0.10159049039820042, 0.1231541584606947, 0.10026019510113347, 0.10369056466671508, 0.11662156725554847], [0.11614022084663288, 0.11302833493001715, 0.12211086789902047, 0.10532448549965431, 0.10007574436634309, 0.12381478781516204, 0.09907385259912795, 0.10277518798871553, 0.11765651805532659], [0.11620680552626085, 0.11299032299833958, 0.12214277071740048, 0.10533431674256946, 0.10004269056760719, 0.12378446362927961, 0.09905714436291625, 0.10276080921470036, 0.11768067624092597], [0.1145219083354275, 0.11379918981764538, 0.12103905683547733, 0.10546449381067831, 0.10140722121949228, 0.1234038693642547, 0.1001236525531148, 0.10356048911108416, 0.11668011895282554], [0.11591662968051565, 0.11313927465932996, 0.12200324816228399, 0.10530910705018345, 0.10020614431318164, 0.1238686280623643, 0.09916829222889711, 0.10283947263596986, 0.11754920320727404], [0.11550195240065075, 0.11327886035660671, 0.12192397997482413, 0.10523435192057067, 0.10037273074905065, 0.12420482475136509, 0.09927136305868964, 0.10289682399808593, 0.11731511279015643], [0.11606117039574511, 0.11301143187579159, 0.12213732188971853, 0.1053127704065139, 0.10009589783691493, 0.12390994740243125, 0.099119834566367, 0.10277660205116981, 0.1175750235753479], [0.11487722334232191, 0.11353969177526804, 0.12152815921758392, 0.10527410726844419, 0.10085853871183592, 0.12417146118895621, 0.09966104161982119, 0.10317686394066429, 0.11691291293510432], [0.1145908116814134, 0.11371808344558645, 0.1211763489968796, 0.10543280446215679, 0.10129748718640721, 0.12354148630469747, 0.10005839008482259, 0.10348353596530048, 0.11670105187273602], [0.11541836436243111, 0.11319214657734988, 0.12205643673851603, 0.10525097330592725, 0.10041374871798577, 0.1241944114225426, 0.09939891248219253, 0.10291496474917088, 0.11716004164388398], [0.11551102716110845, 0.11314037986993611, 0.12212798622787496, 0.10527488990970178, 0.10037850941744053, 0.12407093231534505, 0.09940033896516234, 0.10290386156822923, 0.11719207456520135], [0.11581192230245363, 0.11294070729177795, 0.12226356773687239, 0.10529099173932274, 0.10017545377696484, 0.12412762647607654, 0.0992962930181509, 0.1027947206010607, 0.11729871705732033], [0.11529257574070215, 0.11318339307245495, 0.12206875833020274, 0.1052577963955524, 0.10048968010324973, 0.1242169780580312, 0.09950298711537388, 0.10295367155251021, 0.11703415963192276], [0.11596842654508288, 0.11283798289128545, 0.12232462547900551, 0.10529598453948551, 0.10006745956734739, 0.12418358377494984, 0.09923188564633532, 0.10273595692888557, 0.11735409462762253], [0.1151800779541925, 0.11321429270117052, 0.1220155959404817, 0.10526673583623371, 0.10057423277043408, 0.12421301166225, 0.09958362057470604, 0.10300185273244097, 0.11695057982809047], [0.11469742781337151, 0.11349914828780305, 0.12148112935143288, 0.105427842956642, 0.1011588235942776, 0.12362442889875852, 0.1000759720338173, 0.10339090929021079, 0.11664431777368633], [0.11583175849134808, 0.11286660001119454, 0.12233728119997095, 0.1052875417100699, 0.10013698896655404, 0.12420851611624109, 0.09930599826466087, 0.10276714419258255, 0.11725817104737798], [0.1150789508863586, 0.11324779378474008, 0.1219533563415912, 0.10528807658364919, 0.10067042953405109, 0.124149015223136, 0.09967731801600857, 0.10306183104884115, 0.11687322858162395], [0.11503585205248623, 0.11325273456154765, 0.12193655518349215, 0.10530620500417295, 0.10072076143274154, 0.12408627572926109, 0.09973754950054552, 0.10309519183673295, 0.11682887469901992], [0.11495389448764771, 0.11329677261780559, 0.12185396169980031, 0.1053311742990929, 0.10081507861460488, 0.12399743835999087, 0.09981924504389116, 0.10315721064553901, 0.11677522423162735], [0.1147876655186251, 0.11338177959897208, 0.12166936146163193, 0.10540714474112586, 0.10104062154210701, 0.12372052402114399, 0.100030546630127, 0.1033113716771249, 0.11665098480914213], [0.11541638095957867, 0.11299916126847537, 0.12231714619818844, 0.10528921934737713, 0.1004047109122361, 0.1241245166002303, 0.09955276658779502, 0.10290837164452131, 0.11698772648159765], [0.11516092493511515, 0.11313678205967227, 0.12212135930116162, 0.10530826205394972, 0.10061583074925028, 0.12406366331641425, 0.09970630487249453, 0.10303320874860358, 0.11685366396333838], [0.1147264528326394, 0.1133896551092587, 0.12161627066157008, 0.10545183667416665, 0.10113936591457295, 0.12356671862615724, 0.10014765868974516, 0.10338135913021265, 0.11658068236167717], [0.11555697603548828, 0.11287252734019491, 0.12244735573394325, 0.10528260537561963, 0.1002789915689596, 0.1242177814588005, 0.09949348260569697, 0.10283217022696232, 0.1170181096543345], [0.11523303729320986, 0.11306636945917685, 0.12223211938130259, 0.10531922381509894, 0.10056748182301908, 0.12400730562871562, 0.0997072423739724, 0.10300756873775534, 0.11685965148774936], [0.11510832587911411, 0.1130894554019578, 0.12217227634080684, 0.10535078841924288, 0.10068706329732192, 0.12391936976560167, 0.09984003700536963, 0.10308261139425622, 0.11675007249632875], [0.11498362130197762, 0.11313768158421644, 0.1220617180867354, 0.10539019105064563, 0.10082622426996521, 0.12379597878866959, 0.09997498122768804, 0.10317364430181104, 0.11665595938829104], [0.11524137987036835, 0.11283777096807086, 0.12248190546593843, 0.10531400476845973, 0.10048762331166887, 0.12421481114195616, 0.09979127039191368, 0.10294359571159248, 0.11668763837003147], [0.11478780579644018, 0.11314766338125182, 0.12191054774018525, 0.10551996826546894, 0.10111748344615464, 0.1233751110526598, 0.10033469027784467, 0.10337755589054437, 0.1164291741494503], [0.11489046636157775, 0.11298936704072476, 0.12214191105149225, 0.1054939511180881, 0.10097881907560648, 0.12352388110136575, 0.1002951462686813, 0.10328163358306945, 0.11640482439939417], [0.11594636151315199, 0.11215040359467016, 0.12310593800127498, 0.10524288974886749, 0.09981540610862201, 0.12499999999999997, 0.09946930385483717, 0.10251879617350283, 0.11675090100507321], [0.11495279714442182, 0.11290755235259041, 0.12226721845874962, 0.10546424297993744, 0.10087950752731191, 0.1236719677913392, 0.10023742602529623, 0.10321112600964243, 0.11640816171071094], [0.11589924356622562, 0.1120667677801786, 0.1233065249433559, 0.10528518496918189, 0.09987482187785184, 0.124771902727657, 0.09962767693909126, 0.10255766639444282, 0.1166102108020151], [0.11486974114194928, 0.11287337191083778, 0.1222125499112349, 0.10553676672876458, 0.10101874090251513, 0.12346560404565253, 0.1004427531321606, 0.10330972499132692, 0.11627074723555851], [0.1155336921899951, 0.11222572910306511, 0.12317151110044328, 0.10522728080471956, 0.10004077684644448, 0.125, 0.09970909840041545, 0.10262627011884155, 0.1164656414360755], [0.11526073963557357, 0.11247596431625877, 0.12287268073504196, 0.10533656916917263, 0.10041066554424805, 0.12438577422389512, 0.09999229017417764, 0.10288061234866241, 0.11638470385296988], [0.11551202762628626, 0.1122067924257556, 0.12320654921365769, 0.10524663111936279, 0.10007371024469632, 0.12491452215505207, 0.09977064563232893, 0.10264910302304087, 0.11642001855981965], [0.11489630213253574, 0.11276393767050855, 0.12232413700903258, 0.10554489034547307, 0.10098436859216792, 0.12350752510530863, 0.10049172182699892, 0.10328584764171084, 0.11620126967626394], [0.1151721126134132, 0.11236918641796799, 0.12292595036097204, 0.10543549144794655, 0.10056583823021802, 0.12408288140400847, 0.10028858226642152, 0.10299120770447526, 0.11616874955457696], [0.11524227731058749, 0.11227324917565801, 0.12307019363381648, 0.105413182528054, 0.10046867044125124, 0.12420524770142982, 0.1002434744305633, 0.10292396427576071, 0.11615974050287894], [0.11501046273860425, 0.1124858490831855, 0.12266090025873952, 0.10553724896332778, 0.10082988798947275, 0.12368734361503553, 0.10053193505659004, 0.10317902542351982, 0.11607734687152478], [0.12090521376568913, 0.10505645731440721, 0.10307941102863108, 0.12302880377779231, 0.11235139456675547, 0.09497008509430777, 0.12276663031282278, 0.11625580256220772, 0.10158620157738653], [0.11909172938833044, 0.10550541515319735, 0.10363634412823719, 0.12256323915121012, 0.11187150134001257, 0.09514276098562828, 0.12390530379649328, 0.11631422040014679, 0.10196948565674413], [0.1199766580745964, 0.10533864158073451, 0.10343371750354015, 0.12241628417924315, 0.11214063507952472, 0.09514801751352332, 0.12337871818819339, 0.11632220583024698, 0.10184512205039736], [0.1209364638554701, 0.10503757942703917, 0.10310170668985782, 0.1229913182814422, 0.11230573261521844, 0.09500690014466281, 0.1228398146671721, 0.11619980977222158, 0.10158067454691573], [0.1209204273016342, 0.10504355969493127, 0.10313946071996186, 0.12294515175557398, 0.11227143180874416, 0.09505029243191838, 0.12286491735965309, 0.11616873552693303, 0.10159602340064988], [0.12124418581961825, 0.10484353352587275, 0.10295268374011607, 0.12303553191326237, 0.11222610533701761, 0.09490450592880724, 0.12313626776984907, 0.11625263968193461, 0.10140454628352215], [0.11968064132171503, 0.10538727902913629, 0.10364431602137904, 0.12227195616256498, 0.11190068038947168, 0.09532614084254835, 0.12370426918746212, 0.11615886497713053, 0.10192585206859212], [0.1188177358715468, 0.10555673246703177, 0.10389728494348342, 0.12231750546506814, 0.11159112376348443, 0.09539035660247397, 0.12426911859173007, 0.11608905512030478, 0.10207108717487674], [0.12103630594414429, 0.10495456596956548, 0.1032549737631902, 0.12272523407413338, 0.11204139907484081, 0.09523643325088635, 0.12320801228476518, 0.11597002234881386, 0.10157305328966032], [0.12058015283648839, 0.10515883666709555, 0.10356958626834928, 0.12242309497492171, 0.11192074336925349, 0.0955071973684199, 0.12315045870061432, 0.11589189122598732, 0.10179803858887009], [0.12065632807112424, 0.10511906042470458, 0.10359602458155484, 0.12237615607992264, 0.11185625474858028, 0.09556864987099493, 0.12324757155442206, 0.11579724254356528, 0.10178271212513125], [0.12224741859226232, 0.104284242891363, 0.10261718384253693, 0.12270818595957651, 0.11190752241298887, 0.09479876794100459, 0.12410079426636132, 0.11638747407694312, 0.10094841001696335], [0.11959919446866303, 0.10541305433478741, 0.10403416448592157, 0.12182044471263687, 0.1115431432095465, 0.0958110268524885, 0.12393437713615772, 0.11577677639907237, 0.10206781840072598], [0.11859892041831735, 0.1055573719459076, 0.10435406880960467, 0.12196813892763213, 0.11096781116607078, 0.09582324175416725, 0.12500000000000003, 0.1155509307494342, 0.10217951622886613], [0.11934944309039304, 0.10545965793944868, 0.10418744298793643, 0.12173298572175432, 0.11138344863981249, 0.09593616342910138, 0.12414317051751475, 0.11567285120029647, 0.10213483647374252], [0.12110841749410908, 0.10487534806329503, 0.103433833713323, 0.12240038124020454, 0.1117622103778658, 0.09551031401423951, 0.12358780035994069, 0.11574177674387244, 0.10157991799315004], [0.12211906687140767, 0.10431146022973616, 0.1027870438104902, 0.12249985058447754, 0.1117551659061369, 0.09500005223420466, 0.12431787570847197, 0.11619061207743368, 0.1010188725776412], [0.12102963934810804, 0.10492115336711536, 0.10351882414281247, 0.1223343555720707, 0.11173157980280693, 0.09559929090253279, 0.12355164290441606, 0.11567579633906928, 0.10163771762106837], [0.11951303022156583, 0.10544986471995715, 0.1042762069056698, 0.12157147214528896, 0.11135166993452261, 0.09611053187111576, 0.12398223337683657, 0.11557281386420831, 0.10217217696083497], [0.11906020474354019, 0.10552567906467188, 0.10440421814455841, 0.12158266717607448, 0.11118308713704989, 0.09613459563354577, 0.1243463659426537, 0.11552725577571113, 0.10223592638219467], [0.12218243370499034, 0.10425744543062428, 0.10284224027935254, 0.12229914615934259, 0.1116354135971666, 0.09512034654973506, 0.12454778604772447, 0.1161071792409571, 0.1010080089901068], [0.12152442099275731, 0.10458693279495346, 0.10329531784395667, 0.12220939086793993, 0.11155843219924613, 0.09549722964699298, 0.12422355008862036, 0.11575076598867697, 0.1013539595768562], [0.11986921337321055, 0.10533766974860537, 0.10427202265869683, 0.12153357426403191, 0.11131508240965272, 0.09623284281988087, 0.12391079967382744, 0.11541206655226131, 0.10211672849983303], [0.12008221487138358, 0.10524949735727285, 0.10415971555792991, 0.12165041741517636, 0.11135370437634871, 0.09615526542946516, 0.12392531266678053, 0.11539493845974304, 0.10202893386589984], [0.12121316759567011, 0.10477333064501705, 0.1035554434424116, 0.1221029973359378, 0.11152315540110803, 0.09573898227305631, 0.12395992384010573, 0.11557451302257814, 0.10155848644411526], [0.1192654249373293, 0.10552343807618557, 0.10458502251134043, 0.12141085681917436, 0.11096845941370283, 0.09633554680472, 0.12430424568649162, 0.11532246206755446, 0.1022845436835013], [0.12233253310068648, 0.10419249185043251, 0.10284786703548172, 0.1221292785980343, 0.1115700652117447, 0.09520792344832399, 0.12463017010943149, 0.11610764867614885, 0.10098202196971595], [0.1206505217311107, 0.10505116785740436, 0.10393452768706098, 0.12187789460436838, 0.11143938347138843, 0.09605261246947033, 0.12382941306929016, 0.11531323018957856, 0.1018512489203281], [0.11928795938589264, 0.10556036017408048, 0.1047529309737989, 0.12148927917482902, 0.11064616739672124, 0.09636942779122713, 0.12442526314431965, 0.11514781300259863, 0.10232079895653243], [0.11942963678212584, 0.10551067860504795, 0.1045952327457475, 0.12126560385590662, 0.11110555477976529, 0.09649372102544368, 0.12396115234376473, 0.1153219060900451, 0.10231651377215327], [0.12015010902502564, 0.1052044647426301, 0.10418429055834424, 0.12159958979014947, 0.11128818542804471, 0.09622039950690803, 0.12404683813417286, 0.11529571273624656, 0.10201041007847841], [0.12213653312082604, 0.10424018107388751, 0.10297267635386398, 0.12205235123135148, 0.1114812798806106, 0.09531853260001126, 0.12480098058752598, 0.1159527808585482, 0.10104468429337495], [0.1205594891513799, 0.10506955860203106, 0.10401020130208576, 0.12178127503926221, 0.1113720046296757, 0.09612944550937368, 0.12393159938934735, 0.11526203044287915, 0.1018843959339651], [0.11939128497115979, 0.10555268195979212, 0.1047899800305654, 0.1214095943526345, 0.11063099150651547, 0.09644260580718227, 0.12434420821211754, 0.11510520493561897, 0.10233344822441381], [0.11976275125621037, 0.10534638316570788, 0.10443221985641554, 0.12132933913146958, 0.11115444157943577, 0.09642595480445647, 0.12412578876335434, 0.11525122308184092, 0.10217189836110922], [0.1220560118722526, 0.10425613024646588, 0.10304703044604877, 0.1219714551145286, 0.11141957625848124, 0.09540380309158127, 0.12490089520293755, 0.11586719301724861, 0.10107790475045549], [0.12198057900936207, 0.10427002380003046, 0.10311968549717025, 0.12188773977047535, 0.1113581018838441, 0.09548970744334047, 0.125, 0.11578436182645085, 0.10110980076932646], [0.12032439909155071, 0.10511456094151803, 0.10421653579441298, 0.12151674262600047, 0.11118665742462779, 0.09634604071491025, 0.12420954086054709, 0.11511267270894211, 0.10197284983749069], [0.11971220469150005, 0.10536738817997084, 0.10458141732636603, 0.12113008085385114, 0.11100740963707888, 0.09658800233047089, 0.12426406190015236, 0.11512071821496295, 0.10222871686564683], [0.11962358697729512, 0.10560610755703276, 0.10505565565337523, 0.12127104101377749, 0.11035353937833998, 0.0966932932815317, 0.12408059853008357, 0.11487697650242135, 0.10243920110614271], [0.1217233447453386, 0.10442194167315365, 0.10335235074995625, 0.12182663159902138, 0.11131659240522493, 0.09571346058562186, 0.12473213214800409, 0.11563099352200165, 0.1012825525716776], [0.12016069318839016, 0.1051564018622311, 0.1043210194292375, 0.12139189765863147, 0.11110635380501493, 0.09643616518389247, 0.1243319038968601, 0.11506814261637723, 0.10202742235936516], [0.1197369277857358, 0.10554266535831965, 0.1049536496846115, 0.12115589938319905, 0.1105225051759859, 0.09670502466622558, 0.12405910964044288, 0.1149317482663992, 0.10239247003908046], [0.11953627052177553, 0.10576901323225818, 0.10535872890922414, 0.12130458725825251, 0.11006105608505655, 0.09687454736396214, 0.12375566752709359, 0.11472507324095536, 0.10261505586142211], [0.11993967741562142, 0.10522872501542907, 0.10444273546033596, 0.12126063514792407, 0.11103601806025921, 0.09652502267261695, 0.12440870072248197, 0.11505308012113144, 0.10210540538419992], [0.12122918440010662, 0.10472616642715069, 0.10378224313720244, 0.12170629437778628, 0.1112638563860294, 0.09611167744616365, 0.12420757543039224, 0.11535616199813548, 0.10161684039703321], [0.11974004248588098, 0.10571355247488952, 0.10536534209632378, 0.12117179645870814, 0.11005788878724043, 0.09695107633653838, 0.12374616381163649, 0.11466382567218708, 0.10259031187659522], [0.1198376040996239, 0.10562397020726888, 0.10522060248046002, 0.12111767545111422, 0.11020801910607396, 0.09688967313861138, 0.1238734656128385, 0.11472561649553567, 0.10250337340847336], [0.12212382959124181, 0.10429837673151923, 0.1032914945650866, 0.1215962163220393, 0.11130563271611173, 0.0958463402991301, 0.12452268466899649, 0.11578804827310227, 0.10122737683277247], [0.12170373211210402, 0.1044426421634596, 0.10349567435975077, 0.12162981164410439, 0.11122586830875268, 0.09594193432747866, 0.12465989885796912, 0.11554279700158634, 0.10135764122479446], [0.12001433893428794, 0.10553556549050874, 0.10508524515157383, 0.1209521521646937, 0.11043448583671105, 0.0969171854468516, 0.12382809395804348, 0.11479194590355125, 0.10244098711377828], [0.1199990045633653, 0.10517629948124685, 0.10452649078115171, 0.12111451096085246, 0.11090260020249744, 0.09667486063477038, 0.12462714390465182, 0.11487664629819917, 0.10210244317326496], [0.1214497067438986, 0.10458728244174373, 0.10372568432163391, 0.12155063037231273, 0.11117562988556505, 0.09616349632302967, 0.12443904092840435, 0.11538416573357668, 0.10152436324983526], [0.12007668420380425, 0.10523211477614307, 0.10465187949088978, 0.1209129344309417, 0.11076291409911157, 0.09672870633952664, 0.12464865747285939, 0.11482826411778954, 0.10215784506893431], [0.12007100109397692, 0.10557276999581804, 0.10522463296559374, 0.12094065192765137, 0.11025320894427347, 0.09700370865496859, 0.1237651204150248, 0.11467690374234794, 0.10249200226034522], [0.12017008001512089, 0.10518039681230086, 0.1046485161938596, 0.12087816403436417, 0.11071237253130056, 0.09675757454334356, 0.12477902862095784, 0.11474909629672081, 0.10212477095203168], [0.12012335945092928, 0.10512882261531681, 0.10454262545935859, 0.12107963332465896, 0.11086790744794613, 0.09676271956986265, 0.12462655466946408, 0.11477987190132746, 0.10208850556113605], [0.12014624053388702, 0.10562932668308456, 0.10542758907711428, 0.12088634233584662, 0.11001389396715439, 0.09714882325430718, 0.12366031129068021, 0.11451375609173382, 0.10257371676619191], [0.12056221733731269, 0.10502752852671123, 0.10437348484090078, 0.1212701303846209, 0.11101471428236932, 0.09670620017013128, 0.12419780341575039, 0.11484930287649427, 0.10199861816570917], [0.12012303681609934, 0.10566441971445507, 0.10552049851337311, 0.12088170726464906, 0.1098929726299315, 0.09719418987059247, 0.12366602868432154, 0.11444379623278834, 0.1026133502737894], [0.12152710292350376, 0.10453864748440901, 0.10375431502162447, 0.12140236394790944, 0.11110948429599218, 0.09627474998640062, 0.12450981917909977, 0.11536701558436409, 0.10151650157669666], [0.12033119634513652, 0.10536883066552, 0.10500208606573685, 0.12058149514664117, 0.11045387678318472, 0.09700064533107099, 0.12427748099191979, 0.11465249726815575, 0.10233189140263409], [0.12033541950592058, 0.10541475603091482, 0.10508172401508944, 0.12063559584990595, 0.11038447876242817, 0.09704104065768698, 0.12409857455148286, 0.11463062092840717, 0.1023777896981641], [0.12034172480773878, 0.10539176484840242, 0.10504720057772966, 0.12060528008401923, 0.11041232022825405, 0.09702604185599631, 0.1241837677263629, 0.11463580376124212, 0.10235609611025452], [0.12046314138630608, 0.10505760691218907, 0.10450894258943438, 0.12111866517501292, 0.11092041854549975, 0.09687863504639822, 0.12425772566470404, 0.11472931595121803, 0.10206554872923754], [0.12037164326007974, 0.10510636320914325, 0.10468901943462829, 0.12074271209574951, 0.11057624418225365, 0.09684148803652531, 0.12500000000000003, 0.11458471464948684, 0.10208781513213352], [0.12037540467602022, 0.10509902488656002, 0.10466855968203662, 0.12082205049731594, 0.11064987602245994, 0.09688557406481198, 0.12481027906308989, 0.11459454887064, 0.1020946822370654], [0.12172309614303817, 0.1043645734980946, 0.10364026952939373, 0.1211955405702692, 0.11101797089852714, 0.09627431717208332, 0.12500000000000003, 0.11539964412158923, 0.1013845880670048], [0.12073315805305114, 0.10523733795489981, 0.10506074522679515, 0.12030881316217686, 0.11029585319553435, 0.09719537546431331, 0.12450136905737352, 0.11438879766867843, 0.10227855021717752], [0.12070217768868487, 0.1054530728458435, 0.10552797074028547, 0.12043156519448386, 0.1097383239775793, 0.09736398067909977, 0.12413586180807565, 0.11415805030777842, 0.10248899675816919], [0.12065492197106664, 0.10509465397181701, 0.10482234092638028, 0.12061291476085062, 0.11050086864632318, 0.09710560822311375, 0.12464305400165035, 0.11441864247717971, 0.10214699502161827], [0.12076943274418239, 0.10517412644527199, 0.1049980140954368, 0.1203678020701861, 0.11031979191055444, 0.09718426200587003, 0.12460220206997578, 0.1143575828638754, 0.10222678579464711], [0.12162264331708793, 0.10447383087933573, 0.10389508653137094, 0.12101580361976653, 0.11091226551806736, 0.09657679355613598, 0.12474411489169893, 0.1152143047079056, 0.101545156978631], [0.1208892421226072, 0.1053864465322594, 0.10541736090539662, 0.12027119658155173, 0.10995507472087396, 0.09742479956762522, 0.123987684428463, 0.1142159140027545, 0.10245228113846826], [0.12094287297948801, 0.10537353216188468, 0.10544717497742234, 0.12023206808662266, 0.10989005344429895, 0.09744924294391377, 0.12405614644687744, 0.11416072920817373, 0.1024481797513183], [0.12103033031009534, 0.10529216429089329, 0.10531131012222232, 0.12006064638283515, 0.11007715776207973, 0.09746095283569382, 0.12417768285996938, 0.11420142002220326, 0.10238833541400781], [0.12081645100061436, 0.10508544784720222, 0.10489363849414635, 0.12057139353603602, 0.11051876185169623, 0.09732714228837953, 0.12427230104753482, 0.11431632668809795, 0.1021985372462925], [0.12087132063788582, 0.10509148219751883, 0.10493482394318468, 0.12049101992193637, 0.11043858617558842, 0.09732326640417702, 0.12436242004983494, 0.11428620031841326, 0.10220088035146069], [0.12116090297498179, 0.10532337802119952, 0.1055307397438813, 0.12006013053381714, 0.10972604854595155, 0.09755815267015146, 0.12421368355085127, 0.11399082252180343, 0.10243614143736256], [0.12107388383580843, 0.10496081389705517, 0.1047061384604275, 0.12070540736248724, 0.1106951673712263, 0.0973381507870135, 0.12378924921695558, 0.11462107573512943, 0.10211011333389687], [0.1211036212970415, 0.1051210224794383, 0.10510596599739513, 0.12024522814783375, 0.11024624518267616, 0.09746976463317808, 0.12429680007817037, 0.11415193695778807, 0.10225941522647865], [0.12123848011366302, 0.10526977594178985, 0.1053910034528468, 0.1198972087372234, 0.11000146579187828, 0.09760973429849057, 0.12410137038171884, 0.11408216725022474, 0.10240879403216449], [0.12138530891330282, 0.10527575264725149, 0.10562689114353947, 0.11988437029758542, 0.1095451832751691, 0.0976754948237592, 0.12436877511210563, 0.11380999136899071, 0.10242823241829627], [0.12107848466478903, 0.10502952126751856, 0.10490473254219727, 0.1205197448008966, 0.1105781295576133, 0.09756484390967854, 0.12366507723027977, 0.11443919803470805, 0.10222026799231887], [0.12135421841080452, 0.10494802692685283, 0.10486826999996213, 0.12043178077288888, 0.11052374028153299, 0.09759117712859651, 0.12367765894695305, 0.11444060036302814, 0.10216452716938097], [0.12178594146739741, 0.10471771304188278, 0.10455194254239056, 0.12047838825502932, 0.11055925697186296, 0.09733437058029415, 0.12400657110206759, 0.11464269552154001, 0.1019231205175354], [0.12155066309580004, 0.10522790005353627, 0.10587528129280718, 0.11969363880264706, 0.10901533203102311, 0.09779014188910155, 0.12500000000000003, 0.11342737062678085, 0.102419672208304], [0.1213150055733218, 0.10500613897768596, 0.10499099844188335, 0.12034671546813762, 0.11047528393640996, 0.0977249962666022, 0.12354991996923077, 0.11434768401645966, 0.10224325735026868], [0.12171458498151663, 0.10523868684010565, 0.10560513228222987, 0.11961965670643362, 0.10980269118854988, 0.09797077713280954, 0.12377011241267467, 0.11380182279051677, 0.10247653566516318], [0.12151059449605213, 0.1049409405730779, 0.1049516146574486, 0.12028748212302784, 0.1104377452848157, 0.09772784544005819, 0.12359800229871755, 0.11435181370287108, 0.10219396142393122], [0.12183602748163459, 0.10520983654163683, 0.10583743376108731, 0.11953703159839403, 0.10922895797216256, 0.09795139836612399, 0.12447487512679012, 0.11347819143716321, 0.10244624771500734], [0.12165983114767857, 0.1051497687954716, 0.10544743893847623, 0.11981460668549454, 0.10996587678101315, 0.09794951790352986, 0.12378583628091211, 0.11382339415399834, 0.10240372931342562], [0.12146249538222662, 0.10511039321264783, 0.10529452121790847, 0.12004507885746851, 0.11020315267005043, 0.09793893318562563, 0.12366528076774447, 0.1139059559189292, 0.10237418878739886], [0.12161957798660969, 0.10493701229865339, 0.10500958128735256, 0.12018759464361008, 0.11038009066311014, 0.09782449101880032, 0.12353380150904725, 0.11429217074458342, 0.10221567984823315], [0.12172785402622717, 0.10489663827753552, 0.10497005839735622, 0.12017043457283197, 0.11037163076343866, 0.09780570089744847, 0.12356632531644188, 0.11431131978361467, 0.10218003796510541], [0.12143695727565372, 0.10508810600613602, 0.10528734633175624, 0.1200353121447416, 0.11027474352434691, 0.09807827873292133, 0.12334535572139202, 0.11405825141511741, 0.10239564884793478], [0.12186364881073224, 0.10486664838254779, 0.10497024513937951, 0.12010752002043075, 0.11033895873351389, 0.09784171519544041, 0.12354735664988709, 0.1142974537375821, 0.10216645333048625], [0.12175736594024297, 0.10512951981832346, 0.10548292215237778, 0.11978844820106235, 0.11002060889350493, 0.0981661150156391, 0.12347602639161491, 0.11373307939308215, 0.10244591419415236], [0.12190162885812092, 0.1048906879678324, 0.10505445917521204, 0.12001938345262246, 0.11028934720147199, 0.0979530108012036, 0.12345082749435173, 0.11422729150277923, 0.10221336354640564], [0.12217097590542116, 0.10521146326213274, 0.10587043055544945, 0.1192423413208639, 0.109430124929462, 0.09825471565574785, 0.12382672241698321, 0.11346712327601947, 0.1025261026779202], [0.12183125633188019, 0.10513535811113252, 0.10553028567697981, 0.11972367970805486, 0.10997036054797184, 0.09821454853290412, 0.1234396069092615, 0.1136925153414582, 0.102462388840357], [0.12224702394451913, 0.10519051112478654, 0.10597948264449832, 0.11923231761002004, 0.10915986954654341, 0.09825340612518565, 0.12412249027507935, 0.11330674962092932, 0.10250814910843822], [0.12217493331288855, 0.10520955819010791, 0.10581899302339547, 0.11932107553191511, 0.10960150595049838, 0.09833208007849113, 0.12347425459086567, 0.11352165867738256, 0.10254594064445523], [0.12234849561800226, 0.10518717174730989, 0.10601126849700478, 0.11915007387301225, 0.10917579864253596, 0.09833502768664094, 0.12398294591064762, 0.11328027192276004, 0.10252894610208625], [0.12185122314438386, 0.10512491393304617, 0.10557005750341757, 0.11968550556927439, 0.11001374960180264, 0.0983788467579216, 0.1231725401048675, 0.11370447965507893, 0.1024986837302073], [0.1222261035083934, 0.10518855310252095, 0.10582410477051411, 0.11934910434200582, 0.10965627170328195, 0.09842686417584141, 0.12328303468902191, 0.11349104979172991, 0.10255491391669057], [0.12242353611619898, 0.10519172919979403, 0.10601657882872335, 0.11906540331354061, 0.10926684505096074, 0.09842363303147635, 0.12376280810665152, 0.11329616475323094, 0.10255330159942345], [0.12205599518867588, 0.10514657042597964, 0.10570784079645963, 0.11952366854838922, 0.10987188181994492, 0.098480630777411, 0.1231405738161044, 0.11353309464126796, 0.10253974398576737], [0.12197212301997526, 0.10513458697688692, 0.10566333097762984, 0.11957752063434143, 0.1099415583348645, 0.09848417496588777, 0.12308177244507602, 0.11361218906592391, 0.10253274357941433], [0.12209237725719442, 0.1051488551613759, 0.10573882345926351, 0.1194891629505656, 0.10985447326110367, 0.09852462160880258, 0.12309225000643534, 0.11350658425125296, 0.10255285204400601], [0.12262406134245887, 0.10517331737944186, 0.10614991415296839, 0.11893528421885467, 0.10909540730064893, 0.09854541831637705, 0.12374153336407508, 0.11314139574295978, 0.10259366818221542], [0.12188664993474363, 0.10512012307882852, 0.10564673552309185, 0.1195882828668996, 0.1100118545043243, 0.09855878311295449, 0.1228971446236245, 0.11374739503498249, 0.10254303132055062], [0.12244367819541725, 0.10518096059504167, 0.10597260876885675, 0.11919085922640846, 0.1095851013760451, 0.09867333839105541, 0.12300017133548379, 0.1133405471322445, 0.10261273497944706], [0.12361911840047263, 0.10930523241527162, 0.11006203108500508, 0.12015011927207483, 0.10695970632242205, 0.0987085170198992, 0.11149574731967414, 0.1129989689208265, 0.10670055924435377], [0.12370812448372881, 0.10931023806055568, 0.11014461868279445, 0.12007063672350636, 0.10689269434538548, 0.09878466686349449, 0.11141284276477259, 0.11292678289098576, 0.10674939518477654], [0.12296037119483591, 0.10905070380267579, 0.10961871597308499, 0.12050649467547062, 0.10734320897193166, 0.09841983756302801, 0.11246605274436358, 0.11336198593304656, 0.10627262914156288], [0.12275862076050342, 0.10885493742015462, 0.10919445710797898, 0.12076616633968619, 0.1076494088295983, 0.09807853117981673, 0.1131421886311364, 0.11364500427721852, 0.10591068545390697], [0.12419872910532843, 0.10922420654432607, 0.11069564843803324, 0.11953007581175829, 0.10645959872229413, 0.09935209766798922, 0.11111328186719859, 0.11244191343058307, 0.1069844484124891], [0.125, 0.10937722434129868, 0.11135168788291676, 0.11890149937875494, 0.10593366430385587, 0.09990577925212657, 0.11017825452364106, 0.11188250900598361, 0.1074693813114225], [0.12338406504583059, 0.10897607315441481, 0.1101657183087477, 0.11997779600073892, 0.10691564210758306, 0.09899292811622143, 0.11219120052155086, 0.11288741669731765, 0.10650916004759499], [0.12341236860569822, 0.10894852613431191, 0.11024783156346435, 0.11989443669064614, 0.10685888432579543, 0.09909216606690772, 0.11219538881879068, 0.11281794918392114, 0.1065324486104644], [0.12242242668445079, 0.1086210164276983, 0.10944682546060151, 0.12039508245249639, 0.10756129003283524, 0.09853681093105957, 0.11370265589375612, 0.1134347587192722, 0.10587913339782988], [0.12350569797709643, 0.10891183370814535, 0.11044425739368645, 0.11970632301588904, 0.10672107007418609, 0.09931246665487994, 0.11213287241055495, 0.11265583326919171, 0.10660964549637006], [0.12263735886577323, 0.10857480801750552, 0.10962706147085394, 0.12020532106025164, 0.10739995740638307, 0.09873041952270971, 0.11362529863186936, 0.11325882609806001, 0.10594094892659352], [0.12280788539060553, 0.10865853814021349, 0.10989215450219768, 0.1