[[0.11809763837834075, 0.11969423860649707, 0.11484374647752073, 0.10198857471035927, 0.10515035273688154, 0.12470246334644186, 0.09912436141764272, 0.09355281517140858, 0.12284580915490727], [0.1187000598317428, 0.11990443449037273, 0.11553013459843266, 0.10144398963804109, 0.10490628275656486, 0.12486993429969237, 0.0986007874813303, 0.09259648405649602, 0.12344789284732738], [0.1179496970024084, 0.11984825764040556, 0.11482795372099891, 0.10194576782381806, 0.10509882609317212, 0.12483432434656282, 0.0991952099353539, 0.09363090593580659, 0.12266905750147349], [0.11806705184488703, 0.1198991726275592, 0.11496240995182101, 0.10184220953602659, 0.10505415073641268, 0.12480178550897013, 0.09908819773484485, 0.09343872357390452, 0.12284629848557396], [0.1186570039413553, 0.12002182803783858, 0.11557819890883107, 0.10137357694144242, 0.104854199218656, 0.125, 0.09860406001254375, 0.09256914143425862, 0.12334199150507427], [0.11848290200832308, 0.12006100723378783, 0.1154633262487925, 0.10150880336694873, 0.10491959382917118, 0.12468482415246313, 0.0988042541868467, 0.09286837953034462, 0.12320690944332241], [0.11792906401709494, 0.11996686969693035, 0.11489126974705993, 0.10183741684224495, 0.1050240768484506, 0.125, 0.09914833226548336, 0.09353131697177916, 0.12267165361095672], [0.117904098947604, 0.1201455946983248, 0.11498152195279798, 0.10178912549618253, 0.10499695034109292, 0.1248086798226312, 0.09920312107542474, 0.09355280760803207, 0.12261810005790975], [0.11751191469933282, 0.12009167067641911, 0.1146768194492677, 0.10219851555632771, 0.10522067196588954, 0.12419832363913381, 0.0997246736246722, 0.09434828723504396, 0.12202912315391314], [0.1180755152675907, 0.1204332848596516, 0.11531741539088783, 0.10164736701083167, 0.1049579636661047, 0.12425976628593176, 0.0991935351496257, 0.09339587873466677, 0.12271927363470923], [0.1184796337331804, 0.12058237734436751, 0.11584318561109216, 0.10129581119542376, 0.10483850588364427, 0.12444218603942264, 0.09888160062748533, 0.09278273521092102, 0.1228539643544629], [0.11746724901658953, 0.1202283822274723, 0.11472795368951065, 0.10213549174378019, 0.10517606807255983, 0.12419853795735862, 0.09974042255526909, 0.09433412255655382, 0.12199177218090598], [0.11829599609027837, 0.12058954601782472, 0.11568280920862374, 0.10138491189299545, 0.10485683424510078, 0.12439536905299436, 0.09901663781989789, 0.09301089204695712, 0.12276700362532758], [0.11806951191573185, 0.12071217424954657, 0.115515357095874, 0.1014995812128186, 0.10489059584248195, 0.12420412015672705, 0.0992092984422518, 0.09331313165264589, 0.12258622943192224], [0.11853775149510357, 0.12089162139451032, 0.11618369719516208, 0.10103444947203366, 0.10472410960464362, 0.12423106144019178, 0.09879298070179493, 0.09250884508767501, 0.12309548360888484], [0.1177803341898312, 0.12063336313735343, 0.11518397189128599, 0.10169268267504553, 0.10494390161961413, 0.12431618728374755, 0.09940075501468129, 0.0936878701804569, 0.12236093400798378], [0.11842295124014354, 0.12092028124291393, 0.11607174876161908, 0.10110070777660743, 0.1047403452634491, 0.12429520205148951, 0.09888783769515483, 0.09266908076236, 0.1228918452062626], [0.11826157445454302, 0.12089046567450976, 0.11587715752149168, 0.10129613021099619, 0.10483163701939006, 0.12417959565239145, 0.09910023606385512, 0.09302069418093971, 0.122542509221883], [0.11723945358520675, 0.12041044310081522, 0.11469678549125262, 0.10222643405205876, 0.10521705890557685, 0.12383786289055583, 0.10002013751384814, 0.09468484023292903, 0.12166698422775703], [0.11813791365570535, 0.120918035399588, 0.11576912293878922, 0.10136265780836429, 0.10484920518004633, 0.12409624543980662, 0.09920125748009512, 0.09318695450134025, 0.12247860759626483], [0.11772213756551908, 0.12084088902166618, 0.11526589522256786, 0.10156461565780017, 0.10486272995437644, 0.12448380328600613, 0.09939359458940972, 0.09362159039693652, 0.12224474430571788], [0.11805573342407702, 0.12096336186678998, 0.11570647905794597, 0.10136279843626915, 0.10483017486161698, 0.12419597320905237, 0.0992282390483373, 0.09323838776084845, 0.12241885233506278], [0.11716598340756622, 0.12041264695646998, 0.11466061206746277, 0.10229116447035189, 0.10525363242240492, 0.12370538157678398, 0.10012346286871569, 0.09483013456552485, 0.12155698166471972], [0.1178650860142261, 0.1210028818670129, 0.11552121572945516, 0.10138520015204382, 0.10479392009288233, 0.1244880840274007, 0.09928221157010388, 0.09336660665533753, 0.1222947938915376], [0.1176739268115399, 0.1209505483202538, 0.11529464815051273, 0.10150086569642154, 0.10481867384084707, 0.12460058705824432, 0.09939702918080935, 0.09360037513449175, 0.12216334580687971], [0.11738175230496892, 0.12081994027163892, 0.11499099784928156, 0.1018551281207785, 0.10500024775841264, 0.12410512513072142, 0.09977900668820054, 0.09422109903029795, 0.12184670284569958], [0.11720569846723847, 0.12064822592719399, 0.11479590292512111, 0.10211572522649795, 0.10514305817841975, 0.1237954016745679, 0.1000375128353332, 0.09464364105290007, 0.12161483371272734], [0.11807161663372874, 0.12120616141337451, 0.11594770529716024, 0.10106980951535359, 0.10466697551715373, 0.1244889409648293, 0.09907946335131433, 0.09291939113751595, 0.12254993616956956], [0.11779715380118871, 0.12115840874244249, 0.11556881884042741, 0.10132043948655307, 0.10475233230183531, 0.1245521333912951, 0.09931440596203252, 0.09337123604445667, 0.12216507142976867], [0.11729164651476283, 0.12083973854872057, 0.11494318228565595, 0.10191609955771028, 0.10503061005542398, 0.12399421876661115, 0.09988630760834254, 0.09437348590039121, 0.12172471076238167], [0.1174560354227519, 0.1210015537342043, 0.11514402759387722, 0.10162688036350101, 0.10486738475274529, 0.12446102485513812, 0.09960734711127989, 0.09391937927004407, 0.12191636689645821], [0.11759085535039926, 0.12111251524054754, 0.11532686861296434, 0.10141458263183381, 0.10475674675352038, 0.12477076145111439, 0.09941225960225551, 0.09358556086192352, 0.1220298494954412], [0.11768971289648995, 0.12120443786415744, 0.11548938872282463, 0.10131861817355549, 0.10472704158463879, 0.12471383892279288, 0.09934994467700589, 0.09343727700182781, 0.12206974015670707], [0.11699147783586315, 0.12064937472837681, 0.11465998361398434, 0.10231754195701744, 0.10525538025442145, 0.12342982298818081, 0.10032643435441851, 0.09506635281534154, 0.12130363145239594], [0.11725610208253257, 0.12099334076622249, 0.1149993688880625, 0.10181667822686088, 0.10496691781813748, 0.12412000444038132, 0.09987022647011803, 0.09431153609655799, 0.12166582521112658], [0.11698477369728558, 0.12070722588797987, 0.11469463785786398, 0.10228164233629358, 0.10523424952596552, 0.12342334174141063, 0.10033089986805908, 0.09505050732729722, 0.12129272175784456], [0.11769918375747625, 0.1214435128007842, 0.115688694387519, 0.101215206634974, 0.10469562078394308, 0.12447521572178039, 0.09938576318309164, 0.09338525270258417, 0.12201155002784729], [0.11748610018189164, 0.12132929288401721, 0.11537675058349149, 0.10129584442765255, 0.10467369000613215, 0.125, 0.09942760958042397, 0.09355638844247434, 0.12185432389391665], [0.11725801963962497, 0.12112109273960796, 0.1150682633424813, 0.10170800351915756, 0.10490111146146208, 0.12427120923528094, 0.099817457485238, 0.09420156550463643, 0.12165327707251074], [0.1179357689117053, 0.12158900825396853, 0.11614765438474146, 0.10068385625619926, 0.10441726107614546, 0.125, 0.09891927415943279, 0.09257772590733702, 0.12272945105047017], [0.1175561160982353, 0.12145079131827093, 0.11553406645275416, 0.10124918990975276, 0.10467826638013049, 0.12474230037810392, 0.09943695912420404, 0.09350254807830602, 0.1218497622602424], [0.11777141586567645, 0.12157861452953854, 0.1159382123224563, 0.1009702063216384, 0.10457369705893717, 0.12451760718202137, 0.09923778405893546, 0.09307503540737136, 0.12233742725342492], [0.1176392990979102, 0.12156911930474991, 0.1157240596505857, 0.10116738820082764, 0.104664905353783, 0.1244152954352226, 0.09941691830941154, 0.09339618213044133, 0.12200683251706808], [0.11705883567843488, 0.12112978315306278, 0.11494896750479767, 0.1018833327688456, 0.10499629443839162, 0.12391511217215204, 0.1000888991099262, 0.0945908859314895, 0.12138788924289949], [0.11733243346975555, 0.12174830968066051, 0.11552168433258835, 0.10123395277626882, 0.10465336775174902, 0.12458257975196547, 0.09962314409870805, 0.0937102806155476, 0.12159424752275662], [0.11672107035489132, 0.12118776845450083, 0.11466506954162697, 0.1022621390362898, 0.10520170991988445, 0.12317607985812769, 0.10055400748104489, 0.09530589698665282, 0.12092625836698138], [0.11769424804345435, 0.1221082948693618, 0.11630499934164454, 0.10047803131186463, 0.10428591742359926, 0.12485261002200085, 0.0990507630539407, 0.09261871064154555, 0.1226064252925883], [0.11773026843272669, 0.12214044326628465, 0.11637409954065765, 0.1004469718801953, 0.10428025303510491, 0.12474784992439032, 0.09903601174724934, 0.09257173310820312, 0.122672369065188], [0.116789249345309, 0.12119163508509558, 0.11479011299861305, 0.10211195927653598, 0.10512033589116636, 0.12342480552448898, 0.10044995115582801, 0.0951076672185391, 0.12101428350442392], [0.11757451953638062, 0.12200987517116609, 0.11610419249363503, 0.10068217341562163, 0.10438712920631518, 0.12473366079250134, 0.09922541639736639, 0.0929314582533502, 0.12235157473366351], [0.11740539150187808, 0.12196011571989364, 0.11577184082414588, 0.10107640534096511, 0.10459688410536748, 0.12421416612425443, 0.09957361189253593, 0.09353074117293432, 0.12187084331802508], [0.11760426720082623, 0.12213435754211803, 0.11622642198268295, 0.10049234930062283, 0.10427419559876683, 0.125, 0.09909303525350402, 0.0926946454648552, 0.1224807276566239], [0.11702362541695972, 0.12157568882948788, 0.11515968231382244, 0.10159331453788081, 0.10482570243658734, 0.12418280391191047, 0.10000793277449632, 0.09435369563085405, 0.12127755414800097], [0.11681474230508405, 0.12122873063959219, 0.11486850928905466, 0.1020176423534036, 0.10506859311830467, 0.12356146703599759, 0.10040007464185662, 0.09500053671843524, 0.12103970389827137], [0.11725023463207118, 0.12209030028146, 0.11569272223565899, 0.10110499869862107, 0.10459320224182769, 0.12420367913006732, 0.09969343427417014, 0.09369692486098599, 0.12167450364513763], [0.11727610354019088, 0.12215889487005437, 0.11578085346137203, 0.10105164937330076, 0.10457501732977317, 0.1240809309514603, 0.09967584278430093, 0.09363394564293441, 0.12176676204661316], [0.11735596538756583, 0.12227799763304067, 0.11603998097134158, 0.10071750643242454, 0.10438861918480773, 0.12451822126410038, 0.09943183513548598, 0.09318920271404227, 0.12208067127719102], [0.11712927479812534, 0.12210375847152116, 0.11557326272214254, 0.10118660865288354, 0.10462149268647811, 0.12422632763807666, 0.0998074311546882, 0.09388433350086427, 0.12146751037522023], [0.11741928435204617, 0.12233240244118188, 0.11617995385232972, 0.10055280446908095, 0.10430013782709016, 0.12470924439868371, 0.09930679016871588, 0.09296105565151015, 0.12223832683936134], [0.11705180432987246, 0.1220531259497978, 0.11546650896508402, 0.10128307962789897, 0.10466577099421144, 0.12422290833812176, 0.09990324115475795, 0.09405170263293382, 0.12130185800732182], [0.11675400829264644, 0.12152732387357247, 0.11498019161203706, 0.10186277591950216, 0.10497604779379868, 0.12364248692249315, 0.10040316609028549, 0.09492463546105118, 0.12092936403461337], [0.11732578463045273, 0.12235170682887236, 0.1160652842186547, 0.10068102688442432, 0.10436576522662837, 0.1245147748924894, 0.09944519889449184, 0.09318550560309032, 0.12206495282089577], [0.11698016896464057, 0.12199344719969123, 0.11537060463123534, 0.101389487753532, 0.10472038564206065, 0.12416021335253996, 0.10001053980495324, 0.09423099311905427, 0.12114415953229277], [0.11693724997106766, 0.1219771862658906, 0.11532899327702678, 0.1014397943034003, 0.10474679363646908, 0.12409839463733928, 0.10007261044314818, 0.0943270642736409, 0.12107191319201718], [0.11688328151101104, 0.12189529441805676, 0.1152445143939985, 0.10152805071270135, 0.10479124090113322, 0.12401061003619032, 0.10015007033931711, 0.09446489565650071, 0.12103204203109102], [0.11675903053736726, 0.12171246370280725, 0.11507402841284203, 0.10174094847041312, 0.104906724621044, 0.12373708189182957, 0.10035367968367385, 0.09480507879472568, 0.12091096388529742], [0.11706984804154154, 0.12234464402871059, 0.11569100664288136, 0.10105716047242239, 0.10455005050040393, 0.124133489841387, 0.0998135872524, 0.09381646344115764, 0.12152374977909557], [0.11695182741242996, 0.1221560469568662, 0.11544766649181841, 0.10130629689555674, 0.10467512427671574, 0.12407494618492818, 0.10001109420880629, 0.09418303017336264, 0.12119396739951584], [0.11668859942901487, 0.1216596426024511, 0.11501206586882842, 0.10183207124062593, 0.10495826581068098, 0.12358509012954735, 0.10046621084633213, 0.09497513180762458, 0.12082292226489463], [0.11709009636378183, 0.1224703774058963, 0.11582584750222992, 0.1009026851660045, 0.10446700972534997, 0.12422483609578637, 0.09972351962414266, 0.09363028203329327, 0.12166534608351516], [0.11695158383950634, 0.12226337821183994, 0.11551607632475622, 0.1012392501058062, 0.10464100659004039, 0.12401851654038491, 0.09999288403753025, 0.09412167288550082, 0.12125563146463494], [0.11684729003690159, 0.12220559837175125, 0.11539632670909597, 0.1013651928035154, 0.10470364251902639, 0.12394078095068847, 0.10013652321353965, 0.09435417966825382, 0.12105046572722743], [0.11675445077064998, 0.12209640097729944, 0.11527056692951403, 0.10149967769070357, 0.10477180676612317, 0.12390637066636173, 0.10027037153163557, 0.09458060468415608, 0.12084974998355666], [0.11677074438626428, 0.12250708107962552, 0.11551504595030947, 0.1011217363421712, 0.10454676650857186, 0.12422266136802755, 0.10004330431263064, 0.09414403451791994, 0.12112862553447949], [0.11650781552640647, 0.12193889492445766, 0.115049154874477, 0.101714718554083, 0.10487346820364449, 0.12376647238668041, 0.1005610061490832, 0.09503409593792389, 0.12055437344324388], [0.11647442564701382, 0.12216505502968042, 0.11513565506987045, 0.10155002993377003, 0.10476948270808932, 0.12401428528278018, 0.10049519903337874, 0.09488611465774134, 0.12050975263767556], [0.11688420164753527, 0.12311414130440408, 0.11615248492101939, 0.10031450783866765, 0.10409534369153406, 0.125, 0.09957987892561948, 0.0931975314676629, 0.12166191020355717], [0.11647306051642935, 0.122287860637099, 0.11519096544619077, 0.10143878578433203, 0.10469909470950518, 0.12415074438103649, 0.10042447115153832, 0.09475845992772282, 0.12057655744614602], [0.11674400618531676, 0.12331357538108, 0.11609341584374307, 0.10036274884441285, 0.10411373360778746, 0.12477285236409089, 0.09973330942712508, 0.09339568874376525, 0.12147066960267863], [0.11632943000799352, 0.1222312886628379, 0.11509196875611623, 0.10155028939761139, 0.10475573197058276, 0.12405401622818626, 0.10060784026716099, 0.09502353743815085, 0.12035589727136006], [0.11656710869322223, 0.1231828051473318, 0.11574778627767564, 0.10057617539650081, 0.10418671328251401, 0.125, 0.0998653129820779, 0.09371474508668523, 0.12115935313399237], [0.1164434532482574, 0.12288640974124936, 0.1154780162799852, 0.10094614610804326, 0.10439739645986028, 0.12461985961128001, 0.10015368155961131, 0.09422487077796496, 0.1208501662137482], [0.11652106102098972, 0.12321759130535226, 0.11572283669175898, 0.10060609292716208, 0.1042021421359984, 0.12491504843333576, 0.09992598016754162, 0.09379708386477661, 0.12109216345308454], [0.11625096938245982, 0.12233925164484684, 0.11510181371137186, 0.10148708691695238, 0.10470893712482064, 0.12414538525395008, 0.10063015705341785, 0.0950259095779102, 0.12031048933427012], [0.11619171250326897, 0.12293020902188807, 0.11533244725456052, 0.10098306881199347, 0.10438476377020064, 0.12483057347490127, 0.10033932239669685, 0.09448419159500018, 0.12052371117149006], [0.11618700848140756, 0.12307205207398787, 0.1153896964038229, 0.10085935351951032, 0.10430540043771722, 0.125, 0.10026731543473286, 0.09435022376822864, 0.12056894988059261], [0.11610498727278495, 0.12266814627116486, 0.11517793611939621, 0.10126611495790476, 0.10455867087822938, 0.12442435774770531, 0.10060773169727061, 0.0949100514055283, 0.12028200365001537], [0.10474081072061399, 0.10273247370902676, 0.12365720749972217, 0.11216480552301275, 0.1163518046769159, 0.09472456314832225, 0.12416534261241782, 0.12084040555445268, 0.1006225865555157], [0.10524886118851408, 0.10335519268761402, 0.12315851842141337, 0.11170087876949773, 0.1163632555036175, 0.09499557624943808, 0.125, 0.11901397496258825, 0.10116374221731696], [0.10490401449959169, 0.1029569808400473, 0.1235687143518945, 0.11185637047676665, 0.11633021117431402, 0.0947263438406442, 0.12499999999999999, 0.1198656138429587, 0.10079175097378283], [0.10473862812648736, 0.1027737643323163, 0.12358728315082547, 0.1121394143593595, 0.11630194218669017, 0.0947842110188713, 0.12413704297058413, 0.12087560954119461, 0.10066210431367127], [0.10474412496650658, 0.10281145609877333, 0.12354655018114254, 0.11209978492555873, 0.11626850799738668, 0.09482547960527847, 0.12414855086010447, 0.1208592156965408, 0.10069632966870826], [0.10469697379150317, 0.10279237544308602, 0.12339157765796716, 0.11225433007413739, 0.11621013603413693, 0.09490390459947379, 0.12383878934229998, 0.12121687690963025, 0.10069503614776545], [0.10507425632505202, 0.10330347530088502, 0.12327160603137999, 0.11169161279236246, 0.11620101467336512, 0.09508268166803562, 0.12465837989478933, 0.11959574335982873, 0.10112122995430176], [0.10541254100312418, 0.10374078700036432, 0.12279803881945785, 0.11154117452310287, 0.11616968968395237, 0.09540544604100935, 0.12463077098329077, 0.11877188813975822, 0.10152966380594017], [0.10475334135085432, 0.10303668791282034, 0.12320555705693088, 0.11197429445234133, 0.11603037503108944, 0.09514595606495325, 0.12394298893107614, 0.12099651669219463, 0.10091428250773968], [0.10485118403689017, 0.10323729107777455, 0.12315110415376725, 0.11171793934833667, 0.11596183601096036, 0.09525749396458391, 0.12422898588687781, 0.12051161967731092, 0.1010825458434984], [0.10485419103142224, 0.10331086411610287, 0.12304130058705527, 0.11168114351618524, 0.11588644677197193, 0.09537811858896204, 0.1240920502141158, 0.12059845828362947, 0.10115742689055525], [0.10423277893964326, 0.10256157843241176, 0.12270249242848767, 0.11231474538081561, 0.11636607806346581, 0.09491353911519461, 0.12418984875032993, 0.12224058038133287, 0.10047835850831859], [0.10518938591896249, 0.10379475016905805, 0.12278584989868409, 0.11138947586948493, 0.11584235600167436, 0.0956834590228666, 0.12418783262887248, 0.1195375212686644, 0.10158936922173248], [0.10552915368668932, 0.10432410412394015, 0.12207840442062462, 0.11107509392175029, 0.11565696742666047, 0.09599192110592561, 0.12499999999999999, 0.11828972050539424, 0.1020546348090152], [0.1052886859182175, 0.10400533947468599, 0.12258655317872513, 0.11126430797681716, 0.11575073200370468, 0.0958833410797008, 0.12413567352140192, 0.11930000244432229, 0.10178536440242456], [0.10479339170282675, 0.10334600687767544, 0.12279002991774833, 0.11181291850645379, 0.1157465801675039, 0.09557837909477472, 0.12362369036012706, 0.12109256927275111, 0.10121643410013889], [0.10425256271757795, 0.10272380648819636, 0.12249273299269807, 0.11213311770937019, 0.1161655329254956, 0.09509560728452113, 0.12439975547662022, 0.12211086523920683, 0.10062601916631367], [0.10481572436343212, 0.10340603185897387, 0.12276037785299922, 0.11174542239956492, 0.11571705706328758, 0.09563150426931157, 0.12364488039759945, 0.12100879197696937, 0.10127020981786193], [0.10525745954824021, 0.10407225102956846, 0.1225061153849317, 0.11121734813816256, 0.11564351310839857, 0.09601861694394155, 0.12397221689566688, 0.11945902950252718, 0.10185344944856292], [0.10535891986700116, 0.10422785584319653, 0.1223120476248484, 0.11109164992400182, 0.11559246427144088, 0.09608269447496691, 0.12434076885450181, 0.11900934209756733, 0.1019842570424753], [0.10418110906328483, 0.10276069570007726, 0.12228920652677612, 0.11204254845503085, 0.11607445204576643, 0.09518229845145873, 0.12463928367968714, 0.12217206454939869, 0.10065834152852016], [0.104524100725385, 0.10322851014252252, 0.12232678675898975, 0.1117735730598479, 0.1157222965524567, 0.09557786556305047, 0.12423387720689366, 0.12151372305012184, 0.10109926694073218], [0.10514393457074157, 0.10406778753876798, 0.12241107733038019, 0.11118024335906616, 0.11549234912429657, 0.09612887222940537, 0.12390006765904475, 0.11981865914860884, 0.10185700903968865], [0.10506951245307987, 0.10396979955090406, 0.1224485129009887, 0.11122934666987198, 0.11549030892429038, 0.0960703825596939, 0.12391551911872731, 0.12003739945067116, 0.10176921837177265], [0.10469531807981199, 0.10347273358853591, 0.12238007122876093, 0.11163636881830996, 0.11553815971079405, 0.0957964497446388, 0.1239509238047468, 0.12119856210107886, 0.1013314129233228], [0.10541002917283537, 0.10446614936432587, 0.12205197188836252, 0.11093404523894265, 0.11540465648476018, 0.09635290988295314, 0.12430019442046199, 0.11887403196490308, 0.1022060115824552], [0.10409719567857739, 0.10274641262514243, 0.12211613099967204, 0.1120484841166479, 0.11606692265389464, 0.09523574593154423, 0.12471973503396593, 0.12232031638630496, 0.10064905657425045], [0.10491253094108026, 0.10378813053952367, 0.1224224389499643, 0.11134637744525613, 0.1154484411214169, 0.09602271797008616, 0.12382127792828526, 0.12062029448519938, 0.10161779061918796], [0.10559280098161214, 0.10478671921654625, 0.12169741401131533, 0.11079640570561881, 0.11527978881236285, 0.0966003822096329, 0.12442622226330965, 0.11832254800087218, 0.10249771879872975], [0.10532220266895632, 0.10439790378128325, 0.12214071372836036, 0.11097118537221703, 0.11538136124590904, 0.09639463432124037, 0.12395110593011609, 0.11928381412258617, 0.1021570788293315], [0.1050273362334097, 0.10399803363051538, 0.12234095731709708, 0.11116549345522055, 0.11539335456023775, 0.09613474893383478, 0.12403830933522175, 0.12010671267594442, 0.1017950538585186], [0.10414631314514292, 0.1028730772555381, 0.12203902309561175, 0.11189938428099229, 0.11591187280801418, 0.09534529562550362, 0.12489961614989088, 0.12212358562326195, 0.10076183201604431], [0.10492256377676928, 0.1038553933010851, 0.12234984871776437, 0.11127149281670937, 0.11538898465412066, 0.096084938752651, 0.12392371951564378, 0.12052673864158275, 0.10167631982367364], [0.1055801157861267, 0.10481848978069719, 0.1216761272464282, 0.11076876364984398, 0.11523659472919467, 0.09666197984690549, 0.12434513332055581, 0.11838312255027492, 0.10252967308997304], [0.1051429854051315, 0.10421936130439917, 0.12218888739906733, 0.11101115214826307, 0.11531951326376347, 0.09630036706347143, 0.12411674144095544, 0.11970855030810756, 0.10199244166684113], [0.10415974460057265, 0.10294502676135192, 0.12195738308947392, 0.11181946995325949, 0.1158247577575642, 0.09542374664779014, 0.125, 0.12204233273713623, 0.10082753845285143], [0.10420374489986092, 0.10304972867876284, 0.12187778909889403, 0.11176345549659387, 0.11575489713451821, 0.09554893529807376, 0.12490075087439795, 0.12197092516796457, 0.10092977335093381], [0.10494645224039235, 0.10404083531517197, 0.12213428278705396, 0.11106988137197335, 0.11521816704492559, 0.09626381016210742, 0.12420285843031077, 0.12028487221998452, 0.10183884042807997], [0.10516886000249097, 0.10437494128323542, 0.12199836273808146, 0.1108659142778043, 0.1151832886016958, 0.09646367833052152, 0.12425661997387989, 0.11955536112773499, 0.10213297366455565], [0.10573574978804023, 0.1051889774867659, 0.12132984263834382, 0.11061421038619425, 0.1150471584219357, 0.09705148942969577, 0.12408674444731511, 0.11806516561406954, 0.10288066178763976], [0.10435682324510973, 0.10328441922058622, 0.12181658960387326, 0.11163901301155556, 0.1156013456823226, 0.09577180332394702, 0.12466368668635203, 0.12171297590314578, 0.10115334332310781], [0.10497568768877004, 0.10413269749004492, 0.12205686672287501, 0.11097982540169536, 0.11516062616206729, 0.09633393187405234, 0.12432581959530181, 0.12011662198091494, 0.10191792308427841], [0.1055837433918518, 0.10499597123921378, 0.12152426135535023, 0.1106569870142761, 0.11507203946084428, 0.09692998167147038, 0.12406109603408062, 0.11847199071035887, 0.1027039291225538], [0.10595136028412043, 0.1055449662521897, 0.12133962693806767, 0.11045750004148491, 0.11489816558513873, 0.09731128126567273, 0.12388176705641224, 0.11741071714882718, 0.10320461542808629], [0.10503275570857473, 0.10423897556696525, 0.12199862465029362, 0.1108976095932386, 0.11512923574763313, 0.09640053383260735, 0.12440283987083488, 0.11988952041208505, 0.10200990461776738], [0.10463751281032038, 0.10369142085240143, 0.12190143534217594, 0.11142191267893556, 0.11531399132943, 0.09613419241076113, 0.12414902591158164, 0.12121269534093931, 0.1015378133234546], [0.10586562317580042, 0.10552015838302822, 0.12120198126049686, 0.11040417697379049, 0.11482804298242584, 0.09733513613650956, 0.1240907243389555, 0.11757490531060855, 0.10317925143838456], [0.10574265165775053, 0.1053417546263012, 0.12114145534377703, 0.11047392932418885, 0.1148864129882104, 0.0972222823803937, 0.12422233626993814, 0.11795094239885165, 0.1030182350105885], [0.1040935068576298, 0.10308234297696715, 0.12163035566226911, 0.11173915939153185, 0.11569688385743836, 0.09569736563894116, 0.12499999999999997, 0.12209536609051604, 0.10096501952470638], [0.10436396953760477, 0.10341863664114624, 0.12164295066444941, 0.11156065144293699, 0.11550660446171601, 0.09597184976709774, 0.12456101227906274, 0.12169111735624268, 0.10128320784974319], [0.10553423000343298, 0.10508617085641653, 0.12138056202338156, 0.1105274531170824, 0.1149116530211954, 0.09706977275992579, 0.12419333742042588, 0.11851338053156045, 0.10278344026657903], [0.10498351270377312, 0.10433226963892119, 0.12178820315634376, 0.11076550207214846, 0.11495303802823308, 0.09654622744221, 0.12462351785486281, 0.11991617538331086, 0.10209155372019688], [0.10448597177070953, 0.10362692626841245, 0.12171336731755843, 0.1114227368216435, 0.11533644123930958, 0.09615880440805036, 0.12434746891526326, 0.12143208622908389, 0.10147619702996899], [0.10508445178592785, 0.10450522388420248, 0.12169873849949248, 0.11065656530902758, 0.11491494619968395, 0.09666429992617664, 0.12464603299949968, 0.1195851448481943, 0.10224459654779515], [0.10561007266371025, 0.1052665057496433, 0.12116983049739441, 0.11041650862087292, 0.11480527214410545, 0.097209610346621, 0.12437250540615419, 0.11820741897403257, 0.1029422755974659], [0.10504059970633582, 0.10451267590768668, 0.12162386747415722, 0.11061159508624704, 0.11484150928736446, 0.09670040291273732, 0.12477747000452144, 0.11964288416633069, 0.10224899545461934], [0.1049416301453534, 0.10435819240247347, 0.12167536478151415, 0.11073477888392809, 0.11486239234823695, 0.09663629685437722, 0.12462303670208519, 0.1200484161417561, 0.10211989174027543], [0.10571817793082965, 0.10552380556805153, 0.12093425809646026, 0.11026932634667677, 0.11465515128515869, 0.09742468249804728, 0.12448315992163803, 0.11781902698555877, 0.10317241136757906], [0.1048709633399314, 0.10422047508057679, 0.12169153114006939, 0.11095958927413388, 0.11489935639502538, 0.09662123513354835, 0.1241915149572481, 0.12052742934062427, 0.10201790533884222], [0.1057955104861141, 0.1056593587194137, 0.12090962833888745, 0.11021306879238543, 0.11459968020612282, 0.09753054209607093, 0.12440093676565818, 0.11759510786800642, 0.10329616672734099], [0.10434613866761484, 0.10356503190162286, 0.12192293124507751, 0.11134713509294852, 0.11527638450654862, 0.09613534783723737, 0.1245052073564075, 0.12149442847998716, 0.10140739491255582], [0.10534352993137497, 0.10498546452141828, 0.1213773376889062, 0.1104566185500891, 0.11477757058798506, 0.09710473763147402, 0.12427654980636346, 0.11898727896482761, 0.10269091231756115], [0.10542453752216614, 0.10510071719535802, 0.12130921340675695, 0.11043953635320641, 0.11476695656664, 0.0971956753534045, 0.1241579999576487, 0.11880681909623803, 0.10279854454858134], [0.10539129390785314, 0.1050559733597991, 0.1213371715435614, 0.11044748640683344, 0.11477001593151502, 0.09716546885010838, 0.12418374812251422, 0.11889134741475786, 0.10275749446305756], [0.10484442184884939, 0.10430211610503531, 0.12181545418032344, 0.11081504595604784, 0.11476705661260438, 0.09670826406539476, 0.12424979071925948, 0.12041464216724722, 0.10208320834523817], [0.10496782116070079, 0.10455996054321542, 0.12162122668326447, 0.11047579514429076, 0.1146771036154639, 0.09677844999101605, 0.12500000000000003, 0.11963740987480756, 0.10228223298724112], [0.1049272261056327, 0.1045061531848212, 0.12172146258633618, 0.11052599597178683, 0.1146758711330472, 0.09677381698321438, 0.1248086412626559, 0.11982079706001485, 0.10224003571249078], [0.1040688808409782, 0.10334920538215626, 0.1221379482914906, 0.11133112658776724, 0.11526207707209363, 0.09598441203926351, 0.125, 0.12167614017590606, 0.10119020961034447], [0.10513576930334884, 0.10497646548740334, 0.12171950551843468, 0.11022028238631194, 0.11447988632769035, 0.09717516626589318, 0.12449880638275262, 0.11913246126578768, 0.10266165706237737], [0.10543384044682853, 0.10552709013328203, 0.12147022332482454, 0.10988559681487185, 0.11424625890182073, 0.0974635700536339, 0.12500000000000003, 0.11784462069719424, 0.1031287996275443], [0.10488799917751827, 0.10463181339430344, 0.12200642592005286, 0.11035034049156707, 0.1144768949641295, 0.09693569661157973, 0.12463934823327236, 0.11972437036011997, 0.10234711084745683], [0.10503468710571313, 0.10487693701571292, 0.12186903105729678, 0.11021654306681858, 0.11443503604306972, 0.09710829494732515, 0.1245994042774605, 0.11929433720357725, 0.10256572928302596], [0.10412273706547606, 0.10355357069434033, 0.12239002712867236, 0.11113621159489759, 0.115046923397678, 0.09620367594894136, 0.1247397380555706, 0.12143127530140621, 0.10137584081301752], [0.10532294619699722, 0.10537478590229887, 0.12168334988719194, 0.10999209003983267, 0.11429968468881539, 0.0974553739347844, 0.12447015154844018, 0.11839278361595801, 0.10300883418568128], [0.10531680611214927, 0.10541274044608775, 0.12173528657258004, 0.10993906416167736, 0.11424600460567588, 0.09748733246507255, 0.1244988109472551, 0.11832534277680797, 0.10303861191269394], [0.10520861131866163, 0.1052516221022584, 0.12184411566258861, 0.11003577748477417, 0.1142902073916386, 0.09745663590809689, 0.12417419657957914, 0.11882917715127779, 0.10290965640112476], [0.10479906946502436, 0.10462834985352451, 0.122344828568386, 0.11031051646806801, 0.11433811076261904, 0.09703811782141727, 0.12426183647634485, 0.11992770811820293, 0.10235146246641304], [0.10483075271394454, 0.10469619666655981, 0.1223113101832758, 0.11024788438933707, 0.11431591072151887, 0.0970698025272387, 0.12435407006151371, 0.119767509417582, 0.1024065633190295], [0.10528104440218043, 0.10551570654247205, 0.12195178508062575, 0.1097918123850211, 0.1140811379202221, 0.09760801544067407, 0.12442472443125682, 0.1182227591959303, 0.10312301460161738], [0.10451408328344235, 0.10427957879365314, 0.12257059451817487, 0.11055464537718328, 0.11438969991069887, 0.09682443318774477, 0.12433573367475853, 0.12049597800357223, 0.10203525325077217], [0.10485707355539907, 0.10486965268204178, 0.12239180517681655, 0.11005034789844494, 0.11416771712987704, 0.09720717759826779, 0.12445511147168015, 0.11945097068812803, 0.10255014379934466], [0.10513541723873475, 0.10528569831837789, 0.12207647280118963, 0.10991218313102372, 0.11414370264164661, 0.09752705210771927, 0.12415535112285737, 0.11883131450815443, 0.1029328081302963], [0.10524870970525028, 0.10563215290095063, 0.12217185809591936, 0.10963225281150107, 0.11390507188119087, 0.09773786104688308, 0.12436790967081765, 0.11808556651218172, 0.10321861737530523], [0.10452318409150686, 0.10442510595510647, 0.1227237427163023, 0.11035413444038442, 0.11417143646949192, 0.09696488063588128, 0.12427830493930639, 0.12040050411215682, 0.10215870663986353], [0.10434300663201232, 0.10429368308304583, 0.12292398701123876, 0.1102800333321262, 0.11412199575198091, 0.09685405538715344, 0.12449988992239167, 0.12066377305652477, 0.1020195758235261], [0.10404977108863266, 0.10391106466568503, 0.12303380601469398, 0.11040348810312718, 0.11430160587035647, 0.09651304358097354, 0.12500000000000003, 0.12113436351476005, 0.10165285716177125], [0.10526623409388979, 0.10594592329658598, 0.1222789723802523, 0.1092353523641896, 0.11353423146210666, 0.09792690898092399, 0.125, 0.11735104926721515, 0.10346132815483654], [0.104376926929967, 0.10439597233330525, 0.12296940858585884, 0.11018441330070243, 0.11401245283997641, 0.09695322097795166, 0.12439141408237304, 0.12060472638288015, 0.1021114645669852], [0.10490816612412251, 0.10531933728566692, 0.12255677451205631, 0.10955144528942963, 0.11375109596979946, 0.09760322914167138, 0.1244789508079813, 0.11890239494467834, 0.10292860592459413], [0.10425276437965098, 0.10430038659670174, 0.12312102463981936, 0.11014205262741612, 0.11398650104503906, 0.09687496000809581, 0.12451450671406143, 0.12079567324028341, 0.10201213074893208], [0.10512353855342255, 0.10579565678878272, 0.12259989613273915, 0.10928360522028539, 0.11353278279995863, 0.0979153969235074, 0.12447258524069521, 0.11793944663777124, 0.1033370917028377], [0.1046057631966572, 0.10495137391449214, 0.12289531987170833, 0.10955385905083535, 0.11367112294947694, 0.09728961583251805, 0.125, 0.1194596181755294, 0.10257332700878258], [0.10451239179080687, 0.10474087879499427, 0.12308794649503416, 0.10977737463193747, 0.11374324002354652, 0.09720603920769239, 0.12445893418473798, 0.1200665136648349, 0.10240668120641548], [0.10419587414378928, 0.10431029648949004, 0.12326080191548033, 0.1100519791260221, 0.11389661745336414, 0.0968983585235733, 0.12448336301776036, 0.12088939026849821, 0.10201331906202225], [0.10413304771772447, 0.10424903763224537, 0.1233269531726026, 0.11005172790343859, 0.11390532921234865, 0.09684917541394049, 0.12453152402898385, 0.12100022196391848, 0.10195298295479746], [0.10437283513132133, 0.10462100841334662, 0.12331227452405473, 0.10986466261273475, 0.11366520422007291, 0.09718463830144639, 0.12411154804351616, 0.12056539008629832, 0.1023024386672088], [0.10406537448471055, 0.10421456790655458, 0.12344385007705812, 0.1100130295344482, 0.1138715102025257, 0.0968337825853727, 0.12450978254250815, 0.12113203061634761, 0.10191607205047439], [0.10444955007631423, 0.10485973781463599, 0.12332656108311707, 0.1095080126898394, 0.11351180816636296, 0.09731807314621505, 0.12449963269596091, 0.12003237063935811, 0.10249425368819629], [0.10405564958883708, 0.10426987345300719, 0.1235464187373503, 0.10992893307143373, 0.11377995521268047, 0.09689861480945132, 0.12440266317872066, 0.12115461204450606, 0.10196327990401319], [0.10488592085258233, 0.10560366685079521, 0.12294703910722207, 0.10921822570655809, 0.1134013809829521, 0.09788267101385488, 0.12415165747832073, 0.1187449143950304, 0.10316452361268416], [0.10444549518442758, 0.10490012117247995, 0.12336496311658914, 0.10944840847263608, 0.11346187534822814, 0.09735233869515988, 0.12450834144453977, 0.11999214756852349, 0.102526308997416], [0.10500194598112225, 0.1058209634208763, 0.12301127410514441, 0.1090839913520392, 0.11328863714626394, 0.09802638097118481, 0.1241128766481559, 0.11830482891751298, 0.10334910145770018], [0.1047085613357155, 0.10538070090053782, 0.12303034042095422, 0.10921169165755397, 0.11336759050753208, 0.0977218555120257, 0.12443639172943807, 0.11918630250294171, 0.10295656543330094], [0.10496281786538181, 0.10580609951361729, 0.12311779761903735, 0.10905287579139018, 0.11324043665716946, 0.0980488008002179, 0.12396967021935922, 0.11846525676439554, 0.10333624476943105], [0.10432607339118256, 0.10482384003547372, 0.1236551684288319, 0.10947169021054706, 0.11333756207298654, 0.09736869680601651, 0.12412901862940143, 0.12042674757883713, 0.1024612028467232], [0.10455940071237937, 0.10525037936558992, 0.12331759296945083, 0.10916900071386261, 0.11326965488640758, 0.09764236236173553, 0.12444669314513486, 0.11951475893130144, 0.10283015691413762], [0.10485763178621903, 0.10570952085576257, 0.12319705710922069, 0.1090384543196623, 0.11320597115335275, 0.09800377210902413, 0.12398981396290183, 0.11874938924517327, 0.10324838945868325], [0.10435073169300507, 0.10496056449871538, 0.12371411840682307, 0.1092724128119385, 0.11323521488081476, 0.0974730178264469, 0.1242039089827117, 0.12021606124662604, 0.1025739696529186], [0.1043042960443367, 0.10488000992890278, 0.12377499869602834, 0.10936374087155173, 0.11324037091101417, 0.0974308920687555, 0.12407634293233755, 0.12042317388377853, 0.10250617466329467], [0.10433605932529746, 0.10497201326554245, 0.12377067553559325, 0.1092451881643621, 0.11319761544023589, 0.09749396576657474, 0.12415370652796902, 0.1202476026311467, 0.10258317334327838], [0.10490436076070944, 0.105838125249186, 0.12339435049691333, 0.10888912808536573, 0.1130481546924203, 0.09813185223662468, 0.12378343061705491, 0.11865502521213338, 0.10335557264959225], [0.10421693099375644, 0.10478401845470457, 0.12390037257988808, 0.10945367161022936, 0.11323616129942433, 0.09740852021866056, 0.12379377632051022, 0.12078038769355402, 0.10242616082927242], [0.10444148218965674, 0.10527153469909617, 0.12369599837209055, 0.10900994813977065, 0.11305200495445042, 0.09773772193511192, 0.12414808938446438, 0.11979991152693664, 0.1028433087984225], [0.11220281642315678, 0.1116191242143888, 0.12376305773140524, 0.1088401773220118, 0.11455522731036095, 0.1018307002772134, 0.11290339377988932, 0.10499978149660293, 0.10928572144497067], [0.1122396785356169, 0.11168671880332405, 0.12384223086220617, 0.10877236862881211, 0.11449425908351303, 0.10188669286432502, 0.11282329170328831, 0.10490838151270919, 0.10934637800620511], [0.11172939466050506, 0.11118130828426112, 0.1232250566054014, 0.10913697117359338, 0.11474388048474071, 0.10148439169728986, 0.11373938269367552, 0.10593059761775951, 0.10882901678277342], [0.1113542845686361, 0.1107726567248739, 0.12315262325661039, 0.10938188309670187, 0.11489976580447016, 0.10112410496590261, 0.11432620321939832, 0.10657056163231667, 0.10841791673109], [0.11234584574372276, 0.11210956794588636, 0.12427793105615738, 0.10829223230490785, 0.11402731184180435, 0.10224948129572059, 0.11248592022713876, 0.1045193998301359, 0.10969230975452608], [0.1127783718675666, 0.11268239569154673, 0.12499999999999999, 0.10779262837026685, 0.11359888215178969, 0.10272062112531583, 0.11162337185930261, 0.10355767970824264, 0.11024604922596892], [0.11184034112026905, 0.11160460151691734, 0.12354080614859796, 0.10866977348000222, 0.11429392167020806, 0.10186003313575188, 0.11343361770560777, 0.10558006998469095, 0.10917683523795477], [0.1118338848934423, 0.11166195848327835, 0.12356455723498906, 0.10859787206449407, 0.11421723783386313, 0.10191516110576282, 0.11342282500534169, 0.10556790583229815, 0.1092185975465304], [0.11112654686905354, 0.11088874133200505, 0.1226613903676514, 0.10917801159760399, 0.11457630919214697, 0.10131158842820244, 0.11475001890831213, 0.10705190248160956, 0.10845549082341495], [0.11185451437564164, 0.11180915265635177, 0.1236458190143541, 0.10843508945039526, 0.11405200426234482, 0.10205187638413142, 0.11333942586275231, 0.10547636524651034, 0.10933575274751833], [0.11113928005474272, 0.11102220828321044, 0.12285177663898615, 0.10899722153875888, 0.11440362083292514, 0.1014273387577675, 0.11465759173088665, 0.10694312788653679, 0.10855783427618561], [0.11133241228216133, 0.11126826729757669, 0.12300755628102888, 0.10881959365813056, 0.11428240814546503, 0.10163347360856267, 0.11430682519732165, 0.1065559781571001, 0.10879348537265293], [0.11148824320431999