[[0.11417127438054174, 0.11755234101387957, 0.09917577731389553, 0.10159121276463651, 0.10358219955520853, 0.12467895748541793, 0.12267562470866075, 0.0971260124209538, 0.11944660035680561], [0.11485370981521424, 0.11816176870082563, 0.09859835765826974, 0.10092683542664933, 0.10321709071513244, 0.12485882098574932, 0.12331527483950463, 0.09639666423016695, 0.11967147762848779], [0.11416635894936765, 0.11739430825521997, 0.09926781698357667, 0.10153650367587132, 0.10353110793304932, 0.12482127322044335, 0.12248543713303443, 0.09719700862790404, 0.11960018522153328], [0.1142981177968592, 0.11751136515500755, 0.09914748948360959, 0.10140884314940171, 0.10345661413501338, 0.12478589830601661, 0.12267367592461377, 0.09704747274828415, 0.11967052330119403], [0.11490856836092363, 0.11811201343885937, 0.0986087180567425, 0.10083652044401702, 0.1031596111375278, 0.12500000000000003, 0.12319953534170325, 0.09638092842480296, 0.11979410479542359], [0.11479811963621145, 0.11792897219293569, 0.09882219474752092, 0.10098076917466532, 0.10324531018094328, 0.12465803534258736, 0.12305450321553485, 0.09661481715333892, 0.11989727835626221], [0.11423276300848688, 0.11736638033252172, 0.09922304243372655, 0.10140416642960744, 0.10343745202977954, 0.125, 0.1224863708523068, 0.09712011915297251, 0.11972970576059858], [0.11433336213183294, 0.11733553784720256, 0.09929046005532376, 0.10133375187987205, 0.10340880429409374, 0.12479335023872487, 0.12242724964411154, 0.09715615291561969, 0.11992133099321889], [0.1139544689692864, 0.11687267518433213, 0.09964732977590876, 0.1016048117997026, 0.10353345582343129, 0.125, 0.1217755066687951, 0.09757479412815637, 0.12003695765038734], [0.11461684672644319, 0.1174548671477759, 0.09911471817193888, 0.10097889048054132, 0.10320000970619518, 0.125, 0.12251484997213626, 0.09689167075418577, 0.12022814704078354], [0.11521021670053645, 0.11790686695071657, 0.0989197189365618, 0.10067777522304269, 0.10311303062301076, 0.12439318613752465, 0.12279000069527359, 0.09660115599702367, 0.12038804873630993], [0.11402661282755616, 0.1168314982608107, 0.09970562713270151, 0.10155366022457002, 0.10351311833447563, 0.12483643131723421, 0.12173788311517743, 0.09760908841209526, 0.12018608037537912], [0.11505643974906488, 0.11771904132108306, 0.09908438033951537, 0.10079521561948357, 0.10316728915953029, 0.12434333377479707, 0.12257482922845782, 0.09678761920880026, 0.12047185159926756], [0.11486221563538883, 0.1174592054673472, 0.09921869123595231, 0.10084969998239002, 0.10316247985753252, 0.1245786153164646, 0.122373670125174, 0.09693814072901837, 0.12055728165073215], [0.11552177742406533, 0.11791378694517146, 0.09869203453973519, 0.10020478305354857, 0.1028188551519335, 0.125, 0.12300070723387613, 0.09626431064780593, 0.12058374500386392], [0.11454434011798248, 0.11717782467194959, 0.09947540833778447, 0.10113299339641206, 0.10330869541826121, 0.12452599395978546, 0.12214069356745427, 0.09726439729954804, 0.12042965323082243], [0.11542700219577424, 0.11780669805214897, 0.09884676566319982, 0.10032895931254883, 0.10289328345275356, 0.12475263862284683, 0.12282293501931509, 0.09644119272514799, 0.12068052495626455], [0.11524343669049038, 0.11765193326481298, 0.0991112888711081, 0.10059137193171978, 0.1030552289196828, 0.12431461740875342, 0.12252264506728318, 0.09675702357404678, 0.12075245427210243], [0.11395129330933701, 0.11654318012756755, 0.09987974742724982, 0.10150435577663686, 0.1034624221988615, 0.125, 0.1213679472409178, 0.09777895315710879, 0.12051210076232066], [0.11512468451545164, 0.1175142524013177, 0.09919428748550976, 0.10064091639291453, 0.10306508943412393, 0.12448264797738481, 0.12231714202234052, 0.09685653674731606, 0.12080444302364089], [0.11465676326323151, 0.11712402941520861, 0.09953082026395205, 0.10101869856211913, 0.10324910524495465, 0.12444980941349103, 0.122018312313938, 0.09728921299191377, 0.12066324853119124], [0.11506504556205951, 0.11742920571651382, 0.09923505755261139, 0.10064944705257438, 0.10305741475450186, 0.1246170632788213, 0.12220025824599995, 0.09690305148066872, 0.12084345635624921], [0.11391543307794265, 0.1164645916244756, 0.09998536670975197, 0.10156740531875456, 0.10350592188057411, 0.12484013143942893, 0.12124872283722013, 0.09789622751252779, 0.12057619959932424], [0.11488824251444286, 0.11723836564143825, 0.09933109520293848, 0.10071293659047674, 0.10306456991435739, 0.12482428222350393, 0.12205717255732895, 0.09702319877973241, 0.12086013657578099], [0.11469989510109414, 0.11707622341661554, 0.09956433730420254, 0.10095960766980477, 0.10321480054062156, 0.12446150008868945, 0.1219319151621347, 0.09730819083793231, 0.12078352987890498], [0.11431990484028347, 0.11672292911179281, 0.09978431414480075, 0.10119359028755022, 0.10330912540818592, 0.1247606981397924, 0.12157400689468918, 0.09759790467971763, 0.1207375264931876], [0.11408309953475092, 0.1165160734815319, 0.09996092284567447, 0.10140616656241147, 0.10342148702946166, 0.12470904127673339, 0.12131532063350374, 0.09782887941490727, 0.12075900922102516], [0.11535141401762067, 0.11745229224379625, 0.0991654362399426, 0.1003594399728425, 0.10290190073371074, 0.1245419661363514, 0.12236306531165773, 0.09676244079381266, 0.12110204455026542], [0.11493614157872163, 0.11715440325094001, 0.09935284765900221, 0.1006047380850351, 0.10299296931725535, 0.12499999999999999, 0.12191209478024187, 0.09702233568235716, 0.12102446964644657], [0.11425480194009674, 0.11661289793115544, 0.09985336172980602, 0.10121275213908601, 0.10331049380561852, 0.12480914205101647, 0.12143630962260576, 0.09767495557672712, 0.12083528520388812], [0.11454047133374547, 0.11683963113681149, 0.0997608751358753, 0.10106648138599374, 0.103263931514807, 0.12453660318531648, 0.12166440857377157, 0.09753255740200552, 0.12079504033167367], [0.1147495093112797, 0.11699052759759886, 0.09961535831871815, 0.10087257299753777, 0.10316105802031258, 0.12452532130159862, 0.12178919232619875, 0.0973390066940341, 0.12095745343272149], [0.11488637631030321, 0.11706367681532147, 0.0994709907909967, 0.10067487980225799, 0.10303795608314016, 0.12482470557389869, 0.12181879948048936, 0.0971533332595895, 0.1210692818840029], [0.11388402939783099, 0.11624078502520432, 0.10011641141568083, 0.10148023745175394, 0.1034369425103976, 0.125, 0.12095714589146962, 0.09801361459019263, 0.12087083371747008], [0.11431423163089606, 0.11656658569820431, 0.09983806956726908, 0.10108135998953088, 0.10322346894655934, 0.125, 0.12136895041116873, 0.09763267236390653, 0.12097466139246506], [0.11392854971790986, 0.11623584183533783, 0.10013936399473722, 0.10144630531781336, 0.10342249328262691, 0.12490165911143594, 0.12094631871296539, 0.09802585264960025, 0.12095361537757322], [0.11508979625166117, 0.11705311096054176, 0.09948537103088881, 0.10049577752716908, 0.1029498583672996, 0.1246636499503169, 0.12179919981775114, 0.09711907668230639, 0.12134415941206515], [0.11482950919552948, 0.11688805035317773, 0.09969532349110363, 0.10076887191480072, 0.10310295761442508, 0.12452494766533423, 0.12160395176998991, 0.09739223992146533, 0.12119414807417392], [0.114422263439995, 0.11658999988134254, 0.09987043144483734, 0.10102711764669912, 0.10320891659166614, 0.12480690968287818, 0.12136450379526213, 0.09764457210183553, 0.12106528541548384], [0.11558590337748949, 0.11729708933701515, 0.09905359921845168, 0.09991912570412063, 0.10261557555739444, 0.125, 0.12252416993504887, 0.09656130672047614, 0.12144323015000363], [0.11496278280124585, 0.11692991354377388, 0.09962470330860723, 0.10061954265036951, 0.10301824731505836, 0.12463303278360306, 0.1215916592345176, 0.0972865170018558, 0.12133360136096859], [0.1153297680117651, 0.11709610317288759, 0.09927269381548934, 0.10013118415768019, 0.10272146896447742, 0.125, 0.12208868294363706, 0.09683101240129377, 0.12152908653276952], [0.11514148305563669, 0.11699266378896729, 0.09954949974814872, 0.10045256437410545, 0.10293095507734268, 0.12453623890157556, 0.12174388367486011, 0.09716945245626038, 0.12148325892310312], [0.11427533446732206, 0.11635672709373636, 0.10008440746080381, 0.1011405218226466, 0.10326886880016366, 0.12463785429578288, 0.12106852877272825, 0.09788641379656784, 0.12128134349024859], [0.11498004402269234, 0.11669933151370453, 0.09987622238747805, 0.10061213894502621, 0.10302503988518923, 0.12433424090912959, 0.12131469253244165, 0.09752780693454244, 0.12163048286979622], [0.11392263319260791, 0.11595536213930857, 0.1004178988173962, 0.10141305622872135, 0.10340836861737562, 0.12467070192811039, 0.12054948291770494, 0.09829302712340925, 0.12136946903536575], [0.115779942041801, 0.11702402806490855, 0.09923157851346191, 0.09963944108541638, 0.10245133959162078, 0.12483908866123197, 0.1223868419288783, 0.09667021453098056, 0.12197752558170058], [0.11585627126986277, 0.11706239135581725, 0.0992240028770921, 0.09960511458154214, 0.10244341501592066, 0.12472468465977465, 0.12245852742186451, 0.0966506757250471, 0.1219749170930787], [0.11403568890222225, 0.11600500005956632, 0.10027443440990719, 0.10119400514055117, 0.10326184112358285, 0.125, 0.12063358806666362, 0.09810505492396042, 0.12149038737354619], [0.11556235574569985, 0.11690000651025245, 0.09939445911931001, 0.0998654686143896, 0.10257695930471246, 0.12470946717086209, 0.12211099806665547, 0.09688411438085931, 0.12199617108725874], [0.11520666591150608, 0.11673081173068826, 0.09973088843578547, 0.10030720132966182, 0.10284088234546516, 0.12438517548549914, 0.12159290064342036, 0.09731515089669157, 0.12189032322128215], [0.11569643623089233, 0.11692585353605454, 0.09927081494667522, 0.09964751597775816, 0.10243824215277439, 0.12499999999999999, 0.12224963375025417, 0.09671657853528073, 0.12205492487031033], [0.1145666454833446, 0.11635209502406084, 0.10016957955583569, 0.10092114884345421, 0.1031740822471906, 0.12432025249086234, 0.1209641617039133, 0.09790385246224742, 0.12162818218909098], [0.11414426226555278, 0.11604724520799843, 0.10028435829364335, 0.10113349609648709, 0.10324166196112572, 0.12479354675796415, 0.12066836363325273, 0.09809344337811216, 0.12159362240586363], [0.11513806492559166, 0.11657130632451514, 0.09988379906132275, 0.10034868784529083, 0.10286183645105634, 0.12433441991826791, 0.12138316919760271, 0.09747641956177693, 0.12200229671457559], [0.11523010880615796, 0.1165925638002633, 0.0998625877802975, 0.10027320405074477, 0.10282539898659625, 0.12420701291535292, 0.12148063099329288, 0.09743473715488501, 0.12209375551240939], [0.11551059255361752, 0.11666553324462729, 0.09963251903042217, 0.09988870346000545, 0.10259030955163319, 0.12447470556304528, 0.12181698874718883, 0.09712244176490957, 0.12229820608455065], [0.11500011207871351, 0.11643247810317825, 0.09996534557306068, 0.1004016464060594, 0.10287268835492858, 0.12462027530677568, 0.12115477844361942, 0.09757712857666666, 0.1219755471569978], [0.11565778598085111, 0.11672377622531004, 0.09950186747780188, 0.09968748208772889, 0.1024671545096281, 0.12468256843654496, 0.12198495153605055, 0.09694951454073238, 0.12234489920535212], [0.11487688355624792, 0.11634421184518431, 0.10003379841573289, 0.10048433481797367, 0.1029093468913458, 0.12482153270442589, 0.12097262888540128, 0.09766898841540143, 0.12188827446828683], [0.11427560567276031, 0.11597625765362213, 0.10031954752542195, 0.10094746909889107, 0.1031330593824071, 0.12482686354140754, 0.12054542722802021, 0.09808322641896672, 0.12189254347850276], [0.11554030303341865, 0.11663016057400431, 0.09965062338065019, 0.09983851846747825, 0.10255979647989232, 0.12447079199113426, 0.1217989074564801, 0.09712880124981699, 0.12238209736712508], [0.11477091175559434, 0.11626701408048455, 0.10012804791303806, 0.1005908546555226, 0.10296944213167886, 0.12479645660019185, 0.12080128304899179, 0.09778837882525851, 0.12188761098923943], [0.11472462044359201, 0.11621973320363477, 0.10018336228808561, 0.10063729161042154, 0.10299631652795802, 0.12471600966622066, 0.12072234658775118, 0.09785428296044173, 0.12194603671189451], [0.1146357179264905, 0.1161661716015664, 0.1002601798850927, 0.10073920321171069, 0.10305630542654125, 0.12452307366989875, 0.12068147400490845, 0.0979545856945247, 0.12198328857926659], [0.11439327048825912, 0.11598762932708151, 0.10031384632325911, 0.10083341464321698, 0.10307383289899973, 0.12480152883010197, 0.12052820704799977, 0.09804664512817515, 0.12202162531290663], [0.11513696636253205, 0.11636357345586033, 0.09999897407614691, 0.10024495577622342, 0.10278742057819074, 0.1244320526433594, 0.12121414824846224, 0.09757043689143695, 0.12225147196778807], [0.11483855607710754, 0.11621494690916946, 0.10009376621279015, 0.10043926704739886, 0.10286884830369887, 0.125, 0.12084549186826268, 0.09772314159906938, 0.12197598198250308], [0.1142925917213942, 0.11588321977398652, 0.10034421814207738, 0.10084847362489298, 0.1030635014742114, 0.125, 0.12041816094980776, 0.09808887209621854, 0.12206096221741124], [0.11530604644490519, 0.11639761142654594, 0.0999752751329739, 0.1001191657310917, 0.10273085542148874, 0.12415697315430892, 0.1213734085689433, 0.0975106504500513, 0.12243001366969102], [0.1149200275591561, 0.11621591403551323, 0.1000971782357832, 0.10037083438243137, 0.10283626474233655, 0.12483930457611665, 0.12091337544661102, 0.09770709516532383, 0.12210000585672803], [0.11478590674786657, 0.11610083604762296, 0.10022134260721101, 0.1004886419456824, 0.10289995810165635, 0.12479542379126586, 0.12068885031013937, 0.09786004808826283, 0.12215899236029268], [0.11466066756513243, 0.11601314087164574, 0.10037234810800993, 0.10065755333728678, 0.10300589470169273, 0.12450939783111718, 0.12047662487873273, 0.09804707289228702, 0.12225729981409546], [0.1149588383568658, 0.11604114592884403, 0.10024285703654104, 0.10029106557763641, 0.10279211897207456, 0.12459418709687366, 0.12090129858522158, 0.0978306659489104, 0.12234782249703252], [0.11437740219177647, 0.11570859538650746, 0.10054526666493935, 0.10076380588931272, 0.10302999564473748, 0.12471367235312775, 0.12013598471303229, 0.09826099298459576, 0.12246428417197072], [0.11446000438646627, 0.11565177462534215, 0.10045989623084732, 0.10053319137894313, 0.10287107006178947, 0.125, 0.12026226458617141, 0.09813067803849805, 0.12263112069194224], [0.11560651695880753, 0.11607525396132636, 0.09968617321355934, 0.09919023197653641, 0.10208556337780152, 0.12500000000000003, 0.12209434388876517, 0.09704611117619949, 0.12321580544700426], [0.11454702396668849, 0.11566883999429607, 0.10045608551909153, 0.10046501422297932, 0.10283958640568608, 0.12482431536596518, 0.12040373077853067, 0.09810662373626208, 0.12268878001050054], [0.11553949402182659, 0.11591266754761399, 0.09982716248523912, 0.09920044849403706, 0.10208499922393283, 0.12474997969601087, 0.12210059632975064, 0.09718907591731386, 0.12339557628427507], [0.1144206678028321, 0.1154942002817771, 0.10058979024567824, 0.1005205476259839, 0.10286027521797336, 0.12474721477633044, 0.12025699234512298, 0.09825816119020658, 0.12285215051409527], [0.11519605188581875, 0.11576657034410874, 0.10003349821740488, 0.0995509461275744, 0.10227967492002932, 0.12499999999999999, 0.12158012543257783, 0.09747926528872759, 0.12311386778375838], [0.11489357302602286, 0.11563999620888163, 0.10028609012473538, 0.0999535274690259, 0.10252600212398795, 0.125, 0.12106750351581905, 0.09782062010004097, 0.12281268743148625], [0.11517032356675964, 0.11571638311860799, 0.10009605172466468, 0.09957739737699756, 0.10229710588784131, 0.12490698626321793, 0.1215582418923325, 0.09754637704349418, 0.12313113312608412], [0.11444121903315173, 0.11541065287450382, 0.10063667481990887, 0.10045142713571441, 0.10281618479313605, 0.12461131494526284, 0.12033129337730682, 0.09828951130424729, 0.12301172171676818], [0.11472046194526546, 0.11534452368503778, 0.10042828140985889, 0.09991377584398246, 0.10246566374917189, 0.125, 0.12092433855475111, 0.09796743679200054, 0.12323551801993184], [0.11481606374237832, 0.11536391934973875, 0.10043970890441521, 0.09984663140224265, 0.10243801652772323, 0.12481297715125828, 0.12108125773580303, 0.09795740695249755, 0.123244018233943], [0.114497752698726, 0.11520823983989728, 0.10056069530790489, 0.10009477535070652, 0.10255865823373464, 0.125, 0.12057814348281617, 0.09814863414973636, 0.12335310093647811], [0.12368617359142704, 0.10517783247521245, 0.12103888265193975, 0.112659175426461, 0.11712366086388176, 0.09546168836832068, 0.10321281837020974, 0.12488541138916075, 0.09675435686338683], [0.12322038692075912, 0.10591244280282196, 0.11934597395157699, 0.112238148138044, 0.11670472631729227, 0.09609382885312542, 0.10408239613217608, 0.12499999999999999, 0.09740209688420404], [0.12361291901014884, 0.10552467060168112, 0.12014401134928458, 0.11237150455314093, 0.1169070967692047, 0.09574762094311666, 0.10363777026188584, 0.125, 0.09705440651153732], [0.12361662349246291, 0.10515943118632175, 0.12106153017055199, 0.11261728497163725, 0.11707275660084117, 0.09549250877600943, 0.10323537512727872, 0.12495106185599571, 0.09679342781890117], [0.12357634154071738, 0.10515930961808245, 0.12103913239357633, 0.11257659519045976, 0.11702992546832892, 0.09552256406955503, 0.10326625466231965, 0.12500000000000003, 0.09682987705696058], [0.12342365218899264, 0.10510184882153564, 0.12137134922421221, 0.11266328216822587, 0.11705793750672715, 0.09557814208967863, 0.10323523123054827, 0.12468453429341346, 0.09688402247666623], [0.12332653298797427, 0.1057074802761959, 0.11987059230920945, 0.11218514207403886, 0.11669628654240544, 0.09611001063203976, 0.10399297323482351, 0.12466923630428353, 0.09744174563902926], [0.12287706723994977, 0.1060581359613739, 0.11921431617307171, 0.1120462508257228, 0.11646073324507636, 0.09645840428078022, 0.10444148231419297, 0.12464294062671748, 0.09780066933311492], [0.12324390442658416, 0.1051860138448233, 0.12113365183549954, 0.11243435150740662, 0.11681900252986882, 0.09584594086167557, 0.10350604540934633, 0.12464450916906124, 0.09718658041573432], [0.12319952830713383, 0.10537889864901444, 0.12068153832908689, 0.11224920371236763, 0.11666022443169258, 0.09609452009568852, 0.10380727491795118, 0.12447487569565059, 0.09745393586141436], [0.12308949033049534, 0.10534983694787695, 0.12074436593344454, 0.11220237476654124, 0.11659145478283521, 0.09615928060690196, 0.10384448039574953, 0.12448806815673123, 0.09753064807942412], [0.12348968443531892, 0.10473520870204861, 0.12230734013408716, 0.1126216448665891, 0.11677819372116764, 0.09568949804583829, 0.10310444022331719, 0.12424232736331814, 0.09703166250831498], [0.12284268263646707, 0.10569830718136854, 0.11991723677100066, 0.1118050561737315, 0.11626361517398351, 0.0964871127898554, 0.104339045879881, 0.12475971657612883, 0.09788722681758337], [0.12222569006836988, 0.10611079424216312, 0.11965386637507383, 0.11141855501906607, 0.11587838767907839, 0.0967293127864728, 0.104814101568336, 0.125, 0.09816929226143993], [0.12263677301602853, 0.10574169144192484, 0.11999055210328564, 0.11163073363232, 0.11606289243847893, 0.09653495669529746, 0.10444220364195374, 0.125, 0.09796019703071085], [0.1228247260577095, 0.10511063188415314, 0.1211539152450292, 0.11217144942973899, 0.11649894568228375, 0.09608213587342997, 0.10368597074511614, 0.125, 0.09747222508253929], [0.1232725561288869, 0.10475150709829335, 0.12218034454570648, 0.1124425467019174, 0.11659765196572255, 0.09585291368857263, 0.10325951513621623, 0.1244206378904694, 0.09722232684421503], [0.12279754873669184, 0.10515072165889604, 0.12107503383362174, 0.11212758839826295, 0.1164548074562303, 0.096158607951132, 0.10376442574220404, 0.12491630089557551, 0.09755496532738568], [0.12255549581150461, 0.10570839501978903, 0.12021706655370482, 0.11156157075351193, 0.11599317372192908, 0.0966295785764778, 0.10448663314056367, 0.1247762796821524, 0.09807180674036681], [0.1223701112581858, 0.10588222156702513, 0.12012470361570837, 0.11146246352550646, 0.11583985000643712, 0.09674478166344928, 0.10467656400227776, 0.12470192924082925, 0.09819737512058083], [0.12315646678762719, 0.104671033106679, 0.12223861341478384, 0.11234747185716076, 0.11643818648185271, 0.09591302647100276, 0.10328404585921933, 0.12464777229700603, 0.09730338372466836], [0.12275537322264063, 0.10490751076377433, 0.12157900338586004, 0.11208374324610337, 0.11631179501790687, 0.09615461334438201, 0.10363618004019569, 0.125, 0.09757178097913706], [0.122464846357566, 0.10562483726456916, 0.12054646490447643, 0.11156929877459879, 0.11595547571399, 0.09675388984165612, 0.10450252617120956, 0.1243701690443121, 0.09821249192762185], [0.12250475241904381, 0.10555939093633626, 0.12061493187366365, 0.11166188691954346, 0.11602453631688925, 0.09673298681541473, 0.10443334425717282, 0.12428308886524168, 0.09818508159669433], [0.12252363194440435, 0.10510099516062328, 0.12127451287124019, 0.11201463983262665, 0.11625902665086289, 0.09640325528293717, 0.10390283727742783, 0.12469202558849361, 0.09782907539138386], [0.12211003823531826, 0.10595127471325168, 0.12036674308534771, 0.11126828121339946, 0.11560750708199143, 0.09694235461782838, 0.10487059791440627, 0.12445351803123088, 0.09842968510722606], [0.12308821137506971, 0.10457918513916843, 0.12238210614616969, 0.11234712797602975, 0.11632778799595359, 0.09594416772358884, 0.10325954925552415, 0.1247261975524742, 0.09734566683602185], [0.12247579743098709, 0.10534141341678714, 0.1208282177364625, 0.11182895016742979, 0.11612557985945986, 0.09664392716821293, 0.10422724065644957, 0.12444087514988866, 0.09808799841432249], [0.12175464747755133, 0.10615243439264774, 0.12027724210983895, 0.11105328503517968, 0.11544823904521687, 0.0971137303196886, 0.10513701323680857, 0.12443616577086172, 0.09862724261220641], [0.12218837679561916, 0.10578760058558313, 0.12058578138837553, 0.11128517121983413, 0.11566633879258788, 0.09689112073012855, 0.10474133182746564, 0.12447143692751293, 0.09838284173289305], [0.12239545988299104, 0.10550145864102624, 0.12077331276659832, 0.11158970565280144, 0.11593765004679846, 0.09674527922594993, 0.1044285122622858, 0.12441584690271813, 0.09821277461883075], [0.12294905417978148, 0.10462691050778257, 0.12218987592353069, 0.112201303141064, 0.11623726801396235, 0.09604633412629802, 0.10338301781369139, 0.12490192961196354, 0.09746430668192596], [0.12240560254162475, 0.10537734602856352, 0.12089996093904247, 0.11175191660275707, 0.11604816780485269, 0.09671102299337314, 0.10430023306755064, 0.1243393836277365, 0.0981663663944992], [0.12172918303977402, 0.10612143142670068, 0.1203812400891398, 0.11101133729449843, 0.11539243860493953, 0.09713157504563681, 0.10514062787531926, 0.12443765653649029, 0.0986545100875012], [0.12224243744103508, 0.10563465402287325, 0.12077402701133062, 0.11137169606937679, 0.11574822143967735, 0.0968619555497351, 0.10461522025145704, 0.124399503073827, 0.09835228514068764], [0.12285437600206726, 0.10463776057775231, 0.12211017318245385, 0.11212179369302575, 0.1161642057058158, 0.09611575580880566, 0.1034509048987491, 0.125, 0.09754503013133027], [0.12276394788389243, 0.1046774616709647, 0.12203992429987336, 0.11206497002853875, 0.11610402125952038, 0.0962293131072783, 0.1035497327230044, 0.12490301166486663, 0.09766761736206081], [0.1221853070085633, 0.10538931228714155, 0.12108777352999976, 0.11148676785786175, 0.11579552226168817, 0.0967829774662965, 0.1044140141678158, 0.12458250229651839, 0.09827582312411481], [0.12204914926481193, 0.10565906315489355, 0.12094228838974139, 0.11118524389529175, 0.11556061487589726, 0.09695301957067463, 0.1047239091978886, 0.12445585172151424, 0.09847085992928654], [0.12135424316569646, 0.10617132007604738, 0.1204864931965854, 0.11070985229425746, 0.11511332849564951, 0.09724259490368828, 0.10532068829616288, 0.12478931404147615, 0.09881216553043648], [0.12260794888989335, 0.10482671666046559, 0.1217877972834773, 0.11194314448720348, 0.11604804277536146, 0.09644295589260632, 0.1037787233938263, 0.12467134206873123, 0.09789332854843516], [0.12210531888876654, 0.10541607558969034, 0.12111822467204406, 0.11136144464009275, 0.11568566626578443, 0.09681013811600601, 0.10447623137305993, 0.1247084458099184, 0.09831845464463757], [0.1215585691569515, 0.10604666285813483, 0.12070480588819803, 0.11082035098496068, 0.11517003489010552, 0.09721045169972083, 0.10519342401691528, 0.1245251855511939, 0.09877051495381951], [0.12134848649805553, 0.10638329751760103, 0.12042993314788562, 0.11049269868068799, 0.11492261604591729, 0.09738121556881617, 0.10559205517882034, 0.12447146098222629, 0.09897823637998987], [0.12204639723736131, 0.10548632761266685, 0.12108396835692778, 0.111246288127424, 0.11559160363882899, 0.09685853202821182, 0.10456942668746166, 0.12473895767700345, 0.09837849863411433], [0.12227549828083666, 0.10498107869906965, 0.12145807008070192, 0.11170996184466896, 0.11589069982687576, 0.09658931996660824, 0.10402634513175592, 0.125, 0.09806902616948292], [0.12121126141616705, 0.10630280241173291, 0.12055350732093245, 0.11043984070246277, 0.11485289734757466, 0.09740273302342796, 0.10556775582133365, 0.12465930651665073, 0.0990098954397177], [0.12115267654862322, 0.10615101755766149, 0.12066112816781348, 0.11051617323457116, 0.11491582475915002, 0.0973030639929809, 0.10539892364154102, 0.125, 0.0989011920976587], [0.12257082662868597, 0.1045666910201392, 0.12216110771224555, 0.11203929675626148, 0.11590744462392698, 0.0963605826789791, 0.1035784131744884, 0.12500000000000003, 0.09781563740527349], [0.12245500004128795, 0.10482691118810959, 0.12176534769793652, 0.11186214519262176, 0.11590595167085951, 0.09662305736268692, 0.1039027855665754, 0.12457086037947396, 0.09808794090044835], [0.12141089638879687, 0.10600049316585589, 0.12097067636931447, 0.11067528402909119, 0.11499620305511461, 0.09730385488115746, 0.1052530678647261, 0.12450471930912316, 0.09888480493682028], [0.12182807589160703, 0.1053999528549124, 0.1213599893368442, 0.11107807341465294, 0.1154036768073652, 0.09689946576818928, 0.10458884842683801, 0.125, 0.09844191749959094], [0.12227985812403368, 0.10491030284250243, 0.1217767091006197, 0.11170163663379702, 0.11579997158133383, 0.09671464770753828, 0.10403883983785131, 0.12458290719734733, 0.09819512697497638], [0.12174346859629097, 0.10555872380954538, 0.1213375223655683, 0.11094708881915123, 0.11529185700655115, 0.09704823152534284, 0.10478291570576295, 0.12468895306570857, 0.09860123910607863], [0.12119269700803562, 0.10607400345711598, 0.12093209571277816, 0.1105055728100672, 0.11486613573064972, 0.09737552186575874, 0.1053843167645232, 0.1246947293379011, 0.0989749273131703], [0.12166792906540065, 0.10551375626112823, 0.12145538806010633, 0.11090659855978946, 0.11523642292253178, 0.09706973831935055, 0.10478005406684278, 0.12474168794348944, 0.09862842480136079], [0.12171693965947095, 0.10536764700538, 0.1215728734073108, 0.1110698012411086, 0.11535648503017247, 0.09699098764575352, 0.10461632015943859, 0.12477299697104069, 0.09853594888032441], [0.12091813151858982, 0.10618878766377736, 0.1209470867113997, 0.1103158059670217, 0.11468779233417704, 0.09751169075839879, 0.10558525870619478, 0.12471096831977231, 0.09913447802066859], [0.12172145195290959, 0.10518414749602781, 0.121674661444577, 0.11124702431128956, 0.11547979685429097, 0.09687788428097985, 0.10440839895181285, 0.125, 0.09840663470811234], [0.12091601394129665, 0.10626462271034734, 0.1209095032583341, 0.1102361531161015, 0.1146159164586286, 0.09757342549423217, 0.10568955197709029, 0.1245889247281082, 0.09920588831586116], [0.12220315062968612, 0.10484956827676577, 0.12199189842404277, 0.11165314046768282, 0.11569054698686826, 0.09678229913733263, 0.10404545967191262, 0.12451629727851166, 0.09826763912719735], [0.12139154162652444, 0.10571568021314826, 0.12141395653778542, 0.11058168530209611, 0.11490707195780403, 0.09721411094107368, 0.10506393863492448, 0.12490587545406079, 0.09880613933258293], [0.1213176885586864, 0.10578458131190703, 0.12136013501613069, 0.11052553077546681, 0.11483108161801443, 0.09725952241411179, 0.10514641191132065, 0.12491684628003152, 0.09885820211433052], [0.12134452884974076, 0.10573774616581016, 0.12139097155014511, 0.11053650915959562, 0.11485414473823045, 0.09722137842121309, 0.10509603374269363, 0.12499999999999999, 0.09881868737257103], [0.12157254190843751, 0.10521522150631535, 0.12184850533147576, 0.11112557917540458, 0.11534509217924571, 0.0970018928883681, 0.10451693131821858, 0.12483100934481568, 0.09854322634771873], [0.1214936602937622, 0.10549523389040164, 0.12168526474449136, 0.11080021702811503, 0.11510249483627995, 0.09718406185643902, 0.10485373329952208, 0.12463003364598092, 0.0987553004050078], [0.12149732198564378, 0.1054271428728424, 0.12176634939718312, 0.11086287799124224, 0.11514256787963854, 0.09716026471223072, 0.10478673666136937, 0.1246302716986626, 0.09872646680118727], [0.12211876176451043, 0.10463477581924667, 0.1222101286118787, 0.11167585259649242, 0.1155441094607716, 0.09671617884453422, 0.1038952337042606, 0.12499999999999997, 0.09820495919830519], [0.1211425891579084, 0.10562047708024837, 0.1219015167691963, 0.11040980472484213, 0.11472528890004174, 0.09739387978586192, 0.10513385790014208, 0.12466835317613827, 0.0990042325056208], [0.12060074342568941, 0.10602822980707913, 0.12149238001968758, 0.10998047115119042, 0.11431376100806567, 0.0976364184607953, 0.10564932317001974, 0.125, 0.09929867295747274], [0.1212599500749719, 0.10545047854489495, 0.12205049724427733, 0.1107048720848541, 0.11495294467389802, 0.09734885859813294, 0.10493167333823379, 0.12436858157905596, 0.098932143861681], [0.12114335319392139, 0.10556590348509949, 0.1220045742756105, 0.11046221306250531, 0.11476016087351015, 0.09740741660838462, 0.10509274469093739, 0.12455033044456984, 0.09901330336546138], [0.12188848002972098, 0.10470810819646097, 0.12245284014027154, 0.11146986498703229, 0.11536412696625582, 0.0968967037794231, 0.10406971200275622, 0.12474600165957732, 0.09840416223850178], [0.12078432115418739, 0.10586016098776982, 0.12180009526546541, 0.1101056421644444, 0.11436061002808372, 0.09761220722793873, 0.1054865277334827, 0.12473103833791521, 0.09925939710071248], [0.12071615131201427, 0.10586318340559374, 0.12183212723708273, 0.11004469861486589, 0.11430442617821225, 0.09763679629159686, 0.10551914913075405, 0.12479248368696491, 0.09929098414291532], [0.12083572283040941, 0.10563009123525788, 0.12209575155182377, 0.11012093220490814, 0.1144085959497151, 0.09749345715837694, 0.1052780226524153, 0.125, 0.09913742641709343], [0.1210821842221922, 0.10535262451149047, 0.12238206153682057, 0.1106911819448512, 0.11487947476808875, 0.09743022202385448, 0.10491401766308033, 0.12425192835230064, 0.09901630497732133], [0.12105875700662119, 0.10540375731638695, 0.1223492183143053, 0.1106115440816626, 0.11481877052466173, 0.09746359342825335, 0.10498246220465698, 0.1242542955341129, 0.09905760158933902], [0.12051924714311307, 0.10582516758292655, 0.12201527026630675, 0.10986299158899303, 0.11411824029067567, 0.09770109359764252, 0.10558191430923432, 0.125, 0.0993760752211081], [0.12127450192286528, 0.10506312238827724, 0.12261006972108095, 0.11087066913702086, 0.11496547097822882, 0.0972822555748385, 0.10461626315430818, 0.12446867659262939, 0.09884897053075099], [0.12086964226409931, 0.10544607886135282, 0.12243564977658686, 0.11036066857881295, 0.11458944425872433, 0.09754965363990396, 0.10511770815357914, 0.12446182584072171, 0.09916932862621891], [0.12069268939873104, 0.1056174328215199, 0.12232994883055845, 0.110031528021343, 0.11430408981930541, 0.0976177559594701, 0.10535078645905041, 0.12478454468762074, 0.09927122400240115], [0.120319811801278, 0.10586230245982403, 0.12219790347583549, 0.10972023332173046, 0.1139592552298948, 0.09787099881627592, 0.10572673799440728, 0.12478024337829574, 0.09956251352245817], [0.12104470659761583, 0.10508620821036287, 0.12275757895154181, 0.11067125475834606, 0.11477287945004505, 0.09738161862967723, 0.10473094877872602, 0.12458556047371282, 0.09896924414997228], [0.12100634704930317, 0.10497050826466177, 0.12296075189831371, 0.1106105199351659, 0.11468237253365691, 0.0973525024011706, 0.10466037895985922, 0.12481130476831132, 0.0989453141895574], [0.12118990411483786, 0.10477743415958665, 0.12308189837968801, 0.11076128713438027, 0.11476928295757764, 0.09720982381522932, 0.10442689208811315, 0.125, 0.0987834773505871], [0.11989131617947021, 0.10599394134779082, 0.12229280439239795, 0.10931549002835281, 0.11359251629851339, 0.09806453173825211, 0.10604278237235305, 0.12500000000000003, 0.09980661764286976], [0.12088836952326737, 0.10500346476434297, 0.1230031009230818, 0.11051380956829099, 0.11459229242129321, 0.09741858369457136, 0.10473784211738073, 0.12482081044292154, 0.09902172654484984], [0.12030521259594186, 0.10550511818449868, 0.12283598009301909, 0.10971870937457726, 0.11397087658112504, 0.0977692886423664, 0.10543862729398903, 0.125, 0.09945618723448263], [0.12086331768284798, 0.10491548601143487, 0.12315526704171444, 0.1104748333566637, 0.11453232338602533, 0.09738751006230485, 0.1046776158548653, 0.125, 0.09899364660414352], [0.11991042142936069, 0.1058145065603627, 0.12261149132409078, 0.10936205004033471, 0.1135881823097544, 0.09804624590868623, 0.10588843528781101, 0.125, 0.09977866713959947], [0.12035625242248897, 0.10533442944461867, 0.12298457864151036, 0.10990306344742183, 0.11410940272328232, 0.09769836502916426, 0.10524710636470942, 0.125, 0.09936680192680414], [0.12046599438685753, 0.10522946028280772, 0.12312061225299034, 0.1102000222367384, 0.11432941935651661, 0.09768087466262468, 0.10508698812089394, 0.12456853400700686, 0.09931809469356397], [0.12077188432193524, 0.10491868194914894, 0.12329618401959822, 0.11041222516655907, 0.11445055320261953, 0.0974700560279878, 0.10473120613186652, 0.12486737230511272, 0.09908183687517196], [0.12078167751255701, 0.10489645375880634, 0.12336450329428718, 0.11042999538842431, 0.11445033169202372, 0.0974809968736971, 0.10471477544019013, 0.12479127395812896, 0.09908999208188526], [0.12051316631386787, 0.10501379853716959, 0.12333586282596594, 0.11018227841490907, 0.11426459702672599, 0.09757339652004679, 0.10490583305636078, 0.125, 0.09921106730495398], [0.12074187135952526, 0.10488280999571666, 0.12348240868778745, 0.11041422217877604, 0.11441090423879322, 0.09753169105614204, 0.10472959372322967, 0.12466548010708745, 0.0991410186529422], [0.12018887000008721, 0.10524622948782406, 0.12335730924006764, 0.1099587657991305, 0.11408171047411063, 0.09782670732640973, 0.10522979968929043, 0.12462170043145446, 0.09948890755162534], [0.12064264073299114, 0.1048977329641592, 0.12358292261929178, 0.11033992430438423, 0.1143290192251924, 0.09760432674571973, 0.10479047048569323, 0.12459199251699904, 0.09922097040556925], [0.11988047455922099, 0.10561578082600095, 0.12315200952745486, 0.10939448677853784, 0.11358125014703505, 0.09810344888418701, 0.1057615836252357, 0.12468259845562017, 0.09982836719670744], [0.1201338204980791, 0.10526105038970149, 0.12339539368148317, 0.10989770395367447, 0.114021967267839, 0.09786690442761607, 0.10527421100080668, 0.12461347504233906, 0.09953547373846093], [0.11996399640602687, 0.10568930060439585, 0.12302033629942082, 0.10917285032662058, 0.11334200329677097, 0.09814929392596115, 0.10590835814730086, 0.12485193772086328, 0.09990192327263961], [0.11992309514496742, 0.10547559010455024, 0.1233540631461182, 0.10947090413887318, 0.11367589742355602, 0.09803863076561113, 0.10560853562185256, 0.1247019199091851, 0.09975136374528615], [0.11996160200724178, 0.10561251772978372, 0.12313588818135138, 0.1091233653667283, 0.11329370232319548, 0.09812694952917835, 0.10586175488225914, 0.125, 0.09988421998026188], [0.12010750338397327, 0.10506790206529083, 0.12367559758619139, 0.10984233450203834, 0.11392634110100565, 0.09778844025426649, 0.10513033339543212, 0.125, 0.0994615477118019], [0.11985002397243166, 0.10533335549783138, 0.12353171162051359, 0.10946974129493554, 0.11364608239657689, 0.09798048616631674, 0.10549447269543952, 0.125, 0.09969412635595466], [0.11989319443631938, 0.10556719930392779, 0.12334519799273569, 0.10917643280531537, 0.11334944957492753, 0.09816784359060925, 0.1058267601051297, 0.12475679287015545, 0.09991712932087983], [0.11991552212487828, 0.10517695436976121, 0.12373653687952005, 0.10970922230036731, 0.1138007060493359, 0.0979529320748213, 0.1053099384535431, 0.12475789792174177, 0.09964028982603108], [0.11999328929117636, 0.10509201671702811, 0.12379506812044817, 0.10975803019553582, 0.1138321873950866, 0.0978825618964973, 0.1052096394719494, 0.12487309039012313, 0.0995641165221551], [0.11988196985824066, 0.10517007281109511, 0.12379222090291435, 0.10968122100499827, 0.11376638464787509, 0.09797604159623945, 0.10532302745535956, 0.12474295890031382, 0.09966610282296368], [0.12008944827902567, 0.10554493372205173, 0.12343293302641659, 0.1089725749712262, 0.11313130790077629, 0.0982214797247041, 0.10590204594502008, 0.12471101282921859, 0.09999426360156075], [0.12005644578122913, 0.10502598047186223, 0.12392039900327541, 0.10983434558439004, 0.113856919216361, 0.09791101646955254, 0.10515219207261552, 0.12466047639243535, 0.0995822250082788], [0.11962090421101702, 0.1053163841284126, 0.1238577343813597, 0.10939017344219874, 0.11350778213495417, 0.09817707846446867, 0.10558947694968542, 0.12464215205146303, 0.09989831423644065], [0.12500000000000003, 0.11229097134793999, 0.11323021373477776, 0.10855592267582524, 0.11419736468279756, 0.1009799563210916, 0.1110205295191858, 0.11249697627670956, 0.10222806544167264], [0.1249161444750523, 0.1123293208579867, 0.1131982005315022, 0.10850940416168708, 0.1141523639645882, 0.10105520089243691, 0.11110198832017597, 0.11242858586791239, 0.10230879092865824], [0.12499999999999999, 0.11180275578179985, 0.11393556294332727, 0.10870624635616996, 0.11426665832590446, 0.10055619038168857, 0.11053543256774533, 0.11334596441803088, 0.10185118922533352], [0.125, 0.11146454000864266, 0.11439037837842135, 0.10887338971717987, 0.11444368654783947, 0.10021223488505282, 0.11013021655773193, 0.11396499882175838, 0.10152055508337354], [0.125, 0.11234960121048325, 0.11315974711574005, 0.10803780445229762, 0.11369553020143591, 0.10138604188314042, 0.11153126876910618, 0.11211401958093177, 0.10272598678686479], [0.125, 0.1128241366191005, 0.11252019457046218, 0.10767071578764552, 0.1133742277217249, 0.10192675999302019, 0.11215676562469196, 0.11126206198237816, 0.1032651377009766], [0.12490928326686393, 0.11183102966704007, 0.11395960996685463, 0.1082526795798326, 0.11382853402104216, 0.1008998906248991, 0.11096581358952767, 0.11306957249238161, 0.10228358679155808], [0.125, 0.11179535581280298, 0.11399562702209183, 0.10815865170297648, 0.11373667911811773, 0.10092247954691708, 0.11100918994798308, 0.11305442325236577, 0.10232759359674508], [0.12452809412215016, 0.11112809323569658, 0.11506984372759402, 0.10854261557691526, 0.11407219896418964, 0.10029113967956829, 0.11020629305576413, 0.11443789704642797, 0.10172382459169396], [0.12480507024425043, 0.11179820380763929, 0.11404583728553246, 0.10801224991967984, 0.11358320427595835, 0.10107221878099922, 0.11117406683829438, 0.11299645901959135, 0.10251268982805468], [0.12467724095720929, 0.11109737880227338, 0.11510873878767183, 0.108348526733143, 0.11387717217056516, 0.10036989748630114, 0.11032776448915341, 0.1143512370029911, 0.10184204357069154], [0.12500000000000003, 0.111238169929335, 0.11483562943310462, 0.10818020382617133, 0.11371927089821876, 0.10051906845674914, 0.11054675725512324, 0.11396245308264973, 0.10199844711864836], [0.12471956643807124, 0.11140325078768415, 0.1146704789670277, 0.1080823620160534, 0.11360135380419797, 0.10076749775643097, 0.11081169131218488, 0.11368993271405047, 0.10225386620429923], [0.12499999999999999, 0.11275860092212919, 0.11268701941864831, 0.1069307220888643, 0.11261579119205356, 0.1023665490569628, 0.11272959236030344, 0.11102710211321729, 0.10388462284782098], [0.12