[[0.10417494847897892, 0.10213241581970064, 0.10615642861763364, 0.11536649072569019, 0.11837437345482606, 0.12471439242710917, 0.10594618088305227, 0.10020259287277317, 0.12293217672023594], [0.10365018456535115, 0.10168479686700513, 0.10603360780824744, 0.11600153940577601, 0.1189353641814741, 0.12487479228631063, 0.10568134783673391, 0.09963250260926425, 0.12350586443983759], [0.10414813942158972, 0.10224844419025601, 0.10617145486127828, 0.11537221181260944, 0.11824086991667009, 0.12484116664296485, 0.1059207315922207, 0.1002916576564291, 0.12276532390598183], [0.10405178370943603, 0.10215866158229257, 0.106148826736879, 0.11549706021085417, 0.11835032429959123, 0.12480988432987226, 0.1058701408926721, 0.10017902193414575, 0.12293429630425687], [0.1035908963213959, 0.101722633330048, 0.10603327579650773, 0.11605888265280745, 0.11889716956605371, 0.125, 0.10564917974853825, 0.09964319370398475, 0.12340476888066422], [0.10372138532689648, 0.10192179114135841, 0.10610420457197033, 0.11596216349387896, 0.11873578291730227, 0.12469705382200547, 0.10572754013819899, 0.09985359241468247, 0.12327648617370664], [0.10405636182457755, 0.10224193345057898, 0.10615043147258926, 0.11544301126185968, 0.1182244068510018, 0.125, 0.10586110408088567, 0.10025384576509709, 0.12276890529340999], [0.10401826196084414, 0.10233591153703145, 0.10618924673674747, 0.11554330029954865, 0.11820493319073039, 0.12481679093640359, 0.10585793700995717, 0.10031453644188267, 0.12271908188685444], [0.10426130367094746, 0.1026664345293393, 0.10626658055286978, 0.11520867402826945, 0.1177955218878057, 0.125, 0.10597095278308595, 0.10068888903699082, 0.12214164351069151], [0.10376495915547167, 0.10225359428946751, 0.10614699112308916, 0.11582112823804545, 0.11832998318980306, 0.125, 0.10572846369047742, 0.10015179225494134, 0.12280308805870443], [0.10351993502505909, 0.10209895764302276, 0.10618852924732462, 0.1163541962837918, 0.11873573099616881, 0.12446409502777006, 0.10567062003441102, 0.09991968683000331, 0.12304824891244852], [0.10423446021664834, 0.10274429759378328, 0.10629771264075798, 0.11528128441069968, 0.11776546576309256, 0.12485513338022838, 0.10596987844076257, 0.10074090157658848, 0.12211086597743873], [0.1036293744013196, 0.10225706049737202, 0.10622750185271833, 0.11622073967278526, 0.11857157496301247, 0.12442022338139867, 0.1057236998338436, 0.10009103086159082, 0.12285879453595924], [0.10369048611417561, 0.10239898461198842, 0.10622854418883972, 0.11605471747631918, 0.11834622486318842, 0.12462818255845587, 0.10573121500070154, 0.1002390413634202, 0.12268260382291107], [0.1031558625980961, 0.10196473873710558, 0.10609051689826428, 0.11664985744138949, 0.11875717454043115, 0.125, 0.1054588128089744, 0.09968437772077697, 0.12323865925496198], [0.10390840733973006, 0.1025951712539515, 0.10627369983028313, 0.11576019364771584, 0.11808743913819293, 0.12458111452832085, 0.10583110428942083, 0.10048967727452364, 0.12247319269786106], [0.1032700994895125, 0.10211051616654129, 0.10614777223357853, 0.11656824016837078, 0.11866424231353138, 0.1247821276295649, 0.10552871959189161, 0.0998458101689899, 0.12308247223801905], [0.10349323462484186, 0.10233919661682411, 0.10624650351687653, 0.11640336288551248, 0.11852552110702035, 0.12439610032399513, 0.10566417163981182, 0.1001147395179308, 0.12281716976718696], [0.10423638836259909, 0.10296302817466665, 0.10633682205938814, 0.11523601767886993, 0.11752652441238287, 0.125, 0.10596677423177564, 0.10094416907082412, 0.12179027600949355], [0.10354383743386995, 0.10242450734096646, 0.10625303317157654, 0.11630154574588933, 0.11840634401535427, 0.12454430185961847, 0.10567911689263781, 0.1002104499305611, 0.12263686360952608], [0.1038405960797351, 0.10268883297454914, 0.10630367917778186, 0.11587385959752372, 0.11805080071240484, 0.1245145507476637, 0.10580854915479329, 0.10054996184125618, 0.12236916971429217], [0.10355776146775199, 0.10247064193046031, 0.10625214575847311, 0.11625162934388898, 0.11833342543573519, 0.12466279942241973, 0.10567813294162182, 0.10025881759315503, 0.12253464610649384], [0.10429441662297002, 0.10306183857338379, 0.10637857469573657, 0.11520541994068544, 0.11745791547284908, 0.12485873643720218, 0.10600733475450895, 0.10105047888612312, 0.12168528461654086], [0.10361661432496151, 0.10256407748664521, 0.10624641815393487, 0.11609716944695168, 0.11816631993917072, 0.12484529043625332, 0.10568709446012248, 0.10036800887124572, 0.12240900688071465], [0.10380602371744418, 0.10274244925955671, 0.10631609720321859, 0.11591944191521959, 0.11801440963733402, 0.12452525923072648, 0.10579419860079026, 0.10058693974121352, 0.12229518069449666], [0.10399973767094561, 0.10292826783097658, 0.10633406890024567, 0.1155788061802524, 0.11769857731308268, 0.12478890551322562, 0.10586590703609956, 0.10082788849547751, 0.12197784105969436], [0.10418104057941788, 0.10307807751477284, 0.10638422008976495, 0.11536703770984218, 0.11751386925391297, 0.12474326097245811, 0.10595933892733038, 0.1010244786685836, 0.12174867628391707], [0.1033477409129764, 0.102465851946217, 0.10624799929596931, 0.11652155294832389, 0.11836764571623602, 0.12459751450959636, 0.10558186298862066, 0.10018697029435707, 0.12268286138770307], [0.10354893500065934, 0.10262009989908259, 0.10624639188581884, 0.11615072091082673, 0.11810126669640458, 0.125, 0.10564893718855901, 0.1003988828691633, 0.1222847655494856], [0.10402965781907225, 0.10300712752749328, 0.10634999023419324, 0.11552725723313859, 0.11760610553526725, 0.12483174360810727, 0.10587898317237045, 0.10091081006867406, 0.12185832480168365], [0.10389383421053348, 0.10291763249088166, 0.10634991824200807, 0.11577609315746604, 0.11780364492545349, 0.12459134592139336, 0.10583169163470994, 0.1007773854051423, 0.12205845401241168], [0.10375529005902696, 0.10282315772994105, 0.10633072505645587, 0.11597422607838441, 0.11794749009283602, 0.12458203536325416, 0.10577034953918414, 0.10064391016893462, 0.12217281591198279], [0.10360987735839602, 0.10272731192685566, 0.10628535206484076, 0.1161066564393081, 0.11802125026048435, 0.12484585608448322, 0.1056878317959748, 0.10051323027819833, 0.12220263379145878], [0.10426013336639758, 0.10323755526784197, 0.10640456892473026, 0.11519787094707626, 0.11727607208960268, 0.125, 0.10598556753582508, 0.10120324468946915, 0.12143498717905703], [0.10393973943900084, 0.1030278672518553, 0.10633483389627477, 0.11559122650580005, 0.11757441465999177, 0.125, 0.10582585724358018, 0.10090318468683465, 0.12180287631666246], [0.10423985930304469, 0.10327112236805622, 0.10641844837192291, 0.11524166404987132, 0.11727530291770494, 0.12491332269903299, 0.10598166417683319, 0.10122508478051155, 0.12143353133302238], [0.10349337046485915, 0.10279162618618987, 0.10631511141987848, 0.11630210799915806, 0.11802525110853866, 0.12470479553388478, 0.10564724445684127, 0.10052974024961857, 0.1221907525810312], [0.10369736971649209, 0.10293922955679195, 0.10636134256901676, 0.11605868267264904, 0.11786843503129182, 0.12458236099387861, 0.10574936517185396, 0.10072882682799879, 0.12201438746002682], [0.10390162808584409, 0.10307049999867723, 0.10636187673183783, 0.11569060546562854, 0.11759841567290308, 0.1248300625154865, 0.10582181460761582, 0.10092467258794682, 0.12180042433406012], [0.10303314067622726, 0.10245948572321306, 0.10618055775596646, 0.1167547477122411, 0.11825347462288516, 0.125, 0.10539480215188822, 0.10009222496578368, 0.12283156639179506], [0.10359258267282243, 0.10290754627858219, 0.1063492600893755, 0.11618675690550527, 0.11791400870142192, 0.12467778207626938, 0.10569878072584706, 0.1006659980728415, 0.12200728447733494], [0.10322153444549165, 0.10266017635756958, 0.1062366921786729, 0.11653144984484985, 0.11807828945748476, 0.125, 0.10548993471026027, 0.10033146210042586, 0.12245046090524515], [0.10347308891607922, 0.10287231264767059, 0.10634376142887869, 0.11635455854065808, 0.11797795430606495, 0.1245933039979364, 0.10564651742050205, 0.10059395891606171, 0.12214454382614824], [0.10398518880519256, 0.1032505725364013, 0.10639992803124851, 0.11555399201854272, 0.11738722880357338, 0.12468103143151064, 0.10585978176808532, 0.10111905463129178, 0.12176322197415378], [0.10356981503712116, 0.10312878472496988, 0.10639642615087308, 0.11619522989615304, 0.11770600810067461, 0.12441498188685302, 0.10569008763209117, 0.10085954022775592, 0.12203912634350811], [0.10413975616494382, 0.1034638894497651, 0.10640946263088072, 0.11520319991884943, 0.11700094115611759, 0.12470876947260988, 0.10590440627638045, 0.10138040893707045, 0.12178916599338269], [0.1028681790603096, 0.1027228574033172, 0.10623754235655256, 0.11695377860276239, 0.11803947585374665, 0.12485957482448337, 0.10532208531882317, 0.10027697471605683, 0.12271953186394821], [0.10283630404652742, 0.1027143346880583, 0.1062444459143384, 0.11701969923800114, 0.11807235525231186, 0.12475971517919722, 0.10531346536525706, 0.10025778150352406, 0.12278189881278452], [0.10397270138470888, 0.10336885001337102, 0.10634454424397777, 0.11531547116912799, 0.11705491932142659, 0.125, 0.10579917429455213, 0.10124430129071987, 0.12190003828211576], [0.10305783905737692, 0.10285787894912585, 0.1062900484144315, 0.1167610435631344, 0.11792879751527846, 0.12474636813401226, 0.10542493968912174, 0.10045515061192838, 0.12247793406559047], [0.10335781005460219, 0.10306463209326848, 0.10635908055850027, 0.11641655835081481, 0.11775240746875416, 0.12446113240934904, 0.10557847392252305, 0.10073540484808594, 0.12227450029410204], [0.1028888861051255, 0.10277489762893287, 0.10623538721072533, 0.11688591705860084, 0.11795815069199642, 0.12500000000000003, 0.1053228118794621, 0.10033267537829826, 0.12260127404685885], [0.10376081895821765, 0.10330981623892432, 0.10639380955031631, 0.11579707316550686, 0.11737196084555841, 0.12440041655993415, 0.10574805913533167, 0.1010993587547999, 0.12211868679141076], [0.10392209746789004, 0.10338380546516093, 0.1063576434140809, 0.11541266442685194, 0.11709329972824742, 0.12481766909260518, 0.1057839417830867, 0.1012372494838939, 0.12199162913818301], [0.10335530512130978, 0.10316816738046336, 0.10635752203453017, 0.11634088383371331, 0.11759931878324112, 0.12441559793263693, 0.10556193551953012, 0.10083335536803784, 0.12236791402653738], [0.10330470177510465, 0.1031672446615549, 0.1063643245530298, 0.11642789451936386, 0.11762331294218642, 0.12430423289272031, 0.105543998381709, 0.10081423006443299, 0.1224500602098981], [0.10303929267142475, 0.10304241242199418, 0.1063060563604033, 0.11670118120664537, 0.11771121724587306, 0.12454061163775762, 0.10540194171269747, 0.10062010004297986, 0.12263718670022439], [0.10336652800754613, 0.10320869069190959, 0.10632591049124727, 0.11620541566139131, 0.11746513616076788, 0.12466604417306469, 0.10553973104688322, 0.10088245413971596, 0.12234008962747396], [0.1029003324435464, 0.10296677447382892, 0.10627323006369384, 0.11684356827795697, 0.11777425522512726, 0.12472285917787415, 0.1053271884620871, 0.1005098878114204, 0.12268190406446496], [0.10339051945343342, 0.10322092904963644, 0.10629569409439718, 0.11607691811592084, 0.1173703034627906, 0.12484268892876157, 0.10552806093295826, 0.10090891543141266, 0.12236597053068897], [0.10374134117451746, 0.10341137044004496, 0.10631820749817389, 0.11552132014505727, 0.11702442933513238, 0.12484697456917937, 0.1056730596435878, 0.10120980059875666, 0.12225349659555018], [0.10299298613874348, 0.10305982407185386, 0.10629793361029811, 0.11672625499028084, 0.11767947827212391, 0.12453713822568264, 0.10537310047589502, 0.10062298323203546, 0.12271030098308665], [0.10344480783368791, 0.10326486581064229, 0.1062943396572469, 0.11596691179954753, 0.11728808763992864, 0.1248202551938984, 0.10554528736336269, 0.10097000159978366, 0.12240544310190198], [0.10347372575010917, 0.10330278181589077, 0.10630185354581365, 0.11592093396120201, 0.11724197786127016, 0.12474907330862, 0.10555810062851713, 0.10101472954651342, 0.1224368235820635], [0.10355797287228281, 0.1033643444987784, 0.10632914936118375, 0.11583990442198605, 0.11719254050830505, 0.124578485925372, 0.10560585979791225, 0.10109688946826866, 0.12243485314591103], [0.10363423524250533, 0.10340566241444674, 0.10630159008556209, 0.11562255241075566, 0.11703213077635422, 0.12482453092712183, 0.10561499705493138, 0.10117044232295537, 0.12239385876536737], [0.10323798213887615, 0.10325785648144273, 0.10632254933708547, 0.11632946351284289, 0.11740776679650063, 0.12450072072553518, 0.10547304841189656, 0.10088682787655683, 0.12258378471926354], [0.10332007537107898, 0.10325073348085075, 0.1062551244157659, 0.11603042491466098, 0.11724537438529069, 0.12499999999999997, 0.1054646831325035, 0.10092253311873178, 0.12251105118111727], [0.10363783522935732, 0.10342519668851914, 0.10627718150560166, 0.11552923544617552, 0.11693615515884867, 0.125, 0.10559704017374845, 0.10119695171577443, 0.12240040408197482], [0.1031518382271759, 0.10326499504006727, 0.10633995049219165, 0.11648762203063989, 0.11744613845523738, 0.12425972792132181, 0.1054451945607903, 0.10086126938084616, 0.1227432638917296], [0.10328028695097144, 0.10327780662219868, 0.10627162118486723, 0.11611077848284579, 0.11725358140388815, 0.124858287586789, 0.10545447509810486, 0.1009312162462883, 0.12256194642404637], [0.10333717589071366, 0.10334280593471266, 0.10626766549766832, 0.11597291528823146, 0.11713503295113885, 0.12481919816858243, 0.10546826620578263, 0.10101405832775184, 0.12264288173541817], [0.1034525187943981, 0.10344273159953743, 0.1063044962859245, 0.11584781515984444, 0.11704499938528276, 0.12456572808149056, 0.10553122690928053, 0.10114177003912264, 0.12266871374511902], [0.10319306053257493, 0.10340389827427406, 0.10627481528976009, 0.11613814459209235, 0.11709333817931168, 0.12464184868265435, 0.10540037222983482, 0.10102162793041697, 0.12283289428908055], [0.10350944740237097, 0.10356724414012392, 0.1062745819301887, 0.11558080258482412, 0.11676118912729519, 0.12474610950353174, 0.10551890771254765, 0.10129017022852102, 0.1227515473705967], [0.10333446971964241, 0.10352988113299867, 0.10621393905924045, 0.11566676011340021, 0.11672208100128148, 0.125, 0.10540467765642325, 0.1012070273411714, 0.12292116397584213], [0.10250368498510777, 0.10321101578083197, 0.1061448373232628, 0.11681245048814058, 0.11722101112526889, 0.125, 0.10502731430313014, 0.100634825996894, 0.12344485999736388], [0.10329019076533473, 0.10354545909197437, 0.10622629523366951, 0.11575067262397747, 0.1167433127737248, 0.12484454525773844, 0.1053913335811088, 0.1012033663411105, 0.12300482433136135], [0.1025082195656395, 0.10333968603075677, 0.10616092510418976, 0.11675242937033803, 0.1170777581654524, 0.12478203490164717, 0.10502294086432547, 0.10075472589126706, 0.1236012801063838], [0.10332088710082225, 0.10365243227421532, 0.10622990859932888, 0.1156308959205413, 0.11658162110247741, 0.12477613227128426, 0.10539296035822489, 0.10131730751850913, 0.12309785485459657], [0.10271888484616125, 0.10342468508774356, 0.10616232096623565, 0.11641646294634872, 0.11691596235918636, 0.125, 0.10510793713679116, 0.10090509013443084, 0.12334865652310247], [0.1029312296094358, 0.10350425968679519, 0.10616973274952972, 0.11609509668150339, 0.11675277978703183, 0.12500000000000003, 0.10519787024818028, 0.10105189738282144, 0.12329713385470248], [0.10273483362595184, 0.10347526925879723, 0.10617475497599076, 0.11639114966179222, 0.11686938971267674, 0.12491853838274407, 0.10511675979538587, 0.10095606194371619, 0.12336324264294504], [0.10327114060299378, 0.10371263693140129, 0.10623219872572234, 0.11565402830947387, 0.1165121104370946, 0.12465596033012621, 0.10536427599339619, 0.10135754809438592, 0.1232401005754058], [0.10288855933054064, 0.10363709151752282, 0.10613571933000222, 0.11593943375483273, 0.11648949278512905, 0.125, 0.10513783836351827, 0.10117302174294292, 0.12359884317551136], [0.10284307938886572, 0.10366399470528326, 0.10615328073500586, 0.11602924658810534, 0.11651183774290327, 0.12483525664183172, 0.10512576030593648, 0.10117891277885754, 0.12365863111321064], [0.1030121460621705, 0.10371887950284472, 0.10614340104707697, 0.1157279744338332, 0.1163552358902049, 0.125, 0.10518741240547078, 0.10129397370789954, 0.12356097695049936], [0.11075844935226634, 0.11845359690504058, 0.12348381887056872, 0.11363159926235233, 0.10212483464375441, 0.09091221610482182, 0.11591055204153289, 0.12486776252306353, 0.09985717029659952], [0.1100087814514301, 0.11791405109646474, 0.12290950648139681, 0.11486148149760038, 0.10257803925351575, 0.09104421256785021, 0.11525562574751501, 0.12500000000000003, 0.10042830190422712], [0.11028415279334905, 0.1181813727364195, 0.12338364973913209, 0.11425643215840399, 0.10230561230109644, 0.09091252359051231, 0.11556942864621167, 0.12499999999999999, 0.10010682803487483], [0.11070154124873553, 0.11854098662231442, 0.12340259976223462, 0.1136796660068964, 0.10208987454413601, 0.09092737173122903, 0.11584632388821975, 0.12494349058087775, 0.09986814561535644], [0.11064327442111653, 0.11859239904493128, 0.1233547928984588, 0.11372881473699616, 0.10207171653216664, 0.09093530800046598, 0.11578962855604766, 0.12500000000000003, 0.09988406580981705], [0.11077347389483855, 0.11882098380905762, 0.12318217830788421, 0.11371977363066138, 0.10205373738420324, 0.09107113534318853, 0.11584132741543612, 0.1246362094706845, 0.0999011807440457], [0.11000921220957169, 0.11838505874386872, 0.12304238260022081, 0.11460167638933087, 0.10243166012505686, 0.09120456485861979, 0.11528633738785772, 0.12461307348080557, 0.10042603420466799], [0.10973810337212818, 0.11818340139984558, 0.12249879514448626, 0.11522715820857789, 0.10268300381554632, 0.09137275605689292, 0.11493917477186762, 0.12457931845277105, 0.10077828877788433], [0.11043962197943649, 0.11906695075544074, 0.12296513364159087, 0.11406736951825297, 0.10204064945922721, 0.09121788981777745, 0.11552031291336885, 0.12458807689994167, 0.10009399501496374], [0.11015277955924681, 0.11908991987609926, 0.12290350347395569, 0.11435843777680278, 0.10215289222124838, 0.09134202112527329, 0.11528903893561773, 0.124388537301546, 0.10032286973021005], [0.11008599094625367, 0.11925629008120496, 0.12277354329506632, 0.1144439084399444, 0.10210022724366417, 0.09138979949024717, 0.1152009070268939, 0.12440340836630764, 0.10034592511041779], [0.11076253944377955, 0.11974183638259157, 0.12326285010828675, 0.11376594308877244, 0.10169163926264574, 0.09128735312908985, 0.11554336045992036, 0.12412853249377465, 0.09981594563113912], [0.10951285730699939, 0.11903426945664307, 0.12246791784163506, 0.11489199723063546, 0.10234525627130715, 0.09153391188116786, 0.11474594812960673, 0.12471797502730957, 0.10074986685469574], [0.1089801151378231, 0.1186940108177473, 0.12172758489696049, 0.11579480395770943, 0.10271938834171772, 0.09165353688277585, 0.11424067510167611, 0.125, 0.10118988486359], [0.10929354761774397, 0.11911481133764036, 0.1222236388241959, 0.11508538521895553, 0.10237499590393075, 0.09155875985050403, 0.11450052676865848, 0.12500000000000003, 0.10084833447837109], [0.1100600989587477, 0.11962519049821949, 0.12246671478921618, 0.11441014156890245, 0.10183719686052226, 0.09132277153922104, 0.11509982386105158, 0.12500000000000003, 0.10017806192411942], [0.11050286146034302, 0.11999889804326747, 0.12300572675648878, 0.11398566858557063, 0.10162382651583313, 0.09135071313794003, 0.11529978446904249, 0.12433114680444197, 0.0999013742270725], [0.10999322708939174, 0.11965697756090328, 0.12243236256128666, 0.11449771532042678, 0.10185953326226721, 0.09137644644265583, 0.11503793788224809, 0.12490242283328243, 0.10024337704753797], [0.10921063935799798, 0.1193803356980888, 0.12212785195984678, 0.11522858044150129, 0.10233350358077033, 0.09166643048787586, 0.11441751109926128, 0.12473714184026659, 0.10089800553439107], [0.10909042950865373, 0.11927045890969648, 0.121909304702438, 0.11540342398999892, 0.10253242296407315, 0.0917939296990481, 0.11423481740503706, 0.1246497015713774, 0.10111551124967715], [0.11036893623112892, 0.12025490854796828, 0.12286818478601653, 0.11407106752319396, 0.10149209647166184, 0.09136455894491896, 0.1150993352358523, 0.12459269278633579, 0.09988821947292319], [0.10995245247207786, 0.12021550839891584, 0.12238499096461739, 0.11447094561927616, 0.10159208139810647, 0.09139488243908156, 0.11487816827340976, 0.12500000000000003, 0.1001109704345151], [0.10922488110793596, 0.11976907091872524, 0.12202231853364376, 0.11535613151113283, 0.102242774552497, 0.09182334462600616, 0.11437669422173405, 0.12426022788824401, 0.1009245566400811], [0.10934032359752113, 0.11985168948208517, 0.12207044246617642, 0.1152746716181377, 0.10217565856821696, 0.09181297596855752, 0.11446231329784883, 0.12415830700250255, 0.10085361799895363], [0.10983101110624753, 0.12020189772422953, 0.1221072038782139, 0.11472622647247858, 0.1017547623235244, 0.09159440343437572, 0.1147891374636806, 0.12464023636098769, 0.1003551212362622], [0.10885311226334198, 0.11955183430285599, 0.12160174455195767, 0.11574174362876237, 0.10260093739818647, 0.09200750596618913, 0.11395553200066767, 0.12435740141951977, 0.10133018846851896], [0.11036977668059719, 0.12045717058540167, 0.12278944302374695, 0.11407436270234937, 0.10138788401462079, 0.09140341306466322, 0.11497252180753556, 0.12468340856169942, 0.09986201955938581], [0.10954885408513818, 0.12010602288364648, 0.12203882205987548, 0.11506842622739358, 0.1019382324386899, 0.091735087600007, 0.11458929149579287, 0.12434408268486445, 0.10063118052459197], [0.10859152761446796, 0.11944362040668842, 0.12118180500711183, 0.1160360981740628, 0.10282561982640136, 0.09219147934556039, 0.11376224212977014, 0.12433664247084927, 0.10163096502508796], [0.10887191640433273, 0.11980905755959655, 0.12169364490023013, 0.11569424024761399, 0.10240699582942105, 0.09194509556687865, 0.11402399216062552, 0.12437843121811462, 0.10117662611318679], [0.10924980957572338, 0.12003581897112926, 0.12194100653211026, 0.11534943695447593, 0.10209925439007046, 0.09181525244305928, 0.1143564053287036, 0.12431392091173281, 0.10083909489299499], [0.11015282589254885, 0.12056803803856798, 0.12262079295936498, 0.11423588533199597, 0.10136612460381518, 0.09141219625608377, 0.1148347613911337, 0.12488623309529001, 0.0999231424311994], [0.1094549872587178, 0.12018910339471418, 0.12195579048401926, 0.11518627794005636, 0.10197520487625907, 0.09180633003130313, 0.114496114920265, 0.12422484712573047, 0.10071134396893491], [0.10853771484952089, 0.11956450239061961, 0.1211508027888122, 0.1160996380163295, 0.10278312440371451, 0.09220358707962681, 0.1136935285655278, 0.12433821705164395, 0.10162888485420465], [0.10898037884670495, 0.12003250832772956, 0.12175857628902259, 0.11560986279256094, 0.10223667540470895, 0.0919246580952053, 0.11412483987112189, 0.12429413569656356, 0.10103836467638228], [0.1100337966917779, 0.12067301251462015, 0.12250649708425067, 0.11432903149736365, 0.10133634624730176, 0.09143263349992771, 0.11473162173021137, 0.12499999999999999, 0.09995706073454673], [0.10994527411239001, 0.12078867122552454, 0.12239752039595728, 0.11443883364733493, 0.10134715616746949, 0.09151458823645467, 0.1146462148340274, 0.12488711794228932, 0.10003462343855248], [0.10912327881856171, 0.12040351795858309, 0.12169301205171792, 0.11546444449455187, 0.10195936710637721, 0.09184776857040775, 0.11418564225532435, 0.12450948118389836, 0.10081348756057774], [0.10874895949222398, 0.12022669562550498, 0.1215287555953595, 0.11583656790010123, 0.10224821591160471, 0.09200682866761378, 0.1138959436664965, 0.12435988911791974, 0.10114814402317558], [0.1081587639795493, 0.11968073844151594, 0.12070339981195549, 0.11645219039416886, 0.10281000944970069, 0.09228732129518903, 0.11334835218711413, 0.12475170221982597, 0.10180752222098058], [0.10975515541623457, 0.12086720893587034, 0.12220710339681244, 0.11468000872375833, 0.1014461995498028, 0.09165753873417051, 0.11454792779345833, 0.12461626755549952, 0.100222589894393], [0.10896530257872998, 0.12043624004166169, 0.12159675570287012, 0.11559191054706712, 0.10197539849686288, 0.0918574937939534, 0.11404924171456451, 0.12465722299052251, 0.10087043413376764], [0.10829533523270488, 0.11993994684409943, 0.1209457424868569, 0.11635889854866695, 0.10267158109198773, 0.0922618773639347, 0.11341958135488169, 0.12444063381360415, 0.10166640326326357], [0.10787663893633506, 0.11960582619252079, 0.12069001961519828, 0.11682669585991039, 0.10302620133100933, 0.0924007999458085, 0.11310539050476376, 0.12437615106777121, 0.10209227654668267], [0.10882104958244114, 0.12039344124889022, 0.12152557846982534, 0.11572591212477568, 0.1020454157434651, 0.09189625177471411, 0.11393258927870666, 0.12469292720105127, 0.10096683457613037], [0.10941111826636324, 0.12084540495855393, 0.12180422775414752, 0.11503251027731286, 0.10151830694932934, 0.09167498423734154, 0.11431501915831081, 0.12500000000000003, 0.10039842839864085], [0.10782342343081035, 0.11975448582631489, 0.12053043637394426, 0.11680167883983447, 0.10294297167762038, 0.09244358632095202, 0.11302949321479665, 0.12459808491213677, 0.10207583940359023], [0.10791208556352928, 0.11988103028157, 0.12046095551878087, 0.11668291368021678, 0.1027621063545161, 0.0923233545039342, 0.11310276272501944, 0.125, 0.1018747913724333], [0.10990108574005847, 0.12116329217399642, 0.1221700701909271, 0.11448238069182932, 0.1011956759188309, 0.09163575282508778, 0.11440738697235256, 0.12500000000000003, 0.10004435548691759], [0.10962760396380211, 0.12116008977815992, 0.12202213581661311, 0.11482624239315192, 0.10139578797022368, 0.09179658841470346, 0.11435919794079619, 0.12449787052009091, 0.10031448320245878], [0.10811285788516346, 0.12024990506504692, 0.12076887228547159, 0.11657346347091525, 0.10260183359505425, 0.09234952793445458, 0.11320670922625427, 0.1244161227747512, 0.10172070776288863], [0.10861030643351756, 0.12071476986449252, 0.12126582830802919, 0.115891493323445, 0.1019256959784071, 0.09191843314282595, 0.11370265580499812, 0.125, 0.10097081714428453], [0.10941921387264393, 0.1212234897072273, 0.12181299513042278, 0.11504853868213429, 0.10146227087087815, 0.09185998024946433, 0.11422095364598513, 0.12451132078629264, 0.10044123705495159], [0.1084507215339347, 0.12068691771634144, 0.12116497647071785, 0.11611682035601009, 0.10210516424169941, 0.09208286317667115, 0.11356729685974845, 0.12463369850806288, 0.10119154113681403], [0.10789996744503622, 0.12020082478386697, 0.12050827333456675, 0.11676725523557807, 0.10267175254478275, 0.09240957961156925, 0.11304441136978263, 0.12463985204854511, 0.10185808362627226], [0.1084006187269667, 0.1208251125319281, 0.12107544593781323, 0.11616576981660326, 0.10204886284740933, 0.09210339482916437, 0.11350033902850906, 0.12469575688795706, 0.10118469939364887], [0.10860694038807435, 0.12096695700442102, 0.1211364941876734, 0.1159571167555521, 0.10189664458249371, 0.09203899081832875, 0.1136515103980138, 0.12473286280761481, 0.10101248305782802], [0.10766331278280884, 0.12021498491200404, 0.120180799370739, 0.11704172758981553, 0.10279080665123068, 0.09254631419465054, 0.11282503701465779, 0.12465875881068354, 0.10207825867340992], [0.10883257982806128, 0.12109087176067622, 0.12114587671563246, 0.11568270365943768, 0.10170531667122273, 0.09194082275398006, 0.11380844932306262, 0.125, 0.10079337928792695], [0.10756559776112531, 0.12016959461095561, 0.1201772829774438, 0.11715072466986258, 0.10287567790877612, 0.09261237530243481, 0.1127375936796127, 0.12451456746354958, 0.10219658562623948], [0.10936936598553801, 0.1214771836626986, 0.12172458312795588, 0.11508216587904563, 0.10140163794811458, 0.09195398240717466, 0.1140976111218704, 0.12443353114692811, 0.10045993872067413], [0.1079885689322977, 0.12076901098072741, 0.12074256477492636, 0.11657630337104376, 0.10224741874379756, 0.09221685257366, 0.1130918711195798, 0.12488894726890262, 0.1014784622350649], [0.10791755431774855, 0.12070431254416641, 0.12065421818198649, 0.11667024480599238, 0.10232239152198315, 0.09226130718786806, 0.11299886937387033, 0.12490186383468688, 0.10156923823169776], [0.10793010276239023, 0.1207406033269275, 0.12068579137785608, 0.11662639795733534, 0.10226657436005383, 0.09221550689355679, 0.11302580175027604, 0.125, 0.10150922157160416], [0.1086861504694116, 0.12129440317050097, 0.1209699193007735, 0.11586929553452363, 0.10173662177164036, 0.0920792091190748, 0.1136475467761315, 0.12480129706633479, 0.10091555679160874], [0.10827236173030809, 0.12109517325555415, 0.12086945924647341, 0.11633578806524818, 0.1020229817834324, 0.09223224909008258, 0.11334053404344818, 0.12456417197683646, 0.10126728080861655], [0.10835273348102288, 0.12119219220284046, 0.12087539709998772, 0.11625603883860992, 0.10195184571995608, 0.09221712574411095, 0.11339231212698557, 0.12456462386275233, 0.10119773092373407], [0.10940526023421951, 0.12173470151896587, 0.12162776467979877, 0.11494024615815196, 0.10116430066759673, 0.0918962810794744, 0.11393271383547189, 0.125, 0.10029873182632087], [0.10778294127333102, 0.12134365635673312, 0.1204480890934846, 0.11682925780577814, 0.10213132840844852, 0.0924235893366303, 0.11287539843906408, 0.1246086424660359, 0.10155709682049448], [0.10723287970858524, 0.12085071497554199, 0.11979596720141002, 0.1174638355818401, 0.10255763669075292, 0.09263067272582791, 0.11235887819493404, 0.125, 0.10210941492110777], [0.10816393923262804, 0.12152622852179835, 0.12059516303844592, 0.11651715156300842, 0.10197558684714773, 0.09243391876642207, 0.11316709895794767, 0.12425634810910725, 0.10136456496349452], [0.10785292224102867, 0.1214669452071237, 0.12045114927347292, 0.11678454356772702, 0.10207780657749964, 0.09245500707768213, 0.1129222801588577, 0.12446962224264567, 0.10151972365396238], [0.10912436772465013, 0.12201128087481579, 0.12161278687794069, 0.11519917551170437, 0.10119043622732395, 0.09202489693595096, 0.11369371393640447, 0.12470197013945278, 0.10044137177175673], [0.10739484014549174, 0.12121770639643172, 0.12001705942644748, 0.11732479992179369, 0.10237667315904816, 0.09262757581510064, 0.11242422041433038, 0.1246820867936694, 0.10193503792768678], [0.10731723017166551, 0.12125438742626757, 0.11993488573862096, 0.11739914652427015, 0.10237311242538337, 0.09264644051757555, 0.11235382422579397, 0.12475463796385461, 0.10196633500656818], [0.10741379279618957, 0.1215673444274634, 0.12007806253946403, 0.1171747683815667, 0.10210587560008118, 0.09248883945317857, 0.1124815661321854, 0.12500000000000003, 0.10168975066987125], [0.10815906347370498, 0.12191878565243996, 0.1203888793203268, 0.11653843809910686, 0.1018757837135813, 0.09255141625598891, 0.11308852538438322, 0.1241195480236404, 0.10135956007682775], [0.10805628968583997, 0.12187846442707927, 0.120358829332589, 0.11664929963792657, 0.1019236489890512, 0.09257338670023739, 0.11301067996099107, 0.12412186543700884, 0.10142753582927658], [0.10708577712823089, 0.12146765647414874, 0.11969715526793127, 0.11760878446352083, 0.10230712620873644, 0.09269251359523667, 0.11212174404764666, 0.12500000000000003, 0.1020192428145486], [0.10836570501764498, 0.12218636320202785, 0.1208735823478853, 0.11611416256969279, 0.1015285485606796, 0.09236822560920287, 0.11318646704675227, 0.12437447920393808, 0.10100246644217628], [0.10773802989397513, 0.12197624600301954, 0.1201296879814389, 0.11693553051902537, 0.10194299060253632, 0.09263191947535103, 0.11272439144775954, 0.12436541184962505, 0.10155579222726899], [0.10730862143221423, 0.12184424127584277, 0.11990914887205985, 0.11732959831959484, 0.1020915605775282, 0.09263666685235204, 0.11235840262095478, 0.12474535132903496, 0.10177640872041832], [0.1069106054960639, 0.1216826568408399, 0.11945922359536079, 0.11786996639631842, 0.10234328226401578, 0.09288254590248024, 0.11192909440510379, 0.12473983475608211, 0.10218279034373492], [0.10808398171025477, 0.12235267569984028, 0.12083310426754841, 0.11633706147416796, 0.10149046999925607, 0.09239469949989762, 0.11292621716997614, 0.1245107271091479, 0.10107106306991075], [0.10796570595156961, 0.12258593419322213, 0.12113838415182575, 0.11626557420122735, 0.10128904933860852, 0.0922708394132542, 0.11278597285294782, 0.12477662222348278, 0.10092191767386184], [0.10812561460587489, 0.12272684607999983, 0.12168006855842833, 0.11587346462647483, 0.1010341139771729, 0.0920656928376758, 0.11287551488246372, 0.12499999999999999, 0.10061868443190962], [0.10640366202609018, 0.12179021374773846, 0.11884336274264003, 0.1184352348019815, 0.1024654681027745, 0.09306396424329091, 0.11147471787590478, 0.125, 0.10252337645957961], [0.10783373426519924, 0.12263365666345782, 0.12106825434995554, 0.11640106169979647, 0.10130392619447992, 0.09231577402125193, 0.11266677306718914, 0.12478765876589774, 0.10098916097277234], [0.10692151262655152, 0.12243986240932031, 0.11944584512619057, 0.1176613591877277, 0.10193663556387854, 0.09278478444549704, 0.11195202693569477, 0.12499999999999999, 0.10185797370513947], [0.10775468562958906, 0.12280980138980455, 0.12128806405524455, 0.11633289304079543, 0.10115423174035512, 0.09221648148912492, 0.11257202733927958, 0.12499999999999999, 0.10087181531580669], [0.10645623292152984, 0.12216766272655899, 0.11896468464313156, 0.11831936843443777, 0.10224949097881841, 0.09303774541747012, 0.11146765786207893, 0.12500000000000003, 0.10233715701597451], [0.10712715401153808, 0.12261399834882458, 0.11977943475852543, 0.11736057166234735, 0.10171847446748801, 0.0926783488247738, 0.11210692284019054, 0.125, 0.10161509508631218], [0.10744338777743595, 0.12277055868475745, 0.12046574588941764, 0.11697276742948354, 0.10154701211057415, 0.09259243172658506, 0.11234192378232669, 0.12448816942515903, 0.10137800317426077], [0.1076524173363686, 0.12297384529847008, 0.12140152645451607, 0.11639722374608129, 0.10111957074609976, 0.09226176649746295, 0.11245474190116958, 0.12484228095601876, 0.10089662706381293], [0.10766400306494701, 0.12305401805741362, 0.12153389360132053, 0.11634836122006258, 0.10107996529087308, 0.09225674654390463, 0.11244756626174303, 0.12475164908189067, 0.10086379687784501], [0.1073620108910663, 0.1230191264100334, 0.12100526759725386, 0.11674789700545522, 0.10120981054975094, 0.0923532715069238, 0.11222132011758543, 0.125, 0.10108129592193106], [0.10762460961708208, 0.12319216075998031, 0.1216898781331848, 0.11633990161754926, 0.1010352835470227, 0.09227822150398848, 0.11238567974171776, 0.12460150128423389, 0.1008527637952407], [0.10710060343210263, 0.123045162188303, 0.12042087605404266, 0.11724774301893925, 0.10149258249776907, 0.09266318939492246, 0.11200699746728786, 0.12454981526725581, 0.10147303067937727], [0.10751479534370505, 0.12330983901243431, 0.12171519424942567, 0.11642949133285696, 0.10102384459158796, 0.09232493313855593, 0.11227262487555234, 0.1245133657908939, 0.10089591166498789], [0.1065191495371656, 0.12281151474512994, 0.11893719496635377, 0.11822188094230533, 0.1020442118237545, 0.09314772240532898, 0.11147732980579375, 0.12462411678519551, 0.10221687898897239], [0.10702067169266215, 0.12308971141102334, 0.12037394265106834, 0.11733013337032899, 0.10150072185070805, 0.09269796911715562, 0.11193061942006846, 0.12453984088966019, 0.10151638959732484], [0.10627414268052314, 0.12265776524752621, 0.11870319765200985, 0.11853720652964546, 0.10215258848978964, 0.09323164617471497, 0.11120686684584909, 0.12482482044014698, 0.10241176593979466], [0.10656229473104628, 0.12304577813965664, 0.11942372387066061, 0.11798332062996544, 0.10181865586884045, 0.09298874937494092, 0.11155488589889331, 0.12464608932096648, 0.10197650216502983], [0.10622103336520769, 0.12279511877330952, 0.11864688914683605, 0.11853724607412727, 0.10206838438405295, 0.09321441509341724, 0.1111537297690929, 0.125, 0.10236318339395636], [0.10688823117306051, 0.12341748253674234, 0.12083550438671357, 0.11716427066835948, 0.1011833014405868, 0.09248513287871049, 0.11176817679649034, 0.125, 0.10125790011933647], [0.10649792207305689, 0.12325074478587898, 0.11978520852431027, 0.11785059942536602, 0.10157001109569726, 0.09281012087481189, 0.11147343407060431, 0.125, 0.10176195915027438], [0.10625052601137235, 0.12303921158801959, 0.11889213107674208, 0.11844939579060743, 0.10197391576157469, 0.0932063587516691, 0.11119516765970008, 0.12471182188575022, 0.10228147147456446], [0.10672088215444804, 0.12348961303823569, 0.12059816498559778, 0.1174370817222293, 0.10130285429225797, 0.09266701133894151, 0.1116119815530322, 0.12471058290781106, 0.10146182800744644], [0.10676733786222573, 0.12355864326325676, 0.12082838265889453, 0.11728253771006848, 0.10118578584661848, 0.09256173294357527, 0.11164090293737985, 0.12484818891071127, 0.10132648786726978], [0.1066771268290792, 0.12355536898720125, 0.12063036694133991, 0.1174590865234539, 0.10128131843997157, 0.09267649937570706, 0.11156341282715461, 0.12469255177120837, 0.10146426830488411], [0.10604327868414742, 0.12314652373365242, 0.11876963973374915, 0.11869230749490044, 0.10198917518251388, 0.09332723003237602, 0.1109620938419789, 0.12465819529646685, 0.10241155600021491], [0.1068356827098846, 0.12370693248614147, 0.12123750437472351, 0.11711380886408974, 0.10107657287148707, 0.09255478672866967, 0.11165362869306383, 0.12459334332919118, 0.10122773994274885], [0.1063307142189954, 0.12363385520695912, 0.12009967357343367, 0.11794490731660182, 0.10145847962823587, 0.09291990059761222, 0.11125535659953367, 0.12457201538449868, 0.10178509747412956], [0.10574766142447295, 0.11122021134584892, 0.11968621218478638, 0.125, 0.1101205684726484, 0.09687789838317973, 0.11235252890540852, 0.11036175419311861, 0.10863316509053647], [0.10572095686121276, 0.1112025967224382, 0.11960850979127254, 0.12490196507762706, 0.11018679542135955, 0.09700629865224257, 0.11231810268524763, 0.11030284546753695, 0.10875192932106274], [0.10579959431655837, 0.11196177168313413, 0.12002048117426316, 0.125, 0.10944849183117179, 0.096195645191425, 0.11235193136053932, 0.11126699433940425, 0.10795509010350395], [0.10588142231846394, 0.11242197699413964, 0.12035564725600352, 0.125, 0.10895330830461197, 0.0956133648305096, 0.11248517541961199, 0.11191767683709657, 0.10737142803956282], [0.10534533068314163, 0.11128029877301877, 0.11903207311021007, 0.125, 0.1103415553290201, 0.09763770855938005, 0.11190112874431012, 0.11006857893201186, 0.1093933258689074], [0.10512767939294777, 0.11068880909503466, 0.11841908175654464, 0.125, 0.11103735400678579, 0.09854081003903917, 0.11166816983394184, 0.10924604816791217, 0.11027204770779399], [0.10544175543537394, 0.11210655538081842, 0.11945119309996792, 0.12489405707848987, 0.10962070731469523, 0.09685485072436742, 0.11195347922651896, 0.11106713115290058, 0.10861027058686767], [0.10535667413680301, 0.11216477561577338, 0.11935233630747366, 0.12499999999999997, 0.10959843451355238, 0.09691658459309414, 0.11186274528128681, 0.11106697916703738, 0.10868147038497908], [0.10557619598197245, 0.1132799475089707, 0.12005939595490864, 0.12444303377434307, 0.10862770222659256, 0.09583740356094056, 0.1121024787286464, 0.11253409335807693, 0.10753974890554871], [0.10525432349473168, 0.11226745140920559, 0.11915541501723853, 0.12477342379773168, 0.10965491924061052, 0.09718759251782448, 0.11172971087826312, 0.11104770873151358, 0.10892945491288063], [0.10540691344544018, 0.11336136995441447, 0.11983323893300465, 0.12462022304211054, 0.1086413717815294, 0.09601879679565005, 0.11191223743983356, 0.11247004954122172, 0.10773579906679544], [0.10528056865926061, 0.11308335098450238, 0.11958238697017333, 0.125, 0.10886571035720057, 0.09629869804988318, 0.11177453872228343, 0.11205964410284917, 0.10805510215384727], [0.10525215102691367, 0.1129424171673953, 0.11936027408984717, 0.1246726517240049, 0.10912860292763481, 0.09671355747178949, 0.11169443430661283, 0.11179783189294418, 0.1084380793928575], [0.10454066902563616, 0.11105836125639867, 0.11762561251441518, 0.12499999999999997, 0.11113941096289831,