[[0.1189562717572246, 0.10636536266563307, 0.12147581452294431, 0.11585478048369803, 0.10444559129795537, 0.12374715434366976, 0.10781137281404506, 0.10391253384107274, 0.09743111827375706], [0.11944711553064885, 0.10595775291053469, 0.12214836684292353, 0.11637548037218053, 0.10381622726097256, 0.12488535767198668, 0.10763404633144082, 0.10341236524392951, 0.09632328783538287], [0.11884233068433206, 0.10637959354558855, 0.12133717288325298, 0.11587137427788059, 0.10446502881320371, 0.12368639041908049, 0.10784691177266749, 0.10404153215332154, 0.09752966545067257], [0.1189430059680293, 0.10632068018663197, 0.12133785738742171, 0.11598137164357494, 0.10436545157159273, 0.12392144642996986, 0.1078290206779031, 0.10396108520391192, 0.09734008093096433], [0.11941016500944192, 0.10591763502150518, 0.12215299673793006, 0.11642240652075021, 0.10376006630281093, 0.125, 0.10762759226944645, 0.10343625103627989, 0.09627288710183537], [0.11926012312555061, 0.10600902324380658, 0.12193122427175644, 0.11633585855662613, 0.10389765343285375, 0.12472241163766871, 0.1076858587801422, 0.10361076146220946, 0.0965470854893861], [0.1188394127554007, 0.1063572574432204, 0.12123243101429909, 0.11595005351391917, 0.10442153936714502, 0.12378571599881887, 0.10786136595239099, 0.10407317727415534, 0.09747904668065041], [0.11880662530709692, 0.10630499121181361, 0.12123917511423916, 0.11601683294108885, 0.1043460271469033, 0.12392102671830366, 0.1078549083496657, 0.10410396590189279, 0.09740644730899585], [0.11842302783702055, 0.10643976906698797, 0.12103767402662104, 0.1157116109191064, 0.10458961975023479, 0.12358610140875645, 0.10789825074037637, 0.10437559405137094, 0.09793835219952544], [0.11891950816162951, 0.10614508295198335, 0.12151727101954626, 0.11625658999699719, 0.10409736194687276, 0.12420468648702362, 0.10781330169520244, 0.10401690715966791, 0.09702929058107693], [0.11925509053635809, 0.1059116559560415, 0.12211727458044422, 0.11667564397075907, 0.10370992239344, 0.12450852596772366, 0.10774815524589178, 0.10374265749602185, 0.09633107385331985], [0.11838884518891578, 0.10641747489025973, 0.12092942053282567, 0.11576681964905508, 0.10455216416773978, 0.12370033056207977, 0.10790923603311513, 0.10442270384579574, 0.09791300513021331], [0.11909991475412537, 0.10597188901708426, 0.12188629606363204, 0.11655242364606397, 0.10381682334195903, 0.12446787409767855, 0.107770377081524, 0.10387160563164169, 0.09656279636629109], [0.1189095317568028, 0.10605702610055608, 0.12161306821687938, 0.11642873292105985, 0.10395528396493535, 0.1243005859252745, 0.10781773081510598, 0.10405771144165268, 0.09686032885773356], [0.11933408511569504, 0.1058720691467532, 0.12233727418334706, 0.1170154806575035, 0.10358671011926308, 0.1240454726214641, 0.10783797577643046, 0.10383079451740501, 0.09614013786213832], [0.11866284135895937, 0.10616617343916167, 0.12121631640931615, 0.11615769283662639, 0.10415493429950427, 0.12434708210151293, 0.10783247882981829, 0.10420947628944133, 0.09725300443565958], [0.11923061863975117, 0.10589267227133459, 0.12218689532510443, 0.11691933566949658, 0.103637390871457, 0.12413926259068123, 0.10783304115196037, 0.10389393487695092, 0.09626684860326372], [0.1190708951276364, 0.1059453315486786, 0.12193431580128167, 0.11673194185268548, 0.10374867831283532, 0.1242512898761206, 0.1078261935501084, 0.10398679221890553, 0.096504561711748], [0.11816076712139613, 0.10640714908305762, 0.12095530433484765, 0.1157150704776367, 0.10455856968029384, 0.12363882828778239, 0.1079206881464686, 0.10458920574957889, 0.09805441711893804], [0.11896582675262639, 0.105988479062455, 0.12177922503560547, 0.1166480325389967, 0.10382370892732211, 0.12420528374087787, 0.10784374465866964, 0.10407904882336727, 0.09666665046007951], [0.11860850155611152, 0.10607798917948597, 0.12134742321865884, 0.11623008092888865, 0.10403491139608274, 0.12454667039615905, 0.10780413318193953, 0.10422296049012646, 0.09712732965254724], [0.11889794679618292, 0.1059921526879027, 0.12169030287119398, 0.11660240284226288, 0.10384074837193563, 0.1242934870512219, 0.10783970231842424, 0.10411686805792553, 0.09672638900295041], [0.11808672053917456, 0.10642518540634202, 0.12095180158208746, 0.11567456556714285, 0.10459139538262104, 0.12355282492218186, 0.10793109595579008, 0.10464667650341548, 0.09813973414124479], [0.11873820300804015, 0.10600195213015381, 0.12149201905565342, 0.1164569756738298, 0.10388985289446342, 0.12455072844553561, 0.10781582963398013, 0.1041801525146992, 0.0968742866436446], [0.11856363949492414, 0.10602964494899635, 0.12144233272201174, 0.1162551632865312, 0.10397264071759446, 0.1246490936389249, 0.1077850864710616, 0.10423290706759145, 0.0970694916523643], [0.11828374143225492, 0.10617673284365191, 0.12131485308851242, 0.1159694800553683, 0.10422143293278245, 0.12421107697616973, 0.10783002846852109, 0.10444234571235399, 0.09755030849038539], [0.11811750618571967, 0.1063078970879515, 0.12115731338961669, 0.11578940564387936, 0.10442400910512319, 0.12381473136126883, 0.10788528554658679, 0.10459543410215476, 0.09790841757769916], [0.11895308837960948, 0.10594856995917111, 0.12185206674060003, 0.11687110496921599, 0.10372886593469091, 0.12399590496321838, 0.10790325183014457, 0.10418649306436886, 0.09656065415898067], [0.11867349039476412, 0.10594863585337531, 0.12162579717524181, 0.1164969760746097, 0.10381917362245786, 0.12460662322592649, 0.10780193237715656, 0.10421083450956921, 0.09681653676689876], [0.11819658148191381, 0.10619388542607221, 0.12132813935532125, 0.1159217424435733, 0.10425522272909615, 0.12411229412591335, 0.10783937884042219, 0.1045081671726039, 0.09764458842508386], [0.11835770271649938, 0.10605834775042494, 0.12147945473529702, 0.11611381330134894, 0.10404473547783992, 0.12452544406804514, 0.10778581502511804, 0.10435762799800274, 0.09727705892742386], [0.11848611658925778, 0.10596020642172603, 0.12158224752225952, 0.11628273869185787, 0.10388531718051805, 0.12479846078713429, 0.10775656724398139, 0.10425288832525988, 0.09699545723800503], [0.11857558202319611, 0.10592444678205298, 0.12166438851548321, 0.1164268338322342, 0.10380822103846642, 0.12474851625625097, 0.10777188248442086, 0.1042297698647647, 0.0968503592031305], [0.11790922087353618, 0.10638787322414055, 0.12109781781379943, 0.11565459309313002, 0.10455577412790827, 0.12349281152262773, 0.10792888073973018, 0.10477195465957118, 0.09820107394555647], [0.11816433110330751, 0.10612909915937555, 0.12146325452687068, 0.11597349268729085, 0.10416668242565086, 0.12422321312338787, 0.10781766493216384, 0.10451393789454785, 0.097548324147405], [0.1178986940324868, 0.10635591204871642, 0.12116535315743467, 0.11568080145246833, 0.10451175342664791, 0.12354494531301788, 0.10791799897700145, 0.10477309572931744, 0.09815144586290915], [0.11858087112817896, 0.10587497202623167, 0.1218730140707039, 0.11660254030712135, 0.10371074660117244, 0.12453859160402139, 0.10780358051337856, 0.10428795295295222, 0.09672773079623934], [0.11838800290067521, 0.10586645216249327, 0.12176989241394233, 0.11632566128760698, 0.10376569037512569, 0.12499999999999997, 0.10771925595437808, 0.10427642516455085, 0.09688861974122746], [0.11816776072981629, 0.10606605413860024, 0.12157689360134628, 0.11603778400560849, 0.10407641006923003, 0.12435684764741259, 0.10779555942515241, 0.10449441311221708, 0.0974282772706166], [0.1188961292314654, 0.10589585556983055, 0.12205272200893696, 0.117132796916864, 0.10361137100836766, 0.12366759499203668, 0.10797324371103059, 0.10432873738701662, 0.09644154917445168], [0.11844838494757257, 0.1058555116566324, 0.1218762208908296, 0.1164627057665508, 0.10372134346880381, 0.12477318981003734, 0.10775576934988947, 0.10430080365237118, 0.09680607045731285], [0.11868687046442807, 0.10586621244598114, 0.12201191142486878, 0.11687556410363027, 0.10363820989909547, 0.12410252023363127, 0.10788642784695197, 0.10434665477472975, 0.09658562880668314], [0.11852840986065243, 0.10584788098760829, 0.12198354083775437, 0.11663831331896181, 0.1036720433689144, 0.12448592282906501, 0.10780621704320952, 0.104330982320094, 0.09670668943374018], [0.11797333555731344, 0.1061294308496519, 0.1215754750811528, 0.11591897897813529, 0.10418426293789122, 0.12404004722537461, 0.10783194634884269, 0.1046618751522846, 0.09768464786935345], [0.11823816991905994, 0.10580966794470992, 0.12213241778490179, 0.11644932492152936, 0.10367512879615744, 0.12463188779928808, 0.1077537229267213, 0.10444503099755015, 0.09686464891008202], [0.11765504931038946, 0.10631908955764166, 0.12135446596374833, 0.1156576599021391, 0.1044780600456515, 0.12338184353798022, 0.10792966923552862, 0.10496613546358875, 0.09825802698333237], [0.11862500343271466, 0.1057062778464009, 0.12249189725460712, 0.1172594479978288, 0.10336284676617782, 0.12397109795233754, 0.10791936463597378, 0.10442782947479386, 0.09623623463916553], [0.11864652400048421, 0.10569546182761978, 0.12251980671033931, 0.11731894945658172, 0.10333602232793469, 0.12394486411421053, 0.10792937288977482, 0.10442358887587627, 0.09618540979717864], [0.1177132647535675, 0.1062228036945802, 0.12153091865107311, 0.11576500514813061, 0.10433692420282922, 0.12360207359991693, 0.10789037298736685, 0.10489793524145821, 0.09804070172107736], [0.11852724191359593, 0.1057484036023447, 0.12239662076015018, 0.11705911648466996, 0.10346074260854002, 0.12401713909776582, 0.10789385818522487, 0.10446665788435867, 0.09643021946334988], [0.11831647467071427, 0.10577692845286919, 0.12232479382061463, 0.11668856239697037, 0.10358173147693989, 0.12430843826716609, 0.10780987007598478, 0.10448691051221605, 0.09670629032652471], [0.11855000728379728, 0.10569478652843742, 0.12251322402871959, 0.11719120259294154, 0.10336608921448628, 0.12405308368505347, 0.10789792718282672, 0.10445135815846875, 0.09628232132526877], [0.11794212261960699, 0.10595420302434798, 0.12197000584636879, 0.11611248400756112, 0.10393092133322233, 0.12427690585172163, 0.10778453898160144, 0.10465651925933214, 0.09737229907623757], [0.11773393555259956, 0.10616146625345364, 0.12165223903234593, 0.11583269665857615, 0.10424749220890973, 0.12372301232096287, 0.10786812959274056, 0.10486869066484394, 0.09791233771556761], [0.11816971116571441, 0.10575918738001143, 0.12243552371521937, 0.11661480254611925, 0.10358009061011438, 0.12429815919731987, 0.10779435293029291, 0.10456335176351002, 0.09678482069169835], [0.118197197489666, 0.10574832204180566, 0.12249770375474522, 0.11669861346076721, 0.10354806128184799, 0.12419053223161272, 0.1078141252680449, 0.10457648572068905, 0.09672895875082121], [0.11829362582452878, 0.10566336304891642, 0.1226170803229858, 0.11697397662664759, 0.10338247251177783, 0.12424032614880536, 0.10783714739383879, 0.10454542171577526, 0.09644658640672416], [0.11805146163862533, 0.10576916535275432, 0.12244310151246948, 0.11650060770316949, 0.1036198454673223, 0.12431697626990211, 0.10777903488584659, 0.1046169811915024, 0.09690282597840782], [0.11834419576325939, 0.10561902351877767, 0.12267107121989324, 0.11711671252456148, 0.10329608134520298, 0.12428930501948617, 0.10784754215547979, 0.10452085844183126, 0.09629521001150822], [0.11797294791213189, 0.10579586810175665, 0.12239464926297852, 0.11639679470403126, 0.10367658353737243, 0.12431296814878506, 0.10777308524328753, 0.10465513521141004, 0.09702196787824675], [0.11767685702414449, 0.10606121600128969, 0.12191596781985722, 0.1159348664357615, 0.1041049565070973, 0.12379441276307482, 0.1078464390468279, 0.10490322485137163, 0.09776205955057542], [0.11825539871723562, 0.10563096605260987, 0.12268026693120955, 0.11699441209859081, 0.10333960203256995, 0.12431046742954976, 0.10782671029257582, 0.10455570866517785, 0.09640646778048095], [0.11789923886077505, 0.10583153942266672, 0.12233799712321448, 0.11630209989913055, 0.1037420539344803, 0.12425645261536895, 0.10777671998283277, 0.10470274536016251, 0.0971511528013685], [0.1178562429462621, 0.10584931731393891, 0.12232172684782598, 0.11626118123221542, 0.1037734277243999, 0.12420115969785953, 0.10778233636933295, 0.10473651468286038, 0.0972180931853048], [0.11780451194416323, 0.1058907216035532, 0.12224767195485857, 0.11618310267763983, 0.10384169515853028, 0.12412290371080197, 0.1077926250649366, 0.10477782575765937, 0.09733894212785696], [0.11768278342848712, 0.10599172334105925, 0.12208097267168079, 0.11602206862774415, 0.10400159993873127, 0.12387864584968183, 0.10782849391141708, 0.10489050972450241, 0.09762320250669611], [0.11800330248972524, 0.10570854161959337, 0.12265720472816445, 0.11661607270300989, 0.10352222624082859, 0.12423548634362186, 0.10778761083217764, 0.10466988561007842, 0.09679966943280058], [0.11787769415691818, 0.1057945308198096, 0.12248321707118386, 0.11637833518410444, 0.10368102784469942, 0.12418136494706551, 0.10778359993960367, 0.10473579519346901, 0.09708443484314618], [0.11761290550376738, 0.10603184250249421, 0.12203112182644345, 0.115961395877095, 0.10406472159610897, 0.12374244144203882, 0.10784847586003583, 0.10495814065156008, 0.09774895474045642], [0.11803098474321616, 0.1056451934055972, 0.12277127772183045, 0.11674748926651234, 0.10341600454802559, 0.12431704236569491, 0.10778467656023934, 0.10465032385575761, 0.0966370075331266], [0.11788150793954548, 0.10576827458986807, 0.12257957092637599, 0.11644534482596149, 0.10363449133682565, 0.12413191837059419, 0.10778974803044808, 0.10474772964058272, 0.09702141433979834], [0.11777619457211062, 0.10580868580907205, 0.12252398727034138, 0.1163281946978644, 0.10371109484991473, 0.12405377804237501, 0.10779474804988827, 0.10481869337283425, 0.09718462333559913], [0.11768495719814893, 0.10586529853214874, 0.12242407078780586, 0.11620925981605251, 0.1038073653549326, 0.12394446023155026, 0.1078084978877794, 0.10488951493112354, 0.09736657526045821], [0.1177175833483563, 0.10567649928918062, 0.12279391051766209, 0.11645052382311187, 0.1035248346844191, 0.12431210013843863, 0.10775320229554423, 0.10481121692736284, 0.09696012897592454], [0.1174597109794173, 0.10597738995522415, 0.1222820165337041, 0.11601569706678598, 0.10398906354009109, 0.12357048404635247, 0.10786220348310235, 0.10509888325386733, 0.09774455114145524], [0.11743707046517438, 0.10588992215456404, 0.12248515605425159, 0.11610458074504636, 0.10386366641983664, 0.12370115705203179, 0.10783654923974259, 0.10509322640188101, 0.09758867146747162], [0.11777995379401468, 0.10532326554775155, 0.12334221711289854, 0.11707577842773725, 0.10295711608182256, 0.125, 0.10770753581722664, 0.10469787581383237, 0.09611625740471642], [0.11744188978807633, 0.10583265705569202, 0.1225960134049974, 0.11616162758804696, 0.103781567536982, 0.12383175014937656, 0.10781468998141348, 0.10506665709437599, 0.09747314740103925], [0.11764362682458106, 0.10532201083557893, 0.12351511948799265, 0.11702023329483427, 0.10296962688767115, 0.12479999871080752, 0.1077135660946177, 0.10480292425657008, 0.0962128936073468], [0.11730491798912893, 0.10587941207178853, 0.1225427842894374, 0.11606989168401735, 0.1038598451140278, 0.12364738677817308, 0.10784261204705146, 0.10519233962440228, 0.09766081040197316], [0.11751129525211738, 0.10536756295931551, 0.12339554274630049, 0.11669353107082212, 0.10309885165552014, 0.12499999999999997, 0.10764989043908231, 0.1048117966982088, 0.09647152917863312], [0.11742680138650642, 0.10555615117186859, 0.12312999912795893, 0.11643879074734384, 0.10338496664200864, 0.12446007035433447, 0.10771503793216872, 0.10495971759990647, 0.09692846503790396], [0.11746639966821637, 0.10537493133811006, 0.12342527148418375, 0.11666914377135748, 0.10311362342915009, 0.12492494669999582, 0.10765567502790721, 0.10485129565469949, 0.09651871292637969], [0.11723697436164067, 0.10584183566600514, 0.12263911470867801, 0.11608561545797476, 0.10381126532115084, 0.12368320536647869, 0.10783496487694885, 0.10523288441381906, 0.09763413982730398], [0.11721225663732138, 0.10559178287612982, 0.1231710215999392, 0.11633338305407122, 0.10345299685234773, 0.12419124881545808, 0.10774724824508981, 0.10515061108078341, 0.09714945083885936], [0.11720501774635432, 0.10553424712732312, 0.12329837502142647, 0.11639603591673564, 0.10336926861354535, 0.1242992196591722, 0.10772913881668995, 0.1051332844720844, 0.0970354126266685], [0.11711689248344725, 0.10572130719131151, 0.12293342019612409, 0.11617430711041776, 0.10364585914944455, 0.12384027639918657, 0.10780478275006032, 0.10528698665006313, 0.09747616806994479], [0.10409364467171488, 0.11583365971747701, 0.10202115269762037, 0.11505437632496858, 0.11174075896326499, 0.09352033355387245, 0.12293364051247435, 0.11901702994955443, 0.11578540360905294], [0.10451303119214965, 0.11587206538982844, 0.10254881394469716, 0.1155081574837652, 0.1112031869539822, 0.0936228596719109, 0.12384957760570148, 0.11841521828954618, 0.11446708946841892], [0.10429964903344159, 0.11586363306650138, 0.10229406040005744, 0.11533206266220279, 0.11146108974850619, 0.09357050762514366, 0.12329304253529048, 0.11878048972552455, 0.11510546520333194], [0.10407331794495688, 0.11577472682996869, 0.10204393512928306, 0.11510979300699316, 0.11169255081005307, 0.09355811837929294, 0.12289429124988112, 0.11910017550517168, 0.11575309114439938], [0.10407286837337525, 0.1157391783688764, 0.1020761530639227, 0.1151626224639194, 0.11165230783221272, 0.09359352355054158, 0.12284520290059345, 0.1191516464245685, 0.11570649702198987], [0.1039345274827779, 0.11562910511260328, 0.10195840511791894, 0.1150937347213923, 0.11165003475155995, 0.09354727468910784, 0.12305221812443662, 0.11927654431180264, 0.11585815568840052], [0.10427517344300773, 0.11565754363261863, 0.10243337871780434, 0.11560281918710448, 0.11115790601691043, 0.09364353573232326, 0.12363079700189014, 0.11889754371635287, 0.11470130255198811], [0.10446963873806867, 0.11559083473212016, 0.10271740974179029, 0.11583146282403212, 0.1108414192580847, 0.09373485000618273, 0.12422825423628163, 0.11856198461589806, 0.11402414584754164], [0.10389837347145044, 0.11541278526004954, 0.10210922987219921, 0.11540312489148132, 0.11135861131068268, 0.09366819302870748, 0.12311359257907703, 0.119541856119877, 0.11549423346647544], [0.10399942744917437, 0.1153596630953461, 0.10231730993719611, 0.11567155666056737, 0.1111564630472375, 0.09378379906461798, 0.12304238160878991, 0.11956758082357366, 0.11510181831349713], [0.10392473288163606, 0.1152443961018379, 0.10231020218485201, 0.11573833514702324, 0.11106665741021539, 0.09380059097440019, 0.12314229616983152, 0.11971391170222376, 0.11505887742797995], [0.10342318962370332, 0.1149944926058148, 0.1016868390383022, 0.11504358384214444, 0.11136333179765497, 0.09354344961421732, 0.12406341865748603, 0.11985220155756365, 0.11602949326311326], [0.1040955130539107, 0.11515636431213015, 0.10262387039259951, 0.11613030140190378, 0.11063795030018148, 0.09384759275073618, 0.12386269663339042, 0.11943700940659015, 0.11420870174855761], [0.10430410038581389, 0.11494184386425886, 0.10302323234446294, 0.11651592116305014, 0.11006329645013319, 0.09394250828421152, 0.12500000000000003, 0.11907127247485999, 0.1131378250332096], [0.10409907524658248, 0.11502340723501991, 0.10273827670532193, 0.11631910688535482, 0.11043533606021763, 0.09391246533292072, 0.12408350997723379, 0.1194671756685055, 0.1139216468888432], [0.1036805324615873, 0.11500073375058223, 0.102153434329056, 0.1157050772738105, 0.11097627293048053, 0.09375948935321846, 0.1235039570135824, 0.12002839376664934, 0.11519210912103327], [0.10333928608108096, 0.1148017011132018, 0.10174323588530786, 0.11523805456918053, 0.1111327785625996, 0.09359032617316908, 0.12428582203964095, 0.12009214501035767, 0.11577665056546155], [0.10369095304010875, 0.11496703747525125, 0.10220270524180354, 0.1157814839736865, 0.11091864392238067, 0.09379795427163816, 0.12346290427290064, 0.12007380120858069, 0.11510451659364969], [0.10401681593513232, 0.11488178961078514, 0.10275712757013662, 0.11644080409865884, 0.11035123067745076, 0.09399289858606145, 0.12390762984076549, 0.11973052070532293, 0.11392118297568656], [0.10410152703235265, 0.1148345164507579, 0.10289805396640622, 0.11657800282900567, 0.11017265988777661, 0.0940236761088692, 0.12429856585379542, 0.11952820935984573, 0.11356478851119048], [0.10323089983366777, 0.11460239346107891, 0.10174565641338876, 0.11532178079055821, 0.11097400242521632, 0.09364160743949831, 0.12452540605397598, 0.12029117857106701, 0.11566707501154862], [0.10336779660623316, 0.11462010734975728, 0.1019990421194265, 0.11571906407805511, 0.11075565711530452, 0.0937352261889353, 0.12417717792043108, 0.1204275576156626, 0.11519837100619443], [0.10383229518949033, 0.11467800141846618, 0.10268506071916285, 0.11652059119464349, 0.110267346636695, 0.09403039041452858, 0.12382740902583017, 0.12014092636474565, 0.11401797903643775], [0.10376176468907487, 0.1146714245273645, 0.1025898936379585, 0.1164328928407563, 0.11032577915508, 0.0939824977433786, 0.12384436042558185, 0.12022188515503945, 0.1141695018257659], [0.10346052723226615, 0.11461524257721153, 0.10216359357629429, 0.11593173071040579, 0.11064844650702209, 0.09383980830336698, 0.12389241813720098, 0.1204854771762151, 0.11496275578001708], [0.1040683891213434, 0.11459947556156169, 0.10305986669717798, 0.11687720777938175, 0.10992019542620957, 0.094194091714953, 0.12425226748876571, 0.11974123000567968, 0.11328727620492723], [0.10315584949657194, 0.11444811268680442, 0.1017442346786275, 0.11533086102026968, 0.11090097792310748, 0.09372366458652628, 0.12461174496570303, 0.12041992816483607, 0.11566462647755349], [0.1035999727415102, 0.11460855770864378, 0.10240210161239037, 0.11624600823228735, 0.1104529046472564, 0.09394680962838563, 0.12374425770658856, 0.12046167602832587, 0.11453771169461172], [0.10418562565040881, 0.11445108499115997, 0.10332109658577852, 0.11714098774038861, 0.10963109153094203, 0.09434472793051288, 0.12438461884202774, 0.1197586476216866, 0.11278211910709483], [0.10395087563534933, 0.11454733219309661, 0.102962163234798, 0.1168513499183458, 0.10999353058571355, 0.09421225736139394, 0.12387800949715543, 0.120068330797518, 0.11353615077662947], [0.1036726131772987, 0.11454475917817736, 0.10257349415010808, 0.11650153708481346, 0.110227114618769, 0.09399332782171368, 0.12397307895175125, 0.12039217449053204, 0.11412190052683634], [0.10311618395296888, 0.11436470149609124, 0.10178005283205391, 0.11547396838677831, 0.1107493369601651, 0.09371149142007767, 0.12479020509630306, 0.12055112181806642, 0.11546293803749542], [0.10357638541600406, 0.11453246932886782, 0.10243766189013753, 0.11634052074296536, 0.11035100580381217, 0.09396648599581629, 0.12385155564561354, 0.12053103820642774, 0.11441287697035558], [0.10415045961649602, 0.114391754232909, 0.10333276410490358, 0.11720584693905738, 0.10959493374683274, 0.09438351384803956, 0.12429692323967984, 0.11986310192007874, 0.11278070235200317], [0.10374371321132357, 0.11445625124584442, 0.10275500372147037, 0.11674339743916609, 0.11002539440865786, 0.09409586136179747, 0.1240545005066141, 0.12035552269738495, 0.11377035540774119], [0.10308065136725622, 0.11428552238431319, 0.10180303632377533, 0.11555713774615181, 0.11065002354394238, 0.09372669535883292, 0.12489527929823128, 0.12065198357505806, 0.11534967040243882], [0.10304384280807836, 0.11420367866181627, 0.10182546183369384, 0.11563829944957461, 0.11055118170203501, 0.09374416951069324, 0.125, 0.12075411049471328, 0.11523925553939537], [0.1035048529059219, 0.11431230264197112, 0.10253413344760698, 0.11660181812126048, 0.1100684800247411, 0.09402652901706926, 0.12414555391890371, 0.12073051499625756, 0.1140758149262679], [0.10369889201894225, 0.11428111806990034, 0.1028461246858908, 0.11695088189391528, 0.10981823605602932, 0.09417338172505557, 0.12420151750180095, 0.12049885657843838, 0.113530991470027], [0.10421189235173929, 0.11414923846193402, 0.10362186879344261, 0.11757612858961403, 0.10930061417714576, 0.09465834124522798, 0.1240145033141337, 0.12008977722732003, 0.11237763583944255], [0.10310207310846327, 0.11417777984538256, 0.10196387904428027, 0.11584984152578348, 0.11043894402580384, 0.09383503347031066, 0.12471495120936911, 0.12088742863788818, 0.11503006913271864], [0.10350046150738358, 0.11423933307659781, 0.10259536674334392, 0.11672484115275274, 0.10994693456811455, 0.09405252455416391, 0.12427615154335922, 0.12076248620862788, 0.11390190064565639], [0.10406612769176563, 0.11416770975882458, 0.10343241402398806, 0.11747168970572773, 0.10942386721664249, 0.09455783453849663, 0.1239877093134419, 0.1202136022436754, 0.11267904550743756], [0.10448657298195774, 0.11403987805030653, 0.10404892838166488, 0.1178479644554926, 0.10906483559960331, 0.09499896952939796, 0.12367268779925727, 0.11997363329998344, 0.11186652990233638], [0.10353782332292256, 0.11420238821221151, 0.10268461346615258, 0.1168505463377058, 0.1098417743549613, 0.09408975294951967, 0.12435813094638441, 0.12072269664403865, 0.11371227376610353], [0.10325022979973421, 0.11417085602575881, 0.10223758882242308, 0.1162275556134434, 0.11026386408529046, 0.09400860536516717, 0.12414988686140273, 0.1210373235693021, 0.11465408985747805], [0.10436624380613943, 0.11394176334031164, 0.1039937082188498, 0.1179372259144222, 0.10901406586753644, 0.09499164041907927, 0.12365857358209445, 0.1201848387519982, 0.11191194009956855], [0.10420444915714118, 0.11397289760432387, 0.10377153002143834, 0.11782011253059618, 0.10912433331096377, 0.0948302625610801, 0.12379093377874378, 0.12030089017837796, 0.11218459085733495], [0.10303877134784235, 0.11398377747639492, 0.10197062470078815, 0.11572873398563616, 0.11047238893937383, 0.09407246458721863, 0.12449364206915561, 0.12101205654969194, 0.11522754034389854], [0.10305147650876459, 0.11399667202601238, 0.10204042512509881, 0.11598105976778018, 0.11029373981809379, 0.09397550540811483, 0.12463688339889709, 0.1211214325294677, 0.11490280541777075], [0.10400064093399551, 0.11398696012812509, 0.1035148092758804, 0.11768349397900453, 0.1092858798827815, 0.0947026334827236, 0.12373567990096682, 0.12049722690858951, 0.11259267550793299], [0.10339505328835766, 0.11396701869241764, 0.10268685643454442, 0.11700626907972658, 0.10963588717406042, 0.09412972297948542, 0.12459364115375492, 0.12102173902793387, 0.11356381216971909], [0.10310008335620384, 0.11395578223076623, 0.10217571221566335, 0.1161980906428249, 0.11016843471257168, 0.0940625696935319, 0.12439817141576244, 0.12125756599476996, 0.1146835897379056], [0.10347430469695724, 0.11392376777667423, 0.10284247343058775, 0.11719888445439887, 0.10949691660816027, 0.09421475179227812, 0.12461741521156228, 0.12093572431053705, 0.11329576171884423], [0.10407005603257927, 0.11387840282961398, 0.10369499028548046, 0.11788055274497412, 0.10911253120341001, 0.09483816997992212, 0.12366960135261282, 0.12054736687706116, 0.11230832869434593], [0.10339096731545858, 0.11382358485826163, 0.10281106540928396, 0.11723632481451472, 0.10942240210201101, 0.09420768347358308, 0.12475907803466856, 0.12108149103920568, 0.1132674029530129], [0.10330317588148505, 0.11384090672973853, 0.10266312238362826, 0.11704373533774039, 0.10956953402444924, 0.09416844456584061, 0.12459224471214454, 0.12124598661598761, 0.11357284974898588], [0.10416332323060393, 0.11372014042739613, 0.10394631780084616, 0.11814825282815136, 0.1088797215600338, 0.09504100177609458, 0.12355892151238082, 0.12060640329695296, 0.1119359175675404], [0.1032706392860606, 0.11388664512317803, 0.1025590622941667, 0.11682068675887673, 0.10978449107050539, 0.0942173207860901, 0.12412723775993557, 0.12137752559974181, 0.11395639132144504], [0.10423015681150523, 0.11366076457634462, 0.10407555991118843, 0.11825310275594283, 0.10877237275080942, 0.09513162741494739, 0.12356707817218683, 0.12056917067637364, 0.11174016693070161], [0.10302312489971224, 0.11379884426119558, 0.10218069884021384, 0.11622175161075772, 0.11008064760269597, 0.09414714062560695, 0.12447351267863294, 0.12142075560900352, 0.11465352387218113], [0.10366975051893157, 0.11375691962023815, 0.10327126412844086, 0.11768563460234817, 0.10919490801028994, 0.09457729770339257, 0.12421494688194168, 0.12087307930063451, 0.11275619923378255], [0.10375768052372247, 0.11375328469958856, 0.10339647121291896, 0.11778631284822283, 0.1091478833794011, 0.09467547876803861, 0.12402230641641876, 0.12083296769520246, 0.11262761445648634], [0.10371712928521272, 0.11375065262596074, 0.10334313760421913, 0.11774702676481785, 0.10916646372248899, 0.09463693417807702, 0.12411405764880172, 0.1208401518625547, 0.11268444630786713], [0.1032209997146295, 0.11373692105878526, 0.10262180580699609, 0.1169759898000258, 0.10962375066195638, 0.09428878030571758, 0.12418936544430492, 0.12155895634472028, 0.11378343086286408], [0.10326428165310073, 0.11362029546124078, 0.10280829329702204, 0.11736791360118058, 0.10924065457437745, 0.09423410779334328, 0.125, 0.12133389529118484, 0.11313055832855035], [0.10323834071204496, 0.11362166899240657, 0.10276762824379854, 0.11730045283898455, 0.10930818053090058, 0.09425695576269413, 0.12479254069887052, 0.1214456126226288, 0.11326861959767147], [0.1028562913900671, 0.11357613617867016, 0.10207904668293932, 0.11610364179474202, 0.10999599811178952, 0.09417470302326897, 0.125, 0.12151624675229018, 0.11469793606623274], [0.10340828575665738, 0.11340672132158476, 0.10321534921227957, 0.11787884865299321, 0.10893497114560548, 0.09462203238369771, 0.12445522031386715, 0.12143421884771194, 0.11264435236560294], [0.10383338649962914, 0.11325967084668241, 0.10391449054074732, 0.11852731812765131, 0.10847371967026721, 0.09507402058436129, 0.12406425808132802, 0.12118149803884469, 0.1116716376104887], [0.1031878799234593, 0.11340503247048395, 0.1028894814511562, 0.11753289930420086, 0.10911196702412697, 0.09443354704620263, 0.12460886141010463, 0.12175337138924351, 0.11307695998102195], [0.10330922426519024, 0.1133565138888458, 0.10311654607253151, 0.11781484407557291, 0.10893891192085371, 0.09456780072951608, 0.12456478358120725, 0.12159844323360124, 0.11273293223268128], [0.10286255993642562, 0.11342557052205567, 0.1022383850969859, 0.1163555429712873, 0.10980640123873045, 0.09434561800759057, 0.12472402832623679, 0.12179575038192725, 0.11444614351876044], [0.10366246627595611, 0.113268020936253, 0.10369609794195983, 0.11838286790224575, 0.10863266498102586, 0.09500101128330388, 0.1238987045268175, 0.12140346901820756, 0.11205469713423034], [0.10364321718955119, 0.11320511392910398, 0.10372335252668675, 0.11845186456586468, 0.1085579254744503, 0.09502030423591616, 0.12397293412624347, 0.12145770010674943, 0.11196758784543405], [0.1034678858649527, 0.11320183707585336, 0.10348880395212737, 0.11825163029781273, 0.10869580774728468, 0.09491176933557009, 0.12410156413034419, 0.12156654402355183, 0.11231415757250303], [0.10311652310255466, 0.11326004640691775, 0.102905749819073, 0.1175562256843795, 0.10908702148894227, 0.0945911644021851, 0.12420035443968899, 0.12212367791266443, 0.11315923674359427], [0.10313322643730785, 0.11323236194890897, 0.10296115885255651, 0.11765923573732222, 0.10900628605252673, 0.09460090788780917, 0.12429970595818869, 0.12208501906051436, 0.11302209806486548], [0.1035497010663043, 0.1129984405770536, 0.10377575465130086, 0.11864952879871792, 0.10834923418556885, 0.09508450794286312, 0.1241428039371344, 0.12168414886831233, 0.11176587997274463], [0.10305493937901744, 0.11325446272063773, 0.10277604242847473, 0.11722287738399101, 0.10933467219682558, 0.0947073047403726, 0.12367409788030727, 0.12234163984506775, 0.11363396342530598], [0.10312930198123216, 0.11306504456079944, 0.10311273695560895, 0.11794115663252132, 0.10876803253995965, 0.09471144700623657, 0.12440837333197091, 0.12216808570448569, 0.11269582128718533], [0.10338317848064975, 0.11303820771453425, 0.10351599772598732, 0.11837797525565612, 0.10856731094019574, 0.09499068620354928, 0.12408084532944154, 0.12181859083459427, 0.1122272075153916], [0.1034608378671979, 0.11278034944196853, 0.10384428616143973, 0.11886776385229565, 0.10812311759148123, 0.09516124688237453, 0.12431069333295892, 0.1219158568327682, 0.11153584803751532], [0.1029967600113663, 0.11307537173498292, 0.10285926925273697, 0.11743879939302883, 0.10911015175551639, 0.09477226576951668, 0.1238290888614635, 0.12255406135832368, 0.11336423186306462], [0.10296361216827155, 0.11298290315750728, 0.1028759622114908, 0.11742419999786133, 0.10909111799894816, 0.0948787022802141, 0.12367757322670438, 0.1227103244377763, 0.11339560452122613], [0.10288720260577408, 0.11299228290544573, 0.1027064710405033, 0.11709642812959384, 0.10925595567883052, 0.09483750109615445, 0.12391691247683699, 0.1225993146563372, 0.11370793141052397], [0.10342850481896396, 0.11237418284187049, 0.10413480214302352, 0.11938841747556674, 0.10756061880139763, 0.09531386020173854, 0.125, 0.12202630812641156, 0.11077330559102756], [0.10293210165309853, 0.11289508943827073, 0.10291539053338851, 0.1175425101860723, 0.10896858129346873, 0.09489565901612344, 0.12379730711987258, 0.12281068097021822, 0.11324267978948695], [0.10314790319152307, 0.11261703483568421, 0.10355311924227494, 0.11867478601128384, 0.1081947876798941, 0.09511103513351221, 0.12443330123789041, 0.12234272141521219, 0.11192531125272515], [0.10291909810188557, 0.11284118839581012, 0.10293084807504359, 0.11752031445758743, 0.10896995038811359, 0.09497896279323748, 0.12365622408612521, 0.12290487840378625, 0.11327853529841064], [0.10331518572482175, 0.11237512808699464, 0.10400286721729829, 0.11929310275643178, 0.10771908577111007, 0.09536184647651226, 0.12442460124845404, 0.12238153560468631, 0.11112664711369094], [0.10288047598156648, 0.112545676475607, 0.10321217599099808, 0.11835490069832666, 0.10824716492155492, 0.09485708719067323, 0.125, 0.12271727066338484, 0.11218524807788884], [0.10286421886090814, 0.11265308261990467, 0.10306914082189024, 0.11801019437080525, 0.10853211415659547, 0.09488287104930357, 0.12441540689639359, 0.12293412693761073, 0.11263884428658831], [0.10289250476792122, 0.11274533819521007, 0.10297246885879069, 0.11758416471370499, 0.10889025698615051, 0.09505518598853238, 0.1236209451071755, 0.12303813998411481, 0.11320099539839984], [0.10289616130585154, 0.11273612355109662, 0.10297688743055776, 0.11754935324610755, 0.10891596796459788, 0.0950996077640324, 0.123522552894008, 0.12305565208078463, 0.11324769376296365], [0.10283611770742632, 0.11258892280029106, 0.10305789164446821, 0.11788321145493898, 0.10860935170933977, 0.09503349548461414, 0.1239837042738497, 0.12318653949637891, 0.11282076542869279], [0.10289011175087098, 0.11268466871610913, 0.10300387883545992, 0.11755193567386434, 0.108899651176961, 0.09517552499573254, 0.12342286054022825, 0.12312460772860002, 0.11324676058217384], [0.10280876801722788, 0.11241717126946181, 0.10320344560461124, 0.11828116699677128, 0.10827110668863268, 0.09503207968592053, 0.12445968253922617, 0.12319295094017642, 0.11233362825797198], [0.102866808730885, 0.11259847152156977, 0.103047062508414, 0.11763431650710476, 0.10880880998999218, 0.09523089679880409, 0.12342835204835627, 0.12324219760009533, 0.1131430842947785], [0.10314105920994887, 0.11226047949942462, 0.10386897190192809, 0.11919098025453184, 0.10780110440788135, 0.09545645190251205, 0.12407806522907858, 0.12276894829384796, 0.11143393930084664], [0.10280323520221968, 0.11236500870117268, 0.1032445275416595, 0.11835827821693813, 0.10820587032082013, 0.09506991771894545, 0.12446905900121227, 0.12323432724541868, 0.1122497760516135], [0.10320731574606734, 0.11213609851225806, 0.10407527389091063, 0.11949477689976887, 0.10757406015431265, 0.09557571354547544, 0.12403463978876916, 0.12283588511569761, 0.11106623634674022], [0.1029930130552379, 0.11223607537108629, 0.10367070507185266, 0.1189726442133195, 0.10787686243836177, 0.0953452519557568, 0.12438874122937142, 0.12286381471719, 0.11165289194782363], [0.10317805902986042, 0.11209183711553682, 0.10408572301382919, 0.1195062575479087, 0.10757115119971337, 0.09563107576710952, 0.12387981190679968, 0.1229536448079406, 0.11110243961130181], [0.10276309868992492, 0.11227362479509352, 0.10326113998694458, 0.11827500256215082, 0.1082328891562952, 0.09521537640590401, 0.12406317134875315, 0.12355349748054228, 0.11236219957439149], [0.1028775813356292, 0.11214855021885624, 0.10358726903057354, 0.11887609596195033, 0.10786645175342834, 0.09532715283394924, 0.12440116795398432, 0.12317916724602934, 0.11173656366559948], [0.10310364976356125, 0.11206241053256566, 0.10401545052343601, 0.11942068077183497, 0.10760834201212853, 0.09562209795976409, 0.12390305275793932, 0.1230422089011303, 0.11122210677763986], [0.10275550156852438, 0.11215206572672064, 0.10338436913164377, 0.11850357480446157, 0.10804991085430549, 0.09528674240507325, 0.12414240809300815, 0.12361477943638331, 0.11211064797987935], [0.10274566144650307, 0.11217521222648633, 0.10333798983086503, 0.11838267430572064, 0.1081306976344208, 0.09529550069521031, 0.12400678048279358, 0.12368274141312306, 0.11224274196487716], [0.10274850593054047, 0.11211683006445669, 0.10340981167327389, 0.11852837999268546, 0.10802311523345114, 0.09532328714300697, 0.12408868814180378, 0.12367622993794808, 0.11208515188283352], [0.10310329898086523, 0.11190329003141432, 0.10418185801040197, 0.11965242194552451, 0.10743487739054754, 0.09578340956989287, 0.1236795785454019, 0.12325728472032728, 0.11100398080562428], [0.10273742936669246, 0.11215846250155202, 0.10332715870874415, 0.11824308992655806, 0.10821545706329715, 0.09538968294861218, 0.12370790787173244, 0.12382209248772601, 0.11239871912508564], [0.10280691184917265, 0.11194390479794002, 0.10369338860250732, 0.11897107588104773, 0.10773860821368009, 0.09551976587431693, 0.12408035552165657, 0.1235923195755651, 0.11165366968411371], [0.1100336435568776, 0.11355594975546693, 0.1107553183816729, 0.12368320660929158, 0.1077969758672975, 0.09992873318612543, 0.12037520748307316, 0.112258744073945, 0.10161222108625002], [0.1100496863633334, 0.11349578578183803, 0.1108447431680811, 0.12376900973881384, 0.10774607991527874, 0.10002017850920074, 0.12030295441721299, 0.11223675560136374, 0.10153480650487744], [0.10964398359991678, 0.11379489523139467, 0.11019086692920839, 0.12303624103567427, 0.10800000393463455, 0.09940856290777926, 0.12067364348848755, 0.11290127215250864, 0.102350530720396], [0.10935219198009441, 0.11399472874396034, 0.10968125474264363, 0.12282765338530013, 0.10818379267199378, 0.09890769012948997, 0.12089656491096491, 0.1132749149985854, 0.1028812084369674], [0.11000080239393709, 0.11306011104684038, 0.11139980953684663, 0.12423817331160332, 0.10737228807277563, 0.10061466836265719, 0.11979934406975182, 0.11233963959564781, 0.10117516360994017], [0.11028172312289758, 0.11264196141578085, 0.11214187279950728, 0.125, 0.10703753200211043, 0.10135863837188126, 0.11925457917084836, 0.1118367765100737, 0.10044691660690055], [0.10960061622218109, 0.11335951258288494, 0.11074389417567738, 0.12344704717145517, 0.10762049182797638, 0.10000657081531979, 0.12017353969845249, 0.11305397910127434, 0.10199434840477845], [0.10957071761784395, 0.1132901530658289, 0.11081965902564296, 0.12347390879451753, 0.10756207505885251, 0.10009641239125242, 0.12009233988858886, 0.11312223863858933, 0.10197249551888353], [0.10902693475670348, 0.1137213786669931, 0.109832277866234, 0.1224863063659046, 0.10799347143033344, 0.09919264488068133, 0.12050920555591352, 0.11404766532297231, 0.10319011515426409], [0.10953931696886293, 0.1131372901270196, 0.11101197186574531, 0.12356397991481503, 0.10743399921379133, 0.10031435194688793, 0.11991279115122012, 0.11320841209387933, 0.1018778867177784], [0.10898559295246704, 0.11355246634061064, 0.11001153013098243, 0.12269644720919687, 0.10784012470304813, 0.09938740714996736, 0.12032523331933057, 0.1141392906432638, 0.10306190755113316], [0.10912511706564092, 0.11341414468488067, 0.11032351140149899, 0.12287047431243155, 0.10770636675343583, 0.