[[0.11866305241180997, 0.11567570640425962, 0.10677635695647542, 0.10387357922070876, 0.1230222719079981, 0.12472683636666519, 0.10124399089830224, 0.10288944796176216, 0.10312875787201856], [0.11921865392635635, 0.11630966839444908, 0.10656034340205867, 0.1033830569212383, 0.1235756581247881, 0.12488064095757953, 0.10077389950287152, 0.1025241879918231, 0.10277389077883538], [0.11852981340318482, 0.11566493489442095, 0.10673634399587756, 0.10384272717397346, 0.1228608532261571, 0.12484795654985978, 0.10131849200425316, 0.10297783693802474, 0.10322104181424839], [0.11863874059222239, 0.11579010650349322, 0.10669887925953464, 0.10375179373097546, 0.12302389204222106, 0.12481813021421606, 0.10122487688586997, 0.10290422213235971, 0.10314935863910749], [0.11918089008051257, 0.11635637233853598, 0.10651809837514155, 0.10332495062097913, 0.12347893115647333, 0.12499999999999997, 0.10078417599584305, 0.10255178360218602, 0.10280479783032823], [0.11901990232563531, 0.11624913564387018, 0.10657419293129683, 0.1034444471246616, 0.12335465775079531, 0.12471079422846204, 0.1009627492458222, 0.10271559592059318, 0.10296852482886332], [0.11851373276001465, 0.11572712211848428, 0.10667580978817927, 0.103752642550745, 0.12286417569850705, 0.125, 0.10128590812718816, 0.10296687892008645, 0.10321373003679514], [0.11849272055455795, 0.1158125781645226, 0.10665625014632762, 0.10371452188324604, 0.12281568423519242, 0.12482455027930953, 0.10134303258417564, 0.10304487215448414, 0.10329578999818423], [0.11812435402829072, 0.11552113699044722, 0.10683839370676892, 0.1040634149626796, 0.12227210674036773, 0.12426389155306324, 0.10179190487310875, 0.10343899743444429, 0.10368579971082954], [0.11865140799000355, 0.11612269263909028, 0.10662481157075865, 0.10358954926804656, 0.1229089561549751, 0.12432132974159528, 0.10133979669439817, 0.10309172364799274, 0.10334973229313947], [0.11902148308436232, 0.11660412659699522, 0.10651394742461977, 0.10326565442177946, 0.12303230219233327, 0.12448854097107076, 0.10105206731214439, 0.10287826204297186, 0.10314361595372298], [0.11808573756989012, 0.11557135646175189, 0.10680374367281985, 0.1040128187209314, 0.12223876753173167, 0.12426434327873064, 0.10181440051434171, 0.10347927786024336, 0.10372955438955939], [0.1188529481487202, 0.11645685836790709, 0.10653027861980614, 0.10334679498682972, 0.12295251543947842, 0.12444560029615398, 0.10117527126437761, 0.10298721030219057, 0.10325252257453604], [0.1186486048920396, 0.11630786839115118, 0.10657088366114023, 0.10346321310922695, 0.12278791761973765, 0.1242706217395334, 0.10136430021767408, 0.10316050527025541, 0.10342608509924166], [0.11907741155576933, 0.1169199434882134, 0.10641734195751884, 0.10303580402254511, 0.1232545290913341, 0.12429527522422068, 0.10098151950738586, 0.10287180105510144, 0.10314637409791125], [0.11838408837610111, 0.11600485033898805, 0.10662111960667711, 0.10364178818431188, 0.12258162942276021, 0.12437337203452654, 0.10154152603256769, 0.10329496225755784, 0.10355666374650954], [0.11897314589562077, 0.11681863027238079, 0.10643514093318766, 0.10309997269482676, 0.12306820021635656, 0.12435416102817044, 0.10107221744778315, 0.10295202513555848, 0.10322650637611534], [0.11882372808894487, 0.11663823130954093, 0.10651418414749907, 0.1032736272481579, 0.12274752556629583, 0.12424803794392918, 0.10126092572772906, 0.10311081305299936, 0.103382926914904], [0.11787443136973004, 0.11553980761528265, 0.10683572432371628, 0.10408979620188805, 0.12193969582017862, 0.12393295042790506, 0.1020640216543924, 0.10373467422279316, 0.10398889836411375], [0.11871101297232732, 0.11654005601514139, 0.10653213456351393, 0.10333677238184956, 0.12268918615663485, 0.12417172410545635, 0.1013558852370246, 0.10319558949294613, 0.10346763907510567], [0.11833466703331244, 0.11608515033661297, 0.10655755057167993, 0.10353701670658202, 0.12247663592489133, 0.12452724814379865, 0.10154871609925566, 0.10333279823016307, 0.1036002169537041], [0.1186377520325402, 0.11648539531458446, 0.10652066491289029, 0.10334389910567396, 0.12263518561601623, 0.1242633609668405, 0.10138824317299737, 0.10322640030907203, 0.10349909856938495], [0.11780459898974502, 0.11550346121974653, 0.10686332240425431, 0.10414234975331076, 0.12183765060799984, 0.12381091664787892, 0.10215135546445406, 0.1038160850028932, 0.10407025990971736], [0.11846702291593429, 0.11632089320940074, 0.10649860569374728, 0.10337746235496317, 0.12252301856063055, 0.12453127181005592, 0.10145189237034125, 0.10327850588419636, 0.10355132720073039], [0.11829266990171876, 0.1161143395786688, 0.10652314167653444, 0.10348554788584156, 0.12240292301776325, 0.12463432054567773, 0.10155939650569205, 0.10335861627553355, 0.10362904461256979], [0.11801790735179644, 0.1158267907358846, 0.10667030940947768, 0.10378782021002975, 0.12211001614019425, 0.1241798508665021, 0.1018850634644549, 0.10362865977861334, 0.10389358204304694], [0.11784790114755243, 0.11563665799010374, 0.10677914849479463, 0.1040012492256416, 0.12189375066941131, 0.12389465319441773, 0.10209426879955516, 0.10379613461622422, 0.10405623586229913], [0.11865593217160225, 0.11671114406326968, 0.1063817914430634, 0.10308799779756134, 0.12275656595450204, 0.12453204189028828, 0.10126551044385534, 0.10316367957136716, 0.1034453366644905], [0.11840712395113538, 0.11636749464542075, 0.10646699794386418, 0.10332573359923901, 0.12240514622205806, 0.12459006079595257, 0.10148958022153484, 0.1033355436425305, 0.10361231897826469], [0.117933765550688, 0.11578093241057917, 0.1066940944096097, 0.10383902796593439, 0.12199754796058015, 0.12407800206445448, 0.1019783211593475, 0.10371656805037749, 0.10398174042842927], [0.11809233903061692, 0.11597533992797114, 0.10656549131016757, 0.10359831066377291, 0.12217645916611615, 0.12450648527925774, 0.10174911706273033, 0.10353295308719834, 0.10380350447216889], [0.11821978487412761, 0.11614797795876958, 0.10647510699955856, 0.10341664441005731, 0.12228197243683019, 0.1247902204977641, 0.10158428972755544, 0.10340460574359456, 0.10367939735174284], [0.1183108297441033, 0.11629745560333316, 0.10644952879265819, 0.1033307012858735, 0.12231870900441215, 0.12473815253232257, 0.10152929567618565, 0.10337382216873359, 0.10365150519237806], [0.11764604679714098, 0.11550511504356308, 0.10686918801730248, 0.1041714711459645, 0.12160575062883278, 0.12355815991659082, 0.10234310483426964, 0.10402119130129936, 0.10427997231503634], [0.11790471632688411, 0.11583700283686192, 0.1066448508952396, 0.10375846941441318, 0.1219450893858703, 0.12419371120421242, 0.10197504877569666, 0.10373588902856541, 0.10400522213225638], [0.11764031009184227, 0.11553747618682907, 0.10685081882945074, 0.10413969471194166, 0.12159592664822401, 0.1235522909227873, 0.10234849642075704, 0.10403713149169583, 0.10429785469647208], [0.11832074385766612, 0.11648141890723539, 0.10642424831826149, 0.1032401416635881, 0.12226597380765489, 0.12451989359857016, 0.10156644916029427, 0.1034486228237919, 0.1037325078629377], [0.11812817687208867, 0.11619907511321191, 0.10641061093410736, 0.10332140853181172, 0.12212312775762511, 0.125, 0.10161281782095137, 0.1034620684631299, 0.10374271450707392], [0.11791010188370367, 0.11590478175582947, 0.10659397655949017, 0.10366981388644265, 0.1219351608406531, 0.12433259295045465, 0.10193850249830469, 0.10372110210137102, 0.10399396752375037], [0.11854002575322815, 0.11690486211686227, 0.10617785761617458, 0.10276379900339945, 0.12292366818742644, 0.125, 0.1011501548914006, 0.10312276353940747, 0.1034168688921011], [0.11819222639463368, 0.11634296915380225, 0.10641484155605435, 0.10327879368186786, 0.12211896294751905, 0.12476432186380003, 0.1016214254220316, 0.10349149539158715, 0.10377496358870418], [0.11838682011979451, 0.11670968604165881, 0.10631268681021447, 0.10301597863063386, 0.12256410492151218, 0.12455867561075146, 0.10143104583621199, 0.10336504283127756, 0.103655959197945], [0.11826775754890659, 0.11651604171602634, 0.10640112072949516, 0.1032022224501386, 0.1222623898919591, 0.12446521765458164, 0.10160120810801168, 0.10349850882845132, 0.10378553307242941], [0.11772218664649006, 0.11578856253968955, 0.10666726822909242, 0.10381434224869644, 0.12168962045893017, 0.12400573633778983, 0.10216980339821495, 0.10393494448050476, 0.10420753566059178], [0.11798377443112343, 0.11632684398977665, 0.1063817642328099, 0.10325282016862336, 0.12202453279399315, 0.124618038577732, 0.10177884573547165, 0.10367170612746243, 0.10396167394300744], [0.11739645537625339, 0.11550818061124787, 0.10681683036925214, 0.10411706610669635, 0.12149876567203549, 0.12332487304719758, 0.10254828184831002, 0.10426080249876057, 0.10452874447024658], [0.11832577082328143, 0.11705661136173824, 0.10607648122702758, 0.10259775586929212, 0.12281333033972641, 0.12486535068568315, 0.10129386333274011, 0.10333169252142693, 0.103639143839084], [0.11835840539767659, 0.11711941549687296, 0.10607053082633018, 0.10256846211966061, 0.12287348667419275, 0.12476963680630469, 0.10127941518356001, 0.10332611293650648, 0.10363453455889574], [0.1174604266530277, 0.11562470714936685, 0.10674537360039166, 0.10398291288331175, 0.12150294500277473, 0.12355356778164053, 0.10245676349011565, 0.10420042563000827, 0.10447287780936267], [0.11821385504964951, 0.116870123491082, 0.10616190194908824, 0.10277594367292414, 0.1225796047359379, 0.1247565926572829, 0.10144461375673151, 0.10344688247216415, 0.10375048221513965], [0.11805523328802484, 0.11656145933353534, 0.10634270119116013, 0.10312345641517423, 0.12222022706477104, 0.12428140694246849, 0.10174925129081447, 0.10368510793094367, 0.10398115654310779], [0.11824468666502082, 0.11698615334203483, 0.10606890734810458, 0.10261454286220156, 0.12269887927027948, 0.125, 0.10133639976279411, 0.1033711838432022, 0.10367924690636242], [0.11768506291327002, 0.11597568650538616, 0.10649864754858537, 0.10353430405232829, 0.12185964838826123, 0.12425056955266285, 0.10208038940264964, 0.10391557564367856, 0.10420011599317805], [0.11748209227536757, 0.11569453704247246, 0.10669361511345456, 0.10389141056744869, 0.12153620495370726, 0.12367875166728966, 0.10240572431943863, 0.10417093537315361, 0.1044467286876675], [0.1178990267098765, 0.11647190557770279, 0.10630161121813916, 0.10310543184820241, 0.12233389347900292, 0.124270345235075, 0.10181204026801403, 0.10375344706676032, 0.10405229859722688], [0.1179242397318198, 0.11655446074089824, 0.10628894119590102, 0.10306123001070953, 0.12239730084410154, 0.12415805289581366, 0.10180087163462301, 0.10375700629929584, 0.10405789664683737], [0.11800831072993039, 0.11680463301403841, 0.10614760366829258, 0.10278978532478304, 0.12251029453592267, 0.12455933647751179, 0.10161383379298074, 0.1036287906340839, 0.1039374118224565], [0.1177766420149597, 0.1163486119458636, 0.10629762509161547, 0.10314526029988787, 0.12234197436262163, 0.12428996219662543, 0.1018795201630064, 0.10381081833151742, 0.10410958559390249], [0.11807176814412333, 0.11693910871632739, 0.10608180662899283, 0.10265701198542163, 0.12256200664370637, 0.12473427017805927, 0.10151824404192314, 0.10356181284379035, 0.10387397081765568], [0.11769754951864096, 0.11624105028533638, 0.10631781016042817, 0.10320994301404458, 0.1222925425191428, 0.12428604256665818, 0.10194220848150701, 0.10385779615535824, 0.1041550572988837], [0.11741002220500082, 0.11577732237991874, 0.10656906312703905, 0.1037034691227868, 0.12180359432507024, 0.12375048454080913, 0.10235997926901487, 0.10417095465265563, 0.10445511037770468], [0.11797699382671903, 0.11682345541957329, 0.10611671992300795, 0.10274465660733495, 0.12257643245675755, 0.12455594953211761, 0.10161369699980946, 0.10364059378629172, 0.10395150144838845], [0.11762354354998927, 0.11614310323191937, 0.10634727633602226, 0.10328359293598124, 0.1222346417651003, 0.12422758352327158, 0.10201526827369402, 0.10391468083914704, 0.10421030954487495], [0.11757949083514915, 0.11609934032884064, 0.10636006909566839, 0.10331648982418724, 0.12221796943510524, 0.12417021229323805, 0.10205820942002838, 0.10395149885745661, 0.10424671991032612], [0.11752883740525946, 0.1160204081548519, 0.10639852635392028, 0.10339487105795185, 0.12214222438009109, 0.1240893002758129, 0.1021264871124102, 0.10400307100626106, 0.10429627425344128], [0.1174087626103674, 0.11585660892416508, 0.10649091268587411, 0.10357473172065565, 0.12197165866562362, 0.12383665250717664, 0.10229683756862452, 0.10413743388980384, 0.10442640142770897], [0.11771621112670833, 0.11644975498687575, 0.10621686502291319, 0.10300867006590396, 0.12256107419131144, 0.12420411650559009, 0.10186645679804075, 0.10383569201489712, 0.10414115928775936], [0.11759450733430785, 0.11621045989441903, 0.10629814980206197, 0.10319833724316055, 0.1223831483888619, 0.12414881556423565, 0.10200656185651823, 0.103930079193859, 0.10422994072257585], [0.11733745051858122, 0.11579179990861847, 0.1065228758850571, 0.10364073582009448, 0.12192041628534962, 0.12369554874638822, 0.10238150486778988, 0.10421080621949846, 0.10449886174862259], [0.11773799378310379, 0.116577299100269, 0.10614885972273742, 0.10287648773194812, 0.12267757790111773, 0.12428832949800582, 0.10179390722407172, 0.10379478387890459, 0.10410476115984175], [0.11759407848497823, 0.11627316567723257, 0.10626623868443728, 0.10313604001763405, 0.1224818391873304, 0.12409686709468618, 0.10198916973948582, 0.10392998636381577, 0.10423261475039972], [0.11748629098056979, 0.11614905265216834, 0.10629444994895734, 0.10321766445653979, 0.12242462067053549, 0.12402380144020975, 0.10208529671355782, 0.10400878323175895, 0.10431003990570274], [0.11739023791005292, 0.11602077146384367, 0.10633153611267519, 0.10331171013153743, 0.12232028793319132, 0.12399069682175304, 0.10217719172093648, 0.1040792738972276, 0.1043782940087824], [0.11741199508752027, 0.11625414480945694, 0.10614054982688793, 0.10298240929171482, 0.12270133753256596, 0.12428323415446933, 0.10198801223783421, 0.10396404552771897, 0.10427427153183154], [0.11714232698534832, 0.11579265323793497, 0.10637726444043782, 0.10345452742753154, 0.12216761184099384, 0.12385863800178291, 0.10238701707614609, 0.10426121033415836, 0.10455875065566633], [0.1171029616997787, 0.11586289011220202, 0.10626094931873417, 0.1032788462002917, 0.12237405738514358, 0.12408695572254905, 0.10230178123366815, 0.1042138016341039, 0.10451775669352877], [0.11752342474128703, 0.1168493400811878, 0.10574185319053567, 0.10225880659830347, 0.12326267683688331, 0.125, 0.10158203912367011, 0.10372378169449527, 0.10405807773363734], [0.117103531811914, 0.11591623325587908, 0.10620011838660186, 0.10318087264660725, 0.12248839284692148, 0.12421353728478783, 0.1022415551756673, 0.10417429043464457, 0.10448146815697644], [0.1173768851408912, 0.11677616704306239, 0.10571481020218175, 0.10225136433148391, 0.1234428514773846, 0.12479026479944419, 0.10167017579349089, 0.10381994786737607, 0.104157533344685], [0.11695292677826749, 0.1158044508058581, 0.10621148813707917, 0.10323654749113093, 0.12243038544403373, 0.12412204149376874, 0.10236186945179968, 0.10428629049456987, 0.10459399990349245], [0.1172059381398224, 0.1164486830824653, 0.10576341336697682, 0.10242638996558612, 0.1233204658309412, 0.125, 0.10176937857642777, 0.1038671357999203, 0.10419859523786013], [0.11707890124671547, 0.11618516200965721, 0.10592743931037593, 0.10273249447430838, 0.12304337454708181, 0.1246480905619373, 0.10199888194010139, 0.1040313859132626, 0.10435426999655992], [0.11715738635377451, 0.11641906696821562, 0.10576297467168273, 0.10243680088183311, 0.12335135707587946, 0.1249214238576739, 0.10180772905777877, 0.10390555831342231, 0.10423770281973976], [0.11687234435060226, 0.11580480418638901, 0.1061500520435824, 0.10315702456565866, 0.12252822371463293, 0.12420608183095558, 0.10236095570375174, 0.10430442122045133, 0.1046160923839761], [0.11681879552218079, 0.11602070341824151, 0.10585241166150303, 0.10269289148977975, 0.12307756238377059, 0.12484263535377185, 0.10209497491889587, 0.10413632445511588, 0.10446370079674093], [0.11681440149156797, 0.11607384971192955, 0.10577863992581311, 0.10257791557992536, 0.12320930184328374, 0.125, 0.10202802442736206, 0.10409334234992981, 0.10442452467018838], [0.1167229622341824, 0.11586031732936213, 0.10597881832065954, 0.10291501048425121, 0.12283015022352038, 0.12446435010179743, 0.10230236795300694, 0.10430189894874783, 0.10462412440447211], [0.10236878991014811, 0.12349998838740373, 0.11533924198270178, 0.11066201348203168, 0.10012530937330832, 0.09117980302649464, 0.12406761783845717, 0.11852341189811626, 0.1142338241013383], [0.10269279806755648, 0.12292020592734033, 0.11524554455524935, 0.10997979353776098, 0.100554063382642, 0.09111260009568857, 0.12500000000000003, 0.11783017137997162, 0.11466482305379078], [0.10238588056453679, 0.1233893666428121, 0.11524384049339988, 0.11020940374644278, 0.10019487322523964, 0.09093289360594388, 0.125, 0.1182054896844842, 0.11443825203714073], [0.10235162366352937, 0.12342085012521756, 0.11527721874007203, 0.11062430099427714, 0.10015527807853633, 0.09122447066170235, 0.12403537748152364, 0.11861478111405635, 0.11429609914108523], [0.102340017276447, 0.12337404467936326, 0.11523219398802068, 0.11056869795880932, 0.10017796586762019, 0.09124415831430195, 0.12404749497278621, 0.11866737910646566, 0.11434804783618557], [0.10232556731969956, 0.1232037128977033, 0.11518347429017498, 0.11076562765907505, 0.1001985106636764, 0.09138866137041475, 0.12370315919334984, 0.11889418272605505, 0.11433710387985123], [0.10248381297485103, 0.12304690642992076, 0.11505710389142754, 0.10996145788791749, 0.10048282182635715, 0.091193285136938, 0.12461396762369549, 0.11837007493801986, 0.11479056929087254], [0.10277869739029694, 0.12250195031752457, 0.1149823148218575, 0.10973142260356415, 0.10088214962520733, 0.09142599026107429, 0.12458112230310796, 0.11804003772490118, 0.11507631495246623], [0.10227155696555244, 0.12298559876388128, 0.11493090101043195, 0.11037763629773352, 0.10034448047592683, 0.0914865226068186, 0.12381342317845467, 0.1191266208059299, 0.11466325989527085], [0.10225997577215043, 0.12291332967579431, 0.1147994964834491, 0.1100098198540509, 0.10043853052898385, 0.09143250357337948, 0.1241298307729589, 0.11911762020350664, 0.11489889313572643], [0.10224399652733174, 0.12278752142877931, 0.11470564799711815, 0.10995548404780413, 0.10050070824840247, 0.09154015545824294, 0.12397441157548869, 0.11929235022334723, 0.11499972449348535], [0.10181954157359716, 0.12243551250352641, 0.11536278046422449, 0.11084066609231309, 0.09995414062430916, 0.09141736736413175, 0.12409570580928976, 0.11977069003238724, 0.11430359553622083], [0.10244782801943195, 0.12247943735255214, 0.11457504489551693, 0.10950593809553572, 0.10086019095005917, 0.09162639172682031, 0.1240754381385782, 0.11899853625145625, 0.1154311945700495], [0.10265136948653086, 0.1216465936270778, 0.11427607051604487, 0.10901699772727298, 0.10126821402451645, 0.09170453730272392, 0.12500000000000003, 0.11859781679731544, 0.11583840051851779], [0.10249646268420323, 0.1222446742831598, 0.11444051895095093, 0.10931856665062917, 0.1010313226909342, 0.09175879559294063, 0.12401323660698305, 0.1190429373209826, 0.11565348521921649], [0.10220529517784555, 0.12250697321639245, 0.11456138652389644, 0.11012389483230926, 0.10057252685927497, 0.09181000818837277, 0.12344741029650293, 0.11971060582216039, 0.11506189908324514], [0.10174595289199251, 0.12218981653943596, 0.11509819329837329, 0.1105786002460655, 0.1000324993752626, 0.09148269627346858, 0.12432723669757408, 0.12002502577795394, 0.11451997889987355], [0.10220246729019503, 0.12247041409495259, 0.11451519494415013, 0.11002935295566801, 0.10061026197355091, 0.09182916671801936, 0.12346943313608665, 0.11973615937806864, 0.11513754950930871], [0.10242647293219785, 0.12214850416542004, 0.1143018372876995, 0.10924098126431603, 0.10107131113614633, 0.09186282413973912, 0.12382483767566878, 0.11933113996789571, 0.11579209143091676], [0.10248527182020187, 0.12191877856630173, 0.11421606610552996, 0.10905674640752241, 0.10118872402967963, 0.09185186002095452, 0.1242443180340366, 0.11911157627518074, 0.11592665874059255], [0.10161607764373094, 0.12195521801356098, 0.1149747627775466, 0.11044610076570752, 0.1000206595256372, 0.0915085512973293, 0.12459484093305086, 0.12027993425896326, 0.1146038547844732], [0.10185460966401365, 0.12197827367263837, 0.11451274057197892, 0.11004921272689833, 0.10039010989509962, 0.09174203281975915, 0.1241339959796674, 0.12026916820116662, 0.11506985646877804], [0.10226841499188302, 0.1220361542192953, 0.11411546827449076, 0.10917889113056731, 0.10103642228790582, 0.09194780758375107, 0.12374077744149861, 0.11978193567090731, 0.1158941283997008], [0.10221294670837262, 0.12208281734898878, 0.11412731879644385, 0.10925564800883941, 0.10095561587547769, 0.09192400360168217, 0.12376008433927495, 0.11987343670452585, 0.11580812861639468], [0.1019828947860018, 0.12203008515879117, 0.11427418935638839, 0.10985117343088235, 0.10059698999914939, 0.09189526132484677, 0.1238107818059619, 0.12024898706367292, 0.1153096370743053], [0.10244135021564896, 0.12160522548442833, 0.11395057089004519, 0.1088024798435525, 0.10135443414892566, 0.09201170823618127, 0.12419414535502823, 0.11939427230702242, 0.11624581351916771], [0.10146912046073557, 0.12198340417163187, 0.11494378152740459, 0.11042011132019788, 0.0999485056750208, 0.09149353520746985, 0.12468449778061287, 0.12047279999011813, 0.11458424386680845], [0.10211406111067842, 0.12206334807528087, 0.11411777326691422, 0.10944423384104841, 0.10083301575839068, 0.09198577089179055, 0.12365706519713197, 0.12014655734681495, 0.11563817451194995], [0.10254523465676862, 0.12117879976747319, 0.11375339707197091, 0.10856597587273656, 0.1016125716349249, 0.0921407114073525, 0.12433612035284718, 0.11934557408454957, 0.11652161515137645], [0.10236499212542567, 0.121711015659658, 0.11393585698242438, 0.10886291289473457, 0.10130178813724684, 0.09209577466923426, 0.12379347646832593, 0.11969676888695466, 0.11623741417599558], [0.10213239618515536, 0.12195554206940089, 0.11400091823136566, 0.10916024931190736, 0.10095390119802457, 0.09195087179601708, 0.1238989169711368, 0.12005940746166381, 0.11588779677532848], [0.10147140899568576, 0.1217546277116252, 0.11474613797628704, 0.11021896721176525, 0.10003485503249297, 0.09154148422590015, 0.12488673990507794, 0.12058778158092323, 0.11475799736024246], [0.10208192488655007, 0.12197489433048198, 0.1140291783689731, 0.10932912672096322, 0.10086376670894934, 0.0919939160454165, 0.12377144289194277, 0.12021929403356903, 0.11573645601315402], [0.10251436340464672, 0.12115139853549596, 0.11369527848700298, 0.1085221258094017, 0.10163250204074507, 0.09218835107476724, 0.12424175170097727, 0.11946000145193293, 0.11659422749503015], [0.10217643533799625, 0.12176891962218024, 0.11387329140397263, 0.10892128021230553, 0.10111482588579304, 0.0920127689651844, 0.12398478652270159, 0.12001307405704024, 0.11613461799282619], [0.10144074851391266, 0.12165645043582864, 0.11462767800622749, 0.11009982645895872, 0.1000675483054534, 0.09156497833706528, 0.125, 0.12069210285906957, 0.11485066708348425], [0.10144869913034091, 0.12156963946717977, 0.11453012462544504, 0.11000990488079437, 0.10014180117680667, 0.09164731787588895, 0.12488760255118776, 0.12080675069218036, 0.11495815960017616], [0.10199052775444148, 0.12171187156181332, 0.11377630947957122, 0.10901655997276823, 0.10095142146981995, 0.09202805057517527, 0.12408535850895723, 0.12042973135906082, 0.1160101693183925], [0.1021261884073441, 0.12153782459267372, 0.11367712057841896, 0.10869733591288441, 0.10121045954826616, 0.09208537958498283, 0.12414256393422916, 0.1201665281135667, 0.11635659932763394], [0.10257379470756048, 0.12072743805014738, 0.11341353979433748, 0.10825298583524617, 0.10193727744155313, 0.09246413544408609, 0.12393684642362793, 0.11970285291018562, 0.11699112939325586], [0.10156618636485958, 0.12138624196107169, 0.11433079359263904, 0.10983281508527648, 0.10034880997213431, 0.09182060508755759, 0.12461822234975649, 0.12088826203250876, 0.11520806355419595], [0.10197055518739834, 0.12161517837275888, 0.1136839900781936, 0.10887575901951839, 0.1010010539152764, 0.09203189484661801, 0.12422464251543723, 0.12046094489262842, 0.1161359811721707], [0.10244349214666965, 0.12096211939219713, 0.11346635969082522, 0.10833724715416418, 0.10176065778551971, 0.09239013077294761, 0.12390924419118486, 0.11984259686932214, 0.11688815199716948], [0.10271313662780933, 0.12071737218303696, 0.11318087764950353, 0.10798530947617598, 0.10223765657253991, 0.09260426463058474, 0.1236916701032858, 0.119640059412125, 0.11722965334493875], [0.1019879069919018, 0.1215409383642731, 0.11362402133608275, 0.10874710526197802, 0.10107308158184042, 0.09203933873796366, 0.12431177761775684, 0.12041380615152793, 0.11626202395667548], [0.10176828517206628, 0.1214648242704375, 0.11394915983693658, 0.10950865802328763, 0.10068888173953697, 0.09206678295512516, 0.12402911726038476, 0.12089445532124668, 0.11562983542097836], [0.10259673371777248, 0.12055313319332318, 0.11309028045335259, 0.10791064752885575, 0.10219225021592036, 0.09260891052320556, 0.12393538499082107, 0.11978112298772717, 0.11733153638902181], [0.10249668547056433, 0.12049106956567024, 0.11318169430690521, 0.1080254544143326, 0.10202821432737852, 0.09254014595392472, 0.12409125538964666, 0.1199149918113069, 0.11723048876027098], [0.10119739928658597, 0.12169299673095481, 0.11440815384847436, 0.10990217886002623, 0.10004616220711324, 0.0916381683050467, 0.125, 0.12116356994111681, 0.1149513708206819], [0.10149929513774876, 0.12123178137013953, 0.11418874019437124, 0.10969501367736398, 0.10042273201497509, 0.09194218916939201, 0.12450007241524971, 0.12117692822335402, 0.11534324779740564], [0.10231197689873259, 0.12078142079960842, 0.11324168530969562, 0.10813174983205294, 0.10178974858307714, 0.092446361435576, 0.12405980707449366, 0.12014211312011439, 0.11709513694664912], [0.1018540946062634, 0.12128606434350833, 0.11338227567846923, 0.10854005188375401, 0.10110103488382992, 0.09209770710659855, 0.12456465787503988, 0.1207379921681817, 0.1164361214543551], [0.10159255505778254, 0.12112563942583969, 0.11397343724457926, 0.10950772141087337, 0.1006123448292928, 0.09209087604148063, 0.12425543217215368, 0.12124980171131391, 0.11559219210668414], [0.10190845715482433, 0.12117227602460703, 0.11330665119419865, 0.10836917301229312, 0.10123685797181206, 0.09214551739829055, 0.12458958477718148, 0.12064007596983066, 0.11663140649696221], [0.10232072634118249, 0.12052007282942864, 0.11307581797956115, 0.1079425357737562, 0.10191887604390693, 0.09249519267900702, 0.12426605595954851, 0.12017521474235038, 0.11728550765125884], [0.1018306743334909, 0.12108090860278123, 0.11320779301290057, 0.10829761243507073, 0.1012178483849134, 0.09214918426913266, 0.12474168212170954, 0.12079855278275707, 0.11667574405724393], [0.10178306327541306, 0.12115183855621058, 0.11326603571998908, 0.10848845203203987, 0.10110775230760573, 0.09216989934980468, 0.12456367675446206, 0.12098297470985657, 0.11648630729461837], [0.1023531642734588, 0.12019059932346512, 0.11284979507535656, 0.10769856732567319, 0.1021248705492545, 0.09261230949369455, 0.12439296232951598, 0.12022471534766416, 0.11755301628191704], [0.10180515056977937, 0.12118762495460615, 0.11336094784255273, 0.10882112277777484, 0.10105558776224634, 0.092298922983295, 0.12406837623926553, 0.12113321581868185, 0.11626905105179833], [0.10240150025111518, 0.12018673678414303, 0.11276163125396722, 0.1075997738216141, 0.10224128637699138, 0.09267586365182506, 0.12429506429519767, 0.12017906348889586, 0.11765908007625032], [0.10145633034010228, 0.12100394248280752, 0.11391589386635792, 0.10943687908474449, 0.10056593413903986, 0.09209671744031915, 0.12443597788503478, 0.1214923996960755, 0.11559592506551837], [0.10207212782837903, 0.12077442246243972, 0.1130762642517283, 0.10803618148820526, 0.10165447003326607, 0.09246216347357981, 0.12415614688169731, 0.12063043049032036, 0.11713779309038401], [0.1021377729194164, 0.1206895219565697, 0.11304880533658587, 0.1079948014424427, 0.1017595824243934, 0.09252726610609947, 0.12401662623849147, 0.12058941575210465, 0.11723620782389632], [0.10211059069367323, 0.12072434920670967, 0.11305845263627397, 0.10801272717819577, 0.10171916816751765, 0.09250851517965629, 0.12404718224481355, 0.12061947898637992, 0.11719953570677993], [0.10175511073747316, 0.12100574948488603, 0.11319862005019496, 0.10864087184832864, 0.1011296840259764, 0.09237189755050476, 0.12413480369931551, 0.12132734847024974, 0.11643591413307092], [0.10170915912862442, 0.12086383247871403, 0.11299786388926131, 0.10811312280150258, 0.10123495126457936, 0.09218761170835235, 0.125, 0.12107159698943211, 0.11682186173953385], [0.1017059648769777, 0.12087879136230383, 0.11301906394666798, 0.10820322044286192, 0.10121731854148101, 0.09224410377748718, 0.12477793217956579, 0.12119532576474354, 0.11675827910791103], [0.10112769944714692, 0.12120908083731763, 0.11389373181006894, 0.10941041533247031, 0.10030689723762415, 0.09190722405935517, 0.12499999999999999, 0.12173578091719506, 0.11540917035882171], [0.1018446538313777, 0.12046786719421004, 0.11273690874136628, 0.10777157153248695, 0.10165895648117414, 0.09256513418331264, 0.12441576837874604, 0.1211759915858354, 0.11736314807149066], [0.1020099257584604, 0.11979825847257125, 0.11236444392423635, 0.10724070235150794, 0.10211949336209464, 0.092644924539558, 0.12500000000000003, 0.12085254185432702, 0.11796970973724462], [0.10166875412535302, 0.12059646699836493, 0.11279250492660159, 0.10800542989293031, 0.1013715617400438, 0.0924435592741227, 0.12458162019189842, 0.12152725685924079, 0.11701284599144442], [0.10175686842288548, 0.12046151308245244, 0.11270052597429257, 0.10778945907424933, 0.10157321960567983, 0.09252915549673645, 0.12453363620507649, 0.12135500212371154, 0.11730062001491588], [0.10117364652105738, 0.12092716265516211, 0.11364096687033821, 0.10917783384090102, 0.1005240805703129, 0.09213595082427672, 0.12470297384745596, 0.1220213463135597, 0.11569603855693589], [0.10195584278591659, 0.12003466993956712, 0.11246866524125818, 0.1074239624468513, 0.10201655321192155, 0.09274198516684928, 0.12437948479789594, 0.12112522147650068, 0.1178536149332395], [0.10194230386006321, 0.11995431400098545, 0.1124023311711796, 0.1073570054676199, 0.10205468525171867, 0.09277053908862698, 0.12441288670158417, 0.12117558153304152, 0.11793035292518048], [0.10187995120473592, 0.12012883231675596, 0.11248895634969008, 0.10751898538774923, 0.1019301958556541, 0.0928241920239292, 0.12403530693662598, 0.1214396234775034, 0.11775395644735613], [0.10164614040732757, 0.12040628092004199, 0.11267402007490145, 0.1080178052788385, 0.10144877515082217, 0.09267387179442829, 0.12414662508947165, 0.12193041364104354, 0.11705606764312501], [0.10164354512747072, 0.12037068016727787, 0.11262757749222271, 0.10791670890598866, 0.10148772611231388, 0.0926561853002615, 0.1242519981908546, 0.12188643500275964, 0.11715914370085057], [0.10189467259122505, 0.11973185819020711, 0.11220602204142992, 0.1071800828956165, 0.10216963368411788, 0.092903940526682, 0.12432593132023942, 0.12142830963460143, 0.11815954911588085], [0.10148572145919507, 0.1202821726402381, 0.11282121614798413, 0.10841923883996471, 0.10121655098621758, 0.09265933713218001, 0.12423753749401992, 0.12221146395455061, 0.11666676134564985], [0.10161805774016457, 0.12014565645207738, 0.11242586816726882, 0.10764641916830904, 0.10163265961113145, 0.09273804588809646, 0.12436749249706781, 0.12197240314480605, 0.11745339733107854], [0.10180935903368127, 0.11995483097790532, 0.11232596111950091, 0.10738593036767564, 0.1019848026663978, 0.09292707511085496, 0.1240139259863734, 0.12170225806315431, 0.1178958566744565], [0.10184612050394953, 0.11948662241456601, 0.11199372927810518, 0.10698482422068105, 0.10229562012723169, 0.09304136485742179, 0.12425901836821276, 0.12168464916126415, 0.11840805106856772], [0.10148819512837796, 0.12009863780908549, 0.11256647156926049, 0.10818338482152075, 0.10137558025624532, 0.09280963119522918, 0.12417133828229597, 0.12238636527617021, 0.11692039566181475], [0.10133709003213297, 0.12003278400995639, 0.1125390754808561, 0.10813804725659196, 0.10128058913300896, 0.09275837889523218, 0.12442711606042298, 0.12262189455309075, 0.11686502457870776], [0.10100552549424392, 0.12057265381270925, 0.11274703864658114, 0.10828249137208966, 0.10084666385395916, 0.09237364768496446, 0.125, 0.12274810138574674, 0.11642387774970567], [0.10176550605271661, 0.11885497506462193, 0.11150022854420562, 0.10643873745041849, 0.10256577067231408, 0.09312420029659894, 0.125, 0.12179626787597378, 0.11895431404315053], [0.10136718358943878, 0.11996327758162716, 0.11240892378388856, 0.10802221791629951, 0.10138900849007453, 0.09286005765072973, 0.12430259669776231, 0.12267306288775212, 0.11701367140242744], [0.10158471143170324, 0.11949526702321388, 0.11189037866969131, 0.10699605029855307, 0.10206389573404226, 0.09307144139005323, 0.12439276238969685, 0.12228318181758997, 0.1182223112454562], [0.1012160375976986, 0.12018029527355378, 0.11237447967257576, 0.10796732788158488, 0.10127063017285297, 0.09275836039213887, 0.12444344614045799, 0.12284600319102004, 0.11694341967811699], [0.10169747207090489, 0.11900417424522437, 0.11155620117337456, 0.10657460122953394, 0.10248544200173136, 0.09324687727567822, 0.12438167579818223, 0.12218619495980733, 0.1188673612455631], [0.10136777155518485, 0.11953840221142777, 0.11187243788219121, 0.1071014762640374, 0.10176825486405341, 0.09289003995323886, 0.12500000000000003, 0.12256115994559312, 0.1179004573242735], [0.10141483193345281, 0.11965782765171527, 0.11204130939939068, 0.10747583739136822, 0.10167786431574738, 0.09300381821888544, 0.12437712943074086, 0.12279885954444332, 0.117552522114256], [0.10114029460070081, 0.12028564968876858, 0.11226582225422543, 0.10785650755909007, 0.10127152258299557, 0.09277096564890742, 0.12440748261763948, 0.12300535940733716, 0.11699639564033558], [0.10106709001989661, 0.12041253910091874, 0.11227520178184895, 0.10785539519113319, 0.10120012220137077, 0.09271300659674613, 0.12446269138441964, 0.12308113429450787, 0.11693281942915812], [0.10132887842408914, 0.1199109734140746, 0.11199252511661519, 0.1076311364810779, 0.10161367470938155, 0.0930799173014719, 0.12398043893040195, 0.12306321638566405, 0.11739923923722359], [0.1009854025805227, 0.12056296206438298, 0.11223424967989398, 0.10780809647132364, 0.10115654583601594, 0.09268987477001957, 0.12443766011572223, 0.12321490411201738, 0.11691030437010172], [0.10135702289845565, 0.1193612613062712, 0.11178301168736092, 0.10717670646668497, 0.1018289375932915, 0.09315236818847807, 0.12442433509944117, 0.12307473422043695, 0.11784162253957957], [0.10096654947686984, 0.12058745249404598, 0.11212510123400021, 0.10770608855142959, 0.10121236940154328, 0.09275391753145451, 0.1243145614612994, 0.12333202879671927, 0.11700193105263794], [0.10157205930923824, 0.11898806907951522, 0.11149046986269687, 0.10661812581963447, 0.10240805635160453, 0.0934150007304289, 0.12401189022188447, 0.12272231054129557, 0.11877401808370178], [0.10134743383049513, 0.11929417524922512, 0.11172280070735292, 0.10710440723614956, 0.10187058295820549, 0.09318516698347526, 0.12443423660067862, 0.12311852348565668, 0.11792267294876135], [0.10165075501323645, 0.1187576275918436, 0.11132609552196264, 0.10641685262066619, 0.10260701999937945, 0.0935062537440442, 0.12396421619542915, 0.12267801166620163, 0.11909316764723668], [0.10144850266059464, 0.11903819743170578, 0.11149870688099915, 0.10667511392007352, 0.10222862936499064, 0.09333930023585663, 0.12434584142089594, 0.12287608014762727, 0.11854962793725646], [0.10164476691067152, 0.11872112438432357, 0.11129311541636275, 0.1064121167091117, 0.10262769152163594, 0.09358582533617177, 0.12379905307921683, 0.12280611490012248, 0.11911019174238359], [0.10122889143880646, 0.1197416239866674, 0.11159040039675, 0.10714537834242394, 0.10180122900986757, 0.09322922319791452, 0.12399853602525385, 0.12345369784465021, 0.11781101975766596], [0.101389488056986, 0.11897692807571236, 0.11145052185099664, 0.1067139413352933, 0.10218762315637499, 0.0933997606380316, 0.1243608867371684, 0.12305668656144303, 0.11846416358799365], [0.10156843634578631, 0.11872886291697077, 0.11128003744511171, 0.10643197613810938, 0.10255943664661893, 0.09359535951595435, 0.12382485325560334, 0.12298809713809235, 0.11902294059775288], [0.10123341377643562, 0.1194938536717159, 0.11145914345342176, 0.10689809675401098, 0.10193531002493188, 0.09331740546077114, 0.1240837270588528, 0.12351999522195267, 0.11805905457790723], [0.10119214034190047, 0.11973492498308048, 0.11147199440126962, 0.10701240877308235, 0.10185442829288452, 0.09328513521781139, 0.12393744625037979, 0.12359078680346287, 0.11792073493612851], [0.1012140199848999, 0.11952958026647131, 0.1114144362545158, 0.10686485117415581, 0.1019460578837364, 0.09333817949487842, 0.12402584313759271, 0.12358494139124926, 0.11808209041250035], [0.10158401983654279, 0.11876505379051652, 0.1110733878974195, 0.10622717806202046, 0.10267206737158996, 0.09369251047132925, 0.12358242058392381, 0.12314442030518741, 0.11925894168147044], [0.10110790582844163, 0.12014915845379778, 0.111476360061705, 0.10712803211119654, 0.10175982624579735, 0.0932809967541189, 0.12361333233635151, 0.1237358747706102, 0.1177485134379811], [0.10129938538690403, 0.11900514696676863, 0.11122591236459267, 0.10656608077105406, 0.10225630041435604, 0.09357104428190371, 0.12401788614481454, 0.1234966990167753, 0.11856154465283102], [0.11090413237713162, 0.12363753033075241, 0.11349527067420401, 0.1072002458658065, 0.11026120590367057, 0.0994794329278877, 0.1116758057395385, 0.11181678168354767, 0.11152959449746092], [0.11094890466745085, 0.12372511640293453, 0.1134315479379847, 0.10713085806227766, 0.11034001013958221, 0.09954865984996103, 0.11159155338748279, 0.11178165746536461, 0.11150169208696148], [0.11027271245720373, 0.12303022536834514, 0.11361809108850672, 0.10739572492364936, 0.10966446396704549, 0.09890314033474526, 0.112503332008068, 0.11247121280015644, 0.11214109705227986], [0.10978411187639608, 0.12294005100055391, 0.1137375613016122, 0.10758475191738637, 0.1091355578123184, 0.09837677533163798, 0.11309800054202908, 0.11285723438665658, 0.11248595583140941], [0.11105402750573543, 0.12420421756951504, 0.1129071485819426, 0.10658659488438493, 0.1107936289359932, 0.09992696061273763, 0.1112084017020116, 0.11177534861033234, 0.1115436715973472], [0.11162094409932494, 0.12499999999999999, 0.11251915936497904, 0.10616303454472295, 0.11151587866858291, 0.10061069178617121, 0.11035656184939902, 0.11119592885627043, 0.11101780083054937], [0.1103727322724168, 0.12337807200581956, 0.1130999442710824, 0.10684857240273916, 0.11011070220585246, 0.09927938720720993, 0.11214369635217228, 0.11252339069251487, 0.11224350259019254], [0.11035481964218702, 0.12340330135223926, 0.11300591553389783, 0.10675527709401814, 0.11016357922960182, 0.09932183856810048, 0.11212225934085256, 0.11257269196227798, 0.11230031727682492], [0.1094053291279809, 0.12237124945243379, 0.11328308814785541, 0.10721504773560031, 0.10913802011364886, 0.09837267236524623, 0.11347834925734986, 0.11354635450046546, 0.11318988929941938], [0.11036521261668329, 0.12349239873141428, 0.11281166443960401, 0.10655838811554304, 0.11031471169673866, 0.09945199671117526, 0.11201835533943226, 0.11262063771300398, 0.1123666346364052], [0.10939918527814738, 0.12258208557934253, 0.11307333610657082, 0.106988209646058, 0.10926741614753602, 0.09846799286086871, 0.11335919087742605, 0.11360010246907931, 0.11326248103497119], [0.10965315261927179, 0.12276275592291751, 0.1129655978892452, 0.106831598098124, 0.1095811265010582, 0.09876255987886541, 0.11299301492698932, 0.11337998644651501, 0.113