[[0.0947000714418416, 0.11690066424159234, 0.1150836775001046, 0.12505224527980463, 0.11977339521197458, 0.12338181765645832, 0.10355419680027382, 0.09884143903175327, 0.10271249283619702], [0.09407173195555678, 0.1172660686417492, 0.11580319868948469, 0.12505570685640569, 0.12021065093222065, 0.12331278446791508, 0.10337729694707741, 0.09849198762203401, 0.10241057388755653], [0.09475520328318347, 0.11674827090983139, 0.11506005928486937, 0.1250520387933322, 0.11987698326650273, 0.12351030681829742, 0.10349062499962682, 0.09886654825071076, 0.10263996439364584], [0.09459249501390483, 0.11682762641839248, 0.11519186369796434, 0.1250527939855038, 0.1199768060791753, 0.1235997947106535, 0.10343435721045414, 0.0987651990793754, 0.10255906380457623], [0.09405517348467861, 0.11719538795444716, 0.11584937560905954, 0.12505586174882907, 0.1203198506722206, 0.12338010006569491, 0.10332346291435236, 0.0984796668531273, 0.10234112069759041], [0.09415721384795074, 0.11704071897113819, 0.11568991088081776, 0.12505518689181874, 0.12032571681433732, 0.12359799759915152, 0.10328936194615652, 0.09851950706624808, 0.10232438598238111], [0.09468572149777398, 0.11670771929402762, 0.11512556826893605, 0.12505238466371305, 0.11999935860535872, 0.12364743178701086, 0.10341769715641576, 0.09881735698204469, 0.10254676174471926], [0.0946325862005171, 0.11662133595629848, 0.11518460425178768, 0.1250526748681317, 0.12015263710260837, 0.12382106725922556, 0.10332653302301786, 0.0987759828275724, 0.10243257851084085], [0.09518489046319346, 0.1163080654678527, 0.11482835038366343, 0.12505035793848493, 0.11991606547022134, 0.12345164958768311, 0.1034816337904513, 0.09913025089360901, 0.10264873600484069], [0.09435762351616969, 0.11661964640239614, 0.11545968974899268, 0.125054089961701, 0.12048526517929185, 0.1240798324201223, 0.10315011912016833, 0.09860149996005327, 0.10219223369110471], [0.09402372079632611, 0.11685776024815542, 0.1160270464488415, 0.12505639584675476, 0.12080449168084796, 0.12362825208824707, 0.10309809970751008, 0.0984531407976929, 0.10205109238562418], [0.09515334255383948, 0.11623913225291999, 0.1148686139967286, 0.12505055159978654, 0.12003373298276643, 0.12357389845624785, 0.10341314634943313, 0.09910458724670765, 0.10256299456157039], [0.09411608601551016, 0.11670818874360213, 0.1158404964708507, 0.12505568718271692, 0.1207913081287741, 0.12391751833930459, 0.10305801493954532, 0.09848110830394047, 0.10203159187575561], [0.09424326576493253, 0.11650869729315176, 0.11563406154741358, 0.12505484536341155, 0.12077983498477676, 0.12423574086346614, 0.10300993726083632, 0.09852946028114112, 0.10200415664087023], [0.09394139069000616, 0.1168111110811249, 0.11639372475968889, 0.12505755590618275, 0.12111739415254993, 0.12327764108365796, 0.10303426801913831, 0.09844766076327563, 0.10191925354437549], [0.09454408250209492, 0.11633840180755207, 0.11530185444830145, 0.12505323112132383, 0.1205550094801919, 0.12428388680738604, 0.10308804140140403, 0.09869813195138405, 0.10213736048036166], [0.09398852256856657, 0.11671562771171785, 0.1162606910873302, 0.12505710065138487, 0.1211295769719729, 0.12350219490002466, 0.10299709194467342, 0.09845304215492241, 0.10189615200940712], [0.09407813426314705, 0.11658295778614201, 0.1160092658306947, 0.1250562347167365, 0.12106798699994237, 0.12388523671987772, 0.10296035723142118, 0.09846863636017285, 0.10189119009186587], [0.0953762417118497, 0.11599029859992382, 0.11479584251367127, 0.1250498296475071, 0.12011333360609781, 0.12350406936488316, 0.10338837425227834, 0.09924718612722405, 0.10253482417656472], [0.09413922919579656, 0.1164764820130147, 0.11587864677865381, 0.12505575296374832, 0.12105638661715656, 0.12410665884724226, 0.10292854909327667, 0.09848535188133846, 0.10187294260977262], [0.09447714553065376, 0.1162239892887432, 0.11537640377832055, 0.12505361543489119, 0.12075100495421304, 0.1245025426087374, 0.10297412317286105, 0.09864703718308193, 0.10199413804849795], [0.09417412442005205, 0.11640820751942957, 0.11581467445921032, 0.1250555072355558, 0.12106184808794791, 0.12422721329549236, 0.10290632313085714, 0.09849617637093648, 0.10185592548051838], [0.09548359587112765, 0.11592412696285709, 0.11474918601695876, 0.12504944478351265, 0.1200858764471456, 0.12340921914893976, 0.10341307290978881, 0.09931926484219131, 0.10256621301747851], [0.09427388410846853, 0.11626823452015927, 0.11563104146788293, 0.1250547953657308, 0.1210052595248479, 0.124507293154891, 0.10287841777596662, 0.09853213690096532, 0.10184893718108759], [0.09445771380619036, 0.11615203132274454, 0.11540288252308059, 0.1250537482198535, 0.12084880453848486, 0.12461489394473778, 0.1029169057784714, 0.0986297271709681, 0.10192329269546886], [0.09495240213589842, 0.11597793361158541, 0.11508091513858794, 0.12505167265363365, 0.12056557484789848, 0.12413345029184657, 0.10310715805508033, 0.09895398333137327, 0.10217690993409594], [0.09530836860441347, 0.11588713160591729, 0.11487768439084474, 0.1250502442629641, 0.12032356884498387, 0.12369740618477044, 0.10327203650707757, 0.09919628856701762, 0.1023872710320107], [0.09410858543151386, 0.11636529066784657, 0.1161109082753152, 0.12505645780618022, 0.12137918419547965, 0.12390200416557826, 0.10284633972139906, 0.09849159428544228, 0.1017396354512449], [0.09427284988400401, 0.11616925831459608, 0.11567370135904724, 0.12505493038947815, 0.12114638708059498, 0.12456853593431991, 0.10281589967197069, 0.09853002109342864, 0.1017684162725603], [0.09507480230528852, 0.11590040573534237, 0.1150262894662522, 0.12505123395499337, 0.1205461484585387, 0.1240247333949035, 0.1031319223966706, 0.09903544618085153, 0.10220901810715922], [0.0947132393812511, 0.11597898127508854, 0.11524207421150272, 0.12505271018474481, 0.12079393651473823, 0.12447888990817518, 0.1029605650356304, 0.09879058930538472, 0.10198901418348447], [0.09444135981440792, 0.11603749358698263, 0.1154312580799671, 0.12505388975546003, 0.12098759631202502, 0.12477877493326062, 0.10283507136654374, 0.09861166917815468, 0.10182288697319825], [0.09432260208207123, 0.11607838609027972, 0.11559325802195303, 0.12505461164357332, 0.12114203277255352, 0.12472406429050503, 0.1027891126683661, 0.0985482050270776, 0.10174772740362027], [0.0956529259029732, 0.11571547512147093, 0.11472338557742458, 0.125048995893865, 0.12019040979973906, 0.12334263023553128, 0.10337688099506727, 0.09943065320341267, 0.10251864327051603], [0.09503032550309007, 0.11582864268638547, 0.11508316503887457, 0.12505151887149837, 0.12068926557195025, 0.12414659491335207, 0.10305575452983973, 0.09900294035221494, 0.10211179253279452], [0.09562862564806007, 0.1156857185151107, 0.1147524765628361, 0.125049145498314, 0.12026061585363658, 0.12340000114482443, 0.10333950127260728, 0.09941308320889033, 0.10247083229572053], [0.09429350356368389, 0.11601398055575003, 0.11578893698163013, 0.12505522217166035, 0.12142277268363155, 0.124493887203035, 0.10273068259280974, 0.09855291611366268, 0.10164809813413661], [0.09441078032458779, 0.11588897008689239, 0.11547606156177535, 0.12505412490100012, 0.12117744657197393, 0.12499999999999997, 0.10272412420282467, 0.09858257591982583, 0.10168591643111972], [0.09494477012050717, 0.11579384300514431, 0.11515456669773161, 0.12505193827855576, 0.12082360525918831, 0.124293465634553, 0.10297972174881292, 0.09894367777918507, 0.10201441147632187], [0.09412310249134447, 0.11620337369084642, 0.1163927084306356, 0.1250571988964484, 0.12177546381643194, 0.12354225214846619, 0.10276694533360835, 0.09853966876914022, 0.10159928642307842], [0.09437224228025538, 0.115908574927464, 0.11563047082378287, 0.1250546302680913, 0.12134536450969105, 0.12475107983463987, 0.10271101748184913, 0.09857956844880063, 0.10164705142542599], [0.0942308982731822, 0.1160407262618334, 0.11609414137314385, 0.12505618386205103, 0.12170365692666223, 0.12401619902948399, 0.10271601850364732, 0.09855858093115176, 0.10158359483884422], [0.09432233194159886, 0.11593841665162871, 0.11582769375425549, 0.12505527464995603, 0.1215393609329022, 0.12443608587290712, 0.102700246166957, 0.09857617482967658, 0.10160441520011786], [0.09526323423803966, 0.11563080669329377, 0.11501958578945945, 0.12505081821145703, 0.12074122792285585, 0.1239449725652819, 0.10306647789479613, 0.09916022466995349, 0.10212265201486272], [0.09455866164248748, 0.11567077892281562, 0.11561289785346542, 0.1250541929002601, 0.1215462712902349, 0.12459587906244164, 0.10266759984915827, 0.09870458866366566, 0.10158912981547091], [0.09589218715070166, 0.11540182882377148, 0.11472239256935352, 0.12504849329512313, 0.12039094550974817, 0.12321984891324916, 0.10330809128682046, 0.09959261625978001, 0.10242359619145244], [0.09409828656226653, 0.11582872056233891, 0.11652467862796717, 0.12505772888745476, 0.12225381642093225, 0.1238734297616196, 0.10253847969798795, 0.098515912414821, 0.10130894706461187], [0.09406472145400327, 0.11583443603184965, 0.11659282450032508, 0.12505799077450078, 0.1222853426570457, 0.12384511727690191, 0.10252897685474109, 0.0985025633481625, 0.10128802710247002], [0.09570515991715307, 0.11540892464060225, 0.11484374499752446, 0.1250493006099419, 0.12059930151264961, 0.12346261993410182, 0.10319156395087223, 0.09946375735752143, 0.10227562707963325], [0.09424589280736427, 0.11578455673785924, 0.11629425233714157, 0.12505676511308692, 0.1221458638463714, 0.12392247015259429, 0.10257753009276842, 0.09858658282219278, 0.10138608609062116], [0.0944784169809589, 0.11567450966699712, 0.11588029993558038, 0.12505511594161195, 0.12185883628983911, 0.12424118595594384, 0.10262503093397914, 0.09868773540606729, 0.10149886888902246], [0.09414709187653732, 0.1157617386883696, 0.11644445713456426, 0.12505742006101617, 0.12227541677546996, 0.12396253127079691, 0.10251941994009692, 0.09853465867230163, 0.10129726558084724], [0.09508548819571912, 0.11548717436246948, 0.11523507887047083, 0.1250519110833249, 0.12118172307960183, 0.12420551959251952, 0.1028595010078477, 0.09904269199286275, 0.10185091181518405], [0.09560575185239918, 0.11539486123162593, 0.11491993916088615, 0.1250497689882071, 0.12073868604495169, 0.12359586696151655, 0.10311805676595812, 0.09939583404536541, 0.10218123494908989], [0.0946144400109833, 0.11553299889518258, 0.11579683884347998, 0.1250546084801526, 0.12189846011250949, 0.12422969565728029, 0.10261259818535304, 0.09876974992273467, 0.10149060989232404], [0.09458322287014632, 0.11553505589043143, 0.11589020506943706, 0.12505493936379528, 0.12200663629743068, 0.12411170437154585, 0.10259754929870601, 0.09876166540417099, 0.10145902143433637], [0.09434688505258026, 0.1155338856225759, 0.11619288646275125, 0.12505634615635958, 0.12231793944213737, 0.12416639491968541, 0.10247735994036242, 0.09862964111974004, 0.10127866128380777], [0.09475286148762906, 0.11544104475400263, 0.11566892530068763, 0.12505395497192284, 0.12182299159232322, 0.12425014104251632, 0.10263249239525905, 0.0988498335362461, 0.10152775491941313], [0.09422010539650845, 0.11553708390347998, 0.11635175833754771, 0.12505708600825233, 0.12244508379686062, 0.12422034278733013, 0.10241934527344812, 0.098559151209898, 0.10119004328667466], [0.09487124556233015, 0.11539309313001908, 0.1155527649910757, 0.12505336290485883, 0.12170997822794676, 0.12424556591017477, 0.10266972597718799, 0.09891964391158312, 0.10158461938482377], [0.09556063858757224, 0.1152719455321008, 0.11503394699745484, 0.12505025555272092, 0.12100841163665313, 0.12367459798388557, 0.10300341365445816, 0.0993684439712373, 0.10202834608391703], [0.09433229894284761, 0.11547797842680314, 0.11621396114660879, 0.12505646471111195, 0.12239293845799916, 0.1242432460889489, 0.10243705876110612, 0.09861808625785072, 0.10122796720672361], [0.09500128782457107, 0.11534963071149504, 0.11544670821052937, 0.1250527663662223, 0.12159658724482647, 0.12418332872965879, 0.10271731735207934, 0.09900092427442025, 0.10165144928619736], [0.0950765915451414, 0.11531902189495662, 0.11540079802929783, 0.12505246601160833, 0.12155324596157202, 0.12412250961985254, 0.10274151529214748, 0.09905029289836993, 0.10168355874705386], [0.09519106918821954, 0.11529576724525911, 0.1153131956822109, 0.12505194828232594, 0.12143920919415788, 0.12403636621697146, 0.10279411623858041, 0.0991241877147183, 0.10175414023755662], [0.09547036416201232, 0.11523416398848116, 0.11513191406624242, 0.12505077443578397, 0.12119418332603818, 0.12376746450171014, 0.10292142177958963, 0.0993100880139269, 0.10191962572621513], [0.09473706677414616, 0.11533867157448584, 0.11579647695757309, 0.1250543928648649, 0.12207656959008785, 0.12416074903759575, 0.10256122282265974, 0.09885224778320534, 0.10142260259538137], [0.09499201828607748, 0.11529384864063069, 0.11553188685518054, 0.12505305233768146, 0.12176072668351623, 0.1241009938949136, 0.10267545241284838, 0.09900402365287475, 0.10158799723627687], [0.09561061713595938, 0.1151839529439178, 0.11506319002016983, 0.12505025582456758, 0.12111129140711382, 0.12361747231552017, 0.10297307156251505, 0.09940585791363217, 0.10198429087660422], [0.09460787118362117, 0.11531318886604651, 0.11594082103734193, 0.12505512120615134, 0.12227461446653701, 0.1242502844730662, 0.10247758528614333, 0.09877430605444644, 0.10130620742664606], [0.09496241482029612, 0.11527172116503413, 0.11560676916877313, 0.12505334451935457, 0.12188255456810095, 0.12404682410226163, 0.10264426194138948, 0.09899198631026362, 0.10154012340452633], [0.09513868636645299, 0.11520065316247663, 0.11547562231067042, 0.12505257942413853, 0.1217502530688252, 0.12396074981063775, 0.10270004882006545, 0.09910334034556684, 0.10161806669116621], [0.0953213120331654, 0.115148824216968, 0.11534209858766979, 0.1250517799245241, 0.12158449842124111, 0.12384033667163809, 0.10277332742483496, 0.09922100158621033, 0.1017168211337484], [0.09500398219577272, 0.11506642920422996, 0.11560997080308623, 0.12505336169497025, 0.12205629113977388, 0.12424446835677767, 0.10254107278345018, 0.09901094832352003, 0.10141347549841907], [0.09575335983717793, 0.11498122512418063, 0.11512326062576118, 0.12505018200079698, 0.12132809823506707, 0.12342848614851391, 0.10291998379998929, 0.09951341694756727, 0.10190198728094589], [0.09566275349627507, 0.11490834367205224, 0.11522279642617315, 0.12505073501307362, 0.1215434525937223, 0.1235724054652463, 0.1028177387289924, 0.09945330875643722, 0.10176846584802753], [0.09430731060421242, 0.1148608690083118, 0.11628879697154415, 0.12505707340914987, 0.1230836570229772, 0.125, 0.10206193345555353, 0.09857239738747221, 0.1007679621407788], [0.09557228815486804, 0.11488323641022655, 0.11528658801752205, 0.12505115646683534, 0.12167002523561687, 0.12371608803423725, 0.10274883055352235, 0.09939094211739839, 0.10168084500977313], [0.09448662566815279, 0.11473212710573087, 0.11622927959612048, 0.1250565617946674, 0.12315632861975179, 0.12478017460249967, 0.10207802182097829, 0.09869490234191393, 0.10078597845018478], [0.09580886938558097, 0.11476679425432171, 0.11518231078613626, 0.1250503492529599, 0.12155594801362121, 0.12351294790963592, 0.10281201405582058, 0.09955208248945101, 0.10175868385247243], [0.09472325179152566, 0.11469394938835328, 0.11587323442723273, 0.12505502256928266, 0.12273985010501642, 0.12500000000000003, 0.10216582741570868, 0.09881283762520696, 0.10093602667767378], [0.09515761447042885, 0.11472068907246463, 0.11559443308737644, 0.12505315897841482, 0.12229368166267565, 0.1244068192634305, 0.1024138061289223, 0.09910663456072477, 0.10125316277556203], [0.09479594085352455, 0.1146545692592409, 0.11584696861921415, 0.12505479987392798, 0.12273281433283281, 0.12491753966323318, 0.10218074141330852, 0.09886297681189189, 0.100953649172826], [0.09583835747150393, 0.11467669033824776, 0.1151991869657686, 0.12505038740925428, 0.12163573602326018, 0.12355226595321525, 0.10277090083872223, 0.0995721748927493, 0.10170430010727849], [0.09548887303305433, 0.11452226913593196, 0.11547687536320883, 0.12505215892000845, 0.1222157683541507, 0.12411132124811826, 0.10247434834382402, 0.0993348441096356, 0.10132354149206786], [0.0954069572931246, 0.11448413290340645, 0.11554689930778385, 0.1250525892618219, 0.12235866439881746, 0.12423005871934586, 0.10240577091980313, 0.09928042410681097, 0.10123450308908578], [0.09581144324923875, 0.11448904005438514, 0.11529787394654972, 0.12505087932463518, 0.12190955391986101, 0.12372511034509998, 0.10263489340283728, 0.09955591407630288, 0.10152529168109004], [0.11773618645810598, 0.10245637866543897, 0.11503649711936306, 0.12506654937592654, 0.10129180930701619, 0.09346374269067734, 0.11214095124712554, 0.12241790435560654, 0.11038998078073996], [0.11629581154505333, 0.10293122583939622, 0.11554940655607149, 0.12506948442386379, 0.10189344051450518, 0.09375921654129055, 0.11257767620107505, 0.12214103356083135, 0.10978270481791307], [0.11703765443544425, 0.10271985017006562, 0.11535793928035251, 0.12506800129788803, 0.10163699082526646, 0.09365462990939179, 0.11238051165878572, 0.12242830224998043, 0.10971612017282532], [0.11781400168398903, 0.1024040629251226, 0.11507666079441911, 0.125066523288093, 0.10128726199906407, 0.09345278801499195, 0.11207185033401935, 0.12248076123458641, 0.11034608972571443], [0.11783939241691332, 0.102377793634006, 0.11511809243316838, 0.12506656907807576, 0.10129707157606654, 0.09345135849110922, 0.11203417109889888, 0.12253074183129185, 0.11028480944046995], [0.11815070964594745, 0.10224962611511564, 0.11504747465537841, 0.1250660022544124, 0.1011945060282957, 0.09340039742423786, 0.11188212700514102, 0.12252086432067637, 0.11048829255079524], [0.1169407071125552, 0.10263990078906492, 0.11560954714126305, 0.12506862108202832, 0.10174422334873644, 0.09366598553491494, 0.11224136325457171, 0.12257545294140085, 0.10951419879546459], [0.11623211571374126, 0.10283460775657027, 0.1158529583124186, 0.125070020542087, 0.10203745980537018, 0.09380815064898923, 0.11238126332789328, 0.12225640070365021, 0.10952702318927998], [0.11821840872997219, 0.1021232218776993, 0.11532246770616679, 0.12506644959116095, 0.10128274419943589, 0.09340486404583066, 0.11169350260696835, 0.12283876028377784, 0.110049580958988], [0.11793377375572658, 0.10217500310919475, 0.11557967151357307, 0.12506726593708434, 0.10145650649468868, 0.0934763195519938, 0.11171501373502656, 0.123028943874317, 0.10956750202839523], [0.11809660278501172, 0.10207300396189702, 0.11563426379646641, 0.12506715594840356, 0.1014337037979792, 0.09345000987635649, 0.1115846856484652, 0.1231396239951649, 0.1095209501902555], [0.11939527764288609, 0.10175835073705419, 0.1149842436811517, 0.12506391615246698, 0.10098341851111263, 0.09335596882448598, 0.111184576443718, 0.12239488876210489, 0.11087935924501953], [0.11724455132500515, 0.1023068364633067, 0.11607428301488537, 0.1250689250568185, 0.10183563493936056, 0.09365084338134734, 0.11175576832244193, 0.12308254571361563, 0.10898061178321883], [0.11617618881628781, 0.10261212929756763, 0.11651926061387233, 0.1250708430283638, 0.10235533906188778, 0.09395473294268523, 0.11191301659231141, 0.12243813550880331, 0.10896035413822072], [0.11711376700990996, 0.10228415779842523, 0.11625741579648252, 0.12506935739056843, 0.10194028290114929, 0.09369154061484852, 0.1116812334340014, 0.12309913594565887, 0.10886310910895593], [0.1186787564733866, 0.10181685680049786, 0.11558776978756734, 0.12506631124587575, 0.10128301759197278, 0.09336521541669601, 0.11127295505701128, 0.12320518276473853, 0.10972393486225394], [0.11955899528113313, 0.10163604679551036, 0.11516469533358485, 0.1250640738782541, 0.10102605864204477, 0.09335428821551249, 0.11101031729226839, 0.12258616144893425, 0.11059936311275755], [0.11865649525021799, 0.10180100635435402, 0.11565529316707501, 0.12506646339703978, 0.10131170062054064, 0.09337083440688432, 0.11124539641681337, 0.12328201995371137, 0.10961079043336339], [0.11738378515595413, 0.10212868815704251, 0.11634786988654905, 0.12506911342809396, 0.10190186750518997, 0.09365622904689822, 0.11148585913884553, 0.12334423319395195, 0.10868235448747472], [0.11697845773273718, 0.1022456442324472, 0.11650571657447108, 0.12506982670519232, 0.10208190031742806, 0.09375780539104799, 0.11156203820645305, 0.12310390182362956, 0.10869470901659357], [0.11985341854774956, 0.10151176168419733, 0.11523889528822011, 0.12506374534707956, 0.10103082238656018, 0.09337305017047538, 0.11081530589436953, 0.1225908520709058, 0.11052214861044257], [0.11940501249310863, 0.10152581513795021, 0.11560209361767423, 0.12506526071126864, 0.10118187328433118, 0.0933411867281372, 0.11086574919671505, 0.12316847998263496, 0.10984452884818004], [0.11790996404209866, 0.10188323905198261, 0.11639872123348435, 0.12506847005957394, 0.10179088588716752, 0.09358528094947828, 0.11119282374308999, 0.12373577797956187, 0.10843483705356276], [0.11811975855094567, 0.10182055233293189, 0.11630984258594648, 0.12506809448985337, 0.10170158214584345, 0.09353699011924166, 0.11114232280427136, 0.12379080900615269, 0.10851004796481342], [0.11918517099071918, 0.10153341602470484, 0.11578797379036575, 0.12506594386003517, 0.10127116309338591, 0.09334583386975535, 0.11087361109319252, 0.12343319624169127, 0.1095036910361499], [0.11702977793574046, 0.10212328449526532, 0.11677427662142634, 0.12507002471399006, 0.1021837237015072, 0.09380372252594439, 0.11134300420150114, 0.12322493253617303, 0.10844725326845207], [0.12016970946905177, 0.10141684558117013, 0.1152335071584276, 0.12506317738321637, 0.10101861815099919, 0.09340875836342269, 0.11064909013697789, 0.12246425116346772, 0.11057604259326666], [0.11870910196481156, 0.10160751595118815, 0.11609083783430595, 0.12506710869562124, 0.10145978892732486, 0.09339637092151723, 0.11094067205215889, 0.12378983932495932, 0.1089387643281128], [0.11655759734306448, 0.10225493784815773, 0.11705240440143007, 0.1250707972903239, 0.1024750391383303, 0.09399919515019736, 0.11136102810206998, 0.12283946400125662, 0.10838953672516947], [0.11749621202825188, 0.10192981904242185, 0.11671363492756873, 0.12506939174028425, 0.10201695211789194, 0.09369193391505186, 0.11116151466160754, 0.12360213453162744, 0.10831840703529454], [0.118300229382512, 0.1017016513671646, 0.11636688717867015, 0.12506797292398408, 0.10166979135195865, 0.09350205716014941, 0.1109945560130455, 0.12393960484810752, 0.10845724977440808], [0.12015256892665678, 0.10136937878849338, 0.11537878205437092, 0.12506354875630427, 0.10106316701537522, 0.09339884933582446, 0.11059123508409546, 0.12265062702498702, 0.11033184301389247], [0.11870280975159887, 0.10157284629475112, 0.11618403933739505, 0.12506725532124893, 0.10149541275602454, 0.09340569385728029, 0.11088212359393164, 0.12389447467180045, 0.1087953444159691], [0.11666809333347408, 0.10218590627146039, 0.11710452696575463, 0.12507070027630698, 0.10246150612647847, 0.0939855153053774, 0.11127481802866983, 0.12293995390611466, 0.1083089797863637], [0.11800009032041357, 0.10174892288430626, 0.11660859701101717, 0.1250686293052215, 0.10184374497888748, 0.09359130866117889, 0.11098846762006379, 0.12394256681628425, 0.1082076724026271], [0.1202085615983878, 0.10132381624606264, 0.11545948393002209, 0.12506363110221758, 0.10108726004185634, 0.09340328096824893, 0.11052349820895377, 0.1227239198728904, 0.11020654803136046], [0.12027114552537642, 0.10127748784388163, 0.11553821507301582, 0.12506369200206713, 0.10111134702712801, 0.09341001864873173, 0.11045291715168554, 0.12278868365056163, 0.11008649307755221], [0.11870051992200094, 0.10146901805177505, 0.11644096320942506, 0.12506761334773367, 0.10159122784539187, 0.09343327740426367, 0.11070707703675052, 0.12418053465765455, 0.10840976852500477], [0.11800438860039451, 0.10166237265073567, 0.11680560420623946, 0.12506885112607857, 0.10191703189910212, 0.09361699532808317, 0.11083857720365854, 0.12405498267826671, 0.10803119630744121], [0.11649985110111033, 0.10216498440475807, 0.11745199389259962, 0.12507106730026754, 0.10269914618188639, 0.09415099778408338, 0.1111053831743658, 0.12276294339574835, 0.10809363276518055], [0.12014147407297537, 0.10124755665656318, 0.11572082475376079, 0.12506428337193204, 0.10117476357477015, 0.09339560901736974, 0.11042327692231203, 0.12305687047385067, 0.10977534115646592], [0.11860786313657223, 0.10146298786943032, 0.11656800500513197, 0.12506788009190783, 0.1016627427177809, 0.09346598803962583, 0.11067186588169635, 0.12428185992178926, 0.1082108073360653], [0.1169443693880134, 0.10198633388671532, 0.11733057732335532, 0.12507050157400204, 0.10247871746487937, 0.09398721957644914, 0.11099145688165844, 0.1231797749598883, 0.10803104894503866], [0.11586662018697493, 0.10239826512698269, 0.11771759154356297, 0.12507185887049457, 0.10309161918466969, 0.09445208722169673, 0.11117560762382417, 0.12213973082859182, 0.1080866194132023], [0.11841797173619192, 0.10151391421301222, 0.11670391689011783, 0.12506822919140376, 0.10177350632503544, 0.09353359880255036, 0.1106936836626868, 0.12429835699668822, 0.10799682218231335], [0.11976964651811862, 0.10123311970911085, 0.11604883498268642, 0.1250654788468839, 0.10130606866262783, 0.09337721902025474, 0.11041705825074746, 0.12358169430535008, 0.10920087970421997], [0.11612936314327274, 0.102250463775668, 0.11779756566103286, 0.12507158682595343, 0.10302671175194393, 0.09439825104373059, 0.1110179077076308, 0.12236006593138786, 0.1079480841593798], [0.11652530152317418, 0.1020920665982247, 0.1176771977464974, 0.1250711127882732, 0.10280856828736941, 0.09422973761820692, 0.11093896003763142, 0.122743926886143, 0.10791312851447975], [0.12083242914593698, 0.1011232352345286, 0.11555696274714788, 0.12506273743915156, 0.10112162213988757, 0.09349946182222274, 0.11016387973383968, 0.12252333296595366, 0.11011633877133133], [0.12042781433112269, 0.10113234930654087, 0.11582464922542644, 0.12506398687084044, 0.1012064936679767, 0.09343746458508873, 0.11022815766045431, 0.12302814720694295, 0.10965093714560677], [0.11716664280303588, 0.10183012598908607, 0.11751323392888152, 0.12507031927641152, 0.10249836697389213, 0.09399759324534473, 0.110764116347074, 0.12335072107602751, 0.10780888036024662], [0.1186788285922065, 0.10131696303224312, 0.1168419732340578, 0.12506810589577666, 0.10175110444264256, 0.09349524349553735, 0.11043458667309952, 0.12458311511104353, 0.10783007952339284], [0.12028522891870261, 0.10110083729899337, 0.11601837543003946, 0.12506456705409247, 0.10127744256017429, 0.09343089687744803, 0.11018959358050891, 0.12330067294970884, 0.10933238533033202], [0.11837189251773128, 0.10140007505710937, 0.11704345182897855, 0.1250686262168499, 0.1019207708408396, 0.09360137388175085, 0.11047197906862577, 0.12445418611376295, 0.10766764447435173], [0.11691667252395842, 0.10189633782955107, 0.11771541345168246, 0.12507067240370284, 0.10268898004376387, 0.09413855059719786, 0.11074272602828283, 0.12308074818461805, 0.10774989893724257], [0.1185330217479223, 0.10131170978139867, 0.1170789283814234, 0.12506846080393513, 0.10189613653874122, 0.0935834171728834, 0.1103592394531936, 0.12460470306746084, 0.10756438305304142], [0.11896119769189331, 0.10117035119724357, 0.11685809167926595, 0.1250677999071964, 0.10168736969266942, 0.09344905135932692, 0.11025732351983188, 0.1247107849781686, 0.10783802997440395], [0.1166010260447089, 0.10197857336501515, 0.11798720039863098, 0.12507108534162253, 0.10294850912473502, 0.09433680628712782, 0.11069654708621705, 0.12272203087434, 0.10765822147760253], [0.11946736228654228, 0.10110593427439124, 0.11660907229344303, 0.12506674557444672, 0.10153658326333975, 0.09342091404454149, 0.11019631411898768, 0.12429315493468414, 0.10830391920962364], [0.11637938543956942, 0.10205617442891542, 0.1180990051090323, 0.12507134793898725, 0.10309329684100141, 0.09444944036423192, 0.11071157821903155, 0.12249240815304227, 0.10764736350618846], [0.12062081619420817, 0.10101232644275233, 0.11603315187250206, 0.1250640101979192, 0.10128416312768473, 0.09348427020494525, 0.1100251166289618, 0.12312086762203432, 0.10935527770899223], [0.11789227087200468, 0.10149187298821814, 0.11750863700728183, 0.12506945148162482, 0.10227760260636733, 0.09384111009870337, 0.1104151892979883, 0.12397895334150032, 0.10752491230631124], [0.11769459331716182, 0.101559938087573, 0.11760615894757069, 0.12506971984610873, 0.10238539524793944, 0.09391815721105916, 0.11045062305866701, 0.12378007168578775, 0.10753534259813248], [0.11779159013170112, 0.10152446137057565, 0.11756704802578316, 0.1250695913397745, 0.10233684839843281, 0.09388349057327382, 0.11042803198726514, 0.12387463759887603, 0.10752430057431778], [0.11955137759450415, 0.10102879971710109, 0.11675864303150521, 0.12506676551520468, 0.1015936411556659, 0.09345690395068755, 0.11005993055949083, 0.12437144649717148, 0.1081124919786691], [0.11874533745691525, 0.10117233201315143, 0.11720788407249452, 0.12506828836376432, 0.1019062403945346, 0.09358900880308565, 0.11015588895836365, 0.12478661853119155, 0.10736840140649903], [0.11895932501197903, 0.10105821952322937, 0.11710632444387097, 0.12506806706206747, 0.10177741432385003, 0.09348183253610862, 0.11006671809614207, 0.125, 0.10748209900275246], [0.12117624572521474, 0.10091860762827752, 0.11593225092322036, 0.12506285964224997, 0.10126553081153443, 0.09358084490831207, 0.1098200322183104, 0.1226842105037912, 0.10955941763908932], [0.1184495516795031, 0.10121549085717145, 0.11769784606949771, 0.12506876315088294, 0.10225244029587505, 0.09384989732407643, 0.11002729895114938, 0.12426634594102454, 0.10717236573081942], [0.11706526431908452, 0.10167896580197733, 0.1183818492612717, 0.12507053602310944, 0.10300989391875974, 0.09440145573616594, 0.11024178318877047, 0.12292517948952192, 0.10722507226133908], [0.11916557807572678, 0.100994735523294, 0.11733727445729147, 0.12506771997125385, 0.10191670910178838, 0.09363275997726522, 0.10987875251996397, 0.12470103515565321, 0.10730543521776324], [0.11870683285024916, 0.10112916687269573, 0.11763451384811141, 0.125068392461031, 0.10217002922055061, 0.09380402531888878, 0.1099431268838045, 0.12442789679775518, 0.10711601574691375], [0.12127240679204157, 0.10083037874012923, 0.11615353411473318, 0.1250630416689023, 0.10135815400228655, 0.0936292680235382, 0.10966442278693038, 0.12279021750054157, 0.10923857637089689], [0.1177360494002648, 0.10142365958484134, 0.11820383725467337, 0.1250697010627611, 0.10271410210351467, 0.09418936988078605, 0.11005994700253477, 0.123491746188733, 0.1071115875218909], [0.11771312641795788, 0.10142024348152741, 0.11827962384856058, 0.1250697206794381, 0.1027648037679947, 0.09423172489834694, 0.11002398860074758, 0.12342680016122252, 0.10706996814420418], [0.11834359082576701, 0.1012072095094571, 0.11805826183069297, 0.12506888058481272, 0.10249354277899222, 0.09404961813480817, 0.10987254806884401, 0.12391935739858302, 0.10698699086804266], [0.11968018324937252, 0.10087324343541165, 0.11733748610662972, 0.1250668242043776, 0.10189977166528157, 0.09369758332671234, 0.10967308169708286, 0.12433317082716253, 0.10743865548796933], [0.11950408361641081, 0.10090328035337402, 0.11745007578818085, 0.1250671342539448, 0.10197500708066404, 0.0937347484073234, 0.10968724651389594, 0.12440125387200111, 0.10727717011420497], [0.11778750873612927, 0.10135630841964186, 0.11849031715093755, 0.12506957264585428, 0.1028732588897939, 0.09433450142624189, 0.10986359062679334, 0.12331743405588218, 0.1069075080487257], [0.12055724716386826, 0.10076260442566762, 0.11696379054729965, 0.12506511171035609, 0.10170598407885735, 0.09369813477132567, 0.1095274713889381, 0.12365981959572697, 0.10805983631796032], [0.11932970877558888, 0.10094034316982585, 0.11775428949163053, 0.12506735589920803, 0.10219315912558607, 0.09390962509221867, 0.1096194184724675, 0.12424348126525717, 0.10694261870821746], [0.1185561321926428, 0.10111944713969609, 0.1181851191437957, 0.12506852725219367, 0.1025403896787346, 0.0941167118827305, 0.10970883706395981, 0.12386752413491554, 0.10683731151133123], [0.11782826237534341, 0.10130557334534594, 0.11872388082022746, 0.12506943517824742, 0.10300695595324927, 0.09446112865987177, 0.10970508380219833, 0.12315482571139183, 0.10674485415412444], [0.12053976134245968, 0.10072348789719798, 0.11719457094651285, 0.12506522526451566, 0.10183630903433814, 0.09379590328999164, 0.10940680819536384, 0.12365867379542668, 0.10777926023419339], [0.12085774276004468, 0.10066923786714257, 0.11716765832410944, 0.12506462468316934, 0.10184044099883202, 0.09385869539903575, 0.10929033362672935, 0.12339393769918443, 0.1078573286417523], [0.12138067359469759, 0.10063681697013797, 0.11683660872981563, 0.12506352597219, 0.1016938937574651, 0.09384594911313891, 0.10925175907234608, 0.1229752038862671, 0.10831556890394141], [0.11722812317547696, 0.10144437252697727, 0.11930307356616592, 0.125070020491815, 0.10350398240805546, 0.09486237771629498, 0.10959173254282246, 0.12243278997850653, 0.10656352759388542], [0.1207996818796707, 0.10065980122145969, 0.11729852851782582, 0.1250647507398014, 0.10191590790291287, 0.09391075558105749, 0.10924256764881805, 0.12341031353189372, 0.10769769297656015], [0.11895142979990127, 0.10097449693997025, 0.11851224280179869, 0.1250677228706006, 0.10271820507529475, 0.09434295862475624, 0.1093642608216988, 0.12354911699688526, 0.10651956606909425], [0.12102749618096408, 0.10062389547296365, 0.11726447171913877, 0.12506431456360897, 0.10191322985673523, 0.09395209283640632, 0.1091655244120891, 0.12322484253464255, 0.10776413242345144], [0.117920251500324, 0.10121004240186549, 0.11916965706289982, 0.12506906761102188, 0.10326727444909188, 0.09472074462018633, 0.10939632853359357, 0.12281177382994884, 0.10643485999106818], [0.11960654176208325, 0.10085120533779374, 0.11822270648750484, 0.1250666605480271, 0.10251098957496475, 0.09425743948191795, 0.10926842429813455, 0.12365095585203072, 0.10656507665754308], [0.12023831966876414, 0.10071452644884249, 0.11782705701392937, 0.12506571467814193, 0.10223197015309717, 0.09409378309960675, 0.10919423967950173, 0.12358632527757536, 0.10704806398054108], [0.12114629175879883, 0.10059417821675358, 0.11732772691576891, 0.12506408480848374, 0.101964506698969, 0.09401970153287066, 0.10907968733541358, 0.12310074321622314, 0.10770307951671856], [0.12127372067505317, 0.10057838765975104, 0.11728319199851767, 0.12506383862035636, 0.10194922493379259, 0.09403146885423988, 0.109049714259479, 0.12300524079560476, 0.10776521220320547], [0.12079052430151052, 0.10061882126104393, 0.11766780806762903, 0.1250647077061842, 0.10215756573919153, 0.09412650119391922, 0.10904358611640026, 0.12323985501592857, 0.10729063059819272], [0.12142858411875009, 0.1005530596926193, 0.11727695280541339, 0.1250635349772532, 0.1019628359881585, 0.09407440404301215, 0.10898586097310739, 0.12287162889146284, 0.10778313851022325], [0.1202370756738873, 0.10069936330604341, 0.11811584157409302, 0.1250655569952282, 0.10243846605779805, 0.09429468093075973, 0.10904131644194658, 0.12334113816033762, 0.1067665608599062], [0.12146449606522633, 0.1005355398308793, 0.11736368007533235, 0.12506345065254346, 0.1020245921009144, 0.09413709418358064, 0.10892064545935756, 0.12280550575436165, 0.10768499587780431], [0.11880607956347322, 0.10095994239950347, 0.11903759811632124, 0.12506763510045915, 0.10308052546421324, 0.09467638008728786, 0.1091150160573071, 0.12301278728627389, 0.10624403592516087], [0.1202006731511951, 0.10070391987018616, 0.11819777632192839, 0.12506556967482957, 0.10249711730161495, 0.09434663615419256, 0.1090132845895831, 0.12329132008391273, 0.1066837028525573], [0.11833238871409331, 0.10105515510154706, 0.11935889994278322, 0.12506823784436985, 0.1033322502765303, 0.0948494791255212, 0.10911229193725783, 0.1227016413825201, 0.10618965567537714], [0.11931263200909187, 0.10086401225174177, 0.11882418179747974, 0.12506682278513878, 0.10292641268103853, 0.09461481298855706, 0.10904050550206722, 0.12312428023967661, 0.10622633974520852], [0.11850876328795812, 0.10100446713718109, 0.1193634961753491, 0.1250679121775864, 0.10332012788777813, 0.09486788965661208, 0.10903728659875515, 0.12269724769300036, 0.10613280938577961], [0.12068375247496912, 0.10060888696241814, 0.11808982647728403, 0.12506467223399148, 0.10245308108942403, 0.09439524226647014, 0.10885415965415372, 0.12300197272543124, 0.10684840611585808], [0.11969727434921945, 0.10080070732576843, 0.11873588856236691, 0.1250660967300921, 0.10288247809600456, 0.09464779001024416, 0.108942763566176, 0.1230547875734911, 0.1061722137866374], [0.11882789624565987, 0.1009308530720896, 0.11927347622613212, 0.12506738449410054, 0.10324283224054959, 0.09484699251290142, 0.10896211967331228, 0.12275678350437429, 0.10609166203088041], [0.12046829713872198, 0.10064058367776654, 0.11833719346608465, 0.12506490293034978, 0.10262181334569012, 0.09452574979492559, 0.10881176248586083, 0.1229430783076208, 0.10658661885297971], [0.12069202747776608, 0.10060164561526372, 0.11820245794422456, 0.12506455461889507, 0.1025404868943549, 0.09448652785148282, 0.10878503985380751, 0.12288812944081051, 0.10673913030339482], [0.12050656075600431, 0.10063177035677394, 0.11836132255134434, 0.1250647962506684, 0.10264454866923, 0.09455721686822251, 0.10877954823369247, 0.12288619017820512, 0.1065680461358588], [0.11873422780520933, 0.10093000552691953, 0.11951013747045588, 0.12506732812540333, 0.10341152847567395, 0.09500603574004017, 0.10885227224549071, 0.12251645450727322, 0.105972010103534], [0.12108491992264234, 0.1005387466048475, 0.11803772887384605, 0.1250638484029732, 0.10246461764148385, 0.09448974409864727, 0.10869762066258497, 0.12268741303634702, 0.10693536075662792], [0.12002943733973538, 0.10072375352598889, 0.11882613559061123, 0.12506528981540005, 0.10297345956492497, 0.09481103681884907, 0.10873688794200784, 0.12274220655461397, 0.1060917928478686], [0.10303617696560806, 0.10875220249713383, 0.12228063738859304, 0.12508285266150035, 0.10976216520282475, 0.10078160601682512, 0.11185620295435157, 0.11006596901648043, 0.108382187296683], [0.10300017011664815, 0.1087845265514723, 0.12221440360814152, 0.1250827656350023, 0.10986046319024385, 0.10088711176052205, 0.11180952964025632, 0.11001614638271628, 0.10834488311499717], [0.10368705744871372, 0.10821646561620883, 0.12263719543136886, 0.12508301959583207, 0.10916090921531495, 0.10006583605205845, 0.11197625336962347, 0.11074201849857036, 0.1084312447723093], [0.10415930026530099, 0.10785249729789821, 0.12287583542301393, 0.12508316714721474, 0.10864462926315765, 0.09948641023323106, 0.11212332828319616, 0.11124590799361644, 0.10852892409337095], [0.1028412059256983, 0.1087194527295482, 0.1225251439628219, 0.1250825413080721, 0.11039603360686058, 0.10137514281549927, 0.11135709671890495, 0.10978136173409918, 0.10792202119849556], [0.10226658090190628, 0.10911410441473138, 0.12231515230358427, 0.12508218053276923, 0.11114141348846733, 0.10221137841023606, 0.11103993611847549, 0.10914381855165588, 0.10768543527817424], [0.10358891094318162, 0.10817741946662489, 0.12270985029109807, 0.1250826346196882, 0.10972563279048178, 0.10059541254561122, 0.11153996961866573, 0.11055021909099928, 0.10802995063364923], [0.1035997255263846, 0.10813020610540473, 0.12279775845219791, 0.12508259930146598, 0.10979370216433187, 0.1006466070534026, 0.11145588202457495, 0.11054618844694808, 0.1079473309252894], [0.10477458084765379, 0.10745440639278461, 0.12252556032887613, 0.12508233551989975, 0.10881692957436083, 0.0995956538028929, 0.11180181505603475, 0.11173221647526291, 0.1082165020022342], [0.10356929421234719, 0.10807229483144516, 0.12296363167664912, 0.12508252598437453, 0.1099718111675597, 0.10079807078194364, 0.11127928429318737, 0.11048487951900901, 0.10777820753348426], [0.10474121520567276, 0.10739446326962727, 0.1227282334060986, 0.12508228919323092, 0.10899162746566067, 0.0997408294473616, 0.11161597933854608, 0.11166823618212547, 0.10803712649167677], [0.10442145458615748, 0.1075423461164243, 0.12289966946021783,