[[0.11858629821396849, 0.11567462447254945, 0.10655562906120897, 0.1048410506200566, 0.12299831732558476, 0.12472352776181019, 0.10099575326250607, 0.10276094965231194, 0.10286384963000339], [0.11914377481866222, 0.11631077065432446, 0.10634523149396245, 0.10438386895658731, 0.12355721026726346, 0.12487909503756751, 0.10050425426151047, 0.10238977288922904, 0.10248602162089304], [0.11845245934653222, 0.1156736024040448, 0.10651799358819038, 0.10480089106817092, 0.12283527874259995, 0.12484613880048274, 0.1010651335334814, 0.10284783816434066, 0.10296066435215713], [0.11856175896854101, 0.11579921794288375, 0.10647839843930182, 0.10471785817321952, 0.12299997790990734, 0.12481592929290304, 0.10096823565174722, 0.10277369341434113, 0.10288493020715514], [0.11910542428631525, 0.11636399188238848, 0.1063095126386483, 0.10432146666017471, 0.12345920500077365, 0.125, 0.10050847656888778, 0.1024149661566745, 0.10251695680613732], [0.1189438760999791, 0.11626239449453604, 0.10636775861366192, 0.10442824694931857, 0.12333374017253301, 0.1247071174953307, 0.10068893958069478, 0.10257949249170734, 0.10268843410223853], [0.1184360309520781, 0.11574150751248008, 0.10645887486720776, 0.10471050065857708, 0.12283858973303252, 0.125, 0.10102674970574041, 0.10283500370925482, 0.10295274286162925], [0.11841473968462446, 0.11583528815833678, 0.10644897301218771, 0.10466610031436757, 0.12278950818958423, 0.12482244775367439, 0.10107673212069673, 0.10291051612637364, 0.10303569464015466], [0.11800484433705914, 0.11549315602709352, 0.10652383207682153, 0.10486385595055984, 0.12222469160548256, 0.12500000000000003, 0.10139523600780545, 0.10317905907404654, 0.10331532492113153], [0.11853830762374788, 0.11610781166306142, 0.10633037100303337, 0.10442819254597362, 0.12287170414313428, 0.12499999999999997, 0.10092787557831759, 0.10283170534946708, 0.10296403209326464], [0.11894036317855296, 0.11663662503674456, 0.10630204457956893, 0.10422161507278488, 0.12311200592611955, 0.1244816012050991, 0.10073897463768135, 0.10271971421547442, 0.10284705614797425], [0.11797345081555105, 0.11556068699633647, 0.106516973900011, 0.10483144707713425, 0.1221939254628962, 0.12485929813921991, 0.1014383244780448, 0.10324176810917797, 0.10338412502162835], [0.11877614749659321, 0.11650012311706119, 0.1063371318238511, 0.10430945435834996, 0.1229269343717939, 0.12443867368160373, 0.10088371194540363, 0.10284701144255928, 0.10298081176278402], [0.11855140432939364, 0.11633055912343308, 0.1063253978426654, 0.10434759799341492, 0.12275406432478024, 0.1246396481253879, 0.10100258388947818, 0.102952822430249, 0.10309592194119763], [0.1189632619377259, 0.11692551133530166, 0.10610390411167535, 0.1038769786139871, 0.12329680442212146, 0.125, 0.10052009397461283, 0.10258826961507221, 0.10272517598950352], [0.11829294973427393, 0.11603489330665445, 0.10640099600718653, 0.1045354608827749, 0.12254831473804643, 0.12459356800319009, 0.10121836974235864, 0.10311418024897674, 0.10326126733653831], [0.1188694047795052, 0.11684127470112297, 0.1061592323264185, 0.10397375013316298, 0.12314456500477076, 0.12478918270253297, 0.10066034504716637, 0.10271052924122456, 0.1028517160640957], [0.1187290699612979, 0.11667362952229017, 0.10627206391566602, 0.10416937822244876, 0.1228857949956132, 0.12441508611253216, 0.10089709842947434, 0.10290625723307087, 0.10305162160760682], [0.11773212590824168, 0.11550463290979267, 0.10649039401792296, 0.10480761249547164, 0.12187857817172118, 0.125, 0.10160596487990659, 0.103411408117245, 0.1035692834996983], [0.11860997751826045, 0.1165701822525191, 0.1062758084876429, 0.10420647339068054, 0.12270984493311315, 0.12455837529760337, 0.10097603171521334, 0.10297159456005071, 0.10312171184491646], [0.11825456056061806, 0.11614145028045325, 0.10637126824650087, 0.10446101819639124, 0.12244630918856908, 0.12452878477116447, 0.10126686976947258, 0.10318671265583512, 0.10334302633099533], [0.11853712721462561, 0.11651894183666375, 0.10626852590180463, 0.10421294383919422, 0.12260997669326827, 0.12467310281838925, 0.1010148014675636, 0.10300553824013191, 0.10315904198835876], [0.1176623188515386, 0.11547086979738776, 0.10652206843755403, 0.10485557331443468, 0.12177511906765767, 0.12486256492114686, 0.10169955183353571, 0.10349553354050843, 0.10365640023623625], [0.1183703249589647, 0.11636294456475502, 0.10626364028051082, 0.10425496993702824, 0.12248635548320712, 0.12484990896204519, 0.10110334470685071, 0.10307465675369379, 0.10323385435294441], [0.11821735410173997, 0.11618324910993745, 0.10635216304990555, 0.10442174836518242, 0.1223737607538434, 0.12453905133792859, 0.10129618479875496, 0.10322741574832642, 0.10338907273438125], [0.11790172930419852, 0.11584093787228543, 0.10639828671749742, 0.10458404093471184, 0.12206192845368838, 0.12479477892545508, 0.10150044407706531, 0.10337547045350175, 0.1035423832615963], [0.11771655006378123, 0.11562784221147611, 0.1064748491070922, 0.10474469671889737, 0.1218367031894402, 0.1247502119696811, 0.10167359611593854, 0.10350395515500303, 0.10367159546869016], [0.1185707811790025, 0.11678123046126969, 0.10617660085682006, 0.10401090537636293, 0.12275383060981705, 0.12460984181794751, 0.10094694270479246, 0.10299384012690467, 0.10315602686708314], [0.11830471031024385, 0.11641168611103754, 0.10621959994311694, 0.10418152681021554, 0.12236483780111848, 0.125, 0.10112436970179275, 0.1031131862709026, 0.10328008305157228], [0.11780854458416475, 0.11578661352302355, 0.10640250166171343, 0.1046038093905358, 0.1219443414120269, 0.12483635033655169, 0.10157035325280644, 0.10343821066038969, 0.10360927517878775], [0.11800550353670455, 0.11603482483569141, 0.10636936495218359, 0.10448586465802567, 0.12214096472538162, 0.12460280871664667, 0.10145683261033679, 0.10336679045292392, 0.10353704551210578], [0.11814930813857243, 0.11623251200468546, 0.10632063454796578, 0.10436323898770113, 0.12225371998373759, 0.12459399604211674, 0.1013408958543419, 0.10328791343121693, 0.1034577810096619], [0.11822367828925373, 0.11636461983867835, 0.10624800722663509, 0.1042303266542001, 0.12228377516326276, 0.12485032723621231, 0.10122350199028558, 0.10320240238064125, 0.10337336122083063], [0.11747749852933442, 0.11545349321334104, 0.10648143045417557, 0.10480099256976926, 0.12152795643620842, 0.125, 0.10182382216701336, 0.10362972512267349, 0.10380508150748445], [0.11777609490047053, 0.11584677049513331, 0.10634663042778336, 0.10451173992381148, 0.1218897107739842, 0.125, 0.10155765854776343, 0.10344676058090635, 0.10362463435014736], [0.11747577959396663, 0.11549491912722715, 0.10647524116933382, 0.10477864081917562, 0.12152609079221281, 0.12491557220823962, 0.10184210780818878, 0.10365660326715743, 0.10383504521449817], [0.11822621809663922, 0.11655272478629045, 0.10620486524770825, 0.10411305192280575, 0.1222716968560732, 0.12471330141034744, 0.1012348142926559, 0.10325180002844078, 0.10343152735903882], [0.11806849358867956, 0.11630950939210045, 0.10628939449913558, 0.10429496274155492, 0.12209814149441993, 0.12459407683148792, 0.10140969504026406, 0.103377636068474, 0.10355809034388358], [0.11779879582510511, 0.11594263500569293, 0.10634101800219391, 0.10447281592733043, 0.12188704517503003, 0.12483466316549693, 0.10157645436302971, 0.10348238389541983, 0.10366418864070114], [0.11845787574343647, 0.11700455612659363, 0.10598878560037232, 0.10369867595695162, 0.12289726395232922, 0.125, 0.10084686188521243, 0.10296357956750461, 0.10314240116759969], [0.1181139895986376, 0.11643548431528498, 0.10624349987453927, 0.10419674295806278, 0.12209174491626518, 0.12468687571282232, 0.10135275244963816, 0.10334787050889907, 0.10353103966585064], [0.11828077814508905, 0.11677918999467188, 0.10606068488701613, 0.10385864472062968, 0.12252504547825233, 0.125, 0.10105311895586934, 0.10312882913780329, 0.10331370868066832], [0.11817784966438658, 0.11660066682500837, 0.1061974496564374, 0.10408589176474119, 0.12222582960239102, 0.12460488134257412, 0.10128872145967485, 0.10331649199449516, 0.10350221769029128], [0.11758563353914485, 0.11580017473800323, 0.10635861587712378, 0.10453287872659031, 0.12184757917756257, 0.12468934441936406, 0.10174144200230578, 0.10362692342606984, 0.10381740809383556], [0.11790320135106061, 0.11643326707245422, 0.10621213158786373, 0.10414918061464452, 0.12211917363563081, 0.12443079786592982, 0.1015121781514067, 0.10351999615318065, 0.1037200735678289], [0.11719755171738407, 0.11544399754269036, 0.10637376091834425, 0.10465248451569259, 0.12186808576238241, 0.12471592768941582, 0.10196095986767388, 0.10379400191478358, 0.10399323007163304], [0.118240912846432, 0.11718663558403046, 0.10589156254099884, 0.10350867212650225, 0.12278552842305623, 0.12486363871744015, 0.10099245702150389, 0.1031630366738009, 0.10336755606623525], [0.11827364867465966, 0.11725157920734908, 0.10588548804758616, 0.10348030447854137, 0.12284634917006321, 0.12476669702594012, 0.10097670489221174, 0.10315734937540601, 0.10336187912824268], [0.11725227428470215, 0.11555603384043127, 0.10627612077316728, 0.10449501725711988, 0.12197704100313765, 0.125, 0.10183439033273534, 0.10370295701876237, 0.10390616548994408], [0.118129065751991, 0.11699438453753408, 0.10597933801394294, 0.10367927761625519, 0.12254936317522894, 0.12475355141106947, 0.10115030164429446, 0.10327973713823185, 0.10348498071145201], [0.11795016297139624, 0.11665076340724087, 0.10610840350051319, 0.10394833195997644, 0.12234886741145404, 0.12447583577888689, 0.10139748086712069, 0.1034570005442449, 0.10366315355916675], [0.11815927033812214, 0.11711766037181748, 0.10588480475071742, 0.10352039342763078, 0.12266978316907194, 0.125, 0.10103718968722372, 0.10320123772139038, 0.10340966053402613], [0.11756792537263497, 0.11603349659862355, 0.10624264200393872, 0.10430645407939068, 0.12219270780373759, 0.12441581987432418, 0.10171336685879805, 0.10366054977670033, 0.10386703763185176], [0.11728978494271665, 0.11565091421772973, 0.10626146985298109, 0.10444589324327551, 0.12206638856672729, 0.12482220010127029, 0.10182776499239451, 0.10371460603332719, 0.10392097804957774], [0.11779587077897263, 0.1165708581447133, 0.10607818399110898, 0.1039301586855698, 0.12243781863881138, 0.12443111885419611, 0.10147518847683193, 0.10353281136200371, 0.10374799106779217], [0.11781975846941355, 0.11665617474426596, 0.10606212318023743, 0.10388246036303674, 0.12251796661050017, 0.12432276158116075, 0.10145831138293679, 0.10353177985495363, 0.10374866381349501], [0.11790923706458847, 0.11692664143072486, 0.10593437683665949, 0.10363591565097571, 0.12270137901834706, 0.12455309218537164, 0.10128244704009068, 0.10341796012829664, 0.10363895064494542], [0.11766140513282385, 0.11643449797324554, 0.10604663429886685, 0.10393003909421666, 0.12240937526895543, 0.12467474309162026, 0.10151067065901974, 0.10355632133870361, 0.10377631314254808], [0.11797297678066022, 0.11706788547291787, 0.10586822773655966, 0.10350811481760032, 0.1227456560574479, 0.12473048107111706, 0.10118341190352716, 0.1033505165929372, 0.10357272956723261], [0.11756668004114407, 0.1163065844309856, 0.10602923850263542, 0.10394671403195102, 0.12243376637183978, 0.12484673787222299, 0.10152898265601729, 0.10355980747057632, 0.10378148862262751], [0.11721937144927648, 0.11575300186011712, 0.10614545651289425, 0.10426095388556306, 0.12232062773922192, 0.12485071487846323, 0.10179129024533672, 0.10371953500029202, 0.10393904842883515], [0.1178771674386353, 0.11694968575323736, 0.10590312081493015, 0.10358728097036315, 0.12277213382875553, 0.12454963771161769, 0.10128127949916382, 0.10342738002430407, 0.10365231395899292], [0.11748399832776836, 0.11619638517009957, 0.10603950798678435, 0.1039923882944934, 0.12247135430561035, 0.1248248213672358, 0.10158045116087412, 0.10359407593231948, 0.10381701745481453], [0.11743734886703301, 0.11614957294052795, 0.10604770782043063, 0.1040158239518573, 0.12250137229638335, 0.12475539241923753, 0.10161875288238369, 0.1036248439072336, 0.10384918491491298], [0.11738709849394115, 0.11606816942237297, 0.10608915207177881, 0.10409229746408645, 0.12249877532255803, 0.12458898984529168, 0.1016925430275907, 0.10367948013957354, 0.10390349421280666], [0.11722657261839571, 0.1158513925349747, 0.10608805397577453, 0.10415562917348797, 0.12245745706097926, 0.12482881294139617, 0.10175196078914805, 0.1037074866423434, 0.10393263426350019], [0.117603092973626, 0.11655253131124534, 0.10597542033625455, 0.10379785584683712, 0.12264594694232074, 0.1245135657356113, 0.10150718997595436, 0.10358717799803521, 0.10381721888011533], [0.11744129746443417, 0.11625704407806649, 0.1059582491178766, 0.10386782555270471, 0.12257393526355462, 0.125, 0.1015308579668592, 0.10357055494914709, 0.10380023560735714], [0.11713039975671091, 0.1157573703977333, 0.10606442517470405, 0.10415241421581854, 0.12246302401993844, 0.125, 0.10177032752259421, 0.10371714112906336, 0.10394489778343717], [0.11764126068760994, 0.1167075035021678, 0.10595031068825693, 0.10371619356690355, 0.12280155717453761, 0.12427884973599881, 0.10148479192982837, 0.10359310526508929, 0.10382642744960766], [0.11744886365325073, 0.11633487006160753, 0.10594720525726896, 0.103827827000234, 0.12262340819253612, 0.12486186006592517, 0.1015379748628708, 0.10359258170734631, 0.10382540919896037], [0.1173293594454728, 0.11619595522154533, 0.10595085352406569, 0.10387241788732704, 0.12270112108038186, 0.12482366539468144, 0.10160669958479843, 0.10364201903673284, 0.10387790882499458], [0.11723777794905711, 0.11606960584652502, 0.10600302600731382, 0.10397469254157368, 0.12272520928015787, 0.12457625206769654, 0.10171994162311312, 0.10372835215856355, 0.10396514252599934], [0.117286141526272, 0.11635424026200607, 0.10587830766187471, 0.1037248210924207, 0.12288573899696838, 0.12465058217527974, 0.10160633870906423, 0.10368331200428499, 0.10393051757182899], [0.11695170301391727, 0.11579861167598446, 0.10596938760153526, 0.10400639395986444, 0.12280354048658536, 0.12475198045578516, 0.10183843525010046, 0.10381709334773624, 0.1040628542084913], [0.11691258003026377, 0.11588154515006599, 0.10585562310293271, 0.10383305668110379, 0.12296900404821742, 0.125, 0.10175457294880669, 0.10376964692998655, 0.10402397110862313], [0.11741570779036625, 0.11701737282585682, 0.10552720128855185, 0.10306673470543927, 0.12348378286730863, 0.125, 0.10124465051256226, 0.10348818795958116, 0.10375636205033383], [0.11693330001708918, 0.11596350062181576, 0.1058425310622392, 0.10378973576412492, 0.1230507335337962, 0.12484812228774343, 0.10175092938986174, 0.10378201698366729, 0.10403913033966228], [0.1172698579349357, 0.11695241776375544, 0.10550734774498674, 0.10305360380496782, 0.12363519648696734, 0.12478732015372902, 0.10134262912176888, 0.1035867182487872, 0.1038649087401018], [0.11676913340781042, 0.11583958482920531, 0.10582969066565584, 0.10380377109627842, 0.12314022353693249, 0.12478111873654225, 0.10184481956301976, 0.10386372678460469, 0.10412793137995083], [0.1171067240763967, 0.11661901151685838, 0.10557733674120219, 0.10324465970978247, 0.12338762382278037, 0.125, 0.10147366571339385, 0.10365717347059432, 0.10393380494899172], [0.11694264194697693, 0.11630009959575728, 0.10565374204850911, 0.10343928254187684, 0.12333633613572498, 0.12499999999999997, 0.10160321508406767, 0.1037255619549961, 0.10399912069209091], [0.11705906267461276, 0.11659197913028335, 0.10558060112207869, 0.10325424113718727, 0.12340142533832858, 0.12492043874024283, 0.10151696509693356, 0.10369788306263335, 0.1039774036976996], [0.11669788445075717, 0.11585858312367806, 0.10579404210107736, 0.10374671906010907, 0.12327861940594975, 0.12466349030914607, 0.10187500925487573, 0.10390709991391331, 0.10417855238049349], [0.11667553887813074, 0.11613750455222902, 0.10557204016580081, 0.10337193206536466, 0.12362947351825089, 0.125, 0.10169389742060123, 0.10381551262425295, 0.10410410077536972], [0.11669701265710933, 0.11622494954984156, 0.10555933008450448, 0.10332644737229543, 0.12368789396905701, 0.12483885062793743, 0.1016985856655041, 0.10383747619953532, 0.10412945387421535], [0.11653933405072017, 0.11592543070092184, 0.10560933958415086, 0.10348039752770749, 0.12359162226285114, 0.125, 0.10179881522561747, 0.10388298021483457, 0.10417208043319645], [0.10203551753562315, 0.1234778988734113, 0.11587506188469612, 0.11070284257962226, 0.09975899899141458, 0.09077911882518667, 0.12486724619590947, 0.11842803618082295, 0.11407527893331348], [0.10262276284544196, 0.1229136762496034, 0.11527506220191665, 0.11003868343673921, 0.10047731343408373, 0.09111194191577922, 0.125, 0.1179281849668588, 0.11463237494957704], [0.10227937794158956, 0.12338178126334878, 0.11555852705227873, 0.11026714150266391, 0.10007805191492553, 0.09087311899750573, 0.125, 0.11817349050926496, 0.11438851081842283], [0.10199920960808583, 0.12339627818225539, 0.11581009896833018, 0.1106449562749519, 0.09976868836991289, 0.09079253210894057, 0.12494326694950214, 0.11851542560843158, 0.1141295439295895], [0.10198090881267691, 0.12334827703759248, 0.11575315077838702, 0.110586414451159, 0.09978459387551965, 0.09080039441219247, 0.12499999999999999, 0.11856702167069623, 0.11417923896177615], [0.10196352668462032, 0.12317503174248015, 0.11580532110473804, 0.11071754387721128, 0.09980250750554515, 0.09093774775550187, 0.12463477926835917, 0.11879669168869571, 0.11416685037284831], [0.10240178611260366, 0.12303979127596285, 0.11527347928312119, 0.1099893687038634, 0.10039350531843787, 0.09115982939044315, 0.12461256130101221, 0.11837630245791422, 0.11475337615664132], [0.10271751110264771, 0.12250266259122215, 0.1149547311568647, 0.10976170182795515, 0.10081574119918335, 0.09142475162796274, 0.12457996892467184, 0.11819394145295156, 0.11504899011654082], [0.10195013258825514, 0.12295711121363576, 0.11548293939919421, 0.11038221792280817, 0.09999580349009213, 0.09108470439064187, 0.12458645289973172, 0.11904355980402916, 0.1145170782916119], [0.10206244689841201, 0.12289520402936255, 0.11525059595119165, 0.11009400355753181, 0.10022517985910952, 0.09120877858119182, 0.12438611669138827, 0.1190665235184521, 0.11481115091336029], [0.1020096201896753, 0.12276473392018675, 0.11516213515978833, 0.11002698099720735, 0.10024837684571074, 0.09125681470980554, 0.12440104784461434, 0.11923356406377911, 0.11489672626923268], [0.10160204697884859, 0.12325617288083818, 0.1155070111883869, 0.11070781373307527, 0.09971914358780357, 0.09115776902576976, 0.12412518276167561, 0.11972162514198263, 0.11420323470161947], [0.10225510170837668, 0.12245784141953887, 0.11470514212554363, 0.10945122621563723, 0.10065336343885917, 0.09140073356833948, 0.124716852708803, 0.11901052882924344, 0.11534920998565865], [0.1027170071321311, 0.12172723516211771, 0.11423952521369338, 0.10897840303476257, 0.1011873401904324, 0.09164997302560386, 0.12499999999999999, 0.1186933368738662, 0.11580717936739264], [0.10228472644475936, 0.12221256167164644, 0.11445863586927331, 0.10923088186281077, 0.10075197393074564, 0.09142533566859025, 0.12500000000000003, 0.1190913305552539, 0.11554455399692046], [0.1017458035988045, 0.12245671922879627, 0.11506076082608684, 0.11000115072706441, 0.10008012222877037, 0.0911898916051254, 0.125, 0.11960398316124383, 0.1148615686241084], [0.1015338533688823, 0.1229980509476264, 0.11526244906348466, 0.11044706305616542, 0.09980477148982549, 0.09122119954437939, 0.12432857243841527, 0.11997964917511658, 0.11442439091610462], [0.10176818999480748, 0.12242222722581732, 0.11499861424566005, 0.10993399026901052, 0.1001456542635779, 0.0912437228774683, 0.12490203766312409, 0.11963588683990664, 0.11494967662062769], [0.10224305438655279, 0.12211639083806154, 0.114375282358825, 0.10914763293120554, 0.10080182807766688, 0.09153341502545054, 0.12473609292170848, 0.11935791078960362, 0.11568839267092561], [0.1024430366019624, 0.12189700849405737, 0.11419198855401841, 0.10902713391488801, 0.10102048776063546, 0.09166182066835689, 0.12464830792300412, 0.1192476641582283, 0.11586255192484904], [0.10140192026679674, 0.12286000715310945, 0.1150613563334378, 0.11031281154088485, 0.09979189080360533, 0.09123553355481326, 0.1245911303578233, 0.1202367063999815, 0.11450864358954777], [0.10150066381473485, 0.12237477827503249, 0.1148386383428988, 0.10989368558835498, 0.10001376850152661, 0.09126364058504977, 0.12500000000000003, 0.12019682298449384, 0.1149180019079088], [0.1021522078627038, 0.12201046828615691, 0.11433441676391222, 0.1091621010338692, 0.10082874385238248, 0.09169131184096553, 0.12425728382498297, 0.1197482534455, 0.11581521308952689], [0.10208501339482966, 0.12205880794645131, 0.11442046365933584, 0.10927813235809661, 0.100757722439833, 0.09168117617242627, 0.12415496428140262, 0.11983124335000543, 0.1157324763976194], [0.10166377621034287, 0.12209588094493135, 0.11474917027954847, 0.10977163690842062, 0.10025865667178875, 0.09146364781757715, 0.12463882818028275, 0.12018311707406816, 0.11517528591304003], [0.10251186756789378, 0.1215882313955623, 0.1139116136944483, 0.1087889041946372, 0.10123606550749834, 0.09187631137573844, 0.12435484612747355, 0.11953016968221192, 0.1162019904545363], [0.10129802080482099, 0.12278103006552439, 0.11493435913811914, 0.11031409684112903, 0.09976634920050409, 0.09127555086280903, 0.12468220367507009, 0.12043988144312312, 0.1145085079689001], [0.10184718423297597, 0.12202713128476335, 0.11454818986180067, 0.10948785272832405, 0.10053497205823292, 0.09160375722477888, 0.12434149311342416, 0.12008670138827263, 0.1155227181074274], [0.10273796351564449, 0.12116671151253805, 0.11371781877324917, 0.10852666419356458, 0.10153858619078404, 0.0920617858046612, 0.12433402018904194, 0.11942165579110496, 0.11649479402941168], [0.10231682670209573, 0.12168044917151151, 0.1139801866958489, 0.10880754890312434, 0.1010815465559442, 0.0918131727883029, 0.12437595052478974, 0.11978834040545835, 0.11615597825292445], [0.10200823379763643, 0.1219288483516544, 0.11431410162780622, 0.10918720935790578, 0.10074306570975176, 0.09168335737580449, 0.12431119404309131, 0.12001608849134952, 0.11580790124500001], [0.10127572911503088, 0.12261169290362924, 0.11479588111029725, 0.11009603801760197, 0.09982722778499321, 0.09128372871169142, 0.12488579795654166, 0.12055108655003466, 0.11467281785017969], [0.101884280977908, 0.12194376903518103, 0.11445463554230968, 0.10939360069042225, 0.10061542913971779, 0.09167524969560796, 0.12422178608128824, 0.12017010537663993, 0.11564114346092509], [0.10269510244340367, 0.1211355524948326, 0.11364873298770015, 0.10847249223962414, 0.10153628986437957, 0.09207364961187155, 0.12433559510635007, 0.11954296726734052, 0.11655961798449777], [0.10214592179743999, 0.12174565326922261, 0.11408148240779567, 0.10891651126880975, 0.1009428336025895, 0.0917927921818169, 0.12429132153242374, 0.12001270376067479, 0.11607078017922705], [0.10124576487679754, 0.12249695228132948, 0.11469231572166959, 0.10997650802363429, 0.09986119963956007, 0.09130414201279008, 0.12499999999999999, 0.12065644937265245, 0.11476666807156644], [0.10125673613816533, 0.12238757164375953, 0.11460663441127802, 0.10988772294579194, 0.09993918586257818, 0.09138658029227854, 0.12488668641705544, 0.120772572168942, 0.1148763101201509], [0.10186791906540271, 0.12167988664970346, 0.11414272017784871, 0.10906026427135529, 0.10071749153517331, 0.09171618769621186, 0.12450753431963467, 0.12038527456744003, 0.11592272171722999], [0.10215732206969691, 0.12151488790309797, 0.1138515827347563, 0.10868403625363257, 0.10105285537161568, 0.09187502027458966, 0.12435733186187806, 0.1202076261770825, 0.11629933735365036], [0.10272198820800234, 0.1206863564480669, 0.11330213348747127, 0.10809195969214346, 0.10171552440387728, 0.09215755960861464, 0.12475071729471424, 0.11965963847726699, 0.11691412237984286], [0.10135579968785771, 0.1221963842150868, 0.11450781257355956, 0.10969664545948, 0.10012749379906692, 0.09152956983583016, 0.12461479478425481, 0.12085134721782466, 0.11512015242703921], [0.10188370518645529, 0.12158320260247502, 0.11400563134942843, 0.10890144590404487, 0.10077434040668744, 0.09172550687948618, 0.12465585791331471, 0.1204180652967729, 0.11605224446133507], [0.10258256535490895, 0.12092957955466155, 0.11337341420325206, 0.10822873947180299, 0.10157338022742853, 0.09213136171349698, 0.12443840381274364, 0.11991977415013548, 0.11682278151156983], [0.10296391336589023, 0.12067780234171196, 0.113071673484211, 0.10782810025020607, 0.10202734123436308, 0.09230839271725079, 0.12437438267619198, 0.11959053561327103, 0.11715785831690403], [0.10195372641633854, 0.12151170031073102, 0.11388838183714604, 0.10875642471009227, 0.10087083698620197, 0.09176402283228494, 0.1246917006356733, 0.12037504090377665, 0.11618816536775499], [0.10142677181280066, 0.121791770158002, 0.1142733675117264, 0.1093503504837873, 0.10030252780874338, 0.09154507836296216, 0.12500000000000003, 0.12082920972835826, 0.11548092413361997], [0.10285604021499048, 0.12051282086846221, 0.11298231488922851, 0.10775572687158622, 0.10198549038734553, 0.0923152745367108, 0.12459650087887851, 0.11973381213388906, 0.11726201921890866], [0.10267357145419798, 0.12044288438951428, 0.1130553966959794, 0.10784405408422662, 0.10178272383792142, 0.09219326018844527, 0.125, 0.11986065031748808, 0.11714745903222692], [0.10110616721597378, 0.12215942912649176, 0.11436755676970789, 0.10984431100344548, 0.09995051760428282, 0.09151029702654263, 0.125, 0.1211488654362501, 0.11491285581730554], [0.10130585010798282, 0.1220107894205394, 0.11431865386381002, 0.10956903134823369, 0.10022042530269576, 0.09167007523759263, 0.12449595728308327, 0.12114545877433257, 0.1152637586617298], [0.10251221350451939, 0.12075194259390731, 0.11315952162313807, 0.10804528863963483, 0.10162756209015103, 0.0922188860680796, 0.12441378655093527, 0.12023089886916358, 0.11703990006047092], [0.10183340651129401, 0.12125089287529683, 0.11365747022217083, 0.10854475316335255, 0.10087470848250901, 0.09178611798507916, 0.12500000000000003, 0.1206976303830463, 0.1163550203772514], [0.10137198411907754, 0.12180077031824704, 0.11417960704549221, 0.10935944860972405, 0.10034703378995581, 0.0917328607333262, 0.12450944629540033, 0.12120900365185612, 0.11548984543692083], [0.10201347059914156, 0.1211496172307387, 0.11352150897088657, 0.10838444179992493, 0.10109618844069072, 0.09195103029480338, 0.12463223147338201, 0.12066964385469789, 0.11658186733573425], [0.10258245295751157, 0.1204903091240678, 0.11299659619161409, 0.10783157757912556, 0.1017655298517325, 0.09227923749244332, 0.1246384116729184, 0.12018163096371148, 0.11723425416687527], [0.10195699103564226, 0.1210597362198296, 0.11345430668243689, 0.1083341725538805, 0.10108936839545316, 0.09197171199802893, 0.12469453902386017, 0.12080840074666598, 0.1166307733442025], [0.10180474636500747, 0.12112112632049633, 0.11360636951060861, 0.10854173371440043, 0.10091706791102055, 0.09190788181119086, 0.12473180021599722, 0.12095091476918542, 0.116418359382093], [0.1027023090377157, 0.12016159616294833, 0.11277652308837889, 0.10759423078505756, 0.10198692174940929, 0.09241699505647037, 0.12465739905707102, 0.12019591792432598, 0.11750810713862289], [0.10161350367316224, 0.12113068618444393, 0.11376433926558327, 0.10876885802098887, 0.1006979720059682, 0.09181052425910333, 0.125, 0.12107546443453275, 0.11613865215621742], [0.10278790691374552, 0.1201581504286554, 0.11268894660243799, 0.10749643248564432, 0.10210612055520013, 0.09248388801886237, 0.12451264166909727, 0.12015043156109359, 0.11761548176526344], [0.10131200938728331, 0.12171214281961082, 0.11405620293334354, 0.10930999952491179, 0.10036673350709444, 0.0918284708571977, 0.12443137965065286, 0.12146380371040823, 0.11551925760949733], [0.10215563656615066, 0.12072539060590583, 0.11304383463580514, 0.10791994611668383, 0.10138357814550335, 0.09208460785702638, 0.12488849929065439, 0.12075194349368423, 0.11704656328858636], [0.10223088228634979, 0.12063668197781482, 0.11295044212055577, 0.10784862281870417, 0.10147468985364444, 0.09212919922076128, 0.12490146783325295, 0.12068697848197975, 0.11714103540693717], [0.10217476338015534, 0.12066836805911131, 0.11297744287589356, 0.1078611644502778, 0.10141435195449287, 0.09208310377555554, 0.12500000000000003, 0.12072340137115874, 0.11709740413335494], [0.10164510890408796, 0.12095406587494544, 0.11360288879318196, 0.1086219754757066, 0.10082081404015762, 0.09194970617474603, 0.12480051541394226, 0.12127982619081507, 0.11632509913241706], [0.10193122359071993, 0.12085296402716791, 0.11329397223485832, 0.10820556029238834, 0.10117250474147726, 0.09210139183199942, 0.12456243150767017, 0.12107957941994203, 0.11680037235377663], [0.10186012809452576, 0.120858983690947, 0.113346120594444, 0.10828648749288541, 0.10110301238041806, 0.09208666985835984, 0.12456289133072429, 0.121177039445487, 0.11671866711220862], [0.10107515617401855, 0.12161515266428147, 0.11389132265971223, 0.10934693657609992, 0.10020635014238646, 0.09177247458999106, 0.125, 0.12172248944264229, 0.115370117750868], [0.10203938247641078, 0.12042978765043064, 0.11282665018595094, 0.10771371825330406, 0.1014628421291417, 0.0922926124047654, 0.12460706897135009, 0.12132895563733256, 0.11729898229131383], [0.10246700403412655, 0.11977495090685997, 0.11230782749068588, 0.10716112784847934, 0.10201697213739358, 0.09249995039130185, 0.12500000000000003, 0.12083395824098227, 0.1179382089501708], [0.10188435785901406, 0.1205777098761773, 0.11312021378517104, 0.10809723018003382, 0.10127091494044443, 0.0923048830937778, 0.12425340155802345, 0.12151246449424812, 0.11697882421311001], [0.10198602784751269, 0.12043293601896951, 0.11287392188145702, 0.10778426663767088, 0.10142571040212993, 0.0923246993857964, 0.12446749865019159, 0.121452799122764, 0.11725214005350798], [0.10110145272329817, 0.12160012784330401, 0.1136514589433663, 0.10906503570991971, 0.10034958878846985, 0.09190165905371736, 0.12470085631218787, 0.12200011113215076, 0.11562970949358597], [0.10228518351868826, 0.11999690821507995, 0.11237336345771977, 0.10732364417352479, 0.10184176229675301, 0.09249666043439309, 0.12468080113992286, 0.12120241064952596, 0.11779926611439245], [0.10228151422837989, 0.11991438113619039, 0.11230262995985323, 0.1072456467588359, 0.1018730900926655, 0.09251546679414747, 0.12475364468892675, 0.12123922443236064, 0.11787440190864025], [0.10201325443882336, 0.12005815020059182, 0.11243092117797304, 0.10734264550508181, 0.10159544602102547, 0.09235731131997349, 0.125, 0.12155345717238551, 0.11764881416414547], [0.10178523929293884, 0.1203708241678718, 0.1130418852061947, 0.10809312165660886, 0.1012669943478939, 0.09242436164884552, 0.12411610055484339, 0.1219067209508942, 0.11699475217390894], [0.10183287614812406, 0.12034057288266292, 0.11296351892412658, 0.10798964012238287, 0.10133481148393209, 0.092445833786457, 0.12411841121805714, 0.12186618559443912, 0.11710814983981836], [0.10221494618732158, 0.1196756147462037, 0.11206943168208232, 0.10701300831705524, 0.10192589339089386, 0.09256127835301728, 0.125, 0.12145330785066222, 0.11808651947276382], [0.10143852716804609, 0.120857756063576, 0.1131411579319273, 0.10830190656003108, 0.10091042733687297, 0.09224307110896429, 0.12437208010845274, 0.12217557190079226, 0.11655950182133736], [0.1018516858560532, 0.1201104017593412, 0.11267578057600826, 0.10766967324905381, 0.10146295419219309, 0.09250374329536588, 0.12436289890836748, 0.1219642720697413, 0.11739859009387577], [0.10199920169777348, 0.1198886243265636, 0.11230743608627702, 0.107237295931786, 0.10168277925771649, 0.09250618912143713, 0.12474432467394302, 0.12183151835154556, 0.11780263055295769], [0.10225131828402055, 0.11943673349523368, 0.11187603939004574, 0.10683718035418453, 0.10209017492446601, 0.09275218064213933, 0.12473877874119213, 0.12166919169185048, 0.11834840247686743], [0.10139999918287122, 0.120817068963623, 0.11287975409779005, 0.10801888445035185, 0.10097897826603683, 0.09226922578117062, 0.12450884425917731, 0.12234248810397327, 0.11678475689500573], [0.10119832919424214, 0.12112360927618973, 0.11273924093055891, 0.10790053127184791, 0.10082979285204903, 0.09214561481910687, 0.12477576756082402, 0.12257669776902183, 0.11671041632615953], [0.10094376559340228, 0.1216675528333811, 0.11282980709459488, 0.10806200028984128, 0.10052676993086924, 0.0919415346313033, 0.125, 0.12271827657489003, 0.11631029305171789], [0.1023735768329055, 0.11881825721933555, 0.11141956450704901, 0.10632782991565942, 0.10243172132829415, 0.09293373553946649, 0.125, 0.12177712488766924, 0.11891818976962062], [0.10121308629419033, 0.12105318183685713, 0.11261949312056084, 0.10776792666008744, 0.10089711440670389, 0.09219047765978214, 0.12478684474680361, 0.1226245851862795, 0.1168472900887351], [0.10184399273766694, 0.11942353473838259, 0.1118996147603438, 0.10684889346604066, 0.10176501490347993, 0.09265537970820248, 0.125, 0.12242957863729964, 0.11813399104858398], [0.10106324886268006, 0.12127390126500347, 0.1125246087489441, 0.10768888660349998, 0.10077975488597528, 0.09209139686941564, 0.12500000000000003, 0.12280144474681175, 0.11677675801766983], [0.10215672863253093, 0.11894007640194595, 0.11141248143475987, 0.10638062303774191, 0.10224475211695508, 0.0929074233343487, 0.12499999999999999, 0.12215611422666749, 0.11880180081504992], [0.1016262734274294, 0.11975875993013906, 0.11205586282172096, 0.10705637278259145, 0.1015224846363783, 0.09255034648014197, 0.125, 0.12260454914698801, 0.11782535077461086], [0.10145584920285891, 0.12044812102255674, 0.11229272122274131, 0.10737514436950073, 0.1012861833205676, 0.09246646192820741, 0.1244861799147529, 0.12276189273763648, 0.11742744628117793], [0.101028917902993, 0.12138786623701014, 0.11240711866533593, 0.10758656392675155, 0.10080512790096721, 0.09213748841545094, 0.12484168223647325, 0.12296615378328352, 0.11683908093173434], [0.10098959825518963, 0.12152079906511182, 0.11240014466552324, 0.10759850973800629, 0.10077261318370219, 0.09213304644106447, 0.12475071084176886, 0.12304666636993558, 0.11678791143969801], [0.1011184273378532, 0.12098992297469849, 0.11217223447184435, 0.10729425959805693, 0.10098941905782888, 0.09222786843210214, 0.125, 0.1230115174504077, 0.1171963506772083], [0.10094535101699655, 0.12167745621971204, 0.1123383419091332, 0.10755940488910651, 0.10076214632228649, 0.09215542629658947, 0.12460000583579861, 0.12318537647120915, 0.11677649103916786], [0.10140122180468614, 0.12040307946122784, 0.11195650065212286, 0.10703103810124254, 0.10138159399888828, 0.09253751359796641, 0.12454806564124117, 0.12303756478474626, 0.11770342195787847], [0.1009341197223716, 0.1217029016711807, 0.11222499580203925, 0.1074493612624571, 0.10080570803823462, 0.0922026547310782, 0.12451154468196195, 0.1233035140003137, 0.11686520009036286], [0.10195212140888531, 0.11891287316016999, 0.11142308168768246, 0.1064450109724955, 0.10212548125303704, 0.09301994245564041, 0.12462260887612583, 0.12280273532472809, 0.1186961448612355], [0.10140934853622649, 0.12035595494139197, 0.11187980115177007, 0.10695076185078713, 0.10142507720445669, 0.09257236765793207, 0.12453805163201434, 0.12308228354881914, 0.11778635347660207], [0.10206001060296106, 0.11867768296055808, 0.11115097696442483, 0.10619826536291471, 0.10232023824198308, 0.09310292056114368, 0.12482411061122566, 0.1226482744943289, 0.11901752020045986], [0.10172651370577555, 0.11940155905823656, 0.11150144370464776, 0.10648900777944319, 0.10188498741593542, 0.09286150973524113, 0.12464468258219787, 0.12303801041797917, 0.11845228560054333], [0.10197567733939175, 0.11862120503711321, 0.11109775260576579, 0.10614511448850664, 0.10227166815127872, 0.09308591356570686, 0.125, 0.12278620496515144, 0.11901646384708559], [0.10109180402201326, 0.12081950550268161, 0.11171734365254629, 0.1068186505765168, 0.10116668928903702, 0.0923602194109837, 0.12500000000000003, 0.12341140292573438, 0.11761438462048705], [0.10147749997525156, 0.11976461840776016, 0.11142002568978851, 0.10642486834833742, 0.10167020591877471, 0.09268302214689333, 0.12499999999999999, 0.12324383801522429, 0.11831592149796992], [0.10188153277722363, 0.11886762568740566, 0.11113978127281565, 0.10617530122090661, 0.10219032243491394, 0.09307879943973858, 0.12471066568594033, 0.12303134470612581, 0.1189246267749298], [0.10121160465294689, 0.12058121501776939, 0.11156042885257442, 0.10665049549561148, 0.10137119052178246, 0.09254250800889671, 0.12470946846113473, 0.12348379705232831, 0.1178892919369556], [0.10109461601557358, 0.12081241212777716, 0.11158975925427249, 0.10669753632622318, 0.10123585669684866, 0.0924375469717907, 0.12484760772036536, 0.1235531252037769, 0.11773153968337209], [0.10119018763555929, 0.1206135781424088, 0.11151178740292865, 0.1066067275462614, 0.1013738404218511, 0.09255230753958592, 0.1246913705080621, 0.1235498184937667, 0.11791038230957603], [0.10189682711837428, 0.11874463577521902, 0.1109057562935186, 0.10596720072823587, 0.10232090305353216, 0.09320011946525604, 0.12465682355065003, 0.1231390852803817, 0.11916864873483231], [0.10098653563531926, 0.12122334399939878, 0.11160339883348348, 0.10676732022499094, 0.10113827163281483, 0.09243267724518582, 0.12459181285270417, 0.12370206594990062, 0.11755457362620199], [0.10136711570877881, 0.1200806555566752, 0.11120201405951181, 0.10625825929274253, 0.10169500114852771, 0.09279539871448451, 0.12457035438931562, 0.12362855324086401, 0.11840264788909977], [0.1111863781221752, 0.125, 0.11325846383376571, 0.10712670122125786, 0.10980551704139244, 0.09889227690382979, 0.11141028777482437, 0.11220725387425715, 0.1111131212284975], [0.11124014597112081, 0.12490893623223637, 0.11321989833909096, 0.10709186823837653, 0.10990731160795135, 0.09899689971010087, 0.1113479438272139, 0.11218371476820216, 0.11110328130570693], [0.1105267706174928, 0.125, 0.11322889737269749, 0.10713087292390983, 0.10913691533592637, 0.09819282285461817, 0.11221918550411251, 0.11286578979203152, 0.11169874559921125], [0.11006019890123996, 0.125, 0.11334844006689512, 0.10720020965845353, 0.10858743573170261, 0.09764043625140534, 0.11282008717599702, 0.11328960102865379, 0.11205359118565264], [0.11130715031813085, 0.12499999999999999, 0.11276399003221615, 0.10664004172725125, 0.11042138352958826, 0.09944014340828035, 0.11105215568160356, 0.11218405596242216, 0.11119107934050725], [0.11194504484437637, 0.12499999999999999, 0.1125348522733538, 0.10641954938273698, 0.11122948996899604, 0.1002608826033157, 0.11027018913236684, 0.11161915831865317, 0.11072083347620097], [0.11059917910018298, 0.12490079745086531, 0.1127835338159494, 0.10668610333041346, 0.10965302906287043, 0.09864552049235108, 0.11195357758036305, 0.11292687085538329, 0.11185138831162102], [0.11055966141450163, 0.12499999999999999, 0.11268265431270062, 0.1065826334888203, 0.109699925922093, 0.0986692982625847, 0.1119365527469384, 0.11296583463595511, 0.11190343921640612], [0.1096193836923012, 0.12447676960609096, 0.11288369056435822, 0.1067527093037324, 0.10859732846075995, 0.09760380231454305, 0.11328916199542657, 0.11398983924153887, 0.11278731482124894], [0.11057581464305673, 0.12478702118351571, 0.11252609301746183, 0.1064393092890075, 0.1098938871838856, 0.0988566823442579, 0.11188501946869414, 0.11303156243882731, 0.11200461043129314], [0.10959215219166521, 0.12464229607213237, 0.11267291175118353, 0.10654568392309778, 0.10873921230076121, 0.09770321433365298, 0.11319830323566826, 0.11403781918355377, 0.11286840700828489], [0.10980109762906874, 0.125, 0.11254128633978902, 0.10642380492766602, 0.10903748452823779, 0.09796265928552184, 0.11280986270358201, 0.11377422006267042, 0.11264958452346412], [0.11003382765972153, 0.1246913220246776, 0.11245331691065469, 0.10637846909547717, 0.10938268811735007, 0.09832687400860962, 0.11255081721825508, 0.11363012110041973, 0.11255256386483453], [0.1119119058374942, 0.125, 0.11175921845407814, 0.1056809328537499, 0.11188089085413494, 0.10080107181535897, 0.11006064526595769