[[0.10398439315577201, 0.11891096315762056, 0.10748929277856203, 0.11604048653654049, 0.12309964355096586, 0.12473752293131261, 0.10217336104882406, 0.104700075993613, 0.09886426084678956], [0.10372856105971724, 0.11946697805835264, 0.10735237551026765, 0.11668294116262785, 0.12363683738223481, 0.12488576774470271, 0.10181447470819098, 0.10431156190227013, 0.09812050247163598], [0.10408462156112804, 0.11878636938974241, 0.10746053490044781, 0.11603508910897173, 0.12294567472283928, 0.12485398538021372, 0.1022575116996064, 0.1046816558387852, 0.09889455739826562], [0.10403142797920065, 0.11889553268336996, 0.10743766112080298, 0.11616189260096363, 0.12310366380788602, 0.12482547195578232, 0.10218463393874293, 0.10460954389822803, 0.0987501720150233], [0.10377231745701959, 0.11943455314759976, 0.1073237500841881, 0.1167331600489767, 0.1235452366556714, 0.12500000000000003, 0.10183977732902398, 0.10426979606655758, 0.09808140921096307], [0.10391784618481074, 0.11927758068756195, 0.10736814848874417, 0.1166262044670762, 0.12342555443487477, 0.1247232559094458, 0.10199849811429106, 0.10437326131095001, 0.09828965040224533], [0.10409448647063183, 0.11877595394853611, 0.107416604263377, 0.11610199798608899, 0.12295052095165325, 0.125, 0.10224460087380556, 0.10461161229669347, 0.0988042232092138], [0.10419098551033144, 0.11876111490548617, 0.10741284264813186, 0.11619151565151864, 0.12290577687941232, 0.12483178674645373, 0.10231877005906584, 0.10459244669518028, 0.09879476090441973], [0.10452717915284113, 0.11839577059999691, 0.10755532429584652, 0.11589531572395259, 0.12237979050412699, 0.12429294948185911, 0.10270804593695795, 0.10488988801807633, 0.09935573628634244], [0.10428463043830667, 0.1189255518008299, 0.10741828580452768, 0.11650603100229971, 0.12299925125149061, 0.1243506359642413, 0.10236148753370714, 0.1045140916777533, 0.09864003452684368], [0.10414766358835527, 0.11929612667385293, 0.10736316737439276, 0.11698981971133245, 0.12312269511026863, 0.1245120365880548, 0.10215219737568389, 0.10426409580265417, 0.0981521977754051], [0.10458344332159429, 0.11836330637453038, 0.10753422117041506, 0.11594986354659925, 0.12234961550767968, 0.1242938757644892, 0.10274517211856611, 0.10485533618093285, 0.09932516601519316], [0.10423983946134967, 0.11913201904867576, 0.10736878818377314, 0.11684470969589282, 0.123045469488472, 0.12447076956884447, 0.10225689358517567, 0.10432983198670302, 0.0983116789811133], [0.10439382531217485, 0.11893350916103643, 0.10739755777439133, 0.11669777098104665, 0.1228871449080415, 0.12430333943014911, 0.10242452583019697, 0.10442928787254406, 0.09853303873041906], [0.10420318840794725, 0.11936382060515817, 0.10731597630889768, 0.11731068502400308, 0.12333893790487807, 0.12432935484245047, 0.10214302350693445, 0.10409796536462203, 0.09789704803510862], [0.10448495426505476, 0.11867049381037671, 0.10741674861742961, 0.11639425393013184, 0.12268632164278803, 0.12440049900731326, 0.10255705266079757, 0.10456639363223308, 0.09882328243387536], [0.10427075326645742, 0.11926219108817267, 0.1073255031637528, 0.11721100505818151, 0.12316084845883335, 0.12438513517268047, 0.10221978305918898, 0.10415028808320098, 0.09801449264953163], [0.10439651342865379, 0.1191133226094266, 0.10738095152021408, 0.11703029992782153, 0.12285314012843294, 0.12428329612138382, 0.102374009142702, 0.10429233863092835, 0.09827612849043692], [0.1048403765403252, 0.11816319615164939, 0.10757183443317517, 0.11592318338957287, 0.12206371512515576, 0.12397619277851188, 0.1029935057599753, 0.10493718547746113, 0.09953081034417331], [0.10446927060619964, 0.11900356090645912, 0.10739121343543637, 0.11693359143264996, 0.12279667943227132, 0.12421025342675625, 0.10245575027058997, 0.10434449150393241, 0.09839518898570498], [0.10455064120119048, 0.1186306931217735, 0.10737663135777, 0.11648108375633263, 0.12258870558452438, 0.12454824437662054, 0.10259025324034424, 0.10449024785389455, 0.09874349950754985], [0.10449769419973969, 0.11893324257464799, 0.10737892582485245, 0.1168808506893506, 0.12274501790923736, 0.12429757369610842, 0.10248487613364475, 0.1043497028759662, 0.09843211609645257], [0.10491518721192603, 0.11809507516086226, 0.10759549461498887, 0.11588683362940416, 0.12196531370027419, 0.12385891958458407, 0.10307374836103413, 0.10498436681025115, 0.09962506092667513], [0.10453741357254025, 0.1187673715542968, 0.10734919318489952, 0.11671990852404454, 0.12263689589296936, 0.12455282123106268, 0.10253449865711851, 0.10437154203044044, 0.09853035535262807], [0.10458999816268884, 0.11859426768024181, 0.10735396099551651, 0.11651388685076003, 0.12251970162221822, 0.12465076346848894, 0.10261341261009313, 0.1044529538236279, 0.09871105478636479], [0.10480308638863761, 0.11831877524978886, 0.10746016078451504, 0.11622207683823231, 0.12223454948756475, 0.12421519221160719, 0.10288111761585132, 0.10470188197729771, 0.09916315944650522], [0.10492944797716969, 0.11814609488787761, 0.10753883372487046, 0.11602704548802252, 0.12202326007991868, 0.12394073861704864, 0.10304928155909021, 0.10487675390821727, 0.09946854375778501], [0.10449302490596239, 0.11896429260217148, 0.10728675005358548, 0.1171140330699312, 0.1228656105465423, 0.12455478751156825, 0.10241915154871756, 0.10415305488972114, 0.0981492948718002], [0.10461109223643605, 0.11871500156934713, 0.10733246189147458, 0.11677061995341523, 0.1225263220783671, 0.12460920435406261, 0.10258748225865848, 0.10433788997325462, 0.09850992568498422], [0.10488449570189935, 0.11823726738874317, 0.1074803513663809, 0.11617690058551236, 0.12212650627906974, 0.12411760279807411, 0.10296712529447412, 0.10474791288242598, 0.09926183770342041], [0.10474635131104917, 0.1183996004975178, 0.10738548149305882, 0.1163767681833971, 0.12230205382142986, 0.12452843743610278, 0.10278334564310092, 0.10455028478189377, 0.09892767683244962], [0.10465454942495096, 0.1185298952845072, 0.10732239017036592, 0.11655284773604556, 0.122406288351206, 0.12479981529768117, 0.1026552668849334, 0.1044038141583778, 0.09867513269193198], [0.10464700884033988, 0.11862275306476781, 0.1073145575417448, 0.11670326476091078, 0.12244374053433535, 0.12475036276595408, 0.10262376027357958, 0.104341164370652, 0.09855338784771571], [0.10512950504961167, 0.11794756299535039, 0.10761256145858944, 0.11589441064220621, 0.12174491675322029, 0.12361727616718192, 0.10327205021985413, 0.10502545248921294, 0.09975626422477302], [0.10492416896725588, 0.11821527872082355, 0.10744826049938115, 0.11623806958285078, 0.12207880361031913, 0.1242290026724838, 0.10298285682143454, 0.10468821667943, 0.099195342446021], [0.10515473114617309, 0.11794493286725713, 0.10760202628637797, 0.11592913674622334, 0.12173682365408622, 0.1236122126263641, 0.1032860581894914, 0.10500311751536795, 0.09973096096865883], [0.10475489272856983, 0.11864183345062769, 0.10731723406687516, 0.11689092973859123, 0.12239740571242679, 0.12454297358917514, 0.10269296222408823, 0.10428619588089177, 0.09847557260875414], [0.10473743917572453, 0.11844974060073181, 0.1072804926452572, 0.11661091025061657, 0.12225774964003804, 0.125, 0.10270721000246799, 0.1043358480152623, 0.09862060966990156], [0.10492957118597353, 0.11822588425002611, 0.10741377644113737, 0.11630988060101055, 0.12207166804375548, 0.12436231910080954, 0.10296565608113056, 0.10461985527413972, 0.09910138902201715], [0.10452284061629545, 0.11887105042338543, 0.10714234961509743, 0.11731967651786122, 0.1230300644402811, 0.125, 0.10237227851121555, 0.10390323560473402, 0.0978385042711298], [0.10478537738889226, 0.11851630915548858, 0.10729958447034452, 0.11675508545203377, 0.12225611416555562, 0.12477554127641279, 0.10273435799489325, 0.10431282755560449, 0.09856480254077488], [0.10472170251088161, 0.11871702714572456, 0.10724577531269, 0.11712363515022671, 0.12268573319775986, 0.12458071166854576, 0.10260788275879452, 0.10411367723340273, 0.09820385502197428], [0.1048174004153935, 0.11859521244814669, 0.10730576642247858, 0.11692869971597472, 0.12239554668905896, 0.12449122935875104, 0.1027393205715767, 0.10426246190275791, 0.0984643624758619], [0.1051234455659052, 0.11804277497265918, 0.10747482669577228, 0.11619432717991467, 0.12183544297243888, 0.12404953374062992, 0.10317547559110629, 0.10474757235881006, 0.09935660092276354], [0.10498188059895466, 0.11832401062698827, 0.10728461401278891, 0.11674742932844517, 0.1221688214336833, 0.1246365609442101, 0.10290490377237402, 0.10430740110590651, 0.09864437817664921], [0.10539680308814572, 0.11771887441047584, 0.10758786549583496, 0.1159106696333781, 0.12164723124256469, 0.12339590476214744, 0.10350031956773034, 0.1050025814433963, 0.09983975035632658], [0.10478546625268999, 0.1186839408536014, 0.10709200483480517, 0.11748289036326458, 0.12293067715503388, 0.1248725765911345, 0.10256604435380838, 0.10379996398158167, 0.09778643561408058], [0.10478841519019617, 0.1187170967350451, 0.10709285107020723, 0.11754502072632847, 0.12298833287520883, 0.12478207798752315, 0.10256048829934396, 0.10377991792256627, 0.0977457991935808], [0.10536510822794008, 0.11778814120652376, 0.10753882788016039, 0.11603221295494061, 0.12165494774407402, 0.12361643830053964, 0.10343662618886637, 0.10489644008216839, 0.09967125741478658], [0.10486391618370905, 0.11856943602705594, 0.10714898214947144, 0.11729611342445136, 0.12270642880468412, 0.1247693467351083, 0.10267887080912982, 0.10394044159162967, 0.09802646427476028], [0.10503412568799975, 0.11840314134876948, 0.1072773653658579, 0.1169842001455085, 0.12235948378156447, 0.12431740589354617, 0.10291403093421492, 0.10421939327958588, 0.09849085356295295], [0.10482060530783628, 0.11860631711942385, 0.10708234067067181, 0.11741515653770154, 0.12282206457551412, 0.125, 0.10260317719890229, 0.10381289779191949, 0.09783744079803061], [0.10516784675206423, 0.11802539604281169, 0.10735943734156478, 0.11639554969999363, 0.12200575568613847, 0.12428543738631498, 0.10314674208757206, 0.104533012228905, 0.09908082277463513], [0.10535537945238418, 0.11781445555220312, 0.10750293205252384, 0.116105927322098, 0.12168933775528455, 0.12373716345437961, 0.10340460695779717, 0.10482461169336726, 0.09956558575996223], [0.10510556328160754, 0.11825606848011232, 0.1072417789329676, 0.11690070396982041, 0.12246794712953812, 0.12430703277328785, 0.10297794666599756, 0.10420630563719967, 0.0985366531294689], [0.10512236854916278, 0.11828389548683406, 0.10724001072429747, 0.11698374136709391, 0.12252959415174781, 0.12420084845557845, 0.10298006647894867, 0.10417636175422913, 0.0984831130321077], [0.10505146453642757, 0.1183781185778979, 0.10714475383431962, 0.11723810637238065, 0.12264198125485122, 0.12458264426803771, 0.10285078633236931, 0.10396453886068449, 0.09814760596303154], [0.10515226605845855, 0.11813717360198739, 0.10723109632769032, 0.11678041923986868, 0.12247464149657636, 0.12432540153891337, 0.10303350745059982, 0.10423607208084579, 0.09862942220505971], [0.10501279379776382, 0.11844524247670561, 0.10710161367209954, 0.11737364036232512, 0.12269342948874433, 0.12474859465073299, 0.1027840551921178, 0.10386143653561336, 0.09797919382389761], [0.10518390395223903, 0.11805797755371715, 0.1072399095285767, 0.11667336694986512, 0.12242617486384254, 0.1243212814601617, 0.1030802750129298, 0.10428543780085546, 0.09873167287781248], [0.10539649149761597, 0.11775780026212916, 0.10741358146291045, 0.11619991187765696, 0.12195005585439822, 0.12380773820748461, 0.10339736075231186, 0.10467929096734226, 0.09939776911815044], [0.10507371309121408, 0.11835142905191892, 0.10712349181722056, 0.11725939214464363, 0.12270564622027288, 0.12457962431366262, 0.10286054990217253, 0.1039312118102674, 0.09811494164862737], [0.10522487285208026, 0.11798352399642896, 0.10725755294883477, 0.11657533104675848, 0.12236959476031026, 0.12426527842867968, 0.10313695238370052, 0.10434338119108034, 0.09884351239212678], [0.10525533591877241, 0.1179401299390475, 0.10726597566201383, 0.11653191521778704, 0.12235317700478172, 0.12421054023952105, 0.10317318773388513, 0.10437031531047819, 0.09889942297371315], [0.1052907634841595, 0.11788770956345782, 0.10729203535046357, 0.11645173667492416, 0.12227949566703716, 0.1241330451108831, 0.10322520057654036, 0.10443265857137643, 0.09900735500115793], [0.10539011191734038, 0.11776435208471069, 0.10735791713992963, 0.11628490453125696, 0.12211351252263693, 0.123891146142696, 0.10336030129404152, 0.10457833620488914, 0.09925941816249856], [0.10521066311318512, 0.11808967579672748, 0.10717994034376237, 0.11688815517775969, 0.12268612622647998, 0.1242449241637724, 0.1030525923695938, 0.10413624047190997, 0.09851168233680915], [0.10526152832205972, 0.11796231631838235, 0.107227015555111, 0.116647010433682, 0.12251311969205762, 0.1241910913852663, 0.10314857812818563, 0.10428116154557024, 0.09876817861968516], [0.10545199094913849, 0.11769369413645192, 0.10738190557987538, 0.11621990318189401, 0.122063590831459, 0.12375619467566404, 0.10343307322062452, 0.10463376060446386, 0.09936588682042881], [0.10519943841740907, 0.1181184418416668, 0.10713644903428292, 0.11701855460314975, 0.12279924689344493, 0.12432561308779266, 0.10300964743135685, 0.10403551280567944, 0.09835709588521757], [0.10527692590255269, 0.11796649351639177, 0.10720828678671297, 0.11671200428386133, 0.12260846771509058, 0.12414228214109477, 0.10314629502861275, 0.10423549365444902, 0.09870375097123414], [0.10533830121133708, 0.11785971152905143, 0.1072240889250806, 0.11658893202527988, 0.12255261332493161, 0.12407231710679749, 0.10322412456108156, 0.10430021525333216, 0.09883969606310833], [0.10538813260235996, 0.11776288561677732, 0.10724572504177052, 0.11646048152082078, 0.12245151260809899, 0.12404012208765725, 0.10329481761589566, 0.10437377900921412, 0.09898254389740545], [0.10534179922782796, 0.11780283323894496, 0.10711195044240708, 0.11670462077971862, 0.12281973558315809, 0.1243201528757014, 0.10317329912962055, 0.10411647740981775, 0.09860913131280342], [0.1055416876428491, 0.11752017069290183, 0.10727275645639386, 0.1162353972959815, 0.1223038099293126, 0.12391352148296911, 0.10347438394555662, 0.10449056204268982, 0.09924771051134558], [0.10552897579868166, 0.11749284262658055, 0.1071861060888101, 0.11631399402431615, 0.12250370155065055, 0.12413203319787214, 0.1034224042106544, 0.10435123096691976, 0.09906871153551473], [0.10525726557677413, 0.11795155249596537, 0.10684462375961316, 0.1173160676415265, 0.12336216038907641, 0.125, 0.10292301124823265, 0.10356102529240781, 0.09778429359640402], [0.10550875901143315, 0.1174988802517629, 0.10714136245776963, 0.11637102556614987, 0.122614140199514, 0.12425291271188417, 0.1033809906093796, 0.10427327975223494, 0.09895864943987158], [0.10535712344492916, 0.11781563422319714, 0.106824771088548, 0.11724949051116967, 0.12353247330493652, 0.12480233612835265, 0.1030129259881483, 0.10356066416596652, 0.09784458114475217], [0.10561109392415141, 0.11735401616466958, 0.10714796186943633, 0.11626278355396182, 0.12255846246000507, 0.12416580148312732, 0.10349021930530243, 0.10432130086322634, 0.09908836037611986], [0.10535654138080328, 0.11763980806216914, 0.10683425120460419, 0.1169247069161905, 0.12341396000286088, 0.12499999999999997, 0.10306255126275317, 0.10368298897755417, 0.09808519219306458], [0.10545798854576197, 0.11750236235090526, 0.10694705639392843, 0.11665640231922879, 0.12314797553749807, 0.12466690360339257, 0.10322851928646146, 0.10392291297193815, 0.09846987899088529], [0.10539381703510237, 0.11759408933722945, 0.10683415664399853, 0.11689688204681646, 0.12344315903324883, 0.12492579924033712, 0.10309915234731416, 0.103693195346188, 0.09811974896976504], [0.10564576437999763, 0.11728290446366478, 0.10710223765503644, 0.11626928998595017, 0.12265308293541706, 0.12424618578556508, 0.10350454359512411, 0.1042603998623975, 0.09903559133684707], [0.10556834628496993, 0.11725886169599593, 0.10688235853066581, 0.11650369888681819, 0.12318097011162604, 0.12485109998241509, 0.10332703393611152, 0.10389278863421458, 0.09853484193718275], [0.10554774546263841, 0.11726125553969764, 0.10682793919829282, 0.11656113068305578, 0.12330705654252568, 0.125, 0.10328207081964422, 0.10380194326468106, 0.09841085848946438], [0.10569285244296388, 0.11715709829349, 0.10697649177477206, 0.11633969967969272, 0.12294396026739146, 0.12449244529026385, 0.1034928736401007, 0.10407338266877995, 0.09883119594254536], [0.1187040798026388, 0.10300009967378025, 0.11560873401764793, 0.12354183201718906, 0.10081920223178172, 0.09212323559031102, 0.12409362713975754, 0.1110472102081401, 0.11106197931875371], [0.11812031265650474, 0.1035955030536257, 0.11564027786124771, 0.1230043689023774, 0.10154331649203922, 0.09248392066521523, 0.125, 0.11058761585928363, 0.11002468450970637], [0.11844295038944662, 0.10317621930771106, 0.11558480759869261, 0.12344565651723623, 0.10106178527880821, 0.09212350171818547, 0.125, 0.11072631891031616, 0.11043876027960366], [0.11879827227145369, 0.10300246694100855, 0.11555662096862096, 0.12346622993809532, 0.10086923743717634, 0.09219507340542896, 0.1240630977062377, 0.1110115878514931, 0.11103741348048538], [0.11885425798755027, 0.1030087249549845, 0.11552044693871187, 0.12342202745239245, 0.10091047678891006, 0.09224031046525923, 0.1240756038832525, 0.11097357846669446, 0.11099457306224475], [0.11907002896753856, 0.10297858616807161, 0.11546618814698575, 0.12325544558497385, 0.10091278829225798, 0.09235666078868483, 0.12374050793331705, 0.11104421955703045, 0.11117557456114002], [0.11863562892105436, 0.10338567281359436, 0.11545535509937423, 0.12312513533476131, 0.10146482905206666, 0.09254737401445484, 0.12462942970420916, 0.11056380930509968, 0.11019276575538539], [0.1183543110574865, 0.10380738291474946, 0.11544606116077724, 0.1226175919427191, 0.10199863158835867, 0.09298022398098144, 0.12460051330960639, 0.11043824725838156, 0.10975703678693964], [0.119324418138737, 0.1030369809680774, 0.11526999727139157, 0.12305343759712227, 0.10117480248301926, 0.09261515336986471, 0.12385338343348287, 0.11080175423918263, 0.1108700724991223], [0.11934248231592602, 0.10312924468392494, 0.115189424853909, 0.12299309553812496, 0.10137742670713766, 0.09271566760158784, 0.12416309419649225, 0.11058284024541945, 0.1105067238574779], [0.1195157442418153, 0.1031346529724463, 0.11510856281345032, 0.12287411652450878, 0.10145959596018851, 0.09284975387825728, 0.12401455249660531, 0.11054431745664703, 0.11049870365608122], [0.11993102293375603, 0.10253026443714533, 0.11565826177607412, 0.12251414079738931, 0.1007220574863519, 0.09244702538009511, 0.12412343185960721, 0.1107989979463465, 0.11127479738323459], [0.11928701188214244, 0.10353185556804734, 0.11507614689740285, 0.12260059461182625, 0.10202053231544957, 0.09323057915479835, 0.1241198795577481, 0.11025069961823356, 0.10988270039435155], [0.11897130343047453, 0.10395513017283745, 0.11490167653049296, 0.12184222258929053, 0.10265266438499962, 0.093646907564335, 0.125, 0.10994940430134792, 0.109080691026222], [0.11934991078715336, 0.10365609272725536, 0.11498465969165665, 0.12238665900470838, 0.10226645288001357, 0.09347174848371145, 0.12406408552286093, 0.1101266467748719, 0.1096937441277683], [0.11991623485385595, 0.10309145584630228, 0.1149671951872644, 0.12260389143921126, 0.10152216257932409, 0.09310029317163256, 0.12350776834633181, 0.11058878437520077, 0.11070221420087689], [0.12019445969588734, 0.10253792168086731, 0.11543542155910298, 0.1222855236471683, 0.10088282367103625, 0.09262420331159225, 0.12435014916246016, 0.11061974387540463, 0.11106975339648077], [0.11994648740391659, 0.10311339153609245, 0.11493413778592414, 0.122571489117514, 0.10158480619297092, 0.09315457840523153, 0.12353059021321659, 0.11053698212351717, 0.11062753722161664], [0.11962956441431057, 0.10361480573291779, 0.11486501811541334, 0.12229861478044134, 0.10233098339603423, 0.09360725658397774, 0.12388670146558421, 0.11007057952844748, 0.10969647598287342], [0.11943628718507636, 0.1037504476123091, 0.11482205041935394, 0.12209192241849065, 0.10252675705838236, 0.0937145618008721, 0.12428678226110759, 0.10995264967277828, 0.1094185415716295], [0.12044993539738624, 0.10245828909574496, 0.11533583862569849, 0.12206488097851594, 0.10092033265535169, 0.09271480237925554, 0.12460943342103784, 0.11047620342325681, 0.11097028402375247], [0.12046196570122827, 0.10279786310959795, 0.11494013209342745, 0.12210141930675908, 0.10139304669158157, 0.09309740819604377, 0.12416928859146656, 0.11038036810753361, 0.11065850820236174], [0.12005779129870786, 0.1034701318082807, 0.11469088458657317, 0.1221928394356852, 0.10230326902593104, 0.09369512856604222, 0.12380734688325105, 0.11001528210707276, 0.109767326288456], [0.12013583961126668, 0.103379300984162, 0.11468383648430663, 0.12223213320895193, 0.10218632657218121, 0.0936169969576659, 0.1238235493654017, 0.11006152194213865, 0.10988049487392532], [0.12045429730907678, 0.10297755583687779, 0.11473769447517211, 0.12215842704146947, 0.10165154153142557, 0.09332584930945473, 0.12386217267408389, 0.11032664708828807, 0.11050581473415158], [0.11967809130342358, 0.10381707659989156, 0.11462441401907533, 0.12181225387106807, 0.10279644548926015, 0.0940234803849763, 0.12424328994069932, 0.10979027636734903, 0.10921467202425651], [0.1206392731181688, 0.10233439239794483, 0.11531356641471673, 0.12209432971998778, 0.10086969329949491, 0.09272562700632032, 0.12469609935360583, 0.1103707791512694, 0.11095623953849151], [0.12037574814038904, 0.10319478810603908, 0.1146316571961232, 0.12220202357495645, 0.10197423667979012, 0.09354477918945367, 0.12372048168624729, 0.11017747230988278, 0.11017881311711826], [0.11971850653601106, 0.10402621801593895, 0.11449515640585894, 0.12143082350808805, 0.10315506792437755, 0.09430791551107097, 0.12437990592329946, 0.10964986679231001, 0.108836539383045], [0.12000812396541542, 0.10369390359515437, 0.11458543778399728, 0.12190411340620434, 0.10269312079023209, 0.09402759650410579, 0.12386431200629544, 0.1098103285201688, 0.10941306342842647], [0.12031728220550772, 0.10332597315599847, 0.11457501645371372, 0.12211444786924269, 0.10220898983787693, 0.09367587449634847, 0.12395638811489448, 0.10998700675436972, 0.10983902111204766], [0.12076008272819802, 0.10239022190083898, 0.11514656062604624, 0.12188136245490151, 0.10100976667811427, 0.09284806973605156, 0.12489116281492554, 0.11027659305835306, 0.11079618000257081], [0.12045310815941251, 0.10320279902863154, 0.11456573784103755, 0.12212284579260266, 0.10204421836770612, 0.09360817317010632, 0.12383152899811331, 0.1100955556882895, 0.11007603295410036], [0.11982851157631667, 0.10401006501299685, 0.11444724697485242, 0.12140740015572792, 0.10318686338304298, 0.09437091930502282, 0.1242921889298975, 0.10961820253485062, 0.10883860212729221], [0.12029495114166075, 0.10346649657835932, 0.11450220874029239, 0.12195155067134593, 0.10246489270490648, 0.09387731329974065, 0.12404216965181186, 0.10983010113927032, 0.10957031607261229], [0.12086651101139542, 0.10239456087002222, 0.11504760853267267, 0.12179181631914011, 0.10107695560807534, 0.09291861798082605, 0.125, 0.11020085953606099, 0.11070307014180723], [0.12098214465595113, 0.10243379581986617, 0.11496805540592704, 0.12171312355001074, 0.1011815623986522, 0.09304238377603112, 0.12489230387768131, 0.11014972447029585, 0.11063690604558446], [0.1206742986339173, 0.10322182603581037, 0.11437691911985047, 0.12188782809187412, 0.10223832510227032, 0.09379246760425361, 0.12413430341668785, 0.10987187651483676, 0.10980215548049904], [0.12045607766627106, 0.10349644607531296, 0.11435541865253135, 0.12174522651082476, 0.10263557403298587, 0.09405713277658655, 0.12419392871613955, 0.10967394841942717, 0.10938624714992089], [0.12008453841862865, 0.10418971313013023, 0.11424840125460481, 0.12103529715855679, 0.10359906006464244, 0.09480850455355198, 0.12401345186925182, 0.10945969059688436, 0.10856134295374889], [0.12107029867133803, 0.1026036582813143, 0.11480314530588716, 0.12154623181746571, 0.10144017810193579, 0.09328953758666225, 0.12463512457474746, 0.11010752241532754, 0.11050430324532164], [0.12071397933805102, 0.10325435603552711, 0.11431481306386539, 0.12180386884754789, 0.10233890064099972, 0.09386973686589023, 0.12426786564149975, 0.10977462194976358, 0.10966185761685546], [0.12020039554011376, 0.10400836662382963, 0.11426651454927801, 0.12124225035688618, 0.10337290440338691, 0.09465246465852753, 0.12398491618514453, 0.10949323800244717, 0.10877894968038614], [0.12005607564895199, 0.10444295002382904, 0.11409822863917199, 0.12104977189511099, 0.10400437474763999, 0.09511868651580384, 0.12379321721397403, 0.1093059188013072, 0.10813077651421096], [0.1206800377456655, 0.10332377425098621, 0.11428440444125368, 0.12174173918602783, 0.10246205506262528, 0.09395272698136382, 0.12435172938342562, 0.10969059657927055, 0.10951293636938152], [0.12109353009755831, 0.10289477356632024, 0.11448500677215631, 0.12163624228501352, 0.10186770959510352, 0.09366368990156765, 0.12407619463484716, 0.11002303159285083, 0.11025982155458249], [0.12018902473583884, 0.10434774863121875, 0.11402113117299457, 0.12090069546386485, 0.10397487911971356, 0.09514056282881751, 0.12401859414142738, 0.10924633272141412, 0.1081610311847104], [0.12029871547933263, 0.10419482519296881, 0.1140735244558689, 0.12083132139239906, 0.1037617057068024, 0.09498962367272878, 0.12415983085742247, 0.10930638350107147, 0.10838406974140562], [0.12133079951133165, 0.10223495207034727, 0.11486985127355841, 0.12183714864481571, 0.10113389729031978, 0.09309240693061704, 0.125, 0.10994065303281586, 0.11056029124619426], [0.12135452198638882, 0.10259097712916551, 0.11469095737055861, 0.12140682703119744, 0.10156442376484989, 0.09347782892875109, 0.12452329563108443, 0.10998518950979196, 0.11040597864821211], [0.12048507213784661, 0.1039439553338078, 0.11408747588041895, 0.12108486858132861, 0.10345929156688062, 0.09478798617225942, 0.12412743635062706, 0.10934510457824084, 0.10867880939859009], [0.12099575997349493, 0.10325396749968938, 0.11408491992955165, 0.12151068454155242, 0.10254645310696464, 0.09408764991373965, 0.12459098752729289, 0.10953555561554433, 0.10939402189217023], [0.1214336735266707, 0.10274021954458429, 0.11451406842056305, 0.12131559890458693, 0.10180806891728614, 0.09370440681992241, 0.12429193825199894, 0.10992471946454446, 0.11026730614984297], [0.12091814964366553, 0.10338122367759883, 0.11405244686388505, 0.12141640625735836, 0.10275245873914508, 0.09424095911144506, 0.1246157608453921, 0.10942987845747594, 0.10919271640403405], [0.12053904226179342, 0.10403092553916242, 0.11397499697597457, 0.12085789528218345, 0.10365937797849331, 0.0949463159489642, 0.12432140122889994, 0.10922880543468742, 0.10844123934984126], [0.12106898600700176, 0.10332200699092725, 0.1139668182705295, 0.12133316751925882, 0.10274862661636397, 0.0942636823355862, 0.12475830918688352, 0.10937268973301485, 0.10916571334043414], [0.12122709239512573, 0.10319397419652503, 0.11397911766301186, 0.12138569425697125, 0.10255970239038355, 0.09416500956171789, 0.12459019245029082, 0.1094918713732223, 0.1094073457127517], [0.12060686316629328, 0.10416550416559832, 0.1138221296367273, 0.12057547731739839, 0.10395547991746992, 0.09520417284394861, 0.12444154123914972, 0.10908313499797281, 0.10814569671544152], [0.12135238595793166, 0.10311983950537108, 0.11402065176252014, 0.12140371117260827, 0.10241276207514387, 0.09415242689437366, 0.12412118086962351, 0.10967889682685261, 0.10973814493557522], [0.12057490233883736, 0.10425702440713704, 0.11376650277601096, 0.12058194559293818, 0.10410996542014603, 0.09532994319175304, 0.1243529453600134, 0.10902847662724315, 0.10799829428592086], [0.12166777904234373, 0.10263350933312715, 0.1144700970592105, 0.12120374459658637, 0.10178763277231201, 0.09374187529337857, 0.12446417888321944, 0.10981615085732918, 0.11021503216249305], [0.12088097612091395, 0.10371056573175917, 0.11392834073111652, 0.12107638447397692, 0.103322753984157, 0.09478733452564371, 0.12421644907300244, 0.10924842495448683, 0.10882877040494346], [0.12084299173182246, 0.10380878014876721, 0.11392232184097333, 0.12100457612636434, 0.10345823171368122, 0.09490070824287085, 0.12408850133004937, 0.1092377166503997, 0.10873617221507138], [0.1208507529256084, 0.10377136709557422, 0.11392489002652927, 0.12103457564572498, 0.10340834483462041, 0.09486598498283885, 0.12411631540687765, 0.1092452649627033, 0.10878250411952282], [0.1215442870595266, 0.10312815510165019, 0.11389571170103426, 0.12124168449395184, 0.10253967150533576, 0.0942991957052132, 0.12418590968184545, 0.10955820119227651, 0.1096071835591662], [0.12133273232792087, 0.10325738663946611, 0.11379568984231005, 0.12113877868530526, 0.10281470110924432, 0.09436877135518947, 0.12499999999999999, 0.1092356553882522, 0.10905628465231165], [0.12144249613143444, 0.1032192600625983, 0.11379740452840843, 0.12114652536190615, 0.10276235859839904, 0.0943720880357931, 0.12479235879830185, 0.1092944219244217, 0.10917308655873699], [0.12189912087271172, 0.10232225790399918, 0.11444948413737306, 0.12139877661192468, 0.1015425282429146, 0.09356317067719755, 0.125, 0.10963415089032921, 0.11019051066355001], [0.12145692793672423, 0.10354579508203082, 0.113637834611732, 0.12080082693548204, 0.10337374025827742, 0.09494800886799062, 0.12445868980620448, 0.10903728313690807, 0.10874089336465036], [0.12120567685174961, 0.1039674138205165, 0.11344029735193242, 0.12024116034556497, 0.10406765229916189, 0.09539979489340417, 0.125, 0.10875281635219312, 0.10792518808547731], [0.1217635704663149, 0.10325640130992585, 0.11362320189358303, 0.12089611909623325, 0.10297943230472878, 0.09465896353225188, 0.12461009014708141, 0.10916187826814693, 0.10905034298173398], [0.12161917287580136, 0.10344141139329213, 0.11359192877175833, 0.12079043933784415, 0.10327107250048376, 0.0948824757741554, 0.12456743586110752, 0.10903679081339912, 0.10879927267215822], [0.1221803474243431, 0.10244550188521594, 0.11424731425918154, 0.12114457150158736, 0.10183060989075096, 0.0938902401354403, 0.12471882916101631, 0.10952016160704586, 0.1100224241354185], [0.12143191393271975, 0.10383122453933658, 0.11348849149631336, 0.12043875889402678, 0.10388699422378547, 0.0953672099410784, 0.12442998362399464, 0.10885433717561138, 0.10827108617313352], [0.1214908014612565, 0.10384278765513653, 0.11344066844995941, 0.12037019442624386, 0.10394590623872943, 0.09542698697545307, 0.12446127832331168, 0.10881119347503666, 0.10821018299487299], [0.12160572558444074, 0.10371360383740863, 0.11348120806723719, 0.1205151649549639, 0.10375986358166639, 0.09537605752932465, 0.12411181680868728, 0.10890540583821601, 0.10853115379805521], [0.12213774588744528, 0.10322355430134351, 0.11350656648608705, 0.1207165592392713, 0.10303951989049866, 0.09485730890763289, 0.1242042654737229, 0.10916485122204737, 0.10914962859195108], [0.12210223845777012, 0.1032623980060056, 0.11348511909690873, 0.12069154169261471, 0.1031173789201443, 0.09489795862653175, 0.12430384274040174, 0.1091007642394424, 0.10903875822018076], [0.12173258314544932, 0.10386302325175994, 0.11329594535305788, 0.12018065297366294, 0.10411456031610553, 0.09563821469415733, 0.12438335545916542, 0.10869816766379724, 0.10809349714284441], [0.12238807724747269, 0.10297500977969427, 0.11359256537382648, 0.12058097854120726, 0.10272288735014, 0.09470764881661743, 0.12428582842937666, 0.10927761501224087, 0.10946938944942423], [0.1221955822406792, 0.10334165602054843, 0.11335276943848803, 0.12050349405592625, 0.10335518151559198, 0.09511623363705086, 0.12441411774454594, 0.1089256371968038, 0.10879532815036574], [0.12186272073903673, 0.10368302933868186, 0.11334995050941485, 0.12036245159495237, 0.10384429813572656, 0.09551838283048997, 0.12409359509084308, 0.10880904580757363, 0.10847652595328097], [0.12197731126337397, 0.10389002577217607, 0.11314185589131469, 0.1199733150007701, 0.10429984588307893, 0.09586250862058199, 0.12432442841153303, 0.10857511118272808, 0.10795559797444301], [0.12256008103267246, 0.1030509119582273, 0.11339286853194445, 0.12042440783085757, 0.1029457820561739, 0.0949491705187708, 0.12422641544968394, 0.1091492580970465, 0.10930110452462308], [0.12278075938872207, 0.1029178459685403, 0.11337150397056883, 0.12036460947750628, 0.10286511950509744, 0.09491221940047719, 0.1244653864882608, 0.10905807768958707, 0.10926447811123992], [0.12289160157058329, 0.10253455149250096, 0.11352784743072525, 0.12085478240952548, 0.10238581316531742, 0.09445273222194882, 0.125, 0.10900487235100464, 0.10934779935839414], [0.1221079148196537, 0.1040256697450295, 0.1128134352517903, 0.11945273984825833, 0.10474808764924075, 0.09622495752920862, 0.125, 0.10824430686773545, 0.10738288828908336], [0.12283229291447856, 0.10298435406167379, 0.11327051879299024, 0.12030793556188364, 0.10300468550574243, 0.09505936241591838, 0.12435031932243913, 0.10900654051491912, 0.10918399090995469], [0.12239547075888561, 0.10358168675156612, 0.11300843408775782, 0.11996473874742578, 0.10402000377086289, 0.09579447183048044, 0.1244445507124216, 0.10853151902057949, 0.10825912432002034], [0.12299381621800783, 0.10284815676416681, 0.11324087667423892, 0.12051103631357449, 0.10289900305067722, 0.0949708680085005, 0.12448163835611852, 0.10891844917822585, 0.10913615543648987], [0.12245120712329387, 0.10389217044303256, 0.11282237639220852, 0.1195688781719231, 0.10460592712413211, 0.09623747670613861, 0.12443991133053757, 0.10830995770289126, 0.10767209500584228], [0.12275739781622388, 0.103269305925957, 0.11292872889722397, 0.11997786207610175, 0.10363756490276511, 0.0954737231981608, 0.125, 0.10854165606551021, 0.10841376111805728], [0.12296339563015407, 0.10317783221119672, 0.11300997644741043, 0.12005715706531994, 0.10342120282293567, 0.09539554496883643, 0.12442368924254733, 0.10876542640426673, 0.10878577520733268], [0.1231446304942357, 0.10280624239914776, 0.11315495625758276, 0.12061481810852342, 0.1029283076962987, 0.09502128215218039, 0.12444885374993828, 0.10882739755417425, 0.10905351158791873], [0.12321464711881644, 0.10273231880387092, 0.11316058096393529, 0.12073173020391698, 0.10285609473451851, 0.094959504444596, 0.12450007679945212, 0.1087967466796853, 0.10904830025120836], [0.12320541262767458, 0.1030667827038208, 0.11294751773054108, 0.12028460341107265, 0.1033306696003682, 0.09542345003832432, 0.12405529383495814, 0.10877993323377494, 0.10890633681946527], [0.12333972561527964, 0.10266460545713962, 0.11312688528336695, 0.12087321864437059, 0.10282378164768824, 0.09494913626344906, 0.1244769813141925, 0.10873543822617829, 0.10901022754833514], [0.12322622520580405, 0.10321738832755396, 0.11282300034987262, 0.11980494969984692, 0.10365217005981976, 0.09565832304206277, 0.12446963172495264, 0.10857914571871491, 0.10856916587137225], [0.12345079950456106, 0.10267789192984395, 0.1130418801548961, 0.12090165539493351, 0.10290620783142775, 0.09505005431869676, 0.12436336927060895, 0.10867061085799413, 0.10893753073703794], [0.12282906580366815, 0.10373006621681512, 0.11273486687305442, 0.11954184325136966, 0.10448905745589919, 0.09632437494727682, 0.12410290751421775, 0.10831132677054348, 0.10793649116715553], [0.12326871632531172, 0.10323554991966537, 0.11278268120505078, 0.1197496547704203, 0.10371693756247018, 0.09572485327638217, 0.12447939985988975, 0.10853296075463535, 0.1085092463261743], [0.1229008294655911, 0.10389134653974315, 0.11263824221129332, 0.11935664510743967, 0.10475584842064391, 0.09652839090689674, 0.12406360991960011, 0.10820008983358526, 0.10766499759520685], [0.12291843554471446, 0.10355571697793393, 0.11270670303313134, 0.1195716155642353, 0.1042660436973374, 0.09617206619033195, 0.12440437070690409, 0.10831468960202494, 0.1080903586833866], [0.12301617397053405, 0.10388097269567996, 0.1126055157029768, 0.11932231118992817, 0.10476978470700304, 0.09659365483827234, 0.12391404077561326, 0.10819186054584261, 0.10770568557414988], [0.12357599122273126, 0.10310889215963685, 0.11265093389501993, 0.12015749650140581, 0.1036359649066624, 0.09574189874838379, 0.12407773944101219, 0.10849362500949893, 0.10855745811564894], [0.1232258177585275, 0.10344436714621053, 0.11262976520605357, 0.11950113037085897, 0.10417303864692495, 0.09615000473422587, 0.12441651028665383, 0.10830542057408028, 0.1081539452764644], [0.12310172648433554, 0.10379260384866938, 0.11258236175029597, 0.1193241308859392, 0.1046895365619954, 0.09657634626678006, 0.12393640036524471, 0.10819448741886839, 0.10780240641787114], [0.1236413893612852, 0.1031828157799131, 0.11256980245309453, 0.11994548322350887, 0.1038271405311745, 0.09591610064943483, 0.12415888233316955, 0.10837552008296818, 0.10838286558545127], [0.12370445904065051, 0.103112568476292, 0.1125632122985143, 0.12015962499128698, 0.10372143388394776, 0.09584337100552183, 0.12402315568181872, 0.10840882163305986, 0.10846335298890794], [0.12370158781897442, 0.10317475120942, 0.11253432448369824, 0.11998051912944654, 0.10384644559645378, 0.09594813376416363, 0.12410614505395227, 0.10834832112565931, 0.1083597718182318], [0.12331181289606487, 0.10387135458648639, 0.11243377612754489, 0.11937409979369158, 0.10485311876635768, 0.09675070868607573, 0.1237208934830534, 0.10806095686066564, 0.10762327880005963], [0.12383608001354547, 0.10300179501365282, 0.11254835798871451, 0.12053367712669259, 0.10360203871237589, 0.09579531286143461, 0.12372325132766336, 0.10841477171682402, 0.1085447152390966], [0.12362943061787292, 0.10339199395943731, 0.11244207381589745, 0.11953445310727207, 0.10426441967628193, 0.09634601460377529, 0.1241046003463707, 0.1081936747399701, 0.10809333913312225], [0.11284403531326444, 0.1120025008355776, 0.11439173424441464, 0.12374369575102517, 0.11140967203460064, 0.10146802892379414, 0.1127140443993678, 0.10858722601007045, 0.10283906248788514], [0.11281761431313594, 0.11205012657861715, 0.11433819845792373, 0.12382503243923264, 0.11148895274296565, 0.10154334942955871, 0.11264240920013985, 0.1085313104946213, 0.10276300634380499], [0.11345557925530075, 0.11142981151245582, 0.11451234917983434, 0.1231849873609201, 0.1108693521179661, 0.10095352819985372, 0.11348517490922982, 0.10877886421525686, 0.10333035324918248], [0.11380722055611608, 0.11097452300131992, 0.1146186753195009, 0.12310121058491709, 0.11037670839896285, 0.10045963652048973, 0.11402915043275595, 0.10894722940752327, 0.10368564577841435], [0.11287053622873416, 0.11220895068308466, 0.11390860720296735, 0.12427011957623937, 0.11197011678684712, 0.10200336183372447, 0.11235054051904912, 0.10811148447890341, 0.10230628269045035], [0.11235499892308326, 0.1127443274153934, 0.11356712330533335, 0.125, 0.11264808388904189, 0.1026585598974394, 0.11158611004998883, 0.10774469567798337, 0.10169610084173647], [0.1135636664060019, 0.11159232575303886, 0.11409214805488675, 0.12351330524586006, 0.1113521432500018, 0.10142392248638159, 0.11321563025027281, 0.10836200356253516, 0.1028848549910211], [0.1136207817830825, 0.11158995957838866, 0.11401746830145083, 0.12353796314661425, 0.11141484793070963, 0.10148747408080018, 0.1132083375855411, 0.10829399395072718, 0.10282917364268568], [0.11450832055924941, 0.11071509064254835, 0.11426716535855523, 0.12259203232928038, 0.11047023231424505, 0.10060904203652635, 0.11444602692434616, 0.10870876608371406, 0.10368332375153515], [0.11368721647149115, 0.11162611386475632, 0.1138617847534499, 0.12362229035685213, 0.11157996399353684, 0.10165315675463277, 0.11313682542894037, 0.10814727703019157, 0.102685371346149], [0.11458171433030204, 0.11074252584188243, 0.11410030627984231, 0.1227902851239701, 0.11062210296602469, 0.10075258645823891, 0.1143615469317638, 0.10853915227561503, 0.1035097797923605], [0.1143872649478096, 0.11098349094961052, 0.11400879757798066, 0.12295669096874351, 0.11091770840074167, 0.10103694701631384, 0.11403383797540834, 0.10840652230577698, 0.10326873985761488], [0.11424841283373056, 0.11117971405067453, 0.113901047