[[0.11888541799750905, 0.11595695764918294, 0.10420462130778238, 0.10366531454195543, 0.1214344986693927, 0.12373246658447072, 0.10207759711079752, 0.10389622698835134, 0.10614689915055793], [0.119372513055795, 0.11649370493900926, 0.10353162528846695, 0.10312233742362584, 0.12211005542260361, 0.12488381746321049, 0.1014186294126021, 0.10336539486318118, 0.10570192213150557], [0.11876499735898584, 0.11595077447960139, 0.10420713292332169, 0.10377831762690631, 0.12129117193929424, 0.12366989297631577, 0.10217928800239566, 0.10401268228129018, 0.10614574241188873], [0.11886527455237737, 0.11606453367455848, 0.10410064155985876, 0.10369108582431065, 0.12129085989525111, 0.12390760499386932, 0.10207154457334569, 0.10392749265347537, 0.10608096227295324], [0.11933127224804266, 0.11652703052694804, 0.1034602941227485, 0.1031319086532324, 0.12211281523893469, 0.12500000000000003, 0.1014099809991265, 0.10337838428207498, 0.10564831392889239], [0.11917827714740756, 0.11642371443769008, 0.103596751125421, 0.10330576830849685, 0.1218874660245547, 0.12471845345328025, 0.10159934341390865, 0.10355199873574716, 0.10573822735349374], [0.11875805002983866, 0.11601850402463422, 0.10414976013921051, 0.10379679723655079, 0.12118267282254741, 0.12376967897961601, 0.1021791433221559, 0.10403435024871709, 0.10611104319672938], [0.11871915544142478, 0.11606759703647045, 0.10405432830408554, 0.1038088483954812, 0.12118606047740785, 0.12390578823319766, 0.10216622802019872, 0.10405103500917537, 0.10604095908255844], [0.11833081580984521, 0.11573673179833187, 0.10430345728951396, 0.10408643085671496, 0.12098212048294157, 0.12356627793192121, 0.10248879716309857, 0.10432582215849741, 0.10617954650913539], [0.11882421822017461, 0.11629051630953896, 0.10376978792666501, 0.10368807229869821, 0.12146269171091921, 0.12419222279492366, 0.10198383322607264, 0.10393905788530161, 0.10584959962770608], [0.11915755872787806, 0.11671785972196391, 0.10334847896516851, 0.10338176981432493, 0.12206833430987947, 0.12450018217196983, 0.10159714068023137, 0.10364108406596419, 0.10558759154261972], [0.1182914217762901, 0.11577758760245328, 0.10425084041954248, 0.1041194723421875, 0.12086943559004512, 0.12368117835107492, 0.102504121461199, 0.10436230369136563, 0.10614363876584193], [0.11899939698291392, 0.11657973422652138, 0.10345593267409392, 0.10351164827125117, 0.12183324893518337, 0.1244588084473572, 0.1017428773026424, 0.10377063968053542, 0.10564771347950126], [0.11880436759218689, 0.11643548051775826, 0.10359190468225414, 0.10369610077504376, 0.12155458603827499, 0.12428850913676624, 0.10194394616244493, 0.10395516747887176, 0.10572993761639882], [0.11922768445720829, 0.1170349892347491, 0.10318458827482979, 0.10343325635296322, 0.12228727064710504, 0.12402754747721229, 0.1015909366204888, 0.10370086269731196, 0.10551286423813153], [0.11855729462197581, 0.11615601591758296, 0.10380775525736281, 0.1038632056558458, 0.12115329834721675, 0.12433620761381159, 0.10215567483636531, 0.10411805573337941, 0.10585249201645956], [0.11912201478377386, 0.11692851614785371, 0.1032352573357748, 0.1034966305710396, 0.12213394094474982, 0.12412305991732703, 0.1016632558772565, 0.10376433187028829, 0.10553299255193642], [0.11896083933481848, 0.1167310153840583, 0.10335421218227127, 0.1035967459485527, 0.12187741070139181, 0.1242373923506006, 0.10178792552570287, 0.10386281897042268, 0.10559163960218129], [0.11805152919259224, 0.11569005485545322, 0.10423207407039875, 0.10426319946660317, 0.12089070144956127, 0.12361708731460187, 0.1026340690486405, 0.10451110515892932, 0.10611017944321968], [0.1188534621185067, 0.11663669851729104, 0.10342937716042598, 0.10368947183775089, 0.12171924976051479, 0.12419048502728046, 0.10189143793340193, 0.10395535934157786, 0.10563445830325051], [0.11849453698582195, 0.11620570137093104, 0.10366109024368726, 0.10385249237526735, 0.12128229540129494, 0.12453858723476038, 0.10211120197389044, 0.1041134969828375, 0.10574059743150915], [0.1187834497438381, 0.1165834404830615, 0.1034437226725006, 0.10372502338348065, 0.1216282007306939, 0.12428023025922472, 0.10192896069092686, 0.10399147675792844, 0.10563549527834523], [0.11797526053694535, 0.1156421602508215, 0.10426235572365194, 0.104318528119547, 0.12088653412006141, 0.12352949270506063, 0.10269328287368519, 0.10456667446968666, 0.10612571120054029], [0.11862042071805311, 0.1164255766772376, 0.1034927781455941, 0.10378853820379963, 0.12142603511695553, 0.12454227779908716, 0.10200481455389784, 0.10405495352965145, 0.10564460525572354], [0.11844481297167361, 0.11621764577825147, 0.1035844387213425, 0.1038495100454339, 0.12137665193343687, 0.1246426152909765, 0.10209110216576274, 0.10411380422822447, 0.1056794188648979], [0.11816377814121043, 0.1159217168722262, 0.10385029396256129, 0.10407515260332979, 0.12124903037680092, 0.1241969855290694, 0.1023679837305676, 0.10433454007729391, 0.10584051870694049], [0.117998895091303, 0.11574050525074518, 0.10406940787123833, 0.10424378716173632, 0.12109108953578451, 0.12379430475222111, 0.10257785085844436, 0.10449839719275261, 0.1059857622857746], [0.11883017459562956, 0.1168302843655069, 0.10329649388402368, 0.10376342306501175, 0.12178807963231747, 0.12397549502039236, 0.10191738793085212, 0.10403734433059073, 0.10556131717567563], [0.11854898575045685, 0.11644699392774063, 0.10340233852398781, 0.10380170723144269, 0.12155939343151409, 0.12459888163721632, 0.10199546421326411, 0.10407252707114692, 0.10557370821323059], [0.11807362707529273, 0.11586444420654421, 0.10388031388392518, 0.10413782965196296, 0.1212617798559664, 0.12409625111037458, 0.1024339877700029, 0.10439775349016746, 0.10585401295576359], [0.1182329288710202, 0.11605647545685707, 0.10365109622535451, 0.10396986635100472, 0.12141332219829784, 0.12451652965696146, 0.10222233628062119, 0.10423491127348349, 0.10570253368639934], [0.11835978347784851, 0.1162250352908187, 0.10347580976246899, 0.10385050974318338, 0.12151596213191503, 0.12479455204725877, 0.10206777980602898, 0.1041196274249531, 0.10559094031552471], [0.11844763721752724, 0.11636659884257788, 0.10338617844242101, 0.10381612257905798, 0.12159795850350169, 0.12474350785878383, 0.10200932049767847, 0.10408812640611688, 0.10554454965233498], [0.11778567138998075, 0.11558867340529516, 0.10419955466272139, 0.10441950191628684, 0.12102982633003638, 0.12346655032415023, 0.10277327615509053, 0.10467336962792888, 0.10606357618850967], [0.11803503050244829, 0.11590015813909811, 0.10377260826539453, 0.10412643227081057, 0.12139635495615228, 0.12420851975374059, 0.10239793215491512, 0.10439081871937446, 0.10577214523806606], [0.11777205879508502, 0.11560730283649447, 0.10414639331110977, 0.10441239604450754, 0.12109697117030697, 0.12351899780469171, 0.10275398989402909, 0.10466845194066575, 0.10602343820310954], [0.11844438572176795, 0.11651988805239272, 0.10325808823266992, 0.10384756731570012, 0.12180652717599845, 0.12452878100297192, 0.10200023517577325, 0.10412619726735076, 0.10546833005537479], [0.11825149450969208, 0.11624130435784025, 0.10332729613553575, 0.10384857533132955, 0.12170320502998688, 0.125, 0.10203251023777257, 0.10412418506882365, 0.1054714293290193], [0.11803401523220347, 0.11595395483671674, 0.10366681727886182, 0.10409300300146196, 0.12150988408212943, 0.12434425752460865, 0.1023415586960074, 0.10436109943173137, 0.10569540991627933], [0.11875877252009552, 0.11705217151382001, 0.10313005810866709, 0.10386356753659659, 0.12198639878098919, 0.12363761159673772, 0.10195775509358415, 0.10414771393395038, 0.10546595091555933], [0.11830914301482987, 0.11637162432880818, 0.10326910669392277, 0.10386088218528247, 0.12180983099503422, 0.12476836939721342, 0.10202292877439134, 0.10413948210306748, 0.10544863250745026], [0.11854548068950634, 0.11678099422683962, 0.1031597881152126, 0.10388409942617756, 0.12194498975492625, 0.12408242014516506, 0.10199650205589408, 0.10416803625239546, 0.10543768933388287], [0.11838634920423072, 0.11654046582960166, 0.10320386422686333, 0.10387726783015017, 0.1219173252463107, 0.12447463810015266, 0.10201338896501641, 0.104159236005447, 0.10542746459222735], [0.11783331808506219, 0.11581558821692557, 0.1037694762478114, 0.1042566056457164, 0.12150723597186995, 0.12402091863853518, 0.10251841808067541, 0.10452503438737394, 0.1057534047260301], [0.11808388914577268, 0.11631714795280505, 0.10318857152095262, 0.10397604013640256, 0.12206698981698269, 0.12462348879571915, 0.10211018902114535, 0.10426187039325224, 0.10537181321696765], [0.11751058301855163, 0.11553717600185615, 0.10407441832063397, 0.10457209359141521, 0.1212827627207666, 0.12335001635852588, 0.10288527752401039, 0.10483601380897044, 0.10595165865526959], [0.11846253703462428, 0.11711266827740238, 0.10281142523775404, 0.103903548965643, 0.12242797840935225, 0.123944876446505, 0.10191950089275925, 0.10420288622005545, 0.10521457851590435], [0.11848332926763244, 0.11717108643404492, 0.1027795636195097, 0.10389506529025072, 0.12245610071989287, 0.12391776200207276, 0.10190209456377305, 0.10419539066264615, 0.10519960744017758], [0.11756449676848786, 0.11563569731463068, 0.1039150611807855, 0.10448752597462882, 0.12146009293490483, 0.12357353315117042, 0.10276793192345571, 0.10475621744651903, 0.10583944330541697], [0.11836585738898975, 0.11691222418696111, 0.10292370680894906, 0.10395470245335482, 0.12233171100832811, 0.12399263354119416, 0.10199960983948135, 0.10425114898447742, 0.10526840578826425], [0.11815602176596321, 0.11654126413820005, 0.10306753825854892, 0.10399444813172487, 0.12226056954059142, 0.12429183578817771, 0.10208668632218648, 0.10428620022965701, 0.10531543582495033], [0.11838458380833881, 0.1170357891100969, 0.10281124258637946, 0.10392434550916158, 0.1224494454878815, 0.12402879804711887, 0.10194160147309186, 0.10422452979264182, 0.10519966418528938], [0.11778553586806427, 0.11596950378716407, 0.10346348071210959, 0.10420517682412601, 0.12190278210243856, 0.12426086321487263, 0.10239519744161792, 0.10448580892269546, 0.10553165112691146], [0.11758134698856089, 0.11569494650621727, 0.1038116860875951, 0.10444592981460558, 0.12158193549423434, 0.12369619536693638, 0.10270402385098742, 0.10471808198488954, 0.1057658539059733], [0.11800145946987055, 0.11644670643535414, 0.10305245024715058, 0.10405993224398784, 0.12237235252373187, 0.12428087063044835, 0.10214653057193925, 0.10435447278977056, 0.10528522508774688], [0.11802691839067629, 0.1165256129753302, 0.10301110363961738, 0.10406527029081265, 0.12243506945815937, 0.12417027066411127, 0.10213752173255083, 0.10436179432064732, 0.10526643852809471], [0.11811749481363078, 0.11678877170507869, 0.10281472653310245, 0.10400821853318667, 0.12255449716841976, 0.12422037466386542, 0.10202903556093258, 0.10431136041118812, 0.10515552061059573], [0.117879815862741, 0.11632311908964611, 0.10309170371686606, 0.10411347111552756, 0.12237993990898907, 0.12430010392466881, 0.10220975838078168, 0.10440797097650249, 0.10529411702427723], [0.11816561264813523, 0.1169270160456446, 0.10271373948749349, 0.10397137880504485, 0.12260858330082883, 0.12427023623095075, 0.10196685137428929, 0.10427757315522793, 0.10509900895238487], [0.11780083321568438, 0.116217347944706, 0.10315430573071935, 0.1041568252254347, 0.1223308359959592, 0.12429614056916231, 0.10226833105635576, 0.10444988199537776, 0.10532549826660055], [0.1175114809968311, 0.11576664172817352, 0.10363309090310872, 0.1044493862677405, 0.12184632217839696, 0.12376718739980119, 0.10266261904114857, 0.10472974354998327, 0.10563352793481613], [0.11807512595731597, 0.11679923529325466, 0.10276065309862416, 0.10400926438048048, 0.12261826405438174, 0.1242920372904921, 0.10201735251985035, 0.10431480567090115, 0.10511326173469922], [0.11772682590849243, 0.11612101058844226, 0.10322589162895289, 0.10420990951805034, 0.12227336126714605, 0.12423839860718132, 0.10233709181028541, 0.1045013989422444, 0.10536611172920504], [0.11768287923042722, 0.11607725420767884, 0.10325830418136032, 0.1042447632019633, 0.12225673088251124, 0.12418177355103287, 0.10237785256852062, 0.10453587100192382, 0.10538457117458178], [0.11763197414971147, 0.11600036679487699, 0.10333434844023175, 0.10429292614894382, 0.12218167495690214, 0.1241018721618527, 0.10244224782883045, 0.1045820818294979, 0.10543250768915263], [0.11751136105541093, 0.11584005910108593, 0.1035096648519225, 0.10441939936297522, 0.12201258784436234, 0.12385237558863, 0.10260367939736394, 0.10470446139529076, 0.10554641140295838], [0.11782128726719517, 0.11641341744339978, 0.10296349381535431, 0.10414100890941944, 0.12259625820273308, 0.12421559794297445, 0.10220018193446816, 0.10444206950292347, 0.10520668498153198], [0.1176988813960945, 0.11618177132907813, 0.10314579327979856, 0.10422704163988884, 0.12242003066585243, 0.124160812278148, 0.10233063462815076, 0.10452267687777825, 0.10531235790521057], [0.11744007832700726, 0.11577511798159044, 0.10357492346734848, 0.104489244799479, 0.1219616624695688, 0.1237130198209544, 0.10268444406458627, 0.10477344227747658, 0.10558806679198894], [0.11784412717864076, 0.11653420109613655, 0.10283728105907411, 0.10410469570255342, 0.12271151983615092, 0.12429873048151151, 0.1021330616326324, 0.10441014270075842, 0.10512624031254188], [0.11769907682216967, 0.11624019760386235, 0.10308694087450536, 0.10422870899973798, 0.12251754071313978, 0.12410967136936399, 0.10231540853500205, 0.10452704683621093, 0.10527540824600773], [0.1175919517054723, 0.11611774017788114, 0.10316812218106347, 0.10430396995972281, 0.1224608366653453, 0.12402964468943671, 0.10240753226379148, 0.10460099024409282, 0.10531921211319394], [0.11750061794837549, 0.11599756890866351, 0.10327331046598433, 0.10438273023681682, 0.12235915731138365, 0.12391786060468644, 0.1025082378722741, 0.10467741304439517, 0.1053831036074205], [0.11751947624305839, 0.11621794828421649, 0.10294063536708077, 0.10426201168886493, 0.12273389719759535, 0.12429338686552004, 0.10231396814646036, 0.10456784346158407, 0.10515083274561941], [0.11726934879680907, 0.1157888793001312, 0.10345862131006077, 0.10459645953910075, 0.1222133983065347, 0.12353439447786684, 0.1027525632178809, 0.10488919002561685, 0.10549714502599877], [0.11723702155619099, 0.11586928582279316, 0.10330458406251068, 0.10456666743801059, 0.12241863529859814, 0.12366680103780671, 0.1026871054315442, 0.10486546256657617, 0.10538443678596937], [0.11755067780306966, 0.11682414101412315, 0.10225713385048496, 0.10405317223323565, 0.12328957343121451, 0.125, 0.10194458732836022, 0.10438229282480285, 0.10469842151470901], [0.11723761018971118, 0.11592274523308116, 0.10320807856421665, 0.1045279013513846, 0.12253103877478791, 0.12380017484766966, 0.10262798304323428, 0.10482986333805785, 0.10531460465785675], [0.1174034979511915, 0.11675975542848216, 0.10225050503921841, 0.10414364543419612, 0.12346664958632182, 0.1247934702105391, 0.1020267286141685, 0.10447607154754718, 0.10467967618833539], [0.1170939684592951, 0.11582508569650996, 0.10328031838156282, 0.10464934129931133, 0.12247542327910495, 0.12361030684545914, 0.10275864973450143, 0.1049516574613842, 0.1053552488428711], [0.11727555563297146, 0.11643204876009734, 0.10240941756198793, 0.10417628501523704, 0.12334503546170902, 0.12500000000000003, 0.10210921553919929, 0.1045028955872504, 0.10474954644154769], [0.11719952671049852, 0.11618186548254669, 0.10273629096954119, 0.10435830082450685, 0.12307387966456992, 0.1244438668528091, 0.10235748496641331, 0.10467615092601613, 0.1049726336030983], [0.11722752474087901, 0.1164049895039909, 0.10241965157203115, 0.10421242179964245, 0.12337534009106157, 0.12492256691466141, 0.10214510992902602, 0.10453973455821082, 0.10475266089049665], [0.11701741648272405, 0.11583349425509955, 0.1032119946424573, 0.10467382069658025, 0.12257234293809842, 0.12364596310422515, 0.10276504448001528, 0.10497992877990528, 0.10529999462089469], [0.116969817420044, 0.11606358373853613, 0.1027822199232024, 0.10453268235754497, 0.12311408391323359, 0.12416607168839813, 0.1025301133812776, 0.10485383936356962, 0.10498758821419356], [0.11695702771815918, 0.11612230889258483, 0.10268110724102907, 0.10450124360481892, 0.12324423942333496, 0.12427692499180473, 0.10247622125634344, 0.10482596436214899, 0.10491496250977604], [0.11687673329010265, 0.11590543201508019, 0.10299530437387305, 0.10468642889101037, 0.12287046175776221, 0.1238049453721913, 0.10272404524209326, 0.10500266803255162, 0.10513398102533551], [0.10255597648537988, 0.12278165920365193, 0.11076553813701459, 0.12039181779390648, 0.10033105215638857, 0.09120499542579813, 0.122486614962744, 0.11432287296734292, 0.11515947286777362], [0.10304694435743195, 0.12225593815300512, 0.11021586051454929, 0.11834663474454012, 0.10094216395131873, 0.09137745124777774, 0.12376725116968916, 0.11482890300347658, 0.11521885285821135], [0.10286437568833166, 0.12209113879535674, 0.11052235991550977, 0.11934450014700759, 0.10071972816114412, 0.09139132173941436, 0.1231746894429061, 0.11466172944971038, 0.11523015666061924], [0.10252286644511029, 0.12273827992991772, 0.11070660595260189, 0.1204245706680764, 0.10034312727470959, 0.09122859894622659, 0.12256769104969895, 0.1143770305831284, 0.11509122915053017], [0.10252189393645623, 0.12268550422436997, 0.1106630690911631, 0.12040493863604962, 0.10037719588106321, 0.09126589246397468, 0.12259513153094947, 0.11443354399502065, 0.11505283024095306], [0.10227739558497503, 0.12278543370792806, 0.11059984927721736, 0.12076602972615759, 0.10014582000623293, 0.09107302141314172, 0.12289899433734523, 0.11431445060289663, 0.11513900534410543], [0.102877484013791, 0.12192285463631526, 0.11022439043909917, 0.11899993516597933, 0.10091147801902041, 0.0915288450002188, 0.12353845748089838, 0.11496907008187054, 0.11502748516280713], [0.10304838933329565, 0.12197144137185068, 0.10986126726781305, 0.11806252315218717, 0.10117485928506723, 0.09157046647430366, 0.12417482881461822, 0.11519675514218795, 0.11493946915867641], [0.10236300679893974, 0.12243114263728767, 0.11036605590117407, 0.12052386267829075, 0.10044368406629756, 0.09138847245133037, 0.12297633647320559, 0.11470485065267172, 0.11480258834080254], [0.10257786466234907, 0.12208788682119479, 0.11021937159782773, 0.12000521165975994, 0.10078188189015905, 0.09167072383829251, 0.12290986724762124, 0.115040099214431, 0.11470709306836481], [0.10251422187973043, 0.12203237505523169, 0.1101341362276446, 0.12008721190716196, 0.10079163498143118, 0.09171249835681163, 0.12301796504387147, 0.11511847680322539, 0.11459147974489164], [0.10156747633052578, 0.1224076261627017, 0.11019051032791898, 0.1218864314902555, 0.09968179093582007, 0.09083802941121394, 0.1239828679914175, 0.1141872824011846, 0.11525798494896193], [0.10281842974193002, 0.1213992584550166, 0.10976055330666631, 0.11888376577996577, 0.10125688244489131, 0.09194445016088644, 0.12379321723626852, 0.11558843954750195, 0.11455500332687296], [0.10276836000767671, 0.12153322361153565, 0.10895491753520685, 0.11863133092020102, 0.10139244508231306, 0.09163788538978546, 0.125, 0.11588635962264374, 0.11419547783063749], [0.10278643090760488, 0.12128604007182849, 0.1095206289888695, 0.11890994417893226, 0.10134016990366633, 0.09196006959565371, 0.12402595149815661, 0.1157739192757805, 0.11439684557950777], [0.10220442140994775, 0.12205536205398868, 0.11000530222142334, 0.12059192998061691, 0.10057159050401082, 0.0915964680234648, 0.12340037442729125, 0.115061518135406, 0.11451303324385047], [0.10156330810176023, 0.12216774445167056, 0.10999579480484463, 0.12173637951909502, 0.09983639656816629, 0.09101502374948595, 0.12422726605964594, 0.11443766543217597, 0.11502042131315543], [0.10225014496693838, 0.12197975558985744, 0.10996653510418676, 0.12050147820186138, 0.10066126951284397, 0.09168823254314072, 0.12335897377159721, 0.11515817536967607, 0.11443543493989819], [0.10274500354540579, 0.121097117786752, 0.10946335368694877, 0.11914007751837026, 0.10140896417167648, 0.09211352624553186, 0.12384142016074802, 0.1159220224228288, 0.11426851446173811], [0.102731411675493, 0.1210923321497813, 0.10920057133276172, 0.11908730198321421, 0.10144903825487603, 0.09199285131473237, 0.12425257944622257, 0.1160258520724757, 0.11416806177044313], [0.1014780635454627, 0.12193724742531324, 0.10984463661131005, 0.12180489617968701, 0.09987322912031939, 0.091116646462708, 0.1244871920035836, 0.11454249576242694, 0.11491559288918905], [0.10182689459979521, 0.12183207433266008, 0.10974100612798339, 0.12105449010417883, 0.10036064118989461, 0.09150817830946781, 0.12411856677619071, 0.11505796578291486, 0.11450018277691461], [0.10260742465201983, 0.12105223803646888, 0.1094148407459988, 0.11942315412250669, 0.10139380538868555, 0.0922383320559212, 0.12375955697717296, 0.11602992968392116, 0.11408071833730493], [0.10255514343200896, 0.12119346899474016, 0.10949208339160706, 0.11941283984461813, 0.10131669413180007, 0.0922202808258235, 0.12377870434561167, 0.11594616437868924, 0.11408462065510112], [0.10203061234535366, 0.12171016636206618, 0.10969570730995729, 0.12069967650374423, 0.10064758072579608, 0.09177121440292538, 0.1238188904417384, 0.11532972650187445, 0.11429642540654435], [0.10266604024920013, 0.12088429520292264, 0.10890989827044889, 0.11938176452050259, 0.10158995014989215, 0.09213019749346547, 0.12420217187740196, 0.11633300749898894, 0.11390267473717725], [0.10139636770480151, 0.12174350951075497, 0.10976534334568736, 0.1219740774628836, 0.09987105148341834, 0.0912044481645063, 0.12458047216966085, 0.11455204043970908, 0.114912689718578], [0.10233326457799978, 0.121452527323077, 0.10959183450860158, 0.12005793259274848, 0.10106448918694787, 0.09210871244880552, 0.12366992794078425, 0.11572784287195749, 0.11399346854907803], [0.10267485858805847, 0.12096816918514677, 0.10851557201979295, 0.11937821521462352, 0.10174757952127338, 0.09211968025182159, 0.12433995271040926, 0.11657055806208019, 0.113685414446794], [0.10265435027018312, 0.12071829585560102, 0.10906920385838005, 0.11957570223677626, 0.10160473791560225, 0.09231587969856832, 0.12380890024960606, 0.11634943205517466, 0.11390349786010812], [0.10247220073044293, 0.12113025070321624, 0.10939562243292242, 0.1195478264888967, 0.1013112177640935, 0.0922481165809829, 0.12391527867746056, 0.11602320090854673, 0.11395628571343805], [0.10142674937241296, 0.12165287720317985, 0.10964918318060464, 0.12174846766983809, 0.09998746868585644, 0.09129601286481387, 0.12477400889156583, 0.11473855701299149, 0.11472667511873699], [0.10233947900264229, 0.12134037284468016, 0.10950523653366763, 0.11995122625159699, 0.10113501052852401, 0.09217474574813642, 0.12378524945896326, 0.11584056003897655, 0.1139281195928127], [0.10265418171138418, 0.1208744670081206, 0.10848938130599162, 0.11949444980802167, 0.10177780386413349, 0.09218630609579642, 0.12424646657719643, 0.11664649556729403, 0.11363044806206155], [0.10250587497111482, 0.12079882394108284, 0.10915336348353497, 0.11968188867760683, 0.10145958898979043, 0.09229619028248841, 0.12399944030533594, 0.11626258258727719, 0.1138422467617687], [0.10143049984021568, 0.12155892126155146, 0.10956971609691424, 0.12165499593509914, 0.10005670226639167, 0.0913723511548206, 0.12488739562299843, 0.11484625195164676, 0.114623165870362], [0.10143221349623971, 0.1214616898772084, 0.10949060726330768, 0.12156723825508145, 0.10012440072948182, 0.09144992411328093, 0.125, 0.11495113042979402, 0.11452279583560598], [0.10232834459903509, 0.12102869161581309, 0.1092512231244532, 0.1197877418308793, 0.10130449410135738, 0.0923312372498138, 0.12409878694830347, 0.11614215479819323, 0.11372732573215144], [0.10244517364934165, 0.12055406304914422, 0.10892468364756204, 0.11989294993997496, 0.10154221502711443, 0.09235902081771069, 0.1241545212527473, 0.11647713530581964, 0.11365023731058509], [0.10267114172401028, 0.12070672071296681, 0.10813702396630008, 0.11972584661144557, 0.1020373874335468, 0.09240951078101468, 0.12394146132959787, 0.11702589406469857, 0.11334501337641922], [0.1015905600518894, 0.12139000065817554, 0.10943386138343707, 0.1212725023325166, 0.10037380169267299, 0.09168385934087658, 0.12469527560395983, 0.1152182482214491, 0.1143418907150229], [0.10230523947666317, 0.12087347929480613, 0.10911009077073519, 0.11988747057168876, 0.10134982785571789, 0.09233206416099109, 0.12423591069713934, 0.11626480094466468, 0.11364111622759376], [0.10259930495173313, 0.1205743925240741, 0.1083324577806822, 0.11987822248361754, 0.1019211873817592, 0.09242477191647991, 0.12391677876716248, 0.11694418592758939, 0.11340869826690206], [0.10285843755015112, 0.12074529310494775, 0.10780007346360672, 0.11957469431673347, 0.10238605742372463, 0.0926178100743281, 0.1235673400179627, 0.11728031271844684, 0.11316998133009872], [0.10231675572507164, 0.12070989091806612, 0.10897936331182426, 0.11995126514184382, 0.10141500340562676, 0.09233114748825623, 0.1243216124927706, 0.11638689188378253, 0.11358806963275804], [0.10191832452089152, 0.12125012980290695, 0.10936145743759607, 0.1207069420711405, 0.10084367176824509, 0.09211076452672343, 0.1240978279124352, 0.11569035154741304, 0.1140205304126482], [0.10276680050651907, 0.12058689007271159, 0.107774902479343, 0.11981158740007036, 0.10236538750382518, 0.09266551670154774, 0.12355459176337492, 0.11738974892662728, 0.11308457464598087], [0.10265866873583018, 0.12052352573001232, 0.10794425902831506, 0.11995159469614994, 0.10219356973968327, 0.09258767760617424, 0.12370106114651541, 0.11728641522383636, 0.11315322809348322], [0.10146834321747836, 0.12113089909747941, 0.10943353225981584, 0.12173064020008566, 0.10032381434388953, 0.09186086375265928, 0.1244574328592236, 0.11506575391363486, 0.11452872035573358], [0.10159786623709266, 0.12116343698747742, 0.10931977130185919, 0.12124758674513106, 0.10051985478310273, 0.09192081029250934, 0.12461283485543177, 0.11538375197318591, 0.11423408682420978], [0.10255706237706916, 0.12033273897936277, 0.10820562944414286, 0.1201876885716796, 0.10203783273943827, 0.0926198733137962, 0.1236487655633283, 0.11718052857085404, 0.11322988044032878], [0.102181831059052, 0.12052758854333989, 0.10877311794519927, 0.1202117212586822, 0.10143386552738742, 0.09239620765052006, 0.12457082213957638, 0.11655738243459834, 0.11334746344164447], [0.1017463452470023, 0.12107056482269933, 0.10925162505181939, 0.120955595162003, 0.10076483432550513, 0.09215017983891127, 0.12436096952577629, 0.11565400272119708, 0.11404588330508633], [0.10222175994060922, 0.12029053514747608, 0.108594817719539, 0.12029695114707961, 0.10155316345349093, 0.09242340890311235, 0.12459515323284939, 0.11674495038942459, 0.11327926006641882], [0.1025779437118396, 0.1203148786032881, 0.10797990094058375, 0.12022993512699, 0.102176139229883, 0.09268790917372656, 0.12357475617689945, 0.11737300169836762, 0.11308553533842207], [0.10214612102744854, 0.12024713288095418, 0.10852501279252576, 0.12040109744766579, 0.10153281231654324, 0.09243380948825827, 0.12474519907864949, 0.11678907748155654, 0.11317973748639822], [0.10211514673879055, 0.12048506792735543, 0.1087246249647557, 0.12034699771512568, 0.10144004653528764, 0.09248023498409239, 0.12456991770417257, 0.11660808290150713, 0.11322988052891293], [0.10261632541549759, 0.12024648560223015, 0.10768288792857096, 0.12028020519083003, 0.10238320863893453, 0.09281672650858994, 0.12345193010984497, 0.1176395518475766, 0.11288267875792521], [0.10214656516995788, 0.12073210895338511, 0.10899738278986451, 0.12023609981625255, 0.10139817783243385, 0.092624912551712, 0.12408208919544335, 0.11639756550727245, 0.11338509818367834], [0.10265029051266804, 0.12023972671832905, 0.10753801189558207, 0.12023213789953618, 0.10248393413826669, 0.09285967789563775, 0.12345808240923932, 0.11773989736094458, 0.11279824116979634], [0.10168262390474848, 0.12090020098541818, 0.10917062710881151, 0.1210423511978957, 0.10078881324367284, 0.09226524028717759, 0.12444139906944568, 0.11568631376319659, 0.11402243043963356], [0.10232799028672912, 0.11989707499096668, 0.10820070285966964, 0.12056543098036746, 0.10190443746687904, 0.0926635848734535, 0.12416556381893941, 0.11722553100050903, 0.11304968372248601], [0.10237507761927266, 0.11995822950738487, 0.10811611363759897, 0.12056174726779184, 0.10199035820907586, 0.09270174086346646, 0.12395867108743171, 0.11731679421495976, 0.11302126759301814], [0.10234987650336003, 0.1199235131025039, 0.10814928672545207, 0.12057291517187392, 0.10195185887337296, 0.09268635209885792, 0.12405714299849586, 0.11728108173487338, 0.11302797279121006], [0.10210018252230121, 0.12054306954683558, 0.10883243956476236, 0.12042898738818979, 0.10147015217477552, 0.09270828246010043, 0.12414764759064713, 0.11656304850493845, 0.11320619024744953], [0.10202450097960145, 0.12008318588994155, 0.1083417594206098, 0.1206249957661511, 0.10154250356588847, 0.09247925626499631, 0.12499999999999999, 0.11693258806628364, 0.11297121004652759], [0.1020301604489668, 0.1201777825366878, 0.10843699022672901, 0.12062764742700825, 0.10153331460981353, 0.09255014017556608, 0.12478102281644711, 0.11687298355497974, 0.1129899582038017], [0.10148116113202334, 0.12066393898864503, 0.10906424556068484, 0.12126521052081864, 0.10065564931961962, 0.09226044379358991, 0.12500000000000003, 0.11555117555839721, 0.11405817512622154], [0.10211900901773235, 0.11956859589627111, 0.10797570187320316, 0.12102323605195103, 0.10191455191523899, 0.09280811401750816, 0.12442269062357696, 0.11745363300394435, 0.11271446760057392], [0.102312141921971, 0.11969747855052305, 0.10728597585191743, 0.12090706229110058, 0.10239907491077486, 0.092923240351314, 0.12399700630674242, 0.11806212646149063, 0.11241589335416603], [0.10198925108882806, 0.11992849223786192, 0.10823888112584532, 0.12093728188787853, 0.10167445489764859, 0.09275384641397358, 0.12458736739711826, 0.11712256403309138, 0.11276786091775448], [0.10204495333562562, 0.11963668930683062, 0.10800277358242376, 0.12106718668139074, 0.1018410446807318, 0.09279402623058722, 0.12453941650936637, 0.11739604929060521, 0.11267786038243854], [0.10158122388232094, 0.12045433916630738, 0.10892698131354911, 0.12114669646529222, 0.1009209212104154, 0.09257131326637517, 0.12470805482367785, 0.11585519358909864, 0.11383527628296339], [0.10224222646441199, 0.11951312902231802, 0.1075432447554525, 0.12116408162930623, 0.10227809667548866, 0.09300425952030583, 0.12382540159989469, 0.11794242738250157, 0.1124871329503205], [0.10221328165266816, 0.119464336501834, 0.1074570524228847, 0.12122052672044811, 0.1022987824218235, 0.0930130247342006, 0.12390416730847699, 0.11801343656663381, 0.11241539167103012], [0.10213542123892008, 0.11926947527493824, 0.10768686086466449, 0.12134905440545757, 0.1021576337930955, 0.09304982940859345, 0.12404596652355246, 0.11783402318988277, 0.11247173530089542], [0.10198467042656244, 0.11988184135213567, 0.10826397369835786, 0.12110510345686722, 0.10176299557080985, 0.09301836488287231, 0.1241589953370416, 0.11717122032540014, 0.1126528349499529], [0.10197148476335045, 0.11978438739339516, 0.1081565692911187, 0.12117251942304844, 0.10179027554262025, 0.09298585973925856, 0.12426250061694052, 0.11726923436203016, 0.11260716886823777], [0.10211255946678104, 0.1192540458026314, 0.1072336549440018, 0.12146199123713412, 0.10235375834237351, 0.09308020962336591, 0.12408537293700246, 0.1182240556447937, 0.11219435200191621], [0.1019916033354088, 0.12006907663768811, 0.10857561721056899, 0.12088590026296946, 0.10169919258396634, 0.09323948857508867, 0.12360985201019932, 0.11684604111381641, 0.11308322827029388], [0.10196043959574973, 0.11948926117135035, 0.10790052770814611, 0.12143799342206042, 0.10194298926526114, 0.09309269893177088, 0.12418499746485957, 0.11756390225819008, 0.11242719018261182], [0.1020857303006994, 0.11907372491718654, 0.10758101596184992, 0.12158636234058366, 0.10222652139740149, 0.09318951809324631, 0.12395635034998473, 0.11798051932327291, 0.11232025731577516], [0.10201208215232177, 0.11903791317178637, 0.1069879536659821, 0.12170841282861083, 0.10242132174263245, 0.09315424847466469, 0.12426432955302075, 0.11845530063254826, 0.1119584377784328], [0.1019933000719714, 0.11983858707908128, 0.10838549365222612, 0.12114967999822075, 0.10184953903367448, 0.09339372695547679, 0.12346212161453626, 0.11709397009031053, 0.11283358150450223], [0.10195141932156274, 0.11974909680814101, 0.10836037861082512, 0.12116536478511016, 0.10185974335743699, 0.09349514693900451, 0.12348004561274933, 0.11707622234250256, 0.1128625822226676], [0.10177723332816907, 0.1198228552948246, 0.1084656709767099, 0.1213199745903227, 0.10158742979966508, 0.09332347071265329, 0.12386254604575024, 0.11669970211600567, 0.11314111713589946], [0.10186704550213152, 0.11879166540428222, 0.10629826382675084, 0.1218110565250536, 0.1026244683753406, 0.09316501983718488, 0.125, 0.11898222134769455, 0.1114602591815618], [0.10196947784671952, 0.11963997612182212, 0.10826927476892587, 0.1213100529296635, 0.10195203777124708, 0.09358247754089245, 0.12332968228420771, 0.11721720701864477, 0.11272981371787709], [0.10199581338415685, 0.11873673094591237, 0.1073087805385973, 0.12212728714444308, 0.10242239330154101, 0.09353522425928756, 0.12356828524772531, 0.11834130704907352, 0.111964178129263], [0.10193706620323653, 0.1195817754711468, 0.1082570257019556, 0.12129805094054205, 0.10194933874782315, 0.09364379920691278, 0.12338805103072303, 0.1171876609351722, 0.11275723176248796], [0.10185474290757532, 0.11861087600873105, 0.10655523964631652, 0.12220518558066379, 0.10258873881545316, 0.09336575705280109, 0.12438584892329764, 0.11890875097078271, 0.11152486009437872], [0.10193090860305148, 0.11897375722887484, 0.10752798372783319, 0.12205780769913344, 0.10227684813717387, 0.09356308435981188, 0.12358895075236669, 0.11806963373152378, 0.11201102576023084], [0.10195326038697027, 0.11925857038824741, 0.10785440777421723, 0.12180276561808072, 0.1021666155446704, 0.09364345448406362, 0.12345341705689941, 0.11772254142424406, 0.11214496732260688], [0.10193069638451355, 0.11946648515465613, 0.1081893867282309, 0.12138358482728452, 0.10201413939202023, 0.09375240732213595, 0.12331410063885513, 0.11726153148576791, 0.11268766806653559], [0.10191786318087369, 0.11945482345162974, 0.10820410164128441, 0.12134377588526211, 0.10200216217894048, 0.09377624044918255, 0.12335389346036454, 0.11721959361249537, 0.11272754613996722], [0.10196502814882007, 0.11925662646501566, 0.10796516300646233, 0.12173048462922889, 0.10219551829173142, 0.09385574562803663, 0.12308583330178453, 0.11760350593626782, 0.11234209459265264], [0.10190042029016483, 0.11938671546525477, 0.1081789610692134, 0.12140157308772545, 0.10201927986146642, 0.0938405101870109, 0.12333334004722749, 0.11721854250700123, 0.11272065748493564], [0.10193563663333516, 0.11895076901534887, 0.10761289529328125, 0.12213191786436169, 0.10234584311917404, 0.09385296841546323, 0.12323107037456425, 0.11801680925571356, 0.11192209002875785], [0.10191768864227703, 0.11928303953332195, 0.10811449602911248, 0.12144988356164475, 0.1021056720995987, 0.09395433195442371, 0.1232217948547918, 0.11731845974318704, 0.1126346335816425], [0.10185986395277713, 0.11836132567001101, 0.106793043510839, 0.12263818199131386, 0.10263044103081036, 0.09372484678650594, 0.1236280035127503, 0.11885050224975596, 0.11151379129523642], [0.10193031723945295, 0.1188723770627636, 0.10754541833155293, 0.12221699603735317, 0.10238896400028875, 0.0938928765290135, 0.12318784683929992, 0.11809708347522904, 0.11186812048504623], [0.10172468844015883, 0.11862243423651822, 0.1063885166964583, 0.1226886533298743, 0.10265169660522613, 0.09357388347965968, 0.12396896318865275, 0.11912023863736788, 0.11126092538608377], [0.10191422182616082, 0.11837546923936457, 0.10703747944321838, 0.12264836649022941, 0.10262513457423575, 0.09389156444410793, 0.1232202004177884, 0.11867718084191299, 0.11161038272298161], [0.10169794238448687, 0.11863818404555343, 0.10638900478779234, 0.12281484668790818, 0.10266717048747313, 0.09363906993805436, 0.12380383291643564, 0.1191336335150666, 0.11121631523722955], [0.1019495738418307, 0.11883643617789788, 0.10761947359484178, 0.12219355736260895, 0.10246583570676371, 0.09412572227437477, 0.12288057625371465, 0.11802897221634082, 0.11189985257162675], [0.10190853572803495, 0.11841353229441412, 0.10711593753874236, 0.12269308924746243, 0.10264931042815638, 0.09402736990120023, 0.12299877094591716, 0.11860784580361848, 0.1115856081124539], [0.1017124819054137, 0.11857637721932028, 0.10650337632920123, 0.12291782214167929, 0.10268221322889726, 0.09375559543231686, 0.12354550006442115, 0.11906620299372331, 0.11124043068502693], [0.10193562954647162, 0.11863796885292084, 0.10742517643268368, 0.12243945325018483, 0.10258767546635038, 0.0941915921295491, 0.12283984453786871, 0.1182641341500639, 0.11167852563390697], [0.10194758989151782, 0.11870759530665148, 0.1075257409722378, 0.12232300882263286, 0.10256115999616876, 0.09423025600625923, 0.1227740322727723, 0.11814536779607164, 0.11178524893568807], [0.10193712927447406, 0.11859756208048737, 0.10740407149871097, 0.12247447757580668, 0.10262254881561139, 0.09424115791762618, 0.12278359425434256, 0.11829239937113815, 0.11164705921180265], [0.10158227722404842, 0.11878896671233789, 0.10621474228312723, 0.12313622959636122, 0.10273575675181466, 0.09375392258619768, 0.12351359789396553, 0.11928096039247937, 0.11099354655966802], [0.10196881532540994, 0.11873043116950373, 0.10763597163054313, 0.12218121459707582, 0.10257890504094784, 0.09436738836154983, 0.12256380531382059, 0.11800980797346856, 0.11196366058768056], [0.10189097922732132, 0.11826063615389511, 0.10702621200598704, 0.122909526806979, 0.10281404182987959, 0.09430308489905027, 0.12266819767568846, 0.11872225569713796, 0.11140506570406125], [0.1097758994796649, 0.1236605293665934, 0.10750071287254644, 0.11203931970945974, 0.11051000267421547, 0.09949696674022704, 0.11190072349606929, 0.11175698035854684, 0.11335886530267691], [0.10978409394262142, 0.12374714118867591, 0.10743956391076942, 0.11201001648014164, 0.11059327493676796, 0.09957641181507444, 0.1118231966249085, 0.1117348877609351, 0.11329141334010562], [0.10933179748571194, 0.12299631803322784, 0.10765439589574789, 0.1126553063541451, 0.10988979889257307, 0.0988882918234963, 0.11268695361381124, 0.11233004120994505, 0.11356709669134167], [0.10901379163091686, 0.12278067409899922, 0.10782012445569152, 0.11302134767122762, 0.1093499707227057, 0.09834341641397676, 0.11325885979651917, 0.11265508706206726, 0.11375672814789603], [0.1096394957366432, 0.12421982212632988, 0.10694766471361736, 0.11203467178217068, 0.11107220272187833, 0.10002726476332531, 0.11147884217790566, 0.11180753774094933, 0.1127724982371803], [0.10991957591354737, 0.125, 0.10659556058705992, 0.11151289181265059, 0.11182549507934272, 0.10077693623308118, 0.11069279797854217, 0.11133885388361613, 0.11233788851215994], [0.10918193904069025, 0.12340482561748754, 0.10714797918707182, 0.11272919166613596, 0.11035630034129552, 0.09932705151520951, 0.11235576036272873, 0.11245392030242773, 0.11304303196695294], [0.1091277161115054, 0.12343009206434863, 0.1070614019345288, 0.1127812074717011, 0.11041251679722024, 0.09938138711978108, 0.11233833257615099, 0.11251340291085737, 0.11295394301390639], [0.10850024706758257, 0.12240342111682224, 0.10743270684971634, 0.11368652863732935, 0.10933214514917682, 0.09834168634372667, 0.11361935566864168, 0.11333442599507564, 0.11334948317192872], [0.10905319225434253, 0.12351882765003151, 0.10688167774776922, 0.11283765342215307, 0.11057215131126055, 0.09953816996395727, 0.11224592932560551, 0.11258810313209662, 0.11276429519278372], [0.1084095361273579, 0.12261358573932149, 0.10722286405434032, 0.1137486183110379, 0.10947237745799475, 0.09846609243152601, 0.1135108452728475, 0.1134153953490576, 0.11314068525651651], [0.10856167807454065, 0.12279489216106156, 0.1070925727929265, 0.11354689873231207, 0.109802606