[[0.11627294746387574, 0.12285823803500781, 0.10851175323555773, 0.10494307292212594, 0.10668757559023198, 0.11916091393733837, 0.09781703267395352, 0.12474949648300432, 0.0989989696589046], [0.11689154833065857, 0.12318281467512343, 0.10851413786175045, 0.10479820237027528, 0.10646245605717736, 0.11974520788839026, 0.09711240448083959, 0.12489151195127038, 0.09840171638451486], [0.1162890386208576, 0.1227028735636178, 0.10848854773742651, 0.10503736809771123, 0.10665893268489882, 0.119051487885761, 0.09786489278333729, 0.12486063670252653, 0.09904622192386323], [0.11641048907280895, 0.12281855121205773, 0.10849033376628744, 0.10500364136757233, 0.10661713644264169, 0.11917714615784311, 0.09772340653109286, 0.12483356399471884, 0.09892573145497724], [0.11695355172049107, 0.12309066548191605, 0.10849914564633674, 0.10484550566000563, 0.1064261613994128, 0.11971592026783288, 0.09708580384431341, 0.125, 0.09838324597969145], [0.11686415993148411, 0.12300410564199561, 0.1085167942209618, 0.10496313814610912, 0.10648797229047935, 0.11956130876197531, 0.09729549345484324, 0.12473697739045429, 0.09857005016169713], [0.11636571934826215, 0.12268287993969779, 0.10846400751085881, 0.10505680551058325, 0.10660337973314449, 0.11905999560427387, 0.09778627399613457, 0.125, 0.09898093835704509], [0.11647040740451857, 0.12261707121977476, 0.10847798924170524, 0.10515797178303264, 0.10658985621701388, 0.11905103330822217, 0.09779573092764332, 0.12483960354657882, 0.09900033635151059], [0.1161494637052188, 0.12217498746028627, 0.1084586376468378, 0.10532080853852972, 0.10668272877170708, 0.11863278962278048, 0.09821641055207947, 0.125, 0.09936417370256037], [0.11675455380561992, 0.12262873609816331, 0.10845517939401284, 0.1051847072213967, 0.10646538913254519, 0.11918948480853575, 0.09753591696337362, 0.125, 0.0987860325763527], [0.11723851154885198, 0.12305237403272208, 0.10850771663858132, 0.10515760844151138, 0.10635934731814246, 0.1195723833673513, 0.09712656538926992, 0.12453567020525212, 0.09844982305831741], [0.11622575294784772, 0.12213242414064612, 0.10846790636147653, 0.1054006705023132, 0.10667145897308654, 0.11862293640126838, 0.09822563947742624, 0.12487242421909238, 0.09938078697684269], [0.11712330272432463, 0.12280767748366697, 0.10851730535984323, 0.10525707933464358, 0.10641787251438548, 0.11941954785599414, 0.09733090551849137, 0.1244967016562062, 0.09862960755244422], [0.11698655559171157, 0.12252155736274159, 0.10849516761592583, 0.1053522880314744, 0.10644377191284254, 0.11921568212104507, 0.09751700853045348, 0.12467676841633371, 0.0987912004174718], [0.11752520398798946, 0.12340632989117627, 0.10839680980625599, 0.10511694645473361, 0.10612191456452336, 0.11961145973254905, 0.09672057730278459, 0.125, 0.09810075825998768], [0.11670464884994856, 0.12236294389295872, 0.10848951420952926, 0.10542417037783344, 0.10653692921951594, 0.11896027011777727, 0.09783025618118969, 0.12463400610119646, 0.09905726105005047], [0.117452989158731, 0.12323880065162697, 0.10842457368362719, 0.10520861243356566, 0.10618727498254786, 0.1195217883980144, 0.0968965280830562, 0.12481161669897531, 0.09825781590985558], [0.11730068363766558, 0.12294447606092763, 0.10848178438047502, 0.10534361195601183, 0.10631851717675987, 0.11938392066904811, 0.09721289479015016, 0.1244761665696282, 0.09853794475933376], [0.11619887173423515, 0.12184742234773908, 0.10844141786100095, 0.10556924761578931, 0.10665276746987667, 0.1184103807572375, 0.09836680740813218, 0.12500000000000003, 0.09951308480598925], [0.11721138917839523, 0.12277283685993982, 0.10846764546675361, 0.10538925855356543, 0.10633476998361174, 0.11927226308392957, 0.0973188380885292, 0.12460414691525824, 0.09862885187001713], [0.11682579814969332, 0.1222564288093966, 0.1084929764880472, 0.10553147018123075, 0.10650481807176546, 0.11893618929064592, 0.0978176955364922, 0.1245764012149688, 0.09905822225775955], [0.11716893985683129, 0.12268231442200987, 0.1084536114600321, 0.10541555612639301, 0.10633362110332549, 0.11920484352105964, 0.09736543425259438, 0.12470687643361231, 0.09866880282414191], [0.11616899453370251, 0.12175933502641503, 0.10845766173669863, 0.10563599753925146, 0.1066848268670073, 0.11834288136079914, 0.09846889674881422, 0.12487531188578488, 0.0996060943015267], [0.11703838047635585, 0.12244403086014602, 0.10843907364178237, 0.10547553301563507, 0.10636343229828853, 0.11905311011169899, 0.09751979089099741, 0.12486536672304248, 0.09880128198205329], [0.11687664011144142, 0.12218659617738176, 0.10848939183718838, 0.10558816048958058, 0.10648557091777698, 0.11890754353042064, 0.0978169728351113, 0.12458595661626662, 0.09906316748483232], [0.1165500915265599, 0.1219576852468543, 0.10845121405786798, 0.10564387959161835, 0.10654996773547928, 0.11859691321015543, 0.09811925881157466, 0.12481487767827824, 0.09931611214161186], [0.11633817045222374, 0.12178907913322289, 0.10846020085183199, 0.10569829810612211, 0.10663339595789667, 0.11840864998966498, 0.09836874467690421, 0.12477394773759111, 0.0995295130945423], [0.11743049919799908, 0.12294193771932158, 0.1084221848527167, 0.10546532855846744, 0.10620812982014673, 0.11925046549317317, 0.0971429107593837, 0.12465108857027773, 0.09848745502851389], [0.1170935061169068, 0.12244896404622738, 0.10840365079593983, 0.1055206680400617, 0.10630309139677134, 0.1189953835576635, 0.09747167455811376, 0.125, 0.09876306148831576], [0.11650401334044447, 0.12185959886984417, 0.10844403385794979, 0.10569366946610745, 0.10655784925559171, 0.1185093075882971, 0.09819541452220433, 0.12485229698756349, 0.0993838161119975], [0.11674664389018947, 0.12200109696855241, 0.10847258270905422, 0.1056891943471173, 0.10651229621424624, 0.1187068607251319, 0.09800270767110299, 0.12464263616716043, 0.09922598130744507], [0.1169349620300632, 0.12215603945371575, 0.10846823552838773, 0.10565753044291377, 0.10644243877583742, 0.11884885564323375, 0.0978011063878299, 0.12463545449060122, 0.09905537724741724], [0.11705683921595768, 0.12233932159876572, 0.10842095817463655, 0.1055974734524348, 0.10634026377911383, 0.11892056420648063, 0.09758916691258039, 0.12486571978186299, 0.09886969287816756], [0.11615821473916517, 0.12182882276368832, 0.10839040139551233, 0.10573735374334023, 0.10660590600815252, 0.11816330068238748, 0.09848860102184688, 0.125, 0.09962739964590708], [0.11656716443594371, 0.1219550428224164, 0.10839847477858872, 0.10571115488876703, 0.10648024957373212, 0.11848124430498196, 0.09810219748515472, 0.125, 0.09930447171041538], [0.11619971860680484, 0.12189363311160502, 0.10838615309676808, 0.10576540162257707, 0.10658739244869993, 0.11816202850041523, 0.09846886456074166, 0.12492327247174106, 0.09961353558064708], [0.1172447818200539, 0.12248722882131452, 0.10840694522148629, 0.1056740060485138, 0.10626263998635553, 0.11893048964234848, 0.09747159123495337, 0.12474310952371274, 0.09877920770126118], [0.11701474277702731, 0.12224063563453089, 0.10843353671417136, 0.10573883938495388, 0.10637550423443047, 0.1187734623252374, 0.09776062083927695, 0.12463536124013799, 0.09902729685023376], [0.11666107275929369, 0.12204354077219699, 0.10840187738787511, 0.10575467928960629, 0.10645447634345548, 0.11850437246032004, 0.09805719040486363, 0.12485086292938816, 0.09927192765300057], [0.11768033525250839, 0.1230681333073634, 0.1083337603627433, 0.10553829082776707, 0.10601828844638085, 0.11917498140458514, 0.09689242378587283, 0.125, 0.09829378661277899], [0.11713601742897499, 0.12234016578357496, 0.10841137718516683, 0.10573268942539463, 0.10630703493958406, 0.1188201524918757, 0.09762283533330038, 0.12471898672336229, 0.0989107406887662], [0.11747433181561014, 0.1227429749953418, 0.10834366164169412, 0.10563634340716975, 0.10610521796541206, 0.11900041700751507, 0.0971679280576721, 0.12499999999999997, 0.0985291251095848], [0.11729959679192813, 0.12247976776755208, 0.10840732998179146, 0.10574512981321899, 0.10624752326147484, 0.11888961999826292, 0.0974835143805556, 0.12464610496340943, 0.09880141304180655], [0.11652766595115094, 0.1221493098046933, 0.10837124035172625, 0.10584487748961229, 0.10646216517672881, 0.11829529178847753, 0.09821813427671913, 0.12471907848992335, 0.09941223667096838], [0.11715189105059956, 0.12257907540797308, 0.10836419936046733, 0.10588241639866738, 0.10624778667289726, 0.11862433691181323, 0.0976809570197421, 0.12448863688890896, 0.0989807002889311], [0.11619073489563711, 0.12222509526193671, 0.1083096711654705, 0.10592885803480742, 0.10649551462692611, 0.117916493140961, 0.09852260058916743, 0.12474210298003904, 0.09966892930505468], [0.11790796968061522, 0.12294096795927217, 0.10831216798502578, 0.1058108803216875, 0.10592773269185263, 0.11896800149470238, 0.09690177273584036, 0.12487904034428378, 0.09835146678672034], [0.11797035377340662, 0.1229907812207327, 0.10832134536413185, 0.10582093844455481, 0.10591851505914991, 0.11899250295518685, 0.09686626313522749, 0.12479321068927005, 0.0983260893583399], [0.11631343308503891, 0.12231450082396585, 0.10826442439310692, 0.10589428258578273, 0.10639787441064896, 0.11798250595221187, 0.0983307766320874, 0.125, 0.09950220211715731], [0.11771829492183421, 0.12279515568151123, 0.10832693208746577, 0.10584950944992774, 0.10601128089512127, 0.11887690984503493, 0.09711463029406128, 0.12478063643308446, 0.09852665039195913], [0.11737753303643987, 0.12276337714029585, 0.10833510434943056, 0.10589755943443241, 0.10613686831068925, 0.11868842564390777, 0.0974614341801036, 0.12453072653411197, 0.0988089713705887], [0.11784985253575948, 0.1228403589723834, 0.1082949214242459, 0.10583735555519758, 0.10592700956106006, 0.1188981468496297, 0.09695507740356166, 0.12499999999999997, 0.09839727769816205], [0.11678778457996088, 0.12247132802011083, 0.10833758824484317, 0.10596445754256147, 0.10633644222446861, 0.11830554942314721, 0.09804240979501674, 0.12447379901637198, 0.09928064115351913], [0.11641262626578165, 0.12239334248648152, 0.10827389684215008, 0.10593125820063722, 0.10637799200162718, 0.11802509857949314, 0.09828110988874997, 0.12483915665685039, 0.0994655190782287], [0.11731742879641704, 0.12286407328058428, 0.10829898674453266, 0.1059656780920652, 0.10611347368461903, 0.11854763518607517, 0.09752900759034741, 0.12449048266960894, 0.09887323395575041], [0.11740366507202597, 0.12292587610963342, 0.10830505581932655, 0.1059873606727571, 0.10609313020854923, 0.11857615251551945, 0.09747756254183791, 0.12439410446087058, 0.09883709259947976], [0.11767883766469664, 0.1230416732875346, 0.10827333068495792, 0.10597392972417896, 0.10596192682131865, 0.1186705829889183, 0.09719073703906952, 0.12460194373663011, 0.09860703805269529], [0.11719528880774345, 0.12285984502437333, 0.10825034217068484, 0.10597102573873332, 0.10609273587185747, 0.11842027924840365, 0.09758563811832545, 0.12470837746620426, 0.09891646755367424], [0.11782132637660399, 0.12304981231885852, 0.10825965805660746, 0.10596156011473172, 0.10589717124429318, 0.11872100219121094, 0.09704194444799401, 0.12476052853108002, 0.09848699671861999], [0.11708113715950316, 0.12280247927015903, 0.10822588750943364, 0.10596848014479819, 0.10609936220632231, 0.11833283217323645, 0.0976565134770112, 0.12486253459651515, 0.09897077346302104], [0.11654128413140623, 0.1226237167767018, 0.10821567927271081, 0.10599666465400603, 0.10626284198911502, 0.11797952454558366, 0.09814909642128967, 0.12486529976021529, 0.09936589244897163], [0.1177100377118436, 0.12310244589058833, 0.10825801042501715, 0.10599927106729798, 0.105933168968125, 0.11863904189224624, 0.09716674204775534, 0.12459915038348297, 0.0985921316136434], [0.11698310431456006, 0.12273841208972805, 0.10822670545930448, 0.10599397478977406, 0.10613291730892162, 0.11825641151061601, 0.09776456608711269, 0.12484282432827828, 0.09906108411170488], [0.11694061511712002, 0.12275720039005802, 0.108225543110423, 0.10601476272190351, 0.10614562717716408, 0.11821166935490453, 0.09781738395877444, 0.12478043716319606, 0.09910676100645618], [0.11685959731432842, 0.12275221504187098, 0.1082402396473756, 0.10604112405206545, 0.10619098957060154, 0.11815848526229254, 0.09792726861687476, 0.12463063596336477, 0.09919944453122595], [0.11665155335575086, 0.12271968520217726, 0.10819907547725098, 0.106027405688652, 0.10620621441089288, 0.11799950046130421, 0.09805468830541778, 0.12484583442206937, 0.09929604267648469], [0.1173304785346591, 0.12306864322681138, 0.10822542229312626, 0.106048444664174, 0.1060184635233052, 0.11838222436275402, 0.09749958184132304, 0.12456480285442073, 0.0988619386994263], [0.11705458802142338, 0.12287617099414444, 0.10817646856955065, 0.10600183887388842, 0.10604615502739836, 0.11822627148041027, 0.09764941551497447, 0.125, 0.09896909151821003], [0.11656410708023329, 0.1227547633039636, 0.10816166514557889, 0.10602232616919954, 0.10618688034019856, 0.11790686385371969, 0.0980854774352717, 0.12499999999999999, 0.09931791667183464], [0.11748749547690443, 0.12318787850047233, 0.10823970118674073, 0.10609429882865971, 0.10598582112596361, 0.11842944483710838, 0.09741479470875569, 0.12435609111979609, 0.09880447421559903], [0.11713234183488352, 0.12297346759605446, 0.10817691252151743, 0.10603435221474329, 0.1060217912341324, 0.11823660165730968, 0.09760674016536396, 0.12487627088715152, 0.09894152188884357], [0.11701055303180194, 0.12294003483941777, 0.10816934534763233, 0.10607304757643346, 0.10605233094966775, 0.11812653999876606, 0.09773567192959032, 0.12484199118080495, 0.09905048514588544], [0.11688792344907138, 0.12295822274781354, 0.10818404879277194, 0.10611980450826718, 0.10611118446470193, 0.11803288505980222, 0.09789782315618285, 0.12461965780795066, 0.09918845001343833], [0.11718236771918404, 0.12317818248415546, 0.10814168937977037, 0.10615783614937051, 0.1059622232165288, 0.11810159678681928, 0.09761713635257073, 0.1246875201881131, 0.09897144772348772], [0.11664073879524242, 0.1230661895456937, 0.10810894784487192, 0.10616430394649393, 0.10609514567778387, 0.1177595061290692, 0.09806332177413295, 0.12477687404020206, 0.09932497224650996], [0.11674389019722713, 0.12319214547947827, 0.1080504807149519, 0.10617416385739382, 0.1059872221572392, 0.11774159832849557, 0.09790883702176016, 0.125, 0.09920166224345393], [0.11787607663419591, 0.12372706284047696, 0.108031591878964, 0.10620652460723003, 0.10559784376941009, 0.11820978553962382, 0.0969233533810336, 0.125, 0.09842776134906565], [0.11682978847631281, 0.12325250176137954, 0.10805942166059893, 0.10620878625551469, 0.10597106749941994, 0.11776828270735638, 0.09786918768861289, 0.12486384312291025, 0.09917712082789455], [0.11783249827132358, 0.12389249267311123, 0.10800674674501273, 0.10629675487981675, 0.10558123190381442, 0.11807738573519241, 0.09699840338245364, 0.12481179152490927, 0.09850269488436597], [0.11672069450828236, 0.12337043212099756, 0.1080259496254219, 0.10626768345075786, 0.10596270049588272, 0.11761294118536135, 0.09796948406717149, 0.12480355789412027, 0.09926655665200446], [0.11749892976108835, 0.12377094256732807, 0.10797630974389713, 0.10626501609219828, 0.10564989493034295, 0.11793962025080125, 0.09722523024083018, 0.125, 0.09867405641351377], [0.1171935589683643, 0.12351679423084254, 0.107994475742771, 0.10627709207626237, 0.10577118526411497, 0.11781398210401674, 0.09752143377504187, 0.125, 0.09891147783858625], [0.11747755294728401, 0.12379460123249765, 0.10797362754597625, 0.10629871116093233, 0.10565336652568047, 0.11789572731942924, 0.09726524760663417, 0.12492922386570511, 0.09871194179586072], [0.11675401687385763, 0.12349508253308979, 0.10800788882101019, 0.10632795999999042, 0.10592835013189725, 0.11755491565942149, 0.09796214267201306, 0.1246982283593899, 0.09927141494933012], [0.117068642573435, 0.12377792837677522, 0.10791557365966899, 0.10636753588913131, 0.10570911872177924, 0.11757317106594542, 0.09760033362170002, 0.125, 0.09898769609156483], [0.11716055985131256, 0.1238313793034088, 0.10792583658353572, 0.10641175211714807, 0.10569266978240664, 0.11758924861770045, 0.09756420321740235, 0.12485647311498169, 0.0989678774121037], [0.11686194966712635, 0.12375166453569908, 0.10790210014592204, 0.10638313875862282, 0.10575705974925254, 0.11743750469257452, 0.09777654359973653, 0.125, 0.09913003885106611], [0.1248833547984235, 0.10241038030456014, 0.1169822994668616, 0.11540090564846053, 0.11245452770904069, 0.10482956381209001, 0.11193184707687713, 0.09493154651869887, 0.11617557466498754], [0.12445369216818546, 0.1033047919012161, 0.11657600339245397, 0.116019290810242, 0.11208149244254748, 0.1055787692703658, 0.11107529972708097, 0.09564527380380154, 0.11526538648410659], [0.12466301434079198, 0.10288156190016802, 0.1167836994393471, 0.11576551031870536, 0.11221281893749671, 0.10521137578054326, 0.11148104327787918, 0.09530159244572084, 0.1156993835593474], [0.1249501847628327, 0.1024417391739286, 0.11693068069812486, 0.11545504617657337, 0.11241157102634905, 0.10480905860203558, 0.11189897549895751, 0.09496366120044662, 0.11613908286075168], [0.12499999999999999, 0.1024792107135116, 0.11688762275467211, 0.1155068101014947, 0.11237127774478504, 0.10480777278851527, 0.11185671119874209, 0.09499625542490209, 0.116094339273377], [0.12467875901747962, 0.10245399697996344, 0.11691254102963075, 0.11547137435385513, 0.11244754072724125, 0.10474545374271432, 0.11201644761000408, 0.09503951191730033, 0.11623437462181108], [0.12499999999999999, 0.10313711022929622, 0.11652188938426153, 0.11606854209120164, 0.11195472584816692, 0.10526868376736911, 0.11117002031676144, 0.0955032541404641, 0.11537577422247894], [0.12426418130895597, 0.10367299568812842, 0.11635849761711427, 0.11640100665113465, 0.1118775933703259, 0.10571080392638721, 0.11078248888278143, 0.09598652892330478, 0.11494590363186748], [0.125, 0.10270247821682783, 0.11664991534739787, 0.11580248751760286, 0.11218840481408687, 0.10476771198677849, 0.11171995845571114, 0.09524337647569585, 0.1159256671858991], [0.125, 0.10298892564049233, 0.11647894723994492, 0.11609486895846645, 0.11199407731574429, 0.10492736905561675, 0.11142583100838016, 0.09546621730980964, 0.11562376347154549], [0.1248569137995637, 0.10306826334504941, 0.1164191756095313, 0.11618767953609285, 0.11196043198144331, 0.10491957354608909, 0.11141836684295053, 0.09556837514511177, 0.11560122019416791], [0.1237725523895833, 0.10259962746694624, 0.11680708579591624, 0.11556328027604332, 0.11246837954198448, 0.10456144953795131, 0.11230909402059239, 0.09542080292463902, 0.11649772804634372], [0.12475558927762591, 0.10362800405727911, 0.11611355210499347, 0.11666950688839668, 0.11161356764940644, 0.10536676600973408, 0.11084716908729467, 0.09599735284386723, 0.11500849208140243], [0.12442351152891289, 0.10429046251464077, 0.1158745171972243, 0.11714887534281491, 0.11136908356020776, 0.10596921916215123, 0.11013771950251244, 0.09651742326313562, 0.11426918792840005], [0.12499999999999999, 0.10378673229531243, 0.11592911762981976, 0.1168635541484124, 0.11146928933348439, 0.10545342406629787, 0.11061601330939441, 0.09610887860511573, 0.11477299061216288], [0.12455231580009675, 0.10307480351991172, 0.11637856374317451, 0.11620578161748414, 0.11200086404208519, 0.10480554190118166, 0.11158165047638387, 0.09567263507172363, 0.11572784382795855], [0.12391864948259765, 0.10278092168910126, 0.11661612143038053, 0.11579234989015615, 0.11230089092860808, 0.10457055173166149, 0.11212965114232863, 0.09559049996475218, 0.11630036374041407], [0.1245196694927135, 0.10315105282476121, 0.11633092573165946, 0.11628850721923105, 0.1119533612934635, 0.10483559475510665, 0.11151925858450525, 0.09574048730987829, 0.1156611427886811], [0.12499999999999999, 0.10383656577478191, 0.11585046309722737, 0.11698125561931899, 0.1113850818727483, 0.10540272497428946, 0.11060734634360878, 0.09618005724239152, 0.11475650507563358], [0.12469831016774889, 0.10409768590323709, 0.11572863060220596, 0.11716167961319247, 0.11134057869543584, 0.1056501000483783, 0.11039574337670954, 0.09640171647870663, 0.11452555511438525], [0.12414696493137284, 0.10284893502185641, 0.11647925725634962, 0.11588928094300131, 0.11218706083635871, 0.10450405939557593, 0.11205125701418528, 0.0956788563979121, 0.11621432820338778], [0.12418325407156802, 0.10318238250937393, 0.11626147650074839, 0.11630280881868044, 0.11197025210825295, 0.10470493902596056, 0.11168254272474336, 0.09589747836555354, 0.11581486587511877], [0.12476775745246171, 0.10386374519930444, 0.11580206549210792, 0.1170790952917016, 0.1113732669980015, 0.10529620217882547, 0.11070676707315164, 0.09627478868722618, 0.11483631162721954], [0.12484055030787614, 0.10375133630011332, 0.1158520428911235, 0.11698651947588506, 0.11143351838036074, 0.10518577488988352, 0.11081411990606982, 0.09618974201909855, 0.11494639582958939], [0.12412040534822726, 0.10337622080848001, 0.11614965295461865, 0.11651755207505168, 0.11185941679791092, 0.10481802202460591, 0.11150212477523554, 0.09604543109730829, 0.11561117411856177], [0.12454126985933134, 0.10435873760383017, 0.11553820566906695, 0.11747105905432169, 0.1111713728062641, 0.10575566749672162, 0.11020089379932288, 0.0966542367604402, 0.11430855695070095], [0.12438457511831372, 0.10284040037552344, 0.11639359543436664, 0.1158869596850491, 0.11213600696921402, 0.10440848826263273, 0.11204192026053181, 0.09570652451760835, 0.11620152937676018], [0.12453366655135423, 0.10358831955873204, 0.11596721336944751, 0.11680943166386722, 0.11161138606199962, 0.10499060048405645, 0.11112559956165763, 0.09613790517987025, 0.11523587756901504], [0.125, 0.10459380135998207, 0.11539975779276801, 0.11771338308953125, 0.11093871114088888, 0.10592757164619773, 0.10976484710376865, 0.09678103041991404, 0.11388089744694939], [0.12461599018865419, 0.10423096124782938, 0.11556276449676163, 0.11742608620315975, 0.11117143513580154, 0.10557440335287231, 0.11036466748672652, 0.09657920054016819, 0.11447449134802645], [0.12499999999999999, 0.10377427791624984, 0.1157689472678382, 0.11705937157820605, 0.11136615689223558, 0.10513847794287211, 0.11077342317139727, 0.09621929535444385, 0.114900049876757], [0.12441848653095797, 0.10298054884860608, 0.1162849664962777, 0.1160623087785622, 0.11202107434924577, 0.10445606729165606, 0.11190443762535153, 0.09582015040101, 0.11605195967833266], [0.12460415250305806, 0.10366613269359651, 0.11588690170379114, 0.11691225870638265, 0.11153192846776215, 0.10502384645110618, 0.11103327997058746, 0.09620140072550361, 0.11514009877821212], [0.125, 0.10461957954110283, 0.11534643503891329, 0.1177751622117044, 0.11090359095906745, 0.10590734916559698, 0.10976071084184187, 0.09681554814961106, 0.11387162409216213], [0.12500000000000003, 0.1040194900229118, 0.1155994621293971, 0.11731219179973244, 0.11118503984240222, 0.10532327870275368, 0.11051579766003258, 0.09640952404613125, 0.11463521579663903], [0.12447097504834378, 0.10305966113713268, 0.11620646847235476, 0.11616034223932022, 0.11195180879801876, 0.10446460420209636, 0.11182684229407738, 0.09589317002101794, 0.11596612778763817], [0.12451614121118063, 0.10313847634599156, 0.11612875222487827, 0.1162561375796345, 0.11188414863431323, 0.10447220972644415, 0.1117527202581676, 0.09596798490564784, 0.1158834291137422], [0.12484424157228678, 0.10387010354973701, 0.11565985775531866, 0.11719113150398389, 0.11130915353874368, 0.10510027098096753, 0.11078035361070185, 0.0963670876633022, 0.11487779982495828], [0.12479374678801132, 0.10423833405502289, 0.11545082889784362, 0.1175474518637586, 0.11105855303216063, 0.10543411591096852, 0.11037602431240168, 0.09662681557143082, 0.11447412956840203], [0.12500000000000003, 0.10493959652670364, 0.11513606721139459, 0.11812851678280306, 0.11067349329861559, 0.10606785789589374, 0.10943500994999006, 0.09709007005020566, 0.11352938828439377], [0.12465369712918438, 0.10328119313412537, 0.11600285527329599, 0.11645735966391785, 0.11175765302150857, 0.10452558767640566, 0.1115699481584703, 0.09605969047852704, 0.11569201546456485], [0.125, 0.103962236931889, 0.1155593101836376, 0.11731670437130715, 0.111200460825407, 0.10515040463220077, 0.11064234154707918, 0.09642772101505577, 0.11474082049342353], [0.1247046497446663, 0.10481530544126036, 0.11517088645159963, 0.11804535943517502, 0.11078535652657782, 0.10593420145705403, 0.10970872105165708, 0.09704555981214139, 0.11378996007986823], [0.125, 0.10529925947378435, 0.11502012583005462, 0.1183699692140748, 0.11048225362475111, 0.10636989374976656, 0.10900588072218098, 0.09736133042671134, 0.11309128695867621], [0.12500000000000003, 0.1040874035809169, 0.11547811328955372, 0.11744886839615146, 0.11110811432528883, 0.10525094068700316, 0.1105047811206172, 0.09651907088025065, 0.11460270772021817], [0.12457095851369465, 0.10358056626627721, 0.11580260662331211, 0.11682599462175336, 0.11156562779951734, 0.10475773103507376, 0.11126430062355451, 0.09627234689285437, 0.1153598676239627], [0.12478821788622874, 0.10533092859677803, 0.11496104483129595, 0.11847381895039312, 0.11046442897357528, 0.1063238757241002, 0.1090754918616676, 0.09743383746165914, 0.11314835571430197], [0.12478922111076705, 0.10515040222956508, 0.11499781484335232, 0.11837128571261143, 0.11055245979635095, 0.10615316857367656, 0.10930252065725159, 0.09730622472343953, 0.11337690235298549], [0.125, 0.10315266587883785, 0.11594490632605882, 0.11627794827410717, 0.11176909738745856, 0.10431654796747906, 0.11168993367217381, 0.0960424559886427, 0.11580644450524201], [0.12473451935581714, 0.10339684034033271, 0.11585617486224538, 0.11658788021716406, 0.11163976533954578, 0.10452278776719846, 0.11147693804171603, 0.09620292012974142, 0.11558217394623883], [0.12448007262412585, 0.10497019201422163, 0.11502813087893791, 0.11825821832566867, 0.11068806955866178, 0.10595403976793837, 0.10966248477118301, 0.09723613838402843, 0.11372265367523449], [0.125, 0.10421356651848793, 0.1153271427631182, 0.11762760113091775, 0.11099267037999096, 0.10524363560242586, 0.11042213904189409, 0.09667535414886488, 0.11449789041430034], [0.125, 0.1035161272918897, 0.11570938121615144, 0.1167856961433202, 0.11148848984521419, 0.10459153022287879, 0.11127064288166985, 0.0962658307952395, 0.11537230160363635], [0.12468707566882126, 0.10444780592311059, 0.11523326122749614, 0.11783723771045924, 0.11089327002678712, 0.10544138141718754, 0.11025751774662498, 0.09687952205630812, 0.11432292822320504], [0.12460374658815176, 0.10514374800253797, 0.11493008294739641, 0.11844066601654793, 0.11055042708043297, 0.10606502822765405, 0.10942345038218045, 0.09736242157645776, 0.11348042917864064], [0.12474025799052872, 0.10446496290005478, 0.11518237412536092, 0.11788341254988238, 0.11085785345797954, 0.10540588513693802, 0.11024610540918565, 0.09691512315766047, 0.11430402527240952], [0.12477134751699659, 0.10427101665615521, 0.11528641312479232, 0.11768376205885686, 0.11099089692458214, 0.1052249940011867, 0.11046617403464119, 0.09678746798828225, 0.11451792769450678], [0.12450377215269774, 0.10542319512235578, 0.11480517602196456, 0.11869992424104638, 0.11039044418277033, 0.10624944591288439, 0.1091407012005816, 0.09760032899604695, 0.11318701216965227], [0.12434363983199646, 0.10412444774225667, 0.11543654127705433, 0.11745748547087313, 0.11119858047480999, 0.10509411305817216, 0.11077889312248947, 0.09675010987008503, 0.11481618915226273], [0.12449440492199974, 0.10555452939412933, 0.11475778997944104, 0.11880046228948091, 0.11031687290433238, 0.10635224203658458, 0.10898908443532986, 0.09770169075102625, 0.11303292328767595], [0.12472849924018115, 0.10361208073870685, 0.11565202170448559, 0.11683495568318163, 0.11146788228811368, 0.10459933039389815, 0.11129707556776049, 0.09643187797414118, 0.11537627640953133], [0.12451514048120103, 0.10489229692298412, 0.11492297920671969, 0.11829660098554923, 0.1106448325251711, 0.10574607381882307, 0.1098394980962584, 0.09725790368900136, 0.11388467427429197], [0.12439445615186702, 0.10500760367569524, 0.1148674945467159, 0.11838972516483832, 0.1106167030698824, 0.10584860619244528, 0.1097416537105481, 0.0973519523940326, 0.113781805093975], [0.12445989082130506, 0.10495678067229576, 0.11488687575790157, 0.11835250121837829, 0.1106249346228627, 0.1057998871280938, 0.10978289386303289, 0.09731099359764457, 0.11382524231848538], [0.12441024887429268, 0.104248758520452, 0.11530213039717392, 0.11761847533952861, 0.11107845562379827, 0.1051271844833044, 0.11065589222549023, 0.0968773087288418, 0.11468154580711808], [0.12462859232474961, 0.10459109121986661, 0.11506393596687349, 0.11804016469333194, 0.1107725310055522, 0.10541924688996235, 0.11018674171772307, 0.09707569605025312, 0.11422200013168762], [0.12462862834273544, 0.1045173874025639, 0.1150987538966598, 0.11796410129775187, 0.11082438751434241, 0.10534014609533042, 0.11028037337500424, 0.09703652359252153, 0.11430969848309035], [0.12500000000000003, 0.10355368522431811, 0.11558166699072928, 0.1167295096127684, 0.11144121899630953, 0.10445248075108785, 0.11135573961488139, 0.09646300210267438, 0.11542269670723125], [0.125, 0.10493319631209602, 0.11470732685740741, 0.11848872254953631, 0.11042095539421486, 0.10558659818929648, 0.10974467945274771, 0.09734561932350626, 0.11377290192119496], [0.1241504666017264, 0.10569797354610776, 0.11451491747825863, 0.11912363674509312, 0.11019281768836459, 0.10624950616883148, 0.10905725469868416, 0.09795557232498074, 0.11305785474795302], [0.12460460225982496, 0.10469959889291115, 0.1149151471297907, 0.11819075476662225, 0.11067484570378792, 0.10537693222953261, 0.11014505497727173, 0.09724483356763076, 0.11414823047262791], [0.12479890281392578, 0.10490637142091966, 0.11474577860897275, 0.1184481478330153, 0.1104727804345523, 0.10553860751749006, 0.10985316762345972, 0.09736866171890772, 0.11386758202875674], [0.12474449711780781, 0.10380972361281895, 0.1154127892350776, 0.1169967014885821, 0.1112960931107019, 0.10458791056544571, 0.1111931270367319, 0.09673023582945876, 0.11522892200337526], [0.12452617987904117, 0.10543559228831065, 0.1144758676567903, 0.11896708721365572, 0.11023643326699355, 0.1059690916278033, 0.1093072088839573, 0.09776807947920785, 0.11331445970424005], [0.12449531439292377, 0.10549793293524228, 0.11443605026024041, 0.1190398070064, 0.1101960189538757, 0.1059971657136542, 0.10925348071958794, 0.09782837388083145, 0.11325585613724416], [0.125, 0.10521471872720198, 0.11445308778320437, 0.11883150405865577, 0.11022324025983071, 0.10571145936656247, 0.10947392518148502, 0.0976090052498448, 0.11348305937321487], [0.125, 0.10464081734397257, 0.11480967377381315, 0.1181781816552221, 0.11061077107641162, 0.1052171170835084, 0.11015478702108296, 0.09724007399590187, 0.11414857805008731], [0.1248377707438095, 0.10475332923588136, 0.11477086928318253, 0.11829315882464618, 0.11056478063654138, 0.10531155977235293, 0.11007593463527025, 0.09733403853865404, 0.1140585583296618], [0.12446119587582793, 0.10565113330243767, 0.11429372887150716, 0.1192444503929634, 0.1100725430290761, 0.1060311887042668, 0.10913279884522606, 0.09799440261782297, 0.11311855836087197], [0.12465718637915374, 0.10444075845639877, 0.11493950028312583, 0.1178384051998461, 0.11083832837761849, 0.1050085590037976, 0.11053732556706648, 0.09720639746027152, 0.11453353927272147], [0.125, 0.10495928261434176, 0.11457105087104284, 0.11856756687851602, 0.11035964881714055, 0.10541153096005584, 0.10982535997207786, 0.09750115432102606, 0.11380440556579904], [0.12499999999999997, 0.10530188304438483, 0.11434713531982942, 0.11895925021187885, 0.1101304335075002, 0.10569543761882497, 0.10942339015575776, 0.09772795531420321, 0.11341451482762055], [0.12457172399081076, 0.10579892114799871, 0.11413136597403746, 0.11946030251842762, 0.10992094233084894, 0.1060540528988962, 0.10897342347419745, 0.09814281823852605, 0.11294644942625669], [0.12475085763968782, 0.10461703375092699, 0.11476861005707288, 0.11806504534963157, 0.11067384922076044, 0.10507789503928988, 0.11034867160042977, 0.09737008911628692, 0.11432794822591372], [0.125, 0.10458882864157378, 0.11470135298588917, 0.11803145936709077, 0.11063098775533643, 0.10499140648468651, 0.11034882853479215, 0.09738134903869834, 0.11432578719193283], [0.12453042432525804, 0.10445630700544857, 0.11488606985646935, 0.11773747274639182, 0.11084167954033294, 0.10489471232609963, 0.1106585338844134, 0.09737098936344621, 0.11462381095214004], [0.125, 0.10619939891053834, 0.11383463328480065, 0.11996139804804008, 0.10954893801053799, 0.10625466997208793, 0.10839909917607016, 0.09843403746867181, 0.11236782512925302], [0.12486912253106541, 0.1047134905558299, 0.11462420273111686, 0.11816741502952656, 0.11056530017492722, 0.1050647746762466, 0.11026465373988224, 0.09750314905471673, 0.11422789150668845], [0.125, 0.10554122395086829, 0.11407775831834871, 0.11927557222296505, 0.10990389465142633, 0.1056940404366375, 0.10926377610742498, 0.0980331777680207, 0.11321055654430844], [0.125, 0.10469279206674509, 0.1145932813851225, 0.11813183478715095, 0.11054631431992577, 0.10500769504007952, 0.11027694913539725, 0.09751428041268848, 0.11423685285289048], [0.125, 0.10604327470797073, 0.11379685456113679, 0.1198593554941342, 0.10960617931118748, 0.10605431368899657, 0.10865178997644341, 0.09838315162314584, 0.11260508063698496], [0.12451353553102876, 0.10540672126057303, 0.11424036566840519, 0.11903617243394275, 0.11010907868959663, 0.10557091427387229, 0.10959269051501855, 0.09802667599610215, 0.11350384563146063], [0.12464032280481067, 0.10512135114418968, 0.11438848601132694, 0.1186763597363531, 0.11029798083909122, 0.10533889946741312, 0.10988757353471992, 0.0978320987993363, 0.11381692766275905], [0.12486817001984901, 0.10478524094565085, 0.1145303305040284, 0.11820446565933337, 0.1105042635237917, 0.10503946489230788, 0.11024449574027423, 0.0976356401619336, 0.11418792855283115], [0.12487261729653612, 0.10476655511930907, 0.11453656279225337, 0.11816367116833121, 0.11051662111545485, 0.10501202732987068, 0.11027605341088922, 0.09763920127332291, 0.11421669049403274], [0.12460135926416402, 0.10506175587969015, 0.11438024531856748, 0.11853957310444461, 0.11035180442042102, 0.10522910205817672, 0.11002328495592599, 0.0978688525780417, 0.11394402242056828], [0.125, 0.10476711372270194, 0.11449485135995686, 0.11815489401504008, 0.1104842989352468, 0.10497732810848602, 0.11026252182985143, 0.09766074748608013, 0.11419824454263673], [0.12492424039038073, 0.10530770979524655, 0.11415505304430787, 0.11893329966794879, 0.11007755131953115, 0.10537892356018899, 0.10965094942553077, 0.09800924133237081, 0.11356303146449412], [0.12489243488414761, 0.10486630100269312, 0.11442685038442245, 0.11824713018767517, 0.1104328073010633, 0.10502240273404968, 0.11020828323939048, 0.09777422859184069, 0.11412956167471731], [0.1246161525299535, 0.10599156129500559, 0.11374948997971117, 0.11977631198968205, 0.10966488122350651, 0.10590138107404773, 0.10894882937929545, 0.09849973318129106, 0.11285165934750695], [0.125, 0.10535774185999122, 0.1140965844965797, 0.1190051681952959, 0.11001888722143692, 0.1053952152035718, 0.10958345456187218, 0.09805132694193747, 0.11349162151931481], [0.125, 0.10616422600734968, 0.11358792107484565, 0.12004482377901028, 0.10947256901527626, 0.10599923547109988, 0.10861620696962418, 0.0985802451741516, 0.11253477250864242], [0.125, 0.10578676152548583, 0.1138069486541037, 0.11957061171077846, 0.10968178598557088, 0.10570154160271475, 0.10910193078919242, 0.09835064848106057, 0.1129997712510934], [0.12485530736289514, 0.10619011074009248, 0.11355613023667113, 0.12005903612089387, 0.109474555370445, 0.10598743891577567, 0.1086639421316718, 0.09864662897044442, 0.1125668501511105], [0.12487442019017352, 0.1053532630656571, 0.11406939911881768, 0.11892220864083007, 0.1100515888227515, 0.10532540019191579, 0.10968529285405236, 0.09813998005103157, 0.11357844706477045], [0.12470916163255967, 0.10578332776791428, 0.11383414701802218, 0.11950415470833801, 0.10975276065867821, 0.10565911090513541, 0.10923113346154616, 0.09842803341989514, 0.11309817042791093], [0.1246235083906952, 0.10616597724889673, 0.11357590586778513, 0.11999245740794748, 0.1095251563511709, 0.10594492223073494, 0.10880033410044042, 0.09868939068050202, 0.1126823477218274], [0.12482081955347302, 0.1055344154121481, 0.11394276499919245, 0.11914975602921081, 0.10991982158973387, 0.10542840245725636, 0.10951528997839695, 0.09829601424438272, 0.11339271573620568], [0.12500000000000003, 0.1054296100431988, 0.11396995243195465, 0.11902162387991444, 0.1099600052934706, 0.10533759963894607, 0.10958958335891783, 0.09821707994333952, 0.11347454541025824], [0.12483219984357094, 0.10555877724657166, 0.1139130588851241, 0.11917252854705301, 0.10989762718846852, 0.10542898673630671, 0.10949731251506707, 0.09832888601560713, 0.11337062302223089], [0.12458628758844104, 0.10634410234735939, 0.113426962581747, 0.12020783992521286, 0.10940164902685538, 0.10601398841370467, 0.10864263223865954, 0.09886710027367587, 0.11250943760434425], [0.12469585122450674, 0.1054101123953259, 0.11401071877909044, 0.11889248935500567, 0.11005323987429483, 0.10530166683984471, 0.10974120139307324, 0.09828490533410109, 0.11360981480475756], [0.1244053738520699, 0.10593777090841207, 0.11371906357243762, 0.11960614686271548, 0.10969985982051546, 0.10567826228849082, 0.10922377483774427, 0.09867021090296602, 0.11305953695464835], [0.12427755614542195, 0.11186453012216636, 0.11563821704000798, 0.11351937801764252, 0.11022370719635304, 0.11357994128155185, 0.10211389778390077, 0.10341610741916457, 0.10536666499379091], [0.1242857092360086, 0.11194416392558874, 0.11560246107456919, 0.11350772892499106, 0.11019038132821442, 0.11362091289813808, 0.1020519444956581, 0.10349602601188967, 0.10530067210494215], [0.1242622035958015, 0.11132049596224347, 0.11563685231831139, 0.11402390463819947, 0.11025453036913066, 0.11305679967400727, 0.1026219277939726, 0.102878918494263, 0.1059443671540708], [0.12390119973332701, 0.11090952738771308, 0.11569998452112217, 0.11435392492941267, 0.11036289816471612, 0.1127147210228074, 0.10309797569035158, 0.10250171698245247, 0.10645805156809765], [0.12433080610027931, 0.11242144743228728, 0.11527642167838563, 0.11364412742397571, 0.1099015464866813, 0.11373957928905412, 0.10173089838825265, 0.10398065448601942, 0.10497451871506454], [0.12408133351576646, 0.1131280022955751, 0.11510864063726459, 0.11329191291280043, 0.10976510981339485, 0.11423263520199764, 0.10125064588849049, 0.1047153608049826, 0.10442635892972772], [0.12474436428944753, 0.11174411410348098, 0.11527819377974832, 0.1141634674088802, 0.10990645683104497, 0.1131314492572877, 0.10221065932258733, 0.10327974672344702, 0.10554154828407593], [0.12482426716487809, 0.11179573237160431, 0.11520849359023493, 0.11422122065225314, 0.10984207166516026, 0.1131152597317897, 0.1021638996034875, 0.10332920956970104, 0.10549984565089104], [0.12423393351120003, 0.11091347591152491, 0.11529899776779726, 0.11497551140963558, 0.11002215076271181, 0.11237519141510638, 0.10312276132787623, 0.10251249073421898, 0.10654548715992884], [0.125, 0.11193664259114715, 0.11506925598979771, 0.11429509300157381, 0.10971069552495924, 0.11311812743605934, 0.10203230916005977, 0.10346453292874377, 0.10537334336765922], [0.12441591822679636, 0.11105326081528154, 0.11516093683886607, 0.1150652186972946, 0.10988742620691036, 0.1123822342683511, 0.10298038197408586, 0.10264616765109245, 0.10640845532132168], [0.1245058473475866, 0.11132625679715137, 0.11511410464685458, 0.11490779816090788, 0.10982037220298217, 0.11258014329546118, 0.10271704061198998, 0.10290630605089957, 0.10612213088616682], [0.12448222596273757, 0.11158419041194043, 0.11505467490022833, 0.11480955813786746, 0.10975496270831665, 0.11274752427117099, 0.10250961924976745, 0.10316329911276248, 0.10589394524520863], [0.12450899930092515, 0.11369062255507839, 0.11453306996562854, 0.11364813205568955, 0.10925650430988143, 0.11414920285641567, 0.10086849416363138, 0.105279807575784