[[0.1150908385149277, 0.11836998986993089, 0.1062783641305843, 0.10644117212938557, 0.12256812909217125, 0.12471556492960092, 0.10026375660350074, 0.10415175445693302, 0.10212043027296544], [0.11569617698187569, 0.11897053126821887, 0.10608374448164809, 0.10636981474768553, 0.12291491996952883, 0.12487551832999405, 0.0997341685517948, 0.10363422665350305, 0.1017208990157511], [0.1151110449544383, 0.11824706351855276, 0.10625568441245892, 0.10645284788214637, 0.12239223042387185, 0.12484179043807768, 0.10035809005773126, 0.10411946550229152, 0.10222178281043136], [0.11522882507174227, 0.11837609277691451, 0.10621908940518578, 0.10643756432765963, 0.12251844803683247, 0.12481066729692204, 0.10024927900582062, 0.10402172006726151, 0.10213831401166115], [0.11576068197231072, 0.11893256609211206, 0.10605292722873497, 0.10637108600037289, 0.1228076104858902, 0.12500000000000003, 0.09975079286984642, 0.10357167439731708, 0.10175266095341584], [0.1156799653511911, 0.11876969183812755, 0.10611761690368302, 0.10643028667337776, 0.12271359756149235, 0.1246986937041852, 0.09995701780846941, 0.10369848899761694, 0.10193464116185666], [0.11518591604739094, 0.1182483429517907, 0.10620450040091288, 0.10643468783903791, 0.12236626457752407, 0.125, 0.10032586426352832, 0.10402374713586571, 0.10221067678394949], [0.11529699923318815, 0.11823263945775825, 0.10620507148935412, 0.10647762785471254, 0.12228925390949713, 0.1248175379547009, 0.10039751762910917, 0.10398367021247346, 0.10229968225920627], [0.11498909087199752, 0.117797999763833, 0.10628993884037152, 0.10653073789513236, 0.12180460676295767, 0.125, 0.10076284522383064, 0.10422394091571624, 0.10260083972616109], [0.11557958152575601, 0.11836148907358669, 0.1060975500882021, 0.1064558820036039, 0.1222908320857887, 0.125, 0.10025931451917536, 0.1037302613137406, 0.10222508939014667], [0.11606937207994064, 0.118754802968013, 0.10602342776388067, 0.10647859892448186, 0.12275899649265958, 0.12446572662509374, 0.09998383624988573, 0.10342779898889763, 0.10203743990714716], [0.11506950600559943, 0.11778258391942806, 0.10628935102733915, 0.10656274009547548, 0.12175454261994863, 0.12485561262196018, 0.10082068740450056, 0.1041931391038808, 0.10267183720186776], [0.11595943748447017, 0.11859497709419313, 0.10608181308695162, 0.10652427429894357, 0.12248373866997284, 0.12442233400855943, 0.10017542767358853, 0.10355583858087056, 0.10220215910245017], [0.115825465426105, 0.11837757627519302, 0.10610373671683426, 0.10654115318821587, 0.12216244894125378, 0.12462993449650016, 0.10035571062258251, 0.10364545462777182, 0.10235851970554356], [0.1163515729015194, 0.11876539539067076, 0.10578991322812294, 0.10635885168243878, 0.12315610489797398, 0.12499999999999997, 0.0997161683445678, 0.10300831465055274, 0.10185367890415345], [0.11554674476187612, 0.11811721624398971, 0.10618490303068484, 0.10657016300249046, 0.1219948512116983, 0.12458291895323031, 0.10059525992146154, 0.10386719973135428, 0.10254074314321465], [0.11628499626465158, 0.1186739676703173, 0.10585932227998611, 0.10641669563355002, 0.12296623335747277, 0.12478246206257847, 0.09988442172626105, 0.10313193730837056, 0.10199996369681212], [0.11614171283960108, 0.11853853756776021, 0.10599531303182169, 0.10651755824461377, 0.12263505998968241, 0.12439731441960862, 0.10016476949276283, 0.10337476097241544, 0.10223497344173395], [0.11505030814560609, 0.11755042320445336, 0.10628049213081278, 0.10659820353207534, 0.121436005107543, 0.125, 0.10102109516695157, 0.10419179677374002, 0.10287167593881782], [0.11605259204596874, 0.1184200847859429, 0.10600794559675333, 0.10652279904873296, 0.12244147735061772, 0.12454525150631207, 0.10026210981716917, 0.10343076490983003, 0.10231697493867309], [0.11567415295096346, 0.11808187242677104, 0.1061673384965963, 0.10660551757933874, 0.12186989313938336, 0.12451672132011149, 0.10065928445102318, 0.10379694293042707, 0.10262827670538534], [0.11600997947987093, 0.11834718739090774, 0.10600482312881977, 0.10652039484291154, 0.12233930776620144, 0.12466349551292139, 0.10030989135523728, 0.103445785875978, 0.1023591346471519], [0.11502618570160238, 0.11748139237109671, 0.10631693944374605, 0.10663662729194973, 0.12133996482357412, 0.12485917616050121, 0.10112502863006276, 0.10424939140707795, 0.10296529417038912], [0.11588022170402668, 0.11818802949942438, 0.10602999316730019, 0.1065316645637867, 0.12207221981437406, 0.12484578192496305, 0.10044626095369877, 0.10353405041715395, 0.10247177795527225], [0.11572790535356059, 0.11804600143410912, 0.1061546055257896, 0.10661987376350125, 0.12178874912845952, 0.12452740620945342, 0.10069734593429289, 0.10376074631518536, 0.10267736633564824], [0.1154018965073123, 0.11772684551853267, 0.10620252300363045, 0.10661692985114392, 0.12154428779319841, 0.12478972278714297, 0.10092147329990123, 0.10395362556310032, 0.10284269567603777], [0.11519604804690098, 0.11753953469634214, 0.10627931342124168, 0.10665225959394951, 0.1213656969085512, 0.12474414117625819, 0.1011066763195881, 0.1041348098344688, 0.10298152000269939], [0.11627634156235916, 0.11837380673772721, 0.10589448686642325, 0.10650252636895201, 0.12262813521662028, 0.12459788839218021, 0.10021001996913866, 0.10319716591447162, 0.1023196289721278], [0.11593546360194612, 0.11811590382504436, 0.10597282896067187, 0.10651372273466814, 0.12207532079356148, 0.125, 0.10045107936673467, 0.10343970035747552, 0.10249598035989783], [0.1153582012171155, 0.11763393968199702, 0.1062112117645147, 0.10662931175410972, 0.12143606834522859, 0.12483237700544919, 0.1010014932736275, 0.10398269564310553, 0.10291470131485247], [0.11560183806243872, 0.11783395248988048, 0.10618009909625414, 0.10664371118696371, 0.12158512537813725, 0.12459306697457759, 0.10087939933369622, 0.10384660557620412, 0.10283620190184796], [0.11578837755768634, 0.11797436421081807, 0.10611795961960722, 0.10662264738905941, 0.12175172133214247, 0.12458362804885234, 0.10073672087608962, 0.10369112214742189, 0.10273345881832266], [0.11590395232258269, 0.11803818223839255, 0.10601464152754357, 0.10655632864401746, 0.1219531451962395, 0.1248462300714393, 0.10057264055359832, 0.10350916778497238, 0.10260571166121445], [0.11501458639004428, 0.11727901737043349, 0.1062420560929238, 0.10661212134345405, 0.12141865127902253, 0.12500000000000003, 0.10121231884552864, 0.10415537813809891, 0.10306587054049442], [0.1154176199374504, 0.1175926227150899, 0.10613539353623473, 0.10659224415942345, 0.12153996135366837, 0.125, 0.10096227176493305, 0.10386053346717251, 0.10289935306602763], [0.11505633907548429, 0.11727360274457245, 0.10622759342839914, 0.10661584883532264, 0.12149003734480271, 0.1249133036217259, 0.10121985202230083, 0.10412031970063161, 0.10308310322676043], [0.11609699902869326, 0.11803219389117132, 0.10595115064692089, 0.10656420778656302, 0.12211533528452403, 0.12470508938538714, 0.10055409835871403, 0.10335206817617003, 0.10262885744185626], [0.11586989517130669, 0.11788076262254361, 0.10605840022220263, 0.10661663652797018, 0.12184502512394774, 0.12458308292279337, 0.10077078186919636, 0.1035833934824504, 0.10279202205758901], [0.11551358648777937, 0.11761053525422616, 0.10611787642701394, 0.10660624060794016, 0.12163671429700779, 0.12483034077633882, 0.10096409426789471, 0.10380076150069407, 0.10291985038110497], [0.11653084546586345, 0.11826021281702917, 0.1057164721527377, 0.1064446114287544, 0.12276475041908202, 0.125, 0.10011710198239508, 0.10286823182537791, 0.10229777390876024], [0.11599012044567755, 0.1179196585560308, 0.10599417284005354, 0.1065910632763746, 0.12195258913559218, 0.1246780389894301, 0.100685400237923, 0.10345213372174358, 0.10273682279717467], [0.11632478487950701, 0.11808397981178365, 0.10579940347652496, 0.1064905791422112, 0.12239821408969961, 0.125, 0.10035174216267666, 0.10306304891267372, 0.1024882475249232], [0.11615670197673093, 0.11798271662785896, 0.10594464380527932, 0.10658787689581505, 0.12210571458179964, 0.12459357981745091, 0.10061051099026139, 0.1033219737353995, 0.10269628156940426], [0.11538259218929393, 0.11738912054810198, 0.106123789264968, 0.10661475348783978, 0.1217640263011147, 0.12468111069398008, 0.10112498895488738, 0.10385917471463717, 0.10306044384517697], [0.11601026846118406, 0.11769690317574964, 0.1059442780870051, 0.10660043029510514, 0.12222691640771602, 0.12441425162198935, 0.10082940623845155, 0.10338195583327453, 0.10289558987952462], [0.11504796779005891, 0.1169975971224227, 0.10614454631709497, 0.10660348312746629, 0.12186512540994515, 0.12470864772269956, 0.10137053468687246, 0.10401154542658865, 0.10325055239685116], [0.11677952421210931, 0.11800822254949223, 0.1056568905019313, 0.10651668525364645, 0.12261334592845304, 0.12485979389873603, 0.10031554456841245, 0.10270266758496344, 0.10254732550225597], [0.11684561350930847, 0.11803130610474073, 0.10565276805379988, 0.10652775606853761, 0.12266930711128533, 0.12476012449169108, 0.10029992856517525, 0.10267119065169063, 0.10254200544377104], [0.11516257719737491, 0.11705278027109908, 0.10604718069842398, 0.10654580026533747, 0.12195870749752144, 0.12499999999999997, 0.10123790555514962, 0.10384046307507894, 0.1031545854400144], [0.1165858761231361, 0.11792467375154123, 0.10573400977964825, 0.1065453540543005, 0.12245226797490166, 0.12474652197441605, 0.100470038289887, 0.10288104652187541, 0.10266021153029377], [0.11623858399253247, 0.11774535017860405, 0.10584503557526988, 0.10657488120080832, 0.1224291809437338, 0.12446060769097896, 0.10071177737625668, 0.10316345255183605, 0.10283113048997962], [0.1167191879067326, 0.11793325073201197, 0.10565331975586317, 0.10651099031814719, 0.12249885136942369, 0.125, 0.10036845510696635, 0.10272304918090726, 0.10259289562994778], [0.11564471168977351, 0.11737373692460669, 0.10601831747705706, 0.10661536246273037, 0.12211935766369099, 0.1244005561643022, 0.10110492367486605, 0.10362005051596763, 0.1031029834270055], [0.11526326349536332, 0.11709155448694665, 0.10603521935368758, 0.10656207387021704, 0.12204445874227797, 0.1248176288468112, 0.10123200434594821, 0.10378644058640779, 0.1031673562723401], [0.11617763367914431, 0.11759035490648022, 0.1058212051714558, 0.10656749851910755, 0.1225471847310181, 0.12441489009129678, 0.10080408416747388, 0.10315674282277439, 0.10292040591124917], [0.11626732088715987, 0.11761520203049348, 0.10580764056364714, 0.10657849627694464, 0.12261560561157646, 0.1243034678737461, 0.10078763700949712, 0.10310445364432277, 0.10292017610261243], [0.11654704720269939, 0.1176921080589742, 0.10568752751263114, 0.10654079825790011, 0.12273893235745646, 0.12454040756770134, 0.1006092699742072, 0.1028385135795452, 0.10280539548888501], [0.11604937941996855, 0.11745422636156881, 0.10579111085823441, 0.10652904313381314, 0.12254562152302238, 0.12466556063532719, 0.10084753412150142, 0.10316658757278142, 0.10295093637378261], [0.11669288693657208, 0.1177339857668649, 0.10562818836184672, 0.10652237797148224, 0.1227432558698103, 0.12472288521917199, 0.10051218900364693, 0.10270386166630846, 0.10274036920429636], [0.11593121771966344, 0.11736467474367951, 0.105790073374566, 0.10650945937942738, 0.12248337135560187, 0.12484257287436429, 0.10089114251640129, 0.10321033172207746, 0.10297715631421869], [0.11538874459969356, 0.1170229519855955, 0.10592873720589316, 0.10652761209639887, 0.12229993709241595, 0.12484694622361528, 0.10120539383696558, 0.10359736044923987, 0.10318231651018223], [0.11657926873570948, 0.11765237367608516, 0.10566110777150024, 0.10653532619782699, 0.12280811030521165, 0.12453697333886518, 0.10061429932479307, 0.10279179157076364, 0.1028207490792446], [0.11583324337481973, 0.11728918063948117, 0.10582091686233751, 0.10652168424693992, 0.12241403321518014, 0.12482028066890165, 0.10097340734096337, 0.1032880276012653, 0.10303922605011102], [0.11579120729634917, 0.1172435358748885, 0.10583321513276053, 0.10652903135839113, 0.12243733833488248, 0.1247491237012582, 0.10101954641572787, 0.10331995304231065, 0.10307704884343169], [0.11571208414569628, 0.11719407004131968, 0.10587769734444914, 0.10655353928537777, 0.12243535567516589, 0.12457856850277045, 0.1011015722459058, 0.10340822374054714, 0.10313888901876787], [0.11549885368893054, 0.11703291663682841, 0.10587931218176573, 0.10651946016705058, 0.12240483404247003, 0.12482454823340597, 0.10117279260092434, 0.10349024683796744, 0.10317703561065696], [0.1161887843506918, 0.11739709432693785, 0.10572833849291889, 0.10653020229469984, 0.12278113913609598, 0.12450001888423012, 0.10085293177660151, 0.10303064473888697, 0.10299084599893724], [0.11590159434160505, 0.11724330594093282, 0.10573513192598394, 0.10647779215742084, 0.12256797282551969, 0.12499999999999997, 0.1009161107712199, 0.10314885676617648, 0.10300923527114114], [0.11540771274862957, 0.11693453495968735, 0.1058534619518574, 0.10648789953481365, 0.12244698569072228, 0.125, 0.10119216917349755, 0.10348979933342829, 0.10318743660736396], [0.11635289201273712, 0.1174371027191901, 0.10570841577645686, 0.10655526286031432, 0.12291419622520243, 0.12425884242678813, 0.100832395248444, 0.1029416919314378, 0.10299920079942924], [0.1159820673325887, 0.11724777315215759, 0.10571732821189744, 0.10648716386707588, 0.12267718266559471, 0.1248581813310582, 0.10091316951241305, 0.10309464237238315, 0.1030224915548313], [0.11585964796375682, 0.11713639637782283, 0.10574483639037521, 0.10649708366528667, 0.12264329035225269, 0.12481922951137633, 0.10101821639640153, 0.10317656288313891, 0.10310473645958883], [0.11573921981130647, 0.11704631272825594, 0.10580284045444467, 0.10652980753545818, 0.12266909863238296, 0.12456579977827606, 0.1011457089500278, 0.1032975525874955, 0.10320365952235241], [0.11603537661127489, 0.117089473568424, 0.1056682637080073, 0.10649662029352741, 0.12291088819147881, 0.12464167362578311, 0.10100990780378569, 0.10300796182015953, 0.10313983437755922], [0.11548583896134547, 0.11675917308957634, 0.10577531179134127, 0.10648687977317753, 0.12279901792397246, 0.12474604737650574, 0.10128436843116634, 0.10335300301817829, 0.1033103596347366], [0.1155841170157122, 0.11672197773231033, 0.1056695048829969, 0.10643460923743225, 0.12293818795722275, 0.125, 0.10120673051828544, 0.10317557739526946, 0.10326929526077068], [0.11674205158593269, 0.11712888209839531, 0.10533046795464229, 0.10640037732521906, 0.12352442974777787, 0.125, 0.1006391431849455, 0.10229478126282608, 0.10293986684026123], [0.11567289511823514, 0.11674427914525777, 0.10566065358635414, 0.10645134388119723, 0.12300505784886256, 0.12484456345232829, 0.10120615152464939, 0.10313022338720652, 0.10328483205590899], [0.11669806570827354, 0.11698171260657461, 0.10531714853152564, 0.10640918260248938, 0.12371720253395264, 0.12478200292758941, 0.10075116926774938, 0.10229215277224074, 0.10305136304960465], [0.11556235991676907, 0.11657943834347456, 0.1056511574732744, 0.10644536108917674, 0.12314244381384357, 0.12477607422575004, 0.10131116695262884, 0.10315539467753608, 0.10337660350754668], [0.11634903646904775, 0.11685728359026082, 0.10536662517785715, 0.10637733826046548, 0.12358253146699857, 0.125, 0.10086969917779773, 0.10248822405233833, 0.10310926180523415], [0.11603827677123126, 0.11675051688217424, 0.10547781298343238, 0.10640533661689687, 0.1232972932811974, 0.12499999999999997, 0.10105413946278295, 0.10275033044373785, 0.10322629355854693], [0.11632808041333491, 0.11681015419903718, 0.10537190135880135, 0.1063868014640299, 0.12361040947069592, 0.12491840887134743, 0.10091783579374149, 0.10250201229342527, 0.10315439613558655], [0.11559650695142376, 0.11650982996548455, 0.10562266234262642, 0.10644847306568778, 0.12328383338623307, 0.1246558678957591, 0.10135119599237483, 0.10310231406407672, 0.10342931633633377], [0.11590701345021343, 0.11648543534569065, 0.10541338316148369, 0.10636882431517375, 0.12359894337939686, 0.125, 0.10117472573193213, 0.10270807212985521, 0.10334360248625427], [0.11600318998520566, 0.11649516789606634, 0.10540510527461586, 0.106390178200334, 0.12365885086343212, 0.12483528363096931, 0.10118281527670454, 0.10266035930904205, 0.10336904956362993], [0.11569682398613698, 0.11635478129635148, 0.10545419169166993, 0.10636877897471828, 0.12357294019160509, 0.125, 0.10129272710201133, 0.10283740271427318, 0.1034223540432337], [0.11456608065763357, 0.10209326366870183, 0.11553288899387133, 0.12372834407689169, 0.09934589627278861, 0.0908524917671878, 0.12486753083314947, 0.11084641209732066, 0.11816709163245499], [0.11537826733426679, 0.10271728574538416, 0.11542591726844796, 0.12287622710240885, 0.1001082653056594, 0.09132020982819061, 0.12437320031460174, 0.1100763620461534, 0.11772426505488708], [0.11501100039701306, 0.10236341277906064, 0.11541286111961424, 0.12345589986076592, 0.09969829394478537, 0.09102742133713114, 0.12461451563371607, 0.11041084332139078, 0.11800575160652264], [0.11461017093725132, 0.10205581316077367, 0.11546480969267066, 0.12364922830654432, 0.09936568503865979, 0.09086789314079556, 0.12494339193569635, 0.1107907700573764, 0.11825223773023182], [0.11465681718020676, 0.10203492728361008, 0.11541110377308349, 0.12359743595420315, 0.09938660142945802, 0.09087606861222272, 0.125, 0.11073193065063404, 0.11830511511658176], [0.11459911729424205, 0.10202832290613208, 0.11541816344575681, 0.12353681554531905, 0.0994294690903109, 0.09102033691261337, 0.12463566480206288, 0.11087817915050203, 0.118453930853061], [0.11532134999794438, 0.10231277284041586, 0.11516160708855622, 0.12307395403513165, 0.09986187232797852, 0.09108440278925142, 0.125, 0.11002271962405047, 0.11816132129667148], [0.11576763448124949, 0.1027351418983932, 0.11512294058909915, 0.12266658778032102, 0.10038296967255406, 0.09151074445547369, 0.12415066969706337, 0.10972859413654999, 0.11793471728929603], [0.1149083865878895, 0.10192283872665898, 0.1150991184990464, 0.12320662142049936, 0.09956721128871637, 0.09105928110692606, 0.12500000000000003, 0.1104899696460944, 0.11874657272416905], [0.11522341892191151, 0.10196805933907944, 0.11491318356795899, 0.1230823447861787, 0.0997438310435759, 0.0911120491729398, 0.125, 0.11015300694469268, 0.11880410622366297], [0.11529971863711658, 0.10194804996440854, 0.11482858620066318, 0.12296596135750376, 0.09982278084461672, 0.09121305094399437, 0.1248357397463241, 0.1101125307530727, 0.11897358155230006], [0.11454585876397301, 0.10185903117213527, 0.1153735438278304, 0.12292687424400933, 0.09963781379787756, 0.09150979340510504, 0.12361025727126625, 0.11098546563158218, 0.11955136188622095], [0.11589107604040803, 0.1022579181698136, 0.11464408067132398, 0.12252836650527796, 0.1002438298833117, 0.09140489410741952, 0.12471688777044258, 0.10951422687120245, 0.11879871998080019], [0.11653052563684345, 0.10276318976132186, 0.11439075607687367, 0.12210193771501429, 0.10080162058947967, 0.09171909264245215, 0.12432639312881716, 0.10899576887824246, 0.11837071557095528], [0.11610548763777809, 0.10228860030172689, 0.1144707604920335, 0.12226403604645952, 0.10035205125533318, 0.0914310614832953, 0.125, 0.10923561674578706, 0.11885238603758642], [0.11526189058659105, 0.10188081465611071, 0.11474357705554014, 0.122756573074622, 0.09989941653081494, 0.09142520526637088, 0.12448747849818759, 0.11022846586945394, 0.1193165784623088], [0.11476492908831823, 0.10182683999964912, 0.11513198690731775, 0.1226697327670707, 0.0997968594160836, 0.09164075109148559, 0.12360120378486, 0.11076445701411419, 0.11980323993110081], [0.11534618274349348, 0.10188574701772389, 0.11468743972675818, 0.12269324199138182, 0.09995477370785563, 0.09146011770523862, 0.12444940201678713, 0.11015073787201245, 0.1193723572187488], [0.1162030733577936, 0.1022436254213514, 0.11433526608284418, 0.12219569247525115, 0.1004249998549381, 0.09153425479476472, 0.12473609954386806, 0.10919284405912835, 0.11913414441006043], [0.11643848945729458, 0.10244617244504173, 0.11428538854811915, 0.12193182774343801, 0.10063671187878911, 0.09166645530366174, 0.12464835681483173, 0.10896986659874953, 0.11897673121007453], [0.11481118246569146, 0.10169492290631146, 0.11501017994286648, 0.12250088212755073, 0.09981295018431545, 0.09166015357332402, 0.12381650398734044, 0.11060702629155099, 0.12008619852104885], [0.1152973032659084, 0.10183007928125247, 0.11455950568001315, 0.12239186531789845, 0.10009184780590731, 0.09177501388893097, 0.12387327864886728, 0.11026316295587127, 0.1199179431553507], [0.11619491327906076, 0.10202158480435997, 0.1141185876866788, 0.12212390609931759, 0.10035106465773351, 0.09150088281873839, 0.125, 0.10915161710456202, 0.11953744354954897], [0.11609601910617555, 0.10199208972367677, 0.11415748352212648, 0.12220039916024343, 0.1003264462686886, 0.09154606339745935, 0.12476274723082285, 0.10930237167549567, 0.11961637991531125], [0.11552195563943077, 0.10184649561056139, 0.11444185361767305, 0.1223427919574861, 0.10019240844294237, 0.09178225796301392, 0.12399089679636076, 0.11004565627545562, 0.11983568369707613], [0.11675601292961547, 0.102497833416276, 0.1140281748240596, 0.12162493781866017, 0.10086442009054636, 0.09185563990069726, 0.12442510324840336, 0.10871123680851105, 0.11923664096323072], [0.11476516959543158, 0.10158105507570343, 0.11499340594455845, 0.12238839146378352, 0.09979765207290069, 0.0916842193174947, 0.1239106948902458, 0.11054237505877147, 0.12033703658111047], [0.11585431185330128, 0.10188691894703479, 0.11423730688382354, 0.12224274174626293, 0.10026712857500365, 0.09166107164263049, 0.12439120805719635, 0.10962369593641728, 0.11983561635832966], [0.11706211122894027, 0.1025568585770429, 0.11375417699826361, 0.12144229350402065, 0.10098736807462828, 0.091793828591327, 0.12499999999999999, 0.1083798711830245, 0.11902349184275268], [0.11663279327409774, 0.1022940869586862, 0.11397001296054257, 0.1217595096570347, 0.10072378360238467, 0.09177990319566438, 0.12449874992734976, 0.10880370864501478, 0.11953745177922519], [0.11616516886814013, 0.10197552224710943, 0.11405339971960991, 0.12208946870311065, 0.10039407279559648, 0.09163595610053929, 0.1246234291238109, 0.10925640888058173, 0.11980657356150134], [0.1149355776039422, 0.10156530529168016, 0.11479286993620057, 0.12223822073339712, 0.09988216483652633, 0.09171421793017823, 0.12408463303523164, 0.11037353274271015, 0.12041347789013361], [0.11595189527774759, 0.10187689198438883, 0.11413260543331764, 0.12214670020673538, 0.10030529003447711, 0.09166459736141962, 0.1245092069469698, 0.10949539534671733, 0.11991741740822673], [0.11711894945270025, 0.1025468129028609, 0.11370241380124128, 0.12135632773499704, 0.10103238033047665, 0.09185474551879441, 0.12488590552574141, 0.1083442798034183, 0.11915818492976973], [0.11643168178384057, 0.10201886012058274, 0.11388819770345687, 0.12185745922425156, 0.10049611913279226, 0.09160817027443878, 0.125, 0.10890544338509936, 0.11979406837553784], [0.11502165630990638, 0.10153418320288113, 0.11467698541629734, 0.12212743690569612, 0.09992875339294358, 0.09173959700833202, 0.12419681032795529, 0.11026591098205119, 0.12050866645393694], [0.1151038386720713, 0.10150065029014216, 0.11456373362373745, 0.12201625699046074, 0.09997384849076187, 0.09176537189865416, 0.12430871817187412, 0.11015939230979581, 0.12060818955250246], [0.11622041437309318, 0.10184853745457649, 0.11383989714709464, 0.12186563806059471, 0.1004173533825977, 0.0916883002831119, 0.12481878972312199, 0.1091477484918014, 0.12015332108400799], [0.11667190973579125, 0.1020833885786643, 0.11371877043404399, 0.1216269541762249, 0.10068282482122325, 0.09176780668960817, 0.1247584251909068, 0.10870578748376888, 0.11998413288976846], [0.1175053818637449, 0.10259579962770346, 0.11335728781574995, 0.1210745495841369, 0.10126062087990746, 0.09197153129669731, 0.125, 0.10799618805767242, 0.11923864087438758], [0.11533449515024888, 0.10153160529747529, 0.11433090476492663, 0.12184572776727672, 0.10010524239033351, 0.09182773620415549, 0.12442965230996832, 0.10998092312219054, 0.12061371299342476], [0.11635384701430056, 0.1018497609293378, 0.11372467834144466, 0.12175458259538192, 0.10046402153220739, 0.09167664619661951, 0.12499999999999999, 0.10897359113469106, 0.12020287225601699], [0.11736439964579465, 0.10253616867052713, 0.1134793558784507, 0.1210507783563318, 0.10121785560237045, 0.09206333449000854, 0.12455667467744547, 0.10816820367313607, 0.11956322900593518], [0.11788605250840495, 0.10291610359625222, 0.11315166678254436, 0.12093682191191711, 0.10164698703193867, 0.09223746459651702, 0.12430415825926452, 0.10779084388137271, 0.11912990143178843], [0.11652743171633467, 0.10195507185552022, 0.11368839931264348, 0.12166925396387722, 0.10059735508642087, 0.09176596314535812, 0.12475484506343593, 0.10884518566882828, 0.12019649418758134], [0.11576812003520265, 0.10172903277658396, 0.11399107169316833, 0.12180211628823666, 0.10037573770878845, 0.09197404450951638, 0.12418938305568034, 0.10968643668963318, 0.12048405724319006], [0.11794092426033949, 0.10281266609808747, 0.11306875926231859, 0.12082189301233195, 0.10163303968655889, 0.09225125386845853, 0.12445812188598247, 0.10772194993530919, 0.11929139199061328], [0.11776066601652603, 0.10264245891305808, 0.11315741882727642, 0.12085489955177658, 0.10145290140962747, 0.09214754302235403, 0.12474995809270603, 0.10782014676416406, 0.11941400740251114], [0.11504254341748538, 0.10128866153061589, 0.11446058396197496, 0.1219544296406749, 0.09995439672323103, 0.09180331086823453, 0.12444158780244952, 0.109990174012776, 0.1210643120425578], [0.1154032373490131, 0.10142931060189436, 0.11415942999491875, 0.1216341007182668, 0.10013326713779738, 0.09185256677141733, 0.12469031484221502, 0.10978561153475913, 0.12091216104971814], [0.11755013398423125, 0.10251036719596894, 0.11328918555769231, 0.12080113992917564, 0.10134863135033208, 0.09221619464929731, 0.12438606530593875, 0.1080124847943332, 0.11988579723303053], [0.11665188121112746, 0.10185389767208075, 0.11344281575895016, 0.12142258613150839, 0.10064709241470347, 0.091815496106513, 0.125, 0.10865131155444506, 0.1205149191506717], [0.11564474497163185, 0.10151396872678724, 0.1139204615487858, 0.12151751477146845, 0.10027639691741874, 0.09193276840827477, 0.12468345957764597, 0.10960114732076932, 0.12090953775721772], [0.11691133339803143, 0.10201802194316746, 0.11339324619808641, 0.12129228368723094, 0.10085054019561965, 0.09195757400691437, 0.12463230429172953, 0.10846791457745117, 0.12047678170176888], [0.11777513515929271, 0.10255982838651838, 0.11310883771804116, 0.12070521194447861, 0.10146800281612564, 0.09224621455675368, 0.12453039303827806, 0.10781188016421778, 0.11979449621629394], [0.11693256756245657, 0.10196459552011493, 0.11330259389602648, 0.12121185376139172, 0.10085842030055532, 0.09198261175090662, 0.12469463982984666, 0.10842342137184072, 0.12062929600686112], [0.1166730984513785, 0.10183976799779758, 0.11335211653470782, 0.12130945788895028, 0.10072248203403601, 0.09195784634400832, 0.12473220516066814, 0.1086649498985998, 0.12074807568985352], [0.11810000056407376, 0.10268935721526459, 0.11288527005182251, 0.1205436976926451, 0.10170622966860951, 0.09239806891314613, 0.12440955546222465, 0.10758412048113067, 0.1196836999510832], [0.11639673287761934, 0.1018182335498534, 0.11352232393435492, 0.12137941643985585, 0.10068899198658866, 0.09210107129876743, 0.12423562370436936, 0.1090257038224981, 0.12083190238609288], [0.11824336342773607, 0.10276753335380338, 0.112788487555014, 0.12048216748698845, 0.10181647426394229, 0.09245406332138967, 0.12427239189995853, 0.10748037771851499, 0.11969514097265264], [0.11559847575355156, 0.10137669236656045, 0.11385604309336828, 0.12132628885152585, 0.10023348958126485, 0.09191904980782356, 0.125, 0.10949063093342555, 0.12119932961247992], [0.11747129744694237, 0.10227883655535673, 0.11314345418970893, 0.12084838708027557, 0.10127131194904647, 0.09226212105271998, 0.12423512776312079, 0.10799850163792193, 0.12049096232490725], [0.1175986839455834, 0.102365967610176, 0.11311062022324579, 0.12074827994734828, 0.10137203064687597, 0.09232421612143937, 0.12418736568870102, 0.1078906872101093, 0.12040214860652074], [0.1175441646447747, 0.10232089661036699, 0.11311794636503915, 0.12078866556192876, 0.10132502233571683, 0.09229384649222194, 0.12422420711691913, 0.10793289531785755, 0.12045235555517506], [0.11654110012501649, 0.10179825804461652, 0.11334400361489863, 0.12119160588450884, 0.10077268557352463, 0.092166432687097, 0.12431145873995246, 0.10884277504652227, 0.12103168028386316], [0.11705916508825079, 0.10194222275325439, 0.11312642333846443, 0.1210134450418438, 0.10096700852837824, 0.09211707784550868, 0.1245626401397572, 0.10830027049144474, 0.12091174677309774], [0.11695110253358612, 0.10188403120728723, 0.11313149748307978, 0.12103597007748033, 0.10091663519518325, 0.09212066879512774, 0.12456334285689752, 0.10839731409172046, 0.12099943775963759], [0.11536832291370634, 0.10110418875103024, 0.11386204076580898, 0.12181129044283019, 0.1000589312676849, 0.09181279588518493, 0.125, 0.10940433175497048, 0.12157809821878394], [0.11757296092589595, 0.10204536939473169, 0.11278164212557458, 0.12056136602111983, 0.10127277946566238, 0.09230114076676707, 0.12460717142704282, 0.10777850716952, 0.12107906270368557], [0.11847009462721225, 0.10262834817649291, 0.1125168724128574, 0.12004900141453663, 0.10197030173163765, 0.09273266212829953, 0.12398640187454557, 0.10728886042041204, 0.12035745721400602], [0.11714679916524968, 0.10185797112983035, 0.11288234673653738, 0.12074705486138322, 0.10105917311240656, 0.09226756130145324, 0.12453369646248169, 0.1081722084975209, 0.12133318873313713], [0.11748714523806832, 0.10199543639650978, 0.11277589468042284, 0.120579720533801, 0.10124809442141487, 0.0923380576693985, 0.12446771634685896, 0.10787027783280156, 0.12123765688072417], [0.11560130979848339, 0.10112200423867271, 0.1135698247729582, 0.12190640400521716, 0.10021168367516947, 0.09193012191612292, 0.12470111356029706, 0.10914333631640526, 0.12181420171667384], [0.11817822367721659, 0.10233279738207093, 0.11252950784426266, 0.12009174715906072, 0.10169736068150448, 0.09256479259697652, 0.12443564560996383, 0.10732741765702676, 0.12084250739191733], [0.1182579505630354, 0.10234986824310083, 0.11246928535950312, 0.12001239860246313, 0.1017548155242273, 0.09261320430549735, 0.12439844786710051, 0.10727087753869977, 0.1208731519963726], [0.1179157768076268, 0.1020265494501143, 0.11245388437297747, 0.12018031452580423, 0.10143491078074375, 0.09237619110934656, 0.12500000000000003, 0.10735839826985726, 0.12125397468352976], [0.1170537540018965, 0.1016743003562634, 0.11268469266894192, 0.12054322883944034, 0.10099479400292145, 0.09226868885403178, 0.125, 0.10811800164569241, 0.12166253963081215], [0.11719323778999259, 0.1017447378958735, 0.11265672830512001, 0.12050748484036872, 0.1010853764995378, 0.0923219829652726, 0.12480838076403995, 0.10802489239284035, 0.12165717854695458], [0.11845336188625552, 0.1023399025314553, 0.11226725690033423, 0.11979082460616458, 0.10188588924013049, 0.09273917672879915, 0.12435634585742657, 0.10708860508593346, 0.12107863716350083], [0.11658272237002477, 0.10150208952799301, 0.1127883580360634, 0.1211252760478293, 0.1008346975960523, 0.09233144027500828, 0.12459705737206436, 0.10847660730657972, 0.12176175146838496], [0.11748373256800126, 0.10175395650017717, 0.11243298845196473, 0.12025982286186444, 0.1012172639850166, 0.09236654806739478, 0.12500000000000003, 0.10768818720301536, 0.12179750036256577], [0.11800447334929494, 0.10196853454751363, 0.11228223032736843, 0.12000993178864952, 0.10149900105559025, 0.09246286486079043, 0.125, 0.1072409317758615, 0.1215320322949313], [0.11867478480158211, 0.10235168341534416, 0.11205868633646025, 0.11954870345135488, 0.10204669445732119, 0.09289445511171784, 0.12425561217071367, 0.10690201076883168, 0.12126736948667409], [0.11678519888078846, 0.10145520486356438, 0.11254152330791882, 0.121067760231673, 0.10091053929523122, 0.0923457903831961, 0.12470555290994967, 0.1081837083689468, 0.12200472175873155], [0.11667659621910731, 0.1012816929429186, 0.11239393836284328, 0.12137363308473409, 0.10080447474714599, 0.09226068509007612, 0.125, 0.10809218896302049, 0.12211679059015414], [0.11627544603380777, 0.10113226141378746, 0.1126820380920519, 0.12194537635142241, 0.10061181406889878, 0.09220056862827164, 0.12444254916254023, 0.10834200433671795, 0.12236794191250185], [0.11928260760338547, 0.10236760656394304, 0.11152844300973713, 0.11906372879096089, 0.10230087440138541, 0.09292527444855359, 0.12499999999999999, 0.10632290302656638, 0.12120856215546796], [0.11681282037149875, 0.10131275803884605, 0.11229633613315475, 0.12129685893228205, 0.10089535859528387, 0.09232795587042414, 0.12484449003090911, 0.1079683537843735, 0.12224506824322778], [0.11824077090967286, 0.10187030195662938, 0.11187401840667272, 0.1195708127547507, 0.1016872186366685, 0.09269212877672163, 0.125, 0.10692721962432393, 0.12213752893456026], [0.11672614204297911, 0.10120393418085911, 0.11220729515184394, 0.12151938877652203, 0.10082911737533662, 0.09228481314699212, 0.125, 0.10792364100521261, 0.12230566832025443], [0.11906095080764895, 0.10228955973043027, 0.111612989228459, 0.11906675949511601, 0.10227632716048753, 0.09309403812013582, 0.12449372309579008, 0.10648591318417036, 0.12161973917776195], [0.11784899888160089, 0.1016510479481048, 0.11189576714391479, 0.11995861304779573, 0.10145372858635918, 0.09258474085065627, 0.125, 0.10716670498851004, 0.12244039855305831], [0.11740122638571557, 0.10151025774460845, 0.112015715449033, 0.1206606666507324, 0.10125034584231479, 0.09254164418386365, 0.12457028221303602, 0.10752495790952415, 0.12252490362117184], [0.1167661667291804, 0.10118039841288191, 0.11209757865640732, 0.12162414489584156, 0.10087702412503823, 0.0923451565545409, 0.12484268269425178, 0.10783036770954495, 0.12243648022231284], [0.11669906565542569, 0.10113358713633906, 0.11212431115684582, 0.1217546291938794, 0.10084048381763311, 0.09233014751084413, 0.1247522058132965, 0.10783957615214829, 0.12252599356358788], [0.11714771817415438, 0.10131750711389426, 0.11192980897052765, 0.12121872291763407, 0.10111705214754993, 0.09250106101892311, 0.12452248975143528, 0.1075636104981432, 0.12268202940773813], [0.11666247994861148, 0.10108158389576921, 0.11209658315907084, 0.12190338819240015, 0.1008304688009646, 0.09234144068536056, 0.12460227119234239, 0.10779749535597054, 0.12268428876951024], [0.1176179706179347, 0.10139757061607742, 0.11167946504282082, 0.12058250389420401, 0.10131190671973751, 0.09253249102181518, 0.12490886785229767, 0.10713378704756735, 0.12283543718754537], [0.1167368494673547, 0.10108049095289512, 0.11198464362825239, 0.12191867843255108, 0.100893587756993, 0.09240213165565096, 0.12451451551889509, 0.1076943320574528, 0.12277477052995497], [0.11875741188914188, 0.10199628231418666, 0.11147953267491768, 0.11906212820968952, 0.10210490170451021, 0.09308121786921762, 0.1246233319766757, 0.10647595092434586, 0.12241924243731488], [0.1176874089667121, 0.10138156845465382, 0.11160377721741074, 0.1205256127069876, 0.10133642327150984, 0.09253418124866505, 0.125, 0.10703338815160483, 0.12289763998245601], [0.11912125060596947, 0.10207438637125629, 0.1112841789693395, 0.11879111701236796, 0.10227345779707754, 0.09312290945544398, 0.125, 0.10619065712921251, 0.12214204265933278], [0.11842381867639146, 0.10169814911012066, 0.11141739607465947, 0.11955710742749087, 0.1018010475848267, 0.0928223409029573, 0.12500000000000003, 0.10654511359934117, 0.12273502662421246], [0.11908700392744843, 0.10202379711561298, 0.11123026188907134, 0.11875110386333665, 0.10226872092855029, 0.0931526125396641, 0.125, 0.10615578309577389, 0.1223307166405423], [0.11749342149471413, 0.10122324032158539, 0.11147015208547509, 0.12100396286580281, 0.10125691261273029, 0.09253965795931321, 0.12484823676273818, 0.10703290568005412, 0.12313151021758681], [0.11826477799023823, 0.10158914192009255, 0.11135179392374799, 0.11994319644513211, 0.10173949815921808, 0.0928364042387249, 0.12464795952704444, 0.10660052731222698, 0.12302670048357488], [0.11894018968871282, 0.10193513007271232, 0.11121658589278273, 0.11903043033063554, 0.10220270207123229, 0.09315280477937879, 0.12471133647161899, 0.10620205616812113, 0.12260876452480526], [0.11773500505870489, 0.10124933469586195, 0.11130248215655297, 0.12073798284696703, 0.10137798429659267, 0.09259398783962396, 0.1249355090404604, 0.10678699752366208, 0.12328071654157403], [0.11757052432315403, 0.10116920635565264, 0.11131623446146076, 0.12097551472962155, 0.10128072279904797, 0.0925391493742773, 0.12500000000000003, 0.1068678551009949, 0.12328079285579092], [0.11774006830254415, 0.10121546114078853, 0.11124453448065846, 0.12076354384887288, 0.10137319479480839, 0.09258674993302113, 0.12500000000000003, 0.1067341644792012, 0.12334228302010539], [0.11915961397439229, 0.10196060888063774, 0.11102015570250161, 0.11889811782390361, 0.10236119981027313, 0.09328791054186122, 0.12465777097024555, 0.10598456894367941, 0.12267005335250546], [0.1173689631439288, 0.1011163852615479, 0.11133100618345028, 0.1213856155899525, 0.10124787211610314, 0.09260878072708076, 0.124631229093447, 0.10698778835742481, 0.12332235952706481], [0.11825326694734582, 0.10144793934870514, 0.11107822785252015, 0.1202268083982995, 0.1017642650771244, 0.09290553732753727, 0.12444379846091387, 0.10641576179153911, 0.12346439479601477], [0.12429194902745001, 0.11026195538368924, 0.11283799474690574, 0.12022457414131502, 0.10804814835995652, 0.09714511941728109, 0.11044584684737552, 0.10539326281436935, 0.11135114926165737], [0.12438316520221959, 0.11030700355004897, 0.11278883868578049, 0.12014097635152499, 0.10814193824379119, 0.09723346559888396, 0.1103658585962173, 0.10532419207757539, 0.1113145616939583], [0.12437218084633342, 0.10956035177298268, 0.11278163565992734, 0.12062563160435187, 0.10731573409989938, 0.09640283110663067, 0.1113118751768194, 0.10557420579774285, 0.11205555393531241], [0.12430543673249976, 0.1090678012762006, 0.11279964170479173, 0.12101896604022, 0.1067267308143369, 0.0958230381544205, 0.11196041698562847, 0.10578624723973545, 0.11251172105216653], [0.125, 0.11040943784925605, 0.11233904568244336, 0.11954814119760429, 0.10870148347768122, 0.09776442195524922, 0.1100707049943741, 0.10482293082382557, 0.11134383401956616], [0.12413779896505589, 0.11113200009276042, 0.11223197586685997, 0.11899067675179711, 0.10970927045266834, 0.0988740741349192, 0.10937345596493572, 0.10468168349412271, 0.11086906427688063], [0.125, 0.10965432760162619, 0.11233167337113538, 0.1200124700609642, 0.10786054576266511, 0.09691637813097338, 0.1110315810384831, 0.10505828261666174, 0.11213474141749091], [0.12489457029946723, 0.10965842270885062, 0.1122633996573002, 0.1199287112894684, 0.10795509301655448, 0.09702596785089046, 0.11105308794505396, 0.10500597916959196, 0.11221476806282271], [0.125, 0.10858978179233571, 0.11224135685632952, 0.12063754210494751, 0.1066897870153852, 0.09576985908206949, 0.11244119813407981, 0.10537767271702615, 0.11325280229782661], [0.12500000000000003, 0.10967731479037067, 0.11210083349983566, 0.11971765547559098, 0.10815368959904534, 0.09722818364702625, 0.11099551844672982, 0.10484077047173224, 0.11228603406966922], [0.12476504769073354, 0.10865937048954578, 0.11211471075649422, 0.12042647014902455, 0.10693828426178612, 0.096050683590036, 0.11241480613191028, 0.10525645148276404, 0.11337417544770545], [0.12444581882888499, 0.10897248507843733, 0.11211375818843994, 0.12022305150541707, 0.10735437586512717, 0.09648863969483337, 0.11207407117101316, 0.10516558578297033, 0.11316221388487643], [0.12433258765621352, 0.10920652069269339, 0.1120638520248012, 0.1200035677917193, 0.10770697973134981, 0.0968524246662278, 0.11178881999002177, 0.10504363574855827, 0.11300161169841494], [0.12483160653652038, 0.1110242470130417, 0.11149945883305881, 0.11817336616721821, 0.11043359870109128, 0.09960052616142845, 0.109232636768