[[0.10717177599663057, 0.12266386435639631, 0.10497248564347285, 0.11548093166911942, 0.12472676226188198, 0.10701537724707562, 0.10302112843343172, 0.11863099293944973, 0.09631668145254181], [0.1071583788198256, 0.12300317562438669, 0.10453858058269666, 0.11608998200669322, 0.12488078729384369, 0.10688441711475251, 0.1027062387973627, 0.11922574195730119, 0.0955126978031378], [0.10717792882816418, 0.12249417836818376, 0.10493576752056107, 0.11549764300647354, 0.12484797547058826, 0.10698847325207746, 0.10311227269068166, 0.11851106230075138, 0.09643469856251871], [0.10717425454693669, 0.12261693376856313, 0.10485428826663487, 0.11561661518331794, 0.12481818137282293, 0.10696445027207528, 0.1030456292347861, 0.1186389767944423, 0.09627067056042095], [0.10716089642026952, 0.12290056126566996, 0.10448017152400281, 0.11615240151383385, 0.125, 0.10685622663210247, 0.10273827882755653, 0.11918980720249454, 0.09552165661407035], [0.10720285130905287, 0.12280871985206535, 0.10458470591423959, 0.11606771119552861, 0.12471122909364213, 0.10690318968883583, 0.1028942402808134, 0.1190288943185622, 0.09579845834726003], [0.10716484031999257, 0.12246984637761589, 0.10484871915557055, 0.11557189273790748, 0.125, 0.10694370589038009, 0.10310695478569866, 0.11851387789683034, 0.09638016283600444], [0.10720684300697338, 0.12239597442604984, 0.10481107104460036, 0.11567900080005321, 0.12482472138061962, 0.10694501702916497, 0.10319338072978439, 0.11849906655518973, 0.09644492502756455], [0.10722450531893529, 0.12192463644912016, 0.10500435937021868, 0.11536513419176984, 0.125, 0.10699275148422316, 0.10344222730463044, 0.1180685310455758, 0.09697785483552661], [0.10720484135436892, 0.12240024988837901, 0.10458930296136701, 0.1159600531397619, 0.125, 0.10686098173895842, 0.1031449218819051, 0.11862960507858944, 0.09621004395667018], [0.10726327453020099, 0.12285393859651937, 0.10434172444335237, 0.11644772606320852, 0.12448836159111842, 0.1068273871000635, 0.10301026915890056, 0.11901938628673324, 0.09574793222990284], [0.1072555580592236, 0.12187649735645081, 0.10497499969882214, 0.11544266474306046, 0.12486103827467444, 0.10699244214764514, 0.10351086384488006, 0.1180537931738595, 0.09703214270138388], [0.10729193782632869, 0.12258828893661383, 0.10444684015034524, 0.11633507144995066, 0.12444633594059798, 0.10686786080883198, 0.10314940584357155, 0.11886110479907527, 0.09601315424468485], [0.10729213013408471, 0.12227789144151247, 0.10451423973810793, 0.11619872081005853, 0.12464499018575441, 0.10687250944859916, 0.10327966228258825, 0.11864700196542251, 0.09627285399387224], [0.10717313873336648, 0.12323665036004912, 0.10396896065277683, 0.11672935554007878, 0.125, 0.10662905278321144, 0.1028647619782153, 0.11903773686419729, 0.09536034308810472], [0.10729514318879205, 0.12211306567711658, 0.1046985072181165, 0.1159186103809056, 0.12459932579909827, 0.10692503830740703, 0.10342422986219256, 0.11838796643295665, 0.09663811313341479], [0.10721679287663767, 0.12305379642223682, 0.1040734585968465, 0.11666021750220174, 0.12479182807739293, 0.10668341702506602, 0.10299022168722202, 0.11894633263441919, 0.09558393517797711], [0.1072928918816506, 0.122734268609617, 0.10428193413973581, 0.11651331568801732, 0.12442259692336104, 0.10679255472005751, 0.10318996040028973, 0.11880959424059974, 0.09596288339667124], [0.10727743935588388, 0.12156755710090665, 0.10495985640775453, 0.11541756506832775, 0.125, 0.1069714551229848, 0.10368846306334656, 0.11782539741365994, 0.09729226646713587], [0.10728856676225931, 0.1225475125690683, 0.10432467865147708, 0.11642340774197253, 0.12456409806836222, 0.10679505085765839, 0.10325704850733135, 0.11869278229255957, 0.09610685454931123], [0.10733089447777294, 0.12199332728416644, 0.10463307451721066, 0.11604191290489961, 0.1245357791648434, 0.10690999476047985, 0.1035104940401796, 0.11835468520873897, 0.09668983764170848], [0.10728159995413171, 0.1224489060238771, 0.10433363915098404, 0.11638029310463319, 0.12467735668221236, 0.10678726548080517, 0.1032917488606339, 0.11862122760545683, 0.09617796313726569], [0.10730806242367522, 0.12147378970639242, 0.10500811301206203, 0.1153908664943804, 0.1248643252186142, 0.10700006358575753, 0.10377096728101282, 0.11775630141879534, 0.09742751085931006], [0.10727926405626123, 0.12219073655825771, 0.1044029935370711, 0.11624939095856496, 0.1248520246832791, 0.1067979003525117, 0.10338372193772599, 0.11846377853520353, 0.09638018938112472], [0.1073447658711123, 0.12191539735613688, 0.10459839928718172, 0.11609358664125924, 0.12454604479247865, 0.1068978473046216, 0.10355774663098313, 0.11832025954375924, 0.09672595257246723], [0.10731561011584503, 0.12167562809162671, 0.10475352929754193, 0.11576668897312993, 0.12479771473503577, 0.10691695351481217, 0.10368482221555338, 0.1180032742900695, 0.0970857787663856], [0.10733119083803036, 0.12150017896817476, 0.10490689561743508, 0.11555882892068266, 0.12475360885705528, 0.10697204499187, 0.10379628158567922, 0.11781559828117268, 0.09736537193989997], [0.10728047233252648, 0.12272788844082694, 0.10411412501438085, 0.11664323138766881, 0.12461479995039888, 0.10669800507224662, 0.10327349453482221, 0.11865248372924875, 0.09599549953788063], [0.1072634766515031, 0.12219393795260547, 0.10431412839255823, 0.11630309693185832, 0.125, 0.10674452008096996, 0.10340868315167838, 0.11839510433669746, 0.09637705250212909], [0.10732126494874844, 0.12157030794806678, 0.10477433669094165, 0.11572137070649882, 0.12483869071917733, 0.10691891317825149, 0.10374656960281152, 0.11791139085316277, 0.09719715535234107], [0.10735229184979557, 0.12171694473158567, 0.10466315876920643, 0.11596462140513644, 0.12460877520818725, 0.10690657589080839, 0.10369175821321451, 0.11811057282127332, 0.09698530111079243], [0.10734745141603129, 0.12187983366197763, 0.10453154572772616, 0.11615168456835764, 0.12460004978669993, 0.1068626685662597, 0.10361165270494413, 0.11825145576039225, 0.09676365780761109], [0.10729671524463583, 0.12207545546880906, 0.10437187694417584, 0.11626909609948918, 0.12485240287686869, 0.10677677314166953, 0.10350468837232589, 0.1183176513574825, 0.09653534049454351], [0.10727820161061094, 0.12154838161700263, 0.1049104511706054, 0.11537629679118529, 0.12500000000000003, 0.10692154155844766, 0.10386040976294249, 0.11755870130073746, 0.09754601618846827], [0.10728949108688113, 0.12167102031250797, 0.1046612518282678, 0.11578058026320703, 0.12499999999999997, 0.10684994500076278, 0.10373647891140482, 0.11787319852765248, 0.09713803406931587], [0.1072830738513679, 0.12161742614116074, 0.1048781161796735, 0.11541722923899951, 0.12491645013590906, 0.10690890958837561, 0.10387854391206573, 0.11755402067012943, 0.09754623028231847], [0.10731313541163616, 0.12223252065250184, 0.10423148436728707, 0.11645867067785652, 0.12471706970625723, 0.10672498283927871, 0.10353765303210116, 0.11831525102376647, 0.096469232289315], [0.10734270124743926, 0.12196963322147016, 0.10442925840955163, 0.11623049550493196, 0.12459954937525537, 0.10680651290299072, 0.10366914279228294, 0.11816194223894848, 0.09679076430712945], [0.10730693168394823, 0.12176483515734533, 0.10460832437666831, 0.11587496151447484, 0.12483680376747883, 0.10683717122704182, 0.10376097064722965, 0.11789202920516233, 0.09711797242065083], [0.10723928352693386, 0.12286047950972341, 0.10381606962377374, 0.1168935541624562, 0.125, 0.10654232829020674, 0.10327004272285703, 0.11854885785409804, 0.09582938430995097], [0.10732743207234816, 0.12207448744524199, 0.1043140616312874, 0.11635052117163411, 0.12469091762795564, 0.10675441762074692, 0.10362736358383243, 0.11820287657032741, 0.09665792227662576], [0.10726206863637482, 0.12250665889255334, 0.10397740098386407, 0.11668637573513085, 0.125, 0.10659970180100235, 0.10342655784069005, 0.11837224582278567, 0.09616899028759884], [0.10733533847281558, 0.1222232114685376, 0.10420201845410522, 0.11651570595736671, 0.1246100789180084, 0.10671821817858858, 0.10360172699016183, 0.11826759141747016, 0.0965261101429459], [0.10730058875698321, 0.1218847396617568, 0.10464780290028111, 0.1157413558028226, 0.12469300640246984, 0.10682793925073547, 0.10387886754106697, 0.11767303349720812, 0.09735266618667587], [0.10732896689238591, 0.1223367175018014, 0.10423792891252007, 0.11636621963454298, 0.12443744450840044, 0.10669879523191034, 0.10377082076765706, 0.11798607153105829, 0.09683703501972349], [0.10726173818290706, 0.12197729593990875, 0.10476254391312628, 0.11540406647762534, 0.1247190727455871, 0.10681922282218557, 0.1040287803590798, 0.11728393513881664, 0.09774334442076327], [0.10730789972058617, 0.1227155113276199, 0.10365714854376555, 0.11713141776896115, 0.12486579569533988, 0.10648491016617959, 0.10350845618297483, 0.11830751926895948, 0.09602134132561344], [0.10732226905129344, 0.12276955295936806, 0.10363157905834737, 0.1171963432829787, 0.12477044182001912, 0.10648491530232462, 0.10350795025847723, 0.11833103784243203, 0.0959859104247594], [0.10721744569264074, 0.1220693961338076, 0.10461056995718793, 0.11552061277392836, 0.12500000000000003, 0.10673697351531317, 0.10394965501808988, 0.11734202141227221, 0.09755332549676023], [0.10731912676018851, 0.12255909015446222, 0.10380845756701484, 0.1169386663863053, 0.12475714988775106, 0.10654180080572791, 0.10359688182047609, 0.1182213304499368, 0.09625749616813727], [0.10731998956286756, 0.12253314438608892, 0.10404651845113673, 0.11659289401906703, 0.12448242061518655, 0.10661965875807615, 0.10372763543137738, 0.11803872686206789, 0.09663901191413198], [0.10729684796553951, 0.12260516029631732, 0.10366990963817391, 0.11707115589323326, 0.12500000000000003, 0.10647563186901175, 0.10354528813923435, 0.11823361614097724, 0.0961023900575128], [0.10731292224878199, 0.12222865654150314, 0.10443126003574428, 0.11599967506062611, 0.12442330058408917, 0.10673853066444038, 0.10393381178382581, 0.11766309669188305, 0.0972687463891059], [0.10723785893921138, 0.12215278495199954, 0.10456395789562259, 0.11562013341144012, 0.12482431309651874, 0.10673031464300153, 0.10396756419941237, 0.11738141406003844, 0.0975216588027553], [0.10730502175248371, 0.12264532703958805, 0.10403073758021492, 0.116530635150037, 0.12443830157194657, 0.10658858917459119, 0.10380385700663357, 0.11788683042355573, 0.0967707003009494], [0.10732036529391209, 0.12271162971186683, 0.1039862289703252, 0.1166190024961279, 0.12433151854819474, 0.10658055340737517, 0.1038093726359589, 0.1179126019003686, 0.09672872703587042], [0.10730515983647351, 0.12283255900809185, 0.10375617995431796, 0.11689706842431133, 0.12455943844465692, 0.10648722146271858, 0.10372443322285359, 0.11799471441747922, 0.09644322522909704], [0.10725974148724107, 0.12264271504799831, 0.10403030235625786, 0.11640345981587698, 0.12467879082664095, 0.10655100130509923, 0.10382318217041472, 0.11775273197840748, 0.09685807501206337], [0.1072986876388596, 0.12283806960083911, 0.10364060058795725, 0.11704189787364953, 0.12473452778243031, 0.1064420660689511, 0.1036755743163116, 0.11803925649292364, 0.09628931963807805], [0.10723327261029886, 0.12258188492247828, 0.10406328948677977, 0.11628621570144757, 0.12484873536786686, 0.10654204701021457, 0.10383924174310268, 0.11766355997131764, 0.09694175318649378], [0.10721078392593612, 0.1223997946163087, 0.10438890296638076, 0.11574420156444781, 0.12485260667363268, 0.10663405746890561, 0.10398920876600683, 0.11731797039440905, 0.09746247362397241], [0.1073008762869677, 0.12289898661146054, 0.10371254956111907, 0.1169283944034074, 0.12455617054242829, 0.10646290317974993, 0.10374030648390671, 0.11795700813903376, 0.09644280479192684], [0.10723651463517787, 0.12251407088449305, 0.10412795142693267, 0.11618785773929045, 0.12482723307955099, 0.10656285631334364, 0.1038887747199353, 0.11758747232746686, 0.09706726887380918], [0.10723935211868674, 0.12253588821700645, 0.10415368232511285, 0.11614534122194778, 0.1247587714163683, 0.10657029424666531, 0.103920119265758, 0.1175418189590871, 0.09713473222936751], [0.10725539695659769, 0.12253293619867026, 0.10422975552582607, 0.1160654741587095, 0.12459460328222219, 0.10660526969655618, 0.10397066854986273, 0.11749107291397169, 0.0972548227175837], [0.10720902792810404, 0.12250166794424304, 0.10429284418971309, 0.11585337169805732, 0.12483109489724571, 0.106592765901614, 0.10399131987018266, 0.11733019387475159, 0.09739771369608853], [0.10726634554743529, 0.1228695753756143, 0.10390626844091462, 0.1165399694070811, 0.12451994642922769, 0.10649644130670165, 0.1038680559432372, 0.11770012026158586, 0.09683327728820211], [0.10719960765978946, 0.12266274958926415, 0.10400040179065205, 0.11625616169701343, 0.125, 0.1064858891005657, 0.10386622138344148, 0.11754558642858043, 0.09698338235069334], [0.10717308433050775, 0.12254147991579395, 0.10428595223227308, 0.1157627502222501, 0.125, 0.10656212906315776, 0.10399478079933475, 0.11723306045798061, 0.09744676297870204], [0.10729865100062032, 0.12299826149419744, 0.1038307197603085, 0.11670140104688569, 0.12428871369824356, 0.10648593484928982, 0.10388591081752803, 0.11774191422733624, 0.09676849310559038], [0.10721214679951703, 0.12276814673563406, 0.10395248016098638, 0.11633521944946773, 0.12486373510540946, 0.10647245875147893, 0.1038831548484469, 0.11755135884333662, 0.09696129930572292], [0.10721059288999424, 0.12273416975975833, 0.10401811798807621, 0.1162121181028937, 0.12482620038066283, 0.10648735376494418, 0.10394906133415886, 0.11743963256083151, 0.09712275321868016], [0.10723022610120533, 0.12275749005526276, 0.10412054331263554, 0.11609040306994964, 0.12458226532930541, 0.10653082674809755, 0.10403021081927033, 0.11734792898060259, 0.09731010558367088], [0.10721752468697467, 0.12299228142369134, 0.10386478674599516, 0.11638464450119833, 0.1246556342676528, 0.10642144144347725, 0.10399152145790323, 0.11739767311626169, 0.09707449235684554], [0.1071693300660686, 0.12288015286200721, 0.10415097760320001, 0.11583656006658818, 0.12475540884773051, 0.10648399265863936, 0.10410990618543257, 0.1170629552003053, 0.09755071651002824], [0.10712646740629125, 0.12301502347998068, 0.1039888867003533, 0.11593500947162724, 0.125, 0.10638987544377995, 0.10407911207428004, 0.11703046665135024, 0.09743515877233729], [0.10717381531978624, 0.12358578916977675, 0.10323894444039958, 0.1170854462435714, 0.125, 0.10614839655917596, 0.10385720508143362, 0.11745619097725088, 0.09645421220860562], [0.10714652914720446, 0.12307982630546259, 0.10394988096103323, 0.11602246577428575, 0.12485038906023477, 0.1063854731417368, 0.10409869504991327, 0.11705369538877028, 0.09741304517135888], [0.10717399969777443, 0.12376997619155163, 0.10322634245231564, 0.11703960320683968, 0.12479097122006073, 0.10612689137204546, 0.103954319191819, 0.11731158101108174, 0.09660631565651168], [0.10712981318251726, 0.12321096620472506, 0.10396120857200299, 0.11591049994483471, 0.1247843345031758, 0.10636490651656126, 0.1041742573484823, 0.11689005991259331, 0.0975739538151073], [0.10712149789399283, 0.1236391733627065, 0.10338779228665242, 0.11669472807537623, 0.12499999999999997, 0.10615117280144062, 0.10398401343529128, 0.11718266569428758, 0.09683895645025241], [0.10712524694394274, 0.12336321521404138, 0.10361174785995558, 0.11638523852943014, 0.12500000000000003, 0.10623363328252525, 0.10406928360371823, 0.11706990357753708, 0.09714173098884979], [0.10712705847527623, 0.12366567424048233, 0.10339676947911483, 0.11667296736345194, 0.12492165379483139, 0.10615252149824181, 0.10402320766168137, 0.1171358688129695, 0.09690427867395074], [0.10713184751916563, 0.12334705106237975, 0.10390894950771849, 0.11594289929667961, 0.12466854453900753, 0.10633645682317516, 0.10422390614082783, 0.11682257863182424, 0.09761776647922175], [0.10707690556065445, 0.12365219079296258, 0.10355528093285701, 0.11625259407004279, 0.125, 0.10615777612306503, 0.10416665784162012, 0.11680903293540476, 0.0973295617433933], [0.107101370614801, 0.12371010418024857, 0.10351409037494688, 0.116347011817881, 0.12484157842698908, 0.10615394320767026, 0.10419569734315538, 0.11682018831505507, 0.09731601571925257], [0.10706118171846721, 0.12362597483305374, 0.10366104401767552, 0.11604256324760767, 0.125, 0.10618058376673116, 0.10422425646518634, 0.1166760685132544, 0.09752832743802398], [0.12487094567192739, 0.10000721716959156, 0.11121126847836238, 0.11483505005800847, 0.0917327587610472, 0.1157769356542918, 0.11834323285093008, 0.10268376192093172, 0.12053882943490939], [0.12439481261897532, 0.10096654229451796, 0.11059093506419036, 0.11571002853296801, 0.09248150249216154, 0.11575603547832053, 0.11797513531190633, 0.1034856026637866, 0.11863940554317319], [0.12462674483679678, 0.10050097163732058, 0.11087367340064574, 0.11532789393512324, 0.09210517597514149, 0.11571700592699323, 0.11822763890334143, 0.10308154157076047, 0.11953935381387702], [0.12494480706576792, 0.10000651051841415, 0.11114598284962984, 0.11486990353411389, 0.09172115267927214, 0.11570317740066126, 0.11842092325977743, 0.10262938883701059, 0.12055815385535279], [0.12500000000000003, 0.10002255723863543, 0.11108619295454052, 0.1149136283636784, 0.09172333268529216, 0.11564918675306415, 0.11847134260574756, 0.10260512773404801, 0.12052863166499386], [0.12464344508321609, 0.09997552097012195, 0.11117974687502281, 0.1148212253753465, 0.09174596357127549, 0.11562278101435426, 0.11859372041690242, 0.10251887695461162, 0.1208987197391489], [0.125, 0.10065939830978009, 0.11049788509350748, 0.11562841243895482, 0.09216040058498198, 0.11547373749335092, 0.1183782835151094, 0.10303254216257347, 0.11916934040174182], [0.12418083482826556, 0.10125727728534983, 0.11027097907197504, 0.11609553461176025, 0.09270016132176394, 0.11547373790787073, 0.11818565050009992, 0.10352590888682027, 0.11830991558609445], [0.125, 0.10010645838003562, 0.11079762335061426, 0.11512235734984469, 0.09177892039415271, 0.11530904520474489, 0.11887916307859495, 0.10241213985025277, 0.12059429239176013], [0.12499999999999999, 0.10036371633873457, 0.11051741029851041, 0.11546337450890848, 0.09194379219924752, 0.11516075354549497, 0.11895617772147972, 0.10253335336127678, 0.12006142202634745], [0.12483952872161176, 0.10040354130892608, 0.11045593855751992, 0.11552347408339805, 0.09199241121012475, 0.1150632092130113, 0.1191125923602137, 0.1024797870527376, 0.12012951749245673], [0.12362182305933804, 0.09984888428206598, 0.11110209810684449, 0.1146328607532683, 0.09178850731664327, 0.11545365761412175, 0.11959670682122292, 0.10205161612739744, 0.12190384591909784], [0.12472509641001407, 0.10096161758883179, 0.10996322594940926, 0.11615518287106456, 0.09237896052648506, 0.11494434325388195, 0.11897852172457912, 0.10291730880490361, 0.11897574287083044], [0.12435094530326628, 0.10168362292361521, 0.10957910419032944, 0.11683922796894912, 0.09293214238737617, 0.11477745048086103, 0.11861234515452665, 0.10357369521714245, 0.11765146637393366], [0.12499999999999999, 0.1010766240667081, 0.10969904044130122, 0.11636695855752342, 0.09241788356767601, 0.11478028729083364, 0.11903310671248467, 0.10295624461160877, 0.11866985475186408], [0.12449644294242511, 0.10033844743984599, 0.11048683277415472, 0.11543221854065082, 0.09201245745795968, 0.11492297076143711, 0.11941598641938528, 0.1022851891986406, 0.12060945446550073], [0.12378081301859759, 0.09994872330529571, 0.11085023461455587, 0.11482660146878343, 0.09184176037695832, 0.11519144754644171, 0.1198345534966756, 0.10196647205031638, 0.12175939412237526], [0.12445919549322883, 0.10040025269823943, 0.11041486143087186, 0.11551789501770547, 0.09205669098942366, 0.11487086905118145, 0.1194724559998574, 0.10229687982051473, 0.12051089949897716], [0.125, 0.10105706582355763, 0.10959940215768017, 0.1164293292245753, 0.09239498962828913, 0.11460956172205586, 0.11928501349137689, 0.10282891656501036, 0.11879572138745466], [0.1246587227197422, 0.10135490446326989, 0.10944241048854544, 0.1166908697334352, 0.09264907737405981, 0.11460123895599714, 0.1191542879896741, 0.10311102489110903, 0.11833746338416719], [0.12403352952522775, 0.0999033174912834, 0.11065866609386253, 0.11484773839457162, 0.09177977187552101, 0.11504602189904094, 0.12010382849398643, 0.10177853798116335, 0.12184858824534298], [0.1240761440982737, 0.10032116907026516, 0.11039884022639945, 0.11538663284224165, 0.09208090554094477, 0.11465562791900236, 0.11996473200151128, 0.10204339721318458, 0.12107255108817708], [0.12473635206756478, 0.1010055599772962, 0.10957243416151274, 0.11642871193880719, 0.09239037419433635, 0.11440751835773658, 0.11968248906896077, 0.10263172333520053, 0.11914483689858484], [0.1246130875590122, 0.10092539111502576, 0.10968342799543497, 0.11631216119605509, 0.09235815002008291, 0.11442068311779344, 0.11974706605560038, 0.10255060145794323, 0.11938943148305203], [0.12400444646253442, 0.10052551072916854, 0.11024645473153309, 0.11564922144990646, 0.09222828698563555, 0.1145836224262321, 0.11990502721086878, 0.10215738775132123, 0.12070004225279997], [0.12447883427092345, 0.10154935306827652, 0.10917348843528543, 0.11698996540283847, 0.0927962290782908, 0.11433953941182111, 0.11940019678751967, 0.10313641247761993, 0.11813598106742468], [0.1242998520235628, 0.09978977646593747, 0.110537857123697, 0.11476197126240979, 0.09167380830360476, 0.11499027893424775, 0.12033557942849604, 0.10157373677320833, 0.12203713968483594], [0.1244023256602318, 0.10071879395868695, 0.10990449407566974, 0.11602132807535027, 0.09226989864089413, 0.11443385243780523, 0.11992992701393132, 0.1023090041324751, 0.12001037600495545], [0.125, 0.10177150680560675, 0.10892260580535768, 0.11732132504802233, 0.09287818474145557, 0.11412141226863283, 0.11921865626857121, 0.10328974518810921, 0.11747656387424445], [0.12456283467126017, 0.10135606334670749, 0.10922554484836622, 0.11685071913382396, 0.09264512840085276, 0.11425729155746088, 0.11967972512758446, 0.10288546778415077, 0.11853722512979345], [0.1246258357587739, 0.10092920577591613, 0.10959880259599356, 0.11635730995166603, 0.0923615617686012, 0.11429146783969138, 0.11991952089102152, 0.10247626165423906, 0.11944003376409734], [0.12433759329751169, 0.09991746484939457, 0.11039408843467323, 0.11494972190570149, 0.09176099698290105, 0.11480721479594884, 0.12041992368008507, 0.10159823985866744, 0.12181475619511661], [0.12451826189779844, 0.1007608983261682, 0.10978144958462054, 0.11611882947301867, 0.09227962324632383, 0.1143331048552818, 0.12001118918263713, 0.10230350479969583, 0.11989313863445566], [0.12499999999999999, 0.1017681041888803, 0.10885555338404436, 0.11736087071967972, 0.0928721913415722, 0.11404921101445673, 0.11933750864997275, 0.10323604886672975, 0.11752051183466408], [0.125, 0.10107696470967806, 0.10928695242329477, 0.11663478715168728, 0.09239969781676258, 0.11415159439764395, 0.1199174709652756, 0.10256361029803798, 0.11896892223761979], [0.12439648424905497, 0.09997029196192446, 0.11029032273080205, 0.11503818863971758, 0.09179470354394452, 0.11469408880409837, 0.12051610778987222, 0.10157306186196804, 0.12172675041861777], [0.12444716379219342, 0.10002196485208902, 0.11018792550402955, 0.11512286545987087, 0.09182927023211178, 0.11458379884086367, 0.12061663343722416, 0.10154583115629232, 0.1216445467253252], [0.12482215008949803, 0.10087321438866365, 0.10944171290634991, 0.1163832231543857, 0.09230603299444483, 0.11404685027925753, 0.1202431979781077, 0.10227785855950519, 0.11960575964978751], [0.12476395933433819, 0.10123989753832544, 0.10907906526676481, 0.11686269471955879, 0.09252911009292629, 0.11397720773855646, 0.12009903944035165, 0.10260837632487257, 0.11884064954430594], [0.125, 0.10200962296284449, 0.10853267599605719, 0.11774184485489876, 0.09301361380988556, 0.11372462748512062, 0.11942041774242622, 0.10330267543353218, 0.11725452171523498], [0.1246041815266792, 0.10017576173783177, 0.11002346764172576, 0.11536187461326405, 0.09192170323266012, 0.11436112709712085, 0.12062613802292266, 0.10159808418862187, 0.12132766193917371], [0.12500000000000003, 0.10092753207144042, 0.10927634691942081, 0.11651718197312252, 0.09230615953397155, 0.11393768107246856, 0.1202934950640824, 0.1022870933882451, 0.11945450997724874], [0.12466125963018088, 0.10184995771617363, 0.1086155735090696, 0.11756734514319608, 0.092938753272369, 0.11378556138203563, 0.11970773214157146, 0.1031332315354256, 0.11774058566997825], [0.12432904678643805, 0.10248226618208715, 0.10840637256356883, 0.118140500704152, 0.09340929894465692, 0.11357545217221068, 0.1193398602473832, 0.10370598960562143, 0.11661121279388172], [0.12475968960898202, 0.10107957961914338, 0.10916442351454775, 0.11669485948066184, 0.09242270621355703, 0.11391192964614305, 0.12029141702705332, 0.10241046633203911, 0.11926492855787263], [0.12450986498161838, 0.10053053753097786, 0.1097827050305685, 0.11582615602264154, 0.09218166137036288, 0.11406027905151433, 0.12051244660679838, 0.10187532514245297, 0.12072102426306526], [0.12447583609444826, 0.1023969148007152, 0.10828677618093656, 0.11817168821997054, 0.09332182324736563, 0.11345879621014018, 0.11947800862950644, 0.10353797876134382, 0.11687217785557338], [0.12475735576797262, 0.10214955978472431, 0.10832842546328894, 0.11797484708135467, 0.09311950732649737, 0.11350779037411811, 0.1195792731362632, 0.10330392334720108, 0.1172793177185797], [0.12500000000000003, 0.09986727266286896, 0.10993796057751216, 0.11500790524012702, 0.09168783230236505, 0.11442392137058394, 0.12105062129167506, 0.10120617886644351, 0.1218183076884244], [0.12469521749441057, 0.10019869989019961, 0.1098256457169299, 0.11542848966494398, 0.09193978883646438, 0.11418795518706892, 0.12092291753129439, 0.10149133302727217, 0.12130995265141606], [0.12440045021342683, 0.1019027990057565, 0.10841051383072654, 0.11772468941247462, 0.09298434150862693, 0.11356357790592096, 0.12000562648260658, 0.10303731459030253, 0.1179706870501585], [0.125, 0.10102813090532467, 0.10890711179296325, 0.11678250029928755, 0.09233471843063587, 0.11362364558485971, 0.12058509510116781, 0.10221605384845941, 0.11952274403730173], [0.125, 0.10029088152335407, 0.10961016891491844, 0.11565022585490191, 0.09195214122450135, 0.11392695262324105, 0.12091193420135582, 0.10152772828710863, 0.12112996737061874], [0.12463860207926188, 0.10126416527594553, 0.10875107143546155, 0.11704987377947557, 0.09252351528329328, 0.11359204337667872, 0.12055425409854681, 0.10241165072810951, 0.11921482394322701], [0.12454212303698081, 0.10205579285958571, 0.10824121073171396, 0.11795560023352884, 0.09306434949101929, 0.11340585912000244, 0.11992452101917607, 0.10312034644815483, 0.11769019705983802], [0.12469926793078484, 0.10122431499992197, 0.10867465937404226, 0.1170548392117498, 0.09248303001258121, 0.113479882165604, 0.12069553928685768, 0.10231372480253512, 0.11937474221592298], [0.12473548369778453, 0.10101970487799981, 0.1088649353359182, 0.11677504237180553, 0.09236237216473228, 0.11349471830538992, 0.12080013080675438, 0.10212331222304359, 0.1198243002165719], [0.12442519557654011, 0.1023232516029545, 0.10804544466850667, 0.11828277265027386, 0.09326165202126514, 0.1132061736239084, 0.11982452188300206, 0.10328033736882805, 0.11735065060472123], [0.12424208618704105, 0.10089453141646933, 0.10916075983199212, 0.11646946991174272, 0.09237921801507, 0.11361936289685233, 0.12086714191243325, 0.10201422571345112, 0.12035320411494806], [0.12429273607902802, 0.10246469381923541, 0.1079702325358323, 0.11843228136903687, 0.09336405918830798, 0.1131299257493881, 0.11984346670182555, 0.10338916096155125, 0.11711344359579452], [0.12468605278638628, 0.10026829147160464, 0.10951242469251266, 0.11561168677158841, 0.09196553514554208, 0.11387170257706859, 0.12120467031295844, 0.10140988782881258, 0.12146974841352634], [0.12443706572261551, 0.10165444347764778, 0.1082730136565379, 0.11759285845829467, 0.09279071806479673, 0.1133348940413549, 0.12056376679236323, 0.10264570024640671, 0.11870753953998255], [0.12429705552361825, 0.10179186303496354, 0.10819469317607978, 0.11773019385858853, 0.09290481414801315, 0.11332187607134496, 0.12048384529834169, 0.10276813927919481, 0.11850751960985541], [0.12437284568849241, 0.10172657323055478, 0.10822237019105865, 0.11767062294184721, 0.09284857500744963, 0.1133194776753233, 0.12052948807551442, 0.10270555649851415, 0.11860449069124544], [0.12431579342120856, 0.10092520756722816, 0.10894449214645507, 0.11659435275759311, 0.09237313496778769, 0.11341738342811121, 0.12105666266631399, 0.1019443235918801, 0.12042864945342223], [0.12456778917027371, 0.10124994854583286, 0.10849687613515818, 0.11715265240842844, 0.09250420795285869, 0.11326621076325631, 0.12095987771180107, 0.10221368158951133, 0.1195887557228793], [0.12456772300380553, 0.10115821758436587, 0.10856385712094735, 0.11703184174490401, 0.0924504843110066, 0.11325055149473033, 0.12103956775774762, 0.10211590956043567, 0.11982184742205698], [0.125, 0.10001934755751651, 0.1093795800324874, 0.11535303657941524, 0.09176012481951892, 0.11384436382682432, 0.12157266735414113, 0.1010662639581166, 0.12200461587197989], [0.125, 0.10145989127365625, 0.10791431509759997, 0.11763153022638297, 0.0925590025193315, 0.11287799555345676, 0.12110998304117232, 0.10222638859283657, 0.11922089369556366], [0.12400534399186947, 0.10240068063189242, 0.10761984611921267, 0.11859212547018551, 0.09333567399695478, 0.11275015704646786, 0.12044421703323328, 0.10304642950767175, 0.11780552620251215], [0.12453659701775088, 0.10120809261652897, 0.10827688267514186, 0.11719564855460352, 0.09247116740756608, 0.11295772236677751, 0.12135599745725245, 0.10200192185801167, 0.11999597004636718], [0.12476385333347075, 0.1014042277266091, 0.10798288017244016, 0.11753653103751686, 0.09255276115890453, 0.11285624991593325, 0.12126238866759256, 0.10214665704438919, 0.1194944509431437], [0.12470058955694818, 0.10016822516035664, 0.10911553664479605, 0.11558483215183764, 0.09187214428796402, 0.113549785556381, 0.12180861642156657, 0.10108014168460103, 0.12212012853554889], [0.12444323813420242, 0.10201086201501525, 0.10756517519407552, 0.11827000023286226, 0.09300115865124897, 0.11269727922272862, 0.12089844008944917, 0.10263774988768858, 0.11847609657272909], [0.12440630166481431, 0.10205830206630442, 0.10750234698887556, 0.11834597401031197, 0.09303604270648003, 0.11263288497558546, 0.120927031664723, 0.1026455858430905, 0.11844553007981475], [0.12500000000000003, 0.10165251199653709, 0.10752130170507464, 0.1179811928799051, 0.09267744099693938, 0.11256973583394682, 0.12128856566918962, 0.10223868744476014, 0.11907056347364733], [0.125, 0.1010072603326856, 0.10812676876723214, 0.11705788062855456, 0.09228568680515989, 0.11269108822673694, 0.12166427283324925, 0.10168641380631144, 0.12048062860007017], [0.12480870920504407, 0.10112636686731973, 0.10805398822635584, 0.11720661880994332, 0.09237799404722048, 0.11267788503570351, 0.12166290824120575, 0.10178459809883654, 0.12030093146837073], [0.12436331402839586, 0.10213612156976955, 0.10728251304644275, 0.11852423549777037, 0.09308843095913027, 0.1124051010078418, 0.12112108966224203, 0.10258521973350174, 0.1184939744949058], [0.1245961613481102, 0.10078096118716534, 0.10843986422051642, 0.11656400486072657, 0.09225879516369184, 0.1127612029947241, 0.12175455057165029, 0.10144983719926128, 0.12139462245415383], [0.12500000000000003, 0.10125339968264241, 0.10771449092316733, 0.11749515285063931, 0.09241613162038802, 0.11245208287949711, 0.12180236626859409, 0.10178927674248978, 0.12007709903258204], [0.12500000000000003, 0.10164564437523631, 0.1073517461597253, 0.11804812456825625, 0.09266589254994835, 0.11236158763331534, 0.1215536719834356, 0.10211224803638512, 0.11926108469369787], [0.12449155794687285, 0.10220480310758112, 0.10702667467157277, 0.11871835461490447, 0.09311560689130391, 0.1121478296466527, 0.12129308086716714, 0.10250769121819422, 0.11849440103575082], [0.12470487231392169, 0.1008548580138543, 0.10814483856287264, 0.11676621088192123, 0.09227031222052165, 0.11251272631845022, 0.12199779836046214, 0.10140078254257426, 0.12134760078542184], [0.12500000000000003, 0.10074845849225306, 0.10805304485505708, 0.11665732629614037, 0.09218488868599523, 0.11236475344726557, 0.1221101155297236, 0.10122678151942793, 0.12165463117413729], [0.12444132680748393, 0.10055833666715486, 0.10830547737530924, 0.1162563151940313, 0.0921286473966805, 0.11265502777650492, 0.12236217044478563, 0.10107992522737738, 0.12221277311067233], [0.125, 0.10254612016848555, 0.10652469401426562, 0.11934437942265792, 0.09327181602074835, 0.11167399233117496, 0.12124952558723345, 0.10261213134378198, 0.11777734111165215], [0.12484412381341126, 0.10083859347910934, 0.10792824518620599, 0.1167935400098891, 0.09225101498798015, 0.11226641969743034, 0.12223858052915643, 0.10125697587560192, 0.12158250642121536], [0.12499999999999999, 0.10168365522441691, 0.10692445715827548, 0.11823973774595993, 0.09268719044429595, 0.11187201207019597, 0.12213709139927412, 0.10186676652908434, 0.1195890894284972], [0.12499999999999999, 0.10077219497711613, 0.10788342620122918, 0.11670665711788296, 0.09220776892304623, 0.11217716834799521, 0.12229932317253292, 0.10114789447574483, 0.12180556678445242], [0.125, 0.10229007529711338, 0.10649711446297967, 0.11906454401462305, 0.09311334166873916, 0.11162108855528872, 0.12162178428235149, 0.10230329986116815, 0.11848875185773636], [0.12441664291535706, 0.10150418747293047, 0.10720492115421923, 0.11786432324221689, 0.09265420568675971, 0.11192384908468891, 0.12244588369492261, 0.10170108398576223, 0.12028490276314302], [0.12456922176136234, 0.10119173677081428, 0.10748183323981086, 0.11738247423618452, 0.09246154389759476, 0.1119836730093167, 0.12251879561220153, 0.10145229008014334, 0.12095843139257166], [0.12484230868687309, 0.1008196739757288, 0.10778954849302086, 0.11674659155031698, 0.09226752267732029, 0.11206690434017275, 0.12243038569057804, 0.10112376950794942, 0.12191329507803976], [0.12484742251081096, 0.10076462004972558, 0.10778569037057215, 0.11667299972961084, 0.09222756026993657, 0.11208387995521607, 0.12251822488773044, 0.10105864374787851, 0.1220409584785189], [0.12452132193000935, 0.10105864289183163, 0.10752096724742265, 0.11712851426599481, 0.09242158009180947, 0.11189784389926241, 0.12267636047030599, 0.10125958810022904, 0.1215151811031347], [0.12500000000000003, 0.10069551370169817, 0.1077014419529174, 0.11661592584555897, 0.0921590855094198, 0.11202453451707181, 0.12267135856261424, 0.1009480309446151, 0.1221841089661046], [0.1249086381506864, 0.1012522000922572, 0.10708875466321231, 0.11759936396719464, 0.09245065558487905, 0.11164589019113828, 0.1228299813349374, 0.10133807990729883, 0.12088643610839585], [0.12487053090514237, 0.10076638332361464, 0.10760301371183276, 0.11669324657154301, 0.09223011960631382, 0.11191596434840782, 0.12276302846518727, 0.10095427276810869, 0.1222034402998496], [0.1245367783546553, 0.10206088761951534, 0.10644033984899944, 0.118745410988331, 0.0930198564384212, 0.11145354060489746, 0.12241428112720171, 0.10195205941667586, 0.11937684560130256], [0.12499999999999999, 0.10127649893456245, 0.10698789049440112, 0.11766889096438028, 0.09245196659935612, 0.11156985336147564, 0.12289231608186726, 0.10132175844087901, 0.12083082512307798], [0.12499999999999999, 0.10226209023757994, 0.10618124890853885, 0.11911831012197892, 0.09310696489510834, 0.11127731847071051, 0.12214061314137875, 0.1020629192384819, 0.11885053498622268], [0.12500000000000003, 0.10174081824605903, 0.10649720084944402, 0.11840674553249905, 0.09273880096133306, 0.11138213279041602, 0.1227291462790008, 0.10163765262536377, 0.11986750271588435], [0.12482499855472226, 0.10224999784465774, 0.10614026167030206, 0.11908213356704439, 0.0931263807862593, 0.11121892016206077, 0.1223285180305954, 0.10200487229520211, 0.11902391708915583], [0.12484785517177746, 0.10119721338853285, 0.1069877295167992, 0.11747454707851739, 0.09245804021493968, 0.11143613286081268, 0.12312681211794155, 0.1011634564323389, 0.12130821321834018], [0.12464705309403189, 0.10167960707175548, 0.10655315239161899, 0.11824743615586043, 0.09275358948519828, 0.11131665255365134, 0.1230216196364488, 0.10152886369572597, 0.1202520259157087], [0.12454370007826036, 0.10217356006090074, 0.10617802657149646, 0.11893244337354643, 0.09311209419626273, 0.11119896641886211, 0.1226057077849609, 0.1019056460224614, 0.11934985549324889], [0.12478227473877762, 0.10134703132298424, 0.10676313221969909, 0.11772548541400113, 0.09255152480633551, 0.11128453369213603, 0.12327846368829588, 0.10121821314698264, 0.12104934097078784], [0.125, 0.10122081486194773, 0.10682205862132568, 0.11755175964673638, 0.0924571627867, 0.11128167328330038, 0.12327645064280589, 0.10110901676072531, 0.12128106339645865], [0.12479588935752817, 0.10135186670211704, 0.10671767577369534, 0.11773351470823329, 0.092557490251238, 0.11123211731968129, 0.1233407865866648, 0.10119399066075517, 0.1210766686400869], [0.12449729007897349, 0.10233085937572615, 0.10595908453476588, 0.11915178671108974, 0.09324541011929072, 0.11100141996795161, 0.12266693076680465, 0.1019297315756392, 0.1192174868697587], [0.12463030861271643, 0.1011885849661726, 0.10694282848277889, 0.11734991548519176, 0.09252792973626202, 0.11129688731672126, 0.12331817200657255, 0.10105676991024955, 0.12168860348333493], [0.12427431283179519, 0.1017362819524515, 0.10639338053024205, 0.11824514176117143, 0.09286688551156269, 0.11106146166513836, 0.12346254544491768, 0.10141957526847714, 0.12054041503424397], [0.12055936809317934, 0.10923660308000328, 0.10676784535837511, 0.12434158882717392, 0.09909796002772346, 0.11369064452553704, 0.11230803830408387, 0.11129520526461313, 0.10270274651931088], [0.12048203137458846, 0.10932520612989706, 0.10670523765591525, 0.12442646085612102, 0.09918239952381717, 0.11364594048337312, 0.11227514304008239, 0.11133830543405655, 0.10261927550214901], [0.12084003652135589, 0.10856716999854854, 0.10694888181549811, 0.12441660878194558, 0.09842652402976707, 0.11364627430788245, 0.11297157411873353, 0.11065294618221368, 0.10352998424405521], [0.12105741951126746, 0.10803666037824604, 0.10716359589686891, 0.1243552268903998, 0.09791460505020948, 0.11367423124094964, 0.11340695034200518, 0.1102099098892973, 0.10418140080075622], [0.11993373825293491, 0.10985423893321533, 0.10625000711863276, 0.12500000000000003, 0.0996907298577334, 0.11323452498216033, 0.11230970228212048, 0.11144139373895608, 0.10228566483424681], [0.11941321935545379, 0.11078443056768993, 0.10611035590925388, 0.12419842420605781, 0.10071110574097801, 0.11312975319351347, 0.11186267406053434, 0.11210712167405794, 0.10168291529246085], [0.12029467980068584, 0.10908136209400807, 0.10647869973843764, 0.125, 0.09891673028607788, 0.11323401832478133, 0.11305111352403469, 0.11074737567771745, 0.10319602055425711], [0.1202105931015129, 0.10916973723776374, 0.10643078142189992, 0.1249020833693021, 0.09901943701601053, 0.11317102784319392, 0.11312586180504114, 0.1107516852428749, 0.1032187929624007], [0.12058389491289964, 0.10803088101406251, 0.10681486983654574, 0.125, 0.09791076080715959, 0.11317583750740765, 0.11411320170185857, 0.10979171457016716, 0.10457883964989913], [0.12001528208388804, 0.109356251689796, 0.10627982297833112, 0.125, 0.09921065534216277, 0.11302163148266872, 0.11319361163929806, 0.11077111396200189, 0.10315163082185343], [0.12040221356725905, 0.10825917840678675, 0.10670034186482649, 0.12478223028479951, 0.0981678126104418, 0.11305704111785499, 0.11422439830607102, 0.10985439770394918, 0.10455238613801121], [0.12028870919965207, 0.10863355679282698, 0.10660343826042282, 0.12448599298079725, 0.09855550840099997, 0.11304791810418352, 0.11402036829805638, 0.11013436471779615, 0.10423014324526485], [0.12014183019450614, 0.10895335992004403, 0.10648197426056788, 0.12438069085103216, 0.09888113796851843, 0.11299621423243325, 0.11386638565016163, 0.11034482270202282, 0.10395358422071369], [0.11865525563040852, 0.1114