[[0.10473823041911988, 0.11912937906650704, 0.10689910472001193, 0.11631775913618576, 0.12157675590231136, 0.12378303893870804, 0.10299216067549818, 0.10503432034753765, 0.09952925079412], [0.10432100187346142, 0.1196210808452293, 0.10655432403019717, 0.11686943054806885, 0.12223770514304069, 0.12488894928077435, 0.10246022563785437, 0.10447988985090863, 0.09856739279046527], [0.10485965312746104, 0.11901661910186485, 0.10690663080731667, 0.1163159678930203, 0.12144084658009306, 0.12372357119696537, 0.10310024788921344, 0.10504625645774801, 0.09959020694631723], [0.10479392844014646, 0.1191175153314083, 0.10685885410454855, 0.11643193218426805, 0.1214433681692635, 0.12395252086984594, 0.10301429115722682, 0.10495995800347083, 0.09942763173982175], [0.10434789357444214, 0.11958545696315004, 0.10651603999125861, 0.116906956927696, 0.12224227607531024, 0.125, 0.10246775313451341, 0.10442613059284811, 0.09850749274078145], [0.10450166293594078, 0.11943604856901645, 0.10659109078301726, 0.11680345105131744, 0.12202528129470264, 0.12473091963475857, 0.102635466339632, 0.10454443380100432, 0.09873164559061037], [0.10489548675804265, 0.11901442992134957, 0.10688688227251927, 0.11638740716784707, 0.12133946451942025, 0.12382021279857283, 0.10311648001777514, 0.10500615633896208, 0.09953348020551112], [0.10493085703316428, 0.11898294056753034, 0.1068372075731248, 0.11644274324812813, 0.12134623965531034, 0.12395174332509659, 0.10312520883320636, 0.1049340120151127, 0.09944904774932664], [0.1051601914323473, 0.11859997100491854, 0.10693910310350571, 0.11611057913688899, 0.12114427422084423, 0.1236241401429371, 0.10339730516319942, 0.10513872916561658, 0.09988570662974211], [0.10487145627650223, 0.11909762901844542, 0.10669741557063643, 0.11667609775869485, 0.12161929346880627, 0.12422798426097584, 0.10300279224294577, 0.10470968014393721, 0.09909765125905597], [0.10465142980401367, 0.11943392507799258, 0.10650586118751944, 0.11710963171814968, 0.12220701156974352, 0.12452382517023391, 0.10270417154476233, 0.10437266586994356, 0.09849147805764116], [0.10520913637990946, 0.1185666968481068, 0.10691737740610843, 0.11615601357445517, 0.12103892625955469, 0.12373529394934556, 0.10342720149005853, 0.10510224681344278, 0.09984710727901858], [0.10476170001894627, 0.11927952599138575, 0.10655114548778674, 0.11697282150382958, 0.12198108388332744, 0.12448407315035513, 0.10282860063787513, 0.1044616846295677, 0.09867936469692627], [0.10492471201468095, 0.11908980305672896, 0.10661771772441184, 0.11683005163432585, 0.12171331774957933, 0.12432128782854412, 0.10300614853412364, 0.10457818489220898, 0.09891877656539645], [0.10475793545955073, 0.1195141635501696, 0.1064800076550304, 0.11743029143930471, 0.12242190296903992, 0.12407581013967606, 0.10275272467492232, 0.10426728365370748, 0.0982998804585988], [0.10504485159629658, 0.11884323891021394, 0.10670230901423236, 0.11654853529962111, 0.12132402513070764, 0.12436566847384935, 0.1031695663486913, 0.10474832307531258, 0.09925348215107517], [0.10481000979853272, 0.11941145608440122, 0.10649157882730437, 0.11732596879501397, 0.12227507023142044, 0.12416624183575044, 0.10281239411473433, 0.10430698773195937, 0.09840029258088316], [0.10488269335214456, 0.11925223037891762, 0.10652809794699383, 0.1171299960031319, 0.12202807643235343, 0.12427418836440392, 0.10290791404592371, 0.10439862697138613, 0.09859817650474492], [0.10536293532224313, 0.11834041334513279, 0.10689552775286087, 0.11607711780611198, 0.12106154641130652, 0.12367458220379864, 0.10356393738769663, 0.10509550501059957, 0.09992843476024987], [0.10496204820358519, 0.11914748715441192, 0.10656082599226374, 0.11703676438626481, 0.12187618732855046, 0.12422920888671297, 0.10299685628798619, 0.10446122684185404, 0.09872939491837064], [0.10506593760798642, 0.11879119111001955, 0.10661884102294499, 0.11660672816211452, 0.1214518255945111, 0.12455962801225269, 0.10315494879368989, 0.10463416096460203, 0.09911673873187882], [0.10499442278316733, 0.11908022759434543, 0.10655995592784057, 0.11698524668411785, 0.12178917028748223, 0.12431459203669379, 0.10303037114736611, 0.10447281845498126, 0.09877319508400546], [0.1054136827030562, 0.11826645210797258, 0.10690809378375808, 0.11603006418267771, 0.12105704672031453, 0.12359044860693746, 0.10361794748774442, 0.10512197866739144, 0.0999942857401474], [0.10504389333092941, 0.11892163847263088, 0.10655848817592421, 0.11683042602951237, 0.12159478318472497, 0.12456388957746407, 0.10309055356897291, 0.10450826157919961, 0.0988880660806416], [0.10507895370375334, 0.11874772765233232, 0.10657222141033106, 0.11662347768099, 0.1215440865646313, 0.12465913001047091, 0.10314972054563722, 0.10457405013560415, 0.09905063229624968], [0.10525104345492174, 0.11846696134870875, 0.10669023264432025, 0.11632433443703175, 0.12141538410625576, 0.12423259884121657, 0.1033717029524501, 0.10478827342644201, 0.09945946878865326], [0.10537790346858247, 0.11829923822851204, 0.10680146150485569, 0.11613773193685113, 0.12125877941433973, 0.12384602834413388, 0.10353974740248528, 0.10496731752772498, 0.09977179217251479], [0.10507936181086484, 0.11913686598163438, 0.10652758059267241, 0.11723638684766678, 0.1219477386574503, 0.12402642139700296, 0.10306478478961645, 0.10437533776300252, 0.09860552216008933], [0.10507762750499282, 0.1188588137570683, 0.10650671022304226, 0.1168577759721442, 0.12172463818736373, 0.12461814646875274, 0.10310032140162502, 0.10443962663772215, 0.09881633984728874], [0.10530920204111259, 0.11838005155004684, 0.10670103622284058, 0.11626860348529323, 0.12142715965237681, 0.12413623318783755, 0.10343231380875917, 0.1048146540927818, 0.09953074595895142], [0.10518578431625163, 0.11854280597290925, 0.1065862014979362, 0.11646601651432198, 0.12157756301997942, 0.12453866868666792, 0.10326536897329339, 0.10462870327338214, 0.09920888774525809], [0.10510248994794318, 0.11867234590654582, 0.10650454649289462, 0.11663808270758372, 0.12167995969646568, 0.12480422271249464, 0.1031472250944979, 0.10448897750390385, 0.0989621499376704], [0.10509181260627021, 0.11876212439504584, 0.10647833336827288, 0.11678096752949586, 0.12176124287336242, 0.12475581845455282, 0.10311278105777757, 0.10442355533419144, 0.09883336438103092], [0.10553220563653236, 0.11809048950664687, 0.10686367351629059, 0.11598631856439473, 0.1211975731747303, 0.12353134127940915, 0.1037123944664818, 0.1050784101898622, 0.10000759366565198], [0.10532084148688402, 0.11834933605973998, 0.10663983340362053, 0.11631080327808434, 0.12155897528983588, 0.12424423658494468, 0.10341788716440817, 0.10473052878340104, 0.09942755794908122], [0.10553639783501166, 0.11808061679937824, 0.10683354025989075, 0.11600827343234424, 0.12126358995596756, 0.12358222121351352, 0.1037036634299894, 0.10503662568569853, 0.09995507138820613], [0.10516037065632519, 0.11876917761147593, 0.10643600870778291, 0.11694002741195574, 0.12196474485465027, 0.12455212711548183, 0.10313973740440557, 0.10433527128662462, 0.09870253495129797], [0.10513149291985682, 0.11857712599212948, 0.10641372943185062, 0.11666393230861699, 0.12186228324884872, 0.125, 0.10314074638722534, 0.1043730557778666, 0.09883763393360545], [0.10530939406788481, 0.11835408102102672, 0.10658239704861129, 0.11636959306697847, 0.12167024428123607, 0.1243743868946327, 0.10338264507951411, 0.10464701206586706, 0.09931024647424878], [0.10523256904039631, 0.11908347684654771, 0.10648222379958254, 0.1174656629790281, 0.12214318354122507, 0.1237084908284709, 0.10315654437604092, 0.10426785748775375, 0.09845999110095471], [0.10516406495439987, 0.11863777039414965, 0.10640891527473043, 0.11679541465804331, 0.12196651897715859, 0.12477974613985379, 0.10315146802101585, 0.10433643880598, 0.09875966277466833], [0.10523402686486774, 0.11887576433805573, 0.1064387106384992, 0.11720156825933101, 0.12210131741955317, 0.12412937354443643, 0.1031736120566381, 0.10427737170577861, 0.09856825517284001], [0.105204471317576, 0.11871804632222671, 0.10640909392028107, 0.11696474028716825, 0.12207193188689291, 0.12450098678916958, 0.10316624581643599, 0.10429701468833369, 0.09866746897191578], [0.10545692409196256, 0.11815949968746123, 0.10662938685579428, 0.116233603999969, 0.12166620428956834, 0.12406548017079683, 0.10354163614755045, 0.10473575413476854, 0.09951151062212875], [0.10530131325236314, 0.11843054056403303, 0.10635562318323767, 0.11675235251215144, 0.12221399904820308, 0.1246423604051693, 0.10325747911044188, 0.10428181059359189, 0.09876452133080856], [0.10571914626063411, 0.11783860085776741, 0.10678592863703451, 0.11595162416096372, 0.12144556846962623, 0.12342228153886749, 0.10385384737389308, 0.10499090676076232, 0.09999209594045114], [0.1053427166046361, 0.1188208367008593, 0.10629896093636573, 0.11754495039336374, 0.12256894356393273, 0.12400270475376367, 0.10318447710302017, 0.10402751762307995, 0.09820889232097861], [0.10534304299198706, 0.11884281077599804, 0.1062918637894638, 0.1176029556772729, 0.12259643077305957, 0.12397746189545128, 0.1031762528306715, 0.10400531773762497, 0.09816386352847085], [0.10566595200485149, 0.11789864055957182, 0.10670049881892589, 0.11605651934949793, 0.12161917268108836, 0.12363763708951633, 0.10376701796772633, 0.10486259642789111, 0.09979196510093072], [0.10536451350978766, 0.11872183946401751, 0.10632718523618301, 0.11734620690109612, 0.12247488897535773, 0.12404668791164496, 0.1032337899130603, 0.10410830067734575, 0.09837658741150679], [0.10535814905140697, 0.11851020083911241, 0.10633412122347953, 0.11697900767347996, 0.12240233634754073, 0.124328483617204, 0.10327246101691372, 0.10420255340702428, 0.09861268682383839], [0.10536106630994262, 0.11874648474265811, 0.10628285529882996, 0.11747147679453994, 0.12258897534272743, 0.12408192832403227, 0.10320302716862313, 0.1040250939612175, 0.09823909205742906], [0.10547247446882602, 0.11813252801442538, 0.10646801508105135, 0.11640384114144196, 0.12205174816095225, 0.1242964132785829, 0.10348241456743061, 0.10449931690398588, 0.09919324838330364], [0.10564548696324952, 0.11792057011974642, 0.10664534877568009, 0.11612042662735823, 0.12173822889985017, 0.12375581275157482, 0.10372352305528282, 0.10478053665640118, 0.09967006615085673], [0.10542639240906805, 0.11836482499811812, 0.10630881987432163, 0.11689079503082543, 0.12250878047026617, 0.12431820796129907, 0.10333308696255619, 0.1041919711194454, 0.0986571211741001], [0.10544483171695024, 0.11839284691506953, 0.10630200263518652, 0.11697032596060895, 0.122569670098297, 0.12421381262282312, 0.10333728295794564, 0.10416502164158539, 0.09860420545153362], [0.1054373738621534, 0.11849208654949246, 0.10623558924555597, 0.11723568139526576, 0.12268759770753021, 0.12426280706312647, 0.1032792683193022, 0.10402219675993067, 0.09834739909764281], [0.10546916328287725, 0.11824674835967021, 0.10630964256478106, 0.11677027460088253, 0.12251496242705405, 0.12433617246019561, 0.10338423366144192, 0.10422072871167891, 0.09874807393141828], [0.10542548378576988, 0.11854420082958786, 0.10620141647217017, 0.11737421579550097, 0.1227410548820581, 0.12431066120600562, 0.1032427635230141, 0.10394827806489894, 0.09821192544099432], [0.1054972033125354, 0.11816773333943506, 0.10632819445867156, 0.1166649492050306, 0.12246686793308934, 0.12433201223598354, 0.10342683347730994, 0.10426765511835692, 0.09884855091958766], [0.10568953812791324, 0.11786606160875826, 0.10655052841419486, 0.11620384030172075, 0.12199564850197736, 0.12382556095083112, 0.10372029175398903, 0.10464481187214962, 0.09950371846846591], [0.10544995570620795, 0.11845514515795696, 0.10620459456362202, 0.11724927207793737, 0.12274896757109739, 0.12433088845533531, 0.10327858084980786, 0.10398109101275017, 0.09830150460528475], [0.10553439285899457, 0.11809334577835201, 0.10635552984065272, 0.11656845292966281, 0.12241076582545114, 0.12427677828019183, 0.10347915249188425, 0.10432316267816143, 0.09895841931664924], [0.10556286165589696, 0.11805008834277451, 0.10636896987922606, 0.11652504148156445, 0.12239440162067258, 0.12422283617900995, 0.10351314320254251, 0.10434940942260314, 0.09901324821570989], [0.10559493388259036, 0.11799747273029082, 0.10640317348355009, 0.11644680295417444, 0.12232148090001285, 0.12414642472677197, 0.10356124857165486, 0.10440909560498433, 0.09911936714597043], [0.10568645199545255, 0.11787369551693075, 0.10648766462682094, 0.11628325876363067, 0.122157132451568, 0.12390790288487137, 0.10368731539926317, 0.10454946515093216, 0.09936711321053039], [0.10552969172103648, 0.11820107877718007, 0.10625385503531035, 0.11686769264233327, 0.12272342873605531, 0.12425709692096137, 0.10340641174930934, 0.1041293404330094, 0.09863140398480437], [0.10557246987698571, 0.1180731814523575, 0.10632166701845026, 0.11663384773910941, 0.12255229569527021, 0.12420383418048177, 0.10349280513851487, 0.10426617376513664, 0.09888372513369367], [0.10574474284818527, 0.11780311371524407, 0.10652024823690698, 0.11621810651637329, 0.12210756663268929, 0.12377482196245301, 0.10375606052612646, 0.10460377817160042, 0.09947156139042122], [0.10552275985759654, 0.11823081013411171, 0.10620016159707446, 0.11699166872060264, 0.1228351827764218, 0.12433662508595186, 0.10336872575512393, 0.104034891172514, 0.09847917490060304], [0.10558943620727847, 0.11807793878317033, 0.10629896339510814, 0.11669476421591171, 0.12264636132535772, 0.12415587260210155, 0.1034925649846172, 0.10422406070847617, 0.09882003777797878], [0.10564710770551924, 0.11797185684639472, 0.10632849717699736, 0.1165732469504172, 0.12259105196175335, 0.12407940718508306, 0.10356613629792685, 0.1042877210672547, 0.09895497480865356], [0.10570378900638844, 0.1178793682267926, 0.10637383923326575, 0.1164522294738678, 0.122492530954263, 0.12397251318731788, 0.10364416628735226, 0.1043705995030601, 0.09911096412769219], [0.1056530872039193, 0.11791680050892075, 0.1062051113046585, 0.11668440255454764, 0.12285426011088717, 0.12433091826760208, 0.10351892534523584, 0.10411230745087457, 0.09872418725335401], [0.10588442652707329, 0.11765192047180596, 0.10646229526994526, 0.11624471591494222, 0.12235130064482391, 0.1236069238346765, 0.103853536335205, 0.1045246532794957, 0.09942022772203217], [0.10588732105746053, 0.1176310045549854, 0.10637995654350113, 0.11633268349659959, 0.12254964349518169, 0.1237344629189927, 0.10381951887021276, 0.1044056595186664, 0.09925974954439978], [0.1055972451376673, 0.11798964859431849, 0.10589474511780955, 0.11730592488563406, 0.12339036478973331, 0.125, 0.10330318781246983, 0.10359731671343493, 0.09792156694893255], [0.1058678284543222, 0.11763706657302504, 0.10632762474827442, 0.11638986521136488, 0.12265809272926184, 0.12386191843793919, 0.1037792579984215, 0.10432950151963943, 0.09914884432775152], [0.1056913641539495, 0.11785331304364927, 0.10588291266156843, 0.11724768873647004, 0.12355744455401446, 0.12480569955185232, 0.103387055265314, 0.10359758111626059, 0.09797694091692137], [0.10597779783947726, 0.1174986252621589, 0.10636073208125317, 0.11629468810948851, 0.12260463945275694, 0.1236814359303841, 0.10389703549017072, 0.10439200341313466, 0.09929304242117576], [0.10567751446827392, 0.11771821709462081, 0.10591003060653306, 0.11692304871284277, 0.12343987581354386, 0.125, 0.10342100802889219, 0.10370400650151158, 0.09820629877378179], [0.10579369966623482, 0.11762845181548519, 0.10607387963210005, 0.11666674878812455, 0.12317979136203105, 0.12447444698041064, 0.10360253033449561, 0.10396050690860925, 0.09861994451250884], [0.10571251880326592, 0.11767304371788895, 0.10591324017914136, 0.11689765627434544, 0.12346846574234878, 0.1249270053860385, 0.1034551542719972, 0.10371395916347072, 0.09823895646150314], [0.10601773890604793, 0.11743122150449106, 0.10632121301930773, 0.11630867200940513, 0.12269818899798228, 0.12371615432313528, 0.10391767084878713, 0.10434145179273016, 0.09924768859811331], [0.10596403117340762, 0.11741233562947642, 0.10609040954380866, 0.11655604164760491, 0.12321801084161238, 0.12421202686557756, 0.10376835845150623, 0.10400657219156657, 0.09877221365543966], [0.10595353251757934, 0.11740656590589772, 0.10603755637652376, 0.11661850122445952, 0.12334237247664892, 0.1243173391344118, 0.10373512136474097, 0.10392855585226596, 0.09866045514747196], [0.10607752986896819, 0.11731336100562562, 0.10620178475396057, 0.11639426742880431, 0.1229849249966331, 0.12386917987177132, 0.10392138365093657, 0.10417806253326088, 0.09905950589003942], [0.11890309444892212, 0.10369551865058464, 0.11565910233874208, 0.12289429020640354, 0.1015835595876306, 0.09292085678463628, 0.12261422613840875, 0.11148825924276039, 0.11024109260191159], [0.11829742131750676, 0.104146534169477, 0.11570877325573312, 0.12239338336790842, 0.10214717849916533, 0.09306154537412083, 0.12382899738291298, 0.11095637196875124, 0.10945979466442433], [0.11868197063912156, 0.10397174867224818, 0.1157189100121759, 0.12223665962036853, 0.10193439085589924, 0.09307265413857767, 0.12326600376816406, 0.11124662896140157, 0.10987103333204332], [0.11898730741675799, 0.10367297474788989, 0.11559824040249814, 0.12285400745472921, 0.10160476830970569, 0.09295661149077968, 0.1226921472536822, 0.11143796927918749, 0.11019597364476968], [0.11904085475571885, 0.10367642315041695, 0.11556374063752213, 0.12280438225533041, 0.1016418819095294, 0.0929985567973101, 0.12271865131928945, 0.11139944810485743, 0.1101560610700255], [0.11914636683769167, 0.10345540260566895, 0.11565022847343949, 0.12290024337464601, 0.10143433420959987, 0.09283189633065886, 0.12300791668515007, 0.11134639568275491, 0.11022721580039017], [0.1188195350138755, 0.10401024457606742, 0.11553811747611772, 0.12208041668371289, 0.10214490588593178, 0.09324270089171094, 0.12361329425474275, 0.11098096025261481, 0.10956982496522617], [0.11847588975241959, 0.10419508850099177, 0.11546500701179738, 0.12212964596608056, 0.10241942714128814, 0.09331674463367941, 0.12421793376604302, 0.11065207813301774, 0.10912818509468253], [0.1194547445227519, 0.10356159297807918, 0.1153425220930085, 0.12256715879914186, 0.10174389477128372, 0.09316813956620645, 0.12308348564769625, 0.11114089569492948, 0.10993756592690264], [0.11950642259581853, 0.10376300279979822, 0.11525113208901115, 0.12224180866390949, 0.1020619479925621, 0.09343236677184877, 0.12302034272196267, 0.11100061237401125, 0.1097223639910777], [0.11966110747912145, 0.10371420610944286, 0.11514694463002781, 0.1221907464095329, 0.10208354741132473, 0.09348893130054618, 0.123123739043658, 0.11092747333132258, 0.10966330428502363], [0.11970225985186897, 0.10279471440513178, 0.11576820621077137, 0.12254339727816585, 0.10100778853568054, 0.09262720379129767, 0.12403613852878854, 0.11096613184642995, 0.11055415955186519], [0.11941428353447305, 0.10401011425823892, 0.11511615119257626, 0.12159270499177953, 0.10253245965742118, 0.09372032925614647, 0.12385805053334153, 0.11057927860204768, 0.1091766279739754], [0.11904151754595263, 0.10420023239405979, 0.1148913642766089, 0.12175650814574548, 0.10291293596865028, 0.09378663782902111, 0.12499999999999999, 0.10998833254761754, 0.10842247129234418], [0.11945505302140749, 0.10405328045541844, 0.11500154810736932, 0.1214978488287208, 0.10268950034823444, 0.09384435125784131, 0.12408150190966304, 0.11040342427873594, 0.10897349179260932], [0.11996986089435395, 0.10342952914148108, 0.11507663657607292, 0.1222136163707183, 0.10188445182158486, 0.09339168129797376, 0.12348634345189585, 0.11081116552109657, 0.1097367149248228], [0.11996942371565289, 0.10279765824937658, 0.11554601999742113, 0.12231691205046594, 0.10116169869465694, 0.0928049248427674, 0.12426796396434536, 0.11078602761491528, 0.11034937087039849], [0.12002439865053598, 0.10347725451232156, 0.11500527938986203, 0.12214266523212503, 0.10197408176856579, 0.09348504345734178, 0.12344748945427608, 0.11077742854711313, 0.10966635898785852], [0.11973436929939212, 0.1040321411225425, 0.11488917950309085, 0.12132284446193072, 0.10277337277808385, 0.09401554479832107, 0.12390842765950259, 0.11036192948915172, 0.10896219088798459], [0.11953243043296688, 0.10411764862550527, 0.11484235835338084, 0.12133558751394763, 0.10291510394811476, 0.09404757200269406, 0.1242991069572505, 0.11018409806056535, 0.10872609410557459], [0.12017987640216098, 0.10271634473740576, 0.11544647314564026, 0.12209848197826509, 0.10119599469511414, 0.09290039073420032, 0.12451418810138648, 0.11064247064498108, 0.11030577956084568], [0.12036313428413789, 0.10306301012808747, 0.11506027115909455, 0.12200105997538016, 0.10167497060351162, 0.09329472181097437, 0.12416558478591733, 0.11055496174358032, 0.10982228550931619], [0.12015446272806789, 0.10389126398982584, 0.11470675634862355, 0.1212785760983628, 0.10274722547489477, 0.09411666527240586, 0.12383067561914532, 0.11030838872899411, 0.10896598573967985], [0.12022935447820769, 0.10379496507211458, 0.11468757053276117, 0.12140373630029223, 0.10262492593251067, 0.09403098543271715, 0.1238461669634587, 0.11034871843161256, 0.10903357685632524], [0.12044489991748268, 0.10326692697957683, 0.11487253941129501, 0.12188723984490736, 0.10195833627488217, 0.09355973547840199, 0.12388246301291247, 0.11051945243122992, 0.10960840664931168], [0.11976504514402206, 0.10416318109919036, 0.11464657591556124, 0.1211601884993626, 0.10315922592194368, 0.09433360094778942, 0.1242556537089688, 0.10998848661074295, 0.10852804215241893], [0.12031010559748663, 0.10263206280147351, 0.11544077962005887, 0.12191399298887359, 0.10118659978878572, 0.09297370965655807, 0.12460243525044366, 0.11056290663136205, 0.11037740766495778], [0.12045856763895255, 0.10358531543239466, 0.11460144040080203, 0.12164848038439756, 0.10238662385724417, 0.09392554067368745, 0.12374339762343346, 0.11044294104904492, 0.10920769294004319], [0.1197830160383541, 0.10428239711514042, 0.11450012965325691, 0.12125848418248364, 0.10342188747201579, 0.09448725229997434, 0.12438747990981798, 0.10970254560200356, 0.1081768077269534], [0.12010115803062245, 0.10409098732650159, 0.11461690947992842, 0.12099357336654439, 0.10310885620525215, 0.0944171933298991, 0.12388547793071526, 0.11009341986240913, 0.10869242446812749], [0.12040553503427175, 0.10373445264667806, 0.11457507449763163, 0.12134707607558252, 0.10263852055176335, 0.09408323270179417, 0.12397605654357935, 0.11026994909262047, 0.1089701028560786], [0.12045917751282953, 0.10266391437396652, 0.11526583699307832, 0.12182854000189805, 0.10130016962943812, 0.09306485645601834, 0.12478586929615887, 0.11045482062171301, 0.11017681511489914], [0.12053486339024548, 0.10359472284371317, 0.1145414289554622, 0.12154309212231136, 0.10245697400212574, 0.093993048965262, 0.12385253865038351, 0.11036354453162724, 0.10911978653886932], [0.11989427111831683, 0.10427696854216985, 0.11445612197198587, 0.12117406940006363, 0.10346423456828024, 0.0945692857499495, 0.12430118930425384, 0.10968840719256702, 0.10817545215241324], [0.120385481344332, 0.10388082435426078, 0.11452426243975129, 0.1210556200788867, 0.10289849241705985, 0.09429520482250159, 0.12406059933833731, 0.1101219863161756, 0.10877752888869477], [0.12056993350646569, 0.10266701814165476, 0.11516756202748495, 0.1217394493511562, 0.10136529362118318, 0.09313654653230169, 0.12489330314636722, 0.11037922959160945, 0.11008166408177687], [0.1206813528494592, 0.10266760167082702, 0.11507199523222153, 0.12164716281006198, 0.10142834249633667, 0.09320856899070064, 0.125, 0.11030358647028086, 0.1099913894801121], [0.12075239081788224, 0.10361498890668401, 0.11436706385105787, 0.12125406824738519, 0.1026492431830699, 0.0941852296860552, 0.12414993189658524, 0.11014498556751208, 0.10888209784376843], [0.1205426749317365, 0.10390625698995909, 0.11438546572368177, 0.12084206723553607, 0.10306179129424313, 0.09447347695065678, 0.1242092906796208, 0.10996602959066733, 0.10861294660389854], [0.12013645283475838, 0.1044094999954036, 0.11425238365705138, 0.1210409633987221, 0.10382508508446597, 0.09494676305797047, 0.12402387125089967, 0.10944984943664716, 0.10791513128408128], [0.12083469605673297, 0.1028212915474242, 0.11490223179148389, 0.12157979331868733, 0.10166850322928786, 0.0934354272429596, 0.12471129623121513, 0.11025223794869148, 0.10979452263351744], [0.12079206839521324, 0.10365055030720828, 0.11431445355345836, 0.1211180931558538, 0.10275177403167521, 0.09426856963107876, 0.12428120474699655, 0.11005202038310219, 0.1087712657954135], [0.12026516674122714, 0.10429165107330238, 0.11428440745760707, 0.1209087419552562, 0.10366476448687788, 0.09488579202266827, 0.12399861485520548, 0.1095916709600133, 0.10810919044784244], [0.12002175053896724, 0.10468294732730771, 0.11414479892827264, 0.12109588960628052, 0.10424949228402075, 0.0952861683827786, 0.12368539411421216, 0.10921738239124469, 0.1076161764269156], [0.12075999619588793, 0.10372498086241512, 0.11429654708924454, 0.12097623022023563, 0.10287921128814148, 0.09435930090218626, 0.12436372826461353, 0.10997395927998005, 0.10866604589729548], [0.12101870932803413, 0.10314806262128527, 0.11460549107054768, 0.12144991418411749, 0.10213066487319078, 0.09386302666171956, 0.12414589354745352, 0.11019464269059143, 0.10944359502306014], [0.12024280896050102, 0.10461465566342679, 0.11407489455893939, 0.12095367434681176, 0.10424660506938198, 0.09535291406540944, 0.1236747231490834, 0.10920652212954751, 0.10763320205689872], [0.12036022027600753, 0.10446700996303909, 0.11411212377407554, 0.12088585834480779, 0.10403955678483925, 0.09521118012539707, 0.12380619922681176, 0.1093247765630583, 0.10779307494196357], [0.12092988385059251, 0.10258625404001853, 0.11502617605757198, 0.12178416935630407, 0.10149609793016325, 0.09343519400075523, 0.12448320842123498, 0.1101730434177552, 0.11008597292560422], [0.12107951149962369, 0.10281424853341056, 0.11479367110500231, 0.12136285159532562, 0.10179226932251205, 0.09364018089112153, 0.1246329586968035, 0.11013478897434449, 0.10974951938185634], [0.12056244710845401, 0.10430480513847724, 0.11414647797345674, 0.12069620172214054, 0.10382601048560301, 0.09514147422808414, 0.12375399288451666, 0.1095134902983928, 0.10805510016087494], [0.12106808246433824, 0.10364673297477882, 0.11409554376183086, 0.12081471255086805, 0.10294678602615956, 0.09448933606920763, 0.12459837489683524, 0.10981486632868559, 0.1085255649272959], [0.121233723038046, 0.10296055951581898, 0.11461786413711156, 0.12127574445193819, 0.10203029922905173, 0.09386546807172182, 0.12439433718037736, 0.11007394316808414, 0.10954806120785021], [0.1209932748123763, 0.10377911043893513, 0.11408060820081016, 0.12061252171956433, 0.1031562259589639, 0.09465067361918428, 0.12462283264587355, 0.10971644163486297, 0.10838831096942927], [0.12061614973758726, 0.10439337515117296, 0.11405020572598487, 0.12069421565299371, 0.10402410330046277, 0.09530410033847654, 0.123690152927845, 0.1093579557690942, 0.10786974139638267], [0.12114046631936827, 0.10371619274415216, 0.11399179481281128, 0.12057365697980964, 0.10314501861625383, 0.09467112135573945, 0.12476270401601625, 0.10965685178924822, 0.10834219336660077], [0.12129358717829605, 0.1035782897190508, 0.11398240305918131, 0.12077373008712726, 0.1029463520437255, 0.0945593859998164, 0.12459741501363275, 0.10976519098727353, 0.10850364591189643], [0.1206816803252373, 0.10452032529805222, 0.11391340220481451, 0.12065082899191389, 0.1043070378981861, 0.09555429976612355, 0.12358361201390025, 0.10915591592608369, 0.1076328975756884], [0.12140742492193676, 0.10344998994124538, 0.11404754349468098, 0.12097552421908518, 0.1027442861916153, 0.094471396078872, 0.12413444139936321, 0.10991007743871013, 0.10885931631449106], [0.12064644505359176, 0.10459238622276938, 0.11385852266890313, 0.12065337443596419, 0.10444048551729991, 0.09565253664467595, 0.12359206855971001, 0.10905538518433344, 0.10750879571275222], [0.12139771153570325, 0.10288163226456389, 0.11458691066329023, 0.12111101772877583, 0.10203378245475829, 0.09394850217701842, 0.12447012302118017, 0.10998459306920254, 0.1095857270855074], [0.12095271907962103, 0.10408137373104245, 0.11397388439901608, 0.1202917195038073, 0.10369057718253796, 0.09516438368433888, 0.12423009654469734, 0.10949990879043958, 0.10811533708449922], [0.12091252392322503, 0.10416323504991074, 0.11396800495647605, 0.12035670510072528, 0.10380892188201957, 0.09525442904952026, 0.12404097236570406, 0.1094505291263652, 0.10804467854605378], [0.12092037084236668, 0.10412755056017281, 0.11396758630721052, 0.12032193649559343, 0.10376077097686073, 0.09522245895776159, 0.12413114226084454, 0.10947179941865652, 0.10807638418053306], [0.12159690328582837, 0.1034611729074205, 0.11390712429169592, 0.12080795547877846, 0.10286858675551562, 0.09462745570825366, 0.12419830491291584, 0.10979331597020194, 0.10873918068938972], [0.1213982350748197, 0.10364574141125368, 0.11382000817705383, 0.12043013538701526, 0.10319775560679323, 0.0947740462307672, 0.12499999999999999, 0.10951722956484997, 0.10821684854744704], [0.12150501368948505, 0.10360202244985904, 0.11381182412439854, 0.12050777441032622, 0.10313917654758524, 0.09477073477218846, 0.12479600776717453, 0.10957042285803532, 0.10829702338094761], [0.12147014488991041, 0.10256325507712384, 0.11456160484529612, 0.12141425297119206, 0.10177572478833295, 0.09376677987315171, 0.12500000000000003, 0.10979744431620973, 0.10965079323878327], [0.1215200312408819, 0.10392790168167698, 0.11368571965199069, 0.11999798407468384, 0.10373960825640713, 0.0953530941032658, 0.12446833072267263, 0.10932158448878719, 0.10798574577963385], [0.12127659748054218, 0.10436053907071306, 0.11355206266923042, 0.12017622228124, 0.10443962322311356, 0.09581932436150457, 0.12408756264813035, 0.10888530516863328, 0.10740276309689259], [0.12181932440907982, 0.10363097809099019, 0.11364057623454173, 0.120290324495774, 0.10333864137773698, 0.09505448344505883, 0.12461680712064653, 0.10943472145022473, 0.10817414337594732], [0.12167868776972988, 0.10382092121945076, 0.11363118992869305, 0.12005163368404366, 0.10363278840799653, 0.09528571252153953, 0.12457505056836635, 0.10931780154438249, 0.10800621435579778], [0.12176912952343416, 0.10267864241139661, 0.11435846223501821, 0.12118110083193259, 0.1020492819366113, 0.09409094185483097, 0.12472173555764787, 0.10968017304466503, 0.10947053260446313], [0.1214986533397744, 0.10422717673770777, 0.11357851470746538, 0.11999169807168734, 0.10425991832176087, 0.09579495227898693, 0.12392785096347836, 0.10906583619170773, 0.10765539938743131], [0.12155428771036066, 0.10422555085261485, 0.1135267241300432, 0.11995318465402668, 0.10430350114601845, 0.0958377581664441, 0.12400093904804188, 0.10900625018570526, 0.1075918041067449], [0.12166406313263256, 0.1040794540928485, 0.1135369356893333, 0.11975670613329685, 0.10409977805176318, 0.09576635359945407, 0.12412708205344442, 0.10915888935184646, 0.10781073789538066], [0.12218321229968299, 0.10356946938025431, 0.11350304107843516, 0.12023426960844559, 0.1033630587021593, 0.09522056936181555, 0.12421690557924144, 0.10941638982549484, 0.10829308416447093], [0.12215034842585555, 0.10362329565853655, 0.11349609345913225, 0.12015849773616484, 0.10345508438239956, 0.0952821999565622, 0.12431540066297528, 0.10936473065416497, 0.10815434906420879], [0.1217846225774904, 0.10419966724731008, 0.11336210020568437, 0.1197780198876535, 0.1044188711755351, 0.09599097820630276, 0.12416877786193033, 0.10885376956293961, 0.10744319327515385], [0.12237470582798295, 0.10332790276895543, 0.11377533974352042, 0.12035545861345001, 0.10305247487499808, 0.09508410008996124, 0.12369059009892393, 0.10952952520067445, 0.10880990278153352], [0.12224676160353909, 0.10373691105763605, 0.11339662004344345, 0.11991416816138122, 0.10372080623954308, 0.09555291990730075, 0.12424783845312662, 0.10921898708874221, 0.10796498744528742], [0.12191881101408872, 0.10406414770533363, 0.11341502594431756, 0.11958539934200339, 0.1041927829026862, 0.09593603421093191, 0.12404645903156289, 0.1090849705562734, 0.10775636929280227], [0.12201900184141028, 0.10418118609484685, 0.11318901917423088, 0.11960048635176931, 0.10455181047804474, 0.0961591637368469, 0.12433374626476974, 0.10868754216177136, 0.10727804389630993], [0.12260074633314243, 0.10341672995145267, 0.11358632064861855, 0.12015792489784537, 0.10328186344205634, 0.09534921442527283, 0.12355727050819446, 0.10941343702707931, 0.10863649276633805], [0.12274877459738213, 0.10333366574409028, 0.11359047529927407, 0.1200683327534871, 0.10324748767917198, 0.09538452446916008, 0.12357119879669129, 0.10935827333841315, 0.10869726732233001], [0.12261178233798303, 0.10300204286126122, 0.11376657546259367, 0.12061246338532583, 0.10282224990446955, 0.09499414654532558, 0.12392253736660815, 0.10933772055190426, 0.10893048158452862], [0.1221389740528201, 0.1042457961160801, 0.11285254423479753, 0.11943006547257105, 0.10492533355857904, 0.09643859557582712, 0.125, 0.10822135438607045, 0.10674733660325458], [0.12285721713279318, 0.1034011768729224, 0.11349259337326327, 0.11998381703797258, 0.10338482096475216, 0.09553555685064684, 0.12343351806488315, 0.10930934510956228, 0.10860195459320403], [0.12245465873764036, 0.10406841834570582, 0.11313866473634653, 0.1193010318157409, 0.10445656475235422, 0.09637010172760514, 0.12369727825011399, 0.10890270384672689, 0.10761057778776603], [0.12293985748132852, 0.1032877495353359, 0.11347423087209314, 0.12018621455851702, 0.10329930333695764, 0.09548017866073262, 0.12348245500483072, 0.10923757988961537, 0.10861243066058907], [0.1224850641197554, 0.10417255717714183, 0.11287428868067324, 0.11925069619728448, 0.10483304920548664, 0.09653367605310241, 0.1244473512917339, 0.10840233637873928, 0.10700098089608283], [0.12281704036530249, 0.10384723900619736, 0.1130900091416327, 0.11947435224756606, 0.10416444162842835, 0.09617452302403223, 0.12370616545003497, 0.10897936971484444, 0.10774685942196131], [0.12300680644065806, 0.10364297802188652, 0.11308745965675619, 0.1196795147399215, 0.1038406906210938, 0.09594242209588048, 0.12356680786690968, 0.1091114710305144, 0.10812184952637928], [0.1230702400781785, 0.1032542291879701, 0.11339405155658798, 0.12028401400709941, 0.10333288490065874, 0.09554514517966015, 0.12341082410935918, 0.1091538457549209, 0.10855476522556479], [0.12308152606062302, 0.10319030324982736, 0.11340408497856169, 0.12040089279472048, 0.10326995512948596, 0.09549750061964102, 0.12344463774176326, 0.10913000266306476, 0.10858109676231244], [0.12323863288397141, 0.10347279642665724, 0.11317062559153399, 0.11993945259497647, 0.10368819969522461, 0.09589431199062294, 0.12321112626262284, 0.10908018875960507, 0.10830466579478544], [0.12314492535608684, 0.10312964588997976, 0.11337409284428056, 0.12053837279726126, 0.10324218044456407, 0.0954986374359232, 0.12342203001933386, 0.10907407915919333, 0.1085760360533771], [0.12326767948659634, 0.10372646225487153, 0.11293752045188829, 0.11942045975277293, 0.1041048183803392, 0.09627137040253081, 0.12336841838827549, 0.10896291185771548, 0.10794035902501004], [0.12326390840849899, 0.10314017818073387, 0.11328953034875373, 0.12055990589245252, 0.10331820562427438, 0.09559857822646883, 0.12331597247650211, 0.10900878913676848, 0.10850493170554706], [0.12286851273502147, 0.10411655126977204, 0.11282900206479621, 0.11900874676259114, 0.10481197963151356, 0.0967748825101479, 0.12376180424172699, 0.10856863409968945, 0.10725988668474126], [0.12330979402423688, 0.10375194913300179, 0.1129050420064635, 0.11937479282883715, 0.10417438015666931, 0.09634916207136253, 0.12333093836022764, 0.10892366973560658, 0.10788027168359465], [0.12292513327653128, 0.10410604667916155, 0.11266660618412616, 0.11927493973517084, 0.10493821020484217, 0.09678917197550496, 0.12407445127198537, 0.10829270642087947, 0.1069327342517982], [0.12296896491111113, 0.10407627065629066, 0.11286435848899973, 0.11899587539909375, 0.10472060440218833, 0.09680495797125367, 0.12338688371412829, 0.10871972061627018, 0.10746236384066438], [0.12303832021102852, 0.10408102135769945, 0.11262595939284613, 0.11928880083153187, 0.10495112743676041, 0.09684632202901383, 0.12392616377117499, 0.10829233333038618, 0.10694995163955873], [0.12360598919294417, 0.10357004718298056, 0.1128208090661898, 0.11981012524297685, 0.10405001520313016, 0.09629622201430696, 0.12302957435274711, 0.10884134600194816, 0.10797587174277626], [0.12327129839242504, 0.10399693938108924, 0.11279881246760019, 0.11900921574935074, 0.10467071804442396, 0.09682855015903098, 0.12317976310899185, 0.10873338115061788, 0.10751132154647013], [0.12312779885979717, 0.10406090598603274, 0.11262801109557062, 0.11922416589141875, 0.10493284499079218, 0.09690642978801439, 0.1236921787555594, 0.10836866383052367, 0.10705900080229105], [0.12367237128401418, 0.10368033751013464, 0.11268623067667348, 0.1196051575558606, 0.10428305931291344, 0.096522099032725, 0.12300324984065486, 0.10875462675085522, 0.10779286803616857], [0.12373226550481319, 0.1035823429561218, 0.11272236807848927, 0.1198099306690515, 0.10415240196565481, 0.09641228092487453, 0.12293188594389262, 0.10876492153352786, 0.10789160242357443], [0.12373107568242113, 0.10367041812123139, 0.11265059878044695, 0.11963776592514537, 0.10430432499249592, 0.0965528370903989, 0.12295016811258236, 0.10872649258768093, 0.10777631870759705], [0.12333043822299734, 0.10402245106219052, 0.11245304719417686, 0.11943616887974705, 0.10505573570194751, 0.09700982673107135, 0.12366848398459042, 0.10817220393992608, 0.10685164428335289], [0.12385846799592425, 0.10342493013576624, 0.11278786512423888, 0.12016696948293304, 0.10399644777249045, 0.09630409288269638, 0.12271783035480648, 0.1087337883183711, 0.10800960793277319], [0.12366201639724315, 0.1039057320646734, 0.11259033585097898, 0.11919957403764807, 0.10474831773937514, 0.09697938595940132, 0.12287149514100579, 0.10859325115987954, 0.10744989164979457], [0.1130959676772374, 0.11101707776008247, 0.11430793441361936, 0.12376973265615529, 0.11169133157703309, 0.10157615762079938, 0.11296867082498678, 0.10892738074539547, 0.10264574672469076], [0.11307438011942571, 0.11103084357255569, 0.11425078283346535, 0.12384979700512799, 0.11177372249430526, 0.10165955093552048, 0.11290286777098828, 0.10887841790429259, 0.1025796373643188], [0.11367230035624619, 0.11062259241654336, 0.11450897458844214, 0.12316138754412735, 0.11113462394353368, 0.10103945501652016, 0.11370134041688526, 0.10907821470243746, 0.10308111101526451], [0.11400752442103873, 0.11032990187258052, 0.11468236260058967, 0.12296338643956556, 0.1106384040609085, 0.10053799575732988, 0.1142254826825623, 0.10920780719637921, 0.10340713496904562], [0.11315084742376995, 0.11096187033552635, 0.11382515493788019, 0.12428698706994525, 0.11227123662227693, 0.10217714930978461, 0.11264286878438118, 0.10850177708023946, 0.1021821084361961], [0.11268519352192795, 0.11123036890842808, 0.11343848136972881, 0.125, 0.11297062526016652, 0.10288240900481506, 0.11193638238164377, 0.1081952775525039, 0.10166126200078592], [0.11379560751251193, 0.11055663501890028, 0.1140821729785408, 0.1235434570094024, 0.11162893641715341, 0.10155820355853652, 0.11345462990316064, 0.10869943996836376, 0.10268091763343011], [0.11385428154939077, 0.11052164569620276, 0.11401184717753075, 0.12356796391266796, 0.11169361311237436, 0.10163125504449301, 0.11345030064184919, 0.1086367985647252, 0.10263229430076612], [0.1146839378682179, 0.10995488511408649, 0.11437660673607919, 0.12263233863150806, 0.11071344206110392, 0.10069191531132908, 0.11462268694917241, 0.10894075220293262, 0.1033834351255703], [0.11392662680778878, 0.1104810128734738, 0.11385983681415332, 0.1236514465701002, 0.11186396972257223, 0.10181793193927659, 0.11338788358862827, 0.10850392807576008, 0.10250736360824675], [0.1147630242148994, 0.10990530482185691, 0.11420990139584127, 0.12282874088932999, 0.11087232214167705, 0.1008583455106639, 0.11454668839929971, 0.10878759783379043, 0.1032280747926413], [0.11458361737405126, 0.11004965188885706, 0.11408889149969893