[[0.11410717125146047, 0.10459886574936052, 0.12232672099678267, 0.10208218109572216, 0.10441989605020824, 0.11269420546739661, 0.09780822765819594, 0.12468732949638543, 0.11727540223448799], [0.11475428162264598, 0.10448374221636575, 0.12270383177486975, 0.10147121014703939, 0.10416871092479404, 0.11246273820462248, 0.09717632009081424, 0.124862916122594, 0.11791624889625436], [0.1141521591911842, 0.10465441720541879, 0.12213936719323974, 0.10209477763924221, 0.10443813571534939, 0.11258758284300491, 0.09796867919337138, 0.12482644959611422, 0.11713843142307533], [0.11427663112619531, 0.10462866836667416, 0.12227662258879402, 0.1019774018264555, 0.10438890322066414, 0.11255841285953687, 0.0978373391058988, 0.12479221696163603, 0.11726380394414539], [0.11483541637898417, 0.1045055053251285, 0.12258805504051029, 0.10142574843791817, 0.10415548474683674, 0.11237280344027505, 0.09722222717416498, 0.12500000000000003, 0.11789475945618218], [0.11476291385662155, 0.10460310641047138, 0.12248862535350932, 0.10160251154287414, 0.10425967127450819, 0.1123968486979208, 0.09749289561229744, 0.12466904645508024, 0.11772438079671695], [0.11424259996140877, 0.10465021588146313, 0.12211311359550274, 0.10200753891450577, 0.10439790314726126, 0.11249628392998365, 0.09795422068881314, 0.12499999999999997, 0.11713812388106136], [0.1143798992047749, 0.10472694593383448, 0.12203304190082406, 0.10199726651031078, 0.10442862831621795, 0.11241361316344103, 0.09807216098701199, 0.12480029216126548, 0.11714815182231932], [0.11407349079102709, 0.1048415348804552, 0.12151235535310473, 0.10232375771191443, 0.10457871228804982, 0.11240596564559305, 0.09854610940175836, 0.125, 0.11671807392809733], [0.11469716018283581, 0.10471883332042808, 0.12203706123732899, 0.10173790063184454, 0.10432693604581593, 0.112215296533077, 0.09794182629225158, 0.12500000000000003, 0.11732498575641825], [0.11522482879797315, 0.10472708436235124, 0.12254707136556535, 0.10138777922721241, 0.10422886900046072, 0.11205553868685453, 0.09761813103577607, 0.12441520195946552, 0.1177954955643411], [0.11417600338063975, 0.10490383570149013, 0.12146253049145778, 0.10232102832688059, 0.10460584827498888, 0.11234522473937308, 0.09864513810292698, 0.12484262127416194, 0.11669776970808088], [0.11511797785700612, 0.10480462718198229, 0.12224953506618935, 0.10155990126524189, 0.10432098343892876, 0.11209111560191432, 0.09786485514606562, 0.12436856715399466, 0.117622437288677], [0.11498881123979966, 0.10485783385086318, 0.12190368388314281, 0.10169806758176746, 0.1043805280184472, 0.11207369347036374, 0.0981083216449656, 0.12459618707855581, 0.11739287323209478], [0.11553486717305662, 0.10459849312906071, 0.12298197847297661, 0.10093155141962945, 0.10397582752997143, 0.11178829976100489, 0.09732851450701525, 0.12500000000000003, 0.11786046800728513], [0.11469643393617693, 0.10491241765233279, 0.12172454109278555, 0.10196632554641753, 0.10449250393253424, 0.11216495449117157, 0.0984000780328496, 0.12454540293146543, 0.11709734238426635], [0.11547545328545687, 0.10469047909515901, 0.12277731530800592, 0.10110059720133266, 0.10408133092899946, 0.1117990521338851, 0.0975514175558265, 0.12476225480675898, 0.11776209968457552], [0.11533630430588968, 0.10483710738046029, 0.12242003615589427, 0.1014085623449619, 0.10426737886266167, 0.11187271654276708, 0.09790671370556277, 0.12434251735773845, 0.11760866334406389], [0.11418891713665139, 0.10500507459320428, 0.1211274535261222, 0.10239033403158612, 0.10465985744116117, 0.11219422598693388, 0.09894513006873128, 0.125, 0.11648900721560966], [0.11524724758082427, 0.10485969040387, 0.12221118807966765, 0.10148934632396552, 0.10429849566734824, 0.11187456531239658, 0.09803548473866044, 0.12450432019030347, 0.11747966170296381], [0.11485265120773977, 0.10498517153518697, 0.12159416609507818, 0.10192919319651683, 0.10450839382666563, 0.11204881803706519, 0.09851514246052567, 0.12447414992944812, 0.11709231371177357], [0.11520639370039895, 0.10486856903436707, 0.122101478003984, 0.1015191317689071, 0.10430691220881039, 0.11185793998421788, 0.09810293085318664, 0.12463341658040511, 0.11740322786572283], [0.11417247097708813, 0.10506480319300653, 0.12102668187796556, 0.10247323039501105, 0.10471775146824627, 0.11219191277736021, 0.09908143587847662, 0.12484712225797748, 0.11642459117486817], [0.11507567504616194, 0.10490238838301698, 0.12181393110527815, 0.10164032477665273, 0.10435645954602145, 0.11186886538592965, 0.09828013058882944, 0.12483217680948475, 0.11723004835862491], [0.11492093688126345, 0.10502021554653175, 0.12150926770502894, 0.1019122526627454, 0.10451445410708832, 0.11198324436662795, 0.09858223857484631, 0.1244862754505778, 0.11707111470529001], [0.11458097860952861, 0.10504464098044086, 0.12124872357029602, 0.10215354646707155, 0.10459479025608788, 0.11202585190736006, 0.09886205671459013, 0.12477173795006948, 0.11671767354455546], [0.11436639430321546, 0.1050995927113626, 0.12105814611883571, 0.10236910522714752, 0.10469508618525236, 0.11209359493407561, 0.09908471767113944, 0.12472248927180295, 0.11651087357716833], [0.11550543772646471, 0.10486791705011354, 0.1224185351190464, 0.10127046411269294, 0.10420614550520538, 0.11166983775988014, 0.0980193460868281, 0.12456235405952126, 0.11747996258024754], [0.11514773377118642, 0.10490722115288584, 0.12182115919553327, 0.10156605889996197, 0.10431932241996629, 0.11174566788099932, 0.098317719617644, 0.125, 0.11717511706182289], [0.11454308810425834, 0.10507626245090117, 0.12113477524727599, 0.10220590266453547, 0.1046228164857596, 0.11199976898003748, 0.09897267085551385, 0.12481820623670038, 0.11662650897501795], [0.1148025567513576, 0.10508257203161162, 0.12129470205035531, 0.10204758222023351, 0.10457953132899292, 0.11195180074380075, 0.09882802530410281, 0.12455845872200193, 0.11685477084754353], [0.11500075127010695, 0.10505131876555833, 0.12147398202137398, 0.10186913775101267, 0.10450347840743575, 0.11187257347901983, 0.09866212472535249, 0.1245480267748978, 0.11701860680524222], [0.11512322596659404, 0.10497328281582136, 0.121691629433292, 0.10166457992468032, 0.10438510194474891, 0.11175454245205152, 0.0984760064985283, 0.12483303178573946, 0.11709859917854412], [0.11418742936406225, 0.10508893325953707, 0.12112198477398212, 0.10242868196901689, 0.1046882130873376, 0.11199909382724159, 0.09924182985355304, 0.125, 0.11624383386526944], [0.11461652023566814, 0.1050533313195958, 0.12125069752676544, 0.10209324598486222, 0.10455828737746058, 0.11187464549129839, 0.09895268575447053, 0.12499999999999997, 0.11660058630987878], [0.11423788499601142, 0.10510266534761145, 0.1212011353724053, 0.10240173138101434, 0.10468245297593563, 0.11195776595813717, 0.09926252873155673, 0.12490616771825809, 0.11624766751906984], [0.11534740027564944, 0.10501198433976053, 0.12187245750874491, 0.10152939481542128, 0.10434731012528022, 0.1115827297640394, 0.098495846602211, 0.12468025903552134, 0.11713261753337187], [0.11510689470547701, 0.1050803436643227, 0.1215813647010637, 0.10179361329306784, 0.10447545569690006, 0.11171781220287177, 0.09874595246500453, 0.12454824127200298, 0.11695032199928938], [0.11472718551813534, 0.10508144198908584, 0.1213579059639517, 0.10204339538017938, 0.10455259358670702, 0.11181339550943567, 0.09897157522477582, 0.1248162764328623, 0.11663623039486692], [0.11579398845672355, 0.10483020374839778, 0.12257027299937766, 0.1009426619897588, 0.10403871286780234, 0.11145513722784696, 0.09795217067336268, 0.12500000000000003, 0.11741685203673036], [0.11523951711790612, 0.10505743465435183, 0.12169871263012726, 0.10165700427108701, 0.10441081792090146, 0.11161636948243822, 0.09865977721102144, 0.12465121676561575, 0.11700914994655097], [0.11558982040813626, 0.10492246048150064, 0.12217779071349229, 0.10120454979358022, 0.10417272839378915, 0.11145084576233875, 0.09826354105872652, 0.125, 0.11721826338843615], [0.11542279483934971, 0.10505985098003709, 0.12186551723456036, 0.10152290983886843, 0.10436323584188725, 0.11151981084754209, 0.09858642223805271, 0.12455985092219445, 0.11709960725750791], [0.11460494373003005, 0.10512815139039595, 0.12150237056074407, 0.10214976085444626, 0.1045974885731644, 0.11175315100251666, 0.09919449313734785, 0.12465532580657766, 0.11641431494477708], [0.11529076387812463, 0.10512779736142612, 0.12200496913985377, 0.10165172820772422, 0.10441912917786296, 0.11143112181359288, 0.09889488206366263, 0.12436737050649903, 0.11681223785125376], [0.11426831178811934, 0.1051622744886793, 0.12161953498801881, 0.10236728079456198, 0.10466738393226205, 0.11170458271170464, 0.09951936961170317, 0.12468582278133242, 0.1160054389036183], [0.11609790037068458, 0.1049840892914723, 0.12241544980195435, 0.10085382163414275, 0.10405300224273899, 0.11125328588051797, 0.0982687636072008, 0.12484816831600813, 0.11722551885528026], [0.1161682936118039, 0.10499341398398965, 0.12247571502801814, 0.10081651441375906, 0.10404574768828788, 0.1112532801328894, 0.09824829048404085, 0.12474019994495944, 0.11725854471225167], [0.11439136345572841, 0.10509906642945278, 0.12172028259525416, 0.10218164186033747, 0.10456135712637843, 0.11159760688267578, 0.09937505446763911, 0.125, 0.1160736271825338], [0.11589756640940443, 0.10503568860917538, 0.12224385308506597, 0.10107162574802218, 0.10415797305765623, 0.11128784628916007, 0.09846338719113594, 0.12472578643619718, 0.11711627317418248], [0.11553843604334307, 0.10510248117667637, 0.12222373998665019, 0.1014184362325358, 0.10431431165491953, 0.11131898085854644, 0.09877084120281444, 0.12441750342351265, 0.11689526942100131], [0.11603951159588717, 0.10499344086161931, 0.12229356093957705, 0.10089459134620811, 0.10406537401970375, 0.11122140539485541, 0.09834673581485338, 0.12500000000000003, 0.11714538002729592], [0.11491191485159398, 0.10517529949388942, 0.12189371784095396, 0.10194536568928936, 0.10453148815925452, 0.11150276415020345, 0.09923322974107507, 0.12435360191416056, 0.11645261815957966], [0.11450446929932279, 0.10512518674405917, 0.12181413027940445, 0.10213324541647277, 0.10455727389662899, 0.11155457286352997, 0.09937973925227711, 0.12480341646954306, 0.11612796577876192], [0.11548802214532143, 0.10512669849379212, 0.1223554572921077, 0.10144933672129966, 0.10432207017325003, 0.11123249140365335, 0.09891277949674478, 0.12436915422781963, 0.1167439900460113], [0.11558458317455855, 0.10513826755079547, 0.12242918905490967, 0.10139261755806941, 0.10430714484959634, 0.11122308936429047, 0.09889466772582078, 0.12424901164737077, 0.11678142907458852], [0.11587940675093779, 0.10508283320287347, 0.12256034621619545, 0.10108813058791347, 0.10416216848540247, 0.11114486340063477, 0.09868281440256181, 0.12450410753072205, 0.11689532942275872], [0.11535932451981552, 0.10510501066790083, 0.12235639934789777, 0.10148332403839846, 0.10431018694237278, 0.11116187457432097, 0.09898548139775849, 0.12463977677818198, 0.1165986217333532], [0.11603245160086345, 0.10505336287389963, 0.12256383931969834, 0.10093126539935199, 0.10408808305392055, 0.11110795705602121, 0.09856534952371425, 0.12470085393201984, 0.11695683724051087], [0.11523639049347723, 0.10509276079157685, 0.12229055361598988, 0.10154086229376237, 0.1043182572453672, 0.11114967131216986, 0.09904398266031232, 0.12483051120504085, 0.11649701038230363], [0.11465815917310264, 0.1051234607306704, 0.12209469578636381, 0.10197047031937555, 0.10447906324721178, 0.11135067816495758, 0.09939668188726242, 0.12483531206617651, 0.11609147862487927], [0.115918307393353, 0.10508599416247114, 0.12263606415987169, 0.10104862143576973, 0.10414315644805143, 0.11110315751788791, 0.0987002131312413, 0.12450062937847918, 0.11686385637287462], [0.11513455689200722, 0.10511327449311912, 0.12221693187264068, 0.10163314984564507, 0.10435909490186199, 0.11118285232649919, 0.09914211016516625, 0.12480658253416628, 0.1164114469688944], [0.11509269404533631, 0.10512795558544084, 0.12224295312190686, 0.10167545950554953, 0.10437935971002182, 0.11118770535708375, 0.09920056046035158, 0.12473009401683854, 0.11636321819747078], [0.11500977253485659, 0.10515869853294194, 0.12224142847822961, 0.10177554797091899, 0.10443175237771463, 0.11123643409999633, 0.09929447756979103, 0.12454670169450896, 0.11630518674104197], [0.11478373198767207, 0.10512848747251198, 0.1222095039808295, 0.10187127468752688, 0.10444015754145909, 0.11125480429229098, 0.09937939288539596, 0.12481134252519901, 0.11612130462711451], [0.11551889172034802, 0.10512599408335135, 0.12261244521239156, 0.10136037473658836, 0.10426316676952714, 0.1110708358724862, 0.09901709621303399, 0.12446200668726481, 0.11656918870500876], [0.11521602568923067, 0.10508213608905037, 0.12238471856591128, 0.10150236403084435, 0.10428351610014008, 0.11104727843197727, 0.09910137969608102, 0.125, 0.11638258139676494], [0.11469011034598531, 0.1051030027501691, 0.12225599378709044, 0.10188061361210965, 0.10442110266719314, 0.11122145084984307, 0.09941109692710444, 0.12500000000000003, 0.11601662906050504], [0.11569590766871406, 0.10515388062382051, 0.12275572238322374, 0.10126576015424374, 0.1042426923432652, 0.11105496567256963, 0.09899620470037904, 0.12420253123895844, 0.11663233521482562], [0.11530555727328534, 0.10509836220575754, 0.12250292883707276, 0.10145133948531755, 0.10427077478152667, 0.11101691509649671, 0.09910621622028286, 0.1248475423343308, 0.11640036376592955], [0.1151829596143524, 0.1051272559098503, 0.12246881589489744, 0.1015609067702908, 0.10431931745753283, 0.11101128506224515, 0.09924277126057468, 0.12480584651659862, 0.1162808415136578], [0.11505895863681603, 0.1051730584751216, 0.12249787961307262, 0.10170337455223968, 0.10439269119776719, 0.1110667864645968, 0.09939346478531881, 0.12453390510560533, 0.11617988116946192], [0.1153827058689375, 0.10514947897535858, 0.12275879009479712, 0.10140682820171867, 0.10426081376513133, 0.11089499900846325, 0.09926330556479608, 0.12461558562068595, 0.11626749290011151], [0.11480445710755485, 0.10516101361132152, 0.12264138876034673, 0.10180269596824007, 0.10439848480292455, 0.1109984249472101, 0.09958591063372796, 0.1247278598864403, 0.11587976428223393], [0.11491900478768016, 0.10512320079756722, 0.1227925471921619, 0.10163395985728955, 0.1043040515635699, 0.1108371377723584, 0.09952603902036042, 0.12499999999999997, 0.11586405900901227], [0.11613893476023707, 0.10504195937147637, 0.12341666190981279, 0.10063651231213108, 0.10389390948572455, 0.11060590518107154, 0.09885995519577223, 0.125, 0.11640616178377439], [0.1150184449031286, 0.10514984977978312, 0.1228650797595747, 0.1015956979165477, 0.10430367952196092, 0.11079600090208688, 0.0995366206841257, 0.12483365701529893, 0.11590096951749346], [0.11610730733539658, 0.10508627631941374, 0.12362591978981817, 0.10067628225238144, 0.10391653406042788, 0.11052867555382044, 0.09902564371139447, 0.12476649044685133, 0.11626687053049593], [0.11491421216477905, 0.10517108622883267, 0.12301487263549447, 0.10165517516206403, 0.10432233918006685, 0.11073979657157118, 0.09968429161604955, 0.12476069570040761, 0.11573753074073458], [0.1157409160578071, 0.10506825625186356, 0.12348289036411733, 0.10090575634246207, 0.1039864949844787, 0.11054055587853438, 0.09917345708790158, 0.125, 0.11610167303283524], [0.1154171699363152, 0.10511660316403439, 0.12317928441684076, 0.1012082808308179, 0.1041247959933991, 0.1105974931387477, 0.09939453256933772, 0.125, 0.11596183995050725], [0.11572401668637786, 0.10509025368520601, 0.12351361415038804, 0.10093486004215604, 0.10400465823577752, 0.11052253324164615, 0.09924033386141337, 0.12491272544211729, 0.1160570046549179], [0.11496281654569188, 0.10519830734862691, 0.1231681829239885, 0.10162665460289112, 0.10431684620614681, 0.11065264721552241, 0.09975753073104572, 0.12463267723547623, 0.1156843371906104], [0.11530148709827744, 0.10512812437759647, 0.12350564326290768, 0.1012235928900673, 0.10410905783601918, 0.11043723351048626, 0.09958813684472477, 0.125, 0.11570672417992095], [0.11540659720190392, 0.10515613131416485, 0.12356991713082113, 0.10117898219917047, 0.10410573663578737, 0.11042414697840788, 0.09960345987172017, 0.12482436102652467, 0.11573066764149953], [0.11508744849382697, 0.10514839902407568, 0.12347946509535832, 0.10138571098966931, 0.10417390455717554, 0.11042369961160162, 0.09973985622522559, 0.125, 0.11556151600306698], [0.11903731827493666, 0.12384375929957014, 0.10167425730228387, 0.11213098874246687, 0.11639212198688347, 0.10417227421429906, 0.12487955370672105, 0.09395171239360611, 0.10391801407923278], [0.11854928856400412, 0.12307024105892406, 0.10238221085701947, 0.11143968768624922, 0.11630054264522877, 0.10475288830879374, 0.12443046062103305, 0.09439697446401726, 0.10467770579473014], [0.11882770490639867, 0.12359753661971253, 0.10201916132276369, 0.11174907315196857, 0.11629226734728439, 0.104439814928196, 0.12464987522917091, 0.09414364794226175, 0.10428091855224352], [0.11911971673790747, 0.12377240092441362, 0.1017031975112497, 0.11208646499858595, 0.11633429367558634, 0.10414802131968133, 0.12494855384685173, 0.09398029250155424, 0.10390705848416965], [0.11916888575979848, 0.12372583931431488, 0.1017314828986465, 0.11203815837852733, 0.11628895779977745, 0.10413735712332538, 0.12499999999999999, 0.09400008099764219, 0.10390923772796769], [0.11937350112836813, 0.12366964287417774, 0.10175075217076392, 0.11216015268163068, 0.11628799892753021, 0.1041136830246199, 0.12466873901290237, 0.09410499781710625, 0.10387053236290089], [0.11895592292925541, 0.12325441167368963, 0.10221714693731113, 0.11142599072866781, 0.11608339877182274, 0.1044384144467556, 0.125, 0.0942620676500968, 0.10436264686240088], [0.11880231755353213, 0.12288375776698933, 0.10267406942035597, 0.11114989937349085, 0.11604219559363599, 0.10478313841706381, 0.1242297166177104, 0.09462757958593186, 0.10480732567128978], [0.11959555211797321, 0.123374035364717, 0.10194139124117016, 0.11184449759687527, 0.11602337712589353, 0.10407711816005832, 0.12499999999999999, 0.09422768608534098, 0.10391634230797145], [0.11961431172803097, 0.1232643542284638, 0.10214095707169887, 0.11156217210959335, 0.11587054848945053, 0.10415407830861259, 0.125, 0.0943284391609643, 0.10406513890318562], [0.11977672411975981, 0.12315994081410025, 0.10222384795727411, 0.11153229886085646, 0.11579859988692826, 0.10414643727523454, 0.1248514046968726, 0.09443519917707514, 0.10407554721189884], [0.12025866969677289, 0.12311822892949484, 0.10197880693343991, 0.11227904215898042, 0.11626208977727048, 0.10399500039594613, 0.12373853399639696, 0.09460102312490945, 0.10376860498678905], [0.11953985575005993, 0.12277012950993792, 0.10266535640982308, 0.11102896886231689, 0.11565704565106841, 0.10442062513471997, 0.12474458041315031, 0.0946910017604366, 0.10448243650848689], [0.11933456436207596, 0.12238778629246784, 0.10318841274609226, 0.11057433629658037, 0.11543719227632836, 0.10472663602866188, 0.12439283392509959, 0.09500173431437385, 0.10495650375831976], [0.11960463590779154, 0.12253592635816611, 0.10280147624079156, 0.11080222476754246, 0.11551711865334982, 0.10442601757905366, 0.125, 0.0947670225237013, 0.10454557796960355], [0.12015120630331026, 0.12296995560772653, 0.1022868471274918, 0.11163345362945629, 0.11571911206571722, 0.10407978546999659, 0.12453622674805932, 0.09461865661871165, 0.10400475642953047], [0.12050542220732656, 0.12288753986387105, 0.10215256472029186, 0.11209503500333257, 0.11605433746545664, 0.10399280561597113, 0.12373194747739864, 0.09475879740545727, 0.1038215502408942], [0.12018019279868497, 0.12291394006692923, 0.10235096490939256, 0.11157143460860211, 0.11567408947405203, 0.10409719318236091, 0.12450208024087538, 0.0946690314486333, 0.10404107327046949], [0.11984415511881909, 0.1224778147097943, 0.10289732284149936, 0.11078309409998656, 0.1154081721521547, 0.10439278846183428, 0.12476264876706267, 0.09490101494308281, 0.10453298890576612], [0.1197787512626089, 0.12224068860673663, 0.10308926850621344, 0.11058355723509287, 0.11536398644491572, 0.10452140234693903, 0.124683755354634, 0.09502201246630003, 0.1047165777765594], [0.12074160979814483, 0.12273733041455077, 0.1021959649469071, 0.11196878438056183, 0.1159553437808702, 0.10389987915025442, 0.12392847773933899, 0.09481452642757676, 0.10375808336179507], [0.1207207217382479, 0.12264057945773729, 0.10246711227765495, 0.11166848139073916, 0.11555512089195284, 0.10403958438896187, 0.12398072384086911, 0.09494337934892072, 0.10398429666491617], [0.12024555198581852, 0.12241672679593643, 0.10286062055788094, 0.11076517169630304, 0.11522644537276744, 0.10421292889002491, 0.12499999999999999, 0.0949114928919374, 0.10436106180933123], [0.1203345390117376, 0.12248320974108322, 0.10281892375442209, 0.11088811751512265, 0.1152527748005571, 0.10419389498559405, 0.12478671407370417, 0.09492551917829295, 0.10431630693948618], [0.12068745666723683, 0.12259818997700082, 0.10257679447942633, 0.1114829956592315, 0.11545665171878142, 0.10407189876728747, 0.12408788692869967, 0.09497498709572098, 0.10406313870661504], [0.12005495491581782, 0.12197154010776827, 0.10334302546019526, 0.110384012688056, 0.11515492731552485, 0.10453929923016193, 0.12448414231772952, 0.095259402695041, 0.10480869526970536], [0.12092459840746475, 0.12263736177302172, 0.10220024659268609, 0.11192065181907117, 0.11594735627128454, 0.103813633917049, 0.12401454071027176, 0.09486028498890346, 0.10368132552024752], [0.12058225265890367, 0.12251657451475262, 0.10272343481538806, 0.11115076939976193, 0.11530618682947712, 0.10411467935984908, 0.12445166927184907, 0.09497207489675216, 0.10418235825326641], [0.11998166054722413, 0.12181297421362917, 0.1034892662642974, 0.11011153767957889, 0.11492588963254821, 0.10452983144463698, 0.125, 0.09525361010929632, 0.1048952301087889], [0.12025152526099345, 0.12209515155287053, 0.10323825346127653, 0.1104812800495085, 0.1151124714680968, 0.10440398348359962, 0.12455066815788464, 0.09522075784763466, 0.10464590871813516], [0.12051629395076718, 0.12238530142653085, 0.10289507268690062, 0.11085662168099007, 0.11516603595087156, 0.10417603951985341, 0.12466170460567322, 0.09502714999755632, 0.10431578018085676], [0.12102970449459576, 0.12250345950883651, 0.10229445894019056, 0.11177824538982185, 0.11577315344821451, 0.10381595211287832, 0.12417254404816044, 0.09491095424524286, 0.1037215278120592], [0.12065292724695166, 0.12243275180657628, 0.10278100650490206, 0.11104977704065705, 0.11522209333404232, 0.10410141450538654, 0.12455841037744757, 0.0950065683939121, 0.10419505079012444], [0.12009761803579912, 0.12173797577399113, 0.10354281331702368, 0.11008884476117106, 0.11488575338409467, 0.10452404981916258, 0.12489785608802965, 0.09532646867463705, 0.10489862014609103], [0.12047386829030389, 0.12218387924957133, 0.10304137088412425, 0.11057720707971513, 0.11504239586533171, 0.10419871047877341, 0.12500000000000003, 0.09507662547750431, 0.10440594267467605], [0.12112663808758425, 0.12240485410304322, 0.1023500039414587, 0.11168885263611869, 0.11567392845287075, 0.10380038969360217, 0.12427437820738625, 0.09495171367128023, 0.10372924120665578], [0.12122611851606149, 0.1223060139374228, 0.10240418556481365, 0.11160059189086793, 0.11557721926013458, 0.1037827167435037, 0.12437584986229376, 0.09499284971469824, 0.10373445451020405], [0.12085635570074779, 0.12218795661186238, 0.1029452819362316, 0.110777896776917, 0.11498753365273351, 0.10406438812494931, 0.12483742427619765, 0.09511387110121847, 0.10422929181914241], [0.12063383123721781, 0.12198288062443162, 0.10324879227141215, 0.11042516560379001, 0.1149091746504686, 0.10424017795363011, 0.12478391635475958, 0.09527449386465778, 0.10450156743963233], [0.12025829219366412, 0.12149493432602052, 0.10380292092362951, 0.10981716204463879, 0.1146041303530095, 0.10451882810545778, 0.125, 0.09550861948268993, 0.10499511257088988], [0.12128995736180687, 0.12215385403723905, 0.10253709615498485, 0.1114480672984691, 0.11537311934759692, 0.10382412426482195, 0.12448536693868295, 0.09506818127531408, 0.10382023332108424], [0.12088880986689997, 0.1220922840968662, 0.10301710969805282, 0.1106412171015434, 0.11489793052416669, 0.10405988895444915, 0.125, 0.09514410360221548, 0.10425865615580632], [0.12046562705669112, 0.1214724387639705, 0.1037570872804163, 0.10996534314538016, 0.11470942092287313, 0.10451143163931385, 0.124604008748078, 0.09557999905287724, 0.1049346433903998], [0.120165663229609, 0.1213766752316499, 0.1041750328269019, 0.10965379556217131, 0.1144342905282973, 0.10472416969508223, 0.12437948557523149, 0.09578412429187988, 0.10530676305917687], [0.12086057597111566, 0.12201874657883936, 0.10315790581299858, 0.11054029788801199, 0.11487531685626802, 0.10414024447998937, 0.12478056898201793, 0.09525318502301247, 0.1043731584077465], [0.12128998363969234, 0.12211845925075729, 0.10281163369038174, 0.11120129414568418, 0.11508010347438968, 0.10395683931088118, 0.12426957138919985, 0.09524105780380944, 0.10403105729520433], [0.12030072252667531, 0.12127895893785169, 0.10418927900110234, 0.10961209012733952, 0.1143739828017021, 0.1046538881385008, 0.12451740089019021, 0.09583381793500918, 0.10523985964162884], [0.12045330781132513, 0.12130511153787603, 0.10401042351450056, 0.10968610295577276, 0.11444367764221076, 0.10453773263165597, 0.12477711590591155, 0.09571574844678261, 0.1050707795539646], [0.12156204231877697, 0.12225441593092386, 0.10242136899035974, 0.11146863009289987, 0.11549870817045256, 0.10362420976133987, 0.12449659096566987, 0.0950731586951591, 0.10360087507441838], [0.12154657945701766, 0.1219677687559762, 0.1025983539582511, 0.11129384298175937, 0.11523407644702065, 0.10373391045466591, 0.124721014524605, 0.09513853526741743, 0.10376591815328667], [0.12075832347140365, 0.1212564059634131, 0.10391305708203034, 0.10985437486658656, 0.11455894352983483, 0.10448661789440818, 0.12445263185227073, 0.09577081490276454, 0.10494883043728806], [0.1211597339131916, 0.12180399761540003, 0.10324351512692942, 0.11039435212758687, 0.11467500273899517, 0.1040482304452663, 0.12500000000000003, 0.09535351304766138, 0.10432165498496933], [0.12160877606077576, 0.12186592052334752, 0.10274987345956574, 0.11114172782397638, 0.11502891561858124, 0.1037850418853237, 0.12471512791121042, 0.09524098450374748, 0.10386363221347177], [0.12108822607926131, 0.12169231587393778, 0.10345606888185287, 0.11025159103069822, 0.11464551975740832, 0.10417413298888273, 0.12467197564353055, 0.0955225808221851, 0.10449758892224326], [0.12075009131647581, 0.1211754853648262, 0.10404472433537343, 0.10969395578704758, 0.1144109037306016, 0.10449331932600489, 0.12458181435855116, 0.09583270928259327, 0.10501699649852608], [0.12123489380530415, 0.12162239782263612, 0.10347478766083636, 0.110219924326817, 0.11457031174678055, 0.10412796748157595, 0.12472773353756028, 0.09556090356163854, 0.10446108005685091], [0.12138862166182793, 0.1217034288337091, 0.1033141437470438, 0.1104087411703111, 0.11459554568825206, 0.1040314223325051, 0.12476079266425932, 0.09548514615552979, 0.10431215774656166], [0.12074193330768032, 0.12103713803329869, 0.10428551742214849, 0.10951255731729177, 0.11422671774999343, 0.10455338025255172, 0.12447493458907967, 0.09600803674564963, 0.10515978458230628], [0.12151527936650779, 0.12175677626937564, 0.10322283706625592, 0.11069064473108492, 0.11471859901307259, 0.10401618665173945, 0.12431529177550114, 0.09553000310488405, 0.10423438202157846], [0.12067032621924632, 0.12098841530517933, 0.10441431499576433, 0.10944354712109602, 0.11415685424728964, 0.10461280167531316, 0.12435392436316586, 0.09610101335485649, 0.10525880271808885], [0.12182979403495507, 0.12169749383065423, 0.1027359868140393, 0.11105775333036282, 0.11498206855474725, 0.10367155923392878, 0.125, 0.09526166792050068, 0.10376367628081191], [0.12119368398682102, 0.1213053209997152, 0.10388293365943513, 0.10986971685792042, 0.11444840675943727, 0.10433574808544277, 0.1243193109651258, 0.09586531037474222, 0.10477956831136019], [0.12116230951486519, 0.1212167187062829, 0.10397527274721584, 0.1097757278878279, 0.1144205480261479, 0.10438851007689132, 0.12427689872557517, 0.09592431289585933, 0.10485970141933448], [0.12118549120168902, 0.12125270900937533, 0.10393374848062643, 0.10981350542163744, 0.11442721999613971, 0.10436003619440583, 0.1243096910910046, 0.09589771040985876, 0.10481988819526296], [0.12169450147344157, 0.12159377857279532, 0.10333112986195167, 0.11054900460095787, 0.11457489602222218, 0.10399040799772015, 0.12438416983054655, 0.09563371144864989, 0.10424840019171479], [0.12149440398537488, 0.12145014164170137, 0.10359963889976953, 0.11012959811177678, 0.11442708283285621, 0.10410140867115193, 0.12461054956679055, 0.09571915042420659, 0.10446802586637227], [0.12159682750084577, 0.12146759963291556, 0.10353898978060982, 0.11020512333577037, 0.11442381781496164, 0.10405491776664696, 0.12461088894818312, 0.09570078584478567, 0.10440104937528111], [0.12206064138458807, 0.12213680602329025, 0.1026050102755515, 0.11099639679269974, 0.1149990459399259, 0.10345786397130471, 0.125, 0.09520067170692287, 0.103543563905717], [0.12166413652656433, 0.12106263381005189, 0.10395236319149842, 0.10972338022603222, 0.11416149666308227, 0.10415283495329611, 0.12465153469536651, 0.09599391763154873, 0.10463770230255966], [0.12136008232724234, 0.12061305738381924, 0.10459402269515948, 0.10930665013095567, 0.11393904664888281, 0.10449935631891716, 0.12410187879566506, 0.09640880628896041, 0.10517709941039785], [0.121895052030305, 0.1212179261814714, 0.10370981834603661, 0.11003532314882315, 0.11422397123498874, 0.10402082559538534, 0.12458532397121186, 0.09589158327148606, 0.10442017622029162], [0.12174783049103054, 0.12107917735085791, 0.10393187295850304, 0.10980580172356928, 0.11415712244689583, 0.10412696335995382, 0.12452786021359909, 0.09602860028781948, 0.10459477116777088], [0.12231332932479448, 0.1222270215344613, 0.10278072266655446, 0.11078670679557037, 0.11475443793715356, 0.10345153885765547, 0.12473208988428498, 0.09535745458061394, 0.10359669841891145], [0.12166867523655371, 0.12065314896695307, 0.1043626968542764, 0.1093487926755909, 0.11395587218783186, 0.10431046106682133, 0.12450019598769005, 0.09627470418171367, 0.10492545284256911], [0.12171467415483551, 0.12058487314602145, 0.10442288686995854, 0.10930581787970917, 0.11390755489479935, 0.1043165141099432, 0.12446749373810341, 0.09633054548911393, 0.10494963971751546], [0.12191075361044601, 0.12073573840755238, 0.10415056793264221, 0.1093914286336998, 0.11389970740017091, 0.10410199689154909, 0.125, 0.09613578137067587, 0.10467402575326372], [0.12223684204421059, 0.12103779921708571, 0.1036586650808205, 0.10999140640458732, 0.11405132918181486, 0.1038602911559273, 0.12500000000000003, 0.09590090067983618, 0.10426276623571773], [0.12220592227181927, 0.12100969912011475, 0.10375877102129785, 0.10992252459609837, 0.11403657168542873, 0.10391725713708623, 0.12482980170824463, 0.09597502946717272, 0.10434442299273754], [0.12193078515922784, 0.12039610077608698, 0.10457161574656619, 0.10916980598471368, 0.11374672829327141, 0.10429325543698255, 0.12443113476060545, 0.09648769853346802, 0.10497287530907778], [0.12248541186822957, 0.12154100212361163, 0.10342743619175486, 0.11024943171622509, 0.11409856698389875, 0.1036981302748899, 0.12464028980863144, 0.09583650858531269, 0.10402322244744629], [0.12228794341847256, 0.12080218857169756, 0.10393845775576549, 0.10966898525391437, 0.1138708917074984, 0.10391736002407247, 0.12499999999999999, 0.09610043074855863, 0.10441374252002042], [0.12214553453243111, 0.1205910791609056, 0.10423594636444806, 0.1093091671977138, 0.11376335205019304, 0.1040519572018992, 0.12500000000000003, 0.0962521658855503, 0.10465079760685896], [0.12214304752619835, 0.12018968739816567, 0.1047456304348102, 0.10903004039686878, 0.11358037466050376, 0.10428377604152846, 0.12434314009081783, 0.0966695458068143, 0.10501475764429265], [0.12263975824878817, 0.12149943324213452, 0.10355502962020609, 0.11002976549182263, 0.11390918867327968, 0.10365854425536614, 0.124737876692138, 0.0959305008281354, 0.10403990294812937], [0.12284941840248709, 0.1217704363811418, 0.10345199067782368, 0.10994227068703724, 0.11377331527897533, 0.10349250057398757, 0.12499999999999997, 0.09584307715958794, 0.10387699083895915], [0.12298063630739181, 0.1222752564916732, 0.10324558474606887, 0.11014096308839898, 0.1140123004972716, 0.10338998056554516, 0.12450275034658129, 0.09574270090570954, 0.10370982705135963], [0.12209260757416501, 0.11979072888111479, 0.10508077878504624, 0.10861023975788416, 0.11317827045217634, 0.1042546513238072, 0.125, 0.09685338479702559, 0.10513933842878066], [0.1228966409600087, 0.12170718137934977, 0.10356624670513603, 0.10985552649127074, 0.1137039515464617, 0.1035231895554045, 0.124861721140903, 0.0959481455560992, 0.10393739666536632], [0.12267387159106145, 0.12021773774142408, 0.1044650968146572, 0.10908071565891285, 0.11343806935642925, 0.10395631058520191, 0.12499999999999999, 0.0965418337539912, 0.10462636449832197], [0.12305518912408558, 0.12190289771015513, 0.10349237070217415, 0.10980518875873709, 0.11361685119806533, 0.1034120987502047, 0.12499999999999997, 0.09588951520017576, 0.1038258885564021], [0.12254899804619512, 0.11978148309088403, 0.1050136416427748, 0.10871613707118095, 0.11322560083038968, 0.10419668987091264, 0.12455470967624867, 0.09693745956621452, 0.10502528020519959], [0.12282947087900607, 0.12055550319728821, 0.10424156010917711, 0.10927813151185937, 0.1134472821501241, 0.10380989208655124, 0.12500000000000003, 0.09642264281353352, 0.10441551725246048], [0.12302383971629484, 0.12115966541374823, 0.10398142158433835, 0.1095344887947853, 0.11350883464686361, 0.10368643612688529, 0.1246196973251931, 0.09627417130223154, 0.1042114450896598], [0.12320234946668884, 0.12199721595160594, 0.10354289212001345, 0.1097278107715399, 0.11352344552689037, 0.10337958339764085, 0.1248600680770762, 0.09595389465026367, 0.10381274003828099], [0.12327274054950389, 0.12211292708113497, 0.10350776103259199, 0.10973413427089981, 0.11354582271440389, 0.10334155711565995, 0.12477956297488886, 0.0959369893243401, 0.10376850493657656], [0.12325249205704383, 0.12164902348499612, 0.10383487625494317, 0.10954783120769783, 0.1134171664143237, 0.10350989641356832, 0.12457682931090233, 0.09619936494577322, 0.10401251991075149], [0.12339533380106724, 0.12224607861015858, 0.10350522019321035, 0.10970123204278588, 0.11352455591848373, 0.10329710677519129, 0.12464628634817054, 0.09595564098888394, 0.10372854532204864], [0.12326848789142286, 0.12110292116660758, 0.10410255839166113, 0.10923857346734192, 0.11324873331229958, 0.10358356155609677, 0.12491960396673889, 0.09635742986941172, 0.10417813037841944], [0.12350122055707466, 0.1222611139630407, 0.10357259800760761, 0.1096175573530488, 0.11343107509154195, 0.1032844159676728, 0.12456846871144332, 0.0960248201985315, 0.1037387301500387], [0.12308649475463425, 0.11978231224945651, 0.1048817694045193, 0.10872266910339384, 0.11311938363862573, 0.10399949288279527, 0.12466901674527096, 0.09695253713496882, 0.10478632408633518], [0.12330772818409187, 0.12105626085458404, 0.10414284844978844, 0.10916417135645265, 0.11319252676876762, 0.10356930040427567, 0.125, 0.0963845244247023, 0.10418263955733738], [0.1230127173302668, 0.11955126532448608, 0.10505584920793928, 0.10849346912675882, 0.11296339538017207, 0.10401655891249524, 0.125, 0.09702559478885248, 0.10488114992902922], [0.12319230887751532, 0.120221013407208, 0.10463077884011526, 0.10879617942016624, 0.1130741570424781, 0.10379786581922275, 0.125, 0.09674726501329634, 0.10454043157999797], [0.12315722310491631, 0.11951768122207815, 0.1050572588543402, 0.10846747938677784, 0.11291945134602302, 0.10397906490411245, 0.125, 0.09705946034577873, 0.10484238083597335], [0.12360598277586951, 0.12147403468558121, 0.10404991876369384, 0.10914645578969391, 0.11306172894447829, 0.10341746821028347, 0.12486608935487369, 0.09635811397993285, 0.10402020749559328], [0.12331010424029407, 0.12056278812173969, 0.10458952252300623, 0.1088549475220725, 0.11302405878310375, 0.10373260396966252, 0.12469109376085549, 0.09677729219437298, 0.10445758888489287], [0.1233238717090481, 0.1197629135392714, 0.10499999548767198, 0.1085086174407693, 0.11290785007938298, 0.10392419371786517, 0.12474675630909401, 0.09706054638108398, 0.10476525533581306], [0.1236676629226673, 0.12124887670998138, 0.104209587835849, 0.10897021520161171, 0.112944422475767, 0.10344109442792906, 0.12494323966055546, 0.09647854112578863, 0.10409635963985048], [0.12372889227027976, 0.12145334480610409, 0.104096929910666, 0.1090206979123862, 0.11294091794135201, 0.10336731337783964, 0.125, 0.09639324988530223, 0.10399865389607008], [0.12372540591470488, 0.1212725357281355, 0.10421185322850017, 0.10892872559735647, 0.11289719415541023, 0.1034101530793565, 0.125, 0.09648106170589564, 0.10407307059064064], [0.12347465644768307, 0.1196523401664732, 0.10515946572549345, 0.10833496879447495, 0.1127481325153156, 0.10391429523935763, 0.12470007214438619, 0.09720767918187051, 0.10480838978494542], [0.12386003444064908, 0.1218082548493971, 0.10402526948180042, 0.10909400256320075, 0.11292935676506516, 0.10330320449860038, 0.12467435042343532, 0.096396369254731, 0.10390915772312083], [0.1236549569966386, 0.12081785642772583, 0.10464146684994775, 0.10871698459759348, 0.11280211339504874, 0.10360995494550186, 0.12451267099968304, 0.09687968513071743, 0.10436431065714329], [0.12431286227229973, 0.12036562281452677, 0.1085488442671, 0.10597237436334574, 0.11319721605099606, 0.10806224219268924, 0.11087572348092538, 0.09796785105733351, 0.11069726350078328], [0.12440112005895655, 0.12028241304381915, 0.10863264351007187, 0.10589691643376095, 0.11314428175218659, 0.10807441211882483, 0.11079182988272582, 0.09804169520760357, 0.11073468799205066], [0.12439668433205012, 0.12079636114147473, 0.10800594266451988, 0.10633238539132592, 0.11325851266238883, 0.10768207846981363, 0.11184611623833272, 0.0975189651325271, 0.11016295396756709], [0.12433678564117791, 0.12119864883643076, 0.10755148944145833, 0.10665345431622505, 0.1133503012860472, 0.10743353763313938, 0.11254895472761102, 0.09713993174093949, 0.10978689637697087], [0.125, 0.11971020801558262, 0.10918598771857949, 0.10542273238069534, 0.11271541650443047, 0.10803392788752769, 0.11051450653508132, 0.09857405104314368, 0.11084316991495939], [0.12415662652486627, 0.11912190008404788, 0.11004316836444172, 0.10512536693192485, 0.11251078640904705, 0.10844805820730573, 0.10971468693141065, 0.09944457615462293, 0.11143483039233293], [0.125, 0.1202123107874559, 0.10854729071022974, 0.10585730885572002, 0.11283926883981257, 0.10764171812464994, 0.11159126870498952, 0.09804163481422634, 0.11026919916291597], [0.12489886657427401, 0.12013536700237307, 0.10864967532198354, 0.1058207382701649, 0.11278241787417596, 0.10764200082038715, 0.11162142653077635, 0.09816591351097216, 0.11028359409489305], [0.12500000000000003, 0.12087458449514318, 0.10768470702499425, 0.10644388893555579, 0.11293462183198902, 0.10709899735601186, 0.11312360435642242, 0.09735813400314097, 0.10948146199674265], [0.125, 0.11993684429707781, 0.10885272066491467, 0.10567726982196689, 0.1126360793722449, 0.10762676897186374, 0.11157662893526597, 0.09838056431224582, 0.11031312362442021], [0.1247779751685963, 0.1206781135829103, 0.10793207075019474, 0.10634277528688398, 0.1128236814066269, 0.10713613442616386, 0.11310726502127533, 0.09764352448698468, 0.10955845987036375], [0.12447448658862253, 0.12047016277310188, 0.10826718297493848, 0.10619161887637996, 0.11278036272758421, 0.10730833914479512, 0.11274272871725978, 0.0979635307045265, 0.10980158749279151], [0.12436551987382755, 0.12025010742244187, 0.10856027157108399, 0.10602834533092013, 0.11270216212525494, 0.1074257578775605, 0.11244070103339335, 0.09824131428570926, 0.10998582047980843], [0.12483601300094466, 0.1183520032621