[[0.11509467500524005, 0.10729946789124933, 0.11873159973801516, 0.10745339611795153, 0.10528884643307122, 0.12270076667505966, 0.10161290532816715, 0.12473107840940983, 0.09708726440183606], [0.11565434760048476, 0.10720425824769528, 0.11932768983532308, 0.10747338299981529, 0.10489983882150149, 0.12303843071800578, 0.10123080259339334, 0.12488289206338049, 0.0962883571204005], [0.11512948344604897, 0.10728170970952637, 0.11861670537755241, 0.10746808085625, 0.10526242303044896, 0.12253497436891132, 0.10170693754435974, 0.12485045050421947, 0.09714923516268292], [0.1152384039202636, 0.10726411967109967, 0.11874466827764882, 0.10747043794625998, 0.10518901902999546, 0.12265652956886768, 0.10162648872158646, 0.12482120237742544, 0.09698913048685287], [0.11572396693325124, 0.10718474088664796, 0.11929500754406269, 0.107483894271677, 0.10485170703750966, 0.12293857406139816, 0.10125906793831624, 0.125, 0.09626304132713706], [0.11565995042722733, 0.10722875213476253, 0.11913631478311425, 0.10752302282871407, 0.10495197798940592, 0.12284814108223828, 0.10143067394934784, 0.12471642409546675, 0.09650474270972302], [0.11520803742307568, 0.10724665206909921, 0.11862270121871087, 0.10746407633371173, 0.10518681475210069, 0.12251229696946048, 0.10169396791957952, 0.12499999999999997, 0.09706545331426164], [0.11532527250098923, 0.10725853036703162, 0.11861195114482484, 0.10751580990265419, 0.10516163900220986, 0.1224411916799735, 0.10177649086924884, 0.12482776498277132, 0.0970813495502968], [0.11505127659290483, 0.10729564182379833, 0.11818512159429405, 0.10752349745065087, 0.10534069539485183, 0.12197636550197502, 0.10206564047715491, 0.125, 0.09756176116437014], [0.11560324182394081, 0.10719868670305495, 0.1187482065352535, 0.10753614447811197, 0.10496930112948291, 0.12244865099286384, 0.1017005496387823, 0.125, 0.09679521869850975], [0.1160557238470229, 0.10718983386802093, 0.11913866765384934, 0.10761702766719206, 0.10475374693281546, 0.12289674108308603, 0.10152146937652425, 0.12449856605036068, 0.09632822352112858], [0.11513759939333137, 0.10730360123150505, 0.11817381918571766, 0.10756217066839399, 0.10532101889804377, 0.12193046948465218, 0.10213137805838488, 0.12486343944442208, 0.09757650363554905], [0.11596373197929659, 0.10722595527800735, 0.11898234280608158, 0.10764165713177576, 0.10485274773734543, 0.12263591819778054, 0.10167677876521834, 0.1244572703392016, 0.0965635977652926], [0.11585302444174583, 0.10722920039137497, 0.11877200861496291, 0.10764056428602178, 0.10491733387408743, 0.12233145381768977, 0.10182352741067005, 0.12465197564162755, 0.09678091152181975], [0.11633361149781113, 0.10702513574899362, 0.11916628499172359, 0.10755749104779821, 0.10442239597866561, 0.12327466869121413, 0.10134193706938244, 0.125, 0.09587847497441127], [0.11559719105014116, 0.10726704533140234, 0.11851307662468381, 0.10763014723976858, 0.105082643751686, 0.12216769106626157, 0.1019988881685055, 0.1246069071922637, 0.09713640957528714], [0.11627947825781763, 0.10707503560138205, 0.1190757633583945, 0.10759700758510785, 0.1045208795138776, 0.12309540732069904, 0.10147962872616895, 0.12479627890711767, 0.0960805207294347], [0.11615378013394266, 0.10717226868527116, 0.11893869436865409, 0.10766217137873041, 0.10471400677916451, 0.12278152015079281, 0.10170280929311083, 0.12443463859139223, 0.09644011061894128], [0.11514437999012814, 0.10729394733603621, 0.1179537357505372, 0.10759445816367161, 0.10531833183109116, 0.12162895618298744, 0.10231928879941407, 0.125, 0.09774690194613414], [0.11607820570461895, 0.10717299041207086, 0.11882372179869576, 0.10765626079609263, 0.10475390378562598, 0.12259842685614493, 0.1017796260419792, 0.12457314750763956, 0.09656371709713214], [0.11573272790045283, 0.1072654883594212, 0.11848527482659506, 0.10767811681568851, 0.10503331274508189, 0.12205241255752254, 0.10207861402567399, 0.12454490174569445, 0.0971291510238695], [0.11604381259177143, 0.1071656749201005, 0.11875376056928322, 0.10764973851232025, 0.10476302804988381, 0.1225019105872543, 0.10181877737622896, 0.12468406030361794, 0.09661923708953976], [0.11512644849145735, 0.1073219649868561, 0.1178858439165444, 0.10762445573545722, 0.10536563741014433, 0.12153685059771768, 0.10240934476207766, 0.12486675155508652, 0.09786270254465858], [0.11593115984343451, 0.10717264059149867, 0.11859834461500891, 0.10764409410066207, 0.10482703951384385, 0.12224857296581089, 0.1019252412684204, 0.12485507116179675, 0.09679783593952394], [0.11579228936068367, 0.10726035472948324, 0.11845402570694902, 0.10769832345993025, 0.10500695465967876, 0.12197716853771762, 0.10212329859437501, 0.12455513554185253, 0.09713244940933008], [0.11549276813374004, 0.10726597164761298, 0.11813831702996401, 0.10765693383815836, 0.10514430335246494, 0.12173979128874873, 0.1022836921005021, 0.12480161901220106, 0.0974766035966078], [0.11529894510430826, 0.1073085234153304, 0.11794968981638933, 0.10766096607036042, 0.10528191852391679, 0.12156550053474462, 0.10242026315949489, 0.1247582075651891, 0.09775598581026607], [0.11630789288045301, 0.10710145856668364, 0.11879240987558085, 0.10767108578124811, 0.10457453817046498, 0.12277797540412888, 0.10177610218520257, 0.12462329139117798, 0.09637524574505997], [0.1159959289453433, 0.10713057800522832, 0.11853478142659196, 0.10763855993706178, 0.10475158304670396, 0.12225327917475695, 0.10194481111221113, 0.125, 0.0967504783521026], [0.11545820744503305, 0.10726865986684693, 0.11804850747675377, 0.10766322885300303, 0.10516556642379601, 0.12163664928307012, 0.10235214851964711, 0.1248418109623001, 0.09756522116954988], [0.11568760284652174, 0.10726826040353979, 0.11824829131485964, 0.10770506657527665, 0.10506968881386054, 0.1217825724556616, 0.10227404559075147, 0.12461659572614676, 0.09734787627338183], [0.1158630226825653, 0.10723595128462692, 0.11839034691689923, 0.10771075686400228, 0.10495280506675528, 0.12194404951295164, 0.10217333171263597, 0.12460828112455567, 0.09712145483500774], [0.11597340960069259, 0.10716194796244251, 0.11845889266785711, 0.10767090032095364, 0.10480788279882929, 0.12213727003789725, 0.1020488131905862, 0.12485552256011088, 0.09688536086063056], [0.11513935876821235, 0.10725834428995777, 0.11769733312800287, 0.10760835974461971, 0.10528472063292826, 0.1216126854680905, 0.10250111359360212, 0.125, 0.09789808437458643], [0.11552575066137556, 0.1072116208501765, 0.11801521418414623, 0.10764240810861858, 0.1050665417307685, 0.12173735683634801, 0.10233362609142689, 0.125, 0.09746748153713973], [0.11518432028538778, 0.10725076812536223, 0.11769472372020687, 0.10761786198824991, 0.10525834963203697, 0.12168134499427138, 0.10251596957696897, 0.12491802893705668, 0.09787863274045924], [0.11617007683231881, 0.10712910082619652, 0.1184630718042105, 0.10770424749921875, 0.10469074143145016, 0.1222937183068138, 0.1020657935633513, 0.12472332618304954, 0.09675992355339061], [0.11595794601470738, 0.10719472501833675, 0.11830785252289358, 0.10771947219099055, 0.104868196314335, 0.12203429510245507, 0.1022243159780337, 0.12460809417940945, 0.09708510267883844], [0.11562346452890604, 0.10720714179483616, 0.1180368161226466, 0.10766733339299585, 0.10502369578730862, 0.12183073435117173, 0.10235066922579188, 0.12484012801853918, 0.09742001677780393], [0.11657210109999631, 0.10697752926713831, 0.11870096497835311, 0.10765805146698679, 0.10431555121278112, 0.12291092581856308, 0.10174433304823248, 0.125, 0.09612054310794882], [0.11607573028058073, 0.10715373937144239, 0.11835163801686345, 0.10771421286221095, 0.10476679287068949, 0.12213851504221124, 0.10216886085612947, 0.12469768218670466, 0.09693282851316765], [0.11639081665856793, 0.10702508670382298, 0.11852546869646426, 0.10767214069758553, 0.1044634092073614, 0.12256430087493968, 0.10192518058040434, 0.125, 0.09643359658085393], [0.11623628199466671, 0.10712905981507378, 0.11841888705082543, 0.10773231172852339, 0.10466940597996974, 0.12228561350109565, 0.10212647851973974, 0.12461884151111831, 0.09678311989898702], [0.11551404328167376, 0.10719868194258297, 0.1178225167793632, 0.10766168854962054, 0.1050630242910673, 0.12194829657032881, 0.10248453483571084, 0.1246992696234825, 0.09760794412617005], [0.11612318472205857, 0.1071129231573959, 0.11814478587162518, 0.10772883500898132, 0.10470774243229629, 0.1223969834607881, 0.10231173503065487, 0.12445017426808888, 0.09702363604811086], [0.11521026715932813, 0.10718159551224028, 0.1174377289592368, 0.10761529081647644, 0.10516590958503019, 0.12203754338647178, 0.10267015432991027, 0.12472467208624763, 0.09795683816505847], [0.11684809111282723, 0.10694948341307943, 0.11847544432527515, 0.10775182284194586, 0.10419267485706553, 0.12277283280591458, 0.10196507005497434, 0.12486916309620716, 0.0961754174927107], [0.11690971249904923, 0.10695251596397036, 0.11849946327327873, 0.10776872224462117, 0.10417124106550502, 0.12282588316411706, 0.10195928047234978, 0.12477623933910142, 0.09613694197800722], [0.11532565032538394, 0.10711235734571983, 0.11749942584564167, 0.10758295375100708, 0.10502966053649017, 0.12212963266172472, 0.10257337062188977, 0.12500000000000003, 0.09774694891214293], [0.11666965050720199, 0.1069943916103445, 0.11838754187032526, 0.10775265771094418, 0.10432806932002853, 0.12261894070322708, 0.1020747893404944, 0.12476310451672365, 0.0964108544207104], [0.11634723535658291, 0.10705241480372567, 0.11820262659582181, 0.10773625666602471, 0.10453985781292145, 0.12259122528168348, 0.10224271707636687, 0.12449460676586427, 0.09679305964100904], [0.11679857370888706, 0.10694024234375935, 0.11840332410590404, 0.10774086148400876, 0.1042048905530068, 0.12266522537404652, 0.10200692181534285, 0.125, 0.09623996061504463], [0.1157887519511686, 0.10713799821003585, 0.11782359060959084, 0.1076998250444008, 0.1048811988615053, 0.12228927936155257, 0.10251443289734787, 0.1244359158176165, 0.09742900724678151], [0.1154267352399089, 0.10711313901943725, 0.11754105448924106, 0.10761004819386405, 0.10499217627610093, 0.12221244571265472, 0.10258292901039653, 0.1248279944532558, 0.09769347760514073], [0.11630511293367146, 0.10702599617273029, 0.1180558207405494, 0.10772540818515738, 0.1045289124466174, 0.12270126791456931, 0.10232404524548888, 0.12445164605845029, 0.09688179030276559], [0.11639226023889448, 0.10702343778334453, 0.11808301407148447, 0.10774546134361138, 0.10449149229745287, 0.12276665218183902, 0.10232144131864314, 0.12434759177760159, 0.09682864898712851], [0.11666056148065239, 0.10695077738319089, 0.11817012523438265, 0.10774823475918681, 0.10428812055609166, 0.12288683125588276, 0.1022046942042271, 0.12457047000952443, 0.09652018511686135], [0.1161922385667908, 0.10698805020962421, 0.11792441666449895, 0.10768000063936156, 0.1045270655429749, 0.12269855812235499, 0.10235251635289021, 0.12468640013485661, 0.09695075376664773], [0.11679847757619093, 0.1069156973292361, 0.11821690696479333, 0.10775045640328432, 0.10418573019667575, 0.12289324588411545, 0.10213972270253162, 0.12474130310243335, 0.09635845984073935], [0.11608333905702099, 0.10697543045566633, 0.11783581589041875, 0.10765042642658673, 0.10455487291120755, 0.12263866104734841, 0.10237879030874557, 0.1248522869852908, 0.09703037691771485], [0.11556699805777577, 0.10703711756640304, 0.1174865606857358, 0.10760118714935228, 0.10484123536183688, 0.12245685888260974, 0.10258828465242455, 0.1248558413765833, 0.09756591626727863], [0.11669735507518253, 0.10693175654991213, 0.11813514447300551, 0.10774853504832821, 0.10425096682123323, 0.12295212692882114, 0.1022165452242767, 0.1245673961911357, 0.09650017368810487], [0.11599284615914868, 0.10699138596041782, 0.11775975974472754, 0.10764938662031644, 0.10461307492332352, 0.12257185067645128, 0.10243971227523528, 0.12483124865532044, 0.097150734985059], [0.1159555202436461, 0.1069974341686273, 0.11771467504862165, 0.1076509854812349, 0.10463683135765965, 0.12259299821804394, 0.10247615485292322, 0.12476436230098505, 0.09721103832825825], [0.11588045215256405, 0.10702670214241473, 0.11766310617868586, 0.10766193466266942, 0.1047056121861541, 0.12258945786083827, 0.10253756082154512, 0.12460389112322325, 0.09733128287190501], [0.11568031752709335, 0.10700677351487183, 0.11750269986403233, 0.10760917484021769, 0.1047585806555261, 0.12255785935714085, 0.10257777631666382, 0.12483489383836224, 0.09747192408609164], [0.11634019211647181, 0.10694917121155587, 0.11787872773456978, 0.10770023806649623, 0.10442237257202017, 0.12292170085879754, 0.10238261467059862, 0.12453169198644852, 0.09687329078304145], [0.11606820940621067, 0.10692650144036342, 0.11772299200983487, 0.10762323440378706, 0.10450016557364394, 0.12271837318241217, 0.10240549607635785, 0.125, 0.09703502790739002], [0.11559806837851164, 0.10697602960943184, 0.11740741575802209, 0.10757326991371632, 0.10475094928730061, 0.12259666973729579, 0.10258802991947863, 0.12499999999999997, 0.09750956739624293], [0.11650014791857657, 0.10694857727274683, 0.11792328435670489, 0.10774098470382742, 0.10435971255757948, 0.12304828233758938, 0.10238601223101704, 0.12430648781839154, 0.09678651080356684], [0.11614958181857872, 0.1069195728312974, 0.11773111244863087, 0.10764141042975263, 0.104460407378044, 0.12282200671657818, 0.1024149459607353, 0.12486702350467083, 0.09699393891171207], [0.1160389430923396, 0.1069303474712309, 0.11762054646963967, 0.10763628002776182, 0.10452019865009048, 0.12278838937391812, 0.1024947382674771, 0.1248303592748881, 0.09714019737265422], [0.11592691806366431, 0.10696679823968977, 0.11752855887510816, 0.10764968801897776, 0.10461341041347816, 0.12281042531079277, 0.10259203686709437, 0.12459212610677436, 0.09732003810442036], [0.11622393558839134, 0.10688386730487265, 0.1175868972989197, 0.10766013579909896, 0.10439084850503988, 0.12304225413762737, 0.1025184346077091, 0.12466420563339847, 0.09702942112494237], [0.11570151052092507, 0.10691876384229089, 0.11724932358408478, 0.10758800895993348, 0.10464052991209252, 0.12292992862804325, 0.1026949342235798, 0.12476115205050757, 0.09751584827854266], [0.11580837872827576, 0.10684044204459814, 0.11722341568509585, 0.1075592005027857, 0.10449758323649032, 0.12306308141321091, 0.10264799848703117, 0.125, 0.09735989990251215], [0.11692328666303946, 0.1066723643769773, 0.11766586614700328, 0.1076692823030556, 0.10384377855068674, 0.12362509622208925, 0.1023010915490324, 0.125, 0.09629923418811599], [0.11589719338189698, 0.10684195844202173, 0.11724856315383532, 0.10758435101962818, 0.10446609445298512, 0.12312691485475662, 0.10265955062810192, 0.12485405797942271, 0.09732131608735148], [0.11690008570966742, 0.10665723558269664, 0.11752762960064975, 0.10767491961752461, 0.10383819360268796, 0.12380454050306136, 0.1024021264028156, 0.1247968450379614, 0.09639842394293524], [0.11580424763494188, 0.10682340348473453, 0.11708959649905837, 0.10756949042286958, 0.10447884601194066, 0.1232549835085192, 0.10274635047937314, 0.12478964072696916, 0.09744344123159332], [0.11656924185073166, 0.10666440642790953, 0.11739552343831461, 0.10760831059459414, 0.10397626984145585, 0.12367622723256781, 0.10246473071205332, 0.125, 0.0966452899023731], [0.11627023529184345, 0.10672629431910417, 0.11727808716376228, 0.10759450103567855, 0.10417323952366234, 0.1234061846444829, 0.10258552321204956, 0.125, 0.09696593480941675], [0.11655467398509235, 0.10666686041177477, 0.11735047729177692, 0.10761480272841902, 0.10398631158226024, 0.12370208736924038, 0.10250665074337853, 0.12492379182629494, 0.09669434406176285], [0.115848708284446, 0.10680341741712363, 0.11702717716399319, 0.1075789074914421, 0.10443664617129211, 0.12338840773353082, 0.10279223220857389, 0.12467683753232964, 0.0974476659972686], [0.11617134255986, 0.1066607218551041, 0.11702767018084444, 0.10755531744621943, 0.10412769372234729, 0.12368816716670222, 0.10269199574980677, 0.125, 0.0970770913191158], [0.11626834578190552, 0.10666350024751152, 0.1170413529159352, 0.10758531124531263, 0.10409502338536288, 0.12374498020247748, 0.10271236804768709, 0.12484586180725692, 0.09704325636655073], [0.11597291286683784, 0.10667410171549147, 0.11689435422105962, 0.10753160697989672, 0.10422063405248576, 0.1236620070921595, 0.10277236608084055, 0.125, 0.09727201699122855], [0.11986082059249908, 0.11575198632362461, 0.10173441793525896, 0.12307959548042703, 0.11062468890819724, 0.09894401162476775, 0.12486545563593895, 0.09031755359617008, 0.1148214699031164], [0.11798700859043626, 0.1154522683041941, 0.10298803716957988, 0.122827192735618, 0.11025769526184763, 0.10041071825381398, 0.12438081639339572, 0.09172944413651736, 0.11396681915459707], [0.11887013597139053, 0.11561916207714765, 0.10240663512141485, 0.12283006086846508, 0.11043869988468223, 0.09974660507007076, 0.12461525167829247, 0.09109228864293527, 0.11438116068560117], [0.11990019579647675, 0.1156969747365877, 0.10172209626483722, 0.1230054212065375, 0.11058410071043784, 0.09899284096803317, 0.12494256858694854, 0.09037145102094014, 0.11478435070920115], [0.11988376594738358, 0.11565369831799135, 0.10173645573387378, 0.1229535564542928, 0.11054649197064194, 0.09905371022289516, 0.12500000000000003, 0.09043256804898976, 0.11473975330393175], [0.120279098275206, 0.11565294151177223, 0.10159086380369974, 0.12305419859345208, 0.11060925150328288, 0.09894251894493135, 0.12462872661692197, 0.0903732482018318, 0.11486915254890193], [0.11857232021733972, 0.11537412770525553, 0.10259746966382556, 0.12248523738340691, 0.1102106660890969, 0.10017732494121993, 0.125, 0.09151000185968979, 0.11407285214016565], [0.11828890473385097, 0.11520435470380776, 0.10313457493687377, 0.12266445263556444, 0.11000256417570635, 0.10082460083755801, 0.12416590673931298, 0.09211154393227959, 0.11360309730504611], [0.12004820279931863, 0.11540222699823409, 0.10174455820076796, 0.12268957050738943, 0.11037787371663632, 0.09937073257573184, 0.125, 0.09079707514746231, 0.1145697600544594], [0.11954471822784085, 0.11526923852573662, 0.102077716875978, 0.12245451275290645, 0.11022369506918743, 0.09986407836967091, 0.125, 0.09127339333724374, 0.114292646841436], [0.1196482531130209, 0.1152088182230303, 0.10208715426134321, 0.12234954469897683, 0.11020236744539301, 0.09997470982953871, 0.1248367309556173, 0.09141693433723212, 0.11427548713584762], [0.12150422035355654, 0.11547644009195386, 0.1012419384714266, 0.12289741123118796, 0.11061174459479622, 0.09896148861478936, 0.12357319745323773, 0.09061672094177542, 0.11511683824727646], [0.11908454426939, 0.11493888218787583, 0.10277151427174144, 0.12196357904230061, 0.10986395003083564, 0.10080291117435328, 0.12472328143917505, 0.09216358961995524, 0.11368774796437292], [0.1188999914587568, 0.11465167987606412, 0.10341904734524054, 0.12216796632122864, 0.10946780134348043, 0.10151533314467907, 0.12434626064445016, 0.09270068736111269, 0.11283123250498756], [0.11916466565832484, 0.11473376872441934, 0.10287760209075474, 0.12186130079062166, 0.10964445327999496, 0.10099127587818103, 0.125, 0.09230164476326849, 0.11342528881443491], [0.12018920056976728, 0.11512804340296012, 0.10187638023253434, 0.12239705757615037, 0.1102256325845335, 0.09989460206103754, 0.1244873801929317, 0.09141876538282293, 0.11438293799726211], [0.12138002119587493, 0.1153034458652683, 0.10137188451244038, 0.12265982181341632, 0.11048497254178817, 0.09930204959716497, 0.12357374140970034, 0.09098581351111844, 0.11493824955322814], [0.12010442955362141, 0.11508983838662255, 0.1019488057629963, 0.12231588662985282, 0.1101912486269449, 0.10002310040421294, 0.12445090412105143, 0.09155161894889612, 0.11432416756580151], [0.11942630209608737, 0.114669973538099, 0.10287424962072181, 0.12165262061481331, 0.10963089164992905, 0.10110602176980621, 0.12474341274805557, 0.092461656859775, 0.11343487110271255], [0.1193636365424896, 0.11450865908731055, 0.10310394685954391, 0.12179461331374766, 0.10943737977746412, 0.10134725857159445, 0.12465861236412482, 0.09263861636113582, 0.11314727712258907], [0.12146372334933325, 0.11515064805247803, 0.10130820004994129, 0.12256605114983297, 0.1103681902696054, 0.09939499800123096, 0.1237968651353994, 0.09110691444052753, 0.11484440955165141], [0.12071982466408916, 0.11499187221245988, 0.10175630629115996, 0.12228392455924449, 0.11021624089055873, 0.10001254028960879, 0.12386969116990769, 0.09166922558689279, 0.11448037433607866], [0.11984559519643048, 0.11455505540255687, 0.10262485953506166, 0.12156985529813862, 0.1095677001477963, 0.1009981971820649, 0.125, 0.09238036779297215, 0.11345836944497903], [0.11993188260407403, 0.11462645452286727, 0.10253118397609295, 0.12163803377017665, 0.10967018001204913, 0.10090456791656896, 0.12476830625824852, 0.09232991663430391, 0.11359947430561858], [0.12036400853573341, 0.11489611845717011, 0.10195951201486501, 0.12212661779466784, 0.11011865110716841, 0.10031349874314292, 0.12399582240994082, 0.09194439971490433, 0.11428137122240727], [0.11967038745154895, 0.11430057552864807, 0.10323845299117751, 0.1215837914845319, 0.10924735304539278, 0.10165880061679623, 0.1244440249725047, 0.09294652871781603, 0.11291008519158385], [0.12164695424359034, 0.11504862571433282, 0.10119054056272209, 0.12258743995092372, 0.1103012919364941, 0.09937739904021488, 0.12389253055979456, 0.0911286735441954, 0.11482654444773205], [0.12017421059454135, 0.11473434374365146, 0.10225955170557822, 0.12179164355701189, 0.10987159514926068, 0.10066587585082883, 0.12440102309745456, 0.09219856713326716, 0.11390318916840585], [0.11960683707488037, 0.11412426015648881, 0.10339359002799925, 0.12155775872345341, 0.10899950745577393, 0.10188261370773935, 0.125, 0.09303183032467895, 0.11240360252898594], [0.11987877101267648, 0.11433545804860971, 0.10304811691909233, 0.1213619842409038, 0.10934156364811043, 0.10152996102655598, 0.12451539570467421, 0.09288309372724457, 0.11310565567213249], [0.12012842290735899, 0.11455495545337946, 0.10252645460169484, 0.12153567504809709, 0.10963312334151938, 0.10098284625473725, 0.1246324397550927, 0.09243429478432175, 0.11357178785379844], [0.12143898116103007, 0.11494823604099465, 0.10130499500825055, 0.12239512790587401, 0.11021106338329635, 0.09960315839449997, 0.12407446522903631, 0.09134448273743878, 0.11467949013957932], [0.12025686354257456, 0.11464405923595229, 0.10229950274629139, 0.12167674597298274, 0.10977876611076419, 0.10075662426629604, 0.12451817695333475, 0.09227385369053885, 0.11379540748126517], [0.1197312058526541, 0.1140767606833373, 0.10339620957704862, 0.12147557804643273, 0.1089743602138283, 0.10193906749018429, 0.124890221682132, 0.09310861958128902, 0.11240797687309366], [0.12010186827111921, 0.11435256103077882, 0.10271332959766395, 0.12132617300717646, 0.10939180648000463, 0.1012366044795418, 0.125, 0.09261724148021762, 0.11326041565349751], [0.12137084793313072, 0.11487018038755717, 0.10134399166604405, 0.12228930249951774, 0.11014649050508905, 0.09972554977280783, 0.1241903004382967, 0.09147001989471618, 0.11459331690284047], [0.12130917697369929, 0.11479181725136646, 0.10137858395458864, 0.12218688081581601, 0.11008230342774172, 0.09984385125060596, 0.12430512733890911, 0.0915927360889018, 0.11450952289837102], [0.12049191460166099, 0.11439361716158078, 0.10240247002374646, 0.12136543965734754, 0.10952703677166001, 0.10100552912186507, 0.12482312544377175, 0.09248533137224463, 0.11350553584612252], [0.12028521176622844, 0.11419689679666108, 0.1028648572931485, 0.121119902530205, 0.10926142885126777, 0.10151205350942075, 0.12476666302118819, 0.09290104226742947, 0.11309194396445066], [0.11991995399533946, 0.11383344221835255, 0.10356769066998557, 0.12123578247418691, 0.1087338110139388, 0.1022904317873606, 0.12500000000000003, 0.09340430159599918, 0.11201458624483708], [0.12100439191467946, 0.11470024851875732, 0.1015613019393134, 0.12195289424736357, 0.10999992809259575, 0.10013674393569917, 0.12443037402149944, 0.09186971201244537, 0.1143444053176465], [0.12053561185269762, 0.11428768472930986, 0.10247673870113164, 0.12122571126183791, 0.10940763426010149, 0.10112852927493794, 0.125, 0.09257914236750435, 0.11335894755247919], [0.12012984236652537, 0.11388954061263501, 0.10344874012737819, 0.12119128292460489, 0.10885197914625733, 0.10218398225466208, 0.1245746843406026, 0.09340135472295223, 0.1123285935043823], [0.11972229306374203, 0.11376876150672671, 0.10403388731277578, 0.12115096206432605, 0.10866189100697184, 0.10282900750288385, 0.12433937851898913, 0.09389575115594069, 0.11159806786764392], [0.12051591153202561, 0.11422682821016189, 0.10265568787610106, 0.12115096361940235, 0.10933632721888942, 0.10133924865466332, 0.12476229830759464, 0.09277635026841424, 0.11323638431274749], [0.12079817672557686, 0.11453354436428737, 0.10196468973214033, 0.121701183705133, 0.10984151179561372, 0.10062509901073423, 0.1241975918902933, 0.09230848682343087, 0.1140297159527903], [0.11996517402062781, 0.11367219147433373, 0.10392613760658409, 0.1210348912903193, 0.1085890489997783, 0.10280571075484553, 0.12448531604295979, 0.09389474992425627, 0.11162677988629519], [0.12013638265392114, 0.11368614261292706, 0.10368162210395494, 0.12104109507637313, 0.10861865457136285, 0.10254735441822893, 0.12476157986923465, 0.0936745027129987, 0.11185266598099858], [0.12162340379998544, 0.11459512799682867, 0.10123341306767003, 0.12209454085750301, 0.10995520045715197, 0.09989603936451931, 0.12444028667743522, 0.09172596112048456, 0.11443602665842165], [0.12126698432885946, 0.1145095295539933, 0.10150703217651835, 0.12181703446369734, 0.10983577919037954, 0.10021526226323314, 0.12469133599258081, 0.09196186653188493, 0.11419517549885315], [0.1204463744295784, 0.11372975966457144, 0.1034741910840997, 0.12095905332693155, 0.10874050792827568, 0.1023622430126555, 0.12441237631461748, 0.0936211893424598, 0.11225430489681033], [0.12084051035226004, 0.11403415108638022, 0.10260275978847654, 0.12092413898834534, 0.10918025216207669, 0.10143499914977042, 0.125, 0.09288913768405177, 0.11309405078863899], [0.12116104436943759, 0.11440044122029168, 0.10171621449127118, 0.1215796709244494, 0.10973375179089274, 0.10048929981054983, 0.12468618540896947, 0.09221752096841733, 0.11401587101572076], [0.1207782078688998, 0.11395058130626776, 0.10287271976589346, 0.12081400219982809, 0.10908274143790811, 0.10174865656592383, 0.12464597886406215, 0.09318641903861863, 0.11292069295259811], [0.12044787482960513, 0.11361700375788636, 0.10359597935085128, 0.12089006828261274, 0.10860552324545944, 0.10255456766040259, 0.12455207663832475, 0.09375858562757844, 0.11197832060727922], [0.12093469971225608, 0.11388847081070294, 0.10282350009875922, 0.12073916509799487, 0.10904150035084953, 0.10175857003995603, 0.1247060255751462, 0.09321370738748576, 0.11289436092684937], [0.1210831032056474, 0.11397833159936786, 0.10256199007230565, 0.12088755502356316, 0.10917433744576706, 0.10147954523563169, 0.12474055599862116, 0.09298822344719865, 0.1131063579718974], [0.120453537924774, 0.11348210480218522, 0.10381602297973443, 0.1207644416340559, 0.10846360546062513, 0.10288254241813534, 0.12443937233719986, 0.09404443472902904, 0.11165393771426096], [0.12120004430661159, 0.11412100240537779, 0.1023558811270464, 0.12114129868275604, 0.10939619075910266, 0.10125282971593683, 0.12425335164862648, 0.09286408603047483, 0.11341531532406753], [0.12038533282122102, 0.11344351525511388, 0.1039593720497856, 0.1207254134227274, 0.1084195701215153, 0.10305929736230776, 0.12431139753540779, 0.0941987868083443, 0.11149731462357697], [0.12149195991356077, 0.11425856834535822, 0.10155831118178564, 0.12154229498702833, 0.10960986881824969, 0.10042389747626876, 0.12499999999999999, 0.09217338011049134, 0.11394171916725718], [0.12091348382738079, 0.1136380818742817, 0.10329105076224179, 0.12061590316610273, 0.10875590819513262, 0.10232841077298814, 0.12426920236262391, 0.09372057392879983, 0.11246738511044849], [0.12088343090678563, 0.11356995795746082, 0.10339613929616728, 0.12065260432147483, 0.10866940526172959, 0.10244744065804134, 0.12422435215422105, 0.09381143089561268, 0.11234523854850675], [0.12090673981092433, 0.11359393454418905, 0.10334519393479938, 0.12062927297512858, 0.10870372780454736, 0.10239429812942423, 0.1242592456526496, 0.09377101359865203, 0.11239657354968531], [0.12139976746234468, 0.11397034044464388, 0.1023980885975538, 0.1209632237256743, 0.10926048494073683, 0.10139903007113016, 0.1243292594760148, 0.09301527312649481, 0.11326453215540665], [0.12121630367199723, 0.11375472434794096, 0.10283921626680582, 0.12056009721360812, 0.10894992326963486, 0.10190193981991563, 0.1245796543104436, 0.09339628908792617, 0.1128018520117275], [0.12131925750514934, 0.11377965687946812, 0.10272095509922685, 0.12061741368645691, 0.10899842169104326, 0.10178858408835718, 0.1245791522222296, 0.09331107954897115, 0.11288547927909762], [0.12203707791595172, 0.11414842316506635, 0.10132564237457202, 0.12156430207614803, 0.1095488640836047, 0.10029007177964447, 0.12500000000000003, 0.09212035717824474, 0.11396526142676808], [0.1214192168662549, 0.11341161082673021, 0.10314269896237804, 0.12016787278385924, 0.10860176821897284, 0.10240704213789281, 0.12462595031377531, 0.09386428615916981, 0.11235955373096684], [0.12111637607182257, 0.1131730719979642, 0.1038498812399412, 0.12031118114660909, 0.10825592100040378, 0.10322776533325168, 0.12404174618407889, 0.09449451772978547, 0.11152953929614313], [0.12164508658831738, 0.11357197180234604, 0.10276338686429226, 0.12039008248012965, 0.10883058410011245, 0.10199584126201712, 0.12455194026306947, 0.0935481951296815, 0.11270291151003412], [0.12150924388091101, 0.11344072011580086, 0.10306174900432441, 0.12017980527572221, 0.10866427849415182, 0.10234904798935063, 0.124492388876191, 0.09385201122675049, 0.11245075513679757], [0.1221743672234533, 0.11397684205121535, 0.1015306415579118, 0.12129981997288537, 0.10941470015298968, 0.10063589981259903, 0.124706228568889, 0.09249606499035891, 0.11376543566969756], [0.12143646083932123, 0.11312490473513112, 0.10352612999088322, 0.12017841851688275, 0.10825780457539795, 0.10292414635236433, 0.12446535648818328, 0.09427236945681375, 0.11181440904502235], [0.12148702692453171, 0.11308136563155065, 0.10356030751729578, 0.12013150994419206, 0.10821833454930338, 0.10299705484218676, 0.12443059524420862, 0.09434397787868036, 0.11174982746805072], [0.12169059795858168, 0.11309376871399805, 0.10322549185671256, 0.1199688424235002, 0.10827908122902599, 0.10266472972844112, 0.12499999999999999, 0.09407876808439992, 0.11199872000534036], [0.12200494163877779, 0.11342159044526065, 0.1025223760754608, 0.12032254252161023, 0.10873179729231788, 0.10186757521211963, 0.125, 0.09345873376862641, 0.1126704430458266], [0.1219780096162916, 0.11339301714854826, 0.10265954953352759, 0.12024249860899135, 0.10869265635610716, 0.10202612598627253, 0.12481591864971371, 0.0936074653711459, 0.1125847587294019], [0.12172156677437762, 0.11292587198797965, 0.10360769141078334, 0.11993805343060703, 0.10809071318881464, 0.10317907929006723, 0.12439235706899439, 0.09454410775515375, 0.11160055909322224], [0.12220970955384433, 0.11353261621735067, 0.10221290863046008, 0.12050380946797189, 0.10897644507632694, 0.10156570551210009, 0.12460924651192323, 0.09331967437055792, 0.11306988465946487], [0.12207729329188435, 0.11318853016223826, 0.10281477228699783, 0.11996262889969257, 0.10847819881568677, 0.10230257133285302, 0.125, 0.09385575120808512, 0.11232025400256211], [0.12194342570441373, 0.1129755836945387, 0.10320998373347597, 0.11976748078855536, 0.10819818657303404, 0.10276575918129559, 0.125, 0.09421669159906067, 0.11192288872562596], [0.12195192302840113, 0.11276818291376597, 0.10367778426317525, 0.11974163377585575, 0.10796168152951639, 0.10339065297304127, 0.12429919745564387, 0.09477429417778226, 0.11143464988281798], [0.12244395209457576, 0.11334250593651558, 0.10230104886950002, 0.12027326877556299, 0.10878783167500097, 0.10177595034787694, 0.1247161308871519, 0.09351888903675781, 0.11284042237705813], [0.12259721532624056, 0.11325081502032268, 0.10217324750790216, 0.12022332800990501, 0.10872774174836981, 0.10171396761016703, 0.125, 0.09349133302764308, 0.11282235174944967], [0.12247923230081557, 0.11344278572069445, 0.10202563548523458, 0.12052738744002121, 0.10896551633615183, 0.10152466858512274, 0.12446341465520072, 0.09342825768812407, 0.11314310178863483], [0.12191096178727683, 0.112431216724953, 0.10389849957016382, 0.11946188487863224, 0.10758625315406922, 0.10383628128287256, 0.12500000000000003, 0.09509486261702946, 0.11078003998500295], [0.12271315850924037, 0.11317077980091697, 0.10227228433999663, 0.12009252681147234, 0.10865827422857659, 0.10187179297483549, 0.1248507894517399, 0.09365143986683422, 0.11271895401638748], [0.12251252850543237, 0.11267425015762578, 0.10321322444780198, 0.1193191372433915, 0.10797653480340706, 0.10304077104214751, 0.125, 0.09456794085287991, 0.11169561294731388], [0.12280430932204407, 0.11312268313634587, 0.10218253470365646, 0.12009534902625595, 0.10862589716666313, 0.10182313203947249, 0.125, 0.09363020776814895, 0.1127158868374131], [0.12239041453186554, 0.11242412548336571, 0.10373288577936449, 0.1193355410003177, 0.10766254663805024, 0.10372049418443878, 0.12452589872229256, 0.09512177097563727, 0.11108632268466785], [0.12267563750067774, 0.11277282754156294, 0.10292092420970687, 0.11947611586391695, 0.1081366019650812, 0.10273433642909939, 0.12500000000000003, 0.09434770511628764, 0.11193585137366738], [0.12287600353729285, 0.11294060694614413, 0.10265625720826209, 0.11973308259186165, 0.10837751681141733, 0.10240902568778733, 0.12459124695364616, 0.09412519746222425, 0.11229106280136422], [0.12294793124133546, 0.11304930044130038, 0.1022158654869967, 0.12001178462517238, 0.10857675252401805, 0.10192567924871153, 0.12484952146901866, 0.09376470234645844, 0.1126584626169884], [0.12296415965776918, 0.11305970277075428, 0.10219082841012418, 0.12003961558391295, 0.10859975358104124, 0.10191070906717485, 0.12476318267199261, 0.09377736610449368, 0.11269468215273704], [0.123125226923518, 0.11290577797701025, 0.10248407223376393, 0.11971201812528053, 0.10842250165910125, 0.10229349138721631, 0.12454601121106516, 0.09410191143743375, 0.11240898904561068], [0.12303663576910047, 0.11303330570822008, 0.10219164177106028, 0.12001707619071415, 0.10859586660562275, 0.1019521809717315, 0.12462072985587792, 0.09385713013590338, 0.11269543299176957], [0.1231467041078638, 0.1126819048228421, 0.10271364967930748, 0.11942866230188513, 0.10813001283532137, 0.10263276242941416, 0.12491394941020119, 0.09434288977807752, 0.11200946463508724], [0.12316394234956839, 0.11295393189690205, 0.10223937464695036, 0.11991370318038941, 0.10853277971763918, 0.10206152678181071, 0.1245380369067196, 0.09398147586421438, 0.11261522865580594], [0.1229606785095498, 0.11230970889333695, 0.10345724029679712, 0.1190084031613159, 0.10765240673627033, 0.10355896130801835, 0.12464725402975364, 0.09510836844487998, 0.11129697862007791], [0.12319042580423999, 0.11261966438553633, 0.10273965273973291, 0.11935291094479877, 0.10806648694821941, 0.10269710345139495, 0.125, 0.0944009994649281, 0.11193275626114953], [0.12288552167194176, 0.11214297649454438, 0.10359344666542497, 0.1189701746347758, 0.10743697168275598, 0.10377932753924766, 0.125, 0.09523509817693332, 0.11095648313437612], [0.12307501356288174, 0.11236352928978854, 0.10321287540336913, 0.11892843555589486, 0.10774476515500934, 0.10330908500919908, 0.12500000000000003, 0.09491403510011849, 0.11145226092373893], [0.12303934389184573, 0.11209077446155709, 0.10355293321441293, 0.11887849612679728, 0.10740992297549481, 0.10378155660357252, 0.12500000000000003, 0.09527215292077557, 0.11097481980554418], [0.12351233598009002, 0.11256127009356966, 0.10261083441888559, 0.11929787297466109, 0.10808145200685348, 0.10264254162004063, 0.12485709355294256, 0.09443401949642766, 0.11200257985652934], [0.1232455895760449, 0.11237798119555015, 0.10313681890275805, 0.11896549437325915, 0.10781690478437478, 0.10327723518625699, 0.12467123269948006, 0.09496271915933033, 0.11154602412294559], [0.12321907886245947, 0.11211019913624871, 0.10350016333491985, 0.11879674456165404, 0.10747756335505712, 0.10374957962395438, 0.12473092331624143, 0.09531374997375516, 0.11110199783570981], [0.12358099722721562, 0.11242200788323511, 0.10273662225799254, 0.11911650921801475, 0.10792751176632591, 0.10285721570751277, 0.12493954752109937, 0.09462328083867029, 0.11179630757993374], [0.12364578099613328, 0.11244853188976846, 0.10262548261193874, 0.11916653634954087, 0.10797589256235841, 0.10273018439564938, 0.12500000000000003, 0.09452279988674366, 0.1118847913078673], [0.12364334571785016, 0.11238168891293222, 0.1027257648352563, 0.11907238286339454, 0.10789403388145867, 0.10287348249855975, 0.125, 0.0946449715203994, 0.11176432977014894], [0.12338277275475382, 0.11195067798499969, 0.10359208693308673, 0.1186474103376947, 0.10733110012002513, 0.10396431099719497, 0.12468200508077663, 0.09553352448539866, 0.1109161113060697], [0.12378632196515879, 0.11247304566354163, 0.1025453812636906, 0.11924462216234477, 0.10806548864311682, 0.10266900104320083, 0.1246532932640904, 0.09454680071913031, 0.11201604527572581], [0.1236618151379971, 0.11221609981028831, 0.10310401929114535, 0.1187835429327536, 0.107722525755773, 0.10339810235036172, 0.12448290816882746, 0.09516228236068745, 0.11146870419216603], [0.12435211669905215, 0.113944908003271, 0.11151434237687145, 0.12063037296931588, 0.10705937411130832, 0.10948865685732186, 0.11168260739327293, 0.09951212881687492, 0.1018154927727115], [0.12443585247821522, 0.11390209752414521, 0.1115620137439408, 0.12055601246971705, 0.10700481179322113, 0.10958187865522243, 0.1116158416546875, 0.09960515906802417, 0.10173633261282654], [0.12442539290616363, 0.11392165259710525, 0.11086896983666379, 0.12099638988948717, 0.10722067758392917, 0.10881459919446264, 0.11247203939417452, 0.09882664097805753, 0.1024536376199565], [0.12436357209137654, 0.1139487407360538, 0.11040133579183621, 0.12135218095206729, 0.1073944497813236, 0.10825621432097818, 0.1130518378447711, 0.09826516722630702, 0.10296650125528622], [0.125, 0.11352362220428562, 0.11170974429956089, 0.12003400919183677, 0.10662110507694636, 0.11015400230083638, 0.11140119921342853, 0.10019164836664314, 0.10136466934646227], [0.12421526159355614, 0.11340483983920827, 0.11237794121474708, 0.11953057168980744, 0.10650713966902488, 0.11108303371021291, 0.1107773897649106, 0.10122130269008285, 0.10088251982844969], [0.125, 0.11354737500590606, 0.11101843548408638, 0.12045582169308727, 0.10683094224122715, 0.10938410654379398, 0.11227326207508145, 0.09941278812625193, 0.10207726883056582], [0.12490400800449049, 0.1134919463728146, 0.11103174806530965, 0.12038267565336176, 0.1067957753074252, 0.1094808946023116, 0.11230156765518202, 0.09953010721959381, 0.1020812771195109], [0.12499999999999999, 0.11350246583572147, 0.11003719878133333, 0.12102232039315677, 0.10710840472275801, 0.10830478768208679, 0.11354891181296911, 0.09834802117717485, 0.10312788959479952], [0.125, 0.11335800082086965, 0.11107065588501555, 0.12019799606872056, 0.1066739141116252, 0.10968557883736516, 0.11226899103919065, 0.09975356431419624, 0.10199129892301698], [0.12478610820708039, 0.11340009386231564, 0.11012410218763664, 0.12083642951690587, 0.10702621202518921, 0.10855728967077254, 0.11354291030766535, 0.09864562531835853, 0.10308122890407598], [0.12449581352352146, 0.11339339939357465, 0.11041838536529211, 0.12065399736523441, 0.10695492027096488, 0.10894625165642771, 0.11324016612042745, 0.0990607529791204, 0.10283631332543691], [0.1243933179057999, 0.11334694244050661, 0.11064362617792975, 0.12045821112859378, 0.10685953710715591, 0.10928053384193034, 0.11299095277465784, 0.09941367378183932, 0.10261320484158656], [0.1248476099011113, 0.11279987123853726, 0.11235244031616473, 0.11882213903462899, 0.10601593049795993, 0.1118179245884955, 0.1107310967275