[[0.11577173664817147, 0.10717471194946568, 0.11818771121466133, 0.10714858776491722, 0.10551197878452663, 0.12301916235845722, 0.10164425800554398, 0.12472640687595106, 0.09681544639830558], [0.11640957021164815, 0.10702546547957824, 0.11873195540523719, 0.10711085739334418, 0.10510962042849573, 0.12357361528792002, 0.10121172763919645, 0.12488046976900699, 0.09594671838557284], [0.11578105032945632, 0.10716078372992258, 0.11805831295603583, 0.10717041897587873, 0.10549070368225426, 0.12286021814774634, 0.10173582626671789, 0.124847911410595, 0.09689477450139325], [0.11590791417859389, 0.10713811627985949, 0.11814261731478128, 0.10716665588396371, 0.10542063648279348, 0.12302360577884072, 0.10165308136443466, 0.12481810386815563, 0.09672926884857715], [0.11646784297562275, 0.10700210367792412, 0.11871537906014303, 0.1071194517232909, 0.10506144380892338, 0.12347773361294496, 0.10123218713862227, 0.125, 0.09592385800252859], [0.11637171061028834, 0.1070600601607921, 0.11855434325882244, 0.10717528097432973, 0.10516812195294238, 0.1233545867365097, 0.10141366762423647, 0.12471078174610996, 0.09619144693596889], [0.11585598853096572, 0.10712474805981628, 0.11802953555833956, 0.10716656617581254, 0.10542028965930642, 0.12286531551469314, 0.1017200088432656, 0.12500000000000003, 0.09681754765780091], [0.11595809289806015, 0.10713326580208306, 0.11801661533777619, 0.10721755539608835, 0.10539691125454294, 0.12281912820122545, 0.1017939150850261, 0.12482482690729906, 0.09683968911789867], [0.1156215102226669, 0.10719029760948576, 0.11765675673747532, 0.10725043050628956, 0.10557471492556737, 0.12226216171411813, 0.10209165438448933, 0.12500000000000003, 0.0973524738999078], [0.11623759550557444, 0.10704714790562936, 0.1181871626364088, 0.10721325695312173, 0.10519626382675329, 0.12290276718451874, 0.10168562861507184, 0.125, 0.09653017737292179], [0.11675772087900899, 0.10703452873691546, 0.1186455132291779, 0.10728912422519044, 0.10500869957162808, 0.1231393427648445, 0.10151606875370503, 0.12453749923390907, 0.09607150260562053], [0.11569691573750565, 0.10719980106155326, 0.11761974850339035, 0.10729265063126732, 0.10556084557048792, 0.12223442290181662, 0.10215565174760528, 0.12486132875705902, 0.09737863508931459], [0.11661207257624268, 0.10703736996693468, 0.11846322111537479, 0.10728332821913657, 0.10506073520567459, 0.12295423812914492, 0.10161952401943301, 0.12471439676821011, 0.09625511399984865], [0.11644489811916583, 0.10701773979379049, 0.11823344364022816, 0.10726272723203711, 0.10509027806741586, 0.12278368538492024, 0.10172654062320441, 0.125, 0.09644068713923787], [0.11705712524692087, 0.10688296376180068, 0.11874913415021054, 0.1072446694133587, 0.10471791628905576, 0.12332456645654442, 0.10135634304907751, 0.125, 0.09566728163303154], [0.11617212675917342, 0.10711781003095532, 0.11796492497013351, 0.10731563148799829, 0.10530438690271805, 0.1225858439325665, 0.10197215783680066, 0.12467840638353274, 0.0968887116961215], [0.11697669333990712, 0.10693673406800334, 0.11864712032933364, 0.10728972698526223, 0.10481294407163734, 0.12317536154126417, 0.10149272987259716, 0.1247926818510408, 0.09587600794095438], [0.11678938893623991, 0.1069880415662917, 0.11846569821230243, 0.10731193898537959, 0.10493964461082696, 0.12291518825080554, 0.10164714011828149, 0.1247843586162514, 0.09615860070362099], [0.11566875368880732, 0.10721730360469058, 0.11740263983191052, 0.10735734626152753, 0.1055860638537876, 0.12193252976487431, 0.10236462176164411, 0.12486369592364165, 0.09760704530911654], [0.11668548578452559, 0.10698265004272475, 0.11833831673955772, 0.10730147940529301, 0.10496659489532051, 0.1227411698058405, 0.10171039628778977, 0.125, 0.09627390703894816], [0.11626794849662189, 0.10706968660435877, 0.11794579912414707, 0.10732078753747057, 0.10521078868659132, 0.12248277535318057, 0.10198730325356087, 0.12489241890942025, 0.09682249203464849], [0.11665262528042755, 0.10701096107919737, 0.11827871962917517, 0.10733096331695732, 0.10501270376845427, 0.12264764965107215, 0.10179213973988044, 0.12488610622414344, 0.09638813131069228], [0.1156170765496248, 0.1072096048351994, 0.1173286161846692, 0.10735349205508402, 0.10559110592782403, 0.12182459885830423, 0.10240530323314932, 0.125, 0.09767020235614504], [0.11652145356508183, 0.10704700663272401, 0.1181208449788465, 0.10735576095483408, 0.10509990577725217, 0.12253248639929548, 0.10192851764236843, 0.12478061298541926, 0.09661341106417824], [0.11630808628671575, 0.10704808664162108, 0.11792142363770733, 0.10732660949921081, 0.10516933730769994, 0.12241094591390096, 0.10200793781326625, 0.125, 0.09680757289987789], [0.11600360076710073, 0.10714505142814153, 0.11761161816614082, 0.10737758174608614, 0.1053865977629538, 0.1221141079472035, 0.10227357498449068, 0.124798423605838, 0.097289443592045], [0.11579596491824573, 0.10721372948441353, 0.11741543633126586, 0.10740892075901415, 0.10553758276796979, 0.12189344807510125, 0.10243688908496495, 0.12469494869200573, 0.09760307988701901], [0.1169104665932575, 0.10692590214195188, 0.11836545530105234, 0.10733461137863001, 0.10482010361342207, 0.12278915052509251, 0.10172289860802888, 0.12499999999999997, 0.09613141183856465], [0.11658231631741174, 0.1070310197416048, 0.11808584695187921, 0.1073779430994859, 0.10505848871412622, 0.12241719246300414, 0.10197733800485143, 0.12485189765016681, 0.09661795705746977], [0.11595358819836975, 0.10715213226088421, 0.11752490887094746, 0.10738981116168943, 0.10540957903224045, 0.12199971926923181, 0.10234305888687094, 0.12483931616779008, 0.09738788615197588], [0.11619791539229196, 0.10712965424298879, 0.11774010819864247, 0.10740908567862563, 0.10530452707662388, 0.12219297504818429, 0.1022429354393221, 0.12463942362734778, 0.0971433752959731], [0.11637970138700854, 0.10706377287833382, 0.11789204892553784, 0.10738109635785463, 0.10516387863252727, 0.12229982478131428, 0.1021045756811753, 0.12484431521827113, 0.09687078613797717], [0.11651919183681404, 0.10701862699413636, 0.11799182345767827, 0.10736909852213951, 0.10506211834589563, 0.12233239517680669, 0.10202039854656174, 0.125, 0.09668634711996776], [0.11564813917653421, 0.10725544988348226, 0.11720127546081219, 0.10745009037536214, 0.10563197905453155, 0.12159874874577523, 0.1026238937278305, 0.12470114001555693, 0.09788928356011481], [0.11602052351818573, 0.1071138486296656, 0.11751578566778248, 0.10738895700668523, 0.10533772595502265, 0.12194875246580458, 0.10234529482068212, 0.125, 0.09732911193617157], [0.11568538641551665, 0.10724315068653514, 0.11720431447760409, 0.10745565802728321, 0.10560344125288994, 0.12165037648011925, 0.10263107350331391, 0.124659201372423, 0.09786739778431482], [0.11670542101055716, 0.10698205443769598, 0.11803374588223958, 0.10740154020122777, 0.10495380814315224, 0.12232101472227183, 0.10203031976888352, 0.125, 0.09657209583397193], [0.1164733275124604, 0.10706921565434159, 0.11785310322347653, 0.10743879078885303, 0.1051374694948352, 0.12215284231942312, 0.10220896041782801, 0.1247438054810663, 0.09692248510771576], [0.11611969715237992, 0.10711984556278577, 0.11755712678104344, 0.10742527444431012, 0.10531240454189914, 0.12194790023212393, 0.10237437122834162, 0.12483789533013444, 0.09730548472698165], [0.11717191510961442, 0.10684251024882001, 0.11835620479003502, 0.10736580632589691, 0.10462731366226177, 0.12294127798983248, 0.10173864344065758, 0.125, 0.09595632843288182], [0.1166024639725456, 0.1070399192480672, 0.11792262868883183, 0.10744538762145482, 0.10505856554468626, 0.12219016957494232, 0.10216976649016572, 0.12477458903257727, 0.09679650982672894], [0.11695377760453571, 0.10690777620302282, 0.1181538576638118, 0.10739917682572439, 0.1047790597289697, 0.12257760677016803, 0.10193123468204984, 0.125, 0.0962975105217177], [0.11675873677227085, 0.10698720002055592, 0.11800686493658145, 0.10743674050760317, 0.10494139645988858, 0.12228581402910146, 0.10209392015989484, 0.12488257031967387, 0.09660675679442986], [0.11598664120169265, 0.10714148765164212, 0.11735496693350456, 0.10745248014049394, 0.10537686788324348, 0.12191147395230889, 0.10253565979586009, 0.12469564093542788, 0.09754478150582638], [0.11656758820542316, 0.10693267987536759, 0.11771310740726415, 0.10740052669618327, 0.1049282186049024, 0.12245034766608143, 0.10221592913216908, 0.12500000000000003, 0.0967916024126091], [0.11563688716293634, 0.10713963396161022, 0.11696254888169155, 0.10742521202707628, 0.10547663928110182, 0.12199682765845223, 0.10272507285691004, 0.12472166173985752, 0.09791551643036416], [0.11736846384378692, 0.10678724667108772, 0.11818794169326084, 0.10744188418836217, 0.10448806911393577, 0.12283706237074883, 0.10191003882038335, 0.125, 0.0959792932984344], [0.1174336367045847, 0.10678715008804898, 0.11822295626207438, 0.10745602442714842, 0.10446687658449447, 0.12289695151736856, 0.10190163530533883, 0.12489831980316496, 0.0959364493077767], [0.11575351284045346, 0.1070628991770704, 0.11703535172509551, 0.1073852460103661, 0.10534312487733001, 0.12209704999339235, 0.10262021744267477, 0.125, 0.09770259793361741], [0.11718960538439219, 0.10688571155022888, 0.11808353382140427, 0.10749468261719931, 0.10466942514074756, 0.12264451058053233, 0.10208133432920824, 0.12465320475613488, 0.09629799182015233], [0.1168083421564412, 0.10689640532457095, 0.11782249960215069, 0.10743298564001509, 0.10480400591581487, 0.12263994981552274, 0.10217922218066178, 0.12481390310165626, 0.09660268626316644], [0.11731964131980033, 0.10682154929350095, 0.11812482117656034, 0.10747386683735671, 0.10454591539977844, 0.12272949379138942, 0.1020027850085602, 0.12486802749026327, 0.09611389968279033], [0.11619255971250296, 0.10698563385266312, 0.11736460615073467, 0.10740132621703755, 0.1051091627004666, 0.12226586239862546, 0.10244010330272557, 0.12499999999999997, 0.09724074566524399], [0.11585140050394022, 0.1070603520770001, 0.11708825652323608, 0.1074097137597027, 0.10530811091080225, 0.12218033273631786, 0.1026251612772189, 0.12482601292770222, 0.09765065928407969], [0.11672967817433143, 0.10686135855724122, 0.11767399759464642, 0.10741641553367465, 0.1047808867053081, 0.12275914637176961, 0.10224176922052232, 0.12485589276003307, 0.09668085508247319], [0.11680079977817408, 0.1068196939222458, 0.11770046253208928, 0.10739922444725479, 0.10470520073006352, 0.12281607669857912, 0.10219076195007405, 0.125, 0.09656777994151937], [0.11709940633068676, 0.10677949367002208, 0.11785212758195164, 0.10743438009713634, 0.10455844997109612, 0.12291884367967792, 0.10211966557946113, 0.1249238534558687, 0.09631377963409929], [0.11660300771642215, 0.10684144579901601, 0.11753894818766589, 0.10738959005047505, 0.10479347595509861, 0.12276749523015024, 0.10228715290939105, 0.125, 0.09677888415178097], [0.11726537754670745, 0.10678531987484387, 0.11794249658931713, 0.10747630024122669, 0.10451256641896464, 0.1229148207658069, 0.10210936648730214, 0.12477531919550974, 0.09621843288032146], [0.11650485536141178, 0.10687912816287211, 0.11745794437551105, 0.10740921458602701, 0.1048708156625323, 0.12271886194586887, 0.10237274003817884, 0.12485023332512435, 0.09693620654247369], [0.1159670116733215, 0.10698005494872949, 0.11706206953732844, 0.10739945179972228, 0.1051643749266693, 0.12242737172926893, 0.10261876850742754, 0.12485416988953721, 0.09752672698799532], [0.11712171661703442, 0.10674835241713602, 0.11782230407481678, 0.10742414652327664, 0.10451047612963656, 0.12298214200214018, 0.10211442005237982, 0.125, 0.09627644218357954], [0.116403939680283, 0.10689956095178214, 0.1173725201829936, 0.1074131870763263, 0.10492718259166206, 0.12265604697598823, 0.10243564441197058, 0.1248289513883715, 0.09706296674062265], [0.11635785283141159, 0.10690459348900357, 0.1173235906169298, 0.10741439232346522, 0.10494693296411325, 0.12263565534122282, 0.1024684997280513, 0.12482669051738299, 0.09712179218841943], [0.11625859068968633, 0.10690042437432128, 0.11724753336010367, 0.10739323402111113, 0.10497233743359337, 0.1225520999315253, 0.10248592548735763, 0.125, 0.0971898547023013], [0.11607279807557246, 0.10694618977368096, 0.1170951043413653, 0.10740504332246642, 0.10508621734812779, 0.12252919378944016, 0.10260246276636752, 0.12483295584111051, 0.09743003474186883], [0.11672009300532021, 0.10677603699619148, 0.1175142284053199, 0.1073870718191676, 0.10466936813225669, 0.12298827077982205, 0.10228012901449934, 0.125, 0.09666480184742271], [0.11646758506147042, 0.10683147840279131, 0.11735301766956696, 0.10738522808927216, 0.10481836759716656, 0.12280394642879722, 0.10239507369842679, 0.125, 0.09694530305250859], [0.11598010982699136, 0.10691839250398882, 0.11699652847349694, 0.10737274619387405, 0.10507807110724204, 0.12256901539698636, 0.1026127893899326, 0.125, 0.09747234710748783], [0.11686424132513656, 0.10673740636453627, 0.11757058224455326, 0.10739238847920722, 0.10457373795239393, 0.1231035299931649, 0.10223711751274131, 0.12499999999999997, 0.0965209961282664], [0.11654379684553924, 0.10682235414439459, 0.11737441971632835, 0.10740216971845704, 0.10478134024543077, 0.1229070942029371, 0.10240105282631844, 0.12486519078714504, 0.09690258151344941], [0.11641927876875047, 0.10684419644998713, 0.11725655340928247, 0.1074089503896867, 0.10484550468826354, 0.12284261518922898, 0.10248903797468421, 0.1248281383012313, 0.09706572482888523], [0.1162721281960567, 0.10683928437463175, 0.11713298515120706, 0.10738321300335828, 0.10488369519295837, 0.12277679669649783, 0.1025305308762331, 0.12499999999999997, 0.09718136650905677], [0.11655602246207397, 0.10673768400541914, 0.11723422464244602, 0.10737775444793259, 0.10466240582838449, 0.12312992731302473, 0.102434149390496, 0.125, 0.09686783191022308], [0.1160394757136676, 0.1068615666193365, 0.11687125558163185, 0.10739269510964909, 0.10497637675699083, 0.12290670821579458, 0.10270790850075509, 0.12475847284440524, 0.09748554065776904], [0.11613254257555145, 0.1067792474387183, 0.11686580632213112, 0.10736134928376471, 0.10483943741311522, 0.12304110869896685, 0.10265330654784856, 0.12500000000000003, 0.09732720171990394], [0.11726177403980972, 0.1065536388221362, 0.11745897321736612, 0.10741798849532641, 0.10419914042643312, 0.12365847088137633, 0.10225560904479188, 0.125, 0.09619440507276023], [0.11621722357870756, 0.10677842992312765, 0.11690261772045628, 0.10738490625057272, 0.10481064231175467, 0.1231054642022638, 0.10266165069546287, 0.12485238664506, 0.09728667867259429], [0.11720426538367706, 0.10654246170419258, 0.11732558354230772, 0.10743024180012466, 0.10419640333609988, 0.12385180412614204, 0.10235264770595418, 0.12479397593077066, 0.09630261647073123], [0.11609938846933282, 0.10676541446169435, 0.1167447390504626, 0.10737773618055726, 0.10482431378787468, 0.12323578646131494, 0.10274685890934412, 0.12478732655004651, 0.09741843612937251], [0.11686222270633626, 0.10655736223076222, 0.11714331720489982, 0.10737034397196625, 0.10432240348801591, 0.12376946227573604, 0.10241755382790876, 0.125, 0.09655733429437477], [0.11658283054269847, 0.10668790202961466, 0.11700837020525366, 0.1074221463462643, 0.1045743550771947, 0.12347577551863463, 0.10261620873560955, 0.12465367013797635, 0.09697874140675368], [0.11683716947185013, 0.10656126750392184, 0.11709902378105776, 0.1073791554849116, 0.1043328121665245, 0.12380021160893451, 0.10245826061445429, 0.12492275886441445, 0.0966093405039309], [0.116125617426597, 0.106745664776599, 0.11669572817029951, 0.1073892975457952, 0.10478585519303675, 0.12337086727664501, 0.10278810344017524, 0.12467332025475936, 0.09742554591609297], [0.11643139544221527, 0.10661426856477862, 0.11675930849975988, 0.1073791813573391, 0.10451640756000918, 0.1236749218064723, 0.10269854904104359, 0.12484518960200976, 0.09708077812637247], [0.11650006241101056, 0.10656889702097319, 0.11676669480411835, 0.10736399607756619, 0.10443571452626749, 0.12372903074044997, 0.10265986298890602, 0.125, 0.09697574143070826], [0.11621207503452716, 0.10661323874258281, 0.1165970157161114, 0.10734245993278971, 0.1045803519872062, 0.12364751935952854, 0.10275549188140524, 0.12500000000000003, 0.09725184734584905], [0.12033176570104304, 0.115717619985823, 0.10113427882322555, 0.12370362333606794, 0.11057126913458185, 0.0983729945152164, 0.125, 0.09025487133583805, 0.11491357716820416], [0.11848054708838088, 0.1155251636738003, 0.10254598639664743, 0.12294799253281682, 0.11028477025635797, 0.09991904151735766, 0.1243796978159704, 0.09173250395589751, 0.11418429676277117], [0.1193516938581948, 0.11558663470788762, 0.10182983148416368, 0.12345350433724975, 0.11038820964173673, 0.09919613930726746, 0.12461391759163251, 0.09104053104256968, 0.11453953802929795], [0.12036658948484587, 0.11567399916403662, 0.10115383617538987, 0.12362619719723426, 0.11054849793277807, 0.09844860912680897, 0.12494242674926027, 0.09035538445646216, 0.11488445971318405], [0.12034390957556872, 0.11563099517672998, 0.1011709587926773, 0.12357575591129555, 0.11051138289266892, 0.09850664040934562, 0.12500000000000003, 0.09042034304151397, 0.11484001420020006], [0.12072937591639045, 0.11565284441709894, 0.10108484701620264, 0.12343037914656915, 0.11060910201614471, 0.0984511486257554, 0.12462872276023615, 0.090447812831755, 0.11496576726984752], [0.11902991938049404, 0.11533536779068622, 0.1021079441602134, 0.12309046537506128, 0.11015111477765509, 0.09959809226186288, 0.125, 0.09145124681469907, 0.11423584943932802], [0.11830177711349318, 0.11531874075417425, 0.1028653874737671, 0.12271284471558833, 0.11010203634433874, 0.100402459441323, 0.12418109823962241, 0.09225088577074778, 0.1138647701469452], [0.12046016031922122, 0.11539392849193883, 0.1012331929195898, 0.12319120425123431, 0.11036523101223081, 0.09883531098998195, 0.12500000000000003, 0.09085533100172208, 0.11466564101408111], [0.11994677406646292, 0.11524125408695846, 0.10160527493061042, 0.12308598627152426, 0.11018120028583493, 0.0992731513154763, 0.125, 0.0912692759502431, 0.11439708309288962], [0.12002459387303827, 0.11516928459119637, 0.10161150262886488, 0.12297007229343762, 0.11014261938119062, 0.09934465225483399, 0.125, 0.09137964743711928, 0.114357627540319], [0.12182688410143577, 0.11543291307671906, 0.10064393457603182, 0.12288780144091453, 0.1105459837009423, 0.09830369613502586, 0.1247294179249641, 0.09055770135647369, 0.11507166768749288], [0.11906709446362382, 0.11490920323166226, 0.10240616878786685, 0.12257705833943189, 0.10981930070134065, 0.10020567297031613, 0.125, 0.09216855572825061, 0.1138469457775078], [0.11888676630228946, 0.11468134453249264, 0.10307632052155749, 0.1221813159864334, 0.10944953255046776, 0.10093805718017561, 0.125, 0.09273760293876541, 0.11304905998781821], [0.11916637949804831, 0.1147468400471283, 0.10258840518059874, 0.12233577377362181, 0.10964896320940147, 0.10046262346741262, 0.125, 0.09241930633815965, 0.11363170848562909], [0.1205176505022463, 0.11509260092301794, 0.10141114003705858, 0.12271602897762521, 0.11017258937920392, 0.0992556799027363, 0.12500000000000003, 0.09140578686956609, 0.11442852340854577], [0.12168744553193332, 0.11523843456700661, 0.10073218252257118, 0.12264413190750133, 0.11038765541590502, 0.09857324508297338, 0.125, 0.09086611520410379, 0.11487078976800538], [0.12042782124336965, 0.11504573640541937, 0.1014866528993358, 0.12267762468112713, 0.11012534705034341, 0.09935955257489347, 0.125, 0.09151266561120353, 0.11436459953430765], [0.11941117988833583, 0.11464194675786643, 0.10252294757821141, 0.12226600776398522, 0.10958919314860512, 0.1004883527538479, 0.12499999999999999, 0.09248968584397832, 0.11359068626516962], [0.11935436771607932, 0.11458077043422685, 0.10277771330533846, 0.12201641153932427, 0.1094696354034558, 0.10075711530044734, 0.125, 0.0927026056709461, 0.11334138063018186], [0.12176871957256724, 0.11510151661793631, 0.10073706797643459, 0.12255390990447519, 0.110295202543527, 0.09869491325261492, 0.125, 0.09105491962211953, 0.11479375051032524], [0.1210261789061443, 0.11493903892139254, 0.10128286133770585, 0.1222695862926507, 0.11013819685828022, 0.09930420057582989, 0.125, 0.09161509627992453, 0.11442484082807197], [0.11985310635380175, 0.11457027609739857, 0.10237225357530591, 0.12220349609445084, 0.10959018857026372, 0.10045793998764649, 0.12476735128148689, 0.09255473775012381, 0.11363065028952188], [0.11992109135317634, 0.11460436672907776, 0.10219729056966316, 0.12226017475220284, 0.109637539107985, 0.1002758033291395, 0.12499999999999999, 0.0923872492540761, 0.11371648490467919], [0.12067910981997304, 0.1148620543830098, 0.10158600655150708, 0.12227537762292993, 0.1100684803514898, 0.09965155893170054, 0.12464280547365078, 0.09195762916488993, 0.114276977700849], [0.1196687021022445, 0.11438593796164089, 0.10294942957074953, 0.1217349899582236, 0.10930771957629123, 0.10107811649789208, 0.12469132943799656, 0.09306591947018224, 0.11311785542477949], [0.12197497211771423, 0.11500334395941304, 0.10064390426959041, 0.12257646207493035, 0.11023440838081, 0.09868871406322212, 0.12499999999999999, 0.09109794297826326, 0.11478025215605646], [0.12015652752039983, 0.11469672743978065, 0.10189144480207818, 0.12227725420577167, 0.10981616034219764, 0.09999286981406652, 0.125, 0.09220701430959793, 0.11396200156610757], [0.11962953010267424, 0.114219002225764, 0.10320550709257513, 0.12158934470081774, 0.10907908513454648, 0.10139821747555519, 0.12489019200330052, 0.0933018486144145, 0.11268727265035235], [0.11987835056333225, 0.11433542711737096, 0.10276659082332532, 0.1218668643658072, 0.10934027810135749, 0.10094407856555872, 0.12456601433101887, 0.09301421457096108, 0.1132881815612681], [0.12012039439101098, 0.11453774168270443, 0.10220717135972646, 0.12215443035631234, 0.10960779823260194, 0.10035506489253872, 0.12482006494185213, 0.09251318651878446, 0.11368414762446867], [0.12176643989772884, 0.11492204862135437, 0.10085209518425775, 0.12238834154689102, 0.11017253441556547, 0.09897538377505274, 0.1248857067500391, 0.0913848472410779, 0.11465260256803281], [0.1202472092124495, 0.11462298042622603, 0.10197094938500326, 0.12219314714608731, 0.10974778432936351, 0.10012106157785634, 0.12488216323785666, 0.09233961286527691, 0.11387509181988062], [0.1197439280292654, 0.11415604525898607, 0.10317127295142395, 0.12150263193945614, 0.10903065274474827, 0.10140494491112903, 0.125, 0.093324958050217, 0.11266556611477416], [0.1201000906177949, 0.11434869681145467, 0.10242588287567725, 0.1219513179528365, 0.10938614187998301, 0.10063490123169301, 0.125, 0.0927433304377525, 0.11340963819280814], [0.12168531615192703, 0.11484128517596544, 0.10091411109224405, 0.12228157026135021, 0.11010412101420415, 0.09910343577649942, 0.125, 0.09150652858694926, 0.1145636319408604], [0.12161322590502963, 0.11476948283756452, 0.1009930617315899, 0.12218072601143203, 0.11004966510058589, 0.09925143058843167, 0.125, 0.09165583697069765, 0.11448657085466873], [0.12048691803542286, 0.1143818615070808, 0.10210106083059226, 0.12193724137930888, 0.1095098872106292, 0.10038819940901052, 0.125, 0.09259272602414889, 0.11360210560380662], [0.12028310978064341, 0.114192080468529, 0.10258137658851403, 0.1217405243254543, 0.10925441215231048, 0.1009069149000031, 0.12476655899298128, 0.09303296455401545, 0.11324205823754882], [0.11993838729354238, 0.11390276076700184, 0.10337615248548017, 0.12125846094340165, 0.10879283400544913, 0.10176640455206211, 0.125, 0.09367120874958898, 0.11229379120347373], [0.12131558225828414, 0.11468258534245744, 0.10123991744234423, 0.12194766872651375, 0.10997420427633728, 0.09956076792442073, 0.125, 0.09195314212837857, 0.11432613190126387], [0.120535095725861, 0.11428644628112591, 0.10219989549115717, 0.12184211317317635, 0.10940583163046018, 0.10053309886266941, 0.125, 0.09272253213389044, 0.11347498670165954], [0.12012883675176037, 0.11394508871892114, 0.10317499653121005, 0.12121042934410188, 0.10887342565790106, 0.10157558602373933, 0.125, 0.09354758768054518, 0.11254404929182099], [0.11983988636271266, 0.1137397196118948, 0.10371378336504786, 0.12114100916776892, 0.1086196436944059, 0.1021598591316946, 0.125, 0.09397201285410134, 0.11181408581237393], [0.12050616605571868, 0.1142034143789723, 0.10233419827260071, 0.12176349711287555, 0.10930228463630924, 0.10069323201651698, 0.12500000000000003, 0.09285559654943662, 0.11334161097757003], [0.12091436536349323, 0.11450781823517059, 0.10163493308338702, 0.12173361531860385, 0.10980425283820404, 0.10002821969047455, 0.12500000000000003, 0.09237404403706705, 0.11400275143359974], [0.11998564763587583, 0.1136662000003474, 0.10365256871432553, 0.12103476888341905, 0.1085803689637602, 0.1021818214382336, 0.125, 0.09403661267365553, 0.11186201169038289], [0.12015413622794374, 0.11374907340171907, 0.10349656169097331, 0.12106198849682552, 0.10867845109891895, 0.10202075647260449, 0.1247624501699057, 0.09394562917478402, 0.1121309532663252], [0.12181882535737291, 0.11458489986113404, 0.10091209390999313, 0.12209168475025292, 0.10994041120734903, 0.09938936339599441, 0.125, 0.09183707939403256, 0.114425642123871], [0.12132037955047904, 0.11453218184746185, 0.10128704291115989, 0.12182390750812366, 0.10986852361130608, 0.09977132555774372, 0.12499999999999999, 0.09217813243008122, 0.11421850658364444], [0.12043928569657922, 0.11377361928349018, 0.1031776693670638, 0.12097483147199992, 0.10874530883021778, 0.10172109437106686, 0.12499999999999999, 0.09372701098929531, 0.11244117999028681], [0.12083850479444493, 0.11402886374445836, 0.10232530442945595, 0.12153665962206568, 0.10917262444291008, 0.10086715763639316, 0.125, 0.09302414811593956, 0.11320673721433228], [0.12127020682295853, 0.11441738891692536, 0.10148553899975642, 0.12158513970864736, 0.10975816108459635, 0.1000352687179303, 0.12499999999999999, 0.09241486214527792, 0.11403343360390766], [0.1207635169642282, 0.11391213176833091, 0.10253099213004438, 0.12141775113498683, 0.10902735289178661, 0.10110468250633535, 0.12499999999999999, 0.09322682368691816, 0.11301674891736944], [0.12045888261421202, 0.11368532649768072, 0.1033885350872233, 0.12091342515915272, 0.10864742330032913, 0.1020009106110165, 0.12468889996523233, 0.0939887489062321, 0.11222784785892133], [0.12092719646437741, 0.11386796247136334, 0.10252057773300846, 0.12134636863383201, 0.1090120460497736, 0.1011719305025343, 0.12484719762918496, 0.09330501687403811, 0.11300170364188782], [0.12107497527485887, 0.11395546059646995, 0.1022522527249416, 0.12141712329081855, 0.10914149770127626, 0.10090283474761005, 0.125, 0.09307072781820666, 0.11318512784581805], [0.1204500298519713, 0.11348817640122175, 0.10354463966276038, 0.12076618364805417, 0.10845084589615968, 0.10225321330497794, 0.125, 0.09417576928157026, 0.11187114195328456], [0.1211906857930681, 0.11409420965973976, 0.1020366406499538, 0.12145467756738222, 0.10935776176890029, 0.1006855219361633, 0.12480579421964619, 0.0929320267053363, 0.11344268169981002], [0.12039761333792026, 0.11342191995001881, 0.10366664578198784, 0.12072026490239236, 0.10838858669967577, 0.1024023266564147, 0.12499999999999999, 0.09429691992626633, 0.11170572274532381], [0.121516641311275, 0.11430789221645338, 0.10140215983454583, 0.12155817251637717, 0.10968053917867769, 0.1000748011820589, 0.12500000000000003, 0.09246729577393266, 0.1139924979866795], [0.12089688309222084, 0.11362563684164456, 0.10294572621199052, 0.12101722510101728, 0.10870292560684666, 0.10168229544664711, 0.12480067479825814, 0.09374454842339007, 0.11258408447798482], [0.12085963071085014, 0.11358614622043073, 0.10301438812040907, 0.1209183311573989, 0.10863229333163857, 0.10175536665641147, 0.12499999999999999, 0.09378292969479346, 0.11245091410806755], [0.12088675532914554, 0.11359920547928713, 0.10298266261998643, 0.12095923734553903, 0.10866062222204037, 0.10172690640799507, 0.12490621265588388, 0.09376995346742724, 0.11250844447269533], [0.12138665671066964, 0.11393017439259633, 0.1020562910380537, 0.12127655337399959, 0.10920316728937138, 0.1008263784285332, 0.12500000000000003, 0.09304508468546693, 0.11327569408130929], [0.12120012990048734, 0.11370665534260983, 0.10248745317287773, 0.12115215199443151, 0.10888131568296575, 0.1012925896742454, 0.12499999999999999, 0.09340969851084867, 0.11287000572153368], [0.12130496165994557, 0.1137360775504037, 0.10237752920416704, 0.12116465083916753, 0.10893627225058636, 0.10119881861376646, 0.125, 0.09333576968413186, 0.11294592019783146], [0.12204986615106769, 0.11419525953538179, 0.10116824781112789, 0.12157913085381797, 0.1096155525598126, 0.09997606721457301, 0.125, 0.0924029875347901, 0.11401288833942894], [0.12140377112948277, 0.1133616242170703, 0.10280019650715991, 0.12075532090001678, 0.10853103431464024, 0.10182483749994413, 0.12499999999999999, 0.09387771619941748, 0.11244549923226828], [0.12109807380351399, 0.11314285719651025, 0.10350775492402638, 0.12029727651680978, 0.10817701155085413, 0.10259764858823256, 0.12499999999999999, 0.09450191637204669, 0.11167746104800613], [0.12163132079187568, 0.113525080604096, 0.10242223360849144, 0.12089668053686575, 0.10876423815893733, 0.10144201425021752, 0.125, 0.09356498464729165, 0.11275344740222458], [0.12149036466610408, 0.11337820353758617, 0.10269572120665768, 0.12076181201941005, 0.10857592926985372, 0.10175763531448395, 0.125, 0.09383030691140415, 0.11251002707450017], [0.12217920494633584, 0.11399571463221354, 0.10131720561645129, 0.12130615499480868, 0.10944138350771529, 0.10028449816859618, 0.12500000000000003, 0.09269116793753443, 0.11378467019634483], [0.12142518188695227, 0.11314863426737493, 0.10321604017081436, 0.12033542872248189, 0.10823644063296728, 0.1023634278998216, 0.125, 0.0943239708179805, 0.11195087560160716], [0.12147558560886407, 0.11310030572182192, 0.10325002028688696, 0.12026356369011136, 0.10819044674617934, 0.10244130348205455, 0.125, 0.0943927322979003, 0.11188604216618155], [0.12168853902548699, 0.11310124505630108, 0.10297130676544801, 0.12042900304221324, 0.10826867836693768, 0.10219661093213975, 0.125, 0.09420611053374543, 0.11213850627772781], [0.12200660703565032, 0.11342802859929164, 0.1022899749392592, 0.12070765619024193, 0.10874084319748684, 0.10146524794652409, 0.125, 0.09361952964718313, 0.11274211244436286], [0.12197777245127568, 0.11339210623556603, 0.10241403615284057, 0.12068387195343334, 0.10869137656003779, 0.10160627848309144, 0.12481590420305742, 0.09374846601940835, 0.11267018794128936], [0.1217154569576027, 0.11295722775820972, 0.10333343648364537, 0.1200731030741408, 0.10808099787464631, 0.10268614388881693, 0.12476838631172193, 0.09463428785388639, 0.11175095979732981], [0.12226695272599564, 0.11352653728061217, 0.10195708904862995, 0.12059926921256302, 0.10896795088283405, 0.10117569035194689, 0.12500000000000003, 0.09344295007178163, 0.11306356042563677], [0.12207460505065874, 0.11317766623255805, 0.10255542470884838, 0.12047197634655296, 0.10846300242703047, 0.101879749545113, 0.125, 0.09397030718330993, 0.11240726850592846], [0.12194004791125791, 0.11296229561868265, 0.10295009271581103, 0.12027369075437594, 0.10817961903797331, 0.10231998838200193, 0.125, 0.09432760888887887, 0.11204665669101836], [0.12194982520614665, 0.1128080389207767, 0.10343512839577995, 0.1198643548035133, 0.10796437124394823, 0.10295563436629004, 0.12452577870913545, 0.09489876616552563, 0.11159810218888393], [0.12244979977651466, 0.11336917574866716, 0.10211483057992984, 0.12043140429023752, 0.10882492159170543, 0.10147534057337694, 0.12473648316409187, 0.09372980342823264, 0.11286824084724394], [0.12268192848360805, 0.11328100674560256, 0.10199637694938048, 0.12026247898184156, 0.10876955635522689, 0.10144515957338619, 0.125, 0.09370984841982326, 0.11285364449113103], [0.12282219856022625, 0.1134497180819589, 0.10180322639825563, 0.12053007024621588, 0.10897513429691297, 0.10122276391350782, 0.12446373651506848, 0.09358293807860876, 0.11315021390924541], [0.12199865994848584, 0.11245776480029962, 0.10370999284024424, 0.11947430539142156, 0.10761132374990266, 0.10346460223627896, 0.12499999999999999, 0.09528360643734625, 0.11099974459602076], [0.12273324270162687, 0.11318580899452559, 0.10206803230505061, 0.12018889342625386, 0.10867903662511534, 0.10158190424083068, 0.125, 0.0938285244454734, 0.11273455726112364], [0.12250738365715978, 0.11264875675481761, 0.10294374981598954, 0.11987545699727134, 0.10794132509519476, 0.10264786289668597, 0.125, 0.09464630208951302, 0.11178916269336799], [0.12290923685181124, 0.11315094812842769, 0.10200561530290639, 0.12010702084763854, 0.10866486336519467, 0.1015761636605792, 0.12500000000000003, 0.09384103194226091, 0.1127451199011815], [0.12238286154774042, 0.11242749561206851, 0.10345413415691884, 0.11942775586310221, 0.10761516463441538, 0.10330048194988954, 0.12499999999999999, 0.09517826740354425, 0.11121383883232072], [0.12268305252834401, 0.11281183385924616, 0.1027673427401486, 0.11996316485204124, 0.10819039846326627, 0.10248354581108983, 0.1244489487665966, 0.09458428570708839, 0.11206742727217901], [0.12287040024478729, 0.11290879318943285, 0.10236989543574894, 0.12001945985806343, 0.10833366521509424, 0.10203897678860778, 0.125, 0.0941817152277949, 0.11227709404047055], [0.12307084427597709, 0.11307392309248845, 0.10203481776205758, 0.12002206210613675, 0.1086105901995441, 0.10168992615915624, 0.12484983150780438, 0.09396411436505309, 0.11268389053178234], [0.12314584642754677, 0.11306906918822354, 0.10198115988103537, 0.12004350669569659, 0.10861261855011274, 0.10165224137730079, 0.12485475191455063, 0.09393647105944895, 0.11270433490608452], [0.1231213878871578, 0.11288101222873015, 0.10221352447853026, 0.11986782675545575, 0.10838855535397769, 0.1019703111393972, 0.12499999999999999, 0.09417417615095024, 0.1123832060058008], [0.1232756988210682, 0.11300760893179326, 0.10191661930491444, 0.12000637606953139, 0.10856064105894854, 0.10163984103668104, 0.12500000000000003, 0.09392420409539282, 0.1126690106816704], [0.12314683078029887, 0.11268274676239325, 0.10249499734233941, 0.1197529571851337, 0.10813116589585685, 0.10235942717710705, 0.12491395529174326, 0.09448131662919043, 0.1120366029359372], [0.12339094661513945, 0.11291955175464931, 0.10195102588191426, 0.11989918660894873, 0.10848578136340697, 0.10174740854858122, 0.125, 0.09402621739152367, 0.11257988183583639], [0.12295133084339982, 0.11228017476832425, 0.10314577659115093, 0.11940617009038561, 0.10757722955216995, 0.10316682877357453, 0.125, 0.09511048259255976, 0.11136200678843515], [0.12319016451008641, 0.11261787672227117, 0.10251773234575151, 0.11968934543102544, 0.10806404182716811, 0.1024256964400844, 0.125, 0.09453275253908722, 0.11196239018452574], [0.1228868826539269, 0.11220123795303033, 0.10339844852741355, 0.11920625161566767, 0.10746637030903235, 0.10349745692829895, 0.12483597367642575, 0.09539386638249389, 0.11111351195371061], [0.12307031533539738, 0.11233268802626013, 0.10294673395239465, 0.1194623868415352, 0.10770265108239342, 0.1029824389430308, 0.12499999999999999, 0.09497819606426025, 0.11152458975472805], [0.12303675573128263, 0.11212971278771942, 0.10331732119579691, 0.1191592870256017, 0.1074135633224032, 0.10347512685051048, 0.125, 0.09537172779518154, 0.1110965052915041], [0.12351333059097853, 0.11256958628327281, 0.10241087473731475, 0.11953197132348063, 0.10809276327863697, 0.10242487671519311, 0.12485718909622812, 0.09458813840387094, 0.11201126957102414], [0.12324236223629008, 0.11235476225970852, 0.10288621154470103, 0.11941825485306108, 0.10778529548386957, 0.10299003013978952, 0.12467062791295773, 0.09504300410607705, 0.11160945146354544], [0.12321162837851711, 0.11209808916329032, 0.10320378782259342, 0.11916811675018676, 0.10742006597752474, 0.10340110931744585, 0.125, 0.09532713691232253, 0.11117006567811927], [0.12358035624919049, 0.112416326275911, 0.1025150236070277, 0.1194037133915066, 0.10791979994926569, 0.10262571342500164, 0.125, 0.09474321440919208, 0.11179585269290482], [0.12364640965586056, 0.11245435857104889, 0.10242381197296015, 0.11940654045498564, 0.10798379554607727, 0.10252417750041824, 0.12499999999999999, 0.09467002660810786, 0.11189087969054129], [0.12364340774085283, 0.11238226579206262, 0.10251643284970963, 0.11935613595979935, 0.10789481592548905, 0.102660598625716, 0.12499999999999999, 0.09477960607745146, 0.11176673702891893], [0.12337837126929639, 0.11197475051586983, 0.10333304197072005, 0.1189701721262807, 0.10731578635953372, 0.10367225447264962, 0.1247591329340857, 0.09558966361962322, 0.11100682673194069], [0.12378816555855598, 0.11249207427709368, 0.10236932384110575, 0.11933883710339621, 0.10809121239556678, 0.10250661108795131, 0.12465381991632496, 0.09472418774093962, 0.11203576807906568], [0.12365989559141354, 0.11219776206590748, 0.10286924071028004, 0.11916887489288239, 0.10769774224670806, 0.1031688351756914, 0.12448216643135447, 0.09525215018716615, 0.11150333269859646], [0.12434422282675364, 0.11381021170172605, 0.11113700341389303, 0.12102449264119847, 0.10733845101806767, 0.10880975755969957, 0.11229982356627438, 0.09920778392729766, 0.10202825334508951], [0.12442890745090888, 0.11376547504020003, 0.1111870378785795, 0.12094236750280127, 0.10729546778858726, 0.10890347702555668, 0.11223123754921642, 0.09930090152137745, 0.10194512824277248], [0.1244188943736052, 0.11379636176435493, 0.11048254946398249, 0.12143642217867386, 0.10735605023276135, 0.1081654506157008, 0.11310670602445505, 0.0985499939861065, 0.10268757136035982], [0.12435697035184627, 0.11383410475897976, 0.11001056930159221, 0.12181123884239603, 0.10742622863412207, 0.10762695497611569, 0.11370055055130578, 0.09801054841428726, 0.10322283416935508], [0.125, 0.11337104463213964, 0.11134975678619542, 0.12039993312989963, 0.10694293949997752, 0.10949440226336336, 0.11200313884284058, 0.09989765664238885, 0.101541128203195], [0.12420469305032789, 0.11324868085630185, 0.11205253160434, 0.11981568613382286, 0.10690035867299819, 0.11042937432515272, 0.11136372170529871, 0.10093843995279503, 0.10104651369896263], [0.125, 0.11340554725576202, 0.11064400360499083, 0.12088194490232741, 0.10699908853860753, 0.10875260814540971, 0.11289550557200938, 0.09914380914349077, 0.10227749283740235], [0.12490280730271723, 0.1133479995747139, 0.11066023879504198, 0.12080687371577574, 0.10696189840330746, 0.1088564345895044, 0.11292153231745974, 0.09926570763340743, 0.10227650766807214], [0.12500000000000003, 0.11338139954425006, 0.10965641985656745, 0.12147565160204825, 0.10706147758663112, 0.10772260311429173, 0.11420177138188702, 0.09813067026884555, 0.10337000664547895], [0.125, 0.11320832522923535, 0.11070426719843844, 0.12061710993501004, 0.10684561945654217, 0.10907123662512938, 0.1128838553597499, 0.09949492483805711, 0.10217466135783758], [0.12478378178201055, 0.11327392580285878, 0.10974882992268517, 0.12128320297081142, 0.106989020834061, 0.10798597533354724, 0.11419011897803344, 0.09843391413138373, 0.10331123024460882], [0.12469926726010601, 0.11324042161270527, 0.11002183823220552, 0.12108760546976441, 0.10694336308524717, 0.10834031938949643, 0.11385801185880175, 0.09879498995141894, 0.10301418314025453], [0.12499999999999999, 0.1131487441278204, 0.11020387019405158, 0.12087033414565862, 0.10683339047118659, 0.10861905962220356, 0.11356214634407434, 0.09905822688474394, 0.10270422821026079], [0.12484535529216208, 0.11261937053876887, 0.11205029798609031, 0.11911255574439368, 0.10637807495380361, 0.11121876043283047, 0.1112943416237953, 0.10176644139485463, 0.10071480203330088], [0.125, 0.11252423160408948, 0.1121061559432123, 0.11896936917008677, 0.10629576757083255, 0.11138406649730946, 0.11119126827093395, 0.10193516208990971, 0.10059397885362578], [0.12441244675551298, 0.11282408698452966, 0.11108302416383325, 0.11991851610432379, 0.1065870089983808, 0.11005803522755304, 0.11264614917661757, 0.10060720694498057, 0.10186352564426819], [0.1238274653424928, 0.11300940000831519, 0.10901308347854619, 0.12134854205830978, 0.10702912132628163, 