[[0.11443780306551797, 0.11788666532712958, 0.1063869840901842, 0.10635970543632724, 0.12293162598930944, 0.12471431636020115, 0.10061213058123168, 0.10465077209938495, 0.10201999705071381], [0.11499354877555189, 0.1184300570637223, 0.10615972783537712, 0.10624923262306331, 0.12350491392939762, 0.12487471263407406, 0.10006597319143269, 0.10415160672678148, 0.10157022722059934], [0.11445266262724638, 0.11774916087475698, 0.10636630382851688, 0.1063763681857715, 0.12276492171491707, 0.12484113805655937, 0.10069974272055306, 0.10462184579184257, 0.10212785619983637], [0.11456346896886972, 0.11783212583380372, 0.10632935833475166, 0.10635919016715224, 0.1229341177632388, 0.12480986789796802, 0.10059596968259067, 0.10453411375916609, 0.10204178759245909], [0.11504878717287977, 0.11840926044296121, 0.10612544123686035, 0.10624850520713659, 0.12340358529344453, 0.125, 0.10007447690021819, 0.10409025345261955, 0.10159969029387979], [0.1149748572923745, 0.11824460253715482, 0.10619797113936295, 0.10631872879412087, 0.12327551775841487, 0.12469688360131627, 0.10028024586367487, 0.10421511740042294, 0.10179607561315787], [0.11451967757450619, 0.11771428600626574, 0.10631631338311531, 0.10636002278518676, 0.12276877125520448, 0.125, 0.10066713685089451, 0.10453476833338911, 0.10211902381143792], [0.1146206185643158, 0.11769613491334165, 0.10631332835971624, 0.10640148615892128, 0.12271904396506854, 0.12481678789043063, 0.10072894497343463, 0.10449728929395466, 0.10220636588081657], [0.11433226405919243, 0.11733271953811308, 0.10640440425449527, 0.10646719065122726, 0.12214134841422496, 0.125, 0.10108077187796051, 0.10471753033460399, 0.1025237708701825], [0.11487011749254064, 0.11786038254343242, 0.10618603316539767, 0.10636010969062167, 0.12280217268947052, 0.125, 0.10056734675360132, 0.1042463707935572, 0.10210746687137856], [0.11534407911578856, 0.11832386301939718, 0.1061251559096535, 0.10639263846421192, 0.12304516036875143, 0.12451408845758646, 0.10032736356251139, 0.10399678370674637, 0.10193086739535337], [0.11440750669556934, 0.11729037644233187, 0.10640539883633089, 0.10650239217460881, 0.12211099840479733, 0.12485514002038549, 0.1011361349911796, 0.10469329866336369, 0.10259875377143303], [0.11521560181782425, 0.1181363358732973, 0.1061391112419046, 0.10639736914875765, 0.1228519355461464, 0.12470011458378724, 0.10045033462421411, 0.10406363074273023, 0.10204556642133819], [0.11506666185525125, 0.11789865986299848, 0.10612804514338418, 0.1063851536393135, 0.1226740304675716, 0.125, 0.10057505732430112, 0.1041052198549682, 0.10216717185221166], [0.11560935997315545, 0.11841666067862576, 0.10591934782799461, 0.10630029201970934, 0.1232354528489278, 0.125, 0.10009877507428287, 0.10363914497250643, 0.10178096660479777], [0.11483366679513957, 0.11762976581858195, 0.10626588171569716, 0.10647312761688889, 0.1224708307314508, 0.12466308528984404, 0.10087508467003052, 0.10436606500182169, 0.10242249236054536], [0.11554601536935837, 0.11831297124470566, 0.10598664149747386, 0.10635820115395919, 0.12307938911578617, 0.12478177732060848, 0.10025629329542686, 0.10375114428799875, 0.1019275667146826], [0.11538338310962426, 0.11812933148260643, 0.10606083866832125, 0.10640140937847456, 0.12280786824433926, 0.12477325802901265, 0.10044500324694021, 0.1039069962333829, 0.10209191160729851], [0.1143977989086631, 0.11706218484841543, 0.10642042054612612, 0.10656673883283545, 0.12179506944903226, 0.12485758782806103, 0.10135027899599346, 0.10471608123298273, 0.10283383935789044], [0.11529058302833677, 0.1179979587297051, 0.10606210952247956, 0.10639722848079769, 0.12262576189474327, 0.125, 0.10052048634163338, 0.103943050300745, 0.10216282170155924], [0.11492311022913528, 0.11760266316202342, 0.10619750626154306, 0.10646082144284395, 0.12236033054103689, 0.12488718586578117, 0.10086790164051919, 0.10424818637582652, 0.10245229448129052], [0.11526709201127554, 0.11793688727192396, 0.10609607057623996, 0.10643234755827839, 0.12252801329899476, 0.12488031378940936, 0.10061182927196587, 0.10399618545513341, 0.10225126076677855], [0.11435250497031443, 0.1169858620925714, 0.10641473771740691, 0.10656505375569031, 0.12168272331647652, 0.12499999999999997, 0.10139578200947263, 0.10472392498283782, 0.10287941115522983], [0.11515578217588696, 0.11777594239552329, 0.10614689117207256, 0.10647112561681113, 0.12240877181332509, 0.1247696135025113, 0.10077177472237692, 0.10410216784509398, 0.10239793075639882], [0.11496178568678538, 0.1175737721278303, 0.10616641079823147, 0.10645861280357925, 0.12228378919253247, 0.125, 0.10087872415146495, 0.10419539007961531, 0.10248151515996087], [0.11470062734701073, 0.11726308095905671, 0.10630276768485328, 0.10654626731507781, 0.12197796978073537, 0.12478891450424913, 0.1012014857395072, 0.10446136127804591, 0.10275752539146388], [0.11452173084219364, 0.11706829088177288, 0.10639965195238756, 0.10660377713086419, 0.12175126120563268, 0.12468098649483034, 0.10140417558651432, 0.10464678800727911, 0.10292333789852531], [0.11550263928924297, 0.11801464505816567, 0.10597021053879704, 0.1064005308118153, 0.12267224896266864, 0.125, 0.10049209137655288, 0.1037530651542605, 0.10219456880849702], [0.11521669351328018, 0.11773497915990025, 0.10611916020024126, 0.1064836886402949, 0.12228612449686205, 0.12484438200159624, 0.1008090227356499, 0.10404653049091336, 0.10245941876126188], [0.11465954782762623, 0.11717358217267139, 0.10631328864870655, 0.10656213837566332, 0.12185870711234381, 0.12483176408323862, 0.10127819048902972, 0.10448883602086878, 0.10283394526985175], [0.11487971404502298, 0.11738905821862083, 0.10626553881363691, 0.10655848207597608, 0.12205724216397366, 0.1246219880605543, 0.10114252412769857, 0.10435215814807115, 0.1027332943464453], [0.11503734099996146, 0.1175392865548629, 0.10617361115182222, 0.10650668316164859, 0.12216581707622419, 0.12483658869735036, 0.10096829265450456, 0.10417942655551082, 0.1025929531481149], [0.11516050159376073, 0.1176371379380106, 0.1061085853320281, 0.10647679430932176, 0.12219738704776362, 0.12499999999999997, 0.10085739532681579, 0.10405305730514516, 0.10250914114715404], [0.11439978294960025, 0.1168502210075375, 0.1064566906365749, 0.10666009274211592, 0.12144564365871877, 0.12468768703001847, 0.10161664802831626, 0.1047601403365644, 0.10312309361055358], [0.11472114670606916, 0.11715847700092291, 0.10625993442869573, 0.10654817693083143, 0.1218030809042609, 0.12500000000000003, 0.10126372204010671, 0.10439901674459884, 0.10284644524451447], [0.11443460478304923, 0.11685065788035076, 0.106437599091605, 0.10665974697298344, 0.12149841852174376, 0.12464374080995788, 0.1016162918774645, 0.10472350311977516, 0.10313543694307026], [0.115336183334699, 0.11767132905132571, 0.10604467738829712, 0.10648598674575223, 0.12218164148982774, 0.125, 0.10083533052850499, 0.10391091231968119, 0.10253393914191201], [0.1151341963820379, 0.11749294959702568, 0.1061656294953236, 0.1065538286325459, 0.12200936547964204, 0.12473089506862352, 0.10106045137778323, 0.10413653683614282, 0.1027161471308753], [0.11481662123995556, 0.11719732675750459, 0.1062554911934271, 0.10657568498032187, 0.12180035700036126, 0.12483005893922496, 0.10128061327692445, 0.10436067567310607, 0.10288317093917412], [0.11575040772868794, 0.11798998946939736, 0.10584164391849883, 0.10639378481011302, 0.12282779834194592, 0.125, 0.10045644480544544, 0.1035043425856948, 0.10223558834021668], [0.11525201121095728, 0.11755961847662982, 0.10611871666616564, 0.10654498219061305, 0.1220460486727025, 0.12476302732703445, 0.1009987656274657, 0.10403573601731461, 0.10268109381111695], [0.11556134491702817, 0.11778529977789223, 0.10593379239918764, 0.10645164727389696, 0.12244719871205134, 0.125, 0.10068934180883032, 0.10369047777556754, 0.10244089733554577], [0.11539213985483221, 0.11764004050879918, 0.10604233981332499, 0.10651546091628064, 0.12214344158717944, 0.12487641055371773, 0.10089238328782227, 0.10388922376495491, 0.10260855971308862], [0.114705416803454, 0.11698943733997101, 0.10628762414274283, 0.10661348601895412, 0.12176380321484956, 0.12468108870992492, 0.10146157926901381, 0.10443863315697023, 0.10305893134411952], [0.11522074810265087, 0.1173325771204441, 0.10598918270951813, 0.1064814610534621, 0.12231720175764789, 0.12500000000000003, 0.10102611757505807, 0.10388004606303186, 0.10275266561818712], [0.11439292574180554, 0.11659037258665023, 0.10631260499901936, 0.1066114068321682, 0.12185776497066778, 0.12470877321327072, 0.10169362647740476, 0.1045726049109813, 0.10325992026803195], [0.115952865515875, 0.11779811653146481, 0.10574500815909929, 0.10643710780082984, 0.1227132866375841, 0.125, 0.10058869841967022, 0.10331425843640556, 0.1024506584990712], [0.11601437399923104, 0.1178328356707734, 0.10573872719870504, 0.1064461052958982, 0.12277588951020053, 0.124892466581606, 0.10057197770812742, 0.10328488712745656, 0.10244273690800183], [0.11449122795350271, 0.1166576658208548, 0.10621231671442598, 0.1065499493269564, 0.1219593912719563, 0.125, 0.10155896173870269, 0.10441099022442328, 0.10315949694917782], [0.1157987945703712, 0.11769756031690566, 0.10587484339676434, 0.10651779810375954, 0.12251306245622068, 0.1246338518420655, 0.10080235782893078, 0.10353487708914552, 0.10262685439583678], [0.11544504898368114, 0.1174360906688543, 0.10592177762417283, 0.10648724535387342, 0.12251289381778528, 0.12480388436254196, 0.10095063953693159, 0.10371673150294708, 0.10272568814921244], [0.11591512846541463, 0.11773356252765173, 0.10578703422919045, 0.10647647442649608, 0.12260028185169544, 0.12486051708403549, 0.10069403952029228, 0.10338189658501523, 0.10255106531020865], [0.11488681689090142, 0.11698123763015507, 0.10608114339212864, 0.10651770741943135, 0.12212858299850639, 0.125, 0.10130738449450125, 0.1041104557550029, 0.10298667141937304], [0.11458326979003718, 0.11670817571317932, 0.10619852990913886, 0.10656467495593235, 0.1220448756880935, 0.12481765457437939, 0.10155027217703257, 0.10436211093259878, 0.10317043625960805], [0.11537537389909705, 0.11727902405837858, 0.10588343322261316, 0.10646841549864135, 0.1226383331597573, 0.12484812337326222, 0.10101478369788564, 0.10369079496955202, 0.10280171812081287], [0.11543782070235101, 0.11730215041875795, 0.10582765351329187, 0.10643880714170587, 0.12269690707867285, 0.125, 0.10094613571846932, 0.10359777927735096, 0.10275274614940019], [0.11571544065061302, 0.1174487021189115, 0.10575112945573686, 0.10644297763099735, 0.12280138334979503, 0.12491955574977821, 0.10082830096517222, 0.1034047301922083, 0.10268777988678751], [0.11525882125786542, 0.11713964446889567, 0.10586962863404778, 0.10644710870082287, 0.12264801509796572, 0.125, 0.10107159717606312, 0.10371205467596868, 0.10285312998837073], [0.11587314465223034, 0.11753815809872337, 0.1057417644077214, 0.10647233242176306, 0.1227953566755884, 0.12476244678269367, 0.10079791629526273, 0.10333880035917696, 0.10268008030683987], [0.11517387387023374, 0.11705933121833076, 0.10592140280343525, 0.10647950538468186, 0.12259829910637336, 0.12484231784821924, 0.10117684279466956, 0.10380694685544362, 0.10294148011861243], [0.11468900298630359, 0.11666929711293067, 0.10608841983821984, 0.10652856863693047, 0.12230007690756181, 0.12484695414907362, 0.1015113349520841, 0.10418289913948092, 0.10318344627741496], [0.1157360537226052, 0.11741421018029544, 0.1057106397554183, 0.10642485669968751, 0.12286741500095191, 0.12500000000000003, 0.10081324129717004, 0.1033455271431787, 0.10268805620069306], [0.11508411274712893, 0.11697388233246048, 0.10595357088835394, 0.10649404084850017, 0.12253354407625465, 0.12482001181035725, 0.10125635499710753, 0.10387810937511122, 0.10300637292472585], [0.1150434138754186, 0.11692404184286555, 0.10596274722639956, 0.10649908053670325, 0.12251259376871691, 0.12481766994697595, 0.10129575960148383, 0.10390319259663269, 0.10304150060480367], [0.11495093979315375, 0.11684779749316469, 0.10596716662681616, 0.10648538672689085, 0.12242588030343739, 0.125, 0.10132504553628183, 0.10393966287585406, 0.10305812064440129], [0.11478640053822292, 0.1166967959497624, 0.10603650235665675, 0.10651847641542622, 0.12240469589722379, 0.12482453889380002, 0.10147390555111196, 0.10408281046189861, 0.10317587393589744], [0.11536849810208605, 0.1171038793829779, 0.1057770504111447, 0.1064215804508869, 0.122877993421199, 0.125, 0.10103468935223898, 0.10355489986335406, 0.10286140901611245], [0.11513962790692919, 0.11694639522420909, 0.10586538114230823, 0.10644857604546451, 0.12268717295729256, 0.12499999999999997, 0.10119307400590768, 0.10374522470702356, 0.10297454801086503], [0.11469917636722997, 0.11659520897169286, 0.10601172323077569, 0.10648885965885943, 0.1224471181019758, 0.12500000000000003, 0.10149022349098932, 0.10407912226963537, 0.10318856790884173], [0.11550150690028185, 0.11715533024496227, 0.10571665631729543, 0.10640824730789264, 0.12299753070917994, 0.125, 0.10096483309148106, 0.1034320541167771, 0.10282384131212968], [0.115212328342064, 0.1169646987378707, 0.10584567268948122, 0.10645664164407245, 0.12279464277247633, 0.12485794751377548, 0.10118681569239965, 0.10369499550187308, 0.1029862571059869], [0.11510222369817912, 0.11684558103949119, 0.10588060310392365, 0.10647533055247721, 0.1227281150712457, 0.12481901698699582, 0.10129430081191806, 0.10377583363117374, 0.10307899510459531], [0.11496625027626593, 0.11672081236992408, 0.10588779860610727, 0.10646022502974467, 0.12266031745925544, 0.125, 0.10135329862731773, 0.10382975116707077, 0.1031215464643141], [0.1152256486859005, 0.11680893773040671, 0.10573756185168376, 0.10641268527596028, 0.12302751417309801, 0.12500000000000003, 0.10119834736411859, 0.10354863260867087, 0.10304067231016142], [0.11476166813757671, 0.11645360473454337, 0.10592962292958609, 0.1064880405376855, 0.12279915592458204, 0.1247460632992237, 0.10156255192182322, 0.10394757294931713, 0.10331171956566224], [0.11484329693521649, 0.11643804966095066, 0.10582106417084079, 0.10643377727885499, 0.12293809556260334, 0.125, 0.10147815048959993, 0.10377924444486213, 0.10326832145707168], [0.11588406126581173, 0.11700539902911929, 0.10544413562866854, 0.10636047380590194, 0.12357778120893138, 0.125, 0.10088758994579675, 0.10294801995333734, 0.10289253916243304], [0.11492429944955013, 0.11647238213152954, 0.10581026914442784, 0.10644896918206721, 0.12300480244559449, 0.12484454355250198, 0.10147475441998775, 0.10373792771150682, 0.10328205196283408], [0.1158384185441223, 0.11686277391724688, 0.10542937037987872, 0.10637068851034409, 0.12378256158440533, 0.12478155154348869, 0.10098688749713433, 0.10294183175726848, 0.10300591626611115], [0.11481958465886717, 0.11630834202166224, 0.1058014814014355, 0.10644617222170116, 0.12314252501856254, 0.1247760840148642, 0.10157049335133204, 0.10375776851804, 0.10337754879353514], [0.11551543344911387, 0.11668459829436363, 0.10548057360055374, 0.10634102195181915, 0.12369761631491909, 0.125, 0.10109905906676553, 0.10311512494669568, 0.10306657237576933], [0.11526717562994543, 0.11656007400552519, 0.10566067177245535, 0.10643610405016929, 0.12339027305417133, 0.1246342425162039, 0.10136057392555636, 0.10342856388928001, 0.10326232115669315], [0.11549528936404631, 0.11663798165885234, 0.10548532041520776, 0.10635093424678013, 0.12373020089498145, 0.1249182516470675, 0.10114289260466361, 0.10312682902283149, 0.10311230014556941], [0.11484764022119746, 0.11625245971076696, 0.10577127819337952, 0.10644926702797881, 0.12328390683418057, 0.12465588262381436, 0.10160246870021455, 0.10370685717694296, 0.10343023951152477], [0.11512918168729115, 0.1162954594531045, 0.10557937919923926, 0.10638734712492702, 0.12360033628694472, 0.12483647569062037, 0.10144325307880035, 0.10336343455706519, 0.10336513292200744], [0.11519092685684176, 0.11629705533864158, 0.10551756063233218, 0.10635801327257786, 0.12365653284203719, 0.125, 0.10138554972649762, 0.10326269836714025, 0.10333166296393154], [0.11492482209693715, 0.11613325820967853, 0.10559848038245291, 0.10636794701277764, 0.1235728764674162, 0.125, 0.10152782593935603, 0.10345339938028454, 0.10342139051109697], [0.11439583078698114, 0.10165448663672103, 0.11591995062462676, 0.12373188082155581, 0.09895339081669718, 0.09101222064358042, 0.125, 0.11088577622529229, 0.11844646344454537], [0.11530096868937428, 0.10242245154843858, 0.1154730361349096, 0.12288667925478337, 0.09978105405311996, 0.09154947676322302, 0.12437628511045139, 0.11020381173799011, 0.11800623670770966], [0.1149023283346336, 0.10199468115575339, 0.11565360833287, 0.12346450724825339, 0.09937972700789365, 0.09128214375683055, 0.12461666446670087, 0.11049216869754813, 0.11821417099951655], [0.11444631795937443, 0.10164262937404972, 0.115865161390919, 0.12365435709210164, 0.09899285344925977, 0.09106552184260182, 0.1249436068725536, 0.11084472150873063, 0.11854483051040939], [0.11449212128457734, 0.1016250723705877, 0.11580954169334128, 0.12360289794245456, 0.09901152829845136, 0.09107933270071633, 0.12499999999999999, 0.11078749462105696, 0.1185920110888144], [0.11441662523185998, 0.1016131608350267, 0.11585933406257563, 0.12346505391481104, 0.09903764393542044, 0.09121111122938373, 0.1246369247105442, 0.1109270138553585, 0.1188331322250199], [0.11521143862297464, 0.10203536599283014, 0.11530472653683403, 0.1230844112869268, 0.09951755672916211, 0.0913448820984314, 0.12499999999999999, 0.11010403709775315, 0.11839758163508757], [0.11567913888455282, 0.10250395836799125, 0.11516065852581557, 0.1226754984784118, 0.10000081396061394, 0.09171613581491268, 0.12416772665109244, 0.10985877219523447, 0.11823729712137514], [0.11472065126585, 0.10152323319913671, 0.11551115701389042, 0.12321327804612142, 0.09915461402841907, 0.09127201841403589, 0.12499999999999999, 0.11054382767748566, 0.11906122035506071], [0.1150551442250925, 0.1016720970844609, 0.11526912790974778, 0.12309145325262608, 0.09934663469413478, 0.09136562072989986, 0.12500000000000003, 0.11022352709717562, 0.11897639500686259], [0.1151061985146695, 0.1016368612986297, 0.1151799434147047, 0.12297227321577738, 0.09937246872721561, 0.0914160998609108, 0.125, 0.11015872830014785, 0.11915742666794449], [0.11424498147376372, 0.10131455761249178, 0.11557793607639648, 0.12287583717433463, 0.09903875559756813, 0.09150604003502939, 0.12473686816660264, 0.1109439624438462, 0.11976106141996702], [0.11573162204739922, 0.10201959347912165, 0.11473655199604046, 0.12253560235918175, 0.09978144767905689, 0.09160681719056131, 0.12500000000000003, 0.10955956239209827, 0.11902880285654058], [0.1163893330229983, 0.10242853914768617, 0.11437645808212196, 0.12209803201922287, 0.10022709630368745, 0.09178434233699194, 0.12500000000000003, 0.10899006117483921, 0.11870613791245221], [0.11597192854097457, 0.10211055540251494, 0.11452822685839191, 0.12227896836011606, 0.09993944874355472, 0.09172463568390307, 0.12500000000000003, 0.10932165542149726, 0.11912458098904759], [0.11500229495340165, 0.10147712749479698, 0.1151203158731646, 0.1227224181563117, 0.09932769704290717, 0.09149976329414458, 0.12499999999999999, 0.11021406756565492, 0.1196363156196183], [0.11443161269840031, 0.10123224877274047, 0.115332258610575, 0.12261219793071593, 0.09911779871857705, 0.09156948310232825, 0.125, 0.110688759558012, 0.12001564060865101], [0.11508339489542507, 0.10149642854547375, 0.11504987487868938, 0.12267859020590842, 0.09937021256046567, 0.09152658793071365, 0.125, 0.11013153116964546, 0.1196633798136786], [0.1160332373291834, 0.10202175138043572, 0.11441098155816422, 0.12220504485444862, 0.09994178889972433, 0.09176476668920087, 0.12499999999999999, 0.10924556100086463, 0.11937686828797806], [0.1162758428272487, 0.10219177167284248, 0.11430604351413062, 0.12193774237636346, 0.10011789596031165, 0.09185101068351041, 0.125, 0.10906014166818044, 0.11925955129741225], [0.11449333461221577, 0.10118837895984499, 0.11516022836547585, 0.12243470433682654, 0.09918421003492994, 0.091686326724625, 0.125, 0.11056872416879826, 0.12028409279728361], [0.11496285840323714, 0.10135122124945316, 0.11493689160679472, 0.1222351441827592, 0.09937826358173985, 0.091711321592113, 0.12500000000000003, 0.11018103303534356, 0.12024326634855947], [0.11602874131182851, 0.10189241689854983, 0.11434910674350102, 0.12214419433653875, 0.09993750899571067, 0.09186671400607699, 0.12476241780796077, 0.10926341308997052, 0.11975548680986306], [0.11588553367362509, 0.10177061233807982, 0.11440984640535146, 0.12220890787117061, 0.0998131707395751, 0.09177700813962213, 0.12499999999999999, 0.10935008082737153, 0.11978484000520416], [0.11522040914304522, 0.10148385944197033, 0.11481782605247343, 0.12226349104317971, 0.09954097250004011, 0.09181347679376739, 0.12464124715817208, 0.11000333932475971, 0.12021537854259191], [0.11658981824201002, 0.10226528391540261, 0.11405662383108699, 0.12163368906707828, 0.10033591108791448, 0.09207512594300021, 0.12468175255994679, 0.10882084756956416, 0.11954094778399636], [0.11445839206526759, 0.10113979631984658, 0.11505128628612761, 0.12231002892948746, 0.09922441394190896, 0.09178819156122561, 0.125, 0.1105350370029969, 0.12049285389313924], [0.11558569271812183, 0.10158041545095087, 0.11455805065313406, 0.12224060743792267, 0.09965628661322726, 0.09176563747000521, 0.12499999999999997, 0.10961179361498605, 0.12000151604165184], [0.11693854772966007, 0.10238328127785534, 0.11381227495222447, 0.12146067325872406, 0.10050780929090825, 0.09210599430117902, 0.1248860493526808, 0.10847844775096815, 0.11942692208579982], [0.11646427171383193, 0.1021275998778046, 0.11402892596607678, 0.1217768176579259, 0.10025270839103363, 0.09209493911877507, 0.12455354152890559, 0.10889021574595846, 0.11981097999968815], [0.11594725851070385, 0.10176597062712686, 0.11433522377204541, 0.12209934867113527, 0.09987801293922964, 0.09188433934347545, 0.12481658193933724, 0.10930985141769466, 0.11996341277925161], [0.11463664443557943, 0.10118972426592973, 0.11493051668420698, 0.12217207832067323, 0.09933925249757507, 0.09185484466913052, 0.12488730476549095, 0.11037984778817458, 0.12060978657323952], [0.11570211530843784, 0.10162454769795669, 0.11446688988011684, 0.12215092662296881, 0.09974683398222346, 0.09184833715477522, 0.12488039074389301, 0.10951836135714309, 0.12006159725248491], [0.11697303709770374, 0.10233670910375958, 0.11374145522941542, 0.12136891928920354, 0.10050285016611707, 0.09211394630291195, 0.12500000000000003, 0.10842010684070297, 0.11954297597018584], [0.11623869710316911, 0.10185568517280433, 0.11407965645088314, 0.12187431155251932, 0.10001946527592794, 0.09192856196705529, 0.125, 0.10899175276682364, 0.12001186971081719], [0.11471378068256455, 0.10117358052755539, 0.11482461041318019, 0.12206148806360548, 0.09938241102716631, 0.09186734284410387, 0.12500000000000003, 0.11026458946623899, 0.12071219697558533], [0.11479647301789601, 0.10117720049751808, 0.11472718219831109, 0.12195268005696142, 0.09944892806782084, 0.09191159440892138, 0.125, 0.11016433762516241, 0.12082160412740876], [0.11598035635525132, 0.10164570441094353, 0.11417071471588229, 0.12187633695096622, 0.09989878191611663, 0.09194829179341678, 0.125, 0.10920185886715264, 0.1202779549902706], [0.11647319911970866, 0.10192726210040755, 0.11387673475697196, 0.1216454216858668, 0.10020394417170154, 0.09210025335925408, 0.12475974781898518, 0.10879499870189986, 0.12021843828520438], [0.11736347385709668, 0.1023999093337078, 0.11340175816801848, 0.12108954318357004, 0.10071748675739728, 0.09225682040399119, 0.125, 0.1080611355969585, 0.11970987269926006], [0.11501816002174702, 0.10123514386067509, 0.11459453864432616, 0.1217931731898797, 0.09955565698881606, 0.09194650276277129, 0.12500000000000003, 0.10997118547945992, 0.12088563905232491], [0.11612729870641254, 0.10168339464247084, 0.11404374741164928, 0.12177057616660353, 0.09997883933297055, 0.09199133638258038, 0.12499999999999999, 0.10905257003929943, 0.12035223731801334], [0.11717473775664432, 0.10227699443830866, 0.11349022815124957, 0.12105450531939048, 0.10061177528227706, 0.09225346041362135, 0.12500000000000003, 0.10820988864947659, 0.11992840998903208], [0.1177389897686841, 0.1025858726633954, 0.11314306164438653, 0.1209364128177466, 0.10094960933698426, 0.09232790674765831, 0.12499999999999999, 0.10775168394886694, 0.11956646307227772], [0.11629103456070099, 0.10174856182955105, 0.11392445341053956, 0.1216798727142537, 0.10006519647137796, 0.09202505305809458, 0.125, 0.10889668882725013, 0.12036913912823204], [0.11542172410283699, 0.1013473162428592, 0.1143630290773958, 0.12169340712038362, 0.09972082469860001, 0.09197242847967327, 0.125, 0.10961719782981337, 0.12086407244843772], [0.11778361465679511, 0.10252250668060833, 0.11306622631236807, 0.1208248627321919, 0.10097390293384023, 0.09239751389945017, 0.125, 0.10771116829069602, 0.11972020449405017], [0.11760826288663577, 0.10244617385345942, 0.11319949447904812, 0.1208696267299546, 0.10089827933338746, 0.09242870276758894, 0.12475084646966257, 0.10788118527525357, 0.11991742820500954], [0.11475953330753473, 0.10110257244151793, 0.11450926035754132, 0.12167774250548251, 0.09959188313488404, 0.09209931988909655, 0.12500000000000003, 0.11005949704020943, 0.12120019132373361], [0.11509834408002502, 0.10120024390556377, 0.11439635560679072, 0.12158145183013118, 0.09967897841411706, 0.09205799113111951, 0.12499999999999999, 0.10981313629293751, 0.12117349873931511], [0.11733123091956105, 0.10222861931085007, 0.11328538558245736, 0.12079977746507352, 0.100708698075394, 0.09236695314406289, 0.12499999999999999, 0.10803839462256962, 0.12024094088003137], [0.11641112028086462, 0.10169209173109191, 0.11372248420472528, 0.12143994250852201, 0.10019322478535611, 0.09213119167509111, 0.12500000000000003, 0.1087306297465162, 0.12067931506783286], [0.11532977369667927, 0.10126167931963403, 0.11425294723442928, 0.12140559221575828, 0.09979760234067046, 0.09210464884560558, 0.125, 0.10961305747435227, 0.12123469887287086], [0.11665753344245096, 0.10179618026100537, 0.11354952131280363, 0.12130059959010786, 0.10032322553189196, 0.09218773432404778, 0.125, 0.10850499379417906, 0.12068021174351334], [0.11759084163414542, 0.10235579540619162, 0.1131446360654993, 0.12071814140515076, 0.10090186099381282, 0.09250682485840703, 0.12467403353429063, 0.10786598831139971, 0.1202418777911029], [0.11668213931680993, 0.10178198141641104, 0.11350220209650937, 0.12122632290324313, 0.10038902228748206, 0.09226362899878886, 0.12484217707007489, 0.10848673700235621, 0.12082578890832439], [0.11639770927779329, 0.1016257708489334, 0.11365128965235381, 0.12131844946192759, 0.10023918937159741, 0.09219138314753861, 0.125, 0.10870474833217816, 0.12087145990767773], [0.11789679047044037, 0.10238900240060463, 0.11286812192080263, 0.12053814012603786, 0.10102801671606536, 0.0925155021485277, 0.125, 0.10755946869069921, 0.12020495752682224], [0.11607755620903716, 0.10152053886231364, 0.1138491018858972, 0.12137499640151521, 0.10013905373858846, 0.09221129860579808, 0.12480142944231189, 0.1090062022696693, 0.12101982258486908], [0.11804907139868434, 0.1024552046809888, 0.11276444424789217, 0.12047723481225059, 0.10111908961850644, 0.09255340726770928, 0.125, 0.1074452868973079, 0.12013626107666049], [0.1152871277388767, 0.10116805342893143, 0.11411277682747906, 0.12144932208782684, 0.09982752648812165, 0.09214454952267062, 0.125, 0.10952855984990502, 0.1214820840561887], [0.11721648881901454, 0.10202811618997099, 0.11315238482126422, 0.12085151417360776, 0.10071211798379724, 0.09244410589306123, 0.12479238149399804, 0.10802485481945642, 0.12077803580582953], [0.11733208120450014, 0.10205507476621853, 0.11308811767278394, 0.12074023288797002, 0.10074111755104694, 0.09242081375339958, 0.125, 0.10791810990702311, 0.12070445225705775], [0.11728330597474872, 0.1020408728698351, 0.1131115374548631, 0.12078639406367063, 0.10073140179174847, 0.09243409085999747, 0.12490220091014652, 0.10796170671515888, 0.12074848935983122], [0.11620646525468063, 0.1014852177401492, 0.1136546443190876, 0.12118387607636613, 0.10022469237088623, 0.09224972074046589, 0.125, 0.10880998110628883, 0.12118540239207548], [0.11677218804205379, 0.10170549667452311, 0.1133143894514684, 0.12101849986809768, 0.1004691304847658, 0.09231243298491255, 0.125, 0.10832144522302087, 0.12108641727115779], [0.11665489260508963, 0.10164377082483633, 0.1133707329531617, 0.12104025153681819, 0.10042682883255583, 0.09230874241867483, 0.125, 0.10841524627841047, 0.121139534550453], [0.11505843807907196, 0.1009432757544332, 0.11395175108731417, 0.12200078136441886, 0.09973984095723738, 0.09209527130485104, 0.12499999999999999, 0.1094703231719648, 0.1217403182807085], [0.11728670237376913, 0.10182658199143371, 0.11285120115835309, 0.1205691624420072, 0.10080844676379888, 0.09251278937560256, 0.12500000000000003, 0.10780875656765775, 0.12133635932737778], [0.11819418626350503, 0.10225361595892157, 0.11245095624562763, 0.12002285805835962, 0.10129040210392384, 0.09272225887681369, 0.125, 0.10719533814963428, 0.12087038434321436], [0.11683030346483318, 0.10161436852351434, 0.11311449141771998, 0.12074985784106447, 0.10059907550111277, 0.0924401944041468, 0.125, 0.10818329915496523, 0.1214684096926432], [0.11717993964394227, 0.10174722191284459, 0.11288398151679933, 0.12058158120612608, 0.10076924350432873, 0.09250480196426691, 0.125, 0.10787748841761106, 0.12145574183408106], [0.11524844084530912, 0.10088378090483331, 0.11367073229795598, 0.12210314909257408, 0.09983217362106682, 0.09209987596444215, 0.125, 0.10915664139674938, 0.12200520587706917], [0.11789435445434604, 0.10205952840725814, 0.1125194445336689, 0.12008778634723437, 0.10116165089849927, 0.09269537854704415, 0.125, 0.10734646223789734, 0.12123539457405177], [0.117969151937468, 0.10206750000503083, 0.11245333363185031, 0.12000604933496985, 0.1012148142385439, 0.09272865190300632, 0.125, 0.10727653151895732, 0.12128396743017349], [0.11764078780257121, 0.10188122436418925, 0.11251243921008446, 0.12020280881058831, 0.10106819297074468, 0.0926822853746198, 0.125, 0.10744073459978794, 0.12157152686741433], [0.11674042496992831, 0.10150920060328013, 0.1130301823502368, 0.12056008471557847, 0.10065611936309728, 0.09254066399921929, 0.125, 0.1081818507559502, 0.12178147324270952], [0.11688530101376347, 0.10158726185084618, 0.11296719152616248, 0.12052587720159692, 0.1007499356717296, 0.09260448273103046, 0.12480916525336959, 0.10809438849912048, 0.12177639625238079], [0.11815903369854189, 0.10209102263368912, 0.11226666568482069, 0.1197905827301382, 0.10140661269516278, 0.09289304350262419, 0.12475510501522379, 0.10711082082962892, 0.12152711321017032], [0.11617804750746367, 0.10113749142850152, 0.11311668357440387, 0.12135149829657697, 0.10032829969327725, 0.09232051883581384, 0.12500000000000003, 0.10839771783676007, 0.12216974282720292], [0.11717027505771638, 0.10160161909649701, 0.11267526384123623, 0.1202795532635811, 0.10089723041268217, 0.09265166805674263, 0.125, 0.10776024548501083, 0.12196414478653364], [0.117710522316179, 0.10182412329773914, 0.11234759521099105, 0.12003234372273837, 0.1011618429460938, 0.09276133589166646, 0.12500000000000003, 0.10732069322393413, 0.12184154339065818], [0.11837174519620694, 0.10212621060165376, 0.11206802640900426, 0.11955263778959496, 0.10161761283906981, 0.09307171885848826, 0.12449699501418202, 0.10693036380712398, 0.12176468948467599], [0.11640481707634039, 0.10118463563762904, 0.11289642705737317, 0.12131685484422707, 0.10051915279882617, 0.09245878907994905, 0.12472577220873589, 0.10816746628296214, 0.12232608501395721], [0.11627322307702351, 0.10098225422938142, 0.11275461038149338, 0.12161899776073294, 0.10040673624372126, 0.09233041120856984, 0.12499999999999999, 0.10805403160420793, 0.12257973549486958], [0.11588532495156392, 0.10088079118646745, 0.11292218938865171, 0.12218492737793152, 0.1002772462229126, 0.09233361760565117, 0.12444241163904089, 0.1083378947978995, 0.12273559682988133], [0.1189935702597757, 0.10217675863115147, 0.11155451550017638, 0.11907636358053826, 0.10191369582699544, 0.0931435324186183, 0.125, 0.10635905017961073, 0.12178251360313373], [0.11640130084371182, 0.10100096164467089, 0.11263607088370309, 0.12154404544928367, 0.10049221306216762, 0.09237805288335335, 0.125, 0.10791958931565888, 0.12262776591745068], [0.11790457064463376, 0.1017227604723672, 0.11196501694152024, 0.11959177267445738, 0.10141049385241767, 0.09296598284308448, 0.125, 0.10699699139833706, 0.12244241117318219], [0.11630775081352442, 0.10089533359544657, 0.11256342024255897, 0.12176741795931396, 0.10044514592086648, 0.09233652409334225, 0.12499999999999999, 0.10787612282556311, 0.12280828454938415], [0.11870654524943915, 0.10200254459792318, 0.1115804599796709, 0.11905234224694937, 0.10183854052380881, 0.09316911557908521, 0.12500000000000003, 0.10644391230761949, 0.12220653951550398], [0.11751488482660806, 0.10155984468804212, 0.11214987129212255, 0.12026401131935248, 0.10126063420607209, 0.0929323502082022, 0.12441902012229786, 0.10727743691867633, 0.1226219464186263], [0.11699308518864246, 0.10121418594496268, 0.11229130057350802, 0.1209194427846668, 0.1008663674280002, 0.09260783897371627, 0.125, 0.10748252282497184, 0.12262525628153172], [0.11634228900672179, 0.10086420794446935, 0.11244646770155675, 0.1218733299140659, 0.1005017360980421, 0.09238211462103234, 0.12484217693274223, 0.10777516882913613, 0.12297250895223355], [0.11627304118191914, 0.10080687490430706, 0.11242976582577108, 0.12200211544040496, 0.10046117692534665, 0.09235179367472697, 0.12484734221693945, 0.10777663134376064, 0.12305125848682404], [0.11671343154764707, 0.10098177943380875, 0.11222590858533267, 0.12147017397782123, 0.10072541896163156, 0.09250785633155781, 0.125, 0.10749060759504828, 0.12288482356715266], [0.11622081812693219, 0.10070530993295113, 0.11233721834945186, 0.12214596158660516, 0.10041400761753869, 0.09229348962953106, 0.125, 0.10769797931033369, 0.12318521544665621], [0.11722120443667645, 0.10118915889032187, 0.11196804598472283, 0.12086074021945614, 0.10104572235255894, 0.09271048945548264, 0.12490896260232465, 0.10715236253604489, 0.12294331352241143], [0.11628754512881961, 0.10067914168998932, 0.11221477067641174, 0.12216057326541077, 0.10046428838293608, 0.09231702789519251, 0.12499999999999999, 0.1075744968299494, 0.12330215613129045], [0.11835714098855074, 0.10171569140911205, 0.11144782153198925, 0.11933223824351505, 0.10173812119318136, 0.09315458806622462, 0.125, 0.10643712745925285, 0.1228172711081741], [0.11728795023113651, 0.10117605871885547, 0.1118789491148701, 0.12080538848253586, 0.10107853038914734, 0.0927145595066465, 0.12500000000000003, 0.10705335514839759, 0.12300520840841074], [0.11875816906100746, 0.10190844986831886, 0.11131842459065412, 0.11882617949402303, 0.10201428751870262, 0.09335173994324046, 0.12482465972045866, 0.10625696251433024, 0.12274112728926459], [0.11802983614623433, 0.1014941270808512, 0.11149831617506502, 0.11984395671068827, 0.10153218389160482, 0.09300071669231383, 0.12500000000000003, 0.10656330746576263, 0.12303755583748001], [0.11869370901437051, 0.10178869899728787, 0.11122236149079086, 0.11898258434462666, 0.10195762990220802, 0.09328294370144795, 0.125, 0.1061737249361593, 0.1228983476131088], [0.11709660945151507, 0.10100124440515527, 0.11179389054416711, 0.12127789461251788, 0.10101612014917102, 0.09269034545860115, 0.12484827726013979, 0.10703770012597903, 0.12323791799275367], [0.1178600679307032, 0.1013866121514792, 0.11149725243587988, 0.12022702792648803, 0.1014974709831384, 0.09301153433073375, 0.12464829224745783, 0.10661791701775711, 0.12325382497636247], [0.11852170483656851, 0.10165531261942813, 0.11118149462652015, 0.11930005143975743, 0.10186665248771827, 0.09321907830451472, 0.125, 0.10617112915834188, 0.12308457652715088], [0.11733392661705883, 0.10102281361154034, 0.11158121382647537, 0.12101317710705933, 0.1011408493323915, 0.09273523018448847, 0.125, 0.10678627662261476, 0.12338651269837142], [0.11717394210573583, 0.10094650314016014, 0.11163341453594727, 0.12124998303614605, 0.10105343624581366, 0.09268533647632983, 0.12500000000000003, 0.10687031309676377, 0.12338707136310352], [0.1173432853843465, 0.10099995922877363, 0.11153122374191038, 0.12104044290993345, 0.10115384871076019, 0.09274129828173998, 0.125, 0.10674110396079686, 0.12344883778173901], [0.11873362167636758, 0.10169693222738345, 0.11099119123811718, 0.11917037322929475, 0.10206175925622163, 0.0933688378884931, 0.12474094464236249, 0.10598042058269908, 0.12325591925906065], [0.11697484582113801, 0.1008780303464946, 0.1116678395909233, 0.12165423709905686, 0.10102436441000073, 0.0927291027709194, 0.12463100768998563, 0.10697697414748235, 0.12346359812399897], [0.11785569890016978, 0.10124351221916593, 0.11125730798175211, 0.12050660515467145, 0.10156511493345041, 0.09306686922337325, 0.12444412630922486, 0.10642671611417075, 0.12363404916402146], [0.12428711836228981, 0.10992982660413217, 0.11283581537580133, 0.1203330574117992, 0.10739992635207138, 0.09696182181355736, 0.1111939040505739, 0.10580049980939386, 0.111258030220381], [0.12437890299736788, 0.10997758483324804, 0.1127817881013637, 0.12023845653007077, 0.10749407703158304, 0.09705070691112488, 0.11111321387728686, 0.1057452716604117, 0.11121999805754314], [0.12436790734136006, 0.10920876775378068, 0.11281333864766674, 0.12085383106032273, 0.10668836336460197, 0.09622923292605415, 0.11206317153453085, 0.1058079450435293, 0.11196744232815352], [0.12430074328830798, 0.10869988063474478, 0.11285774930945855, 0.12135380537591904, 0.10610784102978989, 0.09565056763652642, 0.11271251700740394, 0.10588956300442137, 0.11242733271342803], [0.125, 0.11009305303907986, 0.11230042987774094, 0.11963083700718076, 0.10806688610327093, 0.09758662024070859, 0.11080658843263066, 0.1052805240223308, 0.11123506127705744], [0.1241312407413116, 0.11085673990407997, 0.11216336213068509, 0.11895418341681394, 0.10908367239199192, 0.09871618206264247, 0.11010431346355272, 0.1052287267975524, 0.11076157909136991], [0.125, 0.10931104703258546, 0.11232900045513396, 0.12024219039033517, 0.10724403520061919, 0.09674305766715768, 0.11177160131907692, 0.10532770101652016, 0.11203136691857145], [0.1248936995640527, 0.10931648765717049, 0.11225611327297105, 0.12016540846262412, 0.10734365246715247, 0.09685419713782328, 0.11178968259833431, 0.10527158297900202, 0.11210917586086959], [0.12500000000000003, 0.10821147981404027, 0.1122872493602838, 0.12109151369539328, 0.10609555112528901, 0.09560032402100264, 0.1131848774905775, 0.10537216589427861, 0.11315683859913504], [0.12499999999999997, 0.10933862086077104, 0.11208188717326521, 0.11995838131180454, 0.10754958973452111, 0.09705846964052892, 0.11172642126495494, 0.10511136325254504, 0.11217526676160906], [0.12476303839017504, 0.10828567385838281, 0.11214895791613072, 0.1208745021671354, 0.10635369576137602, 0.09588523560728411, 0.11315304818992365, 0.10526109613995077, 0.11327475196964167], [0.12467031468365733, 0.10857983902122703, 0.1121082865070223, 0.12060498193540595, 0.10673643456918733, 0.09627214339657758, 0.11278533429279457, 0.10520498847108166, 0.11303767712304608], [0.125, 0.10876571334917956, 0.11199682366102019, 0.12032607777878059, 0.10702686207874205, 0.09653673382790257, 0.1124504078190919, 0.10506762914139095, 0.11282975234389221], [0.12483002667017047, 0.11076670354661261, 0.11139218344854854, 0.1181741736150567, 0.10985274270836635, 0.09946349522645546, 0.10993581562356913, 0.10453224101754828, 0.11105261814367245], [0.125, 0.11081854409110357, 0.11127836984401328, 0.11801072163901645, 0.11002434496830903, 0.0996318490880463, 0.1098122934238188, 0.10442791565217112, 0.11099596129352146], [0.12435356111446318, 0.10968823985913013, 0.11160379512160393, 0.11917484721857709, 0.1085605246914008, 0.0981625174304241, 0.11140802406711509, 0.10474162598169433, 0.1123068645155915], [0.12371136131155387, 0.10743006378821848, 0.