[[0.1146655674576792, 0.12278172423094563, 0.11737113894274143, 0.10503803859052382, 0.103175997697907, 0.12469361194227663, 0.09884466275881375, 0.11999222497720212, 0.09343703340191063], [0.11536636020394303, 0.12340039708543883, 0.11797077266920401, 0.10484266266789925, 0.10269416002229084, 0.12486595418174684, 0.09832291248044212, 0.12011825296255389, 0.09241852772648115], [0.11466421604139791, 0.12260099320054893, 0.11721735879263032, 0.1049996429151321, 0.10312724018129077, 0.12482948656204497, 0.09891747625536089, 0.12015363320908788, 0.09348995284250625], [0.11480151232603242, 0.12278310142476455, 0.11730815302840308, 0.10496453129326895, 0.10303805403769496, 0.12479596920937662, 0.09881203096770662, 0.12020760038579385, 0.09328904732695892], [0.11542328180496018, 0.12329136803683338, 0.11794597561534571, 0.1047986862305028, 0.10262043838242133, 0.125, 0.09832237964731184, 0.12023369933654092, 0.09236417094608382], [0.11531022284019235, 0.12315216120613386, 0.11776137196498117, 0.10485301472276083, 0.10272832246845964, 0.12467520092289848, 0.09851197967341913, 0.12036042635743467, 0.09264729984371986], [0.1147371841776728, 0.12260412880214838, 0.11717667289645284, 0.1049376434444503, 0.10302463811845208, 0.12499999999999997, 0.09887161396329669, 0.12027880046936917, 0.09336931812815757], [0.11484093581333021, 0.12254967438430159, 0.11715379540799345, 0.1049257725746966, 0.10297488576504427, 0.12480318370090923, 0.09892672767872704, 0.1204646337245606, 0.09336039095043705], [0.1144742564048562, 0.12192724687168607, 0.11675847097206292, 0.10501166868876419, 0.10319845467548253, 0.12500000000000003, 0.0992893175913479, 0.1203701831297412, 0.09397040166605918], [0.11513268266113838, 0.12263831243615919, 0.11732808434176095, 0.10478334726894904, 0.10269907227624178, 0.12500000000000003, 0.09874575652636057, 0.12073252609627672, 0.0929402183931135], [0.1157294465992824, 0.12278927039661323, 0.11785275248771522, 0.10479322730173962, 0.10251466366881211, 0.12447979945995773, 0.09858630598627655, 0.12079203688983496, 0.09246249720976814], [0.11455022463900469, 0.12189353996974536, 0.11671006431080715, 0.1050057620634812, 0.10316479016372647, 0.12484423624500476, 0.09933987473721266, 0.12051746123622474, 0.093974046634793], [0.11554772905677002, 0.12269465154957321, 0.11763376970353127, 0.10475809310835953, 0.10253064330159094, 0.12467815659426261, 0.09865277707052396, 0.12089650217365643, 0.09260767744173203], [0.11534779819841004, 0.12249946684229585, 0.11736570547071247, 0.10471170808054583, 0.10253707009178176, 0.125, 0.098741969452264, 0.12101801982650064, 0.09277826203748944], [0.11605057527703228, 0.1230281063786606, 0.11795700170087987, 0.10458710705413181, 0.10214769689328658, 0.12500000000000003, 0.09836013286928309, 0.12091924692219187, 0.091950132904534], [0.1150498706276614, 0.12227894085691127, 0.11707058089964983, 0.10484451081265524, 0.10280055365100231, 0.12463752333071926, 0.09904471015397442, 0.1209582860842954, 0.09331502358313089], [0.11595749649915027, 0.12282208737856956, 0.1178401170370057, 0.10464216596141321, 0.1022485919288102, 0.12476634632487901, 0.09850661249435542, 0.12104018133689512, 0.09217640103892151], [0.11574547872929708, 0.12245806965564124, 0.11763491664459065, 0.10469797239726604, 0.10238913898060799, 0.12475694162623856, 0.09867802020716647, 0.1211478026357042, 0.09249165912348778], [0.11449725811661872, 0.12154742281576722, 0.11644882578602436, 0.10498476687873456, 0.10314873238963371, 0.12484658356623514, 0.09952285288139916, 0.12083557324139393, 0.09416798432419318], [0.11561201754792398, 0.12238518642077201, 0.11747824179145358, 0.10465647049866023, 0.10238012700392864, 0.12500000000000003, 0.09870352791518336, 0.12121928305964154, 0.09256514576243687], [0.11514091280677223, 0.12215788010774632, 0.11703532165532096, 0.10475544199422798, 0.10265661829312075, 0.1248785335436973, 0.0990170813597836, 0.12117255625078055, 0.09318565398855028], [0.11556901495052119, 0.12232872199133794, 0.11740619993469625, 0.10467572286903737, 0.10241806277161272, 0.12487132115983564, 0.09877942281297376, 0.12127763781363055, 0.09267389569635458], [0.11443429783326631, 0.12142431882765471, 0.11636158820561991, 0.10496700945777553, 0.10314448820382367, 0.125, 0.09955709429488535, 0.12088610011706685, 0.09422510305990771], [0.11541701773597682, 0.1222110621492379, 0.1172247497179844, 0.10470840658297435, 0.10250767169197875, 0.12475203510580236, 0.09892317091909152, 0.12134018030896314, 0.09291570578799076], [0.11517749457836322, 0.12207417737491442, 0.11700068512072033, 0.10471301003345983, 0.10258988431833305, 0.125, 0.09901726904644245, 0.12128700749533262, 0.09314047203243413], [0.11485085005593688, 0.12174432510074666, 0.1166649102452445, 0.10485721335746818, 0.10287344079961938, 0.1247725946796522, 0.09936153185249677, 0.1211363735155972, 0.09373876039323804], [0.11462528436565678, 0.1214983192113167, 0.11645073974895259, 0.10495145638237376, 0.103062117044781, 0.12465614857546568, 0.09956703962008172, 0.12107048697320762, 0.09411840807816418], [0.11584736025177787, 0.12246811916111622, 0.11749355995336733, 0.1045506491967821, 0.102168111868003, 0.125, 0.09866387989127032, 0.12147074582715453, 0.09233757385052865], [0.11547516362464932, 0.12207748353269747, 0.11717644913484879, 0.10466761365158649, 0.1024356415330691, 0.12483241819220602, 0.09894923631041355, 0.12150104196239431, 0.09288495205813499], [0.11479454916204665, 0.12161531907132556, 0.11656718965490613, 0.10486543827896323, 0.10289962667350037, 0.12481872912862793, 0.09944021964302201, 0.12114874519753943, 0.09385018319006888], [0.11505574939894224, 0.12182873310035748, 0.11679805845696564, 0.10481078296161234, 0.1027488257401108, 0.12459263493021484, 0.09928995936511929, 0.12134658009119746, 0.09352867595548012], [0.1152489935801897, 0.12194564804839397, 0.11695971280457468, 0.10471111284393793, 0.10256201316427019, 0.1248238943481822, 0.09910142739363113, 0.1214660659636182, 0.09318113185320198], [0.115398911197815, 0.12198001531177255, 0.11706607153121319, 0.10464335996138681, 0.10242840439199383, 0.125, 0.09898488564438923, 0.12155212447752746, 0.09294622748390192], [0.11445263395527627, 0.1211639461209294, 0.11620431709265971, 0.10498705616873186, 0.10315604719424964, 0.1246629349269044, 0.09976342003336763, 0.12118608864279364, 0.09442355586508744], [0.11485661042358694, 0.12155325201907978, 0.11654568734616051, 0.10479545892910012, 0.10278911654812828, 0.12499999999999997, 0.09940880870527385, 0.12130863412021456, 0.09374243190845578], [0.11449435294966326, 0.12115348091071401, 0.11620750207500377, 0.10497263225991105, 0.10312325778841605, 0.12461562440952707, 0.09977082172677758, 0.12126429970091314, 0.09439802817907408], [0.11559815707277192, 0.12191395588973185, 0.11710380332869208, 0.10457679416113351, 0.10227779223429628, 0.125, 0.09896404014037619, 0.12178827282879816, 0.09277718434420001], [0.11534144929792017, 0.12177489467845119, 0.11690438415695487, 0.10468898301375079, 0.10250080606050133, 0.12470979678716027, 0.09918355030298168, 0.12170081702102711, 0.09319531868125255], [0.11496001611468762, 0.12154932573678454, 0.1165851600490434, 0.10478487158637413, 0.10274139637671757, 0.12481672603951557, 0.0994196845354898, 0.12145396872193176, 0.0936888508394554], [0.11612275230726499, 0.12266535679279758, 0.11746576697563628, 0.10440894404485913, 0.10189685468170841, 0.125, 0.09862102905910902, 0.12175555960766493, 0.09206373653095966], [0.1154835345754082, 0.12176194457380625, 0.1169796045935933, 0.10464682891030636, 0.10240146980134072, 0.12474455415602993, 0.0991277528168514, 0.12181577381727136, 0.09303853675539266], [0.11586637802010792, 0.12225023458705205, 0.11722864183389628, 0.10446271867524466, 0.1020463187025904, 0.125, 0.09881362686721473, 0.12191354325859981, 0.09241853805529414], [0.11564842017066419, 0.12191131719710041, 0.11706470428188157, 0.10456039841187732, 0.10223897088504516, 0.12486674942911563, 0.09900786405157606, 0.12192014123597955, 0.09278143433676012], [0.1148228068401231, 0.12126922238642047, 0.11636781526482876, 0.10483553814018629, 0.10284306489701495, 0.1246563410977613, 0.09963499073068582, 0.12157054672722468, 0.09399967391575464], [0.11546136029789893, 0.12149014456690056, 0.11675715742028647, 0.10456247141983456, 0.10229504967602458, 0.125, 0.0992269414433546, 0.12211586488286641, 0.09309101029283388], [0.11447097471341684, 0.12076978827977558, 0.11596171032678856, 0.10491562753559516, 0.10304555362457547, 0.12468700253534666, 0.0999513569656026, 0.12165508050673761, 0.09454290551216149], [0.1163186222299906, 0.12253951520792958, 0.11725083255302578, 0.10428178696348574, 0.101666320231049, 0.12500000000000003, 0.09873364004415952, 0.12222225851624847, 0.09198702425411139], [0.11639561319175061, 0.12260843592693631, 0.11729321888722027, 0.10428854333257122, 0.10164995330642058, 0.12488437037581347, 0.09873278856550496, 0.12219783308688362, 0.09194924332689895], [0.11459020672837181, 0.12085441847103237, 0.11603331453422448, 0.10480622173186403, 0.10287008159288454, 0.125, 0.09980460353581766, 0.1217728580478407, 0.09426829535796438], [0.11611530821970643, 0.12228026496456007, 0.11713219392489482, 0.1043941436231742, 0.10187301343523905, 0.12460550407447324, 0.09892893822628786, 0.12232051983111171, 0.0923501137005526], [0.11571517359038222, 0.12176981038323514, 0.1168646693353538, 0.1044804986778581, 0.10210887065567902, 0.12478906865624902, 0.09913381214992764, 0.12232500347312625, 0.09281309307818862], [0.11625811348001959, 0.12241567959973601, 0.11717457991460377, 0.10430904534511388, 0.10171888854537624, 0.12484978713209714, 0.0988242636702571, 0.12232818633559339, 0.09212145597720288], [0.11506454606606019, 0.12115675999396083, 0.11638670244922868, 0.10467844241191505, 0.10256164206102515, 0.125, 0.09955074265920347, 0.1219156874982085, 0.09368547686039816], [0.114699297904848, 0.12088983292615786, 0.11609191383418771, 0.10480117404567527, 0.10282826942135112, 0.124804102365513, 0.099807450232169, 0.12187146065081096, 0.09420649861928707], [0.11564015709037456, 0.12156730977382105, 0.11670887988217989, 0.10447179830761671, 0.10211724788957209, 0.12483690826588588, 0.09924363047931407, 0.12246393932596389, 0.09295012898527187], [0.11571251365256277, 0.12165440577045646, 0.1167315893329008, 0.10440660797136007, 0.10201145647818573, 0.125, 0.09916327431299664, 0.12252620288600788, 0.09279394959552964], [0.11602894071006434, 0.12199085713930567, 0.11688364951506466, 0.10431076455510355, 0.10178878765784907, 0.12491353622389431, 0.0990195679905087, 0.12263686407342392, 0.09242703213478576], [0.11551131180838269, 0.12135134826876273, 0.11656893422812882, 0.1044806458068692, 0.10216641868619267, 0.125, 0.09933424770341186, 0.12247724650303278, 0.09310984699521928], [0.11620846037869759, 0.1221626727907724, 0.11697810607600079, 0.10429632855686549, 0.10171300892135976, 0.1247446171152179, 0.0989814176194303, 0.12262988614303703, 0.09228550239861874], [0.11541516851672429, 0.12118677966725694, 0.11649051190136864, 0.10455473269990469, 0.10228881049369817, 0.12483102249560613, 0.09947030240342442, 0.12242625643598601, 0.09333641538603074], [0.11483736583557051, 0.12077876455685017, 0.11606936924997946, 0.10472651988508416, 0.10268377487573174, 0.12483593269367847, 0.09981982046443562, 0.12215747311080884, 0.09409097932786088], [0.11605473225282842, 0.12197298655692472, 0.11685020279958783, 0.10427646588484629, 0.10173550593156346, 0.125, 0.09901494332846612, 0.12270885620772971, 0.09238630703805345], [0.11531465598363805, 0.12102447284389346, 0.1164059739859996, 0.10460589240781966, 0.10238357634235727, 0.12480727628872688, 0.09957631307259385, 0.12235902372117213, 0.09352281535379889], [0.11526891560951114, 0.12094893734880122, 0.11635633933727631, 0.10462451640736525, 0.10242018461296144, 0.12480485298755986, 0.09962946113813191, 0.12233774061538918, 0.0936090519430037], [0.1151592224173397, 0.12089960467100233, 0.11627254002049744, 0.104624121037017, 0.10245354715468562, 0.125, 0.09965443020761552, 0.12224423839871948, 0.0936922960931229], [0.11495736970454144, 0.12076603105367542, 0.11610741021701106, 0.10469041777455737, 0.10259804710929143, 0.12481208415078496, 0.09980395448985409, 0.12227943913640771, 0.0939852463638765], [0.11563911714245732, 0.12140689507257266, 0.11653693018035757, 0.10439682378214439, 0.1020151206461554, 0.125, 0.09931395654922098, 0.12272563126816745, 0.09296552535892424], [0.11538047980903274, 0.12106705748119614, 0.11637872437551106, 0.1045166477950857, 0.10224704883853296, 0.125, 0.09951500582896126, 0.12252414974883168, 0.09337088612284847], [0.11485948643190612, 0.12066074255820321, 0.1160021840566063, 0.10467194914468791, 0.10260298780087818, 0.125, 0.09983142160394613, 0.12231889320900646, 0.09405233519476566], [0.11579132336728945, 0.12155495484089583, 0.11659081427886928, 0.10432899364589297, 0.10187998753053353, 0.125, 0.09923522102478365, 0.12285342956514479, 0.09276527574659052], [0.11546268370445507, 0.12113337921551424, 0.11639950048810227, 0.10449836884632346, 0.10219641432105257, 0.12484795562747651, 0.09951181065487819, 0.1226395192737489, 0.09331036786844879], [0.11533969647786993, 0.12092259307749205, 0.11628231271500687, 0.10455992646136224, 0.1023097695636979, 0.12480651554465046, 0.0996568243065942, 0.12257118410860596, 0.09355117774472041], [0.1151891330433195, 0.12070782429238333, 0.11615680915559894, 0.104585817844151, 0.10238757001073841, 0.125, 0.09974241406010113, 0.12250093123292007, 0.09372950036078762], [0.11548432707795286, 0.12100595789616213, 0.11624860553493048, 0.10441986166791913, 0.10208119268565012, 0.12499999999999997, 0.09957012969973407, 0.12289258084240695, 0.09329734459524408], [0.11495006487692078, 0.12039820306160437, 0.11588297164025321, 0.10465631553635624, 0.10254192633257278, 0.1247291082344488, 0.09999766016293492, 0.12270338766047319, 0.09414036249443573], [0.11505440744692937, 0.12035414097411061, 0.11587682385203243, 0.10456390740764168, 0.10238824879192417, 0.12500000000000003, 0.09993632082509933, 0.12286350034189326, 0.0939626503603693], [0.11623503733926621, 0.12167060810789722, 0.11645840163967579, 0.10410610677664807, 0.1014392047464846, 0.125, 0.09923779836759528, 0.12348047179114235, 0.09237237123129045], [0.11514631198637415, 0.12043688199252996, 0.11591527839462581, 0.1045566164908136, 0.10234889033800622, 0.12483438768375146, 0.09993786540521842, 0.12291626159473502, 0.09390750611394537], [0.11617186725021043, 0.12165735272307608, 0.11630925171262005, 0.10409810860306448, 0.1014413590173473, 0.12476669192547933, 0.09935343270094639, 0.12369974722126188, 0.09250218884599407], [0.11503187021689247, 0.12020268475007613, 0.11575462261723493, 0.10457840148839956, 0.10240448980019205, 0.12476181900049754, 0.10007786990712159, 0.1230778734922446, 0.09411036872734115], [0.11581701083092764, 0.12116093500639862, 0.1161342089604224, 0.1041885994452193, 0.10166658376608012, 0.125, 0.0995170762081509, 0.12361141265160337, 0.09290417313119768], [0.11553849920689183, 0.12075017950017647, 0.11601683623873954, 0.1044158914883221, 0.10204011347077893, 0.12461070045211323, 0.09983901686010556, 0.12328666261116991, 0.09350210017170242], [0.11579127973572713, 0.12113746593959179, 0.11608668499682764, 0.10419874374475993, 0.10168476017585579, 0.12491286208772201, 0.09957002548861174, 0.12364648474183766, 0.09297169308906629], [0.11506545963582414, 0.12016395170457343, 0.11570367735390377, 0.10456495242366663, 0.10237101867639391, 0.12463429420712843, 0.10013461008545851, 0.12323060900541452, 0.09413142690763648], [0.11537977497871872, 0.12055777347316901, 0.11574793263843117, 0.10435779713080812, 0.10200246671578533, 0.12482618980088803, 0.09996150334872062, 0.12351229563617239, 0.0936542662773068], [0.11544517390831403, 0.12068845215504204, 0.11574489683214528, 0.10428149685820302, 0.10188357480932302, 0.12499999999999997, 0.09988733043382057, 0.12357129654003456, 0.09349777846311731], [0.11515111997516975, 0.12023477123192551, 0.11558253405807273, 0.10439342832568725, 0.1021151137250922, 0.12499999999999997, 0.10006994056820404, 0.12355124412273709, 0.09390184799311126], [0.12394149513179104, 0.10364595824127085, 0.10551339340503854, 0.117420841328808, 0.11321879297271743, 0.09663024539024845, 0.12499999999999997, 0.09786494142458327, 0.1167643321055422], [0.12348396042872116, 0.10441349049062917, 0.10623506801077601, 0.1170818316755798, 0.1127024085661006, 0.09719818640235639, 0.12448161034807849, 0.0984421816169539, 0.1159612624608045], [0.12372270084269335, 0.10407010886044155, 0.10586303283431212, 0.1172252070635284, 0.11293166514404585, 0.09695181200523594, 0.1246811224585126, 0.09819397363792776, 0.11636037715330244], [0.1238777054041507, 0.1037016167952041, 0.10551945975199821, 0.11738135173547756, 0.11319419887679981, 0.09669792875548733, 0.12495296694107726, 0.09793841494619061, 0.11673635679361422], [0.12383575834957676, 0.10373880660631561, 0.10552106202634706, 0.11734135094905745, 0.1131563478990929, 0.09673302160233141, 0.12499999999999997, 0.09797888530768285, 0.11669476725959575], [0.12378329608265655, 0.10373694937993727, 0.10548530380935664, 0.11737274787367775, 0.11325706855165239, 0.09680551444653637, 0.12469703883803708, 0.09804998612449425, 0.11681209489365169], [0.12341474246549149, 0.10430973246620658, 0.1059954721289348, 0.11697661522971325, 0.1126727518473093, 0.09714849468253427, 0.12500000000000003, 0.09841837414084852, 0.11606381703896197], [0.1232297895888807, 0.10474187852402832, 0.10641634003104898, 0.11687185998027008, 0.11249204710593061, 0.0975046732849072, 0.12431247082618697, 0.0987797975687128, 0.11565114309003444], [0.12351770788389954, 0.10397888230176094, 0.1055233118309725, 0.11712790937129708, 0.11300693626888246, 0.09701874578843757, 0.125, 0.09829542232936542, 0.11653108422538448], [0.12342169911167752, 0.10421324249935712, 0.10570864654221537, 0.11695291177157195, 0.1127803777450617, 0.09718555387589195, 0.125, 0.0984807623636164, 0.11625680609060803], [0.12332551342090435, 0.10427329663565278, 0.10570683757526407, 0.11689064666601975, 0.11274415248075849, 0.09726658418966812, 0.125, 0.09857185795268396, 0.11622111107904848], [0.1235537478064297, 0.10374464079996026, 0.10520848559748538, 0.11722587329536846, 0.11325479950158657, 0.09701250539472393, 0.12478012749834932, 0.09828749148632547, 0.1169323286197709], [0.1229779565378607, 0.10474697622485182, 0.1061445279799016, 0.11657881926533485, 0.11233108837611902, 0.09760082307276191, 0.125, 0.09892748637152839, 0.11569232217164167], [0.12262883152243258, 0.10525774724872017, 0.10660985334077981, 0.11634444619298431, 0.11195586763629131, 0.09793747091506702, 0.125, 0.09929053924160855, 0.11497524390211623], [0.12277395002427834, 0.10494580095485068, 0.10627436416259868, 0.11643314248685709, 0.11217369616112945, 0.09777774251418264, 0.125, 0.09911989086524313, 0.11550141283086], [0.12314726611424769, 0.10427068583360372, 0.10559255534343252, 0.11684880915910609, 0.11280093012229582, 0.09736077397830592, 0.125, 0.09867653190424198, 0.11630244754476624], [0.12334571352250347, 0.10391176076011793, 0.10521798577455667, 0.11704281858318433, 0.11308868540821607, 0.09717561920308276, 0.125, 0.09847428538055886, 0.11674313136777995], [0.12309657408033255, 0.10433388213661776, 0.10563103435580365, 0.11680024057182142, 0.11274710207280086, 0.09741502766426681, 0.125, 0.09873698058215882, 0.11623915853619811], [0.12271774219921505, 0.10499988043737038, 0.10623680544789879, 0.11635339614304688, 0.11213550327990171, 0.09786132816649694, 0.125, 0.09921951009724875, 0.11547583422882153], [0.12251733925956997, 0.10518471961080131, 0.10641365959846362, 0.1162855346485232, 0.1120106687526139, 0.0979870119429854, 0.12500000000000003, 0.09935213596652859, 0.11524893022051412], [0.12323900035629215, 0.10400960826021503, 0.10520853196275595, 0.11692572780226929, 0.113005178905366, 0.09731072598035587, 0.125, 0.09862654621016283, 0.1166746805225829], [0.12285700140859747, 0.1043542429024291, 0.10550674462775222, 0.11673083707996629, 0.11278499683040623, 0.09756075182340791, 0.125, 0.09889721067624813, 0.11630821465119262], [0.1226707181550452, 0.10503739809170229, 0.10615275332364288, 0.11631280793636149, 0.11216476171328169, 0.09797548551122312, 0.12480622074755227, 0.09934968569754289, 0.11553016882364822], [0.12272145270344265, 0.10491861612820808, 0.10603636282334016, 0.11635457923657493, 0.11222396847678047, 0.09787794354578994, 0.125, 0.09925089557457167, 0.11561618151129213], [0.12281006341767044, 0.10455483673047548, 0.10567387335148695, 0.11663204596513195, 0.11267538564420145, 0.09772652164479124, 0.1247051683357832, 0.09907298664766079, 0.1161491182627985], [0.12229519375730843, 0.10545609715257084, 0.10654259494922229, 0.11611551136943822, 0.11186479441064384, 0.09826961399233809, 0.12474162765501108, 0.09966050239800728, 0.11505406431545995], [0.12317679083582857, 0.10403856792273575, 0.10516493074945772, 0.11685894295072394, 0.11297522659076298, 0.09739090960205085, 0.125, 0.09871736946096163, 0.11667726188747857], [0.12274182876432253, 0.10474398707413875, 0.10583439344332864, 0.11645474624250543, 0.11240693676395683, 0.0978023904490004, 0.125, 0.09917033265714308, 0.11584538460560434], [0.12213431028254103, 0.10569660506022147, 0.10672434341980713, 0.11595965142429915, 0.11164960117404744, 0.09841968306348757, 0.12490792108603017, 0.0998326567870234, 0.11467522770254275], [0.12238228920788283, 0.10538935255778036, 0.10642415715675431, 0.11608983115077605, 0.11191642245925583, 0.09827612159583031, 0.12463740830211176, 0.09966955204888364, 0.1152148655207249], [0.12263430730572637, 0.10500019368096156, 0.10605095466008405, 0.11630209723675758, 0.11220353959682734, 0.09799176371127415, 0.12485040919541422, 0.09937428130704377, 0.11559245330591117], [0.12304668894989439, 0.10419133502063425, 0.1052660517047631, 0.11676418107717344, 0.11288282290222197, 0.09752930672276758, 0.12490659822860686, 0.09886902876117644, 0.11654398663276197], [0.12267122937290859, 0.10484497971506422, 0.10589341357269666, 0.11639046482380755, 0.11234564521174344, 0.09790255165219884, 0.12490223399488558, 0.09927951997624465, 0.11576996168045049], [0.12207759975983161, 0.10571620072532477, 0.10670240226968736, 0.11591022022423735, 0.11161393807151344, 0.09844887888340174, 0.125, 0.09986991126619807, 0.11466084879980566], [0.12246082129858157, 0.10520081938784412, 0.10619852561905069, 0.1161287691598186, 0.11199556878284407, 0.09813414548842347, 0.12499999999999997, 0.09953470190433292, 0.11534664835910437], [0.12295604651130662, 0.10425913710094911, 0.10529072156608353, 0.11668720989437188, 0.11281082867344634, 0.09759257666069909, 0.125, 0.09894347098412672, 0.11646000860901673], [0.1228677275248975, 0.10434076403621222, 0.10532758281641622, 0.1166166318514646, 0.11274899065064975, 0.09767622058190477, 0.125, 0.09903728210553833, 0.11638480043291657], [0.122458022997732, 0.10506339932516705, 0.10599472274709199, 0.1161873356021093, 0.11214377613465563, 0.09810315458871405, 0.125, 0.09950942172153393, 0.11554016688299608], [0.12228289546869225, 0.1054116782519987, 0.10631179694552526, 0.11599049967996382, 0.11187445087467184, 0.09835222424236471, 0.12480540317483672, 0.09977249184855556, 0.11519855951339113], [0.12185797650235501, 0.1060086892231406, 0.10685078825339012, 0.11568592467148912, 0.11139708834193143, 0.09870528691588054, 0.125, 0.10015875312692542, 0.1143354929648877], [0.12271218901079586, 0.1045027437315631, 0.1054457333001197, 0.11650888986276543, 0.1126339479778554, 0.0978028271431023, 0.125, 0.0991781360738411, 0.11621553289995709], [0.1223774085002229, 0.1051727049109975, 0.10606475514859867, 0.11610250732329569, 0.11204920864653524, 0.09819390544938156, 0.125, 0.09961091126762038, 0.11542859875334804], [0.12185845958679352, 0.10588175616308206, 0.10671593292805204, 0.11573866175431648, 0.11148983642392794, 0.09865049598980162, 0.125, 0.10009992711948597, 0.11456493003454035], [0.12175183145014261, 0.10629009852545215, 0.10708308274753568, 0.1155220586911648, 0.111212416535717, 0.09888329322502722, 0.12499999999999999, 0.10035599403003213, 0.11390122479492829], [0.12230905308419561, 0.10528483067892352, 0.1061548231595218, 0.11602332369493568, 0.111948345106953, 0.09827396688883631, 0.125, 0.0996988685708295, 0.11530678881580458], [0.12240169169641942, 0.1047980607292279, 0.10568249374969986, 0.11632539240975741, 0.11243663171076736, 0.09802588045284587, 0.125, 0.09942203026988193, 0.11590781898140025], [0.12166388093567965, 0.10631711574794948, 0.10703949016020656, 0.1154643877901781, 0.11118545993446699, 0.09894917377617524, 0.125, 0.10043404489799186, 0.11394644675735215], [0.12169236246400164, 0.1062127796493638, 0.10694110748383834, 0.11555131224943271, 0.11129293171324282, 0.09892009887766709, 0.12480050228306491, 0.10039651327254101, 0.11419239200684769], [0.1226878508415137, 0.10443360185994656, 0.10528538341737352, 0.11647581756836119, 0.11267456092572933, 0.09785798682277475, 0.125, 0.09923932463046845, 0.1163454739338325], [0.12256424651821113, 0.1046258274885462, 0.10546469653980307, 0.11637636004611886, 0.11253432640448476, 0.09796055735661426, 0.125, 0.099356038814603, 0.11611794683161875], [0.12167780503815998, 0.10601571433148348, 0.106727984797107, 0.11560005997636505, 0.11138981467340049, 0.09881487155267168, 0.125, 0.10028935192864995, 0.11448439770216239], [0.1221237172760013, 0.10541997656920266, 0.10616880582774692, 0.11588853932016017, 0.11185546267091154, 0.09844425314207209, 0.125, 0.09989347686287706, 0.11520576833102827], [0.12240104056148145, 0.1047938550946066, 0.10558409111121257, 0.11626192972944095, 0.11241480165435278, 0.09809442611891854, 0.125, 0.09950495820361645, 0.11594489752637065], [0.1220191413756105, 0.10558478064130179, 0.10630310360489521, 0.11577357020968902, 0.11170885114882352, 0.09856092493681333, 0.125, 0.10002112327594356, 0.11502850480692305], [0.12156983375458177, 0.10622716756419609, 0.10688086329100333, 0.11551373348203793, 0.11128993573727984, 0.09900004579269357, 0.12473917251408549, 0.10048747017326747, 0.11429177769085455], [0.12196165600590884, 0.10563685531986525, 0.10630620996195699, 0.1157426458836747, 0.11170448685319208, 0.09864258953015596, 0.12487293021131035, 0.10011035743488912, 0.11502226879904671], [0.12202843971411849, 0.10545216500539714, 0.10613351145390766, 0.11583989840250983, 0.11184730191700784, 0.09851855370033241, 0.125, 0.09997912869110505, 0.11520100111562159], [0.12144477749934603, 0.10641318623045291, 0.10698349349859351, 0.11533328541444031, 0.11110333558522853, 0.0991162607194463, 0.125, 0.10063023265775883, 0.11397542839473357], [0.12206519224827467, 0.10529374724134938, 0.10599099692424643, 0.11597221800341188, 0.11205140001016244, 0.09845422358727235, 0.12483923701145813, 0.09990009994889616, 0.11543288502492853], [0.12140175312938264, 0.10651857743196863, 0.10706368541416403, 0.11526556799487651, 0.11103372298490258, 0.09918595794506463, 0.125, 0.10070808379944683, 0.11382265130019416], [0.12233056303545249, 0.10483681839739417, 0.10555011005884558, 0.11618731552672418, 0.11237334328720709, 0.09818578682419173, 0.125, 0.09960870261962851, 0.11592736025055625], [0.12167682883473956, 0.10600629961291705, 0.1065982252118261, 0.11550939191147812, 0.11140195113330047, 0.09892089232481764, 0.12483368586482069, 0.10041238978702648, 0.11464033531907392], [0.12159226007252447, 0.1060622586687964, 0.10664445712741401, 0.11547070040444063, 0.11133478371571208, 0.09893721514407033, 0.125, 0.10043541712913912, 0.11452290773790301], [0.12162747118608411, 0.10604055958610153, 0.10662374010316407, 0.11548459132332588, 0.11136271737049674, 0.09893456612088837, 0.12492172256886629, 0.1004304187889602, 0.11457421295211281], [0.12200828375186991, 0.1053880986938101, 0.10600344711322923, 0.11583458877781481, 0.11192079957392072, 0.09854249743266817, 0.125, 0.10000958166845117, 0.11529270298823584], [0.12185697369974913, 0.105723405683867, 0.10629201765337018, 0.11561520253095824, 0.11160533328505143, 0.0987483809751923, 0.125, 0.10023874155465605, 0.11491994461715568], [0.12193176361990879, 0.10565115643564729, 0.1062150561062099, 0.11564681514458429, 0.11166121719324143, 0.09870708110127413, 0.125, 0.10019621551963029, 0.1149906948795039], [0.12257409390112606, 0.1047686324945152, 0.10540306103305756, 0.11611522150110115, 0.11234931132481892, 0.09819535472160289, 0.125, 0.09962906803926369, 0.11596525698451456], [0.12206484185580747, 0.10602411692573872, 0.10643441110234826, 0.11526688230407325, 0.11122708319996909, 0.09897258373102201, 0.125, 0.10050934949592484, 0.11450073138511636], [0.12171334641824536, 0.10657447930756447, 0.10689674517101007, 0.11501254280525297, 0.11082973319895267, 0.09931098622963784, 0.125, 0.10088395020395476, 0.11377821666538186], [0.12219360326403257, 0.10575694121608548, 0.10619079734462313, 0.11544041467038794, 0.11147422736875179, 0.09881195446922734, 0.125, 0.10033448318401415, 0.1147975784828776], [0.12215767596911707, 0.10596013582224677, 0.10635239397134223, 0.1152835378007815, 0.11126857190944024, 0.09894041913949676, 0.125, 0.1004795709461324, 0.11455769444144302], [0.12267183569815243, 0.104925336096834, 0.10545322846828181, 0.11591753074107802, 0.11215857947339315, 0.09833366373267331, 0.125, 0.09979648215262195, 0.11574334363696535], [0.12199394586616609, 0.10637772362721902, 0.10668193166058253, 0.1150342210916677, 0.11090357177918708, 0.09920461645428931, 0.125, 0.10077696020085927, 0.114027029320029], [0.12203349292926248, 0.10641975728663906, 0.10669299592873582, 0.11498400207858286, 0.11085136336158073, 0.09923779783597723, 0.125, 0.10081863671171357, 0.11396195386750826], [0.12225658291150779, 0.10623154570632279, 0.10650067342179594, 0.11500762545314082, 0.1109493171165727, 0.09913980884913137, 0.125, 0.10071531294420033, 0.11419913359732828], [0.12250259267560151, 0.10571119820424012, 0.10605287758759462, 0.11534542858954804, 0.11143487915862027, 0.09881906838308507, 0.12499999999999997, 0.10036079114512694, 0.11477316425618327], [0.12247585535146284, 0.10581086509720919, 0.10613635096704571, 0.1153051631771898, 0.11137914454907134, 0.09889892356418219, 0.1248462443964992, 0.10044523114987401, 0.11470222174746567], [0.12222745502741322, 0.10654622045106493, 0.10671084349479036, 0.11483446792933069, 0.11071834995665109, 0.0993677274241847, 0.12480449050028312, 0.10097421091256055, 0.11381623430372134], [0.12272159844578898, 0.1054536725963085, 0.10579030515698878, 0.1154351616817318, 0.11163490164507126, 0.0986925034972328, 0.125, 0.10022265539030174, 0.11504920158657614], [0.12256031614812248, 0.10596719307950322, 0.10619651694944436, 0.11509555539677578, 0.11114573234125753, 0.09900412815240031, 0.125, 0.10058042176985402, 0.11445013616264231], [0.12247172378341686, 0.10627244921140701, 0.10644821186034924, 0.11487202356492089, 0.1108480972271711, 0.09919364651759548, 0.12500000000000003, 0.10079220117836224, 0.11410164665677737], [0.12241714145901764, 0.10668881985143727, 0.10673907511123902, 0.1146759651714863, 0.11057439418808312, 0.09951056606324515, 0.12459843399339166, 0.10114420172331831, 0.11365140243878154], [0.12286756397287046, 0.10562485446030319, 0.10586379284696934, 0.1152744935749173, 0.11147466201992882, 0.09885236926458835, 0.12477965149972513, 0.10040699241821259, 0.11485561994248482], [0.12305987845585718, 0.10556072033365656, 0.10574700268811671, 0.11519173001016396, 0.11141584905230507, 0.0988115512093066, 0.125, 0.10037922121577847, 0.11483404703481545], [0.12318250785281633, 0.10542032793036664, 0.10564104785165934, 0.11536067003152593, 0.11162638978783156, 0.09878077620536277, 0.12455245934965234, 0.10032510326070128, 0.1151107177300838], [0.12237500054421377, 0.10701551865365327, 0.10688211705981622, 0.11432650668215975, 0.11020216557843414, 0.09971122785762518, 0.125, 0.10140173808340605, 0.11308572554069159], [0.1231003284455508, 0.10564187299211485, 0.1057817066481228, 0.11509903591882686, 0.11132210431759595, 0.09887653037947979, 0.125, 0.10045756000031812, 0.11472086129799083], [0.12295119866718826, 0.10639698523747447, 0.10635335951254936, 0.11455809847800283, 0.11057837458822467, 0.09933858939395572, 0.125, 0.10099200763305302, 0.11383138648955167], [0.12324683991491187, 0.10561183342977157, 0.10571860149867837, 0.11506425725201101, 0.1113025567686084, 0.09887238284801089, 0.125, 0.10045956871630873, 0.11472395957169917], [0.12277298017462153, 0.10684007310579136, 0.1066658265266559, 0.11430159139941287, 0.11020660113083787, 0.09962358567155583, 0.125, 0.10132049599628512, 0.11326884599483952], [0.12309569639875313, 0.10626163753300993, 0.10622953472370363, 0.11470984229852331, 0.11080808230586882, 0.0993207884547461, 0.12453476150326223, 0.10095829797214076, 0.11408135880999211], [0.12320858938118977, 0.10594643188784493, 0.1059636484405323, 0.11482892620002333, 0.11098034722851262, 0.09907578468239826, 0.125, 0.10069872872431963, 0.11429754345517915], [0.12338017124859875, 0.10566540764077194, 0.1057171282198956, 0.1149861882451226, 0.11123852036272396, 0.0989405071085434, 0.12487391000208846, 0.10053947242490843, 0.11465869474734684], [0.12344371755904861, 0.10563522297585236, 0.10567915343128007, 0.11498578197489501, 0.11124526340076077, 0.09892684976994516, 0.1248780861260227, 0.1005262822394684, 0.1146796425227271], [0.12341850370691755, 0.1058455435751465, 0.10581736707472912, 0.11479771603453656, 0.1110157730534999, 0.09904949866168498, 0.12500000000000003, 0.1006769564996661, 0.11437864139381947], [0.12355250896854571, 0.10561060860252097, 0.10562230256521651, 0.11493280366039345, 0.11119972837647135, 0.09891294721778925, 0.125, 0.10052053843519579, 0.11464856217386696], [0.12343517401290373, 0.10611427605353131, 0.10599665555417685, 0.11459924557836051, 0.11075586638416314, 0.09922986075804373, 0.12492734338877376, 0.10088793998987114, 0.11405363828017578], [0.12364736841460815, 0.10566201076842385, 0.10562415411673641, 0.11484471490125925, 0.11111751856955442, 0.09896225813917524, 0.12499999999999997, 0.10058279966524723, 0.1145591754249953], [0.12325778291126026, 0.10668266053958267, 0.10641486078346629, 0.11418288157313564, 0.11018343076059532, 0.09958153365873644, 0.125, 0.10129479117472126, 0.11340205859850214], [0.12347054412968227, 0.10614954549458164, 0.10600068407682367, 0.1145361146139175, 0.11068775958298283, 0.09925273692486768, 0.125, 0.10092043916077138, 0.113982176016373], [0.12319681131914952, 0.10690339627817168, 0.10656672502047151, 0.11407841871873213, 0.11003800905722014, 0.09973616639319988, 0.12486003124219285, 0.10147021364036629, 0.11315022833049598], [0.12343557177247348, 0.1065244087339254, 0.10626150450051748, 0.11423667959666046, 0.11030257177572367, 0.09949069735422288, 0.12499999999999997, 0.10119852173745429, 0.11355004452902215], [0.1233244890900175, 0.10686743036899628, 0.10649513767951899, 0.11401598390867955, 0.10999103397852748, 0.09971405157569269, 0.125, 0.10145766994877882, 0.11313420344978868], [0.12374207545037216, 0.106095196639134, 0.10588652726011676, 0.1144821791035616, 0.11069417786556156, 0.0992674282059554, 0.12487916254903811, 0.100943485708316, 0.11400976721794447], [0.12360940906581716, 0.10649368084471997, 0.10619514789583179, 0.11424689787962372, 0.11036117078730494, 0.09952553738545838, 0.12471991260581192, 0.10123513390614901, 0.1136131096292831], [0.1234744580352307, 0.10679683121880615, 0.10640708790599243, 0.11399423018645759, 0.11000371691934836, 0.09968803613782982, 0.12499999999999997, 0.1014330450821912, 0.11320259451414358], [0.12379637764633257, 0.10621811270701224, 0.10593647072173287, 0.11433113256270487, 0.11051882430049592, 0.09934726601906073, 0.125, 0.10104674212948715, 0.11380507391317361], [0.12385305869100141, 0.10613881773370525, 0.1058704585105524, 0.11436966825668664, 0.11058161418994356, 0.09930042291997529, 0.12499999999999997, 0.1009937455010174, 0.1138922141971179], [0.12384919851499848, 0.10623086365214669, 0.10592711919132447, 0.11429633634134298, 0.11048961848968042, 0.09936394467910104, 0.125, 0.10106873777798256, 0.11377418135342332], [0.12361235791471871, 0.10695058397699855, 0.10645939187423796, 0.11385417851000623, 0.10986746156626781, 0.09983331435181028, 0.12479388791571554, 0.10160290634558435, 0.1130259175446606], [0.1239725189670106, 0.10609492203274605, 0.10581207323231306, 0.1143948744128677, 0.11066350488132787, 0.09932997298091012, 0.12470648344541937, 0.10101766508715153, 0.11400798496025354], [0.12391511702946778, 0.10655629486250535, 0.10613181795842573, 0.11408510310388623, 0.11024848855181402, 0.09963765981700022, 0.12455850687667186, 0.101373963381223, 0.1134930484190058], [0.12443703081092485, 0.11110105988833809, 0.11309894539695979, 0.11539383147019762, 0.10983797803002475, 0.102857992685199, 0.11409719898816928, 0.10389666377553465, 0.10527929895465198], [0.12450912751741926, 0.11116451885783221, 0.11312731313142486, 0.1153435631117781, 0.1097823830071367, 0.10291079521110107, 0.11402483645833791, 0.1039538692629984, 0.10518359344197131], [0.124504374533741, 0.11068391695977375, 0.11261805450853243, 0.11544440774255021, 0.10995146074511293, 0.10244076813621711, 0.1148561997952848, 0.10353110630013446, 0.10596971127865318], [0.12445471618493141, 0.11033996638770763, 0.1122890869333919, 0.11553141332882393, 0.11009758745488255, 0.10211316862368477, 0.11541816046701883, 0.10322275685178647, 0.1065331437677724], [0.12499999999999999, 0.11157981569943812, 0.11316696440614898, 0.11491916549530524, 0.10934681080253562, 0.10323944102774031, 0.11373336406742732, 0.1043503153510162, 0.10466412315038805], [0.12430302330939454, 0.11223085914552498, 0.11365333230415454, 0.11470159190687307, 0.10913816436730431, 0.10391336609164595, 0.11304968556865447, 0.10500189950383779, 0.10400807780261022], [0.125, 0.11110644857151855, 0.1126486980525311, 0.11502461530224903, 0.10951276479376895, 0.10275440925917523, 0.11458579666030409, 0.10391676704313178, 0.1054505003173213], [0.12491624874512779, 0.11118612201195979, 0.11264338238304965, 0.11495943435389833, 0.10945651076191099, 0.10282467881634993, 0.11459194616851505, 0.10400258202351419, 0.10541909473567429], [0.125, 0.11044374299518299, 0.11192740059730547, 0.11510105151743258, 0.10971653191796948, 0.10210756026228748, 0.11580000132539318, 0.10333228122036942, 0.10657143016405939], [0.12499999999999999, 0.11134660023214286, 0.11264110132100771, 0.11480590111955709, 0.10930523619663934, 0.10295043849084093, 0.11452539152295085, 0.10415821585302223, 0.10526711526383885], [0.12481509673928443, 0.11063412803524962, 0.11195766201735828, 0.11497221707492908, 0.1095975570077799, 0.102281489287845, 0.11575571768422277, 0.10353371008627012, 0.10645242206706068], [0.1247418769047855, 0.11087478447225758, 0.11214403534018463, 0.11490659024083628, 0.10950173728592585, 0.10250787524414141, 0.11543667654255688, 0.1037571565029798, 0.10612926746633204], [0.12499999999999999, 0.11106424689321578, 0.11225837364870442, 0.11479433972955533, 0.10935589889235976, 0.10266034873580304, 0.11515033934846834, 0.10391636496436953, 0.10580008778752369], [0.12486276598240705, 0.1128571448844748, 0.11350824151148502, 0.11401324497263031, 0.10847462628929574, 0.10438219396613892, 0.11283739457353853, 0.10561543429038948, 0.10344895352964002], [0.125, 0.11298182337896091, 0.11353085143605297, 0.11390273214474252, 0.10836247750787813, 0.10448369381317867, 0.11271705358131932, 0.10573066453929574, 0.10329070359857173], [0.12448509353626645, 0.11208076151904525, 0.11280375926623842, 0.11432955204936825, 0.10886364440608325, 0.10362320235587996, 0.11417361498613832, 0.10491618569964742, 0.10472418618133285], [0.12399770869003368, 0.11038005665244725, 0.11133426534557517, 0.1147503463151372, 0.10963835980300944, 0.10207802790939416, 0.11696147962404092, 0.10343511638519952, 0.10742463927516267], [0.124246181154891, 0.11369825410949286, 0.11400018050909463, 0.11362571193634632, 0.10811