[[0.11561230523378012, 0.12298494056234772, 0.10517529541652808, 0.10686675466893716, 0.11807001920752179, 0.12472168016442668, 0.10124075424341983, 0.1026123314347891, 0.1027159190682495], [0.11624631063966485, 0.12354650710319412, 0.10473160734469956, 0.10668386268615546, 0.11861283234586469, 0.12487819811848058, 0.10075963580449997, 0.10222204160800297, 0.10231900434943782], [0.1156118815291203, 0.12282095290150215, 0.10513270582225749, 0.10683343203334202, 0.11793093219016752, 0.12484512056726316, 0.1013089259687542, 0.10270123806543877, 0.10281481092215441], [0.1157384999132814, 0.12298677931442735, 0.1050558111225066, 0.10680529299079414, 0.1180148426245284, 0.12481471456891839, 0.10121805455698385, 0.10262701701956928, 0.1027389878889908], [0.11629864882042833, 0.12344754680618522, 0.10466605877781023, 0.10664520226896151, 0.11859075393573448, 0.125, 0.10076086728288, 0.10224407988078195, 0.10234684222721824], [0.11619843660373268, 0.12332154341404711, 0.10476985657129738, 0.10669978883551484, 0.11842490105794332, 0.12470497364170396, 0.10094000498659067, 0.10241537792163721, 0.10252511696753282], [0.11568076331483734, 0.12282440890039473, 0.1050450868298046, 0.10678220749157939, 0.11789596167313159, 0.125, 0.10127389812963412, 0.10268958101573851, 0.10280809264487974], [0.11577512484255263, 0.12277499703864722, 0.10500023177207754, 0.10677172242659745, 0.11787530263702592, 0.12482128218163584, 0.10132432695666274, 0.10276550593764565, 0.10289150620715497], [0.11543176372211718, 0.12220676950853374, 0.1051817007033882, 0.10682997001040907, 0.11750818753872043, 0.125, 0.10162817054891146, 0.10303814607873342, 0.10317529188918649], [0.11604433394958467, 0.12285651110521419, 0.10475947722671818, 0.10665118397444819, 0.11803690027972001, 0.125, 0.10117141226114283, 0.10267345491630324, 0.10280672628686868], [0.11656544640809381, 0.12309593767261305, 0.10454234595070029, 0.10661543331062077, 0.1184972768537941, 0.12452671009551755, 0.10096823964125841, 0.10253009217950723, 0.10265851788789479], [0.11550080794458345, 0.12217612490025304, 0.10515107075131164, 0.10682457520861029, 0.11746417377232554, 0.12485840558549273, 0.10167409589041669, 0.10310374299093694, 0.10324700295606973], [0.11641487850620016, 0.1229061437562121, 0.10459197759967624, 0.1066150816058247, 0.11830954620045167, 0.12470768244405724, 0.10106986604253151, 0.10262484082585563, 0.10275998301919073], [0.11623991266036453, 0.12273058113501784, 0.10461322898701858, 0.10658687387191151, 0.1180713128229412, 0.12499999999999997, 0.10116889434210828, 0.10272230022059371, 0.10286689596004416], [0.11685313531609663, 0.12328153775682867, 0.10419702920701243, 0.10641767970736712, 0.11858859860962483, 0.125, 0.10074912361080283, 0.10238738112589157, 0.10252551466637595], [0.11596697685748433, 0.12252974164536944, 0.10484668288042566, 0.10670224793416748, 0.11780143769393682, 0.12467093290753209, 0.10143701653753005, 0.10294838108835214, 0.10309658245520202], [0.11677035379976616, 0.12312843636733659, 0.10429378308059907, 0.10647219168619582, 0.11848374002675387, 0.12478735014264031, 0.10088818121036257, 0.10251677478828371, 0.10265918889806191], [0.11658061198575437, 0.12286217628422312, 0.10442955592299548, 0.1065300389006119, 0.11829954595028516, 0.124778875351955, 0.10105333061575358, 0.1026594383423505, 0.10280642664607093], [0.11545807885585481, 0.12186327440949946, 0.10514774858290596, 0.10681581740792892, 0.11723111155681049, 0.12486061853852501, 0.10185357485856728, 0.1033055631866168, 0.10346421260329125], [0.11647274942144091, 0.12268337504984177, 0.10445401729526788, 0.10652165552121672, 0.11816786994830551, 0.125, 0.10111450511928378, 0.10271698764321746, 0.102868840001426], [0.11605269747434775, 0.12242072404962244, 0.10472297113723737, 0.10662769215590476, 0.11777190826364689, 0.12488976696219851, 0.1014200245908045, 0.10296816780103701, 0.10312604756520076], [0.11643778594841926, 0.12258710637913443, 0.1044982836644941, 0.10654797082956183, 0.11810573166186582, 0.12488317489979933, 0.1011948308417984, 0.10279507156885047, 0.10295004420607635], [0.11540320913825176, 0.12175222111528658, 0.10514871396387128, 0.10680410373723966, 0.1171537603407618, 0.125, 0.10189029644088013, 0.10334284317485279, 0.103504852088856], [0.11630290073518881, 0.12246888091168354, 0.10458693790700413, 0.10658422948860065, 0.11794351991390921, 0.12477495781171155, 0.10133380039952587, 0.10292223425473779, 0.10308253857763844], [0.11608729526303709, 0.1223451790504822, 0.10466560102355259, 0.10659207413872089, 0.11774161442965805, 0.125, 0.1014238960114092, 0.10299046188153804, 0.10315387820160192], [0.11578117200798715, 0.12204275657965948, 0.10490167211563171, 0.10670360213803534, 0.11742894634815915, 0.12479343979108505, 0.10171168234451074, 0.1032343633531929, 0.10340236532173852], [0.11557490824894974, 0.12181883688387768, 0.10507014679108068, 0.10678655013487291, 0.11723327509787407, 0.12468762216342227, 0.10189498261638563, 0.10338254545854193, 0.1035511326049951], [0.11668609999398313, 0.12272783168836221, 0.10426040572995794, 0.10642460946319456, 0.1181814434233591, 0.125, 0.10107729844573411, 0.10273912361951935, 0.1029031876358896], [0.11635663917343754, 0.12234794768613165, 0.10452385906026619, 0.10654927342067431, 0.11790047929353777, 0.12484792704298005, 0.10136010305024085, 0.10297290238221556, 0.1031408688905163], [0.11572747058517724, 0.12192472640657807, 0.10491991093755258, 0.10670601977537732, 0.11733806686092607, 0.12483529983010674, 0.10177674225668829, 0.10329980036250906, 0.10347196298508463], [0.1159714533230605, 0.12212075526079257, 0.10479779739251995, 0.10666988185288127, 0.11755332402273348, 0.12463014663500947, 0.1016574364172459, 0.10321387328321621, 0.10338533181254067], [0.11615177325015176, 0.12222842981758827, 0.10463939445990954, 0.10658952354967136, 0.11770410856314371, 0.12484019877824631, 0.10149920089756048, 0.1030879694074751, 0.10325940127625347], [0.11628939884616031, 0.1222601146961722, 0.10452188852764732, 0.10653141004504725, 0.11780193237469398, 0.125, 0.10139775136006618, 0.10301252806164124, 0.1031849760885715], [0.11542105657546001, 0.12151615930220927, 0.10516168328591606, 0.10682457535792904, 0.1170119062339973, 0.12469388307451541, 0.10208055540082638, 0.10355711428364046, 0.10373306648550591], [0.11578701284975053, 0.12186940498349712, 0.10482640987056076, 0.10664872049322259, 0.11732115918872574, 0.12500000000000003, 0.10175616077034645, 0.10330604840523414, 0.10348508343866282], [0.11545474283613406, 0.12156743485820416, 0.10512315383177881, 0.10680346489097652, 0.11701128179875826, 0.12465076269543442, 0.10207718586993572, 0.10356638851448657, 0.10374558470429146], [0.11646699518035018, 0.12224400788566593, 0.10437758481198132, 0.10646413259563697, 0.1178335024553491, 0.12499999999999997, 0.10137006141391906, 0.10303108215595501, 0.10321263350114225], [0.11623591015344038, 0.12207356583047342, 0.10458441558747782, 0.10656994944343405, 0.11765410445105383, 0.12473667198014086, 0.1015743648666529, 0.10319451757779352, 0.10337650010953318], [0.11588237981838144, 0.12186633587644391, 0.10478627297328832, 0.10664201607258339, 0.1173582233359785, 0.12483356324273369, 0.10176972361752634, 0.10333923542015205, 0.10352224964291251], [0.11693296125561305, 0.12287843508948898, 0.10400543334479835, 0.10628824924938146, 0.11815340161494849, 0.125, 0.10102858588801379, 0.10276625535352492, 0.10294667820423098], [0.11636214282345296, 0.1221097576928977, 0.10448788047382866, 0.10652593666674927, 0.1177200880863867, 0.12476813820908192, 0.10151640960867099, 0.10316245436434673, 0.10334719207458526], [0.11671033383009988, 0.12250431566260798, 0.10416726182179327, 0.10636038401913829, 0.1179467231044208, 0.125, 0.10123327394661927, 0.10294563977577036, 0.10313206783955016], [0.11651519881525968, 0.1222056069918991, 0.10434864372384936, 0.106454902921698, 0.11780021047362028, 0.12487910014967096, 0.10141702151787303, 0.10309584992267944, 0.10328346548345034], [0.11574150525551198, 0.12182747543722186, 0.10484317837125236, 0.10665579043045573, 0.1171470452856179, 0.12468736329454594, 0.10192469806511212, 0.10349062221315243, 0.10368232164712969], [0.11630905768997396, 0.1223721775116627, 0.1043128349974041, 0.10637875133174374, 0.11748969752834498, 0.125, 0.1015173890550254, 0.10320855677062352, 0.1034115351152216], [0.11538311086001733, 0.12191543015880342, 0.1049474812553453, 0.10665554947593993, 0.11674470310057243, 0.12471411770446575, 0.10212133681778138, 0.10365888653762169, 0.10385938408945296], [0.11710828922473099, 0.12276332341934859, 0.10378877559096156, 0.10616633679628465, 0.11795570474401966, 0.125, 0.10112285499120996, 0.10294407253957122, 0.10315064269387335], [0.11717391185685351, 0.122824761757824, 0.10376205153918247, 0.10616197132178502, 0.11799032579163861, 0.12489482950371605, 0.10110875515685379, 0.10293840659374633, 0.10314498647840024], [0.11549437448890167, 0.12201569307736906, 0.10479222915573816, 0.1065602011622818, 0.1168121376775296, 0.125, 0.10199301060618388, 0.1035639093096184, 0.10376844452237739], [0.11692965259233691, 0.12256611299867089, 0.10399276410646507, 0.10628281501421996, 0.11785333358405789, 0.12464166239542827, 0.10131853405796482, 0.10310411105778518, 0.10331101419307101], [0.11654496636685992, 0.12256407017154117, 0.10415467021480244, 0.10631434383800023, 0.11759173070645151, 0.12480791976855372, 0.10144549519989521, 0.10318401922936347, 0.10339278450453235], [0.11705688593940491, 0.1226518167261149, 0.10384615370848833, 0.10619964009247633, 0.11788961207992055, 0.12486351253354816, 0.10121601941274383, 0.10303316485631842, 0.10324319465098454], [0.11592847203621931, 0.12218388034456468, 0.10451274366947673, 0.10644548008036599, 0.11713566183168828, 0.125, 0.10176365356233502, 0.10341060101503419, 0.10361950746031583], [0.11558912360054423, 0.12209949701945824, 0.1047435733884682, 0.10654604873392719, 0.1168614384643143, 0.12482102497401894, 0.10198370753156928, 0.1035739251517022, 0.10378166113599743], [0.11645709544720802, 0.12268528975458555, 0.10411448204076666, 0.10626352446384046, 0.11743253882718152, 0.12485114310877446, 0.10149167741742947, 0.10324308254627836, 0.10346116639393549], [0.116525976688673, 0.12274287534567982, 0.10402495396388245, 0.10621032133111628, 0.11745579459075518, 0.125, 0.10142623552061086, 0.10319678715864739, 0.10341705540063502], [0.11682284130194667, 0.12284599155215008, 0.10384288122931988, 0.10614167389751791, 0.11760191201291076, 0.1249211879003361, 0.10131872572462751, 0.10314047728162803, 0.10336430909956303], [0.11632516607866535, 0.122693625591998, 0.10412487777798846, 0.10624061132541948, 0.1172920751663602, 0.125, 0.10153562493119857, 0.10328260965111247, 0.10350540947725748], [0.11698975934391237, 0.12284051677016854, 0.10378251014826907, 0.10613625168426319, 0.11769100707990422, 0.12476731284227015, 0.10129367376180583, 0.1031372833714818, 0.10336168499792504], [0.11622628695305354, 0.12264406004148477, 0.10421074981539333, 0.10628491786505061, 0.11721062917130372, 0.12484532225344516, 0.10163075858156648, 0.10336177329484605, 0.10358550202385632], [0.11569053225059414, 0.12234862937364303, 0.10455725112982858, 0.10642850502691242, 0.11681910736881909, 0.12484970635838906, 0.10193372943295889, 0.10357577133570711, 0.10379676772314768], [0.11684129953556974, 0.12291031901443279, 0.10378117861582134, 0.10609870915117085, 0.1175668234776942, 0.125, 0.10129983809022108, 0.10313693487984439, 0.10336489723524561], [0.11612424563134674, 0.12257978067637904, 0.10427406391104756, 0.1063106184715499, 0.11712434129244943, 0.12482338589941819, 0.10170145738427165, 0.10341866917967783, 0.10364343755385966], [0.11607668846524528, 0.12255873354685673, 0.10429452474045692, 0.10631587596279915, 0.11707384564770863, 0.12482105205163137, 0.101735457942352, 0.10344881657822026, 0.10367500506472967], [0.11597676315768554, 0.12247317837432642, 0.10432663529192894, 0.10631688474726958, 0.11699758984842501, 0.125, 0.1017600601457481, 0.103461290926881, 0.10368759750773544], [0.11579060795900727, 0.12245109125535723, 0.10445673985950851, 0.10637550627673098, 0.1168452294705794, 0.12482767555160126, 0.10189447344381869, 0.10356601632561224, 0.10379265985778438], [0.11643239714951546, 0.12291837070002426, 0.10396295457737016, 0.10614282231927501, 0.11725412578983471, 0.125, 0.10149069832027212, 0.1032826593882295, 0.10351597175547879], [0.11618065125521579, 0.122730096057658, 0.10413968604645721, 0.1062204951004714, 0.11709585978844647, 0.125, 0.10163489998552792, 0.10338331212027138, 0.10361499964595183], [0.11569444767782357, 0.12249202551429701, 0.1044471386996499, 0.10634574352948406, 0.11674305655386032, 0.125, 0.10190378090157197, 0.1035722499644011, 0.10380155715891203], [0.11657363497606713, 0.12303578877236042, 0.10384411928055072, 0.1060850731436237, 0.11730520613693927, 0.125, 0.1014240356062736, 0.10324752665106107, 0.10348461543312412], [0.11625413784275963, 0.12283540375333275, 0.10408876974835621, 0.10619969659049726, 0.11711321289096736, 0.1248605730288618, 0.10162694790208371, 0.10339313075959847, 0.10362812748354261], [0.116126612964896, 0.12276903247481002, 0.10415808793007669, 0.10622494980423465, 0.1169924448384524, 0.12482227655128436, 0.10172124834265615, 0.10347379969724348, 0.10371154739634623], [0.11597701622675861, 0.12270162443001811, 0.10420351078375055, 0.10622522350475924, 0.11686698098699881, 0.12499999999999997, 0.10177077988181522, 0.10350780939733761, 0.10374705478856165], [0.11625103434287103, 0.12306238213671278, 0.10392783203686806, 0.1060780672096069, 0.11695373251538684, 0.125, 0.10161909317975935, 0.10342885103796352, 0.10367900754083152], [0.11573527513005766, 0.12283564311267416, 0.10429659534221355, 0.10624578546146561, 0.11659529306905259, 0.1247502732458838, 0.1019511149218012, 0.10367128359677265, 0.10391873612007863], [0.115819156081452, 0.12297187915009299, 0.10412693914830752, 0.10613530436781168, 0.11657833424112571, 0.125, 0.10186354781764302, 0.1036243874560754, 0.10388045173749169], [0.11694329677553551, 0.12360325841719634, 0.10334305262470417, 0.10579445361948604, 0.11714861195473213, 0.12499999999999997, 0.10131953255306596, 0.10328856570033676, 0.10355922835494291], [0.1159017816410241, 0.12303742011069389, 0.10408552193930326, 0.10612398455221404, 0.11661179237845729, 0.12484708496817828, 0.10185934720380269, 0.10363709888746464, 0.10389596831886182], [0.11687603698081403, 0.12380346095947481, 0.10332049726144961, 0.10576533310582661, 0.11700246306928137, 0.12478530157812494, 0.10139911290283418, 0.1033834816520692, 0.1036643124901252], [0.11577565775402648, 0.12317161894778358, 0.10409048900440407, 0.10610219088438268, 0.1164444808577501, 0.12477959124693361, 0.10193747348023403, 0.103716224722564, 0.10398227310192149], [0.11653063104549026, 0.12371932130566549, 0.103479849271762, 0.10580587633140688, 0.11682317935856236, 0.12499999999999997, 0.101497382316457, 0.1034321058580101, 0.10371165451264576], [0.11625414989144367, 0.12341625633017882, 0.10377675746322446, 0.10597283595933056, 0.11669630638155983, 0.12464014636075214, 0.101742147790579, 0.10361319812412631, 0.10388820169880521], [0.11650264264588732, 0.12375104221837738, 0.10348583528471031, 0.1058056165522796, 0.11677522819478219, 0.12491959338990999, 0.10153446138790867, 0.10347154487117717, 0.10375403545496736], [0.11579457648570676, 0.12331009576661445, 0.10403180729608855, 0.1060647236229247, 0.11638595406070101, 0.12466113412582704, 0.10195953344386269, 0.10375941103396824, 0.10403276416430657], [0.11608513572462253, 0.12362137502438132, 0.1036886598344928, 0.1058712959918745, 0.11642629984095211, 0.12483893367033182, 0.10179734114203504, 0.10369033267083574, 0.10398062610047415], [0.1161499545197553, 0.1236766801952074, 0.10358868258667936, 0.1058097297294563, 0.11642756935878272, 0.125, 0.1017396846726041, 0.10365661295343416, 0.10395108598408068], [0.11586223037050179, 0.12359367750981706, 0.10376745190822065, 0.10588126727720408, 0.11626249542546743, 0.125, 0.10186994466750272, 0.1037359095843811, 0.10402702325690513], [0.12373458182482583, 0.09900886823378252, 0.11091583851377197, 0.1159392904812203, 0.10170421091264545, 0.09108461218590716, 0.12500000000000003, 0.118460422009298, 0.11415217583854889], [0.12317979247107404, 0.09983438711527368, 0.11023510273761707, 0.11549318377141365, 0.10247019857947559, 0.09162021797654016, 0.12437760414357199, 0.11802102712810002, 0.11476848607693385], [0.12346949001906153, 0.09946286640937689, 0.11053924752499376, 0.11568393796321673, 0.10206933486612685, 0.09139156032660009, 0.12461790841467969, 0.11823619144253998, 0.11452946303340446], [0.1236570606155356, 0.09904510425795307, 0.11087316079740865, 0.11588351414267807, 0.10168955653315863, 0.0911336994076742, 0.12494372017166192, 0.11855779955433834, 0.11421638451959151], [0.12360565198142509, 0.09906275810193209, 0.11081551103794722, 0.11582765839440608, 0.10167115022243613, 0.09114619885351029, 0.12499999999999999, 0.11860464284401712, 0.1142664285643259], [0.12354314943735079, 0.09906032878868218, 0.11093931025961593, 0.11586732080557341, 0.1016335953061276, 0.09124063458934892, 0.12463724195099969, 0.11883852058385033, 0.11423989827845102], [0.12309090441635508, 0.09960393268302759, 0.11015452884184344, 0.11533758988845487, 0.10211320751479326, 0.09145896036323145, 0.125, 0.1184199613644576, 0.11482091492783668], [0.12286369298551862, 0.10007760426715664, 0.1099052816904928, 0.11519088215176844, 0.10257305973513968, 0.09181837426898364, 0.12417028315535175, 0.11825807019879807, 0.11514275154679023], [0.12321574020515082, 0.09919022978290144, 0.1105637487374675, 0.11552423293786722, 0.10155558492192927, 0.09131849663311423, 0.125, 0.11906940418013463, 0.11456256260143491], [0.12309487677495654, 0.09939265131337521, 0.11025003291109821, 0.11528658300113698, 0.10171394232438724, 0.09142595357145131, 0.125, 0.11898720005852419, 0.11484876004507034], [0.12297536982371907, 0.09941160536903697, 0.11018139289193032, 0.11519493994453635, 0.10167253991243942, 0.09146738693404778, 0.12499999999999999, 0.11916634905291311, 0.11493041607137688], [0.12326319518729743, 0.09894866312253775, 0.11089518422686538, 0.11554523898970782, 0.10123236278031031, 0.0913898070184206, 0.1247359550286281, 0.11974288089919187, 0.11424671274704076], [0.12254254157807816, 0.09985245775142006, 0.10960303937594343, 0.11476545167974084, 0.1020843014095855, 0.0917008452813715, 0.125, 0.11904561647596866, 0.11540574644789188], [0.12210323467421678, 0.10034225599022484, 0.109064485213264, 0.11442584283621365, 0.10253346517445752, 0.09193874913449525, 0.125, 0.11873539565284455, 0.11585657132428338], [0.12228708897068578, 0.10001423911880566, 0.10936844566415159, 0.1145594786786248, 0.10217886635598177, 0.09182394223779117, 0.125, 0.11914211551125696, 0.11562582346270228], [0.12275524848839424, 0.09933755338595616, 0.11021974431474191, 0.11512410897096859, 0.10148615860904087, 0.091512625008411, 0.125, 0.1196383748939011, 0.11492618632858616], [0.12300492077244844, 0.09902036446527653, 0.1106348845026754, 0.11529586413418799, 0.10114277442439272, 0.09144363300882352, 0.12500000000000003, 0.11999687685165072, 0.11446068184054477], [0.12269156100125259, 0.09938466753808567, 0.11013991685699044, 0.11505548666287932, 0.10150968435573621, 0.0915454666445332, 0.125, 0.11966638962113571, 0.11500682731938683], [0.12221203834536236, 0.10000448914445735, 0.10928498149967536, 0.11443747722639563, 0.10207924717717148, 0.09184792734476432, 0.125, 0.11939093839589994, 0.11574290086627352], [0.1219626060350866, 0.10019306060241714, 0.1091082932933329, 0.11433834815407064, 0.10226067148599882, 0.09195114819254739, 0.12499999999999999, 0.11927689222531636, 0.11590898001123004], [0.12287165454858029, 0.09906672784898607, 0.11050305049261394, 0.11511544965127123, 0.10108001732169836, 0.09153472326164724, 0.125, 0.12026263170360282, 0.11456574517160004], [0.12239562765228411, 0.09933357370753866, 0.11015518553778793, 0.11491933935971733, 0.10130997264201606, 0.09165325890556879, 0.12500000000000003, 0.12023496957175164, 0.11499807262333557], [0.12214877631643746, 0.09997772035584018, 0.10928866156041747, 0.1143661955039265, 0.10192949171867272, 0.09191987450377642, 0.12476279899525308, 0.11976390133691692, 0.11584257970875937], [0.12221252841409058, 0.0998458425369023, 0.10937038155606225, 0.1144235837181482, 0.10180074498549953, 0.09182010426916831, 0.12500000000000003, 0.11979160499529552, 0.1157352095248334], [0.12233330023059513, 0.09952212696643187, 0.10999223834799354, 0.11481028890277935, 0.10146645209138622, 0.09178891113671608, 0.12464098159858866, 0.12021183682268614, 0.11523386390282304], [0.12167730914478048, 0.10040199070068499, 0.10886419448302076, 0.11408594314072057, 0.10232619438489828, 0.09216333771258793, 0.12468260520314312, 0.11955557358500664, 0.11624285164515737], [0.12279500963854056, 0.09908576914670653, 0.11045723113554501, 0.11499777295873792, 0.1010114542117266, 0.09160954792655057, 0.125, 0.12046861031832683, 0.11457460466386596], [0.12224179971392742, 0.09966723710347541, 0.1096184425381878, 0.11456256240177759, 0.10159053456523796, 0.0917799973452624, 0.12499999999999999, 0.12000367578237359, 0.1155357505497577], [0.12146706098204717, 0.1006006644358955, 0.10854108449701183, 0.1138546900160188, 0.1024690261065244, 0.09223070252775843, 0.12488648136401063, 0.1194480508187864, 0.11650223925194696], [0.12178376151127722, 0.10030602264556165, 0.10892492181204773, 0.11405256146699269, 0.10217687496540005, 0.09216582803942151, 0.12455450335539309, 0.11982215894958774, 0.11621336725431819], [0.1221021581362721, 0.0999023451801001, 0.109325048323643, 0.11434555328552619, 0.1017884742610044, 0.09191641396518947, 0.12481675959138448, 0.11996829103402994, 0.11583495622285032], [0.12263100810399698, 0.09920645511478215, 0.11030418678299223, 0.11487840592514637, 0.10106650329192018, 0.0916833145966029, 0.12488672155441363, 0.12058706670302058, 0.114756337927125], [0.12215206798986869, 0.09975695064964316, 0.10952456345430395, 0.11447110954793603, 0.10163391213473891, 0.09186161803793969, 0.12488043866054091, 0.12006357562534105, 0.1156557638996875], [0.12139270645435347, 0.1005865896724541, 0.10847678249798125, 0.11377994072619993, 0.10241417986278636, 0.09222636190720232, 0.12499999999999999, 0.11956162991570295, 0.1165618089633195], [0.12187854200712456, 0.10005327511332528, 0.10901341908589762, 0.11409443656042832, 0.10188700978333104, 0.09197332241573025, 0.12500000000000003, 0.1200186208823136, 0.11608137415184945], [0.12251612555775432, 0.09924812684255531, 0.11018734829453727, 0.11477127229868336, 0.1010486854285494, 0.09169366561573966, 0.125, 0.12068972085054808, 0.11484505511163261], [0.12240411484703363, 0.09931279637547118, 0.11008529578176832, 0.11467245040168607, 0.10105027674177947, 0.09173530510637386, 0.12500000000000003, 0.12079934235682817, 0.11494041838905941], [0.12187719209261173, 0.09990565368704696, 0.10920618380495556, 0.11417367936754036, 0.10165209794009382, 0.09195734010999221, 0.125, 0.12027924770887577, 0.11594860528888362], [0.12164955565548098, 0.10023450125868738, 0.10881496871800649, 0.11389044236377652, 0.10195569547964661, 0.09214079692097514, 0.12476004389053964, 0.12022433077868235, 0.1163296649342049], [0.1211019706915635, 0.10080771489664211, 0.10812407645488115, 0.11344485452170132, 0.10248388598419746, 0.09237848640035623, 0.125, 0.11972952957488678, 0.11692948147577142], [0.12220592223460977, 0.09943087102832088, 0.10989748009613658, 0.11454350743911512, 0.10111859455939926, 0.09178439944579198, 0.125, 0.12086546111012164, 0.11515376408650477], [0.12177171338937683, 0.09998765038880977, 0.10905818583377619, 0.11404760559211619, 0.10169160544909649, 0.09200296019101123, 0.125, 0.12035387400054233, 0.11608640515527098], [0.12110573370229004, 0.10067402734385789, 0.10825274617837993, 0.11351960737151683, 0.10233499595165785, 0.09233704745706076, 0.125, 0.11994135545502352, 0.11683448654021317], [0.12095645334670087, 0.10106753185378217, 0.1078362549177038, 0.11320119791468679, 0.10269577234629021, 0.0924881027095184, 0.125, 0.11959310448357992, 0.11716158242773785], [0.12168184405437384, 0.10008000162020297, 0.10890625023880145, 0.11393102956484481, 0.10176236747282048, 0.09204463207729206, 0.125, 0.12037188872216069, 0.11622198624950368], [0.1218118550153994, 0.09966733267963819, 0.10958464703907109, 0.11434052070663195, 0.10129726596262063, 0.09190254046074209, 0.125, 0.12085532061565935, 0.11554051752023732], [0.12084287439681496, 0.10107755222122858, 0.10778575281774225, 0.11311770896205399, 0.1026194752460152, 0.09253816198066392, 0.125, 0.11974298168671034, 0.11727549268877076], [0.12088371052119931, 0.10098365405655745, 0.10794182468305104, 0.11324129501711148, 0.1025260655213747, 0.09254407899001595, 0.12475172903792289, 0.11993543202996425, 0.11719221014280293], [0.12217906798229601, 0.09942672007269907, 0.10996237771284947, 0.1144410662960478, 0.10094722947238505, 0.09188545212770627, 0.12499999999999999, 0.1211754910265797, 0.11498259530943654], [0.12201612742064669, 0.09953897868302274, 0.10972916824180881, 0.11433772813954443, 0.10106865523952081, 0.09187585502070597, 0.125, 0.12115234204365374, 0.11528114521109681], [0.12086749221768908, 0.10075420432638137, 0.10807016974412752, 0.11330733122314636, 0.10227127820859815, 0.09242808645117495, 0.12500000000000003, 0.1202498562909653, 0.11705158153791742], [0.12144012898726825, 0.10019452418469227, 0.10873148194954234, 0.11372307493029966, 0.10169331261854178, 0.0921329133703678, 0.12499999999999999, 0.12067954138887149, 0.11640502257041632], [0.1218060660196138, 0.09966761813225583, 0.10953369758283904, 0.1141975180976699, 0.10113924625336632, 0.09193498736187995, 0.125, 0.1212152789076331, 0.11550558764474206], [0.12130223022745468, 0.10033410266482924, 0.10851226453272449, 0.11355456850319055, 0.10180640813873225, 0.09220219745318128, 0.125, 0.12068211583803702, 0.1166061126418505], [0.1207250174735803, 0.10096837647435661, 0.10791328146631168, 0.11317735914129042, 0.10241829774920252, 0.09259651224706313, 0.12467493326418685, 0.12025501111999312, 0.11727121106401536], [0.12122682541793087, 0.10039229956252778, 0.10848893596029188, 0.11350373317936964, 0.10178507320064667, 0.0922679882767104, 0.12484219808627166, 0.12082634475937616, 0.11666660155687493], [0.12131684408357969, 0.10022839216296257, 0.1086976426184495, 0.11364634092934152, 0.10161557827355248, 0.09217707660941704, 0.125, 0.12086965961489236, 0.11644846570780482], [0.12055250183892799, 0.10110517708215827, 0.10761560579728491, 0.11290717167913501, 0.1024617820630894, 0.0926200623643795, 0.12500000000000003, 0.12022039167877702, 0.11751730749624803], [0.12137128214511667, 0.10011358068008898, 0.1089898146816455, 0.11383767643664053, 0.10149648130308772, 0.09217770259943718, 0.12480122598266158, 0.12101574440976391, 0.11619649176155782], [0.12049364397821202, 0.10120573259144293, 0.10750897762383241, 0.11280883639664016, 0.10253700005894882, 0.09267112762305067, 0.12499999999999999, 0.12015390733859829, 0.11762077438927458], [0.12171439469036753, 0.09971405168817299, 0.10945881626371666, 0.1140636983977842, 0.10106062158008021, 0.09199644068988629, 0.12500000000000003, 0.1214662256699331, 0.11552575102005914], [0.12085552847953454, 0.10073562029109852, 0.10804128091532805, 0.11316384923353912, 0.10205034506411623, 0.09247560878933103, 0.12479258239722732, 0.12078212121351721, 0.11710306361630787], [0.12074565143014149, 0.10077197552382465, 0.10793983854603154, 0.1131032699182082, 0.10208426134889564, 0.09246225538388002, 0.125, 0.12070991631318631, 0.11718283153583216], [0.12079109263579198, 0.10075846359123534, 0.10798070603570127, 0.11312479422341822, 0.10206647448429418, 0.09247040495180006, 0.12490230996545071, 0.1207532301993092, 0.11715252391299918], [0.12117904554781912, 0.10019333127435001, 0.10878948744570346, 0.11364028313334278, 0.10145545224268217, 0.09220826475998638, 0.125, 0.12118057379557046, 0.1163535618005456], [0.1210171461503637, 0.10046078994175628, 0.10831577448218682, 0.11331041632131447, 0.10169757649840577, 0.09230131914900074, 0.12499999999999999, 0.12108508664547202, 0.11681189081150012], [0.12103767557483165, 0.1004108430810858, 0.10840445728624587, 0.11336316768730642, 0.10162857673888272, 0.09228747555346738, 0.12500000000000003, 0.12113702317571776, 0.11673078090246249], [0.12201280914787173, 0.09966173844012065, 0.10942230657601915, 0.11391759073035236, 0.1008688941674455, 0.09199353235175164, 0.125, 0.12173023958932556, 0.11539288899711339], [0.12056817640810956, 0.10080306320116204, 0.10780493084655089, 0.1128484975775252, 0.10182142500353217, 0.09250555970615618, 0.125, 0.1213355440246625, 0.11731280323230148], [0.12003077765826294, 0.10133663537041859, 0.10723005690276476, 0.11247542664308832, 0.10229797097665629, 0.0927851998601968, 0.12499999999999999, 0.12087843701547045, 0.11796549557314175], [0.12074493363887509, 0.10057080466184504, 0.10816381537488858, 0.1131007209024774, 0.1015872739997525, 0.09240247070926669, 0.125, 0.12146431800251306, 0.11696566271038165], [0.12057880016770868, 0.1007539921966005, 0.1078667111769884, 0.11287635545995867, 0.1017325861636798, 0.09248434885686921, 0.12500000000000003, 0.12145351100930404, 0.11725369496889079], [0.12211785966631354, 0.09974699744561061, 0.10910302227716837, 0.11363239034187876, 0.10080216371318303, 0.09198853115876875, 0.125, 0.12199507051194747, 0.11561396488512947], [0.12009115550526023, 0.10117800099458135, 0.10735857033470264, 0.11252800461810107, 0.10207526267279442, 0.09271753543644963, 0.12500000000000003, 0.12123797661780672, 0.11781349382030404], [0.12000933736814451, 0.10123047448132468, 0.10728820070759071, 0.11246159439732781, 0.10208259883676135, 0.092749899462354, 0.12499999999999997, 0.12128641407796542, 0.1178914806685313], [0.1202010209989296, 0.10105927409260705, 0.1074341906330871, 0.11250778536038622, 0.1018726084856501, 0.0926702412461477, 0.125, 0.12157024914801645, 0.11768463003517575], [0.12065406022115432, 0.10058723005011326, 0.10813425806666759, 0.1129963096687718, 0.10144272537461703, 0.09244880923742664, 0.12500000000000003, 0.12177236532353931, 0.11696424205771015], [0.12051780003315048, 0.1007061568432883, 0.10806386866809763, 0.11294546860408228, 0.10154499465382363, 0.0925459988534792, 0.12480882073792747, 0.12177057665563584, 0.11709631495051516], [0.11979203758511507, 0.10141320171561617, 0.1071158168128646, 0.1122702217744639, 0.10209742051621792, 0.09290201014189153, 0.12475517340803416, 0.1215280830972745, 0.11812603494852214], [0.12150352688501789, 0.10022306432563359, 0.10832690199328548, 0.11306599614073182, 0.10103570761015085, 0.09218112685342258, 0.125, 0.12215767056828265, 0.11650600562347511], [0.12028853173101306, 0.10084965294784608, 0.1077262152126287, 0.11265093552912739, 0.10155543205394055, 0.09258781433155304, 0.125, 0.12195815218497211, 0.11738326600891906], [0.12002777402311401, 0.10113991445280554, 0.10730443019826887, 0.11233595638451344, 0.10180280402982904, 0.09273167985206895, 0.125, 0.12183863795655088, 0.1178188031028493], [0.11955216783890732, 0.10161559561155663, 0.10692880491721977, 0.11206691075161875, 0.10212423725149977, 0.0930689643661123, 0.12449695161931862, 0.121764410370429, 0.1183819572733378], [0.12150025995069032, 0.10040281828789155, 0.1080874770341559, 0.11283891012475758, 0.10107146354260066, 0.09230415121850186, 0.12472446906118877, 0.12231337840337196, 0.11675707237684142], [0.12180580487120049, 0.10027797845125255, 0.10796531115199347, 0.11269049976360944, 0.10085650955571202, 0.09215936989517073, 0.125, 0.12256706422366463, 0.11667746208739667], [0.12232781018248877, 0.10014848383091111, 0.10825111431458653, 0.11285928507797173, 0.10075517221019903, 0.09216348277467495, 0.12443950757698707, 0.12272380324202822, 0.11633134079015245], [0.11907945228644971, 0.10192573350100577, 0.10636876995439576, 0.11156152625244346, 0.10218865913880303, 0.0931601430362811, 0.12499999999999999, 0.12178419126674275, 0.11893152456387827], [0.12174839240281264, 0.10035837685090199, 0.10782631375966308, 0.11256855187705105, 0.10086990369253332, 0.09219990551259016, 0.12499999999999999, 0.12261481122583984, 0.1168137446786078], [0.1198535339431047, 0.10130661780524504, 0.10691771541184308, 0.11190761758323756, 0.10162025948671309, 0.09282492151452158, 0.125, 0.12243114886798764, 0.1181381853873473], [0.12197425973140788, 0.10030312270829998, 0.10777707975896333, 0.11249148811032969, 0.10075591423055906, 0.0921476012935202, 0.125, 0.12279560785139504, 0.11675492631552481], [0.11904680225289756, 0.10181696659453167, 0.10642662808924165, 0.1115679602402815, 0.10198112343157102, 0.09313946644363107, 0.12499999999999999, 0.12220393752407968, 0.11881711542376573], [0.12053518613006321, 0.10113515810065818, 0.10718376305170363, 0.11208195102338712, 0.1014359500809, 0.09276285436570243, 0.12441594931185537, 0.12260937704737829, 0.11783981088835178], [0.12117178718346382, 0.10072898817724557, 0.10738280564057213, 0.11221895706698995, 0.10107878663017981, 0.09242344854683635, 0.12500000000000003, 0.1226117381958559, 0.1173834885588566], [0.12209480739109657, 0.10035158434986784, 0.10766959651092362, 0.11236952613427195, 0.10071627781418699, 0.09218219708683482, 0.12484120962299546, 0.12296008230329024, 0.11681471878653252], [0.12222239481240134, 0.10030876262607862, 0.10766965442572389, 0.11235169022175895, 0.10065660778687661, 0.09214901078353915, 0.12484639403662282, 0.12303915456190141, 0.1167563307450972], [0.12172454266446465, 0.1005708984276998, 0.10737915106119679, 0.11214459474420943, 0.10082889076973202, 0.09230102666968641, 0.12500000000000003, 0.12287135935159127, 0.11717953631141972], [0.12237370038888037, 0.1002557474636275, 0.1075866061180409, 0.11225570796167557, 0.10054892489347723, 0.092082957661384, 0.12500000000000003, 0.12317353366955894, 0.1167228218433556], [0.1211427149317505, 0.10089236134039226, 0.10703809769422662, 0.11188461229961208, 0.10103671619316083, 0.09250376428963307, 0.12490837975914076, 0.1229301461238969, 0.11766320736818711], [0.12240591363049441, 0.10029952881804932, 0.10745748297010956, 0.1121289166831301, 0.10051582488486177, 0.09209755872522357, 0.12500000000000003, 0.12329075495322725, 0.1168040193349041], [0.1196465000215996, 0.10161094133559738, 0.10633563851652009, 0.11137372759736652, 0.10158838892098876, 0.09298047938875816, 0.125, 0.12280533745690232, 0.11865898676226717], [0.12109416125305866, 0.10092210449610148, 0.10693599948447904, 0.11179314869642609, 0.10102027057743274, 0.09250344041807426, 0.125, 0.12299216418239824, 0.11773871089202949], [0.11915078290775961, 0.10189744125220351, 0.10616168359031014, 0.11124887525613995, 0.10179106558350458, 0.09319085822022083, 0.12482376839037487, 0.12272964446736113, 0.11900588033212522], [0.12015540151606903, 0.10138826446355437, 0.10645024205599404, 0.11141551534669533, 0.10134997426446961, 0.092804476934409, 0.12500000000000003, 0.12302552089395793, 0.11841060452485078], [0.1193101098761506, 0.1018295800378908, 0.1060691045365523, 0.11114579711246396, 0.10165971035890523, 0.09310668732077465, 0.12500000000000003, 0.12288666841943903, 0.11899234233782356], [0.12157806033618922, 0.10084515731935471, 0.10690966055792034, 0.1116997542385537, 0.10083017553747903, 0.09246003451620398, 0.1248471957441751, 0.12322535745091472, 0.11760460429920928], [0.12054239381825321, 0.10133862639944961, 0.10649367956584067, 0.11140599254151114, 0.10122701831544613, 0.09279533655438243, 0.1246459151895892, 0.12324202324879188, 0.11830901436673583], [0.11962821570107257, 0.10172467150192208, 0.10605556691028813, 0.11109668351070066, 0.10151203453459247, 0.09302402280770687, 0.125, 0.12307282061016793, 0.1188859844235493], [0.12132849167609136, 0.1009661991068027, 0.10665295121883203, 0.1114829876127688, 0.10084729935832704, 0.09249905038893103, 0.12500000000000003, 0.12337470188728515, 0.117848318750962], [0.12156353529448347, 0.10087586200379342, 0.10673587354030156, 0.11153429545955104, 0.10076813594239985, 0.09244570911516607, 0.12499999999999999, 0.12337511079193055, 0.11770147785237393], [0.12136024139776803, 0.1009762619619433, 0.10660512654686294, 0.11143091924592675, 0.100821226436201, 0.09250106169640117, 0.12499999999999999, 0.12343728598657142, 0.11786787672832524], [0.11950845271884648, 0.10191161676817337, 0.10585592773221228, 0.11089949643791017, 0.10154440176030799, 0.0931617957952337, 0.12473924899288476, 0.12324450336083524, 0.11913455643359612], [0.12197264038421755, 0.10083936627718065, 0.10683790687988194, 0.11156496745754947, 0.10069190308704866, 0.0924800976628213, 0.12462816051256166, 0.12345174311071876, 0.11753321462802], [0.12084228882267146, 0.10138748299242077, 0.10628593417909551, 0.11115314100797598, 0.10106344259114884, 0.0928248222072732, 0.12443991289309846, 0.12362369551826399, 0.11837927978805178], [0.12434114619116028, 0.10873379963040766, 0.10725559032628361, 0.11375771383756585, 0.11107196396075672, 0.09908677750432682, 0.11224023958492853, 0.11229950576459816, 0.11121326319997221], [0.12442567652087674, 0.10881241168146487, 0.10719530520562591, 0.11370191622797725, 0.11110889167579326, 0.09915551004462679, 0.11215899885841012, 0.11225774134414133, 0.11118354844108372], [0.12441533462135894, 0.10806232508694402, 0.10724796645768854, 0.11372773022033936, 0.11039361808075678, 0.09838796583830547, 0.11303384976903119, 0.1129453033321622, 0.11178590659341349], [0.12435375355666298, 0.10754004525474883, 0.10733831476694027, 0.11377824668442377, 0.10993558375682123, 0.09787553203034688, 0.11364402436364926, 0.11338045973481427, 0.11215403985159257], [0.125, 0.1092584906858718, 0.10666820841899793, 0.11319411464517573, 0.1111420736988093, 0.09951573435078727, 0.11180539670673578, 0.11220371737666868, 0.11121226411695348], [0.12419048737030379, 0.11016911550788303, 0.10657706498953591, 0.1130387801636379, 0.11182126543317562, 0.1005086551721483, 0.11112015209201394, 0.11173259428639871, 0.11084188498490279], [0.12499999999999999, 0.10848172670461648, 0.10669897188752327, 0.1132122410258959, 0.11040465608248959, 0.09871272689377837, 0.11269369577262293, 0.11293535423577439, 0.1118606273972989], [0.12490098268759382, 0.1085533686759438, 0.10662326603800937, 0.11312925457855574, 0.11039103600623325, 0.09878259336294731, 0.11269478117856688, 0.11299238451298596, 0.11193233295916374], [0.125, 0.10739523087367346, 0.10672157833475344, 0.11316125021913999, 0.10936568958950872, 0.09762155001559285, 0.11399716646826462, 0.1139710552489599, 0.11276647925010701], [0.125, 0.10870747243090965, 0.10643102897926962, 0.11293903947424352, 0.11037779642346639, 0.09891246699770559, 0.11260715970620888, 0.11302622307017837, 0.11199881291801798], [0.1247787069375867, 0.10758664021272187, 0.1065662862558283, 0.11299870384049994, 0.10939087065290926, 0.09781038317276707, 0.11393640092903316, 0.1140500573231679, 0.11288195067548583], [0.1246919191137199, 0.10793325439246658, 0.10650216465990409, 0.11295308640783475, 0.10965585970488155, 0.09815469302214483, 0.1135857669415286, 0.11382157363032123, 0.11270168212719846], [0.125, 0.10819007349033709, 0.10635764101046226, 0.11283838194487411, 0.10981638728124814, 0.0983788604597519, 0.11326261039048763, 0.11361740395028079, 0.11253864147255808], [0.12484016948609586, 0.11075662476231986, 0.105753613287966, 0.11220420247863011, 0.11161604682936803, 0.10098733468736258, 0.11083474046871739, 0.11188490004902664, 0.11112236795051353], [0.12499999999999999, 0.11090395217709204, 0.10563623366255195, 0.11208432088761829, 0.11165150337215715, 0.10112186794654894, 0.11070435565154908, 0.11181849983171746, 0.11107926647076494], [0.12439157743846799, 0.10952731124119504, 0.1059329975524983, 0.11239161045339535, 0.11058870678279924, 0.09974079877405259, 0.11220735246843981, 0.11305333314860334, 0.1121663121405483], [0.12378445489861307, 0.10691224644290498, 0.1063699207954