[[0.11539774983991168, 0.10993296240008303, 0.09723118710208573, 0.11791163476965306, 0.12293888645832322, 0.10645232006161282, 0.1006977376181176, 0.12471531917555456, 0.10472220257465832], [0.11603861345684134, 0.11015100450563073, 0.09627729726866067, 0.1184612851897597, 0.12351202034366979, 0.10624927905362083, 0.10018448912670781, 0.12487530814756514, 0.10425070290754399], [0.11540936656509655, 0.1099680636265315, 0.09728483016277943, 0.11777844242157007, 0.12277394778049444, 0.1064415535254584, 0.10079787606881908, 0.12484177959933161, 0.10470414024991892], [0.11553660578873241, 0.1100127450427365, 0.09710518169841931, 0.1178625711544692, 0.12294289253323291, 0.10640866129952885, 0.10069962503581217, 0.12481067547810697, 0.10462104196896148], [0.11609859843503537, 0.11018951486155698, 0.09623126037073365, 0.11844340071222077, 0.12341185477935883, 0.10622321213385183, 0.1002035920113066, 0.125, 0.10419856669593595], [0.1160043664060109, 0.11019980133290276, 0.09650334263923548, 0.11827992331998073, 0.12328453426160024, 0.10629627806826321, 0.10040949378315864, 0.12469846845380611, 0.10432379173504192], [0.11548522753665363, 0.11000308489866405, 0.0971835870987244, 0.11774690508089987, 0.12277876075204926, 0.10639996264092604, 0.10077607819553219, 0.125, 0.1046263937965506], [0.11559097796122209, 0.110090717973026, 0.09717636877879132, 0.1177330794873981, 0.12273058154799925, 0.1064078497009639, 0.10085171336786934, 0.12481771461802893, 0.10460099656470107], [0.11525564231633277, 0.11000084043819858, 0.09770748378128245, 0.11737028662320857, 0.12215535484165578, 0.10649551639409226, 0.10119796801846244, 0.125, 0.10481690758676715], [0.11587331309745844, 0.11021067405664563, 0.09680638771924503, 0.11790393024255041, 0.12281557821476854, 0.10630078790847923, 0.10071637236158394, 0.125, 0.10437295639926877], [0.11640125964664506, 0.11046349204827403, 0.09628606704252103, 0.11837069504453299, 0.12305887325376458, 0.10625755989948209, 0.10050043813140729, 0.12451749704875738, 0.10414411788461551], [0.11533383908384226, 0.11006968754986662, 0.09771097383541898, 0.11733171531558123, 0.1221264891832858, 0.10650510277840766, 0.10126409263832806, 0.1248559167571861, 0.10480218285808328], [0.11625440006862307, 0.11041164029913185, 0.09647578673503424, 0.11818448407137072, 0.122867004091298, 0.10627141926149905, 0.10062254907546485, 0.12470221826225295, 0.1042104981353253], [0.11608575931628279, 0.11034629044339553, 0.09666105302350263, 0.11794938706386718, 0.1226906456305422, 0.1062628537043498, 0.10074953269788037, 0.125, 0.10425447812017952], [0.11670433475675501, 0.11057145012268298, 0.09580103583756575, 0.11847149587746131, 0.12325015044982005, 0.10607827801595665, 0.10030618708107662, 0.125, 0.10381706785868168], [0.11581309001013229, 0.11028006782188725, 0.09714558009905742, 0.11767880277523132, 0.12248765825154419, 0.10639052689298169, 0.10103559685975007, 0.12466532691088753, 0.10450335037852823], [0.11662473472746633, 0.110576130938685, 0.09601850241688865, 0.11836843838327113, 0.1230953200761489, 0.10614435228790817, 0.1004615358117416, 0.12478358742013682, 0.10392739793775341], [0.11643619344182769, 0.1105226223179301, 0.0963234811198612, 0.11818461244016899, 0.12282550599563659, 0.10621322194386372, 0.1006425711735573, 0.12477508238034675, 0.10407670918680766], [0.11531027122420445, 0.11013036484029888, 0.09790605282575834, 0.11711076880989434, 0.121814685454124, 0.10653413818192935, 0.10149502879329961, 0.1248584594718753, 0.10484023039861572], [0.11633118432250526, 0.11048172269087336, 0.09644195008429898, 0.11805444638255018, 0.12264491561473492, 0.10621488739704743, 0.10071797022040119, 0.125, 0.10411292328758867], [0.11591097720211258, 0.11033829978320671, 0.097040402638817, 0.11765741932961567, 0.1223798697598732, 0.10633668506613791, 0.10104653095686186, 0.1248880209324782, 0.10440179433089689], [0.11629936482950634, 0.11049388381772166, 0.09655659867718988, 0.11799427540397488, 0.12254809831033284, 0.10624966591583283, 0.10080998433703468, 0.12488128624565106, 0.10416684246275584], [0.11525876083576357, 0.11011379994386956, 0.09796584470935213, 0.11703566086188183, 0.12170333642523631, 0.10653022402419064, 0.10154245542837816, 0.125, 0.10484991777132782], [0.11616831748273114, 0.11046733665926788, 0.09679094443608594, 0.11783432442102443, 0.12242971311229535, 0.10629925466924146, 0.10096757782133461, 0.12477147539663062, 0.1042710560013886], [0.11595229445349686, 0.1103678746475046, 0.0970055594002767, 0.11763167160569268, 0.12230496645644406, 0.10631324913928801, 0.10106678857677552, 0.125, 0.10435759572052156], [0.11564833505234813, 0.11029096917155154, 0.09752208848087054, 0.11731985268473885, 0.12200014474078126, 0.10643996365890877, 0.10137611374273293, 0.12479046340088316, 0.10461206906718483], [0.11544119569472665, 0.1102327411519589, 0.0978633193753401, 0.1171230895790439, 0.12177370613535106, 0.10652815828394913, 0.10156719473152097, 0.12468319049957063, 0.10478740454853867], [0.1165614238179369, 0.11061629432769178, 0.09623533806311421, 0.11807919158493006, 0.12269375799776894, 0.10614605082536897, 0.10071855093273512, 0.125, 0.10394939245045401], [0.11623144242982086, 0.11052020371879884, 0.09676847859022843, 0.11779764465646503, 0.122309533425723, 0.10628201963693847, 0.10101768553731603, 0.12484572430733204, 0.10422726769737732], [0.11559907051448465, 0.11028727545575415, 0.09761681109350064, 0.11723196929976587, 0.12188214198013633, 0.10645269641030548, 0.1014551614018261, 0.12483301916724644, 0.10464185467698034], [0.11584541459138466, 0.11039495595654501, 0.09734337603128372, 0.1174493682445823, 0.12208056093405327, 0.10641399295676111, 0.10133157366066871, 0.12462498347301927, 0.10451577415170213], [0.11602746819138267, 0.11044766177783465, 0.09704252429472035, 0.11760161161777023, 0.12218949318043515, 0.10633088242057005, 0.10116904794193018, 0.12483795379732268, 0.10435335677803405], [0.11616785622818555, 0.11049681902242438, 0.0968336674619733, 0.11770149476217014, 0.12222188394413838, 0.10627371017637198, 0.10106841943002783, 0.12499999999999997, 0.10423614897470829], [0.11529566584128735, 0.110217375949881, 0.09815000360043896, 0.11690734011458659, 0.12147055496742248, 0.10658665456241306, 0.10178053421291983, 0.12468987592839002, 0.1049019948226607], [0.11566709738642153, 0.11032518657551985, 0.09753053173868358, 0.11722121204468909, 0.121828657422931, 0.10640986178769671, 0.10145362092031604, 0.125, 0.10456383212374219], [0.1153336013850449, 0.11024142594885987, 0.09811519087737194, 0.11690989480638846, 0.12152387124172986, 0.10657252772186109, 0.10178626621014121, 0.12464633042995187, 0.10487089137865083], [0.11635811780076297, 0.1106097292186582, 0.09667062043263368, 0.11774206110614431, 0.1222088426413102, 0.10622762309939059, 0.10106855381519661, 0.125, 0.10411445188590342], [0.11612520327139296, 0.11054310941582951, 0.0970583031204438, 0.11756131202122849, 0.12203659948164573, 0.10633714335987995, 0.10127845518624136, 0.12473334565367178, 0.10432652848966656], [0.11576867769948343, 0.11039608665098546, 0.09748625957128489, 0.11726292585905616, 0.12182725723051814, 0.10641308114991019, 0.10148002832482286, 0.12483148767788377, 0.10453419583605505], [0.11682920599965409, 0.1107726998396261, 0.09597833349003285, 0.11806534320957843, 0.12285114830963101, 0.10604758566140486, 0.10072027446350038, 0.12499999999999997, 0.10373540902657213], [0.11625604659132, 0.1106040674799132, 0.09690673771782976, 0.11763067109227486, 0.12207425770575185, 0.10629902523816429, 0.10122796764829241, 0.12476529031962398, 0.10423593620682964], [0.1166097898365938, 0.11071713151502155, 0.09634395424133457, 0.11786117507246739, 0.12247404591896943, 0.10613430719170941, 0.10094501124689217, 0.125, 0.10391458497701164], [0.11641389802209985, 0.11066603121061976, 0.09668487905294394, 0.11771425154851099, 0.12217224448617178, 0.10623349136444943, 0.10113546224815122, 0.12487765671564525, 0.10410208535140777], [0.11563705633793137, 0.11037863804810731, 0.0977213328589557, 0.11705845284782285, 0.12179168487237034, 0.10644884179719637, 0.10166437601747258, 0.12468383631025942, 0.10461578090988406], [0.11622105045797554, 0.11059275580314931, 0.09685384696104399, 0.11741364582895229, 0.12234556734959605, 0.1061901866752096, 0.10127959670574475, 0.12500000000000003, 0.10410335021832862], [0.11528638813703788, 0.1102411831325996, 0.09810702238448236, 0.1166616747133784, 0.12188440682163916, 0.10647104852345708, 0.10189123261579848, 0.12471124241769958, 0.10474580125390744], [0.11703363056616643, 0.11095223008973064, 0.09590967274452888, 0.1178890629664228, 0.12274216358748077, 0.1059881630047346, 0.10089696789683061, 0.125, 0.10358810914410527], [0.11710030268714705, 0.1109887129674109, 0.09585731925878738, 0.11792439549684093, 0.12280430230503078, 0.10598478808227292, 0.10088404331308318, 0.12489384031054987, 0.10356229557887701], [0.1154019999642262, 0.11026597910052052, 0.09786647063697496, 0.11673256901692296, 0.12198669194186863, 0.106381005416483, 0.1017694314522412, 0.125, 0.10459585247076252], [0.11685394379681163, 0.11091531977926493, 0.0962635695029178, 0.11778628993908936, 0.12254328044339076, 0.10610722709224875, 0.10109637568333994, 0.12463830079188594, 0.1037956929710509], [0.11646596631090658, 0.11072211075868572, 0.09661691017493979, 0.11752251114871802, 0.122541309931772, 0.10613975341691226, 0.10122541243288315, 0.1248061250567063, 0.10395990076847621], [0.11698542074595283, 0.1109602532788077, 0.09604735982890437, 0.11782563902799767, 0.12263068982668364, 0.10603049089639148, 0.10100203195634294, 0.12486228453869383, 0.1036558299002255], [0.11584387272474275, 0.11045588879506926, 0.0973392165722123, 0.1170623205382574, 0.12215761775850016, 0.10627244422397593, 0.10154695589930561, 0.125, 0.10432168348793662], [0.1155014815625741, 0.11032657207453264, 0.09779597906469727, 0.11678564529810355, 0.1220724850833151, 0.10637418993683859, 0.10176936035572427, 0.12481935820725282, 0.10455492841696165], [0.1163867537149975, 0.11069658846088849, 0.09668040806346351, 0.1173702288336609, 0.12266623057778898, 0.10610924951711843, 0.1012981113859231, 0.12484991743060896, 0.1039425120155501], [0.11645820338751017, 0.11071755916202915, 0.09654901225196774, 0.11739545776060373, 0.12272482337870508, 0.10606004577670791, 0.10123769794159952, 0.125, 0.10385720034087673], [0.11676192922432993, 0.1108691835836476, 0.09624273616226202, 0.11754680327327087, 0.12282994623193466, 0.10600119725206042, 0.10114232268905134, 0.12492060082493385, 0.10368528075850927], [0.11625832943249034, 0.11063645007175102, 0.09678171793847744, 0.1172326882259852, 0.12267585576128397, 0.10609607661332333, 0.1013548398984922, 0.12500000000000003, 0.10396404205819665], [0.11693164531093111, 0.11096660167568478, 0.09612363903360559, 0.11763798057622542, 0.1228248497902326, 0.10599939580953521, 0.10112168514323376, 0.12476562470457998, 0.10362857795597152], [0.11616014796435113, 0.11061252013445527, 0.09695249933515517, 0.11715191046162159, 0.12262630023039157, 0.10614383773178607, 0.10145459394227552, 0.12484415624429064, 0.10405403395567303], [0.11561851166425811, 0.110389306043547, 0.09762048948589215, 0.11675581774798258, 0.12232811764598636, 0.10628483086711057, 0.10175528246095776, 0.12484854364570958, 0.10439910043855585], [0.11678453126547259, 0.11087915827737362, 0.09618976390789243, 0.11751510340605563, 0.12289577900587104, 0.10596719389469482, 0.10113493226992464, 0.12499999999999997, 0.10363353797271509], [0.11605870814983485, 0.11057718339404206, 0.09709085986945054, 0.11706618839462218, 0.12256191007377013, 0.1061726183708807, 0.10152942380351768, 0.1248220818025639, 0.10412102614131798], [0.11601248514890036, 0.11056248766635828, 0.09715221570025005, 0.1170168168873323, 0.12254116861014427, 0.10618144350221363, 0.10156806932798731, 0.12481976451934096, 0.10414554863747286], [0.11591178960570507, 0.11050908811177568, 0.09723132919059856, 0.11693996695532813, 0.12245498350932285, 0.10618235338327636, 0.10159271648997012, 0.125, 0.10417777275402325], [0.11572553513733476, 0.11044505883802493, 0.09749555711127697, 0.11678760851948089, 0.12243308087166835, 0.10624390710564562, 0.10173121165601043, 0.1248264579209422, 0.10431158283961582], [0.11637741408400744, 0.11070161526474441, 0.09662196312186588, 0.11720441621335845, 0.12290501172877391, 0.10602180533776809, 0.1013398260755075, 0.125, 0.10382794817397434], [0.11612245197199865, 0.11059645940067644, 0.09694296295181676, 0.11704370000793748, 0.12271511685837254, 0.10609656829408767, 0.10148071262855972, 0.125, 0.1040020278865507], [0.11563148293371044, 0.11039186669668817, 0.09753931150010588, 0.11668718707795571, 0.12247505564875145, 0.10621952206034163, 0.10174750350124531, 0.125, 0.10430807058120138], [0.11652360012169169, 0.11077052186840092, 0.09644693693483941, 0.11725951527388107, 0.1230241254961484, 0.10597275833076039, 0.10128404405097657, 0.12500000000000003, 0.10371849792330172], [0.11620022265862344, 0.11064469692561264, 0.09688219371394141, 0.11706459360431712, 0.1228220597738461, 0.10608379928936032, 0.10148286120313649, 0.12485971351030468, 0.10395985932085781], [0.11607525977737437, 0.11060519061908539, 0.0970557899078405, 0.11694610250263701, 0.1227561211374343, 0.10611629245956831, 0.10158652660738195, 0.12482124800766818, 0.10403746898101003], [0.1159263140032322, 0.11053235040767018, 0.09718472280075427, 0.1168212796803906, 0.12268870932844804, 0.10611972371240193, 0.10164024954502468, 0.125, 0.1040866505220781], [0.11621303700134733, 0.11066224929121607, 0.09680220919509554, 0.11691878703890589, 0.12305396693306711, 0.10599588799314844, 0.10151754834161515, 0.125, 0.1038363142056045], [0.1156937394932159, 0.11046371206606036, 0.09749657542602116, 0.11655761306670544, 0.12282593986266623, 0.10616170652169567, 0.1018477821047284, 0.12474915367029854, 0.1042037777886083], [0.11578679992677428, 0.1104953416897696, 0.09730027026524428, 0.11654865366683909, 0.12296473142026478, 0.1060688193022514, 0.10178200775094023, 0.125, 0.10405337597791633], [0.11692959741568064, 0.1110162140938657, 0.09597075132628294, 0.1171352617062253, 0.12360088344259025, 0.10576179712417448, 0.10127926704544463, 0.125, 0.10330622784573606], [0.11587306968367521, 0.11055023591253188, 0.09724328733166968, 0.11658532105737432, 0.1230312266442533, 0.10606441603791045, 0.10178632044077117, 0.12484660240228478, 0.10401952048952923], [0.11687246730217879, 0.11102165736460778, 0.09606218867210255, 0.11699894894241389, 0.12380293519885292, 0.10575688137121063, 0.10138874264607099, 0.12478520723939299, 0.10331097126316947], [0.11575511458683817, 0.1105133721757128, 0.09736930019712836, 0.11642542720000026, 0.12316754703277458, 0.10606010432234901, 0.1018861118410573, 0.12477910038333127, 0.10404392226080827], [0.11652426995342169, 0.11083871976069287, 0.09636673635440199, 0.11681703799086332, 0.12371835942584555, 0.10579146019385433, 0.10147973019671341, 0.12499999999999997, 0.1034636861242067], [0.11624386712151001, 0.11075265332880635, 0.09684574597422764, 0.11668654346886201, 0.12341439427313593, 0.10595046512654797, 0.1017148028051914, 0.12463972326955618, 0.10375180463216252], [0.11649950444987314, 0.11084059592047256, 0.09641535149248343, 0.11677219066852301, 0.12375058096034515, 0.10579852779101893, 0.10152579522775161, 0.12491956369459496, 0.10347788979493697], [0.11578258997619005, 0.11054613249489176, 0.09735384754195252, 0.11637473759211937, 0.12330789531889529, 0.10604006773716965, 0.10192953213309022, 0.12466069288387663, 0.10400450432181438], [0.11609103923438358, 0.11069392022602309, 0.09692229303296207, 0.11643197742851977, 0.12362228796323815, 0.10588396320556835, 0.10181270616822263, 0.12483904033002063, 0.10370277241106174], [0.11615993426333482, 0.11071938760166108, 0.0967951588594138, 0.11643723605030917, 0.12367817243525916, 0.10583136961559579, 0.10176591414035817, 0.125, 0.10361282703406798], [0.11586918955607362, 0.11058368920076542, 0.09711621265687123, 0.11626914977529614, 0.12359474854351345, 0.10589582781159164, 0.10188756016382972, 0.125, 0.10378362229205877], [0.12357602351693926, 0.11508024636400253, 0.11189635046196247, 0.1030515196822916, 0.10051206177791804, 0.11646331537465025, 0.12499999999999999, 0.09304610399271107, 0.11137437882952468], [0.12326882472699681, 0.11629376284313418, 0.11117858047419873, 0.10357220426513776, 0.10106531889156876, 0.11595819299812186, 0.12440804754427996, 0.09325293141637128, 0.11100213684019064], [0.12348759651119291, 0.11572222598408571, 0.1115308950574354, 0.10328026718133261, 0.10081144221919637, 0.11617590452872809, 0.12463808606959424, 0.09316636910020366, 0.11118721334823099], [0.12350341143676086, 0.11510385710814011, 0.11187391427235635, 0.10307158245713285, 0.10058391405453983, 0.11642401092937738, 0.12494705688131615, 0.09314155933682038, 0.11135069352355623], [0.12346011709328399, 0.11513701850212843, 0.11183257996397288, 0.10307410279794088, 0.10062257440960878, 0.11637926554185117, 0.12499999999999999, 0.09318210195040327, 0.1113122397408105], [0.12332615418849652, 0.11498921252303608, 0.11196933040701812, 0.10311264685561279, 0.10070226349797433, 0.11644540303475823, 0.12466020388551602, 0.09337754193022683, 0.11141724367736121], [0.12316188123773071, 0.11601519881433744, 0.11123187211547679, 0.10339629533374775, 0.10102769639499456, 0.11587928749522436, 0.125, 0.0933393505236624, 0.11094841808482597], [0.1229784196741249, 0.11664427543131681, 0.11088570405075017, 0.10377745993357415, 0.10141601860329016, 0.11571766393043971, 0.12421484166937716, 0.09360033632635052, 0.1107652803807763], [0.12310294358411761, 0.11523464696537776, 0.11168815123722302, 0.10313430014725324, 0.10092822482641861, 0.1161623182849657, 0.12499999999999997, 0.09358656354798642, 0.11116285140665744], [0.12304312290412812, 0.1155848369373535, 0.11141792151395342, 0.10327020890377943, 0.10110405568688466, 0.11593575541398649, 0.125, 0.09366979265832402, 0.11097430598159037], [0.12292728975463708, 0.1155830393872697, 0.11138821555594942, 0.1032966179745927, 0.10119309166072409, 0.11587757675430484, 0.125, 0.09380195662327545, 0.11093221228924674], [0.12339167686941266, 0.11449931110915305, 0.11200484887685788, 0.10299059490147679, 0.10087583395882675, 0.11624466335202839, 0.12475548799043694, 0.09387615096387017, 0.1113614319779374], [0.12264178013753188, 0.11633932071799807, 0.110874972680178, 0.10361710859130197, 0.10153455062801536, 0.11545002994407004, 0.12499999999999999, 0.09392819101540692, 0.11061404628549769], [0.12229133363755314, 0.11723147140371684, 0.11018725816874164, 0.10399231027759062, 0.10194338537587772, 0.11511246663102384, 0.125, 0.09408555300536908, 0.11015622150012712], [0.12242570577704445, 0.11656724716389223, 0.11069353972075799, 0.10374118660900886, 0.10172474837180301, 0.11527423010889921, 0.125, 0.09409515399116003, 0.11047818825743422], [0.12266595955545408, 0.11535356554731041, 0.1114892956958794, 0.1032822661729641, 0.10129778241471803, 0.11587848007872578, 0.125, 0.09407056211950561, 0.1109620884154426], [0.12316092602350415, 0.11462853462600768, 0.11182896558181972, 0.10300829054727015, 0.10105184246773376, 0.11605467918830623, 0.12500000000000003, 0.09406757364470522, 0.11119918792065323], [0.12263390447599541, 0.11542422711437825, 0.11142730926690218, 0.10331531399828676, 0.10135364080764302, 0.11581989137902579, 0.125, 0.0941170156189753, 0.11090869733879329], [0.1223418778503743, 0.11652447174981782, 0.11067045692412003, 0.10374715111359034, 0.10182336967037262, 0.11520609392274875, 0.12500000000000003, 0.09426034690661396, 0.11042623186236226], [0.12217900865952533, 0.11684006486038216, 0.11044972588457996, 0.1038807610842685, 0.10196045951475462, 0.11509794979513616, 0.12500000000000003, 0.09430575162839828, 0.11028627857295509], [0.12304658047977902, 0.11461879317212906, 0.11175630807593313, 0.1030459694379153, 0.10119814959587406, 0.11592784792669157, 0.12500000000000003, 0.0942851906222792, 0.11112116068939873], [0.12261033799360373, 0.11512566434375032, 0.11148389566270558, 0.10326303202861462, 0.1014495718882684, 0.11575041180168238, 0.125, 0.09440243959340792, 0.11091464668796705], [0.12225441986459593, 0.11635856955769962, 0.11074164126264299, 0.10374877057814352, 0.10195091070853093, 0.11520474901473537, 0.12478150403495653, 0.09452848512691693, 0.11043094985177815], [0.1222941530529309, 0.11618691746880637, 0.1108171622921015, 0.10365078154404772, 0.10185177379965712, 0.1152670054904258, 0.12500000000000003, 0.09446605217018873, 0.11046615418184196], [0.12235564274197322, 0.11540494910193776, 0.11137725116363208, 0.10344290343660012, 0.1016618713273726, 0.11566606586780176, 0.12467113355039727, 0.09457812513516425, 0.11084205767512108], [0.1219298964645282, 0.11704947871840717, 0.11027877719797005, 0.10404983225503094, 0.10227190442747182, 0.1149156177899072, 0.12470673320798413, 0.09465954481642072, 0.1101382151222798], [0.12298293696247202, 0.11452346119092925, 0.11174379210907603, 0.10305595440265423, 0.10129439197840819, 0.1158502446039995, 0.125, 0.09445535551496632, 0.11109386323749448], [0.12227749854314295, 0.11579880943162997, 0.11105630972860588, 0.10353249827145902, 0.10176875053873316, 0.11542841408293543, 0.125, 0.09453580736817177, 0.1106019120353218], [0.12173846978082711, 0.11746880892427518, 0.10990222602912401, 0.10419990924056548, 0.1024750795681214, 0.11471089930222808, 0.1248952021362845, 0.09474811808987502, 0.10986128692869936], [0.12196425316447387, 0.1168040473220297, 0.11044727095562369, 0.10399180863317437, 0.10226972966744768, 0.11492312037333544, 0.12458993000524723, 0.09477685716248874, 0.11023298271617939], [0.12219034421506543, 0.11618124368750446, 0.11080988199145843, 0.10370215403914032, 0.10197152732036711, 0.11522396168719626, 0.1248318668905964, 0.09464399811002115, 0.11044502205865017], [0.1228370273545139, 0.11468143645454276, 0.11163971480313699, 0.10314787852261106, 0.10144958933334712, 0.11575862979963754, 0.12489657280823126, 0.09458069831838646, 0.1110084526055929], [0.12220487798617098, 0.11588778168451759, 0.1109902515747344, 0.1035967565471981, 0.10187746729994832, 0.11535557826655085, 0.12489048228908742, 0.09464537406279282, 0.1105514302889995], [0.12167638592892926, 0.1174456698916935, 0.1098842063058328, 0.1041903407180958, 0.10250647318808292, 0.11466229212877486, 0.12500000000000003, 0.09480369816122626, 0.1098309336773647], [0.1220203690637703, 0.116479260719957, 0.1105611162647175, 0.10381295654125564, 0.1021320223228351, 0.11500316945707603, 0.12499999999999999, 0.09472535155701256, 0.11026575407337579], [0.12273641030372458, 0.11473511818526601, 0.11156129138838558, 0.10317283033551, 0.10153195598474708, 0.1156784166554836, 0.125, 0.09464746927193576, 0.11093650787494737], [0.1226387167195085, 0.1147920213766302, 0.11149566934378292, 0.10321472146508068, 0.10163426505141471, 0.11560579773065903, 0.12499999999999999, 0.09474158591214563, 0.11087722240077823], [0.12198008292550051, 0.1160894572752708, 0.11076827869334768, 0.10370242700571307, 0.10210934922663538, 0.11512440803727227, 0.12500000000000003, 0.09485902805625927, 0.11036696878000116], [0.12182715085720397, 0.11664373724644228, 0.11043359032314665, 0.1039470612783507, 0.10237460347516958, 0.11485047103793188, 0.12478077961676422, 0.09498031386653745, 0.11016229229845345], [0.12142587952311303, 0.11776553479184684, 0.10956970428772386, 0.10435487452861655, 0.10281798577464246, 0.1144050355193557, 0.12499999999999999, 0.0950891885314482, 0.10957179704325325], [0.12246196556427892, 0.11500010319550298, 0.11135990349945601, 0.10330703564072193, 0.10177397149593945, 0.11550171812498546, 0.125, 0.0948282062675652, 0.11076709621155005], [0.1218989416557532, 0.11622011696735439, 0.11065960362887395, 0.10376441199667229, 0.10221198900342794, 0.11502159780726916, 0.12499999999999999, 0.09493737422872281, 0.11028596471192614], [0.1214352843938746, 0.11746714611091388, 0.10979689576293636, 0.1042530126428354, 0.1027326028236634, 0.11449113089896633, 0.125, 0.09510113644759771, 0.10972279091921233], [0.12129418638212183, 0.11827568948584978, 0.10914480324663121, 0.10455870980048321, 0.10306646640435624, 0.1141866806070536, 0.12499999999999999, 0.0952036251705367, 0.10926983890296733], [0.12183480420224314, 0.11639013893422455, 0.11053769638797382, 0.10383351455190906, 0.10230109629475041, 0.1149175958924806, 0.12499999999999999, 0.09498191124863503, 0.11020324248778328], [0.1221065448484578, 0.11540987257785326, 0.1111203020727377, 0.10348818098381377, 0.10200890733813718, 0.11532580844875942, 0.125, 0.09496183822586647, 0.11057854550437442], [0.12120061851126288, 0.11817796779407987, 0.10919183843339311, 0.10454544568165952, 0.10313621383334988, 0.11414024715087508, 0.12499999999999999, 0.09533168630590498, 0.10927598228947456], [0.12124121246622303, 0.11790688302589498, 0.10944516226266997, 0.10447793876299746, 0.10306948655967989, 0.11426254484028174, 0.12477329150389924, 0.09536289310606942, 0.10946058747228415], [0.12244943851060457, 0.11465530928826911, 0.11144487220805585, 0.10325255276058272, 0.10187777566749298, 0.11545308093021686, 0.125, 0.09505929600155397, 0.11080767463322394], [0.12230217048486938, 0.11500708137086933, 0.1112654765919846, 0.10336278644124286, 0.1019797493131567, 0.11535984581830977, 0.125, 0.0950512358982928, 0.11067165408127456], [0.12123717766652636, 0.11747811556399056, 0.1097257483786781, 0.10430454182468112, 0.10292318217909985, 0.11435333276327164, 0.12499999999999999, 0.09534190128567566, 0.10963600033807662], [0.12162339988017384, 0.11639449189744579, 0.11045090011461729, 0.10388692132982849, 0.10252919778911705, 0.11478445103512964, 0.125, 0.0952263400064814, 0.11010429794720648], [0.12211653033813472, 0.11521649829228045, 0.11112504231852202, 0.10345861562569375, 0.10213003617889604, 0.11524756647147372, 0.12500000000000003, 0.09514905085806329, 0.11055665991693611], [0.1215223131274205, 0.11664850192444493, 0.11027302354403026, 0.10399091151672543, 0.1026572760815304, 0.11463256383556178, 0.125, 0.09529127959633678, 0.10998413037394993], [0.12111176165788885, 0.11773797003191862, 0.10955292334216497, 0.10446119312089355, 0.10314244165020156, 0.11424691616684948, 0.12470434102639665, 0.09552795357163309, 0.10951449943205334], [0.12145441695448958, 0.11661825568524517, 0.11027971373961722, 0.10402060951496027, 0.10276195631032559, 0.11461079339880026, 0.12485739399499267, 0.09541999480597461, 0.10997686559559464], [0.1215104511041318, 0.11630542310602361, 0.1104579619447409, 0.10388862268016243, 0.10263627572302642, 0.11474995476025052, 0.125, 0.09536757510855974, 0.11008373557310457], [0.12096454904920238, 0.11803390748791359, 0.10922957842928052, 0.10454987957075018, 0.10331895992516775, 0.11402753553168321, 0.12500000000000003, 0.09561996534093306, 0.10925562466506943], [0.12153402610815245, 0.1159695462319625, 0.11071007403223722, 0.10380818140102091, 0.10256129664640523, 0.11493555224014607, 0.12482077649853426, 0.09540595574287997, 0.11025459109866138], [0.1209119919571561, 0.11821282140576594, 0.1090798068357417, 0.10462235474040847, 0.10341467561163399, 0.1139406041996684, 0.125, 0.0956723814864929, 0.1091453637631325], [0.12204504331459151, 0.11512778426578126, 0.11109843499176847, 0.10346977356072681, 0.10225871644050744, 0.11516427888085988, 0.125, 0.0953177712977933, 0.11051819724797136], [0.12116461018714149, 0.11715544384908273, 0.10990249777976428, 0.1042611139828823, 0.1030730382890355, 0.11430404041747744, 0.12481256319391887, 0.09560872401007046, 0.10971796829062691], [0.12107728799442455, 0.11728918665428294, 0.10977796739810013, 0.10428813159263849, 0.10310205194076541, 0.11424741149811915, 0.125, 0.09559150067026378, 0.1096264622514055], [0.12111322928745517, 0.11722802981806252, 0.10983286857314799, 0.10427722226124807, 0.10309530110402514, 0.11426954123379256, 0.12491172709700173, 0.09560619538614772, 0.1096658852391191], [0.121660164033899, 0.11601124423889506, 0.11054631411040569, 0.10379298526294659, 0.10265616928961599, 0.11476809045206321, 0.125, 0.09546387046137329, 0.11010116215080118], [0.12145725551179384, 0.11659655960611194, 0.11016650315521873, 0.10401080850171705, 0.10289679776896032, 0.11447084150494702, 0.125, 0.0955473177896751, 0.10985391616157601], [0.1215618801699523, 0.11645138419145142, 0.11023572571209954, 0.10395048486920896, 0.10285373082181151, 0.11451926568169084, 0.12500000000000003, 0.09553740499196531, 0.10989012356182033], [0.12232499295602102, 0.11486428086419748, 0.1111008389778969, 0.10339077538849076, 0.10230977647224378, 0.11507578546933353, 0.125, 0.09544295532941152, 0.11049059454240501], [0.12156769854701206, 0.11696579905700485, 0.10974741048948378, 0.10414547514034479, 0.1032292215946938, 0.11406689434573615, 0.12500000000000003, 0.09576368529938464, 0.10951381552634001], [0.12125465219541855, 0.11794978417940057, 0.10901544176344122, 0.10451129235953623, 0.10364368162041158, 0.11369650278539246, 0.125, 0.09592596344222344, 0.10900268165417598], [0.12185789324322913, 0.11646953415311276, 0.11003618374432739, 0.10394078125323969, 0.10302649001965411, 0.11429686695001548, 0.125, 0.09567925794159031, 0.10969299269483113], [0.121708113481709, 0.11681482108833588, 0.10980091940740742, 0.10407954882067384, 0.10319966472798159, 0.11409925634625015, 0.12500000000000003, 0.0957641727142869, 0.10953350341335531], [0.12243173045239068, 0.11498748743815562, 0.11089288433982074, 0.10343735597219222, 0.10249709939932623, 0.11487034553008042, 0.125, 0.09558354544508034, 0.11029955142295379], [0.12148124399627719, 0.11752448146506435, 0.10926712272794226, 0.10434801900301405, 0.10353971176427462, 0.11376447708232607, 0.125, 0.09591801597608177, 0.10915692798501969], [0.12153627974931158, 0.11756357908945558, 0.10919858840020083, 0.10435754463590646, 0.10359000826271707, 0.11370624657017243, 0.125, 0.09595127601537311, 0.10909647727686293], [0.12173342433846154, 0.11716519243693664, 0.10944155708343509, 0.10421337931200397, 0.10348236416443762, 0.11377214807793762, 0.12499999999999999, 0.09594240257342584, 0.10924953201336157], [0.12221157712659393, 0.1162432908254328, 0.11001356725159551, 0.1038450249969931, 0.10307677049842025, 0.11422040970616566, 0.12499999999999999, 0.0957682812273046, 0.10962107836749402], [0.12217919850669826, 0.11638081818681024, 0.10994720848673502, 0.10391935020755838, 0.10316542814036787, 0.11416575157333059, 0.12482817385833658, 0.09583132480953221, 0.10958274623063086], [0.12177031614146223, 0.11760848564572103, 0.10905442886122721, 0.10439142235297168, 0.10377573728178818, 0.11354528053592465, 0.12477969608907336, 0.09611705619130033, 0.10895757690053122], [0.12246982702757726, 0.11571290317522774, 0.11027375756953914, 0.10366756603530046, 0.10294417062174908, 0.11437663816144455, 0.125, 0.09578543222533178, 0.10976970518382996], [0.12225796291471071, 0.11657225319313029, 0.10968245149670847, 0.10396220548758246, 0.1033288802823863, 0.11391866630442722, 0.125, 0.09591518583921177, 0.10936239448184278], [0.12198387714881205, 0.11710525953530292, 0.10934009611175605, 0.1041797605107703, 0.10358479550869458, 0.11363360807420306, 0.12499999999999999, 0.09603813089051948, 0.10913447221994146], [0.12200765535174166, 0.11766987329310144, 0.1088918378839805, 0.10443437225001051, 0.1039770963663506, 0.11337297352382104, 0.12454775253393435, 0.09629355642747968, 0.1088048823695802], [0.12263136288951812, 0.11584487860964393, 0.11009972108994803, 0.10374415464760667, 0.10315019353531668, 0.1141972396153474, 0.12475524441139146, 0.09595610479136277, 0.10962110040986495], [0.12284873181592973, 0.11568697173682556, 0.11004913430512825, 0.10365166711328683, 0.10314011412836041, 0.1141156040870755, 0.125, 0.09596141896694237, 0.10954635784645139], [0.12299277837249416, 0.1153722598131747, 0.11031381008874115, 0.10362015112515711, 0.1030851543012673, 0.11429393714338094, 0.12450574021793832, 0.09604373015390313, 0.10977243878394338], [0.12211392628090323, 0.11812059731130578, 0.10828296214686985, 0.104527634627021, 0.1042916682383873, 0.11293944879044136, 0.125, 0.096424863222598, 0.10829889938247349], [0.12289253460852298, 0.11576620961756105, 0.10994334118453844, 0.10367953119186575, 0.10322756482038675, 0.114016028010495, 0.125, 0.09601903852715721, 0.1094557520394728], [0.12252590140633586, 0.11700912244071134, 0.10906644735460945, 0.10412570180380348, 0.10384567089490611, 0.11331063610347497, 0.12499999999999999, 0.09627289832792589, 0.1088436216682328], [0.123057845254462, 0.11565929669368828, 0.10993475085245474, 0.10364002271186272, 0.1032410958674483, 0.11397951721452294, 0.125, 0.09605576605756164, 0.10943170534799936], [0.12245661056897765, 0.11769889648500022, 0.10847348637630902, 0.10436239825932303, 0.10421522324772955, 0.11295748844206398, 0.125, 0.09643539994981205, 0.10840049667078448], [0.12281674736670052, 0.11663916007557085, 0.10934058112721018, 0.10405023393857012, 0.10378281294596253, 0.11351512770685601, 0.1244807460802937, 0.09633936391047272, 0.10903522684836325], [0.12300556549312713, 0.11618875173587084, 0.10954145553487576, 0.10380622341047574, 0.10349630810023469, 0.11367621954139322, 0.125, 0.09613774527731316, 0.10914773090670948], [0.12320695928173192, 0.11564659241012458, 0.10987353857212444, 0.10365516695085182, 0.10333460978706761, 0.11389810409076838, 0.1248604269122732, 0.0961539063549904, 0.10937069564006764], [0.12327866691374291, 0.11557749333919948, 0.10988776096854834, 0.10363009208476144, 0.10332473533784893, 0.11389664953519875, 0.12486515661975685, 0.09616167671563018, 0.1093777684853131], [0.12324511540568885, 0.1159007802640422, 0.1096096471782681, 0.1037142675287146, 0.10348707249518005, 0.11367918247036606, 0.12499999999999997, 0.09620439977478708, 0.1091595348829529], [0.12340033783923647, 0.11550290406848852, 0.10984523886926531, 0.10358517346528612, 0.10332840177828366, 0.11383824935633821, 0.125, 0.09617048028987296, 0.1093292143332287], [0.12325825736924281, 0.11628088518133906, 0.10930093501634978, 0.10384816879244707, 0.10372075013378725, 0.11342335344786732, 0.12491912895221408, 0.09631633134393866, 0.10893218976281388], [0.12350545158600212, 0.11551991569138896, 0.10975852616104287, 0.1035912586638954, 0.10340213133881182, 0.11374564112736035, 0.125, 0.09623040285140998, 0.10924667258008847], [0.12283621969259381, 0.11720426808458474, 0.10863562618171892, 0.10419924866532522, 0.10421928603766525, 0.11289332767791344, 0.125, 0.09655129205580223, 0.10846073160439637], [0.1232973099839266, 0.11631390030811571, 0.1092249957555743, 0.10384872250161989, 0.1037621352849513, 0.11335092040117656, 0.12500000000000003, 0.09633646767452275, 0.10886554809011295], [0.12289989084113011, 0.11751304854650851, 0.10836784053732046, 0.10431448810152495, 0.104409297932993, 0.11274398473441491, 0.12484292940846105, 0.09664934981684271, 0.1082591700808043], [0.12306548571656942, 0.11689789187963365, 0.10879070563681689, 0.10407839621673985, 0.10411226900753473, 0.11298271051818605, 0.125, 0.09651876345905372, 0.10855377756546569], [0.12301121521006675, 0.11740777867585271, 0.10835040272563864, 0.10425678198245966, 0.10440775027976662, 0.11268735284032587, 0.125, 0.09665545293654189, 0.10822326534934786], [0.12360371605248516, 0.11607175112619615, 0.10925974961746725, 0.10378423218955603, 0.10379738288521599, 0.11332532166982669, 0.12486587161122929, 0.09643709697459381, 0.10885487787342964], [0.12333432934782167, 0.11670231391610025, 0.10887027840320755, 0.1040432993652094, 0.1041416857281789, 0.11301641508352478, 0.12468786206671217, 0.09661048202411653, 0.10859333406512875], [0.12310033713634573, 0.11722583992051236, 0.10843424250998261, 0.10420254214506759, 0.10439082189935076, 0.11268928542764388, 0.125, 0.09668681812792942, 0.10827011283316766], [0.1236624693077482, 0.11621718268737273, 0.10905854884603644, 0.10381556832620256, 0.10391985577773782, 0.11314417362267531, 0.125, 0.09649328530237876, 0.10868891612984818], [0.12372704876956958, 0.11608251025159541, 0.10913833014758996, 0.10376877117816587, 0.10386315750577504, 0.11320175560303981, 0.12500000000000003, 0.09647691167028984, 0.10874151487397465], [0.12372152821780098, 0.11620300867050234, 0.10902962365007673, 0.10381116748897423, 0.10394703136062777, 0.11310886835645328, 0.125, 0.0965198722265994, 0.10865890002896526], [0.12330988009468588, 0.11731234709024166, 0.10826182517540618, 0.10426071099611103, 0.10458540014267893, 0.11253242550089027, 0.12476944563769568, 0.09684886475203579, 0.10811910061025458], [0.12386267561559419, 0.11589131150804324, 0.10925502160204013, 0.10376077874100371, 0.10388962483430285, 0.11326112838809327, 0.12467510491772285, 0.0965857064609494, 0.10881864793225038], [0.12372936576634183, 0.11655398648712496, 0.10876699923063825, 0.10401648543934904, 0.10430054911493065, 0.1128614220785577, 0.1245090105998887, 0.09679426012800142, 0.10846792115516744], [0.12310477152661957, 0.1243366605680141, 0.1010786942613368, 0.11097713879620487, 0.1086230557234897, 0.11368117385502358, 0.11215336830044935, 0.09891035452693805, 0.10713478244192398], [0.12313590893508317, 0.12442175611495687, 0.10097735375263116, 0.11101406918413578, 0.10870191312206524, 0.11362479405534606, 0.11207134453341286, 0.09897909223288785, 0.10707376806948098], [0.12305478590922414, 0.12441517282942402, 0.10170402220501774, 0.1103895761195268, 0.1080576379970334, 0.11372461089361799, 0.11303053842775769, 0.09838060160458031, 0.10724305401381791], [0.12325246844481086, 0.12435435949799714, 0.10218776677939063, 0.10994970863529578, 0.1075564162667394, 0.11378876855923759, 0.11365467208960388, 0.0979009647990366, 0.10735487492788813], [0.12303322612127762, 0.125, 0.10046567144991528, 0.11113039830956133, 0.10924522836620013, 0.11318416811320993, 0.1117942801712547, 0.09949426369820286, 0.10665276377037815], [0.12316711003735054, 0.12418630500835766, 0.09991148958247958, 0.11175317725773665, 0.11009249146935382, 0.11297698230053103, 0.11104844160155423, 0.10038212018694773, 0.10648188255568895], [0.12252635201737336, 0.12500000000000003, 0.10126967576401937, 0.11055090115296332, 0.10864723949114898, 0.11333035414824767, 0.11281700470862166, 0.09897612487396357, 0.10688234784366223], [0.12243831729086663, 0.124902196216686, 0.10126175018086767, 0.1105700794722908, 0.1087549340900612, 0.11327473918689956, 0.11284559057403983, 0.09910390672625911, 0.1068484862620291], [0.12272058507133436, 0.12500000000000003, 0.10223915778488048, 0.10963888813443497, 0.10770286179456443, 0.1133681240197079, 0.11418943322209078, 0.09809996911446507, 0.10704098085852211], [0.1223740842843454, 0.12499999999999999, 0.10112404460309453, 0.11060100800493831, 0.10895618192437534, 0.11312315304227955, 0.1127963395016089, 0.09931069969003992, 0.10671448894931788], [0.12254269147364014, 0.12499999999999999, 0.10212958803950399, 0.10970370103862373, 0.10793563008510411, 0.1132392278327846, 0.11415813206392224, 0.09835530391308227, 0.1069357255533388], [0.12246368632050215, 0.12469847830526305, 0.10189809006503446, 0.10998254389641228, 0.10829661368686976, 0.11320957104311595, 0.11382878150128443, 0.09872624263247033, 0.10689599254904755], [0.12232116622101118, 0.125, 0.10160490962831316, 0.11015110770489966, 0.10856064575315016, 0.11310648295766354, 0.11352135935197866, 0.09896571941552554, 0.10676860896745811], [0.12245718074649581, 0.125, 0.09947064458640471, 0.11174183495733163, 0.11089049010719887, 0.11232446286773148, 0.11096787164870903, 0.10121301600726752, 0.10593449907886093], [0.12248859247687051, 0.125, 0.09934691917364645, 0.11179634327173016, 0.1110569034949796, 0.11222446443469405, 0.11085947272199444, 0.10138096126207626, 0.10584634316400854], [0.12217747567430036, 0.12499999999999999, 0.10059160988256552, 0.11085521870973972, 0.10981345184175804, 0.1126247807971693, 0.11244393034475678, 0.10020792398552701, 0.10628560876418314], [0.12193946007137436, 0.12499999999999999, 0.10297658803469736, 0.10896483331588366, 0.10749959841718591, 0