[[0.11834394503405277, 0.11598337870787236, 0.12306459111817136, 0.10758351916854325, 0.10595891931843762, 0.124732681492321, 0.10217990129541282, 0.10349726326930202, 0.09865580059588677], [0.11888333670727363, 0.11661704008949489, 0.12360806430493881, 0.10745957350131664, 0.10558999856110336, 0.12488335657712185, 0.10178624487319714, 0.10318671600245666, 0.09798566938309683], [0.11820942454022763, 0.11598173498730353, 0.12290679844205678, 0.10754912048642556, 0.10591539592988383, 0.12485122218325542, 0.10224225735839419, 0.10357971805482999, 0.09876432801762305], [0.11829387401258018, 0.1161084628340473, 0.12306720008838476, 0.10753210472588862, 0.10585250823424183, 0.12482211604153258, 0.10216805595148917, 0.10352073553732384, 0.09863494257451169], [0.11886317839886645, 0.11666849901807233, 0.1235135336981881, 0.10742537139769152, 0.10553035123362611, 0.125, 0.1017911495736572, 0.10321131834524284, 0.0979965983346554], [0.11869988376854657, 0.11656653414592644, 0.12339173955036424, 0.10746513726828655, 0.10561591831499748, 0.12471731218571959, 0.10194623815573269, 0.10335990828563438, 0.0982373283247921], [0.11817789375527082, 0.11605060813854265, 0.12291074978150672, 0.10750520192623134, 0.10583702093265188, 0.12499999999999997, 0.10221549627333518, 0.10357499612587978, 0.0987280330665815], [0.11815911126070887, 0.11614259295926002, 0.12286362887744415, 0.10749783640823868, 0.10579691216502198, 0.12482840131322466, 0.10226743511113905, 0.1036512054749926, 0.09879287642997005], [0.11779460126342467, 0.11579755961000979, 0.12231355535683855, 0.10752461446316379, 0.10593935887331477, 0.125, 0.10252168099926452, 0.10387775283818053, 0.09923087659580337], [0.1183220609134807, 0.1164110963843158, 0.12294429365555105, 0.10740262517402852, 0.10558838971304468, 0.125, 0.10214726718986723, 0.10358779651724437, 0.09859647045246762], [0.11877540338697218, 0.11692619883391257, 0.12317737590120811, 0.10740175554552658, 0.10541733574647655, 0.12454695307332272, 0.10199609674734528, 0.10349114763618789, 0.0982677331290481], [0.11775297031340914, 0.1158648468337259, 0.12228434466761766, 0.10752111459976586, 0.10591174409197111, 0.12486383192839277, 0.10256801783354176, 0.1039428763647497, 0.09929025336682612], [0.11859165108896448, 0.11677687259724984, 0.12299443180062779, 0.10739028692213017, 0.10545248767216174, 0.12472000809699503, 0.10207888695119154, 0.10356829578024221, 0.09842707909043726], [0.11835899755507097, 0.11660363861815932, 0.12282480925379112, 0.10735140185859408, 0.105459704316036, 0.12500000000000003, 0.10215838124956252, 0.10364728845136928, 0.09859577869741684], [0.11887141151740531, 0.1172125011318148, 0.12335734073254499, 0.10723736322354147, 0.10511466769230043, 0.125, 0.10181885243454328, 0.10338484487943521, 0.09800301838841455], [0.1180905123829327, 0.11632971850569038, 0.12262894050414751, 0.10743703590471808, 0.10565598529816944, 0.12468414734721733, 0.10238324188456792, 0.10383391414449739, 0.09895650402805926], [0.11876766227943393, 0.11712893060571368, 0.12320998292391991, 0.10727947333169144, 0.10519598093279885, 0.12479661558428655, 0.10193876573815522, 0.10349639929311194, 0.09818618931088867], [0.1185856276645572, 0.11694008508091563, 0.1229534525274274, 0.10731862995647859, 0.10530782892676857, 0.12478831646115614, 0.1020757544959446, 0.10361328805602664, 0.09841701683072526], [0.11752510185370087, 0.11581916426087578, 0.12198197438754114, 0.10750394329338146, 0.10589899753322012, 0.12486589301215656, 0.10272948193961771, 0.10412652412154015, 0.0995489195979662], [0.11845683637108066, 0.11683341133465822, 0.12278135720470325, 0.10730320110984563, 0.10532301409123988, 0.125, 0.10212474730725017, 0.1036594524851736, 0.09851798009604859], [0.11806449736873655, 0.11641487926927166, 0.12252513169546135, 0.1073713928872471, 0.10554377390859594, 0.12489422913382808, 0.102374528788408, 0.10386000402859327, 0.0989515629198582], [0.1183954284888467, 0.11679756977478326, 0.12268849605408236, 0.10732332421586203, 0.10535976480778037, 0.12488808388494176, 0.10219512291524857, 0.10372812160321894, 0.09862408825523601], [0.11744899241066582, 0.11576430955750981, 0.12187442595790766, 0.10748876446017445, 0.10589566237753627, 0.125, 0.102759849999392, 0.10415774145930631, 0.09961025377750769], [0.11823533606813301, 0.11666256363076795, 0.12257355369885554, 0.10734580172605342, 0.10543110684154867, 0.12478426428535323, 0.10231250072436866, 0.10383524592841006, 0.09881962709650925], [0.11803625725274537, 0.11644909258829529, 0.12245294735953338, 0.10733931513196752, 0.10549104418334908, 0.125, 0.10238093112194155, 0.10388390469788131, 0.0989665076642865], [0.11772496915032593, 0.11614162161254461, 0.12215838268987277, 0.10741897825524731, 0.10568750241254833, 0.12480151614804554, 0.10262223896808612, 0.10408538423448933, 0.09935940652884011], [0.11752918746227325, 0.11593400442138777, 0.12194003925824959, 0.10748048291624136, 0.10582947457203065, 0.12469952376485303, 0.10277528421192669, 0.10420617088190463, 0.09960583251113285], [0.1184747078747525, 0.11704367880069963, 0.12282555709195697, 0.10722353246896042, 0.10515241060919621, 0.125, 0.10210620799107609, 0.10369655847041184, 0.09847734669294635], [0.1181949273691562, 0.11671511702954697, 0.1224579398577929, 0.10731450549191812, 0.10537309389527535, 0.12485423417150314, 0.10234055264007567, 0.1038864621524001, 0.09886316739233157], [0.11763551630467169, 0.1160874461509373, 0.12204411382527845, 0.10741622360291489, 0.1056994545871216, 0.12484169377443258, 0.10267830912921572, 0.1041422394955815, 0.09945500312984625], [0.11784933005053459, 0.11633033885088748, 0.12223520549347651, 0.10739850566818057, 0.10560083673046472, 0.12464484833893401, 0.10258530538132053, 0.10407987374440104, 0.09927575574180054], [0.1180004543729209, 0.11651117209044011, 0.12234100594583383, 0.10733732354084105, 0.10546640513962592, 0.12484668961255684, 0.10245376051521617, 0.1039779961445782, 0.09906519263798716], [0.11809875900014669, 0.11664859779798298, 0.12237309931248834, 0.10729299906012196, 0.10536634415662927, 0.12500000000000003, 0.10237103699470745, 0.10391922516945303, 0.09892993850847048], [0.11730965221826056, 0.115778099447225, 0.12164601501096357, 0.10750204107853535, 0.10590113118289744, 0.1247052931916157, 0.1029348484012405, 0.10435637043912455, 0.09986654903013732], [0.11762121366827086, 0.11614701485166276, 0.12199173452273748, 0.10736580576126313, 0.10561470282201227, 0.12500000000000003, 0.10266442521469388, 0.10415375022833842, 0.09944135293102133], [0.1173099965696157, 0.11581165983266002, 0.12169578560033267, 0.10748387114371505, 0.10586639040602493, 0.12466382140382548, 0.1029343175145599, 0.10436783577827251, 0.09986632175099387], [0.11813324437925647, 0.11682389187436522, 0.1223592784726545, 0.10723940343365224, 0.10524012643228611, 0.12499999999999997, 0.10235839402820869, 0.10394994184434662, 0.09889571953522998], [0.11795318996480929, 0.11659273694152797, 0.12219271455253632, 0.10732032236971946, 0.10541562881559309, 0.12474739328642422, 0.10252813123485431, 0.10408232000698367, 0.09916756282755164], [0.11765865114871692, 0.116240828751002, 0.12198953233976495, 0.10736373946232433, 0.10558095280559983, 0.12484010651573721, 0.10268299567842727, 0.10419080389840969, 0.0994523894000178], [0.1184537916074212, 0.11728689726462363, 0.12297151735189978, 0.10710921498316858, 0.10492655612210236, 0.125, 0.10208031588584476, 0.10374174624862065, 0.09842996053631904], [0.1180200656904595, 0.11671807620985812, 0.12222885363427206, 0.10728718286340103, 0.10533310724895072, 0.12477769235552501, 0.10248407944646738, 0.10406229693062341, 0.09908864562044278], [0.11824882344702763, 0.11706539021411803, 0.12261120882794467, 0.10715874121640181, 0.10505955308360655, 0.125, 0.10225123144207353, 0.10389025458082507, 0.09871479718800268], [0.11810168800203677, 0.1168704837692029, 0.12232261689814981, 0.1072314436818029, 0.10521338009229049, 0.12488416260155648, 0.10240451400490212, 0.10401304465499474, 0.09895866629506397], [0.11745029811605805, 0.11609903498018227, 0.12194998691071113, 0.10736417774153541, 0.10562156223234864, 0.12469943619822063, 0.10281578312538887, 0.10432123692215134, 0.09967848377340367], [0.11779918744242096, 0.11666720025466037, 0.1224804666996404, 0.10714610906095327, 0.10516532648403766, 0.125, 0.10248507727678063, 0.10410655414397897, 0.09915007863752773], [0.11705214268603761, 0.11574125817400019, 0.12203030414636182, 0.10733872421010303, 0.10569426700096968, 0.12472476438810433, 0.10297337240298568, 0.10445366147499484, 0.0999915055164428], [0.11826766892614653, 0.11745778211339127, 0.12286237704427622, 0.10700040580167046, 0.1047281374482115, 0.12500000000000003, 0.10218028000585105, 0.10392084297880007, 0.09858250568165307], [0.11830217949202884, 0.11752208703225739, 0.12292153602648312, 0.10700005719806596, 0.10470690755093584, 0.12489950843849434, 0.1021716537866327, 0.10391990578126035, 0.09855616469384147], [0.11712238676553365, 0.11585455539199684, 0.12212877247032973, 0.10725890987855807, 0.10555792870320385, 0.125, 0.102864776299845, 0.10437615154393289, 0.09983651894659994], [0.1181630393564671, 0.11727938672459268, 0.12267158718899016, 0.10709393727682007, 0.10490312732197443, 0.12465719120538639, 0.10234478689733056, 0.1040529846728049, 0.09883395935563372], [0.117903205355598, 0.11690045137017878, 0.12266648685735541, 0.1070999670337174, 0.10503109512916696, 0.12481599562545459, 0.10243582517140706, 0.10410125437391178, 0.09904571908321004], [0.11820209738985028, 0.11740596766137719, 0.12275501401807133, 0.10702587297295005, 0.1047758169404959, 0.12486951084597996, 0.10226127104018078, 0.10399855709162302, 0.09870589203947168], [0.11744741722613174, 0.116288082434199, 0.12229551599338734, 0.10718101199067505, 0.10532489245322593, 0.125, 0.10268478083255954, 0.10426644055960968, 0.09951185851021176], [0.1171721961908774, 0.11594846259946168, 0.12221024800514169, 0.10725068282883526, 0.10551703207087676, 0.12482785884410046, 0.10286254719998483, 0.10439204494840501, 0.09981892731231674], [0.11774867057554388, 0.1168139764791276, 0.1227819870986649, 0.10704624334856631, 0.10498697747313458, 0.12485736162621436, 0.10247374087958347, 0.10415198081434289, 0.099139061704822], [0.11777368777785852, 0.11688304998292937, 0.1228379847059276, 0.10700206950241868, 0.10490878783005607, 0.12499999999999997, 0.10241957262052513, 0.10411551781923314, 0.09905932976105132], [0.11792155046208472, 0.11717613992849132, 0.12293905666856664, 0.10695645822016096, 0.10475698615003065, 0.12492459302032881, 0.1023418881683634, 0.10408492995015226, 0.09889839743182123], [0.11761085175959547, 0.11668393112425274, 0.12278901030219902, 0.1070164432311434, 0.10498821006118103, 0.125, 0.1025060409261993, 0.10418077561131556, 0.0992247369841135], [0.11801043803823065, 0.11733983751161237, 0.12293489445053243, 0.10696066966742436, 0.10470979564309907, 0.12477748216143578, 0.10232973093020795, 0.10409276774540502, 0.09884438385205238], [0.11752892939012144, 0.11658481074709331, 0.12274033177135982, 0.10704967985542857, 0.10506026937587418, 0.12485164291292554, 0.10258570537003979, 0.104245984927152, 0.09935264565000534], [0.11713546713942306, 0.11605053466285192, 0.1224511593836255, 0.10714667529931833, 0.10534778385463571, 0.12485551829898367, 0.10282571523380724, 0.10440425844233037, 0.0997828876850242], [0.11788893431642933, 0.11719485038179275, 0.12300087369087967, 0.10691778167423321, 0.10470067949576391, 0.125, 0.10232686590370142, 0.10408435355368335, 0.09888566098351635], [0.11744271365842615, 0.11648304672000581, 0.12267761769304723, 0.10706613402101754, 0.10511190688453703, 0.12483052549893042, 0.10264329760511161, 0.10429109136166059, 0.09945366655726344], [0.11739267298972643, 0.11643562617604071, 0.122656932807156, 0.10706743962658138, 0.10512739669182221, 0.12482825018280597, 0.102671267639946, 0.10431570690388213, 0.09950470698203918], [0.11731690935240124, 0.11633681662385047, 0.12257400592663421, 0.10706239553492382, 0.10515156283738875, 0.12499999999999997, 0.10268740152492459, 0.10432074823627215, 0.09955015996360463], [0.11716387314498503, 0.11615046045373985, 0.12255068861927904, 0.10710324926992941, 0.10525945771304225, 0.12483440904523295, 0.10279731060574449, 0.10440353876606799, 0.09973701238197896], [0.11757815083470756, 0.11679079670813956, 0.12300544931878728, 0.10693165488721852, 0.10484297526994919, 0.125, 0.10247413832007306, 0.10419113815709627, 0.09918569650402857], [0.11741831821679377, 0.11654044666106309, 0.12282269938175858, 0.10698662645352998, 0.1049907063816555, 0.125, 0.10258810592914606, 0.1042651895937482, 0.09938790738230482], [0.11706359512558968, 0.11605569375755757, 0.12258938630704373, 0.1070699108638901, 0.10524501079955462, 0.125, 0.10280038739166726, 0.10440408567171673, 0.09977193008298028], [0.1176314591115439, 0.11693090597033767, 0.1231190697240238, 0.10688705059242143, 0.10474111134270789, 0.125, 0.10242363723947014, 0.10416981375340542, 0.09909695226608976], [0.11743683518833452, 0.11661301097635049, 0.12292422466361402, 0.10697113840786472, 0.1049468302337292, 0.12486629420227388, 0.10258602549754033, 0.1042797357314103, 0.09937590509888256], [0.1173166057881648, 0.11648582442337929, 0.12285934625188093, 0.10698499927995768, 0.10500180787631597, 0.12482947113199712, 0.10266361615569355, 0.10434522092295659, 0.09951310816965388], [0.11719211827473765, 0.11633773202819146, 0.12279350760376145, 0.10697579102437368, 0.10503490120438674, 0.125, 0.10269942465855082, 0.1043670121791023, 0.0995995130268959], [0.11728501102024809, 0.11661124412554587, 0.12314215715661732, 0.10685711533544585, 0.10479540899852899, 0.125, 0.10258172484326317, 0.10431697189523659, 0.09941036662511413], [0.11692264766827665, 0.11609612653411479, 0.12291994256383285, 0.10697624262486985, 0.10510297143480135, 0.1247599998433941, 0.10284884503890408, 0.10450201493190496, 0.09987120935990136], [0.11691071321404918, 0.11618149763709998, 0.1230519232582727, 0.10687983975288483, 0.10495073894353736, 0.125, 0.10277667717157893, 0.10446802152401181, 0.09978058849856522], [0.11749351002476859, 0.11729721399080412, 0.12366461488989536, 0.10663812047717335, 0.10429440534215421, 0.125, 0.10235977505196156, 0.10424231193533405, 0.0990100482879088], [0.11694495805974336, 0.11626314777009712, 0.1231153705257766, 0.10687370854932601, 0.10491621028730497, 0.12485315849938476, 0.10277845551657852, 0.10448559785464874, 0.09976939293714007], [0.11735156815629223, 0.11723066076576866, 0.12385569177372088, 0.1066049566196516, 0.10426684171167942, 0.12479467350249353, 0.10242932880742632, 0.10432707673441763, 0.09913920192854972], [0.11678028967140505, 0.11613771824093144, 0.12324338390580021, 0.10684394024573406, 0.10491119876669795, 0.12478824241124704, 0.10284269028142655, 0.10455162456296867, 0.09990091191378907], [0.11717056618914078, 0.11689044659815097, 0.12377373009511107, 0.10662132601281141, 0.10439411867828008, 0.125, 0.10249587552370758, 0.10434840361196437, 0.09930553329083375], [0.11703750142428462, 0.11661351294583513, 0.12348133164652837, 0.10675465358725593, 0.10464881097059532, 0.12465493258522763, 0.102697802495933, 0.10449197221130851, 0.09961948213303148], [0.11712351041080575, 0.11686246763796272, 0.12380392998161326, 0.10661841264689434, 0.10439686371691358, 0.12492299824940133, 0.10252812175704148, 0.10438317843833264, 0.0993605171610349], [0.11672457192507465, 0.11615644138322767, 0.12337652584680409, 0.10680906871851768, 0.10485606626605537, 0.12467445493226689, 0.10286525343124024, 0.10459437789209731, 0.09994323960471592], [0.11677485732949226, 0.11644756298996406, 0.12367742201112288, 0.106648959416582, 0.10455505673054886, 0.12484548170377315, 0.10274062821167343, 0.10455666155895782, 0.09975337004788538], [0.11677916892943555, 0.11651294050603446, 0.12373095636198843, 0.10659682163725116, 0.10446687108708419, 0.125, 0.10269371010887177, 0.10453201527932386, 0.0996875160900106], [0.11661102696940098, 0.11622672814328247, 0.12364977450462729, 0.10664389708495847, 0.1046143999933342, 0.125, 0.10279258268474634, 0.10458411586566878, 0.09987747475398144], [0.10095345647699461, 0.12369380113676229, 0.0981712508692063, 0.11564729059077399, 0.11046194761234943, 0.08999161946766221, 0.125, 0.11826399071730438, 0.1178166431289468], [0.1020194301372745, 0.12314337439099506, 0.09933088227271658, 0.11530297469403814, 0.10993969180105372, 0.09095236689064377, 0.12436515146343524, 0.11788139426268275, 0.1170647340871604], [0.10146850773479947, 0.12342938774047753, 0.09879374483667062, 0.11543983938185637, 0.11016034824860259, 0.09051095515097747, 0.12460789688689486, 0.11808767524367475, 0.11750164477604637], [0.10093260512101708, 0.12361345184142812, 0.09820228052481063, 0.11558747786806647, 0.11041442517109125, 0.09003397154990793, 0.12494189261760462, 0.11835833979425166, 0.11791555551182237], [0.10091300828454121, 0.1235603384010737, 0.09821984852757484, 0.11552957525245082, 0.1103545429211187, 0.09004601660487697, 0.12500000000000003, 0.11841148149924532, 0.1179651885091186], [0.10083319879056005, 0.12349324624816427, 0.0981717871955482, 0.11555448857054273, 0.11045767317328954, 0.09008423595650564, 0.12462481597951551, 0.11857028055067778, 0.11821027353519616], [0.10156043355528452, 0.12304479492654632, 0.09899055338595801, 0.11510421823101497, 0.10979597314304157, 0.09064885937166435, 0.12500000000000003, 0.11826103677890722, 0.11759413060758313], [0.10216966584849174, 0.12282526718246806, 0.09962932456602407, 0.1150144453250478, 0.10963377264758209, 0.09122153560928002, 0.12415535901952107, 0.1181368029535165, 0.1172138268480688], [0.10076388115328129, 0.12315548682714479, 0.09831864939666571, 0.1152042419946537, 0.11007624523219187, 0.09018109256223016, 0.125, 0.11886333109711164, 0.11843707173672086], [0.10097455069040391, 0.1230343842607694, 0.09857955277814254, 0.11497815727418911, 0.10978168389217068, 0.09035989209406199, 0.125, 0.11890071764205536, 0.11839106136820703], [0.10091577028175616, 0.12290968849257446, 0.09858148842180112, 0.11487685252099566, 0.1097006602366682, 0.09037955040531664, 0.12500000000000003, 0.11906634647266219, 0.1185696431682257], [0.10024887981414964, 0.12319132780169866, 0.09787068276513514, 0.1151540096757969, 0.11031153992408965, 0.08999904814823, 0.12472502909058703, 0.11921013297377789, 0.119289349806535], [0.10153556182388482, 0.12248369525004668, 0.09925027441145204, 0.11452037506630336, 0.10923434357727253, 0.09090346333412742, 0.125, 0.11890303273865913, 0.11816925379825402], [0.10221506530604393, 0.12206218118262512, 0.09999280190177491, 0.11427598393382046, 0.10883864416342703, 0.0914701989995097, 0.125, 0.11864661252650636, 0.11749851198629246], [0.10167388436256722, 0.12222705815710268, 0.09946135863821344, 0.11432845267652533, 0.10902255340516848, 0.09108982832199156, 0.125, 0.11901249328334924, 0.11818437115508203], [0.10065480262741817, 0.12267588299615495, 0.09843023126274658, 0.1147749367134745, 0.10969717321419103, 0.09032864451601881, 0.125, 0.11942127993537031, 0.11901704873462562], [0.1001487858925424, 0.12292179770073859, 0.09793794774832311, 0.11489155057595107, 0.11003637567700353, 0.09004553900773847, 0.125, 0.11948055339982469, 0.11953744999787812], [0.10068472142152393, 0.12261049028944536, 0.09848507554670416, 0.11470624253069553, 0.10961804146042509, 0.09037056757473856, 0.12499999999999999, 0.11947229691354175, 0.11905256426292549], [0.10153867827881159, 0.1221462863444588, 0.0994149886218713, 0.11418836798710653, 0.10891435448301101, 0.09106606038201172, 0.125, 0.11925865285206994, 0.11847261105065914], [0.10180731820537618, 0.12190204960670797, 0.09969848542834477, 0.11412578713503121, 0.10879146083428626, 0.09129225426881103, 0.125, 0.11916279080480115, 0.11821985371664143], [0.1000530694350246, 0.12278027907005915, 0.09795334414013505, 0.11469107985853909, 0.10988065825010904, 0.09009797074867075, 0.125, 0.11970538405729911, 0.11983821444016325], [0.10038033180690807, 0.12229342722643921, 0.09832637529395305, 0.11452375544440731, 0.10957264734544502, 0.0903446706219546, 0.125, 0.11987897615911505, 0.1196798161017777], [0.10130701779376858, 0.12207184639467569, 0.09930258496522743, 0.11407928088806207, 0.10886474812146217, 0.09102732739112257, 0.12475639898712948, 0.11962262422042474, 0.11896817123812739], [0.1011224552019115, 0.12213102952554512, 0.09911039616108896, 0.1141143550335861, 0.10891340953237977, 0.09085000482930819, 0.125, 0.11968169038813477, 0.11907665932804556], [0.10059043676960887, 0.12223403471119065, 0.09857373587681063, 0.11443098599952341, 0.10943358781201004, 0.09055265798822686, 0.12462761745895032, 0.11995707140208356, 0.11959987198159569], [0.10189782661956655, 0.12161453478388574, 0.0999372696717573, 0.11387974792907957, 0.10855934671866788, 0.09154296688098645, 0.12467660878144991, 0.1194527140643556, 0.1184389845502509], [0.09994342982153455, 0.12269683847356197, 0.09793200889593238, 0.11455245115679992, 0.10980975412775758, 0.09012292937414895, 0.125, 0.11984184104374754, 0.12010074710651711], [0.10078189098693915, 0.1221465219744502, 0.09879215620536907, 0.11420201735169012, 0.10908711055624265, 0.0906324640155208, 0.125, 0.1199239689150594, 0.11943386999472862], [0.10215285792611914, 0.12141748465631576, 0.10025827828051347, 0.11369829232125654, 0.10831012309291864, 0.09177086403147589, 0.1248848884022171, 0.11937014252779879, 0.11813706876138469], [0.10166291527317645, 0.12171133422792861, 0.09974993275946487, 0.11380603334560128, 0.10856292308376556, 0.09142642706388936, 0.12454447110441949, 0.11970555784484778, 0.11883040529690647], [0.10108359269028855, 0.1220141572289832, 0.09914018613249322, 0.11402200182149684, 0.10884903547197752, 0.09091174023751836, 0.12481119499436073, 0.11987985290912387, 0.11928823851375757], [0.10001424319911426, 0.12252685300861957, 0.09807241614564356, 0.11443339992997333, 0.10965807067349925, 0.09021851323881681, 0.12488174115438601, 0.12000563713017627, 0.12018912551977083], [0.10083240561298773, 0.12205437786335772, 0.09889106035598906, 0.1141099462067385, 0.10899372305903339, 0.09072490103952584, 0.12487633745224803, 0.12001223381370968, 0.11950501459641016], [0.10208495654541154, 0.12134012456267865, 0.10023072639683965, 0.11361639098070382, 0.10823593100590914, 0.09174863536064334, 0.12500000000000003, 0.11948235724686088, 0.11826087790095309], [0.10126961200371501, 0.12179516113706401, 0.099386894328782, 0.11380312545831928, 0.10858638305691594, 0.09109110868148496, 0.125, 0.11988555751068342, 0.11918215782303539], [0.0999936069175535, 0.12240670849255701, 0.09811373198897602, 0.11432068697651689, 0.10953483669820388, 0.09022648945786968, 0.12499999999999999, 0.12011812347033933, 0.12028581599798356], [0.09999316876713961, 0.12228953603262047, 0.09817899839772766, 0.1142166065106666, 0.10942698117000862, 0.09026704704481384, 0.125, 0.12023621640473961, 0.12039144567228358], [0.10087372225723225, 0.12177308347800807, 0.09906905479703995, 0.11381274994897644, 0.10867964731211499, 0.09085575921036979, 0.125, 0.12024502562552201, 0.11969095737073651], [0.10136130087944924, 0.12156313577568444, 0.09959571093589722, 0.11360388734695141, 0.10839749917842695, 0.0912932411676778, 0.12475385456876507, 0.1201011492786734, 0.11933022086847446], [0.10222672466693368, 0.12105745047146751, 0.10053140967361678, 0.11331288075259142, 0.10793133295012453, 0.09200590916955455, 0.12500000000000003, 0.11966933441349391, 0.11826495790221775], [0.10009350445226209, 0.12208598869539669, 0.09833333674700835, 0.11409467091204484, 0.10924921658481188, 0.0903586465262066, 0.12499999999999999, 0.12038461630738545, 0.12040001977488397], [0.1009488347854416, 0.12166883729540115, 0.09919057963905487, 0.11369858467412942, 0.10855016663656168, 0.09095144061491843, 0.125, 0.12029010271321976, 0.11970145364127309], [0.10198568204370985, 0.12104571512139142, 0.10029911452429567, 0.11334267112190138, 0.10799463686291946, 0.09183364478510189, 0.12500000000000003, 0.11986339143211154, 0.11863514410856887], [0.10258188013996773, 0.12093580576110131, 0.10094532535364086, 0.11314094962354118, 0.10774861158718685, 0.09232208702085021, 0.125, 0.11956549522181659, 0.11775984529189529], [0.10107822530977205, 0.12158415379340093, 0.09934632870516844, 0.11360514656590467, 0.10843243205786979, 0.09107438880193569, 0.125, 0.12025715064468928, 0.11962217412125915], [0.10035377347421229, 0.12168495021023287, 0.09865896034206664, 0.1139162178128064, 0.10897103555856157, 0.0905850888785135, 0.12499999999999999, 0.12055688700965256, 0.12027308671395408], [0.10247102077415966, 0.12081529935589694, 0.10091886986728348, 0.11303889136238363, 0.1076715672925178, 0.09232283615289205, 0.125, 0.11970811083869345, 0.11805340435617295], [0.1022940103547138, 0.12084120767231295, 0.1007356726821438, 0.11311988021779738, 0.10776569007164732, 0.09220895457438376, 0.12474916550995958, 0.11988313770804791, 0.11840228120899363], [0.09982122463037972, 0.12204700905348131, 0.09822953420211347, 0.11394676105734722, 0.10925840743682085, 0.09033522982785891, 0.125, 0.12048939638563552, 0.12087243740636303], [0.10001239000359416, 0.12188442730493859, 0.09841519763530146, 0.11386712411729172, 0.10905515477239026, 0.090413844291196, 0.12500000000000003, 0.12063596172764482, 0.12071590014764311], [0.10190514476253662, 0.12080092229223968, 0.10036363257298678, 0.11311897583949496, 0.10779744974034956, 0.09190339055925899, 0.125, 0.12017333696438641, 0.11893714726874703], [0.1009723234338425, 0.12133000486464647, 0.09942717018489627, 0.11337422479647988, 0.10822821756994647, 0.09111617454323653, 0.12500000000000003, 0.12059019169542513, 0.11996169291152686], [0.10011728761413849, 0.1216692694850601, 0.0985826295029418, 0.11373484664049743, 0.10887127419337013, 0.09051880932825553, 0.125, 0.12079022475847807, 0.12071565847725847], [0.10116927502413986, 0.12120065167134661, 0.09965652499219556, 0.11324015996047607, 0.10805934278116158, 0.0913012345400873, 0.125, 0.12056350260206149, 0.11980930842853155], [0.10212297698676887, 0.1206691097707388, 0.10065409381739432, 0.11302274407845785, 0.10768982343428135, 0.09217274336540722, 0.12467068208085284, 0.12019295673108037, 0.11880486973501839], [0.10112401153798718, 0.12111938157008738, 0.09969157767328733, 0.11317636875024575, 0.10801877158972532, 0.0913359208065433, 0.12483770456379097, 0.12070749693803343, 0.11998876657029924], [0.10083557756134888, 0.12119399031915604, 0.09940212106755786, 0.1132676331612031, 0.10815386819815562, 0.09108224929571426, 0.12500000000000003, 0.12083053414504681, 0.12023402625181753], [0.10225548976173435, 0.12051179388972418, 0.10088646777585948, 0.11279648602549612, 0.10745648644287188, 0.09232368880586292, 0.125, 0.12017664392538671, 0.11859294337306438], [0.10061181930460955, 0.12123469881770894, 0.0991768669167404, 0.11341753153839945, 0.1083871984214001, 0.0909422859119417, 0.12479374421698679, 0.12095432698726698, 0.12048152788494622], [0.10238464635812823, 0.12046307993872771, 0.10104434966362734, 0.11272615069583637, 0.10739034600752391, 0.09245185934352834, 0.12499999999999999, 0.12012103905949836, 0.11841852893312961], [0.09999301857755107, 0.12156786949526176, 0.09858639691510501, 0.11357598195743691, 0.10876574002219205, 0.09052461053642219, 0.125, 0.12096469205176492, 0.1210216904442661], [0.10155387029911137, 0.12076587024589483, 0.10021070380552952, 0.11290779526729179, 0.107674409339443, 0.09177200171862099, 0.12478809528812342, 0.12069087494488319, 0.11963637909110189], [0.1016336612739555, 0.12066199670647813, 0.10029557151997248, 0.11286934041028288, 0.10760437870567073, 0.09182245448609398, 0.125, 0.12062555891758978, 0.11948703797995655], [0.10159424763864779, 0.12070442654309477, 0.10025930334375864, 0.1128802705037033, 0.10763025980804274, 0.09180058434139081, 0.12490029841878139, 0.12066578447685393, 0.11956482492572665], [0.10056043708421007, 0.12103379696671313, 0.09925033823963557, 0.11320845836879835, 0.10817326603375522, 0.09096172987577765, 0.12500000000000003, 0.12115107867684331, 0.12066089475426682], [0.1010087706511674, 0.12089941534780844, 0.09973542541589171, 0.11296487914621722, 0.1078225986503886, 0.09133476549566037, 0.125, 0.12096936412374179, 0.12026478116912451], [0.10088118335285448, 0.12091096463234506, 0.09962450786119437, 0.11299103410315725, 0.10787374939040092, 0.0912413636355723, 0.125, 0.12106055620395091, 0.12041664082052471], [0.09971661198000957, 0.12187016807566957, 0.09845181347196386, 0.11338839563735076, 0.10867845758798084, 0.09041744358875979, 0.12499999999999999, 0.12105827810673403, 0.12141883155153148], [0.10123961078380118, 0.12045693151986711, 0.10019568669481334, 0.11254347809718315, 0.1073733108809465, 0.09168990441121079, 0.12499999999999999, 0.12124356112259217, 0.12025751648958564], [0.10205919492912166, 0.1199785122299675, 0.10108774815986078, 0.11234369532866943, 0.10704315568907545, 0.09244637011763983, 0.125, 0.12083508712290804, 0.11920623642275732], [0.10082460074831345, 0.12060632417935747, 0.09977501976100124, 0.11271310000438153, 0.10761537399861627, 0.09134060103835438, 0.12499999999999999, 0.12139294855854785, 0.12073203171142767], [0.10109464445028671, 0.12045758051622067, 0.10008921957211146, 0.11254395158280882, 0.10739695378561259, 0.09159284065796655, 0.12499999999999999, 0.12135627402030429, 0.12046853541468881], [0.09964221002940972, 0.12197970064839207, 0.09853646304112507, 0.11308746969102626, 0.10834098067758507, 0.09040608492534187, 0.125, 0.12135409236258302, 0.12165299862453693], [0.10168852360611742, 0.12000834356673018, 0.10077612517239679, 0.11231760273716561, 0.10706096037973455, 0.09217293202236714, 0.12500000000000003, 0.12117451148881177, 0.11980100102667665], [0.10170958841633429, 0.11992810786252744, 0.1008435946320818, 0.11225751558786666, 0.10699991820760207, 0.0922249872581003, 0.12499999999999999, 0.12122597065175829, 0.11981031738372902], [0.10135187437572758, 0.1200929676520094, 0.10052022702417523, 0.11222651186409573, 0.1070386805687518, 0.09194230752572569, 0.125, 0.12149302520963778, 0.12033440577987677], [0.10056639690925971, 0.12049239165815222, 0.09967907723678848, 0.11254977348435023, 0.10750685400653813, 0.09123790791288279, 0.125, 0.12177942338725235, 0.1211881754047761], [0.10072165186614766, 0.12036046103615773, 0.09985336826989878, 0.1125223174967959, 0.10746935839715761, 0.09140676365055175, 0.12480210975814907, 0.12175131453037917, 0.12111265499476229], [0.10173790285680141, 0.11971028459047733, 0.10104294339958954, 0.11207039362515973, 0.106835076397377, 0.09239814575430437, 0.1247513301953791, 0.12147358201195178, 0.11998034116896002], [0.0999955564828067, 0.12135176523926958, 0.09914764106027807, 0.1125480101570019, 0.10760321938226253, 0.09075664966268204, 0.125, 0.12197058043718981, 0.12162657757850935], [0.10080833432002771, 0.12013839344417149, 0.10008006446161827, 0.11225741332375515, 0.1071757591112224, 0.09155494946836716, 0.125, 0.12186121895870224, 0.12112386691213557], [0.10125463762787054, 0.11991027675202232, 0.10057608349402732, 0.11203669593804079, 0.10688627117416552, 0.09196915627053429, 0.125, 0.1217639327008435, 0.12060294604249573], [0.10178789989836733, 0.11947206955018504, 0.10127177981126802, 0.11187675835961111, 0.10666310807515575, 0.09259948930965396, 0.12448955540863414, 0.12171683820141338, 0.12012250138571125], [0.1000303556577492, 0.12134798958652684, 0.09933261828334086, 0.1123097926595067, 0.1073516292298483, 0.09088158590495123, 0.12471248097184498, 0.12221751709969371, 0.12181603060653805], [0.09976223986612524, 0.12166103247716176, 0.09915748765442557, 0.11213258900775888, 0.10719323787945116, 0.09067091460352306, 0.125, 0.12237062831409719, 0.12205187019745714], [0.09960415990184161, 0.1222009491712707, 0.09896866926427612, 0.11228291009075111, 0.1074559684904, 0.09060458386981912, 0.12441289845098207, 0.1222419175528188, 0.12222794320784046], [0.10204452376964522, 0.11904204280949257, 0.1017799368141685, 0.11147661412972752, 0.10625104696578114, 0.09295896023140689, 0.125, 0.12176387190972954, 0.11968300337004861], [0.09977730990261417, 0.12160116189769274, 0.09924262148535452, 0.11200566464917733, 0.10704870132508668, 0.09071474030275978, 0.12500000000000003, 0.12248791680897028, 0.12212188362834463], [0.10102509147821356, 0.11972252256801472, 0.10070346555522514, 0.11157433042955547, 0.10645740246263224, 0.09200585436642233, 0.12500000000000003, 0.12236575472849742, 0.12114557841143919], [0.09962978183203106, 0.1218337147680549, 0.09915595824414393, 0.1119104705116341, 0.10697707893958236, 0.09062161467127525, 0.12499999999999999, 0.12258321050229838, 0.12228817053097993], [0.10168265058338083, 0.11896961048021766, 0.10151636521680377, 0.11139379452232526, 0.10618579760395624, 0.09272634879355117, 0.125, 0.1221676825518431, 0.12035775024792195], [0.10067143080840213, 0.1203903283376463, 0.10036087984077498, 0.1116628338750362, 0.10660572758848214, 0.09171694251216471, 0.12439700019195725, 0.12253181494210225, 0.12166304190343405], [0.10010284739569185, 0.12101560350549281, 0.09973877784249591, 0.1116975152378001, 0.10666405818779211, 0.09109438826063995, 0.125, 0.12265706031357074, 0.12202974925651654], [0.09957031004417508, 0.12195770908837322, 0.09918840641113279, 0.11177348423182594, 0.10685176126771752, 0.09063349939818058, 0.12483371618138699, 0.12273239526581046, 0.1224587181113973], [0.09949548043436332, 0.1220899090302405, 0.09913104380894502, 0.11174839310038817, 0.10684303428590822, 0.09058208938645512, 0.12483906736316559, 0.12274608976298558, 0.12252489282754837], [0.09971320734835988, 0.12157335500435955, 0.0994433066666605, 0.1115512184790877, 0.10656581275536069, 0.09079171643932114, 0.125, 0.12291525131100066, 0.12244613199584989], [0.0993638299503711, 0.12224640887410401, 0.09905644279403554, 0.11163801749275802, 0.10674261357612114, 0.0904875341371604, 0.125, 0.12281482516676916, 0.12265032800868061], [0.10008473649475093, 0.1209894781255785, 0.09993464691504299, 0.11136358258898532, 0.10632453245509865, 0.09121279945691747, 0.12490473999883227, 0.12294835841030423, 0.12223712555448976], [0.09931736404981428, 0.1222789372916158, 0.09909048063980443, 0.11149889793888562, 0.1065988050890043, 0.09048703735540667, 0.12500000000000003, 0.12294830857217554, 0.12278016906329346], [0.10108342186225662, 0.11953102991879923, 0.10110646071184119, 0.11107982135257974, 0.10593306529378804, 0.09228984758684994, 0.12499999999999999, 0.12275800059120957, 0.12121835268267553], [0.10008442692470386, 0.120941730242037, 0.09998242976994769, 0.11127773220664067, 0.10623102571569945, 0.09123521513978355, 0.12499999999999999, 0.1229942820227618, 0.12225315797842586], [0.10143222078411923, 0.11906034527299537, 0.10154024117957769, 0.11103626232391822, 0.10587041507485483, 0.09269904136660125, 0.12482104358640643, 0.12269454137899771, 0.12084588903252913], [0.10070207178980833, 0.12002268168812552, 0.10074141096511915, 0.11104336263437709, 0.10594206357827539, 0.09192246693998128, 0.12500000000000003, 0.12297142920233455, 0.12165451320197881], [0.10126147477011171, 0.11921302810131038, 0.10143424279152018, 0.11090941458555355, 0.10574610270507542, 0.09256251874580446, 0.12499999999999999, 0.12285061043304542, 0.12102260786757874], [0.09974242643618095, 0.12142405790229573, 0.09975808246456581, 0.11110118429873098, 0.10609551519659127, 0.09099559201410161, 0.12484031887619429, 0.1233377106671117, 0.12270511214422766], [0.10047931640714035, 0.1204021942970996, 0.10059443476084831, 0.11097843719935399, 0.10591162337751957, 0.09178244348803738, 0.12463477860218254, 0.12318673180116964, 0.12203004006664848], [0.10102990494388561, 0.11951795088613056, 0.1012469066389384, 0.11081129479543173, 0.10566670088503924, 0.09236766264663301, 0.125, 0.12303326204508885, 0.12132631715885261], [0.0998412235620396, 0.12117555574915906, 0.09996507605517521, 0.11091993923144423, 0.1058887086612031, 0.09114522999239798, 0.125, 0.12341153937082508, 0.12265272737775573], [0.09968005700464366, 0.12140922835146303, 0.09979262026957103, 0.11092964740368204, 0.10591576282698316, 0.09098392977531929, 0.125, 0.12348190357417178, 0.122806850794166], [0.09980453831430819, 0.12120719396020127, 0.09996609289599338, 0.11086035584694916, 0.10583164441410799, 0.09113452073185585, 0.12499999999999999, 0.12347978000732829, 0.12271587382925576], [0.10111564152607627, 0.11940806913133356, 0.10148956909744895, 0.11064174410312484, 0.10550598070354109, 0.0925798044193219, 0.12473448255453838, 0.12321241348862182, 0.12131229497599333], [0.09948198180420398, 0.12182195533293293, 0.09963678488823287, 0.11089624658371747, 0.10593389933516423, 0.0908614385759053, 0.12460965241991809, 0.12363355327477003, 0.1231244877851551], [0.10023782827136234, 0.12069888198989653, 0.10057304540080406, 0.11067553828204463, 0.10564045285697972, 0.09171504325812785, 0.1244205944953904, 0.12357622433562486, 0.12246239110976963], [0.11176788321862717, 0.12437406605526753, 0.10954654609786968, 0.11431943865080472, 0.10814219604561752, 0.10038154085196678, 0.1128777855371103, 0.11293409046110423, 0.10565645308163193], [0.11180721319058834, 0.12445454840298746, 0.10962617980792747, 0.11426988350530473, 0.10809036707895425, 0.1004547413912928, 0.11280453031345279, 0.112898308904252, 0.10559422740524017], [0.11110206274110136, 0.12444369229870005, 0.10888384306567073, 0.11427446242134004, 0.10810898278896355, 0.0996787135133284, 0.1136142368411262, 0.11352998511945356, 0.10636402121031625], [0.1106426381627724, 0.12438408539214309, 0.10835953521911619, 0.1143049441678306, 0.10816727303249614, 0.0991486297911518, 0.11417702162540454, 0.11392582750791644, 0.10689004510116899], [0.11186711511947958, 0.12499999999999999, 0.11008208045165295, 0.11381179406588363, 0.10762732076542306, 0.10084906141354245, 0.11249573332052677, 0.11287321400487066, 0.10539368085862076], [0.11252844188341292, 0.12423392615913348, 0.11096494701931028, 0.11368062426039056, 0.10756564744543036, 0.10182287105600847, 0.11186495057957983, 0.11244452886773716, 0.10489406272899693], [0.11114560855156332, 0.125, 0.10932029929682274, 0.11381066262980409, 0.10762804845078659, 0.10004723603747191, 0.11331844203101755, 0.1135478323738728, 0.10618187062866098], [0.11113656051806488, 0.12490603573814048, 0.10939267300952785, 0.1137350423462014, 0.10756106735108797, 0.1001205198095399, 0.11332274098863583, 0.11360515703251832, 0.10622020320628338], [0.11011709042955234, 0.125, 0.10824133396124035, 0.11373023255970009, 0.10760005784765359, 0.09893738613354348, 0.11452597382474759, 0.11450111753716707, 0.10734680770639547], [0.11113478951715262, 0.125, 0.1095509383821215, 0.11356343673238815, 0.10739234665932924, 0.10026302146172231, 0.11324873841658958, 0.11364610682393496, 0.10620062200676161], [0.1101527546321675, 0.12478950828564554, 0.10843658895438311, 0.11358448893273256, 0.10746603862943106, 0.09913751250856828, 0.11447641688364994, 0.11458452569188762, 0.10737216548153422], [0.11041994869567334, 0.12470726055409731, 0.1087831236048531, 0.11355298408028512, 0.10742329755265685, 0.0994915032390542, 0.11415415915188165, 0.11437822342360848, 0.10708949969788996], [0.11058809532970705, 0.12500000000000003, 0.10904443903704841, 0.11345649692905262, 0.10730514005044495, 0.09973188151099258, 0.11385916393787707, 0.11419592509321515, 0.10681885811166232], [0.11236799092760986, 0.12484914916572544, 0.1115568533504263, 0.11292310251554928, 0.10683492362401455, 0.10233642652403414, 0.11163058032027814, 0.11262173929825726, 0.10487923427410517], [0.112407180267121, 0.12499999999999999, 0.11170194898130582, 0.11281549538315185, 0.10673244331287067, 0.10247364209690919, 0.1115136518917123, 0.11256472282565044, 0.1047909152412786], [0.11136791874274773, 0.12442447456501332, 0.11036391236725021, 0.11307334024560288, 0.10696394155756009, 0.10110655210356727, 0.1128990450046863, 0.1136992839006856, 0.10610153151288658], [0.10920498137866161, 0.1238415397850713, 0.10776169033183447, 0.