[[0.10840594016459358, 0.1173003904779533, 0.11086842026799533, 0.10763359587916523, 0.10927110922534189, 0.11891906199457669, 0.101873010576601, 0.12478310010835926, 0.10094537130541383], [0.10842801063980591, 0.11743112226116707, 0.11096977983396845, 0.10762628429184902, 0.10917426843761535, 0.11951045345665465, 0.10144993163834315, 0.1249066993665164, 0.10050345007408001], [0.1084444496700977, 0.11740117892193103, 0.11080550128263238, 0.10766554043185246, 0.10919799434101124, 0.11883028835426462, 0.10184529140765637, 0.12487898452182247, 0.10093077106873173], [0.10845105008590182, 0.11743307295420412, 0.11083278978255831, 0.10766658330523743, 0.10918782805298512, 0.11895483352804632, 0.10176855068179018, 0.1248557285010946, 0.10084956310818212], [0.10845108267981578, 0.11750434128871348, 0.11093616359589813, 0.10764266871140908, 0.10911821911751318, 0.11949880502413386, 0.10139442904514552, 0.125, 0.10045429053737098], [0.10850130946751518, 0.11756399142588767, 0.11091002489612743, 0.10769579845043173, 0.10912733975016793, 0.11935192789861969, 0.10150228613770106, 0.12477284884824474, 0.10057447312530457], [0.10846036499125365, 0.11747529391468084, 0.1107764955663808, 0.1076737134858616, 0.10913920202529961, 0.11885038719342934, 0.10176738151898332, 0.12499999999999999, 0.10085716130411071], [0.10852594517989247, 0.11759605145227926, 0.11076222159262368, 0.10773145478085754, 0.10909588947665334, 0.11885784254805129, 0.10173510176561677, 0.12486040673974422, 0.10083508646428141], [0.10861626479418168, 0.11760298279962672, 0.11071050893249218, 0.10783635350194287, 0.10914434457633092, 0.11848536923510727, 0.10203506590022245, 0.1244072353174857, 0.10116187494261022], [0.10864357829272225, 0.1177957854521116, 0.11080674371798177, 0.10783296202279198, 0.10905348479290448, 0.11904875277816927, 0.10162456865269451, 0.12446186540241518, 0.10073225888820896], [0.10866369044693204, 0.11788006084259525, 0.11087234571141825, 0.10783164673352369, 0.10897440263591177, 0.11944786158247593, 0.10131816572025776, 0.12459824510443292, 0.10041358122245242], [0.10865394202137249, 0.11769388498048297, 0.11068490470716268, 0.10786718306929537, 0.10909552970618985, 0.11848080447544958, 0.10199093594783397, 0.12440744673806158, 0.10112536835415153], [0.10868257249524349, 0.11791924675919033, 0.11082551223466436, 0.10785329084217134, 0.10896550279307216, 0.11928766851250995, 0.10139884199126958, 0.12456288583300688, 0.10050447853887204], [0.10873533871299378, 0.11798776900032619, 0.11078158141199168, 0.10790905435052815, 0.10896292748042528, 0.11910040568109938, 0.10151547263328556, 0.12437090697294736, 0.10063654375640263], [0.10880559728356412, 0.11807923243110742, 0.11090755118342564, 0.10795581341537229, 0.10891099894833815, 0.11960970952770512, 0.1012007078794723, 0.12422181532483975, 0.1003085740061752], [0.10870738145262629, 0.11792618055770578, 0.11070870364371745, 0.107892530720611, 0.10897369896200401, 0.11882517673837734, 0.10166788912575547, 0.12450007692169644, 0.10079836187750615], [0.10880362470171527, 0.11810634067162319, 0.11086403946659383, 0.10795487417224706, 0.10889244157895121, 0.11949873872162982, 0.10123504432212549, 0.12429611096004806, 0.10034878540506609], [0.10878796095242682, 0.11810827016423084, 0.11080613035139253, 0.1079445938988516, 0.10888804215345638, 0.11931567044624987, 0.10132193974056555, 0.12438465857210813, 0.10044273372071828], [0.10877041872626135, 0.11785077190940917, 0.11062784806593166, 0.10797885500664453, 0.10904136479393176, 0.11831543812382979, 0.10205970879223544, 0.12413558052326466, 0.10122001405849163], [0.1088042348174318, 0.11813805295424284, 0.11077478764472565, 0.10796273505401183, 0.10888235458008151, 0.11920592863577353, 0.10137949128477852, 0.12434463499321154, 0.10050778003574276], [0.1087895805854318, 0.11807552453906361, 0.1106920304141075, 0.1079650227496621, 0.10892094174663752, 0.11882998901324576, 0.10162831690173263, 0.12432729434931314, 0.10077129970080594], [0.10882174826550631, 0.11816567409363914, 0.11075771017824468, 0.1079806327492113, 0.10887658796147368, 0.11914582767992955, 0.10141078161874335, 0.12429667686663898, 0.10054436058661288], [0.10879852678320566, 0.11786880504920516, 0.11061628792857976, 0.10800825559666154, 0.10904152910840179, 0.11825155951270613, 0.10210664136525391, 0.12403464637848574, 0.10127374827750016], [0.10881930952527387, 0.11817971055039182, 0.11069991243552364, 0.1079808034729367, 0.10885412873641659, 0.11898782306624296, 0.10146658863121373, 0.12440301784697154, 0.1006087057350293], [0.10881214954478387, 0.11814574619090103, 0.11066003805102441, 0.10798164835720679, 0.10887049268677795, 0.1188104405827667, 0.10158218822250428, 0.12440587725808158, 0.10073141910595355], [0.10882750266578523, 0.1180850646592315, 0.11060835885350709, 0.10801166107954248, 0.10891277810676003, 0.11851005218848952, 0.10180829606226666, 0.12426386630764603, 0.10097242007677146], [0.10883685292528081, 0.11800813844228457, 0.11059274908667825, 0.10803346062087481, 0.10896419634565238, 0.11832230291741683, 0.10198272853455247, 0.12410455876120458, 0.10115501236605529], [0.10892130725199761, 0.1183444089789636, 0.11076252913943152, 0.10806346660533923, 0.10879810125639022, 0.11926163203546748, 0.10128021612437102, 0.12414461104543174, 0.10042372756260744], [0.1088535047893734, 0.1182783990372846, 0.1106565324939512, 0.10800686233513096, 0.10878575321285665, 0.11895694459478862, 0.10140669475786404, 0.1244975329266161, 0.10055777585213459], [0.10885716006453454, 0.11811290418994029, 0.11058963291827488, 0.10804213122979392, 0.10890656524490872, 0.11843385920862542, 0.10185384149496386, 0.1241780682935763, 0.10102583735538222], [0.10885045232000709, 0.11819119274459468, 0.11060221153947512, 0.10802229054337036, 0.10884796719055762, 0.11862141541908493, 0.1016712989001877, 0.12435734212601403, 0.10083582921670849], [0.10884535948459496, 0.11824930250765878, 0.11060932142193015, 0.10800630789364242, 0.1087948847035665, 0.1187705543780797, 0.10151810769265548, 0.12452906406033842, 0.10067709785753368], [0.10885958636777365, 0.11830513316125417, 0.11061834609850747, 0.10801244845913029, 0.10875900499059282, 0.11887289308054132, 0.10142007341134518, 0.12457514042634665, 0.10057737400450847], [0.1089055719508117, 0.11802762052373697, 0.11056387058987735, 0.10810838891427797, 0.10897845996105994, 0.11813003648838653, 0.1021356648549618, 0.12382456711414401, 0.10132581960274371], [0.10889929829011034, 0.11821541764304193, 0.11056484994966219, 0.10807632725180272, 0.10885342536812988, 0.11843596461545892, 0.1017996249522194, 0.12417572435163442, 0.1009793675779402], [0.10892601504369961, 0.1180791517730404, 0.1105526867805782, 0.10812485353761123, 0.1089529655126246, 0.11813481502436597, 0.10210791552544071, 0.12381991444100575, 0.10130168236163353], [0.10892473192881337, 0.11846273342470083, 0.11059062035970958, 0.10806297577580373, 0.10866933924004721, 0.11892201700498092, 0.10129810956934214, 0.1246045225639001, 0.10046495013270212], [0.10888934530142663, 0.1183876419701495, 0.11054357741229119, 0.10803865465358171, 0.10869407427566918, 0.11872308284832665, 0.10142844712652904, 0.12469515598027642, 0.10060002043174962], [0.10891293614958832, 0.11828922880010237, 0.1105395063099667, 0.10808208163038306, 0.10879712357803684, 0.11846122787031084, 0.10171737531945532, 0.12430024720961101, 0.10090027313254554], [0.10906292841820972, 0.11859950864021943, 0.11073230285302793, 0.10818435721700975, 0.10868023851507622, 0.11929823320526234, 0.10115109135067832, 0.12397666767979917, 0.10031467212071705], [0.10891124082036731, 0.11845862213493803, 0.11054014660025625, 0.10805210810169862, 0.10864910605688637, 0.11879349500598595, 0.10133797755112132, 0.12474660324598891, 0.10051070048275726], [0.10901577401882986, 0.11860024740837136, 0.1106298271129746, 0.10814096351823663, 0.10863345732653878, 0.11907249842141578, 0.10119806590838464, 0.1243395384682432, 0.1003696278170053], [0.10895894604852108, 0.11854537591572664, 0.11056034027556112, 0.10809098261988068, 0.10862018882526324, 0.11889481678520691, 0.10125993739075329, 0.12463493371765763, 0.10043447842142943], [0.10897761054195519, 0.1183367419843732, 0.11050040748928845, 0.10815012439106608, 0.1087922998296433, 0.11828125168604885, 0.1018359395459257, 0.12408921861255026, 0.10103640591914911], [0.10897127356505419, 0.1186423414958699, 0.11042221811530979, 0.10809931101172154, 0.10850937074499559, 0.11862785375536516, 0.10126637021682233, 0.125, 0.10046126109486149], [0.10907380364540432, 0.11829830690159013, 0.1104764956556735, 0.10826274059744291, 0.10886060929183443, 0.11796183808046869, 0.10214243198678913, 0.12355524921812513, 0.10136852462267164], [0.10920369436791992, 0.11893549845258736, 0.1106039472684169, 0.10829881465289509, 0.10847117925244833, 0.11917100050405488, 0.10098405894776871, 0.1241526798277168, 0.100179126726192], [0.1092166017981242, 0.11894936347530519, 0.1106132955370308, 0.10830920788261349, 0.1084635223735058, 0.11920675229159639, 0.10095726277236065, 0.1241317592581511, 0.1001522346113124], [0.10907392205404721, 0.11839270033211642, 0.11045384085420769, 0.10825157516043522, 0.10879091025934723, 0.11804093990571625, 0.10200609532800263, 0.12375867952764034, 0.10123133657848699], [0.10917406318210154, 0.11890339463844594, 0.11056852968817225, 0.10827718858342494, 0.10849288901572644, 0.11903262064477041, 0.10108259791308685, 0.12418809965402951, 0.10028061668024212], [0.10907263035783787, 0.11880071479810714, 0.11046115262387665, 0.10818795949213318, 0.10847963345079299, 0.11875933007521677, 0.1011864238886732, 0.12466452415208057, 0.1003876311612816], [0.10920557864856126, 0.11896505311771326, 0.11056960025014002, 0.1083003516948342, 0.10844938388381847, 0.11909702184361216, 0.10099681665844232, 0.12421933266084821, 0.1001968612420301], [0.10904438679315884, 0.11859992838576455, 0.11041328994639701, 0.10819164026714702, 0.10861103257449191, 0.11832311985346716, 0.10159825689150995, 0.1244050418162676, 0.1008133034717961], [0.1090823588719644, 0.1184640312094482, 0.11043422627349425, 0.1082522846576718, 0.1087404102538582, 0.11807908544939022, 0.10192116027324727, 0.12387862327055192, 0.10114781974037373], [0.10910671127961324, 0.1188813167653857, 0.11040230517683287, 0.10821897204084556, 0.10842896083738171, 0.11863337712474946, 0.10120082767208392, 0.124712628681491, 0.10041490042161653], [0.1091395004705354, 0.11893310182837637, 0.11041550196358449, 0.10824737646254787, 0.1084182266171302, 0.11867917598983145, 0.1011709590911134, 0.12460929969819111, 0.10038685787868987], [0.1092269089955801, 0.1190677249639185, 0.11046174314317656, 0.10832061764782025, 0.10838126670458442, 0.11885107628050418, 0.10105045079273581, 0.12437145847521709, 0.1002687529964631], [0.10911553030422741, 0.11889325457901474, 0.11036423810864383, 0.10823027928573503, 0.1084179009342279, 0.11851539647824366, 0.10125596604895773, 0.12472955391606054, 0.10047788034488918], [0.10924830618177046, 0.11911275387114496, 0.11047126468587151, 0.10833431160939433, 0.1083459970784305, 0.11893517589339866, 0.10096071588585315, 0.12441309887761547, 0.10017837591652111], [0.10911800835928538, 0.11887182313093189, 0.11035066405583151, 0.10823768110307076, 0.10843471052100719, 0.11842949650118512, 0.1013283073192086, 0.12467489790158189, 0.1005544111078975], [0.10914592600397621, 0.1186551526633037, 0.11037267384302467, 0.10829985849038719, 0.1086239115669705, 0.11807199827281088, 0.10179437809400964, 0.12400140291024092, 0.10103469815527641], [0.10924433172639027, 0.11911796552721138, 0.11043962940098828, 0.10833367193161621, 0.1083452397473416, 0.11883368356218367, 0.10101660027179626, 0.12442958530680848, 0.100239292525664], [0.10912830212177939, 0.11885141088080005, 0.11034467842013672, 0.10825320235920219, 0.108458627573787, 0.11834936871459674, 0.10140951112876999, 0.12456478684632843, 0.1006401119545995], [0.10914079550936319, 0.11885289782843912, 0.11033972469694214, 0.10826759681294569, 0.1084661767414699, 0.11830632276556931, 0.1014484196338774, 0.1244955611360755, 0.10068250487531771], [0.10914650648189084, 0.1188210227609646, 0.11034163877654166, 0.10827875784924616, 0.10849550963029946, 0.11824511366656287, 0.10152458795211793, 0.1243854846129425, 0.10076137826943402], [0.10916944463428957, 0.11875813929214633, 0.11034557454325736, 0.10831329753884254, 0.10855757760166906, 0.11810516390623864, 0.10169549638715868, 0.12411541138983977, 0.10093989470655804], [0.10920689226975368, 0.11906033024854325, 0.11035072045996788, 0.10831004030780089, 0.10835876074405958, 0.11852710739119739, 0.10119903431994116, 0.12455363091416327, 0.1004334833445729], [0.10917202005383446, 0.11895456595968236, 0.11032473528832656, 0.10828866800621754, 0.10840742976492165, 0.11835700484911822, 0.10135099983843801, 0.12455598675595894, 0.10058858948350227], [0.10919288056590698, 0.1187542338717818, 0.11033966045838327, 0.10834018992956898, 0.10857192116293075, 0.1180340900988371, 0.10176365489698345, 0.12398922193215901, 0.10101414708344882], [0.1092590432231957, 0.11915375692473625, 0.11036563199610534, 0.10835367311289204, 0.10832961054618562, 0.11860173657759107, 0.1011329550681713, 0.12443304310121886, 0.10037054944990381], [0.10919897007453773, 0.1190199226796521, 0.11031812345410165, 0.10830988670732283, 0.10837643859115884, 0.11838030224685585, 0.10130469193923182, 0.1245461635617106, 0.10054550074542844], [0.10921772014876724, 0.1190101285558231, 0.11030164466105719, 0.10833398644892463, 0.10839443428428819, 0.11826970708089497, 0.10139872106609307, 0.12442661584101189, 0.10064704191313974], [0.10923148857183568, 0.11897610403281882, 0.11029580366562586, 0.10835492946337315, 0.10842761056006378, 0.11816697213954341, 0.1015071792410155, 0.12427853868413556, 0.10076137364158824], [0.10929696279111985, 0.11920240395666055, 0.11026559016131846, 0.10839745497773219, 0.10829773035958222, 0.11828947117527512, 0.10128199370606664, 0.12442582779470822, 0.1005425650775366], [0.10930835256223753, 0.11898127945438929, 0.1102691291059484, 0.10844130190787378, 0.1084612606968187, 0.11793974750784918, 0.10170997983535551, 0.12390436175835472, 0.1009845871711729], [0.1093539218019431, 0.11911809539909675, 0.11023950602768545, 0.10847521895371294, 0.10838787356034987, 0.11796129165547943, 0.10161368900473591, 0.12395473481913091, 0.10089566877786563], [0.10942071653197345, 0.11962590728452771, 0.11019303388466686, 0.10846973457849315, 0.10798898348715681, 0.11855603913003217, 0.10073701914026077, 0.125, 0.1000085659628891], [0.10936842247039691, 0.11918257269520052, 0.11022701004930587, 0.10848329133301522, 0.10834912732869424, 0.1179901511753819, 0.10154911714027746, 0.12401749984025877, 0.10083280796746925], [0.10948906130262501, 0.1197409225294518, 0.11015621836484572, 0.10853481824380298, 0.10795750092748764, 0.11844415108109185, 0.10077818467250102, 0.12483431288364598, 0.10006482999454797], [0.10942013803308251, 0.11921560390016793, 0.11019783292619467, 0.10853735593615094, 0.10834332483106622, 0.11785862367609161, 0.10163532944227806, 0.12385885709917875, 0.10093293415578929], [0.10941708028882677, 0.11961905267117082, 0.11010322772504072, 0.10847787894298704, 0.10799428504196887, 0.11824905962018559, 0.10092539362744057, 0.12499999999999999, 0.10021402208237953], [0.10942215420828681, 0.11948994447334037, 0.11013267856988722, 0.10850380063783122, 0.10812276759577415, 0.11809141764587355, 0.10119762814740887, 0.12454860502877307, 0.10049100369282478], [0.10943858588375462, 0.11964839079662862, 0.11009245441810012, 0.10849906962371753, 0.10798803062287926, 0.11820912244055477, 0.10094660040161589, 0.1249375512525178, 0.10024019456023137], [0.10945932829725202, 0.11930590450584237, 0.11016236101524163, 0.10857012226053603, 0.10828985398016747, 0.11781734246191355, 0.10159972128244202, 0.12388878214229457, 0.1009065840543105], [0.1095202859307349, 0.11961303834266242, 0.11007519507934325, 0.10860003610952894, 0.10808245139624961, 0.11790056696473174, 0.10128496327526536, 0.12432114141030022, 0.10060232149118353], [0.10953686601123934, 0.11968508589307654, 0.11005662544036206, 0.10860930816611246, 0.10803486860814696, 0.11792083580163112, 0.10121200505087717, 0.12441252707961524, 0.10053187794893911], [0.109544272846733, 0.11953876408889834, 0.11008325990911264, 0.10863654916123434, 0.10815078160368743, 0.11776825046774843, 0.10146535530552826, 0.12402210866511498, 0.10079065795194271], [0.12325475846515287, 0.09962831348537037, 0.11767494522790428, 0.11623016735323013, 0.11375617938427246, 0.10349016052911074, 0.11332066804055697, 0.09724192111734979, 0.1154028863970524], [0.12312713452777738, 0.10027318952456866, 0.11738660257149414, 0.11680623881659098, 0.1133620652537509, 0.10433124756988495, 0.11262681691536686, 0.09791392118791094, 0.11417278363265518], [0.12335658268540631, 0.09993601867548328, 0.11748811444162065, 0.1165572185847096, 0.11353385310349967, 0.10389488682676998, 0.11293859806052237, 0.0975533663652284, 0.11474136125675996], [0.12330514131985436, 0.09966442733109261, 0.1176243804294745, 0.11627560261452682, 0.11371115459920061, 0.10348737365557276, 0.1132828407631016, 0.09726433481119112, 0.11538474447598561], [0.12335093537722604, 0.09969948209937009, 0.11758287931598924, 0.11632040670396614, 0.11367099503198866, 0.10350003327398531, 0.1132408566501763, 0.09728982607987088, 0.11534458546742736], [0.1232863070622244, 0.09966630830588061, 0.11758039163061292, 0.11625823440317681, 0.11369818583346038, 0.10338849549908583, 0.11333022989062626, 0.09724460032956728, 0.11554724704536572], [0.12350558924949373, 0.1001865213471934, 0.11725194752771714, 0.11683763839989393, 0.11330396449416309, 0.1040632063022685, 0.11266777677058172, 0.09776387408632614, 0.11441948182236235], [0.12321888646192808, 0.10056855166002247, 0.11716701724275431, 0.11712858298141468, 0.11308952445024181, 0.10450842304725699, 0.11232248091763862, 0.0981580917406298, 0.113838441498113], [0.1235857290350589, 0.09989087966937749, 0.11732898142006493, 0.11655047019557264, 0.11344544955507578, 0.10349804919908615, 0.11304728602425139, 0.09741403750315511, 0.11523911739835761], [0.123831029471458, 0.1000775947892498, 0.11715841096898151, 0.11680495886348434, 0.11324997751727081, 0.10368321847806546, 0.1127742395964518, 0.0975765552211894, 0.11484401509384887], [0.12390799944009488, 0.10012818093617451, 0.11708100922133285, 0.11686736829507256, 0.1131838857296489, 0.10366238437840211, 0.11272658031658436, 0.09760392088847385, 0.11483867079421597], [0.12293747303568718, 0.09985637992749978, 0.11740464100354171, 0.11625155319987568, 0.11358308551205026, 0.10317171030262372, 0.11341926931278083, 0.09735993823457025, 0.11601594947137057], [0.12395089554437029, 0.10055358245478892, 0.11680552489881812, 0.11731818841564814, 0.11287983794735326, 0.10415338398411084, 0.11225106186680775, 0.0980197232475063, 0.11406780164059618], [0.12330448086103606, 0.10119712893953467, 0.11668272144658967, 0.11780808464908955, 0.11253969313146434, 0.10484949638318841, 0.11172904584333486, 0.09867270440029824, 0.11321664434546418], [0.12394742854494772, 0.10074461950029262, 0.11666152372505016, 0.11751317570767122, 0.11273422762899958, 0.10429587065522179, 0.11207311821479944, 0.09818859860842609, 0.11384143741459139], [0.1238270634190043, 0.10015792686080266, 0.11700765186697247, 0.11684747729065535, 0.11316181368314757, 0.10352206217422545, 0.11279668407253411, 0.09759912965367695, 0.11508019097898116], [0.12307597041306322, 0.10003505008209619, 0.11721695372049457, 0.11645221792809664, 0.11341164586716881, 0.1032419757305353, 0.11323752537416694, 0.09749697319822252, 0.11583168768615582], [0.12390386592425479, 0.10020619760658982, 0.1169549299310201, 0.11691556472383127, 0.11310545141885493, 0.10355335200736293, 0.1127282803917239, 0.09763649393731393, 0.11499586405904834], [0.12416132763438095, 0.10077683223984744, 0.11655314382257964, 0.11759709193734334, 0.1126413365111544, 0.10422086742332556, 0.11201269531673326, 0.09818174233856589, 0.11385496277606952], [0.1239057382167513, 0.10099257647226463, 0.11651952736058106, 0.11776883663120084, 0.11253862089375644, 0.10446645785648304, 0.1118427249087132, 0.09840359369947901, 0.11356192396077046], [0.12302344538579665, 0.10017842940524936, 0.1170941389446845, 0.11654673704562649, 0.11330988978564262, 0.1032615425296609, 0.11316600435176818, 0.09761058750541761, 0.11580922504615389], [0.1235987373646069, 0.10032431282417044, 0.11686271517011654, 0.11690120369094287, 0.11307234931352764, 0.1034445839177278, 0.11280648231274919, 0.09771751072584761, 0.11527210468031102], [0.1245180753788802, 0.10074767721649712, 0.11644714364163074, 0.11763461159238753, 0.11255012052573564, 0.10403339512839696, 0.11199115859407274, 0.09809916190324251, 0.11397865601915656], [0.12455374889763177, 0.10066255432527739, 0.11649079007009883, 0.11754605293429901, 0.11260045088492439, 0.10392651927470266, 0.11207774285415185, 0.09801273164516745, 0.11412940911374668], [0.12387440278590957, 0.10041533239558086, 0.11673722759252798, 0.11708070188629974, 0.11294059700820354, 0.10354206841772415, 0.11261985752303642, 0.09778787832107629, 0.11500193406964143], [0.12394691336878919, 0.10122862456671905, 0.11632091174087929, 0.11803613088608088, 0.11233023111191434, 0.1045684758654187, 0.11162740714135354, 0.09858933881283802, 0.11335196650600705], [0.12286062065682837, 0.1002782247466284, 0.11702763956001735, 0.1165583282727617, 0.11326609797386136, 0.10325233230469924, 0.11318341822900821, 0.0976940985184901, 0.11587923973770527], [0.12434181652913251, 0.10055077601706669, 0.11657389932384034, 0.11735955013464111, 0.11272502916005928, 0.10371673171512416, 0.11230450043034591, 0.09789689658278491, 0.11453080010700506], [0.12354490816472535, 0.10158691104746102, 0.11623788089388995, 0.11831930723176974, 0.11214285167812671, 0.10490996032349761, 0.11136439239903596, 0.09894094223834683, 0.1129528460231468], [0.12430469502592828, 0.10109610169045385, 0.11623758064265818, 0.11796710727130562, 0.11234557527677827, 0.10434672485091978, 0.11170956368014558, 0.09842788202140959, 0.11356476954040085], [0.12465807600267652, 0.10071181917447768, 0.11640863423121023, 0.11760963563039864, 0.11252945823115261, 0.10389691907885772, 0.11202669138196901, 0.09803622930720444, 0.11412253696205313], [0.1230148079579873, 0.10037778099748915, 0.1169160063041086, 0.11670947082887666, 0.11315717571574083, 0.10331678164383033, 0.11303529077072257, 0.09776953262019873, 0.1157031531610458], [0.12443437415868573, 0.10062199987811608, 0.11649552722034065, 0.1174524049401388, 0.11264617232370482, 0.10375308066491888, 0.1122152242440245, 0.09795121449735768, 0.11443000207271285], [0.1236148319275125, 0.10160924461924481, 0.11618057902410495, 0.11836724011776947, 0.11210424499954057, 0.10488305343381893, 0.11133877451783754, 0.09894562314907494, 0.1129564082110965], [0.12467227625801264, 0.10092404945087022, 0.11625447611630278, 0.11784786560575695, 0.11236843622399682, 0.10409187710488187, 0.1118063784142734, 0.09822984226863164, 0.11380479855727366], [0.1230614515020637, 0.10045626436477502, 0.11683929135698919, 0.11679648457936963, 0.1130872536213421, 0.10335207709750739, 0.11295646921630752, 0.09783122108729957, 0.1156194871743459], [0.1230983231404303, 0.1005362162213584, 0.11676311574914733, 0.11688139205581566, 0.11301847504119751, 0.10338671423828039, 0.11288083653261442, 0.09789447228676476, 0.11554045473439105], [0.1246638157424638, 0.10082382687869565, 0.11627786662879146, 0.11770782063953407, 0.1124305285387464, 0.10385068206029283, 0.11197514125079829, 0.09810559486744318, 0.11416472339323433], [0.12467232395486778, 0.10111196541009186, 0.1160951395799731, 0.11805029722299402, 0.11221991478835314, 0.10418794158039589, 0.11164582129919345, 0.09838393699688246, 0.11363265916724827], [0.12338600411616199, 0.10196811108843272, 0.11598360621588338, 0.11870263462341399, 0.11186870327867421, 0.10511840328388633, 0.11107062352722641, 0.09926241636632081, 0.11263949750000013], [0.12332492352888583, 0.1006317058687271, 0.11664007959608284, 0.1170623936350637, 0.1128946390712429, 0.10346725573191294, 0.11270507302783156, 0.09796492324300751, 0.11530900629724562], [0.12480462490086933, 0.10090668587045354, 0.11618523404485577, 0.11782611185744837, 0.11233191594466276, 0.10391017273661128, 0.11185356825514621, 0.0981710615782748, 0.11401062481167794], [0.12373975851129054, 0.10176200068280758, 0.1159737188777517, 0.11857999134866903, 0.11194174497224608, 0.10486649676525946, 0.11120504107225067, 0.09903946463567055, 0.11289178313405436], [0.12284510259849062, 0.1023613875069073, 0.11590730145763413, 0.1189593555753867, 0.11177283009216683, 0.10552135869930511, 0.11078240532626234, 0.09966098199357065, 0.11218927675027635], [0.125, 0.10097548283582196, 0.11609931529543657, 0.11794149955651277, 0.11223276679058004, 0.10398408594461862, 0.11171862208067061, 0.09822765407899821, 0.11382057341736122], [0.12378264394742614, 0.10077812445197093, 0.11642368315420303, 0.11737796436969004, 0.1126773271176278, 0.10361870018553765, 0.11239877410774929, 0.09807278294044405, 0.11486999972535111], [0.12299959809025537, 0.10236493593337893, 0.11581578921636007, 0.11902947603963415, 0.11169454618653543, 0.10543332739207249, 0.11077790695486124, 0.09963239971741161, 0.1122520204694907], [0.12331572376823155, 0.10216798870000232, 0.11583363178023437, 0.11891352390269436, 0.1117211207704066, 0.10520721912074302, 0.11092099369458168, 0.0994247543479647, 0.11249504391514142], [0.12279166162708696, 0.10075516295341382, 0.11662293689191937, 0.11693104120501642, 0.11292401077142082, 0.10340781190815668, 0.11287658550250661, 0.09808317887875304, 0.11560761026172633], [0.12323480678640346, 0.10080930657317748, 0.11650337313533622, 0.11718328851888292, 0.11278233101446665, 0.10351481656384183, 0.1126112941704823, 0.09811108435934779, 0.1152496988780612], [0.12380126843741118, 0.10189605100431326, 0.11580873341737184, 0.11875197960452764, 0.1118137403583536, 0.10486178913527557, 0.11109984038857651, 0.09912719084958962, 0.11283940680458078], [0.12475534472289485, 0.10118221534896556, 0.11596159499940954, 0.11811116403635238, 0.11212740180578225, 0.10403932374466482, 0.11163833809923535, 0.09839661834158761, 0.11378799890110763], [0.12344699308046927, 0.10091372989657128, 0.11637264032893355, 0.11737211692054288, 0.1126525250585923, 0.10359866329354825, 0.11243880710019645, 0.09818910118470814, 0.11501542313643788], [0.12467229391902031, 0.10135157348996779, 0.11586332393169352, 0.11829931512266324, 0.11202132222378021, 0.10421117965608824, 0.11148096136693698, 0.09855733985675189, 0.11354269043309785], [0.12354725834282503, 0.1021241717925214, 0.11573643298312196, 0.1189441487630866, 0.11169265188898075, 0.10505602032881607, 0.11094128737179139, 0.099344138092221, 0.11261389043663562], [0.12462732643828064, 0.10140586699860206, 0.11581576741432861, 0.1183425458259731, 0.1119870204787913, 0.10419985966235347, 0.11146508333947086, 0.09859518123967755, 0.11356134860252243], [0.12455693535658383, 0.10127266351599357, 0.11590976997749912, 0.11815327214974669, 0.11210342561166126, 0.10402863852805207, 0.11164900783647076, 0.09846804333206584, 0.1138582436919271], [0.12322154236443013, 0.1024330020033624, 0.1156251485591968, 0.11919911299998769, 0.11152578371875893, 0.10530954617647953, 0.11072916647020106, 0.09963584703701849, 0.11232085067056498], [0.12422176311369867, 0.1011687406550806, 0.1160319221385288, 0.11792705081622885, 0.11226674609761043, 0.10387888607672831, 0.11189347777404646, 0.09838109943929564, 0.11423031388878223], [0.1230321541136187, 0.10257485714676227, 0.11558687866754876, 0.11930230384291236, 0.11149471689395511, 0.10544772648146315, 0.11062360999665456, 0.09977641862024579, 0.11216133423683908], [0.12324430526503648, 0.10104213357872933, 0.1163027334699052, 0.11740332354136072, 0.1126061337818223, 0.10361201980053292, 0.11242800380648021, 0.09830000472777796, 0.11506134202835487], [0.12416723604064804, 0.10182957281113995, 0.11563255264634269, 0.11875015262233468, 0.11177771207635505, 0.10460809288223265, 0.11115580789690047, 0.09900495657067043, 0.11307391645337606], [0.1240208675470444, 0.10193127354372188, 0.11562612850490056, 0.11884056525323665, 0.11172976488596542, 0.10471824306844212, 0.11107958120974351, 0.09910728995793923, 0.11294628602900623], [0.12408733106556624, 0.10188919586650454, 0.11562457419047907, 0.1188044501097611, 0.11174816067664153, 0.1046681939556042, 0.11111148667716253, 0.09906361735793619, 0.1130029901003446], [0.12416681571179443, 0.10132895880301086, 0.11590806777389098, 0.11807968402474694, 0.11215665615396705, 0.10394859429166045, 0.11178080326980443, 0.09851307650748849, 0.11411734346363633], [0.12445312144454648, 0.1015762868142492, 0.1156976173867094, 0.11848403444942948, 0.11189478715625509, 0.10424370994865692, 0.11139221972069419, 0.09873333014388429, 0.11352489293557493], [0.12441566137461406, 0.1015322670323609, 0.11572676717892046, 0.11841037218037963, 0.11193674042792959, 0.10416950460329552, 0.11146646323483984, 0.09868868384991462, 0.1136535401177454], [0.12283971792470566, 0.10117151869081759, 0.11626478082927907, 0.11732937016447642, 0.11260733118642284, 0.10359169408506178, 0.1125316382682111, 0.09842177133348345, 0.11524217751754194], [0.12409375369295735, 0.10203234106337182, 0.11541809023558916, 0.11893836060690538, 0.11163244086492768, 0.10456669840720882, 0.11107127835345743, 0.09914178182541662, 0.11310525495016552], [0.12324198900072214, 0.1027122287244074, 0.1153037179485545, 0.11955402295381833, 0.1112882449398815, 0.10529472522147693, 0.11054206808159422, 0.09982091655418635, 0.11224208657535863], [0.12417421559271581, 0.10178702583651428, 0.11555777792996927, 0.11862465606089535, 0.11179903581116361, 0.10426860778276965, 0.11133941129982546, 0.09890263523718776, 0.1135466344489588], [0.12411523281772725, 0.10199485110771368, 0.11542810816817703, 0.11888411680916615, 0.11165375867953654, 0.10448375248531488, 0.11112566244496504, 0.09909662672097133, 0.11321789076642812], [0.12288321664472238, 0.10138518864367928, 0.11608027301926002, 0.11755390963882828, 0.11244088967674862, 0.10369781158751648, 0.11233729931587888, 0.09859518388220306, 0.115026227591163], [0.12359917814679575, 0.10249751712460345, 0.11527064773415498, 0.11939383610705855, 0.11137618326652422, 0.10499468927980028, 0.1107139484254181, 0.09958426930522098, 0.1125697306104237], [0.12353714263053013, 0.1025689424076817, 0.1152322904250146, 0.11946229811522784, 0.11133371975573576, 0.10503644171061134, 0.11066706049072877, 0.09964642883343396, 0.1125156756310359], [0.12379453641284038, 0.10237686311280565, 0.11521186721967742, 0.11926812501877593, 0.11143657698912422, 0.1047752440891284, 0.11085035484068537, 0.099443905093278, 0.11284252722368467], [0.1238942088538975, 0.10190541550320709, 0.11549173747284266, 0.1186347828033178, 0.11178104333901064, 0.10423434539436688, 0.1113796332670084, 0.09899721766522168, 0.11368161570112736], [0.12393147196342842, 0.10196749618791878, 0.11544320730757368, 0.11873398458693009, 0.11172206854880001, 0.10430026649142111, 0.11129465625797424, 0.0990515874230191, 0.11355526123293457], [0.12339555893372922, 0.10276407946264308, 0.1150959197976271, 0.11965188631161107, 0.11121300015890032, 0.10511177066116445, 0.11055096172843691, 0.09980636515076807, 0.11241045779511977], [0.12345242745892507, 0.10182651473160385, 0.11560040340714185, 0.11830887093311579, 0.11196822468114949, 0.10404760204023081, 0.11168656718584898, 0.09893736169869286, 0.11417202786329113], [0.1238172632066741, 0.10221407741455397, 0.11527629508738418, 0.11900255186116718, 0.11155907982536499, 0.1044667570944496, 0.11109693369364396, 0.09926575200445757, 0.11330128981230446], [0.12367856405753457, 0.10251752058473677, 0.11509781591600392, 0.11938492666496747, 0.11135739009780758, 0.10479624485550314, 0.11079201972810367, 0.09955393113035398, 0.1128215869649887], [0.12322536714302067, 0.10298057937278209, 0.11495427480474582, 0.11985946185898157, 0.11108258350923488, 0.10520496719688952, 0.1104215085472674, 0.099986734889685, 0.11228452267739286], [0.12340481567275274, 0.10203434699432114, 0.11544576979169412, 0.1185240320637388, 0.1118218224041281, 0.10415968405277568, 0.11152113938580117, 0.09911074671369555, 0.11397764292109289], [0.12319939165449449, 0.10212452731064325, 0.11540706791467745, 0.11850897871014364, 0.11181258473938885, 0.10415886881359791, 0.11154559005064249, 0.09919177054277617, 0.1140512202636356], [0.12291040891391605, 0.10202133747987799, 0.11555537747279368, 0.11821808362026782, 0.11197060911264294, 0.1040293405085973, 0.11177995225778783, 0.0991180887927914, 0.11439680184132499], [0.12268942639327451, 0.10352107887997124, 0.11473711682072071, 0.12036554108396667, 0.11077469606411605, 0.10561736027684776, 0.11003994202135264, 0.10048299527421474, 0.11177184318553565], [0.12319378418528654, 0.1022278979373424, 0.11532372999758, 0.11862806199124065, 0.11173591883046226, 0.10422153113851464, 0.1114541793338624, 0.0992778066976956, 0.1139370898880155], [0.12333661457967399, 0.10288528721920898, 0.11484614224713303, 0.11967828793220901, 0.11115946697431431, 0.10489141137818095, 0.11062982120468724, 0.09985295117168781, 0.11272001729290466], [0.12305197954288757, 0.10228274658123877, 0.11530853288793502, 0.11860388228568061, 0.11173512229749559, 0.1042163218346697, 0.11147776457178961, 0.09932805339320719, 0.11399559660509592], [0.12289321182091394, 0.10339452070835466, 0.1146804439240547, 0.12024981869939881, 0.11083798045290953, 0.10537360872092845, 0.11018272575096213, 0.10033044723903384, 0.11205724268344396], [0.12334361853369784, 0.10273363463456846, 0.11494001247863522, 0.1194239712015181, 0.11128338614212271, 0.10468162757402162, 0.11083313914566262, 0.09970651042752511, 0.11305409986224829], [0.12328165178115132, 0.10253934058750991, 0.11508284322065497, 0.11909014284128489, 0.1114616936365459, 0.10446920891721048, 0.11109390998778859, 0.09953606873046571, 0.11344514029738823], [0.12294676289546291, 0.10239265226260935, 0.11524124595993224, 0.1186658986010097, 0.11168285143904604, 0.10425604188162974, 0.11143253532111125, 0.09942317945315322, 0.11395883218604576], [0.12287615087719404, 0.10240215068811698, 0.1152493978585182, 0.11862940482917096, 0.11169647565153358, 0.10424300079737388, 0.11146102741323158, 0.09943399201756081, 0.11400839986729996], [0.12302401282653994, 0.10258593468845281, 0.11507646864595969, 0.11896311395303519, 0.11150922087769595, 0.10440612016508728, 0.11120482171435747, 0.09958061710843064, 0.11364969002044101], [0.12277105332006494, 0.10246329042310288, 0.11522282528529389, 0.11862923843832839, 0.11168192236154055, 0.104253196178412, 0.11146110766297952, 0.09948939608543843, 0.11402797024483939], [0.12308395364874104, 0.10282754663366828, 0.11489317791406939, 0.11934620923871687, 0.11129416074934187, 0.10461476117664034, 0.11091434779945765, 0.09978247324718578, 0.1132433695921788], [0.12271068035492888, 0.10256691103616726, 0.11515141142437266, 0.11870989356015765, 0.11162239475581377, 0.10430126521387673, 0.11139914903351837, 0.09957794270758555, 0.11396035191357912], [0.12292675607464074, 0.1033748836689453, 0.11455321665534049, 0.12013856838298563, 0.11087926861300089, 0.10515770572227395, 0.11032450881507062, 0.10027570139317231, 0.11236939067457008], [0.12304476082868686, 0.10289786175634061, 0.114846345353137, 0.11941739592590031, 0.11125007720207579, 0.10465583511065474, 0.11086360618932734, 0.09984269821321458, 0.11318141942066277], [0.12273341780749754, 0.1036085310084602, 0.11448010654269529, 0.12041437508197046, 0.1107238636113972, 0.10536965366415249, 0.11011392846222692, 0.10049077690322095, 0.11206534691837874], [0.12296144022973644, 0.10326833929490023, 0.11459614351961069, 0.11995342469253685, 0.11096695432375607, 0.10500144777163017, 0.1104704092687035, 0.10017071755414995, 0.1126111233449761], [0.1227069552162115, 0.1036392673988969, 0.11443553437697138, 0.12041888527530613, 0.1107143556733809, 0.10534302017344445, 0.11012408609425213, 0.10050988011815216, 0.11210801567338446], [0.1228196079263151, 0.102976994246706, 0.11481303870981258, 0.11933569792011263, 0.11126554695470238, 0.10461683473697532, 0.1109320839421621, 0.09991313462467907, 0.11332706093853483], [0.12287885860067385, 0.10328033650069474, 0.11459049822176692, 0.11987643161442416, 0.11098897017758176, 0.10493244748832986, 0.11053514125737156, 0.10017419268731398, 0.11274312345184316], [0.12271884382471873, 0.1036120154455973, 0.11440909209654852, 0.12034262375884962, 0.11074847862027007, 0.10526131929986197, 0.11019408148332217, 0.10047658820338945, 0.11223695726744219], [0.12277039105778235, 0.10314917181752038, 0.11469352854591354, 0.11954697557934, 0.1111418254598197, 0.10473432812529589, 0.11077857705859315, 0.1000590340986651, 0.11312616825707006], [0.12272872792032541, 0.10310152244669832, 0.11473293018942261, 0.11943516407339623, 0.11119685554835738, 0.10467618204124197, 0.11086039751450233, 0.10002001978594285, 0.11324820048011283], [0.12272573398229579, 0.10319186438252993, 0.11466765933001849, 0.11956915846557066, 0.1111231568178985, 0.1047487347950039, 0.11076316758252851, 0.10009595362414221, 0.113114571020012], [0.12253570910777302, 0.10382788735587269, 0.11429125876120012, 0.12054544154208252, 0.1106231231648811, 0.10537704585338906, 0.11005757020441004, 0.1006624384560366, 0.1120795255543549], [0.12257781831951797, 0.10310673712571453, 0.1147477163444745, 0.11930209034577414, 0.11124893515980908, 0.10462112387459147, 0.11095696792613564, 0.1000304636945024, 0.11340814720948024], [0.1226220218542164, 0.10349665807683646, 0.11445992103982298, 0.11996037954547163, 0.11090468249435949, 0.10497349957615294, 0.11048493787675998, 0.1003572630915952, 0.11274063644478471], [0.11517626774974642, 0.10773409014375956, 0.11713509944664441, 0.11535504769040418, 0.11258633115672591, 0.1131532374164627, 0.10636245303451763, 0.10642602320315254, 0.1060714501585865], [0.11517820599201115, 0.10780079289563242, 0.11710359967643981, 0.11534347463147306, 0.11255603157383787, 0.1132048036285196, 0.10630693446377713, 0.10649254074581266, 0.1060136163924963], [0.11547396639413242, 0.10735624596945822, 0.1171043992622862, 0.11574425934717075, 0.11256568358703581, 0.11262073906526991, 0.10671207175124418, 0.10592470521105533, 0.10649792941234702], [0.11562986903649652, 0.1070243423226937, 0.11712208264021856, 0.11598185376114706, 0.11260110895439229, 0.11222662991924733, 0.10702499212452617, 0.10552696116889583, 0.10686216007238257], [0.11534074604107455, 0.10824276008572994, 0.1167984521908766, 0.11542166075429797, 0.1122649055483978, 0.11342042292478009, 0.10596035609795439, 0.10686863640061836, 0.1056820599562704], [0.11514043587572186, 0.10876862055279943, 0.11664947879686384, 0.11511575397430639, 0.11213834278330016, 0.11396304595533382, 0.10554043685739473, 0.10747389203449445, 0.10520999316978534], [0.11567244841759207, 0.10779523917968771, 0.1167965358494724, 0.11585590633949358, 0.11226375145875332, 0.11282359417961087, 0.1063504194163588, 0.10628850994532522, 0.10615359521370613], [0.11572869836943936, 0.10785931215707283, 0.11673381548225911, 0.11590034002575625, 0.1122033753256273, 0.11283100288952977, 0.10630100031941661, 0.10633032846679441, 0.10611212696410437], [0.11611618746252249, 0.10716789050568186, 0.11673732377358012, 0.116461799350724, 0.11224285224829379, 0.11198870030624788, 0.10693475374949762, 0.10548839852436633, 0.1068620940790858], [0.11581688443888083, 0.10801538087358885, 0.11661175447495807, 0.11595783879503009, 0.1120855154747714, 0.11288415985884216, 0.10617825622042529, 0.10645086329593927, 0.10599934656756402], [0.11621928200962381, 0.10732410906517638, 0.11661470073431247, 0.11653312535979891, 0.1121203739772275, 0.11204169601425719, 0.10680100917174756, 0.10560708363675785, 0.10673862003109831], [0.11615018881755831, 0.10754266198102352, 0.1165848112933