[[0.11412383755099563, 0.10421021360773641, 0.12269311296478282, 0.10230421588263136, 0.1042406378794569, 0.11237375205719276, 0.09779986139453416, 0.1246813729618438, 0.11757299570082617], [0.11479830287175609, 0.10402977111952501, 0.12332794591995716, 0.10168385672218967, 0.10392967196913044, 0.11204274717119783, 0.09711462130714262, 0.12485988281511455, 0.11821320010398662], [0.1141436996790122, 0.10427107789573056, 0.1225122594706242, 0.10231821722941505, 0.10425987582302844, 0.11226625573042767, 0.09795274384266339, 0.12482317966314184, 0.11745269066595662], [0.1142739290069753, 0.10423385220205864, 0.12269857553151324, 0.10220068911683731, 0.10420061908363357, 0.11220089913212376, 0.09781353626902249, 0.1247881899248298, 0.11758970973300609], [0.11486776849743223, 0.10405655610266054, 0.12321697298199624, 0.10164601630109414, 0.10391910661472717, 0.11195403835563313, 0.09716081702186238, 0.125, 0.11817872412459415], [0.11477494773464902, 0.10417339246217867, 0.12307748014277888, 0.1018282046842266, 0.10403876713314651, 0.11199119364877452, 0.09744145689257708, 0.12466207405245114, 0.11801248324921745], [0.1142238472622341, 0.1042644288446775, 0.12251792602167234, 0.10223397069949575, 0.10421580542597025, 0.11215341616031836, 0.0979315218883406, 0.125, 0.1174590836972911], [0.11434681165543703, 0.1043479724323933, 0.12246719725476887, 0.10223352788669082, 0.10425008088498049, 0.11205419529525117, 0.09804911017156547, 0.12479655893100508, 0.11745454548790779], [0.1140093962168136, 0.10449438924901952, 0.12183704744448484, 0.10255847911667415, 0.10442491929507926, 0.11213724241652388, 0.098534590892075, 0.125, 0.11700393536932976], [0.11465232824943332, 0.1043283895345685, 0.12256261280085463, 0.10198425626014877, 0.10413533892853591, 0.11183297084891158, 0.09790422410413001, 0.125, 0.11759987927341725], [0.11522642839023683, 0.10436005327511866, 0.12283162240562395, 0.10170248602897614, 0.10406335211921847, 0.11168235886796318, 0.09763223479305805, 0.12446100964776058, 0.11804045447204414], [0.11409807004458414, 0.10455792733433766, 0.12180730713409973, 0.10255866227450179, 0.10445073807571144, 0.11206202892257684, 0.09862757026753285, 0.12483991236825978, 0.11699778357839577], [0.1150699375627104, 0.10438980655631631, 0.12262012027882246, 0.10180421528270528, 0.10410367791885819, 0.11168849600762217, 0.09780097872076732, 0.12466775148695317, 0.11785501618524483], [0.11489151689433902, 0.10441189250608117, 0.1224274667739213, 0.10189027503357537, 0.104127529302151, 0.11165175282761723, 0.09798589869631623, 0.125, 0.11761366796599868], [0.11554943704665176, 0.10428816480429627, 0.12304558392962198, 0.10134067283643809, 0.10386623023045843, 0.11133779352028049, 0.09741935182216753, 0.125, 0.11815276581008545], [0.11460938448097245, 0.10453649858670298, 0.122206454611918, 0.10220918300371021, 0.10430758910299526, 0.11179200874437013, 0.09835328766011608, 0.12462786732132285, 0.11735772648789203], [0.11547036876004065, 0.10437792854772267, 0.1228753673283686, 0.10149393041996661, 0.10396689901950461, 0.1113870033162525, 0.09762782997123302, 0.1247585960601718, 0.11804207657673954], [0.1152725797153177, 0.10444798249657966, 0.12257762665306474, 0.10169157887106232, 0.10407164133510895, 0.11148252889280615, 0.09786596961378125, 0.12474944311365727, 0.11784064930862187], [0.11409119518292771, 0.10470330378198246, 0.12147108011963127, 0.10266556153078024, 0.10454219404727255, 0.11194065353229177, 0.0989595073000842, 0.12484319125273709, 0.11678331325229274], [0.11516160922622469, 0.10446223574790464, 0.12237880226966334, 0.10175278286651378, 0.10409225893260907, 0.11147960553999178, 0.0979742162342571, 0.125, 0.11769848918283557], [0.11471964212579226, 0.10456309787895808, 0.12209012639376572, 0.10212397113152374, 0.10427282899942601, 0.11164330232625228, 0.09839767074212152, 0.12487563788698662, 0.11731372251517373], [0.11513224591532967, 0.10451896890267902, 0.1222732774563526, 0.10183176264710991, 0.10414803890234324, 0.11149464202049669, 0.09809865182712743, 0.1248679802409744, 0.11763443208758692], [0.11404039837701803, 0.1047185289194176, 0.12135045037660805, 0.10269298463697837, 0.10455315656937166, 0.1119169450610052, 0.09903148030863326, 0.125, 0.11669605575096785], [0.11499805808511752, 0.10458847627184975, 0.12214548684806488, 0.10197881759704855, 0.10423129758277247, 0.11153033069190978, 0.09831003573569143, 0.12474620479566734, 0.11747129239187852], [0.11476737239283115, 0.10458445252115352, 0.12200923506343074, 0.10209246362696714, 0.10426271478651718, 0.11156729860238793, 0.09844054966765468, 0.125, 0.11727591333905768], [0.11445705450672908, 0.10471749928381723, 0.12167848607470932, 0.10242597870577047, 0.10444986879903978, 0.11168472089082485, 0.09884304894982462, 0.12476799589590669, 0.11697534689337795], [0.11424283923862688, 0.10479229689902486, 0.12143135716085839, 0.10264260261327052, 0.10456807146799847, 0.11180932396146454, 0.09908068941312742, 0.1246495731627341, 0.11678324608289482], [0.11541347735132199, 0.10451751492206766, 0.12243658674315455, 0.10160201904008563, 0.10404362889437248, 0.11124219024248151, 0.09801090329018804, 0.125, 0.11773367951632814], [0.11507089336456792, 0.10463657794096896, 0.12201539949223754, 0.10195629896659046, 0.10423568565021356, 0.11143436932053981, 0.098395830817233, 0.12482885819319427, 0.11742608625445447], [0.11440954658250665, 0.10475556062881201, 0.12155091709076714, 0.10247911205386566, 0.10448232811885198, 0.11167074911637187, 0.09895388119271747, 0.12481527999904084, 0.11688262521706635], [0.11466915745659619, 0.10474458699092842, 0.12176779451670056, 0.10232125055107423, 0.10442283002974168, 0.11160109424098516, 0.09879591912453688, 0.12458480706483178, 0.11709256002460493], [0.11485758362854334, 0.10467924973118202, 0.12188575478841301, 0.10212202320885753, 0.10431326491664737, 0.11149669833696453, 0.09859357827642862, 0.12482044106520906, 0.11723140604775452], [0.115005071289029, 0.10464690650335211, 0.12192051989248874, 0.10198373109618611, 0.10424232255247937, 0.11140665054020159, 0.09847237306697884, 0.125, 0.11732242505928427], [0.1141020280859155, 0.10489815625027583, 0.12110417245852964, 0.10281567317927282, 0.10467521306487929, 0.11181756074870881, 0.09937018186242337, 0.12465768275513592, 0.11655933159485862], [0.11448561906503035, 0.10476737190781078, 0.12149454285018667, 0.10241079399160258, 0.10445131081594944, 0.11155916813019429, 0.09897290866842308, 0.125, 0.11685828457080283], [0.11414489768666612, 0.10491124600024129, 0.12116458896051317, 0.10279040686059866, 0.10466791925147698, 0.11176700002651668, 0.0993869640520336, 0.12460977620001389, 0.11655720096193961], [0.11521177155534516, 0.1046937054916077, 0.12190880539233379, 0.10186934650694345, 0.10420967441424328, 0.1112371865252939, 0.09849602767117219, 0.125, 0.11737348244306056], [0.1149725358629705, 0.10478255473978097, 0.12172219299581388, 0.10213314508190567, 0.10435707919526209, 0.11138936459736214, 0.09876168180471481, 0.12470505455517136, 0.11717639116701854], [0.11459835266363222, 0.10481696308811499, 0.12149493005858888, 0.10239051659282021, 0.10446620470100802, 0.11151103873980303, 0.09901644200895389, 0.12481383694868416, 0.11689171519839456], [0.11569939341842084, 0.10456655090372022, 0.12261447604718513, 0.10139334936827943, 0.10396018670296082, 0.11099781023012524, 0.09804613105935435, 0.12499999999999999, 0.11772210226995387], [0.11511094317213512, 0.10478072795742999, 0.12176365820374556, 0.10203160403223425, 0.10431371249907659, 0.11130026866271928, 0.09870430675559051, 0.12474037332335122, 0.11725440539371747], [0.11547795629821739, 0.10467146385398252, 0.122202192883542, 0.10164529032898383, 0.10410390771062188, 0.11103639046063284, 0.09835611948563054, 0.125, 0.117506678978389], [0.11527631472051834, 0.10475457151518007, 0.12187131776467143, 0.10187815159523887, 0.10423637955966715, 0.11117538024798085, 0.09859582362993727, 0.12486463707399716, 0.11734742389280885], [0.11447093256446252, 0.10490453653095168, 0.1214630122740133, 0.10252754020181576, 0.10454838715776922, 0.11147921469680275, 0.0992737816202549, 0.1246514472408322, 0.11668114771309768], [0.11507687424210433, 0.10477560736910212, 0.12207007312188871, 0.10193456044233035, 0.10423798231453632, 0.11106164408305035, 0.09881773948534674, 0.125, 0.11702551894164108], [0.11411017629052175, 0.10494592320918054, 0.12157316783302019, 0.10272246381152107, 0.10462005842700205, 0.11148651633620535, 0.09958273180162175, 0.12468239634803442, 0.11627656594289269], [0.11592205366221624, 0.10471388458328744, 0.12250100734857568, 0.10130113607642759, 0.1039575362157287, 0.11074607127965447, 0.09832255792807516, 0.12499999999999999, 0.11753575290603464], [0.11599243380479285, 0.10472336563947311, 0.12256937958858274, 0.10126862656945054, 0.10395030708437311, 0.11073644026023723, 0.09830382197040294, 0.1248824820426608, 0.11757314304002668], [0.11422821329348827, 0.10488455385240358, 0.1216849304531051, 0.102552521415128, 0.10451644480189833, 0.11135291003116791, 0.09944305432299998, 0.125, 0.11633737182980881], [0.11574302689720772, 0.10482172064664823, 0.12228484080119666, 0.10156506249196653, 0.10411976317631347, 0.11085278921828029, 0.09858178499718694, 0.12460025110335904, 0.1174307606678411], [0.11533781521482918, 0.10480427281146461, 0.1222867939480072, 0.10178189483612242, 0.10418739908190633, 0.1109029580330041, 0.09876434073399767, 0.12478605572281287, 0.11714846961785565], [0.11587622603169834, 0.10477743185473525, 0.1223801713075111, 0.10139900850698509, 0.1040247537904665, 0.11075970193208635, 0.09846461178858494, 0.12484772322299018, 0.11747037156494228], [0.11469006302228228, 0.10485368030504276, 0.12187005902338952, 0.10222969513619086, 0.10437781085199636, 0.11115813134613753, 0.09917425331285427, 0.125, 0.11664630700210643], [0.11433698865845111, 0.10491555564899582, 0.1217805270777211, 0.10251596277767827, 0.10451665734917517, 0.1112950471703051, 0.0994525929225132, 0.12480134298989669, 0.11638532540526356], [0.11525679314841891, 0.10481844282835583, 0.12242806049028133, 0.10179351490031821, 0.10418137624361798, 0.11082122605439082, 0.09887924308145997, 0.12483460093089607, 0.11698674232226089], [0.11533003312174873, 0.10479042542724132, 0.12249237408948342, 0.1016970916675897, 0.10412499649047308, 0.11074058420597549, 0.09880996104766039, 0.125, 0.11701453394982787], [0.11564438028580604, 0.10479535131089518, 0.1226061743023164, 0.10148734634594754, 0.10404207586349981, 0.11065505440546634, 0.098682163145244, 0.12491241332890216, 0.11717504101192265], [0.11512234983552644, 0.1048120319749825, 0.12244073334813868, 0.1018359361034511, 0.10418365826572362, 0.11080378496019974, 0.09896277360171879, 0.125, 0.11683873191025916], [0.11582283739491409, 0.10482785656490459, 0.1225996772839613, 0.10141619894755802, 0.10403244490792671, 0.11063783561006929, 0.09864979148840049, 0.12474136207092791, 0.11727199573133762], [0.11502347454672653, 0.10485728678768101, 0.1223879330262552, 0.10195063763409638, 0.10425029974599545, 0.11085930793741539, 0.09909016155529284, 0.12482850639640078, 0.11675239237013643], [0.11446540983350464, 0.10492377956250375, 0.12206550888760857, 0.10237431942708289, 0.10444539084781645, 0.11109092396835876, 0.09947065102776584, 0.12483365759914063, 0.11633035884621847], [0.11566690724729269, 0.10478732717730938, 0.1226794126346464, 0.10143653306322539, 0.10401014698625845, 0.11059777808398118, 0.09868100841012395, 0.12499999999999999, 0.11714088639716247], [0.11491986818352871, 0.10488156166858455, 0.12231863444673155, 0.10203769631711913, 0.10429399895572168, 0.11089618927574536, 0.09918750069406705, 0.1248043289048643, 0.11666022155363787], [0.11487314965884114, 0.10489464318771381, 0.12229688084334059, 0.1020736345679331, 0.10431179796235285, 0.11090035520409251, 0.0992400796824261, 0.12480185791409318, 0.11660760097920674], [0.11476739252126561, 0.10488100385903971, 0.1222028200925627, 0.1021146804376724, 0.10431787742265264, 0.11091911407992264, 0.09927349356603823, 0.12500000000000003, 0.11652361802084625], [0.11457881688288889, 0.10493045178781342, 0.12218169443240984, 0.10228550127497231, 0.10440706411551293, 0.11099485551290664, 0.09945242625015419, 0.12480946240096871, 0.11635972734237307], [0.11524944455578598, 0.10482141625496817, 0.12269522443259236, 0.10170782770924337, 0.10412137267221104, 0.11062098043709892, 0.09897055079937443, 0.125, 0.11681318313872577], [0.11498526018670219, 0.10485146075132198, 0.1224880587840805, 0.10191537451454405, 0.10421805786943697, 0.11075983237167326, 0.09914350596709474, 0.12500000000000003, 0.11663844955514646], [0.11448058140887461, 0.10490830546835805, 0.12222914297416533, 0.10229281519420336, 0.10439042924969684, 0.11096427297813713, 0.09948286602438944, 0.125, 0.11625158670217521], [0.11539934968338715, 0.10481214587246475, 0.1228256187779915, 0.10158044658124565, 0.1040611818151588, 0.11054828460435664, 0.09890141470168495, 0.125, 0.11687155796371056], [0.11506872453379005, 0.1048732391294256, 0.12260632908556325, 0.10187577823554045, 0.10421010002525832, 0.11070312342600948, 0.099153426961477, 0.1248458177657772, 0.11666346083715866], [0.11494219651609794, 0.10490970416498083, 0.12253610500575499, 0.10198205722864302, 0.10426471287828096, 0.11073348840344144, 0.09929079579456532, 0.12480372107137098, 0.11653721893686456], [0.11478729773284241, 0.10490094517104996, 0.12246353945804582, 0.10204923642718301, 0.10428037506743831, 0.11075180682952376, 0.09936450290384492, 0.125, 0.1164022964100718], [0.11508533190496224, 0.10487901781836666, 0.12286476138345637, 0.10177864783263345, 0.10414818893899647, 0.11049691074227777, 0.09923443699693754, 0.125, 0.11651270438236949], [0.11455604664968397, 0.10497681291486842, 0.12261948956527223, 0.1022289537317729, 0.10437280877033858, 0.11074743695942062, 0.09964923102155945, 0.12472533312436343, 0.1161238872627204], [0.11465087654832812, 0.10493974412851192, 0.12277217308991849, 0.10207159972084434, 0.10427772569281897, 0.11058497817582762, 0.09958533559376792, 0.125, 0.11611756704998258], [0.11581933639891583, 0.1048608121787501, 0.12346335518092133, 0.10117380595592525, 0.10387074910166778, 0.11012589123661949, 0.09894760200190315, 0.12499999999999999, 0.11673844794529697], [0.1147427381142729, 0.10496654706711486, 0.12284536521499649, 0.10203886492197661, 0.1042768081912616, 0.11054326522296344, 0.09959484032519884, 0.12483212095033261, 0.11615944999188245], [0.11576403915537253, 0.10491245085433529, 0.1236872647430552, 0.10121519513025254, 0.10389744961728326, 0.11005505552950524, 0.09910722463846679, 0.12476445215871763, 0.1165968681730117], [0.11462590807742976, 0.10499577090105405, 0.12299732133346111, 0.10209720763739182, 0.1043006829105497, 0.11049362701874692, 0.09973894744116224, 0.1247585799157405, 0.11599195476446374], [0.11540571944916524, 0.10488503608060507, 0.12359598951416499, 0.10140741786924387, 0.10395744575408694, 0.11010702024468152, 0.09923403557953846, 0.125, 0.11640733550851394], [0.11513023922002626, 0.10500142224582164, 0.12326586781265361, 0.10176144902474211, 0.10416606189146116, 0.11025970263262909, 0.09953363767543508, 0.12460597551835904, 0.11627564397887201], [0.11538247946677205, 0.10490919298701674, 0.12363203395270447, 0.10143583530245179, 0.10397665938624444, 0.11009209195037689, 0.09929852267613118, 0.12491193176086515, 0.1163612525174373], [0.11465879623147589, 0.10502721246452003, 0.1231523552603719, 0.10207457607152372, 0.10429725063684978, 0.11040914469401918, 0.0998088702365467, 0.12462950341357462, 0.11594229099111822], [0.1149765960075876, 0.10500570743724896, 0.12349643756018397, 0.10175732618972774, 0.10413776307725096, 0.11009739629382777, 0.09969460732274557, 0.12482433708376753, 0.11600982902765991], [0.11504415164742923, 0.1049799935339736, 0.12355722345570895, 0.10165587227333057, 0.10407741445063176, 0.11003105139733556, 0.09963996439436629, 0.125, 0.11601432884722407], [0.11474905475590114, 0.10499341024635028, 0.12346759371799965, 0.10186384857964886, 0.10416717798882141, 0.11012623259684663, 0.09979622039613094, 0.12500000000000003, 0.11583646171830128], [0.11903360816698058, 0.1238430398619044, 0.1012365485280274, 0.11212298136872885, 0.11671587705807332, 0.10415157411165828, 0.125, 0.09399147448742987, 0.10390489641719729], [0.11856289775966082, 0.1230743123101744, 0.10202014052045581, 0.11151750442662996, 0.11631889606537829, 0.10483459546458354, 0.12443166218971576, 0.09451941111585352, 0.10472058014754787], [0.11883618860193139, 0.12359946427743689, 0.10163153570314933, 0.11176728628455544, 0.11647507834733052, 0.10448503120007238, 0.12465035646863032, 0.09424566260368838, 0.10430939651320534], [0.11912159985031857, 0.12377279405293348, 0.10128187632397481, 0.11209060045209189, 0.11666916557077862, 0.10414931011379498, 0.1249485703220597, 0.094052269988626, 0.10391381332542207], [0.1191708599393732, 0.12372627069361855, 0.10130647105875382, 0.11204254673415297, 0.11662111599432148, 0.10414161998836258, 0.12499999999999999, 0.0940747373838813, 0.10391637820753599], [0.11937697648915703, 0.12360041787179037, 0.10132721441826627, 0.11216808356421394, 0.11666543189405994, 0.10411845993157627, 0.12466894362530373, 0.09419088864961983, 0.1038835835560126], [0.1189680737439215, 0.12325792094731206, 0.10182569837122438, 0.1114532794725076, 0.11618290231353141, 0.10451470364535206, 0.12500000000000003, 0.09439328598464836, 0.10440413552150271], [0.11881345266056156, 0.12288755992754988, 0.10228145932459827, 0.11124008800861994, 0.11605828969198247, 0.10487930917778288, 0.12424365393735538, 0.0947525822987946, 0.10484360497275501], [0.11959692785561574, 0.12337444926467553, 0.10148599655942671, 0.11184784641626577, 0.11636709790800652, 0.10409152237801482, 0.125, 0.0943144503267234, 0.10392170929127151], [0.11961775451352888, 0.12326546373495396, 0.10168556324086782, 0.11157076220182449, 0.11615633371082429, 0.1041933882209461, 0.125, 0.09443221292505707, 0.1040785214519974], [0.11977350044033777, 0.12315880517411704, 0.10172996266225592, 0.11152398692175543, 0.11608329706181043, 0.10416230904424528, 0.125, 0.0945055055492762, 0.10406263314620194], [0.12022838688850879, 0.12306531742354894, 0.10135455879299653, 0.11219779358471992, 0.11641840602473871, 0.10384841785190725, 0.12476034013624919, 0.09449377892427784, 0.10363300037305292], [0.11954060792424023, 0.12277043669065171, 0.10218454277087109, 0.1110308934724394, 0.11571456378710283, 0.10448481334545093, 0.12500000000000003, 0.09478887905867159, 0.10448526295057234], [0.11931933703700712, 0.1223807652918218, 0.10264067363473778, 0.11054987934930949, 0.11541148975474212, 0.1047747419799808, 0.12499999999999999, 0.09502048127952929, 0.10490263167287144], [0.11961847567324037, 0.12254224700690619, 0.1023642305527413, 0.11083864378871586, 0.11554144339795903, 0.10455265600775308, 0.12500000000000003, 0.09494425752151038, 0.10459804605117393], [0.12013520954997933, 0.12293426353667611, 0.10171556240100489, 0.11158935578604387, 0.11603925779726261, 0.10403512980854276, 0.12499999999999999, 0.09461573052356234, 0.10393549059692796], [0.1204670524611659, 0.12282845082720754, 0.10146183764319565, 0.1119848666507141, 0.11620782409604334, 0.1038120760226124, 0.125, 0.09459714029524667, 0.1036407520038144], [0.12016255918888309, 0.12289573136457256, 0.10176758408663933, 0.1115223052404717, 0.11598059452293037, 0.10404919182702764, 0.12500000000000003, 0.09465764023335588, 0.10396439353611953], [0.11984632414883192, 0.12247887577654835, 0.1023968240235184, 0.11078907505874258, 0.11544842242324353, 0.10447794782969158, 0.125, 0.09502093149677587, 0.10454159924264773], [0.1197763089973213, 0.12223939792499126, 0.10256897149594638, 0.1106303383338759, 0.11535947915123942, 0.10460197701651608, 0.125, 0.09511643697604037, 0.10470709010406928], [0.1207149669245037, 0.12266908543942644, 0.10154289851024381, 0.11188725379865608, 0.11605925008766509, 0.10377129552237084, 0.125, 0.09473006768050186, 0.10362518203663221], [0.12068969964447374, 0.12249463394730481, 0.10178293810724898, 0.11157183621013829, 0.11588134361447877, 0.10391204159518051, 0.12499999999999999, 0.09483556093516791, 0.10383194594600689], [0.12026128001638076, 0.12242527243567904, 0.10240424453774631, 0.11081226145602714, 0.11539740385593637, 0.10435659483216189, 0.1247858014547482, 0.09512780462039995, 0.10442933679092035], [0.12033207991807267, 0.12248188317914277, 0.10227650127717722, 0.11088067935608409, 0.11544558808120362, 0.10425156922146263, 0.125, 0.09502629408800332, 0.10430540487885369], [0.12066964767352735, 0.12252330502359128, 0.10195814393143122, 0.11142717610526968, 0.11578455818611268, 0.1040208579837803, 0.12467530844037143, 0.09496432439788073, 0.10397667825803532], [0.12005561839776385, 0.12197194643944546, 0.1028142353049799, 0.11044657902969907, 0.11515624823937333, 0.10464671768475192, 0.12471373105063885, 0.09538351949486208, 0.10481140435848563], [0.12090563145122626, 0.12255638430903033, 0.10158501713050436, 0.11185978041316356, 0.11596241844283052, 0.10371883440089898, 0.125, 0.09482982563786305, 0.10358210821448291], [0.12056511027999377, 0.12250693796984055, 0.10210240637155242, 0.11109702962239819, 0.11556588475475116, 0.10408770694007552, 0.125, 0.09497334541711253, 0.10410157864427586], [0.11999690497305211, 0.1218226555790827, 0.10301273202667906, 0.11016817866766654, 0.11495649219136767, 0.10471882259514387, 0.12489770358037385, 0.095470207152705, 0.1049563032339291], [0.12026191282136035, 0.1221015060751666, 0.1027456355948785, 0.11051304058067375, 0.11513410100287369, 0.10454521167968217, 0.12459851568145386, 0.09540964210571755, 0.10469043445819366], [0.12051464709536014, 0.12238434105347423, 0.10234627752183965, 0.11085142684912494, 0.1153830504977437, 0.1042394793949941, 0.12483460297811294, 0.09513799169710917, 0.10430818291224113], [0.12101662040159006, 0.12243413715272526, 0.10171719159299883, 0.11173467315022846, 0.11586363907454572, 0.10375823441090477, 0.12489774804677034, 0.09492635147842046, 0.10365140469181612], [0.12064370193884877, 0.12242730362180773, 0.10219654071545156, 0.11102017203696493, 0.11548866397229789, 0.10411648051917867, 0.12489199355044153, 0.09506424488026545, 0.10415089876474337], [0.12010440733841109, 0.12174249334723608, 0.10302317411442931, 0.11012588494440863, 0.114899760591503, 0.10468048088289751, 0.125, 0.09549734025936372, 0.10492645852175064], [0.12048164233852594, 0.12218871619642067, 0.10253219047434539, 0.11060197955538544, 0.11517810461119411, 0.10432092246160206, 0.125, 0.09525512949698106, 0.10444131486554532], [0.12111283617957874, 0.12233605363399637, 0.10177604021112538, 0.11164142117076167, 0.11577536770337614, 0.10374167673531196, 0.125, 0.09496315702062787, 0.10365344734522189], [0.12121485097461178, 0.12223947647275331, 0.10185364958927778, 0.11156058576271749, 0.11569400136422703, 0.10374078620434624, 0.125, 0.09502568689188115, 0.10367096274018521], [0.12085338897496926, 0.12218594327263549, 0.10238672497475516, 0.11076771417503095, 0.11524407478401126, 0.10412347417854086, 0.125, 0.09522425902870854, 0.10421442061134847], [0.12064188865398648, 0.12198844847798254, 0.10273949728491055, 0.11045206230005734, 0.11501415878970149, 0.10437577373557669, 0.12478431511991987, 0.09546445997325635, 0.10453939566460867], [0.1202687344732402, 0.12150265324865242, 0.10328274987035847, 0.10985059798062717, 0.11462702433587899, 0.10471318371132775, 0.125, 0.0957158886635048, 0.10503916771641018], [0.1212783475772596, 0.12209925917561096, 0.10198427483225078, 0.1114056594249735, 0.11558772165189887, 0.10378938055420887, 0.12499999999999999, 0.09510140101040811, 0.10375395577338922], [0.12089181679926131, 0.12209441080586377, 0.10248786848383236, 0.11065171914293992, 0.11514239976811652, 0.10415663589370824, 0.125, 0.09530132269173784, 0.10427382641454006], [0.1204607124280239, 0.12146861537895283, 0.10317150733314277, 0.10997214017286468, 0.11469826736855217, 0.10462539998417154, 0.125, 0.09569046199550699, 0.10491289533878512], [0.12006267971283065, 0.1213757901520477, 0.10355006948819366, 0.10961666648469795, 0.1144250988528937, 0.10484998599978505, 0.12500000000000003, 0.09586059267154919, 0.1052591166380022], [0.12085798371829069, 0.1220168796131579, 0.10259618401756089, 0.1105312427143002, 0.11504866802297539, 0.10421665174543214, 0.12500000000000003, 0.09537214901376173, 0.10436024115452115], [0.12126852992401466, 0.12201676293166837, 0.10219290654713457, 0.11112150109806164, 0.11540323163256791, 0.10388503098191024, 0.125, 0.09520223558702992, 0.10390980129761274], [0.12028367713627199, 0.12127702289590989, 0.10357588779951217, 0.10958351894044507, 0.11435863341619633, 0.10478978250373691, 0.12499999999999999, 0.09592830690271299, 0.10520317040521455], [0.12046286827641908, 0.12131288088990215, 0.1034847738821604, 0.10971830394323097, 0.11446587473566558, 0.10474091199242025, 0.12477758457093507, 0.09592411638985358, 0.1051126853194129], [0.12156313744764227, 0.12199204402198124, 0.10199561303097486, 0.11147294038265518, 0.11550173471699708, 0.10365495658008247, 0.125, 0.09521188225663187, 0.10360769156303502], [0.12154269522170878, 0.12191128733082116, 0.10212205407599426, 0.1112784269794577, 0.11541943856007461, 0.10374769191889106, 0.125, 0.09523637079672408, 0.10374203511632837], [0.12074818665762897, 0.1212474594736605, 0.10329779394980827, 0.10984625253987886, 0.11453399135718904, 0.10458024766717652, 0.125, 0.09584515646336254, 0.1049009118912953], [0.12116211884233428, 0.12180598243599705, 0.10274382129178748, 0.11040342270615401, 0.11488202195760788, 0.1041574211749311, 0.12499999999999999, 0.09551071468679583, 0.10433449690439228], [0.12160321059863052, 0.12175737853269085, 0.10226417240801637, 0.11111898450458008, 0.11530476615348878, 0.10379841150460312, 0.125, 0.09532413175390043, 0.10382894454408985], [0.12108283716702184, 0.12168775916390483, 0.10290576551869889, 0.11023127342461518, 0.11474786751951645, 0.10425346112378668, 0.12500000000000003, 0.09562169155680501, 0.10446934452565122], [0.12075481331908838, 0.12117973471921094, 0.10349969079135216, 0.10971307061533217, 0.1144226690987477, 0.1046719916612985, 0.12470917340120735, 0.09600965711353769, 0.1050391992802251], [0.12123445356082187, 0.12162200288803267, 0.10296954813462289, 0.1102181961294099, 0.11470777649593959, 0.10423449534159947, 0.12485872522003873, 0.09569612373739686, 0.10445867849213802], [0.12138198974373916, 0.12169737502602089, 0.10278770908842508, 0.11038194585165177, 0.11481936175288375, 0.10408922420911236, 0.125, 0.09556822763721097, 0.10427416669095602], [0.12073263969811562, 0.12102915640367656, 0.10366607222031456, 0.10947875459510603, 0.1142032041025575, 0.10468335330532715, 0.125, 0.09609033812871459, 0.10511648154618798], [0.12149954689163286, 0.12174213408102763, 0.10265695196211375, 0.11062604225762379, 0.11497845658772489, 0.10400258225468237, 0.12482154052131869, 0.09553211399729857, 0.10414063144657743], [0.12067530529178584, 0.12097848918656078, 0.10376579142466189, 0.10939086142245001, 0.11412050090532659, 0.10472767074354239, 0.12499999999999999, 0.0961494366575559, 0.10519194436811649], [0.12182804596234548, 0.12179850589956777, 0.10230305946217438, 0.11105006548301534, 0.11518345746387851, 0.1037092508928792, 0.125, 0.09537564840517038, 0.10375196643096894], [0.121185492304684, 0.12129736957480358, 0.10332243987802639, 0.10984924580970132, 0.11442569837222862, 0.10442598140202483, 0.12481469513713507, 0.09594302618248193, 0.10473605133891414], [0.12114574409057209, 0.12120038813973688, 0.10336164864284207, 0.10976335666105093, 0.11437488172986529, 0.10444108132348434, 0.12499999999999999, 0.09594013376677, 0.10477276564567833], [0.12117327196288537, 0.12124070509330062, 0.10334804226697819, 0.10979877564907002, 0.11439335159249553, 0.10443251628791739, 0.12491274560888664, 0.09594534747388014, 0.10475524406458608], [0.12167611940542272, 0.1215748363789147, 0.10276291229252564, 0.1104686417817852, 0.11481697127132844, 0.1039625463464364, 0.125, 0.09560497317568166, 0.10413299934790525], [0.1214852925116171, 0.12144091512468669, 0.1030717207641433, 0.11009094811445624, 0.11455416843293958, 0.10416189031493368, 0.125, 0.09578040398843264, 0.10441466074879073], [0.1215865524305083, 0.12145693438975173, 0.1030126544633706, 0.11016045372281444, 0.11459447638425554, 0.10410124161550575, 0.12500000000000003, 0.09574883125301108, 0.10433885574078267], [0.12206092503533181, 0.12229577021178657, 0.10222430978253383, 0.11099774815297403, 0.11503840418206371, 0.10350558460566471, 0.125, 0.09533162355859337, 0.10354563447105197], [0.12165830251399369, 0.12105574784363561, 0.10346511302460967, 0.10969666330775676, 0.11418535707950668, 0.10425625752243058, 0.12499999999999999, 0.09608046754537533, 0.10460209116269155], [0.12133863968769232, 0.12058721404402356, 0.10397882321934122, 0.1092142011046788, 0.1138738869235509, 0.10456469361859796, 0.12500000000000003, 0.09638221807029758, 0.10506032333181779], [0.12188398334064338, 0.12120444363626187, 0.1032089443601009, 0.10998197624395736, 0.11438573910030445, 0.10406538206766087, 0.125, 0.09592271912091317, 0.10434681213015798], [0.12174260303849527, 0.12106641165339119, 0.10342806989843532, 0.10975633135579109, 0.11421346496649566, 0.1041943041594194, 0.12499999999999999, 0.09607048057750223, 0.10452833435046974], [0.1223057862295619, 0.12239389911782818, 0.1023582084047374, 0.11074680156073864, 0.1148078239107952, 0.10344889121064332, 0.125, 0.09540198304550739, 0.10353660652018797], [0.12165852699967002, 0.1206399071256095, 0.1038410229273785, 0.10933067662661788, 0.11392222838749114, 0.10441699947412181, 0.12499999999999999, 0.09632633884366691, 0.10486429961544413], [0.12170366639689455, 0.12057007989567803, 0.1039011787145736, 0.10927826892799031, 0.11387038873337543, 0.10442049105964163, 0.12500000000000003, 0.0963734669568302, 0.10488245931501636], [0.12191395049394323, 0.12074015124673505, 0.10374883982903062, 0.10940758104691778, 0.11391119445486063, 0.10428096942825961, 0.125, 0.09630225356471946, 0.10469505993553362], [0.1222339003602238, 0.12103358102081102, 0.10325228095587353, 0.1099754281144751, 0.11430670770452825, 0.1039551115191182, 0.125, 0.09600230114364822, 0.10424068918132191], [0.12220366515518853, 0.12100647566845955, 0.1033548136025827, 0.10991034468422962, 0.11425972406609233, 0.10402325190923957, 0.1248296642183706, 0.09608432372650909, 0.10432773696932798], [0.12192417125344458, 0.12038617975156367, 0.10410406434400547, 0.10915610560481108, 0.11372247841742919, 0.10443031944658014, 0.12478310406309018, 0.09656385861807013, 0.10492971850100558], [0.12246921975674749, 0.1217375558245222, 0.10293887696714364, 0.11015444882695702, 0.11437408843151342, 0.10365924248584873, 0.125, 0.09577842039056493, 0.10388814731670257], [0.12228649645767288, 0.12079994891762005, 0.10355438920377114, 0.10966080571315251, 0.11403397827915471, 0.1040437808654392, 0.125, 0.09621784140826141, 0.10440275915492811], [0.12214755983290336, 0.12059420737862586, 0.10385804278850949, 0.10932030015813865, 0.11377863754036084, 0.10422834669775236, 0.125, 0.09640766982981534, 0.1046652357738941], [0.12213939354715012, 0.12018353511470145, 0.1043256915282852, 0.10902313544583701, 0.11356576921217658, 0.10444846900485312, 0.12455525155887472, 0.09676955762693872, 0.1049891969611831], [0.1226306642937715, 0.12171172556141796, 0.10314374924640758, 0.10997208553631109, 0.11419405349518441, 0.10368586673864567, 0.12475517222422003, 0.09594753870854311, 0.10395914419549866], [0.1228407417543977, 0.12198361193660365, 0.10305892395667864, 0.10988151939146876, 0.11407517816820237, 0.1035146896957542, 0.12500000000000003, 0.09585356628219766, 0.10379176881469725], [0.122974847622291, 0.12248236043420363, 0.1028893863708208, 0.1100983683414015, 0.114198298606953, 0.10342155646366734, 0.12450132493635396, 0.095785060341706, 0.10364879688260276], [0.12216967745972268, 0.11978916159684791, 0.10469169748901071, 0.10860213721487286, 0.1131724261890075, 0.1044685220817132, 0.125, 0.09697685797925507, 0.10512951998957006], [0.12288571217894995, 0.12191983069022022, 0.10315708161992876, 0.10977683776905081, 0.11398046995310845, 0.1035268902838154, 0.12499999999999997, 0.09592521939759707, 0.10382795810732914], [0.12267356062522101, 0.12021709843011316, 0.10413802819395976, 0.109078587507425, 0.11347218558299123, 0.10412698584403465, 0.12499999999999999, 0.09666991294430835, 0.10462364087194675], [0.12304681960604932, 0.12211923559149482, 0.10311757016623331, 0.10973979769767475, 0.11391695372991402, 0.1034334086007146, 0.125, 0.09589144910611545, 0.10373476550180373], [0.12254003762676649, 0.11976240513779281, 0.10460367825611729, 0.10865923635898035, 0.11318255575859104, 0.10433057542762048, 0.12500000000000003, 0.09696925518840036, 0.1049522562457313], [0.12283521193492654, 0.12080298287990643, 0.10396225447826508, 0.1092943246532244, 0.11361225948390696, 0.10398935277949492, 0.12448513760112866, 0.09658175742114745, 0.10443671876799969], [0.12301001799397136, 0.12137223476977269, 0.10354431429247009, 0.10942631943057343, 0.11370149946002585, 0.10367738973989266, 0.125, 0.0962021791873144, 0.10406604512597953], [0.12319432314992809, 0.12221539791842578, 0.1031819268482349, 0.10965962208519288, 0.1138198654771373, 0.10340066132839783, 0.12485944329605365, 0.09595061870088968, 0.10371814119573981], [0.12326426021456394, 0.12232979080752834, 0.10314332418616343, 0.10965918336847802, 0.11380372003114039, 0.10335111445536459, 0.124864028047936, 0.09592031433684309, 0.10366426455198219], [0.1232388304471048, 0.121860549221157, 0.10341002591398146, 0.10942702975234354, 0.11363863799835797, 0.10347521101800092, 0.125, 0.09610127096768183, 0.10384844468137246], [0.12338423740120646, 0.12245895538101936, 0.10311027933172061, 0.10959543979344263, 0.11372590746381075, 0.10326341509344594, 0.125, 0.09588031408671269, 0.10358145144864153], [0.12326142698333524, 0.12132967204106501, 0.10375947400094267, 0.10917430017492574, 0.11344442056846643, 0.10364967919821629, 0.12491927612092213, 0.09636852973352245, 0.10409322117860392], [0.1234896316212997, 0.12247410204636815, 0.10317351544609994, 0.10949861647703214, 0.11362651246050295, 0.1032374158320022, 0.12499999999999997, 0.09592587339814475, 0.10357433271855], [0.12307670856792285, 0.1200059040011225, 0.10450301002991452, 0.10864349606308926, 0.1130586229324606, 0.10408960358062899, 0.125, 0.09693970897963318, 0.10468294584522807], [0.12330085833387067, 0.12128371734558253, 0.10380639429590605, 0.10909988512897591, 0.11337519669959424, 0.10363961607646564, 0.125, 0.09639620153233833, 0.10409813058726666], [0.12301355595860446, 0.11957076580789235, 0.10478645216319461, 0.10851744436323697, 0.11296847479734665, 0.10423921956496571, 0.12484580642731387, 0.09716864088378874, 0.10488964003365679], [0.12318701556136442, 0.12045513676558077, 0.10431397999620093, 0.10874873107895648, 0.11309876043013384, 0.103922050426517, 0.125, 0.09679380426569674, 0.10448052147554983], [0.12315259750740006, 0.1197105483522941, 0.10474520799938776, 0.10845125592783762, 0.11288912767743464, 0.10413952754504671, 0.125, 0.09711995226739109, 0.10479178272320804], [0.12359944956317917, 0.12169946984798863, 0.1037325961064665, 0.10907215643784314, 0.11328964848864091, 0.10346951427706953, 0.12486546176813303, 0.09634982008473005, 0.1039218834259491], [0.12334523797668023, 0.12079176568010092, 0.10427828872872345, 0.10879288391264594, 0.11309489667295419, 0.10383199190195208, 0.12468990628647585, 0.09679640756387878, 0.10437862127658866], [0.12331565557296473, 0.11998770025118695, 0.10465748801071983, 0.10844266731662222, 0.1128485761265331, 0.10402867732633739, 0.12499999999999999, 0.09705316782287786, 0.10466606757275784], [0.12366095608989526, 0.12147355915032867, 0.10389600671710364, 0.10888952309460401, 0.11313076051130568, 0.10349702715917497, 0.12499999999999999, 0.09646103417733252, 0.10399113310025518], [0.12372276969306914, 0.12167885688237466, 0.10379210516390357, 0.10894372999808911, 0.11316209533237236, 0.10342191658919762, 0.125, 0.09638103016746905, 0.1038974961735245], [0.12371947210618275, 0.12149861752301114, 0.1039131727694407, 0.10885390658939773, 0.11308974435679475, 0.10347537147736585, 0.125, 0.09647406885227472, 0.10397564632553234], [0.12346880120848323, 0.11988193564852388, 0.10486159374280035, 0.10830194449412743, 0.11270110205148433, 0.10405144882350965, 0.12477256485824341, 0.09722972763673503, 0.10473088153609267], [0.12385422758395065, 0.12203219750449791, 0.10373281722527591, 0.10901297919630742, 0.11317393219306171, 0.10334478592232604, 0.12467269160101783, 0.0963746454354074, 0.10380172333815513], [0.12373276343326148, 0.12104170895611256, 0.1043558992996369, 0.10863854818205242, 0.11289388054973906, 0.1036922868918992, 0.1245103235020587, 0.09686968207616611, 0.1042649071090736], [0.12430477854760921, 0.12044867137437407, 0.10783593219906655, 0.10627612817947597, 0.11313715818414256, 0.10827599810984358, 0.11153592185564341, 0.09765641036318086, 0.11052900118666396], [0.12439408072377173, 0.12035481420647293, 0.10792186867787253, 0.1062157988042881, 0.1130803641314457, 0.10827979469371425, 0.11145256479913332, 0.09773370283911387, 0.11056701112418763], [0.12438934204742674, 0.12099443056153494, 0.1073093238258794, 0.10645876110852234, 0.11322659689461931, 0.10793241847286036, 0.1125018684752432, 0.09720486984749718, 0.10998238876641668], [0.12432849862706417, 0.12149853243433707, 0.10685772052795656, 0.10664810653174331, 0.11333970718779289, 0.10771486613217346, 0.1132002395379389, 0.09681552383062268, 0.10959680519037127], [0.12500000000000003, 0.11976908899174044, 0.10850290128927452, 0.10578828597555062, 0.11262743443595703, 0.10817582525133809, 0.11117205830558578, 0.0982924945381137, 0.11067191121243991], [0.1241473703479188, 0.11906643159389046, 0.10937917900142503, 0.10559580531290612, 0.11240169043270958, 0.10853852837799811, 0.11038087058979265, 0.09920417414931691, 0.11128595019404235], [0.125, 0.12041172700901612, 0.10787673942387983, 0.10602869061571828, 0.11278051041336783, 0.10782717873878522, 0.11224297326686809, 0.09774994672964588, 0.11008223380271878], [0.12489757267200971, 0.12034155915086363, 0.10798697005575585, 0.10599039742470202, 0.11272044296875976, 0.10781703546452792, 0.11227100692204932, 0.0978797031204687, 0.11009531222086313], [0.12499999999999997, 0.12128451256649335, 0.10702904225388482, 0.10634137738162071, 0.11291499788767412, 0.10733703208586497, 0.11376830164215762, 0.097052063603144, 0.1092726725791603], [0.125, 0.12014710519386797, 0.10820281429841196, 0.10585585841730574, 0.11256545337538654, 0.10777867087600176, 0.11222329369079258, 0.09810441032076696, 0.11012239382746651], [0.12477496350195237, 0.1210821181722366, 0.1072920724986236, 0.10625445803966006, 0.1127956876265638, 0.10735201240557529, 0.11374924697782292, 0.0973504384306928, 0.10934900234687239], [0.12468592403540354, 0.12081306940397231, 0.10760114525788957, 0.10614220733543119, 0.11271866034094288, 0.10747234588038809, 0.11336365247693869, 0.09763229866103511, 0.10957069660799845], [0.125, 0.12053801966945045, 0.10784186512158425, 0.10597147481219124, 0.11258646072547222, 0.10750855931835726, 0.11301947682967192, 0.09782741821707923, 0.10970672530619345], [0.125, 0.11833011616914184, 0.11019879633707462, 0.1049998466131379, 0.1117030670762418, 0.1082258895964494, 0.11027997137180968, 0.10004690118380273, 0.11121541165234203], [0.12499999999999997, 0.1181774754377588, 0.11038164185022036, 0.10491873502376732, 0.11160574755531201, 0.10823205574309307, 0.11017464954056763, 0.10023709548304646, 0.11127259936623422], [0.12416784539763435, 0.1194073215543631, 0.10921660295173849, 0.10555011156494454, 0.11213842038346662, 0.10787771774068701, 0.11195046229930941, 0.0992335667519849, 0.11045795135587158], [0.12379619172664018, 0.12125115108377497, 0.1070868947160578, 0.10654980555290317, 0.1126895890623601, 0.1070063