[[0.10722309085383083, 0.1183760895217185, 0.10325348312011944, 0.10692424150304639, 0.11661288535645732, 0.12476373292020146, 0.10608501010345561, 0.10599499784302457, 0.11076646877814587], [0.10708930040982947, 0.11897468393555644, 0.10293519898601056, 0.10681061533528502, 0.11669241388710269, 0.12489759339841412, 0.10579256227150875, 0.10584911923452446, 0.11095851254176847], [0.10716127993424898, 0.11827577982757491, 0.10325231610931837, 0.10695650430909899, 0.11671822786643213, 0.12486810814406545, 0.10601039554873663, 0.10601087378342204, 0.11074651447710251], [0.10714316656339672, 0.11840205685929395, 0.10319522048182067, 0.10693779591046988, 0.11674114482542992, 0.12484253615661063, 0.10596267091246762, 0.10598643877385526, 0.11078896951665518], [0.10703599762429666, 0.11895599546293707, 0.10290394325212573, 0.10681818099422577, 0.11676473557871704, 0.125, 0.10571808877310908, 0.1058434919041275, 0.11095956641046112], [0.10706442745543382, 0.11880271235343567, 0.1030088778546844, 0.10689698552246388, 0.11684091788331977, 0.12475076079033558, 0.10577220365969964, 0.1059204391434993, 0.11094267533712794], [0.10710172122698347, 0.11828932130877087, 0.10320153655103832, 0.10695135536089197, 0.116788770061985, 0.125, 0.10592451188990468, 0.1059919633740546, 0.11075082022637112], [0.10706929345262191, 0.1182894119696084, 0.10320540537830095, 0.10700134139303859, 0.1169108474683913, 0.12484748797654177, 0.10586483767583918, 0.10602579971567119, 0.11078557496998685], [0.1071671755164313, 0.1179102666823457, 0.1034748063640632, 0.10716993141310772, 0.11694998439829277, 0.12435490687487646, 0.10603842175586954, 0.1062037934326972, 0.11073071356231595], [0.10703534609935358, 0.11847579881953503, 0.10316782783177426, 0.10706887030010202, 0.11710220256264238, 0.12441005670812447, 0.10575630585942455, 0.10606719879986644, 0.11091639301917723], [0.10693085256380844, 0.11887904875490171, 0.10293713329261277, 0.10699004657672895, 0.11715062788906924, 0.12455708558697239, 0.10553385388819571, 0.10596396095552837, 0.11105739049218241], [0.10712415172941808, 0.11789832602186932, 0.10345905327056454, 0.10719345099335092, 0.11704109667827275, 0.12435450316452124, 0.10597370524464295, 0.106213482568918, 0.11074223032844221], [0.10693491501326659, 0.11871115952661943, 0.10300979419759627, 0.10703575917502381, 0.11720463174093727, 0.12451877070318929, 0.10556645333621521, 0.10600807541643438, 0.1110104408907176], [0.10695495514986243, 0.11851491372358308, 0.10312421130406439, 0.10712118901718158, 0.11729185592009925, 0.12430847405163802, 0.10561647122106431, 0.10609016566654539, 0.11097776394596143], [0.10688325794774922, 0.11903417046468033, 0.1029036072606383, 0.10707646758015212, 0.11734027928888147, 0.12413872598464483, 0.10539878565477569, 0.10602000654214215, 0.11120469927633592], [0.10698007952241403, 0.11823411588879762, 0.10323384066995546, 0.10714783415022168, 0.11724906680850396, 0.12445222373677647, 0.10570873908652635, 0.10612815380806008, 0.11086594632874433], [0.10686930352094859, 0.11891671128056855, 0.10293172498424208, 0.1070900658663273, 0.11737699903605701, 0.12422164026760431, 0.10540378372044781, 0.10603136660977555, 0.11115840471402895], [0.10687235183742445, 0.11872683355807374, 0.10299565893995943, 0.10710856384261912, 0.11739435927777152, 0.12432091565781377, 0.10544965689296552, 0.10605317337286212, 0.11107848662051037], [0.10710488143271393, 0.11771833368977504, 0.10356482882822234, 0.10732069694629728, 0.11721216075253162, 0.1240583654847919, 0.10594928114186365, 0.10632183439010563, 0.11074961733369862], [0.10687651009564263, 0.11861175618854626, 0.1030487716842157, 0.10714338585159772, 0.1174343716198888, 0.12427742839435689, 0.10547305494456101, 0.10608670296577416, 0.11104801825541664], [0.10694052730674249, 0.11822917676166014, 0.10323927897183567, 0.10721107146956106, 0.11740124540055544, 0.1242617888263066, 0.10563492023985717, 0.10617129511732924, 0.11091069590615234], [0.10687782376836052, 0.11854811071052428, 0.10308130197082765, 0.1071699322497965, 0.11746788244260198, 0.1242248668568202, 0.10548222369621717, 0.10611110862947139, 0.11103674967538033], [0.10711630684036087, 0.11765213246178344, 0.10361330561237178, 0.10735943854804503, 0.11723538001316043, 0.1239488992972851, 0.10596858744724333, 0.10635952965998047, 0.11074642011976955], [0.10686425853734634, 0.11838251993235897, 0.1031268735971775, 0.10719024525110622, 0.11749304703011781, 0.12434291396578466, 0.10549552747249445, 0.106130307966629, 0.11097430624698504], [0.1068930477574709, 0.11820215946504911, 0.10321542936653157, 0.10722128287648307, 0.11747214199921813, 0.12434748963771082, 0.10556960381110876, 0.10616935016953116, 0.1109094949168965], [0.10696443529197236, 0.11789861535706526, 0.10339886633313215, 0.10730384472377351, 0.11743358851842736, 0.12419451301461042, 0.10571578995730774, 0.10626654278431912, 0.11082380401939204], [0.1070364392743364, 0.11771290324381244, 0.10353714967410936, 0.10736182097490318, 0.1173700684462268, 0.12402284172733717, 0.10584191000012888, 0.10633958572730134, 0.11077728093184458], [0.10680664871093218, 0.11865427997231533, 0.1030217894026972, 0.10721952945147198, 0.11763997751637567, 0.12405407620180277, 0.10533678734129989, 0.10613183494571551, 0.11113507645738945], [0.10680051692373804, 0.11834108245711968, 0.10309775590898601, 0.10720797709030548, 0.11759338470928661, 0.12444632531305427, 0.10540727068142995, 0.10613116797624772, 0.1109745189398321], [0.10697012125463608, 0.11781863874991413, 0.10344764638854768, 0.10734464217837437, 0.11746761156249319, 0.12410105666413947, 0.1057296632338443, 0.10630492760559247, 0.1108156923624583], [0.10689135903975647, 0.1180036922291222, 0.10330399528427153, 0.10728647680431216, 0.1175318053704373, 0.12429510501573708, 0.10559284481709408, 0.10623039483939348, 0.11086432659987568], [0.10682233943941086, 0.11815065745373139, 0.10318343233233043, 0.10723779878381386, 0.11757753540883656, 0.12448220086282785, 0.10547429283558751, 0.10616791706086862, 0.11090382582259292], [0.10677929597691199, 0.11825100283864219, 0.10311312605377083, 0.10722136365189132, 0.11762561631707973, 0.12453201795002859, 0.10539352113042581, 0.10614032611533417, 0.11094372996591524], [0.10708237562403125, 0.11751599663551203, 0.10368510811089492, 0.10746704608168348, 0.11740442669446084, 0.12371950649263203, 0.10591902906488403, 0.10644636644105981, 0.11076014485484174], [0.10692205053497235, 0.11781227504361737, 0.10342585344183072, 0.10736947110797186, 0.11757077254022903, 0.12409740482773007, 0.10565517110366336, 0.10631409415903936, 0.11083290724094584], [0.10705913983550985, 0.11751668707074331, 0.10367363014342768, 0.10747874458225341, 0.11745601200811828, 0.12371366182373912, 0.10588267439066475, 0.10645036339332821, 0.11076908675221553], [0.10669274073603144, 0.11828768444650441, 0.10304785712456217, 0.10724702635903012, 0.11778046744344507, 0.12456324830991375, 0.10525068475815752, 0.10613946886943487, 0.11099082195292051], [0.10672716542916348, 0.11808757083319053, 0.10313715629656138, 0.10725820785206218, 0.11771816794734334, 0.12466429177853607, 0.10534472231211808, 0.10616418981125413, 0.1108985277397708], [0.10686282327687359, 0.1178305223655046, 0.10337033544426255, 0.10736123813574325, 0.11764193290825549, 0.12423275167250582, 0.10556849459380438, 0.10629217801652023, 0.11083972358653009], [0.10670619557019898, 0.1186714140187149, 0.10298260442444694, 0.10731089916053013, 0.11789587572570873, 0.12386416845708317, 0.10515405106143211, 0.10618304673343375, 0.11123174484845146], [0.10667794885263286, 0.11815343967014807, 0.10307649332405837, 0.10725206288208057, 0.11778403252125001, 0.12472047131752916, 0.10525950601369324, 0.10614482283015773, 0.11093122258845015], [0.10666148902151264, 0.11843420163945455, 0.10300579032261548, 0.10729452943193955, 0.1179110967720656, 0.12426841736186463, 0.10515374538841331, 0.10616631253784155, 0.1111044175242927], [0.10664872771915429, 0.11825190891263515, 0.10303459197575827, 0.10726973877874321, 0.11786567008344044, 0.12459649031986417, 0.10518773602648412, 0.10614890903898913, 0.11099622714493133], [0.1068859705608636, 0.11764297012500084, 0.10349185067607243, 0.10745548241970296, 0.11770373200555785, 0.12400269431686443, 0.1056154521371279, 0.10638346768833465, 0.11081838007047545], [0.10655247230488464, 0.11796251899911621, 0.10305435170525637, 0.10729766652809156, 0.11797851944773015, 0.125, 0.1051072709370593, 0.10615916512968936, 0.11088803494817243], [0.10700703089145311, 0.11732224229450929, 0.10376951620463272, 0.10762650416704275, 0.11768928785463678, 0.1234239569116375, 0.10580750522143967, 0.10656857410107963, 0.11078538235356855], [0.10651619192821755, 0.11850620201508105, 0.10291893614541535, 0.10740212273922435, 0.11824384091034465, 0.12405604280268312, 0.10488193673957376, 0.10621813519851911, 0.11125659152094103], [0.10650802554066015, 0.11854164632524503, 0.10290268163357873, 0.10740455562959263, 0.11825470744549993, 0.12403207905687205, 0.10485900103953819, 0.10621710759739007, 0.1112801957316232], [0.10692544472728177, 0.11739344588188781, 0.10366719385974073, 0.10759210695929027, 0.11777793526461652, 0.12364318295531315, 0.10568603376107695, 0.10651688718920324, 0.11079776940158953], [0.1065434257936221, 0.11836707947710162, 0.10298616198031893, 0.10740899817747673, 0.11822344090840721, 0.1240975484971277, 0.1049577837960337, 0.10623477503112831, 0.11118078633878353], [0.10652962738262053, 0.1180886068964356, 0.10303200689942153, 0.10736081798436344, 0.11813443949002328, 0.12462846849942905, 0.10502358512275436, 0.10620117309779435, 0.11100127462715784], [0.10649788474180535, 0.11842657689807079, 0.10293199919378092, 0.10741168924523292, 0.11827961950663657, 0.12413066648966865, 0.10487259230514812, 0.10622412868235179, 0.11122484293730492], [0.10670170318377308, 0.11765919968520121, 0.10334381961914695, 0.10745782942316126, 0.11796353286423587, 0.12434588174018626, 0.1053457561976302, 0.1063397262371692, 0.11084255104949599], [0.10686970328123895, 0.11742521501073945, 0.10360727608993249, 0.10757850054362293, 0.11784652946905909, 0.12377267844366306, 0.10560343548018943, 0.10649054505724492, 0.11080611662430968], [0.10649131661083916, 0.11795047761015907, 0.10306190638920984, 0.10740195832580021, 0.11822501186202891, 0.12468180453221087, 0.10498778290689373, 0.1062308626397779, 0.1109688791230803], [0.10648231085195083, 0.11799439788043663, 0.10305144342316387, 0.10742122404575727, 0.11827583324232305, 0.12456697246149187, 0.1049575713533457, 0.10624295599859782, 0.11100729074293318], [0.1064456034305744, 0.11816197113166982, 0.10299051672412837, 0.10745923082619313, 0.1184028994662946, 0.12430101831028045, 0.10484801293678538, 0.10625947746526933, 0.1111312697088045], [0.10649073436180519, 0.11782723655995828, 0.10311158863537447, 0.10742983659432288, 0.118245193766076, 0.12470085360240221, 0.10500787026132348, 0.10625836950228067, 0.11092831671645684], [0.10640504566629454, 0.11824311857856422, 0.1029282180642942, 0.10745087978714961, 0.1184409599862621, 0.1243461275676992, 0.10476843362498468, 0.10624003465488302, 0.11117718206986843], [0.10651669990496508, 0.11774113943266552, 0.10317017938997272, 0.1074541356880316, 0.1182298062952781, 0.12464083866586627, 0.10505880461319393, 0.10628810933961097, 0.11090028667041597], [0.10675815459893916, 0.11739936968905584, 0.10354199078446084, 0.1076066793700093, 0.11803914160466393, 0.12390445071930964, 0.1054405424735077, 0.1064875074312077, 0.11082216332884585], [0.10641101083570545, 0.1181382724895, 0.10297279931592251, 0.10746747413474857, 0.11845461457149349, 0.1243652563516426, 0.10479955651099644, 0.10625870174371532, 0.11113231404627562], [0.10655150949603832, 0.11766160566039587, 0.10323834212810581, 0.10748695907633997, 0.11821556561285858, 0.12451978006201692, 0.10511813397681176, 0.10632688296066985, 0.11088122102676294], [0.10656587633468972, 0.1176178472871418, 0.10327435425974449, 0.10750960341318502, 0.11822064010816255, 0.12444367727971155, 0.10514225293536503, 0.10635086188239291, 0.11087488649960693], [0.1066041381895434, 0.11755883578235167, 0.10333587707141173, 0.10753583511720663, 0.1181932556577339, 0.12432305153874591, 0.10520344942508132, 0.10638433132708289, 0.11086122589084257], [0.10668832647816225, 0.11742303926452133, 0.10347789946055722, 0.10760328529994487, 0.11814061525805847, 0.12402789666424406, 0.10533561085740221, 0.10646646314648284, 0.11083686357062664], [0.10644304252619798, 0.11782623794672938, 0.10310681897892802, 0.10749685205894152, 0.11841719690915094, 0.12450529912926812, 0.10491656819121899, 0.10630201609146661, 0.11098596816809843], [0.10650380790832108, 0.11766016195993129, 0.10321288685766883, 0.1075116823559792, 0.11832040657414, 0.12450941025472909, 0.10504108034441947, 0.1063356229731704, 0.11090494077164052], [0.10671500617947255, 0.11735130977438464, 0.1035411567934251, 0.10764350793706103, 0.11814204016213199, 0.12389014810161827, 0.10537793726724021, 0.10650936285036942, 0.11082953093429693], [0.10641505534237533, 0.11789607545772329, 0.10307596414760493, 0.10752298134928058, 0.1185089778396706, 0.12437051372196427, 0.10484928699582655, 0.10631409338157057, 0.11104705176398388], [0.10647329570520664, 0.11767834749334036, 0.1031886946095871, 0.1075234240782948, 0.11838579347044242, 0.12449803860841885, 0.10498835816156844, 0.10633708380752083, 0.11092696406562069], [0.10650621817143394, 0.11756641616728122, 0.10327146365098026, 0.10756852981650496, 0.11838420896940424, 0.12436669930039868, 0.1050488661581071, 0.10638687516453334, 0.11090072260135626], [0.10655419223633429, 0.11746510835992077, 0.10336237919118171, 0.10761180440604412, 0.11835735133958791, 0.12420443280071973, 0.1051289292599742, 0.10643858759059714, 0.1108772148156401], [0.10641431352629403, 0.11756881291604475, 0.1032168713107615, 0.10761057953353129, 0.11857978753082542, 0.12436416619503823, 0.10490010902530623, 0.10639875654845554, 0.11094660341374288], [0.10662697845996799, 0.11723376228117542, 0.10355525560207984, 0.10773927676989874, 0.11837944151822442, 0.12379480414504837, 0.10524784834755067, 0.10657172390915913, 0.11085090896689558], [0.10655401695542445, 0.1172428095366354, 0.10350261626332698, 0.10775683511144389, 0.11851769500265394, 0.12384803849003961, 0.10513458113047108, 0.10656763156634537, 0.11087577594365938], [0.1060747874542889, 0.1177916721630531, 0.1028442213258767, 0.10757273981509716, 0.11898844547616474, 0.12499999999999997, 0.10434767179166779, 0.10627552860891079, 0.11110493336494069], [0.10651183788585832, 0.11726590594574447, 0.1034596207953217, 0.10775339542191571, 0.11858152635601743, 0.12391598965485906, 0.1050689626588636, 0.1065532821251154, 0.11088947915630416], [0.10606200895278668, 0.1176672644597009, 0.10290897226041264, 0.10765097123858297, 0.11911770698890699, 0.1248146784921851, 0.10433442206546588, 0.10634124257197258, 0.11110273296998627], [0.10652831478275569, 0.1171281288487428, 0.10355167382124474, 0.10782646644073976, 0.1186239152342006, 0.12374212904165784, 0.10510151011799641, 0.10662367910018627, 0.1108741826124759], [0.10610709888644707, 0.1174768988470591, 0.10299994271403062, 0.1076347331409057, 0.11900358931113211, 0.12499999999999997, 0.10445822765898359, 0.10634633117469158, 0.1109731782667501], [0.10626455749102014, 0.11733373586965293, 0.10321510444449923, 0.10771369228887342, 0.11888564268687904, 0.12449909939562794, 0.1047022003048497, 0.10645617355826205, 0.11092979396033557], [0.10610783332511618, 0.11743360444247976, 0.10302686173404585, 0.10766147289401123, 0.11903723719835678, 0.12493041960757123, 0.10446133034396635, 0.10637020881029964, 0.11097103164415295], [0.10648159862482644, 0.11707611929399772, 0.10354399627350427, 0.10785558959051708, 0.11871829532661937, 0.1237741086504337, 0.10503611514343653, 0.10663831744385513, 0.11087585965280976], [0.1062570645454942, 0.11712666576141474, 0.10333116184075203, 0.10783285972561475, 0.11902581171651838, 0.12424713979963063, 0.10470212214849511, 0.10656110855716769, 0.1109160659049125], [0.10620557438896103, 0.1171391732499964, 0.10328237033574222, 0.10782946773211634, 0.11909822716143495, 0.12434765987649679, 0.10462404899874758, 0.10654486739617372, 0.11092861086033082], [0.10635020587223205, 0.11700052971963446, 0.10348271459121847, 0.10790349666113173, 0.11895900063047107, 0.12391829596200019, 0.10484610795497563, 0.10664816549708438, 0.11089148311125202], [0.11719297085012992, 0.10295082307858733, 0.12321099830035825, 0.11409600417200197, 0.09899214412953677, 0.09654591538861075, 0.11323516445725881, 0.11958057006940619, 0.11419540955411], [0.11687312915384286, 0.10334029033186616, 0.12303734054520346, 0.11448217794448086, 0.09908766989068668, 0.09661528712960761, 0.11251659801398779, 0.11898225840680762, 0.11506524858351695], [0.11702881812399797, 0.10311632095879095, 0.12329595715748393, 0.11431332723897504, 0.09901141049097546, 0.09654086233534892, 0.11284573002856924, 0.11920488406058606, 0.11464268960527244], [0.11712891784224633, 0.1029223416060177, 0.1232606256266788, 0.11412982714064827, 0.09899898507766584, 0.09653585380210851, 0.11317634446802932, 0.11965109537393681, 0.11419600906266841], [0.11707889630340007, 0.10290717456111048, 0.12330546264035327, 0.11416163190464279, 0.09900182369511383, 0.09652572173249312, 0.11311970915741108, 0.11968585498895147, 0.11421372501652388], [0.11705596632335945, 0.10284975102875993, 0.12324358710286089, 0.11412984828425156, 0.0990347749338023, 0.09655269717708208, 0.11318752440130915, 0.11986947991098533, 0.11407637083758931], [0.11674834912120595, 0.10309907148940133, 0.12343677195826529, 0.11451455405024505, 0.09904386603220604, 0.0965096563899531, 0.11249204389401869, 0.11931418577000538, 0.11484150129469903], [0.11652256314503173, 0.10332163034174537, 0.12311573126994134, 0.11472803830678968, 0.09915357687590325, 0.09660351246165588, 0.11210509543025003, 0.11915966080355296, 0.11529019136512976], [0.11675597313783621, 0.10277106635493735, 0.12353791240958108, 0.11433446161182967, 0.09904193810677032, 0.09648135368947593, 0.11281929434475955, 0.12003661742957783, 0.11422138291523204], [0.11656918246491829, 0.10278467777631044, 0.12378175526005954, 0.11450822083207209, 0.09902707056051256, 0.09642060767391368, 0.11250552523391684, 0.11994129002576064, 0.11446167017253592], [0.1164653454499959, 0.10272875854461692, 0.12386021903429345, 0.11455739353707668, 0.09903991628547407, 0.0964052074213021, 0.11242010835610763, 0.12008233933147498, 0.11444071203965848], [0.11668863179953255, 0.10269096988112485, 0.12289204849276958, 0.11419117058170347, 0.09930262355541378, 0.09675120089749135, 0.11313558888737706, 0.12062882186885045, 0.11371894403573689], [0.1161726492498349, 0.10290709861493279, 0.123888176322565, 0.11487980961050477, 0.09909208805722375, 0.09640674567131938, 0.1118793916531528, 0.11976817636700555, 0.11500586445346105], [0.11577270703203603, 0.10327219271634916, 0.12317176216546691, 0.1152734612050563, 0.09933393204287495, 0.09661190529189655, 0.11125835789482069, 0.11956971098479627, 0.11573597066670302], [0.11598351014324876, 0.10292133183209123, 0.12387754874923183, 0.1150285996502345, 0.0991343145407624, 0.09640860044952984, 0.11163781191091661, 0.119841635552976, 0.11516664717100887], [0.11634421548659254, 0.10261543561885839, 0.12377755142857402, 0.11456165958253112, 0.09910929345004107, 0.09644248431380945, 0.11243000055706413, 0.12047779116764454, 0.11424156839488475], [0.11646839559717664, 0.1026273598341625, 0.12302162084737758, 0.11433390705604701, 0.09932984565352922, 0.09672007373063335, 0.11288567985411847, 0.12082765799911033, 0.11378545942784486], [0.11628081435543883, 0.1026021575009504, 0.12385525055501395, 0.11460976033513368, 0.09910655123584758, 0.09642287693516288, 0.11234346982562397, 0.12049375970932481, 0.11428535954750388], [0.1158408736725329, 0.10280777251350369, 0.12410429331658683, 0.11509678800803322, 0.09912952406009902, 0.09635795382132024, 0.11152300647928731, 0.12003055903368252, 0.11510922909495429], [0.11572495941214848, 0.10293816876849968, 0.12382429350881695, 0.11523320871622447, 0.09920573019159906, 0.09642405226212931, 0.11132210382026213, 0.11995782789090681, 0.11536965542941309], [0.11629608428044833, 0.1025896770860256, 0.12296235647253988, 0.11441591484637509, 0.09941127490212412, 0.09676406931056909, 0.11275413455916815, 0.12104342429860272, 0.11376306424414702], [0.11610767116860912, 0.10252035331753316, 0.12353865548998214, 0.11463413030750551, 0.09926629450145809, 0.09654772066749695, 0.11234490366472966, 0.12097620794919176, 0.11406406293349358], [0.11568079275945535, 0.10261126732283872, 0.1244853872823536, 0.11513017957980431, 0.09910268496376927, 0.09627452553104507, 0.11143794387765242, 0.12034898142782276, 0.1149282372552585], [0.11572913108514905, 0.10256620676385952, 0.12452494297964213, 0.11506559504124275, 0.09909154988301894, 0.0962706787183109, 0.11153850860982976, 0.1204090149417344, 0.11480437197721255], [0.11598834942307634, 0.10249432534965701, 0.12381944237772778, 0.11475195045756531, 0.0992149177626746, 0.09645917095022968, 0.11212568371099277, 0.12092772552488873, 0.11421843444318779], [0.11542694169279992, 0.10288964617178968, 0.12386038271670492, 0.11545278671754733, 0.09927536397426771, 0.09641921181020595, 0.11099734231453513, 0.12017428431386812, 0.11550404028828137], [0.11618408338581393, 0.10258092405965202, 0.12279457233613422, 0.11444527311333995, 0.09951499790456549, 0.09685109283852497, 0.11271663036137763, 0.12121755729552616, 0.11369486870506561], [0.11580470158160955, 0.1024834377347468, 0.12430367700555277, 0.11493948555144237, 0.09913402552745902, 0.09632636268514339, 0.11176966574243638, 0.12073275940605785, 0.11450588476555182], [0.11517998976377283, 0.10306719782835057, 0.1234114396049706, 0.11569907472781318, 0.09943934126103879, 0.09655067048800225, 0.11065877677493817, 0.12011580801905557, 0.11587770153205804], [0.1154183369472032, 0.10271324019350611, 0.12424970277897611, 0.11539303309539277, 0.09920552255183433, 0.09632627117665471, 0.11106324661129131, 0.12035965673427981, 0.11527098991086164], [0.1156159704827933, 0.10250061733960994, 0.12463545233583198, 0.11511839429972842, 0.09910477282628952, 0.09625215047740149, 0.11144547108485606, 0.12055458369346599, 0.1147725874600232], [0.11606481897348052, 0.10253932495497668, 0.12294362844919067, 0.11454579586832916, 0.09949494577702131, 0.09679317806538636, 0.11253995455751599, 0.12130041139652203, 0.11377794195757705], [0.1157060296118934, 0.10246150993922835, 0.12439999054914619, 0.11500976339903934, 0.09914009509880442, 0.09630695638305246, 0.11164889028712437, 0.1207703335055564, 0.11455643122615519], [0.11511703847004848, 0.10301716247411037, 0.12348635454772582, 0.11573857426995612, 0.09943970070450991, 0.09652902249514132, 0.11060499841739717, 0.12021050850308747, 0.11585664011802335], [0.11542485969155246, 0.10253879559713162, 0.12464793252874128, 0.11529882588202571, 0.09913565774459736, 0.09624132148459448, 0.11116049977730336, 0.12054517395020233, 0.11500693334385141], [0.11597353175007508, 0.10251541852415631, 0.12298652961565638, 0.11460909132217045, 0.09950768713019384, 0.09678119001008369, 0.11243279308419533, 0.12138343394986591, 0.11381032461360314], [0.1158813499327055, 0.10249258309970148, 0.12301965169202576, 0.1146720036075385, 0.09952416136375379, 0.09677312976516897, 0.11232755679015764, 0.12146960094226768, 0.1138399628066807], [0.1154283907267091, 0.1024017313570718, 0.12464078358522082, 0.1152075714362288, 0.09916750476253229, 0.09626304527125185, 0.11131762118902633, 0.12088377180814164, 0.11468957986381736], [0.11521227745970644, 0.10251617345945217, 0.1246460027541867, 0.1154644224173336, 0.09919311366106008, 0.09624595118420917, 0.11092067536779354, 0.12068568621583751, 0.11511569748042096], [0.11477042246320056, 0.10307475962593882, 0.1232201003158256, 0.11603610274018043, 0.09960064662485031, 0.096616831591873, 0.11020897826097337, 0.12033964175301178, 0.11613251662414614], [0.11575829784014136, 0.1024484368060722, 0.12324566750885634, 0.11479175153716108, 0.09947872327894222, 0.09668576218863124, 0.11211834964462061, 0.12150921042325791, 0.11396380077231705], [0.11531257776173706, 0.10238506471496489, 0.12479049637685667, 0.11529644878390868, 0.09916438110009607, 0.09623093050521189, 0.11115956664508225, 0.12088180558760606, 0.11477872852453663], [0.11485775284032237, 0.10289278175692804, 0.12361621530515364, 0.11591973811244839, 0.09948394765442069, 0.09649451765473567, 0.11036151726794159, 0.12051547309808651, 0.11585805630996321], [0.11450775602648974, 0.10335072945156056, 0.122604968635685, 0.11629112779461208, 0.09983862251281558, 0.09683729358816225, 0.10985774440197119, 0.12011554211095538, 0.11659621547774836], [0.11520591286748695, 0.10237156512548133, 0.125, 0.11537576244308857, 0.09913211623302418, 0.09617345053300938, 0.11099013448255451, 0.12085679887378258, 0.1148942594415725], [0.11555653221182287, 0.10238795969142488, 0.12371257106118175, 0.11500231708500462, 0.0993838760508445, 0.09652281092206642, 0.11174784674089862, 0.12146816678967122, 0.11421791944708513], [0.1144309986438326, 0.1032283121986128, 0.1227741680085855, 0.1163442459650985, 0.09981413635841126, 0.09677366409252784, 0.10980435667433745, 0.12032419224391606, 0.11650592581467799], [0.11454155245795172, 0.10305766378249558, 0.12313280632034147, 0.11622484587291301, 0.09968836382706338, 0.09664720600073184, 0.10996755239773141, 0.12049550629357576, 0.11624450304719593], [0.11566351293665753, 0.10248598295868773, 0.12269738168502109, 0.11474495608270974, 0.09972008524060233, 0.09693402693399872, 0.1122241491957419, 0.12178786123517887, 0.11374204373140208], [0.11556799592602886, 0.10241685932381168, 0.12314460012493003, 0.11489659291708441, 0.09957308966731526, 0.09673698021488285, 0.11195736814800004, 0.12174724973731355, 0.11395926394063331], [0.11464800914440805, 0.10280081937306462, 0.12367858874555082, 0.11606915316671765, 0.0995315638814188, 0.09647933510507288, 0.11016665611659146, 0.12076735790654511, 0.1158585165606306], [0.11500975425117217, 0.10234643013323942, 0.12473558508582173, 0.11553201233709173, 0.09925856675180834, 0.09624799039164851, 0.11082844094853289, 0.12113394689867259, 0.11490727320201272], [0.11543250698181146, 0.10237552942871041, 0.12335823529016576, 0.11502731674865324, 0.09953714613242473, 0.09665679884595571, 0.11173809119544109, 0.12178554504934154, 0.11408883032749587], [0.11488492595178201, 0.10240501787703601, 0.124643822356496, 0.11568128665277784, 0.09929696512881302, 0.09625996457055921, 0.11062524271282999, 0.12108601522832775, 0.11511675952137827], [0.11447515673668887, 0.10289560633045969, 0.12338989138478051, 0.11624484821056309, 0.0996461678886747, 0.09656498949102439, 0.10994688546350699, 0.12075629121145277, 0.11608016328284898], [0.1148141915904855, 0.10237414406761257, 0.12459461531603178, 0.1157237430685703, 0.09933491094418166, 0.09627751950257013, 0.11057922870103924, 0.12121682571040325, 0.11508482109910567], [0.1149303329019216, 0.10232675845190735, 0.12452097951794727, 0.11558360296427324, 0.0993471289589679, 0.09631490661298864, 0.11080341733043281, 0.12132682621406721, 0.11484604704749408], [0.11423041945460344, 0.1030205679085513, 0.12301480000517646, 0.11648417820325103, 0.09980963087897621, 0.0966873119023269, 0.10964700775062794, 0.120733222756747, 0.11637286113973982], [0.11507198349551892, 0.10231149100371921, 0.12416401025721327, 0.11541911959344502, 0.09940022604848722, 0.09640571434647643, 0.11108321341380181, 0.12156140449526298, 0.11458283734607512], [0.11412905550744525, 0.10311275598901505, 0.12279715013446359, 0.11658777925047613, 0.09989680301655583, 0.09676416952400888, 0.1095140700273832, 0.12065778502428068, 0.1165404315263714], [0.11531250139475402, 0.10236776799982349, 0.1231421672269842, 0.11507075766777537, 0.09964837791981186, 0.09674672494695866, 0.11168267463363198, 0.12200169878159173, 0.11402732942866868], [0.11453773395318684, 0.10255067254259109, 0.12408321518383478, 0.11606651722214531, 0.09949181656787968, 0.09638221359854456, 0.11016035604496721, 0.12117607746429497, 0.11555139742255556], [0.11447879208303736, 0.10261353842405366, 0.12391925975102548, 0.1161461874279997, 0.0995373559025382, 0.09642031824906652, 0.11006450967045284, 0.1211377270749554, 0.1156823114168709], [0.11449979509816537, 0.10258232967432346, 0.12399369926882312, 0.11611426482806009, 0.09951823084999432, 0.09640277286529347, 0.11010276420680994, 0.12116381367033491, 0.1156223295381955], [0.11490450270510875, 0.1022939936019815, 0.12410132900192838, 0.11554956744085293, 0.09946845971650849, 0.0964312543961593, 0.11090767742707304, 0.12170279111997707, 0.11464042459041053], [0.1146436800860785, 0.10234752018468006, 0.12440316138345543, 0.11585531808655208, 0.09943641475294718, 0.09633373992849784, 0.11043480882836076, 0.12145271911809444, 0.11509263763133384], [0.11467797861780467, 0.10232068679383402, 0.1243637981982087, 0.11580191385318946, 0.09944938029193694, 0.09635341390254959, 0.1105203296441659, 0.12153054845306206, 0.11498195024524852], [0.11521539783798214, 0.10239553714828904, 0.12271901540858804, 0.11505257733822495, 0.09984013808910218, 0.09693675272841941, 0.11172584059793346, 0.12224344896622692, 0.11387129188523383], [0.11425597329324753, 0.1024205104200122, 0.1239985671696839, 0.1162476432109938, 0.09961995981015274, 0.09642579405591294, 0.10995434569281294, 0.12163350208232354, 0.1154437042648603], [0.11381716594415878, 0.10283768495035557, 0.12302278354071972, 0.11680641746115217, 0.09993317833342485, 0.09668134998068606, 0.10927221218103388, 0.12128122819642956, 0.1163479794120394], [0.11443691458393113, 0.10230527433910032, 0.12409601099713954, 0.11599767361292637, 0.09958867813151426, 0.09643112591964748, 0.11029314090536382, 0.12181319754788605, 0.11503798396249114], [0.1142658479736286, 0.10237454327986034, 0.12402427275867171, 0.11620904773036274, 0.09962976598277888, 0.096433584498784, 0.1100134256391963, 0.12172347995417028, 0.11532603218254725], [0.11496996692943638, 0.10231494166898793, 0.12293089522263759, 0.11521165766373587, 0.09985219064253283, 0.0968810676981503, 0.11143205930836936, 0.12246138938389589, 0.11394583148225365], [0.11390564574807904, 0.10261171715761343, 0.1234323164833593, 0.11665247189117044, 0.09981708940608203, 0.09655682431535068, 0.10946102757421408, 0.12159825508577114, 0.11596465233835986], [0.11383788416199693, 0.10262003359465331, 0.12336007698076795, 0.11671637308764476, 0.0998538658251463, 0.09657760842339844, 0.10938623607807269, 0.12163785802067109, 0.11601006382764854], [0.11394269301262946, 0.1024528554487925, 0.12365611422601669, 0.11654426345639408, 0.09977907076628134, 0.096509324089469, 0.10959973402981463, 0.1218602146542966, 0.1156557303163057], [0.11432167246319744, 0.10224715902981174, 0.12394104300457812, 0.11602369023335987, 0.09969536028083795, 0.09650886006333086, 0.1102703686031215, 0.12210616276108606, 0.11488568356067642], [0.11425844790149886, 0.10226002003965698, 0.12394149372081432, 0.11610292906241176, 0.0996973227985673, 0.09649401069541745, 0.11016281700615697, 0.12209529512475208, 0.1149876636507243], [0.11363032213025046, 0.10260253286887033, 0.12319313145311216, 0.1168954885020465, 0.09995864056669099, 0.09662776037847152, 0.10918028231941324, 0.1218368989651494, 0.11607494281599544], [0.1144148259015697, 0.10215173851414183, 0.1237899974776051, 0.11575607809768756, 0.0997296776260339, 0.0965791015394513, 0.11056497169645256, 0.12255836199504014, 0.11445524715201773], [0.11400269323727902, 0.10223366747796843, 0.12403500873138783, 0.11631740277094063, 0.09973599797227801, 0.09646702789394393, 0.10983946142451403, 0.12221023713310317, 0.11515850335858493], [0.11378056860308321, 0.10239944417264184, 0.12360439957907329, 0.11665309078765335, 0.0998503915471135, 0.09653522719107585, 0.1094625627805687, 0.12208426930602496, 0.11563004603276529], [0.11340066758479748, 0.10258383501859268, 0.12305594113833934, 0.11709000434631565, 0.10006490792492345, 0.09667463762179797, 0.10894575136248898, 0.12202977450981481, 0.11615448049292962], [0.11417764019394845, 0.10208816088325987, 0.1240190009556764, 0.11592111242664101, 0.0997515657531538, 0.0965373601988339, 0.11028344561297103, 0.12267947977933799, 0.11454223419617776], [0.11409024124398341, 0.10204628752709001, 0.12396976903792425, 0.1159112215355455, 0.09980573304312822, 0.09657569456774434, 0.1102533089679993, 0.12291012868028123, 0.11443761539630375], [0.11424266886691765, 0.10208834929709343, 0.12355775849035312, 0.11569886157318024, 0.0998944905859138, 0.09672252454214345, 0.11055712300874322, 0.12305439536421954, 0.11418382827143533], [0.112925089751445, 0.10275961237719088, 0.1225210332655548, 0.1175808424899763, 0.10035425833362743, 0.09686824414837603, 0.1083693142674107, 0.12196365418363606, 0.11665795118278281], [0.11397161172641425, 0.10201717329178703, 0.12409918689139253, 0.11600367850776495, 0.09981203841453862, 0.09654897624252771, 0.11010306278467337, 0.12294648011052797, 0.11449779203037354], [0.11332808233567124, 0.10220006215658622, 0.12398009532841524, 0.1168943431172939, 0.0999254367718339, 0.09648725049709914, 0.10903434782093616, 0.12258129779419248, 0.11556908417797175], [0.11392265532498043, 0.10199817594540732, 0.1240168840448658, 0.11598907019963735, 0.09985823914394532, 0.0965882052112713, 0.11009821657620981, 0.12310743575656595, 0.1144211177971167], [0.11292798232713971, 0.10248695687739642, 0.12309478571627004, 0.11744526961807816, 0.10021678437665692, 0.09670204663578638, 0.10845971973083876, 0.12240525093220585, 0.11626120378562765], [0.11341387487171885, 0.10203106434556995, 0.12448583440847646, 0.11665386356804565, 0.09982895270279012, 0.09640693544314743, 0.10923527033070549, 0.12274882528147611, 0.11519537904806995], [0.11360196078566374, 0.10196021587798736, 0.12462277935548263, 0.11636764621439867, 0.09979450538388548, 0.09642421463537074, 0.10956406605878766, 0.12282727762362206, 0.11483733406480187], [0.11380859513533641, 0.10196922696938748, 0.12402555238227315, 0.11604216166794258, 0.09990041719169837, 0.09660358956097752, 0.10999460940218204, 0.1232474075323589, 0.11440844015784352], [0.11380719777429388, 0.10196987570189721, 0.12394323592034659, 0.1160170762954495, 0.0999274317813425, 0.09663422632075976, 0.1100223202634019, 0.12331874137850539, 0.11435989456400325], [0.11357434488149794, 0.10192261424796589, 0.12440329903430535, 0.11627580455268377, 0.09988292465468522, 0.0965151827013713, 0.10965108218084477, 0.1231586715614541, 0.11461607618519166], [0.11375234508130269, 0.10196043601376233, 0.12386953236205793, 0.11602299337818907, 0.09997272510978836, 0.09667018128327207, 0.10999560334402093, 0.12343885308763095, 0.11431733033997564], [0.11326834057959466, 0.10185463616120345, 0.12491983715443762, 0.1165704721846427, 0.09982543595346903, 0.09636806505599342, 0.10919146241570861, 0.12309597909387972, 0.11490577140107087], [0.11364251866709421, 0.10193712788301393, 0.1238977589304806, 0.11609093112430814, 0.10000468181713701, 0.09667432394569762, 0.10987923941202545, 0.12353839173458488, 0.11433502648565798], [0.11282177771826318, 0.10217218350693118, 0.12378481587924815, 0.11731818723445603, 0.10012111349942363, 0.09655562035232648, 0.1084755517048061, 0.12295391663492711, 0.11579683346961815], [0.11318542952872666, 0.10183101133453092, 0.125, 0.11662725583363077, 0.09982894022756536, 0.09634956174794473, 0.1090922756906599, 0.12314926111503682, 0.11493626452190484], [0.11262934291256742, 0.10230550682012929, 0.12335335302613362, 0.11759113361885422, 0.10026948639467514, 0.0966650747318683, 0.10820638885309011, 0.12286391738589586, 0.11611579625678604], [0.11288026875515318, 0.10203590090963144, 0.12419325235259997, 0.11713933794503699, 0.10004579310885146, 0.09648883099545616, 0.1086172205620746, 0.12309190069873281, 0.11550749467246349], [0.11257288983318327, 0.10224042689424821, 0.12346813374774887, 0.11759254166595222, 0.10026775936502497, 0.09664443985100175, 0.10817357180489193, 0.1230090915144902, 0.1160311453234587], [0.11315065799958798, 0.1018517008027693, 0.12460004674445796, 0.1165965061579266, 0.09998940327367323, 0.09650990740962069, 0.1091644448109858, 0.1233635902934045, 0.1147737425075739], [0.11283730570775467, 0.10193894734740166, 0.12443506688128153, 0.11706787301222339, 0.10004038904281352, 0.09647089814524346, 0.10863757702573851, 0.12325347474684159, 0.11531846809070156], [0.11256621311373229, 0.10213922574835987, 0.12370020008808709, 0.1175148660296525, 0.10022904929546039, 0.09659768732879892, 0.10821439801436385, 0.1231843439839558, 0.1158540163975892], [0.1129540466045847, 0.10182394700357793, 0.124654066982373, 0.11677486258066086, 0.1000111442095845, 0.09647722754591709, 0.10890735599665445, 0.12348978105012884, 0.11490756802651865], [0.1130229290454291, 0.10183762247267064, 0.12454590591169037, 0.11668935153044538, 0.1000430354477394, 0.09653114963353239, 0.1090302788204099, 0.12349521932440274, 0.11480450781368001], [0.11291470279086209, 0.10182321500704228, 0.12459804956829117, 0.11680007273034551, 0.10004143740220876, 0.0964982880099014, 0.10887482824418279, 0.12354515418714072, 0.11490425206002505], [0.11234635342572406, 0.10214923542755759, 0.12352283780766843, 0.11771668494947993, 0.10034525342527284, 0.09665911488385737, 0.10797576095312339, 0.1233234030860149, 0.11596135604130137], [0.11305516830591558, 0.10185575758137858, 0.12425351586706025, 0.11659831978459276, 0.10013587205796366, 0.09664215544671406, 0.10915328562999048, 0.123658200418353, 0.11464772490803163], [0.11260700034075331, 0.10186573524756615, 0.12435820939888427, 0.11716144590810161, 0.10015971365020881, 0.0965331392006584, 0.10846178137815962, 0.12364029029817993, 0.11521268457748803], [0.11422083674939319, 0.11032735029300347, 0.11114685809057065, 0.11283294751566997, 0.1036155377549947, 0.1019954489013951, 0.10919198537429202, 0.11399555647362111, 0.1226734788470598], [0.11415525780610154, 0.11038371621261427, 0.11107880222188568, 0.11282910228869787, 0.1036872143508107, 0.10206606417365402, 0.1091336716470183, 0.11396423167606456, 0.12270193962315301], [0.11441612848031155, 0.10964287082426995, 0.1118026759523538, 0.11318245052035139, 0.10311198816953077, 0.10133608600032788, 0.10928042772916964, 0.11452520791164982, 0.1227021644120352], [0.11464311219296204, 0.10917232186157544, 0.11233170458990645, 0.11338932747836895, 0.1027260877713378, 0.10087065989263198, 0.10944890513920819, 0.11489232280705616, 0.122525558266953], [0.11364103882247789, 0.11056942486536929, 0.11075367516704727, 0.11296254914205442, 0.10411697395672677, 0.1024045284197725, 0.1086317849721725, 0.11392172796397061, 0.12299829669040889], [0.11325920022638646, 0.11126485738207381, 0.11012291790608106, 0.1127300821540528, 0.10480055813490353, 0.10318930916363421, 0.1083686652574595, 0.11347321853100616, 0.12279119124440246], [0.11387565809997915, 0.10978828135327884, 0.11147092901220784, 0.11334729291817956, 0.10350646694573143, 0.1016241429226989, 0.10874137479193424, 0.114510862405831, 0.12313499155015904], [0.11378073161218002, 0.10977582320732142, 0.11144477174543257, 0.11340102155990649, 0.10355592702505326, 0.10164307276084336, 0.10864108724317617, 0.11453924797767791, 0.12321831686840878], [0.11420682773937438, 0.10875397737529041, 0.1125901837354416, 0.11390759394721786, 0.10273467208428819, 0.10063764370367433, 0.10894569662554414, 0.11538885281084658, 0.1228345519783225], [0.1135787338560737, 0.10980156427743969, 0.11134300387196613, 0.11348045286480848, 0.10369403697494979, 0.10173146404862436, 0.10843625088772227, 0.11455362150141948, 0.1233808717169961], [0.11399455483048146, 0.10877145786030602, 0.11248508983351735, 0.11400332542897816, 0.10286331134012393, 0.10071296670006345, 0.10872822052027047, 0.11541849780854663, 0.1230225756777125], [0.11382888536041423, 0.1090276376788633, 0.1121551576494154