[[0.10699292045830852, 0.12302397021661632, 0.10555927980498409, 0.11490936087350452, 0.12472707093690495, 0.107217977209977, 0.10304595783193277, 0.1182042458955114, 0.0963192167722606], [0.10693454095315237, 0.12357683820414248, 0.10515456274065604, 0.1154749302566848, 0.12488073984756108, 0.10706607893989202, 0.1026973659504218, 0.11874611805184736, 0.09546882505564225], [0.10700163246964882, 0.12286385398579133, 0.10552385315574314, 0.11491952414387771, 0.12484816983389127, 0.10719109546527048, 0.1031402561417154, 0.11807010801347328, 0.0964415067905887], [0.10699453267578814, 0.1230269684079574, 0.10545394873251769, 0.11503253667157928, 0.12481841334549706, 0.10716850641641867, 0.10307363964370114, 0.11815428443788586, 0.0962771696686549], [0.10693319113742433, 0.12348045791063035, 0.10509712650082519, 0.11552797079042776, 0.12499999999999997, 0.10703431330148896, 0.1027264921472341, 0.11872662622320575, 0.09547382198876339], [0.10698576915739605, 0.12335689500103221, 0.10519594306118704, 0.11544793753102167, 0.12471118747532677, 0.10708522716751658, 0.10289105434878507, 0.11856338553477225, 0.09576260072296237], [0.1069880075078496, 0.12286804344906159, 0.10544531076436005, 0.11498596979216223, 0.125, 0.1071475910206606, 0.10313704794236982, 0.11803844318363291, 0.09638958633990323], [0.10702587101276596, 0.12282052766302098, 0.10540949052389247, 0.11508241528219237, 0.12482493931558045, 0.10714473085561571, 0.10322049427468502, 0.1180210965640655, 0.09645043450818155], [0.10705828376485423, 0.12226244206644737, 0.10557670405836057, 0.11478415372369186, 0.125, 0.10719212130797597, 0.10347587314352734, 0.11765750867938637, 0.09699291325575629], [0.1069998651656972, 0.12290247215070056, 0.10519347788336438, 0.11533240211015104, 0.125, 0.10704462234029326, 0.10315218441037324, 0.1181862042223476, 0.0961887717170727], [0.10706048950698799, 0.12313871761675531, 0.10500198284646928, 0.1158062046888685, 0.12453734384179026, 0.10702849265470786, 0.10303493983476321, 0.11864337823344225, 0.09574845077621534], [0.107090170624712, 0.12223328508473365, 0.10555284789000291, 0.11485586949349842, 0.12486127170476809, 0.10719247768212359, 0.1035469616340651, 0.11761671211137119, 0.0970504037747249], [0.10705252004358998, 0.12295289674038443, 0.10504766119834835, 0.11567547839350187, 0.12471420950058597, 0.10702559202230767, 0.10312444793394925, 0.11845893500473283, 0.09594825916259947], [0.10702648070165008, 0.12278111163407653, 0.10506715740427831, 0.11552396510922687, 0.125, 0.10699685744384672, 0.1032183317399851, 0.11822558580721948, 0.0961605101597169], [0.10698822317540317, 0.12332227691042587, 0.10469020002050072, 0.11607142385549576, 0.125, 0.10685820611613885, 0.10292345281277797, 0.11874059209511091, 0.09540562501414679], [0.10708765043258889, 0.1225830219917871, 0.10528136442520533, 0.11528463452965827, 0.12467803046825827, 0.10709690728909056, 0.10342400660034776, 0.1179567015725741, 0.09660768269048971], [0.10703276437844378, 0.12317248796602424, 0.10478115200685621, 0.11600428367686168, 0.1247923553511269, 0.1069082867043706, 0.10304596973359334, 0.11863711534580589, 0.09562558483691734], [0.10705830474907303, 0.12291166010792251, 0.10490569631783378, 0.1158387054623254, 0.12478399368468689, 0.10695755979114736, 0.10317655133265653, 0.11845464016336506, 0.09591288839098946], [0.10713649278857625, 0.12192780469470184, 0.10555615901247437, 0.11483689914628666, 0.12486348596355197, 0.10718991149266248, 0.10375187197407097, 0.11739093700933423, 0.09734643791834124], [0.10704590843282957, 0.12273680897136097, 0.10492791896299555, 0.11574470865625017, 0.125, 0.10694786625015522, 0.10323095462496926, 0.11832545587992827, 0.09604037822151099], [0.1070759572620361, 0.12247783989557351, 0.10517198848906491, 0.11537170003597275, 0.1248922079779436, 0.10703453110015786, 0.10345604376239416, 0.11793196813396566, 0.09658776334289147], [0.10707351670519621, 0.12264265687057538, 0.10497028143844137, 0.11571847604713582, 0.12488586448862855, 0.10697277997971935, 0.10330628129483863, 0.11826445394908032, 0.09616568922638437], [0.10712993784037639, 0.12181903135898445, 0.1055570758951691, 0.1147900142116502, 0.125, 0.10717841255159215, 0.1037883537766063, 0.11731516578194282, 0.09742200858367862], [0.10709767936610294, 0.12252661705041697, 0.1050525704370637, 0.11560348268695433, 0.12478009114070579, 0.10700430276213277, 0.10342583953821735, 0.11810448188330082, 0.0964049351351055], [0.10707280601271114, 0.12240472743207188, 0.10512170731948428, 0.11540873331096164, 0.125, 0.10700496910011602, 0.10348414202020388, 0.11790442206222036, 0.09659849274223078], [0.10713137616912634, 0.12210693128712213, 0.10533782299303213, 0.11514014069260903, 0.12479792232400384, 0.1071006495952504, 0.10370669625448199, 0.11759324467745769, 0.09708521600691647], [0.10717079857026114, 0.12188605550093241, 0.1054912686015335, 0.11495648752670647, 0.12469422276999505, 0.10717140399713626, 0.10383932662488822, 0.11739738755860252, 0.0973930488499446], [0.10705358717500975, 0.12278240590082386, 0.10475854093335123, 0.11595208605553117, 0.125, 0.1068707636079035, 0.10327379782958918, 0.11834521533822533, 0.09596360315956598], [0.10710757804485026, 0.12240945207983601, 0.10499872625173069, 0.11566127969311985, 0.12485145380411196, 0.10697716873244185, 0.10348373818924862, 0.11806512601425259, 0.09644547719040837], [0.10714023545312878, 0.12199144504323278, 0.10535555223106785, 0.11509649219254393, 0.12483887303114341, 0.10710291110309067, 0.1037705902584212, 0.11750429393557466, 0.0971996067517967], [0.10715109647790687, 0.12218481821047429, 0.1052472946761234, 0.11531845421446048, 0.12463837584081068, 0.10707772541703846, 0.10369861274305162, 0.11771901192759673, 0.09696461049253732], [0.10711487392462973, 0.12229156359819138, 0.1051031900409386, 0.11547936247581278, 0.12484383890085203, 0.10700889701110843, 0.10358710500244434, 0.11787030215701395, 0.09670086688900875], [0.10709524763937915, 0.12232369268182693, 0.10499707523550186, 0.11560393923793244, 0.125, 0.1069599665782636, 0.10352273889912685, 0.11796896076803003, 0.09652837895993915], [0.10720840213699051, 0.12158909362036552, 0.10557699909063327, 0.11482759619715412, 0.12470029164229249, 0.10720507846311134, 0.10400602179253343, 0.11717913723642549, 0.09770737982049366], [0.10712735616741564, 0.12193862607150294, 0.10527247135420266, 0.11515695657396327, 0.12500000000000003, 0.10705448857470921, 0.103785726844834, 0.1174909472682371, 0.09717342714513531], [0.10720826210454659, 0.12163996875805136, 0.10554317358659387, 0.11486170727914402, 0.12465814246613821, 0.10718797781371547, 0.10401930444313824, 0.11718009225449026, 0.09770137129418198], [0.10710825217952298, 0.12231000020845782, 0.10487138922918464, 0.115776310138921, 0.125, 0.10690797455680005, 0.10355712862401703, 0.11800510447728306, 0.0964638405858134], [0.107155907145066, 0.12214166389991286, 0.10505948586223336, 0.11557063561407166, 0.12474279961833222, 0.10699881638178614, 0.10370193075373677, 0.11782504330571736, 0.09680371741914344], [0.10715519321429912, 0.12193661165700845, 0.10523958749230229, 0.11525027361199046, 0.12483729576561114, 0.10705371356128134, 0.10382500130904593, 0.1175295983777155, 0.0971727250107457], [0.10705189597102055, 0.12293196464192044, 0.10453515070153709, 0.1161939649829618, 0.125, 0.10676036850339407, 0.10332723861352552, 0.11832614926241102, 0.09587326732322954], [0.10715347107433391, 0.12217822956509337, 0.1049738270061342, 0.11568820589204257, 0.12477363117791561, 0.10696360021502041, 0.10367980117300636, 0.11789255431765042, 0.09669667957880314], [0.10708823643224663, 0.1225661678683283, 0.10468357343548985, 0.11600121810140468, 0.125, 0.10682234202597538, 0.10349222766157837, 0.11812152915942199, 0.09622470531555481], [0.10713394035322689, 0.12227329796175554, 0.10484889917508021, 0.11582890385737675, 0.12488202881006356, 0.10690413665642078, 0.10362645286876355, 0.11797461712808514, 0.09652772318922757], [0.10717643760268875, 0.12189834989849295, 0.10529348343449334, 0.1151334198331035, 0.12469434762441765, 0.10706560159029348, 0.1039711434928946, 0.11732248094379948, 0.09744473557981609], [0.10708414636141247, 0.12243617544943323, 0.10481664981151745, 0.11565442726747185, 0.12500000000000003, 0.10683225285963209, 0.10373926515519395, 0.11767260328866629, 0.0967644798066728], [0.10714943533123106, 0.12198279888643572, 0.10538543946125396, 0.11481499602520664, 0.12472036153342547, 0.10705620251819377, 0.10412498837166527, 0.11692500339428394, 0.0978407744783043], [0.10708606484096371, 0.12282266486097852, 0.10435153224789483, 0.1163856086453587, 0.125, 0.10666601419057094, 0.10352924007935287, 0.11814259749345553, 0.09601627764142492], [0.10709756231691538, 0.12288279151351444, 0.1043286253225282, 0.11644626864876287, 0.1248976351817732, 0.10666452142443184, 0.10352695310358824, 0.1181773258516293, 0.09597831663685634], [0.10709864037925307, 0.12208242898379645, 0.10524412098158945, 0.11491646361599538, 0.12500000000000003, 0.10697255710343566, 0.10404326916755843, 0.11699523694578812, 0.09764728282258356], [0.10714831905600858, 0.1226292441002933, 0.10453765790937238, 0.11622864500104975, 0.12465095709469616, 0.1067683085916858, 0.10367205508689141, 0.11803870657940237, 0.09632610658060028], [0.10709928824673479, 0.12262527205528742, 0.10467840182449879, 0.11587678308587257, 0.12481274571709197, 0.1067838144043477, 0.10373213810509474, 0.11777786087767717, 0.09661369568339487], [0.1071166518475709, 0.12271392824227048, 0.10440569157774256, 0.11634537185023591, 0.12486712274727034, 0.10669692617364114, 0.10361420699689058, 0.11807768810408874, 0.09616241246028934], [0.10709222657401986, 0.12225032884134147, 0.10499615614934651, 0.11531560797235084, 0.125, 0.10688328816664353, 0.1039200193936519, 0.11732122690468509, 0.09722114599796083], [0.10711561257670202, 0.12216525215550546, 0.1052027917021909, 0.11500759345710142, 0.12482508238311706, 0.10696440447575889, 0.10405965968673271, 0.11704594171240536, 0.097613661850486], [0.10707289074422861, 0.12274383284483921, 0.10464271349664943, 0.1158053223598089, 0.12485490796117234, 0.10673740285986091, 0.10379335322687787, 0.11762393322019857, 0.09672564328636397], [0.10704912382459861, 0.1228006522186465, 0.10456186386293452, 0.11586855869841764, 0.125, 0.10669129116831996, 0.1037548961032239, 0.11764890780527357, 0.09662470631858533], [0.10706724274038991, 0.12290295669741512, 0.10440240472857285, 0.11614437571494395, 0.12492327217382652, 0.10664040327202692, 0.10371857663324358, 0.11779756266474024, 0.0964032053748409], [0.10704417729185833, 0.12275172292611174, 0.10465071995963487, 0.11568834633264596, 0.125, 0.10671315839662146, 0.10382966848024279, 0.1174862370001153, 0.09683596961276955], [0.10710214317736047, 0.12289843594745006, 0.10435158127566478, 0.11629987563098672, 0.12477355370978578, 0.10664219346135184, 0.10372366002992091, 0.11788704048773103, 0.0963215162797482], [0.10706717653230051, 0.12270277916307167, 0.10472889821084715, 0.11560133518229257, 0.12484917742020096, 0.10675136998299138, 0.10390108146364396, 0.11740477037219572, 0.09699341167245608], [0.10708225728420202, 0.1224108441311758, 0.10503694289816078, 0.11511202263271435, 0.12485323301829036, 0.10686428757850515, 0.10407849365541055, 0.11701107308134187, 0.09755084572019895], [0.10705001631295272, 0.12296607189189912, 0.10434729868715399, 0.11616461912001622, 0.125, 0.1066029972984662, 0.10372024343225067, 0.11776514129878551, 0.09638361195847563], [0.10707395960443307, 0.12263953792774229, 0.10478580471094885, 0.11551023959202024, 0.12482774665015667, 0.10677207502588752, 0.10395153039518709, 0.11731879793216182, 0.09712030816146247], [0.1070750925382522, 0.12261883950902562, 0.10480431035236197, 0.11546869417360608, 0.12482545789541011, 0.10677589426645169, 0.10397942421171985, 0.11726899400319854, 0.09718329304997397], [0.10705715607750711, 0.12253487237772097, 0.10483138901871274, 0.11537643201793546, 0.125, 0.10677304523129882, 0.10398717260256798, 0.11719297392858313, 0.09724695874567384], [0.10707607139945258, 0.12251207948888508, 0.10494828242630502, 0.11520899956730103, 0.12483179879207568, 0.10682113814759343, 0.1040788714070322, 0.11704035024548345, 0.09748240852587146], [0.10702206022646295, 0.12297225957657763, 0.10450755814527765, 0.11579635947796889, 0.12500000000000003, 0.10663099383002057, 0.10384487432597496, 0.11745464970593944, 0.09677124471177806], [0.10703299006587481, 0.12278723100118637, 0.10466475357794493, 0.11556620954294405, 0.125, 0.10669318732850386, 0.10392741807041322, 0.11729481208603201, 0.09703339832710076], [0.10704271597983157, 0.12255186465969259, 0.10493752074406752, 0.11512182647807742, 0.12500000000000003, 0.10679082571494826, 0.10408350646130296, 0.11694006351793153, 0.09753167644414833], [0.10701608351771591, 0.12308763712051816, 0.10440256098666198, 0.11592891676382391, 0.125, 0.10658436145805127, 0.10382171632863633, 0.11750832194525973, 0.09665040187933271], [0.10704267174960506, 0.12289049996002317, 0.10462103042554666, 0.11563775541848148, 0.12486412191112192, 0.10667822712665935, 0.103943097773278, 0.11731395797372886, 0.09700863766155553], [0.10705090775637838, 0.12282528711868869, 0.1046836241953991, 0.11552556696535234, 0.12482675791159262, 0.10669836940834873, 0.10401659053503895, 0.11719435820512647, 0.09717853790407471], [0.1070282260925004, 0.1227589611851518, 0.1047223133786808, 0.115389284786386, 0.12500000000000003, 0.10669359115391783, 0.10404396740648296, 0.11706987250992305, 0.09729378348695734], [0.1069958126227369, 0.12311294963572321, 0.10447776856089225, 0.11564901103152155, 0.125, 0.10657188739767556, 0.10399180985170045, 0.11716372212725776, 0.09703703877249238], [0.10703538737085648, 0.1228889594224772, 0.10480659863380365, 0.11517943422292852, 0.12475642496192775, 0.10670777281590985, 0.1041966906856471, 0.11680233284200227, 0.09762639904444718], [0.10698742577640966, 0.12302310450995947, 0.10465414148622144, 0.11526204118955068, 0.125, 0.10661178032464376, 0.10416428301751558, 0.11679104486889394, 0.09750617882680547], [0.10699267919143429, 0.12364309156404653, 0.1039606789456695, 0.1163026784291318, 0.125, 0.10634216935927017, 0.10390774591336521, 0.1173725227316684, 0.0964784338654141], [0.1070044191402406, 0.12308751945759777, 0.10461941189577599, 0.11534201840752116, 0.12485098847461276, 0.10660583808145585, 0.10418243586943485, 0.11682592059093062, 0.0974814480824306], [0.1069998082447362, 0.12383775441801133, 0.10394184358035441, 0.11625376081884005, 0.12479145495146177, 0.10631660910206073, 0.10400302280414284, 0.1172316768198058, 0.09662406926058704], [0.1069913278618854, 0.12321825859887774, 0.1046238637602854, 0.1152346638984718, 0.12478521359098965, 0.10658424971042874, 0.10425914647932945, 0.1166627211568607, 0.09764055494287116], [0.10694898391060963, 0.12375502591264297, 0.10407981905906769, 0.11593351696513829, 0.12500000000000003, 0.10634099778294273, 0.10403340670503539, 0.1170511445528137, 0.09685710511174982], [0.10701449215704271, 0.12345887881654177, 0.10434792777496023, 0.1156819837672233, 0.12464983091837581, 0.10648490432954898, 0.10418877022501083, 0.11691977945662761, 0.09725343255466873], [0.10695672446223713, 0.12378587314505547, 0.10408582217359068, 0.11591200774517825, 0.12492183576894128, 0.10634090939590976, 0.10407193029101937, 0.11700460057862642, 0.09692029643944165], [0.10699528286469435, 0.12335368141681628, 0.10457261445811737, 0.11526042472523426, 0.12466987408230813, 0.10655309823986568, 0.10430724378239571, 0.11660812569961146, 0.09767965473095656], [0.1069631146485539, 0.12365874665951718, 0.10426636562323631, 0.11554110790204009, 0.12484329984112626, 0.10638983508659276, 0.10426799311249027, 0.11665871489201726, 0.09741082223442596], [0.1069421822928584, 0.12371300049658816, 0.10417634514458446, 0.11560321483160185, 0.125, 0.10633643264531994, 0.10424241107057106, 0.11666285130901656, 0.09732356220945958], [0.10693087010449909, 0.12363118077506906, 0.10433367330382509, 0.11533643767099588, 0.12500000000000003, 0.10639111826059505, 0.10430297213850066, 0.11649550382431371, 0.09757824392220157], [0.12487142775462105, 0.0996491126694865, 0.11126277631179558, 0.11467907503579117, 0.09192005631077357, 0.11616248464240989, 0.11862151266352802, 0.10227806046535705, 0.12055549414623713], [0.12416759403997407, 0.10069152673683256, 0.11073799446172507, 0.1156511301547027, 0.09275713182252365, 0.11581698549647897, 0.11825873062428312, 0.10323756258335826, 0.11868134408012158], [0.125, 0.10011421437480418, 0.11090808225226328, 0.11519181050665053, 0.09224877434103797, 0.11592155265211357, 0.11840870857046303, 0.10265420246796007, 0.11955265483470735], [0.12494501141004354, 0.09964059217187371, 0.1111972754496365, 0.11470916988396107, 0.09191070012816883, 0.11609267534291627, 0.11870560413589293, 0.10222437229549464, 0.12057459918201262], [0.12499999999999999, 0.0996543461027418, 0.11113903708981297, 0.11475203081681795, 0.09191835121337834, 0.11603686518881089, 0.11875051095787596, 0.10220324487056165, 0.12054561376000034], [0.12464443797756564, 0.09957489369954403, 0.11121823197392663, 0.11463563137997965, 0.09191031866945033, 0.11604848564059876, 0.11896074576861541, 0.10209711436350172, 0.12091014052681782], [0.12462710955874094, 0.10039537377089494, 0.11061717196279086, 0.11554863415401048, 0.09250423074179062, 0.11563870849373559, 0.1186250211822209, 0.10282644975486957, 0.11921730038094609], [0.12419717709602564, 0.10088542374992719, 0.11039455277293869, 0.11600896262259625, 0.09289390344454324, 0.11550882897323518, 0.11847659903941452, 0.10329999303156473, 0.1183345592697546], [0.12500000000000003, 0.09970061828216881, 0.11084922577019403, 0.11493781065131226, 0.09198454874484922, 0.11571161633917489, 0.11918668177984985, 0.10201919849644962, 0.12061029993600142], [0.125, 0.09997335117313867, 0.11058451907461558, 0.1152980988987246, 0.09218731486235814, 0.1155068549222207, 0.11912355279560487, 0.1022420020853626, 0.12008430618797483], [0.125, 0.099961824282739, 0.1105000325730502, 0.1153337259658531, 0.09218842778873326, 0.11540577495667004, 0.11929178814877336, 0.10217414268720959, 0.12014428359697142], [0.12400553309975748, 0.09938840419898105, 0.11113327054467269, 0.11438983112455767, 0.0919571399929511, 0.11570483336306901, 0.11983161996173035, 0.10163355548779635, 0.1219558122264843], [0.12472647776626358, 0.10056415034941664, 0.11003878386339548, 0.1160192826585668, 0.09264323407223353, 0.11505509637787345, 0.1192141295909998, 0.10273283130978439, 0.11900601401146643], [0.12499999999999999, 0.10113121184663175, 0.10957436226085075, 0.11670358919354899, 0.09299658587252518, 0.11476417643305967, 0.11893583963043637, 0.10325231050827048, 0.11764192425467666], [0.12500000000000003, 0.10067224758928271, 0.10978010793886149, 0.11623591955524334, 0.09269764494904216, 0.11483443334173582, 0.11929638488215975, 0.10277986863544225, 0.11870339310823258], [0.12449784653109404, 0.09987152740789047, 0.1105272860192478, 0.11521408178037913, 0.09220941703986507, 0.11532960259876911, 0.11974993746488531, 0.10197542530474964, 0.12062487585311947], [0.12424169749875026, 0.09944987910362581, 0.11087237926581142, 0.11456720990229731, 0.09199841180136153, 0.11545630011880086, 0.12007959220101766, 0.1015371998042803, 0.12179733030405496], [0.1244942098678823, 0.09992504110728896, 0.11045340082908353, 0.11529806759267519, 0.09225121370529075, 0.11526527321060263, 0.11977890590728785, 0.10200522919105215, 0.12052865858883677], [0.12474476908055433, 0.10068389542538085, 0.1097121334925134, 0.11629879072664655, 0.09274903820894194, 0.1147245785525601, 0.11954339903997066, 0.10270225918606073, 0.11884113628737156], [0.12466028701084361, 0.1009156426028392, 0.10957119043022609, 0.11655554855801582, 0.09291380243489249, 0.11464890309981238, 0.1194435961704578, 0.10292302766071912, 0.11836800203219339], [0.12449515419031565, 0.09941249767538055, 0.11069633916383248, 0.1145862444884437, 0.09198091774341885, 0.11524724093615674, 0.1203257953107201, 0.10139894384241942, 0.12185686664931253], [0.12464831172695921, 0.09969279584605627, 0.11036295057434772, 0.11508607428611711, 0.09211997318483922, 0.11506042625789356, 0.12030165997894085, 0.10164153349868175, 0.12108627464616417], [0.125, 0.10050176350902423, 0.10961770509496777, 0.11623071936756278, 0.09261267362197392, 0.11458889993045006, 0.11987356127569171, 0.10241265880325634, 0.11916201839707316], [0.12476932154010646, 0.10043644650808561, 0.10973735527540115, 0.11611108115899518, 0.09259914758281641, 0.11467191139384607, 0.11991389487035026, 0.10234544906315189, 0.11941539260724696], [0.125, 0.09979193969779304, 0.11015117175493887, 0.11531681331687096, 0.09214061924774543, 0.11491819876555714, 0.12026254385711449, 0.10171567426277692, 0.12070303909720313], [0.12456117541921169, 0.10106614945826446, 0.10929986943599346, 0.11683882145648888, 0.09304994428966862, 0.11438062822501366, 0.1197025758663504, 0.10293839866467076, 0.11816243718433798], [0.12458590321456167, 0.09936588332104539, 0.11061442799452686, 0.11451624971111377, 0.09197047466855215, 0.11510588983031611, 0.12051759137767122, 0.10127075311722425, 0.12205282676498859], [0.12499999999999999, 0.10011169104997703, 0.10988830626940291, 0.11575485961326715, 0.09236282999336326, 0.11474568338036341, 0.12009133444106772, 0.10200124496980266, 0.12004405028275575], [0.12455518955032124, 0.10136708982191671, 0.10905808753730879, 0.11722137457311535, 0.0932600429128202, 0.11420478350460402, 0.11962244715770316, 0.10317676301675179, 0.11753422192545876], [0.125, 0.10081959723122434, 0.10925924428677007, 0.11665980054926117, 0.0928486988470762, 0.11428024152549274, 0.11992984543256797, 0.10265154037935638, 0.11855103174825113], [0.12463330772889492, 0.10045371565400935, 0.10966941139646065, 0.11615471375056922, 0.09264322739224189, 0.11457962086579836, 0.12007883266738369, 0.10229840835798301, 0.11948876218665891], [0.12477640657332129, 0.0994358177191297, 0.11043486560234247, 0.11467564328882925, 0.09197957483405209, 0.1149684096523381, 0.1206263076014047, 0.10127932588612104, 0.12182364884246137], [0.12488255513627343, 0.10020380329955887, 0.10979850974871029, 0.11587036542080693, 0.0924482339252733, 0.11465749204609925, 0.1201509602468386, 0.10204753879829442, 0.11994054137814478], [0.12457876248950404, 0.10135318812733715, 0.10899562328412297, 0.11725166670626688, 0.0932554774623727, 0.11413225857067931, 0.11973239860585193, 0.10312339068532837, 0.11757723406853664], [0.12473783483921595, 0.1006563200010354, 0.10939986764521785, 0.11646205810042463, 0.09277168649621453, 0.11435806011461058, 0.12013903729866937, 0.10244572723635034, 0.11902940826826147], [0.12488837368160119, 0.0994748110478195, 0.11031773858339815, 0.11475088202252211, 0.09198684894628804, 0.11486131200164634, 0.1207276626421019, 0.10125951998320361, 0.12173285109141915], [0.125, 0.0995128451242274, 0.11020144964423378, 0.11482199755993448, 0.09199436641520674, 0.11475288007418212, 0.12083205655638654, 0.10123679420942198, 0.12164761041640694], [0.12482295708091272, 0.10039204638492277, 0.10951230841059618, 0.11615760152783136, 0.09259779148053052, 0.11438352118747938, 0.12037074797806978, 0.10210464007572205, 0.11965838587393514], [0.1246006542979902, 0.10080744428536333, 0.10918940498139096, 0.11668072911302937, 0.09290098557951608, 0.11414745893524214, 0.12033481457739947, 0.10248881914969443, 0.11884968908037392], [0.12499999999999999, 0.10148794296537753, 0.1085985862761807, 0.1176057720457323, 0.09329572382130707, 0.11376975703748594, 0.1198777223521827, 0.10311698420898109, 0.11724751129275254], [0.1246966652002607, 0.09971416225897448, 0.11006480732321088, 0.11508034179007703, 0.09215240918004308, 0.114659359357621, 0.1209112694210577, 0.10138318678483246, 0.12133779868392267], [0.12499999999999999, 0.10045409211166037, 0.10935547606762652, 0.11629582709725649, 0.09261830406460671, 0.11425185084681495, 0.12044051708083887, 0.1021262710395031, 0.11945766169169286], [0.12472282302852479, 0.10133662618113344, 0.10870891338150152, 0.11740731509413131, 0.09322673169221399, 0.11383231407864941, 0.12007914447752516, 0.1029523527801621, 0.11773377928615816], [0.12433142832578177, 0.10194460834950668, 0.10846527141939996, 0.11803938813273998, 0.09367959791054291, 0.11363360011923622, 0.11979125625561265, 0.1035131771250551, 0.11660167236212474], [0.12499999999999999, 0.10056281128179652, 0.10921805675489957, 0.1164648362183336, 0.09268312208808406, 0.11414548406795258, 0.12046155553536891, 0.10221258232940643, 0.11925155172415823], [0.12451046491577007, 0.10002341856955367, 0.10980133127559605, 0.11553637687715528, 0.09236777131010099, 0.11449035452090082, 0.12091357985178017, 0.10163044087217096, 0.1207262618069719], [0.1244778980076632, 0.10186518407149524, 0.10835252129747706, 0.11805131640297292, 0.09360694799197314, 0.11350892607169814, 0.11991606577489701, 0.10335634023094213, 0.11686480015088115], [0.12475826733860769, 0.10161613273958403, 0.10839105756321975, 0.11782842076407266, 0.09339881676840868, 0.11355096453383104, 0.12006880915932983, 0.10311792427103385, 0.1172696068619125], [0.12445806049421604, 0.09966835168341205, 0.11010446214256937, 0.11479035312894767, 0.09219833813854107, 0.1145408334031827, 0.12121162726980157, 0.10117449440286012, 0.1218534793364694], [0.12469637403003857, 0.09979584001011861, 0.10988322671662148, 0.11514404220914441, 0.09221002511279981, 0.11444529355358803, 0.12119115881052943, 0.10131008455603714, 0.12132395500112249], [0.125, 0.10128519614773335, 0.10844093923850741, 0.11751323148115345, 0.09314142330895556, 0.11356340495955264, 0.12035388618108303, 0.10276904555529531, 0.11793287312771925], [0.125, 0.10058605862602946, 0.10898826739376023, 0.1165471316155889, 0.09265169384036277, 0.11390107210278051, 0.12074773634555058, 0.10206118989254627, 0.11951685018338125], [0.12499999999999999, 0.09985786723051396, 0.10964985129091175, 0.11535289749350243, 0.09218330940562372, 0.11427864597785098, 0.12124370259786248, 0.1013184432553599, 0.12111528274837469], [0.12464053597187034, 0.1008214403866213, 0.10883802180524321, 0.11682596472464406, 0.09285020170600698, 0.11378070219842121, 0.12076742665409447, 0.10226465671020134, 0.11921104984289693], [0.12468224972300417, 0.10150926966479182, 0.10829786179613805, 0.11777759410639736, 0.09332583566764735, 0.11344345793093788, 0.12036180923836194, 0.10292655675063281, 0.11767536512208862], [0.12474554238758953, 0.10078662702195236, 0.10875351842104307, 0.11681651921942626, 0.09279250421258571, 0.11368795574416252, 0.12089322572908445, 0.10215708208171938, 0.11936702518243664], [0.12473674659756319, 0.10059965051304329, 0.10894197017052916, 0.11652293908465668, 0.09266900206144982, 0.11381650108857225, 0.1209315620705882, 0.10196604651464793, 0.11981558189894947], [0.12442722660721842, 0.10177833301253464, 0.1081053523877407, 0.11811911891961946, 0.09353225774325213, 0.11324784627325954, 0.12035504099998647, 0.10309672023009368, 0.11733810382629498], [0.1242687584266154, 0.10046120328533627, 0.10921345080459734, 0.11619317373995967, 0.09263617645161792, 0.11399359585388687, 0.12107139794876627, 0.10182478704674938, 0.12033745644247099], [0.12431277335406127, 0.1019238943686098, 0.10803689401219815, 0.1182833229521889, 0.09364688199452928, 0.11317679173515889, 0.1203001727586791, 0.10321498134247273, 0.11710428748210189], [0.12468716475214887, 0.0998905251840426, 0.10956727994441678, 0.11531143596928595, 0.09222677626661732, 0.11414002408475575, 0.12149088828103832, 0.10122769721223013, 0.1214582083054644], [0.12489108666762637, 0.10112909966283569, 0.10831628922837618, 0.1173501184849894, 0.09300303529572604, 0.11335578824962965, 0.12085051975965272, 0.10242250441515224, 0.1186815582360117], [0.12490379068412737, 0.10121665378915023, 0.10825295871020278, 0.11748239205520676, 0.0930594492594158, 0.11332162108014548, 0.12078865599639202, 0.10250485407704185, 0.11846962434831784], [0.125, 0.10115792864208437, 0.10826115909833824, 0.11741892885536805, 0.09300644508229812, 0.11332048023932889, 0.1208232107519347, 0.10244438542945059, 0.11856746190119703], [0.12434911694819012, 0.10051553362652466, 0.10900003829929512, 0.11630969395016708, 0.09263418144969073, 0.11378782924422749, 0.12123018255685294, 0.10176126148906647, 0.12041216243598528], [0.12499999999999999, 0.10076447756854214, 0.10852225190506387, 0.1168712493601261, 0.09270598518197812, 0.11345508201825699, 0.12113353607570579, 0.10198595814047012, 0.11956145974985678], [0.125, 0.1006798883031332, 0.10858603941568375, 0.11674083220339694, 0.09264540357972997, 0.11349049348964366, 0.12117929040191343, 0.10188429798144447, 0.11979375462505461], [0.1247032701697606, 0.09979980449887403, 0.10950718811891565, 0.11508203774292086, 0.09217338182132934, 0.11397797784750861, 0.12174805623913411, 0.10100038253604522, 0.12200790102551157], [0.12442135392480737, 0.10119135305412098, 0.10808086126405449, 0.11740878920925972, 0.09302700014915827, 0.11304349354449732, 0.12139434779324144, 0.1021933731369673, 0.11923942792389312], [0.12500000000000003, 0.10174336293130667, 0.10753548792350912, 0.1183242081658, 0.09333891009077744, 0.1126906998830676, 0.12094927872737347, 0.10268817503412715, 0.11772987724403869], [0.12468970803340816, 0.10081796848968654, 0.10833415646801861, 0.11690359123269645, 0.09273227813870293, 0.11322111256211198, 0.1215000904741165, 0.10182415363898428, 0.11997694096227456], [0.12453711825672183, 0.10108080143076466, 0.10809764886554991, 0.11728048961189612, 0.09292262369100275, 0.11303976871213348, 0.12150131373874383, 0.10204620503893902, 0.1194940306542485], [0.12499999999999999, 0.0998321736210668, 0.10915664139674937, 0.11524844084530911, 0.09209987596444213, 0.11367073229795596, 0.12200520587706916, 0.10088378090483331, 0.12210314909257407], [0.12500000000000003, 0.10149013540780362, 0.1075897221073027, 0.11799226788284801, 0.09314052546896623, 0.1126914224303239, 0.12128726958271123, 0.10237564046360342, 0.118433016656441], [0.1249189126961449, 0.10154851799491416, 0.10752518999349478, 0.11806779402639117, 0.09318141566071261, 0.11262936209506966, 0.12133610299219019, 0.10238924066613103, 0.11840346387495151], [0.12445202747206986, 0.10139954443063576, 0.10768385406911439, 0.11774268088997099, 0.0931297451885976, 0.11268533762486606, 0.12161899631158507, 0.1022013188747482, 0.11908649513841219], [0.125, 0.1006757729913507, 0.10819542860978884, 0.11674709320083174, 0.09256686950575407, 0.11303984598397945, 0.12178407166690305, 0.1015281655105439, 0.12046275253084823], [0.12499999999999999, 0.10076152803833109, 0.10810246996412146, 0.11688918011957679, 0.09261996890489554, 0.1129729436233605, 0.1217779372460835, 0.10159845394667305, 0.12027751815695793], [0.1246860957148439, 0.1016830743883005, 0.10732044197043351, 0.11823919451233109, 0.09326926517186046, 0.11241587186359357, 0.1215678076704268, 0.10235946457417494, 0.11845878413403521], [0.12459644065937472, 0.1004079516541403, 0.10845131788510141, 0.11620652895811097, 0.09242602371477858, 0.11315504856113308, 0.12217888024095051, 0.10121453093429972, 0.12136327739211057], [0.12500000000000003, 0.10094107234781596, 0.10779160388124952, 0.117184517001647, 0.09271050832676243, 0.11269768202356405, 0.12196966688086652, 0.10164417977791956, 0.12006076976017506], [0.12443428034910092, 0.10142465933215157, 0.10751560810365343, 0.11779088902308414, 0.0931167681162769, 0.11248708834773259, 0.12187636546812455, 0.10207963802334628, 0.11927470323652947], [0.12442924616260119, 0.10184245110271833, 0.10710411619597995, 0.11843548057492803, 0.09337873196385395, 0.11219237652209309, 0.1217957992936798, 0.1023461583365018, 0.11847563984764399], [0.12470531685372874, 0.10052316772221775, 0.10817022686280665, 0.11640622670896834, 0.092464125924211, 0.11289841207520075, 0.12232652354305451, 0.10118854142008303, 0.1213174588897292], [0.125, 0.10040673624372126, 0.10805403160420794, 0.11627322307702352, 0.09233041120856986, 0.1127546103814934, 0.1225797354948696, 0.10098225422938145, 0.12161899776073297], [0.12444241163904088, 0.1002772462229126, 0.10833789479789949, 0.11588532495156391, 0.09233361760565116, 0.1129221893886517, 0.12273559682988132, 0.10088079118646744, 0.1221849273779315], [0.125, 0.10217069576511428, 0.10656656381689175, 0.11906043466821392, 0.09349816303145903, 0.11170419249734916, 0.12181833110768951, 0.10243083011767048, 0.11775078899561185], [0.12484423911348977, 0.10052275189912632, 0.10794087299494008, 0.11641201557173915, 0.09241870267057398, 0.1126514774161823, 0.12263072192772033, 0.10103086653658783, 0.12154835186964012], [0.12499999999999999, 0.10141463710881618, 0.10700015344336312, 0.11790581688450384, 0.09297160929179965, 0.11196730640347947, 0.12244286038760004, 0.10172684888231565, 0.11957076759812194], [0.125, 0.10044514592086648, 0.10787612282556312, 0.11630775081352443, 0.09233652409334227, 0.11256342024255898, 0.12280828454938417, 0.10089533359544658, 0.12176741795931398], [0.12438335099305639, 0.10206766401763472, 0.10662747740843657, 0.11876880291252664, 0.09348400089352689, 0.11171321205853514, 0.12223417367330523, 0.10223004569025486, 0.11849127235272353], [0.12441902012229786, 0.10126063420607209, 0.10727743691867633, 0.11751488482660806, 0.0929323502082022, 0.11214987129212255, 0.1226219464186263, 0.10155984468804212, 0.12026401131935248], [0.12465693132928769, 0.10093260337396767, 0.1075306004058412, 0.11701506056160918, 0.09269674085871457, 0.11232618022645785, 0.12263177388289795, 0.10127946728584006, 0.12093064207538386], [0.1248421769327422, 0.10050173609804208, 0.10777516882913611, 0.11634228900672178, 0.09238211462103232, 0.11244646770155674, 0.12297250895223352, 0.10086420794446935, 0.12187332991406587], [0.1247514878462542, 0.10048001716176184, 0.10778985497459095, 0.11627974150193114, 0.09237686007354444, 0.11243941690736191, 0.12305275467719586, 0.10082544972328018, 0.12200441713407935], [0.12452232291089259, 0.10081818225130924, 0.10755751827981658, 0.11674509797882315, 0.09263202235240903, 0.11227472371175629, 0.1228929065377238, 0.10107356306329354, 0.12148366291397589], [0.12460124644742912, 0.10049243763198658, 0.10775317324806696, 0.11624882396661661, 0.09239782432715042, 0.11237761298280054, 0.12319100466095859, 0.10078281068473387, 0.12215506605025729], [0.125, 0.10102826375667615, 0.10713935464265183, 0.11721553501720185, 0.09268695589191012, 0.11195854790583837, 0.12294181454763131, 0.10117180483528912, 0.12085772340280126], [0.12451305803997496, 0.10055986812297946, 0.10764237849929378, 0.11632148480763242, 0.09244434557916179, 0.11226457599342134, 0.12330877014266042, 0.10077388446130905, 0.12217163435356668], [0.12471141415894357, 0.1017918255840615, 0.1064799833167296, 0.11837247726898945, 0.09322810914611819, 0.11147910926655995, 0.12282231034539846, 0.101769447583337, 0.11934532332986227], [0.12500000000000003, 0.10107853038914734, 0.10705335514839757, 0.11728795023113651, 0.0927145595066465, 0.1118789491148701, 0.12300520840841074, 0.10117605871885547, 0.12080538848253586], [0.12454010849611068, 0.10206668592013798, 0.10629968928223404, 0.11877239798532291, 0.09342388555267213, 0.11134961321189657, 0.12274627663232648, 0.10196108953805058, 0.11884025338124864], [0.12445233654452151, 0.10163500361370448, 0.10664408428768979, 0.11806037457840557, 0.09314091539686681, 0.11155747120561176, 0.12304615390908984, 0.10159711354154673, 0.11986654692256364], [0.12470934130618949, 0.10201120962376742, 0.1062175011003143, 0.1187083728407759, 0.09335669440668998, 0.11125439821409391, 0.12290323452140976, 0.10184267152873662, 0.11899657645802272], [0.12471205815781548, 0.10104228841240405, 0.10705729838090265, 0.11710523266033668, 0.09272559778434103, 0.11180829942841244, 0.12323984056016524, 0.10102742889897266, 0.12128195571664976], [0.12436377302604174, 0.10155111729578833, 0.10665987552231274, 0.11787636536949433, 0.09308455044015986, 0.11152807348568854, 0.1232578107538587, 0.10144051150785643, 0.12023792259879933], [0.12499999999999999, 0.10186665248771827, 0.10617112915834187, 0.1185217048365685, 0.09321907830451472, 0.11118149462652013, 0.12308457652715087, 0.10165531261942812, 0.11930005143975742], [0.12499999999999999, 0.10114084933239148, 0.10678627662261476, 0.11733392661705881, 0.09273523018448844, 0.11158121382647536, 0.1233865126983714, 0.10102281361154034, 0.12101317710705932], [0.12478404645730194, 0.10109480700803895, 0.10690163445768185, 0.11718746262515682, 0.09274116420488207, 0.11165650702782517, 0.12338985790432956, 0.10098805864304941, 0.1212564616717342], [0.12493559652543156, 0.10116613491074507, 0.10675051145157051, 0.1173472303365467, 0.09275791886154575, 0.11153816322982402, 0.1234496369836308, 0.10101232471689722, 0.12104248298380825], [0.125, 0.10201412233815522, 0.10594092173200341, 0.11872060799523527, 0.09330314797379205, 0.1109620984893466, 0.12325229724496267, 0.10164853765595229, 0.11915826657055245], [0.12442299233598227, 0.10106438093893003, 0.1070070554745326, 0.11698824020282836, 0.09278296450433181, 0.11169009163011107, 0.12346616245518793, 0.1009182911142581, 0.12165982134383796], [0.12443660786085345, 0.10156653078149956, 0.10642783824247141, 0.11785613053210423, 0.09306879850362296, 0.11125813826377094, 0.12363413168965881, 0.10124494749724745, 0.1205068766287712], [0.12092250863587131, 0.10871268496335869, 0.10723255684005277, 0.12434029095278308, 0.09905314032706782, 0.11374312056293528, 0.11228301963378427, 0.11105388439472823, 0.1026587936894186], [0.12083420363853285, 0.10880164370816557, 0.10718346153414283, 0.1244252944812692, 0.09913831830659287, 0.11369440074994579, 0.11224926520190945, 0.11109965131950365, 0.10257376105993776], [0.12141235568333246, 0.1080517590886329, 0.1072368924491608, 0.12441496989754446, 0.098371364816651, 0.1137206983943027, 0.11293778341545065, 0.11038450638110009, 0.10346966987382511], [0.12179192346870746, 0.10752172073618406, 0.10731977852880789, 0.1243530753100626, 0.09784706444127683, 0.11376646926403745, 0.11336826483027927, 0.10991977339653432, 0.10411193002411], [0.12027788146703824, 0.10934230232747445, 0.10676581135625522, 0.125, 0.0996514188074983, 0.11325697206325525, 0.11227184791178266, 0.11121585668424826, 0.1022179093824476], [0.11962879511001123, 0.11027756295375155, 0.10671177848206892, 0.12419640674599143, 0.10068774252151559, 0.11312624384400133, 0.11182960915181057, 0.1119176319111366, 0.10162422927971279], [0.12083846470657486, 0.10858106119871984, 0.10680902717820745, 0.12500000000000003, 0.09887080836686388, 0.11328312804013561, 0.11300790633986513, 0.11049242682452688, 0.1031171773451065], [0.12075953516645074, 0.10867418084476467, 0.10675825617927585, 0.12490171003996328, 0.09897517880456586, 0.11321645362081723, 0.11308058896292894, 0.11049834920548589, 0.10313574717574772], [0.12143857644160785, 0.10754084972637408, 0.10687276934288152, 0.125, 0.09784801242738833, 0.11325917511370281, 0.11406228179499527, 0.10949500968046842, 0.10448332547258171], [0.12056130162986346, 0.1088684121705227, 0.10661445572802211, 0.125, 0.0991701630949337, 0.11305817923560144, 0.11314450162045846, 0.11052223648202679, 0.10306075003857132], [0.12123812412410229, 0.10777962222795089, 0.10677057625327635, 0.12478115939832159, 0.09811170968946015, 0.11313170714063919, 0.1141714090915935, 0.10956385744432515, 0.10445183463033095], [0.1210376979973637, 0.10812780438267706, 0.10671302815825859, 0.12469543103888643, 0.09846071236114722, 0.11309041352193831, 0.11394900054525865, 0.10983077309568558, 0.10409513889878445], [0.12081429442034304, 0.10839676962791313, 0.10658686887747454, 0.125, 0.09870619602053969, 0.11298792212740998, 0.11375736521886294, 0.11000308614049731, 0.10374749756695936], [0.1189225145704826, 0.11099491293712908, 0.10607560061784765, 0.12484284341139808, 0.10138906068939306, 0.1124182730332364, 0.11210431245497735, 0.11183995708375247, 0.10141252520178334], [0.1187710543530964, 0.11115468253291