[[0.35025483196934415, 0.4889405864000935, 0.16080458163056233], [0.36515212793685403, 0.47335413106217505, 0.16149374100097091], [0.3606774584584175, 0.47509480004596294, 0.16422774149561956], [0.3688379945310122, 0.4689464951839712, 0.16221551028501668], [0.35022498028670423, 0.48597228416071586, 0.16380273555257988], [0.3519375078384489, 0.4607953834842097, 0.18726710867734145], [0.361067370073852, 0.47412640174982573, 0.16480622817632237], [0.3520542381579315, 0.5, 0.14794576184206845], [0.3707291996801182, 0.46295872422344964, 0.16631207609643217], [0.363332665667664, 0.4787267844871358, 0.15794054984520028], [0.34998622262069107, 0.46890864433540674, 0.18110513304390227], [0.36017587322231365, 0.4853263150109471, 0.15449781176673927], [0.3652528800527606, 0.4711222684289739, 0.16362485151826567], [0.36215863297133544, 0.4625580219501138, 0.17528334507855084], [0.3233261369971472, 0.5, 0.17667386300285284], [0.31968390451326656, 0.5, 0.18031609548673347], [0.34333058767015195, 0.4719434997186109, 0.18472591261123714], [0.35165423216078895, 0.487172906350905, 0.16117286148830615], [0.34696154070388596, 0.46415263748151064, 0.18888582181460345], [0.3511368364116882, 0.4736156629796032, 0.17524750060870858], [0.35916485335661463, 0.4701430086255253, 0.1706921380178601], [0.3532582994734589, 0.47621769409889914, 0.17052400642764207], [0.3412637930020215, 0.5, 0.15873620699797858], [0.36824746193215685, 0.4733274783079161, 0.15842505975992716], [0.37099726220088886, 0.4696359062102743, 0.1593668315888368], [0.36945825571872354, 0.4727452897978157, 0.15779645448346075], [0.3606584262995806, 0.4849040338374265, 0.15443753986299297], [0.3519428217447212, 0.4854537987972912, 0.16260337945798756], [0.3519302285973535, 0.485672158136526, 0.1623976132661205], [0.36734215408835663, 0.4758088836142738, 0.1568489622973695], [0.3686850067072847, 0.47552482472614016, 0.15579016856657513], [0.35696279637487677, 0.47095354476555895, 0.17208365885956442], [0.3457391833032746, 0.46184844959103183, 0.19241236710569368], [0.3335611834727524, 0.4785813809370998, 0.18785743559014784], [0.363332665667664, 0.4787267844871358, 0.15794054984520028], [0.35557230267810763, 0.47818854007966427, 0.16623915724222815], [0.34981034228040736, 0.4669892907979013, 0.18320036692169134], [0.363332665667664, 0.4787267844871358, 0.15794054984520028], [0.36823796851196977, 0.4597460344656631, 0.1720159970223671], [0.3528954054163193, 0.4933680126971916, 0.15373658188648906], [0.35148203010466533, 0.48477572657282886, 0.16374224332250575], [0.3625785232154619, 0.5, 0.13742147678453812], [0.36312196571040695, 0.4686548615125634, 0.16822317277702967], [0.36339015610697356, 0.47195184426771275, 0.1646579996253137], [0.3621443482089953, 0.45965557180155947, 0.17820007998944526], [0.3676601056137724, 0.47064051978011495, 0.1616993746061127], [0.3519537374914331, 0.47329016932745105, 0.17475609318111587], [0.36410498786608964, 0.4720939419864395, 0.1638010701474708], [0.3500595123827557, 0.473424719299687, 0.17651576831755733], [0.3545092997505975, 0.49086210312996786, 0.1546285971194347], [0.4254220751610223, 0.18780082387659003, 0.3867771009623877], [0.46540630163291774, 0.18878486587901094, 0.3458088324880713], [0.44038185961369564, 0.16039119039927852, 0.39922694998702574], [0.42813042808000396, 0.2797754746622289, 0.2920940972577671], [0.46070530763051404, 0.18019311391449627, 0.3591015784549896], [0.46098181798641297, 0.22334835725182342, 0.31566982476176364], [0.4625287265490663, 0.17850802303116736, 0.35896325041976634], [0.5, 0.31648689731465074, 0.1835131026853492], [0.45537544696604126, 0.18469058178942604, 0.3599339712445327], [0.4364896079062825, 0.28894992010314063, 0.27456047199057687], [0.4645776641530786, 0.3159401437710912, 0.2194821920758302], [0.46091329187574215, 0.2309512437324897, 0.3081354643917682], [0.420430643698715, 0.27530483066685013, 0.30426452563443485], [0.4872390095544345, 0.17291014951738334, 0.3398508409281822], [0.4250411326503539, 0.3049377967696568, 0.27002107057998925], [0.4452264279339251, 0.20244186965865257, 0.3523317024074223], [0.45734117265998075, 0.2251284211249113, 0.3175304062151079], [0.43835736444835743, 0.26561505718652095, 0.29602757836512156], [0.4434894989286121, 0.216715898250162, 0.339794602821226], [0.42862862646105276, 0.28711997681260787, 0.2842513967263394], [0.4586825667448839, 0.18751343607565496, 0.35380399717946115], [0.4467822100316412, 0.2502481108393398, 0.302969679129019], [0.46965858641230346, 0.16603234021874733, 0.36430907336894924], [0.47381481595150665, 0.1876014992673454, 0.3385836847811479], [0.4612469073634728, 0.20922265694383457, 0.3295304356926926], [0.45353494235599096, 0.1988720098726031, 0.347593047771406], [0.4501553674725805, 0.16658874577446312, 0.38325588675295635], [0.45653033012307626, 0.14259576853860523, 0.4008739013383185], [0.48221483012361116, 0.19272290703942033, 0.3250622628369685], [0.43300548071966, 0.3103464687087478, 0.2566480505715922], [0.4391974545970651, 0.29065162917747434, 0.27015091622546056], [0.44358433147381887, 0.2970422688953696, 0.2593733996308115], [0.43305670913621064, 0.27683998328646003, 0.2901033075773293], [0.4722519758307158, 0.16108560759980145, 0.36666241656948273], [0.444233110425867, 0.24088951118831753, 0.3148773783858155], [0.45960908524996563, 0.20759351366794665, 0.3327974010820877], [0.44628517457004374, 0.17656533121333182, 0.3771494942166244], [0.44054538843138313, 0.2237681743334477, 0.3356864372351693], [0.4421236465369232, 0.26385980508557466, 0.294016548377502], [0.4267800101598809, 0.2807257374840107, 0.2924942523561084], [0.44011998506027894, 0.2519010723234022, 0.3079789426163189], [0.5, 0.1712472346628737, 0.32875276533712633], [0.4361295216165679, 0.2686241611704193, 0.29524631721301287], [0.4882221119616984, 0.3186817183670216, 0.19309616967128004], [0.44315868964423105, 0.25662004946802036, 0.30022126088774853], [0.45014056618756493, 0.25153521112157806, 0.29832422269085695], [0.45170951402652604, 0.24825659440541872, 0.3000338915680553], [0.46950776074665385, 0.21152987920036528, 0.3189623600529809], [0.46851481473896195, 0.33986860526894525, 0.1916165799920928], [0.4448777334293924, 0.2586304705751693, 0.29649179599543823], [0.4557575555733946, 0.12749046192401367, 0.41675198250259166], [0.4784053590564052, 0.16366984275953622, 0.3579247981840586], [0.4514643264218995, 0.0803097304462882, 0.4682259431318123], [0.4792091488215087, 0.10817840390481352, 0.4126124472736778], [0.47067465643337675, 0.09881703183382425, 0.430508311732799], [0.4142595720144424, 0.13575834961269095, 0.44998207837286663], [0.43219179794296003, 0.26202966259890564, 0.30577853945813427], [0.4202972997854145, 0.11077653332328656, 0.46892616689129896], [0.45239507336939233, 0.1158085430421781, 0.4317963835884296], [0.4378983557626931, 0.11997361480943378, 0.44212802942787316], [0.4580761873359541, 0.14098591716396328, 0.4009378955000826], [0.5, 0.10477137583978524, 0.39522862416021476], [0.47002368519131793, 0.09356568123728752, 0.43641063357139454], [0.5, 0.1608980646557009, 0.3391019353442991], [0.46104452258831424, 0.17493847110636412, 0.36401700630532163], [0.4632940879652459, 0.13312445511797777, 0.4035814569167764], [0.5, 0.08151156112329085, 0.41848843887670917], [0.40446586928376727, 0.1603182482558208, 0.43521588246041193], [0.40800632081989097, 0.16120947488195006, 0.430784204298159], [0.45018502567757035, 0.19254424140808413, 0.3572707329143455], [0.4773190805297833, 0.07889509745384013, 0.44378582201637656], [0.4735249988071424, 0.18552545007914953, 0.34094955111370806], [0.4082923090886845, 0.1483971263344775, 0.44331056457683804], [0.4848522353202008, 0.14691300273390842, 0.36823476194589083], [0.46777843386592083, 0.08934429757502685, 0.44287726855905235], [0.4260616341078521, 0.07393836589214793, 0.5], [0.5, 0.14611954927163898, 0.35388045072836105], [0.47869683414074726, 0.15770998350668577, 0.363593182352567], [0.4696663779716522, 0.11340566720715645, 0.4169279548211913], [0.43489389864058675, 0.09374896716335049, 0.47135713419606273], [0.42447916611353703, 0.1096060647111163, 0.46591476917534674], [0.40062667917664996, 0.16100203819121237, 0.4383712826321376], [0.4654079598785201, 0.11857832811691776, 0.4160137120045621], [0.5, 0.12536383449050548, 0.3746361655094945], [0.4547368594022456, 0.15198075980706605, 0.3932823807906884], [0.42397877591153177, 0.1260493624821936, 0.44997186160627467], [0.4608087379528057, 0.1309356543241513, 0.40825560772304303], [0.4873229868202896, 0.09771700284419012, 0.41496001033552027], [0.47567549720572466, 0.17128154556830447, 0.35304295722597084], [0.46421867451696336, 0.10014092138201912, 0.43564040410101756], [0.5, 0.07705446579492806, 0.4229455342050719], [0.4548323975402379, 0.13398446050441498, 0.4111831419553471], [0.4784053590564052, 0.16366984275953622, 0.3579247981840586], [0.47139991886970695, 0.08210593354204046, 0.4464941475882526], [0.479879031850877, 0.09540673725333237, 0.4247142308957907], [0.46471319433830605, 0.12563450474975627, 0.4096523009119376], [0.4693006529648604, 0.15540068419050007, 0.37529866284463953], [0.4700754974029956, 0.12494756056060821, 0.40497694203639617], [0.4511267874680775, 0.1493997110192046, 0.399473501512718], [0.4617019342102599, 0.16842954269286675, 0.36986852309687335]]