[[0.34837477302093284, 0.4889999498909147, 0.16262527708815247], [0.3636739623121796, 0.47346199571498704, 0.1628640419728334], [0.3586321451989839, 0.475236031316452, 0.16613182348456415], [0.36649535679130896, 0.4691437284229833, 0.16436091478570766], [0.3480526804375412, 0.4860592922461381, 0.16588802731632074], [0.3371634499122136, 0.5, 0.16283655008778639], [0.3584161847876716, 0.47431638209329285, 0.16726743311903555], [0.3499578803785857, 0.5, 0.15004211962141428], [0.37102527739193353, 0.4544464473188106, 0.17452827528925588], [0.3616060813291715, 0.4788278764180427, 0.15956604225278576], [0.34544348169077066, 0.4781424075653922, 0.17641411074383703], [0.3575669228542656, 0.4854326045175437, 0.15700047262819072], [0.363629645903939, 0.4712506050488517, 0.16511974904720947], [0.363416209766529, 0.45196593711339644, 0.18461785312007453], [0.3307202167097704, 0.4761720921903183, 0.19310769109991127], [0.3257385578122824, 0.4784491940089728, 0.19581224817874496], [0.3400714462801852, 0.4767214990185569, 0.18320705470125787], [0.349732537724707, 0.4872430029180502, 0.1630244593572428], [0.3410690971706368, 0.4780938825818441, 0.1808370202475191], [0.3481131942508659, 0.47596454947054656, 0.17592225627858762], [0.3578149827193527, 0.4702552219325812, 0.17192979534806613], [0.3509648305698088, 0.47637209663982333, 0.17266307279036783], [0.3505545785869694, 0.4640582621348058, 0.18538715927822486], [0.3661610521059635, 0.4734785990001151, 0.16036034889392145], [0.3678928476805486, 0.4698899855344682, 0.1622171667849832], [0.36799135459838794, 0.4728535021988412, 0.15915514320277085], [0.35834109651283746, 0.48500102958048197, 0.15665787390668046], [0.3501567040784716, 0.48552762109267483, 0.16431567482885354], [0.35038719220958936, 0.4857349784899852, 0.1638778293004255], [0.3648451658147999, 0.4759733214095748, 0.15918151277562523], [0.36655855774922325, 0.4756659891619395, 0.15777545308883742], [0.35571160201143975, 0.4710553558266448, 0.17323304216191532], [0.33769736796102934, 0.479233457344501, 0.18306917469446965], [0.3242600052259243, 0.5, 0.17573999477407565], [0.3616060813291715, 0.4788278764180427, 0.15956604225278576], [0.35414649002331317, 0.47827600205389503, 0.16757750792279197], [0.34880288476128773, 0.46708436199271025, 0.18411275324600207], [0.3616060813291715, 0.4788278764180427, 0.15956604225278576], [0.36679375810916964, 0.4574565782471939, 0.17574966364363656], [0.3510232121229698, 0.49340319695280765, 0.15557359092422254], [0.34950100507543885, 0.4848615337098311, 0.1656374612147301], [0.3803970066004599, 0.4324941590189372, 0.18710883438060297], [0.3626355524621192, 0.462198188177249, 0.17516625936063185], [0.3608820080948452, 0.4721454348888717, 0.16697255701628305], [0.35473288370722056, 0.4746020540723155, 0.17066506222046404], [0.36594187993380733, 0.47077772860993894, 0.16328039145625364], [0.34884991401331295, 0.47567153286147196, 0.17547855312521507], [0.3617636184067018, 0.47227339130502144, 0.16596299028827677], [0.34703802721584126, 0.47735210694296476, 0.17560986584119395], [0.3527033526967011, 0.49090865355316654, 0.15638799375013243], [0.45127224638119934, 0.17312429155250128, 0.3756034620662994], [0.47010532701599556, 0.19308782814087044, 0.336806844843134], [0.44614037629919584, 0.1600722340013641, 0.39378738969944], [0.45661110927653714, 0.2667468762817007, 0.2766420144417621], [0.4708774832180955, 0.18044755291351247, 0.34867496386839203], [0.4653392406897204, 0.22666853972862616, 0.30799221958165346], [0.4580540313843789, 0.18811341860937086, 0.3538325500062503], [0.48836164257220793, 0.31801687329764045, 0.19362148413015162], [0.47685043418676387, 0.17728697079809558, 0.3458625950151405], [0.45533048599213993, 0.2829369399933304, 0.26173257401452954], [0.47251301207055274, 0.3041482559166909, 0.2233387320127563], [0.4673936130740256, 0.23603229348909827, 0.29657409343687613], [0.4424007323209532, 0.266162001429503, 0.29143726624954375], [0.45924985137214125, 0.19857479561903255, 0.3421753530088262], [0.45519837819399367, 0.29853102593599806, 0.24627059587000835], [0.4862068938347065, 0.18215942368566757, 0.33163368247962594], [0.45740357855606034, 0.23194697773526773, 0.31064944370867204], [0.47065870804557974, 0.2541945315971674, 0.2751467603572529], [0.5, 0.18501163908669077, 0.3149883609133092], [0.46435496050906955, 0.272534867147216, 0.2631101723437144], [0.47310739510067484, 0.18548552125328552, 0.3414070836460397], [0.4630268626020752, 0.24955685705067104, 0.28741628034725375], [0.49999999999999994, 0.1497616397967277, 0.35023836020327226], [0.4554804366884968, 0.20598414611133944, 0.3385354172001637], [0.4751588897275231, 0.2095456055203269, 0.31529550475215], [0.5, 0.17618106519690482, 0.32381893480309515], [0.4561626761464199, 0.16782799971732942, 0.3760093241362507], [0.4620744131590427, 0.14280241034470892, 0.39512317649624845], [0.4545258216915495, 0.21763663878462983, 0.32783753952382066], [0.4426388398839042, 0.30993111629195796, 0.24743004382413794], [0.45387263650427784, 0.28513871262887835, 0.2609886508668437], [0.44853876922660957, 0.2956924018069442, 0.2557688289664462], [0.47623877324323555, 0.26103380541939286, 0.26272742133737154], [0.4689249998596969, 0.16843374743669406, 0.36264125270360903], [0.45279869759579544, 0.241990635161034, 0.3052106672431705], [0.4465933567590918, 0.2238833688801167, 0.32952327436079154], [0.4674174336728631, 0.16692392884761584, 0.36565863747952115], [0.4770177301158174, 0.20581155597214082, 0.31717071391204177], [0.47963221620440577, 0.2518805974438528, 0.2684871863517413], [0.4687005093465448, 0.26236521134030294, 0.2689342793131523], [0.46471192394368865, 0.24188997563258696, 0.2933981004237244], [0.45542376529921624, 0.20823841309682992, 0.3363378216039538], [0.47653814306784675, 0.2526549857592332, 0.27080687117292007], [0.5, 0.31013096674237295, 0.18986903325762705], [0.4845504701559643, 0.23933448736545349, 0.27611504247858215], [0.47758084029483405, 0.2445461606118156, 0.2778729990933503], [0.48693152127926476, 0.23619146535739052, 0.27687701336334475], [0.46056996777973597, 0.22547610850202268, 0.3139539237182414], [0.46851481473896195, 0.33986860526894525, 0.1916165799920928], [0.5, 0.23581016089759502, 0.264189839102405], [0.46723796702655174, 0.12114533814551118, 0.4116166948279371], [0.5, 0.15360163251060807, 0.34639836748939196], [0.46497186616495334, 0.06894397858301186, 0.46608415525203484], [0.5, 0.09557473585429684, 0.4044252641457032], [0.47305718956618237, 0.0997382755997895, 0.42720453483402815], [0.4177883320340742, 0.10072748737704178, 0.4814841805888841], [0.4296858812510144, 0.26488413399723565, 0.30542998475175], [0.4281990393897185, 0.09228568140859982, 0.4795152792016817], [0.4544847605544334, 0.11292618846567337, 0.43258905097989325], [0.4498563784361398, 0.110870562997281, 0.43927305856657917], [0.4791358118338705, 0.128875412221264, 0.39198877594486553], [0.4697542010133724, 0.1331852478271913, 0.39706055115943634], [0.5, 0.07041260069504506, 0.42958739930495493], [0.4784751313006753, 0.17969970398057653, 0.3418251647187482], [0.46040116761976246, 0.18046076915275333, 0.3591380632274842], [0.46667964729223554, 0.134385986441702, 0.39893436626606243], [0.4774031386317713, 0.10407100369592885, 0.4185258576722999], [0.4016700260656567, 0.0983299739343433, 0.5], [0.4036805013681537, 0.12174349166312776, 0.47457600696871854], [0.4650316070727702, 0.18569371680119778, 0.3492746761260321], [0.5, 0.06090512418139464, 0.43909487581860535], [0.4738958781231116, 0.1905808059535345, 0.3355233159233539], [0.4046735536367952, 0.09532644636320478, 0.5], [0.4681967284451846, 0.1646996205585459, 0.36710365099626946], [0.47292100781870905, 0.08695289669216397, 0.44012609548912696], [0.4411684218687516, 0.058831578131248376, 0.5], [0.4778155361318018, 0.1682204831984999, 0.35396398066969836], [0.5, 0.14958386837362156, 0.35041613162637847], [0.5, 0.09262601486117943, 0.40737398513882056], [0.4387871613162482, 0.09120088278025013, 0.47001195590350175], [0.42919181332839246, 0.07080818667160751, 0.5], [0.40543979614517367, 0.12255207920425534, 0.47200812465057096], [0.491233649565882, 0.10154068305139506, 0.407225667382723], [0.46765632190889583, 0.1550137254759496, 0.37732995261515456], [0.4565827747508023, 0.1542565746257303, 0.3891606506234674], [0.4330687608297522, 0.10625800403681199, 0.4606732351334358], [0.5, 0.10316707307757149, 0.3968329269224285], [0.4774903807122309, 0.10968899991876792, 0.4128206193690012], [0.48695263188819293, 0.17069931684118272, 0.3423480512706242], [0.4837436557089287, 0.0858618520569601, 0.43039449223411125], [0.4771479537358087, 0.09913427546221394, 0.42371777080197737], [0.5, 0.10109684321603842, 0.3989031567839616], [0.5, 0.15360163251060807, 0.34639836748939196], [0.4805218708195749, 0.0759311108333221, 0.443547018347103], [0.47481410028602533, 0.10213009430387833, 0.42305580541009635], [0.4781921913235083, 0.11851915002616203, 0.40328865865032965], [0.46518184318060235, 0.1631656250529435, 0.3716525317664541], [0.5, 0.10571965842792966, 0.39428034157207037], [0.47886346853297085, 0.13197743757826422, 0.38915909388876496], [0.475167265643676, 0.16475808618962565, 0.3600746481666983]]