[[0.356208688858961, 0.48938030787306586, 0.15441100326797313], [0.37000219579464383, 0.4743125019322597, 0.15568530227309652], [0.36566342198319784, 0.4759860873938264, 0.15835049062297574], [0.3735457634835048, 0.47006109178773803, 0.1563931447287571], [0.3561555286373196, 0.48652773090472445, 0.15731674045795604], [0.3467155674940583, 0.5, 0.15328443250594168], [0.3662456438525532, 0.47509075818251356, 0.15866359796493326], [0.3580960098800971, 0.5, 0.14190399011990296], [0.3750077511554673, 0.4641847010467571, 0.16080754779777576], [0.36839771413202316, 0.479515194300584, 0.15208709156739286], [0.35329893752961, 0.4789349550642986, 0.16776610740609138], [0.3657480072256643, 0.4859110763176417, 0.148340916456694], [0.36997531263650485, 0.4721343356298835, 0.15789035173361168], [0.36645602817009226, 0.4637253273836857, 0.16981864444622205], [0.33187508209183875, 0.5, 0.16812491790816134], [0.333128645819639, 0.5, 0.16687135418036095], [0.3410294563066049, 0.5, 0.158970543693395], [0.3576072914021253, 0.48768765274036724, 0.15470505585750755], [0.3447580611453409, 0.5, 0.15524193885465906], [0.35632286648724276, 0.47754183016839225, 0.166135303344365], [0.3567141718136539, 0.5, 0.1432858281863462], [0.35929061324134237, 0.47719534619645865, 0.163514040562199], [0.34708011709332953, 0.5, 0.15291988290667044], [0.37376727965982115, 0.47444493274360716, 0.15178778759657172], [0.3762739673915626, 0.47087791373696614, 0.1528481188714712], [0.37437092293591917, 0.473770964167816, 0.15185811289626489], [0.36644821661044574, 0.48553128725720723, 0.1480204961323471], [0.35793827636399655, 0.4860428353453424, 0.15601888829066096], [0.3577562533146492, 0.48623590832031677, 0.15600783836503404], [0.3723746041841873, 0.4767265872384883, 0.15089880857732443], [0.3736480620068522, 0.47644986493141206, 0.14990207306173572], [0.35985761929882865, 0.48200119735089253, 0.15814118335027877], [0.34006020666989073, 0.5, 0.15993979333010924], [0.33422105280000536, 0.5, 0.1657789471999946], [0.36839771413202316, 0.479515194300584, 0.15208709156739286], [0.3607839701667871, 0.4789756057094244, 0.16024042412378858], [0.353384327120534, 0.4750384901899533, 0.17157718268951266], [0.36839771413202316, 0.479515194300584, 0.15208709156739286], [0.3725592624867491, 0.4610662115816353, 0.16637452593161567], [0.35886244750060164, 0.4936370277300006, 0.1475005247693977], [0.3572606121059591, 0.48536807719862196, 0.15737131069541893], [0.3669552045179506, 0.5, 0.1330447954820493], [0.3678152766868107, 0.4697296320795394, 0.16245509123364996], [0.3690912692791271, 0.47312237272703206, 0.15778635799384083], [0.35708612952744456, 0.5, 0.1429138704725555], [0.3724197190494708, 0.47169643551261403, 0.15588384543791514], [0.3566546070177919, 0.4788839930161604, 0.1644613999660477], [0.3689844259377485, 0.47309593521461707, 0.15791963884763444], [0.3549842865692056, 0.47815714369741424, 0.16685856973338015], [0.36017465305191065, 0.4912179294069117, 0.14860741754117765], [0.4613590383413123, 0.18960382502395567, 0.34903713663473207], [0.46889580961089034, 0.2157750888994323, 0.3153291014896773], [0.4522631605646888, 0.17846955834892175, 0.36926728108638945], [0.46330267553462234, 0.27879903187525373, 0.25789829259012387], [0.4628801187133602, 0.20381529013905428, 0.3333045911475855], [0.47131780965054143, 0.24157073015908015, 0.2871114601903785], [0.46262277116893563, 0.2082074760216836, 0.32916975280938077], [0.5, 0.3277842715666182, 0.1722157284333818], [0.4714731203324788, 0.2003998500480262, 0.3281270296194949], [0.4590383818866868, 0.2996517180044589, 0.24130990010885434], [0.4655849638112472, 0.32117422633027604, 0.2132408098584767], [0.4604346124028797, 0.2591783233472507, 0.2803870642498696], [0.44225571633827904, 0.2815249410580623, 0.2762193426036586], [0.4870123685386994, 0.20029791618349468, 0.312689715277806], [0.5, 0.2984084181648583, 0.2015915818351417], [0.5, 0.19624777765712362, 0.30375222234287635], [0.4605291080154444, 0.24951457452541695, 0.2899563174591387], [0.4676798196692814, 0.2731001008844563, 0.2592200794462623], [0.45861194266829103, 0.22343037687428685, 0.3179576804574221], [0.465627296115474, 0.28860499440894516, 0.24576770947558085], [0.473893007816261, 0.206562362960369, 0.31954462922337], [0.45341377458717086, 0.27145827809703404, 0.27512794731579504], [0.5, 0.16455114668559145, 0.3354488533144085], [0.4733463038856054, 0.21238149237550022, 0.3142722037388943], [0.46570593935119986, 0.23347535051082371, 0.3008187101379764], [0.48681307571357496, 0.20586950406730609, 0.30731742021911895], [0.45568863180129116, 0.1863099858637428, 0.358001382334966], [0.4635615687662092, 0.163589607826482, 0.3728488234073088], [0.48194068362387843, 0.2203720271745121, 0.2976872892016095], [0.4622952660687465, 0.31897800562623985, 0.21872672830501377], [0.45611304682487425, 0.30016571716417045, 0.24372123601095527], [0.45220626144772835, 0.3106593005897659, 0.2371344379625058], [0.46770034631924673, 0.28264057480647364, 0.24965907887427966], [0.5, 0.1630846360275716, 0.33691536397242844], [0.45817571048134587, 0.2580634270537025, 0.2837608624649516], [0.459439323649841, 0.23813436102165536, 0.3024263153285035], [0.4713387132918304, 0.18694841616259128, 0.3417128705455783], [0.45293381481961204, 0.23425818360437234, 0.31280800157601557], [0.4722618363876577, 0.27568073170977037, 0.2520574319025721], [0.474785383427623, 0.2765188895761149, 0.24869572699626194], [0.4775028294277369, 0.2522391249294368, 0.2702580456428263], [0.5, 0.2011679545623534, 0.2988320454376466], [0.4726676176983808, 0.2716478011157446, 0.2556845811858747], [0.4885755569299097, 0.32730564564234804, 0.1841187974277422], [0.5, 0.25024752499512326, 0.24975247500487677], [0.4707703706979508, 0.267997009856514, 0.2612326194455352], [0.48005969914280827, 0.25955601902058, 0.2603842818366117], [0.4691473478603073, 0.2389651687128345, 0.29188748342685816], [0.46914309024587664, 0.3533079256456744, 0.17754898410844894], [0.4845034818271719, 0.26311775435037144, 0.2523787638224566], [0.45469959582977487, 0.14353757326975555, 0.40176283090046955], [0.4778243582004234, 0.18426816360180884, 0.33790747819776773], [0.46547759497643737, 0.0817941549503999, 0.4527282500731627], [0.47849983363783066, 0.12864206284104687, 0.39285810352112255], [0.47335377240785503, 0.11340005929921883, 0.41324616829292604], [0.419718798018951, 0.11644327665406293, 0.4638379253269861], [0.43782191167558676, 0.2753719675319414, 0.28680612079247186], [0.42401540179435565, 0.07598459820564436, 0.5], [0.45407989596216625, 0.11829157153156931, 0.4276285325062644], [0.45031255960086103, 0.11877502262591429, 0.43091241777322464], [0.4800303220794637, 0.15273424850413736, 0.3672354294163989], [0.5, 0.12508409959081082, 0.37491590040918915], [0.4698441782657119, 0.11677182528951359, 0.4133839964447746], [0.5, 0.17936590919832754, 0.32063409080167243], [0.5, 0.1684440002681455, 0.3315559997318545], [0.4746449730561898, 0.14928091838887617, 0.376074108554934], [0.5, 0.10671687829604659, 0.3932831217039534], [0.4059922302085716, 0.12134724549488231, 0.4726605242965461], [0.3972594783755058, 0.10274052162449421, 0.5], [0.46480686962860923, 0.19586087259505283, 0.33933225777633796], [0.5, 0.08309220606250174, 0.41690779393749827], [0.4729226953222446, 0.20779768387266617, 0.31927962080508915], [0.40861731756008374, 0.11878942754957024, 0.472593254890346], [0.5, 0.159747204459867, 0.34025279554013294], [0.4740153863179285, 0.11129086874518072, 0.41469374493689076], [0.4446519199465605, 0.09213938000659047, 0.46320870004684905], [0.5000000000000001, 0.1721740629673008, 0.32782593703269924], [0.5000000000000001, 0.17110149814676373, 0.3288985018532363], [0.5, 0.10615654841390791, 0.393843451586092], [0.4340436989074719, 0.11259444885703633, 0.45336185223549175], [0.43108929523112655, 0.09024971548601547, 0.478660989282858], [0.3983864537596299, 0.10161354624037006, 0.5], [0.4912920544534256, 0.11428617436004442, 0.39442177118653005], [0.5, 0.1497686109858804, 0.35023138901411954], [0.4548956990252598, 0.16471371325400827, 0.38039058772073187], [0.43345325555159947, 0.11579219179022693, 0.4507545526581736], [0.4798764420465294, 0.1391761323260318, 0.38094742562743883], [0.4871371788161638, 0.12388618168128851, 0.3889766395025477], [0.4872980261955158, 0.19120877300170297, 0.32149320080278126], [0.4686592304354263, 0.12250706818712383, 0.40883370137744984], [0.5, 0.09855463948795247, 0.40144536051204754], [0.5, 0.12370011061943584, 0.37629988938056413], [0.4778243582004234, 0.18426816360180884, 0.33790747819776773], [0.4809561672027124, 0.09280028006914091, 0.4262435527281467], [0.47982115386072977, 0.11660192335386542, 0.4035769227854048], [0.5, 0.12165435299243098, 0.378345647007569], [0.47891204900522993, 0.16668138014316822, 0.3544065708516019], [0.5, 0.12799391559397486, 0.3720060844060252], [0.5, 0.13831934234874219, 0.36168065765125784], [0.4756210981311444, 0.18354344801881117, 0.3408354538500443]]