[[0.3466601968883725, 0.5, 0.1533398031116274], [0.3624423051514181, 0.4807798982946784, 0.15677779655390348], [0.35281701224028994, 0.5, 0.14718298775971003], [0.36398362729618156, 0.48422390965434636, 0.15179246304947208], [0.3485030679234183, 0.49102609623004917, 0.16047083584653254], [0.3394529014397562, 0.49999999999999994, 0.16054709856024377], [0.357807520593613, 0.4834863921123064, 0.15870608729408064], [0.3551349816231496, 0.4886532960518634, 0.15621172232498698], [0.36706545947527935, 0.47341309189505587, 0.15952144862966475], [0.3626801326503706, 0.4796199404439229, 0.15769992690570647], [0.3468732490568272, 0.47894836080699976, 0.17417839013617312], [0.36259935046831776, 0.4758718026069797, 0.1615288469247025], [0.36127430356293466, 0.4832298025076493, 0.155495893929416], [0.35868207461299423, 0.4720038996634591, 0.1693140257235467], [0.3371315725648583, 0.4619320251966527, 0.20093640223848905], [0.33315942531029064, 0.46417139743338637, 0.20266917725632294], [0.34172891978645376, 0.4765962668224401, 0.18167481339110614], [0.34941135825711556, 0.49348948528070025, 0.15709915646218417], [0.34267317994707963, 0.47804796010496337, 0.179278859947957], [0.3427846057437427, 0.5, 0.1572153942562573], [0.358894188608976, 0.47084307663469127, 0.1702627347563328], [0.34853519487358314, 0.4907218129496234, 0.1607429921767935], [0.3497939275260119, 0.47195827339759644, 0.17824779907639174], [0.36915564813348384, 0.4679206338920865, 0.16292371797442967], [0.37329286109017334, 0.4605468661642726, 0.16616027274555403], [0.3699507638187856, 0.4691122095199256, 0.16093702666128884], [0.36192877169853344, 0.47884571315896113, 0.15922551514250546], [0.3502095504283686, 0.490692474340046, 0.1590979752315853], [0.35011435132460705, 0.4908271472669847, 0.15905850140840827], [0.3656102665433632, 0.4803507354717541, 0.1540389979848826], [0.36746904405840114, 0.4781041832342785, 0.15442677270732036], [0.35548413857178635, 0.47458499051051367, 0.16993087091769998], [0.34092906875328827, 0.47755202454113893, 0.1815189067055728], [0.33633716701928806, 0.47198574005785493, 0.191677092922857], [0.3626801326503706, 0.4796199404439229, 0.15769992690570647], [0.354326735573651, 0.48070510477080086, 0.16496815965554815], [0.3472291490558935, 0.47472337075595933, 0.17804748018814717], [0.3626801326503706, 0.4796199404439229, 0.15769992690570647], [0.3622030077489021, 0.4783163812563783, 0.15948061099471963], [0.35345825056697805, 0.4906568393069943, 0.15588491012602776], [0.3497792745237133, 0.48911139036568074, 0.16110933511060602], [0.3761060330055515, 0.44677613287167833, 0.17711783412277024], [0.3586319800809504, 0.481965260893157, 0.15940275902589257], [0.3632150146783468, 0.47039674347820315, 0.16638824184345], [0.3577059305225243, 0.47438413979986804, 0.16790992967760776], [0.3634832975544739, 0.4829163349521242, 0.1536003674934019], [0.346583533146273, 0.49077376719364635, 0.16264269966008071], [0.3581119223570928, 0.49100820843373894, 0.1508798692091682], [0.34667089336326795, 0.4843100008702584, 0.16901910576647364], [0.3556750820390689, 0.48566748708447594, 0.15865743087645512], [0.5, 0.14016294709663318, 0.3598370529033668], [0.46144498185782507, 0.19641748356584665, 0.34213753457632823], [0.4747486363806987, 0.13858148974484275, 0.38666987387445845], [0.5, 0.23925696738042387, 0.26074303261957615], [0.46428729205335106, 0.1800438987720664, 0.3556688091745824], [0.5, 0.20236943086291015, 0.2976305691370898], [0.45507895465306647, 0.18756452227525672, 0.35735652307167687], [0.5, 0.3057039479819455, 0.19429605201805455], [0.4665196425782424, 0.1829208504075709, 0.3505595070141866], [0.4573175029376197, 0.2777593607677717, 0.2649231362946087], [0.46541149725796543, 0.30016059663570466, 0.23442790610632983], [0.4668917797790146, 0.2319696604768724, 0.301138559744113], [0.45520489998270164, 0.25601401152605846, 0.2887810884912399], [0.5, 0.1679595351638117, 0.33204046483618826], [0.4553374505613405, 0.295330486467635, 0.24933206297102453], [0.46381745188543616, 0.19555014108257282, 0.3406324070319911], [0.4731384131339103, 0.21827330018954, 0.3085882866765497], [0.5, 0.2366104476895339, 0.26338955231046607], [0.4404808861298124, 0.21534721807428792, 0.34417189579589963], [0.4725603337215759, 0.2650741469632489, 0.26236551931517516], [0.4521524077632792, 0.19350140544149286, 0.35434618679522795], [0.4605796203407434, 0.24742445222590032, 0.2919959274333563], [0.45667951254909583, 0.17328194980361647, 0.3700385376472876], [0.4793145678460521, 0.18847986413376444, 0.3322055680201835], [0.5, 0.1916989943286098, 0.30830100567139024], [0.4747555984943727, 0.19023213369278025, 0.335012267812847], [0.46135452167758, 0.1618674005338557, 0.3767780777885643], [0.5, 0.10745526659441011, 0.39254473340558993], [0.4771199358895984, 0.1986251712629744, 0.32425489284742726], [0.4482059210416105, 0.30511453303153974, 0.24667954592684965], [0.47441142686590354, 0.27176548276244794, 0.2538230903716486], [0.4636989646067019, 0.2857251466292507, 0.2505758887640473], [0.4743372746051458, 0.25857935152473943, 0.2670833738701149], [0.4570958464810159, 0.1698888516885732, 0.37301530183041076], [0.4646686847574975, 0.23092471958134944, 0.3044065956611532], [0.4481233978215941, 0.22021127439423988, 0.331665327784166], [0.46857123245979365, 0.16443258960831514, 0.36699617793189115], [0.44869977140763556, 0.21815572929493385, 0.33314449929743056], [0.5, 0.23807254304710282, 0.26192745695289715], [0.48244949145890725, 0.25071481066300094, 0.2668356978780919], [0.4728495300058999, 0.23356547818887868, 0.29358499180522135], [0.4863947033697163, 0.18516155949259744, 0.3284437371376862], [0.4778855502244382, 0.2481799466730893, 0.27393450310247247], [0.48837496380297163, 0.306520837702675, 0.2051041984943532], [0.47207141494666216, 0.24190602349693982, 0.286022561556398], [0.5, 0.23007876544255715, 0.26992123455744294], [0.4867618939026357, 0.232767260396732, 0.2804708457006323], [0.4809152727784438, 0.21040852270628227, 0.30867620451527394], [0.4684607314406715, 0.3325149021331748, 0.19902436642615368], [0.4795000211276196, 0.2428089938293136, 0.27769098504306683], [0.43557151811987105, 0.13500634762324787, 0.4294221342568811], [0.4770277100768789, 0.15915526644511815, 0.363817023478003], [0.4538949354702295, 0.046105064529770506, 0.5], [0.4657557876589112, 0.11479700436615825, 0.41944720797493057], [0.46209787004601527, 0.09150383617773752, 0.4463982937762472], [0.4106709730178733, 0.12530125740138548, 0.4640277695807412], [0.435819840587369, 0.2556612597167693, 0.30851889969586177], [0.4269319792007937, 0.11329064244391909, 0.4597773783552873], [0.44858915155614937, 0.11020140285340879, 0.44120944559044184], [0.4269539356568054, 0.12712368558676138, 0.4459223787564332], [0.5, 0.10242584481525725, 0.39757415518474276], [0.5, 0.0953499165477992, 0.40465008345220077], [0.5, 0.0501675359482617, 0.4498324640517383], [0.5, 0.15329196021041552, 0.3467080397895844], [0.4581135296685376, 0.16831917730764875, 0.3735672930238137], [0.4665220211993664, 0.11976325357711391, 0.4137147252235197], [0.4645342630763125, 0.10698586380088332, 0.4284798731228041], [0.3998188781232188, 0.1593029124575914, 0.44087820941918987], [0.40154570044288423, 0.14955201172603372, 0.44890228783108205], [0.4480513850471109, 0.18961985258401595, 0.3623287623688731], [0.46715139048990784, 0.0692908697920402, 0.463557739718052], [0.4718767352430373, 0.18216072973774736, 0.3459625350192152], [0.4058340183861998, 0.13762982828780082, 0.45653615332599945], [0.4619470450200828, 0.15905363993024135, 0.3789993150496759], [0.46591494504265646, 0.08314182831515005, 0.45094322664219344], [0.43916287811222277, 0.09290110046355372, 0.4679360214242235], [0.46084007303001545, 0.17088980893809663, 0.3682701180318879], [0.4589240624797088, 0.17065981776829522, 0.37041611975199595], [0.46699447151761725, 0.1024629277821824, 0.4305426007002003], [0.44056936967899707, 0.10310304613453357, 0.45632758418646935], [0.4315295970399206, 0.10355104536294686, 0.46491935759713254], [0.3993964358451527, 0.15769973220406908, 0.4429038319507782], [0.4622602398266697, 0.10646125699019268, 0.43127850318313754], [0.4582031396971856, 0.15729818363979486, 0.3844986766630195], [0.44710978404944995, 0.158067905441572, 0.39482231050897804], [0.4152759108156538, 0.08472408918434626, 0.5], [0.4434770146795346, 0.13645855774648286, 0.42006442757398255], [0.4588758450503119, 0.11884150271723137, 0.4222826522324567], [0.4610081602166232, 0.1807127025629644, 0.3582791372204123], [0.48312962699036527, 0.0702191766967102, 0.44665119631292455], [0.4689548709484856, 0.08406478053713615, 0.4469803485143783], [0.45791951057956926, 0.1187337921601626, 0.42334669726026813], [0.4770277100768789, 0.15915526644511815, 0.363817023478003], [0.4575513184965072, 0.07817457054278308, 0.4642741109607097], [0.45403269967920873, 0.10226551564039736, 0.4437017846803939], [0.4659210203986043, 0.10973563009577067, 0.424343349505625], [0.4670744133870703, 0.14900203930134504, 0.3839235473115846], [0.47871792533677104, 0.10954497328946675, 0.41173710137376224], [0.45316678373653885, 0.14125200170007687, 0.40558121456338436], [0.450371192660769, 0.17500764718864015, 0.37462116015059094]]