[[0.2157698572402351, 0.48642928231297944, 0.29780086044678544], [0.223201442716639, 0.468260626452262, 0.308537930831099], [0.22333230724757344, 0.47060520585677534, 0.30606248689565124], [0.22464087373151187, 0.46354058327866, 0.3118185429898281], [0.218070016639026, 0.4828929004396452, 0.29903708292132875], [0.23769593452338064, 0.45038253617264834, 0.311921529303971], [0.22297181050218046, 0.4693554054349821, 0.30767278406283755], [0.20533395970322849, 0.5, 0.29466604029677157], [0.22920677341656168, 0.45741523510691967, 0.3133779914765186], [0.21947477162647544, 0.47452639839399896, 0.3059988299795256], [0.23298438080595302, 0.4612980194811219, 0.30571759971292506], [0.2138928277102133, 0.4822427217079659, 0.30386445058182077], [0.2252583208925272, 0.46593439771943596, 0.30880728138803676], [0.23338801725537126, 0.45733118720479077, 0.30928079553983795], [0.22006962806754682, 0.5, 0.2799303719324531], [0.22008325287807876, 0.5, 0.27991674712192127], [0.23307811374704213, 0.46519606190962776, 0.30172582434333006], [0.21621640969492875, 0.4842159658406606, 0.29956762446441054], [0.2386864733384163, 0.4539679841611523, 0.30734554250043145], [0.22734117667198367, 0.46750118682398767, 0.30515763650402866], [0.22755465306550876, 0.46241686232861134, 0.3100284846058799], [0.223833602468137, 0.4705725036613287, 0.3055938938705343], [0.21129929920465976, 0.5, 0.2887007007953402], [0.2188381923075939, 0.4667102857291269, 0.31445152196327925], [0.22135615324810198, 0.46307652282748635, 0.3155673239244116], [0.22144732585717028, 0.46709149534428934, 0.31146117879854046], [0.2130063376312242, 0.48133411566785017, 0.30565954670092566], [0.21776047016606115, 0.4819757332100531, 0.30026379662388575], [0.21807449650327107, 0.4823658739847885, 0.2995596295119405], [0.21920851816922993, 0.47118056540796266, 0.3096109164228074], [0.21913151747234114, 0.4707287973091415, 0.3101396852185174], [0.2275806073907563, 0.46358016491933607, 0.3088392276899077], [0.24046194909532495, 0.4534205202282826, 0.3061175306763923], [0.23249253793780542, 0.473341374486668, 0.2941660875755265], [0.21947477162647544, 0.47452639839399896, 0.3059988299795256], [0.2234222625278917, 0.47388379110378476, 0.3026939463683236], [0.2355812112475489, 0.45928000874225106, 0.30513878001019995], [0.21947477162647544, 0.47452639839399896, 0.3059988299795256], [0.232681052220453, 0.4537226049577135, 0.31359634282183346], [0.2106478967448575, 0.49181588662550796, 0.2975362166296345], [0.21857804593417174, 0.4814904709476444, 0.29993148311818385], [0.20491245320943793, 0.5, 0.295087546790562], [0.22737009394750798, 0.4636910563199229, 0.30893884973256913], [0.22178242269628728, 0.4652378872867427, 0.31297969001697], [0.232525584627152, 0.44930507362927974, 0.31816934174356826], [0.22393343002540975, 0.46518117833409206, 0.31088539164049817], [0.2273610673105117, 0.4670585594520642, 0.30558037323742404], [0.22406905367750532, 0.4671979751684988, 0.30873297115399584], [0.228843843167041, 0.4670230539805647, 0.3041331028523942], [0.21258999789896488, 0.4888839325822583, 0.2985260695187767], [0.4622026829512854, 0.17129027186601267, 0.36650704518270194], [0.46436273302890324, 0.1415545178873734, 0.39408274908372337], [0.4551314947452435, 0.17335235117761225, 0.3715161540771442], [0.37730623070786057, 0.17860933390825326, 0.4440844353838862], [0.45915122032754213, 0.1409074464853534, 0.3999413331871045], [0.4105859921160213, 0.15432556178714713, 0.4350884460968315], [0.44682876073313643, 0.16307925543707288, 0.39009198382979077], [0.2990416682675224, 0.2929540618073078, 0.4080042699251698], [0.4688385239621091, 0.13820466147511767, 0.39295681456277315], [0.34959616088558815, 0.20794023033921621, 0.4424636087751957], [0.3254521599465171, 0.27909559433219683, 0.3954522457212862], [0.4074526409452788, 0.15107944826398664, 0.4414679107907346], [0.3824516376320178, 0.17885408770214084, 0.4386942746658414], [0.4330132488442882, 0.15311257407019827, 0.4138741770855134], [0.32211383942788224, 0.17788616057211773, 0.5], [0.5, 0.12198397863679646, 0.37801602136320356], [0.41799876684561227, 0.15946127047912553, 0.42253996267526217], [0.37180393040772075, 0.16102371913279082, 0.4671723504594884], [0.44771305366339376, 0.14232860893860128, 0.40995833739800497], [0.3538659087803981, 0.18057822684090657, 0.46555586437869534], [0.44621111212347103, 0.16099247892802557, 0.39279640894850343], [0.4048758703281352, 0.13697316722775293, 0.4581509624441118], [0.46289282407409943, 0.14283102979753776, 0.39427614612836287], [0.42842831478686116, 0.15459035268611807, 0.4169813325270208], [0.4569465125262563, 0.12698018512042133, 0.41607330235332235], [0.48476508698969845, 0.12403395388844593, 0.39120095912185565], [0.4562765684331936, 0.16066907229915037, 0.3830543592676561], [0.4519784103215002, 0.1709751994667998, 0.3770463902117], [0.42470958262571096, 0.14919924182772895, 0.42609117554656023], [0.3283157041577996, 0.22321535656982966, 0.4484689392723708], [0.3483620041863641, 0.2009658395390682, 0.45067215627456775], [0.33759256163469353, 0.2178623680287065, 0.4445450703365998], [0.35723992663744353, 0.14276007336255647, 0.5], [0.46832849383664626, 0.14416281373710418, 0.3875086924262495], [0.41281338063276657, 0.17031579921668571, 0.4168708201505477], [0.4238852604120401, 0.1743784458629874, 0.40173629372497244], [0.4706129184072949, 0.15055312302807247, 0.37883395856463253], [0.4301830246993311, 0.15063596721333664, 0.4191810080873323], [0.3719714010633988, 0.17530629232990483, 0.45272230660669627], [0.36891868722720067, 0.1742975418075342, 0.45678377096526523], [0.40193560655280186, 0.160624307443734, 0.4374400860034641], [0.4360599289852171, 0.14808159238780821, 0.41585847862697467], [0.3658755117793779, 0.15102258538993532, 0.48310190283068677], [0.3027156765612954, 0.2891577222490459, 0.4081266011896587], [0.38337389803796323, 0.15842323842775943, 0.4582028635342774], [0.3832155352462014, 0.16554277272136964, 0.45124169203242903], [0.38324588657337955, 0.16006574766998116, 0.45668836575663924], [0.43733166063868845, 0.13113327459597038, 0.43153506476534115], [0.28139863954444033, 0.3068518606306659, 0.4117494998248937], [0.3738963173650963, 0.1566883181221433, 0.46941536451276034], [0.44832871347491104, 0.20226158334157493, 0.34940970318351405], [0.5, 0.12606747483304112, 0.37393252516695896], [0.4602613188174219, 0.19352929100232158, 0.34620939018025654], [0.4818360233244255, 0.15768412888154834, 0.3604798477940263], [0.4663910796212697, 0.18096103023849722, 0.352647890140233], [0.47205402080973546, 0.2004430875300651, 0.3275028916601995], [0.40362655182855744, 0.20052813547137144, 0.3958453127000712], [0.4624791707792065, 0.19795301846995425, 0.3395678107508392], [0.45352149426357435, 0.18533902867265448, 0.36113947706377114], [0.45613860207377577, 0.20976937390547734, 0.3340920240207469], [0.46303011330877336, 0.16933128095180996, 0.36763860573941676], [0.471208906133427, 0.1577784994465373, 0.37101259442003576], [0.46777551469309037, 0.17731602133122157, 0.35490846397568804], [0.4769555547643124, 0.14310325623020156, 0.379941189005486], [0.4610512039667058, 0.1688030809209906, 0.3701457151123036], [0.4606625378239956, 0.17897160099474782, 0.3603658611812566], [0.48919880998757725, 0.15368750319454882, 0.3571136868178739], [0.4525345057524486, 0.222024665041305, 0.3254408292062464], [0.45911617541040295, 0.21087156963978726, 0.33001225494980985], [0.5, 0.11877457199873545, 0.38122542800126447], [0.46175111349020986, 0.19111515872270773, 0.3471337277870824], [0.4715406041336362, 0.14545486116748205, 0.38300453469888174], [0.46565874756358644, 0.20499301378221443, 0.3293482386541991], [0.47793702718080616, 0.13635115966054265, 0.38571181315865116], [0.4662909576997971, 0.1847500907350782, 0.3489589515651247], [0.4562352200474516, 0.19967375474103893, 0.3440910252115095], [0.4644680874385184, 0.1417321173877398, 0.3937997951737418], [0.45760616587461195, 0.15209194248073288, 0.3903018916446551], [0.4698219183095849, 0.16985094423695346, 0.3603271374534616], [0.44620612725271414, 0.20073622991228118, 0.35305764283500474], [0.46912657921243345, 0.19201191420770553, 0.33886150657986097], [0.4540946243204906, 0.22098797076837354, 0.3249174049111359], [0.465454380731625, 0.17437908056192913, 0.3601665387064459], [0.45703827047168566, 0.15568708100898546, 0.38727464851932886], [0.44853495412546784, 0.1769086694045132, 0.37455637647001894], [0.5, 0.18015878765404272, 0.3198412123459573], [0.4551668015725164, 0.19208301874220485, 0.35275017968527883], [0.49999999999999994, 0.1462142794007565, 0.3537857205992434], [0.4559373641691007, 0.14881847284325006, 0.3952441629876493], [0.4745115574328985, 0.17427835436633743, 0.351210088200764], [0.4644223969206412, 0.18511643813148126, 0.3504611649478776], [0.5, 0.15558358029970837, 0.34441641970029163], [0.5, 0.12606747483304112, 0.37393252516695896], [0.4544775306757815, 0.19744705972897494, 0.3480754095952436], [0.4571702970069537, 0.1955122378535273, 0.3473174651395189], [0.48170771829473413, 0.16386636169790797, 0.3544259200073579], [0.5, 0.1257133901424815, 0.3742866098575185], [0.4699060906129239, 0.1626438306040746, 0.3674500787830015], [0.4562170458349715, 0.1859155437620247, 0.3578674104030037], [0.4712640108891672, 0.1481641125437547, 0.3805718765670782]]