[[0.21005493103108597, 0.48873946660245315, 0.3012056023664608], [0.21715790782325906, 0.473326805028227, 0.30951528714851395], [0.21813688999007272, 0.4750693938957504, 0.3067937161141769], [0.21940584884210756, 0.46905127903699473, 0.3115428721208977], [0.21240677290724877, 0.4857234709716215, 0.30186975612112976], [0.22738490466906602, 0.45903625628339895, 0.31357883904753503], [0.21846129799041333, 0.4739964208339741, 0.30754228117561266], [0.20154857018021, 0.5, 0.29845142981979], [0.2242055646369304, 0.463329650537563, 0.31246478482550655], [0.21343306523754252, 0.4786782185568197, 0.30788871620563774], [0.22312228053281413, 0.4679261136443559, 0.30895160582283], [0.20939111954153175, 0.48518920002675087, 0.30541968043171736], [0.21892513504186228, 0.4711898836345789, 0.3098849813235588], [0.22799086304629862, 0.4628964257154966, 0.3091127112382048], [0.21110939967638287, 0.5, 0.2888906003236172], [0.21149564208096897, 0.5, 0.28850435791903106], [0.22444277256826223, 0.47094638015387336, 0.30461084727786436], [0.21084449676511496, 0.4869172459108624, 0.3022382573240227], [0.22600598810057393, 0.46235256934568425, 0.3116414425537419], [0.22011323352321208, 0.4728859547872462, 0.3070008116895418], [0.2178824893048368, 0.4692732762552558, 0.3128442344399075], [0.21754237702327095, 0.4755602637611131, 0.30689735921561595], [0.20829224078705083, 0.5, 0.29170775921294917], [0.21363456883463544, 0.472737403172124, 0.31362802799324063], [0.21528906095660574, 0.4692809647825462, 0.3154299742608482], [0.2149478135989077, 0.4726378227489872, 0.3124143636521051], [0.20879546454594328, 0.48462224306191654, 0.30658229239214013], [0.21112818715301934, 0.4851302310986556, 0.30374158174832505], [0.2115792046077297, 0.48540646679151367, 0.30301432860075667], [0.2142834177095326, 0.47577827951836266, 0.30993830277210477], [0.21382795812623828, 0.47549952318336863, 0.3106725186903931], [0.21929016235763785, 0.47009321842814916, 0.310616619214213], [0.230371983846591, 0.4606609779483665, 0.30896703820504245], [0.2226515970821891, 0.4777062381594119, 0.2996421647583991], [0.21343306523754252, 0.4786782185568197, 0.30788871620563774], [0.21725268356792535, 0.4780290845427264, 0.30471823188934827], [0.22538813722491036, 0.4661119321172712, 0.3084999306578185], [0.21343306523754252, 0.4786782185568197, 0.30788871620563774], [0.22723995051613932, 0.4600661954930354, 0.31269385399082533], [0.20559028698306486, 0.4932546475952, 0.3011550654217352], [0.21336892887410702, 0.4845308916416537, 0.3021001794842394], [0.2035099215446239, 0.49999999999999994, 0.29649007845537606], [0.22259952173318992, 0.46878319415408753, 0.3086172841127226], [0.2170922155382912, 0.4712421062485271, 0.3116656782131817], [0.22416993625112452, 0.4581201667837451, 0.31770989696513025], [0.21856969545190733, 0.47064435511278674, 0.3107859494353059], [0.21954130000588296, 0.47255733749926465, 0.30790136249485245], [0.21901666525613878, 0.4721198707940955, 0.3088634639497657], [0.2200736134707643, 0.4726530279742039, 0.3072733585550319], [0.20776865428615998, 0.49076345055921045, 0.3014678951546295], [0.42385470268947295, 0.19573624824824548, 0.3804090490622815], [0.41607031300035513, 0.1709882552812335, 0.4129414317184114], [0.4422982962477348, 0.1778173785646231, 0.3798843251876421], [0.33518993684884885, 0.21675472000582977, 0.4480553431453214], [0.4267094407140401, 0.1609568904672975, 0.4123336688186624], [0.3788320161880354, 0.16184074910692295, 0.45932723470504166], [0.4320148304284153, 0.16323632178176115, 0.4047488477898235], [0.2816493840227864, 0.3209473461002734, 0.3974032698769402], [0.4172907878025544, 0.1744338798273771, 0.4082753323700685], [0.31701854878588837, 0.23587478730738257, 0.44710666390672904], [0.297426551356098, 0.30533410737196487, 0.39723934127193705], [0.3673790291379244, 0.1703061809749255, 0.46231478988715], [0.34534557646989067, 0.22212194716579456, 0.4325324763643148], [0.4157746774315168, 0.15430502700228935, 0.42992029556619377], [0.30259950768982125, 0.24954092501926511, 0.44785956729091364], [0.4084124114831532, 0.1890900220918202, 0.4024975664250267], [0.37777737038964004, 0.1713084188765259, 0.45091421073383403], [0.33621701712374513, 0.19806988583140814, 0.4657130970448468], [0.39770625482011845, 0.18038172519325302, 0.4219120199866285], [0.32022829630614524, 0.2221443006096492, 0.4576274030842055], [0.42990921201391685, 0.157821013173676, 0.4122697748124071], [0.3503665913127718, 0.19190642413810827, 0.4577269845491199], [0.4357711527535457, 0.1562924581114669, 0.40793638913498736], [0.41016137571160416, 0.15916620168823828, 0.43067242260015753], [0.39035737880104177, 0.17977027734713236, 0.4298723438518258], [0.40813058682503867, 0.1809682548474675, 0.4109011583274938], [0.4336020782952259, 0.17409300159724547, 0.3923049201075286], [0.4652996601859962, 0.15401870540018398, 0.38068163441381986], [0.40006302158054496, 0.15467471582869755, 0.4452622625907575], [0.29444242841342155, 0.2719999387858644, 0.433557632800714], [0.31489643262524775, 0.24016117580087423, 0.4449423915738779], [0.30761085988840126, 0.2555893881812561, 0.43679975193034265], [0.32153765400409906, 0.2061412649014845, 0.47232108109441645], [0.4511477355320618, 0.1445666759445604, 0.40428558852337776], [0.3700131338139175, 0.1845922721577581, 0.4453945940283243], [0.40216642892574106, 0.17733665835500115, 0.4204969127192579], [0.43520248177725684, 0.17144980258699108, 0.39334771563575205], [0.38840730459214395, 0.18587001859037508, 0.425722676817481], [0.33223101569858504, 0.19144779124512432, 0.4763211930562906], [0.3287997930401002, 0.2085591549306544, 0.46264105202924544], [0.36408405223831825, 0.17842659907449052, 0.4574893486871913], [0.40875597384090817, 0.15721334807941237, 0.43403067807967943], [0.33005021711970217, 0.1973651139036601, 0.47258466897663776], [0.2830476631129571, 0.31819676076766296, 0.39875557611937995], [0.3419534858918709, 0.17637780787682017, 0.4816687062313089], [0.34088524931097847, 0.18492657166866167, 0.47418817902035987], [0.34249959286071974, 0.1727265462013893, 0.4847738609378909], [0.38187054038633905, 0.17281277365645947, 0.4453166859572015], [0.2693363860862708, 0.33793707171976933, 0.39272654219395986], [0.32906373539231365, 0.17093626460768638, 0.5], [0.44334293680062414, 0.1958187022745282, 0.3608383609248475], [0.43559315570567214, 0.1573701165217891, 0.4070367277725388], [0.4595723784643929, 0.18821607898404102, 0.3522115425515661], [0.4632913449390171, 0.16108546596765433, 0.3756231890933286], [0.45870538686772666, 0.1779417263747349, 0.3633528867575384], [0.4859001963263081, 0.18711504027482984, 0.326984763398862], [0.33844993253250183, 0.16155006746749814, 0.4999999999999999], [0.46557888153363003, 0.191037974217657, 0.34338314424871297], [0.5, 0.14624598686188758, 0.35375401313811244], [0.5, 0.17553740927321562, 0.3244625907267844], [0.4811528661828124, 0.1463964260654487, 0.37245070775173894], [0.4725526857920246, 0.1476109745367142, 0.3798363396712613], [0.4692811990603295, 0.16899830840283936, 0.36172049253683114], [0.4217863930571471, 0.16028661462292182, 0.4179269923199311], [0.43559627903202713, 0.166234944992342, 0.39816877597563083], [0.4707259142882442, 0.16214103096805405, 0.36713305474370184], [0.4726639648660349, 0.15622411958302182, 0.37111191555094325], [0.5, 0.18796635546214333, 0.31203364453785665], [0.4800363414066825, 0.19373318001660575, 0.3262304785767118], [0.4379587390885526, 0.15830337868761973, 0.40373788222382767], [0.4572976821499733, 0.18730290045824236, 0.3553994173917844], [0.41670828407880667, 0.16155839894400928, 0.421733316977184], [0.5, 0.179030180183981, 0.320969819816019], [0.4550329204672464, 0.1439575255470471, 0.4010095539857065], [0.4583813836893553, 0.18220243604816153, 0.3594161802624832], [0.45551075083809184, 0.19470224299829372, 0.34978700616361447], [0.4475341060682163, 0.1433394878861527, 0.409126406045631], [0.4512061370073336, 0.14339131797163346, 0.4054025450210329], [0.4668576513029532, 0.16304867223249875, 0.37009367646454805], [0.4537468054817061, 0.19074730997315986, 0.35550588454513415], [0.46870272716422334, 0.1877836370146597, 0.3435136358211169], [0.478202182076264, 0.20201310332471142, 0.3197847145990246], [0.4652313727884433, 0.16578685350890074, 0.36898177370265595], [0.45018728062271346, 0.15089262103440643, 0.39892009834288017], [0.5, 0.12958574205350826, 0.37041425794649174], [0.5, 0.17582547996641762, 0.3241745200335823], [0.45175950847889473, 0.18501280507673507, 0.36322768644437026], [0.47041441327927963, 0.15718146876215788, 0.37240411795856254], [0.43818304966183785, 0.14776993171915248, 0.41404701861900967], [0.46669369100372254, 0.17281742691700872, 0.36048888207926877], [0.4599239736644298, 0.1806126416006819, 0.35946338473488826], [0.4619992786069356, 0.1754040683948393, 0.362596652998225], [0.43559315570567214, 0.1573701165217891, 0.4070367277725388], [0.4607785337183024, 0.1861057265938255, 0.3531157396878721], [0.4553810468880431, 0.18920088578846264, 0.3554180673234943], [0.47294933756994467, 0.1623039745803318, 0.36474668784972347], [0.4518571638314947, 0.15323001191885718, 0.39491282424964813], [0.5, 0.13108636222089534, 0.36891363777910463], [0.45541425124906565, 0.175975423028281, 0.36861032572265334], [0.44531317039928897, 0.15318238615844987, 0.4015044434422611]]