[[0.22576494572095784, 0.4858006471284195, 0.2884344071506226], [0.2349970453985891, 0.4665832849656373, 0.2984196696357736], [0.2346449134878648, 0.46911625096370607, 0.2962388355484291], [0.23719907591295655, 0.46150237572097674, 0.30129854836606673], [0.2280707265842992, 0.4821083673646962, 0.28982090605100475], [0.21750727125707497, 0.5, 0.28249272874292497], [0.23447660643951476, 0.4677742198749831, 0.29774917368550224], [0.21617134418703043, 0.5, 0.28382865581296957], [0.24122789770533115, 0.45493604824091977, 0.3038360540537491], [0.23135408655064527, 0.4731476115134479, 0.2954983019359068], [0.235271143578239, 0.47146737386463483, 0.29326148255712614], [0.22572974701239815, 0.4812600264375381, 0.29301022655006376], [0.23713628571004405, 0.46413810436266756, 0.29872560992728836], [0.24461649394966836, 0.45523938361122057, 0.3001441224391111], [0.22545150059505664, 0.5, 0.2745484994049433], [0.22513209067141654, 0.5, 0.27486790932858346], [0.22061909035610802, 0.5000000000000001, 0.279380909643892], [0.22629706448611278, 0.48348006702614865, 0.2902228684877387], [0.21983008294680154, 0.5, 0.2801699170531985], [0.23480396664331263, 0.46988962744395535, 0.2953064059127321], [0.2158187038252398, 0.5, 0.2841812961747602], [0.2338013994684041, 0.46926203326503624, 0.29693656726655965], [0.22070222960569352, 0.5, 0.2792977703943064], [0.23114285306579652, 0.4648384980099849, 0.3040186489242187], [0.2347306314219324, 0.4608455830849069, 0.30442378549316074], [0.23398308551855193, 0.46522860039361597, 0.3007883140878322], [0.22459766287091726, 0.4803183602749049, 0.29508397685417787], [0.22786153157605482, 0.48113965756429183, 0.2909988108596533], [0.22807289284745688, 0.4815573751281569, 0.29036973202438626], [0.23181909294699443, 0.4695226479236831, 0.2986582591293225], [0.23182261462589024, 0.4690335428727375, 0.29914384250137227], [0.22995638312497452, 0.4752711043302018, 0.2947725125448236], [0.22180281728184248, 0.5, 0.2781971827181575], [0.22382090566027468, 0.5000000000000001, 0.2761790943397254], [0.23135408655064527, 0.4731476115134479, 0.2954983019359068], [0.2337191916992347, 0.4726801655107678, 0.2936006427899975], [0.23899993330345448, 0.4667034445807745, 0.29429662211577096], [0.23135408655064527, 0.4731476115134479, 0.2954983019359068], [0.24481061068607404, 0.4513101851949292, 0.3038792041189967], [0.2212828694218385, 0.49140269559218636, 0.2873144349859752], [0.22856554585013825, 0.4806447139135155, 0.29078974023634635], [0.21267988105758384, 0.5, 0.2873201189424161], [0.2391011194088098, 0.4618177178549166, 0.2990811627362736], [0.23326639927327897, 0.46343789212340875, 0.3032957086033122], [0.21336864273195574, 0.5, 0.2866313572680443], [0.23603930728192712, 0.46329886723272495, 0.3006618254853479], [0.2338752507471624, 0.4715771241320787, 0.29454762512075877], [0.23595997978065794, 0.46545723298699915, 0.29858278723234294], [0.23530045595436738, 0.47054695371833244, 0.29415259032730023], [0.22336563418265087, 0.48832048792078636, 0.28831387789656276], [0.45781279639472694, 0.16111747560329556, 0.3810697280019776], [0.4580443515087356, 0.1166162721672559, 0.4253393763240085], [0.46707333303599524, 0.1493400144245987, 0.38358665253940605], [0.37976332706207905, 0.15744107065221336, 0.46279560228570754], [0.4584975920252196, 0.12450722392434127, 0.4169951840504392], [0.42919264922680117, 0.11368333090143495, 0.4571240198717639], [0.4467818713108036, 0.13246475261404148, 0.42075337607515506], [0.3083051153680117, 0.27110775274179005, 0.4205871318901982], [0.4646596455116703, 0.1288421437093152, 0.40649821077901444], [0.36598096792305634, 0.19614318296359387, 0.43787584911334976], [0.319362474586509, 0.2508325127447528, 0.42980501266873816], [0.4390381558280137, 0.06096184417198636, 0.5], [0.3998317411224113, 0.16948536273028397, 0.43068289614730476], [0.45002159975736783, 0.115566786416132, 0.4344116138265002], [0.3514747920391471, 0.1485252079608529, 0.5], [0.5, 0.10465167408636607, 0.39534832591363395], [0.4224539484812386, 0.10414412775647269, 0.47340192376228873], [0.41755993099891786, 0.12303075304021123, 0.4594093159608709], [0.4439756609999551, 0.1455182735795312, 0.41050606542051365], [0.3807402023842774, 0.14360360186456517, 0.4756561957511575], [0.47388451593211306, 0.10618404204254052, 0.41993144202534627], [0.45071994784092356, 0.1007513879504358, 0.4485286642086407], [0.46366569337776187, 0.1319361916192217, 0.4043981150030165], [0.4495643367521606, 0.12542259451079765, 0.42501306873704175], [0.47345198402673483, 0.10045456459315917, 0.42609345138010607], [0.48245667000303155, 0.10870114666305673, 0.40884218333391154], [0.5, 0.11714877435640515, 0.38285122564359486], [0.4615940569118095, 0.14542495550383, 0.39298098758436056], [0.4541159772941088, 0.08981462985741881, 0.45606939284847253], [0.35339644999336256, 0.19569922338840498, 0.4509043266182325], [0.355382829331214, 0.144617170668786, 0.5], [0.3427162254886278, 0.1572837745113722, 0.5], [0.40271352846762487, 0.09728647153237512, 0.5], [0.46642108127172344, 0.12525948581894714, 0.40831943290932937], [0.4002765303809674, 0.09972346961903263, 0.5], [0.43410760387992364, 0.1294720535678243, 0.436420342552252], [0.4664934465792327, 0.13402621368306908, 0.3994803397376982], [0.43411879774697704, 0.15336086880629893, 0.41252033344672406], [0.40888818667658233, 0.13610873063539364, 0.45500308268802403], [0.38737993531894993, 0.15189551446409488, 0.4607245502169552], [0.4020225216574684, 0.13144315823415814, 0.4665343201083735], [0.45621554627828254, 0.10170584164095779, 0.44207861208075966], [0.41235432936541294, 0.1085969932399386, 0.4790486773946484], [0.31051443802420564, 0.26172125569680704, 0.4277643062789873], [0.4055546790115702, 0.09444532098842975, 0.5], [0.4242621660669185, 0.1232090336145821, 0.4525288003184994], [0.42566598935161615, 0.10693163072159341, 0.4674023799267904], [0.5, 0.05836025704442253, 0.44163974295557756], [0.30084643743291767, 0.29173941600073594, 0.4074141465663464], [0.41870098188686505, 0.10700802499041412, 0.4742909931227208], [0.45907650243372783, 0.17797882778382018, 0.36294466978245193], [0.5, 0.09446704263374359, 0.40553295736625644], [0.46550099372214576, 0.17828319288850947, 0.3562158133893447], [0.47935293193502176, 0.14337705691049651, 0.3772700111544817], [0.47655992391338914, 0.1599168871552791, 0.36352318893133173], [0.47010859856889775, 0.19370428120996108, 0.33618712022114117], [0.3891607285098135, 0.1836902745933239, 0.42714899689686264], [0.46635928325311693, 0.18732750460629702, 0.346313212140586], [0.46060417604469583, 0.17252430356411105, 0.366871520391193], [0.45276260939031493, 0.19844245430661717, 0.34879493630306785], [0.47898572900377256, 0.13456913833657624, 0.3864451326596512], [0.46983470796499033, 0.14403677231296694, 0.3861285197220428], [0.48618036631084993, 0.1487528650006093, 0.36506676868854077], [0.4732862043351679, 0.11925309837383721, 0.40746069729099493], [0.4548477900591862, 0.14879822781821128, 0.3963539821226025], [0.47463033294969087, 0.14907841161507657, 0.37629125543523256], [0.4877874163199055, 0.13854053155915316, 0.3736720521209413], [0.44962134181190516, 0.21373957706007726, 0.3366390811280176], [0.45658247428368515, 0.20681112198225382, 0.33660640373406103], [0.5, 0.10850471043032396, 0.391495289569676], [0.48082776107116904, 0.16282702105740818, 0.3563452178714228], [0.465592514080172, 0.11057170276660938, 0.4238357831532186], [0.46339784895259517, 0.20012483106636048, 0.33647731998104446], [0.4747223324867836, 0.11929337490425386, 0.4059842926089624], [0.4720333284393191, 0.16456645086219715, 0.3634002206984837], [0.47668225801229874, 0.17473351842544396, 0.3485842235622573], [0.4691976327218014, 0.11374027939969177, 0.4170620878785069], [0.4842109743047223, 0.1036986002852525, 0.4120904254100253], [0.5, 0.13451007303203205, 0.36548992696796795], [0.5, 0.15428350794943663, 0.3457164920505633], [0.46833679242608134, 0.18452697052399072, 0.347136237049928], [0.4512296037182444, 0.2128155780024084, 0.33595481827934714], [0.4919155876808202, 0.14190524768401658, 0.3661791646351633], [0.5, 0.1061924425755004, 0.3938075574244996], [0.4521222329515862, 0.16016108360293127, 0.3877166834454826], [0.5, 0.17044643115319455, 0.3295535688468055], [0.48076160491993225, 0.15504747536790903, 0.3641909197121587], [0.5, 0.128362146650593, 0.37163785334940697], [0.5, 0.08238470227257146, 0.4176152977274286], [0.5, 0.13924848512699894, 0.36075151487300106], [0.5, 0.14440076523125314, 0.35559923476874683], [0.5, 0.1363730861684603, 0.3636269138315397], [0.5, 0.09446704263374359, 0.40553295736625644], [0.47601193269555714, 0.16891252733307452, 0.35507553997136837], [0.48223455716570485, 0.16245658614839326, 0.35530885668590173], [0.479457664293188, 0.14717379759157342, 0.3733685381152386], [0.5, 0.11062631894678181, 0.38937368105321823], [0.5, 0.12026853155158711, 0.3797314684484129], [0.5, 0.13272213865671487, 0.3672778613432851], [0.5, 0.09279371227002872, 0.40720628772997125]]