[[0.3661651630324538, 0.4889110842694746, 0.1449237526980716], [0.3793648778846977, 0.4732471855124498, 0.1473879366028525], [0.3739858220015307, 0.47508853645394905, 0.15092564154452018], [0.3813177202333476, 0.4690241771230757, 0.14965810264357665], [0.3655574344493333, 0.4859681332827275, 0.1484744322679392], [0.35787460642699415, 0.49999999999999994, 0.14212539357300577], [0.37444988766478243, 0.4741923441530992, 0.15135776818211844], [0.3680219002167352, 0.5, 0.13197809978326477], [0.3814957780293883, 0.4630892304148638, 0.1554149915557479], [0.37732030675859923, 0.4787027959599654, 0.14397689728143534], [0.3637303460169108, 0.4779665028651511, 0.1583031511179382], [0.3746293080451474, 0.48536650737916937, 0.14000418457568325], [0.3782797659043651, 0.4710904177653704, 0.15062981633026457], [0.37235239302153755, 0.46268527359523354, 0.16496233338322894], [0.3404219378112583, 0.5, 0.15957806218874168], [0.33657318301923755, 0.5, 0.16342681698076245], [0.351632446030629, 0.5, 0.14836755396937104], [0.36804909003409036, 0.48712290973386435, 0.14482800023204534], [0.3541205343468212, 0.5, 0.14587946565317883], [0.3661169293299085, 0.4765923969836499, 0.15729067368644165], [0.3683373078975357, 0.5, 0.1316626921024643], [0.36979303929927904, 0.4761707661845425, 0.15403619451617842], [0.35472143187845656, 0.5, 0.1452785681215434], [0.3862619341622995, 0.47314189742357743, 0.14059616841412306], [0.38476381570079854, 0.46984131219489156, 0.1453948721043099], [0.3844561263608017, 0.47263155833767084, 0.14291231530152745], [0.3775134963415972, 0.4848539507788304, 0.13763255287957238], [0.3683377812451915, 0.4854068526703203, 0.14625536608448822], [0.3681801086558099, 0.4856001177767702, 0.14621977356741986], [0.38075511775064486, 0.47587370055026607, 0.14337118169908908], [0.3826385885493629, 0.4755284540584591, 0.141832957392178], [0.3721337563748056, 0.4810438468577605, 0.14682239676743383], [0.34872804796780665, 0.5, 0.15127195203219337], [0.34283717799547003, 0.5, 0.15716282200453], [0.37732030675859923, 0.4787027959599654, 0.14397689728143534], [0.3702905251667335, 0.47807509709321266, 0.1516343777400539], [0.36406438833457005, 0.4738391793375025, 0.1620964323279274], [0.37732030675859923, 0.4787027959599654, 0.14397689728143534], [0.37918762797764083, 0.45986548988820336, 0.16094688213415587], [0.3691478659746495, 0.4933484122120545, 0.13750372181329587], [0.3671493143101505, 0.48472745198886646, 0.14812323370098282], [0.37349941763299543, 0.5, 0.12650058236700454], [0.37459720544711067, 0.46878356621274075, 0.15661922834014852], [0.38081788448677983, 0.47182140035793224, 0.1473607151552881], [0.36768906415971353, 0.49999999999999994, 0.1323109358402864], [0.38179465254771994, 0.4705322597311805, 0.14767308772109958], [0.36605281855762584, 0.47802864844327236, 0.1559185329991018], [0.3768098719370221, 0.4721538830282749, 0.15103624503470298], [0.36516871353501396, 0.47718426688942, 0.15764701957556607], [0.37002977945979026, 0.4908326074749788, 0.13913761306523098], [0.4245078094398621, 0.2080958049665456, 0.3673963855935923], [0.45903636067711323, 0.21704149840953843, 0.32392214091334826], [0.43946743982988146, 0.18097841752175006, 0.37955414264836845], [0.4582272428254014, 0.27793836744576844, 0.26383438972883005], [0.4576286159240986, 0.2009105862913337, 0.34146079778456767], [0.4539452403841811, 0.24873058889173172, 0.2973241707240871], [0.4663505746646138, 0.20213673361450651, 0.33151269172087966], [0.5, 0.32560855023897073, 0.17439144976102924], [0.45556891560435625, 0.20487590742795497, 0.33955517696768883], [0.5, 0.27916640171269586, 0.2208335982873041], [0.5, 0.305422025179476, 0.19457797482052402], [0.46565450739600744, 0.25264885866443715, 0.2816966339395553], [0.5000000000000001, 0.24844460253311818, 0.25155539746688194], [0.4625543831797404, 0.21196879574062158, 0.32547682107963805], [0.5, 0.2950186106796705, 0.2049813893203295], [0.4506946115422691, 0.2201042642491511, 0.3292011242085799], [0.45213280284090096, 0.251973611644202, 0.29589358551489703], [0.45351289233577485, 0.277055663636277, 0.269431444027948], [0.5, 0.19210965111153142, 0.30789034888846856], [0.4568678375397119, 0.28951321401940133, 0.25361894844088684], [0.4634487851068825, 0.20950022761003706, 0.32705098728308035], [0.47017596070926165, 0.2583767514266751, 0.27144728786406325], [0.4684602824273112, 0.18050502006957206, 0.3510346975031167], [0.46181677539170357, 0.21641944834343285, 0.3217637762648636], [0.48133309494855225, 0.2190646293873863, 0.2996022756640614], [0.46069334473340817, 0.21555334581114402, 0.3237533094554477], [0.44826695240478176, 0.1843496689519369, 0.36738337864328124], [0.46287530767757845, 0.15725384214879776, 0.3798708501736238], [0.4691191776559958, 0.2239374231706951, 0.3069433991733092], [0.46167622056968177, 0.316005942461622, 0.22231783696869634], [0.4568929160352776, 0.2968275479250891, 0.2462795360396334], [0.45155476818941626, 0.3080783309287516, 0.24036690088183216], [0.46312602852288837, 0.2811592009699832, 0.25571477050712854], [0.47132088203080774, 0.17994123035939177, 0.34873788760980046], [0.4434918807052154, 0.2642859458910758, 0.29222217340370893], [0.5, 0.21052320050544956, 0.2894767994945504], [0.44419899615858893, 0.19899735956740966, 0.3568036442740014], [0.4767028953249797, 0.2143982916409457, 0.30889881303407457], [0.4562788733783879, 0.2807227658223827, 0.2629983607992292], [0.46748982982774734, 0.2768055864808167, 0.255704583691436], [0.4495531023420707, 0.26462734558926554, 0.28581955206866383], [0.468816019882719, 0.2163286038912728, 0.3148553762260082], [0.4582744533929494, 0.27497844313630276, 0.2667471034707479], [0.4884232968349825, 0.3250040490895383, 0.18657265407547924], [0.4571255385668353, 0.26880794704842587, 0.2740665143847389], [0.4544860382041306, 0.2735708990007961, 0.2719430627950733], [0.45624859840905446, 0.2686484029720308, 0.27510299861891485], [0.5, 0.2169931585631987, 0.2830068414368013], [0.5000000000000001, 0.34113040461633864, 0.15886959538366138], [0.45566300356968004, 0.27408586964200854, 0.27025112678831126], [0.5, 0.0830902719687367, 0.4169097280312633], [0.5, 0.16701809963087727, 0.33298190036912273], [0.4649361127359809, 0.07523461665071055, 0.4598292706133085], [0.4713047783691353, 0.13395055195487351, 0.39474466967599126], [0.473287715070049, 0.11244165861040271, 0.4142706263195483], [0.42057774370073325, 0.12054703174375801, 0.45887522455550867], [0.49999999999999994, 0.2418847633093602, 0.25811523669063974], [0.4305449671279737, 0.09039651322096377, 0.4790585196510625], [0.5, 0.07561452590427727, 0.42438547409572275], [0.4423462421251366, 0.05765375787486339, 0.5], [0.4796367738851751, 0.145890582322675, 0.3744726437921499], [0.469712614443611, 0.14259601702707667, 0.3876913685293124], [0.4681333825312761, 0.11091796626850389, 0.42094865120022], [0.4782597220210912, 0.1901397470873764, 0.33160053089153246], [0.5, 0.1619472840643456, 0.33805271593565434], [0.4735274712830779, 0.1338232658912803, 0.3926492628256418], [0.4680968773313593, 0.1296361683331764, 0.4022669543354643], [0.40055466348566043, 0.09944533651433957, 0.5], [0.40882568229963856, 0.14746274091085482, 0.4437115767895067], [0.5, 0.1688617625845252, 0.33113823741547477], [0.5, 0.06300230676893209, 0.4369976932310679], [0.473912795564764, 0.2047417057304117, 0.32134549870482426], [0.41173759862092096, 0.13180594334500065, 0.45645645803407847], [0.4671631924402503, 0.1762379266780124, 0.3565988808817373], [0.47321507479305003, 0.0993188455558045, 0.42746607965114547], [0.44495994267878214, 0.09440920296006398, 0.46063085436115386], [0.4621276453980723, 0.19183321537189674, 0.34603913923003105], [0.46043474026624825, 0.19352881592561694, 0.34603644380813475], [0.5, 0.10277558020033488, 0.3972244197996651], [0.43740316684083613, 0.10603206624639237, 0.4565647669127715], [0.430175736290772, 0.06982426370922802, 0.5], [0.4041525985393542, 0.12422031527513033, 0.4716270861855154], [0.49120806560692754, 0.11056593298731174, 0.39822600140576075], [0.5, 0.14616034347321544, 0.3538396565267846], [0.5, 0.13257069685670012, 0.36742930314329986], [0.43207511396680864, 0.10783548764062305, 0.4600893983925683], [0.47847757577660666, 0.11409387107584701, 0.40742855314754634], [0.4662091550875992, 0.1392125046680421, 0.39457834024435867], [0.4589478420553464, 0.20570640419731426, 0.3353457537473394], [0.4680137928777277, 0.11473290950044018, 0.417253297621832], [0.4767528035317067, 0.09984712458863668, 0.4234000718796566], [0.5, 0.10964806560467535, 0.3903519343953246], [0.5, 0.16701809963087727, 0.33298190036912273], [0.4801671219391152, 0.07592872833007497, 0.4439041497308098], [0.47350355728001925, 0.08894915713537854, 0.4375472855846022], [0.47836289032440676, 0.12837043718438382, 0.3932666724912094], [0.4572652381261761, 0.17551439828397694, 0.3672203635898471], [0.5, 0.12194748515901874, 0.37805251484098124], [0.5, 0.11593445715777595, 0.3840655428422241], [0.47150550757130105, 0.1845652551072847, 0.3439292373214143]]