[[0.3543723012110474, 0.4894350563170441, 0.1561926424719085], [0.36855805771522593, 0.4744127615916515, 0.15702918069312255], [0.3636636365984553, 0.47611741765158055, 0.1602189457499642], [0.37125786025418955, 0.4702444624252263, 0.1584976773205842], [0.3540333946168034, 0.48660800471288346, 0.1593586006703131], [0.35763539616537443, 0.45803758138607864, 0.1843270224485469], [0.3636559593642486, 0.47526688881569085, 0.16107715182006063], [0.3560502577585044, 0.5, 0.1439497422414955], [0.3728735750864302, 0.46438852657755186, 0.162737898336018], [0.3667116445963704, 0.4796089484296369, 0.15367940697399265], [0.35442242603994684, 0.47028410215046584, 0.17529347180958726], [0.36320353815664475, 0.48600909142590565, 0.15078737041744966], [0.36838846860882263, 0.47225385296407535, 0.15935767842710202], [0.36583717680593236, 0.45930506661789827, 0.1748577565761693], [0.34795728015842425, 0.445807993050246, 0.20623472679132976], [0.34834598680007595, 0.43565865132330767, 0.2159953618766163], [0.3518395561661215, 0.46102252680979516, 0.18713791702408342], [0.35573107602965043, 0.4877522504590244, 0.1565166735113252], [0.35707488810626115, 0.4503043610249248, 0.192620750868814], [0.35490734565104887, 0.47484824655118507, 0.17024440779776612], [0.3636050035420945, 0.4714664809503879, 0.16492851550751755], [0.35705327420694355, 0.477337353085145, 0.16560937270791143], [0.35561732253162714, 0.46527585591598014, 0.17910682155239274], [0.3717378351139633, 0.4745836891160476, 0.15367847576998916], [0.3732531532443811, 0.47111171255857653, 0.15563513419704242], [0.3729402405541747, 0.47387120010270367, 0.1531885593431216], [0.36419091643167384, 0.4856204137050392, 0.15018866986328686], [0.3561949328559455, 0.4861108139159459, 0.15769425322810857], [0.35624913087748683, 0.48629389241201443, 0.15745697671049871], [0.3699388023462879, 0.47687882485335703, 0.15318237280035513], [0.3715739868310071, 0.47658058888130017, 0.15184542428769282], [0.3615089461174358, 0.47221831878581405, 0.16627273509675017], [0.3509079988285462, 0.45953316518163956, 0.18955883598981424], [0.34866544940917615, 0.4495862597968884, 0.20174829079393541], [0.3667116445963704, 0.4796089484296369, 0.15367940697399265], [0.3593892618933057, 0.47905688120691514, 0.16155385689977916], [0.35449853074851934, 0.46832430510430595, 0.17717716414717466], [0.3667116445963704, 0.4796089484296369, 0.15367940697399265], [0.3706276988416912, 0.46056877958681897, 0.16880352157148987], [0.3570354308319647, 0.4936694224719981, 0.14929514669603722], [0.35532493885099825, 0.48544735440040565, 0.1592277067485961], [0.3661225278908251, 0.5, 0.1338774721091749], [0.3672502871651974, 0.46346813346501764, 0.169281579369785], [0.3666493825984655, 0.47330019356840236, 0.16005042383313212], [0.3652611477592308, 0.4617033340518479, 0.17303551818892135], [0.37074156378892476, 0.4718239738066602, 0.157434462404415], [0.3556552138921926, 0.4745493972648862, 0.16979538884292114], [0.3666963467495442, 0.4732627678134648, 0.16004088543699094], [0.3543306189252178, 0.4746208436730766, 0.17104853740170547], [0.3584109423204618, 0.4912609336328286, 0.15032812404670975], [0.4259781569285163, 0.2020109551645008, 0.3720108879069829], [0.4505695379871263, 0.2143503590875795, 0.33508010292529417], [0.4359931084101899, 0.1804365275275655, 0.3835703640622446], [0.43487586076401347, 0.28388649152956336, 0.2812376477064232], [0.461578588514348, 0.19448992272053095, 0.3439314887651211], [0.44141430705392515, 0.24634517447293522, 0.31224051847313966], [0.4552726692616422, 0.20049813292519925, 0.3442291978131584], [0.4886973820993459, 0.32747302547686236, 0.18382959242379168], [0.44596073254153296, 0.20584348928521534, 0.3481957781732518], [0.44368792314434075, 0.2944216883066631, 0.26189038854899616], [0.4725191161777815, 0.31851089899354534, 0.2089699848286731], [0.4410503619771591, 0.25583765562187577, 0.3031119824009652], [0.4140777842845584, 0.285710614134847, 0.3002116015805946], [0.4642737301463181, 0.20289596063236479, 0.33283030922131707], [0.4289293944578939, 0.31301240992955404, 0.25805819561255205], [0.43688950204039156, 0.22174500618909646, 0.341365491770512], [0.44235460298124535, 0.24657267229041385, 0.31107272472834074], [0.4167544166546002, 0.28676227502227153, 0.29648330832312825], [0.4448425851099375, 0.2234988464845559, 0.3316585684055066], [0.4346047155632973, 0.2926655109364006, 0.2727297735003021], [0.46066200010135294, 0.2024840254697488, 0.33685397442889836], [0.42810325477292016, 0.272263914859873, 0.2996328303672067], [0.46397789199173206, 0.18033550260148315, 0.35568660540678465], [0.45096713243452563, 0.21531141148943786, 0.33372145607603654], [0.44157397360833534, 0.23564093871920924, 0.3227850876724554], [0.4430665962905049, 0.22008052464073594, 0.3368528790687592], [0.4431871351382181, 0.18554905388095885, 0.371263810980823], [0.45306035762647917, 0.16276015709271957, 0.38417948528080126], [0.4611708102256579, 0.22023294329753762, 0.31859624647680446], [0.4396687727217135, 0.3159506780563989, 0.24438054922188754], [0.44562284176037226, 0.295563467927185, 0.2588136903124428], [0.45047045947507647, 0.3017344833525268, 0.24779505717239675], [0.4195041711386224, 0.29359450491489514, 0.2869013239464825], [0.4661500644720569, 0.17679662749812672, 0.35705330802981633], [0.4450726640732004, 0.2519807927297114, 0.30294654319708814], [0.4437487606470154, 0.23278566631270362, 0.32346557304028095], [0.44711252433445386, 0.1921314530196761, 0.36075602264587003], [0.43837841968354035, 0.2336224655052741, 0.32799911481118543], [0.4239611735948921, 0.28480294791891725, 0.2912358784861907], [0.43534874479142294, 0.2849440830902443, 0.27970717211833274], [0.4408103845956525, 0.26067181034622666, 0.2985178050581208], [0.4593199756660307, 0.21327075072627008, 0.3274092736076992], [0.41995543672319446, 0.2865895252106309, 0.29345503806617457], [0.5, 0.3211752837467076, 0.17882471625329235], [0.43405145783055654, 0.27166961773345355, 0.2942789244359899], [0.4250480726998157, 0.27700718128654783, 0.2979447460136364], [0.42996916916611316, 0.27177372704631103, 0.29825710378757586], [0.44357279361954594, 0.2410561491791245, 0.3153710572013297], [0.46976259161974987, 0.34621470901828516, 0.18402269936196494], [0.4261057193839774, 0.27943961013314084, 0.29445467048288176], [0.4250308826147598, 0.16071853943133452, 0.4142505779539057], [0.4604807410600434, 0.18660233742372567, 0.35291692151623094], [0.44514797780486254, 0.09692160278628674, 0.4579304194088507], [0.45339393966388447, 0.14142263825662135, 0.40518342207949426], [0.4498667447676783, 0.12707686917570038, 0.4230563860566213], [0.4154494976239829, 0.11799068900651984, 0.46655981336949714], [0.5, 0.23285285581870385, 0.2671471441812962], [0.4320593812421692, 0.0679406187578308, 0.5], [0.5, 0.07496850840818543, 0.4250314915918146], [0.4111817385733835, 0.15192936820575903, 0.4368888932208575], [0.45186344270580014, 0.16422242849787871, 0.38391412879632114], [0.45628370890141007, 0.15079889773710958, 0.39291739336148035], [0.4486207741105995, 0.12844806472350132, 0.4229311611658992], [0.4527307692923898, 0.20113212394157598, 0.34613710676603404], [0.4452439944863002, 0.19601947153453667, 0.35873653397916316], [0.43909998174030995, 0.16763029433424667, 0.3932697239254434], [0.4513196689661178, 0.13837292405293827, 0.4103074069809439], [0.3966211985711456, 0.16475299590116577, 0.4386258055276887], [0.4121117723606747, 0.13974810143330296, 0.44814012620602234], [0.4461944789929222, 0.20087972253210346, 0.35292579847497435], [0.4354590168344083, 0.13188069549635273, 0.432660287669239], [0.45287280891531045, 0.2100484161292692, 0.3370787749554203], [0.4146529012940847, 0.12261961895353149, 0.46272747975238376], [0.4854267817884024, 0.16030540032757373, 0.3542678178840239], [0.43636752836787074, 0.13648569971020671, 0.4271467719219225], [0.4329015391773531, 0.10021477980136144, 0.46688368102128547], [0.5, 0.16147884377430444, 0.33852115622569556], [0.4796800454571444, 0.17350779590365448, 0.3468121586392012], [0.4572278973572793, 0.13366789320977807, 0.40910420943294257], [0.44201405413538947, 0.10192054950756299, 0.45606539635704757], [0.4373570868212214, 0.08274154570493797, 0.47990136747384066], [0.39525218638994086, 0.16632750802193758, 0.43842030558812156], [0.45356893260352393, 0.137753093170755, 0.40867797422572105], [0.46436590230525643, 0.16592251970806546, 0.36971157798667814], [0.44378186767946226, 0.16616104346727203, 0.3900570888532656], [0.41796539192313537, 0.12615887074656013, 0.4558757373303045], [0.4214529440214057, 0.17579474188016805, 0.4027523140984261], [0.443432639690355, 0.15053150552115227, 0.40603585478849274], [0.47678803659036206, 0.18631627125644776, 0.33689569215319015], [0.43892746087228995, 0.14052102789734514, 0.42055151123036494], [0.4373061676613262, 0.14309697582459308, 0.41959685651408063], [0.4307375734559338, 0.1685362368035408, 0.40072618974052554], [0.4604807410600434, 0.18660233742372567, 0.35291692151623094], [0.4371804937622209, 0.12522435773786997, 0.43759514849990916], [0.4270741200952322, 0.15287055389346804, 0.4200553260112997], [0.43837528343597004, 0.16126419823687016, 0.40036051832715996], [0.46915654147305486, 0.16552263659996633, 0.3653208219269788], [0.45477141010764044, 0.1537543605078636, 0.39147422938449605], [0.4312370251605589, 0.17959596755519014, 0.38916700728425097], [0.4632207805446467, 0.1815791512510834, 0.35520006820426986]]