[[0.21005493103108597, 0.48873946660245315, 0.3012056023664608], [0.21715790782325906, 0.473326805028227, 0.30951528714851395], [0.21813688999007272, 0.4750693938957504, 0.3067937161141769], [0.21940584884210756, 0.46905127903699473, 0.3115428721208977], [0.21240677290724877, 0.4857234709716215, 0.30186975612112976], [0.23037911647619416, 0.45399452601239115, 0.3156263575114147], [0.21846129799041333, 0.4739964208339741, 0.30754228117561266], [0.20154857018021, 0.5, 0.29845142981979], [0.22409355056003333, 0.46334797120391746, 0.3125584782360492], [0.21343306523754252, 0.4786782185568197, 0.30788871620563774], [0.22312228053281413, 0.4679261136443559, 0.30895160582283], [0.20939111954153175, 0.48518920002675087, 0.30541968043171736], [0.21892513504186228, 0.4711898836345789, 0.3098849813235588], [0.23077272173667615, 0.4581623478126631, 0.3110649304506608], [0.24490629087073923, 0.441505727156756, 0.3135879819725047], [0.2522267987692543, 0.4294098068707223, 0.3183633943600234], [0.23210778400274543, 0.4578463449178092, 0.3100458710794453], [0.21084449676511496, 0.4869172459108624, 0.3022382573240227], [0.23599835916591724, 0.4454908926838862, 0.3185107481501966], [0.22011323352321208, 0.4728859547872462, 0.3070008116895418], [0.2178824893048368, 0.4692732762552558, 0.3128442344399075], [0.21754237702327095, 0.4755602637611131, 0.30689735921561595], [0.2295268918545664, 0.4636028689726862, 0.30687023917274725], [0.21363456883463544, 0.472737403172124, 0.31362802799324063], [0.21528906095660574, 0.4692809647825462, 0.3154299742608482], [0.2149478135989077, 0.4726378227489872, 0.3124143636521051], [0.20879546454594328, 0.48462224306191654, 0.30658229239214013], [0.21112818715301934, 0.4851302310986556, 0.30374158174832505], [0.2115792046077297, 0.48540646679151367, 0.30301432860075667], [0.2142834177095326, 0.47577827951836266, 0.30993830277210477], [0.21382795812623828, 0.47549952318336863, 0.3106725186903931], [0.21929016235763785, 0.47009321842814916, 0.310616619214213], [0.23290696787079465, 0.456329943524226, 0.31076308860497937], [0.24145553882905502, 0.4453182374355497, 0.3132262237353952], [0.21343306523754252, 0.4786782185568197, 0.30788871620563774], [0.21725268356792535, 0.4780290845427264, 0.30471823188934827], [0.22538813722491036, 0.4661119321172712, 0.3084999306578185], [0.21343306523754252, 0.4786782185568197, 0.30788871620563774], [0.2276793807003683, 0.4593250056691386, 0.31299561363049316], [0.20559028698306486, 0.4932546475952, 0.3011550654217352], [0.21336892887410702, 0.4845308916416537, 0.3021001794842394], [0.202865765008107, 0.5, 0.29713423499189306], [0.22655620797605822, 0.4620967312222777, 0.3113470608016641], [0.2170922155382912, 0.4712421062485271, 0.3116656782131817], [0.22416993625112452, 0.4581201667837451, 0.31770989696513025], [0.21856969545190733, 0.47064435511278674, 0.3107859494353059], [0.21954130000588296, 0.47255733749926465, 0.30790136249485245], [0.21901666525613878, 0.4721198707940955, 0.3088634639497657], [0.2200736134707643, 0.4726530279742039, 0.3072733585550319], [0.20776865428615998, 0.49076345055921045, 0.3014678951546295], [0.4259245724880536, 0.19041551849806407, 0.38365990901388225], [0.41728952309850526, 0.1685043831859541, 0.4142060937155407], [0.4434815713371091, 0.17417091995368314, 0.38234750870920775], [0.32824731943324076, 0.22262143435967702, 0.44913124620708217], [0.4267094407140401, 0.1609568904672975, 0.4123336688186624], [0.3715204950192101, 0.16836727911412172, 0.46011222586666817], [0.4331067092105408, 0.1606146577137171, 0.40627863307574213], [0.2765301391283979, 0.3242017980405224, 0.3992680628310797], [0.4175885195414636, 0.17380596304536614, 0.40860551741317025], [0.3151680592531554, 0.23741652971737853, 0.4474154110294662], [0.2882742844524556, 0.31132427266905865, 0.4004014428784857], [0.3673790291379244, 0.1703061809749255, 0.46231478988715], [0.337676226431839, 0.2282929949517897, 0.4340307786163713], [0.4157746774315168, 0.15430502700228935, 0.42992029556619377], [0.30259950768982125, 0.24954092501926511, 0.44785956729091364], [0.4100744773341942, 0.18565855202496073, 0.40426697064084516], [0.37777737038964004, 0.1713084188765259, 0.45091421073383403], [0.33034102510747326, 0.20334665306795083, 0.46631232182457594], [0.39541087402204284, 0.18222641745497592, 0.4223627085229812], [0.3147710389327897, 0.22687945387910677, 0.4583495071881036], [0.42990921201391685, 0.157821013173676, 0.4122697748124071], [0.3503665913127718, 0.19190642413810827, 0.4577269845491199], [0.4318733565342347, 0.15936678267117332, 0.40875986079459203], [0.40244796867872534, 0.1655758491407309, 0.4319761821805438], [0.39035737880104177, 0.17977027734713236, 0.4298723438518258], [0.409052324507931, 0.17915257698325288, 0.4117950985088161], [0.43397151247343535, 0.17312435825230676, 0.39290412927425794], [0.46575110934262853, 0.15201493209331673, 0.38223395856405473], [0.40006302158054496, 0.15467471582869755, 0.4452622625907575], [0.29444242841342155, 0.2719999387858644, 0.433557632800714], [0.30892042093470823, 0.24509232042555149, 0.4459872586397403], [0.30164105876292907, 0.26033266267436805, 0.43802627856270293], [0.32153765400409906, 0.2061412649014845, 0.47232108109441645], [0.4390240629029197, 0.15411821953649246, 0.4068577175605878], [0.36798820534629356, 0.18631836787882933, 0.4456934267748771], [0.403319179742616, 0.17524714066147393, 0.42143367959591], [0.43632658444757355, 0.16847550378358941, 0.395197911768837], [0.3862518277777223, 0.18761329139610705, 0.4261348808261706], [0.33223101569858504, 0.19144779124512432, 0.4763211930562906], [0.3243556689633696, 0.2124983279591405, 0.4631460030774898], [0.3496778723014746, 0.19115070563217965, 0.4591714220663457], [0.40875597384090817, 0.15721334807941237, 0.43403067807967943], [0.3292213007748186, 0.1981251770413439, 0.4726535221838375], [0.27780434105749674, 0.3215645784826625, 0.4006310804598407], [0.3381850079861417, 0.1799442668577516, 0.48187072515610674], [0.34088524931097847, 0.18492657166866167, 0.47418817902035987], [0.34249959286071974, 0.1727265462013893, 0.4847738609378909], [0.38187054038633905, 0.17281277365645947, 0.4453166859572015], [0.26933638608627086, 0.3379370717197694, 0.39272654219395986], [0.32906373539231365, 0.17093626460768638, 0.5], [0.44422849753058496, 0.1948627696855105, 0.3609087327839045], [0.4361947806543931, 0.160570625541232, 0.40323459380437493], [0.4552082755038759, 0.18865469334861293, 0.3561370311475113], [0.4632913449390171, 0.16108546596765433, 0.3756231890933286], [0.4590128502062754, 0.17661684273717534, 0.36437030705654927], [0.4595181494786271, 0.20104403234785867, 0.33943781817351426], [0.3547971788683775, 0.2260137046019812, 0.4191891165296413], [0.44580252470626236, 0.20199760954137821, 0.3521998657523594], [0.4471743119714101, 0.1836205851356788, 0.3692051028929111], [0.5, 0.17010524738258415, 0.3298947526174158], [0.4814799411152123, 0.1438558487223156, 0.3746642101624721], [0.4725526857920246, 0.1476109745367142, 0.3798363396712613], [0.46970843532909196, 0.16664788441164885, 0.3636436802592591], [0.42273839915042494, 0.1717176178230355, 0.4055439830265396], [0.43721147318412884, 0.17460550739031813, 0.38818301942555306], [0.4711458808794589, 0.1598149526494286, 0.3690391664711125], [0.4728491772503124, 0.15516563975857683, 0.3719851829911108], [0.5, 0.1818266357721728, 0.3181733642278272], [0.44575624361553506, 0.21372681427631984, 0.3405169421081451], [0.41342569597671797, 0.17744412687606925, 0.4091301771472128], [0.4581360006005103, 0.1836258289267932, 0.3582381704726967], [0.41889153947751534, 0.17042968277435114, 0.4106787777481335], [0.45158839803492706, 0.20763579095619983, 0.34077581100887316], [0.4550329204672464, 0.1439575255470471, 0.4010095539857065], [0.4591737713351045, 0.1787334365438929, 0.3620927921210026], [0.45264900346913917, 0.19329656956554767, 0.35405442696531314], [0.4475341060682163, 0.1433394878861527, 0.409126406045631], [0.4512061370073336, 0.14339131797163346, 0.4054025450210329], [0.4668576513029532, 0.16304867223249875, 0.37009367646454805], [0.4397881852998729, 0.19775096504862458, 0.3624608496515025], [0.4446066348134069, 0.20164815003120232, 0.35374521515539076], [0.47897684096544507, 0.19483388718624042, 0.3261892718483146], [0.4652464524297395, 0.16571494942516096, 0.36903859814509954], [0.4501872806227134, 0.15089262103440643, 0.39892009834288017], [0.43423640637557404, 0.17830528751808103, 0.38745830610634496], [0.4578297990831202, 0.19943560932007207, 0.3427345915968077], [0.45253832727336885, 0.1820258651582414, 0.3654358075683898], [0.4706478828368465, 0.15594109829676792, 0.3734110188663856], [0.43818304966183785, 0.14776993171915248, 0.41404701861900967], [0.46733354381340786, 0.16949740378902414, 0.36316905239756797], [0.4605231324291279, 0.17791238268967624, 0.36156448488119586], [0.4628243565693771, 0.17159566618430735, 0.3655799772463155], [0.4361947806543931, 0.160570625541232, 0.40323459380437493], [0.461444857850484, 0.18294402081067046, 0.3556111213388455], [0.45624727440066787, 0.18552776032826393, 0.3582249652710683], [0.47334056974340444, 0.15995658153957332, 0.36670284871702225], [0.4518571638314947, 0.15323001191885718, 0.39491282424964813], [0.5, 0.1298491242387061, 0.3701508757612939], [0.4561073551034415, 0.17323981249367565, 0.37065283240288277], [0.44531317039928897, 0.15318238615844987, 0.4015044434422611]]