[[0.18822025371006582, 0.4855982301499097, 0.3261815161400245], [0.19383612834772962, 0.4648162386814267, 0.34134763297084364], [0.19533359154797927, 0.46775865522008536, 0.33690775323193545], [0.19591007150832954, 0.4594510716917201, 0.3446388567999504], [0.19161526276084448, 0.4818910246903439, 0.3264937125488116], [0.18795074689846364, 0.5, 0.3120492531015364], [0.1953806763781145, 0.4666861019710993, 0.33793322165078626], [0.17420754518722856, 0.5, 0.3257924548127714], [0.20207139100270252, 0.4520084228787331, 0.3459201861185644], [0.18966163737803182, 0.47194506433965344, 0.33839329828231474], [0.2046575490926096, 0.47151464459353876, 0.32382780631385166], [0.183994752170525, 0.4807685330526429, 0.3352367147768321], [0.19682738311879275, 0.4622239636419419, 0.3409486532392654], [0.2091278536137754, 0.45269496689838024, 0.3381771794878443], [0.20264515367453723, 0.5, 0.2973548463254628], [0.20683622962200457, 0.5, 0.2931637703779954], [0.19129914865023842, 0.5, 0.30870085134976155], [0.18836119399598217, 0.4832522433932865, 0.32838656261073146], [0.19328122242694512, 0.5, 0.3067187775730549], [0.20238563375487773, 0.4698814782840175, 0.32773288796110484], [0.17706251134496065, 0.5, 0.3229374886550393], [0.19933141396802295, 0.469163644394559, 0.33150494163741806], [0.1841036851287583, 0.5, 0.3158963148712417], [0.18831650799061028, 0.46402587534570794, 0.34765761666368183], [0.19255639177330028, 0.46005878322721827, 0.3473848249994814], [0.19076781112034, 0.46346698534215514, 0.3457652035375049], [0.18248203081313433, 0.47991840038676686, 0.33759956880009884], [0.1910204593088967, 0.48094025689240355, 0.32803928379869973], [0.19027536652559246, 0.481261475099419, 0.3284631583749885], [0.18916057699089844, 0.468168325946107, 0.34267109706299453], [0.1883748711120794, 0.4674982148196727, 0.344126914068248], [0.1931626748654672, 0.47506088085515724, 0.33177644427937547], [0.19412228808213214, 0.5, 0.30587771191786783], [0.20039603380283674, 0.5, 0.29960396619716323], [0.18966163737803182, 0.47194506433965344, 0.33839329828231474], [0.19575699957350298, 0.4716953815293077, 0.3325476188971893], [0.20777448670693016, 0.4664671763164649, 0.3257583369766049], [0.18966163737803182, 0.47194506433965344, 0.33839329828231474], [0.206914531744256, 0.4484027695569433, 0.3446826986988007], [0.18080039073705628, 0.4912539845814844, 0.32794562468145927], [0.1908464319176428, 0.4803223895307359, 0.32883117855162125], [0.1708749631546075, 0.5, 0.32912503684539246], [0.20093936704976767, 0.45994993390505107, 0.33911069904518126], [0.19350398680378245, 0.46299779512102823, 0.3434982180751892], [0.17765796817160068, 0.5, 0.3223420318283993], [0.1944154924808494, 0.46120494719064686, 0.3443795603285037], [0.20146272188975778, 0.471610762344457, 0.3269265157657851], [0.19600940953891663, 0.4638623103724185, 0.3401282800886648], [0.20361683088197738, 0.4705312077403502, 0.3258519613776724], [0.18247531162914538, 0.4879772063716108, 0.32954748199924383], [0.4528566228708512, 0.18232426521308076, 0.36481911191606803], [0.4529813458024482, 0.1491933620422423, 0.39782529215530943], [0.455159122894641, 0.17557337576736778, 0.3692675013379911], [0.39344430520666696, 0.16884952024959354, 0.4377061745437395], [0.47334368152670153, 0.13160234924875808, 0.3950539692245405], [0.40633699752436797, 0.1416322768841402, 0.4520307255914918], [0.4522640370919229, 0.15498390625714428, 0.3927520566509328], [0.27276599393778755, 0.24461102481591585, 0.48262298124629666], [0.5, 0.11874590666078176, 0.38125409333921817], [0.33105058957187916, 0.16894941042812084, 0.5], [0.3119856355531126, 0.22904246239054807, 0.45897190205633925], [0.4000055144005156, 0.1457825075142877, 0.45421197808519664], [0.3954738594382635, 0.1045261405617365, 0.5], [0.44858592678144815, 0.13386000757955074, 0.4175540656390011], [0.3129666519255136, 0.1870333480744864, 0.5], [0.465385075417911, 0.15402387209232424, 0.38059105248976466], [0.4154922885952291, 0.14426368720164012, 0.44024402420313075], [0.3828232697607567, 0.1600938720764814, 0.4570828581627619], [0.5, 0.08870266457921595, 0.4112973354207841], [0.3751695607780051, 0.17860425859195508, 0.4462261806300399], [0.4676827151470508, 0.13675985207163416, 0.39555743278131494], [0.39870618784436135, 0.15433479121251906, 0.4469590209431197], [0.4576912804498767, 0.14548795444254425, 0.3968207651075791], [0.4411328459240312, 0.13985725861641007, 0.4190098954595589], [0.45608754246096744, 0.13341037847076598, 0.4105020790682666], [0.471999370360171, 0.139418274652901, 0.3885823549869281], [0.46978873351812855, 0.15514133749642303, 0.3750699289854484], [0.4497973387222096, 0.17226601838889005, 0.3779366428889003], [0.43760789182007426, 0.12815916480265505, 0.4342329433772707], [0.33408387806208584, 0.22350644860108476, 0.4424096733368294], [0.3678307693137352, 0.19655181038652844, 0.4356174202997364], [0.3570701725188954, 0.21489625554112743, 0.4280335719399771], [0.37501432814888463, 0.16064392168369068, 0.4643417501674247], [0.45933430690580124, 0.14522565270933946, 0.3954400403848593], [0.4018954693199127, 0.16361793605666886, 0.43448659462341843], [0.43200786784290357, 0.16151263178422184, 0.4064795003728746], [0.4683193525841347, 0.15396958791441065, 0.37771105950145467], [0.4677318915233379, 0.10442179253581585, 0.42784631594084627], [0.36128825886316607, 0.1677617185873884, 0.4709500225494455], [0.38240380798530843, 0.1647696432064867, 0.4528265488082049], [0.3970010563224154, 0.15345791488873375, 0.4495410287888508], [0.4422555879651291, 0.13607274345527973, 0.4216716685795912], [0.39077504514490025, 0.14479618841105435, 0.4644287664440454], [0.2733870675876523, 0.2266129324123477, 0.5], [0.38630235436586186, 0.13659030463341723, 0.47710734100072083], [0.3715291774333633, 0.16009815276077413, 0.46837266980586273], [0.37630957051797287, 0.14244432400197907, 0.4812461054800481], [0.43716371173855195, 0.13166999328283252, 0.4311662949786155], [0.24436333322705944, 0.25563666677294056, 0.5], [0.37315512797763944, 0.12684487202236053, 0.5], [0.5, 0.16432220179298732, 0.33567779820701266], [0.4553009498164397, 0.14890424823342313, 0.39579480195013717], [0.5, 0.1667612427465932, 0.3332387572534068], [0.4583414901256508, 0.1727111216707398, 0.3689473882036094], [0.4693758307067918, 0.1776604713388336, 0.35296369795437454], [0.5, 0.18323333890439547, 0.31676666109560453], [0.3583697511365028, 0.14163024886349715, 0.5], [0.5, 0.17422928111585279, 0.3257707188841472], [0.5, 0.15383216747891645, 0.3461678325210836], [0.5, 0.1796444418859967, 0.3203555581140033], [0.4553901597251988, 0.17218596145903609, 0.3724238788157651], [0.45351406524081567, 0.16920965625663703, 0.37727627850254736], [0.49999999999999994, 0.15414944252302248, 0.34585055747697746], [0.45079872872048676, 0.14293750075922693, 0.40626377052028645], [0.5, 0.12505957109417737, 0.3749404289058226], [0.45889576980773744, 0.1776526702585262, 0.36345155993373635], [0.4663813658288628, 0.16832643128543573, 0.36529220288570147], [0.5, 0.19152139263932574, 0.3084786073606743], [0.5, 0.18636249256388654, 0.3136375074361135], [0.5, 0.11443551577464812, 0.38556448422535194], [0.4752538476594635, 0.18065144428237215, 0.34409470805816433], [0.45081392654530117, 0.14065542060101419, 0.40853065285368456], [0.4858571295963204, 0.19343647683983692, 0.32070639356384273], [0.46514507013353734, 0.143366940238764, 0.3914879896276986], [0.4731643448713476, 0.178131914135341, 0.34870374099331136], [0.5, 0.1706607940614248, 0.3293392059385752], [0.4744139388450384, 0.1295171328780974, 0.39606892827686413], [0.5, 0.1136377574284858, 0.38636224257151425], [0.46573260729322624, 0.17174430342393937, 0.3625230892828344], [0.4761655010861413, 0.18178489180568358, 0.342049607108175], [0.4835412291798454, 0.18395976197288058, 0.33249900884727396], [0.5, 0.19216307961672452, 0.3078369203832755], [0.46542334035233207, 0.1734714226713145, 0.3611052369763535], [0.4573190008904641, 0.15288286494335343, 0.38979813416618253], [0.5, 0.1374068691938251, 0.3625931308061749], [0.5, 0.18116417302428994, 0.31883582697571006], [0.469080600908904, 0.17991825486309454, 0.3510011442280015], [0.45963056602995245, 0.17261103171655973, 0.3677584022534878], [0.4843289390993938, 0.11902880620373774, 0.3966422546968683], [0.48663686120483085, 0.16494299968831597, 0.3484201391068533], [0.47537462613590153, 0.1762598335211174, 0.34836554034298106], [0.46408550389552045, 0.17977639543613522, 0.35613810066834434], [0.4553009498164397, 0.14890424823342313, 0.39579480195013717], [0.47273823897000844, 0.18386865512172784, 0.3433931059082639], [0.46642185223608934, 0.18745255158844332, 0.3461255961754673], [0.47069539808929994, 0.17049770682935853, 0.35880689508134156], [0.4511707622338824, 0.16045298692326754, 0.3883762508428501], [0.4635839515873576, 0.16530167753970101, 0.37111437087294136], [0.45101901381788745, 0.18627760741068597, 0.36270337877142655], [0.4723116426848447, 0.1405842177341483, 0.3871041395810068]]