[[0.3138569732823143, 0.4896852165007947, 0.19645781021689102], [0.3209498494384605, 0.4756092544276052, 0.20344089613393432], [0.3186608889925517, 0.4771534194907027, 0.20418569151674565], [0.3233836299379664, 0.4717187467302105, 0.20489762333182313], [0.3145857132916625, 0.4869088520703697, 0.1985054346379677], [0.32709251728706257, 0.45892156404979595, 0.21398591866314148], [0.3201492886797657, 0.4762244922767535, 0.20362621904348077], [0.31200301534189756, 0.5, 0.18799698465810244], [0.3238563934777533, 0.4664341965576033, 0.20970940996464338], [0.319600732737981, 0.48049543360054303, 0.19990383366147596], [0.320346246981524, 0.4704331234506465, 0.2092206295678296], [0.3185462402709513, 0.48649772035985545, 0.19495603936919317], [0.32103007936938877, 0.473586211319333, 0.20538370931127825], [0.31988372143641125, 0.46577870798740145, 0.2143375705761873], [0.30083923181851724, 0.5, 0.19916076818148282], [0.314640456514432, 0.46844229561389, 0.21691724787167796], [0.3165906253641817, 0.4732080985010249, 0.21020127613479345], [0.3151299476910007, 0.48804175041133446, 0.19682830189766484], [0.3230200699710852, 0.465291380125703, 0.21168854990321184], [0.3195624080895393, 0.47511041205449, 0.20532717985597068], [0.32431746066750855, 0.47186827932089853, 0.20381426001159295], [0.31987652053777965, 0.47765843203161873, 0.2024650474306016], [0.304906776466238, 0.5, 0.195093223533762], [0.3267251789663332, 0.4753468746164075, 0.1979279464172594], [0.3281956006544953, 0.4720560123576405, 0.19974838698786412], [0.3239648055218294, 0.47506081482329515, 0.20097437965487552], [0.320133243782264, 0.4860480345288858, 0.1938187216888503], [0.31622300265384573, 0.4863850213333978, 0.1973919760127564], [0.31521026836976096, 0.4866290842873557, 0.19816064734288327], [0.3223647517095773, 0.47791847485199873, 0.19971677343842398], [0.3228199738519567, 0.4776774149297312, 0.199502611218312], [0.32247665830485556, 0.4726725417817809, 0.2048507999133635], [0.32081947328205146, 0.4619455124167729, 0.21723501430117556], [0.3126014907478916, 0.47646678773741985, 0.21093172151468845], [0.319600732737981, 0.48049543360054303, 0.19990383366147596], [0.31622127955952867, 0.4798276647489995, 0.20395105569147184], [0.31907726622649096, 0.4686945530958164, 0.21222818067769264], [0.319600732737981, 0.48049543360054303, 0.19990383366147596], [0.3237789684188583, 0.46333661445315394, 0.21288441712798778], [0.3141518103458884, 0.49384257477526966, 0.19200561487884188], [0.31478649103981377, 0.4858363689730524, 0.1993771399871339], [0.3097594838118791, 0.5, 0.1902405161881209], [0.3204113638752446, 0.471356543435313, 0.2082320926894423], [0.3252168272581335, 0.4739448629617399, 0.20083830978012668], [0.33069640797493516, 0.461805587954063, 0.20749800407100188], [0.32249698267731386, 0.47321272617808946, 0.20429029114459668], [0.32030995653010064, 0.4747833628996267, 0.20490668057027275], [0.3208365071296647, 0.47447951091727053, 0.20468398195306467], [0.3190937940012607, 0.47483202673819497, 0.2060741792605445], [0.3141579295002117, 0.49156134627832576, 0.19428072422146264], [0.421813342167324, 0.17323339549279568, 0.40495326233988027], [0.4291639517499825, 0.20052818013313548, 0.370307868116882], [0.43833332846707485, 0.1444912689463357, 0.41717540258658936], [0.44685176076618527, 0.2606987483592699, 0.29244949087454475], [0.4321696983967924, 0.18621611568874846, 0.3816141859144591], [0.47206127752224, 0.20617813758326986, 0.32176058489449016], [0.4378901251514533, 0.18488347805795521, 0.3772263967905915], [0.4044083245064856, 0.34576372899712166, 0.24982794649639262], [0.42231101937466775, 0.19249815588718128, 0.385190824738151], [0.44953025628579224, 0.2753075173489017, 0.2751622263653061], [0.4040092811140271, 0.33329760130056374, 0.2626931175854091], [0.47281790673784585, 0.21419278775489128, 0.3129893055072629], [0.43291703864978104, 0.2568222288414785, 0.3102607325087405], [0.44455798300956617, 0.189892650544342, 0.3655493664460918], [0.44794727552763003, 0.2864071911403334, 0.26564553333203655], [0.41614501793031683, 0.20687858460756856, 0.37697639746211464], [0.4666088094363038, 0.2113383558859191, 0.32205283467777707], [0.465481970816658, 0.23969957473298262, 0.29481845445035937], [0.427628004384292, 0.21417458302703607, 0.35819741258867194], [0.4536805165632188, 0.26472620357775406, 0.28159327985902716], [0.4377380157972364, 0.1960407596426452, 0.3662212245601184], [0.4591085845225979, 0.23185705683524405, 0.30903435864215806], [0.4352957074238708, 0.17647853711935374, 0.38822575545677557], [0.4439869455890983, 0.1942759581178012, 0.3617370962931005], [0.4389568561235462, 0.21031828305790706, 0.35072486081854687], [0.42245776985297223, 0.20525509953595875, 0.372287130611069], [0.43180314873125836, 0.16238982053506204, 0.40580703073367963], [0.46285668363093074, 0.12260618604334172, 0.41453713032572753], [0.45885091997558053, 0.19685462057213896, 0.3442944594522805], [0.43245998036974875, 0.3017963318258635, 0.2657436878043878], [0.44308666509012273, 0.27957560171692025, 0.277337733192957], [0.43619478674973694, 0.29145805396567037, 0.27234715928459274], [0.46547330996833963, 0.24959222002715628, 0.2849344700045041], [0.44228062644001265, 0.17259085067636212, 0.38512852288362526], [0.460169670738059, 0.22442257482221392, 0.3154077544397273], [0.43983999187655953, 0.21148273659885486, 0.3486772715245856], [0.43628169146816453, 0.16824176224085727, 0.3954765462909782], [0.430150792465397, 0.21649752704361144, 0.3533516804909915], [0.4840824226156046, 0.2322249015497062, 0.28369267583468916], [0.4588488514041064, 0.25481373490338693, 0.2863374136925066], [0.46409038876612757, 0.22836041194904239, 0.30754919928483004], [0.4492733023396061, 0.19341003927610817, 0.3573166583842857], [0.46577053799329066, 0.2418756595377269, 0.29235380246898246], [0.40490380189058156, 0.3434931678685949, 0.25160303024082353], [0.47997631155379944, 0.22618017874663585, 0.29384350969956474], [0.48680956560083644, 0.22112289595868398, 0.2920675384404796], [0.5, 0.21080910818584486, 0.2891908918141552], [0.4546140315258556, 0.208299566976608, 0.3370864014975364], [0.3983267648359351, 0.35838557032374546, 0.24328766484031947], [0.4869221838565712, 0.22536586098799657, 0.28771195515543224], [0.42964791476365594, 0.1364363622915815, 0.43391572294476266], [0.4400811548348412, 0.18124525953687626, 0.37867358562828246], [0.4249126293018276, 0.07508737069817241, 0.5], [0.4585221881219944, 0.11705398190256805, 0.42442382997543754], [0.44931343195300033, 0.10008972352682684, 0.45059684452017285], [0.3860989132649398, 0.1139010867350602, 0.5], [0.42868243282208063, 0.2582004404760069, 0.31311712670191244], [0.4009585527094994, 0.09904144729050066, 0.5], [0.4362963800209674, 0.11847133911824222, 0.44523228086079036], [0.4009916513750925, 0.09900834862490748, 0.5], [0.4798490778967989, 0.11249404796427873, 0.4076568741389224], [0.4700535708346582, 0.1155254787510774, 0.41442095041426436], [0.46198257038410817, 0.0816264121919031, 0.4563910174239887], [0.42911805988115076, 0.19882461792572645, 0.3720573221931229], [0.4379423976279783, 0.1783934412789389, 0.3836641610930829], [0.46727707153999537, 0.11420236323584988, 0.41852056522415476], [0.468487798874909, 0.09977309656684977, 0.4317391045582412], [0.37325589064822273, 0.12674410935177727, 0.5], [0.3753170681861045, 0.12468293181389553, 0.5], [0.41995912240493566, 0.20178616565790014, 0.37825471193716415], [0.44077983154261613, 0.09145554516899576, 0.46776462328838814], [0.4279227146351459, 0.2071263139574272, 0.36495097140742677], [0.3806361064158933, 0.11936389358410672, 0.5], [0.456567890556862, 0.15611118450370473, 0.3873209249394333], [0.4486201332359255, 0.09568557356560013, 0.4556942931984744], [0.41355094917964386, 0.08644905082035614, 0.5], [0.45149649530534597, 0.17027561092918247, 0.3782278937654715], [0.4544365311754797, 0.16700056995702853, 0.3785628988674917], [0.4610759691319249, 0.10426751878843807, 0.43465651207963707], [0.41694025057048323, 0.08305974942951679, 0.5], [0.40834316649415897, 0.11042213877981093, 0.48123469472603003], [0.37283775750101544, 0.12716224249898456, 0.5], [0.4590371519090456, 0.10598935351590369, 0.43497349457505063], [0.4500051585468406, 0.14961623698321316, 0.4003786044699463], [0.4306088478375253, 0.16056041780227104, 0.4088307343602037], [0.3948801567425681, 0.10511984325743191, 0.5], [0.4448878589542488, 0.13077080175333353, 0.42434133929241763], [0.4665727194890564, 0.10817295203636747, 0.4252543284745761], [0.4447240695939377, 0.1850403548750419, 0.37023557553102043], [0.459300754469361, 0.08822572504129857, 0.4524735204893405], [0.45064892966953907, 0.09734979919782863, 0.4520012711326324], [0.4564389796852286, 0.11518815717335312, 0.4283728631414182], [0.4400811548348412, 0.18124525953687626, 0.37867358562828246], [0.4347405725430448, 0.09719234103142262, 0.4680670864255325], [0.4393812902322384, 0.11185087024413837, 0.44876783952362326], [0.46886467999503445, 0.10286620728781391, 0.4282691127171517], [0.45222243225631864, 0.15586101867714774, 0.39191654906653367], [0.5, 0.08707478227383522, 0.41292521772616475], [0.45129298927645406, 0.13739911335016605, 0.4113078973733798], [0.44814605937398344, 0.17114824378185087, 0.3807056968441657]]