[[0.36203277134778905, 0.48856869402045533, 0.1493985346317556], [0.37620890319368233, 0.47254729642579196, 0.1512438003805257], [0.37056414528619436, 0.47441211276802453, 0.1550237419457811], [0.37804884566034896, 0.46817100780429305, 0.15378014653535796], [0.36133399500258945, 0.4855273298871478, 0.15313867511026275], [0.3645208608634286, 0.4593936416441396, 0.17608549749243177], [0.37075270489932155, 0.4734323637863804, 0.15581493131429808], [0.36381369699051386, 0.5000000000000001, 0.1361863030094862], [0.37856363502274065, 0.4621759494101087, 0.15926041556715065], [0.37389583914751257, 0.4781083081232678, 0.14799585272921958], [0.36214844404963825, 0.46782820194173924, 0.17002335400862256], [0.3706345055492362, 0.4849002268479377, 0.14446526760282608], [0.3751269638523544, 0.4703416006860301, 0.1545314354616155], [0.3693675445281902, 0.461812724492862, 0.16881973097894784], [0.3354143487165799, 0.5, 0.16458565128342012], [0.33134690990670174, 0.5, 0.16865309009329824], [0.3556226684196806, 0.47093900789821025, 0.1734383236821091], [0.36396134538391106, 0.48672398670363387, 0.1493146679124551], [0.36013770015825874, 0.4627913034166339, 0.17707099642510746], [0.36257536937742485, 0.4727561743771797, 0.16466845624539547], [0.372370309169957, 0.46904525316134155, 0.15858443766870137], [0.3655337729834927, 0.4753912759608635, 0.15907495105564384], [0.3505248606022376, 0.5, 0.14947513939776239], [0.3826348107736076, 0.47228538864339614, 0.14507980058299622], [0.380886366007515, 0.4688265372308392, 0.15028709676164567], [0.38126057424634585, 0.4718746399579347, 0.14686478579571946], [0.3735535648940899, 0.48436428608251686, 0.1420821490233932], [0.36419320052617576, 0.48494747656664866, 0.15085932290717555], [0.36424864751560715, 0.4851706486214945, 0.15058070386289832], [0.37721973138022874, 0.47515840117108765, 0.1476218674486836], [0.3792557567919118, 0.47482308487670055, 0.14592115833138766], [0.3711564041240767, 0.4697985952966249, 0.15904500057929843], [0.3556270946950698, 0.46075734054663814, 0.18361556475829208], [0.3445319131152391, 0.4778769288284697, 0.17759115805629103], [0.37389583914751257, 0.4781083081232678, 0.14799585272921958], [0.3668639042464724, 0.47749589244319257, 0.155640203310335], [0.3623656722701349, 0.4658044763509486, 0.1718298513789165], [0.37389583914751257, 0.4781083081232678, 0.14799585272921958], [0.37620607051803423, 0.4588750007022999, 0.16491892877966585], [0.3650425975626077, 0.49313972969083186, 0.1418176727465603], [0.36316670706568477, 0.48426961046524364, 0.15256368246907162], [0.37090298932882626, 0.5, 0.12909701067117374], [0.37125862313728536, 0.4679524951509709, 0.16078888171174366], [0.3769446673855671, 0.4709056435470055, 0.1521496890674274], [0.3739127627043167, 0.45834452012847915, 0.16774271716720415], [0.37869436229107317, 0.4697593797387784, 0.15154625797014848], [0.3629077342630988, 0.47245886859729197, 0.16463339713960926], [0.37339483268474005, 0.4713819414451517, 0.15522322587010826], [0.3619868553822132, 0.47251923758298703, 0.16549390703479983], [0.366182201692609, 0.4905612202640032, 0.1432565780433879], [0.4698335819828251, 0.15520910696834533, 0.3749573110488296], [0.4758382982498593, 0.18180903591087297, 0.3423526658392677], [0.4740679668282017, 0.13441351097979481, 0.39151852219200345], [0.47417469079637753, 0.25609092613173734, 0.26973438307188513], [0.4722071194588708, 0.17220892409891414, 0.35558395644221497], [0.5, 0.1999321535536889, 0.30006784644631107], [0.5, 0.1524626920283535, 0.3475373079716465], [0.46910956440679524, 0.32782449667267266, 0.20306593892053207], [0.4779222281148402, 0.1690788212214939, 0.352998950663666], [0.5, 0.2582415754303899, 0.24175842456961008], [0.5, 0.30190625762815304, 0.198093742371847], [0.5, 0.20813517313355837, 0.29186482686644166], [0.46052539811593485, 0.253876569506124, 0.2855980323779411], [0.5, 0.16434353154345074, 0.33565646845654923], [0.5, 0.27053726304789816, 0.22946273695210187], [0.5, 0.16583505417438152, 0.33416494582561845], [0.5, 0.19948957659291336, 0.30051042340708667], [0.4785404237995195, 0.2441296098507723, 0.27732996634970813], [0.5, 0.18061915509363854, 0.3193808449063615], [0.5, 0.25167311508680174, 0.2483268849131982], [0.5, 0.15936511807941903, 0.34063488192058095], [0.4709440744406007, 0.23674159436153738, 0.292314331197862], [0.5, 0.14445698487872483, 0.35554301512127523], [0.5, 0.17033692255348604, 0.3296630774465139], [0.5, 0.1847920946307544, 0.31520790536924553], [0.5, 0.1680211798421542, 0.33197882015784574], [0.46955611536115704, 0.15221942319421478, 0.3782244614446282], [0.466742609502308, 0.13460087395620277, 0.39865651654148915], [0.5, 0.18138983522985785, 0.3186101647701421], [0.5, 0.2810033131958909, 0.2189966868041091], [0.4878693346917297, 0.26745163405902483, 0.24467903124924545], [0.5, 0.27122982406716356, 0.22877017593283647], [0.5, 0.24234319431436316, 0.2576568056856368], [0.5, 0.14117207577159366, 0.3588279242284063], [0.4830185710076067, 0.21826688488185741, 0.29871454411053583], [0.46724395544323233, 0.20273615632132178, 0.3300198882354458], [0.4999999999999999, 0.13763677664369106, 0.3623632233563089], [0.4776075756010977, 0.20052935287730092, 0.32186307152160143], [0.484613890652555, 0.24116557778961648, 0.27422053155782844], [0.47933303160346585, 0.2537246485255281, 0.2669423198710061], [0.4777962200349755, 0.23066269684987412, 0.29154108311515037], [0.5, 0.1712472346628737, 0.32875276533712633], [0.5, 0.2347395356636744, 0.2652604643363256], [0.4710295772075611, 0.325066764808302, 0.20390365798413693], [0.5, 0.22540316119338014, 0.2745968388066199], [0.5, 0.22401422184321484, 0.2759857781567851], [0.5, 0.2213436979104695, 0.2786563020895305], [0.5, 0.19279515173414455, 0.3072048482658555], [0.5, 0.3291074372746637, 0.17089256272533632], [0.4874074229021283, 0.23555588094469573, 0.2770366961531759], [0.4305973830219079, 0.14805491366036477, 0.4213477033177273], [0.4710254323375153, 0.16885810385820563, 0.36011646380427903], [0.4278914966820971, 0.10222350455564277, 0.46988499876226014], [0.45932206855291685, 0.12443891886300168, 0.41623901258408147], [0.450738741589205, 0.11580955391032366, 0.4334517045004713], [0.3835139160102531, 0.1164860839897469, 0.5], [0.44614979452824377, 0.2543442109715204, 0.29950599450023585], [0.39921374683183386, 0.1007862531681662, 0.5], [0.4378534750227469, 0.12779696882484512, 0.43434955615240795], [0.40822243330410557, 0.14572761317622407, 0.44604995351967036], [0.47995070655170935, 0.1238419121472519, 0.3962073813010387], [0.47100133507786096, 0.12769358071910544, 0.4013050842030336], [0.4628558493755071, 0.099763782649169, 0.43738036797532387], [0.4584397799141232, 0.18908436678461255, 0.35247585330126424], [0.4432473929081158, 0.18748641799723176, 0.3692661890946524], [0.46789599455849123, 0.1294802752487546, 0.40262373019275416], [0.4687995560847268, 0.10762561125601688, 0.4235748326592564], [0.37539523106229417, 0.14918117683177307, 0.47542359210593277], [0.37359820435714913, 0.1264017956428509, 0.5], [0.46574237935321, 0.1819192812179326, 0.3523383394288574], [0.44170491344767393, 0.1103149609584136, 0.4479801255939124], [0.45773583661334877, 0.1960112527020916, 0.3462529106845597], [0.38236872128931554, 0.13374580050465007, 0.4838854782060344], [0.4694679380985897, 0.1581164064006779, 0.37241565550073236], [0.4484436019674393, 0.10631805779932892, 0.4452383402332317], [0.41113558756582086, 0.08886441243417915, 0.5], [0.4642985980665041, 0.17138760568735878, 0.36431379624613713], [0.4741565224978665, 0.16095651290961363, 0.36488696459251985], [0.46255087866390854, 0.11926261553555294, 0.4181865058005385], [0.41978894713891174, 0.1078590803833438, 0.47235197247774446], [0.40674824141502697, 0.11234359986127075, 0.48090815872370224], [0.36856831576813665, 0.13143168423186335, 0.5], [0.46071990336726876, 0.12242039036456516, 0.41685970626816604], [0.4713377657430795, 0.1468396535644006, 0.3818225806925199], [0.4566025467335886, 0.15055291186805123, 0.3928445413983602], [0.39963736220840085, 0.1362982266517973, 0.4640644111398019], [0.44537112381691385, 0.14329972750811648, 0.4113291486749696], [0.4667483309181856, 0.1147012914281393, 0.4185503776536751], [0.48057184657086005, 0.16789789346698797, 0.351530259962152], [0.4596923077885122, 0.10403974951815309, 0.4362679426933347], [0.4520221195804913, 0.11763852632304045, 0.43033935409646834], [0.45695068602258193, 0.13227981829804303, 0.410769495679375], [0.4710254323375153, 0.16885810385820563, 0.36011646380427903], [0.43570091600889665, 0.11375295102513366, 0.4505461329659697], [0.44019265288906934, 0.12886692301895705, 0.43094042409197364], [0.469690777316077, 0.12162464374446313, 0.40868457893945986], [0.4663813985170327, 0.15754424201220757, 0.37607435947075973], [0.5, 0.10107212404025877, 0.3989278759597412], [0.45169651093888546, 0.14895694144964414, 0.3993465476114704], [0.4700290711681146, 0.16244942347613062, 0.3675215053557548]]